inst/processing_geotop_simulation/geotop_simulation/out/maps3D/PwL0006N0267.asc
ncols         104
nrows         10
xllcorner     -2.000000
yllcorner     0.000000
cellsize      1.000000
NODATA_value  -9999.0
-9999.0 -9999.0 -9999.0 -9999.0 -9999.0 -9999.0 -9999.0 -9999.0 -9999.0 -9999.0 -9999.0 -9999.0 -9999.0 -9999.0 -9999.0 -9999.0 -9999.0 -9999.0 -9999.0 -9999.0 -9999.0 -9999.0 -9999.0 -9999.0 -9999.0 -9999.0 -9999.0 -9999.0 -9999.0 -9999.0 -9999.0 -9999.0 -9999.0 -9999.0 -9999.0 -9999.0 -9999.0 -9999.0 -9999.0 -9999.0 -9999.0 -9999.0 -9999.0 -9999.0 -9999.0 -9999.0 -9999.0 -9999.0 -9999.0 -9999.0 -9999.0 -9999.0 -9999.0 -9999.0 -9999.0 -9999.0 -9999.0 -9999.0 -9999.0 -9999.0 -9999.0 -9999.0 -9999.0 -9999.0 -9999.0 -9999.0 -9999.0 -9999.0 -9999.0 -9999.0 -9999.0 -9999.0 -9999.0 -9999.0 -9999.0 -9999.0 -9999.0 -9999.0 -9999.0 -9999.0 -9999.0 -9999.0 -9999.0 -9999.0 -9999.0 -9999.0 -9999.0 -9999.0 -9999.0 -9999.0 -9999.0 -9999.0 -9999.0 -9999.0 -9999.0 -9999.0 -9999.0 -9999.0 -9999.0 -9999.0 -9999.0 -9999.0 -9999.0 -9999.0
-9999.0 -9999.0 -9999.0 -9999.0 -9999.0 -9999.0 -9999.0 -9999.0 -9999.0 -9999.0 -9999.0 -9999.0 -9999.0 -9999.0 -9999.0 -9999.0 -9999.0 -9999.0 -9999.0 -9999.0 -9999.0 -9999.0 -9999.0 -9999.0 -9999.0 -9999.0 -9999.0 -9999.0 -9999.0 -9999.0 -9999.0 -9999.0 -9999.0 -9999.0 -9999.0 -9999.0 -9999.0 -9999.0 -9999.0 -9999.0 -9999.0 -9999.0 -9999.0 -9999.0 -9999.0 -9999.0 -9999.0 -9999.0 -9999.0 -9999.0 -9999.0 -9999.0 -9999.0 -9999.0 -9999.0 -9999.0 -9999.0 -9999.0 -9999.0 -9999.0 -9999.0 -9999.0 -9999.0 -9999.0 -9999.0 -9999.0 -9999.0 -9999.0 -9999.0 -9999.0 -9999.0 -9999.0 -9999.0 -9999.0 -9999.0 -9999.0 -9999.0 -9999.0 -9999.0 -9999.0 -9999.0 -9999.0 -9999.0 -9999.0 -9999.0 -9999.0 -9999.0 -9999.0 -9999.0 -9999.0 -9999.0 -9999.0 -9999.0 -9999.0 -9999.0 -9999.0 -9999.0 -9999.0 -9999.0 -9999.0 -9999.0 -9999.0 -9999.0 -9999.0
-9999.0 -9999.0 276.437858 180.452332 82.786966 -15.443572 -113.891725 -212.428741 -310.981909 -409.499262 -507.913939 -606.065514 -703.627247 -800.971288 -898.049294 -995.096813 -1092.003986 -1186.925767 -1279.743799 -1369.294659 -1452.851116 -1526.649920 -1587.903181 -1635.970412 -1672.055374 -1698.283132 -1716.915398 -1729.932567 -1738.906714 -1745.023021 -1749.149662 -1751.909747 -1753.742674 -1754.953251 -1755.750107 -1756.276397 -1756.638499 -1756.957927 -1757.578800 -1759.870554 -1766.862716 -1754.278909 -1145.062178 -1172.303107 -1153.554683 -1141.528996 -1135.925434 -1135.116102 -1135.031431 -1135.040353 -1135.062800 -1135.086897 -1135.110047 -1135.131480 -1135.151351 -1135.174268 -1135.244361 -1135.720072 -1138.670558 -1145.286474 -1154.552360 -1114.730298 -1728.097766 -1760.715498 -1758.541545 -1757.583317 -1757.395874 -1757.365368 -1757.361102 -1757.361110 -1757.361734 -1757.362333 -1757.362811 -1757.363178 -1757.363460 -1757.363680 -1757.363854 -1757.363995 -1757.364113 -1757.364219 -1757.364324 -1757.364441 -1757.364588 -1757.364792 -1757.365093 -1757.365556 -1757.366286 -1757.367454 -1757.369357 -1757.372515 -1757.377876 -1757.387227 -1757.404023 -1757.435103 -1757.494230 -1757.609701 -1757.842019 -1758.329147 -1759.412741 -1762.022807 -1769.068629 -1791.851543 -9999.0 -9999.0
-9999.0 -9999.0 276.446361 180.454287 82.787477 -15.443422 -113.891678 -212.428725 -310.981903 -409.499260 -507.913938 -606.065514 -703.627247 -800.971288 -898.049294 -995.096813 -1092.003986 -1186.925767 -1279.743800 -1369.294659 -1452.851116 -1526.649920 -1587.903181 -1635.970413 -1672.055374 -1698.283132 -1716.915399 -1729.932567 -1738.906714 -1745.023021 -1749.149662 -1751.909747 -1753.742674 -1754.953251 -1755.750107 -1756.276397 -1756.638499 -1756.957927 -1757.578800 -1759.870554 -1766.862716 -1754.278909 -1145.062178 -1172.303107 -1153.554683 -1141.528995 -1135.925434 -1135.116102 -1135.031431 -1135.040353 -1135.062800 -1135.086897 -1135.110047 -1135.131480 -1135.151351 -1135.174268 -1135.244361 -1135.720072 -1138.670558 -1145.286474 -1154.552360 -1114.730298 -1728.097766 -1760.715498 -1758.541545 -1757.583317 -1757.395874 -1757.365368 -1757.361102 -1757.361110 -1757.361734 -1757.362333 -1757.362811 -1757.363178 -1757.363460 -1757.363680 -1757.363854 -1757.363995 -1757.364113 -1757.364219 -1757.364324 -1757.364441 -1757.364588 -1757.364792 -1757.365093 -1757.365556 -1757.366286 -1757.367454 -1757.369357 -1757.372515 -1757.377876 -1757.387227 -1757.404023 -1757.435103 -1757.494230 -1757.609701 -1757.842019 -1758.329147 -1759.412741 -1762.022807 -1769.068629 -1791.851543 -9999.0 -9999.0
-9999.0 -9999.0 276.447834 180.455104 82.787802 -15.443304 -113.891636 -212.428710 -310.981898 -409.499258 -507.913938 -606.065513 -703.627246 -800.971288 -898.049294 -995.096813 -1092.003986 -1186.925767 -1279.743800 -1369.294659 -1452.851116 -1526.649920 -1587.903181 -1635.970413 -1672.055374 -1698.283132 -1716.915399 -1729.932567 -1738.906714 -1745.023021 -1749.149662 -1751.909747 -1753.742674 -1754.953251 -1755.750107 -1756.276397 -1756.638499 -1756.957927 -1757.578800 -1759.870554 -1766.862716 -1754.278909 -1145.062178 -1172.303107 -1153.554682 -1141.528995 -1135.925434 -1135.116102 -1135.031431 -1135.040353 -1135.062800 -1135.086897 -1135.110047 -1135.131480 -1135.151351 -1135.174268 -1135.244361 -1135.720072 -1138.670558 -1145.286474 -1154.552360 -1114.730298 -1728.097766 -1760.715498 -1758.541545 -1757.583317 -1757.395874 -1757.365368 -1757.361102 -1757.361110 -1757.361734 -1757.362333 -1757.362811 -1757.363178 -1757.363460 -1757.363680 -1757.363854 -1757.363995 -1757.364113 -1757.364219 -1757.364324 -1757.364441 -1757.364588 -1757.364792 -1757.365093 -1757.365556 -1757.366286 -1757.367454 -1757.369357 -1757.372515 -1757.377876 -1757.387227 -1757.404023 -1757.435103 -1757.494230 -1757.609701 -1757.842019 -1758.329147 -1759.412741 -1762.022807 -1769.068629 -1791.851543 -9999.0 -9999.0
-9999.0 -9999.0 276.447834 180.455104 82.787802 -15.443304 -113.891636 -212.428710 -310.981898 -409.499258 -507.913938 -606.065513 -703.627246 -800.971288 -898.049294 -995.096813 -1092.003986 -1186.925767 -1279.743800 -1369.294659 -1452.851116 -1526.649920 -1587.903181 -1635.970413 -1672.055374 -1698.283132 -1716.915399 -1729.932567 -1738.906714 -1745.023021 -1749.149662 -1751.909747 -1753.742674 -1754.953251 -1755.750107 -1756.276397 -1756.638499 -1756.957927 -1757.578800 -1759.870554 -1766.862716 -1754.278909 -1145.062178 -1172.303107 -1153.554682 -1141.528995 -1135.925434 -1135.116102 -1135.031431 -1135.040353 -1135.062800 -1135.086897 -1135.110047 -1135.131480 -1135.151351 -1135.174268 -1135.244361 -1135.720072 -1138.670558 -1145.286474 -1154.552360 -1114.730298 -1728.097766 -1760.715498 -1758.541545 -1757.583317 -1757.395874 -1757.365368 -1757.361102 -1757.361110 -1757.361734 -1757.362333 -1757.362811 -1757.363178 -1757.363460 -1757.363680 -1757.363854 -1757.363995 -1757.364113 -1757.364219 -1757.364324 -1757.364441 -1757.364588 -1757.364792 -1757.365093 -1757.365556 -1757.366286 -1757.367454 -1757.369357 -1757.372515 -1757.377876 -1757.387227 -1757.404023 -1757.435103 -1757.494230 -1757.609701 -1757.842019 -1758.329147 -1759.412741 -1762.022807 -1769.068629 -1791.851543 -9999.0 -9999.0
-9999.0 -9999.0 276.446361 180.454286 82.787477 -15.443422 -113.891678 -212.428725 -310.981903 -409.499260 -507.913938 -606.065514 -703.627247 -800.971288 -898.049294 -995.096813 -1092.003986 -1186.925767 -1279.743799 -1369.294659 -1452.851116 -1526.649920 -1587.903181 -1635.970413 -1672.055374 -1698.283132 -1716.915399 -1729.932567 -1738.906714 -1745.023021 -1749.149662 -1751.909747 -1753.742674 -1754.953251 -1755.750107 -1756.276397 -1756.638499 -1756.957927 -1757.578800 -1759.870554 -1766.862716 -1754.278909 -1145.062178 -1172.303107 -1153.554683 -1141.528995 -1135.925434 -1135.116102 -1135.031431 -1135.040353 -1135.062800 -1135.086897 -1135.110047 -1135.131480 -1135.151351 -1135.174268 -1135.244361 -1135.720072 -1138.670558 -1145.286474 -1154.552360 -1114.730298 -1728.097766 -1760.715498 -1758.541545 -1757.583317 -1757.395874 -1757.365368 -1757.361102 -1757.361110 -1757.361734 -1757.362333 -1757.362811 -1757.363178 -1757.363460 -1757.363680 -1757.363854 -1757.363995 -1757.364113 -1757.364219 -1757.364324 -1757.364441 -1757.364588 -1757.364792 -1757.365093 -1757.365556 -1757.366286 -1757.367454 -1757.369357 -1757.372515 -1757.377876 -1757.387227 -1757.404023 -1757.435103 -1757.494230 -1757.609701 -1757.842019 -1758.329147 -1759.412741 -1762.022807 -1769.068629 -1791.851543 -9999.0 -9999.0
-9999.0 -9999.0 276.437858 180.452332 82.786966 -15.443572 -113.891726 -212.428741 -310.981909 -409.499262 -507.913939 -606.065514 -703.627247 -800.971288 -898.049294 -995.096813 -1092.003986 -1186.925767 -1279.743799 -1369.294659 -1452.851116 -1526.649920 -1587.903181 -1635.970412 -1672.055374 -1698.283132 -1716.915398 -1729.932567 -1738.906714 -1745.023021 -1749.149662 -1751.909747 -1753.742674 -1754.953251 -1755.750107 -1756.276397 -1756.638499 -1756.957927 -1757.578800 -1759.870554 -1766.862716 -1754.278909 -1145.062178 -1172.303107 -1153.554683 -1141.528996 -1135.925434 -1135.116102 -1135.031431 -1135.040353 -1135.062800 -1135.086897 -1135.110047 -1135.131480 -1135.151351 -1135.174268 -1135.244361 -1135.720072 -1138.670558 -1145.286474 -1154.552360 -1114.730298 -1728.097766 -1760.715498 -1758.541545 -1757.583317 -1757.395874 -1757.365368 -1757.361102 -1757.361110 -1757.361734 -1757.362333 -1757.362811 -1757.363178 -1757.363460 -1757.363680 -1757.363854 -1757.363995 -1757.364113 -1757.364219 -1757.364324 -1757.364441 -1757.364588 -1757.364792 -1757.365093 -1757.365556 -1757.366286 -1757.367454 -1757.369357 -1757.372515 -1757.377876 -1757.387227 -1757.404023 -1757.435103 -1757.494230 -1757.609701 -1757.842019 -1758.329147 -1759.412741 -1762.022807 -1769.068629 -1791.851543 -9999.0 -9999.0
-9999.0 -9999.0 -9999.0 -9999.0 -9999.0 -9999.0 -9999.0 -9999.0 -9999.0 -9999.0 -9999.0 -9999.0 -9999.0 -9999.0 -9999.0 -9999.0 -9999.0 -9999.0 -9999.0 -9999.0 -9999.0 -9999.0 -9999.0 -9999.0 -9999.0 -9999.0 -9999.0 -9999.0 -9999.0 -9999.0 -9999.0 -9999.0 -9999.0 -9999.0 -9999.0 -9999.0 -9999.0 -9999.0 -9999.0 -9999.0 -9999.0 -9999.0 -9999.0 -9999.0 -9999.0 -9999.0 -9999.0 -9999.0 -9999.0 -9999.0 -9999.0 -9999.0 -9999.0 -9999.0 -9999.0 -9999.0 -9999.0 -9999.0 -9999.0 -9999.0 -9999.0 -9999.0 -9999.0 -9999.0 -9999.0 -9999.0 -9999.0 -9999.0 -9999.0 -9999.0 -9999.0 -9999.0 -9999.0 -9999.0 -9999.0 -9999.0 -9999.0 -9999.0 -9999.0 -9999.0 -9999.0 -9999.0 -9999.0 -9999.0 -9999.0 -9999.0 -9999.0 -9999.0 -9999.0 -9999.0 -9999.0 -9999.0 -9999.0 -9999.0 -9999.0 -9999.0 -9999.0 -9999.0 -9999.0 -9999.0 -9999.0 -9999.0 -9999.0 -9999.0
-9999.0 -9999.0 -9999.0 -9999.0 -9999.0 -9999.0 -9999.0 -9999.0 -9999.0 -9999.0 -9999.0 -9999.0 -9999.0 -9999.0 -9999.0 -9999.0 -9999.0 -9999.0 -9999.0 -9999.0 -9999.0 -9999.0 -9999.0 -9999.0 -9999.0 -9999.0 -9999.0 -9999.0 -9999.0 -9999.0 -9999.0 -9999.0 -9999.0 -9999.0 -9999.0 -9999.0 -9999.0 -9999.0 -9999.0 -9999.0 -9999.0 -9999.0 -9999.0 -9999.0 -9999.0 -9999.0 -9999.0 -9999.0 -9999.0 -9999.0 -9999.0 -9999.0 -9999.0 -9999.0 -9999.0 -9999.0 -9999.0 -9999.0 -9999.0 -9999.0 -9999.0 -9999.0 -9999.0 -9999.0 -9999.0 -9999.0 -9999.0 -9999.0 -9999.0 -9999.0 -9999.0 -9999.0 -9999.0 -9999.0 -9999.0 -9999.0 -9999.0 -9999.0 -9999.0 -9999.0 -9999.0 -9999.0 -9999.0 -9999.0 -9999.0 -9999.0 -9999.0 -9999.0 -9999.0 -9999.0 -9999.0 -9999.0 -9999.0 -9999.0 -9999.0 -9999.0 -9999.0 -9999.0 -9999.0 -9999.0 -9999.0 -9999.0 -9999.0 -9999.0