inst/processing_geotop_simulation/geotop_simulation/out/maps3D/PwL0004N0282.asc
ncols         104
nrows         10
xllcorner     -2.000000
yllcorner     0.000000
cellsize      1.000000
NODATA_value  -9999.0
-9999.0 -9999.0 -9999.0 -9999.0 -9999.0 -9999.0 -9999.0 -9999.0 -9999.0 -9999.0 -9999.0 -9999.0 -9999.0 -9999.0 -9999.0 -9999.0 -9999.0 -9999.0 -9999.0 -9999.0 -9999.0 -9999.0 -9999.0 -9999.0 -9999.0 -9999.0 -9999.0 -9999.0 -9999.0 -9999.0 -9999.0 -9999.0 -9999.0 -9999.0 -9999.0 -9999.0 -9999.0 -9999.0 -9999.0 -9999.0 -9999.0 -9999.0 -9999.0 -9999.0 -9999.0 -9999.0 -9999.0 -9999.0 -9999.0 -9999.0 -9999.0 -9999.0 -9999.0 -9999.0 -9999.0 -9999.0 -9999.0 -9999.0 -9999.0 -9999.0 -9999.0 -9999.0 -9999.0 -9999.0 -9999.0 -9999.0 -9999.0 -9999.0 -9999.0 -9999.0 -9999.0 -9999.0 -9999.0 -9999.0 -9999.0 -9999.0 -9999.0 -9999.0 -9999.0 -9999.0 -9999.0 -9999.0 -9999.0 -9999.0 -9999.0 -9999.0 -9999.0 -9999.0 -9999.0 -9999.0 -9999.0 -9999.0 -9999.0 -9999.0 -9999.0 -9999.0 -9999.0 -9999.0 -9999.0 -9999.0 -9999.0 -9999.0 -9999.0 -9999.0
-9999.0 -9999.0 -9999.0 -9999.0 -9999.0 -9999.0 -9999.0 -9999.0 -9999.0 -9999.0 -9999.0 -9999.0 -9999.0 -9999.0 -9999.0 -9999.0 -9999.0 -9999.0 -9999.0 -9999.0 -9999.0 -9999.0 -9999.0 -9999.0 -9999.0 -9999.0 -9999.0 -9999.0 -9999.0 -9999.0 -9999.0 -9999.0 -9999.0 -9999.0 -9999.0 -9999.0 -9999.0 -9999.0 -9999.0 -9999.0 -9999.0 -9999.0 -9999.0 -9999.0 -9999.0 -9999.0 -9999.0 -9999.0 -9999.0 -9999.0 -9999.0 -9999.0 -9999.0 -9999.0 -9999.0 -9999.0 -9999.0 -9999.0 -9999.0 -9999.0 -9999.0 -9999.0 -9999.0 -9999.0 -9999.0 -9999.0 -9999.0 -9999.0 -9999.0 -9999.0 -9999.0 -9999.0 -9999.0 -9999.0 -9999.0 -9999.0 -9999.0 -9999.0 -9999.0 -9999.0 -9999.0 -9999.0 -9999.0 -9999.0 -9999.0 -9999.0 -9999.0 -9999.0 -9999.0 -9999.0 -9999.0 -9999.0 -9999.0 -9999.0 -9999.0 -9999.0 -9999.0 -9999.0 -9999.0 -9999.0 -9999.0 -9999.0 -9999.0 -9999.0
-9999.0 -9999.0 176.549709 80.585240 -17.269465 -115.662181 -214.260497 -312.934160 -411.612034 -510.243940 -608.742607 -706.882364 -804.783383 -902.271364 -999.556057 -1096.994127 -1193.347112 -1288.222612 -1380.896931 -1470.154393 -1553.262812 -1626.400174 -1686.741872 -1733.734822 -1768.738736 -1794.005172 -1811.855434 -1824.275380 -1832.813692 -1838.622447 -1842.537470 -1845.154684 -1846.892503 -1848.040403 -1848.796254 -1849.295874 -1849.640886 -1849.950707 -1850.568451 -1852.800964 -1858.690104 -1831.818295 -1141.463307 -1148.287541 -1135.105654 -1126.577569 -1122.581502 -1121.984444 -1121.921164 -1121.927857 -1121.944735 -1121.962864 -1121.980286 -1121.996419 -1122.011388 -1122.028748 -1122.082146 -1122.438756 -1124.564354 -1129.304460 -1135.979056 -1119.769119 -1807.818868 -1852.752332 -1851.457901 -1850.549326 -1850.361843 -1850.330775 -1850.326374 -1850.326334 -1850.326927 -1850.327504 -1850.327966 -1850.328320 -1850.328592 -1850.328804 -1850.328972 -1850.329108 -1850.329222 -1850.329325 -1850.329426 -1850.329539 -1850.329681 -1850.329879 -1850.330171 -1850.330621 -1850.331328 -1850.332462 -1850.334309 -1850.337376 -1850.342587 -1850.351680 -1850.368024 -1850.398287 -1850.455892 -1850.568468 -1850.795183 -1851.271253 -1852.332551 -1854.898843 -1861.876489 -1884.635815 -9999.0 -9999.0
-9999.0 -9999.0 176.559511 80.587248 -17.268954 -115.662032 -214.260450 -312.934144 -411.612028 -510.243938 -608.742606 -706.882364 -804.783383 -902.271364 -999.556057 -1096.994127 -1193.347112 -1288.222612 -1380.896931 -1470.154393 -1553.262812 -1626.400174 -1686.741872 -1733.734822 -1768.738736 -1794.005172 -1811.855434 -1824.275381 -1832.813692 -1838.622447 -1842.537470 -1845.154684 -1846.892503 -1848.040403 -1848.796254 -1849.295874 -1849.640886 -1849.950707 -1850.568451 -1852.800964 -1858.690104 -1831.818295 -1141.463307 -1148.287541 -1135.105654 -1126.577569 -1122.581502 -1121.984444 -1121.921164 -1121.927857 -1121.944735 -1121.962864 -1121.980286 -1121.996419 -1122.011388 -1122.028748 -1122.082146 -1122.438756 -1124.564354 -1129.304460 -1135.979056 -1119.769119 -1807.818868 -1852.752332 -1851.457901 -1850.549326 -1850.361843 -1850.330775 -1850.326374 -1850.326334 -1850.326927 -1850.327504 -1850.327966 -1850.328320 -1850.328592 -1850.328804 -1850.328972 -1850.329108 -1850.329222 -1850.329325 -1850.329426 -1850.329539 -1850.329681 -1850.329879 -1850.330171 -1850.330621 -1850.331328 -1850.332462 -1850.334309 -1850.337376 -1850.342587 -1850.351680 -1850.368024 -1850.398287 -1850.455892 -1850.568468 -1850.795183 -1851.271253 -1852.332551 -1854.898843 -1861.876489 -1884.635815 -9999.0 -9999.0
-9999.0 -9999.0 176.560893 80.588066 -17.268631 -115.661915 -214.260408 -312.934129 -411.612023 -510.243936 -608.742605 -706.882364 -804.783383 -902.271364 -999.556057 -1096.994127 -1193.347112 -1288.222612 -1380.896932 -1470.154394 -1553.262812 -1626.400174 -1686.741872 -1733.734823 -1768.738736 -1794.005172 -1811.855434 -1824.275381 -1832.813692 -1838.622447 -1842.537470 -1845.154684 -1846.892503 -1848.040403 -1848.796254 -1849.295874 -1849.640886 -1849.950707 -1850.568451 -1852.800964 -1858.690104 -1831.818295 -1141.463307 -1148.287541 -1135.105654 -1126.577569 -1122.581502 -1121.984444 -1121.921164 -1121.927857 -1121.944735 -1121.962864 -1121.980286 -1121.996419 -1122.011388 -1122.028748 -1122.082146 -1122.438756 -1124.564354 -1129.304460 -1135.979056 -1119.769119 -1807.818868 -1852.752332 -1851.457901 -1850.549326 -1850.361843 -1850.330775 -1850.326374 -1850.326334 -1850.326927 -1850.327504 -1850.327966 -1850.328320 -1850.328592 -1850.328804 -1850.328972 -1850.329108 -1850.329222 -1850.329325 -1850.329426 -1850.329539 -1850.329681 -1850.329879 -1850.330171 -1850.330621 -1850.331328 -1850.332462 -1850.334309 -1850.337376 -1850.342587 -1850.351680 -1850.368024 -1850.398287 -1850.455892 -1850.568468 -1850.795183 -1851.271253 -1852.332551 -1854.898843 -1861.876489 -1884.635815 -9999.0 -9999.0
-9999.0 -9999.0 176.560893 80.588066 -17.268631 -115.661915 -214.260408 -312.934129 -411.612023 -510.243936 -608.742605 -706.882364 -804.783383 -902.271364 -999.556057 -1096.994127 -1193.347112 -1288.222612 -1380.896932 -1470.154394 -1553.262812 -1626.400174 -1686.741872 -1733.734823 -1768.738736 -1794.005172 -1811.855434 -1824.275381 -1832.813692 -1838.622447 -1842.537470 -1845.154684 -1846.892503 -1848.040403 -1848.796254 -1849.295874 -1849.640886 -1849.950707 -1850.568451 -1852.800964 -1858.690104 -1831.818295 -1141.463307 -1148.287541 -1135.105654 -1126.577569 -1122.581502 -1121.984444 -1121.921164 -1121.927857 -1121.944735 -1121.962864 -1121.980286 -1121.996419 -1122.011388 -1122.028748 -1122.082146 -1122.438756 -1124.564354 -1129.304460 -1135.979056 -1119.769119 -1807.818868 -1852.752332 -1851.457901 -1850.549326 -1850.361843 -1850.330775 -1850.326374 -1850.326334 -1850.326927 -1850.327504 -1850.327966 -1850.328320 -1850.328592 -1850.328804 -1850.328972 -1850.329108 -1850.329222 -1850.329325 -1850.329426 -1850.329539 -1850.329681 -1850.329879 -1850.330171 -1850.330621 -1850.331328 -1850.332462 -1850.334309 -1850.337376 -1850.342587 -1850.351680 -1850.368024 -1850.398287 -1850.455892 -1850.568468 -1850.795183 -1851.271253 -1852.332551 -1854.898843 -1861.876489 -1884.635815 -9999.0 -9999.0
-9999.0 -9999.0 176.559511 80.587248 -17.268954 -115.662032 -214.260450 -312.934144 -411.612028 -510.243938 -608.742606 -706.882364 -804.783383 -902.271364 -999.556057 -1096.994127 -1193.347112 -1288.222612 -1380.896931 -1470.154393 -1553.262812 -1626.400174 -1686.741872 -1733.734822 -1768.738736 -1794.005172 -1811.855434 -1824.275381 -1832.813692 -1838.622447 -1842.537470 -1845.154684 -1846.892503 -1848.040403 -1848.796254 -1849.295874 -1849.640886 -1849.950707 -1850.568451 -1852.800964 -1858.690104 -1831.818295 -1141.463307 -1148.287541 -1135.105654 -1126.577569 -1122.581502 -1121.984444 -1121.921164 -1121.927857 -1121.944735 -1121.962864 -1121.980286 -1121.996419 -1122.011388 -1122.028748 -1122.082146 -1122.438756 -1124.564354 -1129.304460 -1135.979056 -1119.769119 -1807.818868 -1852.752332 -1851.457901 -1850.549326 -1850.361843 -1850.330775 -1850.326374 -1850.326334 -1850.326927 -1850.327504 -1850.327966 -1850.328320 -1850.328592 -1850.328804 -1850.328972 -1850.329108 -1850.329222 -1850.329325 -1850.329426 -1850.329539 -1850.329681 -1850.329879 -1850.330171 -1850.330621 -1850.331328 -1850.332462 -1850.334309 -1850.337376 -1850.342587 -1850.351680 -1850.368024 -1850.398287 -1850.455892 -1850.568468 -1850.795183 -1851.271253 -1852.332551 -1854.898843 -1861.876489 -1884.635815 -9999.0 -9999.0
-9999.0 -9999.0 176.549709 80.585240 -17.269465 -115.662181 -214.260497 -312.934160 -411.612034 -510.243940 -608.742607 -706.882364 -804.783383 -902.271364 -999.556057 -1096.994127 -1193.347112 -1288.222612 -1380.896931 -1470.154393 -1553.262812 -1626.400174 -1686.741872 -1733.734822 -1768.738736 -1794.005172 -1811.855434 -1824.275380 -1832.813692 -1838.622447 -1842.537470 -1845.154684 -1846.892503 -1848.040403 -1848.796254 -1849.295874 -1849.640886 -1849.950707 -1850.568451 -1852.800964 -1858.690104 -1831.818295 -1141.463307 -1148.287541 -1135.105654 -1126.577569 -1122.581502 -1121.984444 -1121.921164 -1121.927857 -1121.944735 -1121.962864 -1121.980286 -1121.996419 -1122.011388 -1122.028748 -1122.082146 -1122.438756 -1124.564354 -1129.304460 -1135.979056 -1119.769119 -1807.818868 -1852.752332 -1851.457901 -1850.549326 -1850.361843 -1850.330775 -1850.326374 -1850.326334 -1850.326927 -1850.327504 -1850.327966 -1850.328320 -1850.328592 -1850.328804 -1850.328972 -1850.329108 -1850.329222 -1850.329325 -1850.329426 -1850.329539 -1850.329681 -1850.329879 -1850.330171 -1850.330621 -1850.331328 -1850.332462 -1850.334309 -1850.337376 -1850.342587 -1850.351680 -1850.368024 -1850.398287 -1850.455892 -1850.568468 -1850.795183 -1851.271253 -1852.332551 -1854.898843 -1861.876489 -1884.635815 -9999.0 -9999.0
-9999.0 -9999.0 -9999.0 -9999.0 -9999.0 -9999.0 -9999.0 -9999.0 -9999.0 -9999.0 -9999.0 -9999.0 -9999.0 -9999.0 -9999.0 -9999.0 -9999.0 -9999.0 -9999.0 -9999.0 -9999.0 -9999.0 -9999.0 -9999.0 -9999.0 -9999.0 -9999.0 -9999.0 -9999.0 -9999.0 -9999.0 -9999.0 -9999.0 -9999.0 -9999.0 -9999.0 -9999.0 -9999.0 -9999.0 -9999.0 -9999.0 -9999.0 -9999.0 -9999.0 -9999.0 -9999.0 -9999.0 -9999.0 -9999.0 -9999.0 -9999.0 -9999.0 -9999.0 -9999.0 -9999.0 -9999.0 -9999.0 -9999.0 -9999.0 -9999.0 -9999.0 -9999.0 -9999.0 -9999.0 -9999.0 -9999.0 -9999.0 -9999.0 -9999.0 -9999.0 -9999.0 -9999.0 -9999.0 -9999.0 -9999.0 -9999.0 -9999.0 -9999.0 -9999.0 -9999.0 -9999.0 -9999.0 -9999.0 -9999.0 -9999.0 -9999.0 -9999.0 -9999.0 -9999.0 -9999.0 -9999.0 -9999.0 -9999.0 -9999.0 -9999.0 -9999.0 -9999.0 -9999.0 -9999.0 -9999.0 -9999.0 -9999.0 -9999.0 -9999.0
-9999.0 -9999.0 -9999.0 -9999.0 -9999.0 -9999.0 -9999.0 -9999.0 -9999.0 -9999.0 -9999.0 -9999.0 -9999.0 -9999.0 -9999.0 -9999.0 -9999.0 -9999.0 -9999.0 -9999.0 -9999.0 -9999.0 -9999.0 -9999.0 -9999.0 -9999.0 -9999.0 -9999.0 -9999.0 -9999.0 -9999.0 -9999.0 -9999.0 -9999.0 -9999.0 -9999.0 -9999.0 -9999.0 -9999.0 -9999.0 -9999.0 -9999.0 -9999.0 -9999.0 -9999.0 -9999.0 -9999.0 -9999.0 -9999.0 -9999.0 -9999.0 -9999.0 -9999.0 -9999.0 -9999.0 -9999.0 -9999.0 -9999.0 -9999.0 -9999.0 -9999.0 -9999.0 -9999.0 -9999.0 -9999.0 -9999.0 -9999.0 -9999.0 -9999.0 -9999.0 -9999.0 -9999.0 -9999.0 -9999.0 -9999.0 -9999.0 -9999.0 -9999.0 -9999.0 -9999.0 -9999.0 -9999.0 -9999.0 -9999.0 -9999.0 -9999.0 -9999.0 -9999.0 -9999.0 -9999.0 -9999.0 -9999.0 -9999.0 -9999.0 -9999.0 -9999.0 -9999.0 -9999.0 -9999.0 -9999.0 -9999.0 -9999.0 -9999.0 -9999.0