inst/processing_geotop_simulation/geotop_simulation/out/maps3D/PwL0009N0142.asc
ncols         104
nrows         10
xllcorner     -2.000000
yllcorner     0.000000
cellsize      1.000000
NODATA_value  -9999.0
-9999.0 -9999.0 -9999.0 -9999.0 -9999.0 -9999.0 -9999.0 -9999.0 -9999.0 -9999.0 -9999.0 -9999.0 -9999.0 -9999.0 -9999.0 -9999.0 -9999.0 -9999.0 -9999.0 -9999.0 -9999.0 -9999.0 -9999.0 -9999.0 -9999.0 -9999.0 -9999.0 -9999.0 -9999.0 -9999.0 -9999.0 -9999.0 -9999.0 -9999.0 -9999.0 -9999.0 -9999.0 -9999.0 -9999.0 -9999.0 -9999.0 -9999.0 -9999.0 -9999.0 -9999.0 -9999.0 -9999.0 -9999.0 -9999.0 -9999.0 -9999.0 -9999.0 -9999.0 -9999.0 -9999.0 -9999.0 -9999.0 -9999.0 -9999.0 -9999.0 -9999.0 -9999.0 -9999.0 -9999.0 -9999.0 -9999.0 -9999.0 -9999.0 -9999.0 -9999.0 -9999.0 -9999.0 -9999.0 -9999.0 -9999.0 -9999.0 -9999.0 -9999.0 -9999.0 -9999.0 -9999.0 -9999.0 -9999.0 -9999.0 -9999.0 -9999.0 -9999.0 -9999.0 -9999.0 -9999.0 -9999.0 -9999.0 -9999.0 -9999.0 -9999.0 -9999.0 -9999.0 -9999.0 -9999.0 -9999.0 -9999.0 -9999.0 -9999.0 -9999.0
-9999.0 -9999.0 -9999.0 -9999.0 -9999.0 -9999.0 -9999.0 -9999.0 -9999.0 -9999.0 -9999.0 -9999.0 -9999.0 -9999.0 -9999.0 -9999.0 -9999.0 -9999.0 -9999.0 -9999.0 -9999.0 -9999.0 -9999.0 -9999.0 -9999.0 -9999.0 -9999.0 -9999.0 -9999.0 -9999.0 -9999.0 -9999.0 -9999.0 -9999.0 -9999.0 -9999.0 -9999.0 -9999.0 -9999.0 -9999.0 -9999.0 -9999.0 -9999.0 -9999.0 -9999.0 -9999.0 -9999.0 -9999.0 -9999.0 -9999.0 -9999.0 -9999.0 -9999.0 -9999.0 -9999.0 -9999.0 -9999.0 -9999.0 -9999.0 -9999.0 -9999.0 -9999.0 -9999.0 -9999.0 -9999.0 -9999.0 -9999.0 -9999.0 -9999.0 -9999.0 -9999.0 -9999.0 -9999.0 -9999.0 -9999.0 -9999.0 -9999.0 -9999.0 -9999.0 -9999.0 -9999.0 -9999.0 -9999.0 -9999.0 -9999.0 -9999.0 -9999.0 -9999.0 -9999.0 -9999.0 -9999.0 -9999.0 -9999.0 -9999.0 -9999.0 -9999.0 -9999.0 -9999.0 -9999.0 -9999.0 -9999.0 -9999.0 -9999.0 -9999.0
-9999.0 -9999.0 435.690011 346.100585 252.991519 158.347598 63.061031 -32.481792 -128.104694 -223.707955 -319.172719 -414.333960 -508.954911 -602.982869 -697.184904 -791.455917 -885.607429 -979.481770 -1071.903052 -1157.345464 -1227.650733 -1280.511344 -1317.288165 -1341.498169 -1356.978248 -1366.827261 -1373.168223 -1377.322793 -1380.082723 -1381.928207 -1383.163671 -1383.989338 -1384.539792 -1384.905856 -1385.148625 -1385.310912 -1385.429990 -1385.557949 -1385.862796 -1387.460967 -1396.876289 -1442.292215 -1355.935303 -1585.901901 -1496.397321 -1445.461549 -1422.704359 -1419.848603 -1419.563472 -1419.595245 -1419.672062 -1419.754208 -1419.833041 -1419.905976 -1419.973345 -1420.048914 -1420.270179 -1421.849750 -1433.390203 -1460.109936 -1504.819267 -1255.374949 -1416.100803 -1392.352812 -1386.733442 -1385.876167 -1385.751662 -1385.732322 -1385.730184 -1385.731089 -1385.732334 -1385.733395 -1385.734216 -1385.734838 -1385.735313 -1385.735681 -1385.735972 -1385.736206 -1385.736401 -1385.736573 -1385.736741 -1385.736926 -1385.737158 -1385.737479 -1385.737954 -1385.738683 -1385.739829 -1385.741659 -1385.744625 -1385.749512 -1385.757729 -1385.771900 -1385.797054 -1385.843065 -1385.929603 -1386.096227 -1386.423943 -1387.086081 -1388.483664 -1391.632429 -1399.380561 -1421.845744 -9999.0 -9999.0
-9999.0 -9999.0 435.697539 346.102601 252.992073 158.347764 63.061084 -32.481774 -128.104689 -223.707953 -319.172718 -414.333960 -508.954911 -602.982869 -697.184904 -791.455917 -885.607429 -979.481770 -1071.903052 -1157.345464 -1227.650733 -1280.511344 -1317.288165 -1341.498169 -1356.978248 -1366.827261 -1373.168223 -1377.322793 -1380.082723 -1381.928207 -1383.163671 -1383.989338 -1384.539792 -1384.905856 -1385.148625 -1385.310912 -1385.429990 -1385.557949 -1385.862796 -1387.460967 -1396.876289 -1442.292215 -1355.935303 -1585.901901 -1496.397321 -1445.461548 -1422.704359 -1419.848603 -1419.563472 -1419.595245 -1419.672062 -1419.754208 -1419.833041 -1419.905976 -1419.973345 -1420.048914 -1420.270179 -1421.849750 -1433.390203 -1460.109936 -1504.819267 -1255.374949 -1416.100803 -1392.352812 -1386.733442 -1385.876167 -1385.751662 -1385.732322 -1385.730184 -1385.731089 -1385.732334 -1385.733395 -1385.734216 -1385.734838 -1385.735313 -1385.735681 -1385.735972 -1385.736206 -1385.736401 -1385.736573 -1385.736741 -1385.736926 -1385.737158 -1385.737479 -1385.737954 -1385.738683 -1385.739829 -1385.741659 -1385.744625 -1385.749512 -1385.757729 -1385.771900 -1385.797054 -1385.843065 -1385.929603 -1386.096227 -1386.423943 -1387.086081 -1388.483664 -1391.632429 -1399.380561 -1421.845744 -9999.0 -9999.0
-9999.0 -9999.0 435.699206 346.103485 252.992429 158.347895 63.061130 -32.481757 -128.104683 -223.707951 -319.172717 -414.333960 -508.954911 -602.982869 -697.184904 -791.455917 -885.607429 -979.481770 -1071.903052 -1157.345464 -1227.650733 -1280.511345 -1317.288165 -1341.498169 -1356.978248 -1366.827261 -1373.168224 -1377.322793 -1380.082723 -1381.928207 -1383.163671 -1383.989338 -1384.539792 -1384.905856 -1385.148625 -1385.310912 -1385.429990 -1385.557949 -1385.862796 -1387.460967 -1396.876289 -1442.292215 -1355.935303 -1585.901901 -1496.397320 -1445.461547 -1422.704359 -1419.848603 -1419.563472 -1419.595245 -1419.672062 -1419.754208 -1419.833041 -1419.905976 -1419.973345 -1420.048914 -1420.270179 -1421.849750 -1433.390203 -1460.109936 -1504.819267 -1255.374949 -1416.100803 -1392.352812 -1386.733442 -1385.876167 -1385.751662 -1385.732322 -1385.730184 -1385.731089 -1385.732334 -1385.733395 -1385.734216 -1385.734838 -1385.735313 -1385.735681 -1385.735972 -1385.736206 -1385.736401 -1385.736573 -1385.736741 -1385.736926 -1385.737158 -1385.737479 -1385.737954 -1385.738683 -1385.739829 -1385.741659 -1385.744625 -1385.749512 -1385.757729 -1385.771900 -1385.797054 -1385.843065 -1385.929603 -1386.096227 -1386.423943 -1387.086081 -1388.483664 -1391.632429 -1399.380561 -1421.845744 -9999.0 -9999.0
-9999.0 -9999.0 435.699206 346.103485 252.992429 158.347895 63.061130 -32.481757 -128.104683 -223.707951 -319.172717 -414.333960 -508.954911 -602.982869 -697.184904 -791.455917 -885.607429 -979.481770 -1071.903052 -1157.345464 -1227.650733 -1280.511345 -1317.288165 -1341.498169 -1356.978248 -1366.827261 -1373.168224 -1377.322793 -1380.082723 -1381.928207 -1383.163671 -1383.989338 -1384.539792 -1384.905856 -1385.148625 -1385.310912 -1385.429990 -1385.557949 -1385.862796 -1387.460967 -1396.876289 -1442.292215 -1355.935303 -1585.901901 -1496.397320 -1445.461547 -1422.704359 -1419.848603 -1419.563472 -1419.595245 -1419.672062 -1419.754208 -1419.833041 -1419.905976 -1419.973345 -1420.048914 -1420.270179 -1421.849750 -1433.390203 -1460.109936 -1504.819267 -1255.374949 -1416.100803 -1392.352813 -1386.733442 -1385.876167 -1385.751662 -1385.732322 -1385.730184 -1385.731089 -1385.732334 -1385.733395 -1385.734216 -1385.734838 -1385.735313 -1385.735681 -1385.735972 -1385.736206 -1385.736401 -1385.736573 -1385.736741 -1385.736926 -1385.737158 -1385.737479 -1385.737954 -1385.738683 -1385.739829 -1385.741659 -1385.744625 -1385.749512 -1385.757729 -1385.771900 -1385.797054 -1385.843065 -1385.929603 -1386.096227 -1386.423943 -1387.086081 -1388.483664 -1391.632429 -1399.380561 -1421.845744 -9999.0 -9999.0
-9999.0 -9999.0 435.697539 346.102601 252.992073 158.347764 63.061084 -32.481774 -128.104689 -223.707953 -319.172718 -414.333960 -508.954911 -602.982869 -697.184904 -791.455917 -885.607429 -979.481770 -1071.903052 -1157.345464 -1227.650733 -1280.511344 -1317.288165 -1341.498169 -1356.978248 -1366.827261 -1373.168223 -1377.322793 -1380.082723 -1381.928207 -1383.163671 -1383.989338 -1384.539792 -1384.905856 -1385.148625 -1385.310912 -1385.429990 -1385.557949 -1385.862796 -1387.460967 -1396.876289 -1442.292215 -1355.935303 -1585.901901 -1496.397321 -1445.461548 -1422.704359 -1419.848603 -1419.563472 -1419.595245 -1419.672062 -1419.754208 -1419.833041 -1419.905976 -1419.973345 -1420.048914 -1420.270179 -1421.849750 -1433.390203 -1460.109936 -1504.819267 -1255.374949 -1416.100803 -1392.352813 -1386.733442 -1385.876167 -1385.751662 -1385.732322 -1385.730184 -1385.731089 -1385.732334 -1385.733395 -1385.734216 -1385.734838 -1385.735313 -1385.735681 -1385.735972 -1385.736206 -1385.736401 -1385.736573 -1385.736741 -1385.736926 -1385.737158 -1385.737479 -1385.737954 -1385.738683 -1385.739829 -1385.741659 -1385.744625 -1385.749512 -1385.757729 -1385.771900 -1385.797054 -1385.843065 -1385.929603 -1386.096227 -1386.423943 -1387.086081 -1388.483664 -1391.632429 -1399.380561 -1421.845744 -9999.0 -9999.0
-9999.0 -9999.0 435.690011 346.100585 252.991519 158.347598 63.061031 -32.481791 -128.104695 -223.707955 -319.172719 -414.333960 -508.954911 -602.982869 -697.184904 -791.455917 -885.607429 -979.481770 -1071.903052 -1157.345464 -1227.650733 -1280.511344 -1317.288165 -1341.498169 -1356.978248 -1366.827261 -1373.168223 -1377.322793 -1380.082723 -1381.928207 -1383.163671 -1383.989338 -1384.539792 -1384.905856 -1385.148625 -1385.310912 -1385.429990 -1385.557949 -1385.862796 -1387.460967 -1396.876289 -1442.292215 -1355.935303 -1585.901901 -1496.397321 -1445.461549 -1422.704359 -1419.848603 -1419.563472 -1419.595245 -1419.672062 -1419.754208 -1419.833041 -1419.905976 -1419.973345 -1420.048914 -1420.270179 -1421.849750 -1433.390203 -1460.109936 -1504.819267 -1255.374949 -1416.100803 -1392.352813 -1386.733442 -1385.876167 -1385.751662 -1385.732322 -1385.730184 -1385.731089 -1385.732334 -1385.733395 -1385.734216 -1385.734838 -1385.735313 -1385.735681 -1385.735972 -1385.736206 -1385.736401 -1385.736573 -1385.736741 -1385.736926 -1385.737158 -1385.737479 -1385.737954 -1385.738683 -1385.739829 -1385.741659 -1385.744625 -1385.749512 -1385.757729 -1385.771900 -1385.797054 -1385.843065 -1385.929603 -1386.096227 -1386.423943 -1387.086081 -1388.483664 -1391.632429 -1399.380561 -1421.845744 -9999.0 -9999.0
-9999.0 -9999.0 -9999.0 -9999.0 -9999.0 -9999.0 -9999.0 -9999.0 -9999.0 -9999.0 -9999.0 -9999.0 -9999.0 -9999.0 -9999.0 -9999.0 -9999.0 -9999.0 -9999.0 -9999.0 -9999.0 -9999.0 -9999.0 -9999.0 -9999.0 -9999.0 -9999.0 -9999.0 -9999.0 -9999.0 -9999.0 -9999.0 -9999.0 -9999.0 -9999.0 -9999.0 -9999.0 -9999.0 -9999.0 -9999.0 -9999.0 -9999.0 -9999.0 -9999.0 -9999.0 -9999.0 -9999.0 -9999.0 -9999.0 -9999.0 -9999.0 -9999.0 -9999.0 -9999.0 -9999.0 -9999.0 -9999.0 -9999.0 -9999.0 -9999.0 -9999.0 -9999.0 -9999.0 -9999.0 -9999.0 -9999.0 -9999.0 -9999.0 -9999.0 -9999.0 -9999.0 -9999.0 -9999.0 -9999.0 -9999.0 -9999.0 -9999.0 -9999.0 -9999.0 -9999.0 -9999.0 -9999.0 -9999.0 -9999.0 -9999.0 -9999.0 -9999.0 -9999.0 -9999.0 -9999.0 -9999.0 -9999.0 -9999.0 -9999.0 -9999.0 -9999.0 -9999.0 -9999.0 -9999.0 -9999.0 -9999.0 -9999.0 -9999.0 -9999.0
-9999.0 -9999.0 -9999.0 -9999.0 -9999.0 -9999.0 -9999.0 -9999.0 -9999.0 -9999.0 -9999.0 -9999.0 -9999.0 -9999.0 -9999.0 -9999.0 -9999.0 -9999.0 -9999.0 -9999.0 -9999.0 -9999.0 -9999.0 -9999.0 -9999.0 -9999.0 -9999.0 -9999.0 -9999.0 -9999.0 -9999.0 -9999.0 -9999.0 -9999.0 -9999.0 -9999.0 -9999.0 -9999.0 -9999.0 -9999.0 -9999.0 -9999.0 -9999.0 -9999.0 -9999.0 -9999.0 -9999.0 -9999.0 -9999.0 -9999.0 -9999.0 -9999.0 -9999.0 -9999.0 -9999.0 -9999.0 -9999.0 -9999.0 -9999.0 -9999.0 -9999.0 -9999.0 -9999.0 -9999.0 -9999.0 -9999.0 -9999.0 -9999.0 -9999.0 -9999.0 -9999.0 -9999.0 -9999.0 -9999.0 -9999.0 -9999.0 -9999.0 -9999.0 -9999.0 -9999.0 -9999.0 -9999.0 -9999.0 -9999.0 -9999.0 -9999.0 -9999.0 -9999.0 -9999.0 -9999.0 -9999.0 -9999.0 -9999.0 -9999.0 -9999.0 -9999.0 -9999.0 -9999.0 -9999.0 -9999.0 -9999.0 -9999.0 -9999.0 -9999.0