inst/processing_geotop_simulation/geotop_simulation/out/maps3D/PwL0007N0207.asc
ncols         104
nrows         10
xllcorner     -2.000000
yllcorner     0.000000
cellsize      1.000000
NODATA_value  -9999.0
-9999.0 -9999.0 -9999.0 -9999.0 -9999.0 -9999.0 -9999.0 -9999.0 -9999.0 -9999.0 -9999.0 -9999.0 -9999.0 -9999.0 -9999.0 -9999.0 -9999.0 -9999.0 -9999.0 -9999.0 -9999.0 -9999.0 -9999.0 -9999.0 -9999.0 -9999.0 -9999.0 -9999.0 -9999.0 -9999.0 -9999.0 -9999.0 -9999.0 -9999.0 -9999.0 -9999.0 -9999.0 -9999.0 -9999.0 -9999.0 -9999.0 -9999.0 -9999.0 -9999.0 -9999.0 -9999.0 -9999.0 -9999.0 -9999.0 -9999.0 -9999.0 -9999.0 -9999.0 -9999.0 -9999.0 -9999.0 -9999.0 -9999.0 -9999.0 -9999.0 -9999.0 -9999.0 -9999.0 -9999.0 -9999.0 -9999.0 -9999.0 -9999.0 -9999.0 -9999.0 -9999.0 -9999.0 -9999.0 -9999.0 -9999.0 -9999.0 -9999.0 -9999.0 -9999.0 -9999.0 -9999.0 -9999.0 -9999.0 -9999.0 -9999.0 -9999.0 -9999.0 -9999.0 -9999.0 -9999.0 -9999.0 -9999.0 -9999.0 -9999.0 -9999.0 -9999.0 -9999.0 -9999.0 -9999.0 -9999.0 -9999.0 -9999.0 -9999.0 -9999.0
-9999.0 -9999.0 -9999.0 -9999.0 -9999.0 -9999.0 -9999.0 -9999.0 -9999.0 -9999.0 -9999.0 -9999.0 -9999.0 -9999.0 -9999.0 -9999.0 -9999.0 -9999.0 -9999.0 -9999.0 -9999.0 -9999.0 -9999.0 -9999.0 -9999.0 -9999.0 -9999.0 -9999.0 -9999.0 -9999.0 -9999.0 -9999.0 -9999.0 -9999.0 -9999.0 -9999.0 -9999.0 -9999.0 -9999.0 -9999.0 -9999.0 -9999.0 -9999.0 -9999.0 -9999.0 -9999.0 -9999.0 -9999.0 -9999.0 -9999.0 -9999.0 -9999.0 -9999.0 -9999.0 -9999.0 -9999.0 -9999.0 -9999.0 -9999.0 -9999.0 -9999.0 -9999.0 -9999.0 -9999.0 -9999.0 -9999.0 -9999.0 -9999.0 -9999.0 -9999.0 -9999.0 -9999.0 -9999.0 -9999.0 -9999.0 -9999.0 -9999.0 -9999.0 -9999.0 -9999.0 -9999.0 -9999.0 -9999.0 -9999.0 -9999.0 -9999.0 -9999.0 -9999.0 -9999.0 -9999.0 -9999.0 -9999.0 -9999.0 -9999.0 -9999.0 -9999.0 -9999.0 -9999.0 -9999.0 -9999.0 -9999.0 -9999.0 -9999.0 -9999.0
-9999.0 -9999.0 328.936370 235.106008 138.857297 41.718859 -55.766018 -153.392356 -251.053859 -348.665659 -446.128922 -543.219979 -639.471737 -734.799390 -830.086672 -925.279946 -1020.245870 -1113.868519 -1204.554974 -1291.234593 -1369.148945 -1434.232129 -1485.062820 -1522.713905 -1549.582003 -1568.304294 -1581.163302 -1589.909778 -1595.808662 -1599.752212 -1602.365269 -1604.082469 -1605.203102 -1605.930514 -1606.401147 -1606.707391 -1606.918870 -1607.119421 -1607.577207 -1609.626783 -1618.208261 -1630.202478 -1144.417488 -1194.265686 -1167.353987 -1150.582731 -1142.824236 -1141.757545 -1141.648296 -1141.660813 -1141.690941 -1141.723199 -1141.754175 -1141.782844 -1141.809364 -1141.839427 -1141.928574 -1142.543304 -1146.581092 -1155.721711 -1169.366704 -1103.254188 -1603.892187 -1612.582585 -1608.507587 -1607.541840 -1607.382079 -1607.357503 -1607.354324 -1607.354682 -1607.355519 -1607.356271 -1607.356862 -1607.357313 -1607.357657 -1607.357925 -1607.358136 -1607.358307 -1607.358450 -1607.358577 -1607.358702 -1607.358840 -1607.359015 -1607.359257 -1607.359615 -1607.360166 -1607.361033 -1607.362422 -1607.364678 -1607.368413 -1607.374727 -1607.385685 -1607.405270 -1607.441327 -1607.509561 -1607.641894 -1607.905178 -1608.447666 -1609.626032 -1612.380132 -1619.527601 -1641.837758 -9999.0 -9999.0
-9999.0 -9999.0 328.944680 235.108024 138.857832 41.719018 -55.765968 -153.392339 -251.053853 -348.665656 -446.128921 -543.219979 -639.471737 -734.799390 -830.086672 -925.279946 -1020.245870 -1113.868519 -1204.554974 -1291.234593 -1369.148945 -1434.232129 -1485.062820 -1522.713905 -1549.582004 -1568.304294 -1581.163302 -1589.909778 -1595.808662 -1599.752212 -1602.365269 -1604.082469 -1605.203102 -1605.930514 -1606.401147 -1606.707391 -1606.918870 -1607.119421 -1607.577207 -1609.626783 -1618.208261 -1630.202478 -1144.417488 -1194.265686 -1167.353987 -1150.582731 -1142.824236 -1141.757545 -1141.648296 -1141.660813 -1141.690941 -1141.723199 -1141.754175 -1141.782844 -1141.809364 -1141.839427 -1141.928574 -1142.543304 -1146.581092 -1155.721711 -1169.366704 -1103.254188 -1603.892187 -1612.582585 -1608.507587 -1607.541840 -1607.382079 -1607.357503 -1607.354324 -1607.354682 -1607.355519 -1607.356271 -1607.356862 -1607.357313 -1607.357657 -1607.357925 -1607.358136 -1607.358307 -1607.358450 -1607.358577 -1607.358702 -1607.358840 -1607.359015 -1607.359257 -1607.359615 -1607.360166 -1607.361033 -1607.362422 -1607.364678 -1607.368413 -1607.374727 -1607.385685 -1607.405270 -1607.441327 -1607.509561 -1607.641894 -1607.905178 -1608.447666 -1609.626032 -1612.380132 -1619.527601 -1641.837758 -9999.0 -9999.0
-9999.0 -9999.0 328.946254 235.108879 138.858173 41.719142 -55.765924 -153.392323 -251.053847 -348.665654 -446.128920 -543.219979 -639.471737 -734.799390 -830.086672 -925.279946 -1020.245870 -1113.868519 -1204.554974 -1291.234593 -1369.148945 -1434.232129 -1485.062820 -1522.713905 -1549.582004 -1568.304294 -1581.163303 -1589.909778 -1595.808662 -1599.752212 -1602.365269 -1604.082469 -1605.203102 -1605.930514 -1606.401147 -1606.707391 -1606.918870 -1607.119421 -1607.577207 -1609.626783 -1618.208261 -1630.202478 -1144.417488 -1194.265686 -1167.353987 -1150.582731 -1142.824236 -1141.757545 -1141.648296 -1141.660813 -1141.690941 -1141.723199 -1141.754175 -1141.782844 -1141.809364 -1141.839427 -1141.928574 -1142.543304 -1146.581092 -1155.721711 -1169.366704 -1103.254188 -1603.892187 -1612.582585 -1608.507587 -1607.541840 -1607.382079 -1607.357503 -1607.354324 -1607.354682 -1607.355519 -1607.356271 -1607.356862 -1607.357313 -1607.357657 -1607.357925 -1607.358136 -1607.358307 -1607.358450 -1607.358577 -1607.358702 -1607.358840 -1607.359015 -1607.359257 -1607.359615 -1607.360166 -1607.361033 -1607.362422 -1607.364678 -1607.368413 -1607.374727 -1607.385685 -1607.405270 -1607.441327 -1607.509561 -1607.641894 -1607.905178 -1608.447666 -1609.626032 -1612.380132 -1619.527601 -1641.837758 -9999.0 -9999.0
-9999.0 -9999.0 328.946254 235.108879 138.858173 41.719142 -55.765924 -153.392323 -251.053847 -348.665654 -446.128920 -543.219979 -639.471737 -734.799390 -830.086672 -925.279946 -1020.245870 -1113.868519 -1204.554974 -1291.234593 -1369.148945 -1434.232129 -1485.062820 -1522.713905 -1549.582004 -1568.304294 -1581.163303 -1589.909778 -1595.808662 -1599.752212 -1602.365269 -1604.082469 -1605.203102 -1605.930514 -1606.401147 -1606.707391 -1606.918870 -1607.119421 -1607.577207 -1609.626783 -1618.208261 -1630.202478 -1144.417488 -1194.265686 -1167.353987 -1150.582731 -1142.824236 -1141.757545 -1141.648296 -1141.660813 -1141.690941 -1141.723199 -1141.754175 -1141.782844 -1141.809364 -1141.839427 -1141.928574 -1142.543304 -1146.581092 -1155.721711 -1169.366704 -1103.254188 -1603.892187 -1612.582585 -1608.507587 -1607.541840 -1607.382079 -1607.357503 -1607.354324 -1607.354682 -1607.355519 -1607.356271 -1607.356862 -1607.357313 -1607.357657 -1607.357925 -1607.358136 -1607.358307 -1607.358450 -1607.358577 -1607.358702 -1607.358840 -1607.359015 -1607.359257 -1607.359615 -1607.360166 -1607.361033 -1607.362422 -1607.364678 -1607.368413 -1607.374727 -1607.385685 -1607.405270 -1607.441327 -1607.509561 -1607.641894 -1607.905178 -1608.447666 -1609.626032 -1612.380132 -1619.527601 -1641.837758 -9999.0 -9999.0
-9999.0 -9999.0 328.944680 235.108024 138.857832 41.719018 -55.765968 -153.392339 -251.053853 -348.665656 -446.128921 -543.219979 -639.471737 -734.799390 -830.086672 -925.279946 -1020.245870 -1113.868519 -1204.554974 -1291.234593 -1369.148945 -1434.232129 -1485.062820 -1522.713905 -1549.582004 -1568.304294 -1581.163302 -1589.909778 -1595.808662 -1599.752212 -1602.365269 -1604.082469 -1605.203102 -1605.930514 -1606.401147 -1606.707391 -1606.918870 -1607.119421 -1607.577207 -1609.626783 -1618.208261 -1630.202478 -1144.417488 -1194.265686 -1167.353987 -1150.582731 -1142.824236 -1141.757545 -1141.648296 -1141.660813 -1141.690941 -1141.723199 -1141.754175 -1141.782844 -1141.809364 -1141.839427 -1141.928574 -1142.543304 -1146.581092 -1155.721711 -1169.366704 -1103.254188 -1603.892187 -1612.582585 -1608.507587 -1607.541840 -1607.382079 -1607.357503 -1607.354324 -1607.354682 -1607.355519 -1607.356271 -1607.356862 -1607.357313 -1607.357657 -1607.357925 -1607.358136 -1607.358307 -1607.358450 -1607.358577 -1607.358702 -1607.358840 -1607.359015 -1607.359257 -1607.359615 -1607.360166 -1607.361033 -1607.362422 -1607.364678 -1607.368413 -1607.374727 -1607.385685 -1607.405270 -1607.441327 -1607.509561 -1607.641894 -1607.905178 -1608.447666 -1609.626032 -1612.380132 -1619.527601 -1641.837758 -9999.0 -9999.0
-9999.0 -9999.0 328.936370 235.106008 138.857297 41.718859 -55.766018 -153.392356 -251.053859 -348.665659 -446.128922 -543.219979 -639.471737 -734.799390 -830.086672 -925.279946 -1020.245870 -1113.868519 -1204.554974 -1291.234593 -1369.148945 -1434.232129 -1485.062820 -1522.713905 -1549.582003 -1568.304294 -1581.163302 -1589.909778 -1595.808662 -1599.752212 -1602.365269 -1604.082469 -1605.203102 -1605.930514 -1606.401147 -1606.707391 -1606.918870 -1607.119421 -1607.577207 -1609.626783 -1618.208261 -1630.202478 -1144.417488 -1194.265686 -1167.353987 -1150.582731 -1142.824236 -1141.757545 -1141.648296 -1141.660813 -1141.690941 -1141.723199 -1141.754175 -1141.782844 -1141.809364 -1141.839427 -1141.928574 -1142.543304 -1146.581092 -1155.721711 -1169.366704 -1103.254188 -1603.892187 -1612.582585 -1608.507587 -1607.541840 -1607.382079 -1607.357503 -1607.354324 -1607.354682 -1607.355519 -1607.356271 -1607.356862 -1607.357313 -1607.357657 -1607.357925 -1607.358136 -1607.358307 -1607.358450 -1607.358577 -1607.358702 -1607.358840 -1607.359015 -1607.359257 -1607.359615 -1607.360166 -1607.361033 -1607.362422 -1607.364678 -1607.368413 -1607.374727 -1607.385685 -1607.405270 -1607.441327 -1607.509561 -1607.641894 -1607.905178 -1608.447666 -1609.626032 -1612.380132 -1619.527601 -1641.837758 -9999.0 -9999.0
-9999.0 -9999.0 -9999.0 -9999.0 -9999.0 -9999.0 -9999.0 -9999.0 -9999.0 -9999.0 -9999.0 -9999.0 -9999.0 -9999.0 -9999.0 -9999.0 -9999.0 -9999.0 -9999.0 -9999.0 -9999.0 -9999.0 -9999.0 -9999.0 -9999.0 -9999.0 -9999.0 -9999.0 -9999.0 -9999.0 -9999.0 -9999.0 -9999.0 -9999.0 -9999.0 -9999.0 -9999.0 -9999.0 -9999.0 -9999.0 -9999.0 -9999.0 -9999.0 -9999.0 -9999.0 -9999.0 -9999.0 -9999.0 -9999.0 -9999.0 -9999.0 -9999.0 -9999.0 -9999.0 -9999.0 -9999.0 -9999.0 -9999.0 -9999.0 -9999.0 -9999.0 -9999.0 -9999.0 -9999.0 -9999.0 -9999.0 -9999.0 -9999.0 -9999.0 -9999.0 -9999.0 -9999.0 -9999.0 -9999.0 -9999.0 -9999.0 -9999.0 -9999.0 -9999.0 -9999.0 -9999.0 -9999.0 -9999.0 -9999.0 -9999.0 -9999.0 -9999.0 -9999.0 -9999.0 -9999.0 -9999.0 -9999.0 -9999.0 -9999.0 -9999.0 -9999.0 -9999.0 -9999.0 -9999.0 -9999.0 -9999.0 -9999.0 -9999.0 -9999.0
-9999.0 -9999.0 -9999.0 -9999.0 -9999.0 -9999.0 -9999.0 -9999.0 -9999.0 -9999.0 -9999.0 -9999.0 -9999.0 -9999.0 -9999.0 -9999.0 -9999.0 -9999.0 -9999.0 -9999.0 -9999.0 -9999.0 -9999.0 -9999.0 -9999.0 -9999.0 -9999.0 -9999.0 -9999.0 -9999.0 -9999.0 -9999.0 -9999.0 -9999.0 -9999.0 -9999.0 -9999.0 -9999.0 -9999.0 -9999.0 -9999.0 -9999.0 -9999.0 -9999.0 -9999.0 -9999.0 -9999.0 -9999.0 -9999.0 -9999.0 -9999.0 -9999.0 -9999.0 -9999.0 -9999.0 -9999.0 -9999.0 -9999.0 -9999.0 -9999.0 -9999.0 -9999.0 -9999.0 -9999.0 -9999.0 -9999.0 -9999.0 -9999.0 -9999.0 -9999.0 -9999.0 -9999.0 -9999.0 -9999.0 -9999.0 -9999.0 -9999.0 -9999.0 -9999.0 -9999.0 -9999.0 -9999.0 -9999.0 -9999.0 -9999.0 -9999.0 -9999.0 -9999.0 -9999.0 -9999.0 -9999.0 -9999.0 -9999.0 -9999.0 -9999.0 -9999.0 -9999.0 -9999.0 -9999.0 -9999.0 -9999.0 -9999.0 -9999.0 -9999.0