inst/processing_geotop_simulation/geotop_simulation/out/maps3D/PwL0000N0176.asc
ncols         104
nrows         10
xllcorner     -2.000000
yllcorner     0.000000
cellsize      1.000000
NODATA_value  -9999.0
-9999.0 -9999.0 -9999.0 -9999.0 -9999.0 -9999.0 -9999.0 -9999.0 -9999.0 -9999.0 -9999.0 -9999.0 -9999.0 -9999.0 -9999.0 -9999.0 -9999.0 -9999.0 -9999.0 -9999.0 -9999.0 -9999.0 -9999.0 -9999.0 -9999.0 -9999.0 -9999.0 -9999.0 -9999.0 -9999.0 -9999.0 -9999.0 -9999.0 -9999.0 -9999.0 -9999.0 -9999.0 -9999.0 -9999.0 -9999.0 -9999.0 -9999.0 -9999.0 -9999.0 -9999.0 -9999.0 -9999.0 -9999.0 -9999.0 -9999.0 -9999.0 -9999.0 -9999.0 -9999.0 -9999.0 -9999.0 -9999.0 -9999.0 -9999.0 -9999.0 -9999.0 -9999.0 -9999.0 -9999.0 -9999.0 -9999.0 -9999.0 -9999.0 -9999.0 -9999.0 -9999.0 -9999.0 -9999.0 -9999.0 -9999.0 -9999.0 -9999.0 -9999.0 -9999.0 -9999.0 -9999.0 -9999.0 -9999.0 -9999.0 -9999.0 -9999.0 -9999.0 -9999.0 -9999.0 -9999.0 -9999.0 -9999.0 -9999.0 -9999.0 -9999.0 -9999.0 -9999.0 -9999.0 -9999.0 -9999.0 -9999.0 -9999.0 -9999.0 -9999.0
-9999.0 -9999.0 -9999.0 -9999.0 -9999.0 -9999.0 -9999.0 -9999.0 -9999.0 -9999.0 -9999.0 -9999.0 -9999.0 -9999.0 -9999.0 -9999.0 -9999.0 -9999.0 -9999.0 -9999.0 -9999.0 -9999.0 -9999.0 -9999.0 -9999.0 -9999.0 -9999.0 -9999.0 -9999.0 -9999.0 -9999.0 -9999.0 -9999.0 -9999.0 -9999.0 -9999.0 -9999.0 -9999.0 -9999.0 -9999.0 -9999.0 -9999.0 -9999.0 -9999.0 -9999.0 -9999.0 -9999.0 -9999.0 -9999.0 -9999.0 -9999.0 -9999.0 -9999.0 -9999.0 -9999.0 -9999.0 -9999.0 -9999.0 -9999.0 -9999.0 -9999.0 -9999.0 -9999.0 -9999.0 -9999.0 -9999.0 -9999.0 -9999.0 -9999.0 -9999.0 -9999.0 -9999.0 -9999.0 -9999.0 -9999.0 -9999.0 -9999.0 -9999.0 -9999.0 -9999.0 -9999.0 -9999.0 -9999.0 -9999.0 -9999.0 -9999.0 -9999.0 -9999.0 -9999.0 -9999.0 -9999.0 -9999.0 -9999.0 -9999.0 -9999.0 -9999.0 -9999.0 -9999.0 -9999.0 -9999.0 -9999.0 -9999.0 -9999.0 -9999.0
-9999.0 -9999.0 0.032639 -82.412291 -177.145493 -273.239798 -369.821469 -466.550765 -563.248766 -659.753931 -755.757359 -851.028107 -945.441638 -1038.921320 -1132.564174 -1225.920326 -1317.953074 -1409.492585 -1499.702351 -1580.526215 -1643.028102 -1686.879715 -1715.703372 -1734.035309 -1745.640585 -1753.114012 -1758.064800 -1761.432440 -1763.759557 -1765.373872 -1766.489242 -1767.253914 -1767.773633 -1768.123860 -1768.357974 -1768.515047 -1768.630129 -1768.755051 -1769.072397 -1770.655972 -1777.856439 -1776.055353 -1118.159295 -1114.404729 -1103.700824 -1096.951274 -1093.785087 -1093.323905 -1093.276399 -1093.283722 -1093.299377 -1093.316072 -1093.332103 -1093.346940 -1093.360633 -1093.375809 -1093.417917 -1093.694507 -1095.384799 -1099.194760 -1105.126147 -1101.417348 -1756.012551 -1773.415765 -1769.851845 -1769.049217 -1768.921598 -1768.901679 -1768.899308 -1768.899988 -1768.901041 -1768.901951 -1768.902658 -1768.903195 -1768.903604 -1768.903922 -1768.904172 -1768.904374 -1768.904542 -1768.904691 -1768.904836 -1768.904997 -1768.905199 -1768.905479 -1768.905894 -1768.906531 -1768.907533 -1768.909135 -1768.911733 -1768.916020 -1768.923241 -1768.935717 -1768.957907 -1768.998570 -1769.075159 -1769.222800 -1769.513550 -1770.102013 -1771.346648 -1774.162471 -1781.219438 -1802.755294 -9999.0 -9999.0
-9999.0 -9999.0 0.112951 -82.410009 -177.144924 -273.239632 -369.821416 -466.550748 -563.248760 -659.753929 -755.757358 -851.028107 -945.441638 -1038.921320 -1132.564175 -1225.920326 -1317.953074 -1409.492585 -1499.702352 -1580.526215 -1643.028102 -1686.879715 -1715.703372 -1734.035309 -1745.640585 -1753.114012 -1758.064800 -1761.432440 -1763.759557 -1765.373872 -1766.489242 -1767.253914 -1767.773633 -1768.123860 -1768.357974 -1768.515047 -1768.630129 -1768.755051 -1769.072397 -1770.655972 -1777.856439 -1776.055353 -1118.159295 -1114.404729 -1103.700824 -1096.951274 -1093.785087 -1093.323905 -1093.276399 -1093.283722 -1093.299377 -1093.316072 -1093.332103 -1093.346940 -1093.360633 -1093.375809 -1093.417917 -1093.694507 -1095.384799 -1099.194760 -1105.126147 -1101.417348 -1756.012551 -1773.415765 -1769.851845 -1769.049217 -1768.921598 -1768.901679 -1768.899308 -1768.899988 -1768.901041 -1768.901951 -1768.902658 -1768.903195 -1768.903604 -1768.903922 -1768.904172 -1768.904374 -1768.904542 -1768.904691 -1768.904836 -1768.904997 -1768.905199 -1768.905479 -1768.905894 -1768.906531 -1768.907533 -1768.909135 -1768.911733 -1768.916020 -1768.923241 -1768.935717 -1768.957907 -1768.998570 -1769.075159 -1769.222800 -1769.513550 -1770.102013 -1771.346648 -1774.162471 -1781.219438 -1802.755294 -9999.0 -9999.0
-9999.0 -9999.0 0.112955 -82.409102 -177.144565 -273.239502 -369.821370 -466.550731 -563.248754 -659.753927 -755.757357 -851.028107 -945.441638 -1038.921320 -1132.564175 -1225.920326 -1317.953074 -1409.492585 -1499.702352 -1580.526215 -1643.028102 -1686.879715 -1715.703373 -1734.035309 -1745.640586 -1753.114012 -1758.064800 -1761.432440 -1763.759557 -1765.373872 -1766.489242 -1767.253914 -1767.773633 -1768.123860 -1768.357974 -1768.515047 -1768.630129 -1768.755051 -1769.072397 -1770.655972 -1777.856439 -1776.055353 -1118.159295 -1114.404729 -1103.700824 -1096.951274 -1093.785087 -1093.323905 -1093.276399 -1093.283722 -1093.299377 -1093.316072 -1093.332103 -1093.346940 -1093.360633 -1093.375809 -1093.417917 -1093.694507 -1095.384799 -1099.194760 -1105.126147 -1101.417348 -1756.012551 -1773.415765 -1769.851845 -1769.049217 -1768.921598 -1768.901679 -1768.899308 -1768.899988 -1768.901041 -1768.901951 -1768.902658 -1768.903195 -1768.903604 -1768.903922 -1768.904172 -1768.904374 -1768.904542 -1768.904691 -1768.904836 -1768.904997 -1768.905199 -1768.905479 -1768.905894 -1768.906531 -1768.907533 -1768.909135 -1768.911733 -1768.916020 -1768.923241 -1768.935717 -1768.957907 -1768.998570 -1769.075159 -1769.222800 -1769.513550 -1770.102013 -1771.346648 -1774.162471 -1781.219438 -1802.755294 -9999.0 -9999.0
-9999.0 -9999.0 0.112955 -82.409102 -177.144565 -273.239503 -369.821370 -466.550731 -563.248754 -659.753927 -755.757358 -851.028107 -945.441638 -1038.921320 -1132.564175 -1225.920326 -1317.953074 -1409.492585 -1499.702352 -1580.526215 -1643.028102 -1686.879715 -1715.703373 -1734.035309 -1745.640586 -1753.114012 -1758.064800 -1761.432440 -1763.759557 -1765.373872 -1766.489242 -1767.253914 -1767.773633 -1768.123860 -1768.357974 -1768.515047 -1768.630129 -1768.755051 -1769.072397 -1770.655972 -1777.856439 -1776.055353 -1118.159295 -1114.404729 -1103.700824 -1096.951274 -1093.785087 -1093.323905 -1093.276399 -1093.283722 -1093.299377 -1093.316072 -1093.332103 -1093.346940 -1093.360633 -1093.375809 -1093.417917 -1093.694507 -1095.384799 -1099.194760 -1105.126147 -1101.417348 -1756.012551 -1773.415765 -1769.851845 -1769.049217 -1768.921598 -1768.901679 -1768.899308 -1768.899988 -1768.901041 -1768.901951 -1768.902658 -1768.903195 -1768.903604 -1768.903922 -1768.904172 -1768.904374 -1768.904542 -1768.904691 -1768.904836 -1768.904997 -1768.905199 -1768.905479 -1768.905894 -1768.906531 -1768.907533 -1768.909135 -1768.911733 -1768.916020 -1768.923241 -1768.935717 -1768.957907 -1768.998570 -1769.075159 -1769.222800 -1769.513550 -1770.102013 -1771.346648 -1774.162471 -1781.219438 -1802.755294 -9999.0 -9999.0
-9999.0 -9999.0 0.112951 -82.410009 -177.144924 -273.239632 -369.821416 -466.550748 -563.248760 -659.753929 -755.757358 -851.028107 -945.441638 -1038.921320 -1132.564174 -1225.920326 -1317.953074 -1409.492585 -1499.702352 -1580.526215 -1643.028102 -1686.879715 -1715.703372 -1734.035309 -1745.640585 -1753.114012 -1758.064800 -1761.432440 -1763.759557 -1765.373872 -1766.489242 -1767.253914 -1767.773633 -1768.123860 -1768.357974 -1768.515047 -1768.630129 -1768.755051 -1769.072397 -1770.655972 -1777.856439 -1776.055353 -1118.159295 -1114.404729 -1103.700824 -1096.951274 -1093.785087 -1093.323905 -1093.276399 -1093.283722 -1093.299377 -1093.316072 -1093.332103 -1093.346940 -1093.360633 -1093.375809 -1093.417917 -1093.694507 -1095.384799 -1099.194760 -1105.126147 -1101.417348 -1756.012551 -1773.415765 -1769.851845 -1769.049217 -1768.921598 -1768.901679 -1768.899308 -1768.899988 -1768.901041 -1768.901951 -1768.902658 -1768.903195 -1768.903604 -1768.903922 -1768.904172 -1768.904374 -1768.904542 -1768.904691 -1768.904836 -1768.904997 -1768.905199 -1768.905479 -1768.905894 -1768.906531 -1768.907533 -1768.909135 -1768.911733 -1768.916020 -1768.923241 -1768.935717 -1768.957907 -1768.998570 -1769.075159 -1769.222800 -1769.513550 -1770.102013 -1771.346648 -1774.162471 -1781.219438 -1802.755294 -9999.0 -9999.0
-9999.0 -9999.0 0.032639 -82.412291 -177.145493 -273.239798 -369.821469 -466.550765 -563.248766 -659.753931 -755.757359 -851.028107 -945.441638 -1038.921320 -1132.564174 -1225.920326 -1317.953074 -1409.492585 -1499.702351 -1580.526215 -1643.028102 -1686.879715 -1715.703372 -1734.035309 -1745.640585 -1753.114012 -1758.064800 -1761.432440 -1763.759557 -1765.373872 -1766.489242 -1767.253914 -1767.773633 -1768.123860 -1768.357974 -1768.515047 -1768.630129 -1768.755051 -1769.072397 -1770.655972 -1777.856439 -1776.055353 -1118.159295 -1114.404729 -1103.700824 -1096.951274 -1093.785087 -1093.323905 -1093.276399 -1093.283722 -1093.299377 -1093.316072 -1093.332103 -1093.346940 -1093.360633 -1093.375809 -1093.417917 -1093.694507 -1095.384799 -1099.194760 -1105.126147 -1101.417348 -1756.012551 -1773.415765 -1769.851845 -1769.049217 -1768.921598 -1768.901679 -1768.899308 -1768.899988 -1768.901041 -1768.901951 -1768.902658 -1768.903195 -1768.903604 -1768.903922 -1768.904172 -1768.904374 -1768.904542 -1768.904691 -1768.904836 -1768.904997 -1768.905199 -1768.905479 -1768.905894 -1768.906531 -1768.907533 -1768.909135 -1768.911733 -1768.916020 -1768.923241 -1768.935717 -1768.957907 -1768.998570 -1769.075159 -1769.222800 -1769.513550 -1770.102013 -1771.346648 -1774.162471 -1781.219438 -1802.755294 -9999.0 -9999.0
-9999.0 -9999.0 -9999.0 -9999.0 -9999.0 -9999.0 -9999.0 -9999.0 -9999.0 -9999.0 -9999.0 -9999.0 -9999.0 -9999.0 -9999.0 -9999.0 -9999.0 -9999.0 -9999.0 -9999.0 -9999.0 -9999.0 -9999.0 -9999.0 -9999.0 -9999.0 -9999.0 -9999.0 -9999.0 -9999.0 -9999.0 -9999.0 -9999.0 -9999.0 -9999.0 -9999.0 -9999.0 -9999.0 -9999.0 -9999.0 -9999.0 -9999.0 -9999.0 -9999.0 -9999.0 -9999.0 -9999.0 -9999.0 -9999.0 -9999.0 -9999.0 -9999.0 -9999.0 -9999.0 -9999.0 -9999.0 -9999.0 -9999.0 -9999.0 -9999.0 -9999.0 -9999.0 -9999.0 -9999.0 -9999.0 -9999.0 -9999.0 -9999.0 -9999.0 -9999.0 -9999.0 -9999.0 -9999.0 -9999.0 -9999.0 -9999.0 -9999.0 -9999.0 -9999.0 -9999.0 -9999.0 -9999.0 -9999.0 -9999.0 -9999.0 -9999.0 -9999.0 -9999.0 -9999.0 -9999.0 -9999.0 -9999.0 -9999.0 -9999.0 -9999.0 -9999.0 -9999.0 -9999.0 -9999.0 -9999.0 -9999.0 -9999.0 -9999.0 -9999.0
-9999.0 -9999.0 -9999.0 -9999.0 -9999.0 -9999.0 -9999.0 -9999.0 -9999.0 -9999.0 -9999.0 -9999.0 -9999.0 -9999.0 -9999.0 -9999.0 -9999.0 -9999.0 -9999.0 -9999.0 -9999.0 -9999.0 -9999.0 -9999.0 -9999.0 -9999.0 -9999.0 -9999.0 -9999.0 -9999.0 -9999.0 -9999.0 -9999.0 -9999.0 -9999.0 -9999.0 -9999.0 -9999.0 -9999.0 -9999.0 -9999.0 -9999.0 -9999.0 -9999.0 -9999.0 -9999.0 -9999.0 -9999.0 -9999.0 -9999.0 -9999.0 -9999.0 -9999.0 -9999.0 -9999.0 -9999.0 -9999.0 -9999.0 -9999.0 -9999.0 -9999.0 -9999.0 -9999.0 -9999.0 -9999.0 -9999.0 -9999.0 -9999.0 -9999.0 -9999.0 -9999.0 -9999.0 -9999.0 -9999.0 -9999.0 -9999.0 -9999.0 -9999.0 -9999.0 -9999.0 -9999.0 -9999.0 -9999.0 -9999.0 -9999.0 -9999.0 -9999.0 -9999.0 -9999.0 -9999.0 -9999.0 -9999.0 -9999.0 -9999.0 -9999.0 -9999.0 -9999.0 -9999.0 -9999.0 -9999.0 -9999.0 -9999.0 -9999.0 -9999.0