inst/processing_geotop_simulation/geotop_simulation/out/maps3D/PwL0001N0235.asc
ncols         104
nrows         10
xllcorner     -2.000000
yllcorner     0.000000
cellsize      1.000000
NODATA_value  -9999.0
-9999.0 -9999.0 -9999.0 -9999.0 -9999.0 -9999.0 -9999.0 -9999.0 -9999.0 -9999.0 -9999.0 -9999.0 -9999.0 -9999.0 -9999.0 -9999.0 -9999.0 -9999.0 -9999.0 -9999.0 -9999.0 -9999.0 -9999.0 -9999.0 -9999.0 -9999.0 -9999.0 -9999.0 -9999.0 -9999.0 -9999.0 -9999.0 -9999.0 -9999.0 -9999.0 -9999.0 -9999.0 -9999.0 -9999.0 -9999.0 -9999.0 -9999.0 -9999.0 -9999.0 -9999.0 -9999.0 -9999.0 -9999.0 -9999.0 -9999.0 -9999.0 -9999.0 -9999.0 -9999.0 -9999.0 -9999.0 -9999.0 -9999.0 -9999.0 -9999.0 -9999.0 -9999.0 -9999.0 -9999.0 -9999.0 -9999.0 -9999.0 -9999.0 -9999.0 -9999.0 -9999.0 -9999.0 -9999.0 -9999.0 -9999.0 -9999.0 -9999.0 -9999.0 -9999.0 -9999.0 -9999.0 -9999.0 -9999.0 -9999.0 -9999.0 -9999.0 -9999.0 -9999.0 -9999.0 -9999.0 -9999.0 -9999.0 -9999.0 -9999.0 -9999.0 -9999.0 -9999.0 -9999.0 -9999.0 -9999.0 -9999.0 -9999.0 -9999.0 -9999.0
-9999.0 -9999.0 -9999.0 -9999.0 -9999.0 -9999.0 -9999.0 -9999.0 -9999.0 -9999.0 -9999.0 -9999.0 -9999.0 -9999.0 -9999.0 -9999.0 -9999.0 -9999.0 -9999.0 -9999.0 -9999.0 -9999.0 -9999.0 -9999.0 -9999.0 -9999.0 -9999.0 -9999.0 -9999.0 -9999.0 -9999.0 -9999.0 -9999.0 -9999.0 -9999.0 -9999.0 -9999.0 -9999.0 -9999.0 -9999.0 -9999.0 -9999.0 -9999.0 -9999.0 -9999.0 -9999.0 -9999.0 -9999.0 -9999.0 -9999.0 -9999.0 -9999.0 -9999.0 -9999.0 -9999.0 -9999.0 -9999.0 -9999.0 -9999.0 -9999.0 -9999.0 -9999.0 -9999.0 -9999.0 -9999.0 -9999.0 -9999.0 -9999.0 -9999.0 -9999.0 -9999.0 -9999.0 -9999.0 -9999.0 -9999.0 -9999.0 -9999.0 -9999.0 -9999.0 -9999.0 -9999.0 -9999.0 -9999.0 -9999.0 -9999.0 -9999.0 -9999.0 -9999.0 -9999.0 -9999.0 -9999.0 -9999.0 -9999.0 -9999.0 -9999.0 -9999.0 -9999.0 -9999.0 -9999.0 -9999.0 -9999.0 -9999.0 -9999.0 -9999.0
-9999.0 -9999.0 28.292613 -64.958737 -161.881992 -259.601296 -357.607426 -455.702652 -553.784035 -651.759466 -749.445999 -846.695139 -943.390808 -1039.360070 -1135.192683 -1230.743055 -1324.757631 -1416.692111 -1506.113304 -1591.118412 -1666.833126 -1728.901850 -1776.130738 -1810.166784 -1833.875948 -1850.092497 -1861.089600 -1868.513325 -1873.502545 -1876.835911 -1879.047573 -1880.504700 -1881.458719 -1882.080223 -1882.483885 -1882.747900 -1882.932817 -1883.118265 -1883.573907 -1885.541335 -1892.075443 -1871.973738 -1161.204340 -1157.842618 -1147.409650 -1140.742098 -1137.610820 -1137.142503 -1137.093256 -1137.099475 -1137.113939 -1137.129426 -1137.144305 -1137.158081 -1137.170834 -1137.185341 -1137.228057 -1137.509874 -1139.184441 -1142.931096 -1148.528172 -1144.493716 -1850.598641 -1886.772025 -1884.391205 -1883.500456 -1883.339389 -1883.313992 -1883.310614 -1883.310867 -1883.311623 -1883.312314 -1883.312858 -1883.313274 -1883.313591 -1883.313838 -1883.314033 -1883.314191 -1883.314323 -1883.314440 -1883.314555 -1883.314683 -1883.314845 -1883.315070 -1883.315403 -1883.315916 -1883.316724 -1883.318018 -1883.320122 -1883.323608 -1883.329508 -1883.339760 -1883.358106 -1883.391923 -1883.455980 -1883.580335 -1883.828070 -1884.339500 -1885.453618 -1888.073168 -1894.973765 -1917.057704 -9999.0 -9999.0
-9999.0 -9999.0 28.305558 -64.956583 -161.881454 -259.601140 -357.607377 -455.702635 -553.784029 -651.759464 -749.445998 -846.695139 -943.390808 -1039.360070 -1135.192683 -1230.743055 -1324.757631 -1416.692111 -1506.113304 -1591.118412 -1666.833126 -1728.901850 -1776.130738 -1810.166784 -1833.875948 -1850.092497 -1861.089600 -1868.513325 -1873.502545 -1876.835911 -1879.047574 -1880.504700 -1881.458719 -1882.080223 -1882.483885 -1882.747900 -1882.932817 -1883.118265 -1883.573907 -1885.541335 -1892.075443 -1871.973738 -1161.204340 -1157.842618 -1147.409650 -1140.742098 -1137.610820 -1137.142503 -1137.093256 -1137.099475 -1137.113939 -1137.129426 -1137.144305 -1137.158081 -1137.170834 -1137.185341 -1137.228057 -1137.509874 -1139.184441 -1142.931096 -1148.528172 -1144.493716 -1850.598641 -1886.772025 -1884.391205 -1883.500456 -1883.339389 -1883.313992 -1883.310614 -1883.310867 -1883.311623 -1883.312314 -1883.312858 -1883.313274 -1883.313591 -1883.313838 -1883.314033 -1883.314191 -1883.314323 -1883.314440 -1883.314555 -1883.314683 -1883.314845 -1883.315070 -1883.315403 -1883.315916 -1883.316724 -1883.318018 -1883.320122 -1883.323608 -1883.329508 -1883.339760 -1883.358106 -1883.391923 -1883.455980 -1883.580335 -1883.828070 -1884.339500 -1885.453618 -1888.073168 -1894.973765 -1917.057704 -9999.0 -9999.0
-9999.0 -9999.0 28.306753 -64.955723 -161.881115 -259.601018 -357.607333 -455.702619 -553.784023 -651.759462 -749.445997 -846.695139 -943.390808 -1039.360070 -1135.192682 -1230.743055 -1324.757631 -1416.692111 -1506.113304 -1591.118412 -1666.833126 -1728.901851 -1776.130738 -1810.166784 -1833.875948 -1850.092497 -1861.089600 -1868.513325 -1873.502545 -1876.835911 -1879.047574 -1880.504700 -1881.458719 -1882.080223 -1882.483885 -1882.747900 -1882.932817 -1883.118265 -1883.573907 -1885.541335 -1892.075443 -1871.973738 -1161.204340 -1157.842618 -1147.409650 -1140.742098 -1137.610820 -1137.142503 -1137.093256 -1137.099475 -1137.113939 -1137.129426 -1137.144305 -1137.158081 -1137.170834 -1137.185341 -1137.228057 -1137.509874 -1139.184441 -1142.931096 -1148.528172 -1144.493716 -1850.598641 -1886.772025 -1884.391205 -1883.500456 -1883.339389 -1883.313992 -1883.310614 -1883.310867 -1883.311623 -1883.312314 -1883.312858 -1883.313274 -1883.313591 -1883.313838 -1883.314033 -1883.314191 -1883.314323 -1883.314440 -1883.314555 -1883.314683 -1883.314845 -1883.315070 -1883.315403 -1883.315916 -1883.316724 -1883.318018 -1883.320122 -1883.323608 -1883.329508 -1883.339760 -1883.358106 -1883.391923 -1883.455980 -1883.580335 -1883.828070 -1884.339500 -1885.453618 -1888.073168 -1894.973765 -1917.057704 -9999.0 -9999.0
-9999.0 -9999.0 28.306753 -64.955723 -161.881115 -259.601018 -357.607333 -455.702619 -553.784023 -651.759462 -749.445998 -846.695139 -943.390808 -1039.360070 -1135.192682 -1230.743055 -1324.757632 -1416.692111 -1506.113304 -1591.118412 -1666.833126 -1728.901851 -1776.130738 -1810.166784 -1833.875948 -1850.092497 -1861.089600 -1868.513325 -1873.502545 -1876.835911 -1879.047574 -1880.504700 -1881.458719 -1882.080223 -1882.483885 -1882.747900 -1882.932817 -1883.118265 -1883.573907 -1885.541335 -1892.075443 -1871.973738 -1161.204340 -1157.842618 -1147.409650 -1140.742098 -1137.610820 -1137.142503 -1137.093256 -1137.099475 -1137.113939 -1137.129426 -1137.144305 -1137.158081 -1137.170834 -1137.185341 -1137.228057 -1137.509874 -1139.184441 -1142.931096 -1148.528172 -1144.493716 -1850.598641 -1886.772025 -1884.391205 -1883.500456 -1883.339389 -1883.313992 -1883.310614 -1883.310867 -1883.311623 -1883.312314 -1883.312858 -1883.313274 -1883.313591 -1883.313838 -1883.314033 -1883.314191 -1883.314323 -1883.314440 -1883.314555 -1883.314683 -1883.314845 -1883.315070 -1883.315403 -1883.315916 -1883.316724 -1883.318018 -1883.320122 -1883.323608 -1883.329508 -1883.339760 -1883.358106 -1883.391923 -1883.455980 -1883.580335 -1883.828070 -1884.339500 -1885.453618 -1888.073168 -1894.973765 -1917.057704 -9999.0 -9999.0
-9999.0 -9999.0 28.305558 -64.956583 -161.881454 -259.601140 -357.607377 -455.702635 -553.784029 -651.759464 -749.445998 -846.695139 -943.390808 -1039.360070 -1135.192683 -1230.743055 -1324.757631 -1416.692111 -1506.113304 -1591.118412 -1666.833126 -1728.901850 -1776.130738 -1810.166784 -1833.875948 -1850.092497 -1861.089600 -1868.513325 -1873.502545 -1876.835911 -1879.047574 -1880.504700 -1881.458719 -1882.080223 -1882.483885 -1882.747900 -1882.932817 -1883.118265 -1883.573907 -1885.541335 -1892.075443 -1871.973738 -1161.204340 -1157.842618 -1147.409650 -1140.742098 -1137.610820 -1137.142503 -1137.093256 -1137.099475 -1137.113939 -1137.129426 -1137.144305 -1137.158081 -1137.170834 -1137.185341 -1137.228057 -1137.509874 -1139.184441 -1142.931096 -1148.528172 -1144.493716 -1850.598641 -1886.772025 -1884.391205 -1883.500456 -1883.339389 -1883.313992 -1883.310614 -1883.310867 -1883.311623 -1883.312314 -1883.312858 -1883.313274 -1883.313591 -1883.313838 -1883.314033 -1883.314191 -1883.314323 -1883.314440 -1883.314555 -1883.314683 -1883.314845 -1883.315070 -1883.315403 -1883.315916 -1883.316724 -1883.318018 -1883.320122 -1883.323608 -1883.329508 -1883.339760 -1883.358106 -1883.391923 -1883.455980 -1883.580335 -1883.828070 -1884.339500 -1885.453618 -1888.073168 -1894.973765 -1917.057704 -9999.0 -9999.0
-9999.0 -9999.0 28.292613 -64.958738 -161.881991 -259.601296 -357.607426 -455.702652 -553.784035 -651.759466 -749.445999 -846.695139 -943.390808 -1039.360070 -1135.192683 -1230.743055 -1324.757631 -1416.692111 -1506.113304 -1591.118412 -1666.833126 -1728.901850 -1776.130738 -1810.166784 -1833.875948 -1850.092497 -1861.089600 -1868.513325 -1873.502545 -1876.835911 -1879.047573 -1880.504700 -1881.458719 -1882.080223 -1882.483885 -1882.747900 -1882.932817 -1883.118265 -1883.573907 -1885.541335 -1892.075443 -1871.973738 -1161.204340 -1157.842618 -1147.409650 -1140.742098 -1137.610820 -1137.142503 -1137.093256 -1137.099475 -1137.113939 -1137.129426 -1137.144305 -1137.158081 -1137.170834 -1137.185341 -1137.228057 -1137.509874 -1139.184441 -1142.931096 -1148.528172 -1144.493716 -1850.598641 -1886.772025 -1884.391205 -1883.500456 -1883.339389 -1883.313992 -1883.310614 -1883.310867 -1883.311623 -1883.312314 -1883.312858 -1883.313274 -1883.313591 -1883.313838 -1883.314033 -1883.314191 -1883.314323 -1883.314440 -1883.314555 -1883.314683 -1883.314845 -1883.315070 -1883.315403 -1883.315916 -1883.316724 -1883.318018 -1883.320122 -1883.323608 -1883.329508 -1883.339760 -1883.358106 -1883.391923 -1883.455980 -1883.580335 -1883.828070 -1884.339500 -1885.453618 -1888.073168 -1894.973765 -1917.057704 -9999.0 -9999.0
-9999.0 -9999.0 -9999.0 -9999.0 -9999.0 -9999.0 -9999.0 -9999.0 -9999.0 -9999.0 -9999.0 -9999.0 -9999.0 -9999.0 -9999.0 -9999.0 -9999.0 -9999.0 -9999.0 -9999.0 -9999.0 -9999.0 -9999.0 -9999.0 -9999.0 -9999.0 -9999.0 -9999.0 -9999.0 -9999.0 -9999.0 -9999.0 -9999.0 -9999.0 -9999.0 -9999.0 -9999.0 -9999.0 -9999.0 -9999.0 -9999.0 -9999.0 -9999.0 -9999.0 -9999.0 -9999.0 -9999.0 -9999.0 -9999.0 -9999.0 -9999.0 -9999.0 -9999.0 -9999.0 -9999.0 -9999.0 -9999.0 -9999.0 -9999.0 -9999.0 -9999.0 -9999.0 -9999.0 -9999.0 -9999.0 -9999.0 -9999.0 -9999.0 -9999.0 -9999.0 -9999.0 -9999.0 -9999.0 -9999.0 -9999.0 -9999.0 -9999.0 -9999.0 -9999.0 -9999.0 -9999.0 -9999.0 -9999.0 -9999.0 -9999.0 -9999.0 -9999.0 -9999.0 -9999.0 -9999.0 -9999.0 -9999.0 -9999.0 -9999.0 -9999.0 -9999.0 -9999.0 -9999.0 -9999.0 -9999.0 -9999.0 -9999.0 -9999.0 -9999.0
-9999.0 -9999.0 -9999.0 -9999.0 -9999.0 -9999.0 -9999.0 -9999.0 -9999.0 -9999.0 -9999.0 -9999.0 -9999.0 -9999.0 -9999.0 -9999.0 -9999.0 -9999.0 -9999.0 -9999.0 -9999.0 -9999.0 -9999.0 -9999.0 -9999.0 -9999.0 -9999.0 -9999.0 -9999.0 -9999.0 -9999.0 -9999.0 -9999.0 -9999.0 -9999.0 -9999.0 -9999.0 -9999.0 -9999.0 -9999.0 -9999.0 -9999.0 -9999.0 -9999.0 -9999.0 -9999.0 -9999.0 -9999.0 -9999.0 -9999.0 -9999.0 -9999.0 -9999.0 -9999.0 -9999.0 -9999.0 -9999.0 -9999.0 -9999.0 -9999.0 -9999.0 -9999.0 -9999.0 -9999.0 -9999.0 -9999.0 -9999.0 -9999.0 -9999.0 -9999.0 -9999.0 -9999.0 -9999.0 -9999.0 -9999.0 -9999.0 -9999.0 -9999.0 -9999.0 -9999.0 -9999.0 -9999.0 -9999.0 -9999.0 -9999.0 -9999.0 -9999.0 -9999.0 -9999.0 -9999.0 -9999.0 -9999.0 -9999.0 -9999.0 -9999.0 -9999.0 -9999.0 -9999.0 -9999.0 -9999.0 -9999.0 -9999.0 -9999.0 -9999.0