inst/processing_geotop_simulation/geotop_simulation/out/maps3D/PwL0006N0186.asc
ncols         104
nrows         10
xllcorner     -2.000000
yllcorner     0.000000
cellsize      1.000000
NODATA_value  -9999.0
-9999.0 -9999.0 -9999.0 -9999.0 -9999.0 -9999.0 -9999.0 -9999.0 -9999.0 -9999.0 -9999.0 -9999.0 -9999.0 -9999.0 -9999.0 -9999.0 -9999.0 -9999.0 -9999.0 -9999.0 -9999.0 -9999.0 -9999.0 -9999.0 -9999.0 -9999.0 -9999.0 -9999.0 -9999.0 -9999.0 -9999.0 -9999.0 -9999.0 -9999.0 -9999.0 -9999.0 -9999.0 -9999.0 -9999.0 -9999.0 -9999.0 -9999.0 -9999.0 -9999.0 -9999.0 -9999.0 -9999.0 -9999.0 -9999.0 -9999.0 -9999.0 -9999.0 -9999.0 -9999.0 -9999.0 -9999.0 -9999.0 -9999.0 -9999.0 -9999.0 -9999.0 -9999.0 -9999.0 -9999.0 -9999.0 -9999.0 -9999.0 -9999.0 -9999.0 -9999.0 -9999.0 -9999.0 -9999.0 -9999.0 -9999.0 -9999.0 -9999.0 -9999.0 -9999.0 -9999.0 -9999.0 -9999.0 -9999.0 -9999.0 -9999.0 -9999.0 -9999.0 -9999.0 -9999.0 -9999.0 -9999.0 -9999.0 -9999.0 -9999.0 -9999.0 -9999.0 -9999.0 -9999.0 -9999.0 -9999.0 -9999.0 -9999.0 -9999.0 -9999.0
-9999.0 -9999.0 -9999.0 -9999.0 -9999.0 -9999.0 -9999.0 -9999.0 -9999.0 -9999.0 -9999.0 -9999.0 -9999.0 -9999.0 -9999.0 -9999.0 -9999.0 -9999.0 -9999.0 -9999.0 -9999.0 -9999.0 -9999.0 -9999.0 -9999.0 -9999.0 -9999.0 -9999.0 -9999.0 -9999.0 -9999.0 -9999.0 -9999.0 -9999.0 -9999.0 -9999.0 -9999.0 -9999.0 -9999.0 -9999.0 -9999.0 -9999.0 -9999.0 -9999.0 -9999.0 -9999.0 -9999.0 -9999.0 -9999.0 -9999.0 -9999.0 -9999.0 -9999.0 -9999.0 -9999.0 -9999.0 -9999.0 -9999.0 -9999.0 -9999.0 -9999.0 -9999.0 -9999.0 -9999.0 -9999.0 -9999.0 -9999.0 -9999.0 -9999.0 -9999.0 -9999.0 -9999.0 -9999.0 -9999.0 -9999.0 -9999.0 -9999.0 -9999.0 -9999.0 -9999.0 -9999.0 -9999.0 -9999.0 -9999.0 -9999.0 -9999.0 -9999.0 -9999.0 -9999.0 -9999.0 -9999.0 -9999.0 -9999.0 -9999.0 -9999.0 -9999.0 -9999.0 -9999.0 -9999.0 -9999.0 -9999.0 -9999.0 -9999.0 -9999.0
-9999.0 -9999.0 280.514150 188.435146 93.054629 -3.443322 -100.370531 -197.474276 -294.604020 -391.652268 -488.473276 -584.721490 -679.726612 -774.389833 -868.696370 -963.070054 -1057.467897 -1149.236862 -1239.353853 -1324.037565 -1396.625058 -1453.798165 -1495.845344 -1525.313966 -1545.385329 -1558.881076 -1567.927472 -1573.992618 -1578.054012 -1580.762041 -1582.556303 -1583.736950 -1584.508992 -1585.011285 -1585.336934 -1585.549584 -1585.699570 -1585.852585 -1586.232490 -1588.068830 -1596.425209 -1609.190486 -1093.097355 -1121.557749 -1099.911279 -1086.399205 -1080.121560 -1079.252455 -1079.163534 -1079.174485 -1079.200026 -1079.227341 -1079.253568 -1079.277842 -1079.300279 -1079.325547 -1079.399198 -1079.903034 -1083.183553 -1090.600899 -1101.896909 -1059.239238 -1584.761894 -1591.315774 -1587.098159 -1586.194493 -1586.051077 -1586.029063 -1586.026333 -1586.026866 -1586.027820 -1586.028659 -1586.029313 -1586.029811 -1586.030191 -1586.030486 -1586.030719 -1586.030907 -1586.031064 -1586.031203 -1586.031338 -1586.031489 -1586.031679 -1586.031942 -1586.032332 -1586.032932 -1586.033875 -1586.035383 -1586.037832 -1586.041878 -1586.048706 -1586.060528 -1586.081600 -1586.120300 -1586.193351 -1586.334570 -1586.614025 -1587.184613 -1588.407832 -1591.221204 -1598.386002 -1620.397413 -9999.0 -9999.0
-9999.0 -9999.0 280.523296 188.437256 93.055181 -3.443159 -100.370480 -197.474259 -294.604014 -391.652265 -488.473276 -584.721489 -679.726612 -774.389833 -868.696370 -963.070055 -1057.467897 -1149.236862 -1239.353853 -1324.037565 -1396.625059 -1453.798165 -1495.845344 -1525.313966 -1545.385329 -1558.881076 -1567.927472 -1573.992618 -1578.054012 -1580.762041 -1582.556303 -1583.736950 -1584.508992 -1585.011285 -1585.336934 -1585.549584 -1585.699570 -1585.852585 -1586.232490 -1588.068830 -1596.425209 -1609.190486 -1093.097355 -1121.557749 -1099.911279 -1086.399205 -1080.121560 -1079.252455 -1079.163534 -1079.174485 -1079.200026 -1079.227341 -1079.253568 -1079.277842 -1079.300279 -1079.325547 -1079.399198 -1079.903034 -1083.183553 -1090.600899 -1101.896909 -1059.239238 -1584.761894 -1591.315774 -1587.098159 -1586.194493 -1586.051077 -1586.029063 -1586.026333 -1586.026866 -1586.027820 -1586.028659 -1586.029313 -1586.029811 -1586.030191 -1586.030486 -1586.030719 -1586.030907 -1586.031064 -1586.031203 -1586.031338 -1586.031489 -1586.031679 -1586.031942 -1586.032332 -1586.032932 -1586.033875 -1586.035383 -1586.037832 -1586.041878 -1586.048706 -1586.060528 -1586.081600 -1586.120300 -1586.193351 -1586.334570 -1586.614025 -1587.184613 -1588.407832 -1591.221204 -1598.386002 -1620.397413 -9999.0 -9999.0
-9999.0 -9999.0 280.524881 188.438136 93.055531 -3.443032 -100.370434 -197.474243 -294.604008 -391.652263 -488.473275 -584.721489 -679.726612 -774.389833 -868.696370 -963.070055 -1057.467897 -1149.236863 -1239.353853 -1324.037565 -1396.625059 -1453.798166 -1495.845344 -1525.313966 -1545.385329 -1558.881076 -1567.927472 -1573.992618 -1578.054012 -1580.762041 -1582.556303 -1583.736950 -1584.508992 -1585.011285 -1585.336934 -1585.549584 -1585.699570 -1585.852585 -1586.232490 -1588.068830 -1596.425209 -1609.190486 -1093.097355 -1121.557749 -1099.911279 -1086.399204 -1080.121560 -1079.252455 -1079.163534 -1079.174485 -1079.200026 -1079.227341 -1079.253568 -1079.277842 -1079.300279 -1079.325547 -1079.399198 -1079.903034 -1083.183553 -1090.600899 -1101.896908 -1059.239238 -1584.761894 -1591.315774 -1587.098159 -1586.194493 -1586.051077 -1586.029063 -1586.026333 -1586.026866 -1586.027820 -1586.028659 -1586.029313 -1586.029811 -1586.030191 -1586.030486 -1586.030719 -1586.030907 -1586.031064 -1586.031203 -1586.031338 -1586.031489 -1586.031679 -1586.031942 -1586.032332 -1586.032932 -1586.033875 -1586.035383 -1586.037832 -1586.041878 -1586.048706 -1586.060528 -1586.081600 -1586.120300 -1586.193351 -1586.334570 -1586.614025 -1587.184613 -1588.407832 -1591.221204 -1598.386002 -1620.397413 -9999.0 -9999.0
-9999.0 -9999.0 280.524881 188.438136 93.055531 -3.443032 -100.370434 -197.474243 -294.604008 -391.652263 -488.473275 -584.721489 -679.726612 -774.389833 -868.696370 -963.070055 -1057.467897 -1149.236862 -1239.353853 -1324.037565 -1396.625059 -1453.798166 -1495.845344 -1525.313966 -1545.385329 -1558.881076 -1567.927472 -1573.992618 -1578.054012 -1580.762041 -1582.556303 -1583.736950 -1584.508992 -1585.011285 -1585.336934 -1585.549584 -1585.699570 -1585.852585 -1586.232490 -1588.068830 -1596.425209 -1609.190486 -1093.097355 -1121.557749 -1099.911279 -1086.399204 -1080.121560 -1079.252455 -1079.163534 -1079.174485 -1079.200026 -1079.227341 -1079.253568 -1079.277842 -1079.300279 -1079.325547 -1079.399198 -1079.903034 -1083.183553 -1090.600899 -1101.896908 -1059.239238 -1584.761894 -1591.315774 -1587.098159 -1586.194493 -1586.051077 -1586.029063 -1586.026333 -1586.026866 -1586.027820 -1586.028659 -1586.029313 -1586.029811 -1586.030191 -1586.030486 -1586.030719 -1586.030907 -1586.031064 -1586.031203 -1586.031338 -1586.031489 -1586.031679 -1586.031942 -1586.032332 -1586.032932 -1586.033875 -1586.035383 -1586.037832 -1586.041878 -1586.048706 -1586.060528 -1586.081600 -1586.120300 -1586.193351 -1586.334570 -1586.614025 -1587.184613 -1588.407832 -1591.221204 -1598.386002 -1620.397413 -9999.0 -9999.0
-9999.0 -9999.0 280.523296 188.437256 93.055181 -3.443159 -100.370480 -197.474259 -294.604014 -391.652265 -488.473276 -584.721489 -679.726612 -774.389833 -868.696370 -963.070055 -1057.467897 -1149.236862 -1239.353853 -1324.037565 -1396.625059 -1453.798165 -1495.845344 -1525.313966 -1545.385329 -1558.881076 -1567.927472 -1573.992618 -1578.054012 -1580.762041 -1582.556303 -1583.736950 -1584.508992 -1585.011285 -1585.336934 -1585.549584 -1585.699570 -1585.852585 -1586.232490 -1588.068830 -1596.425209 -1609.190486 -1093.097355 -1121.557749 -1099.911279 -1086.399205 -1080.121560 -1079.252455 -1079.163534 -1079.174485 -1079.200026 -1079.227341 -1079.253568 -1079.277842 -1079.300279 -1079.325547 -1079.399198 -1079.903034 -1083.183553 -1090.600899 -1101.896909 -1059.239238 -1584.761894 -1591.315774 -1587.098159 -1586.194493 -1586.051077 -1586.029063 -1586.026333 -1586.026866 -1586.027820 -1586.028659 -1586.029313 -1586.029811 -1586.030191 -1586.030486 -1586.030719 -1586.030907 -1586.031064 -1586.031203 -1586.031338 -1586.031489 -1586.031679 -1586.031942 -1586.032332 -1586.032932 -1586.033875 -1586.035383 -1586.037832 -1586.041878 -1586.048706 -1586.060528 -1586.081600 -1586.120300 -1586.193351 -1586.334570 -1586.614025 -1587.184613 -1588.407832 -1591.221204 -1598.386002 -1620.397413 -9999.0 -9999.0
-9999.0 -9999.0 280.514150 188.435147 93.054629 -3.443322 -100.370531 -197.474276 -294.604020 -391.652267 -488.473277 -584.721490 -679.726612 -774.389833 -868.696370 -963.070054 -1057.467897 -1149.236862 -1239.353853 -1324.037565 -1396.625058 -1453.798165 -1495.845344 -1525.313966 -1545.385329 -1558.881076 -1567.927472 -1573.992618 -1578.054012 -1580.762041 -1582.556303 -1583.736950 -1584.508992 -1585.011285 -1585.336934 -1585.549584 -1585.699570 -1585.852585 -1586.232490 -1588.068830 -1596.425209 -1609.190486 -1093.097355 -1121.557749 -1099.911279 -1086.399205 -1080.121560 -1079.252455 -1079.163534 -1079.174485 -1079.200026 -1079.227341 -1079.253568 -1079.277842 -1079.300279 -1079.325547 -1079.399198 -1079.903034 -1083.183553 -1090.600899 -1101.896909 -1059.239238 -1584.761894 -1591.315774 -1587.098159 -1586.194493 -1586.051077 -1586.029063 -1586.026333 -1586.026866 -1586.027820 -1586.028659 -1586.029313 -1586.029811 -1586.030191 -1586.030486 -1586.030719 -1586.030907 -1586.031064 -1586.031203 -1586.031338 -1586.031489 -1586.031679 -1586.031942 -1586.032332 -1586.032932 -1586.033875 -1586.035383 -1586.037832 -1586.041878 -1586.048706 -1586.060528 -1586.081600 -1586.120300 -1586.193351 -1586.334570 -1586.614025 -1587.184613 -1588.407832 -1591.221204 -1598.386002 -1620.397413 -9999.0 -9999.0
-9999.0 -9999.0 -9999.0 -9999.0 -9999.0 -9999.0 -9999.0 -9999.0 -9999.0 -9999.0 -9999.0 -9999.0 -9999.0 -9999.0 -9999.0 -9999.0 -9999.0 -9999.0 -9999.0 -9999.0 -9999.0 -9999.0 -9999.0 -9999.0 -9999.0 -9999.0 -9999.0 -9999.0 -9999.0 -9999.0 -9999.0 -9999.0 -9999.0 -9999.0 -9999.0 -9999.0 -9999.0 -9999.0 -9999.0 -9999.0 -9999.0 -9999.0 -9999.0 -9999.0 -9999.0 -9999.0 -9999.0 -9999.0 -9999.0 -9999.0 -9999.0 -9999.0 -9999.0 -9999.0 -9999.0 -9999.0 -9999.0 -9999.0 -9999.0 -9999.0 -9999.0 -9999.0 -9999.0 -9999.0 -9999.0 -9999.0 -9999.0 -9999.0 -9999.0 -9999.0 -9999.0 -9999.0 -9999.0 -9999.0 -9999.0 -9999.0 -9999.0 -9999.0 -9999.0 -9999.0 -9999.0 -9999.0 -9999.0 -9999.0 -9999.0 -9999.0 -9999.0 -9999.0 -9999.0 -9999.0 -9999.0 -9999.0 -9999.0 -9999.0 -9999.0 -9999.0 -9999.0 -9999.0 -9999.0 -9999.0 -9999.0 -9999.0 -9999.0 -9999.0
-9999.0 -9999.0 -9999.0 -9999.0 -9999.0 -9999.0 -9999.0 -9999.0 -9999.0 -9999.0 -9999.0 -9999.0 -9999.0 -9999.0 -9999.0 -9999.0 -9999.0 -9999.0 -9999.0 -9999.0 -9999.0 -9999.0 -9999.0 -9999.0 -9999.0 -9999.0 -9999.0 -9999.0 -9999.0 -9999.0 -9999.0 -9999.0 -9999.0 -9999.0 -9999.0 -9999.0 -9999.0 -9999.0 -9999.0 -9999.0 -9999.0 -9999.0 -9999.0 -9999.0 -9999.0 -9999.0 -9999.0 -9999.0 -9999.0 -9999.0 -9999.0 -9999.0 -9999.0 -9999.0 -9999.0 -9999.0 -9999.0 -9999.0 -9999.0 -9999.0 -9999.0 -9999.0 -9999.0 -9999.0 -9999.0 -9999.0 -9999.0 -9999.0 -9999.0 -9999.0 -9999.0 -9999.0 -9999.0 -9999.0 -9999.0 -9999.0 -9999.0 -9999.0 -9999.0 -9999.0 -9999.0 -9999.0 -9999.0 -9999.0 -9999.0 -9999.0 -9999.0 -9999.0 -9999.0 -9999.0 -9999.0 -9999.0 -9999.0 -9999.0 -9999.0 -9999.0 -9999.0 -9999.0 -9999.0 -9999.0 -9999.0 -9999.0 -9999.0 -9999.0