inst/processing_geotop_simulation/geotop_simulation/out/maps3D/PwL0001N0277.asc
ncols         104
nrows         10
xllcorner     -2.000000
yllcorner     0.000000
cellsize      1.000000
NODATA_value  -9999.0
-9999.0 -9999.0 -9999.0 -9999.0 -9999.0 -9999.0 -9999.0 -9999.0 -9999.0 -9999.0 -9999.0 -9999.0 -9999.0 -9999.0 -9999.0 -9999.0 -9999.0 -9999.0 -9999.0 -9999.0 -9999.0 -9999.0 -9999.0 -9999.0 -9999.0 -9999.0 -9999.0 -9999.0 -9999.0 -9999.0 -9999.0 -9999.0 -9999.0 -9999.0 -9999.0 -9999.0 -9999.0 -9999.0 -9999.0 -9999.0 -9999.0 -9999.0 -9999.0 -9999.0 -9999.0 -9999.0 -9999.0 -9999.0 -9999.0 -9999.0 -9999.0 -9999.0 -9999.0 -9999.0 -9999.0 -9999.0 -9999.0 -9999.0 -9999.0 -9999.0 -9999.0 -9999.0 -9999.0 -9999.0 -9999.0 -9999.0 -9999.0 -9999.0 -9999.0 -9999.0 -9999.0 -9999.0 -9999.0 -9999.0 -9999.0 -9999.0 -9999.0 -9999.0 -9999.0 -9999.0 -9999.0 -9999.0 -9999.0 -9999.0 -9999.0 -9999.0 -9999.0 -9999.0 -9999.0 -9999.0 -9999.0 -9999.0 -9999.0 -9999.0 -9999.0 -9999.0 -9999.0 -9999.0 -9999.0 -9999.0 -9999.0 -9999.0 -9999.0 -9999.0
-9999.0 -9999.0 -9999.0 -9999.0 -9999.0 -9999.0 -9999.0 -9999.0 -9999.0 -9999.0 -9999.0 -9999.0 -9999.0 -9999.0 -9999.0 -9999.0 -9999.0 -9999.0 -9999.0 -9999.0 -9999.0 -9999.0 -9999.0 -9999.0 -9999.0 -9999.0 -9999.0 -9999.0 -9999.0 -9999.0 -9999.0 -9999.0 -9999.0 -9999.0 -9999.0 -9999.0 -9999.0 -9999.0 -9999.0 -9999.0 -9999.0 -9999.0 -9999.0 -9999.0 -9999.0 -9999.0 -9999.0 -9999.0 -9999.0 -9999.0 -9999.0 -9999.0 -9999.0 -9999.0 -9999.0 -9999.0 -9999.0 -9999.0 -9999.0 -9999.0 -9999.0 -9999.0 -9999.0 -9999.0 -9999.0 -9999.0 -9999.0 -9999.0 -9999.0 -9999.0 -9999.0 -9999.0 -9999.0 -9999.0 -9999.0 -9999.0 -9999.0 -9999.0 -9999.0 -9999.0 -9999.0 -9999.0 -9999.0 -9999.0 -9999.0 -9999.0 -9999.0 -9999.0 -9999.0 -9999.0 -9999.0 -9999.0 -9999.0 -9999.0 -9999.0 -9999.0 -9999.0 -9999.0 -9999.0 -9999.0 -9999.0 -9999.0 -9999.0 -9999.0
-9999.0 -9999.0 27.341101 -67.718141 -165.468880 -263.802363 -362.346690 -460.958868 -559.565728 -658.103314 -756.452134 -854.516248 -952.216136 -1049.429882 -1146.524277 -1243.411979 -1339.206971 -1433.299870 -1524.942440 -1612.812353 -1693.784343 -1763.776749 -1820.220207 -1863.139795 -1894.414403 -1916.573704 -1931.998501 -1942.607849 -1949.835780 -1954.716844 -1957.985665 -1960.158239 -1961.592967 -1962.535724 -1963.153408 -1963.560149 -1963.842135 -1964.105364 -1964.672386 -1966.807769 -1972.329490 -1939.758613 -1199.693924 -1196.365210 -1186.092796 -1179.470573 -1176.358393 -1175.885259 -1175.834904 -1175.840587 -1175.854515 -1175.869463 -1175.883830 -1175.897133 -1175.909472 -1175.923725 -1175.967028 -1176.252644 -1177.919881 -1181.633532 -1187.027501 -1183.016305 -1917.651887 -1966.670978 -1965.501346 -1964.615967 -1964.435310 -1964.405600 -1964.401436 -1964.401450 -1964.402069 -1964.402662 -1964.403134 -1964.403496 -1964.403774 -1964.403990 -1964.404161 -1964.404300 -1964.404416 -1964.404520 -1964.404623 -1964.404737 -1964.404882 -1964.405082 -1964.405380 -1964.405837 -1964.406557 -1964.407712 -1964.409593 -1964.412715 -1964.418015 -1964.427258 -1964.443856 -1964.474561 -1964.532945 -1964.646866 -1964.875693 -1965.354305 -1966.415878 -1968.969052 -1975.881127 -1998.436854 -9999.0 -9999.0
-9999.0 -9999.0 27.353568 -67.716069 -165.468364 -263.802212 -362.346642 -460.958852 -559.565722 -658.103312 -756.452133 -854.516248 -952.216135 -1049.429882 -1146.524277 -1243.411979 -1339.206971 -1433.299870 -1524.942440 -1612.812353 -1693.784343 -1763.776749 -1820.220207 -1863.139795 -1894.414403 -1916.573704 -1931.998501 -1942.607849 -1949.835780 -1954.716844 -1957.985665 -1960.158239 -1961.592967 -1962.535724 -1963.153408 -1963.560149 -1963.842135 -1964.105364 -1964.672386 -1966.807769 -1972.329490 -1939.758613 -1199.693924 -1196.365210 -1186.092795 -1179.470573 -1176.358393 -1175.885259 -1175.834904 -1175.840587 -1175.854515 -1175.869463 -1175.883830 -1175.897133 -1175.909472 -1175.923725 -1175.967028 -1176.252644 -1177.919881 -1181.633532 -1187.027501 -1183.016305 -1917.651887 -1966.670978 -1965.501346 -1964.615967 -1964.435310 -1964.405600 -1964.401436 -1964.401450 -1964.402069 -1964.402662 -1964.403134 -1964.403496 -1964.403774 -1964.403990 -1964.404161 -1964.404300 -1964.404416 -1964.404520 -1964.404623 -1964.404737 -1964.404882 -1964.405082 -1964.405380 -1964.405837 -1964.406557 -1964.407712 -1964.409593 -1964.412715 -1964.418015 -1964.427258 -1964.443856 -1964.474561 -1964.532945 -1964.646866 -1964.875693 -1965.354305 -1966.415878 -1968.969052 -1975.881127 -1998.436854 -9999.0 -9999.0
-9999.0 -9999.0 27.354720 -67.715242 -165.468037 -263.802094 -362.346600 -460.958837 -559.565717 -658.103310 -756.452133 -854.516247 -952.216135 -1049.429881 -1146.524277 -1243.411979 -1339.206971 -1433.299870 -1524.942440 -1612.812353 -1693.784343 -1763.776749 -1820.220207 -1863.139795 -1894.414403 -1916.573704 -1931.998501 -1942.607849 -1949.835780 -1954.716844 -1957.985665 -1960.158239 -1961.592967 -1962.535724 -1963.153408 -1963.560149 -1963.842135 -1964.105364 -1964.672386 -1966.807769 -1972.329490 -1939.758613 -1199.693924 -1196.365210 -1186.092795 -1179.470573 -1176.358393 -1175.885259 -1175.834904 -1175.840587 -1175.854515 -1175.869463 -1175.883830 -1175.897133 -1175.909472 -1175.923725 -1175.967028 -1176.252644 -1177.919881 -1181.633532 -1187.027501 -1183.016305 -1917.651887 -1966.670978 -1965.501346 -1964.615967 -1964.435310 -1964.405600 -1964.401436 -1964.401450 -1964.402069 -1964.402662 -1964.403134 -1964.403496 -1964.403774 -1964.403990 -1964.404161 -1964.404300 -1964.404416 -1964.404520 -1964.404623 -1964.404737 -1964.404882 -1964.405082 -1964.405380 -1964.405837 -1964.406557 -1964.407712 -1964.409593 -1964.412715 -1964.418015 -1964.427258 -1964.443856 -1964.474561 -1964.532945 -1964.646866 -1964.875693 -1965.354305 -1966.415878 -1968.969052 -1975.881127 -1998.436854 -9999.0 -9999.0
-9999.0 -9999.0 27.354720 -67.715242 -165.468037 -263.802094 -362.346600 -460.958837 -559.565717 -658.103310 -756.452133 -854.516247 -952.216135 -1049.429882 -1146.524277 -1243.411979 -1339.206971 -1433.299870 -1524.942440 -1612.812353 -1693.784343 -1763.776749 -1820.220207 -1863.139795 -1894.414403 -1916.573704 -1931.998501 -1942.607849 -1949.835780 -1954.716844 -1957.985665 -1960.158239 -1961.592967 -1962.535724 -1963.153408 -1963.560149 -1963.842135 -1964.105364 -1964.672386 -1966.807769 -1972.329490 -1939.758613 -1199.693924 -1196.365210 -1186.092795 -1179.470573 -1176.358393 -1175.885259 -1175.834904 -1175.840587 -1175.854515 -1175.869463 -1175.883830 -1175.897133 -1175.909472 -1175.923725 -1175.967028 -1176.252644 -1177.919881 -1181.633532 -1187.027501 -1183.016305 -1917.651887 -1966.670978 -1965.501346 -1964.615967 -1964.435310 -1964.405600 -1964.401436 -1964.401450 -1964.402069 -1964.402662 -1964.403134 -1964.403496 -1964.403774 -1964.403990 -1964.404161 -1964.404300 -1964.404416 -1964.404520 -1964.404623 -1964.404737 -1964.404882 -1964.405082 -1964.405380 -1964.405837 -1964.406557 -1964.407712 -1964.409593 -1964.412715 -1964.418015 -1964.427258 -1964.443856 -1964.474561 -1964.532945 -1964.646866 -1964.875693 -1965.354305 -1966.415878 -1968.969052 -1975.881127 -1998.436854 -9999.0 -9999.0
-9999.0 -9999.0 27.353568 -67.716069 -165.468364 -263.802212 -362.346642 -460.958852 -559.565722 -658.103312 -756.452133 -854.516248 -952.216135 -1049.429882 -1146.524277 -1243.411979 -1339.206971 -1433.299870 -1524.942440 -1612.812353 -1693.784343 -1763.776749 -1820.220207 -1863.139795 -1894.414403 -1916.573704 -1931.998501 -1942.607849 -1949.835780 -1954.716844 -1957.985665 -1960.158239 -1961.592967 -1962.535724 -1963.153408 -1963.560149 -1963.842135 -1964.105364 -1964.672386 -1966.807769 -1972.329490 -1939.758613 -1199.693924 -1196.365210 -1186.092795 -1179.470573 -1176.358393 -1175.885259 -1175.834904 -1175.840587 -1175.854515 -1175.869463 -1175.883830 -1175.897133 -1175.909472 -1175.923725 -1175.967028 -1176.252644 -1177.919881 -1181.633532 -1187.027501 -1183.016305 -1917.651887 -1966.670978 -1965.501346 -1964.615967 -1964.435310 -1964.405600 -1964.401436 -1964.401450 -1964.402069 -1964.402662 -1964.403134 -1964.403496 -1964.403774 -1964.403990 -1964.404161 -1964.404300 -1964.404416 -1964.404520 -1964.404623 -1964.404737 -1964.404882 -1964.405082 -1964.405380 -1964.405837 -1964.406557 -1964.407712 -1964.409593 -1964.412715 -1964.418015 -1964.427258 -1964.443856 -1964.474561 -1964.532945 -1964.646866 -1964.875693 -1965.354305 -1966.415878 -1968.969052 -1975.881127 -1998.436854 -9999.0 -9999.0
-9999.0 -9999.0 27.341101 -67.718141 -165.468880 -263.802363 -362.346690 -460.958868 -559.565728 -658.103314 -756.452134 -854.516248 -952.216136 -1049.429882 -1146.524277 -1243.411979 -1339.206971 -1433.299870 -1524.942440 -1612.812353 -1693.784343 -1763.776749 -1820.220207 -1863.139795 -1894.414403 -1916.573704 -1931.998501 -1942.607849 -1949.835780 -1954.716844 -1957.985665 -1960.158239 -1961.592967 -1962.535724 -1963.153408 -1963.560149 -1963.842135 -1964.105364 -1964.672386 -1966.807769 -1972.329490 -1939.758613 -1199.693924 -1196.365210 -1186.092796 -1179.470573 -1176.358393 -1175.885259 -1175.834904 -1175.840587 -1175.854515 -1175.869463 -1175.883830 -1175.897133 -1175.909472 -1175.923725 -1175.967028 -1176.252644 -1177.919881 -1181.633532 -1187.027501 -1183.016305 -1917.651887 -1966.670978 -1965.501346 -1964.615967 -1964.435310 -1964.405600 -1964.401436 -1964.401450 -1964.402069 -1964.402662 -1964.403134 -1964.403496 -1964.403774 -1964.403990 -1964.404161 -1964.404300 -1964.404416 -1964.404520 -1964.404623 -1964.404737 -1964.404882 -1964.405082 -1964.405380 -1964.405837 -1964.406557 -1964.407712 -1964.409593 -1964.412715 -1964.418015 -1964.427258 -1964.443856 -1964.474561 -1964.532945 -1964.646866 -1964.875693 -1965.354305 -1966.415878 -1968.969052 -1975.881127 -1998.436854 -9999.0 -9999.0
-9999.0 -9999.0 -9999.0 -9999.0 -9999.0 -9999.0 -9999.0 -9999.0 -9999.0 -9999.0 -9999.0 -9999.0 -9999.0 -9999.0 -9999.0 -9999.0 -9999.0 -9999.0 -9999.0 -9999.0 -9999.0 -9999.0 -9999.0 -9999.0 -9999.0 -9999.0 -9999.0 -9999.0 -9999.0 -9999.0 -9999.0 -9999.0 -9999.0 -9999.0 -9999.0 -9999.0 -9999.0 -9999.0 -9999.0 -9999.0 -9999.0 -9999.0 -9999.0 -9999.0 -9999.0 -9999.0 -9999.0 -9999.0 -9999.0 -9999.0 -9999.0 -9999.0 -9999.0 -9999.0 -9999.0 -9999.0 -9999.0 -9999.0 -9999.0 -9999.0 -9999.0 -9999.0 -9999.0 -9999.0 -9999.0 -9999.0 -9999.0 -9999.0 -9999.0 -9999.0 -9999.0 -9999.0 -9999.0 -9999.0 -9999.0 -9999.0 -9999.0 -9999.0 -9999.0 -9999.0 -9999.0 -9999.0 -9999.0 -9999.0 -9999.0 -9999.0 -9999.0 -9999.0 -9999.0 -9999.0 -9999.0 -9999.0 -9999.0 -9999.0 -9999.0 -9999.0 -9999.0 -9999.0 -9999.0 -9999.0 -9999.0 -9999.0 -9999.0 -9999.0
-9999.0 -9999.0 -9999.0 -9999.0 -9999.0 -9999.0 -9999.0 -9999.0 -9999.0 -9999.0 -9999.0 -9999.0 -9999.0 -9999.0 -9999.0 -9999.0 -9999.0 -9999.0 -9999.0 -9999.0 -9999.0 -9999.0 -9999.0 -9999.0 -9999.0 -9999.0 -9999.0 -9999.0 -9999.0 -9999.0 -9999.0 -9999.0 -9999.0 -9999.0 -9999.0 -9999.0 -9999.0 -9999.0 -9999.0 -9999.0 -9999.0 -9999.0 -9999.0 -9999.0 -9999.0 -9999.0 -9999.0 -9999.0 -9999.0 -9999.0 -9999.0 -9999.0 -9999.0 -9999.0 -9999.0 -9999.0 -9999.0 -9999.0 -9999.0 -9999.0 -9999.0 -9999.0 -9999.0 -9999.0 -9999.0 -9999.0 -9999.0 -9999.0 -9999.0 -9999.0 -9999.0 -9999.0 -9999.0 -9999.0 -9999.0 -9999.0 -9999.0 -9999.0 -9999.0 -9999.0 -9999.0 -9999.0 -9999.0 -9999.0 -9999.0 -9999.0 -9999.0 -9999.0 -9999.0 -9999.0 -9999.0 -9999.0 -9999.0 -9999.0 -9999.0 -9999.0 -9999.0 -9999.0 -9999.0 -9999.0 -9999.0 -9999.0 -9999.0 -9999.0