inst/processing_geotop_simulation/geotop_simulation/out/maps3D/PwL0019N0028.asc
ncols         104
nrows         10
xllcorner     -2.000000
yllcorner     0.000000
cellsize      1.000000
NODATA_value  -9999.0
-9999.0 -9999.0 -9999.0 -9999.0 -9999.0 -9999.0 -9999.0 -9999.0 -9999.0 -9999.0 -9999.0 -9999.0 -9999.0 -9999.0 -9999.0 -9999.0 -9999.0 -9999.0 -9999.0 -9999.0 -9999.0 -9999.0 -9999.0 -9999.0 -9999.0 -9999.0 -9999.0 -9999.0 -9999.0 -9999.0 -9999.0 -9999.0 -9999.0 -9999.0 -9999.0 -9999.0 -9999.0 -9999.0 -9999.0 -9999.0 -9999.0 -9999.0 -9999.0 -9999.0 -9999.0 -9999.0 -9999.0 -9999.0 -9999.0 -9999.0 -9999.0 -9999.0 -9999.0 -9999.0 -9999.0 -9999.0 -9999.0 -9999.0 -9999.0 -9999.0 -9999.0 -9999.0 -9999.0 -9999.0 -9999.0 -9999.0 -9999.0 -9999.0 -9999.0 -9999.0 -9999.0 -9999.0 -9999.0 -9999.0 -9999.0 -9999.0 -9999.0 -9999.0 -9999.0 -9999.0 -9999.0 -9999.0 -9999.0 -9999.0 -9999.0 -9999.0 -9999.0 -9999.0 -9999.0 -9999.0 -9999.0 -9999.0 -9999.0 -9999.0 -9999.0 -9999.0 -9999.0 -9999.0 -9999.0 -9999.0 -9999.0 -9999.0 -9999.0 -9999.0
-9999.0 -9999.0 -9999.0 -9999.0 -9999.0 -9999.0 -9999.0 -9999.0 -9999.0 -9999.0 -9999.0 -9999.0 -9999.0 -9999.0 -9999.0 -9999.0 -9999.0 -9999.0 -9999.0 -9999.0 -9999.0 -9999.0 -9999.0 -9999.0 -9999.0 -9999.0 -9999.0 -9999.0 -9999.0 -9999.0 -9999.0 -9999.0 -9999.0 -9999.0 -9999.0 -9999.0 -9999.0 -9999.0 -9999.0 -9999.0 -9999.0 -9999.0 -9999.0 -9999.0 -9999.0 -9999.0 -9999.0 -9999.0 -9999.0 -9999.0 -9999.0 -9999.0 -9999.0 -9999.0 -9999.0 -9999.0 -9999.0 -9999.0 -9999.0 -9999.0 -9999.0 -9999.0 -9999.0 -9999.0 -9999.0 -9999.0 -9999.0 -9999.0 -9999.0 -9999.0 -9999.0 -9999.0 -9999.0 -9999.0 -9999.0 -9999.0 -9999.0 -9999.0 -9999.0 -9999.0 -9999.0 -9999.0 -9999.0 -9999.0 -9999.0 -9999.0 -9999.0 -9999.0 -9999.0 -9999.0 -9999.0 -9999.0 -9999.0 -9999.0 -9999.0 -9999.0 -9999.0 -9999.0 -9999.0 -9999.0 -9999.0 -9999.0 -9999.0 -9999.0
-9999.0 -9999.0 767.443737 667.961688 567.342924 464.984823 361.068354 256.032987 150.136423 43.110306 -68.182392 -172.312234 -261.796717 -326.316160 -361.136696 -368.011169 -366.073190 -361.747818 -357.162735 -264.071467 -97.751453 70.430697 247.565556 430.476972 348.539426 263.494710 176.353145 87.843247 -1.426506 -90.099723 -174.228563 -245.467994 -295.538694 -324.294540 -338.205680 -343.733463 -345.084869 -347.645166 -330.051628 -172.944623 -153.292052 -253.438811 -2766.080245 -4034.554183 -4034.653465 -4034.653465 -4034.653465 -4034.653465 -4034.653465 -4034.653465 -4034.653465 -4034.653465 -4034.653465 -4034.653465 -4034.653465 -4034.653465 -4034.653465 -4034.653465 -4034.653465 -4034.653463 -4034.462524 -2629.726285 -9.292983 -255.249401 -315.326679 -333.224580 -342.308305 -347.605189 -350.766125 -352.692156 -353.873360 -354.613898 -355.079418 -355.371629 -355.558621 -355.678292 -355.756469 -355.809402 -355.847179 -355.876710 -355.903765 -355.935139 -355.976785 -356.036850 -356.128676 -356.271703 -356.496132 -356.849350 -357.405680 -358.281418 -359.657337 -361.812625 -365.172962 -370.375591 -378.349547 -390.399788 -408.268770 -434.147083 -470.847430 -525.657438 -640.410587 -993.074823 -9999.0 -9999.0
-9999.0 -9999.0 767.507137 667.988676 567.352996 464.988516 361.069745 256.033518 150.136630 43.110388 -68.182359 -172.312222 -261.796713 -326.316159 -361.136696 -368.011169 -366.073190 -361.747818 -357.162735 -264.071467 -97.751453 70.430697 247.565556 430.476972 348.539426 263.494710 176.353145 87.843247 -1.426506 -90.099723 -174.228563 -245.467994 -295.538694 -324.294540 -338.205680 -343.733463 -345.084869 -347.645166 -330.051627 -172.944621 -153.292054 -253.438812 -2766.080245 -4034.554183 -4034.653465 -4034.653465 -4034.653465 -4034.653465 -4034.653465 -4034.653465 -4034.653465 -4034.653465 -4034.653465 -4034.653465 -4034.653465 -4034.653465 -4034.653465 -4034.653465 -4034.653465 -4034.653463 -4034.462524 -2629.726285 -9.292988 -255.249402 -315.326679 -333.224580 -342.308305 -347.605189 -350.766125 -352.692156 -353.873360 -354.613898 -355.079418 -355.371629 -355.558621 -355.678292 -355.756469 -355.809402 -355.847179 -355.876710 -355.903765 -355.935139 -355.976785 -356.036850 -356.128676 -356.271703 -356.496132 -356.849350 -357.405680 -358.281418 -359.657337 -361.812625 -365.172962 -370.375591 -378.349547 -390.399788 -408.268770 -434.147083 -470.847430 -525.657438 -640.410587 -993.074823 -9999.0 -9999.0
-9999.0 -9999.0 767.542225 668.007013 567.360993 464.991754 361.071039 256.034027 150.136832 43.110469 -68.182327 -172.312209 -261.796709 -326.316158 -361.136695 -368.011169 -366.073190 -361.747818 -357.162735 -264.071467 -97.751453 70.430697 247.565556 430.476972 348.539426 263.494710 176.353145 87.843247 -1.426506 -90.099723 -174.228563 -245.467994 -295.538694 -324.294540 -338.205681 -343.733463 -345.084869 -347.645166 -330.051625 -172.944619 -153.292055 -253.438812 -2766.080245 -4034.554183 -4034.653465 -4034.653465 -4034.653465 -4034.653465 -4034.653465 -4034.653465 -4034.653465 -4034.653465 -4034.653465 -4034.653465 -4034.653465 -4034.653465 -4034.653465 -4034.653465 -4034.653465 -4034.653463 -4034.462524 -2629.726285 -9.292986 -255.249403 -315.326679 -333.224580 -342.308305 -347.605189 -350.766125 -352.692156 -353.873360 -354.613898 -355.079418 -355.371629 -355.558621 -355.678292 -355.756469 -355.809402 -355.847179 -355.876710 -355.903765 -355.935139 -355.976785 -356.036850 -356.128676 -356.271703 -356.496132 -356.849350 -357.405680 -358.281418 -359.657337 -361.812625 -365.172962 -370.375591 -378.349547 -390.399788 -408.268770 -434.147083 -470.847430 -525.657438 -640.410586 -993.074822 -9999.0 -9999.0
-9999.0 -9999.0 767.542224 668.007013 567.360993 464.991754 361.071038 256.034027 150.136832 43.110469 -68.182327 -172.312209 -261.796709 -326.316158 -361.136695 -368.011169 -366.073190 -361.747818 -357.162735 -264.071467 -97.751453 70.430697 247.565556 430.476972 348.539426 263.494710 176.353145 87.843247 -1.426506 -90.099723 -174.228563 -245.467994 -295.538694 -324.294540 -338.205681 -343.733463 -345.084869 -347.645166 -330.051626 -172.944619 -153.292055 -253.438812 -2766.080245 -4034.554183 -4034.653465 -4034.653465 -4034.653465 -4034.653465 -4034.653465 -4034.653465 -4034.653465 -4034.653465 -4034.653465 -4034.653465 -4034.653465 -4034.653465 -4034.653465 -4034.653465 -4034.653465 -4034.653463 -4034.462524 -2629.726285 -9.292989 -255.249403 -315.326679 -333.224580 -342.308305 -347.605189 -350.766125 -352.692156 -353.873360 -354.613898 -355.079418 -355.371629 -355.558621 -355.678292 -355.756469 -355.809402 -355.847179 -355.876710 -355.903765 -355.935139 -355.976785 -356.036850 -356.128676 -356.271703 -356.496132 -356.849350 -357.405680 -358.281418 -359.657337 -361.812625 -365.172962 -370.375591 -378.349547 -390.399788 -408.268770 -434.147083 -470.847430 -525.657438 -640.410586 -993.074823 -9999.0 -9999.0
-9999.0 -9999.0 767.507138 667.988676 567.352996 464.988516 361.069745 256.033518 150.136630 43.110388 -68.182359 -172.312222 -261.796713 -326.316159 -361.136696 -368.011169 -366.073190 -361.747818 -357.162735 -264.071467 -97.751453 70.430697 247.565556 430.476972 348.539426 263.494710 176.353145 87.843247 -1.426506 -90.099723 -174.228563 -245.467994 -295.538694 -324.294540 -338.205680 -343.733463 -345.084869 -347.645166 -330.051627 -172.944621 -153.292054 -253.438812 -2766.080245 -4034.554183 -4034.653465 -4034.653465 -4034.653465 -4034.653465 -4034.653465 -4034.653465 -4034.653465 -4034.653465 -4034.653465 -4034.653465 -4034.653465 -4034.653465 -4034.653465 -4034.653465 -4034.653465 -4034.653463 -4034.462524 -2629.726285 -9.292987 -255.249402 -315.326679 -333.224580 -342.308305 -347.605189 -350.766125 -352.692156 -353.873360 -354.613898 -355.079418 -355.371629 -355.558621 -355.678292 -355.756469 -355.809402 -355.847179 -355.876710 -355.903765 -355.935139 -355.976785 -356.036850 -356.128676 -356.271703 -356.496132 -356.849350 -357.405680 -358.281418 -359.657337 -361.812625 -365.172962 -370.375591 -378.349547 -390.399788 -408.268770 -434.147083 -470.847430 -525.657438 -640.410587 -993.074823 -9999.0 -9999.0
-9999.0 -9999.0 767.443736 667.961688 567.342924 464.984823 361.068354 256.032987 150.136422 43.110306 -68.182392 -172.312234 -261.796717 -326.316160 -361.136696 -368.011169 -366.073190 -361.747818 -357.162735 -264.071467 -97.751453 70.430697 247.565556 430.476972 348.539426 263.494710 176.353145 87.843247 -1.426506 -90.099723 -174.228563 -245.467994 -295.538694 -324.294540 -338.205681 -343.733463 -345.084869 -347.645166 -330.051628 -172.944623 -153.292052 -253.438811 -2766.080245 -4034.554183 -4034.653465 -4034.653465 -4034.653465 -4034.653465 -4034.653465 -4034.653465 -4034.653465 -4034.653465 -4034.653465 -4034.653465 -4034.653465 -4034.653465 -4034.653465 -4034.653465 -4034.653465 -4034.653463 -4034.462524 -2629.726285 -9.292990 -255.249402 -315.326679 -333.224580 -342.308305 -347.605189 -350.766125 -352.692156 -353.873360 -354.613898 -355.079418 -355.371629 -355.558621 -355.678292 -355.756469 -355.809402 -355.847179 -355.876710 -355.903765 -355.935139 -355.976785 -356.036850 -356.128676 -356.271703 -356.496132 -356.849350 -357.405680 -358.281418 -359.657337 -361.812625 -365.172962 -370.375591 -378.349547 -390.399788 -408.268770 -434.147083 -470.847430 -525.657438 -640.410587 -993.074824 -9999.0 -9999.0
-9999.0 -9999.0 -9999.0 -9999.0 -9999.0 -9999.0 -9999.0 -9999.0 -9999.0 -9999.0 -9999.0 -9999.0 -9999.0 -9999.0 -9999.0 -9999.0 -9999.0 -9999.0 -9999.0 -9999.0 -9999.0 -9999.0 -9999.0 -9999.0 -9999.0 -9999.0 -9999.0 -9999.0 -9999.0 -9999.0 -9999.0 -9999.0 -9999.0 -9999.0 -9999.0 -9999.0 -9999.0 -9999.0 -9999.0 -9999.0 -9999.0 -9999.0 -9999.0 -9999.0 -9999.0 -9999.0 -9999.0 -9999.0 -9999.0 -9999.0 -9999.0 -9999.0 -9999.0 -9999.0 -9999.0 -9999.0 -9999.0 -9999.0 -9999.0 -9999.0 -9999.0 -9999.0 -9999.0 -9999.0 -9999.0 -9999.0 -9999.0 -9999.0 -9999.0 -9999.0 -9999.0 -9999.0 -9999.0 -9999.0 -9999.0 -9999.0 -9999.0 -9999.0 -9999.0 -9999.0 -9999.0 -9999.0 -9999.0 -9999.0 -9999.0 -9999.0 -9999.0 -9999.0 -9999.0 -9999.0 -9999.0 -9999.0 -9999.0 -9999.0 -9999.0 -9999.0 -9999.0 -9999.0 -9999.0 -9999.0 -9999.0 -9999.0 -9999.0 -9999.0
-9999.0 -9999.0 -9999.0 -9999.0 -9999.0 -9999.0 -9999.0 -9999.0 -9999.0 -9999.0 -9999.0 -9999.0 -9999.0 -9999.0 -9999.0 -9999.0 -9999.0 -9999.0 -9999.0 -9999.0 -9999.0 -9999.0 -9999.0 -9999.0 -9999.0 -9999.0 -9999.0 -9999.0 -9999.0 -9999.0 -9999.0 -9999.0 -9999.0 -9999.0 -9999.0 -9999.0 -9999.0 -9999.0 -9999.0 -9999.0 -9999.0 -9999.0 -9999.0 -9999.0 -9999.0 -9999.0 -9999.0 -9999.0 -9999.0 -9999.0 -9999.0 -9999.0 -9999.0 -9999.0 -9999.0 -9999.0 -9999.0 -9999.0 -9999.0 -9999.0 -9999.0 -9999.0 -9999.0 -9999.0 -9999.0 -9999.0 -9999.0 -9999.0 -9999.0 -9999.0 -9999.0 -9999.0 -9999.0 -9999.0 -9999.0 -9999.0 -9999.0 -9999.0 -9999.0 -9999.0 -9999.0 -9999.0 -9999.0 -9999.0 -9999.0 -9999.0 -9999.0 -9999.0 -9999.0 -9999.0 -9999.0 -9999.0 -9999.0 -9999.0 -9999.0 -9999.0 -9999.0 -9999.0 -9999.0 -9999.0 -9999.0 -9999.0 -9999.0 -9999.0