inst/processing_geotop_simulation/geotop_simulation/out/maps3D/PwL0014N0345.asc
ncols         104
nrows         10
xllcorner     -2.000000
yllcorner     0.000000
cellsize      1.000000
NODATA_value  -9999.0
-9999.0 -9999.0 -9999.0 -9999.0 -9999.0 -9999.0 -9999.0 -9999.0 -9999.0 -9999.0 -9999.0 -9999.0 -9999.0 -9999.0 -9999.0 -9999.0 -9999.0 -9999.0 -9999.0 -9999.0 -9999.0 -9999.0 -9999.0 -9999.0 -9999.0 -9999.0 -9999.0 -9999.0 -9999.0 -9999.0 -9999.0 -9999.0 -9999.0 -9999.0 -9999.0 -9999.0 -9999.0 -9999.0 -9999.0 -9999.0 -9999.0 -9999.0 -9999.0 -9999.0 -9999.0 -9999.0 -9999.0 -9999.0 -9999.0 -9999.0 -9999.0 -9999.0 -9999.0 -9999.0 -9999.0 -9999.0 -9999.0 -9999.0 -9999.0 -9999.0 -9999.0 -9999.0 -9999.0 -9999.0 -9999.0 -9999.0 -9999.0 -9999.0 -9999.0 -9999.0 -9999.0 -9999.0 -9999.0 -9999.0 -9999.0 -9999.0 -9999.0 -9999.0 -9999.0 -9999.0 -9999.0 -9999.0 -9999.0 -9999.0 -9999.0 -9999.0 -9999.0 -9999.0 -9999.0 -9999.0 -9999.0 -9999.0 -9999.0 -9999.0 -9999.0 -9999.0 -9999.0 -9999.0 -9999.0 -9999.0 -9999.0 -9999.0 -9999.0 -9999.0
-9999.0 -9999.0 -9999.0 -9999.0 -9999.0 -9999.0 -9999.0 -9999.0 -9999.0 -9999.0 -9999.0 -9999.0 -9999.0 -9999.0 -9999.0 -9999.0 -9999.0 -9999.0 -9999.0 -9999.0 -9999.0 -9999.0 -9999.0 -9999.0 -9999.0 -9999.0 -9999.0 -9999.0 -9999.0 -9999.0 -9999.0 -9999.0 -9999.0 -9999.0 -9999.0 -9999.0 -9999.0 -9999.0 -9999.0 -9999.0 -9999.0 -9999.0 -9999.0 -9999.0 -9999.0 -9999.0 -9999.0 -9999.0 -9999.0 -9999.0 -9999.0 -9999.0 -9999.0 -9999.0 -9999.0 -9999.0 -9999.0 -9999.0 -9999.0 -9999.0 -9999.0 -9999.0 -9999.0 -9999.0 -9999.0 -9999.0 -9999.0 -9999.0 -9999.0 -9999.0 -9999.0 -9999.0 -9999.0 -9999.0 -9999.0 -9999.0 -9999.0 -9999.0 -9999.0 -9999.0 -9999.0 -9999.0 -9999.0 -9999.0 -9999.0 -9999.0 -9999.0 -9999.0 -9999.0 -9999.0 -9999.0 -9999.0 -9999.0 -9999.0 -9999.0 -9999.0 -9999.0 -9999.0 -9999.0 -9999.0 -9999.0 -9999.0 -9999.0 -9999.0
-9999.0 -9999.0 671.995158 573.664242 474.970363 376.033403 276.983329 177.884968 78.770689 -20.340195 -119.436790 -218.513910 -317.552446 -416.513537 -515.328946 -613.899740 -712.049786 -810.362920 -908.438691 -1006.205829 -1103.535092 -1196.789668 -1285.111640 -1365.987699 -1437.200204 -1497.386868 -1546.275151 -1584.572024 -1613.638043 -1635.118276 -1650.649703 -1661.684806 -1669.417662 -1674.778644 -1678.465604 -1680.990364 -1682.734977 -1684.048966 -1685.534694 -1688.867041 -1697.685500 -1713.015937 -1823.988424 -4119.044493 -4040.258215 -3847.823753 -3733.027705 -3716.950189 -3715.311565 -3715.481713 -3715.908133 -3716.364800 -3716.803002 -3717.208340 -3717.583141 -3718.008355 -3719.282893 -3728.276135 -3789.287151 -3912.639658 -3905.905881 -1633.044578 -1674.180165 -1689.601843 -1687.739816 -1686.685327 -1686.434456 -1686.388235 -1686.380969 -1686.380333 -1686.380725 -1686.381195 -1686.381590 -1686.381903 -1686.382152 -1686.382353 -1686.382519 -1686.382660 -1686.382785 -1686.382901 -1686.383017 -1686.383144 -1686.383298 -1686.383499 -1686.383782 -1686.384199 -1686.384837 -1686.385840 -1686.387458 -1686.390133 -1686.394683 -1686.402656 -1686.417081 -1686.444013 -1686.495866 -1686.599013 -1686.812614 -1687.278951 -1688.366687 -1691.114271 -1698.807484 -1723.570090 -9999.0 -9999.0
-9999.0 -9999.0 671.999510 573.665648 474.970783 376.033533 276.983372 177.884983 78.770695 -20.340193 -119.436789 -218.513909 -317.552445 -416.513537 -515.328945 -613.899740 -712.049786 -810.362921 -908.438691 -1006.205829 -1103.535093 -1196.789668 -1285.111640 -1365.987700 -1437.200204 -1497.386868 -1546.275151 -1584.572024 -1613.638043 -1635.118276 -1650.649703 -1661.684806 -1669.417662 -1674.778644 -1678.465604 -1680.990364 -1682.734977 -1684.048966 -1685.534694 -1688.867041 -1697.685500 -1713.015937 -1823.988423 -4119.044492 -4040.258213 -3847.823747 -3733.027705 -3716.950189 -3715.311565 -3715.481713 -3715.908133 -3716.364800 -3716.803002 -3717.208340 -3717.583141 -3718.008355 -3719.282893 -3728.276135 -3789.287151 -3912.639658 -3905.905881 -1633.044578 -1674.180165 -1689.601843 -1687.739816 -1686.685327 -1686.434456 -1686.388235 -1686.380969 -1686.380333 -1686.380725 -1686.381195 -1686.381590 -1686.381903 -1686.382152 -1686.382353 -1686.382519 -1686.382660 -1686.382785 -1686.382901 -1686.383017 -1686.383144 -1686.383298 -1686.383499 -1686.383782 -1686.384199 -1686.384837 -1686.385840 -1686.387458 -1686.390133 -1686.394683 -1686.402656 -1686.417081 -1686.444013 -1686.495866 -1686.599013 -1686.812614 -1687.278951 -1688.366687 -1691.114271 -1698.807484 -1723.570090 -9999.0 -9999.0
-9999.0 -9999.0 672.000813 573.666331 474.971062 376.033638 276.983409 177.884997 78.770700 -20.340191 -119.436788 -218.513909 -317.552445 -416.513537 -515.328946 -613.899740 -712.049786 -810.362921 -908.438691 -1006.205829 -1103.535093 -1196.789668 -1285.111640 -1365.987700 -1437.200204 -1497.386868 -1546.275151 -1584.572024 -1613.638043 -1635.118276 -1650.649703 -1661.684806 -1669.417662 -1674.778644 -1678.465604 -1680.990364 -1682.734977 -1684.048966 -1685.534694 -1688.867041 -1697.685500 -1713.015937 -1823.988423 -4119.044492 -4040.258213 -3847.823744 -3733.027705 -3716.950189 -3715.311565 -3715.481713 -3715.908133 -3716.364800 -3716.803002 -3717.208340 -3717.583141 -3718.008355 -3719.282893 -3728.276135 -3789.287151 -3912.639658 -3905.905881 -1633.044578 -1674.180165 -1689.601843 -1687.739816 -1686.685327 -1686.434456 -1686.388235 -1686.380969 -1686.380333 -1686.380725 -1686.381195 -1686.381590 -1686.381903 -1686.382152 -1686.382353 -1686.382519 -1686.382660 -1686.382785 -1686.382901 -1686.383017 -1686.383144 -1686.383298 -1686.383499 -1686.383782 -1686.384199 -1686.384837 -1686.385840 -1686.387458 -1686.390133 -1686.394683 -1686.402656 -1686.417081 -1686.444013 -1686.495866 -1686.599013 -1686.812614 -1687.278951 -1688.366687 -1691.114271 -1698.807484 -1723.570090 -9999.0 -9999.0
-9999.0 -9999.0 672.000814 573.666331 474.971062 376.033638 276.983409 177.884997 78.770700 -20.340191 -119.436788 -218.513909 -317.552445 -416.513537 -515.328945 -613.899740 -712.049786 -810.362921 -908.438691 -1006.205830 -1103.535093 -1196.789668 -1285.111640 -1365.987700 -1437.200204 -1497.386868 -1546.275151 -1584.572024 -1613.638043 -1635.118276 -1650.649703 -1661.684806 -1669.417662 -1674.778644 -1678.465604 -1680.990364 -1682.734977 -1684.048966 -1685.534694 -1688.867041 -1697.685500 -1713.015937 -1823.988423 -4119.044492 -4040.258213 -3847.823744 -3733.027705 -3716.950189 -3715.311565 -3715.481713 -3715.908133 -3716.364800 -3716.803002 -3717.208340 -3717.583141 -3718.008355 -3719.282893 -3728.276135 -3789.287151 -3912.639658 -3905.905881 -1633.044578 -1674.180165 -1689.601843 -1687.739816 -1686.685327 -1686.434456 -1686.388235 -1686.380969 -1686.380333 -1686.380725 -1686.381195 -1686.381590 -1686.381903 -1686.382152 -1686.382353 -1686.382519 -1686.382660 -1686.382785 -1686.382901 -1686.383017 -1686.383144 -1686.383298 -1686.383499 -1686.383782 -1686.384199 -1686.384837 -1686.385840 -1686.387458 -1686.390133 -1686.394683 -1686.402656 -1686.417081 -1686.444013 -1686.495866 -1686.599013 -1686.812614 -1687.278951 -1688.366687 -1691.114271 -1698.807484 -1723.570090 -9999.0 -9999.0
-9999.0 -9999.0 671.999510 573.665648 474.970783 376.033533 276.983372 177.884983 78.770695 -20.340193 -119.436789 -218.513909 -317.552445 -416.513537 -515.328946 -613.899740 -712.049786 -810.362921 -908.438691 -1006.205829 -1103.535093 -1196.789668 -1285.111640 -1365.987700 -1437.200204 -1497.386868 -1546.275151 -1584.572024 -1613.638043 -1635.118276 -1650.649703 -1661.684806 -1669.417662 -1674.778644 -1678.465604 -1680.990364 -1682.734977 -1684.048966 -1685.534694 -1688.867041 -1697.685500 -1713.015937 -1823.988423 -4119.044492 -4040.258213 -3847.823747 -3733.027705 -3716.950189 -3715.311565 -3715.481713 -3715.908133 -3716.364800 -3716.803002 -3717.208340 -3717.583141 -3718.008355 -3719.282893 -3728.276135 -3789.287151 -3912.639658 -3905.905881 -1633.044578 -1674.180165 -1689.601843 -1687.739816 -1686.685327 -1686.434456 -1686.388235 -1686.380969 -1686.380333 -1686.380725 -1686.381195 -1686.381590 -1686.381903 -1686.382152 -1686.382353 -1686.382519 -1686.382660 -1686.382785 -1686.382901 -1686.383017 -1686.383144 -1686.383298 -1686.383499 -1686.383782 -1686.384199 -1686.384837 -1686.385840 -1686.387458 -1686.390133 -1686.394683 -1686.402656 -1686.417081 -1686.444013 -1686.495866 -1686.599013 -1686.812614 -1687.278951 -1688.366687 -1691.114271 -1698.807484 -1723.570090 -9999.0 -9999.0
-9999.0 -9999.0 671.995159 573.664242 474.970363 376.033403 276.983329 177.884968 78.770689 -20.340196 -119.436790 -218.513910 -317.552446 -416.513537 -515.328945 -613.899740 -712.049786 -810.362921 -908.438691 -1006.205829 -1103.535092 -1196.789668 -1285.111640 -1365.987699 -1437.200204 -1497.386868 -1546.275151 -1584.572024 -1613.638043 -1635.118276 -1650.649703 -1661.684806 -1669.417662 -1674.778644 -1678.465604 -1680.990364 -1682.734977 -1684.048966 -1685.534694 -1688.867041 -1697.685500 -1713.015937 -1823.988424 -4119.044493 -4040.258215 -3847.823753 -3733.027705 -3716.950189 -3715.311565 -3715.481713 -3715.908133 -3716.364800 -3716.803002 -3717.208340 -3717.583141 -3718.008355 -3719.282893 -3728.276135 -3789.287151 -3912.639658 -3905.905881 -1633.044578 -1674.180165 -1689.601843 -1687.739816 -1686.685327 -1686.434456 -1686.388235 -1686.380969 -1686.380333 -1686.380725 -1686.381195 -1686.381590 -1686.381903 -1686.382152 -1686.382353 -1686.382519 -1686.382660 -1686.382785 -1686.382901 -1686.383017 -1686.383144 -1686.383298 -1686.383499 -1686.383782 -1686.384199 -1686.384837 -1686.385840 -1686.387458 -1686.390133 -1686.394683 -1686.402656 -1686.417081 -1686.444013 -1686.495866 -1686.599013 -1686.812614 -1687.278951 -1688.366687 -1691.114271 -1698.807484 -1723.570090 -9999.0 -9999.0
-9999.0 -9999.0 -9999.0 -9999.0 -9999.0 -9999.0 -9999.0 -9999.0 -9999.0 -9999.0 -9999.0 -9999.0 -9999.0 -9999.0 -9999.0 -9999.0 -9999.0 -9999.0 -9999.0 -9999.0 -9999.0 -9999.0 -9999.0 -9999.0 -9999.0 -9999.0 -9999.0 -9999.0 -9999.0 -9999.0 -9999.0 -9999.0 -9999.0 -9999.0 -9999.0 -9999.0 -9999.0 -9999.0 -9999.0 -9999.0 -9999.0 -9999.0 -9999.0 -9999.0 -9999.0 -9999.0 -9999.0 -9999.0 -9999.0 -9999.0 -9999.0 -9999.0 -9999.0 -9999.0 -9999.0 -9999.0 -9999.0 -9999.0 -9999.0 -9999.0 -9999.0 -9999.0 -9999.0 -9999.0 -9999.0 -9999.0 -9999.0 -9999.0 -9999.0 -9999.0 -9999.0 -9999.0 -9999.0 -9999.0 -9999.0 -9999.0 -9999.0 -9999.0 -9999.0 -9999.0 -9999.0 -9999.0 -9999.0 -9999.0 -9999.0 -9999.0 -9999.0 -9999.0 -9999.0 -9999.0 -9999.0 -9999.0 -9999.0 -9999.0 -9999.0 -9999.0 -9999.0 -9999.0 -9999.0 -9999.0 -9999.0 -9999.0 -9999.0 -9999.0
-9999.0 -9999.0 -9999.0 -9999.0 -9999.0 -9999.0 -9999.0 -9999.0 -9999.0 -9999.0 -9999.0 -9999.0 -9999.0 -9999.0 -9999.0 -9999.0 -9999.0 -9999.0 -9999.0 -9999.0 -9999.0 -9999.0 -9999.0 -9999.0 -9999.0 -9999.0 -9999.0 -9999.0 -9999.0 -9999.0 -9999.0 -9999.0 -9999.0 -9999.0 -9999.0 -9999.0 -9999.0 -9999.0 -9999.0 -9999.0 -9999.0 -9999.0 -9999.0 -9999.0 -9999.0 -9999.0 -9999.0 -9999.0 -9999.0 -9999.0 -9999.0 -9999.0 -9999.0 -9999.0 -9999.0 -9999.0 -9999.0 -9999.0 -9999.0 -9999.0 -9999.0 -9999.0 -9999.0 -9999.0 -9999.0 -9999.0 -9999.0 -9999.0 -9999.0 -9999.0 -9999.0 -9999.0 -9999.0 -9999.0 -9999.0 -9999.0 -9999.0 -9999.0 -9999.0 -9999.0 -9999.0 -9999.0 -9999.0 -9999.0 -9999.0 -9999.0 -9999.0 -9999.0 -9999.0 -9999.0 -9999.0 -9999.0 -9999.0 -9999.0 -9999.0 -9999.0 -9999.0 -9999.0 -9999.0 -9999.0 -9999.0 -9999.0 -9999.0 -9999.0