inst/processing_geotop_simulation/geotop_simulation/out/maps3D/PwL0021N0253.asc
ncols         104
nrows         10
xllcorner     -2.000000
yllcorner     0.000000
cellsize      1.000000
NODATA_value  -9999.0
-9999.0 -9999.0 -9999.0 -9999.0 -9999.0 -9999.0 -9999.0 -9999.0 -9999.0 -9999.0 -9999.0 -9999.0 -9999.0 -9999.0 -9999.0 -9999.0 -9999.0 -9999.0 -9999.0 -9999.0 -9999.0 -9999.0 -9999.0 -9999.0 -9999.0 -9999.0 -9999.0 -9999.0 -9999.0 -9999.0 -9999.0 -9999.0 -9999.0 -9999.0 -9999.0 -9999.0 -9999.0 -9999.0 -9999.0 -9999.0 -9999.0 -9999.0 -9999.0 -9999.0 -9999.0 -9999.0 -9999.0 -9999.0 -9999.0 -9999.0 -9999.0 -9999.0 -9999.0 -9999.0 -9999.0 -9999.0 -9999.0 -9999.0 -9999.0 -9999.0 -9999.0 -9999.0 -9999.0 -9999.0 -9999.0 -9999.0 -9999.0 -9999.0 -9999.0 -9999.0 -9999.0 -9999.0 -9999.0 -9999.0 -9999.0 -9999.0 -9999.0 -9999.0 -9999.0 -9999.0 -9999.0 -9999.0 -9999.0 -9999.0 -9999.0 -9999.0 -9999.0 -9999.0 -9999.0 -9999.0 -9999.0 -9999.0 -9999.0 -9999.0 -9999.0 -9999.0 -9999.0 -9999.0 -9999.0 -9999.0 -9999.0 -9999.0 -9999.0 -9999.0
-9999.0 -9999.0 -9999.0 -9999.0 -9999.0 -9999.0 -9999.0 -9999.0 -9999.0 -9999.0 -9999.0 -9999.0 -9999.0 -9999.0 -9999.0 -9999.0 -9999.0 -9999.0 -9999.0 -9999.0 -9999.0 -9999.0 -9999.0 -9999.0 -9999.0 -9999.0 -9999.0 -9999.0 -9999.0 -9999.0 -9999.0 -9999.0 -9999.0 -9999.0 -9999.0 -9999.0 -9999.0 -9999.0 -9999.0 -9999.0 -9999.0 -9999.0 -9999.0 -9999.0 -9999.0 -9999.0 -9999.0 -9999.0 -9999.0 -9999.0 -9999.0 -9999.0 -9999.0 -9999.0 -9999.0 -9999.0 -9999.0 -9999.0 -9999.0 -9999.0 -9999.0 -9999.0 -9999.0 -9999.0 -9999.0 -9999.0 -9999.0 -9999.0 -9999.0 -9999.0 -9999.0 -9999.0 -9999.0 -9999.0 -9999.0 -9999.0 -9999.0 -9999.0 -9999.0 -9999.0 -9999.0 -9999.0 -9999.0 -9999.0 -9999.0 -9999.0 -9999.0 -9999.0 -9999.0 -9999.0 -9999.0 -9999.0 -9999.0 -9999.0 -9999.0 -9999.0 -9999.0 -9999.0 -9999.0 -9999.0 -9999.0 -9999.0 -9999.0 -9999.0
-9999.0 -9999.0 1022.650794 924.796608 826.844140 728.641649 630.294781 531.882323 433.449359 335.020932 236.611145 138.228110 39.877000 -58.431822 -156.694154 -254.877554 -352.907017 -450.636153 -547.806645 -643.975123 -739.489899 -834.906277 -929.281093 -1022.344725 -1108.026742 -1180.166662 -1241.382338 -1291.222855 -1330.241743 -1359.735856 -1381.374390 -1396.867065 -1407.747963 -1415.278206 -1420.433613 -1423.939956 -1426.333344 -1428.065531 -1429.827745 -1433.785281 -1447.907559 -1504.979462 -1704.997737 -3196.854276 -3932.238446 -3931.678166 -3842.653785 -3474.454590 -3078.426102 -2791.586442 -2588.573685 -2423.302786 -2324.579770 -2261.182596 -2202.418239 -2140.993345 -2074.899588 -2005.340333 -1934.985344 -1865.461788 -1786.251388 -1439.066766 -1463.316450 -1439.855714 -1433.106807 -1431.637730 -1431.373778 -1431.331252 -1431.325157 -1431.324878 -1431.325455 -1431.326054 -1431.326547 -1431.326935 -1431.327241 -1431.327487 -1431.327689 -1431.327860 -1431.328009 -1431.328145 -1431.328281 -1431.328429 -1431.328608 -1431.328843 -1431.329175 -1431.329667 -1431.330423 -1431.331615 -1431.333539 -1431.336719 -1431.342117 -1431.351551 -1431.368566 -1431.400237 -1431.461027 -1431.581597 -1431.830682 -1432.373821 -1433.636929 -1436.776108 -1445.189049 -1470.645099 -9999.0 -9999.0
-9999.0 -9999.0 1022.653628 924.797733 826.844518 728.641774 630.294824 531.882338 433.449364 335.020934 236.611146 138.228110 39.877000 -58.431822 -156.694154 -254.877554 -352.907018 -450.636153 -547.806645 -643.975123 -739.489899 -834.906278 -929.281093 -1022.344725 -1108.026742 -1180.166662 -1241.382338 -1291.222855 -1330.241743 -1359.735856 -1381.374390 -1396.867065 -1407.747964 -1415.278206 -1420.433613 -1423.939956 -1426.333344 -1428.065531 -1429.827745 -1433.785281 -1447.907559 -1504.979462 -1704.997737 -3196.854275 -3932.238446 -3931.678166 -3842.653785 -3474.454589 -3078.426101 -2791.586441 -2588.573682 -2423.302786 -2324.579769 -2261.182596 -2202.418239 -2140.993345 -2074.899588 -2005.340333 -1934.985344 -1865.461788 -1786.251388 -1439.066766 -1463.316450 -1439.855714 -1433.106807 -1431.637730 -1431.373778 -1431.331252 -1431.325157 -1431.324878 -1431.325455 -1431.326054 -1431.326547 -1431.326935 -1431.327241 -1431.327487 -1431.327689 -1431.327860 -1431.328009 -1431.328145 -1431.328281 -1431.328429 -1431.328608 -1431.328843 -1431.329175 -1431.329667 -1431.330423 -1431.331615 -1431.333539 -1431.336719 -1431.342117 -1431.351551 -1431.368566 -1431.400237 -1431.461027 -1431.581597 -1431.830682 -1432.373821 -1433.636929 -1436.776108 -1445.189049 -1470.645099 -9999.0 -9999.0
-9999.0 -9999.0 1022.654774 924.798354 826.844783 728.641877 630.294862 531.882352 433.449369 335.020936 236.611146 138.228110 39.877001 -58.431822 -156.694154 -254.877554 -352.907018 -450.636153 -547.806645 -643.975123 -739.489899 -834.906278 -929.281093 -1022.344725 -1108.026742 -1180.166662 -1241.382338 -1291.222855 -1330.241743 -1359.735856 -1381.374390 -1396.867065 -1407.747964 -1415.278206 -1420.433613 -1423.939956 -1426.333344 -1428.065531 -1429.827745 -1433.785281 -1447.907559 -1504.979462 -1704.997737 -3196.854274 -3932.238446 -3931.678166 -3842.653785 -3474.454588 -3078.426101 -2791.586439 -2588.573681 -2423.302785 -2324.579769 -2261.182595 -2202.418239 -2140.993344 -2074.899588 -2005.340333 -1934.985344 -1865.461788 -1786.251388 -1439.066766 -1463.316450 -1439.855714 -1433.106807 -1431.637730 -1431.373778 -1431.331252 -1431.325157 -1431.324878 -1431.325455 -1431.326054 -1431.326547 -1431.326935 -1431.327241 -1431.327487 -1431.327689 -1431.327860 -1431.328009 -1431.328145 -1431.328281 -1431.328429 -1431.328608 -1431.328843 -1431.329175 -1431.329667 -1431.330423 -1431.331615 -1431.333539 -1431.336719 -1431.342117 -1431.351551 -1431.368566 -1431.400237 -1431.461027 -1431.581597 -1431.830682 -1432.373821 -1433.636929 -1436.776108 -1445.189049 -1470.645099 -9999.0 -9999.0
-9999.0 -9999.0 1022.654774 924.798354 826.844783 728.641877 630.294862 531.882352 433.449369 335.020936 236.611146 138.228110 39.877001 -58.431822 -156.694154 -254.877554 -352.907018 -450.636153 -547.806645 -643.975123 -739.489899 -834.906278 -929.281093 -1022.344725 -1108.026742 -1180.166662 -1241.382338 -1291.222855 -1330.241743 -1359.735856 -1381.374390 -1396.867065 -1407.747964 -1415.278206 -1420.433613 -1423.939956 -1426.333344 -1428.065531 -1429.827745 -1433.785281 -1447.907559 -1504.979462 -1704.997737 -3196.854274 -3932.238446 -3931.678166 -3842.653785 -3474.454588 -3078.426101 -2791.586440 -2588.573681 -2423.302785 -2324.579769 -2261.182595 -2202.418238 -2140.993344 -2074.899587 -2005.340333 -1934.985344 -1865.461788 -1786.251388 -1439.066766 -1463.316450 -1439.855714 -1433.106807 -1431.637730 -1431.373778 -1431.331252 -1431.325157 -1431.324878 -1431.325455 -1431.326054 -1431.326547 -1431.326935 -1431.327241 -1431.327487 -1431.327689 -1431.327860 -1431.328009 -1431.328145 -1431.328281 -1431.328429 -1431.328608 -1431.328843 -1431.329175 -1431.329667 -1431.330423 -1431.331615 -1431.333539 -1431.336719 -1431.342117 -1431.351551 -1431.368566 -1431.400237 -1431.461027 -1431.581597 -1431.830682 -1432.373821 -1433.636929 -1436.776108 -1445.189049 -1470.645099 -9999.0 -9999.0
-9999.0 -9999.0 1022.653628 924.797733 826.844518 728.641774 630.294824 531.882338 433.449364 335.020934 236.611146 138.228110 39.877001 -58.431822 -156.694154 -254.877554 -352.907018 -450.636153 -547.806645 -643.975123 -739.489899 -834.906278 -929.281093 -1022.344725 -1108.026742 -1180.166662 -1241.382338 -1291.222855 -1330.241743 -1359.735856 -1381.374390 -1396.867065 -1407.747964 -1415.278206 -1420.433613 -1423.939956 -1426.333344 -1428.065531 -1429.827745 -1433.785281 -1447.907559 -1504.979462 -1704.997737 -3196.854274 -3932.238446 -3931.678166 -3842.653785 -3474.454589 -3078.426101 -2791.586440 -2588.573682 -2423.302785 -2324.579769 -2261.182595 -2202.418239 -2140.993344 -2074.899588 -2005.340333 -1934.985344 -1865.461788 -1786.251388 -1439.066766 -1463.316450 -1439.855714 -1433.106807 -1431.637730 -1431.373778 -1431.331252 -1431.325157 -1431.324878 -1431.325455 -1431.326054 -1431.326547 -1431.326935 -1431.327241 -1431.327487 -1431.327689 -1431.327860 -1431.328009 -1431.328145 -1431.328281 -1431.328429 -1431.328608 -1431.328843 -1431.329175 -1431.329667 -1431.330423 -1431.331615 -1431.333539 -1431.336719 -1431.342117 -1431.351551 -1431.368566 -1431.400237 -1431.461027 -1431.581597 -1431.830682 -1432.373821 -1433.636929 -1436.776108 -1445.189049 -1470.645099 -9999.0 -9999.0
-9999.0 -9999.0 1022.650794 924.796608 826.844140 728.641649 630.294781 531.882323 433.449359 335.020932 236.611145 138.228110 39.877000 -58.431822 -156.694154 -254.877554 -352.907018 -450.636153 -547.806645 -643.975123 -739.489899 -834.906277 -929.281093 -1022.344725 -1108.026742 -1180.166662 -1241.382338 -1291.222855 -1330.241743 -1359.735856 -1381.374390 -1396.867065 -1407.747963 -1415.278206 -1420.433613 -1423.939956 -1426.333344 -1428.065531 -1429.827745 -1433.785281 -1447.907559 -1504.979462 -1704.997737 -3196.854276 -3932.238446 -3931.678166 -3842.653785 -3474.454590 -3078.426102 -2791.586443 -2588.573685 -2423.302786 -2324.579770 -2261.182596 -2202.418239 -2140.993345 -2074.899588 -2005.340334 -1934.985344 -1865.461788 -1786.251389 -1439.066766 -1463.316450 -1439.855714 -1433.106807 -1431.637730 -1431.373778 -1431.331252 -1431.325157 -1431.324878 -1431.325455 -1431.326054 -1431.326547 -1431.326935 -1431.327241 -1431.327487 -1431.327689 -1431.327860 -1431.328009 -1431.328145 -1431.328281 -1431.328429 -1431.328608 -1431.328843 -1431.329175 -1431.329667 -1431.330423 -1431.331615 -1431.333539 -1431.336719 -1431.342117 -1431.351551 -1431.368566 -1431.400237 -1431.461027 -1431.581597 -1431.830682 -1432.373821 -1433.636929 -1436.776108 -1445.189049 -1470.645099 -9999.0 -9999.0
-9999.0 -9999.0 -9999.0 -9999.0 -9999.0 -9999.0 -9999.0 -9999.0 -9999.0 -9999.0 -9999.0 -9999.0 -9999.0 -9999.0 -9999.0 -9999.0 -9999.0 -9999.0 -9999.0 -9999.0 -9999.0 -9999.0 -9999.0 -9999.0 -9999.0 -9999.0 -9999.0 -9999.0 -9999.0 -9999.0 -9999.0 -9999.0 -9999.0 -9999.0 -9999.0 -9999.0 -9999.0 -9999.0 -9999.0 -9999.0 -9999.0 -9999.0 -9999.0 -9999.0 -9999.0 -9999.0 -9999.0 -9999.0 -9999.0 -9999.0 -9999.0 -9999.0 -9999.0 -9999.0 -9999.0 -9999.0 -9999.0 -9999.0 -9999.0 -9999.0 -9999.0 -9999.0 -9999.0 -9999.0 -9999.0 -9999.0 -9999.0 -9999.0 -9999.0 -9999.0 -9999.0 -9999.0 -9999.0 -9999.0 -9999.0 -9999.0 -9999.0 -9999.0 -9999.0 -9999.0 -9999.0 -9999.0 -9999.0 -9999.0 -9999.0 -9999.0 -9999.0 -9999.0 -9999.0 -9999.0 -9999.0 -9999.0 -9999.0 -9999.0 -9999.0 -9999.0 -9999.0 -9999.0 -9999.0 -9999.0 -9999.0 -9999.0 -9999.0 -9999.0
-9999.0 -9999.0 -9999.0 -9999.0 -9999.0 -9999.0 -9999.0 -9999.0 -9999.0 -9999.0 -9999.0 -9999.0 -9999.0 -9999.0 -9999.0 -9999.0 -9999.0 -9999.0 -9999.0 -9999.0 -9999.0 -9999.0 -9999.0 -9999.0 -9999.0 -9999.0 -9999.0 -9999.0 -9999.0 -9999.0 -9999.0 -9999.0 -9999.0 -9999.0 -9999.0 -9999.0 -9999.0 -9999.0 -9999.0 -9999.0 -9999.0 -9999.0 -9999.0 -9999.0 -9999.0 -9999.0 -9999.0 -9999.0 -9999.0 -9999.0 -9999.0 -9999.0 -9999.0 -9999.0 -9999.0 -9999.0 -9999.0 -9999.0 -9999.0 -9999.0 -9999.0 -9999.0 -9999.0 -9999.0 -9999.0 -9999.0 -9999.0 -9999.0 -9999.0 -9999.0 -9999.0 -9999.0 -9999.0 -9999.0 -9999.0 -9999.0 -9999.0 -9999.0 -9999.0 -9999.0 -9999.0 -9999.0 -9999.0 -9999.0 -9999.0 -9999.0 -9999.0 -9999.0 -9999.0 -9999.0 -9999.0 -9999.0 -9999.0 -9999.0 -9999.0 -9999.0 -9999.0 -9999.0 -9999.0 -9999.0 -9999.0 -9999.0 -9999.0 -9999.0