inst/processing_geotop_simulation/geotop_simulation/out/maps3D/PwL0010N0216.asc
ncols         104
nrows         10
xllcorner     -2.000000
yllcorner     0.000000
cellsize      1.000000
NODATA_value  -9999.0
-9999.0 -9999.0 -9999.0 -9999.0 -9999.0 -9999.0 -9999.0 -9999.0 -9999.0 -9999.0 -9999.0 -9999.0 -9999.0 -9999.0 -9999.0 -9999.0 -9999.0 -9999.0 -9999.0 -9999.0 -9999.0 -9999.0 -9999.0 -9999.0 -9999.0 -9999.0 -9999.0 -9999.0 -9999.0 -9999.0 -9999.0 -9999.0 -9999.0 -9999.0 -9999.0 -9999.0 -9999.0 -9999.0 -9999.0 -9999.0 -9999.0 -9999.0 -9999.0 -9999.0 -9999.0 -9999.0 -9999.0 -9999.0 -9999.0 -9999.0 -9999.0 -9999.0 -9999.0 -9999.0 -9999.0 -9999.0 -9999.0 -9999.0 -9999.0 -9999.0 -9999.0 -9999.0 -9999.0 -9999.0 -9999.0 -9999.0 -9999.0 -9999.0 -9999.0 -9999.0 -9999.0 -9999.0 -9999.0 -9999.0 -9999.0 -9999.0 -9999.0 -9999.0 -9999.0 -9999.0 -9999.0 -9999.0 -9999.0 -9999.0 -9999.0 -9999.0 -9999.0 -9999.0 -9999.0 -9999.0 -9999.0 -9999.0 -9999.0 -9999.0 -9999.0 -9999.0 -9999.0 -9999.0 -9999.0 -9999.0 -9999.0 -9999.0 -9999.0 -9999.0
-9999.0 -9999.0 -9999.0 -9999.0 -9999.0 -9999.0 -9999.0 -9999.0 -9999.0 -9999.0 -9999.0 -9999.0 -9999.0 -9999.0 -9999.0 -9999.0 -9999.0 -9999.0 -9999.0 -9999.0 -9999.0 -9999.0 -9999.0 -9999.0 -9999.0 -9999.0 -9999.0 -9999.0 -9999.0 -9999.0 -9999.0 -9999.0 -9999.0 -9999.0 -9999.0 -9999.0 -9999.0 -9999.0 -9999.0 -9999.0 -9999.0 -9999.0 -9999.0 -9999.0 -9999.0 -9999.0 -9999.0 -9999.0 -9999.0 -9999.0 -9999.0 -9999.0 -9999.0 -9999.0 -9999.0 -9999.0 -9999.0 -9999.0 -9999.0 -9999.0 -9999.0 -9999.0 -9999.0 -9999.0 -9999.0 -9999.0 -9999.0 -9999.0 -9999.0 -9999.0 -9999.0 -9999.0 -9999.0 -9999.0 -9999.0 -9999.0 -9999.0 -9999.0 -9999.0 -9999.0 -9999.0 -9999.0 -9999.0 -9999.0 -9999.0 -9999.0 -9999.0 -9999.0 -9999.0 -9999.0 -9999.0 -9999.0 -9999.0 -9999.0 -9999.0 -9999.0 -9999.0 -9999.0 -9999.0 -9999.0 -9999.0 -9999.0 -9999.0 -9999.0
-9999.0 -9999.0 477.919812 382.794910 286.128455 188.737902 91.039497 -6.784665 -104.642964 -202.493808 -300.280652 -397.912870 -495.196371 -591.728628 -687.035713 -782.909116 -878.364662 -973.456278 -1068.333892 -1158.188485 -1242.158171 -1316.475873 -1378.486549 -1427.503703 -1464.551515 -1491.600972 -1510.848095 -1524.277505 -1533.499425 -1539.745454 -1543.925526 -1546.694786 -1548.514564 -1549.703205 -1550.476754 -1550.981777 -1551.324975 -1551.620936 -1552.190740 -1554.524695 -1564.388701 -1592.811481 -1397.312104 -1698.500236 -1606.674816 -1553.067126 -1529.127267 -1526.034611 -1525.722762 -1525.756271 -1525.838900 -1525.927376 -1526.012310 -1526.090907 -1526.163582 -1526.245792 -1526.490445 -1528.222405 -1540.431546 -1568.644856 -1611.504198 -1300.117648 -1562.210396 -1558.093321 -1553.292231 -1552.224022 -1552.046125 -1552.018777 -1552.015156 -1552.015392 -1552.016163 -1552.016870 -1552.017429 -1552.017856 -1552.018183 -1552.018438 -1552.018640 -1552.018803 -1552.018940 -1552.019063 -1552.019182 -1552.019316 -1552.019483 -1552.019716 -1552.020060 -1552.020588 -1552.021419 -1552.022749 -1552.024912 -1552.028496 -1552.034566 -1552.045121 -1552.064022 -1552.098895 -1552.165043 -1552.293768 -1552.551386 -1553.087389 -1554.267241 -1557.063873 -1564.398500 -1587.262009 -9999.0 -9999.0
-9999.0 -9999.0 477.926371 382.796735 286.128963 188.738055 91.039547 -6.784648 -104.642958 -202.493806 -300.280651 -397.912869 -495.196371 -591.728628 -687.035713 -782.909116 -878.364662 -973.456278 -1068.333892 -1158.188485 -1242.158171 -1316.475874 -1378.486549 -1427.503704 -1464.551515 -1491.600973 -1510.848095 -1524.277505 -1533.499425 -1539.745454 -1543.925526 -1546.694786 -1548.514564 -1549.703205 -1550.476754 -1550.981777 -1551.324975 -1551.620936 -1552.190740 -1554.524695 -1564.388701 -1592.811481 -1397.312104 -1698.500235 -1606.674816 -1553.067125 -1529.127267 -1526.034611 -1525.722762 -1525.756271 -1525.838900 -1525.927376 -1526.012310 -1526.090907 -1526.163582 -1526.245792 -1526.490445 -1528.222405 -1540.431546 -1568.644856 -1611.504198 -1300.117648 -1562.210396 -1558.093321 -1553.292231 -1552.224022 -1552.046125 -1552.018777 -1552.015156 -1552.015392 -1552.016163 -1552.016870 -1552.017429 -1552.017856 -1552.018183 -1552.018438 -1552.018640 -1552.018803 -1552.018940 -1552.019063 -1552.019182 -1552.019316 -1552.019483 -1552.019716 -1552.020060 -1552.020588 -1552.021419 -1552.022749 -1552.024912 -1552.028496 -1552.034566 -1552.045121 -1552.064022 -1552.098895 -1552.165043 -1552.293768 -1552.551386 -1553.087389 -1554.267241 -1557.063873 -1564.398499 -1587.262009 -9999.0 -9999.0
-9999.0 -9999.0 477.927926 382.797553 286.129292 188.738176 91.039590 -6.784633 -104.642953 -202.493804 -300.280651 -397.912869 -495.196370 -591.728628 -687.035713 -782.909116 -878.364662 -973.456278 -1068.333892 -1158.188485 -1242.158171 -1316.475874 -1378.486549 -1427.503704 -1464.551515 -1491.600973 -1510.848095 -1524.277505 -1533.499425 -1539.745454 -1543.925526 -1546.694786 -1548.514564 -1549.703205 -1550.476754 -1550.981777 -1551.324975 -1551.620936 -1552.190740 -1554.524695 -1564.388701 -1592.811481 -1397.312104 -1698.500235 -1606.674815 -1553.067124 -1529.127267 -1526.034611 -1525.722762 -1525.756271 -1525.838900 -1525.927376 -1526.012310 -1526.090907 -1526.163582 -1526.245792 -1526.490445 -1528.222405 -1540.431546 -1568.644856 -1611.504198 -1300.117648 -1562.210396 -1558.093321 -1553.292231 -1552.224022 -1552.046125 -1552.018777 -1552.015156 -1552.015392 -1552.016163 -1552.016870 -1552.017429 -1552.017856 -1552.018183 -1552.018438 -1552.018640 -1552.018803 -1552.018940 -1552.019063 -1552.019182 -1552.019316 -1552.019483 -1552.019716 -1552.020060 -1552.020588 -1552.021419 -1552.022749 -1552.024912 -1552.028496 -1552.034566 -1552.045121 -1552.064022 -1552.098895 -1552.165043 -1552.293768 -1552.551386 -1553.087389 -1554.267241 -1557.063873 -1564.398499 -1587.262009 -9999.0 -9999.0
-9999.0 -9999.0 477.927926 382.797553 286.129292 188.738176 91.039590 -6.784633 -104.642953 -202.493804 -300.280651 -397.912869 -495.196370 -591.728627 -687.035713 -782.909116 -878.364662 -973.456278 -1068.333892 -1158.188485 -1242.158171 -1316.475874 -1378.486549 -1427.503704 -1464.551515 -1491.600973 -1510.848095 -1524.277505 -1533.499425 -1539.745454 -1543.925526 -1546.694786 -1548.514564 -1549.703205 -1550.476754 -1550.981777 -1551.324975 -1551.620936 -1552.190740 -1554.524695 -1564.388701 -1592.811481 -1397.312104 -1698.500235 -1606.674815 -1553.067124 -1529.127267 -1526.034611 -1525.722762 -1525.756271 -1525.838900 -1525.927376 -1526.012310 -1526.090907 -1526.163582 -1526.245792 -1526.490445 -1528.222405 -1540.431546 -1568.644856 -1611.504198 -1300.117648 -1562.210396 -1558.093321 -1553.292231 -1552.224022 -1552.046125 -1552.018777 -1552.015156 -1552.015392 -1552.016163 -1552.016870 -1552.017429 -1552.017856 -1552.018183 -1552.018438 -1552.018640 -1552.018803 -1552.018940 -1552.019063 -1552.019182 -1552.019316 -1552.019483 -1552.019716 -1552.020060 -1552.020588 -1552.021419 -1552.022749 -1552.024912 -1552.028496 -1552.034566 -1552.045121 -1552.064022 -1552.098895 -1552.165043 -1552.293768 -1552.551386 -1553.087389 -1554.267241 -1557.063873 -1564.398499 -1587.262009 -9999.0 -9999.0
-9999.0 -9999.0 477.926371 382.796735 286.128963 188.738055 91.039547 -6.784648 -104.642958 -202.493806 -300.280651 -397.912870 -495.196371 -591.728628 -687.035713 -782.909116 -878.364662 -973.456278 -1068.333892 -1158.188485 -1242.158171 -1316.475874 -1378.486549 -1427.503704 -1464.551515 -1491.600973 -1510.848095 -1524.277505 -1533.499425 -1539.745454 -1543.925526 -1546.694786 -1548.514564 -1549.703205 -1550.476754 -1550.981777 -1551.324975 -1551.620936 -1552.190740 -1554.524695 -1564.388701 -1592.811481 -1397.312104 -1698.500235 -1606.674816 -1553.067125 -1529.127267 -1526.034611 -1525.722762 -1525.756271 -1525.838900 -1525.927376 -1526.012310 -1526.090907 -1526.163582 -1526.245792 -1526.490445 -1528.222405 -1540.431546 -1568.644856 -1611.504198 -1300.117648 -1562.210396 -1558.093321 -1553.292231 -1552.224022 -1552.046125 -1552.018777 -1552.015156 -1552.015392 -1552.016163 -1552.016870 -1552.017429 -1552.017856 -1552.018183 -1552.018438 -1552.018640 -1552.018803 -1552.018940 -1552.019063 -1552.019182 -1552.019316 -1552.019483 -1552.019716 -1552.020060 -1552.020588 -1552.021419 -1552.022749 -1552.024912 -1552.028496 -1552.034566 -1552.045121 -1552.064022 -1552.098895 -1552.165043 -1552.293768 -1552.551386 -1553.087389 -1554.267241 -1557.063873 -1564.398499 -1587.262009 -9999.0 -9999.0
-9999.0 -9999.0 477.919812 382.794910 286.128455 188.737902 91.039497 -6.784665 -104.642964 -202.493808 -300.280652 -397.912870 -495.196371 -591.728628 -687.035713 -782.909116 -878.364662 -973.456278 -1068.333892 -1158.188485 -1242.158171 -1316.475873 -1378.486549 -1427.503703 -1464.551515 -1491.600972 -1510.848095 -1524.277505 -1533.499425 -1539.745454 -1543.925526 -1546.694786 -1548.514564 -1549.703205 -1550.476754 -1550.981777 -1551.324975 -1551.620936 -1552.190740 -1554.524695 -1564.388701 -1592.811481 -1397.312104 -1698.500236 -1606.674816 -1553.067126 -1529.127267 -1526.034611 -1525.722762 -1525.756271 -1525.838900 -1525.927376 -1526.012310 -1526.090907 -1526.163582 -1526.245792 -1526.490445 -1528.222405 -1540.431546 -1568.644856 -1611.504198 -1300.117648 -1562.210396 -1558.093321 -1553.292231 -1552.224022 -1552.046125 -1552.018777 -1552.015156 -1552.015392 -1552.016163 -1552.016870 -1552.017429 -1552.017856 -1552.018183 -1552.018438 -1552.018640 -1552.018803 -1552.018940 -1552.019063 -1552.019182 -1552.019316 -1552.019483 -1552.019716 -1552.020060 -1552.020588 -1552.021419 -1552.022749 -1552.024912 -1552.028496 -1552.034566 -1552.045121 -1552.064022 -1552.098895 -1552.165043 -1552.293768 -1552.551386 -1553.087389 -1554.267241 -1557.063873 -1564.398500 -1587.262009 -9999.0 -9999.0
-9999.0 -9999.0 -9999.0 -9999.0 -9999.0 -9999.0 -9999.0 -9999.0 -9999.0 -9999.0 -9999.0 -9999.0 -9999.0 -9999.0 -9999.0 -9999.0 -9999.0 -9999.0 -9999.0 -9999.0 -9999.0 -9999.0 -9999.0 -9999.0 -9999.0 -9999.0 -9999.0 -9999.0 -9999.0 -9999.0 -9999.0 -9999.0 -9999.0 -9999.0 -9999.0 -9999.0 -9999.0 -9999.0 -9999.0 -9999.0 -9999.0 -9999.0 -9999.0 -9999.0 -9999.0 -9999.0 -9999.0 -9999.0 -9999.0 -9999.0 -9999.0 -9999.0 -9999.0 -9999.0 -9999.0 -9999.0 -9999.0 -9999.0 -9999.0 -9999.0 -9999.0 -9999.0 -9999.0 -9999.0 -9999.0 -9999.0 -9999.0 -9999.0 -9999.0 -9999.0 -9999.0 -9999.0 -9999.0 -9999.0 -9999.0 -9999.0 -9999.0 -9999.0 -9999.0 -9999.0 -9999.0 -9999.0 -9999.0 -9999.0 -9999.0 -9999.0 -9999.0 -9999.0 -9999.0 -9999.0 -9999.0 -9999.0 -9999.0 -9999.0 -9999.0 -9999.0 -9999.0 -9999.0 -9999.0 -9999.0 -9999.0 -9999.0 -9999.0 -9999.0
-9999.0 -9999.0 -9999.0 -9999.0 -9999.0 -9999.0 -9999.0 -9999.0 -9999.0 -9999.0 -9999.0 -9999.0 -9999.0 -9999.0 -9999.0 -9999.0 -9999.0 -9999.0 -9999.0 -9999.0 -9999.0 -9999.0 -9999.0 -9999.0 -9999.0 -9999.0 -9999.0 -9999.0 -9999.0 -9999.0 -9999.0 -9999.0 -9999.0 -9999.0 -9999.0 -9999.0 -9999.0 -9999.0 -9999.0 -9999.0 -9999.0 -9999.0 -9999.0 -9999.0 -9999.0 -9999.0 -9999.0 -9999.0 -9999.0 -9999.0 -9999.0 -9999.0 -9999.0 -9999.0 -9999.0 -9999.0 -9999.0 -9999.0 -9999.0 -9999.0 -9999.0 -9999.0 -9999.0 -9999.0 -9999.0 -9999.0 -9999.0 -9999.0 -9999.0 -9999.0 -9999.0 -9999.0 -9999.0 -9999.0 -9999.0 -9999.0 -9999.0 -9999.0 -9999.0 -9999.0 -9999.0 -9999.0 -9999.0 -9999.0 -9999.0 -9999.0 -9999.0 -9999.0 -9999.0 -9999.0 -9999.0 -9999.0 -9999.0 -9999.0 -9999.0 -9999.0 -9999.0 -9999.0 -9999.0 -9999.0 -9999.0 -9999.0 -9999.0 -9999.0