inst/processing_geotop_simulation/geotop_simulation/out/maps3D/PwL0018N0354.asc
ncols         104
nrows         10
xllcorner     -2.000000
yllcorner     0.000000
cellsize      1.000000
NODATA_value  -9999.0
-9999.0 -9999.0 -9999.0 -9999.0 -9999.0 -9999.0 -9999.0 -9999.0 -9999.0 -9999.0 -9999.0 -9999.0 -9999.0 -9999.0 -9999.0 -9999.0 -9999.0 -9999.0 -9999.0 -9999.0 -9999.0 -9999.0 -9999.0 -9999.0 -9999.0 -9999.0 -9999.0 -9999.0 -9999.0 -9999.0 -9999.0 -9999.0 -9999.0 -9999.0 -9999.0 -9999.0 -9999.0 -9999.0 -9999.0 -9999.0 -9999.0 -9999.0 -9999.0 -9999.0 -9999.0 -9999.0 -9999.0 -9999.0 -9999.0 -9999.0 -9999.0 -9999.0 -9999.0 -9999.0 -9999.0 -9999.0 -9999.0 -9999.0 -9999.0 -9999.0 -9999.0 -9999.0 -9999.0 -9999.0 -9999.0 -9999.0 -9999.0 -9999.0 -9999.0 -9999.0 -9999.0 -9999.0 -9999.0 -9999.0 -9999.0 -9999.0 -9999.0 -9999.0 -9999.0 -9999.0 -9999.0 -9999.0 -9999.0 -9999.0 -9999.0 -9999.0 -9999.0 -9999.0 -9999.0 -9999.0 -9999.0 -9999.0 -9999.0 -9999.0 -9999.0 -9999.0 -9999.0 -9999.0 -9999.0 -9999.0 -9999.0 -9999.0 -9999.0 -9999.0
-9999.0 -9999.0 -9999.0 -9999.0 -9999.0 -9999.0 -9999.0 -9999.0 -9999.0 -9999.0 -9999.0 -9999.0 -9999.0 -9999.0 -9999.0 -9999.0 -9999.0 -9999.0 -9999.0 -9999.0 -9999.0 -9999.0 -9999.0 -9999.0 -9999.0 -9999.0 -9999.0 -9999.0 -9999.0 -9999.0 -9999.0 -9999.0 -9999.0 -9999.0 -9999.0 -9999.0 -9999.0 -9999.0 -9999.0 -9999.0 -9999.0 -9999.0 -9999.0 -9999.0 -9999.0 -9999.0 -9999.0 -9999.0 -9999.0 -9999.0 -9999.0 -9999.0 -9999.0 -9999.0 -9999.0 -9999.0 -9999.0 -9999.0 -9999.0 -9999.0 -9999.0 -9999.0 -9999.0 -9999.0 -9999.0 -9999.0 -9999.0 -9999.0 -9999.0 -9999.0 -9999.0 -9999.0 -9999.0 -9999.0 -9999.0 -9999.0 -9999.0 -9999.0 -9999.0 -9999.0 -9999.0 -9999.0 -9999.0 -9999.0 -9999.0 -9999.0 -9999.0 -9999.0 -9999.0 -9999.0 -9999.0 -9999.0 -9999.0 -9999.0 -9999.0 -9999.0 -9999.0 -9999.0 -9999.0 -9999.0 -9999.0 -9999.0 -9999.0 -9999.0
-9999.0 -9999.0 870.265436 771.587270 672.751883 573.741129 474.639132 375.497005 276.342135 177.189295 78.046674 -21.078586 -120.181894 -219.259479 -318.290239 -417.236865 -516.027874 -614.536606 -712.552733 -810.736305 -908.573921 -1005.888910 -1102.428408 -1192.285747 -1275.439878 -1349.776781 -1413.769941 -1466.780835 -1509.108641 -1541.800022 -1566.333637 -1584.310588 -1597.231568 -1606.378242 -1612.777785 -1617.220114 -1620.309354 -1622.573432 -1624.781317 -1628.854588 -1639.588955 -1669.119411 -1938.506356 -4016.837620 -4084.149192 -4084.158196 -4084.152299 -4084.094479 -4083.842912 -4083.080435 -4081.135909 -4075.973335 -4068.074301 -4058.507191 -4043.742693 -4017.932384 -3970.054958 -3882.529329 -3736.559827 -3525.569492 -3170.265302 -1686.043043 -1626.475648 -1631.164084 -1628.424207 -1627.255299 -1626.977762 -1626.925577 -1626.917180 -1626.916354 -1626.916722 -1626.917200 -1626.917614 -1626.917952 -1626.918228 -1626.918459 -1626.918658 -1626.918833 -1626.918994 -1626.919147 -1626.919303 -1626.919470 -1626.919665 -1626.919907 -1626.920231 -1626.920688 -1626.921362 -1626.922396 -1626.924034 -1626.926714 -1626.931240 -1626.939149 -1626.953449 -1626.980182 -1627.031837 -1627.135285 -1627.351765 -1627.830726 -1628.962521 -1631.845341 -1639.906492 -1665.445262 -9999.0 -9999.0
-9999.0 -9999.0 870.268663 771.588451 672.752261 573.741251 474.639173 375.497020 276.342140 177.189297 78.046676 -21.078585 -120.181894 -219.259480 -318.290239 -417.236865 -516.027874 -614.536607 -712.552733 -810.736305 -908.573921 -1005.888910 -1102.428408 -1192.285747 -1275.439878 -1349.776781 -1413.769941 -1466.780835 -1509.108641 -1541.800022 -1566.333637 -1584.310588 -1597.231568 -1606.378242 -1612.777785 -1617.220115 -1620.309354 -1622.573432 -1624.781317 -1628.854588 -1639.588955 -1669.119411 -1938.506355 -4016.837620 -4084.149192 -4084.158196 -4084.152299 -4084.094479 -4083.842912 -4083.080435 -4081.135909 -4075.973335 -4068.074301 -4058.507191 -4043.742693 -4017.932384 -3970.054958 -3882.529329 -3736.559826 -3525.569492 -3170.265302 -1686.043043 -1626.475648 -1631.164084 -1628.424206 -1627.255299 -1626.977762 -1626.925577 -1626.917180 -1626.916354 -1626.916722 -1626.917200 -1626.917614 -1626.917952 -1626.918228 -1626.918459 -1626.918658 -1626.918833 -1626.918994 -1626.919147 -1626.919303 -1626.919470 -1626.919665 -1626.919907 -1626.920231 -1626.920688 -1626.921362 -1626.922396 -1626.924034 -1626.926714 -1626.931240 -1626.939149 -1626.953449 -1626.980182 -1627.031837 -1627.135285 -1627.351765 -1627.830726 -1628.962521 -1631.845341 -1639.906492 -1665.445262 -9999.0 -9999.0
-9999.0 -9999.0 870.269825 771.589069 672.752520 573.741350 474.639209 375.497033 276.342145 177.189299 78.046676 -21.078585 -120.181894 -219.259479 -318.290239 -417.236865 -516.027875 -614.536607 -712.552734 -810.736306 -908.573922 -1005.888910 -1102.428408 -1192.285747 -1275.439878 -1349.776781 -1413.769941 -1466.780836 -1509.108641 -1541.800022 -1566.333637 -1584.310588 -1597.231568 -1606.378242 -1612.777785 -1617.220115 -1620.309354 -1622.573432 -1624.781317 -1628.854588 -1639.588955 -1669.119411 -1938.506355 -4016.837620 -4084.149192 -4084.158196 -4084.152299 -4084.094479 -4083.842912 -4083.080435 -4081.135909 -4075.973335 -4068.074301 -4058.507191 -4043.742693 -4017.932384 -3970.054958 -3882.529329 -3736.559826 -3525.569491 -3170.265301 -1686.043043 -1626.475648 -1631.164084 -1628.424206 -1627.255299 -1626.977762 -1626.925577 -1626.917180 -1626.916354 -1626.916722 -1626.917200 -1626.917614 -1626.917952 -1626.918228 -1626.918459 -1626.918658 -1626.918833 -1626.918994 -1626.919147 -1626.919303 -1626.919470 -1626.919665 -1626.919907 -1626.920231 -1626.920688 -1626.921362 -1626.922396 -1626.924034 -1626.926714 -1626.931240 -1626.939149 -1626.953449 -1626.980182 -1627.031837 -1627.135285 -1627.351765 -1627.830726 -1628.962521 -1631.845341 -1639.906492 -1665.445262 -9999.0 -9999.0
-9999.0 -9999.0 870.269825 771.589069 672.752520 573.741349 474.639210 375.497033 276.342145 177.189299 78.046676 -21.078585 -120.181894 -219.259479 -318.290239 -417.236865 -516.027875 -614.536607 -712.552733 -810.736306 -908.573922 -1005.888910 -1102.428408 -1192.285747 -1275.439878 -1349.776781 -1413.769941 -1466.780836 -1509.108641 -1541.800022 -1566.333637 -1584.310588 -1597.231568 -1606.378242 -1612.777785 -1617.220115 -1620.309354 -1622.573432 -1624.781317 -1628.854588 -1639.588955 -1669.119411 -1938.506355 -4016.837620 -4084.149192 -4084.158196 -4084.152299 -4084.094479 -4083.842912 -4083.080435 -4081.135909 -4075.973335 -4068.074301 -4058.507191 -4043.742693 -4017.932384 -3970.054957 -3882.529329 -3736.559826 -3525.569491 -3170.265301 -1686.043043 -1626.475648 -1631.164084 -1628.424206 -1627.255299 -1626.977762 -1626.925577 -1626.917180 -1626.916354 -1626.916722 -1626.917200 -1626.917614 -1626.917952 -1626.918228 -1626.918459 -1626.918658 -1626.918833 -1626.918994 -1626.919147 -1626.919303 -1626.919470 -1626.919665 -1626.919907 -1626.920231 -1626.920688 -1626.921362 -1626.922396 -1626.924034 -1626.926714 -1626.931240 -1626.939149 -1626.953449 -1626.980182 -1627.031837 -1627.135285 -1627.351765 -1627.830726 -1628.962521 -1631.845341 -1639.906492 -1665.445262 -9999.0 -9999.0
-9999.0 -9999.0 870.268662 771.588451 672.752261 573.741251 474.639173 375.497020 276.342140 177.189297 78.046675 -21.078585 -120.181894 -219.259479 -318.290239 -417.236865 -516.027874 -614.536607 -712.552733 -810.736305 -908.573921 -1005.888910 -1102.428408 -1192.285747 -1275.439878 -1349.776781 -1413.769941 -1466.780835 -1509.108641 -1541.800022 -1566.333637 -1584.310588 -1597.231568 -1606.378242 -1612.777785 -1617.220115 -1620.309354 -1622.573432 -1624.781317 -1628.854588 -1639.588955 -1669.119411 -1938.506355 -4016.837620 -4084.149192 -4084.158196 -4084.152299 -4084.094479 -4083.842912 -4083.080435 -4081.135909 -4075.973335 -4068.074301 -4058.507191 -4043.742693 -4017.932384 -3970.054958 -3882.529329 -3736.559826 -3525.569491 -3170.265302 -1686.043043 -1626.475648 -1631.164084 -1628.424207 -1627.255299 -1626.977762 -1626.925577 -1626.917180 -1626.916354 -1626.916722 -1626.917200 -1626.917614 -1626.917952 -1626.918228 -1626.918459 -1626.918658 -1626.918833 -1626.918994 -1626.919147 -1626.919303 -1626.919470 -1626.919665 -1626.919907 -1626.920231 -1626.920688 -1626.921362 -1626.922396 -1626.924034 -1626.926714 -1626.931240 -1626.939149 -1626.953449 -1626.980182 -1627.031837 -1627.135285 -1627.351765 -1627.830726 -1628.962521 -1631.845341 -1639.906492 -1665.445262 -9999.0 -9999.0
-9999.0 -9999.0 870.265436 771.587269 672.751883 573.741129 474.639132 375.497005 276.342135 177.189295 78.046675 -21.078586 -120.181894 -219.259480 -318.290239 -417.236865 -516.027874 -614.536606 -712.552733 -810.736305 -908.573921 -1005.888910 -1102.428408 -1192.285747 -1275.439878 -1349.776781 -1413.769941 -1466.780835 -1509.108641 -1541.800022 -1566.333637 -1584.310588 -1597.231568 -1606.378242 -1612.777785 -1617.220114 -1620.309354 -1622.573432 -1624.781317 -1628.854588 -1639.588955 -1669.119411 -1938.506356 -4016.837620 -4084.149192 -4084.158196 -4084.152299 -4084.094479 -4083.842912 -4083.080435 -4081.135909 -4075.973335 -4068.074301 -4058.507191 -4043.742693 -4017.932384 -3970.054958 -3882.529329 -3736.559826 -3525.569492 -3170.265303 -1686.043043 -1626.475648 -1631.164084 -1628.424207 -1627.255299 -1626.977762 -1626.925577 -1626.917180 -1626.916354 -1626.916722 -1626.917200 -1626.917614 -1626.917952 -1626.918228 -1626.918459 -1626.918658 -1626.918833 -1626.918994 -1626.919147 -1626.919303 -1626.919470 -1626.919665 -1626.919907 -1626.920231 -1626.920688 -1626.921362 -1626.922396 -1626.924034 -1626.926714 -1626.931240 -1626.939149 -1626.953449 -1626.980182 -1627.031837 -1627.135285 -1627.351765 -1627.830726 -1628.962521 -1631.845341 -1639.906492 -1665.445262 -9999.0 -9999.0
-9999.0 -9999.0 -9999.0 -9999.0 -9999.0 -9999.0 -9999.0 -9999.0 -9999.0 -9999.0 -9999.0 -9999.0 -9999.0 -9999.0 -9999.0 -9999.0 -9999.0 -9999.0 -9999.0 -9999.0 -9999.0 -9999.0 -9999.0 -9999.0 -9999.0 -9999.0 -9999.0 -9999.0 -9999.0 -9999.0 -9999.0 -9999.0 -9999.0 -9999.0 -9999.0 -9999.0 -9999.0 -9999.0 -9999.0 -9999.0 -9999.0 -9999.0 -9999.0 -9999.0 -9999.0 -9999.0 -9999.0 -9999.0 -9999.0 -9999.0 -9999.0 -9999.0 -9999.0 -9999.0 -9999.0 -9999.0 -9999.0 -9999.0 -9999.0 -9999.0 -9999.0 -9999.0 -9999.0 -9999.0 -9999.0 -9999.0 -9999.0 -9999.0 -9999.0 -9999.0 -9999.0 -9999.0 -9999.0 -9999.0 -9999.0 -9999.0 -9999.0 -9999.0 -9999.0 -9999.0 -9999.0 -9999.0 -9999.0 -9999.0 -9999.0 -9999.0 -9999.0 -9999.0 -9999.0 -9999.0 -9999.0 -9999.0 -9999.0 -9999.0 -9999.0 -9999.0 -9999.0 -9999.0 -9999.0 -9999.0 -9999.0 -9999.0 -9999.0 -9999.0
-9999.0 -9999.0 -9999.0 -9999.0 -9999.0 -9999.0 -9999.0 -9999.0 -9999.0 -9999.0 -9999.0 -9999.0 -9999.0 -9999.0 -9999.0 -9999.0 -9999.0 -9999.0 -9999.0 -9999.0 -9999.0 -9999.0 -9999.0 -9999.0 -9999.0 -9999.0 -9999.0 -9999.0 -9999.0 -9999.0 -9999.0 -9999.0 -9999.0 -9999.0 -9999.0 -9999.0 -9999.0 -9999.0 -9999.0 -9999.0 -9999.0 -9999.0 -9999.0 -9999.0 -9999.0 -9999.0 -9999.0 -9999.0 -9999.0 -9999.0 -9999.0 -9999.0 -9999.0 -9999.0 -9999.0 -9999.0 -9999.0 -9999.0 -9999.0 -9999.0 -9999.0 -9999.0 -9999.0 -9999.0 -9999.0 -9999.0 -9999.0 -9999.0 -9999.0 -9999.0 -9999.0 -9999.0 -9999.0 -9999.0 -9999.0 -9999.0 -9999.0 -9999.0 -9999.0 -9999.0 -9999.0 -9999.0 -9999.0 -9999.0 -9999.0 -9999.0 -9999.0 -9999.0 -9999.0 -9999.0 -9999.0 -9999.0 -9999.0 -9999.0 -9999.0 -9999.0 -9999.0 -9999.0 -9999.0 -9999.0 -9999.0 -9999.0 -9999.0 -9999.0