inst/processing_geotop_simulation/geotop_simulation/out/maps3D/PwL0010N0078.asc
ncols         104
nrows         10
xllcorner     -2.000000
yllcorner     0.000000
cellsize      1.000000
NODATA_value  -9999.0
-9999.0 -9999.0 -9999.0 -9999.0 -9999.0 -9999.0 -9999.0 -9999.0 -9999.0 -9999.0 -9999.0 -9999.0 -9999.0 -9999.0 -9999.0 -9999.0 -9999.0 -9999.0 -9999.0 -9999.0 -9999.0 -9999.0 -9999.0 -9999.0 -9999.0 -9999.0 -9999.0 -9999.0 -9999.0 -9999.0 -9999.0 -9999.0 -9999.0 -9999.0 -9999.0 -9999.0 -9999.0 -9999.0 -9999.0 -9999.0 -9999.0 -9999.0 -9999.0 -9999.0 -9999.0 -9999.0 -9999.0 -9999.0 -9999.0 -9999.0 -9999.0 -9999.0 -9999.0 -9999.0 -9999.0 -9999.0 -9999.0 -9999.0 -9999.0 -9999.0 -9999.0 -9999.0 -9999.0 -9999.0 -9999.0 -9999.0 -9999.0 -9999.0 -9999.0 -9999.0 -9999.0 -9999.0 -9999.0 -9999.0 -9999.0 -9999.0 -9999.0 -9999.0 -9999.0 -9999.0 -9999.0 -9999.0 -9999.0 -9999.0 -9999.0 -9999.0 -9999.0 -9999.0 -9999.0 -9999.0 -9999.0 -9999.0 -9999.0 -9999.0 -9999.0 -9999.0 -9999.0 -9999.0 -9999.0 -9999.0 -9999.0 -9999.0 -9999.0 -9999.0
-9999.0 -9999.0 -9999.0 -9999.0 -9999.0 -9999.0 -9999.0 -9999.0 -9999.0 -9999.0 -9999.0 -9999.0 -9999.0 -9999.0 -9999.0 -9999.0 -9999.0 -9999.0 -9999.0 -9999.0 -9999.0 -9999.0 -9999.0 -9999.0 -9999.0 -9999.0 -9999.0 -9999.0 -9999.0 -9999.0 -9999.0 -9999.0 -9999.0 -9999.0 -9999.0 -9999.0 -9999.0 -9999.0 -9999.0 -9999.0 -9999.0 -9999.0 -9999.0 -9999.0 -9999.0 -9999.0 -9999.0 -9999.0 -9999.0 -9999.0 -9999.0 -9999.0 -9999.0 -9999.0 -9999.0 -9999.0 -9999.0 -9999.0 -9999.0 -9999.0 -9999.0 -9999.0 -9999.0 -9999.0 -9999.0 -9999.0 -9999.0 -9999.0 -9999.0 -9999.0 -9999.0 -9999.0 -9999.0 -9999.0 -9999.0 -9999.0 -9999.0 -9999.0 -9999.0 -9999.0 -9999.0 -9999.0 -9999.0 -9999.0 -9999.0 -9999.0 -9999.0 -9999.0 -9999.0 -9999.0 -9999.0 -9999.0 -9999.0 -9999.0 -9999.0 -9999.0 -9999.0 -9999.0 -9999.0 -9999.0 -9999.0 -9999.0 -9999.0 -9999.0
-9999.0 -9999.0 319.503120 219.393547 119.419589 19.721661 -79.670653 -179.210746 -280.279534 -385.480699 -496.968522 -613.181632 -725.781048 -816.959909 -876.580115 -940.947779 -999.383069 -1054.046120 -1107.767211 -1108.098770 -1100.002858 -1090.878078 -1084.021196 -1080.262179 -1079.285624 -1080.348204 -1082.622723 -1085.385341 -1088.117075 -1090.522608 -1092.484960 -1094.000681 -1095.124452 -1095.930867 -1096.493156 -1096.875696 -1097.141996 -1097.373705 -1097.641172 -1098.322125 -1105.042725 -1172.881047 -2102.454280 -4259.916884 -3934.519535 -3637.184383 -3482.052451 -3463.128136 -3461.236374 -3461.371421 -3461.778662 -3462.216762 -3462.637053 -3463.025805 -3463.386009 -3463.802675 -3465.131324 -3475.115958 -3553.665589 -3723.983534 -3975.193016 -1907.208860 -1152.058687 -1103.080589 -1098.446189 -1097.886526 -1097.787800 -1097.770167 -1097.769442 -1097.771832 -1097.774324 -1097.776345 -1097.777883 -1097.779042 -1097.779925 -1097.780609 -1097.781149 -1097.781583 -1097.781942 -1097.782256 -1097.782558 -1097.782887 -1097.783295 -1097.783856 -1097.784679 -1097.785940 -1097.787914 -1097.791056 -1097.796125 -1097.804423 -1097.818262 -1097.841892 -1097.883386 -1097.958510 -1098.098542 -1098.365896 -1098.885292 -1099.909647 -1101.980282 -1106.376109 -1116.409963 -1141.761196 -9999.0 -9999.0
-9999.0 -9999.0 319.503120 219.393546 119.419589 19.721660 -79.670653 -179.210747 -280.279535 -385.480700 -496.968522 -613.181633 -725.781048 -816.959909 -876.580115 -940.947779 -999.383069 -1054.046120 -1107.767211 -1108.098770 -1100.002858 -1090.878078 -1084.021196 -1080.262179 -1079.285624 -1080.348204 -1082.622723 -1085.385341 -1088.117075 -1090.522608 -1092.484960 -1094.000681 -1095.124452 -1095.930867 -1096.493156 -1096.875696 -1097.141996 -1097.373705 -1097.641172 -1098.322125 -1105.042725 -1172.881047 -2102.454280 -4259.916883 -3934.519531 -3637.184373 -3482.052451 -3463.128136 -3461.236374 -3461.371421 -3461.778662 -3462.216762 -3462.637053 -3463.025805 -3463.386009 -3463.802675 -3465.131324 -3475.115958 -3553.665589 -3723.983534 -3975.193016 -1907.208860 -1152.058687 -1103.080589 -1098.446189 -1097.886526 -1097.787800 -1097.770167 -1097.769442 -1097.771832 -1097.774324 -1097.776345 -1097.777883 -1097.779042 -1097.779925 -1097.780609 -1097.781149 -1097.781583 -1097.781942 -1097.782256 -1097.782558 -1097.782887 -1097.783295 -1097.783856 -1097.784679 -1097.785940 -1097.787914 -1097.791056 -1097.796125 -1097.804423 -1097.818262 -1097.841892 -1097.883386 -1097.958510 -1098.098542 -1098.365896 -1098.885292 -1099.909647 -1101.980282 -1106.376109 -1116.409963 -1141.761196 -9999.0 -9999.0
-9999.0 -9999.0 319.503119 219.393545 119.419588 19.721660 -79.670654 -179.210747 -280.279535 -385.480700 -496.968523 -613.181633 -725.781048 -816.959909 -876.580115 -940.947779 -999.383069 -1054.046120 -1107.767211 -1108.098770 -1100.002858 -1090.878078 -1084.021196 -1080.262179 -1079.285624 -1080.348204 -1082.622723 -1085.385341 -1088.117075 -1090.522608 -1092.484960 -1094.000681 -1095.124452 -1095.930867 -1096.493156 -1096.875696 -1097.141996 -1097.373705 -1097.641172 -1098.322125 -1105.042725 -1172.881047 -2102.454280 -4259.916883 -3934.519530 -3637.184369 -3482.052451 -3463.128136 -3461.236374 -3461.371421 -3461.778662 -3462.216762 -3462.637053 -3463.025805 -3463.386009 -3463.802675 -3465.131324 -3475.115958 -3553.665589 -3723.983534 -3975.193016 -1907.208860 -1152.058687 -1103.080589 -1098.446189 -1097.886526 -1097.787800 -1097.770167 -1097.769442 -1097.771832 -1097.774324 -1097.776345 -1097.777883 -1097.779042 -1097.779925 -1097.780609 -1097.781149 -1097.781583 -1097.781942 -1097.782256 -1097.782558 -1097.782887 -1097.783295 -1097.783856 -1097.784679 -1097.785940 -1097.787914 -1097.791056 -1097.796125 -1097.804423 -1097.818262 -1097.841892 -1097.883386 -1097.958510 -1098.098542 -1098.365896 -1098.885292 -1099.909647 -1101.980282 -1106.376109 -1116.409963 -1141.761196 -9999.0 -9999.0
-9999.0 -9999.0 319.503119 219.393545 119.419588 19.721660 -79.670653 -179.210747 -280.279535 -385.480700 -496.968523 -613.181633 -725.781048 -816.959909 -876.580115 -940.947779 -999.383069 -1054.046120 -1107.767211 -1108.098770 -1100.002858 -1090.878078 -1084.021196 -1080.262179 -1079.285624 -1080.348204 -1082.622723 -1085.385341 -1088.117075 -1090.522608 -1092.484960 -1094.000681 -1095.124452 -1095.930867 -1096.493156 -1096.875696 -1097.141996 -1097.373705 -1097.641172 -1098.322125 -1105.042725 -1172.881047 -2102.454280 -4259.916883 -3934.519530 -3637.184369 -3482.052451 -3463.128136 -3461.236374 -3461.371421 -3461.778662 -3462.216762 -3462.637053 -3463.025805 -3463.386009 -3463.802675 -3465.131324 -3475.115958 -3553.665589 -3723.983534 -3975.193016 -1907.208860 -1152.058688 -1103.080589 -1098.446189 -1097.886526 -1097.787800 -1097.770167 -1097.769442 -1097.771832 -1097.774324 -1097.776345 -1097.777883 -1097.779042 -1097.779925 -1097.780609 -1097.781149 -1097.781583 -1097.781942 -1097.782256 -1097.782558 -1097.782887 -1097.783295 -1097.783856 -1097.784679 -1097.785940 -1097.787914 -1097.791056 -1097.796125 -1097.804423 -1097.818262 -1097.841892 -1097.883386 -1097.958510 -1098.098542 -1098.365896 -1098.885292 -1099.909647 -1101.980282 -1106.376109 -1116.409963 -1141.761196 -9999.0 -9999.0
-9999.0 -9999.0 319.503119 219.393546 119.419589 19.721660 -79.670653 -179.210747 -280.279535 -385.480700 -496.968522 -613.181633 -725.781048 -816.959909 -876.580115 -940.947779 -999.383069 -1054.046120 -1107.767211 -1108.098770 -1100.002858 -1090.878078 -1084.021196 -1080.262179 -1079.285624 -1080.348204 -1082.622723 -1085.385341 -1088.117075 -1090.522608 -1092.484960 -1094.000681 -1095.124452 -1095.930867 -1096.493156 -1096.875696 -1097.141996 -1097.373705 -1097.641172 -1098.322125 -1105.042725 -1172.881047 -2102.454280 -4259.916883 -3934.519531 -3637.184373 -3482.052451 -3463.128136 -3461.236374 -3461.371421 -3461.778662 -3462.216762 -3462.637053 -3463.025805 -3463.386009 -3463.802675 -3465.131324 -3475.115958 -3553.665589 -3723.983534 -3975.193016 -1907.208860 -1152.058688 -1103.080589 -1098.446189 -1097.886526 -1097.787800 -1097.770167 -1097.769442 -1097.771832 -1097.774324 -1097.776345 -1097.777883 -1097.779042 -1097.779925 -1097.780609 -1097.781149 -1097.781583 -1097.781942 -1097.782256 -1097.782558 -1097.782887 -1097.783295 -1097.783856 -1097.784679 -1097.785940 -1097.787914 -1097.791056 -1097.796125 -1097.804423 -1097.818262 -1097.841892 -1097.883386 -1097.958510 -1098.098542 -1098.365896 -1098.885292 -1099.909647 -1101.980282 -1106.376109 -1116.409963 -1141.761196 -9999.0 -9999.0
-9999.0 -9999.0 319.503120 219.393547 119.419589 19.721661 -79.670653 -179.210746 -280.279534 -385.480699 -496.968522 -613.181632 -725.781048 -816.959909 -876.580115 -940.947779 -999.383069 -1054.046120 -1107.767211 -1108.098770 -1100.002858 -1090.878078 -1084.021196 -1080.262179 -1079.285624 -1080.348204 -1082.622723 -1085.385341 -1088.117075 -1090.522608 -1092.484960 -1094.000681 -1095.124452 -1095.930867 -1096.493156 -1096.875696 -1097.141996 -1097.373705 -1097.641172 -1098.322125 -1105.042725 -1172.881047 -2102.454280 -4259.916884 -3934.519535 -3637.184383 -3482.052451 -3463.128136 -3461.236374 -3461.371421 -3461.778662 -3462.216762 -3462.637053 -3463.025805 -3463.386009 -3463.802675 -3465.131324 -3475.115958 -3553.665589 -3723.983534 -3975.193016 -1907.208860 -1152.058688 -1103.080589 -1098.446189 -1097.886526 -1097.787800 -1097.770167 -1097.769442 -1097.771832 -1097.774324 -1097.776345 -1097.777883 -1097.779042 -1097.779925 -1097.780609 -1097.781149 -1097.781583 -1097.781942 -1097.782256 -1097.782558 -1097.782887 -1097.783295 -1097.783856 -1097.784679 -1097.785940 -1097.787914 -1097.791056 -1097.796125 -1097.804423 -1097.818262 -1097.841892 -1097.883386 -1097.958510 -1098.098542 -1098.365896 -1098.885292 -1099.909647 -1101.980282 -1106.376109 -1116.409963 -1141.761196 -9999.0 -9999.0
-9999.0 -9999.0 -9999.0 -9999.0 -9999.0 -9999.0 -9999.0 -9999.0 -9999.0 -9999.0 -9999.0 -9999.0 -9999.0 -9999.0 -9999.0 -9999.0 -9999.0 -9999.0 -9999.0 -9999.0 -9999.0 -9999.0 -9999.0 -9999.0 -9999.0 -9999.0 -9999.0 -9999.0 -9999.0 -9999.0 -9999.0 -9999.0 -9999.0 -9999.0 -9999.0 -9999.0 -9999.0 -9999.0 -9999.0 -9999.0 -9999.0 -9999.0 -9999.0 -9999.0 -9999.0 -9999.0 -9999.0 -9999.0 -9999.0 -9999.0 -9999.0 -9999.0 -9999.0 -9999.0 -9999.0 -9999.0 -9999.0 -9999.0 -9999.0 -9999.0 -9999.0 -9999.0 -9999.0 -9999.0 -9999.0 -9999.0 -9999.0 -9999.0 -9999.0 -9999.0 -9999.0 -9999.0 -9999.0 -9999.0 -9999.0 -9999.0 -9999.0 -9999.0 -9999.0 -9999.0 -9999.0 -9999.0 -9999.0 -9999.0 -9999.0 -9999.0 -9999.0 -9999.0 -9999.0 -9999.0 -9999.0 -9999.0 -9999.0 -9999.0 -9999.0 -9999.0 -9999.0 -9999.0 -9999.0 -9999.0 -9999.0 -9999.0 -9999.0 -9999.0
-9999.0 -9999.0 -9999.0 -9999.0 -9999.0 -9999.0 -9999.0 -9999.0 -9999.0 -9999.0 -9999.0 -9999.0 -9999.0 -9999.0 -9999.0 -9999.0 -9999.0 -9999.0 -9999.0 -9999.0 -9999.0 -9999.0 -9999.0 -9999.0 -9999.0 -9999.0 -9999.0 -9999.0 -9999.0 -9999.0 -9999.0 -9999.0 -9999.0 -9999.0 -9999.0 -9999.0 -9999.0 -9999.0 -9999.0 -9999.0 -9999.0 -9999.0 -9999.0 -9999.0 -9999.0 -9999.0 -9999.0 -9999.0 -9999.0 -9999.0 -9999.0 -9999.0 -9999.0 -9999.0 -9999.0 -9999.0 -9999.0 -9999.0 -9999.0 -9999.0 -9999.0 -9999.0 -9999.0 -9999.0 -9999.0 -9999.0 -9999.0 -9999.0 -9999.0 -9999.0 -9999.0 -9999.0 -9999.0 -9999.0 -9999.0 -9999.0 -9999.0 -9999.0 -9999.0 -9999.0 -9999.0 -9999.0 -9999.0 -9999.0 -9999.0 -9999.0 -9999.0 -9999.0 -9999.0 -9999.0 -9999.0 -9999.0 -9999.0 -9999.0 -9999.0 -9999.0 -9999.0 -9999.0 -9999.0 -9999.0 -9999.0 -9999.0 -9999.0 -9999.0