inst/processing_geotop_simulation/geotop_simulation/out/maps3D/PwL0008N0238.asc
ncols         104
nrows         10
xllcorner     -2.000000
yllcorner     0.000000
cellsize      1.000000
NODATA_value  -9999.0
-9999.0 -9999.0 -9999.0 -9999.0 -9999.0 -9999.0 -9999.0 -9999.0 -9999.0 -9999.0 -9999.0 -9999.0 -9999.0 -9999.0 -9999.0 -9999.0 -9999.0 -9999.0 -9999.0 -9999.0 -9999.0 -9999.0 -9999.0 -9999.0 -9999.0 -9999.0 -9999.0 -9999.0 -9999.0 -9999.0 -9999.0 -9999.0 -9999.0 -9999.0 -9999.0 -9999.0 -9999.0 -9999.0 -9999.0 -9999.0 -9999.0 -9999.0 -9999.0 -9999.0 -9999.0 -9999.0 -9999.0 -9999.0 -9999.0 -9999.0 -9999.0 -9999.0 -9999.0 -9999.0 -9999.0 -9999.0 -9999.0 -9999.0 -9999.0 -9999.0 -9999.0 -9999.0 -9999.0 -9999.0 -9999.0 -9999.0 -9999.0 -9999.0 -9999.0 -9999.0 -9999.0 -9999.0 -9999.0 -9999.0 -9999.0 -9999.0 -9999.0 -9999.0 -9999.0 -9999.0 -9999.0 -9999.0 -9999.0 -9999.0 -9999.0 -9999.0 -9999.0 -9999.0 -9999.0 -9999.0 -9999.0 -9999.0 -9999.0 -9999.0 -9999.0 -9999.0 -9999.0 -9999.0 -9999.0 -9999.0 -9999.0 -9999.0 -9999.0 -9999.0
-9999.0 -9999.0 -9999.0 -9999.0 -9999.0 -9999.0 -9999.0 -9999.0 -9999.0 -9999.0 -9999.0 -9999.0 -9999.0 -9999.0 -9999.0 -9999.0 -9999.0 -9999.0 -9999.0 -9999.0 -9999.0 -9999.0 -9999.0 -9999.0 -9999.0 -9999.0 -9999.0 -9999.0 -9999.0 -9999.0 -9999.0 -9999.0 -9999.0 -9999.0 -9999.0 -9999.0 -9999.0 -9999.0 -9999.0 -9999.0 -9999.0 -9999.0 -9999.0 -9999.0 -9999.0 -9999.0 -9999.0 -9999.0 -9999.0 -9999.0 -9999.0 -9999.0 -9999.0 -9999.0 -9999.0 -9999.0 -9999.0 -9999.0 -9999.0 -9999.0 -9999.0 -9999.0 -9999.0 -9999.0 -9999.0 -9999.0 -9999.0 -9999.0 -9999.0 -9999.0 -9999.0 -9999.0 -9999.0 -9999.0 -9999.0 -9999.0 -9999.0 -9999.0 -9999.0 -9999.0 -9999.0 -9999.0 -9999.0 -9999.0 -9999.0 -9999.0 -9999.0 -9999.0 -9999.0 -9999.0 -9999.0 -9999.0 -9999.0 -9999.0 -9999.0 -9999.0 -9999.0 -9999.0 -9999.0 -9999.0 -9999.0 -9999.0 -9999.0 -9999.0
-9999.0 -9999.0 377.065280 281.558352 184.401290 86.586447 -11.492796 -109.674978 -207.889924 -306.079897 -404.182689 -502.072443 -599.476536 -695.868508 -792.385179 -888.744743 -984.787068 -1080.624881 -1173.165209 -1262.507597 -1345.660349 -1418.804004 -1479.326756 -1526.742759 -1562.305130 -1588.127739 -1606.446275 -1619.218161 -1627.998854 -1633.962227 -1637.968709 -1640.635584 -1642.397395 -1643.554650 -1644.312133 -1644.809611 -1645.150096 -1645.448527 -1646.033344 -1648.336946 -1656.870221 -1665.449334 -1205.289636 -1287.202360 -1253.504351 -1232.529227 -1222.876532 -1221.553568 -1221.417818 -1221.432423 -1221.468606 -1221.507389 -1221.544633 -1221.579106 -1221.611018 -1221.647422 -1221.757021 -1222.516696 -1227.525770 -1238.881502 -1255.279531 -1155.713561 -1636.951272 -1650.641763 -1647.063615 -1646.046808 -1645.865469 -1645.836930 -1645.833061 -1645.833198 -1645.833901 -1645.834558 -1645.835078 -1645.835477 -1645.835783 -1645.836021 -1645.836209 -1645.836362 -1645.836490 -1645.836605 -1645.836717 -1645.836842 -1645.837000 -1645.837219 -1645.837543 -1645.838040 -1645.838823 -1645.840076 -1645.842116 -1645.845499 -1645.851233 -1645.861215 -1645.879115 -1645.912180 -1645.974969 -1646.097315 -1646.342617 -1646.854323 -1647.984607 -1650.679561 -1657.837374 -1680.573655 -9999.0 -9999.0
-9999.0 -9999.0 377.072763 281.560256 184.401804 86.586599 -11.492747 -109.674962 -207.889919 -306.079895 -404.182688 -502.072443 -599.476536 -695.868507 -792.385179 -888.744743 -984.787068 -1080.624881 -1173.165209 -1262.507597 -1345.660349 -1418.804004 -1479.326756 -1526.742759 -1562.305130 -1588.127739 -1606.446275 -1619.218161 -1627.998854 -1633.962227 -1637.968709 -1640.635584 -1642.397395 -1643.554650 -1644.312133 -1644.809611 -1645.150096 -1645.448527 -1646.033344 -1648.336946 -1656.870221 -1665.449334 -1205.289636 -1287.202360 -1253.504351 -1232.529226 -1222.876532 -1221.553568 -1221.417818 -1221.432423 -1221.468606 -1221.507389 -1221.544633 -1221.579106 -1221.611018 -1221.647422 -1221.757021 -1222.516696 -1227.525770 -1238.881502 -1255.279531 -1155.713561 -1636.951272 -1650.641763 -1647.063615 -1646.046808 -1645.865469 -1645.836930 -1645.833061 -1645.833198 -1645.833901 -1645.834558 -1645.835078 -1645.835477 -1645.835783 -1645.836021 -1645.836209 -1645.836362 -1645.836490 -1645.836605 -1645.836717 -1645.836842 -1645.837000 -1645.837219 -1645.837543 -1645.838040 -1645.838823 -1645.840076 -1645.842116 -1645.845499 -1645.851233 -1645.861215 -1645.879115 -1645.912180 -1645.974969 -1646.097315 -1646.342617 -1646.854323 -1647.984607 -1650.679561 -1657.837374 -1680.573655 -9999.0 -9999.0
-9999.0 -9999.0 377.074300 281.561079 184.402132 86.586720 -11.492704 -109.674947 -207.889913 -306.079893 -404.182687 -502.072442 -599.476535 -695.868507 -792.385179 -888.744743 -984.787068 -1080.624881 -1173.165209 -1262.507597 -1345.660349 -1418.804004 -1479.326756 -1526.742759 -1562.305130 -1588.127739 -1606.446275 -1619.218161 -1627.998854 -1633.962227 -1637.968709 -1640.635584 -1642.397395 -1643.554650 -1644.312133 -1644.809611 -1645.150096 -1645.448527 -1646.033344 -1648.336946 -1656.870221 -1665.449334 -1205.289636 -1287.202360 -1253.504351 -1232.529226 -1222.876532 -1221.553568 -1221.417818 -1221.432423 -1221.468606 -1221.507389 -1221.544633 -1221.579106 -1221.611018 -1221.647422 -1221.757021 -1222.516696 -1227.525770 -1238.881502 -1255.279531 -1155.713561 -1636.951272 -1650.641763 -1647.063615 -1646.046808 -1645.865469 -1645.836930 -1645.833061 -1645.833198 -1645.833901 -1645.834558 -1645.835078 -1645.835477 -1645.835783 -1645.836021 -1645.836209 -1645.836362 -1645.836490 -1645.836605 -1645.836717 -1645.836842 -1645.837000 -1645.837219 -1645.837543 -1645.838040 -1645.838823 -1645.840076 -1645.842116 -1645.845499 -1645.851233 -1645.861215 -1645.879115 -1645.912180 -1645.974969 -1646.097315 -1646.342617 -1646.854323 -1647.984607 -1650.679561 -1657.837374 -1680.573655 -9999.0 -9999.0
-9999.0 -9999.0 377.074300 281.561079 184.402132 86.586720 -11.492704 -109.674947 -207.889913 -306.079893 -404.182687 -502.072442 -599.476535 -695.868507 -792.385179 -888.744743 -984.787069 -1080.624881 -1173.165209 -1262.507597 -1345.660349 -1418.804004 -1479.326756 -1526.742759 -1562.305130 -1588.127739 -1606.446275 -1619.218161 -1627.998854 -1633.962227 -1637.968709 -1640.635584 -1642.397395 -1643.554650 -1644.312133 -1644.809611 -1645.150096 -1645.448527 -1646.033344 -1648.336946 -1656.870221 -1665.449334 -1205.289636 -1287.202360 -1253.504351 -1232.529226 -1222.876532 -1221.553568 -1221.417818 -1221.432423 -1221.468606 -1221.507389 -1221.544633 -1221.579106 -1221.611018 -1221.647422 -1221.757021 -1222.516696 -1227.525770 -1238.881502 -1255.279531 -1155.713561 -1636.951272 -1650.641763 -1647.063615 -1646.046808 -1645.865469 -1645.836930 -1645.833061 -1645.833198 -1645.833901 -1645.834558 -1645.835078 -1645.835477 -1645.835783 -1645.836021 -1645.836209 -1645.836362 -1645.836490 -1645.836605 -1645.836717 -1645.836842 -1645.837000 -1645.837219 -1645.837543 -1645.838040 -1645.838823 -1645.840076 -1645.842116 -1645.845499 -1645.851233 -1645.861215 -1645.879115 -1645.912180 -1645.974969 -1646.097315 -1646.342617 -1646.854323 -1647.984607 -1650.679561 -1657.837374 -1680.573655 -9999.0 -9999.0
-9999.0 -9999.0 377.072763 281.560256 184.401804 86.586600 -11.492747 -109.674962 -207.889919 -306.079895 -404.182688 -502.072443 -599.476536 -695.868508 -792.385179 -888.744743 -984.787068 -1080.624881 -1173.165209 -1262.507597 -1345.660349 -1418.804004 -1479.326756 -1526.742759 -1562.305130 -1588.127739 -1606.446275 -1619.218161 -1627.998854 -1633.962227 -1637.968709 -1640.635584 -1642.397395 -1643.554650 -1644.312133 -1644.809611 -1645.150096 -1645.448527 -1646.033344 -1648.336946 -1656.870221 -1665.449334 -1205.289636 -1287.202360 -1253.504351 -1232.529226 -1222.876532 -1221.553568 -1221.417818 -1221.432423 -1221.468606 -1221.507389 -1221.544633 -1221.579106 -1221.611018 -1221.647422 -1221.757021 -1222.516696 -1227.525770 -1238.881502 -1255.279531 -1155.713561 -1636.951272 -1650.641763 -1647.063615 -1646.046808 -1645.865469 -1645.836930 -1645.833061 -1645.833198 -1645.833901 -1645.834558 -1645.835078 -1645.835477 -1645.835783 -1645.836021 -1645.836209 -1645.836362 -1645.836490 -1645.836605 -1645.836717 -1645.836842 -1645.837000 -1645.837219 -1645.837543 -1645.838040 -1645.838823 -1645.840076 -1645.842116 -1645.845499 -1645.851233 -1645.861215 -1645.879115 -1645.912180 -1645.974969 -1646.097315 -1646.342617 -1646.854323 -1647.984607 -1650.679561 -1657.837374 -1680.573655 -9999.0 -9999.0
-9999.0 -9999.0 377.065280 281.558352 184.401290 86.586447 -11.492796 -109.674978 -207.889924 -306.079897 -404.182689 -502.072443 -599.476536 -695.868508 -792.385179 -888.744743 -984.787068 -1080.624881 -1173.165209 -1262.507597 -1345.660349 -1418.804004 -1479.326756 -1526.742759 -1562.305130 -1588.127739 -1606.446275 -1619.218161 -1627.998854 -1633.962227 -1637.968709 -1640.635584 -1642.397395 -1643.554650 -1644.312133 -1644.809611 -1645.150096 -1645.448527 -1646.033344 -1648.336946 -1656.870221 -1665.449334 -1205.289636 -1287.202360 -1253.504351 -1232.529227 -1222.876532 -1221.553568 -1221.417818 -1221.432423 -1221.468606 -1221.507389 -1221.544633 -1221.579106 -1221.611018 -1221.647422 -1221.757021 -1222.516696 -1227.525770 -1238.881502 -1255.279531 -1155.713561 -1636.951272 -1650.641763 -1647.063615 -1646.046808 -1645.865469 -1645.836930 -1645.833061 -1645.833198 -1645.833901 -1645.834558 -1645.835078 -1645.835477 -1645.835783 -1645.836021 -1645.836209 -1645.836362 -1645.836490 -1645.836605 -1645.836717 -1645.836842 -1645.837000 -1645.837219 -1645.837543 -1645.838040 -1645.838823 -1645.840076 -1645.842116 -1645.845499 -1645.851233 -1645.861215 -1645.879115 -1645.912180 -1645.974969 -1646.097315 -1646.342617 -1646.854323 -1647.984607 -1650.679561 -1657.837374 -1680.573655 -9999.0 -9999.0
-9999.0 -9999.0 -9999.0 -9999.0 -9999.0 -9999.0 -9999.0 -9999.0 -9999.0 -9999.0 -9999.0 -9999.0 -9999.0 -9999.0 -9999.0 -9999.0 -9999.0 -9999.0 -9999.0 -9999.0 -9999.0 -9999.0 -9999.0 -9999.0 -9999.0 -9999.0 -9999.0 -9999.0 -9999.0 -9999.0 -9999.0 -9999.0 -9999.0 -9999.0 -9999.0 -9999.0 -9999.0 -9999.0 -9999.0 -9999.0 -9999.0 -9999.0 -9999.0 -9999.0 -9999.0 -9999.0 -9999.0 -9999.0 -9999.0 -9999.0 -9999.0 -9999.0 -9999.0 -9999.0 -9999.0 -9999.0 -9999.0 -9999.0 -9999.0 -9999.0 -9999.0 -9999.0 -9999.0 -9999.0 -9999.0 -9999.0 -9999.0 -9999.0 -9999.0 -9999.0 -9999.0 -9999.0 -9999.0 -9999.0 -9999.0 -9999.0 -9999.0 -9999.0 -9999.0 -9999.0 -9999.0 -9999.0 -9999.0 -9999.0 -9999.0 -9999.0 -9999.0 -9999.0 -9999.0 -9999.0 -9999.0 -9999.0 -9999.0 -9999.0 -9999.0 -9999.0 -9999.0 -9999.0 -9999.0 -9999.0 -9999.0 -9999.0 -9999.0 -9999.0
-9999.0 -9999.0 -9999.0 -9999.0 -9999.0 -9999.0 -9999.0 -9999.0 -9999.0 -9999.0 -9999.0 -9999.0 -9999.0 -9999.0 -9999.0 -9999.0 -9999.0 -9999.0 -9999.0 -9999.0 -9999.0 -9999.0 -9999.0 -9999.0 -9999.0 -9999.0 -9999.0 -9999.0 -9999.0 -9999.0 -9999.0 -9999.0 -9999.0 -9999.0 -9999.0 -9999.0 -9999.0 -9999.0 -9999.0 -9999.0 -9999.0 -9999.0 -9999.0 -9999.0 -9999.0 -9999.0 -9999.0 -9999.0 -9999.0 -9999.0 -9999.0 -9999.0 -9999.0 -9999.0 -9999.0 -9999.0 -9999.0 -9999.0 -9999.0 -9999.0 -9999.0 -9999.0 -9999.0 -9999.0 -9999.0 -9999.0 -9999.0 -9999.0 -9999.0 -9999.0 -9999.0 -9999.0 -9999.0 -9999.0 -9999.0 -9999.0 -9999.0 -9999.0 -9999.0 -9999.0 -9999.0 -9999.0 -9999.0 -9999.0 -9999.0 -9999.0 -9999.0 -9999.0 -9999.0 -9999.0 -9999.0 -9999.0 -9999.0 -9999.0 -9999.0 -9999.0 -9999.0 -9999.0 -9999.0 -9999.0 -9999.0 -9999.0 -9999.0 -9999.0