inst/processing_geotop_simulation/geotop_simulation/out/maps3D/PwL0005N0428.asc
ncols         104
nrows         10
xllcorner     -2.000000
yllcorner     0.000000
cellsize      1.000000
NODATA_value  -9999.0
-9999.0 -9999.0 -9999.0 -9999.0 -9999.0 -9999.0 -9999.0 -9999.0 -9999.0 -9999.0 -9999.0 -9999.0 -9999.0 -9999.0 -9999.0 -9999.0 -9999.0 -9999.0 -9999.0 -9999.0 -9999.0 -9999.0 -9999.0 -9999.0 -9999.0 -9999.0 -9999.0 -9999.0 -9999.0 -9999.0 -9999.0 -9999.0 -9999.0 -9999.0 -9999.0 -9999.0 -9999.0 -9999.0 -9999.0 -9999.0 -9999.0 -9999.0 -9999.0 -9999.0 -9999.0 -9999.0 -9999.0 -9999.0 -9999.0 -9999.0 -9999.0 -9999.0 -9999.0 -9999.0 -9999.0 -9999.0 -9999.0 -9999.0 -9999.0 -9999.0 -9999.0 -9999.0 -9999.0 -9999.0 -9999.0 -9999.0 -9999.0 -9999.0 -9999.0 -9999.0 -9999.0 -9999.0 -9999.0 -9999.0 -9999.0 -9999.0 -9999.0 -9999.0 -9999.0 -9999.0 -9999.0 -9999.0 -9999.0 -9999.0 -9999.0 -9999.0 -9999.0 -9999.0 -9999.0 -9999.0 -9999.0 -9999.0 -9999.0 -9999.0 -9999.0 -9999.0 -9999.0 -9999.0 -9999.0 -9999.0 -9999.0 -9999.0 -9999.0 -9999.0
-9999.0 -9999.0 -9999.0 -9999.0 -9999.0 -9999.0 -9999.0 -9999.0 -9999.0 -9999.0 -9999.0 -9999.0 -9999.0 -9999.0 -9999.0 -9999.0 -9999.0 -9999.0 -9999.0 -9999.0 -9999.0 -9999.0 -9999.0 -9999.0 -9999.0 -9999.0 -9999.0 -9999.0 -9999.0 -9999.0 -9999.0 -9999.0 -9999.0 -9999.0 -9999.0 -9999.0 -9999.0 -9999.0 -9999.0 -9999.0 -9999.0 -9999.0 -9999.0 -9999.0 -9999.0 -9999.0 -9999.0 -9999.0 -9999.0 -9999.0 -9999.0 -9999.0 -9999.0 -9999.0 -9999.0 -9999.0 -9999.0 -9999.0 -9999.0 -9999.0 -9999.0 -9999.0 -9999.0 -9999.0 -9999.0 -9999.0 -9999.0 -9999.0 -9999.0 -9999.0 -9999.0 -9999.0 -9999.0 -9999.0 -9999.0 -9999.0 -9999.0 -9999.0 -9999.0 -9999.0 -9999.0 -9999.0 -9999.0 -9999.0 -9999.0 -9999.0 -9999.0 -9999.0 -9999.0 -9999.0 -9999.0 -9999.0 -9999.0 -9999.0 -9999.0 -9999.0 -9999.0 -9999.0 -9999.0 -9999.0 -9999.0 -9999.0 -9999.0 -9999.0
-9999.0 -9999.0 224.463299 126.296384 27.313898 -71.919234 -171.249609 -270.618317 -369.995428 -469.360526 -568.690013 -667.931310 -767.058226 -866.104253 -965.083072 -1064.062986 -1162.878830 -1261.232675 -1358.899821 -1455.287497 -1549.216756 -1638.560691 -1720.357749 -1791.767608 -1851.141967 -1898.390848 -1934.645870 -1961.669650 -1981.358806 -1995.449054 -2005.390375 -2012.325804 -2017.121185 -2020.413767 -2022.663090 -2024.198292 -2025.266897 -2026.119337 -2027.236394 -2029.619125 -2030.407991 -1969.440339 -1222.724572 -1235.821236 -1222.231721 -1213.118361 -1208.843204 -1208.178591 -1208.106145 -1208.111995 -1208.129038 -1208.147451 -1208.165160 -1208.181567 -1208.196866 -1208.215269 -1208.275722 -1208.676446 -1210.961861 -1215.997702 -1222.148936 -1199.420974 -1942.352086 -2024.286381 -2028.271137 -2027.729134 -2027.514556 -2027.469324 -2027.461724 -2027.460928 -2027.461225 -2027.461623 -2027.461961 -2027.462229 -2027.462439 -2027.462607 -2027.462745 -2027.462860 -2027.462961 -2027.463054 -2027.463148 -2027.463251 -2027.463378 -2027.463547 -2027.463790 -2027.464152 -2027.464712 -2027.465601 -2027.467042 -2027.469438 -2027.473527 -2027.480715 -2027.493754 -2027.518145 -2027.565170 -2027.658794 -2027.852779 -2028.276824 -2029.271214 -2031.823146 -2039.182858 -2063.659860 -9999.0 -9999.0
-9999.0 -9999.0 224.471392 126.298141 27.314351 -71.919101 -171.249567 -270.618302 -369.995422 -469.360523 -568.690011 -667.931310 -767.058226 -866.104253 -965.083072 -1064.062986 -1162.878830 -1261.232676 -1358.899821 -1455.287497 -1549.216756 -1638.560691 -1720.357749 -1791.767608 -1851.141967 -1898.390848 -1934.645870 -1961.669650 -1981.358806 -1995.449054 -2005.390375 -2012.325804 -2017.121185 -2020.413767 -2022.663090 -2024.198292 -2025.266897 -2026.119337 -2027.236394 -2029.619125 -2030.407991 -1969.440339 -1222.724572 -1235.821235 -1222.231720 -1213.118361 -1208.843204 -1208.178591 -1208.106145 -1208.111995 -1208.129038 -1208.147451 -1208.165160 -1208.181567 -1208.196866 -1208.215269 -1208.275722 -1208.676446 -1210.961861 -1215.997702 -1222.148936 -1199.420975 -1942.352086 -2024.286381 -2028.271137 -2027.729134 -2027.514556 -2027.469324 -2027.461724 -2027.460928 -2027.461225 -2027.461623 -2027.461961 -2027.462229 -2027.462439 -2027.462607 -2027.462745 -2027.462860 -2027.462961 -2027.463054 -2027.463148 -2027.463251 -2027.463378 -2027.463547 -2027.463790 -2027.464152 -2027.464712 -2027.465601 -2027.467042 -2027.469438 -2027.473527 -2027.480715 -2027.493754 -2027.518145 -2027.565170 -2027.658794 -2027.852779 -2028.276824 -2029.271214 -2031.823146 -2039.182858 -2063.659860 -9999.0 -9999.0
-9999.0 -9999.0 224.472664 126.298866 27.314638 -71.918997 -171.249530 -270.618289 -369.995417 -469.360521 -568.690011 -667.931309 -767.058226 -866.104252 -965.083072 -1064.062986 -1162.878830 -1261.232676 -1358.899821 -1455.287497 -1549.216756 -1638.560691 -1720.357749 -1791.767609 -1851.141967 -1898.390848 -1934.645870 -1961.669650 -1981.358806 -1995.449054 -2005.390375 -2012.325804 -2017.121185 -2020.413767 -2022.663090 -2024.198292 -2025.266897 -2026.119337 -2027.236394 -2029.619125 -2030.407991 -1969.440339 -1222.724572 -1235.821235 -1222.231720 -1213.118361 -1208.843204 -1208.178591 -1208.106145 -1208.111995 -1208.129038 -1208.147451 -1208.165160 -1208.181567 -1208.196866 -1208.215269 -1208.275722 -1208.676446 -1210.961861 -1215.997702 -1222.148936 -1199.420975 -1942.352086 -2024.286381 -2028.271137 -2027.729134 -2027.514556 -2027.469324 -2027.461724 -2027.460928 -2027.461225 -2027.461623 -2027.461961 -2027.462229 -2027.462439 -2027.462607 -2027.462745 -2027.462860 -2027.462961 -2027.463054 -2027.463148 -2027.463251 -2027.463378 -2027.463547 -2027.463790 -2027.464152 -2027.464712 -2027.465601 -2027.467042 -2027.469438 -2027.473526 -2027.480715 -2027.493754 -2027.518145 -2027.565170 -2027.658794 -2027.852779 -2028.276824 -2029.271214 -2031.823146 -2039.182858 -2063.659860 -9999.0 -9999.0
-9999.0 -9999.0 224.472664 126.298866 27.314638 -71.918997 -171.249530 -270.618289 -369.995417 -469.360521 -568.690011 -667.931309 -767.058226 -866.104253 -965.083072 -1064.062986 -1162.878830 -1261.232676 -1358.899821 -1455.287497 -1549.216756 -1638.560691 -1720.357749 -1791.767609 -1851.141967 -1898.390848 -1934.645870 -1961.669650 -1981.358806 -1995.449054 -2005.390375 -2012.325804 -2017.121185 -2020.413767 -2022.663090 -2024.198292 -2025.266897 -2026.119337 -2027.236394 -2029.619125 -2030.407991 -1969.440339 -1222.724572 -1235.821235 -1222.231720 -1213.118361 -1208.843204 -1208.178591 -1208.106145 -1208.111995 -1208.129038 -1208.147451 -1208.165160 -1208.181567 -1208.196866 -1208.215269 -1208.275722 -1208.676446 -1210.961861 -1215.997702 -1222.148936 -1199.420975 -1942.352086 -2024.286381 -2028.271137 -2027.729134 -2027.514556 -2027.469324 -2027.461724 -2027.460928 -2027.461225 -2027.461623 -2027.461961 -2027.462229 -2027.462439 -2027.462607 -2027.462745 -2027.462860 -2027.462961 -2027.463054 -2027.463148 -2027.463251 -2027.463378 -2027.463547 -2027.463790 -2027.464152 -2027.464712 -2027.465601 -2027.467042 -2027.469438 -2027.473526 -2027.480715 -2027.493754 -2027.518145 -2027.565170 -2027.658794 -2027.852779 -2028.276824 -2029.271214 -2031.823146 -2039.182858 -2063.659860 -9999.0 -9999.0
-9999.0 -9999.0 224.471392 126.298141 27.314351 -71.919101 -171.249567 -270.618302 -369.995422 -469.360523 -568.690012 -667.931310 -767.058226 -866.104253 -965.083072 -1064.062986 -1162.878830 -1261.232676 -1358.899821 -1455.287497 -1549.216756 -1638.560691 -1720.357749 -1791.767608 -1851.141967 -1898.390848 -1934.645870 -1961.669650 -1981.358806 -1995.449054 -2005.390375 -2012.325804 -2017.121185 -2020.413767 -2022.663090 -2024.198292 -2025.266897 -2026.119337 -2027.236394 -2029.619125 -2030.407991 -1969.440339 -1222.724572 -1235.821235 -1222.231720 -1213.118361 -1208.843204 -1208.178591 -1208.106145 -1208.111995 -1208.129038 -1208.147451 -1208.165160 -1208.181567 -1208.196866 -1208.215269 -1208.275722 -1208.676446 -1210.961861 -1215.997702 -1222.148936 -1199.420975 -1942.352086 -2024.286381 -2028.271137 -2027.729134 -2027.514556 -2027.469324 -2027.461724 -2027.460928 -2027.461225 -2027.461623 -2027.461961 -2027.462229 -2027.462439 -2027.462607 -2027.462745 -2027.462860 -2027.462961 -2027.463054 -2027.463148 -2027.463251 -2027.463378 -2027.463547 -2027.463790 -2027.464152 -2027.464712 -2027.465601 -2027.467042 -2027.469438 -2027.473527 -2027.480715 -2027.493754 -2027.518145 -2027.565170 -2027.658794 -2027.852779 -2028.276824 -2029.271214 -2031.823146 -2039.182858 -2063.659860 -9999.0 -9999.0
-9999.0 -9999.0 224.463299 126.296384 27.313898 -71.919234 -171.249609 -270.618317 -369.995428 -469.360526 -568.690013 -667.931310 -767.058226 -866.104253 -965.083072 -1064.062986 -1162.878830 -1261.232675 -1358.899821 -1455.287497 -1549.216756 -1638.560691 -1720.357749 -1791.767608 -1851.141967 -1898.390848 -1934.645870 -1961.669650 -1981.358806 -1995.449054 -2005.390375 -2012.325804 -2017.121185 -2020.413767 -2022.663090 -2024.198292 -2025.266897 -2026.119337 -2027.236394 -2029.619125 -2030.407991 -1969.440339 -1222.724572 -1235.821236 -1222.231721 -1213.118361 -1208.843204 -1208.178591 -1208.106145 -1208.111995 -1208.129038 -1208.147451 -1208.165160 -1208.181567 -1208.196866 -1208.215269 -1208.275722 -1208.676446 -1210.961861 -1215.997702 -1222.148936 -1199.420974 -1942.352086 -2024.286381 -2028.271137 -2027.729134 -2027.514556 -2027.469324 -2027.461724 -2027.460928 -2027.461225 -2027.461623 -2027.461961 -2027.462229 -2027.462439 -2027.462607 -2027.462745 -2027.462860 -2027.462961 -2027.463054 -2027.463148 -2027.463251 -2027.463378 -2027.463547 -2027.463790 -2027.464152 -2027.464712 -2027.465601 -2027.467042 -2027.469438 -2027.473527 -2027.480715 -2027.493754 -2027.518145 -2027.565170 -2027.658794 -2027.852779 -2028.276824 -2029.271214 -2031.823146 -2039.182858 -2063.659860 -9999.0 -9999.0
-9999.0 -9999.0 -9999.0 -9999.0 -9999.0 -9999.0 -9999.0 -9999.0 -9999.0 -9999.0 -9999.0 -9999.0 -9999.0 -9999.0 -9999.0 -9999.0 -9999.0 -9999.0 -9999.0 -9999.0 -9999.0 -9999.0 -9999.0 -9999.0 -9999.0 -9999.0 -9999.0 -9999.0 -9999.0 -9999.0 -9999.0 -9999.0 -9999.0 -9999.0 -9999.0 -9999.0 -9999.0 -9999.0 -9999.0 -9999.0 -9999.0 -9999.0 -9999.0 -9999.0 -9999.0 -9999.0 -9999.0 -9999.0 -9999.0 -9999.0 -9999.0 -9999.0 -9999.0 -9999.0 -9999.0 -9999.0 -9999.0 -9999.0 -9999.0 -9999.0 -9999.0 -9999.0 -9999.0 -9999.0 -9999.0 -9999.0 -9999.0 -9999.0 -9999.0 -9999.0 -9999.0 -9999.0 -9999.0 -9999.0 -9999.0 -9999.0 -9999.0 -9999.0 -9999.0 -9999.0 -9999.0 -9999.0 -9999.0 -9999.0 -9999.0 -9999.0 -9999.0 -9999.0 -9999.0 -9999.0 -9999.0 -9999.0 -9999.0 -9999.0 -9999.0 -9999.0 -9999.0 -9999.0 -9999.0 -9999.0 -9999.0 -9999.0 -9999.0 -9999.0
-9999.0 -9999.0 -9999.0 -9999.0 -9999.0 -9999.0 -9999.0 -9999.0 -9999.0 -9999.0 -9999.0 -9999.0 -9999.0 -9999.0 -9999.0 -9999.0 -9999.0 -9999.0 -9999.0 -9999.0 -9999.0 -9999.0 -9999.0 -9999.0 -9999.0 -9999.0 -9999.0 -9999.0 -9999.0 -9999.0 -9999.0 -9999.0 -9999.0 -9999.0 -9999.0 -9999.0 -9999.0 -9999.0 -9999.0 -9999.0 -9999.0 -9999.0 -9999.0 -9999.0 -9999.0 -9999.0 -9999.0 -9999.0 -9999.0 -9999.0 -9999.0 -9999.0 -9999.0 -9999.0 -9999.0 -9999.0 -9999.0 -9999.0 -9999.0 -9999.0 -9999.0 -9999.0 -9999.0 -9999.0 -9999.0 -9999.0 -9999.0 -9999.0 -9999.0 -9999.0 -9999.0 -9999.0 -9999.0 -9999.0 -9999.0 -9999.0 -9999.0 -9999.0 -9999.0 -9999.0 -9999.0 -9999.0 -9999.0 -9999.0 -9999.0 -9999.0 -9999.0 -9999.0 -9999.0 -9999.0 -9999.0 -9999.0 -9999.0 -9999.0 -9999.0 -9999.0 -9999.0 -9999.0 -9999.0 -9999.0 -9999.0 -9999.0 -9999.0 -9999.0