inst/processing_geotop_simulation/geotop_simulation/out/maps3D/PwL0016N0028.asc
ncols         104
nrows         10
xllcorner     -2.000000
yllcorner     0.000000
cellsize      1.000000
NODATA_value  -9999.0
-9999.0 -9999.0 -9999.0 -9999.0 -9999.0 -9999.0 -9999.0 -9999.0 -9999.0 -9999.0 -9999.0 -9999.0 -9999.0 -9999.0 -9999.0 -9999.0 -9999.0 -9999.0 -9999.0 -9999.0 -9999.0 -9999.0 -9999.0 -9999.0 -9999.0 -9999.0 -9999.0 -9999.0 -9999.0 -9999.0 -9999.0 -9999.0 -9999.0 -9999.0 -9999.0 -9999.0 -9999.0 -9999.0 -9999.0 -9999.0 -9999.0 -9999.0 -9999.0 -9999.0 -9999.0 -9999.0 -9999.0 -9999.0 -9999.0 -9999.0 -9999.0 -9999.0 -9999.0 -9999.0 -9999.0 -9999.0 -9999.0 -9999.0 -9999.0 -9999.0 -9999.0 -9999.0 -9999.0 -9999.0 -9999.0 -9999.0 -9999.0 -9999.0 -9999.0 -9999.0 -9999.0 -9999.0 -9999.0 -9999.0 -9999.0 -9999.0 -9999.0 -9999.0 -9999.0 -9999.0 -9999.0 -9999.0 -9999.0 -9999.0 -9999.0 -9999.0 -9999.0 -9999.0 -9999.0 -9999.0 -9999.0 -9999.0 -9999.0 -9999.0 -9999.0 -9999.0 -9999.0 -9999.0 -9999.0 -9999.0 -9999.0 -9999.0 -9999.0 -9999.0
-9999.0 -9999.0 -9999.0 -9999.0 -9999.0 -9999.0 -9999.0 -9999.0 -9999.0 -9999.0 -9999.0 -9999.0 -9999.0 -9999.0 -9999.0 -9999.0 -9999.0 -9999.0 -9999.0 -9999.0 -9999.0 -9999.0 -9999.0 -9999.0 -9999.0 -9999.0 -9999.0 -9999.0 -9999.0 -9999.0 -9999.0 -9999.0 -9999.0 -9999.0 -9999.0 -9999.0 -9999.0 -9999.0 -9999.0 -9999.0 -9999.0 -9999.0 -9999.0 -9999.0 -9999.0 -9999.0 -9999.0 -9999.0 -9999.0 -9999.0 -9999.0 -9999.0 -9999.0 -9999.0 -9999.0 -9999.0 -9999.0 -9999.0 -9999.0 -9999.0 -9999.0 -9999.0 -9999.0 -9999.0 -9999.0 -9999.0 -9999.0 -9999.0 -9999.0 -9999.0 -9999.0 -9999.0 -9999.0 -9999.0 -9999.0 -9999.0 -9999.0 -9999.0 -9999.0 -9999.0 -9999.0 -9999.0 -9999.0 -9999.0 -9999.0 -9999.0 -9999.0 -9999.0 -9999.0 -9999.0 -9999.0 -9999.0 -9999.0 -9999.0 -9999.0 -9999.0 -9999.0 -9999.0 -9999.0 -9999.0 -9999.0 -9999.0 -9999.0 -9999.0
-9999.0 -9999.0 620.963346 521.602059 420.959578 318.476729 214.444273 109.411334 3.685671 -101.009178 -205.275118 -288.251525 -342.779605 -372.897397 -383.223573 -375.996009 -368.732695 -362.582729 -199.533737 -43.172394 124.775387 303.972164 360.205589 282.754434 200.867345 115.881028 28.767350 -59.336782 -145.178746 -221.859717 -280.121468 -316.459242 -335.617606 -344.560712 -348.159455 -348.911721 -348.189706 -346.650729 -312.172939 -213.196741 -286.547892 -365.381698 -2746.831707 -4183.028704 -4183.168316 -4183.168317 -4183.168317 -4183.168317 -4183.168317 -4183.168317 -4183.168317 -4183.168317 -4183.168317 -4183.168317 -4183.168317 -4183.168317 -4183.168317 -4183.168317 -4183.168317 -4183.168315 -4182.911280 -2614.352601 -53.586219 -252.324482 -313.416262 -332.031300 -341.490531 -347.026680 -350.370514 -352.430417 -353.708294 -354.510724 -355.016874 -355.335739 -355.538561 -355.668094 -355.752196 -355.808071 -355.847013 -355.876921 -355.904293 -355.935564 -355.976455 -356.035848 -356.126508 -356.267754 -356.489533 -356.838594 -357.388547 -358.254454 -359.615383 -361.748167 -365.075511 -370.231541 -378.143121 -390.115842 -407.897077 -433.676274 -470.089340 -521.762150 -609.437335 -798.313616 -9999.0 -9999.0
-9999.0 -9999.0 621.041040 521.632750 420.970554 318.480651 214.445733 109.411885 3.685885 -101.009096 -205.275087 -288.251516 -342.779603 -372.897396 -383.223573 -375.996009 -368.732695 -362.582729 -199.533737 -43.172394 124.775387 303.972164 360.205589 282.754434 200.867345 115.881028 28.767350 -59.336782 -145.178746 -221.859717 -280.121468 -316.459242 -335.617606 -344.560712 -348.159455 -348.911721 -348.189706 -346.650729 -312.172938 -213.196742 -286.547893 -365.381699 -2746.831706 -4183.028704 -4183.168316 -4183.168317 -4183.168317 -4183.168317 -4183.168317 -4183.168317 -4183.168317 -4183.168317 -4183.168317 -4183.168317 -4183.168317 -4183.168317 -4183.168317 -4183.168317 -4183.168317 -4183.168315 -4182.911280 -2614.352601 -53.586216 -252.324481 -313.416263 -332.031300 -341.490531 -347.026680 -350.370514 -352.430417 -353.708294 -354.510724 -355.016874 -355.335739 -355.538561 -355.668094 -355.752196 -355.808071 -355.847013 -355.876921 -355.904293 -355.935564 -355.976455 -356.035848 -356.126508 -356.267754 -356.489533 -356.838594 -357.388547 -358.254454 -359.615383 -361.748166 -365.075511 -370.231541 -378.143121 -390.115842 -407.897077 -433.676274 -470.089340 -521.762150 -609.437335 -798.313616 -9999.0 -9999.0
-9999.0 -9999.0 621.081075 521.652876 420.979124 318.484062 214.447084 109.412413 3.686094 -101.009015 -205.275056 -288.251507 -342.779601 -372.897396 -383.223573 -375.996009 -368.732695 -362.582729 -199.533737 -43.172394 124.775387 303.972164 360.205589 282.754434 200.867345 115.881028 28.767350 -59.336782 -145.178746 -221.859717 -280.121468 -316.459242 -335.617606 -344.560712 -348.159455 -348.911721 -348.189706 -346.650729 -312.172937 -213.196743 -286.547894 -365.381699 -2746.831706 -4183.028704 -4183.168316 -4183.168317 -4183.168317 -4183.168317 -4183.168317 -4183.168317 -4183.168317 -4183.168317 -4183.168317 -4183.168317 -4183.168317 -4183.168317 -4183.168317 -4183.168317 -4183.168317 -4183.168315 -4182.911280 -2614.352601 -53.586221 -252.324483 -313.416263 -332.031300 -341.490531 -347.026680 -350.370514 -352.430417 -353.708294 -354.510724 -355.016874 -355.335739 -355.538561 -355.668094 -355.752196 -355.808071 -355.847013 -355.876921 -355.904293 -355.935564 -355.976455 -356.035848 -356.126508 -356.267754 -356.489533 -356.838594 -357.388547 -358.254454 -359.615383 -361.748167 -365.075511 -370.231541 -378.143121 -390.115842 -407.897077 -433.676274 -470.089340 -521.762150 -609.437335 -798.313615 -9999.0 -9999.0
-9999.0 -9999.0 621.081075 521.652877 420.979124 318.484062 214.447084 109.412413 3.686094 -101.009015 -205.275056 -288.251507 -342.779601 -372.897396 -383.223573 -375.996009 -368.732695 -362.582729 -199.533737 -43.172394 124.775387 303.972164 360.205589 282.754434 200.867345 115.881028 28.767350 -59.336782 -145.178746 -221.859717 -280.121468 -316.459242 -335.617606 -344.560712 -348.159455 -348.911721 -348.189706 -346.650729 -312.172937 -213.196743 -286.547894 -365.381699 -2746.831706 -4183.028704 -4183.168316 -4183.168317 -4183.168317 -4183.168317 -4183.168317 -4183.168317 -4183.168317 -4183.168317 -4183.168317 -4183.168317 -4183.168317 -4183.168317 -4183.168317 -4183.168317 -4183.168317 -4183.168315 -4182.911280 -2614.352601 -53.586220 -252.324482 -313.416263 -332.031300 -341.490531 -347.026680 -350.370514 -352.430417 -353.708294 -354.510724 -355.016874 -355.335739 -355.538561 -355.668094 -355.752196 -355.808071 -355.847013 -355.876921 -355.904293 -355.935564 -355.976455 -356.035848 -356.126508 -356.267754 -356.489533 -356.838594 -357.388547 -358.254454 -359.615383 -361.748166 -365.075511 -370.231541 -378.143121 -390.115842 -407.897077 -433.676274 -470.089340 -521.762150 -609.437335 -798.313615 -9999.0 -9999.0
-9999.0 -9999.0 621.041040 521.632750 420.970554 318.480651 214.445733 109.411885 3.685885 -101.009096 -205.275087 -288.251516 -342.779603 -372.897396 -383.223573 -375.996009 -368.732695 -362.582729 -199.533737 -43.172394 124.775387 303.972164 360.205589 282.754434 200.867345 115.881028 28.767350 -59.336782 -145.178746 -221.859717 -280.121468 -316.459242 -335.617606 -344.560712 -348.159455 -348.911721 -348.189706 -346.650729 -312.172938 -213.196742 -286.547893 -365.381699 -2746.831706 -4183.028704 -4183.168316 -4183.168317 -4183.168317 -4183.168317 -4183.168317 -4183.168317 -4183.168317 -4183.168317 -4183.168317 -4183.168317 -4183.168317 -4183.168317 -4183.168317 -4183.168317 -4183.168317 -4183.168315 -4182.911280 -2614.352601 -53.586216 -252.324481 -313.416263 -332.031300 -341.490531 -347.026680 -350.370514 -352.430417 -353.708294 -354.510724 -355.016874 -355.335739 -355.538561 -355.668094 -355.752196 -355.808071 -355.847013 -355.876921 -355.904293 -355.935564 -355.976455 -356.035848 -356.126508 -356.267754 -356.489533 -356.838594 -357.388547 -358.254454 -359.615383 -361.748167 -365.075511 -370.231541 -378.143121 -390.115842 -407.897077 -433.676274 -470.089340 -521.762150 -609.437335 -798.313616 -9999.0 -9999.0
-9999.0 -9999.0 620.963346 521.602059 420.959578 318.476729 214.444273 109.411334 3.685671 -101.009178 -205.275118 -288.251525 -342.779605 -372.897397 -383.223573 -375.996009 -368.732695 -362.582729 -199.533737 -43.172394 124.775387 303.972164 360.205589 282.754434 200.867345 115.881028 28.767350 -59.336782 -145.178746 -221.859717 -280.121468 -316.459242 -335.617606 -344.560712 -348.159455 -348.911721 -348.189706 -346.650729 -312.172939 -213.196741 -286.547892 -365.381698 -2746.831707 -4183.028704 -4183.168316 -4183.168317 -4183.168317 -4183.168317 -4183.168317 -4183.168317 -4183.168317 -4183.168317 -4183.168317 -4183.168317 -4183.168317 -4183.168317 -4183.168317 -4183.168317 -4183.168317 -4183.168315 -4182.911280 -2614.352601 -53.586215 -252.324482 -313.416262 -332.031300 -341.490531 -347.026680 -350.370514 -352.430417 -353.708294 -354.510724 -355.016874 -355.335739 -355.538561 -355.668094 -355.752196 -355.808071 -355.847013 -355.876921 -355.904293 -355.935564 -355.976455 -356.035848 -356.126508 -356.267754 -356.489533 -356.838594 -357.388547 -358.254454 -359.615383 -361.748166 -365.075511 -370.231541 -378.143121 -390.115842 -407.897077 -433.676274 -470.089340 -521.762150 -609.437335 -798.313616 -9999.0 -9999.0
-9999.0 -9999.0 -9999.0 -9999.0 -9999.0 -9999.0 -9999.0 -9999.0 -9999.0 -9999.0 -9999.0 -9999.0 -9999.0 -9999.0 -9999.0 -9999.0 -9999.0 -9999.0 -9999.0 -9999.0 -9999.0 -9999.0 -9999.0 -9999.0 -9999.0 -9999.0 -9999.0 -9999.0 -9999.0 -9999.0 -9999.0 -9999.0 -9999.0 -9999.0 -9999.0 -9999.0 -9999.0 -9999.0 -9999.0 -9999.0 -9999.0 -9999.0 -9999.0 -9999.0 -9999.0 -9999.0 -9999.0 -9999.0 -9999.0 -9999.0 -9999.0 -9999.0 -9999.0 -9999.0 -9999.0 -9999.0 -9999.0 -9999.0 -9999.0 -9999.0 -9999.0 -9999.0 -9999.0 -9999.0 -9999.0 -9999.0 -9999.0 -9999.0 -9999.0 -9999.0 -9999.0 -9999.0 -9999.0 -9999.0 -9999.0 -9999.0 -9999.0 -9999.0 -9999.0 -9999.0 -9999.0 -9999.0 -9999.0 -9999.0 -9999.0 -9999.0 -9999.0 -9999.0 -9999.0 -9999.0 -9999.0 -9999.0 -9999.0 -9999.0 -9999.0 -9999.0 -9999.0 -9999.0 -9999.0 -9999.0 -9999.0 -9999.0 -9999.0 -9999.0
-9999.0 -9999.0 -9999.0 -9999.0 -9999.0 -9999.0 -9999.0 -9999.0 -9999.0 -9999.0 -9999.0 -9999.0 -9999.0 -9999.0 -9999.0 -9999.0 -9999.0 -9999.0 -9999.0 -9999.0 -9999.0 -9999.0 -9999.0 -9999.0 -9999.0 -9999.0 -9999.0 -9999.0 -9999.0 -9999.0 -9999.0 -9999.0 -9999.0 -9999.0 -9999.0 -9999.0 -9999.0 -9999.0 -9999.0 -9999.0 -9999.0 -9999.0 -9999.0 -9999.0 -9999.0 -9999.0 -9999.0 -9999.0 -9999.0 -9999.0 -9999.0 -9999.0 -9999.0 -9999.0 -9999.0 -9999.0 -9999.0 -9999.0 -9999.0 -9999.0 -9999.0 -9999.0 -9999.0 -9999.0 -9999.0 -9999.0 -9999.0 -9999.0 -9999.0 -9999.0 -9999.0 -9999.0 -9999.0 -9999.0 -9999.0 -9999.0 -9999.0 -9999.0 -9999.0 -9999.0 -9999.0 -9999.0 -9999.0 -9999.0 -9999.0 -9999.0 -9999.0 -9999.0 -9999.0 -9999.0 -9999.0 -9999.0 -9999.0 -9999.0 -9999.0 -9999.0 -9999.0 -9999.0 -9999.0 -9999.0 -9999.0 -9999.0 -9999.0 -9999.0