inst/processing_geotop_simulation/geotop_simulation/out/maps3D/PwL0009N0092.asc
ncols         104
nrows         10
xllcorner     -2.000000
yllcorner     0.000000
cellsize      1.000000
NODATA_value  -9999.0
-9999.0 -9999.0 -9999.0 -9999.0 -9999.0 -9999.0 -9999.0 -9999.0 -9999.0 -9999.0 -9999.0 -9999.0 -9999.0 -9999.0 -9999.0 -9999.0 -9999.0 -9999.0 -9999.0 -9999.0 -9999.0 -9999.0 -9999.0 -9999.0 -9999.0 -9999.0 -9999.0 -9999.0 -9999.0 -9999.0 -9999.0 -9999.0 -9999.0 -9999.0 -9999.0 -9999.0 -9999.0 -9999.0 -9999.0 -9999.0 -9999.0 -9999.0 -9999.0 -9999.0 -9999.0 -9999.0 -9999.0 -9999.0 -9999.0 -9999.0 -9999.0 -9999.0 -9999.0 -9999.0 -9999.0 -9999.0 -9999.0 -9999.0 -9999.0 -9999.0 -9999.0 -9999.0 -9999.0 -9999.0 -9999.0 -9999.0 -9999.0 -9999.0 -9999.0 -9999.0 -9999.0 -9999.0 -9999.0 -9999.0 -9999.0 -9999.0 -9999.0 -9999.0 -9999.0 -9999.0 -9999.0 -9999.0 -9999.0 -9999.0 -9999.0 -9999.0 -9999.0 -9999.0 -9999.0 -9999.0 -9999.0 -9999.0 -9999.0 -9999.0 -9999.0 -9999.0 -9999.0 -9999.0 -9999.0 -9999.0 -9999.0 -9999.0 -9999.0 -9999.0
-9999.0 -9999.0 -9999.0 -9999.0 -9999.0 -9999.0 -9999.0 -9999.0 -9999.0 -9999.0 -9999.0 -9999.0 -9999.0 -9999.0 -9999.0 -9999.0 -9999.0 -9999.0 -9999.0 -9999.0 -9999.0 -9999.0 -9999.0 -9999.0 -9999.0 -9999.0 -9999.0 -9999.0 -9999.0 -9999.0 -9999.0 -9999.0 -9999.0 -9999.0 -9999.0 -9999.0 -9999.0 -9999.0 -9999.0 -9999.0 -9999.0 -9999.0 -9999.0 -9999.0 -9999.0 -9999.0 -9999.0 -9999.0 -9999.0 -9999.0 -9999.0 -9999.0 -9999.0 -9999.0 -9999.0 -9999.0 -9999.0 -9999.0 -9999.0 -9999.0 -9999.0 -9999.0 -9999.0 -9999.0 -9999.0 -9999.0 -9999.0 -9999.0 -9999.0 -9999.0 -9999.0 -9999.0 -9999.0 -9999.0 -9999.0 -9999.0 -9999.0 -9999.0 -9999.0 -9999.0 -9999.0 -9999.0 -9999.0 -9999.0 -9999.0 -9999.0 -9999.0 -9999.0 -9999.0 -9999.0 -9999.0 -9999.0 -9999.0 -9999.0 -9999.0 -9999.0 -9999.0 -9999.0 -9999.0 -9999.0 -9999.0 -9999.0 -9999.0 -9999.0
-9999.0 -9999.0 433.273952 342.001946 247.731164 152.169305 56.086674 -40.177613 -136.499364 -232.933026 -330.193863 -431.883221 -540.671732 -659.870615 -796.104653 -903.692279 -1004.550566 -1093.593101 -1156.822227 -1182.112303 -1188.476245 -1186.956492 -1183.598882 -1181.012211 -1179.954818 -1180.319480 -1181.657212 -1183.465191 -1185.341910 -1187.040455 -1188.450378 -1189.552827 -1190.378096 -1190.975254 -1191.394923 -1191.683271 -1191.888359 -1192.074106 -1192.322053 -1193.215454 -1200.688456 -1259.365859 -1576.018644 -2021.804714 -1832.178673 -1731.247143 -1687.188425 -1681.929467 -1681.407895 -1681.458399 -1681.588355 -1681.727535 -1681.861071 -1681.984603 -1682.098778 -1682.227732 -1682.614440 -1685.447510 -1707.433770 -1758.916760 -1852.157048 -1407.233099 -1237.405930 -1198.047760 -1193.114352 -1192.503136 -1192.404752 -1192.387608 -1192.386508 -1192.388391 -1192.390446 -1192.392128 -1192.393411 -1192.394380 -1192.395118 -1192.395689 -1192.396141 -1192.396503 -1192.396804 -1192.397067 -1192.397321 -1192.397599 -1192.397944 -1192.398420 -1192.399119 -1192.400191 -1192.401872 -1192.404549 -1192.408872 -1192.415960 -1192.427805 -1192.448075 -1192.483763 -1192.548534 -1192.669516 -1192.900875 -1193.351235 -1194.243058 -1196.060466 -1199.963801 -1209.001670 -1232.728126 -9999.0 -9999.0
-9999.0 -9999.0 433.281355 342.003924 247.731706 152.169467 56.086725 -40.177597 -136.499359 -232.933025 -330.193863 -431.883221 -540.671732 -659.870616 -796.104654 -903.692279 -1004.550565 -1093.593101 -1156.822227 -1182.112303 -1188.476245 -1186.956492 -1183.598882 -1181.012211 -1179.954818 -1180.319480 -1181.657212 -1183.465191 -1185.341910 -1187.040455 -1188.450378 -1189.552827 -1190.378096 -1190.975254 -1191.394923 -1191.683271 -1191.888359 -1192.074106 -1192.322053 -1193.215454 -1200.688456 -1259.365859 -1576.018643 -2021.804713 -1832.178671 -1731.247140 -1687.188426 -1681.929467 -1681.407895 -1681.458399 -1681.588355 -1681.727535 -1681.861071 -1681.984603 -1682.098778 -1682.227732 -1682.614440 -1685.447510 -1707.433770 -1758.916760 -1852.157048 -1407.233099 -1237.405930 -1198.047760 -1193.114352 -1192.503136 -1192.404752 -1192.387608 -1192.386508 -1192.388391 -1192.390446 -1192.392128 -1192.393411 -1192.394380 -1192.395118 -1192.395689 -1192.396141 -1192.396503 -1192.396804 -1192.397067 -1192.397321 -1192.397599 -1192.397944 -1192.398420 -1192.399119 -1192.400191 -1192.401872 -1192.404549 -1192.408872 -1192.415960 -1192.427805 -1192.448075 -1192.483763 -1192.548534 -1192.669516 -1192.900875 -1193.351235 -1194.243058 -1196.060466 -1199.963801 -1209.001670 -1232.728126 -9999.0 -9999.0
-9999.0 -9999.0 433.282994 342.004792 247.732055 152.169595 56.086771 -40.177581 -136.499354 -232.933023 -330.193863 -431.883221 -540.671732 -659.870616 -796.104654 -903.692279 -1004.550565 -1093.593101 -1156.822227 -1182.112303 -1188.476245 -1186.956492 -1183.598882 -1181.012211 -1179.954818 -1180.319480 -1181.657212 -1183.465191 -1185.341910 -1187.040455 -1188.450378 -1189.552827 -1190.378096 -1190.975254 -1191.394923 -1191.683271 -1191.888359 -1192.074106 -1192.322053 -1193.215454 -1200.688456 -1259.365859 -1576.018643 -2021.804713 -1832.178671 -1731.247139 -1687.188425 -1681.929467 -1681.407895 -1681.458399 -1681.588355 -1681.727535 -1681.861071 -1681.984603 -1682.098778 -1682.227732 -1682.614440 -1685.447510 -1707.433770 -1758.916760 -1852.157048 -1407.233099 -1237.405930 -1198.047760 -1193.114352 -1192.503136 -1192.404752 -1192.387608 -1192.386508 -1192.388391 -1192.390446 -1192.392128 -1192.393411 -1192.394380 -1192.395118 -1192.395689 -1192.396141 -1192.396503 -1192.396804 -1192.397067 -1192.397321 -1192.397599 -1192.397944 -1192.398420 -1192.399119 -1192.400191 -1192.401872 -1192.404549 -1192.408872 -1192.415960 -1192.427805 -1192.448075 -1192.483763 -1192.548534 -1192.669516 -1192.900875 -1193.351235 -1194.243058 -1196.060466 -1199.963801 -1209.001670 -1232.728126 -9999.0 -9999.0
-9999.0 -9999.0 433.282994 342.004792 247.732055 152.169595 56.086771 -40.177581 -136.499354 -232.933023 -330.193863 -431.883221 -540.671732 -659.870616 -796.104654 -903.692279 -1004.550565 -1093.593101 -1156.822227 -1182.112303 -1188.476245 -1186.956492 -1183.598882 -1181.012211 -1179.954818 -1180.319480 -1181.657212 -1183.465191 -1185.341910 -1187.040455 -1188.450378 -1189.552827 -1190.378096 -1190.975254 -1191.394923 -1191.683271 -1191.888359 -1192.074106 -1192.322053 -1193.215454 -1200.688456 -1259.365859 -1576.018643 -2021.804713 -1832.178671 -1731.247139 -1687.188425 -1681.929467 -1681.407895 -1681.458399 -1681.588355 -1681.727535 -1681.861071 -1681.984603 -1682.098778 -1682.227732 -1682.614440 -1685.447510 -1707.433770 -1758.916760 -1852.157048 -1407.233099 -1237.405930 -1198.047760 -1193.114352 -1192.503136 -1192.404752 -1192.387608 -1192.386508 -1192.388391 -1192.390446 -1192.392128 -1192.393411 -1192.394380 -1192.395118 -1192.395689 -1192.396141 -1192.396503 -1192.396804 -1192.397067 -1192.397321 -1192.397599 -1192.397944 -1192.398420 -1192.399119 -1192.400191 -1192.401872 -1192.404549 -1192.408872 -1192.415960 -1192.427805 -1192.448075 -1192.483763 -1192.548534 -1192.669516 -1192.900875 -1193.351235 -1194.243058 -1196.060466 -1199.963801 -1209.001670 -1232.728126 -9999.0 -9999.0
-9999.0 -9999.0 433.281356 342.003924 247.731706 152.169467 56.086725 -40.177597 -136.499359 -232.933025 -330.193863 -431.883221 -540.671732 -659.870616 -796.104654 -903.692279 -1004.550565 -1093.593101 -1156.822227 -1182.112303 -1188.476245 -1186.956492 -1183.598882 -1181.012211 -1179.954818 -1180.319480 -1181.657212 -1183.465191 -1185.341910 -1187.040455 -1188.450378 -1189.552827 -1190.378096 -1190.975254 -1191.394923 -1191.683271 -1191.888359 -1192.074106 -1192.322053 -1193.215454 -1200.688456 -1259.365859 -1576.018643 -2021.804713 -1832.178671 -1731.247140 -1687.188426 -1681.929467 -1681.407895 -1681.458399 -1681.588355 -1681.727535 -1681.861071 -1681.984603 -1682.098778 -1682.227732 -1682.614440 -1685.447510 -1707.433770 -1758.916760 -1852.157048 -1407.233099 -1237.405930 -1198.047760 -1193.114352 -1192.503136 -1192.404752 -1192.387608 -1192.386508 -1192.388391 -1192.390446 -1192.392128 -1192.393411 -1192.394380 -1192.395118 -1192.395689 -1192.396141 -1192.396503 -1192.396804 -1192.397067 -1192.397321 -1192.397599 -1192.397944 -1192.398420 -1192.399119 -1192.400191 -1192.401872 -1192.404549 -1192.408872 -1192.415960 -1192.427805 -1192.448075 -1192.483763 -1192.548534 -1192.669516 -1192.900875 -1193.351235 -1194.243058 -1196.060466 -1199.963801 -1209.001670 -1232.728126 -9999.0 -9999.0
-9999.0 -9999.0 433.273952 342.001946 247.731164 152.169305 56.086674 -40.177613 -136.499364 -232.933026 -330.193863 -431.883221 -540.671732 -659.870615 -796.104653 -903.692279 -1004.550566 -1093.593101 -1156.822227 -1182.112303 -1188.476245 -1186.956492 -1183.598882 -1181.012211 -1179.954818 -1180.319480 -1181.657212 -1183.465191 -1185.341910 -1187.040455 -1188.450378 -1189.552827 -1190.378096 -1190.975254 -1191.394923 -1191.683271 -1191.888359 -1192.074106 -1192.322053 -1193.215454 -1200.688456 -1259.365859 -1576.018644 -2021.804714 -1832.178673 -1731.247143 -1687.188425 -1681.929467 -1681.407895 -1681.458399 -1681.588355 -1681.727535 -1681.861071 -1681.984603 -1682.098778 -1682.227732 -1682.614440 -1685.447510 -1707.433770 -1758.916760 -1852.157048 -1407.233099 -1237.405930 -1198.047760 -1193.114352 -1192.503136 -1192.404752 -1192.387608 -1192.386508 -1192.388391 -1192.390446 -1192.392128 -1192.393411 -1192.394380 -1192.395118 -1192.395689 -1192.396141 -1192.396503 -1192.396804 -1192.397067 -1192.397321 -1192.397599 -1192.397944 -1192.398420 -1192.399119 -1192.400191 -1192.401872 -1192.404549 -1192.408872 -1192.415960 -1192.427805 -1192.448075 -1192.483763 -1192.548534 -1192.669516 -1192.900875 -1193.351235 -1194.243058 -1196.060466 -1199.963801 -1209.001670 -1232.728126 -9999.0 -9999.0
-9999.0 -9999.0 -9999.0 -9999.0 -9999.0 -9999.0 -9999.0 -9999.0 -9999.0 -9999.0 -9999.0 -9999.0 -9999.0 -9999.0 -9999.0 -9999.0 -9999.0 -9999.0 -9999.0 -9999.0 -9999.0 -9999.0 -9999.0 -9999.0 -9999.0 -9999.0 -9999.0 -9999.0 -9999.0 -9999.0 -9999.0 -9999.0 -9999.0 -9999.0 -9999.0 -9999.0 -9999.0 -9999.0 -9999.0 -9999.0 -9999.0 -9999.0 -9999.0 -9999.0 -9999.0 -9999.0 -9999.0 -9999.0 -9999.0 -9999.0 -9999.0 -9999.0 -9999.0 -9999.0 -9999.0 -9999.0 -9999.0 -9999.0 -9999.0 -9999.0 -9999.0 -9999.0 -9999.0 -9999.0 -9999.0 -9999.0 -9999.0 -9999.0 -9999.0 -9999.0 -9999.0 -9999.0 -9999.0 -9999.0 -9999.0 -9999.0 -9999.0 -9999.0 -9999.0 -9999.0 -9999.0 -9999.0 -9999.0 -9999.0 -9999.0 -9999.0 -9999.0 -9999.0 -9999.0 -9999.0 -9999.0 -9999.0 -9999.0 -9999.0 -9999.0 -9999.0 -9999.0 -9999.0 -9999.0 -9999.0 -9999.0 -9999.0 -9999.0 -9999.0
-9999.0 -9999.0 -9999.0 -9999.0 -9999.0 -9999.0 -9999.0 -9999.0 -9999.0 -9999.0 -9999.0 -9999.0 -9999.0 -9999.0 -9999.0 -9999.0 -9999.0 -9999.0 -9999.0 -9999.0 -9999.0 -9999.0 -9999.0 -9999.0 -9999.0 -9999.0 -9999.0 -9999.0 -9999.0 -9999.0 -9999.0 -9999.0 -9999.0 -9999.0 -9999.0 -9999.0 -9999.0 -9999.0 -9999.0 -9999.0 -9999.0 -9999.0 -9999.0 -9999.0 -9999.0 -9999.0 -9999.0 -9999.0 -9999.0 -9999.0 -9999.0 -9999.0 -9999.0 -9999.0 -9999.0 -9999.0 -9999.0 -9999.0 -9999.0 -9999.0 -9999.0 -9999.0 -9999.0 -9999.0 -9999.0 -9999.0 -9999.0 -9999.0 -9999.0 -9999.0 -9999.0 -9999.0 -9999.0 -9999.0 -9999.0 -9999.0 -9999.0 -9999.0 -9999.0 -9999.0 -9999.0 -9999.0 -9999.0 -9999.0 -9999.0 -9999.0 -9999.0 -9999.0 -9999.0 -9999.0 -9999.0 -9999.0 -9999.0 -9999.0 -9999.0 -9999.0 -9999.0 -9999.0 -9999.0 -9999.0 -9999.0 -9999.0 -9999.0 -9999.0