inst/processing_geotop_simulation/geotop_simulation/out/maps3D/PwL0005N0325.asc
ncols         104
nrows         10
xllcorner     -2.000000
yllcorner     0.000000
cellsize      1.000000
NODATA_value  -9999.0
-9999.0 -9999.0 -9999.0 -9999.0 -9999.0 -9999.0 -9999.0 -9999.0 -9999.0 -9999.0 -9999.0 -9999.0 -9999.0 -9999.0 -9999.0 -9999.0 -9999.0 -9999.0 -9999.0 -9999.0 -9999.0 -9999.0 -9999.0 -9999.0 -9999.0 -9999.0 -9999.0 -9999.0 -9999.0 -9999.0 -9999.0 -9999.0 -9999.0 -9999.0 -9999.0 -9999.0 -9999.0 -9999.0 -9999.0 -9999.0 -9999.0 -9999.0 -9999.0 -9999.0 -9999.0 -9999.0 -9999.0 -9999.0 -9999.0 -9999.0 -9999.0 -9999.0 -9999.0 -9999.0 -9999.0 -9999.0 -9999.0 -9999.0 -9999.0 -9999.0 -9999.0 -9999.0 -9999.0 -9999.0 -9999.0 -9999.0 -9999.0 -9999.0 -9999.0 -9999.0 -9999.0 -9999.0 -9999.0 -9999.0 -9999.0 -9999.0 -9999.0 -9999.0 -9999.0 -9999.0 -9999.0 -9999.0 -9999.0 -9999.0 -9999.0 -9999.0 -9999.0 -9999.0 -9999.0 -9999.0 -9999.0 -9999.0 -9999.0 -9999.0 -9999.0 -9999.0 -9999.0 -9999.0 -9999.0 -9999.0 -9999.0 -9999.0 -9999.0 -9999.0
-9999.0 -9999.0 -9999.0 -9999.0 -9999.0 -9999.0 -9999.0 -9999.0 -9999.0 -9999.0 -9999.0 -9999.0 -9999.0 -9999.0 -9999.0 -9999.0 -9999.0 -9999.0 -9999.0 -9999.0 -9999.0 -9999.0 -9999.0 -9999.0 -9999.0 -9999.0 -9999.0 -9999.0 -9999.0 -9999.0 -9999.0 -9999.0 -9999.0 -9999.0 -9999.0 -9999.0 -9999.0 -9999.0 -9999.0 -9999.0 -9999.0 -9999.0 -9999.0 -9999.0 -9999.0 -9999.0 -9999.0 -9999.0 -9999.0 -9999.0 -9999.0 -9999.0 -9999.0 -9999.0 -9999.0 -9999.0 -9999.0 -9999.0 -9999.0 -9999.0 -9999.0 -9999.0 -9999.0 -9999.0 -9999.0 -9999.0 -9999.0 -9999.0 -9999.0 -9999.0 -9999.0 -9999.0 -9999.0 -9999.0 -9999.0 -9999.0 -9999.0 -9999.0 -9999.0 -9999.0 -9999.0 -9999.0 -9999.0 -9999.0 -9999.0 -9999.0 -9999.0 -9999.0 -9999.0 -9999.0 -9999.0 -9999.0 -9999.0 -9999.0 -9999.0 -9999.0 -9999.0 -9999.0 -9999.0 -9999.0 -9999.0 -9999.0 -9999.0 -9999.0
-9999.0 -9999.0 225.486819 128.432426 30.069472 -68.696193 -167.618071 -266.601000 -365.593420 -464.560102 -563.452590 -662.152602 -760.592111 -858.840502 -956.935329 -1055.049130 -1152.774711 -1249.375898 -1344.396528 -1436.806869 -1524.632746 -1604.722670 -1673.884575 -1730.376462 -1774.349436 -1807.308216 -1831.322942 -1848.455004 -1860.478608 -1868.805790 -1874.509783 -1878.381473 -1880.990167 -1882.737901 -1883.904495 -1884.684607 -1885.223218 -1885.679918 -1886.453280 -1888.829901 -1893.665033 -1859.036657 -1168.854083 -1183.297291 -1168.605581 -1158.999145 -1154.502718 -1153.827683 -1153.755692 -1153.762600 -1153.780884 -1153.800562 -1153.819476 -1153.836992 -1153.853269 -1153.872363 -1153.932484 -1154.335169 -1156.723977 -1162.037789 -1169.154495 -1144.377878 -1833.278774 -1887.397209 -1887.404847 -1886.545496 -1886.341106 -1886.305063 -1886.299686 -1886.299404 -1886.299888 -1886.300392 -1886.300802 -1886.301119 -1886.301364 -1886.301555 -1886.301708 -1886.301832 -1886.301938 -1886.302033 -1886.302127 -1886.302232 -1886.302364 -1886.302547 -1886.302815 -1886.303226 -1886.303870 -1886.304903 -1886.306586 -1886.309385 -1886.314152 -1886.322495 -1886.337543 -1886.365505 -1886.418954 -1886.524030 -1886.737629 -1887.192376 -1888.224246 -1890.772383 -1897.856300 -1921.190978 -9999.0 -9999.0
-9999.0 -9999.0 225.495564 128.434326 30.069961 -68.696050 -167.618025 -266.600985 -365.593415 -464.560100 -563.452589 -662.152602 -760.592111 -858.840502 -956.935329 -1055.049130 -1152.774711 -1249.375898 -1344.396528 -1436.806869 -1524.632746 -1604.722670 -1673.884575 -1730.376463 -1774.349436 -1807.308216 -1831.322942 -1848.455004 -1860.478608 -1868.805790 -1874.509783 -1878.381473 -1880.990167 -1882.737901 -1883.904495 -1884.684607 -1885.223218 -1885.679918 -1886.453280 -1888.829901 -1893.665033 -1859.036657 -1168.854083 -1183.297291 -1168.605581 -1158.999145 -1154.502718 -1153.827683 -1153.755692 -1153.762600 -1153.780884 -1153.800562 -1153.819476 -1153.836992 -1153.853269 -1153.872363 -1153.932484 -1154.335169 -1156.723977 -1162.037789 -1169.154495 -1144.377878 -1833.278774 -1887.397209 -1887.404847 -1886.545496 -1886.341106 -1886.305063 -1886.299686 -1886.299404 -1886.299888 -1886.300392 -1886.300802 -1886.301119 -1886.301364 -1886.301555 -1886.301708 -1886.301832 -1886.301938 -1886.302033 -1886.302127 -1886.302232 -1886.302364 -1886.302547 -1886.302815 -1886.303226 -1886.303870 -1886.304903 -1886.306586 -1886.309385 -1886.314152 -1886.322495 -1886.337543 -1886.365505 -1886.418954 -1886.524030 -1886.737629 -1887.192376 -1888.224246 -1890.772383 -1897.856300 -1921.190978 -9999.0 -9999.0
-9999.0 -9999.0 225.496938 128.435110 30.070272 -68.695937 -167.617985 -266.600970 -365.593410 -464.560098 -563.452588 -662.152602 -760.592111 -858.840502 -956.935329 -1055.049130 -1152.774711 -1249.375898 -1344.396528 -1436.806869 -1524.632746 -1604.722671 -1673.884575 -1730.376463 -1774.349437 -1807.308216 -1831.322942 -1848.455004 -1860.478608 -1868.805790 -1874.509783 -1878.381473 -1880.990167 -1882.737901 -1883.904495 -1884.684607 -1885.223218 -1885.679918 -1886.453280 -1888.829901 -1893.665033 -1859.036657 -1168.854083 -1183.297291 -1168.605581 -1158.999145 -1154.502718 -1153.827683 -1153.755692 -1153.762600 -1153.780884 -1153.800562 -1153.819476 -1153.836992 -1153.853269 -1153.872363 -1153.932484 -1154.335169 -1156.723977 -1162.037789 -1169.154495 -1144.377878 -1833.278774 -1887.397209 -1887.404847 -1886.545496 -1886.341106 -1886.305063 -1886.299686 -1886.299404 -1886.299888 -1886.300392 -1886.300802 -1886.301119 -1886.301364 -1886.301555 -1886.301708 -1886.301832 -1886.301938 -1886.302033 -1886.302127 -1886.302232 -1886.302364 -1886.302547 -1886.302815 -1886.303226 -1886.303870 -1886.304903 -1886.306586 -1886.309385 -1886.314152 -1886.322495 -1886.337543 -1886.365505 -1886.418954 -1886.524030 -1886.737629 -1887.192376 -1888.224246 -1890.772383 -1897.856300 -1921.190978 -9999.0 -9999.0
-9999.0 -9999.0 225.496938 128.435110 30.070272 -68.695937 -167.617985 -266.600970 -365.593409 -464.560098 -563.452588 -662.152602 -760.592111 -858.840502 -956.935329 -1055.049130 -1152.774711 -1249.375898 -1344.396528 -1436.806869 -1524.632746 -1604.722671 -1673.884575 -1730.376463 -1774.349437 -1807.308216 -1831.322942 -1848.455004 -1860.478608 -1868.805790 -1874.509783 -1878.381473 -1880.990167 -1882.737901 -1883.904495 -1884.684607 -1885.223218 -1885.679918 -1886.453280 -1888.829901 -1893.665033 -1859.036657 -1168.854083 -1183.297291 -1168.605581 -1158.999145 -1154.502718 -1153.827683 -1153.755692 -1153.762600 -1153.780884 -1153.800562 -1153.819476 -1153.836992 -1153.853269 -1153.872363 -1153.932484 -1154.335169 -1156.723977 -1162.037789 -1169.154495 -1144.377878 -1833.278774 -1887.397209 -1887.404847 -1886.545496 -1886.341106 -1886.305063 -1886.299686 -1886.299404 -1886.299888 -1886.300392 -1886.300802 -1886.301119 -1886.301364 -1886.301555 -1886.301708 -1886.301832 -1886.301938 -1886.302033 -1886.302127 -1886.302232 -1886.302364 -1886.302547 -1886.302815 -1886.303226 -1886.303870 -1886.304903 -1886.306586 -1886.309385 -1886.314152 -1886.322495 -1886.337543 -1886.365505 -1886.418954 -1886.524030 -1886.737629 -1887.192376 -1888.224246 -1890.772383 -1897.856300 -1921.190978 -9999.0 -9999.0
-9999.0 -9999.0 225.495564 128.434326 30.069961 -68.696050 -167.618025 -266.600985 -365.593415 -464.560100 -563.452589 -662.152602 -760.592111 -858.840502 -956.935329 -1055.049130 -1152.774711 -1249.375898 -1344.396528 -1436.806869 -1524.632746 -1604.722670 -1673.884575 -1730.376463 -1774.349436 -1807.308216 -1831.322942 -1848.455004 -1860.478608 -1868.805790 -1874.509783 -1878.381473 -1880.990167 -1882.737901 -1883.904495 -1884.684607 -1885.223218 -1885.679918 -1886.453280 -1888.829901 -1893.665033 -1859.036657 -1168.854083 -1183.297291 -1168.605581 -1158.999145 -1154.502718 -1153.827683 -1153.755692 -1153.762600 -1153.780884 -1153.800562 -1153.819476 -1153.836992 -1153.853269 -1153.872363 -1153.932484 -1154.335169 -1156.723977 -1162.037789 -1169.154495 -1144.377878 -1833.278774 -1887.397209 -1887.404847 -1886.545496 -1886.341106 -1886.305063 -1886.299686 -1886.299404 -1886.299888 -1886.300392 -1886.300802 -1886.301119 -1886.301364 -1886.301555 -1886.301708 -1886.301832 -1886.301938 -1886.302033 -1886.302127 -1886.302232 -1886.302364 -1886.302547 -1886.302815 -1886.303226 -1886.303870 -1886.304903 -1886.306586 -1886.309385 -1886.314152 -1886.322495 -1886.337543 -1886.365505 -1886.418954 -1886.524030 -1886.737629 -1887.192376 -1888.224246 -1890.772383 -1897.856300 -1921.190978 -9999.0 -9999.0
-9999.0 -9999.0 225.486819 128.432426 30.069472 -68.696193 -167.618071 -266.601000 -365.593420 -464.560102 -563.452589 -662.152602 -760.592111 -858.840502 -956.935328 -1055.049130 -1152.774711 -1249.375898 -1344.396528 -1436.806869 -1524.632746 -1604.722670 -1673.884575 -1730.376462 -1774.349436 -1807.308216 -1831.322942 -1848.455004 -1860.478608 -1868.805790 -1874.509783 -1878.381473 -1880.990167 -1882.737901 -1883.904495 -1884.684607 -1885.223218 -1885.679918 -1886.453280 -1888.829901 -1893.665033 -1859.036657 -1168.854083 -1183.297291 -1168.605581 -1158.999145 -1154.502718 -1153.827683 -1153.755692 -1153.762600 -1153.780884 -1153.800562 -1153.819476 -1153.836992 -1153.853269 -1153.872363 -1153.932484 -1154.335169 -1156.723977 -1162.037789 -1169.154495 -1144.377878 -1833.278774 -1887.397209 -1887.404847 -1886.545496 -1886.341106 -1886.305063 -1886.299686 -1886.299404 -1886.299888 -1886.300392 -1886.300802 -1886.301119 -1886.301364 -1886.301555 -1886.301708 -1886.301832 -1886.301938 -1886.302033 -1886.302127 -1886.302232 -1886.302364 -1886.302547 -1886.302815 -1886.303226 -1886.303870 -1886.304903 -1886.306586 -1886.309385 -1886.314152 -1886.322495 -1886.337543 -1886.365505 -1886.418954 -1886.524030 -1886.737629 -1887.192376 -1888.224246 -1890.772383 -1897.856300 -1921.190978 -9999.0 -9999.0
-9999.0 -9999.0 -9999.0 -9999.0 -9999.0 -9999.0 -9999.0 -9999.0 -9999.0 -9999.0 -9999.0 -9999.0 -9999.0 -9999.0 -9999.0 -9999.0 -9999.0 -9999.0 -9999.0 -9999.0 -9999.0 -9999.0 -9999.0 -9999.0 -9999.0 -9999.0 -9999.0 -9999.0 -9999.0 -9999.0 -9999.0 -9999.0 -9999.0 -9999.0 -9999.0 -9999.0 -9999.0 -9999.0 -9999.0 -9999.0 -9999.0 -9999.0 -9999.0 -9999.0 -9999.0 -9999.0 -9999.0 -9999.0 -9999.0 -9999.0 -9999.0 -9999.0 -9999.0 -9999.0 -9999.0 -9999.0 -9999.0 -9999.0 -9999.0 -9999.0 -9999.0 -9999.0 -9999.0 -9999.0 -9999.0 -9999.0 -9999.0 -9999.0 -9999.0 -9999.0 -9999.0 -9999.0 -9999.0 -9999.0 -9999.0 -9999.0 -9999.0 -9999.0 -9999.0 -9999.0 -9999.0 -9999.0 -9999.0 -9999.0 -9999.0 -9999.0 -9999.0 -9999.0 -9999.0 -9999.0 -9999.0 -9999.0 -9999.0 -9999.0 -9999.0 -9999.0 -9999.0 -9999.0 -9999.0 -9999.0 -9999.0 -9999.0 -9999.0 -9999.0
-9999.0 -9999.0 -9999.0 -9999.0 -9999.0 -9999.0 -9999.0 -9999.0 -9999.0 -9999.0 -9999.0 -9999.0 -9999.0 -9999.0 -9999.0 -9999.0 -9999.0 -9999.0 -9999.0 -9999.0 -9999.0 -9999.0 -9999.0 -9999.0 -9999.0 -9999.0 -9999.0 -9999.0 -9999.0 -9999.0 -9999.0 -9999.0 -9999.0 -9999.0 -9999.0 -9999.0 -9999.0 -9999.0 -9999.0 -9999.0 -9999.0 -9999.0 -9999.0 -9999.0 -9999.0 -9999.0 -9999.0 -9999.0 -9999.0 -9999.0 -9999.0 -9999.0 -9999.0 -9999.0 -9999.0 -9999.0 -9999.0 -9999.0 -9999.0 -9999.0 -9999.0 -9999.0 -9999.0 -9999.0 -9999.0 -9999.0 -9999.0 -9999.0 -9999.0 -9999.0 -9999.0 -9999.0 -9999.0 -9999.0 -9999.0 -9999.0 -9999.0 -9999.0 -9999.0 -9999.0 -9999.0 -9999.0 -9999.0 -9999.0 -9999.0 -9999.0 -9999.0 -9999.0 -9999.0 -9999.0 -9999.0 -9999.0 -9999.0 -9999.0 -9999.0 -9999.0 -9999.0 -9999.0 -9999.0 -9999.0 -9999.0 -9999.0 -9999.0 -9999.0