inst/processing_geotop_simulation/geotop_simulation/out/maps3D/PwL0008N0438.asc
ncols         104
nrows         10
xllcorner     -2.000000
yllcorner     0.000000
cellsize      1.000000
NODATA_value  -9999.0
-9999.0 -9999.0 -9999.0 -9999.0 -9999.0 -9999.0 -9999.0 -9999.0 -9999.0 -9999.0 -9999.0 -9999.0 -9999.0 -9999.0 -9999.0 -9999.0 -9999.0 -9999.0 -9999.0 -9999.0 -9999.0 -9999.0 -9999.0 -9999.0 -9999.0 -9999.0 -9999.0 -9999.0 -9999.0 -9999.0 -9999.0 -9999.0 -9999.0 -9999.0 -9999.0 -9999.0 -9999.0 -9999.0 -9999.0 -9999.0 -9999.0 -9999.0 -9999.0 -9999.0 -9999.0 -9999.0 -9999.0 -9999.0 -9999.0 -9999.0 -9999.0 -9999.0 -9999.0 -9999.0 -9999.0 -9999.0 -9999.0 -9999.0 -9999.0 -9999.0 -9999.0 -9999.0 -9999.0 -9999.0 -9999.0 -9999.0 -9999.0 -9999.0 -9999.0 -9999.0 -9999.0 -9999.0 -9999.0 -9999.0 -9999.0 -9999.0 -9999.0 -9999.0 -9999.0 -9999.0 -9999.0 -9999.0 -9999.0 -9999.0 -9999.0 -9999.0 -9999.0 -9999.0 -9999.0 -9999.0 -9999.0 -9999.0 -9999.0 -9999.0 -9999.0 -9999.0 -9999.0 -9999.0 -9999.0 -9999.0 -9999.0 -9999.0 -9999.0 -9999.0
-9999.0 -9999.0 -9999.0 -9999.0 -9999.0 -9999.0 -9999.0 -9999.0 -9999.0 -9999.0 -9999.0 -9999.0 -9999.0 -9999.0 -9999.0 -9999.0 -9999.0 -9999.0 -9999.0 -9999.0 -9999.0 -9999.0 -9999.0 -9999.0 -9999.0 -9999.0 -9999.0 -9999.0 -9999.0 -9999.0 -9999.0 -9999.0 -9999.0 -9999.0 -9999.0 -9999.0 -9999.0 -9999.0 -9999.0 -9999.0 -9999.0 -9999.0 -9999.0 -9999.0 -9999.0 -9999.0 -9999.0 -9999.0 -9999.0 -9999.0 -9999.0 -9999.0 -9999.0 -9999.0 -9999.0 -9999.0 -9999.0 -9999.0 -9999.0 -9999.0 -9999.0 -9999.0 -9999.0 -9999.0 -9999.0 -9999.0 -9999.0 -9999.0 -9999.0 -9999.0 -9999.0 -9999.0 -9999.0 -9999.0 -9999.0 -9999.0 -9999.0 -9999.0 -9999.0 -9999.0 -9999.0 -9999.0 -9999.0 -9999.0 -9999.0 -9999.0 -9999.0 -9999.0 -9999.0 -9999.0 -9999.0 -9999.0 -9999.0 -9999.0 -9999.0 -9999.0 -9999.0 -9999.0 -9999.0 -9999.0 -9999.0 -9999.0 -9999.0 -9999.0
-9999.0 -9999.0 373.222966 274.727609 175.676852 76.405520 -22.953515 -122.346956 -221.751720 -321.152562 -420.534275 -519.873287 -619.122242 -718.193216 -817.281777 -916.329954 -1015.305767 -1114.209941 -1212.438650 -1309.773997 -1405.349054 -1497.512144 -1583.748273 -1661.269244 -1727.939567 -1782.865565 -1826.408870 -1859.818622 -1884.772312 -1903.008586 -1916.105347 -1925.381586 -1931.880221 -1936.394024 -1939.509125 -1941.653104 -1943.148821 -1944.307358 -1945.666279 -1948.298745 -1950.087738 -1904.181577 -1256.868983 -1318.567423 -1295.642942 -1280.219362 -1273.052480 -1271.983615 -1271.869166 -1271.878639 -1271.905714 -1271.934925 -1271.963009 -1271.989022 -1272.013239 -1272.042072 -1272.135679 -1272.768162 -1276.551366 -1284.960386 -1294.319936 -1219.240429 -1872.535548 -1943.406436 -1947.109456 -1946.560735 -1946.337855 -1946.289658 -1946.281377 -1946.280447 -1946.280716 -1946.281107 -1946.281446 -1946.281717 -1946.281934 -1946.282110 -1946.282257 -1946.282383 -1946.282495 -1946.282600 -1946.282706 -1946.282822 -1946.282962 -1946.283144 -1946.283398 -1946.283770 -1946.284336 -1946.285225 -1946.286657 -1946.289027 -1946.293062 -1946.300153 -1946.313020 -1946.337118 -1946.383683 -1946.476742 -1946.670656 -1947.097658 -1948.106848 -1950.713758 -1958.247242 -1983.133761 -9999.0 -9999.0
-9999.0 -9999.0 373.229344 274.729228 175.677288 76.405650 -22.953473 -122.346941 -221.751714 -321.152560 -420.534274 -519.873286 -619.122242 -718.193216 -817.281777 -916.329954 -1015.305767 -1114.209942 -1212.438650 -1309.773997 -1405.349055 -1497.512144 -1583.748273 -1661.269244 -1727.939568 -1782.865565 -1826.408870 -1859.818622 -1884.772312 -1903.008586 -1916.105347 -1925.381586 -1931.880221 -1936.394024 -1939.509125 -1941.653104 -1943.148821 -1944.307358 -1945.666279 -1948.298745 -1950.087738 -1904.181577 -1256.868983 -1318.567423 -1295.642942 -1280.219362 -1273.052480 -1271.983615 -1271.869166 -1271.878639 -1271.905714 -1271.934925 -1271.963009 -1271.989022 -1272.013239 -1272.042072 -1272.135679 -1272.768162 -1276.551366 -1284.960386 -1294.319936 -1219.240429 -1872.535548 -1943.406436 -1947.109456 -1946.560735 -1946.337855 -1946.289658 -1946.281377 -1946.280447 -1946.280716 -1946.281107 -1946.281446 -1946.281717 -1946.281934 -1946.282110 -1946.282257 -1946.282383 -1946.282495 -1946.282600 -1946.282706 -1946.282822 -1946.282962 -1946.283144 -1946.283398 -1946.283770 -1946.284336 -1946.285225 -1946.286657 -1946.289027 -1946.293062 -1946.300153 -1946.313020 -1946.337118 -1946.383683 -1946.476742 -1946.670656 -1947.097658 -1948.106848 -1950.713758 -1958.247242 -1983.133761 -9999.0 -9999.0
-9999.0 -9999.0 373.230654 274.729929 175.677568 76.405752 -22.953437 -122.346928 -221.751709 -321.152558 -420.534273 -519.873286 -619.122242 -718.193216 -817.281777 -916.329954 -1015.305767 -1114.209942 -1212.438650 -1309.773997 -1405.349055 -1497.512144 -1583.748273 -1661.269244 -1727.939568 -1782.865565 -1826.408870 -1859.818622 -1884.772312 -1903.008586 -1916.105348 -1925.381586 -1931.880221 -1936.394024 -1939.509125 -1941.653104 -1943.148821 -1944.307358 -1945.666279 -1948.298745 -1950.087738 -1904.181577 -1256.868983 -1318.567423 -1295.642942 -1280.219362 -1273.052480 -1271.983615 -1271.869166 -1271.878639 -1271.905714 -1271.934925 -1271.963009 -1271.989022 -1272.013239 -1272.042072 -1272.135679 -1272.768162 -1276.551366 -1284.960386 -1294.319936 -1219.240429 -1872.535548 -1943.406436 -1947.109456 -1946.560735 -1946.337855 -1946.289658 -1946.281377 -1946.280447 -1946.280716 -1946.281107 -1946.281446 -1946.281717 -1946.281934 -1946.282110 -1946.282257 -1946.282382 -1946.282495 -1946.282600 -1946.282706 -1946.282822 -1946.282962 -1946.283144 -1946.283398 -1946.283770 -1946.284336 -1946.285225 -1946.286657 -1946.289027 -1946.293062 -1946.300153 -1946.313020 -1946.337118 -1946.383683 -1946.476742 -1946.670656 -1947.097658 -1948.106848 -1950.713758 -1958.247242 -1983.133761 -9999.0 -9999.0
-9999.0 -9999.0 373.230654 274.729929 175.677568 76.405752 -22.953437 -122.346928 -221.751709 -321.152558 -420.534273 -519.873286 -619.122242 -718.193216 -817.281777 -916.329954 -1015.305767 -1114.209942 -1212.438650 -1309.773997 -1405.349055 -1497.512144 -1583.748273 -1661.269244 -1727.939568 -1782.865565 -1826.408870 -1859.818622 -1884.772312 -1903.008586 -1916.105348 -1925.381586 -1931.880221 -1936.394024 -1939.509125 -1941.653104 -1943.148821 -1944.307358 -1945.666279 -1948.298745 -1950.087738 -1904.181577 -1256.868983 -1318.567423 -1295.642942 -1280.219362 -1273.052480 -1271.983615 -1271.869166 -1271.878639 -1271.905714 -1271.934925 -1271.963009 -1271.989022 -1272.013239 -1272.042072 -1272.135679 -1272.768162 -1276.551366 -1284.960386 -1294.319936 -1219.240429 -1872.535548 -1943.406436 -1947.109456 -1946.560735 -1946.337855 -1946.289658 -1946.281377 -1946.280447 -1946.280716 -1946.281107 -1946.281446 -1946.281717 -1946.281934 -1946.282110 -1946.282257 -1946.282382 -1946.282495 -1946.282600 -1946.282706 -1946.282822 -1946.282962 -1946.283144 -1946.283398 -1946.283770 -1946.284336 -1946.285225 -1946.286657 -1946.289027 -1946.293062 -1946.300153 -1946.313020 -1946.337118 -1946.383683 -1946.476742 -1946.670656 -1947.097658 -1948.106848 -1950.713758 -1958.247242 -1983.133761 -9999.0 -9999.0
-9999.0 -9999.0 373.229344 274.729228 175.677288 76.405650 -22.953473 -122.346941 -221.751714 -321.152560 -420.534274 -519.873286 -619.122242 -718.193216 -817.281777 -916.329954 -1015.305767 -1114.209942 -1212.438650 -1309.773997 -1405.349055 -1497.512144 -1583.748273 -1661.269244 -1727.939568 -1782.865565 -1826.408870 -1859.818622 -1884.772312 -1903.008586 -1916.105347 -1925.381586 -1931.880221 -1936.394024 -1939.509125 -1941.653104 -1943.148821 -1944.307358 -1945.666279 -1948.298745 -1950.087738 -1904.181577 -1256.868983 -1318.567423 -1295.642942 -1280.219362 -1273.052480 -1271.983615 -1271.869166 -1271.878639 -1271.905714 -1271.934925 -1271.963009 -1271.989022 -1272.013239 -1272.042072 -1272.135679 -1272.768162 -1276.551366 -1284.960386 -1294.319936 -1219.240429 -1872.535548 -1943.406436 -1947.109456 -1946.560735 -1946.337855 -1946.289658 -1946.281377 -1946.280447 -1946.280716 -1946.281107 -1946.281446 -1946.281717 -1946.281934 -1946.282110 -1946.282257 -1946.282383 -1946.282495 -1946.282600 -1946.282706 -1946.282822 -1946.282962 -1946.283144 -1946.283398 -1946.283770 -1946.284336 -1946.285225 -1946.286657 -1946.289027 -1946.293062 -1946.300153 -1946.313020 -1946.337118 -1946.383683 -1946.476742 -1946.670656 -1947.097658 -1948.106848 -1950.713758 -1958.247242 -1983.133761 -9999.0 -9999.0
-9999.0 -9999.0 373.222966 274.727609 175.676852 76.405520 -22.953515 -122.346956 -221.751720 -321.152562 -420.534275 -519.873287 -619.122242 -718.193216 -817.281777 -916.329954 -1015.305767 -1114.209941 -1212.438650 -1309.773997 -1405.349054 -1497.512144 -1583.748273 -1661.269244 -1727.939567 -1782.865565 -1826.408870 -1859.818622 -1884.772312 -1903.008586 -1916.105347 -1925.381586 -1931.880221 -1936.394024 -1939.509125 -1941.653104 -1943.148821 -1944.307358 -1945.666279 -1948.298745 -1950.087738 -1904.181577 -1256.868983 -1318.567423 -1295.642942 -1280.219362 -1273.052480 -1271.983615 -1271.869166 -1271.878639 -1271.905714 -1271.934925 -1271.963009 -1271.989022 -1272.013239 -1272.042072 -1272.135679 -1272.768162 -1276.551366 -1284.960386 -1294.319936 -1219.240429 -1872.535548 -1943.406436 -1947.109456 -1946.560735 -1946.337855 -1946.289658 -1946.281377 -1946.280447 -1946.280716 -1946.281107 -1946.281446 -1946.281717 -1946.281934 -1946.282110 -1946.282257 -1946.282383 -1946.282495 -1946.282600 -1946.282706 -1946.282822 -1946.282962 -1946.283144 -1946.283398 -1946.283770 -1946.284336 -1946.285225 -1946.286657 -1946.289027 -1946.293062 -1946.300153 -1946.313020 -1946.337118 -1946.383683 -1946.476742 -1946.670656 -1947.097658 -1948.106848 -1950.713758 -1958.247242 -1983.133761 -9999.0 -9999.0
-9999.0 -9999.0 -9999.0 -9999.0 -9999.0 -9999.0 -9999.0 -9999.0 -9999.0 -9999.0 -9999.0 -9999.0 -9999.0 -9999.0 -9999.0 -9999.0 -9999.0 -9999.0 -9999.0 -9999.0 -9999.0 -9999.0 -9999.0 -9999.0 -9999.0 -9999.0 -9999.0 -9999.0 -9999.0 -9999.0 -9999.0 -9999.0 -9999.0 -9999.0 -9999.0 -9999.0 -9999.0 -9999.0 -9999.0 -9999.0 -9999.0 -9999.0 -9999.0 -9999.0 -9999.0 -9999.0 -9999.0 -9999.0 -9999.0 -9999.0 -9999.0 -9999.0 -9999.0 -9999.0 -9999.0 -9999.0 -9999.0 -9999.0 -9999.0 -9999.0 -9999.0 -9999.0 -9999.0 -9999.0 -9999.0 -9999.0 -9999.0 -9999.0 -9999.0 -9999.0 -9999.0 -9999.0 -9999.0 -9999.0 -9999.0 -9999.0 -9999.0 -9999.0 -9999.0 -9999.0 -9999.0 -9999.0 -9999.0 -9999.0 -9999.0 -9999.0 -9999.0 -9999.0 -9999.0 -9999.0 -9999.0 -9999.0 -9999.0 -9999.0 -9999.0 -9999.0 -9999.0 -9999.0 -9999.0 -9999.0 -9999.0 -9999.0 -9999.0 -9999.0
-9999.0 -9999.0 -9999.0 -9999.0 -9999.0 -9999.0 -9999.0 -9999.0 -9999.0 -9999.0 -9999.0 -9999.0 -9999.0 -9999.0 -9999.0 -9999.0 -9999.0 -9999.0 -9999.0 -9999.0 -9999.0 -9999.0 -9999.0 -9999.0 -9999.0 -9999.0 -9999.0 -9999.0 -9999.0 -9999.0 -9999.0 -9999.0 -9999.0 -9999.0 -9999.0 -9999.0 -9999.0 -9999.0 -9999.0 -9999.0 -9999.0 -9999.0 -9999.0 -9999.0 -9999.0 -9999.0 -9999.0 -9999.0 -9999.0 -9999.0 -9999.0 -9999.0 -9999.0 -9999.0 -9999.0 -9999.0 -9999.0 -9999.0 -9999.0 -9999.0 -9999.0 -9999.0 -9999.0 -9999.0 -9999.0 -9999.0 -9999.0 -9999.0 -9999.0 -9999.0 -9999.0 -9999.0 -9999.0 -9999.0 -9999.0 -9999.0 -9999.0 -9999.0 -9999.0 -9999.0 -9999.0 -9999.0 -9999.0 -9999.0 -9999.0 -9999.0 -9999.0 -9999.0 -9999.0 -9999.0 -9999.0 -9999.0 -9999.0 -9999.0 -9999.0 -9999.0 -9999.0 -9999.0 -9999.0 -9999.0 -9999.0 -9999.0 -9999.0 -9999.0