inst/processing_geotop_simulation/geotop_simulation/out/maps3D/PwL0001N0309.asc
ncols         104
nrows         10
xllcorner     -2.000000
yllcorner     0.000000
cellsize      1.000000
NODATA_value  -9999.0
-9999.0 -9999.0 -9999.0 -9999.0 -9999.0 -9999.0 -9999.0 -9999.0 -9999.0 -9999.0 -9999.0 -9999.0 -9999.0 -9999.0 -9999.0 -9999.0 -9999.0 -9999.0 -9999.0 -9999.0 -9999.0 -9999.0 -9999.0 -9999.0 -9999.0 -9999.0 -9999.0 -9999.0 -9999.0 -9999.0 -9999.0 -9999.0 -9999.0 -9999.0 -9999.0 -9999.0 -9999.0 -9999.0 -9999.0 -9999.0 -9999.0 -9999.0 -9999.0 -9999.0 -9999.0 -9999.0 -9999.0 -9999.0 -9999.0 -9999.0 -9999.0 -9999.0 -9999.0 -9999.0 -9999.0 -9999.0 -9999.0 -9999.0 -9999.0 -9999.0 -9999.0 -9999.0 -9999.0 -9999.0 -9999.0 -9999.0 -9999.0 -9999.0 -9999.0 -9999.0 -9999.0 -9999.0 -9999.0 -9999.0 -9999.0 -9999.0 -9999.0 -9999.0 -9999.0 -9999.0 -9999.0 -9999.0 -9999.0 -9999.0 -9999.0 -9999.0 -9999.0 -9999.0 -9999.0 -9999.0 -9999.0 -9999.0 -9999.0 -9999.0 -9999.0 -9999.0 -9999.0 -9999.0 -9999.0 -9999.0 -9999.0 -9999.0 -9999.0 -9999.0
-9999.0 -9999.0 -9999.0 -9999.0 -9999.0 -9999.0 -9999.0 -9999.0 -9999.0 -9999.0 -9999.0 -9999.0 -9999.0 -9999.0 -9999.0 -9999.0 -9999.0 -9999.0 -9999.0 -9999.0 -9999.0 -9999.0 -9999.0 -9999.0 -9999.0 -9999.0 -9999.0 -9999.0 -9999.0 -9999.0 -9999.0 -9999.0 -9999.0 -9999.0 -9999.0 -9999.0 -9999.0 -9999.0 -9999.0 -9999.0 -9999.0 -9999.0 -9999.0 -9999.0 -9999.0 -9999.0 -9999.0 -9999.0 -9999.0 -9999.0 -9999.0 -9999.0 -9999.0 -9999.0 -9999.0 -9999.0 -9999.0 -9999.0 -9999.0 -9999.0 -9999.0 -9999.0 -9999.0 -9999.0 -9999.0 -9999.0 -9999.0 -9999.0 -9999.0 -9999.0 -9999.0 -9999.0 -9999.0 -9999.0 -9999.0 -9999.0 -9999.0 -9999.0 -9999.0 -9999.0 -9999.0 -9999.0 -9999.0 -9999.0 -9999.0 -9999.0 -9999.0 -9999.0 -9999.0 -9999.0 -9999.0 -9999.0 -9999.0 -9999.0 -9999.0 -9999.0 -9999.0 -9999.0 -9999.0 -9999.0 -9999.0 -9999.0 -9999.0 -9999.0
-9999.0 -9999.0 26.865758 -69.099707 -167.264502 -265.905181 -364.718582 -463.589188 -562.458495 -661.276505 -759.955916 -858.427813 -956.632807 -1054.482130 -1152.236442 -1249.832416 -1346.615905 -1442.073987 -1535.449815 -1625.527484 -1709.836542 -1784.708330 -1847.094081 -1896.082876 -1932.798647 -1959.418184 -1978.286059 -1991.448941 -2000.520267 -2006.707419 -2010.889119 -2013.693145 -2015.561095 -2016.799170 -2017.617260 -2018.159858 -2018.535419 -2018.871952 -2019.526788 -2021.741591 -2026.285841 -1984.667241 -1225.367076 -1221.972841 -1211.811020 -1205.219034 -1202.119494 -1201.642877 -1201.591734 -1201.597085 -1201.610698 -1201.625333 -1201.639401 -1201.652430 -1201.664531 -1201.678654 -1201.722438 -1202.010876 -1203.673686 -1207.365822 -1212.617602 -1208.717873 -1962.058490 -2020.472067 -2020.356910 -2019.508198 -2019.315856 -2019.282861 -2019.278063 -2019.277911 -2019.278446 -2019.278982 -2019.279414 -2019.279746 -2019.280001 -2019.280200 -2019.280358 -2019.280486 -2019.280594 -2019.280691 -2019.280787 -2019.280894 -2019.281029 -2019.281217 -2019.281494 -2019.281919 -2019.282589 -2019.283663 -2019.285414 -2019.288325 -2019.293276 -2019.301928 -2019.317505 -2019.346394 -2019.401479 -2019.509382 -2019.727474 -2020.187933 -2021.222041 -2023.747658 -2030.705083 -2053.631221 -9999.0 -9999.0
-9999.0 -9999.0 26.877888 -69.097693 -167.264001 -265.905035 -364.718536 -463.589172 -562.458489 -661.276503 -759.955916 -858.427812 -956.632807 -1054.482130 -1152.236442 -1249.832416 -1346.615906 -1442.073987 -1535.449815 -1625.527485 -1709.836542 -1784.708330 -1847.094081 -1896.082876 -1932.798647 -1959.418184 -1978.286059 -1991.448941 -2000.520267 -2006.707419 -2010.889119 -2013.693145 -2015.561095 -2016.799170 -2017.617260 -2018.159858 -2018.535419 -2018.871952 -2019.526788 -2021.741591 -2026.285841 -1984.667241 -1225.367076 -1221.972841 -1211.811020 -1205.219033 -1202.119494 -1201.642877 -1201.591734 -1201.597085 -1201.610698 -1201.625333 -1201.639401 -1201.652430 -1201.664531 -1201.678654 -1201.722438 -1202.010876 -1203.673686 -1207.365822 -1212.617602 -1208.717873 -1962.058490 -2020.472067 -2020.356910 -2019.508198 -2019.315856 -2019.282861 -2019.278063 -2019.277911 -2019.278446 -2019.278982 -2019.279414 -2019.279746 -2019.280001 -2019.280200 -2019.280358 -2019.280486 -2019.280594 -2019.280691 -2019.280787 -2019.280894 -2019.281029 -2019.281217 -2019.281494 -2019.281919 -2019.282589 -2019.283663 -2019.285414 -2019.288325 -2019.293276 -2019.301928 -2019.317505 -2019.346394 -2019.401479 -2019.509382 -2019.727474 -2020.187933 -2021.222041 -2023.747658 -2030.705083 -2053.631221 -9999.0 -9999.0
-9999.0 -9999.0 26.879008 -69.096888 -167.263684 -265.904920 -364.718495 -463.589158 -562.458484 -661.276501 -759.955915 -858.427812 -956.632807 -1054.482130 -1152.236442 -1249.832416 -1346.615906 -1442.073987 -1535.449815 -1625.527485 -1709.836542 -1784.708330 -1847.094081 -1896.082876 -1932.798647 -1959.418184 -1978.286060 -1991.448941 -2000.520267 -2006.707419 -2010.889119 -2013.693145 -2015.561095 -2016.799170 -2017.617260 -2018.159858 -2018.535419 -2018.871952 -2019.526788 -2021.741591 -2026.285841 -1984.667241 -1225.367076 -1221.972841 -1211.811020 -1205.219033 -1202.119494 -1201.642877 -1201.591734 -1201.597085 -1201.610698 -1201.625333 -1201.639401 -1201.652430 -1201.664531 -1201.678654 -1201.722438 -1202.010876 -1203.673686 -1207.365822 -1212.617602 -1208.717873 -1962.058490 -2020.472067 -2020.356910 -2019.508198 -2019.315856 -2019.282861 -2019.278063 -2019.277911 -2019.278446 -2019.278982 -2019.279414 -2019.279746 -2019.280001 -2019.280200 -2019.280358 -2019.280486 -2019.280594 -2019.280691 -2019.280787 -2019.280894 -2019.281029 -2019.281217 -2019.281494 -2019.281919 -2019.282589 -2019.283663 -2019.285414 -2019.288325 -2019.293276 -2019.301928 -2019.317505 -2019.346394 -2019.401479 -2019.509382 -2019.727474 -2020.187933 -2021.222041 -2023.747658 -2030.705083 -2053.631221 -9999.0 -9999.0
-9999.0 -9999.0 26.879008 -69.096888 -167.263683 -265.904920 -364.718495 -463.589158 -562.458484 -661.276501 -759.955915 -858.427812 -956.632807 -1054.482130 -1152.236442 -1249.832416 -1346.615906 -1442.073987 -1535.449815 -1625.527485 -1709.836542 -1784.708330 -1847.094081 -1896.082876 -1932.798647 -1959.418184 -1978.286060 -1991.448941 -2000.520267 -2006.707419 -2010.889119 -2013.693145 -2015.561095 -2016.799170 -2017.617260 -2018.159858 -2018.535419 -2018.871952 -2019.526788 -2021.741591 -2026.285841 -1984.667241 -1225.367076 -1221.972841 -1211.811020 -1205.219033 -1202.119494 -1201.642877 -1201.591734 -1201.597085 -1201.610698 -1201.625333 -1201.639401 -1201.652430 -1201.664531 -1201.678654 -1201.722438 -1202.010876 -1203.673686 -1207.365822 -1212.617602 -1208.717873 -1962.058490 -2020.472067 -2020.356910 -2019.508198 -2019.315856 -2019.282861 -2019.278063 -2019.277911 -2019.278446 -2019.278982 -2019.279414 -2019.279746 -2019.280001 -2019.280200 -2019.280358 -2019.280486 -2019.280594 -2019.280691 -2019.280787 -2019.280894 -2019.281029 -2019.281217 -2019.281494 -2019.281919 -2019.282589 -2019.283663 -2019.285414 -2019.288325 -2019.293276 -2019.301928 -2019.317505 -2019.346394 -2019.401479 -2019.509382 -2019.727474 -2020.187933 -2021.222041 -2023.747658 -2030.705083 -2053.631221 -9999.0 -9999.0
-9999.0 -9999.0 26.877888 -69.097693 -167.264001 -265.905035 -364.718536 -463.589172 -562.458489 -661.276503 -759.955916 -858.427812 -956.632807 -1054.482130 -1152.236442 -1249.832416 -1346.615906 -1442.073987 -1535.449815 -1625.527485 -1709.836542 -1784.708330 -1847.094081 -1896.082876 -1932.798647 -1959.418184 -1978.286059 -1991.448941 -2000.520267 -2006.707419 -2010.889119 -2013.693145 -2015.561095 -2016.799170 -2017.617260 -2018.159858 -2018.535419 -2018.871952 -2019.526788 -2021.741591 -2026.285841 -1984.667241 -1225.367076 -1221.972841 -1211.811020 -1205.219033 -1202.119494 -1201.642877 -1201.591734 -1201.597085 -1201.610698 -1201.625333 -1201.639401 -1201.652430 -1201.664531 -1201.678654 -1201.722438 -1202.010876 -1203.673686 -1207.365822 -1212.617602 -1208.717873 -1962.058490 -2020.472067 -2020.356910 -2019.508198 -2019.315856 -2019.282861 -2019.278063 -2019.277911 -2019.278446 -2019.278982 -2019.279414 -2019.279746 -2019.280001 -2019.280200 -2019.280358 -2019.280486 -2019.280594 -2019.280691 -2019.280787 -2019.280894 -2019.281029 -2019.281217 -2019.281494 -2019.281919 -2019.282589 -2019.283663 -2019.285414 -2019.288325 -2019.293276 -2019.301928 -2019.317505 -2019.346394 -2019.401479 -2019.509382 -2019.727474 -2020.187933 -2021.222041 -2023.747658 -2030.705083 -2053.631221 -9999.0 -9999.0
-9999.0 -9999.0 26.865758 -69.099707 -167.264502 -265.905181 -364.718582 -463.589188 -562.458495 -661.276505 -759.955916 -858.427813 -956.632807 -1054.482130 -1152.236442 -1249.832416 -1346.615905 -1442.073987 -1535.449815 -1625.527484 -1709.836542 -1784.708330 -1847.094081 -1896.082876 -1932.798647 -1959.418184 -1978.286059 -1991.448941 -2000.520267 -2006.707419 -2010.889119 -2013.693145 -2015.561095 -2016.799170 -2017.617260 -2018.159858 -2018.535419 -2018.871952 -2019.526788 -2021.741591 -2026.285841 -1984.667241 -1225.367076 -1221.972841 -1211.811020 -1205.219034 -1202.119494 -1201.642877 -1201.591734 -1201.597085 -1201.610698 -1201.625333 -1201.639401 -1201.652430 -1201.664531 -1201.678654 -1201.722438 -1202.010876 -1203.673686 -1207.365822 -1212.617602 -1208.717873 -1962.058490 -2020.472067 -2020.356910 -2019.508198 -2019.315856 -2019.282861 -2019.278063 -2019.277911 -2019.278446 -2019.278982 -2019.279414 -2019.279746 -2019.280001 -2019.280200 -2019.280358 -2019.280486 -2019.280594 -2019.280691 -2019.280787 -2019.280894 -2019.281029 -2019.281217 -2019.281494 -2019.281919 -2019.282589 -2019.283663 -2019.285414 -2019.288325 -2019.293276 -2019.301928 -2019.317505 -2019.346394 -2019.401479 -2019.509382 -2019.727474 -2020.187933 -2021.222041 -2023.747658 -2030.705083 -2053.631221 -9999.0 -9999.0
-9999.0 -9999.0 -9999.0 -9999.0 -9999.0 -9999.0 -9999.0 -9999.0 -9999.0 -9999.0 -9999.0 -9999.0 -9999.0 -9999.0 -9999.0 -9999.0 -9999.0 -9999.0 -9999.0 -9999.0 -9999.0 -9999.0 -9999.0 -9999.0 -9999.0 -9999.0 -9999.0 -9999.0 -9999.0 -9999.0 -9999.0 -9999.0 -9999.0 -9999.0 -9999.0 -9999.0 -9999.0 -9999.0 -9999.0 -9999.0 -9999.0 -9999.0 -9999.0 -9999.0 -9999.0 -9999.0 -9999.0 -9999.0 -9999.0 -9999.0 -9999.0 -9999.0 -9999.0 -9999.0 -9999.0 -9999.0 -9999.0 -9999.0 -9999.0 -9999.0 -9999.0 -9999.0 -9999.0 -9999.0 -9999.0 -9999.0 -9999.0 -9999.0 -9999.0 -9999.0 -9999.0 -9999.0 -9999.0 -9999.0 -9999.0 -9999.0 -9999.0 -9999.0 -9999.0 -9999.0 -9999.0 -9999.0 -9999.0 -9999.0 -9999.0 -9999.0 -9999.0 -9999.0 -9999.0 -9999.0 -9999.0 -9999.0 -9999.0 -9999.0 -9999.0 -9999.0 -9999.0 -9999.0 -9999.0 -9999.0 -9999.0 -9999.0 -9999.0 -9999.0
-9999.0 -9999.0 -9999.0 -9999.0 -9999.0 -9999.0 -9999.0 -9999.0 -9999.0 -9999.0 -9999.0 -9999.0 -9999.0 -9999.0 -9999.0 -9999.0 -9999.0 -9999.0 -9999.0 -9999.0 -9999.0 -9999.0 -9999.0 -9999.0 -9999.0 -9999.0 -9999.0 -9999.0 -9999.0 -9999.0 -9999.0 -9999.0 -9999.0 -9999.0 -9999.0 -9999.0 -9999.0 -9999.0 -9999.0 -9999.0 -9999.0 -9999.0 -9999.0 -9999.0 -9999.0 -9999.0 -9999.0 -9999.0 -9999.0 -9999.0 -9999.0 -9999.0 -9999.0 -9999.0 -9999.0 -9999.0 -9999.0 -9999.0 -9999.0 -9999.0 -9999.0 -9999.0 -9999.0 -9999.0 -9999.0 -9999.0 -9999.0 -9999.0 -9999.0 -9999.0 -9999.0 -9999.0 -9999.0 -9999.0 -9999.0 -9999.0 -9999.0 -9999.0 -9999.0 -9999.0 -9999.0 -9999.0 -9999.0 -9999.0 -9999.0 -9999.0 -9999.0 -9999.0 -9999.0 -9999.0 -9999.0 -9999.0 -9999.0 -9999.0 -9999.0 -9999.0 -9999.0 -9999.0 -9999.0 -9999.0 -9999.0 -9999.0 -9999.0 -9999.0