inst/processing_geotop_simulation/geotop_simulation/out/maps3D/PwL0003N0114.asc
ncols         104
nrows         10
xllcorner     -2.000000
yllcorner     0.000000
cellsize      1.000000
NODATA_value  -9999.0
-9999.0 -9999.0 -9999.0 -9999.0 -9999.0 -9999.0 -9999.0 -9999.0 -9999.0 -9999.0 -9999.0 -9999.0 -9999.0 -9999.0 -9999.0 -9999.0 -9999.0 -9999.0 -9999.0 -9999.0 -9999.0 -9999.0 -9999.0 -9999.0 -9999.0 -9999.0 -9999.0 -9999.0 -9999.0 -9999.0 -9999.0 -9999.0 -9999.0 -9999.0 -9999.0 -9999.0 -9999.0 -9999.0 -9999.0 -9999.0 -9999.0 -9999.0 -9999.0 -9999.0 -9999.0 -9999.0 -9999.0 -9999.0 -9999.0 -9999.0 -9999.0 -9999.0 -9999.0 -9999.0 -9999.0 -9999.0 -9999.0 -9999.0 -9999.0 -9999.0 -9999.0 -9999.0 -9999.0 -9999.0 -9999.0 -9999.0 -9999.0 -9999.0 -9999.0 -9999.0 -9999.0 -9999.0 -9999.0 -9999.0 -9999.0 -9999.0 -9999.0 -9999.0 -9999.0 -9999.0 -9999.0 -9999.0 -9999.0 -9999.0 -9999.0 -9999.0 -9999.0 -9999.0 -9999.0 -9999.0 -9999.0 -9999.0 -9999.0 -9999.0 -9999.0 -9999.0 -9999.0 -9999.0 -9999.0 -9999.0 -9999.0 -9999.0 -9999.0 -9999.0
-9999.0 -9999.0 -9999.0 -9999.0 -9999.0 -9999.0 -9999.0 -9999.0 -9999.0 -9999.0 -9999.0 -9999.0 -9999.0 -9999.0 -9999.0 -9999.0 -9999.0 -9999.0 -9999.0 -9999.0 -9999.0 -9999.0 -9999.0 -9999.0 -9999.0 -9999.0 -9999.0 -9999.0 -9999.0 -9999.0 -9999.0 -9999.0 -9999.0 -9999.0 -9999.0 -9999.0 -9999.0 -9999.0 -9999.0 -9999.0 -9999.0 -9999.0 -9999.0 -9999.0 -9999.0 -9999.0 -9999.0 -9999.0 -9999.0 -9999.0 -9999.0 -9999.0 -9999.0 -9999.0 -9999.0 -9999.0 -9999.0 -9999.0 -9999.0 -9999.0 -9999.0 -9999.0 -9999.0 -9999.0 -9999.0 -9999.0 -9999.0 -9999.0 -9999.0 -9999.0 -9999.0 -9999.0 -9999.0 -9999.0 -9999.0 -9999.0 -9999.0 -9999.0 -9999.0 -9999.0 -9999.0 -9999.0 -9999.0 -9999.0 -9999.0 -9999.0 -9999.0 -9999.0 -9999.0 -9999.0 -9999.0 -9999.0 -9999.0 -9999.0 -9999.0 -9999.0 -9999.0 -9999.0 -9999.0 -9999.0 -9999.0 -9999.0 -9999.0 -9999.0
-9999.0 -9999.0 136.238770 53.549357 -37.602091 -130.998153 -225.246737 -319.836399 -414.535204 -509.222242 -603.884647 -699.462476 -800.399913 -910.432846 -1018.134341 -1116.084225 -1223.271410 -1322.780201 -1390.836716 -1424.035876 -1437.556067 -1442.055856 -1443.119173 -1443.462968 -1444.166706 -1445.463260 -1447.194681 -1449.080211 -1450.871392 -1452.416488 -1453.658919 -1454.607031 -1455.302307 -1455.796193 -1456.137381 -1456.368331 -1456.531617 -1456.682310 -1456.912418 -1457.877985 -1464.378941 -1484.735345 -953.698880 -952.915145 -939.300414 -930.879568 -926.944709 -926.399777 -926.345333 -926.355764 -926.376298 -926.398094 -926.419010 -926.438361 -926.456155 -926.475296 -926.524545 -926.847438 -928.932809 -933.682253 -941.415607 -932.908783 -1466.106674 -1461.428912 -1457.628284 -1457.028722 -1456.932134 -1456.915595 -1456.914260 -1456.915753 -1456.917460 -1456.918869 -1456.919948 -1456.920763 -1456.921383 -1456.921863 -1456.922242 -1456.922547 -1456.922799 -1456.923021 -1456.923235 -1456.923470 -1456.923762 -1456.924166 -1456.924760 -1456.925672 -1456.927101 -1456.929381 -1456.933064 -1456.939111 -1456.949231 -1456.966581 -1456.997185 -1457.052829 -1457.156905 -1457.356103 -1457.744097 -1458.513051 -1460.081246 -1463.448138 -1471.292890 -1492.984388 -9999.0 -9999.0
-9999.0 -9999.0 136.250891 53.551724 -37.601493 -130.997980 -225.246682 -319.836381 -414.535197 -509.222240 -603.884646 -699.462476 -800.399913 -910.432846 -1018.134342 -1116.084226 -1223.271410 -1322.780201 -1390.836716 -1424.035876 -1437.556067 -1442.055856 -1443.119173 -1443.462968 -1444.166706 -1445.463260 -1447.194681 -1449.080211 -1450.871392 -1452.416488 -1453.658919 -1454.607031 -1455.302307 -1455.796193 -1456.137381 -1456.368331 -1456.531617 -1456.682310 -1456.912418 -1457.877985 -1464.378941 -1484.735345 -953.698880 -952.915144 -939.300414 -930.879567 -926.944709 -926.399777 -926.345333 -926.355764 -926.376298 -926.398094 -926.419010 -926.438361 -926.456155 -926.475296 -926.524545 -926.847438 -928.932809 -933.682253 -941.415607 -932.908783 -1466.106674 -1461.428912 -1457.628284 -1457.028722 -1456.932134 -1456.915595 -1456.914260 -1456.915753 -1456.917460 -1456.918869 -1456.919948 -1456.920763 -1456.921383 -1456.921863 -1456.922242 -1456.922547 -1456.922799 -1456.923021 -1456.923235 -1456.923470 -1456.923762 -1456.924166 -1456.924760 -1456.925672 -1456.927101 -1456.929381 -1456.933064 -1456.939111 -1456.949231 -1456.966581 -1456.997185 -1457.052829 -1457.156905 -1457.356103 -1457.744097 -1458.513051 -1460.081246 -1463.448138 -1471.292890 -1492.984388 -9999.0 -9999.0
-9999.0 -9999.0 136.252403 53.552670 -37.601118 -130.997844 -225.246634 -319.836364 -414.535191 -509.222237 -603.884645 -699.462476 -800.399913 -910.432846 -1018.134342 -1116.084226 -1223.271410 -1322.780201 -1390.836716 -1424.035876 -1437.556067 -1442.055856 -1443.119173 -1443.462968 -1444.166706 -1445.463260 -1447.194681 -1449.080211 -1450.871392 -1452.416488 -1453.658919 -1454.607031 -1455.302307 -1455.796193 -1456.137381 -1456.368331 -1456.531617 -1456.682310 -1456.912418 -1457.877985 -1464.378941 -1484.735345 -953.698880 -952.915144 -939.300414 -930.879567 -926.944709 -926.399777 -926.345333 -926.355764 -926.376298 -926.398094 -926.419010 -926.438361 -926.456155 -926.475296 -926.524545 -926.847438 -928.932809 -933.682253 -941.415607 -932.908783 -1466.106674 -1461.428912 -1457.628284 -1457.028722 -1456.932134 -1456.915595 -1456.914260 -1456.915753 -1456.917460 -1456.918869 -1456.919948 -1456.920763 -1456.921383 -1456.921863 -1456.922242 -1456.922547 -1456.922799 -1456.923021 -1456.923235 -1456.923470 -1456.923762 -1456.924166 -1456.924760 -1456.925672 -1456.927101 -1456.929381 -1456.933064 -1456.939111 -1456.949231 -1456.966581 -1456.997185 -1457.052829 -1457.156905 -1457.356103 -1457.744097 -1458.513051 -1460.081246 -1463.448138 -1471.292890 -1492.984388 -9999.0 -9999.0
-9999.0 -9999.0 136.252403 53.552670 -37.601118 -130.997844 -225.246634 -319.836364 -414.535191 -509.222237 -603.884645 -699.462476 -800.399913 -910.432846 -1018.134342 -1116.084226 -1223.271410 -1322.780201 -1390.836716 -1424.035876 -1437.556067 -1442.055856 -1443.119173 -1443.462968 -1444.166706 -1445.463260 -1447.194681 -1449.080211 -1450.871392 -1452.416488 -1453.658919 -1454.607031 -1455.302307 -1455.796193 -1456.137381 -1456.368331 -1456.531617 -1456.682310 -1456.912418 -1457.877985 -1464.378941 -1484.735345 -953.698880 -952.915144 -939.300414 -930.879567 -926.944709 -926.399777 -926.345333 -926.355764 -926.376298 -926.398094 -926.419010 -926.438361 -926.456155 -926.475296 -926.524545 -926.847438 -928.932809 -933.682253 -941.415607 -932.908783 -1466.106674 -1461.428912 -1457.628284 -1457.028722 -1456.932134 -1456.915595 -1456.914260 -1456.915753 -1456.917460 -1456.918869 -1456.919948 -1456.920763 -1456.921383 -1456.921863 -1456.922242 -1456.922547 -1456.922799 -1456.923021 -1456.923235 -1456.923470 -1456.923762 -1456.924166 -1456.924760 -1456.925672 -1456.927101 -1456.929381 -1456.933064 -1456.939111 -1456.949231 -1456.966581 -1456.997185 -1457.052829 -1457.156905 -1457.356103 -1457.744097 -1458.513051 -1460.081246 -1463.448138 -1471.292890 -1492.984388 -9999.0 -9999.0
-9999.0 -9999.0 136.250891 53.551724 -37.601493 -130.997980 -225.246682 -319.836381 -414.535197 -509.222240 -603.884646 -699.462476 -800.399913 -910.432846 -1018.134342 -1116.084226 -1223.271410 -1322.780201 -1390.836716 -1424.035876 -1437.556067 -1442.055856 -1443.119173 -1443.462968 -1444.166706 -1445.463260 -1447.194681 -1449.080211 -1450.871392 -1452.416488 -1453.658919 -1454.607031 -1455.302307 -1455.796193 -1456.137381 -1456.368331 -1456.531617 -1456.682310 -1456.912418 -1457.877985 -1464.378941 -1484.735345 -953.698880 -952.915144 -939.300414 -930.879567 -926.944709 -926.399777 -926.345333 -926.355764 -926.376298 -926.398094 -926.419010 -926.438361 -926.456155 -926.475296 -926.524545 -926.847438 -928.932809 -933.682253 -941.415607 -932.908783 -1466.106674 -1461.428912 -1457.628284 -1457.028722 -1456.932134 -1456.915595 -1456.914260 -1456.915753 -1456.917460 -1456.918869 -1456.919948 -1456.920763 -1456.921383 -1456.921863 -1456.922242 -1456.922547 -1456.922799 -1456.923021 -1456.923235 -1456.923470 -1456.923762 -1456.924166 -1456.924760 -1456.925672 -1456.927101 -1456.929381 -1456.933064 -1456.939111 -1456.949231 -1456.966581 -1456.997185 -1457.052829 -1457.156905 -1457.356103 -1457.744097 -1458.513051 -1460.081246 -1463.448138 -1471.292890 -1492.984388 -9999.0 -9999.0
-9999.0 -9999.0 136.238770 53.549357 -37.602091 -130.998154 -225.246737 -319.836399 -414.535203 -509.222242 -603.884647 -699.462476 -800.399913 -910.432846 -1018.134341 -1116.084225 -1223.271410 -1322.780201 -1390.836716 -1424.035876 -1437.556067 -1442.055856 -1443.119173 -1443.462968 -1444.166706 -1445.463260 -1447.194681 -1449.080211 -1450.871392 -1452.416488 -1453.658919 -1454.607031 -1455.302307 -1455.796193 -1456.137381 -1456.368331 -1456.531617 -1456.682310 -1456.912418 -1457.877985 -1464.378941 -1484.735345 -953.698880 -952.915145 -939.300414 -930.879568 -926.944709 -926.399777 -926.345333 -926.355764 -926.376298 -926.398094 -926.419010 -926.438361 -926.456155 -926.475296 -926.524545 -926.847438 -928.932809 -933.682253 -941.415607 -932.908783 -1466.106674 -1461.428912 -1457.628284 -1457.028722 -1456.932134 -1456.915595 -1456.914260 -1456.915753 -1456.917460 -1456.918869 -1456.919948 -1456.920763 -1456.921383 -1456.921863 -1456.922242 -1456.922547 -1456.922799 -1456.923021 -1456.923235 -1456.923470 -1456.923762 -1456.924166 -1456.924760 -1456.925672 -1456.927101 -1456.929381 -1456.933064 -1456.939111 -1456.949231 -1456.966581 -1456.997185 -1457.052829 -1457.156905 -1457.356103 -1457.744097 -1458.513051 -1460.081246 -1463.448138 -1471.292890 -1492.984388 -9999.0 -9999.0
-9999.0 -9999.0 -9999.0 -9999.0 -9999.0 -9999.0 -9999.0 -9999.0 -9999.0 -9999.0 -9999.0 -9999.0 -9999.0 -9999.0 -9999.0 -9999.0 -9999.0 -9999.0 -9999.0 -9999.0 -9999.0 -9999.0 -9999.0 -9999.0 -9999.0 -9999.0 -9999.0 -9999.0 -9999.0 -9999.0 -9999.0 -9999.0 -9999.0 -9999.0 -9999.0 -9999.0 -9999.0 -9999.0 -9999.0 -9999.0 -9999.0 -9999.0 -9999.0 -9999.0 -9999.0 -9999.0 -9999.0 -9999.0 -9999.0 -9999.0 -9999.0 -9999.0 -9999.0 -9999.0 -9999.0 -9999.0 -9999.0 -9999.0 -9999.0 -9999.0 -9999.0 -9999.0 -9999.0 -9999.0 -9999.0 -9999.0 -9999.0 -9999.0 -9999.0 -9999.0 -9999.0 -9999.0 -9999.0 -9999.0 -9999.0 -9999.0 -9999.0 -9999.0 -9999.0 -9999.0 -9999.0 -9999.0 -9999.0 -9999.0 -9999.0 -9999.0 -9999.0 -9999.0 -9999.0 -9999.0 -9999.0 -9999.0 -9999.0 -9999.0 -9999.0 -9999.0 -9999.0 -9999.0 -9999.0 -9999.0 -9999.0 -9999.0 -9999.0 -9999.0
-9999.0 -9999.0 -9999.0 -9999.0 -9999.0 -9999.0 -9999.0 -9999.0 -9999.0 -9999.0 -9999.0 -9999.0 -9999.0 -9999.0 -9999.0 -9999.0 -9999.0 -9999.0 -9999.0 -9999.0 -9999.0 -9999.0 -9999.0 -9999.0 -9999.0 -9999.0 -9999.0 -9999.0 -9999.0 -9999.0 -9999.0 -9999.0 -9999.0 -9999.0 -9999.0 -9999.0 -9999.0 -9999.0 -9999.0 -9999.0 -9999.0 -9999.0 -9999.0 -9999.0 -9999.0 -9999.0 -9999.0 -9999.0 -9999.0 -9999.0 -9999.0 -9999.0 -9999.0 -9999.0 -9999.0 -9999.0 -9999.0 -9999.0 -9999.0 -9999.0 -9999.0 -9999.0 -9999.0 -9999.0 -9999.0 -9999.0 -9999.0 -9999.0 -9999.0 -9999.0 -9999.0 -9999.0 -9999.0 -9999.0 -9999.0 -9999.0 -9999.0 -9999.0 -9999.0 -9999.0 -9999.0 -9999.0 -9999.0 -9999.0 -9999.0 -9999.0 -9999.0 -9999.0 -9999.0 -9999.0 -9999.0 -9999.0 -9999.0 -9999.0 -9999.0 -9999.0 -9999.0 -9999.0 -9999.0 -9999.0 -9999.0 -9999.0 -9999.0 -9999.0