inst/processing_geotop_simulation/geotop_simulation/out/maps3D/PwL0012N0011.asc
ncols         104
nrows         10
xllcorner     -2.000000
yllcorner     0.000000
cellsize      1.000000
NODATA_value  -9999.0
-9999.0 -9999.0 -9999.0 -9999.0 -9999.0 -9999.0 -9999.0 -9999.0 -9999.0 -9999.0 -9999.0 -9999.0 -9999.0 -9999.0 -9999.0 -9999.0 -9999.0 -9999.0 -9999.0 -9999.0 -9999.0 -9999.0 -9999.0 -9999.0 -9999.0 -9999.0 -9999.0 -9999.0 -9999.0 -9999.0 -9999.0 -9999.0 -9999.0 -9999.0 -9999.0 -9999.0 -9999.0 -9999.0 -9999.0 -9999.0 -9999.0 -9999.0 -9999.0 -9999.0 -9999.0 -9999.0 -9999.0 -9999.0 -9999.0 -9999.0 -9999.0 -9999.0 -9999.0 -9999.0 -9999.0 -9999.0 -9999.0 -9999.0 -9999.0 -9999.0 -9999.0 -9999.0 -9999.0 -9999.0 -9999.0 -9999.0 -9999.0 -9999.0 -9999.0 -9999.0 -9999.0 -9999.0 -9999.0 -9999.0 -9999.0 -9999.0 -9999.0 -9999.0 -9999.0 -9999.0 -9999.0 -9999.0 -9999.0 -9999.0 -9999.0 -9999.0 -9999.0 -9999.0 -9999.0 -9999.0 -9999.0 -9999.0 -9999.0 -9999.0 -9999.0 -9999.0 -9999.0 -9999.0 -9999.0 -9999.0 -9999.0 -9999.0 -9999.0 -9999.0
-9999.0 -9999.0 -9999.0 -9999.0 -9999.0 -9999.0 -9999.0 -9999.0 -9999.0 -9999.0 -9999.0 -9999.0 -9999.0 -9999.0 -9999.0 -9999.0 -9999.0 -9999.0 -9999.0 -9999.0 -9999.0 -9999.0 -9999.0 -9999.0 -9999.0 -9999.0 -9999.0 -9999.0 -9999.0 -9999.0 -9999.0 -9999.0 -9999.0 -9999.0 -9999.0 -9999.0 -9999.0 -9999.0 -9999.0 -9999.0 -9999.0 -9999.0 -9999.0 -9999.0 -9999.0 -9999.0 -9999.0 -9999.0 -9999.0 -9999.0 -9999.0 -9999.0 -9999.0 -9999.0 -9999.0 -9999.0 -9999.0 -9999.0 -9999.0 -9999.0 -9999.0 -9999.0 -9999.0 -9999.0 -9999.0 -9999.0 -9999.0 -9999.0 -9999.0 -9999.0 -9999.0 -9999.0 -9999.0 -9999.0 -9999.0 -9999.0 -9999.0 -9999.0 -9999.0 -9999.0 -9999.0 -9999.0 -9999.0 -9999.0 -9999.0 -9999.0 -9999.0 -9999.0 -9999.0 -9999.0 -9999.0 -9999.0 -9999.0 -9999.0 -9999.0 -9999.0 -9999.0 -9999.0 -9999.0 -9999.0 -9999.0 -9999.0 -9999.0 -9999.0
-9999.0 -9999.0 574.243901 484.435413 397.046306 308.933100 217.559358 121.731231 20.099213 -88.381895 -207.717415 -304.588955 -362.208636 -389.786850 -390.128897 -373.413324 -228.766004 -83.699075 76.950657 252.469279 318.011808 264.649335 210.453964 155.959607 101.554328 47.501201 1.840921 -34.882255 -64.470071 -87.580185 -106.222736 -122.024178 -135.351486 -147.399011 -159.068296 -171.101530 -184.012814 -197.501383 -212.300943 -228.288042 -241.983743 -244.434966 -3638.915201 -4381.184522 -4381.188119 -4381.188119 -4381.188119 -4381.188119 -4381.188119 -4381.188119 -4381.188119 -4381.188119 -4381.188119 -4381.188119 -4381.188119 -4381.188119 -4381.188119 -4381.188119 -4381.188119 -4381.188119 -4381.182397 -3529.590225 530.204499 446.826777 366.988156 288.132466 209.973684 133.505122 60.309428 -7.993122 -68.992967 -121.037602 -163.342441 -196.008109 -220.392506 -238.531762 -252.589483 -263.139645 -271.701141 -279.112994 -286.168207 -292.650021 -298.715592 -304.689436 -310.837395 -317.002213 -322.669750 -328.104901 -333.701327 -338.779837 -343.746733 -348.754833 -354.171915 -360.999013 -370.436815 -384.286857 -405.708474 -437.140219 -492.099629 -619.892427 -970.451876 -2383.894042 -9999.0 -9999.0
-9999.0 -9999.0 574.309886 484.461661 397.055969 308.936794 217.560825 121.731828 20.099457 -88.381786 -207.717362 -304.588932 -362.208626 -389.786844 -390.128896 -373.413323 -228.766004 -83.699076 76.950656 252.469279 318.011808 264.649335 210.453964 155.959607 101.554328 47.501201 1.840922 -34.882254 -64.470071 -87.580185 -106.222736 -122.024178 -135.351485 -147.399011 -159.068296 -171.101530 -184.012814 -197.501383 -212.300943 -228.288042 -241.983742 -244.434967 -3638.915200 -4381.184522 -4381.188119 -4381.188119 -4381.188119 -4381.188119 -4381.188119 -4381.188119 -4381.188119 -4381.188119 -4381.188119 -4381.188119 -4381.188119 -4381.188119 -4381.188119 -4381.188119 -4381.188119 -4381.188119 -4381.182397 -3529.590225 530.204499 446.826777 366.988156 288.132466 209.973684 133.505122 60.309428 -7.993122 -68.992967 -121.037602 -163.342441 -196.008109 -220.392506 -238.531762 -252.589483 -263.139645 -271.701141 -279.112994 -286.168207 -292.650021 -298.715592 -304.689436 -310.837395 -317.002213 -322.669750 -328.104901 -333.701327 -338.779837 -343.746733 -348.754833 -354.171915 -360.999013 -370.436815 -384.286857 -405.708474 -437.140219 -492.099629 -619.892427 -970.451874 -2383.894044 -9999.0 -9999.0
-9999.0 -9999.0 574.334628 484.476363 397.062981 308.939902 217.562163 121.732397 20.099695 -88.381678 -207.717309 -304.588909 -362.208616 -389.786838 -390.128895 -373.413323 -228.766004 -83.699076 76.950656 252.469279 318.011809 264.649335 210.453965 155.959607 101.554329 47.501201 1.840922 -34.882254 -64.470071 -87.580185 -106.222736 -122.024178 -135.351485 -147.399010 -159.068296 -171.101530 -184.012814 -197.501383 -212.300943 -228.288042 -241.983742 -244.434966 -3638.915200 -4381.184522 -4381.188119 -4381.188119 -4381.188119 -4381.188119 -4381.188119 -4381.188119 -4381.188119 -4381.188119 -4381.188119 -4381.188119 -4381.188119 -4381.188119 -4381.188119 -4381.188119 -4381.188119 -4381.188119 -4381.182397 -3529.590225 530.204499 446.826777 366.988156 288.132466 209.973684 133.505122 60.309428 -7.993122 -68.992967 -121.037602 -163.342441 -196.008109 -220.392506 -238.531762 -252.589483 -263.139645 -271.701141 -279.112994 -286.168207 -292.650021 -298.715592 -304.689436 -310.837395 -317.002213 -322.669750 -328.104901 -333.701327 -338.779837 -343.746733 -348.754833 -354.171915 -360.999013 -370.436815 -384.286857 -405.708474 -437.140219 -492.099629 -619.892426 -970.451873 -2383.894024 -9999.0 -9999.0
-9999.0 -9999.0 574.334628 484.476363 397.062981 308.939902 217.562163 121.732397 20.099695 -88.381678 -207.717309 -304.588909 -362.208616 -389.786838 -390.128895 -373.413323 -228.766004 -83.699076 76.950656 252.469279 318.011809 264.649335 210.453965 155.959607 101.554329 47.501201 1.840922 -34.882254 -64.470071 -87.580185 -106.222736 -122.024178 -135.351485 -147.399010 -159.068296 -171.101530 -184.012814 -197.501383 -212.300943 -228.288042 -241.983742 -244.434966 -3638.915200 -4381.184522 -4381.188119 -4381.188119 -4381.188119 -4381.188119 -4381.188119 -4381.188119 -4381.188119 -4381.188119 -4381.188119 -4381.188119 -4381.188119 -4381.188119 -4381.188119 -4381.188119 -4381.188119 -4381.188119 -4381.182397 -3529.590225 530.204499 446.826777 366.988156 288.132466 209.973684 133.505122 60.309428 -7.993122 -68.992967 -121.037602 -163.342441 -196.008109 -220.392506 -238.531762 -252.589483 -263.139645 -271.701141 -279.112994 -286.168207 -292.650021 -298.715592 -304.689436 -310.837395 -317.002213 -322.669750 -328.104901 -333.701327 -338.779837 -343.746733 -348.754833 -354.171915 -360.999013 -370.436815 -384.286857 -405.708474 -437.140219 -492.099629 -619.892426 -970.451872 -2383.894029 -9999.0 -9999.0
-9999.0 -9999.0 574.309886 484.461661 397.055969 308.936794 217.560825 121.731828 20.099457 -88.381786 -207.717362 -304.588932 -362.208626 -389.786844 -390.128896 -373.413323 -228.766004 -83.699076 76.950656 252.469279 318.011808 264.649335 210.453964 155.959607 101.554328 47.501201 1.840922 -34.882254 -64.470071 -87.580185 -106.222736 -122.024178 -135.351485 -147.399011 -159.068296 -171.101530 -184.012814 -197.501383 -212.300943 -228.288042 -241.983742 -244.434967 -3638.915200 -4381.184522 -4381.188119 -4381.188119 -4381.188119 -4381.188119 -4381.188119 -4381.188119 -4381.188119 -4381.188119 -4381.188119 -4381.188119 -4381.188119 -4381.188119 -4381.188119 -4381.188119 -4381.188119 -4381.188119 -4381.182397 -3529.590225 530.204499 446.826777 366.988156 288.132466 209.973684 133.505122 60.309428 -7.993122 -68.992967 -121.037602 -163.342441 -196.008109 -220.392506 -238.531762 -252.589483 -263.139645 -271.701141 -279.112994 -286.168207 -292.650021 -298.715592 -304.689436 -310.837395 -317.002213 -322.669750 -328.104901 -333.701327 -338.779837 -343.746733 -348.754833 -354.171915 -360.999013 -370.436815 -384.286857 -405.708474 -437.140219 -492.099629 -619.892426 -970.451875 -2383.894039 -9999.0 -9999.0
-9999.0 -9999.0 574.243901 484.435413 397.046306 308.933100 217.559358 121.731231 20.099213 -88.381895 -207.717415 -304.588955 -362.208636 -389.786850 -390.128897 -373.413324 -228.766004 -83.699075 76.950657 252.469279 318.011808 264.649335 210.453964 155.959607 101.554328 47.501201 1.840921 -34.882255 -64.470071 -87.580185 -106.222736 -122.024178 -135.351486 -147.399011 -159.068296 -171.101530 -184.012814 -197.501383 -212.300943 -228.288042 -241.983743 -244.434966 -3638.915201 -4381.184522 -4381.188119 -4381.188119 -4381.188119 -4381.188119 -4381.188119 -4381.188119 -4381.188119 -4381.188119 -4381.188119 -4381.188119 -4381.188119 -4381.188119 -4381.188119 -4381.188119 -4381.188119 -4381.188119 -4381.182397 -3529.590225 530.204499 446.826777 366.988156 288.132466 209.973684 133.505122 60.309428 -7.993122 -68.992967 -121.037602 -163.342441 -196.008109 -220.392506 -238.531762 -252.589483 -263.139645 -271.701141 -279.112994 -286.168207 -292.650021 -298.715592 -304.689436 -310.837395 -317.002213 -322.669750 -328.104901 -333.701327 -338.779837 -343.746733 -348.754833 -354.171915 -360.999013 -370.436815 -384.286857 -405.708474 -437.140219 -492.099629 -619.892427 -970.451875 -2383.894047 -9999.0 -9999.0
-9999.0 -9999.0 -9999.0 -9999.0 -9999.0 -9999.0 -9999.0 -9999.0 -9999.0 -9999.0 -9999.0 -9999.0 -9999.0 -9999.0 -9999.0 -9999.0 -9999.0 -9999.0 -9999.0 -9999.0 -9999.0 -9999.0 -9999.0 -9999.0 -9999.0 -9999.0 -9999.0 -9999.0 -9999.0 -9999.0 -9999.0 -9999.0 -9999.0 -9999.0 -9999.0 -9999.0 -9999.0 -9999.0 -9999.0 -9999.0 -9999.0 -9999.0 -9999.0 -9999.0 -9999.0 -9999.0 -9999.0 -9999.0 -9999.0 -9999.0 -9999.0 -9999.0 -9999.0 -9999.0 -9999.0 -9999.0 -9999.0 -9999.0 -9999.0 -9999.0 -9999.0 -9999.0 -9999.0 -9999.0 -9999.0 -9999.0 -9999.0 -9999.0 -9999.0 -9999.0 -9999.0 -9999.0 -9999.0 -9999.0 -9999.0 -9999.0 -9999.0 -9999.0 -9999.0 -9999.0 -9999.0 -9999.0 -9999.0 -9999.0 -9999.0 -9999.0 -9999.0 -9999.0 -9999.0 -9999.0 -9999.0 -9999.0 -9999.0 -9999.0 -9999.0 -9999.0 -9999.0 -9999.0 -9999.0 -9999.0 -9999.0 -9999.0 -9999.0 -9999.0
-9999.0 -9999.0 -9999.0 -9999.0 -9999.0 -9999.0 -9999.0 -9999.0 -9999.0 -9999.0 -9999.0 -9999.0 -9999.0 -9999.0 -9999.0 -9999.0 -9999.0 -9999.0 -9999.0 -9999.0 -9999.0 -9999.0 -9999.0 -9999.0 -9999.0 -9999.0 -9999.0 -9999.0 -9999.0 -9999.0 -9999.0 -9999.0 -9999.0 -9999.0 -9999.0 -9999.0 -9999.0 -9999.0 -9999.0 -9999.0 -9999.0 -9999.0 -9999.0 -9999.0 -9999.0 -9999.0 -9999.0 -9999.0 -9999.0 -9999.0 -9999.0 -9999.0 -9999.0 -9999.0 -9999.0 -9999.0 -9999.0 -9999.0 -9999.0 -9999.0 -9999.0 -9999.0 -9999.0 -9999.0 -9999.0 -9999.0 -9999.0 -9999.0 -9999.0 -9999.0 -9999.0 -9999.0 -9999.0 -9999.0 -9999.0 -9999.0 -9999.0 -9999.0 -9999.0 -9999.0 -9999.0 -9999.0 -9999.0 -9999.0 -9999.0 -9999.0 -9999.0 -9999.0 -9999.0 -9999.0 -9999.0 -9999.0 -9999.0 -9999.0 -9999.0 -9999.0 -9999.0 -9999.0 -9999.0 -9999.0 -9999.0 -9999.0 -9999.0 -9999.0