inst/processing_geotop_simulation/geotop_simulation/out/maps3D/PwL0005N0310.asc
ncols         104
nrows         10
xllcorner     -2.000000
yllcorner     0.000000
cellsize      1.000000
NODATA_value  -9999.0
-9999.0 -9999.0 -9999.0 -9999.0 -9999.0 -9999.0 -9999.0 -9999.0 -9999.0 -9999.0 -9999.0 -9999.0 -9999.0 -9999.0 -9999.0 -9999.0 -9999.0 -9999.0 -9999.0 -9999.0 -9999.0 -9999.0 -9999.0 -9999.0 -9999.0 -9999.0 -9999.0 -9999.0 -9999.0 -9999.0 -9999.0 -9999.0 -9999.0 -9999.0 -9999.0 -9999.0 -9999.0 -9999.0 -9999.0 -9999.0 -9999.0 -9999.0 -9999.0 -9999.0 -9999.0 -9999.0 -9999.0 -9999.0 -9999.0 -9999.0 -9999.0 -9999.0 -9999.0 -9999.0 -9999.0 -9999.0 -9999.0 -9999.0 -9999.0 -9999.0 -9999.0 -9999.0 -9999.0 -9999.0 -9999.0 -9999.0 -9999.0 -9999.0 -9999.0 -9999.0 -9999.0 -9999.0 -9999.0 -9999.0 -9999.0 -9999.0 -9999.0 -9999.0 -9999.0 -9999.0 -9999.0 -9999.0 -9999.0 -9999.0 -9999.0 -9999.0 -9999.0 -9999.0 -9999.0 -9999.0 -9999.0 -9999.0 -9999.0 -9999.0 -9999.0 -9999.0 -9999.0 -9999.0 -9999.0 -9999.0 -9999.0 -9999.0 -9999.0 -9999.0
-9999.0 -9999.0 -9999.0 -9999.0 -9999.0 -9999.0 -9999.0 -9999.0 -9999.0 -9999.0 -9999.0 -9999.0 -9999.0 -9999.0 -9999.0 -9999.0 -9999.0 -9999.0 -9999.0 -9999.0 -9999.0 -9999.0 -9999.0 -9999.0 -9999.0 -9999.0 -9999.0 -9999.0 -9999.0 -9999.0 -9999.0 -9999.0 -9999.0 -9999.0 -9999.0 -9999.0 -9999.0 -9999.0 -9999.0 -9999.0 -9999.0 -9999.0 -9999.0 -9999.0 -9999.0 -9999.0 -9999.0 -9999.0 -9999.0 -9999.0 -9999.0 -9999.0 -9999.0 -9999.0 -9999.0 -9999.0 -9999.0 -9999.0 -9999.0 -9999.0 -9999.0 -9999.0 -9999.0 -9999.0 -9999.0 -9999.0 -9999.0 -9999.0 -9999.0 -9999.0 -9999.0 -9999.0 -9999.0 -9999.0 -9999.0 -9999.0 -9999.0 -9999.0 -9999.0 -9999.0 -9999.0 -9999.0 -9999.0 -9999.0 -9999.0 -9999.0 -9999.0 -9999.0 -9999.0 -9999.0 -9999.0 -9999.0 -9999.0 -9999.0 -9999.0 -9999.0 -9999.0 -9999.0 -9999.0 -9999.0 -9999.0 -9999.0 -9999.0 -9999.0
-9999.0 -9999.0 225.728679 128.936797 30.720164 -67.935061 -166.760411 -265.652078 -364.553371 -463.425148 -562.212552 -660.779198 -759.045481 -857.091245 -954.961538 -1052.857737 -1150.308572 -1246.472647 -1340.878138 -1432.445492 -1519.029655 -1597.296024 -1664.111860 -1718.027866 -1759.522385 -1790.319621 -1812.576868 -1828.348551 -1839.354755 -1846.939382 -1852.110997 -1855.606118 -1857.951250 -1859.516054 -1860.556489 -1861.249880 -1861.728249 -1862.139063 -1862.865588 -1865.216748 -1870.558097 -1840.121560 -1159.903692 -1174.498932 -1159.609082 -1149.911309 -1145.373640 -1144.696315 -1144.624332 -1144.631430 -1144.649949 -1144.669867 -1144.689009 -1144.706737 -1144.723201 -1144.742437 -1144.802572 -1145.205917 -1147.614242 -1152.979039 -1160.261823 -1135.210653 -1814.577794 -1864.335476 -1863.809383 -1862.921827 -1862.721690 -1862.687184 -1862.682124 -1862.681920 -1862.682437 -1862.682964 -1862.683389 -1862.683717 -1862.683970 -1862.684167 -1862.684325 -1862.684453 -1862.684561 -1862.684658 -1862.684754 -1862.684861 -1862.684997 -1862.685183 -1862.685459 -1862.685881 -1862.686545 -1862.687608 -1862.689342 -1862.692223 -1862.697126 -1862.705701 -1862.721150 -1862.749825 -1862.804564 -1862.911976 -1863.129690 -1863.591249 -1864.632950 -1867.188657 -1874.243874 -1897.407864 -9999.0 -9999.0
-9999.0 -9999.0 225.737532 128.938721 30.720660 -67.934916 -166.760365 -265.652062 -364.553365 -463.425146 -562.212551 -660.779197 -759.045481 -857.091245 -954.961538 -1052.857737 -1150.308572 -1246.472648 -1340.878138 -1432.445493 -1519.029655 -1597.296024 -1664.111860 -1718.027866 -1759.522385 -1790.319621 -1812.576868 -1828.348551 -1839.354755 -1846.939382 -1852.110997 -1855.606118 -1857.951250 -1859.516054 -1860.556489 -1861.249880 -1861.728249 -1862.139063 -1862.865588 -1865.216748 -1870.558097 -1840.121560 -1159.903692 -1174.498932 -1159.609082 -1149.911309 -1145.373640 -1144.696315 -1144.624332 -1144.631430 -1144.649949 -1144.669867 -1144.689009 -1144.706737 -1144.723201 -1144.742437 -1144.802572 -1145.205917 -1147.614242 -1152.979039 -1160.261823 -1135.210653 -1814.577794 -1864.335476 -1863.809383 -1862.921827 -1862.721690 -1862.687184 -1862.682124 -1862.681920 -1862.682437 -1862.682964 -1862.683389 -1862.683717 -1862.683970 -1862.684167 -1862.684325 -1862.684453 -1862.684561 -1862.684658 -1862.684754 -1862.684861 -1862.684997 -1862.685183 -1862.685459 -1862.685881 -1862.686545 -1862.687608 -1862.689342 -1862.692223 -1862.697126 -1862.705701 -1862.721150 -1862.749825 -1862.804564 -1862.911976 -1863.129690 -1863.591249 -1864.632950 -1867.188657 -1874.243874 -1897.407864 -9999.0 -9999.0
-9999.0 -9999.0 225.738923 128.939515 30.720974 -67.934802 -166.760325 -265.652048 -364.553360 -463.425144 -562.212551 -660.779197 -759.045481 -857.091245 -954.961538 -1052.857737 -1150.308572 -1246.472648 -1340.878138 -1432.445493 -1519.029655 -1597.296024 -1664.111860 -1718.027866 -1759.522385 -1790.319621 -1812.576868 -1828.348551 -1839.354755 -1846.939382 -1852.110997 -1855.606118 -1857.951250 -1859.516054 -1860.556489 -1861.249880 -1861.728249 -1862.139063 -1862.865588 -1865.216748 -1870.558097 -1840.121560 -1159.903692 -1174.498932 -1159.609082 -1149.911309 -1145.373640 -1144.696315 -1144.624332 -1144.631430 -1144.649949 -1144.669867 -1144.689009 -1144.706737 -1144.723201 -1144.742437 -1144.802572 -1145.205917 -1147.614242 -1152.979039 -1160.261823 -1135.210653 -1814.577794 -1864.335476 -1863.809383 -1862.921827 -1862.721690 -1862.687184 -1862.682124 -1862.681920 -1862.682437 -1862.682964 -1862.683389 -1862.683717 -1862.683970 -1862.684167 -1862.684325 -1862.684453 -1862.684561 -1862.684658 -1862.684754 -1862.684861 -1862.684997 -1862.685183 -1862.685459 -1862.685881 -1862.686545 -1862.687608 -1862.689342 -1862.692223 -1862.697126 -1862.705701 -1862.721150 -1862.749825 -1862.804564 -1862.911976 -1863.129690 -1863.591249 -1864.632950 -1867.188657 -1874.243874 -1897.407864 -9999.0 -9999.0
-9999.0 -9999.0 225.738923 128.939515 30.720974 -67.934802 -166.760324 -265.652048 -364.553360 -463.425144 -562.212551 -660.779197 -759.045481 -857.091245 -954.961538 -1052.857737 -1150.308572 -1246.472648 -1340.878138 -1432.445493 -1519.029655 -1597.296024 -1664.111860 -1718.027866 -1759.522385 -1790.319621 -1812.576868 -1828.348551 -1839.354755 -1846.939382 -1852.110997 -1855.606118 -1857.951250 -1859.516054 -1860.556489 -1861.249880 -1861.728249 -1862.139063 -1862.865588 -1865.216748 -1870.558097 -1840.121560 -1159.903692 -1174.498932 -1159.609082 -1149.911309 -1145.373640 -1144.696315 -1144.624332 -1144.631430 -1144.649949 -1144.669867 -1144.689009 -1144.706737 -1144.723201 -1144.742437 -1144.802572 -1145.205917 -1147.614242 -1152.979039 -1160.261823 -1135.210653 -1814.577794 -1864.335476 -1863.809383 -1862.921827 -1862.721690 -1862.687184 -1862.682124 -1862.681920 -1862.682437 -1862.682964 -1862.683389 -1862.683717 -1862.683970 -1862.684167 -1862.684325 -1862.684453 -1862.684561 -1862.684658 -1862.684754 -1862.684861 -1862.684997 -1862.685183 -1862.685459 -1862.685881 -1862.686545 -1862.687608 -1862.689342 -1862.692223 -1862.697126 -1862.705701 -1862.721150 -1862.749825 -1862.804564 -1862.911976 -1863.129690 -1863.591249 -1864.632950 -1867.188657 -1874.243874 -1897.407864 -9999.0 -9999.0
-9999.0 -9999.0 225.737532 128.938721 30.720660 -67.934916 -166.760365 -265.652062 -364.553365 -463.425146 -562.212551 -660.779197 -759.045481 -857.091245 -954.961538 -1052.857737 -1150.308572 -1246.472648 -1340.878138 -1432.445493 -1519.029655 -1597.296024 -1664.111860 -1718.027866 -1759.522385 -1790.319621 -1812.576868 -1828.348551 -1839.354755 -1846.939382 -1852.110997 -1855.606118 -1857.951250 -1859.516054 -1860.556489 -1861.249880 -1861.728249 -1862.139063 -1862.865588 -1865.216748 -1870.558097 -1840.121560 -1159.903692 -1174.498932 -1159.609082 -1149.911309 -1145.373640 -1144.696315 -1144.624332 -1144.631430 -1144.649949 -1144.669867 -1144.689009 -1144.706737 -1144.723201 -1144.742437 -1144.802572 -1145.205917 -1147.614242 -1152.979039 -1160.261823 -1135.210653 -1814.577794 -1864.335476 -1863.809383 -1862.921827 -1862.721690 -1862.687184 -1862.682124 -1862.681920 -1862.682437 -1862.682964 -1862.683389 -1862.683717 -1862.683970 -1862.684167 -1862.684325 -1862.684453 -1862.684561 -1862.684658 -1862.684754 -1862.684861 -1862.684997 -1862.685183 -1862.685459 -1862.685881 -1862.686545 -1862.687608 -1862.689342 -1862.692223 -1862.697126 -1862.705701 -1862.721150 -1862.749825 -1862.804564 -1862.911976 -1863.129690 -1863.591249 -1864.632950 -1867.188657 -1874.243874 -1897.407864 -9999.0 -9999.0
-9999.0 -9999.0 225.728679 128.936797 30.720164 -67.935061 -166.760411 -265.652078 -364.553371 -463.425148 -562.212552 -660.779198 -759.045481 -857.091245 -954.961538 -1052.857737 -1150.308572 -1246.472647 -1340.878138 -1432.445492 -1519.029655 -1597.296024 -1664.111860 -1718.027866 -1759.522385 -1790.319621 -1812.576868 -1828.348551 -1839.354755 -1846.939382 -1852.110997 -1855.606118 -1857.951250 -1859.516054 -1860.556489 -1861.249880 -1861.728249 -1862.139063 -1862.865588 -1865.216748 -1870.558097 -1840.121560 -1159.903692 -1174.498932 -1159.609082 -1149.911309 -1145.373640 -1144.696315 -1144.624332 -1144.631430 -1144.649949 -1144.669867 -1144.689009 -1144.706737 -1144.723201 -1144.742437 -1144.802572 -1145.205917 -1147.614242 -1152.979039 -1160.261823 -1135.210653 -1814.577794 -1864.335476 -1863.809383 -1862.921827 -1862.721690 -1862.687184 -1862.682124 -1862.681920 -1862.682437 -1862.682964 -1862.683389 -1862.683717 -1862.683970 -1862.684167 -1862.684325 -1862.684453 -1862.684561 -1862.684658 -1862.684754 -1862.684861 -1862.684997 -1862.685183 -1862.685459 -1862.685881 -1862.686545 -1862.687608 -1862.689342 -1862.692223 -1862.697126 -1862.705701 -1862.721150 -1862.749825 -1862.804564 -1862.911976 -1863.129690 -1863.591249 -1864.632950 -1867.188657 -1874.243874 -1897.407864 -9999.0 -9999.0
-9999.0 -9999.0 -9999.0 -9999.0 -9999.0 -9999.0 -9999.0 -9999.0 -9999.0 -9999.0 -9999.0 -9999.0 -9999.0 -9999.0 -9999.0 -9999.0 -9999.0 -9999.0 -9999.0 -9999.0 -9999.0 -9999.0 -9999.0 -9999.0 -9999.0 -9999.0 -9999.0 -9999.0 -9999.0 -9999.0 -9999.0 -9999.0 -9999.0 -9999.0 -9999.0 -9999.0 -9999.0 -9999.0 -9999.0 -9999.0 -9999.0 -9999.0 -9999.0 -9999.0 -9999.0 -9999.0 -9999.0 -9999.0 -9999.0 -9999.0 -9999.0 -9999.0 -9999.0 -9999.0 -9999.0 -9999.0 -9999.0 -9999.0 -9999.0 -9999.0 -9999.0 -9999.0 -9999.0 -9999.0 -9999.0 -9999.0 -9999.0 -9999.0 -9999.0 -9999.0 -9999.0 -9999.0 -9999.0 -9999.0 -9999.0 -9999.0 -9999.0 -9999.0 -9999.0 -9999.0 -9999.0 -9999.0 -9999.0 -9999.0 -9999.0 -9999.0 -9999.0 -9999.0 -9999.0 -9999.0 -9999.0 -9999.0 -9999.0 -9999.0 -9999.0 -9999.0 -9999.0 -9999.0 -9999.0 -9999.0 -9999.0 -9999.0 -9999.0 -9999.0
-9999.0 -9999.0 -9999.0 -9999.0 -9999.0 -9999.0 -9999.0 -9999.0 -9999.0 -9999.0 -9999.0 -9999.0 -9999.0 -9999.0 -9999.0 -9999.0 -9999.0 -9999.0 -9999.0 -9999.0 -9999.0 -9999.0 -9999.0 -9999.0 -9999.0 -9999.0 -9999.0 -9999.0 -9999.0 -9999.0 -9999.0 -9999.0 -9999.0 -9999.0 -9999.0 -9999.0 -9999.0 -9999.0 -9999.0 -9999.0 -9999.0 -9999.0 -9999.0 -9999.0 -9999.0 -9999.0 -9999.0 -9999.0 -9999.0 -9999.0 -9999.0 -9999.0 -9999.0 -9999.0 -9999.0 -9999.0 -9999.0 -9999.0 -9999.0 -9999.0 -9999.0 -9999.0 -9999.0 -9999.0 -9999.0 -9999.0 -9999.0 -9999.0 -9999.0 -9999.0 -9999.0 -9999.0 -9999.0 -9999.0 -9999.0 -9999.0 -9999.0 -9999.0 -9999.0 -9999.0 -9999.0 -9999.0 -9999.0 -9999.0 -9999.0 -9999.0 -9999.0 -9999.0 -9999.0 -9999.0 -9999.0 -9999.0 -9999.0 -9999.0 -9999.0 -9999.0 -9999.0 -9999.0 -9999.0 -9999.0 -9999.0 -9999.0 -9999.0 -9999.0