inst/processing_geotop_simulation/geotop_simulation/out/maps3D/PwL0018N0378.asc
ncols         104
nrows         10
xllcorner     -2.000000
yllcorner     0.000000
cellsize      1.000000
NODATA_value  -9999.0
-9999.0 -9999.0 -9999.0 -9999.0 -9999.0 -9999.0 -9999.0 -9999.0 -9999.0 -9999.0 -9999.0 -9999.0 -9999.0 -9999.0 -9999.0 -9999.0 -9999.0 -9999.0 -9999.0 -9999.0 -9999.0 -9999.0 -9999.0 -9999.0 -9999.0 -9999.0 -9999.0 -9999.0 -9999.0 -9999.0 -9999.0 -9999.0 -9999.0 -9999.0 -9999.0 -9999.0 -9999.0 -9999.0 -9999.0 -9999.0 -9999.0 -9999.0 -9999.0 -9999.0 -9999.0 -9999.0 -9999.0 -9999.0 -9999.0 -9999.0 -9999.0 -9999.0 -9999.0 -9999.0 -9999.0 -9999.0 -9999.0 -9999.0 -9999.0 -9999.0 -9999.0 -9999.0 -9999.0 -9999.0 -9999.0 -9999.0 -9999.0 -9999.0 -9999.0 -9999.0 -9999.0 -9999.0 -9999.0 -9999.0 -9999.0 -9999.0 -9999.0 -9999.0 -9999.0 -9999.0 -9999.0 -9999.0 -9999.0 -9999.0 -9999.0 -9999.0 -9999.0 -9999.0 -9999.0 -9999.0 -9999.0 -9999.0 -9999.0 -9999.0 -9999.0 -9999.0 -9999.0 -9999.0 -9999.0 -9999.0 -9999.0 -9999.0 -9999.0 -9999.0
-9999.0 -9999.0 -9999.0 -9999.0 -9999.0 -9999.0 -9999.0 -9999.0 -9999.0 -9999.0 -9999.0 -9999.0 -9999.0 -9999.0 -9999.0 -9999.0 -9999.0 -9999.0 -9999.0 -9999.0 -9999.0 -9999.0 -9999.0 -9999.0 -9999.0 -9999.0 -9999.0 -9999.0 -9999.0 -9999.0 -9999.0 -9999.0 -9999.0 -9999.0 -9999.0 -9999.0 -9999.0 -9999.0 -9999.0 -9999.0 -9999.0 -9999.0 -9999.0 -9999.0 -9999.0 -9999.0 -9999.0 -9999.0 -9999.0 -9999.0 -9999.0 -9999.0 -9999.0 -9999.0 -9999.0 -9999.0 -9999.0 -9999.0 -9999.0 -9999.0 -9999.0 -9999.0 -9999.0 -9999.0 -9999.0 -9999.0 -9999.0 -9999.0 -9999.0 -9999.0 -9999.0 -9999.0 -9999.0 -9999.0 -9999.0 -9999.0 -9999.0 -9999.0 -9999.0 -9999.0 -9999.0 -9999.0 -9999.0 -9999.0 -9999.0 -9999.0 -9999.0 -9999.0 -9999.0 -9999.0 -9999.0 -9999.0 -9999.0 -9999.0 -9999.0 -9999.0 -9999.0 -9999.0 -9999.0 -9999.0 -9999.0 -9999.0 -9999.0 -9999.0
-9999.0 -9999.0 869.843253 771.022773 672.061815 572.944318 473.745419 374.510757 275.264786 176.020699 76.785811 -22.433420 -121.633029 -220.810132 -319.947007 -419.012924 -517.949279 -616.652195 -714.947788 -813.374897 -911.506482 -1009.185344 -1106.174915 -1197.343756 -1282.393534 -1359.184948 -1426.044059 -1482.100284 -1527.404636 -1562.804041 -1589.658822 -1609.531659 -1623.943023 -1634.226683 -1641.473585 -1646.536278 -1650.074828 -1652.666721 -1655.121314 -1659.314094 -1669.376499 -1693.613683 -1932.103282 -4010.131695 -4084.147375 -4084.158021 -4084.148038 -4084.053069 -4083.648906 -4082.445697 -4079.430796 -4071.584193 -4059.833567 -4045.910742 -4024.960968 -3989.566960 -3926.993258 -3819.767301 -3654.230922 -3432.789655 -3083.159651 -1680.469325 -1650.477114 -1661.017583 -1659.157726 -1658.069010 -1657.789659 -1657.734955 -1657.725898 -1657.724932 -1657.725266 -1657.725733 -1657.726145 -1657.726486 -1657.726770 -1657.727012 -1657.727223 -1657.727414 -1657.727591 -1657.727762 -1657.727935 -1657.728122 -1657.728335 -1657.728596 -1657.728937 -1657.729406 -1657.730086 -1657.731113 -1657.732725 -1657.735343 -1657.739749 -1657.747433 -1657.761318 -1657.787293 -1657.837568 -1657.938551 -1658.150785 -1658.622841 -1659.744999 -1662.623487 -1670.731962 -1696.495002 -9999.0 -9999.0
-9999.0 -9999.0 869.846420 771.023933 672.062186 572.944438 473.745460 374.510772 275.264792 176.020701 76.785812 -22.433420 -121.633028 -220.810132 -319.947007 -419.012924 -517.949279 -616.652195 -714.947788 -813.374897 -911.506482 -1009.185344 -1106.174916 -1197.343756 -1282.393535 -1359.184949 -1426.044059 -1482.100285 -1527.404636 -1562.804041 -1589.658822 -1609.531659 -1623.943023 -1634.226683 -1641.473585 -1646.536278 -1650.074828 -1652.666721 -1655.121314 -1659.314093 -1669.376499 -1693.613683 -1932.103282 -4010.131695 -4084.147375 -4084.158021 -4084.148038 -4084.053069 -4083.648906 -4082.445697 -4079.430796 -4071.584193 -4059.833567 -4045.910742 -4024.960968 -3989.566960 -3926.993258 -3819.767301 -3654.230921 -3432.789655 -3083.159651 -1680.469325 -1650.477114 -1661.017583 -1659.157726 -1658.069010 -1657.789659 -1657.734955 -1657.725898 -1657.724932 -1657.725266 -1657.725733 -1657.726145 -1657.726486 -1657.726770 -1657.727012 -1657.727223 -1657.727414 -1657.727591 -1657.727762 -1657.727935 -1657.728122 -1657.728335 -1657.728596 -1657.728937 -1657.729406 -1657.730086 -1657.731113 -1657.732725 -1657.735343 -1657.739749 -1657.747433 -1657.761318 -1657.787293 -1657.837568 -1657.938551 -1658.150785 -1658.622841 -1659.744999 -1662.623487 -1670.731962 -1696.495002 -9999.0 -9999.0
-9999.0 -9999.0 869.847562 771.024540 672.062440 572.944535 473.745495 374.510785 275.264797 176.020703 76.785813 -22.433419 -121.633028 -220.810132 -319.947007 -419.012924 -517.949280 -616.652195 -714.947788 -813.374897 -911.506483 -1009.185344 -1106.174916 -1197.343756 -1282.393535 -1359.184949 -1426.044059 -1482.100285 -1527.404636 -1562.804041 -1589.658822 -1609.531659 -1623.943023 -1634.226683 -1641.473585 -1646.536278 -1650.074828 -1652.666721 -1655.121314 -1659.314094 -1669.376499 -1693.613683 -1932.103282 -4010.131695 -4084.147375 -4084.158021 -4084.148038 -4084.053069 -4083.648906 -4082.445697 -4079.430796 -4071.584192 -4059.833567 -4045.910742 -4024.960968 -3989.566960 -3926.993258 -3819.767301 -3654.230921 -3432.789654 -3083.159651 -1680.469325 -1650.477114 -1661.017583 -1659.157726 -1658.069010 -1657.789659 -1657.734955 -1657.725898 -1657.724932 -1657.725266 -1657.725733 -1657.726145 -1657.726486 -1657.726770 -1657.727012 -1657.727223 -1657.727414 -1657.727591 -1657.727762 -1657.727935 -1657.728122 -1657.728335 -1657.728596 -1657.728937 -1657.729406 -1657.730086 -1657.731113 -1657.732725 -1657.735343 -1657.739749 -1657.747433 -1657.761318 -1657.787293 -1657.837568 -1657.938551 -1658.150785 -1658.622841 -1659.744999 -1662.623487 -1670.731962 -1696.495002 -9999.0 -9999.0
-9999.0 -9999.0 869.847562 771.024540 672.062440 572.944535 473.745495 374.510785 275.264797 176.020703 76.785813 -22.433420 -121.633028 -220.810132 -319.947007 -419.012925 -517.949279 -616.652195 -714.947788 -813.374897 -911.506483 -1009.185344 -1106.174916 -1197.343756 -1282.393535 -1359.184949 -1426.044059 -1482.100285 -1527.404636 -1562.804041 -1589.658822 -1609.531659 -1623.943023 -1634.226683 -1641.473585 -1646.536278 -1650.074828 -1652.666721 -1655.121314 -1659.314094 -1669.376499 -1693.613683 -1932.103282 -4010.131695 -4084.147375 -4084.158021 -4084.148038 -4084.053069 -4083.648906 -4082.445697 -4079.430796 -4071.584192 -4059.833567 -4045.910742 -4024.960968 -3989.566960 -3926.993257 -3819.767301 -3654.230921 -3432.789655 -3083.159651 -1680.469325 -1650.477114 -1661.017583 -1659.157726 -1658.069010 -1657.789659 -1657.734955 -1657.725898 -1657.724932 -1657.725266 -1657.725733 -1657.726145 -1657.726486 -1657.726770 -1657.727012 -1657.727223 -1657.727414 -1657.727591 -1657.727762 -1657.727935 -1657.728122 -1657.728335 -1657.728596 -1657.728937 -1657.729406 -1657.730086 -1657.731113 -1657.732725 -1657.735343 -1657.739749 -1657.747433 -1657.761318 -1657.787293 -1657.837568 -1657.938551 -1658.150785 -1658.622841 -1659.744999 -1662.623487 -1670.731962 -1696.495002 -9999.0 -9999.0
-9999.0 -9999.0 869.846421 771.023933 672.062186 572.944438 473.745460 374.510772 275.264792 176.020702 76.785812 -22.433420 -121.633029 -220.810132 -319.947007 -419.012924 -517.949279 -616.652195 -714.947788 -813.374897 -911.506482 -1009.185344 -1106.174916 -1197.343756 -1282.393535 -1359.184949 -1426.044059 -1482.100285 -1527.404636 -1562.804041 -1589.658822 -1609.531659 -1623.943023 -1634.226683 -1641.473585 -1646.536278 -1650.074828 -1652.666721 -1655.121314 -1659.314093 -1669.376499 -1693.613683 -1932.103282 -4010.131695 -4084.147375 -4084.158021 -4084.148038 -4084.053069 -4083.648906 -4082.445697 -4079.430796 -4071.584193 -4059.833567 -4045.910742 -4024.960968 -3989.566960 -3926.993258 -3819.767301 -3654.230921 -3432.789655 -3083.159652 -1680.469325 -1650.477114 -1661.017583 -1659.157726 -1658.069010 -1657.789659 -1657.734955 -1657.725898 -1657.724932 -1657.725266 -1657.725733 -1657.726145 -1657.726486 -1657.726770 -1657.727012 -1657.727223 -1657.727414 -1657.727591 -1657.727762 -1657.727935 -1657.728122 -1657.728335 -1657.728596 -1657.728937 -1657.729406 -1657.730086 -1657.731113 -1657.732725 -1657.735343 -1657.739749 -1657.747433 -1657.761318 -1657.787293 -1657.837568 -1657.938551 -1658.150785 -1658.622841 -1659.744999 -1662.623487 -1670.731962 -1696.495002 -9999.0 -9999.0
-9999.0 -9999.0 869.843253 771.022774 672.061815 572.944318 473.745419 374.510758 275.264786 176.020699 76.785811 -22.433421 -121.633029 -220.810132 -319.947007 -419.012924 -517.949279 -616.652195 -714.947788 -813.374897 -911.506482 -1009.185344 -1106.174915 -1197.343756 -1282.393534 -1359.184948 -1426.044059 -1482.100284 -1527.404636 -1562.804041 -1589.658822 -1609.531659 -1623.943023 -1634.226683 -1641.473585 -1646.536278 -1650.074828 -1652.666721 -1655.121314 -1659.314094 -1669.376499 -1693.613683 -1932.103282 -4010.131695 -4084.147375 -4084.158021 -4084.148038 -4084.053069 -4083.648906 -4082.445697 -4079.430796 -4071.584193 -4059.833567 -4045.910742 -4024.960968 -3989.566960 -3926.993258 -3819.767302 -3654.230921 -3432.789655 -3083.159652 -1680.469325 -1650.477114 -1661.017583 -1659.157726 -1658.069010 -1657.789659 -1657.734955 -1657.725898 -1657.724932 -1657.725266 -1657.725733 -1657.726145 -1657.726486 -1657.726770 -1657.727012 -1657.727223 -1657.727414 -1657.727591 -1657.727762 -1657.727935 -1657.728122 -1657.728335 -1657.728596 -1657.728937 -1657.729406 -1657.730086 -1657.731113 -1657.732725 -1657.735343 -1657.739749 -1657.747433 -1657.761318 -1657.787293 -1657.837568 -1657.938551 -1658.150785 -1658.622841 -1659.744999 -1662.623487 -1670.731962 -1696.495002 -9999.0 -9999.0
-9999.0 -9999.0 -9999.0 -9999.0 -9999.0 -9999.0 -9999.0 -9999.0 -9999.0 -9999.0 -9999.0 -9999.0 -9999.0 -9999.0 -9999.0 -9999.0 -9999.0 -9999.0 -9999.0 -9999.0 -9999.0 -9999.0 -9999.0 -9999.0 -9999.0 -9999.0 -9999.0 -9999.0 -9999.0 -9999.0 -9999.0 -9999.0 -9999.0 -9999.0 -9999.0 -9999.0 -9999.0 -9999.0 -9999.0 -9999.0 -9999.0 -9999.0 -9999.0 -9999.0 -9999.0 -9999.0 -9999.0 -9999.0 -9999.0 -9999.0 -9999.0 -9999.0 -9999.0 -9999.0 -9999.0 -9999.0 -9999.0 -9999.0 -9999.0 -9999.0 -9999.0 -9999.0 -9999.0 -9999.0 -9999.0 -9999.0 -9999.0 -9999.0 -9999.0 -9999.0 -9999.0 -9999.0 -9999.0 -9999.0 -9999.0 -9999.0 -9999.0 -9999.0 -9999.0 -9999.0 -9999.0 -9999.0 -9999.0 -9999.0 -9999.0 -9999.0 -9999.0 -9999.0 -9999.0 -9999.0 -9999.0 -9999.0 -9999.0 -9999.0 -9999.0 -9999.0 -9999.0 -9999.0 -9999.0 -9999.0 -9999.0 -9999.0 -9999.0 -9999.0
-9999.0 -9999.0 -9999.0 -9999.0 -9999.0 -9999.0 -9999.0 -9999.0 -9999.0 -9999.0 -9999.0 -9999.0 -9999.0 -9999.0 -9999.0 -9999.0 -9999.0 -9999.0 -9999.0 -9999.0 -9999.0 -9999.0 -9999.0 -9999.0 -9999.0 -9999.0 -9999.0 -9999.0 -9999.0 -9999.0 -9999.0 -9999.0 -9999.0 -9999.0 -9999.0 -9999.0 -9999.0 -9999.0 -9999.0 -9999.0 -9999.0 -9999.0 -9999.0 -9999.0 -9999.0 -9999.0 -9999.0 -9999.0 -9999.0 -9999.0 -9999.0 -9999.0 -9999.0 -9999.0 -9999.0 -9999.0 -9999.0 -9999.0 -9999.0 -9999.0 -9999.0 -9999.0 -9999.0 -9999.0 -9999.0 -9999.0 -9999.0 -9999.0 -9999.0 -9999.0 -9999.0 -9999.0 -9999.0 -9999.0 -9999.0 -9999.0 -9999.0 -9999.0 -9999.0 -9999.0 -9999.0 -9999.0 -9999.0 -9999.0 -9999.0 -9999.0 -9999.0 -9999.0 -9999.0 -9999.0 -9999.0 -9999.0 -9999.0 -9999.0 -9999.0 -9999.0 -9999.0 -9999.0 -9999.0 -9999.0 -9999.0 -9999.0 -9999.0 -9999.0