inst/processing_geotop_simulation/geotop_simulation/out/maps3D/PwL0007N0026.asc
ncols         104
nrows         10
xllcorner     -2.000000
yllcorner     0.000000
cellsize      1.000000
NODATA_value  -9999.0
-9999.0 -9999.0 -9999.0 -9999.0 -9999.0 -9999.0 -9999.0 -9999.0 -9999.0 -9999.0 -9999.0 -9999.0 -9999.0 -9999.0 -9999.0 -9999.0 -9999.0 -9999.0 -9999.0 -9999.0 -9999.0 -9999.0 -9999.0 -9999.0 -9999.0 -9999.0 -9999.0 -9999.0 -9999.0 -9999.0 -9999.0 -9999.0 -9999.0 -9999.0 -9999.0 -9999.0 -9999.0 -9999.0 -9999.0 -9999.0 -9999.0 -9999.0 -9999.0 -9999.0 -9999.0 -9999.0 -9999.0 -9999.0 -9999.0 -9999.0 -9999.0 -9999.0 -9999.0 -9999.0 -9999.0 -9999.0 -9999.0 -9999.0 -9999.0 -9999.0 -9999.0 -9999.0 -9999.0 -9999.0 -9999.0 -9999.0 -9999.0 -9999.0 -9999.0 -9999.0 -9999.0 -9999.0 -9999.0 -9999.0 -9999.0 -9999.0 -9999.0 -9999.0 -9999.0 -9999.0 -9999.0 -9999.0 -9999.0 -9999.0 -9999.0 -9999.0 -9999.0 -9999.0 -9999.0 -9999.0 -9999.0 -9999.0 -9999.0 -9999.0 -9999.0 -9999.0 -9999.0 -9999.0 -9999.0 -9999.0 -9999.0 -9999.0 -9999.0 -9999.0
-9999.0 -9999.0 -9999.0 -9999.0 -9999.0 -9999.0 -9999.0 -9999.0 -9999.0 -9999.0 -9999.0 -9999.0 -9999.0 -9999.0 -9999.0 -9999.0 -9999.0 -9999.0 -9999.0 -9999.0 -9999.0 -9999.0 -9999.0 -9999.0 -9999.0 -9999.0 -9999.0 -9999.0 -9999.0 -9999.0 -9999.0 -9999.0 -9999.0 -9999.0 -9999.0 -9999.0 -9999.0 -9999.0 -9999.0 -9999.0 -9999.0 -9999.0 -9999.0 -9999.0 -9999.0 -9999.0 -9999.0 -9999.0 -9999.0 -9999.0 -9999.0 -9999.0 -9999.0 -9999.0 -9999.0 -9999.0 -9999.0 -9999.0 -9999.0 -9999.0 -9999.0 -9999.0 -9999.0 -9999.0 -9999.0 -9999.0 -9999.0 -9999.0 -9999.0 -9999.0 -9999.0 -9999.0 -9999.0 -9999.0 -9999.0 -9999.0 -9999.0 -9999.0 -9999.0 -9999.0 -9999.0 -9999.0 -9999.0 -9999.0 -9999.0 -9999.0 -9999.0 -9999.0 -9999.0 -9999.0 -9999.0 -9999.0 -9999.0 -9999.0 -9999.0 -9999.0 -9999.0 -9999.0 -9999.0 -9999.0 -9999.0 -9999.0 -9999.0 -9999.0
-9999.0 -9999.0 262.671287 164.132904 64.674376 -37.764071 -137.563110 -219.305037 -263.402596 -266.891655 -349.439004 -375.974210 -387.330591 -342.780245 -252.247773 -115.522063 35.166589 207.218762 168.220912 121.743126 68.308391 7.451100 -60.127987 -131.185826 -199.787792 -257.425001 -298.518536 -323.943055 -338.232003 -345.793495 -349.627274 -351.407220 -351.964540 -351.624414 -350.420162 -348.134856 -344.208124 -337.450829 -330.598831 -332.507279 -247.100866 -171.117843 -2684.957326 -4176.258566 -3773.297292 -3465.383622 -3311.617868 -3293.974317 -3292.106421 -3291.926351 -3291.916689 -3291.923756 -3291.932052 -3291.940449 -3291.953458 -3292.017765 -3292.591384 -3297.334762 -3336.614879 -3426.820798 -3598.100367 -2406.267996 -291.347516 -302.966032 -322.277380 -335.135396 -343.021534 -347.875002 -350.884844 -352.758273 -353.929888 -354.662277 -355.120275 -355.408031 -355.588812 -355.702904 -355.775634 -355.823321 -355.856637 -355.882867 -355.907607 -355.936062 -355.974725 -356.031584 -356.118882 -356.255077 -356.469087 -356.806322 -357.337915 -358.175345 -359.492645 -361.559633 -364.790176 -369.808937 -377.536027 -389.278924 -406.802119 -432.322629 -468.385974 -517.774167 -584.724051 -677.341627 -9999.0 -9999.0
-9999.0 -9999.0 262.820440 164.177547 64.687877 -37.759494 -137.561472 -219.304513 -263.402452 -266.891615 -349.438997 -375.974208 -387.330590 -342.780245 -252.247773 -115.522063 35.166589 207.218762 168.220912 121.743126 68.308391 7.451100 -60.127987 -131.185826 -199.787792 -257.425001 -298.518536 -323.943055 -338.232003 -345.793495 -349.627274 -351.407220 -351.964540 -351.624414 -350.420162 -348.134856 -344.208124 -337.450829 -330.598831 -332.507279 -247.100866 -171.117844 -2684.957324 -4176.258563 -3773.297286 -3465.383606 -3311.617869 -3293.974317 -3292.106421 -3291.926351 -3291.916689 -3291.923756 -3291.932052 -3291.940449 -3291.953458 -3292.017765 -3292.591385 -3297.334762 -3336.614878 -3426.820798 -3598.100367 -2406.267996 -291.347517 -302.966032 -322.277380 -335.135396 -343.021534 -347.875002 -350.884844 -352.758273 -353.929888 -354.662277 -355.120275 -355.408031 -355.588812 -355.702904 -355.775634 -355.823321 -355.856637 -355.882867 -355.907607 -355.936062 -355.974725 -356.031584 -356.118882 -356.255077 -356.469087 -356.806322 -357.337915 -358.175345 -359.492645 -361.559633 -364.790176 -369.808937 -377.536027 -389.278924 -406.802119 -432.322629 -468.385974 -517.774167 -584.724051 -677.341627 -9999.0 -9999.0
-9999.0 -9999.0 262.877246 164.203289 64.697946 -37.755588 -137.559977 -219.304016 -263.402313 -266.891575 -349.438989 -375.974206 -387.330590 -342.780245 -252.247772 -115.522063 35.166589 207.218762 168.220912 121.743126 68.308391 7.451100 -60.127987 -131.185826 -199.787792 -257.425001 -298.518536 -323.943055 -338.232003 -345.793495 -349.627274 -351.407220 -351.964540 -351.624414 -350.420162 -348.134856 -344.208124 -337.450829 -330.598831 -332.507278 -247.100865 -171.117844 -2684.957324 -4176.258563 -3773.297284 -3465.383600 -3311.617869 -3293.974317 -3292.106420 -3291.926351 -3291.916689 -3291.923756 -3291.932052 -3291.940449 -3291.953458 -3292.017765 -3292.591385 -3297.334762 -3336.614878 -3426.820798 -3598.100367 -2406.267996 -291.347515 -302.966032 -322.277380 -335.135396 -343.021534 -347.875002 -350.884844 -352.758273 -353.929888 -354.662277 -355.120275 -355.408031 -355.588812 -355.702904 -355.775634 -355.823321 -355.856637 -355.882867 -355.907607 -355.936062 -355.974725 -356.031584 -356.118882 -356.255077 -356.469087 -356.806322 -357.337915 -358.175345 -359.492645 -361.559633 -364.790176 -369.808937 -377.536027 -389.278924 -406.802119 -432.322629 -468.385974 -517.774167 -584.724051 -677.341627 -9999.0 -9999.0
-9999.0 -9999.0 262.877246 164.203289 64.697946 -37.755588 -137.559977 -219.304017 -263.402313 -266.891575 -349.438989 -375.974206 -387.330590 -342.780245 -252.247772 -115.522063 35.166589 207.218762 168.220912 121.743126 68.308391 7.451100 -60.127987 -131.185826 -199.787792 -257.425001 -298.518536 -323.943055 -338.232003 -345.793495 -349.627274 -351.407220 -351.964540 -351.624414 -350.420162 -348.134856 -344.208124 -337.450829 -330.598831 -332.507278 -247.100865 -171.117844 -2684.957324 -4176.258563 -3773.297284 -3465.383600 -3311.617869 -3293.974317 -3292.106420 -3291.926351 -3291.916689 -3291.923756 -3291.932052 -3291.940449 -3291.953458 -3292.017765 -3292.591385 -3297.334762 -3336.614878 -3426.820798 -3598.100367 -2406.267996 -291.347515 -302.966032 -322.277380 -335.135396 -343.021534 -347.875002 -350.884844 -352.758273 -353.929888 -354.662277 -355.120275 -355.408031 -355.588812 -355.702904 -355.775634 -355.823321 -355.856637 -355.882867 -355.907607 -355.936062 -355.974725 -356.031584 -356.118882 -356.255077 -356.469087 -356.806322 -357.337915 -358.175345 -359.492645 -361.559633 -364.790176 -369.808937 -377.536027 -389.278924 -406.802119 -432.322629 -468.385974 -517.774167 -584.724051 -677.341627 -9999.0 -9999.0
-9999.0 -9999.0 262.820440 164.177547 64.687877 -37.759494 -137.561472 -219.304513 -263.402452 -266.891615 -349.438997 -375.974208 -387.330590 -342.780245 -252.247773 -115.522063 35.166589 207.218762 168.220912 121.743126 68.308391 7.451100 -60.127987 -131.185826 -199.787792 -257.425001 -298.518536 -323.943055 -338.232003 -345.793495 -349.627274 -351.407220 -351.964540 -351.624414 -350.420162 -348.134856 -344.208124 -337.450829 -330.598831 -332.507279 -247.100866 -171.117844 -2684.957324 -4176.258563 -3773.297286 -3465.383606 -3311.617869 -3293.974317 -3292.106421 -3291.926351 -3291.916689 -3291.923756 -3291.932052 -3291.940449 -3291.953458 -3292.017765 -3292.591385 -3297.334762 -3336.614878 -3426.820798 -3598.100367 -2406.267996 -291.347516 -302.966032 -322.277380 -335.135396 -343.021534 -347.875002 -350.884844 -352.758273 -353.929888 -354.662277 -355.120275 -355.408031 -355.588812 -355.702904 -355.775634 -355.823321 -355.856637 -355.882867 -355.907607 -355.936062 -355.974725 -356.031584 -356.118882 -356.255077 -356.469087 -356.806322 -357.337915 -358.175345 -359.492645 -361.559633 -364.790176 -369.808937 -377.536027 -389.278924 -406.802119 -432.322629 -468.385974 -517.774167 -584.724051 -677.341627 -9999.0 -9999.0
-9999.0 -9999.0 262.671287 164.132904 64.674376 -37.764071 -137.563110 -219.305037 -263.402596 -266.891655 -349.439004 -375.974210 -387.330591 -342.780245 -252.247773 -115.522063 35.166589 207.218762 168.220912 121.743126 68.308391 7.451100 -60.127987 -131.185826 -199.787792 -257.425001 -298.518536 -323.943055 -338.232003 -345.793495 -349.627274 -351.407220 -351.964540 -351.624414 -350.420162 -348.134856 -344.208124 -337.450829 -330.598831 -332.507279 -247.100866 -171.117843 -2684.957326 -4176.258566 -3773.297292 -3465.383622 -3311.617868 -3293.974317 -3292.106421 -3291.926351 -3291.916689 -3291.923756 -3291.932052 -3291.940449 -3291.953458 -3292.017765 -3292.591384 -3297.334762 -3336.614879 -3426.820798 -3598.100367 -2406.267996 -291.347516 -302.966032 -322.277380 -335.135396 -343.021534 -347.875002 -350.884844 -352.758273 -353.929888 -354.662277 -355.120275 -355.408031 -355.588812 -355.702904 -355.775634 -355.823321 -355.856637 -355.882867 -355.907607 -355.936062 -355.974725 -356.031584 -356.118882 -356.255077 -356.469087 -356.806322 -357.337915 -358.175345 -359.492645 -361.559633 -364.790176 -369.808937 -377.536027 -389.278924 -406.802119 -432.322629 -468.385974 -517.774167 -584.724051 -677.341627 -9999.0 -9999.0
-9999.0 -9999.0 -9999.0 -9999.0 -9999.0 -9999.0 -9999.0 -9999.0 -9999.0 -9999.0 -9999.0 -9999.0 -9999.0 -9999.0 -9999.0 -9999.0 -9999.0 -9999.0 -9999.0 -9999.0 -9999.0 -9999.0 -9999.0 -9999.0 -9999.0 -9999.0 -9999.0 -9999.0 -9999.0 -9999.0 -9999.0 -9999.0 -9999.0 -9999.0 -9999.0 -9999.0 -9999.0 -9999.0 -9999.0 -9999.0 -9999.0 -9999.0 -9999.0 -9999.0 -9999.0 -9999.0 -9999.0 -9999.0 -9999.0 -9999.0 -9999.0 -9999.0 -9999.0 -9999.0 -9999.0 -9999.0 -9999.0 -9999.0 -9999.0 -9999.0 -9999.0 -9999.0 -9999.0 -9999.0 -9999.0 -9999.0 -9999.0 -9999.0 -9999.0 -9999.0 -9999.0 -9999.0 -9999.0 -9999.0 -9999.0 -9999.0 -9999.0 -9999.0 -9999.0 -9999.0 -9999.0 -9999.0 -9999.0 -9999.0 -9999.0 -9999.0 -9999.0 -9999.0 -9999.0 -9999.0 -9999.0 -9999.0 -9999.0 -9999.0 -9999.0 -9999.0 -9999.0 -9999.0 -9999.0 -9999.0 -9999.0 -9999.0 -9999.0 -9999.0
-9999.0 -9999.0 -9999.0 -9999.0 -9999.0 -9999.0 -9999.0 -9999.0 -9999.0 -9999.0 -9999.0 -9999.0 -9999.0 -9999.0 -9999.0 -9999.0 -9999.0 -9999.0 -9999.0 -9999.0 -9999.0 -9999.0 -9999.0 -9999.0 -9999.0 -9999.0 -9999.0 -9999.0 -9999.0 -9999.0 -9999.0 -9999.0 -9999.0 -9999.0 -9999.0 -9999.0 -9999.0 -9999.0 -9999.0 -9999.0 -9999.0 -9999.0 -9999.0 -9999.0 -9999.0 -9999.0 -9999.0 -9999.0 -9999.0 -9999.0 -9999.0 -9999.0 -9999.0 -9999.0 -9999.0 -9999.0 -9999.0 -9999.0 -9999.0 -9999.0 -9999.0 -9999.0 -9999.0 -9999.0 -9999.0 -9999.0 -9999.0 -9999.0 -9999.0 -9999.0 -9999.0 -9999.0 -9999.0 -9999.0 -9999.0 -9999.0 -9999.0 -9999.0 -9999.0 -9999.0 -9999.0 -9999.0 -9999.0 -9999.0 -9999.0 -9999.0 -9999.0 -9999.0 -9999.0 -9999.0 -9999.0 -9999.0 -9999.0 -9999.0 -9999.0 -9999.0 -9999.0 -9999.0 -9999.0 -9999.0 -9999.0 -9999.0 -9999.0 -9999.0