inst/processing_geotop_simulation/geotop_simulation/out/maps3D/PwL0013N0160.asc
ncols         104
nrows         10
xllcorner     -2.000000
yllcorner     0.000000
cellsize      1.000000
NODATA_value  -9999.0
-9999.0 -9999.0 -9999.0 -9999.0 -9999.0 -9999.0 -9999.0 -9999.0 -9999.0 -9999.0 -9999.0 -9999.0 -9999.0 -9999.0 -9999.0 -9999.0 -9999.0 -9999.0 -9999.0 -9999.0 -9999.0 -9999.0 -9999.0 -9999.0 -9999.0 -9999.0 -9999.0 -9999.0 -9999.0 -9999.0 -9999.0 -9999.0 -9999.0 -9999.0 -9999.0 -9999.0 -9999.0 -9999.0 -9999.0 -9999.0 -9999.0 -9999.0 -9999.0 -9999.0 -9999.0 -9999.0 -9999.0 -9999.0 -9999.0 -9999.0 -9999.0 -9999.0 -9999.0 -9999.0 -9999.0 -9999.0 -9999.0 -9999.0 -9999.0 -9999.0 -9999.0 -9999.0 -9999.0 -9999.0 -9999.0 -9999.0 -9999.0 -9999.0 -9999.0 -9999.0 -9999.0 -9999.0 -9999.0 -9999.0 -9999.0 -9999.0 -9999.0 -9999.0 -9999.0 -9999.0 -9999.0 -9999.0 -9999.0 -9999.0 -9999.0 -9999.0 -9999.0 -9999.0 -9999.0 -9999.0 -9999.0 -9999.0 -9999.0 -9999.0 -9999.0 -9999.0 -9999.0 -9999.0 -9999.0 -9999.0 -9999.0 -9999.0 -9999.0 -9999.0
-9999.0 -9999.0 -9999.0 -9999.0 -9999.0 -9999.0 -9999.0 -9999.0 -9999.0 -9999.0 -9999.0 -9999.0 -9999.0 -9999.0 -9999.0 -9999.0 -9999.0 -9999.0 -9999.0 -9999.0 -9999.0 -9999.0 -9999.0 -9999.0 -9999.0 -9999.0 -9999.0 -9999.0 -9999.0 -9999.0 -9999.0 -9999.0 -9999.0 -9999.0 -9999.0 -9999.0 -9999.0 -9999.0 -9999.0 -9999.0 -9999.0 -9999.0 -9999.0 -9999.0 -9999.0 -9999.0 -9999.0 -9999.0 -9999.0 -9999.0 -9999.0 -9999.0 -9999.0 -9999.0 -9999.0 -9999.0 -9999.0 -9999.0 -9999.0 -9999.0 -9999.0 -9999.0 -9999.0 -9999.0 -9999.0 -9999.0 -9999.0 -9999.0 -9999.0 -9999.0 -9999.0 -9999.0 -9999.0 -9999.0 -9999.0 -9999.0 -9999.0 -9999.0 -9999.0 -9999.0 -9999.0 -9999.0 -9999.0 -9999.0 -9999.0 -9999.0 -9999.0 -9999.0 -9999.0 -9999.0 -9999.0 -9999.0 -9999.0 -9999.0 -9999.0 -9999.0 -9999.0 -9999.0 -9999.0 -9999.0 -9999.0 -9999.0 -9999.0 -9999.0
-9999.0 -9999.0 633.412202 540.567806 446.010404 350.407840 254.326187 158.037897 61.677379 -34.673223 -130.973482 -227.172364 -323.154658 -418.716425 -513.590424 -607.405587 -700.740663 -794.353660 -887.205524 -978.696989 -1065.137463 -1139.575518 -1200.876675 -1248.396188 -1283.375027 -1308.105237 -1325.079423 -1336.477222 -1343.998069 -1348.886837 -1352.024313 -1354.017078 -1355.273188 -1356.061287 -1356.554982 -1356.866885 -1357.077069 -1357.270768 -1357.697889 -1359.789357 -1371.274654 -1436.757245 -2050.960048 -4307.743371 -4331.065248 -4330.131014 -4329.262136 -4329.123524 -4329.109261 -4329.110686 -4329.114302 -4329.118168 -4329.121871 -4329.125292 -4329.128449 -4329.132006 -4329.142602 -4329.218238 -4329.718105 -4330.494096 -4292.400790 -1911.070956 -1405.883774 -1365.658348 -1358.764009 -1357.704136 -1357.551177 -1357.528362 -1357.525598 -1357.526214 -1357.527256 -1357.528168 -1357.528879 -1357.529421 -1357.529835 -1357.530156 -1357.530411 -1357.530617 -1357.530788 -1357.530941 -1357.531089 -1357.531254 -1357.531461 -1357.531747 -1357.532171 -1357.532821 -1357.533843 -1357.535478 -1357.538131 -1357.542514 -1357.549909 -1357.562709 -1357.585523 -1357.627424 -1357.706554 -1357.859727 -1358.163815 -1358.788881 -1360.143862 -1363.294351 -1371.266864 -1394.652177 -9999.0 -9999.0
-9999.0 -9999.0 633.417704 540.569530 446.010911 350.407997 254.326238 158.037914 61.677385 -34.673221 -130.973481 -227.172363 -323.154658 -418.716426 -513.590424 -607.405587 -700.740663 -794.353661 -887.205525 -978.696989 -1065.137463 -1139.575518 -1200.876675 -1248.396188 -1283.375028 -1308.105237 -1325.079423 -1336.477222 -1343.998069 -1348.886837 -1352.024313 -1354.017078 -1355.273188 -1356.061287 -1356.554982 -1356.866885 -1357.077069 -1357.270768 -1357.697889 -1359.789357 -1371.274654 -1436.757245 -2050.960047 -4307.743371 -4331.065248 -4330.131014 -4329.262136 -4329.123524 -4329.109261 -4329.110686 -4329.114302 -4329.118168 -4329.121871 -4329.125292 -4329.128449 -4329.132006 -4329.142602 -4329.218238 -4329.718105 -4330.494096 -4292.400790 -1911.070956 -1405.883774 -1365.658348 -1358.764009 -1357.704136 -1357.551177 -1357.528362 -1357.525598 -1357.526214 -1357.527256 -1357.528168 -1357.528879 -1357.529421 -1357.529835 -1357.530156 -1357.530411 -1357.530617 -1357.530788 -1357.530941 -1357.531089 -1357.531254 -1357.531461 -1357.531747 -1357.532171 -1357.532821 -1357.533843 -1357.535478 -1357.538131 -1357.542514 -1357.549909 -1357.562709 -1357.585523 -1357.627424 -1357.706554 -1357.859727 -1358.163815 -1358.788881 -1360.143862 -1363.294351 -1371.266864 -1394.652177 -9999.0 -9999.0
-9999.0 -9999.0 633.419267 540.570347 446.011245 350.408121 254.326282 158.037930 61.677390 -34.673219 -130.973480 -227.172363 -323.154658 -418.716425 -513.590424 -607.405587 -700.740664 -794.353661 -887.205525 -978.696989 -1065.137463 -1139.575518 -1200.876675 -1248.396188 -1283.375028 -1308.105237 -1325.079423 -1336.477223 -1343.998069 -1348.886837 -1352.024313 -1354.017078 -1355.273188 -1356.061287 -1356.554982 -1356.866885 -1357.077069 -1357.270768 -1357.697889 -1359.789357 -1371.274654 -1436.757245 -2050.960047 -4307.743371 -4331.065248 -4330.131014 -4329.262136 -4329.123524 -4329.109261 -4329.110686 -4329.114302 -4329.118168 -4329.121871 -4329.125292 -4329.128449 -4329.132006 -4329.142602 -4329.218238 -4329.718105 -4330.494096 -4292.400790 -1911.070956 -1405.883774 -1365.658348 -1358.764009 -1357.704136 -1357.551177 -1357.528362 -1357.525598 -1357.526214 -1357.527256 -1357.528168 -1357.528879 -1357.529421 -1357.529835 -1357.530156 -1357.530411 -1357.530617 -1357.530788 -1357.530941 -1357.531089 -1357.531254 -1357.531461 -1357.531747 -1357.532171 -1357.532821 -1357.533843 -1357.535478 -1357.538131 -1357.542514 -1357.549909 -1357.562709 -1357.585523 -1357.627424 -1357.706554 -1357.859727 -1358.163815 -1358.788881 -1360.143862 -1363.294351 -1371.266864 -1394.652177 -9999.0 -9999.0
-9999.0 -9999.0 633.419267 540.570347 446.011245 350.408121 254.326283 158.037930 61.677390 -34.673219 -130.973480 -227.172363 -323.154657 -418.716426 -513.590424 -607.405587 -700.740664 -794.353661 -887.205525 -978.696989 -1065.137463 -1139.575518 -1200.876675 -1248.396188 -1283.375028 -1308.105237 -1325.079423 -1336.477223 -1343.998069 -1348.886837 -1352.024313 -1354.017078 -1355.273188 -1356.061287 -1356.554982 -1356.866885 -1357.077069 -1357.270768 -1357.697889 -1359.789357 -1371.274654 -1436.757245 -2050.960047 -4307.743371 -4331.065248 -4330.131014 -4329.262136 -4329.123524 -4329.109261 -4329.110686 -4329.114302 -4329.118168 -4329.121871 -4329.125292 -4329.128449 -4329.132006 -4329.142602 -4329.218238 -4329.718105 -4330.494096 -4292.400790 -1911.070956 -1405.883774 -1365.658348 -1358.764009 -1357.704136 -1357.551177 -1357.528362 -1357.525598 -1357.526214 -1357.527256 -1357.528168 -1357.528879 -1357.529421 -1357.529835 -1357.530156 -1357.530411 -1357.530617 -1357.530788 -1357.530941 -1357.531089 -1357.531254 -1357.531461 -1357.531747 -1357.532171 -1357.532821 -1357.533843 -1357.535478 -1357.538131 -1357.542514 -1357.549909 -1357.562709 -1357.585523 -1357.627424 -1357.706554 -1357.859727 -1358.163815 -1358.788881 -1360.143862 -1363.294351 -1371.266864 -1394.652177 -9999.0 -9999.0
-9999.0 -9999.0 633.417704 540.569530 446.010911 350.407997 254.326238 158.037914 61.677385 -34.673221 -130.973481 -227.172363 -323.154658 -418.716425 -513.590424 -607.405587 -700.740664 -794.353661 -887.205525 -978.696989 -1065.137463 -1139.575518 -1200.876675 -1248.396188 -1283.375028 -1308.105237 -1325.079423 -1336.477222 -1343.998069 -1348.886837 -1352.024313 -1354.017078 -1355.273188 -1356.061287 -1356.554982 -1356.866885 -1357.077069 -1357.270768 -1357.697889 -1359.789357 -1371.274654 -1436.757245 -2050.960047 -4307.743371 -4331.065248 -4330.131014 -4329.262136 -4329.123524 -4329.109261 -4329.110686 -4329.114302 -4329.118168 -4329.121871 -4329.125292 -4329.128449 -4329.132006 -4329.142602 -4329.218238 -4329.718105 -4330.494096 -4292.400790 -1911.070956 -1405.883774 -1365.658348 -1358.764009 -1357.704136 -1357.551177 -1357.528362 -1357.525598 -1357.526214 -1357.527256 -1357.528168 -1357.528879 -1357.529421 -1357.529835 -1357.530156 -1357.530411 -1357.530617 -1357.530788 -1357.530941 -1357.531089 -1357.531254 -1357.531461 -1357.531747 -1357.532171 -1357.532821 -1357.533843 -1357.535478 -1357.538131 -1357.542514 -1357.549909 -1357.562709 -1357.585523 -1357.627424 -1357.706554 -1357.859727 -1358.163815 -1358.788881 -1360.143862 -1363.294351 -1371.266864 -1394.652177 -9999.0 -9999.0
-9999.0 -9999.0 633.412202 540.567806 446.010404 350.407840 254.326187 158.037897 61.677379 -34.673223 -130.973482 -227.172364 -323.154658 -418.716426 -513.590423 -607.405587 -700.740663 -794.353660 -887.205524 -978.696989 -1065.137463 -1139.575518 -1200.876675 -1248.396188 -1283.375027 -1308.105237 -1325.079423 -1336.477222 -1343.998069 -1348.886837 -1352.024313 -1354.017078 -1355.273188 -1356.061287 -1356.554982 -1356.866885 -1357.077069 -1357.270768 -1357.697889 -1359.789357 -1371.274654 -1436.757245 -2050.960048 -4307.743371 -4331.065248 -4330.131014 -4329.262136 -4329.123524 -4329.109261 -4329.110686 -4329.114302 -4329.118168 -4329.121871 -4329.125292 -4329.128449 -4329.132006 -4329.142602 -4329.218238 -4329.718105 -4330.494096 -4292.400790 -1911.070956 -1405.883774 -1365.658348 -1358.764009 -1357.704136 -1357.551177 -1357.528362 -1357.525598 -1357.526214 -1357.527256 -1357.528168 -1357.528879 -1357.529421 -1357.529835 -1357.530156 -1357.530411 -1357.530617 -1357.530788 -1357.530941 -1357.531089 -1357.531254 -1357.531461 -1357.531747 -1357.532171 -1357.532821 -1357.533843 -1357.535478 -1357.538131 -1357.542514 -1357.549909 -1357.562709 -1357.585523 -1357.627424 -1357.706554 -1357.859727 -1358.163815 -1358.788881 -1360.143862 -1363.294351 -1371.266864 -1394.652177 -9999.0 -9999.0
-9999.0 -9999.0 -9999.0 -9999.0 -9999.0 -9999.0 -9999.0 -9999.0 -9999.0 -9999.0 -9999.0 -9999.0 -9999.0 -9999.0 -9999.0 -9999.0 -9999.0 -9999.0 -9999.0 -9999.0 -9999.0 -9999.0 -9999.0 -9999.0 -9999.0 -9999.0 -9999.0 -9999.0 -9999.0 -9999.0 -9999.0 -9999.0 -9999.0 -9999.0 -9999.0 -9999.0 -9999.0 -9999.0 -9999.0 -9999.0 -9999.0 -9999.0 -9999.0 -9999.0 -9999.0 -9999.0 -9999.0 -9999.0 -9999.0 -9999.0 -9999.0 -9999.0 -9999.0 -9999.0 -9999.0 -9999.0 -9999.0 -9999.0 -9999.0 -9999.0 -9999.0 -9999.0 -9999.0 -9999.0 -9999.0 -9999.0 -9999.0 -9999.0 -9999.0 -9999.0 -9999.0 -9999.0 -9999.0 -9999.0 -9999.0 -9999.0 -9999.0 -9999.0 -9999.0 -9999.0 -9999.0 -9999.0 -9999.0 -9999.0 -9999.0 -9999.0 -9999.0 -9999.0 -9999.0 -9999.0 -9999.0 -9999.0 -9999.0 -9999.0 -9999.0 -9999.0 -9999.0 -9999.0 -9999.0 -9999.0 -9999.0 -9999.0 -9999.0 -9999.0
-9999.0 -9999.0 -9999.0 -9999.0 -9999.0 -9999.0 -9999.0 -9999.0 -9999.0 -9999.0 -9999.0 -9999.0 -9999.0 -9999.0 -9999.0 -9999.0 -9999.0 -9999.0 -9999.0 -9999.0 -9999.0 -9999.0 -9999.0 -9999.0 -9999.0 -9999.0 -9999.0 -9999.0 -9999.0 -9999.0 -9999.0 -9999.0 -9999.0 -9999.0 -9999.0 -9999.0 -9999.0 -9999.0 -9999.0 -9999.0 -9999.0 -9999.0 -9999.0 -9999.0 -9999.0 -9999.0 -9999.0 -9999.0 -9999.0 -9999.0 -9999.0 -9999.0 -9999.0 -9999.0 -9999.0 -9999.0 -9999.0 -9999.0 -9999.0 -9999.0 -9999.0 -9999.0 -9999.0 -9999.0 -9999.0 -9999.0 -9999.0 -9999.0 -9999.0 -9999.0 -9999.0 -9999.0 -9999.0 -9999.0 -9999.0 -9999.0 -9999.0 -9999.0 -9999.0 -9999.0 -9999.0 -9999.0 -9999.0 -9999.0 -9999.0 -9999.0 -9999.0 -9999.0 -9999.0 -9999.0 -9999.0 -9999.0 -9999.0 -9999.0 -9999.0 -9999.0 -9999.0 -9999.0 -9999.0 -9999.0 -9999.0 -9999.0 -9999.0 -9999.0