inst/processing_geotop_simulation/geotop_simulation/out/maps3D/PwL0015N0021.asc
ncols         104
nrows         10
xllcorner     -2.000000
yllcorner     0.000000
cellsize      1.000000
NODATA_value  -9999.0
-9999.0 -9999.0 -9999.0 -9999.0 -9999.0 -9999.0 -9999.0 -9999.0 -9999.0 -9999.0 -9999.0 -9999.0 -9999.0 -9999.0 -9999.0 -9999.0 -9999.0 -9999.0 -9999.0 -9999.0 -9999.0 -9999.0 -9999.0 -9999.0 -9999.0 -9999.0 -9999.0 -9999.0 -9999.0 -9999.0 -9999.0 -9999.0 -9999.0 -9999.0 -9999.0 -9999.0 -9999.0 -9999.0 -9999.0 -9999.0 -9999.0 -9999.0 -9999.0 -9999.0 -9999.0 -9999.0 -9999.0 -9999.0 -9999.0 -9999.0 -9999.0 -9999.0 -9999.0 -9999.0 -9999.0 -9999.0 -9999.0 -9999.0 -9999.0 -9999.0 -9999.0 -9999.0 -9999.0 -9999.0 -9999.0 -9999.0 -9999.0 -9999.0 -9999.0 -9999.0 -9999.0 -9999.0 -9999.0 -9999.0 -9999.0 -9999.0 -9999.0 -9999.0 -9999.0 -9999.0 -9999.0 -9999.0 -9999.0 -9999.0 -9999.0 -9999.0 -9999.0 -9999.0 -9999.0 -9999.0 -9999.0 -9999.0 -9999.0 -9999.0 -9999.0 -9999.0 -9999.0 -9999.0 -9999.0 -9999.0 -9999.0 -9999.0 -9999.0 -9999.0
-9999.0 -9999.0 -9999.0 -9999.0 -9999.0 -9999.0 -9999.0 -9999.0 -9999.0 -9999.0 -9999.0 -9999.0 -9999.0 -9999.0 -9999.0 -9999.0 -9999.0 -9999.0 -9999.0 -9999.0 -9999.0 -9999.0 -9999.0 -9999.0 -9999.0 -9999.0 -9999.0 -9999.0 -9999.0 -9999.0 -9999.0 -9999.0 -9999.0 -9999.0 -9999.0 -9999.0 -9999.0 -9999.0 -9999.0 -9999.0 -9999.0 -9999.0 -9999.0 -9999.0 -9999.0 -9999.0 -9999.0 -9999.0 -9999.0 -9999.0 -9999.0 -9999.0 -9999.0 -9999.0 -9999.0 -9999.0 -9999.0 -9999.0 -9999.0 -9999.0 -9999.0 -9999.0 -9999.0 -9999.0 -9999.0 -9999.0 -9999.0 -9999.0 -9999.0 -9999.0 -9999.0 -9999.0 -9999.0 -9999.0 -9999.0 -9999.0 -9999.0 -9999.0 -9999.0 -9999.0 -9999.0 -9999.0 -9999.0 -9999.0 -9999.0 -9999.0 -9999.0 -9999.0 -9999.0 -9999.0 -9999.0 -9999.0 -9999.0 -9999.0 -9999.0 -9999.0 -9999.0 -9999.0 -9999.0 -9999.0 -9999.0 -9999.0 -9999.0 -9999.0
-9999.0 -9999.0 715.658379 618.115347 520.817499 421.571287 319.518451 215.116455 108.688520 -0.827583 -117.350341 -222.481897 -301.902580 -349.356204 -369.037462 -366.946271 -361.952195 -273.367448 -110.900607 60.247162 250.382755 456.458970 395.909762 329.906606 259.538393 185.682139 109.573355 31.738710 -46.997842 -124.860881 -197.851211 -258.779019 -301.875322 -327.450264 -340.128492 -345.096839 -345.067362 -341.078503 -330.421623 -307.378799 -381.901329 -469.846910 -3014.298172 -4232.627168 -4232.673267 -4232.673267 -4232.673267 -4232.673267 -4232.673267 -4232.673267 -4232.673267 -4232.673267 -4232.673267 -4232.673267 -4232.673267 -4232.673267 -4232.673267 -4232.673267 -4232.673267 -4232.673267 -4232.585079 -2851.773235 -228.424411 -257.932205 -278.281780 -296.730558 -313.192481 -326.686958 -336.683427 -343.598583 -348.134427 -351.023080 -352.842177 -353.985998 -354.707478 -355.163366 -355.444319 -355.605760 -355.710200 -355.791050 -355.857781 -355.908166 -355.949677 -356.022896 -356.117101 -356.261514 -356.485524 -356.834464 -357.384140 -358.248130 -359.606881 -361.735874 -365.057978 -370.207253 -378.111503 -390.079221 -407.867422 -433.728912 -470.983013 -530.570436 -659.662159 -1008.435650 -9999.0 -9999.0
-9999.0 -9999.0 715.699109 618.131364 520.823143 421.573319 319.519227 215.116757 108.688642 -0.827532 -117.350321 -222.481890 -301.902578 -349.356204 -369.037462 -366.946271 -361.952195 -273.367448 -110.900607 60.247163 250.382756 456.458970 395.909762 329.906605 259.538393 185.682139 109.573355 31.738710 -46.997841 -124.860881 -197.851211 -258.779019 -301.875322 -327.450264 -340.128492 -345.096838 -345.067362 -341.078501 -330.421623 -307.378803 -381.901331 -469.846909 -3014.298171 -4232.627168 -4232.673267 -4232.673267 -4232.673267 -4232.673267 -4232.673267 -4232.673267 -4232.673267 -4232.673267 -4232.673267 -4232.673267 -4232.673267 -4232.673267 -4232.673267 -4232.673267 -4232.673267 -4232.673267 -4232.585079 -2851.773235 -228.424412 -257.932205 -278.281780 -296.730558 -313.192481 -326.686958 -336.683427 -343.598583 -348.134426 -351.023081 -352.842177 -353.985998 -354.707477 -355.163365 -355.444318 -355.605760 -355.710200 -355.791050 -355.857781 -355.908166 -355.949677 -356.022896 -356.117101 -356.261514 -356.485524 -356.834464 -357.384140 -358.248130 -359.606881 -361.735874 -365.057978 -370.207253 -378.111503 -390.079221 -407.867422 -433.728912 -470.983013 -530.570436 -659.662158 -1008.435651 -9999.0 -9999.0
-9999.0 -9999.0 715.714925 618.140311 520.827214 421.575026 319.519934 215.117045 108.688762 -0.827483 -117.350301 -222.481882 -301.902576 -349.356203 -369.037462 -366.946271 -361.952195 -273.367448 -110.900607 60.247163 250.382756 456.458970 395.909762 329.906605 259.538392 185.682139 109.573355 31.738710 -46.997842 -124.860881 -197.851211 -258.779019 -301.875322 -327.450264 -340.128492 -345.096837 -345.067361 -341.078501 -330.421622 -307.378804 -381.901332 -469.846912 -3014.298171 -4232.627168 -4232.673267 -4232.673267 -4232.673267 -4232.673267 -4232.673267 -4232.673267 -4232.673267 -4232.673267 -4232.673267 -4232.673267 -4232.673267 -4232.673267 -4232.673267 -4232.673267 -4232.673267 -4232.673267 -4232.585079 -2851.773235 -228.424412 -257.932205 -278.281780 -296.730558 -313.192481 -326.686958 -336.683427 -343.598583 -348.134426 -351.023080 -352.842177 -353.985998 -354.707477 -355.163365 -355.444318 -355.605759 -355.710200 -355.791050 -355.857781 -355.908166 -355.949677 -356.022896 -356.117101 -356.261514 -356.485524 -356.834464 -357.384140 -358.248130 -359.606881 -361.735874 -365.057978 -370.207253 -378.111503 -390.079221 -407.867422 -433.728912 -470.983013 -530.570436 -659.662158 -1008.435649 -9999.0 -9999.0
-9999.0 -9999.0 715.714925 618.140311 520.827214 421.575026 319.519934 215.117045 108.688762 -0.827483 -117.350300 -222.481882 -301.902576 -349.356203 -369.037462 -366.946271 -361.952195 -273.367448 -110.900607 60.247163 250.382756 456.458970 395.909762 329.906605 259.538392 185.682139 109.573355 31.738710 -46.997842 -124.860881 -197.851211 -258.779019 -301.875322 -327.450264 -340.128492 -345.096837 -345.067361 -341.078500 -330.421622 -307.378804 -381.901332 -469.846912 -3014.298171 -4232.627168 -4232.673267 -4232.673267 -4232.673267 -4232.673267 -4232.673267 -4232.673267 -4232.673267 -4232.673267 -4232.673267 -4232.673267 -4232.673267 -4232.673267 -4232.673267 -4232.673267 -4232.673267 -4232.673267 -4232.585079 -2851.773235 -228.424412 -257.932205 -278.281780 -296.730558 -313.192481 -326.686958 -336.683427 -343.598583 -348.134427 -351.023080 -352.842177 -353.985998 -354.707477 -355.163365 -355.444318 -355.605759 -355.710200 -355.791050 -355.857781 -355.908166 -355.949677 -356.022896 -356.117101 -356.261514 -356.485524 -356.834464 -357.384140 -358.248130 -359.606881 -361.735874 -365.057978 -370.207253 -378.111503 -390.079221 -407.867422 -433.728912 -470.983013 -530.570436 -659.662158 -1008.435650 -9999.0 -9999.0
-9999.0 -9999.0 715.699109 618.131364 520.823143 421.573319 319.519227 215.116757 108.688642 -0.827532 -117.350321 -222.481890 -301.902578 -349.356204 -369.037462 -366.946271 -361.952195 -273.367448 -110.900607 60.247163 250.382756 456.458970 395.909762 329.906605 259.538393 185.682139 109.573355 31.738710 -46.997841 -124.860881 -197.851211 -258.779019 -301.875322 -327.450264 -340.128492 -345.096838 -345.067362 -341.078501 -330.421623 -307.378803 -381.901331 -469.846909 -3014.298171 -4232.627168 -4232.673267 -4232.673267 -4232.673267 -4232.673267 -4232.673267 -4232.673267 -4232.673267 -4232.673267 -4232.673267 -4232.673267 -4232.673267 -4232.673267 -4232.673267 -4232.673267 -4232.673267 -4232.673267 -4232.585079 -2851.773235 -228.424412 -257.932205 -278.281780 -296.730558 -313.192481 -326.686958 -336.683427 -343.598583 -348.134426 -351.023081 -352.842177 -353.985998 -354.707477 -355.163365 -355.444318 -355.605760 -355.710200 -355.791050 -355.857781 -355.908166 -355.949677 -356.022896 -356.117101 -356.261514 -356.485524 -356.834464 -357.384140 -358.248130 -359.606881 -361.735874 -365.057978 -370.207253 -378.111503 -390.079221 -407.867422 -433.728912 -470.983013 -530.570436 -659.662158 -1008.435650 -9999.0 -9999.0
-9999.0 -9999.0 715.658379 618.115347 520.817499 421.571287 319.518451 215.116455 108.688520 -0.827583 -117.350341 -222.481897 -301.902580 -349.356204 -369.037462 -366.946271 -361.952195 -273.367448 -110.900607 60.247162 250.382755 456.458970 395.909762 329.906606 259.538393 185.682139 109.573355 31.738710 -46.997842 -124.860881 -197.851211 -258.779019 -301.875322 -327.450264 -340.128492 -345.096839 -345.067363 -341.078503 -330.421623 -307.378799 -381.901329 -469.846910 -3014.298172 -4232.627168 -4232.673267 -4232.673267 -4232.673267 -4232.673267 -4232.673267 -4232.673267 -4232.673267 -4232.673267 -4232.673267 -4232.673267 -4232.673267 -4232.673267 -4232.673267 -4232.673267 -4232.673267 -4232.673267 -4232.585079 -2851.773235 -228.424412 -257.932205 -278.281780 -296.730558 -313.192481 -326.686958 -336.683427 -343.598583 -348.134427 -351.023080 -352.842177 -353.985998 -354.707478 -355.163366 -355.444319 -355.605760 -355.710200 -355.791050 -355.857781 -355.908166 -355.949677 -356.022896 -356.117101 -356.261514 -356.485524 -356.834464 -357.384140 -358.248130 -359.606881 -361.735874 -365.057978 -370.207253 -378.111503 -390.079221 -407.867422 -433.728912 -470.983013 -530.570436 -659.662158 -1008.435651 -9999.0 -9999.0
-9999.0 -9999.0 -9999.0 -9999.0 -9999.0 -9999.0 -9999.0 -9999.0 -9999.0 -9999.0 -9999.0 -9999.0 -9999.0 -9999.0 -9999.0 -9999.0 -9999.0 -9999.0 -9999.0 -9999.0 -9999.0 -9999.0 -9999.0 -9999.0 -9999.0 -9999.0 -9999.0 -9999.0 -9999.0 -9999.0 -9999.0 -9999.0 -9999.0 -9999.0 -9999.0 -9999.0 -9999.0 -9999.0 -9999.0 -9999.0 -9999.0 -9999.0 -9999.0 -9999.0 -9999.0 -9999.0 -9999.0 -9999.0 -9999.0 -9999.0 -9999.0 -9999.0 -9999.0 -9999.0 -9999.0 -9999.0 -9999.0 -9999.0 -9999.0 -9999.0 -9999.0 -9999.0 -9999.0 -9999.0 -9999.0 -9999.0 -9999.0 -9999.0 -9999.0 -9999.0 -9999.0 -9999.0 -9999.0 -9999.0 -9999.0 -9999.0 -9999.0 -9999.0 -9999.0 -9999.0 -9999.0 -9999.0 -9999.0 -9999.0 -9999.0 -9999.0 -9999.0 -9999.0 -9999.0 -9999.0 -9999.0 -9999.0 -9999.0 -9999.0 -9999.0 -9999.0 -9999.0 -9999.0 -9999.0 -9999.0 -9999.0 -9999.0 -9999.0 -9999.0
-9999.0 -9999.0 -9999.0 -9999.0 -9999.0 -9999.0 -9999.0 -9999.0 -9999.0 -9999.0 -9999.0 -9999.0 -9999.0 -9999.0 -9999.0 -9999.0 -9999.0 -9999.0 -9999.0 -9999.0 -9999.0 -9999.0 -9999.0 -9999.0 -9999.0 -9999.0 -9999.0 -9999.0 -9999.0 -9999.0 -9999.0 -9999.0 -9999.0 -9999.0 -9999.0 -9999.0 -9999.0 -9999.0 -9999.0 -9999.0 -9999.0 -9999.0 -9999.0 -9999.0 -9999.0 -9999.0 -9999.0 -9999.0 -9999.0 -9999.0 -9999.0 -9999.0 -9999.0 -9999.0 -9999.0 -9999.0 -9999.0 -9999.0 -9999.0 -9999.0 -9999.0 -9999.0 -9999.0 -9999.0 -9999.0 -9999.0 -9999.0 -9999.0 -9999.0 -9999.0 -9999.0 -9999.0 -9999.0 -9999.0 -9999.0 -9999.0 -9999.0 -9999.0 -9999.0 -9999.0 -9999.0 -9999.0 -9999.0 -9999.0 -9999.0 -9999.0 -9999.0 -9999.0 -9999.0 -9999.0 -9999.0 -9999.0 -9999.0 -9999.0 -9999.0 -9999.0 -9999.0 -9999.0 -9999.0 -9999.0 -9999.0 -9999.0 -9999.0 -9999.0