inst/processing_geotop_simulation/geotop_simulation/out/maps3D/PwL0020N0479.asc
ncols         104
nrows         10
xllcorner     -2.000000
yllcorner     0.000000
cellsize      1.000000
NODATA_value  -9999.0
-9999.0 -9999.0 -9999.0 -9999.0 -9999.0 -9999.0 -9999.0 -9999.0 -9999.0 -9999.0 -9999.0 -9999.0 -9999.0 -9999.0 -9999.0 -9999.0 -9999.0 -9999.0 -9999.0 -9999.0 -9999.0 -9999.0 -9999.0 -9999.0 -9999.0 -9999.0 -9999.0 -9999.0 -9999.0 -9999.0 -9999.0 -9999.0 -9999.0 -9999.0 -9999.0 -9999.0 -9999.0 -9999.0 -9999.0 -9999.0 -9999.0 -9999.0 -9999.0 -9999.0 -9999.0 -9999.0 -9999.0 -9999.0 -9999.0 -9999.0 -9999.0 -9999.0 -9999.0 -9999.0 -9999.0 -9999.0 -9999.0 -9999.0 -9999.0 -9999.0 -9999.0 -9999.0 -9999.0 -9999.0 -9999.0 -9999.0 -9999.0 -9999.0 -9999.0 -9999.0 -9999.0 -9999.0 -9999.0 -9999.0 -9999.0 -9999.0 -9999.0 -9999.0 -9999.0 -9999.0 -9999.0 -9999.0 -9999.0 -9999.0 -9999.0 -9999.0 -9999.0 -9999.0 -9999.0 -9999.0 -9999.0 -9999.0 -9999.0 -9999.0 -9999.0 -9999.0 -9999.0 -9999.0 -9999.0 -9999.0 -9999.0 -9999.0 -9999.0 -9999.0
-9999.0 -9999.0 -9999.0 -9999.0 -9999.0 -9999.0 -9999.0 -9999.0 -9999.0 -9999.0 -9999.0 -9999.0 -9999.0 -9999.0 -9999.0 -9999.0 -9999.0 -9999.0 -9999.0 -9999.0 -9999.0 -9999.0 -9999.0 -9999.0 -9999.0 -9999.0 -9999.0 -9999.0 -9999.0 -9999.0 -9999.0 -9999.0 -9999.0 -9999.0 -9999.0 -9999.0 -9999.0 -9999.0 -9999.0 -9999.0 -9999.0 -9999.0 -9999.0 -9999.0 -9999.0 -9999.0 -9999.0 -9999.0 -9999.0 -9999.0 -9999.0 -9999.0 -9999.0 -9999.0 -9999.0 -9999.0 -9999.0 -9999.0 -9999.0 -9999.0 -9999.0 -9999.0 -9999.0 -9999.0 -9999.0 -9999.0 -9999.0 -9999.0 -9999.0 -9999.0 -9999.0 -9999.0 -9999.0 -9999.0 -9999.0 -9999.0 -9999.0 -9999.0 -9999.0 -9999.0 -9999.0 -9999.0 -9999.0 -9999.0 -9999.0 -9999.0 -9999.0 -9999.0 -9999.0 -9999.0 -9999.0 -9999.0 -9999.0 -9999.0 -9999.0 -9999.0 -9999.0 -9999.0 -9999.0 -9999.0 -9999.0 -9999.0 -9999.0 -9999.0
-9999.0 -9999.0 967.835846 868.565616 769.243370 669.831462 570.369902 470.886253 371.395921 271.907387 172.425412 72.952764 -26.507145 -125.952448 -225.382087 -324.786541 -424.148600 -523.436547 -622.593479 -721.519352 -820.494988 -919.260064 -1017.683871 -1115.562851 -1209.060577 -1297.679851 -1379.471683 -1452.665163 -1515.998104 -1568.947950 -1611.776321 -1645.387181 -1671.077903 -1690.283630 -1704.383346 -1714.590865 -1721.930143 -1727.314615 -1731.824917 -1737.236816 -1745.694663 -1757.240706 -1787.217107 -3382.828012 -3981.603112 -3981.253299 -3919.141203 -3661.298002 -3340.443225 -3079.843033 -2882.499670 -2715.808702 -2614.028080 -2547.928427 -2486.285193 -2421.437528 -2351.189154 -2276.726276 -2200.851139 -2125.182629 -2026.849288 -1559.869178 -1712.176866 -1738.778459 -1740.024741 -1739.299106 -1739.021789 -1738.956506 -1738.944294 -1738.942707 -1738.942989 -1738.943531 -1738.944059 -1738.944538 -1738.944978 -1738.945388 -1738.945780 -1738.946161 -1738.946539 -1738.946921 -1738.947313 -1738.947727 -1738.948175 -1738.948675 -1738.949256 -1738.949964 -1738.950870 -1738.952097 -1738.953857 -1738.956530 -1738.960822 -1738.968089 -1738.981012 -1739.005055 -1739.051760 -1739.146719 -1739.350237 -1739.814035 -1740.946121 -1743.928718 -1752.491224 -1779.534750 -9999.0 -9999.0
-9999.0 -9999.0 967.838405 868.566605 769.243697 669.831570 570.369939 470.886266 371.395926 271.907389 172.425413 72.952764 -26.507145 -125.952448 -225.382087 -324.786541 -424.148600 -523.436547 -622.593479 -721.519352 -820.494988 -919.260065 -1017.683871 -1115.562851 -1209.060577 -1297.679851 -1379.471683 -1452.665163 -1515.998104 -1568.947950 -1611.776321 -1645.387181 -1671.077903 -1690.283630 -1704.383346 -1714.590865 -1721.930143 -1727.314615 -1731.824917 -1737.236816 -1745.694663 -1757.240706 -1787.217107 -3382.828010 -3981.603112 -3981.253299 -3919.141203 -3661.298002 -3340.443224 -3079.843031 -2882.499668 -2715.808702 -2614.028079 -2547.928427 -2486.285193 -2421.437527 -2351.189153 -2276.726276 -2200.851138 -2125.182629 -2026.849288 -1559.869178 -1712.176866 -1738.778459 -1740.024741 -1739.299106 -1739.021789 -1738.956506 -1738.944294 -1738.942707 -1738.942989 -1738.943531 -1738.944059 -1738.944538 -1738.944978 -1738.945388 -1738.945780 -1738.946161 -1738.946539 -1738.946921 -1738.947313 -1738.947727 -1738.948175 -1738.948675 -1738.949256 -1738.949964 -1738.950870 -1738.952097 -1738.953857 -1738.956530 -1738.960822 -1738.968089 -1738.981012 -1739.005055 -1739.051760 -1739.146719 -1739.350237 -1739.814035 -1740.946121 -1743.928718 -1752.491224 -1779.534750 -9999.0 -9999.0
-9999.0 -9999.0 967.839403 868.567142 769.243925 669.831657 570.369971 470.886278 371.395931 271.907391 172.425414 72.952765 -26.507144 -125.952448 -225.382087 -324.786541 -424.148600 -523.436547 -622.593479 -721.519352 -820.494988 -919.260065 -1017.683871 -1115.562851 -1209.060577 -1297.679851 -1379.471683 -1452.665163 -1515.998104 -1568.947950 -1611.776321 -1645.387181 -1671.077903 -1690.283630 -1704.383346 -1714.590865 -1721.930143 -1727.314615 -1731.824917 -1737.236816 -1745.694663 -1757.240706 -1787.217107 -3382.828010 -3981.603112 -3981.253299 -3919.141203 -3661.298001 -3340.443224 -3079.843029 -2882.499666 -2715.808701 -2614.028079 -2547.928427 -2486.285193 -2421.437527 -2351.189153 -2276.726276 -2200.851138 -2125.182629 -2026.849288 -1559.869178 -1712.176866 -1738.778459 -1740.024741 -1739.299106 -1739.021789 -1738.956506 -1738.944294 -1738.942707 -1738.942989 -1738.943531 -1738.944059 -1738.944538 -1738.944978 -1738.945388 -1738.945780 -1738.946161 -1738.946539 -1738.946921 -1738.947313 -1738.947727 -1738.948175 -1738.948675 -1738.949256 -1738.949964 -1738.950870 -1738.952097 -1738.953857 -1738.956530 -1738.960822 -1738.968089 -1738.981012 -1739.005055 -1739.051760 -1739.146719 -1739.350237 -1739.814035 -1740.946121 -1743.928718 -1752.491224 -1779.534750 -9999.0 -9999.0
-9999.0 -9999.0 967.839403 868.567142 769.243925 669.831657 570.369971 470.886278 371.395931 271.907391 172.425414 72.952765 -26.507144 -125.952448 -225.382087 -324.786541 -424.148600 -523.436548 -622.593479 -721.519352 -820.494988 -919.260065 -1017.683871 -1115.562851 -1209.060577 -1297.679851 -1379.471683 -1452.665163 -1515.998104 -1568.947950 -1611.776321 -1645.387181 -1671.077903 -1690.283630 -1704.383346 -1714.590865 -1721.930143 -1727.314615 -1731.824917 -1737.236816 -1745.694663 -1757.240706 -1787.217107 -3382.828010 -3981.603112 -3981.253299 -3919.141203 -3661.298001 -3340.443224 -3079.843030 -2882.499666 -2715.808701 -2614.028079 -2547.928427 -2486.285192 -2421.437527 -2351.189153 -2276.726276 -2200.851138 -2125.182629 -2026.849288 -1559.869178 -1712.176866 -1738.778459 -1740.024741 -1739.299106 -1739.021789 -1738.956506 -1738.944294 -1738.942707 -1738.942989 -1738.943531 -1738.944059 -1738.944538 -1738.944978 -1738.945388 -1738.945780 -1738.946161 -1738.946539 -1738.946921 -1738.947313 -1738.947727 -1738.948175 -1738.948675 -1738.949256 -1738.949964 -1738.950870 -1738.952097 -1738.953857 -1738.956530 -1738.960822 -1738.968089 -1738.981012 -1739.005055 -1739.051760 -1739.146719 -1739.350237 -1739.814035 -1740.946121 -1743.928718 -1752.491224 -1779.534750 -9999.0 -9999.0
-9999.0 -9999.0 967.838405 868.566605 769.243697 669.831570 570.369939 470.886266 371.395926 271.907389 172.425413 72.952764 -26.507145 -125.952448 -225.382087 -324.786541 -424.148600 -523.436547 -622.593479 -721.519352 -820.494988 -919.260065 -1017.683871 -1115.562851 -1209.060577 -1297.679851 -1379.471683 -1452.665163 -1515.998104 -1568.947950 -1611.776321 -1645.387181 -1671.077903 -1690.283630 -1704.383346 -1714.590865 -1721.930143 -1727.314615 -1731.824917 -1737.236816 -1745.694663 -1757.240706 -1787.217107 -3382.828010 -3981.603112 -3981.253299 -3919.141203 -3661.298002 -3340.443224 -3079.843030 -2882.499667 -2715.808702 -2614.028080 -2547.928427 -2486.285193 -2421.437527 -2351.189153 -2276.726276 -2200.851139 -2125.182629 -2026.849288 -1559.869178 -1712.176866 -1738.778459 -1740.024741 -1739.299106 -1739.021789 -1738.956506 -1738.944294 -1738.942707 -1738.942989 -1738.943531 -1738.944059 -1738.944538 -1738.944978 -1738.945388 -1738.945780 -1738.946161 -1738.946539 -1738.946921 -1738.947313 -1738.947727 -1738.948175 -1738.948675 -1738.949256 -1738.949964 -1738.950870 -1738.952097 -1738.953857 -1738.956530 -1738.960822 -1738.968089 -1738.981012 -1739.005055 -1739.051760 -1739.146719 -1739.350237 -1739.814035 -1740.946121 -1743.928718 -1752.491224 -1779.534750 -9999.0 -9999.0
-9999.0 -9999.0 967.835846 868.565616 769.243370 669.831462 570.369902 470.886253 371.395921 271.907387 172.425412 72.952764 -26.507145 -125.952448 -225.382087 -324.786541 -424.148600 -523.436547 -622.593479 -721.519352 -820.494988 -919.260064 -1017.683871 -1115.562851 -1209.060577 -1297.679851 -1379.471683 -1452.665163 -1515.998104 -1568.947950 -1611.776321 -1645.387181 -1671.077903 -1690.283630 -1704.383346 -1714.590865 -1721.930143 -1727.314615 -1731.824917 -1737.236816 -1745.694663 -1757.240706 -1787.217107 -3382.828012 -3981.603112 -3981.253299 -3919.141203 -3661.298003 -3340.443225 -3079.843033 -2882.499670 -2715.808702 -2614.028080 -2547.928427 -2486.285193 -2421.437528 -2351.189154 -2276.726276 -2200.851139 -2125.182629 -2026.849288 -1559.869178 -1712.176866 -1738.778459 -1740.024741 -1739.299106 -1739.021789 -1738.956506 -1738.944294 -1738.942707 -1738.942989 -1738.943531 -1738.944059 -1738.944538 -1738.944978 -1738.945388 -1738.945780 -1738.946161 -1738.946539 -1738.946921 -1738.947313 -1738.947727 -1738.948175 -1738.948675 -1738.949256 -1738.949964 -1738.950870 -1738.952097 -1738.953857 -1738.956530 -1738.960822 -1738.968089 -1738.981012 -1739.005055 -1739.051760 -1739.146719 -1739.350237 -1739.814035 -1740.946121 -1743.928718 -1752.491224 -1779.534750 -9999.0 -9999.0
-9999.0 -9999.0 -9999.0 -9999.0 -9999.0 -9999.0 -9999.0 -9999.0 -9999.0 -9999.0 -9999.0 -9999.0 -9999.0 -9999.0 -9999.0 -9999.0 -9999.0 -9999.0 -9999.0 -9999.0 -9999.0 -9999.0 -9999.0 -9999.0 -9999.0 -9999.0 -9999.0 -9999.0 -9999.0 -9999.0 -9999.0 -9999.0 -9999.0 -9999.0 -9999.0 -9999.0 -9999.0 -9999.0 -9999.0 -9999.0 -9999.0 -9999.0 -9999.0 -9999.0 -9999.0 -9999.0 -9999.0 -9999.0 -9999.0 -9999.0 -9999.0 -9999.0 -9999.0 -9999.0 -9999.0 -9999.0 -9999.0 -9999.0 -9999.0 -9999.0 -9999.0 -9999.0 -9999.0 -9999.0 -9999.0 -9999.0 -9999.0 -9999.0 -9999.0 -9999.0 -9999.0 -9999.0 -9999.0 -9999.0 -9999.0 -9999.0 -9999.0 -9999.0 -9999.0 -9999.0 -9999.0 -9999.0 -9999.0 -9999.0 -9999.0 -9999.0 -9999.0 -9999.0 -9999.0 -9999.0 -9999.0 -9999.0 -9999.0 -9999.0 -9999.0 -9999.0 -9999.0 -9999.0 -9999.0 -9999.0 -9999.0 -9999.0 -9999.0 -9999.0
-9999.0 -9999.0 -9999.0 -9999.0 -9999.0 -9999.0 -9999.0 -9999.0 -9999.0 -9999.0 -9999.0 -9999.0 -9999.0 -9999.0 -9999.0 -9999.0 -9999.0 -9999.0 -9999.0 -9999.0 -9999.0 -9999.0 -9999.0 -9999.0 -9999.0 -9999.0 -9999.0 -9999.0 -9999.0 -9999.0 -9999.0 -9999.0 -9999.0 -9999.0 -9999.0 -9999.0 -9999.0 -9999.0 -9999.0 -9999.0 -9999.0 -9999.0 -9999.0 -9999.0 -9999.0 -9999.0 -9999.0 -9999.0 -9999.0 -9999.0 -9999.0 -9999.0 -9999.0 -9999.0 -9999.0 -9999.0 -9999.0 -9999.0 -9999.0 -9999.0 -9999.0 -9999.0 -9999.0 -9999.0 -9999.0 -9999.0 -9999.0 -9999.0 -9999.0 -9999.0 -9999.0 -9999.0 -9999.0 -9999.0 -9999.0 -9999.0 -9999.0 -9999.0 -9999.0 -9999.0 -9999.0 -9999.0 -9999.0 -9999.0 -9999.0 -9999.0 -9999.0 -9999.0 -9999.0 -9999.0 -9999.0 -9999.0 -9999.0 -9999.0 -9999.0 -9999.0 -9999.0 -9999.0 -9999.0 -9999.0 -9999.0 -9999.0 -9999.0 -9999.0