inst/processing_geotop_simulation/geotop_simulation/out/maps3D/PwL0011N0298.asc
ncols         104
nrows         10
xllcorner     -2.000000
yllcorner     0.000000
cellsize      1.000000
NODATA_value  -9999.0
-9999.0 -9999.0 -9999.0 -9999.0 -9999.0 -9999.0 -9999.0 -9999.0 -9999.0 -9999.0 -9999.0 -9999.0 -9999.0 -9999.0 -9999.0 -9999.0 -9999.0 -9999.0 -9999.0 -9999.0 -9999.0 -9999.0 -9999.0 -9999.0 -9999.0 -9999.0 -9999.0 -9999.0 -9999.0 -9999.0 -9999.0 -9999.0 -9999.0 -9999.0 -9999.0 -9999.0 -9999.0 -9999.0 -9999.0 -9999.0 -9999.0 -9999.0 -9999.0 -9999.0 -9999.0 -9999.0 -9999.0 -9999.0 -9999.0 -9999.0 -9999.0 -9999.0 -9999.0 -9999.0 -9999.0 -9999.0 -9999.0 -9999.0 -9999.0 -9999.0 -9999.0 -9999.0 -9999.0 -9999.0 -9999.0 -9999.0 -9999.0 -9999.0 -9999.0 -9999.0 -9999.0 -9999.0 -9999.0 -9999.0 -9999.0 -9999.0 -9999.0 -9999.0 -9999.0 -9999.0 -9999.0 -9999.0 -9999.0 -9999.0 -9999.0 -9999.0 -9999.0 -9999.0 -9999.0 -9999.0 -9999.0 -9999.0 -9999.0 -9999.0 -9999.0 -9999.0 -9999.0 -9999.0 -9999.0 -9999.0 -9999.0 -9999.0 -9999.0 -9999.0
-9999.0 -9999.0 -9999.0 -9999.0 -9999.0 -9999.0 -9999.0 -9999.0 -9999.0 -9999.0 -9999.0 -9999.0 -9999.0 -9999.0 -9999.0 -9999.0 -9999.0 -9999.0 -9999.0 -9999.0 -9999.0 -9999.0 -9999.0 -9999.0 -9999.0 -9999.0 -9999.0 -9999.0 -9999.0 -9999.0 -9999.0 -9999.0 -9999.0 -9999.0 -9999.0 -9999.0 -9999.0 -9999.0 -9999.0 -9999.0 -9999.0 -9999.0 -9999.0 -9999.0 -9999.0 -9999.0 -9999.0 -9999.0 -9999.0 -9999.0 -9999.0 -9999.0 -9999.0 -9999.0 -9999.0 -9999.0 -9999.0 -9999.0 -9999.0 -9999.0 -9999.0 -9999.0 -9999.0 -9999.0 -9999.0 -9999.0 -9999.0 -9999.0 -9999.0 -9999.0 -9999.0 -9999.0 -9999.0 -9999.0 -9999.0 -9999.0 -9999.0 -9999.0 -9999.0 -9999.0 -9999.0 -9999.0 -9999.0 -9999.0 -9999.0 -9999.0 -9999.0 -9999.0 -9999.0 -9999.0 -9999.0 -9999.0 -9999.0 -9999.0 -9999.0 -9999.0 -9999.0 -9999.0 -9999.0 -9999.0 -9999.0 -9999.0 -9999.0 -9999.0
-9999.0 -9999.0 524.114921 426.636027 328.420349 229.829358 131.075767 32.254537 -66.584148 -165.419351 -264.231569 -362.987152 -461.619862 -559.987712 -657.889417 -755.564529 -853.279491 -950.707555 -1047.830238 -1143.374722 -1235.043227 -1321.226085 -1399.006708 -1466.001559 -1521.100246 -1564.561294 -1597.644100 -1622.099135 -1639.750304 -1652.246258 -1660.955240 -1666.949334 -1671.034408 -1673.797570 -1675.656807 -1676.906790 -1677.763869 -1678.441221 -1679.401608 -1682.220080 -1690.791745 -1701.076824 -1445.411528 -1842.117835 -1740.005743 -1678.657860 -1651.413713 -1647.821715 -1647.456312 -1647.493734 -1647.588362 -1647.689825 -1647.787252 -1647.877426 -1647.960900 -1648.056145 -1648.344409 -1650.373078 -1664.309687 -1696.527298 -1739.298390 -1345.901827 -1666.956021 -1683.436098 -1680.835193 -1679.772632 -1679.550545 -1679.512723 -1679.507155 -1679.506875 -1679.507383 -1679.507912 -1679.508342 -1679.508676 -1679.508935 -1679.509138 -1679.509301 -1679.509436 -1679.509550 -1679.509654 -1679.509757 -1679.509871 -1679.510013 -1679.510208 -1679.510491 -1679.510922 -1679.511596 -1679.512672 -1679.514423 -1679.517330 -1679.522278 -1679.530936 -1679.546552 -1679.575579 -1679.631113 -1679.740493 -1679.963593 -1680.440864 -1681.528721 -1684.214081 -1691.597888 -1715.396621 -9999.0 -9999.0
-9999.0 -9999.0 524.120575 426.637663 328.420813 229.829499 131.075813 32.254553 -66.584142 -165.419349 -264.231568 -362.987151 -461.619862 -559.987712 -657.889417 -755.564530 -853.279491 -950.707555 -1047.830238 -1143.374722 -1235.043228 -1321.226085 -1399.006708 -1466.001560 -1521.100246 -1564.561294 -1597.644100 -1622.099135 -1639.750304 -1652.246258 -1660.955240 -1666.949334 -1671.034408 -1673.797570 -1675.656807 -1676.906790 -1677.763869 -1678.441221 -1679.401608 -1682.220080 -1690.791745 -1701.076824 -1445.411527 -1842.117834 -1740.005742 -1678.657859 -1651.413713 -1647.821715 -1647.456312 -1647.493734 -1647.588362 -1647.689825 -1647.787252 -1647.877426 -1647.960900 -1648.056145 -1648.344409 -1650.373078 -1664.309686 -1696.527298 -1739.298390 -1345.901827 -1666.956021 -1683.436098 -1680.835193 -1679.772632 -1679.550545 -1679.512723 -1679.507155 -1679.506875 -1679.507383 -1679.507912 -1679.508342 -1679.508676 -1679.508935 -1679.509138 -1679.509301 -1679.509436 -1679.509550 -1679.509654 -1679.509757 -1679.509871 -1679.510013 -1679.510208 -1679.510491 -1679.510922 -1679.511596 -1679.512672 -1679.514423 -1679.517330 -1679.522278 -1679.530936 -1679.546552 -1679.575579 -1679.631113 -1679.740493 -1679.963593 -1680.440864 -1681.528721 -1684.214081 -1691.597888 -1715.396621 -9999.0 -9999.0
-9999.0 -9999.0 524.122005 426.638411 328.421114 229.829610 131.075853 32.254567 -66.584137 -165.419347 -264.231567 -362.987151 -461.619862 -559.987712 -657.889417 -755.564530 -853.279491 -950.707555 -1047.830238 -1143.374722 -1235.043228 -1321.226085 -1399.006708 -1466.001560 -1521.100247 -1564.561294 -1597.644100 -1622.099135 -1639.750304 -1652.246258 -1660.955240 -1666.949335 -1671.034408 -1673.797570 -1675.656807 -1676.906790 -1677.763869 -1678.441221 -1679.401608 -1682.220080 -1690.791745 -1701.076824 -1445.411527 -1842.117834 -1740.005742 -1678.657858 -1651.413713 -1647.821715 -1647.456312 -1647.493734 -1647.588362 -1647.689825 -1647.787252 -1647.877426 -1647.960900 -1648.056145 -1648.344409 -1650.373078 -1664.309686 -1696.527298 -1739.298390 -1345.901827 -1666.956021 -1683.436098 -1680.835193 -1679.772632 -1679.550545 -1679.512723 -1679.507155 -1679.506875 -1679.507383 -1679.507912 -1679.508342 -1679.508676 -1679.508935 -1679.509138 -1679.509301 -1679.509436 -1679.509550 -1679.509654 -1679.509757 -1679.509871 -1679.510013 -1679.510208 -1679.510491 -1679.510922 -1679.511596 -1679.512672 -1679.514423 -1679.517330 -1679.522278 -1679.530936 -1679.546552 -1679.575579 -1679.631113 -1679.740493 -1679.963593 -1680.440864 -1681.528721 -1684.214081 -1691.597888 -1715.396621 -9999.0 -9999.0
-9999.0 -9999.0 524.122005 426.638411 328.421114 229.829610 131.075853 32.254567 -66.584137 -165.419347 -264.231567 -362.987151 -461.619862 -559.987712 -657.889417 -755.564530 -853.279491 -950.707555 -1047.830238 -1143.374722 -1235.043228 -1321.226085 -1399.006708 -1466.001560 -1521.100247 -1564.561294 -1597.644100 -1622.099135 -1639.750304 -1652.246258 -1660.955240 -1666.949335 -1671.034408 -1673.797570 -1675.656807 -1676.906790 -1677.763869 -1678.441221 -1679.401608 -1682.220080 -1690.791745 -1701.076824 -1445.411527 -1842.117834 -1740.005742 -1678.657858 -1651.413713 -1647.821715 -1647.456312 -1647.493734 -1647.588362 -1647.689825 -1647.787252 -1647.877426 -1647.960900 -1648.056145 -1648.344409 -1650.373078 -1664.309686 -1696.527298 -1739.298390 -1345.901827 -1666.956021 -1683.436098 -1680.835193 -1679.772632 -1679.550545 -1679.512723 -1679.507155 -1679.506875 -1679.507383 -1679.507912 -1679.508342 -1679.508676 -1679.508935 -1679.509138 -1679.509301 -1679.509436 -1679.509550 -1679.509654 -1679.509757 -1679.509871 -1679.510013 -1679.510208 -1679.510491 -1679.510922 -1679.511596 -1679.512672 -1679.514423 -1679.517330 -1679.522278 -1679.530936 -1679.546552 -1679.575579 -1679.631113 -1679.740493 -1679.963593 -1680.440864 -1681.528721 -1684.214081 -1691.597888 -1715.396621 -9999.0 -9999.0
-9999.0 -9999.0 524.120575 426.637663 328.420813 229.829499 131.075813 32.254553 -66.584142 -165.419349 -264.231568 -362.987151 -461.619862 -559.987712 -657.889417 -755.564530 -853.279491 -950.707555 -1047.830238 -1143.374722 -1235.043228 -1321.226085 -1399.006708 -1466.001560 -1521.100246 -1564.561294 -1597.644100 -1622.099135 -1639.750304 -1652.246258 -1660.955240 -1666.949334 -1671.034408 -1673.797570 -1675.656807 -1676.906790 -1677.763869 -1678.441221 -1679.401608 -1682.220080 -1690.791745 -1701.076824 -1445.411527 -1842.117834 -1740.005742 -1678.657859 -1651.413713 -1647.821715 -1647.456312 -1647.493734 -1647.588362 -1647.689825 -1647.787252 -1647.877426 -1647.960900 -1648.056145 -1648.344409 -1650.373078 -1664.309686 -1696.527298 -1739.298390 -1345.901827 -1666.956021 -1683.436098 -1680.835193 -1679.772632 -1679.550545 -1679.512723 -1679.507155 -1679.506875 -1679.507383 -1679.507912 -1679.508342 -1679.508676 -1679.508935 -1679.509138 -1679.509301 -1679.509436 -1679.509550 -1679.509654 -1679.509757 -1679.509871 -1679.510013 -1679.510208 -1679.510491 -1679.510922 -1679.511596 -1679.512672 -1679.514423 -1679.517330 -1679.522278 -1679.530936 -1679.546552 -1679.575579 -1679.631113 -1679.740493 -1679.963593 -1680.440864 -1681.528721 -1684.214081 -1691.597888 -1715.396621 -9999.0 -9999.0
-9999.0 -9999.0 524.114921 426.636027 328.420349 229.829358 131.075767 32.254537 -66.584148 -165.419351 -264.231569 -362.987152 -461.619862 -559.987712 -657.889417 -755.564529 -853.279491 -950.707555 -1047.830238 -1143.374722 -1235.043227 -1321.226085 -1399.006708 -1466.001559 -1521.100246 -1564.561294 -1597.644100 -1622.099135 -1639.750304 -1652.246258 -1660.955240 -1666.949334 -1671.034408 -1673.797570 -1675.656807 -1676.906790 -1677.763869 -1678.441221 -1679.401608 -1682.220080 -1690.791745 -1701.076824 -1445.411528 -1842.117835 -1740.005743 -1678.657860 -1651.413713 -1647.821715 -1647.456312 -1647.493734 -1647.588362 -1647.689825 -1647.787252 -1647.877426 -1647.960900 -1648.056145 -1648.344409 -1650.373078 -1664.309687 -1696.527298 -1739.298390 -1345.901827 -1666.956021 -1683.436098 -1680.835193 -1679.772632 -1679.550545 -1679.512723 -1679.507155 -1679.506875 -1679.507383 -1679.507912 -1679.508342 -1679.508676 -1679.508935 -1679.509138 -1679.509301 -1679.509436 -1679.509550 -1679.509654 -1679.509757 -1679.509871 -1679.510013 -1679.510208 -1679.510491 -1679.510922 -1679.511596 -1679.512672 -1679.514423 -1679.517330 -1679.522278 -1679.530936 -1679.546552 -1679.575579 -1679.631113 -1679.740493 -1679.963593 -1680.440864 -1681.528721 -1684.214081 -1691.597888 -1715.396621 -9999.0 -9999.0
-9999.0 -9999.0 -9999.0 -9999.0 -9999.0 -9999.0 -9999.0 -9999.0 -9999.0 -9999.0 -9999.0 -9999.0 -9999.0 -9999.0 -9999.0 -9999.0 -9999.0 -9999.0 -9999.0 -9999.0 -9999.0 -9999.0 -9999.0 -9999.0 -9999.0 -9999.0 -9999.0 -9999.0 -9999.0 -9999.0 -9999.0 -9999.0 -9999.0 -9999.0 -9999.0 -9999.0 -9999.0 -9999.0 -9999.0 -9999.0 -9999.0 -9999.0 -9999.0 -9999.0 -9999.0 -9999.0 -9999.0 -9999.0 -9999.0 -9999.0 -9999.0 -9999.0 -9999.0 -9999.0 -9999.0 -9999.0 -9999.0 -9999.0 -9999.0 -9999.0 -9999.0 -9999.0 -9999.0 -9999.0 -9999.0 -9999.0 -9999.0 -9999.0 -9999.0 -9999.0 -9999.0 -9999.0 -9999.0 -9999.0 -9999.0 -9999.0 -9999.0 -9999.0 -9999.0 -9999.0 -9999.0 -9999.0 -9999.0 -9999.0 -9999.0 -9999.0 -9999.0 -9999.0 -9999.0 -9999.0 -9999.0 -9999.0 -9999.0 -9999.0 -9999.0 -9999.0 -9999.0 -9999.0 -9999.0 -9999.0 -9999.0 -9999.0 -9999.0 -9999.0
-9999.0 -9999.0 -9999.0 -9999.0 -9999.0 -9999.0 -9999.0 -9999.0 -9999.0 -9999.0 -9999.0 -9999.0 -9999.0 -9999.0 -9999.0 -9999.0 -9999.0 -9999.0 -9999.0 -9999.0 -9999.0 -9999.0 -9999.0 -9999.0 -9999.0 -9999.0 -9999.0 -9999.0 -9999.0 -9999.0 -9999.0 -9999.0 -9999.0 -9999.0 -9999.0 -9999.0 -9999.0 -9999.0 -9999.0 -9999.0 -9999.0 -9999.0 -9999.0 -9999.0 -9999.0 -9999.0 -9999.0 -9999.0 -9999.0 -9999.0 -9999.0 -9999.0 -9999.0 -9999.0 -9999.0 -9999.0 -9999.0 -9999.0 -9999.0 -9999.0 -9999.0 -9999.0 -9999.0 -9999.0 -9999.0 -9999.0 -9999.0 -9999.0 -9999.0 -9999.0 -9999.0 -9999.0 -9999.0 -9999.0 -9999.0 -9999.0 -9999.0 -9999.0 -9999.0 -9999.0 -9999.0 -9999.0 -9999.0 -9999.0 -9999.0 -9999.0 -9999.0 -9999.0 -9999.0 -9999.0 -9999.0 -9999.0 -9999.0 -9999.0 -9999.0 -9999.0 -9999.0 -9999.0 -9999.0 -9999.0 -9999.0 -9999.0 -9999.0 -9999.0