inst/processing_geotop_simulation/geotop_simulation/out/maps3D/PwL0001N0243.asc
ncols         104
nrows         10
xllcorner     -2.000000
yllcorner     0.000000
cellsize      1.000000
NODATA_value  -9999.0
-9999.0 -9999.0 -9999.0 -9999.0 -9999.0 -9999.0 -9999.0 -9999.0 -9999.0 -9999.0 -9999.0 -9999.0 -9999.0 -9999.0 -9999.0 -9999.0 -9999.0 -9999.0 -9999.0 -9999.0 -9999.0 -9999.0 -9999.0 -9999.0 -9999.0 -9999.0 -9999.0 -9999.0 -9999.0 -9999.0 -9999.0 -9999.0 -9999.0 -9999.0 -9999.0 -9999.0 -9999.0 -9999.0 -9999.0 -9999.0 -9999.0 -9999.0 -9999.0 -9999.0 -9999.0 -9999.0 -9999.0 -9999.0 -9999.0 -9999.0 -9999.0 -9999.0 -9999.0 -9999.0 -9999.0 -9999.0 -9999.0 -9999.0 -9999.0 -9999.0 -9999.0 -9999.0 -9999.0 -9999.0 -9999.0 -9999.0 -9999.0 -9999.0 -9999.0 -9999.0 -9999.0 -9999.0 -9999.0 -9999.0 -9999.0 -9999.0 -9999.0 -9999.0 -9999.0 -9999.0 -9999.0 -9999.0 -9999.0 -9999.0 -9999.0 -9999.0 -9999.0 -9999.0 -9999.0 -9999.0 -9999.0 -9999.0 -9999.0 -9999.0 -9999.0 -9999.0 -9999.0 -9999.0 -9999.0 -9999.0 -9999.0 -9999.0 -9999.0 -9999.0
-9999.0 -9999.0 -9999.0 -9999.0 -9999.0 -9999.0 -9999.0 -9999.0 -9999.0 -9999.0 -9999.0 -9999.0 -9999.0 -9999.0 -9999.0 -9999.0 -9999.0 -9999.0 -9999.0 -9999.0 -9999.0 -9999.0 -9999.0 -9999.0 -9999.0 -9999.0 -9999.0 -9999.0 -9999.0 -9999.0 -9999.0 -9999.0 -9999.0 -9999.0 -9999.0 -9999.0 -9999.0 -9999.0 -9999.0 -9999.0 -9999.0 -9999.0 -9999.0 -9999.0 -9999.0 -9999.0 -9999.0 -9999.0 -9999.0 -9999.0 -9999.0 -9999.0 -9999.0 -9999.0 -9999.0 -9999.0 -9999.0 -9999.0 -9999.0 -9999.0 -9999.0 -9999.0 -9999.0 -9999.0 -9999.0 -9999.0 -9999.0 -9999.0 -9999.0 -9999.0 -9999.0 -9999.0 -9999.0 -9999.0 -9999.0 -9999.0 -9999.0 -9999.0 -9999.0 -9999.0 -9999.0 -9999.0 -9999.0 -9999.0 -9999.0 -9999.0 -9999.0 -9999.0 -9999.0 -9999.0 -9999.0 -9999.0 -9999.0 -9999.0 -9999.0 -9999.0 -9999.0 -9999.0 -9999.0 -9999.0 -9999.0 -9999.0 -9999.0 -9999.0
-9999.0 -9999.0 28.072818 -65.595410 -162.709645 -260.570734 -358.701194 -456.915854 -555.118745 -653.224384 -751.064396 -848.501274 -945.425805 -1041.674458 -1137.785952 -1233.629446 -1328.020082 -1420.368091 -1510.151044 -1595.671276 -1672.496445 -1736.256957 -1785.402601 -1821.233425 -1846.432591 -1863.794669 -1875.629581 -1883.646137 -1889.045553 -1892.658309 -1895.058057 -1896.640667 -1897.677825 -1898.354137 -1898.793845 -1899.081622 -1899.282553 -1899.481014 -1899.957384 -1901.962916 -1908.332265 -1885.809043 -1169.034532 -1165.691563 -1155.290822 -1148.632533 -1145.505165 -1145.035910 -1144.986444 -1144.992550 -1145.006897 -1145.022268 -1145.037036 -1145.050709 -1145.063371 -1145.077820 -1145.120643 -1145.403187 -1147.076187 -1150.816013 -1156.372657 -1152.329708 -1864.283583 -1902.946500 -1900.777907 -1899.884128 -1899.718989 -1899.692782 -1899.689259 -1899.689464 -1899.690191 -1899.690860 -1899.691389 -1899.691792 -1899.692102 -1899.692341 -1899.692531 -1899.692685 -1899.692813 -1899.692927 -1899.693040 -1899.693165 -1899.693323 -1899.693542 -1899.693868 -1899.694369 -1899.695157 -1899.696421 -1899.698477 -1899.701884 -1899.707654 -1899.717688 -1899.735655 -1899.768798 -1899.831625 -1899.953710 -1900.197306 -1900.701478 -1901.803745 -1904.407284 -1911.304572 -1933.475827 -9999.0 -9999.0
-9999.0 -9999.0 28.085669 -65.593272 -162.709112 -260.570579 -358.701145 -456.915837 -555.118739 -653.224382 -751.064396 -848.501274 -945.425805 -1041.674458 -1137.785952 -1233.629446 -1328.020082 -1420.368091 -1510.151044 -1595.671276 -1672.496445 -1736.256957 -1785.402601 -1821.233425 -1846.432592 -1863.794669 -1875.629581 -1883.646137 -1889.045553 -1892.658309 -1895.058057 -1896.640667 -1897.677825 -1898.354137 -1898.793845 -1899.081622 -1899.282553 -1899.481014 -1899.957384 -1901.962916 -1908.332265 -1885.809043 -1169.034532 -1165.691563 -1155.290821 -1148.632533 -1145.505165 -1145.035910 -1144.986444 -1144.992550 -1145.006897 -1145.022268 -1145.037036 -1145.050709 -1145.063371 -1145.077820 -1145.120643 -1145.403187 -1147.076187 -1150.816013 -1156.372657 -1152.329708 -1864.283583 -1902.946500 -1900.777907 -1899.884128 -1899.718989 -1899.692782 -1899.689259 -1899.689464 -1899.690191 -1899.690860 -1899.691389 -1899.691792 -1899.692102 -1899.692341 -1899.692531 -1899.692685 -1899.692813 -1899.692927 -1899.693040 -1899.693165 -1899.693323 -1899.693542 -1899.693868 -1899.694369 -1899.695157 -1899.696421 -1899.698477 -1899.701884 -1899.707654 -1899.717688 -1899.735655 -1899.768798 -1899.831625 -1899.953710 -1900.197306 -1900.701478 -1901.803745 -1904.407284 -1911.304572 -1933.475827 -9999.0 -9999.0
-9999.0 -9999.0 28.086856 -65.592418 -162.708775 -260.570457 -358.701101 -456.915822 -555.118734 -653.224380 -751.064395 -848.501273 -945.425804 -1041.674458 -1137.785952 -1233.629446 -1328.020082 -1420.368091 -1510.151044 -1595.671276 -1672.496445 -1736.256957 -1785.402601 -1821.233425 -1846.432592 -1863.794669 -1875.629581 -1883.646137 -1889.045553 -1892.658309 -1895.058057 -1896.640667 -1897.677825 -1898.354137 -1898.793845 -1899.081622 -1899.282553 -1899.481014 -1899.957384 -1901.962916 -1908.332265 -1885.809043 -1169.034532 -1165.691563 -1155.290821 -1148.632533 -1145.505165 -1145.035910 -1144.986444 -1144.992550 -1145.006897 -1145.022268 -1145.037036 -1145.050709 -1145.063371 -1145.077820 -1145.120643 -1145.403187 -1147.076187 -1150.816013 -1156.372657 -1152.329708 -1864.283583 -1902.946500 -1900.777907 -1899.884128 -1899.718989 -1899.692782 -1899.689259 -1899.689464 -1899.690191 -1899.690860 -1899.691389 -1899.691792 -1899.692102 -1899.692341 -1899.692531 -1899.692685 -1899.692813 -1899.692927 -1899.693040 -1899.693165 -1899.693323 -1899.693542 -1899.693868 -1899.694369 -1899.695157 -1899.696421 -1899.698477 -1899.701884 -1899.707654 -1899.717688 -1899.735655 -1899.768798 -1899.831625 -1899.953710 -1900.197306 -1900.701478 -1901.803745 -1904.407284 -1911.304572 -1933.475827 -9999.0 -9999.0
-9999.0 -9999.0 28.086856 -65.592418 -162.708775 -260.570457 -358.701101 -456.915822 -555.118734 -653.224380 -751.064395 -848.501273 -945.425804 -1041.674458 -1137.785952 -1233.629446 -1328.020082 -1420.368091 -1510.151044 -1595.671276 -1672.496445 -1736.256957 -1785.402601 -1821.233425 -1846.432592 -1863.794669 -1875.629581 -1883.646137 -1889.045553 -1892.658309 -1895.058057 -1896.640667 -1897.677825 -1898.354137 -1898.793845 -1899.081622 -1899.282553 -1899.481014 -1899.957384 -1901.962916 -1908.332265 -1885.809043 -1169.034532 -1165.691563 -1155.290821 -1148.632533 -1145.505165 -1145.035910 -1144.986444 -1144.992550 -1145.006897 -1145.022268 -1145.037036 -1145.050709 -1145.063371 -1145.077820 -1145.120643 -1145.403187 -1147.076187 -1150.816013 -1156.372657 -1152.329708 -1864.283583 -1902.946500 -1900.777907 -1899.884128 -1899.718989 -1899.692782 -1899.689259 -1899.689464 -1899.690191 -1899.690860 -1899.691389 -1899.691792 -1899.692102 -1899.692341 -1899.692531 -1899.692685 -1899.692813 -1899.692927 -1899.693040 -1899.693165 -1899.693323 -1899.693542 -1899.693868 -1899.694369 -1899.695157 -1899.696421 -1899.698477 -1899.701884 -1899.707654 -1899.717688 -1899.735655 -1899.768798 -1899.831625 -1899.953710 -1900.197306 -1900.701478 -1901.803745 -1904.407284 -1911.304572 -1933.475827 -9999.0 -9999.0
-9999.0 -9999.0 28.085669 -65.593272 -162.709112 -260.570579 -358.701145 -456.915837 -555.118739 -653.224382 -751.064396 -848.501274 -945.425805 -1041.674458 -1137.785952 -1233.629446 -1328.020082 -1420.368091 -1510.151044 -1595.671276 -1672.496445 -1736.256957 -1785.402601 -1821.233425 -1846.432592 -1863.794669 -1875.629581 -1883.646137 -1889.045553 -1892.658309 -1895.058057 -1896.640667 -1897.677825 -1898.354137 -1898.793845 -1899.081622 -1899.282553 -1899.481014 -1899.957384 -1901.962916 -1908.332265 -1885.809043 -1169.034532 -1165.691563 -1155.290821 -1148.632533 -1145.505165 -1145.035910 -1144.986444 -1144.992550 -1145.006897 -1145.022268 -1145.037036 -1145.050709 -1145.063371 -1145.077820 -1145.120643 -1145.403187 -1147.076187 -1150.816013 -1156.372657 -1152.329708 -1864.283583 -1902.946500 -1900.777907 -1899.884128 -1899.718989 -1899.692782 -1899.689259 -1899.689464 -1899.690191 -1899.690860 -1899.691389 -1899.691792 -1899.692102 -1899.692341 -1899.692531 -1899.692685 -1899.692813 -1899.692927 -1899.693040 -1899.693165 -1899.693323 -1899.693542 -1899.693868 -1899.694369 -1899.695157 -1899.696421 -1899.698477 -1899.701884 -1899.707654 -1899.717688 -1899.735655 -1899.768798 -1899.831625 -1899.953710 -1900.197306 -1900.701478 -1901.803745 -1904.407284 -1911.304572 -1933.475827 -9999.0 -9999.0
-9999.0 -9999.0 28.072818 -65.595410 -162.709645 -260.570734 -358.701194 -456.915854 -555.118745 -653.224384 -751.064396 -848.501274 -945.425805 -1041.674458 -1137.785952 -1233.629446 -1328.020082 -1420.368091 -1510.151044 -1595.671276 -1672.496445 -1736.256957 -1785.402601 -1821.233425 -1846.432591 -1863.794669 -1875.629581 -1883.646137 -1889.045553 -1892.658309 -1895.058057 -1896.640667 -1897.677825 -1898.354137 -1898.793845 -1899.081622 -1899.282553 -1899.481014 -1899.957384 -1901.962916 -1908.332265 -1885.809043 -1169.034532 -1165.691563 -1155.290822 -1148.632533 -1145.505165 -1145.035910 -1144.986444 -1144.992550 -1145.006897 -1145.022268 -1145.037036 -1145.050709 -1145.063371 -1145.077820 -1145.120643 -1145.403187 -1147.076187 -1150.816013 -1156.372657 -1152.329708 -1864.283583 -1902.946500 -1900.777907 -1899.884128 -1899.718989 -1899.692782 -1899.689259 -1899.689464 -1899.690191 -1899.690860 -1899.691389 -1899.691792 -1899.692102 -1899.692341 -1899.692531 -1899.692685 -1899.692813 -1899.692927 -1899.693040 -1899.693165 -1899.693323 -1899.693542 -1899.693868 -1899.694369 -1899.695157 -1899.696421 -1899.698477 -1899.701884 -1899.707654 -1899.717688 -1899.735655 -1899.768798 -1899.831625 -1899.953710 -1900.197306 -1900.701478 -1901.803745 -1904.407284 -1911.304572 -1933.475827 -9999.0 -9999.0
-9999.0 -9999.0 -9999.0 -9999.0 -9999.0 -9999.0 -9999.0 -9999.0 -9999.0 -9999.0 -9999.0 -9999.0 -9999.0 -9999.0 -9999.0 -9999.0 -9999.0 -9999.0 -9999.0 -9999.0 -9999.0 -9999.0 -9999.0 -9999.0 -9999.0 -9999.0 -9999.0 -9999.0 -9999.0 -9999.0 -9999.0 -9999.0 -9999.0 -9999.0 -9999.0 -9999.0 -9999.0 -9999.0 -9999.0 -9999.0 -9999.0 -9999.0 -9999.0 -9999.0 -9999.0 -9999.0 -9999.0 -9999.0 -9999.0 -9999.0 -9999.0 -9999.0 -9999.0 -9999.0 -9999.0 -9999.0 -9999.0 -9999.0 -9999.0 -9999.0 -9999.0 -9999.0 -9999.0 -9999.0 -9999.0 -9999.0 -9999.0 -9999.0 -9999.0 -9999.0 -9999.0 -9999.0 -9999.0 -9999.0 -9999.0 -9999.0 -9999.0 -9999.0 -9999.0 -9999.0 -9999.0 -9999.0 -9999.0 -9999.0 -9999.0 -9999.0 -9999.0 -9999.0 -9999.0 -9999.0 -9999.0 -9999.0 -9999.0 -9999.0 -9999.0 -9999.0 -9999.0 -9999.0 -9999.0 -9999.0 -9999.0 -9999.0 -9999.0 -9999.0
-9999.0 -9999.0 -9999.0 -9999.0 -9999.0 -9999.0 -9999.0 -9999.0 -9999.0 -9999.0 -9999.0 -9999.0 -9999.0 -9999.0 -9999.0 -9999.0 -9999.0 -9999.0 -9999.0 -9999.0 -9999.0 -9999.0 -9999.0 -9999.0 -9999.0 -9999.0 -9999.0 -9999.0 -9999.0 -9999.0 -9999.0 -9999.0 -9999.0 -9999.0 -9999.0 -9999.0 -9999.0 -9999.0 -9999.0 -9999.0 -9999.0 -9999.0 -9999.0 -9999.0 -9999.0 -9999.0 -9999.0 -9999.0 -9999.0 -9999.0 -9999.0 -9999.0 -9999.0 -9999.0 -9999.0 -9999.0 -9999.0 -9999.0 -9999.0 -9999.0 -9999.0 -9999.0 -9999.0 -9999.0 -9999.0 -9999.0 -9999.0 -9999.0 -9999.0 -9999.0 -9999.0 -9999.0 -9999.0 -9999.0 -9999.0 -9999.0 -9999.0 -9999.0 -9999.0 -9999.0 -9999.0 -9999.0 -9999.0 -9999.0 -9999.0 -9999.0 -9999.0 -9999.0 -9999.0 -9999.0 -9999.0 -9999.0 -9999.0 -9999.0 -9999.0 -9999.0 -9999.0 -9999.0 -9999.0 -9999.0 -9999.0 -9999.0 -9999.0 -9999.0