inst/processing_geotop_simulation/geotop_simulation/out/maps3D/PwL0005N0304.asc
ncols         104
nrows         10
xllcorner     -2.000000
yllcorner     0.000000
cellsize      1.000000
NODATA_value  -9999.0
-9999.0 -9999.0 -9999.0 -9999.0 -9999.0 -9999.0 -9999.0 -9999.0 -9999.0 -9999.0 -9999.0 -9999.0 -9999.0 -9999.0 -9999.0 -9999.0 -9999.0 -9999.0 -9999.0 -9999.0 -9999.0 -9999.0 -9999.0 -9999.0 -9999.0 -9999.0 -9999.0 -9999.0 -9999.0 -9999.0 -9999.0 -9999.0 -9999.0 -9999.0 -9999.0 -9999.0 -9999.0 -9999.0 -9999.0 -9999.0 -9999.0 -9999.0 -9999.0 -9999.0 -9999.0 -9999.0 -9999.0 -9999.0 -9999.0 -9999.0 -9999.0 -9999.0 -9999.0 -9999.0 -9999.0 -9999.0 -9999.0 -9999.0 -9999.0 -9999.0 -9999.0 -9999.0 -9999.0 -9999.0 -9999.0 -9999.0 -9999.0 -9999.0 -9999.0 -9999.0 -9999.0 -9999.0 -9999.0 -9999.0 -9999.0 -9999.0 -9999.0 -9999.0 -9999.0 -9999.0 -9999.0 -9999.0 -9999.0 -9999.0 -9999.0 -9999.0 -9999.0 -9999.0 -9999.0 -9999.0 -9999.0 -9999.0 -9999.0 -9999.0 -9999.0 -9999.0 -9999.0 -9999.0 -9999.0 -9999.0 -9999.0 -9999.0 -9999.0 -9999.0
-9999.0 -9999.0 -9999.0 -9999.0 -9999.0 -9999.0 -9999.0 -9999.0 -9999.0 -9999.0 -9999.0 -9999.0 -9999.0 -9999.0 -9999.0 -9999.0 -9999.0 -9999.0 -9999.0 -9999.0 -9999.0 -9999.0 -9999.0 -9999.0 -9999.0 -9999.0 -9999.0 -9999.0 -9999.0 -9999.0 -9999.0 -9999.0 -9999.0 -9999.0 -9999.0 -9999.0 -9999.0 -9999.0 -9999.0 -9999.0 -9999.0 -9999.0 -9999.0 -9999.0 -9999.0 -9999.0 -9999.0 -9999.0 -9999.0 -9999.0 -9999.0 -9999.0 -9999.0 -9999.0 -9999.0 -9999.0 -9999.0 -9999.0 -9999.0 -9999.0 -9999.0 -9999.0 -9999.0 -9999.0 -9999.0 -9999.0 -9999.0 -9999.0 -9999.0 -9999.0 -9999.0 -9999.0 -9999.0 -9999.0 -9999.0 -9999.0 -9999.0 -9999.0 -9999.0 -9999.0 -9999.0 -9999.0 -9999.0 -9999.0 -9999.0 -9999.0 -9999.0 -9999.0 -9999.0 -9999.0 -9999.0 -9999.0 -9999.0 -9999.0 -9999.0 -9999.0 -9999.0 -9999.0 -9999.0 -9999.0 -9999.0 -9999.0 -9999.0 -9999.0
-9999.0 -9999.0 225.836120 129.160806 31.009163 -67.597006 -166.379477 -265.230592 -364.091314 -462.920846 -561.661304 -660.168144 -758.356724 -856.311783 -954.081770 -1051.881045 -1149.209875 -1245.181629 -1339.322837 -1430.535448 -1516.595885 -1594.093149 -1659.929636 -1712.785086 -1753.272521 -1783.201325 -1804.759046 -1819.993386 -1830.600250 -1837.894956 -1842.859658 -1846.209012 -1848.452491 -1849.946975 -1850.939060 -1851.599304 -1852.054691 -1852.447925 -1853.155879 -1855.494714 -1861.030601 -1832.297185 -1156.226152 -1170.877868 -1155.905012 -1146.168774 -1141.613747 -1140.935432 -1140.863447 -1140.870624 -1140.889242 -1140.909261 -1140.928501 -1140.946317 -1140.962861 -1140.982158 -1141.042304 -1141.445950 -1143.862508 -1149.248719 -1156.600368 -1131.441927 -1806.839785 -1854.831450 -1854.096502 -1853.199160 -1853.000921 -1852.967040 -1852.962105 -1852.961932 -1852.962464 -1852.963000 -1852.963432 -1852.963765 -1852.964021 -1852.964221 -1852.964380 -1852.964510 -1852.964619 -1852.964717 -1852.964815 -1852.964923 -1852.965059 -1852.965248 -1852.965527 -1852.965954 -1852.966626 -1852.967703 -1852.969458 -1852.972374 -1852.977336 -1852.986009 -1853.001629 -1853.030609 -1853.085899 -1853.194312 -1853.413797 -1853.878314 -1854.924381 -1857.483923 -1864.528892 -1887.624612 -9999.0 -9999.0
-9999.0 -9999.0 225.845018 129.162740 31.009661 -67.596860 -166.379430 -265.230577 -364.091308 -462.920844 -561.661304 -660.168144 -758.356724 -856.311783 -954.081770 -1051.881045 -1149.209875 -1245.181629 -1339.322837 -1430.535449 -1516.595885 -1594.093149 -1659.929637 -1712.785086 -1753.272522 -1783.201325 -1804.759046 -1819.993386 -1830.600250 -1837.894956 -1842.859658 -1846.209012 -1848.452491 -1849.946975 -1850.939060 -1851.599304 -1852.054691 -1852.447925 -1853.155879 -1855.494714 -1861.030601 -1832.297185 -1156.226152 -1170.877868 -1155.905012 -1146.168774 -1141.613747 -1140.935432 -1140.863447 -1140.870624 -1140.889242 -1140.909261 -1140.928501 -1140.946317 -1140.962861 -1140.982158 -1141.042304 -1141.445950 -1143.862508 -1149.248719 -1156.600368 -1131.441927 -1806.839785 -1854.831450 -1854.096502 -1853.199160 -1853.000921 -1852.967040 -1852.962105 -1852.961932 -1852.962464 -1852.963000 -1852.963432 -1852.963765 -1852.964021 -1852.964221 -1852.964380 -1852.964510 -1852.964619 -1852.964717 -1852.964815 -1852.964923 -1852.965059 -1852.965248 -1852.965527 -1852.965954 -1852.966626 -1852.967703 -1852.969458 -1852.972374 -1852.977336 -1852.986009 -1853.001629 -1853.030609 -1853.085899 -1853.194312 -1853.413797 -1853.878314 -1854.924381 -1857.483923 -1864.528892 -1887.624612 -9999.0 -9999.0
-9999.0 -9999.0 225.846415 129.163537 31.009977 -67.596746 -166.379390 -265.230562 -364.091303 -462.920842 -561.661303 -660.168143 -758.356724 -856.311783 -954.081770 -1051.881045 -1149.209875 -1245.181629 -1339.322838 -1430.535449 -1516.595885 -1594.093149 -1659.929637 -1712.785086 -1753.272522 -1783.201325 -1804.759046 -1819.993386 -1830.600250 -1837.894956 -1842.859658 -1846.209012 -1848.452491 -1849.946975 -1850.939060 -1851.599304 -1852.054691 -1852.447925 -1853.155879 -1855.494714 -1861.030601 -1832.297185 -1156.226152 -1170.877868 -1155.905012 -1146.168774 -1141.613747 -1140.935431 -1140.863447 -1140.870624 -1140.889242 -1140.909261 -1140.928501 -1140.946317 -1140.962861 -1140.982158 -1141.042304 -1141.445950 -1143.862508 -1149.248719 -1156.600368 -1131.441927 -1806.839785 -1854.831450 -1854.096502 -1853.199160 -1853.000921 -1852.967040 -1852.962105 -1852.961932 -1852.962464 -1852.963000 -1852.963432 -1852.963765 -1852.964021 -1852.964221 -1852.964380 -1852.964510 -1852.964619 -1852.964717 -1852.964815 -1852.964923 -1852.965059 -1852.965248 -1852.965527 -1852.965954 -1852.966626 -1852.967703 -1852.969458 -1852.972374 -1852.977336 -1852.986009 -1853.001629 -1853.030609 -1853.085899 -1853.194312 -1853.413797 -1853.878314 -1854.924381 -1857.483923 -1864.528892 -1887.624612 -9999.0 -9999.0
-9999.0 -9999.0 225.846416 129.163537 31.009977 -67.596746 -166.379390 -265.230562 -364.091303 -462.920842 -561.661303 -660.168143 -758.356724 -856.311783 -954.081770 -1051.881045 -1149.209875 -1245.181629 -1339.322838 -1430.535449 -1516.595885 -1594.093149 -1659.929637 -1712.785086 -1753.272522 -1783.201325 -1804.759046 -1819.993386 -1830.600250 -1837.894956 -1842.859658 -1846.209012 -1848.452491 -1849.946975 -1850.939060 -1851.599304 -1852.054691 -1852.447925 -1853.155879 -1855.494714 -1861.030601 -1832.297185 -1156.226152 -1170.877868 -1155.905012 -1146.168774 -1141.613747 -1140.935431 -1140.863447 -1140.870624 -1140.889242 -1140.909261 -1140.928501 -1140.946317 -1140.962861 -1140.982158 -1141.042304 -1141.445950 -1143.862508 -1149.248719 -1156.600368 -1131.441927 -1806.839785 -1854.831450 -1854.096502 -1853.199160 -1853.000921 -1852.967040 -1852.962105 -1852.961932 -1852.962464 -1852.963000 -1852.963432 -1852.963765 -1852.964021 -1852.964221 -1852.964380 -1852.964510 -1852.964619 -1852.964717 -1852.964815 -1852.964923 -1852.965059 -1852.965248 -1852.965527 -1852.965954 -1852.966626 -1852.967703 -1852.969458 -1852.972374 -1852.977336 -1852.986009 -1853.001629 -1853.030609 -1853.085899 -1853.194312 -1853.413797 -1853.878314 -1854.924381 -1857.483923 -1864.528892 -1887.624612 -9999.0 -9999.0
-9999.0 -9999.0 225.845018 129.162740 31.009661 -67.596860 -166.379430 -265.230576 -364.091309 -462.920844 -561.661304 -660.168144 -758.356724 -856.311783 -954.081770 -1051.881045 -1149.209875 -1245.181629 -1339.322837 -1430.535449 -1516.595885 -1594.093149 -1659.929637 -1712.785086 -1753.272522 -1783.201325 -1804.759046 -1819.993386 -1830.600250 -1837.894956 -1842.859658 -1846.209012 -1848.452491 -1849.946975 -1850.939060 -1851.599304 -1852.054691 -1852.447925 -1853.155879 -1855.494714 -1861.030601 -1832.297185 -1156.226152 -1170.877868 -1155.905012 -1146.168774 -1141.613747 -1140.935432 -1140.863447 -1140.870624 -1140.889242 -1140.909261 -1140.928501 -1140.946317 -1140.962861 -1140.982158 -1141.042304 -1141.445950 -1143.862508 -1149.248719 -1156.600368 -1131.441927 -1806.839785 -1854.831450 -1854.096502 -1853.199160 -1853.000921 -1852.967040 -1852.962105 -1852.961932 -1852.962464 -1852.963000 -1852.963432 -1852.963765 -1852.964021 -1852.964221 -1852.964380 -1852.964510 -1852.964619 -1852.964717 -1852.964815 -1852.964923 -1852.965059 -1852.965248 -1852.965527 -1852.965954 -1852.966626 -1852.967703 -1852.969458 -1852.972374 -1852.977336 -1852.986009 -1853.001629 -1853.030609 -1853.085899 -1853.194312 -1853.413797 -1853.878314 -1854.924381 -1857.483923 -1864.528892 -1887.624612 -9999.0 -9999.0
-9999.0 -9999.0 225.836120 129.160806 31.009163 -67.597006 -166.379477 -265.230592 -364.091314 -462.920846 -561.661304 -660.168144 -758.356724 -856.311783 -954.081770 -1051.881045 -1149.209875 -1245.181629 -1339.322837 -1430.535448 -1516.595885 -1594.093149 -1659.929636 -1712.785086 -1753.272521 -1783.201325 -1804.759046 -1819.993386 -1830.600250 -1837.894956 -1842.859658 -1846.209012 -1848.452491 -1849.946975 -1850.939060 -1851.599304 -1852.054691 -1852.447925 -1853.155879 -1855.494714 -1861.030601 -1832.297185 -1156.226152 -1170.877868 -1155.905012 -1146.168774 -1141.613747 -1140.935432 -1140.863447 -1140.870624 -1140.889242 -1140.909261 -1140.928501 -1140.946317 -1140.962861 -1140.982158 -1141.042304 -1141.445950 -1143.862508 -1149.248719 -1156.600368 -1131.441927 -1806.839785 -1854.831450 -1854.096502 -1853.199160 -1853.000921 -1852.967040 -1852.962105 -1852.961932 -1852.962464 -1852.963000 -1852.963432 -1852.963765 -1852.964021 -1852.964221 -1852.964380 -1852.964510 -1852.964619 -1852.964717 -1852.964815 -1852.964923 -1852.965059 -1852.965248 -1852.965527 -1852.965954 -1852.966626 -1852.967703 -1852.969458 -1852.972374 -1852.977336 -1852.986009 -1853.001629 -1853.030609 -1853.085899 -1853.194312 -1853.413797 -1853.878314 -1854.924381 -1857.483923 -1864.528892 -1887.624612 -9999.0 -9999.0
-9999.0 -9999.0 -9999.0 -9999.0 -9999.0 -9999.0 -9999.0 -9999.0 -9999.0 -9999.0 -9999.0 -9999.0 -9999.0 -9999.0 -9999.0 -9999.0 -9999.0 -9999.0 -9999.0 -9999.0 -9999.0 -9999.0 -9999.0 -9999.0 -9999.0 -9999.0 -9999.0 -9999.0 -9999.0 -9999.0 -9999.0 -9999.0 -9999.0 -9999.0 -9999.0 -9999.0 -9999.0 -9999.0 -9999.0 -9999.0 -9999.0 -9999.0 -9999.0 -9999.0 -9999.0 -9999.0 -9999.0 -9999.0 -9999.0 -9999.0 -9999.0 -9999.0 -9999.0 -9999.0 -9999.0 -9999.0 -9999.0 -9999.0 -9999.0 -9999.0 -9999.0 -9999.0 -9999.0 -9999.0 -9999.0 -9999.0 -9999.0 -9999.0 -9999.0 -9999.0 -9999.0 -9999.0 -9999.0 -9999.0 -9999.0 -9999.0 -9999.0 -9999.0 -9999.0 -9999.0 -9999.0 -9999.0 -9999.0 -9999.0 -9999.0 -9999.0 -9999.0 -9999.0 -9999.0 -9999.0 -9999.0 -9999.0 -9999.0 -9999.0 -9999.0 -9999.0 -9999.0 -9999.0 -9999.0 -9999.0 -9999.0 -9999.0 -9999.0 -9999.0
-9999.0 -9999.0 -9999.0 -9999.0 -9999.0 -9999.0 -9999.0 -9999.0 -9999.0 -9999.0 -9999.0 -9999.0 -9999.0 -9999.0 -9999.0 -9999.0 -9999.0 -9999.0 -9999.0 -9999.0 -9999.0 -9999.0 -9999.0 -9999.0 -9999.0 -9999.0 -9999.0 -9999.0 -9999.0 -9999.0 -9999.0 -9999.0 -9999.0 -9999.0 -9999.0 -9999.0 -9999.0 -9999.0 -9999.0 -9999.0 -9999.0 -9999.0 -9999.0 -9999.0 -9999.0 -9999.0 -9999.0 -9999.0 -9999.0 -9999.0 -9999.0 -9999.0 -9999.0 -9999.0 -9999.0 -9999.0 -9999.0 -9999.0 -9999.0 -9999.0 -9999.0 -9999.0 -9999.0 -9999.0 -9999.0 -9999.0 -9999.0 -9999.0 -9999.0 -9999.0 -9999.0 -9999.0 -9999.0 -9999.0 -9999.0 -9999.0 -9999.0 -9999.0 -9999.0 -9999.0 -9999.0 -9999.0 -9999.0 -9999.0 -9999.0 -9999.0 -9999.0 -9999.0 -9999.0 -9999.0 -9999.0 -9999.0 -9999.0 -9999.0 -9999.0 -9999.0 -9999.0 -9999.0 -9999.0 -9999.0 -9999.0 -9999.0 -9999.0 -9999.0