inst/processing_geotop_simulation/geotop_simulation/out/maps3D/PwL0006N0039.asc
ncols         104
nrows         10
xllcorner     -2.000000
yllcorner     0.000000
cellsize      1.000000
NODATA_value  -9999.0
-9999.0 -9999.0 -9999.0 -9999.0 -9999.0 -9999.0 -9999.0 -9999.0 -9999.0 -9999.0 -9999.0 -9999.0 -9999.0 -9999.0 -9999.0 -9999.0 -9999.0 -9999.0 -9999.0 -9999.0 -9999.0 -9999.0 -9999.0 -9999.0 -9999.0 -9999.0 -9999.0 -9999.0 -9999.0 -9999.0 -9999.0 -9999.0 -9999.0 -9999.0 -9999.0 -9999.0 -9999.0 -9999.0 -9999.0 -9999.0 -9999.0 -9999.0 -9999.0 -9999.0 -9999.0 -9999.0 -9999.0 -9999.0 -9999.0 -9999.0 -9999.0 -9999.0 -9999.0 -9999.0 -9999.0 -9999.0 -9999.0 -9999.0 -9999.0 -9999.0 -9999.0 -9999.0 -9999.0 -9999.0 -9999.0 -9999.0 -9999.0 -9999.0 -9999.0 -9999.0 -9999.0 -9999.0 -9999.0 -9999.0 -9999.0 -9999.0 -9999.0 -9999.0 -9999.0 -9999.0 -9999.0 -9999.0 -9999.0 -9999.0 -9999.0 -9999.0 -9999.0 -9999.0 -9999.0 -9999.0 -9999.0 -9999.0 -9999.0 -9999.0 -9999.0 -9999.0 -9999.0 -9999.0 -9999.0 -9999.0 -9999.0 -9999.0 -9999.0 -9999.0
-9999.0 -9999.0 -9999.0 -9999.0 -9999.0 -9999.0 -9999.0 -9999.0 -9999.0 -9999.0 -9999.0 -9999.0 -9999.0 -9999.0 -9999.0 -9999.0 -9999.0 -9999.0 -9999.0 -9999.0 -9999.0 -9999.0 -9999.0 -9999.0 -9999.0 -9999.0 -9999.0 -9999.0 -9999.0 -9999.0 -9999.0 -9999.0 -9999.0 -9999.0 -9999.0 -9999.0 -9999.0 -9999.0 -9999.0 -9999.0 -9999.0 -9999.0 -9999.0 -9999.0 -9999.0 -9999.0 -9999.0 -9999.0 -9999.0 -9999.0 -9999.0 -9999.0 -9999.0 -9999.0 -9999.0 -9999.0 -9999.0 -9999.0 -9999.0 -9999.0 -9999.0 -9999.0 -9999.0 -9999.0 -9999.0 -9999.0 -9999.0 -9999.0 -9999.0 -9999.0 -9999.0 -9999.0 -9999.0 -9999.0 -9999.0 -9999.0 -9999.0 -9999.0 -9999.0 -9999.0 -9999.0 -9999.0 -9999.0 -9999.0 -9999.0 -9999.0 -9999.0 -9999.0 -9999.0 -9999.0 -9999.0 -9999.0 -9999.0 -9999.0 -9999.0 -9999.0 -9999.0 -9999.0 -9999.0 -9999.0 -9999.0 -9999.0 -9999.0 -9999.0
-9999.0 -9999.0 -758.530652 -767.327652 -771.416711 -775.901125 -779.908077 -782.754330 -784.589667 -784.438020 -768.752999 -745.742421 -721.544470 -730.874547 -718.425844 -688.936975 -644.806748 -578.205978 -543.249446 -537.743649 -554.427556 -583.045415 -616.734819 -650.975481 -682.902686 -710.780892 -733.608784 -751.087769 -763.623083 -772.105006 -777.571501 -780.958239 -782.989570 -784.171048 -784.830008 -785.163347 -785.298278 -785.497278 -786.208914 -785.717498 -784.116870 -801.591780 -1082.644327 -1088.951070 -1013.957569 -971.546480 -952.440117 -950.208235 -949.988504 -950.010756 -950.066553 -950.126170 -950.183309 -950.236127 -950.284889 -950.339709 -950.502985 -951.714921 -961.480727 -983.929476 -1024.481561 -976.058206 -795.015827 -789.689332 -786.990038 -786.114200 -785.929641 -785.905507 -785.912863 -785.924506 -785.934690 -785.942552 -785.948412 -785.952785 -785.956095 -785.958644 -785.960651 -785.962254 -785.963563 -785.964685 -785.965739 -785.966857 -785.968211 -785.970040 -785.972703 -785.976749 -785.983056 -785.993042 -786.009046 -786.035018 -786.077824 -786.149818 -786.274031 -786.494806 -786.899456 -787.661322 -789.122048 -791.941564 -797.363316 -807.713011 -827.555333 -865.949847 -9999.0 -9999.0
-9999.0 -9999.0 -758.530499 -767.327474 -771.416586 -775.901072 -779.908064 -782.754330 -784.589670 -784.438022 -768.753000 -745.742421 -721.544470 -730.874547 -718.425844 -688.936975 -644.806748 -578.205978 -543.249446 -537.743649 -554.427556 -583.045415 -616.734819 -650.975481 -682.902686 -710.780892 -733.608784 -751.087769 -763.623083 -772.105006 -777.571501 -780.958239 -782.989570 -784.171048 -784.830008 -785.163347 -785.298278 -785.497278 -786.208914 -785.717498 -784.116870 -801.591780 -1082.644326 -1088.951069 -1013.957568 -971.546479 -952.440117 -950.208235 -949.988504 -950.010756 -950.066553 -950.126170 -950.183309 -950.236127 -950.284889 -950.339709 -950.502985 -951.714921 -961.480727 -983.929476 -1024.481561 -976.058206 -795.015827 -789.689332 -786.990038 -786.114200 -785.929641 -785.905507 -785.912863 -785.924506 -785.934690 -785.942552 -785.948412 -785.952785 -785.956095 -785.958644 -785.960651 -785.962254 -785.963563 -785.964685 -785.965739 -785.966857 -785.968211 -785.970040 -785.972703 -785.976749 -785.983056 -785.993042 -786.009046 -786.035018 -786.077824 -786.149818 -786.274031 -786.494806 -786.899456 -787.661322 -789.122048 -791.941564 -797.363316 -807.713011 -827.555333 -865.949847 -9999.0 -9999.0
-9999.0 -9999.0 -758.530437 -767.327385 -771.416509 -775.901033 -779.908053 -782.754330 -784.589673 -784.438024 -768.753000 -745.742421 -721.544470 -730.874547 -718.425844 -688.936975 -644.806748 -578.205978 -543.249446 -537.743649 -554.427556 -583.045415 -616.734819 -650.975481 -682.902686 -710.780892 -733.608784 -751.087769 -763.623083 -772.105006 -777.571501 -780.958239 -782.989570 -784.171048 -784.830008 -785.163347 -785.298278 -785.497278 -786.208914 -785.717498 -784.116870 -801.591780 -1082.644326 -1088.951069 -1013.957568 -971.546478 -952.440117 -950.208235 -949.988504 -950.010756 -950.066553 -950.126170 -950.183309 -950.236127 -950.284889 -950.339709 -950.502985 -951.714921 -961.480727 -983.929476 -1024.481561 -976.058206 -795.015827 -789.689332 -786.990038 -786.114200 -785.929641 -785.905507 -785.912863 -785.924506 -785.934690 -785.942552 -785.948412 -785.952785 -785.956095 -785.958644 -785.960651 -785.962254 -785.963563 -785.964685 -785.965739 -785.966857 -785.968211 -785.970040 -785.972703 -785.976749 -785.983056 -785.993042 -786.009046 -786.035018 -786.077824 -786.149818 -786.274031 -786.494806 -786.899456 -787.661322 -789.122048 -791.941564 -797.363316 -807.713011 -827.555333 -865.949847 -9999.0 -9999.0
-9999.0 -9999.0 -758.530437 -767.327385 -771.416509 -775.901033 -779.908053 -782.754330 -784.589673 -784.438024 -768.753000 -745.742421 -721.544470 -730.874547 -718.425844 -688.936975 -644.806748 -578.205978 -543.249446 -537.743649 -554.427556 -583.045415 -616.734819 -650.975481 -682.902686 -710.780892 -733.608784 -751.087769 -763.623083 -772.105006 -777.571501 -780.958239 -782.989570 -784.171048 -784.830008 -785.163347 -785.298278 -785.497278 -786.208914 -785.717498 -784.116870 -801.591780 -1082.644326 -1088.951069 -1013.957568 -971.546478 -952.440117 -950.208235 -949.988504 -950.010756 -950.066553 -950.126170 -950.183309 -950.236127 -950.284889 -950.339709 -950.502985 -951.714921 -961.480727 -983.929476 -1024.481561 -976.058206 -795.015827 -789.689332 -786.990038 -786.114200 -785.929641 -785.905507 -785.912863 -785.924506 -785.934690 -785.942552 -785.948412 -785.952785 -785.956095 -785.958644 -785.960651 -785.962254 -785.963563 -785.964685 -785.965739 -785.966857 -785.968211 -785.970040 -785.972703 -785.976749 -785.983056 -785.993042 -786.009046 -786.035018 -786.077824 -786.149818 -786.274031 -786.494806 -786.899456 -787.661322 -789.122048 -791.941564 -797.363316 -807.713011 -827.555333 -865.949847 -9999.0 -9999.0
-9999.0 -9999.0 -758.530499 -767.327474 -771.416586 -775.901072 -779.908064 -782.754330 -784.589670 -784.438022 -768.753000 -745.742421 -721.544470 -730.874547 -718.425844 -688.936975 -644.806748 -578.205978 -543.249446 -537.743649 -554.427556 -583.045415 -616.734819 -650.975481 -682.902686 -710.780892 -733.608784 -751.087769 -763.623083 -772.105006 -777.571501 -780.958239 -782.989570 -784.171048 -784.830008 -785.163347 -785.298278 -785.497278 -786.208914 -785.717498 -784.116870 -801.591780 -1082.644326 -1088.951069 -1013.957568 -971.546479 -952.440117 -950.208235 -949.988504 -950.010756 -950.066553 -950.126170 -950.183309 -950.236127 -950.284889 -950.339709 -950.502985 -951.714921 -961.480727 -983.929476 -1024.481561 -976.058206 -795.015827 -789.689332 -786.990038 -786.114200 -785.929641 -785.905507 -785.912863 -785.924506 -785.934690 -785.942552 -785.948412 -785.952785 -785.956095 -785.958644 -785.960651 -785.962254 -785.963563 -785.964685 -785.965739 -785.966857 -785.968211 -785.970040 -785.972703 -785.976749 -785.983056 -785.993042 -786.009046 -786.035018 -786.077824 -786.149818 -786.274031 -786.494806 -786.899456 -787.661322 -789.122048 -791.941564 -797.363316 -807.713011 -827.555333 -865.949847 -9999.0 -9999.0
-9999.0 -9999.0 -758.530652 -767.327652 -771.416711 -775.901125 -779.908077 -782.754330 -784.589667 -784.438020 -768.752999 -745.742421 -721.544470 -730.874547 -718.425844 -688.936975 -644.806748 -578.205978 -543.249446 -537.743649 -554.427556 -583.045415 -616.734819 -650.975481 -682.902686 -710.780892 -733.608784 -751.087769 -763.623083 -772.105006 -777.571501 -780.958239 -782.989570 -784.171048 -784.830008 -785.163347 -785.298278 -785.497278 -786.208914 -785.717498 -784.116870 -801.591780 -1082.644327 -1088.951070 -1013.957569 -971.546480 -952.440117 -950.208235 -949.988504 -950.010756 -950.066553 -950.126170 -950.183309 -950.236127 -950.284889 -950.339709 -950.502985 -951.714921 -961.480727 -983.929476 -1024.481561 -976.058206 -795.015827 -789.689332 -786.990038 -786.114200 -785.929641 -785.905507 -785.912863 -785.924506 -785.934690 -785.942552 -785.948412 -785.952785 -785.956095 -785.958644 -785.960651 -785.962254 -785.963563 -785.964685 -785.965739 -785.966857 -785.968211 -785.970040 -785.972703 -785.976749 -785.983056 -785.993042 -786.009046 -786.035018 -786.077824 -786.149818 -786.274031 -786.494806 -786.899456 -787.661322 -789.122048 -791.941565 -797.363316 -807.713011 -827.555333 -865.949847 -9999.0 -9999.0
-9999.0 -9999.0 -9999.0 -9999.0 -9999.0 -9999.0 -9999.0 -9999.0 -9999.0 -9999.0 -9999.0 -9999.0 -9999.0 -9999.0 -9999.0 -9999.0 -9999.0 -9999.0 -9999.0 -9999.0 -9999.0 -9999.0 -9999.0 -9999.0 -9999.0 -9999.0 -9999.0 -9999.0 -9999.0 -9999.0 -9999.0 -9999.0 -9999.0 -9999.0 -9999.0 -9999.0 -9999.0 -9999.0 -9999.0 -9999.0 -9999.0 -9999.0 -9999.0 -9999.0 -9999.0 -9999.0 -9999.0 -9999.0 -9999.0 -9999.0 -9999.0 -9999.0 -9999.0 -9999.0 -9999.0 -9999.0 -9999.0 -9999.0 -9999.0 -9999.0 -9999.0 -9999.0 -9999.0 -9999.0 -9999.0 -9999.0 -9999.0 -9999.0 -9999.0 -9999.0 -9999.0 -9999.0 -9999.0 -9999.0 -9999.0 -9999.0 -9999.0 -9999.0 -9999.0 -9999.0 -9999.0 -9999.0 -9999.0 -9999.0 -9999.0 -9999.0 -9999.0 -9999.0 -9999.0 -9999.0 -9999.0 -9999.0 -9999.0 -9999.0 -9999.0 -9999.0 -9999.0 -9999.0 -9999.0 -9999.0 -9999.0 -9999.0 -9999.0 -9999.0
-9999.0 -9999.0 -9999.0 -9999.0 -9999.0 -9999.0 -9999.0 -9999.0 -9999.0 -9999.0 -9999.0 -9999.0 -9999.0 -9999.0 -9999.0 -9999.0 -9999.0 -9999.0 -9999.0 -9999.0 -9999.0 -9999.0 -9999.0 -9999.0 -9999.0 -9999.0 -9999.0 -9999.0 -9999.0 -9999.0 -9999.0 -9999.0 -9999.0 -9999.0 -9999.0 -9999.0 -9999.0 -9999.0 -9999.0 -9999.0 -9999.0 -9999.0 -9999.0 -9999.0 -9999.0 -9999.0 -9999.0 -9999.0 -9999.0 -9999.0 -9999.0 -9999.0 -9999.0 -9999.0 -9999.0 -9999.0 -9999.0 -9999.0 -9999.0 -9999.0 -9999.0 -9999.0 -9999.0 -9999.0 -9999.0 -9999.0 -9999.0 -9999.0 -9999.0 -9999.0 -9999.0 -9999.0 -9999.0 -9999.0 -9999.0 -9999.0 -9999.0 -9999.0 -9999.0 -9999.0 -9999.0 -9999.0 -9999.0 -9999.0 -9999.0 -9999.0 -9999.0 -9999.0 -9999.0 -9999.0 -9999.0 -9999.0 -9999.0 -9999.0 -9999.0 -9999.0 -9999.0 -9999.0 -9999.0 -9999.0 -9999.0 -9999.0 -9999.0 -9999.0