inst/processing_geotop_simulation/geotop_simulation/out/maps3D/PwL0005N0393.asc
ncols         104
nrows         10
xllcorner     -2.000000
yllcorner     0.000000
cellsize      1.000000
NODATA_value  -9999.0
-9999.0 -9999.0 -9999.0 -9999.0 -9999.0 -9999.0 -9999.0 -9999.0 -9999.0 -9999.0 -9999.0 -9999.0 -9999.0 -9999.0 -9999.0 -9999.0 -9999.0 -9999.0 -9999.0 -9999.0 -9999.0 -9999.0 -9999.0 -9999.0 -9999.0 -9999.0 -9999.0 -9999.0 -9999.0 -9999.0 -9999.0 -9999.0 -9999.0 -9999.0 -9999.0 -9999.0 -9999.0 -9999.0 -9999.0 -9999.0 -9999.0 -9999.0 -9999.0 -9999.0 -9999.0 -9999.0 -9999.0 -9999.0 -9999.0 -9999.0 -9999.0 -9999.0 -9999.0 -9999.0 -9999.0 -9999.0 -9999.0 -9999.0 -9999.0 -9999.0 -9999.0 -9999.0 -9999.0 -9999.0 -9999.0 -9999.0 -9999.0 -9999.0 -9999.0 -9999.0 -9999.0 -9999.0 -9999.0 -9999.0 -9999.0 -9999.0 -9999.0 -9999.0 -9999.0 -9999.0 -9999.0 -9999.0 -9999.0 -9999.0 -9999.0 -9999.0 -9999.0 -9999.0 -9999.0 -9999.0 -9999.0 -9999.0 -9999.0 -9999.0 -9999.0 -9999.0 -9999.0 -9999.0 -9999.0 -9999.0 -9999.0 -9999.0 -9999.0 -9999.0
-9999.0 -9999.0 -9999.0 -9999.0 -9999.0 -9999.0 -9999.0 -9999.0 -9999.0 -9999.0 -9999.0 -9999.0 -9999.0 -9999.0 -9999.0 -9999.0 -9999.0 -9999.0 -9999.0 -9999.0 -9999.0 -9999.0 -9999.0 -9999.0 -9999.0 -9999.0 -9999.0 -9999.0 -9999.0 -9999.0 -9999.0 -9999.0 -9999.0 -9999.0 -9999.0 -9999.0 -9999.0 -9999.0 -9999.0 -9999.0 -9999.0 -9999.0 -9999.0 -9999.0 -9999.0 -9999.0 -9999.0 -9999.0 -9999.0 -9999.0 -9999.0 -9999.0 -9999.0 -9999.0 -9999.0 -9999.0 -9999.0 -9999.0 -9999.0 -9999.0 -9999.0 -9999.0 -9999.0 -9999.0 -9999.0 -9999.0 -9999.0 -9999.0 -9999.0 -9999.0 -9999.0 -9999.0 -9999.0 -9999.0 -9999.0 -9999.0 -9999.0 -9999.0 -9999.0 -9999.0 -9999.0 -9999.0 -9999.0 -9999.0 -9999.0 -9999.0 -9999.0 -9999.0 -9999.0 -9999.0 -9999.0 -9999.0 -9999.0 -9999.0 -9999.0 -9999.0 -9999.0 -9999.0 -9999.0 -9999.0 -9999.0 -9999.0 -9999.0 -9999.0
-9999.0 -9999.0 224.720576 126.833542 28.006823 -71.108797 -170.336498 -269.608308 -368.888882 -468.154366 -567.375136 -666.483672 -765.444598 -864.300041 -963.068574 -1061.841398 -1160.398964 -1258.340980 -1355.367198 -1450.734220 -1543.027452 -1629.803739 -1707.937643 -1774.809611 -1829.287034 -1871.819006 -1903.908604 -1927.482701 -1944.445376 -1956.452741 -1964.842131 -1970.642698 -1974.620055 -1977.329611 -1979.167056 -1980.412976 -1981.277494 -1981.978774 -1982.973753 -1985.382960 -1987.636783 -1935.154609 -1205.707885 -1219.308489 -1205.385270 -1196.126037 -1191.785778 -1191.118473 -1191.046245 -1191.052415 -1191.069821 -1191.088602 -1191.106662 -1191.123392 -1191.138974 -1191.157566 -1191.217840 -1191.618823 -1193.934404 -1199.053013 -1205.503570 -1182.056371 -1908.494736 -1981.382834 -1983.969580 -1983.297976 -1983.083172 -1983.040744 -1983.033899 -1983.033277 -1983.033630 -1983.034057 -1983.034414 -1983.034693 -1983.034912 -1983.035084 -1983.035224 -1983.035340 -1983.035440 -1983.035531 -1983.035622 -1983.035724 -1983.035849 -1983.036020 -1983.036266 -1983.036640 -1983.037221 -1983.038147 -1983.039654 -1983.042161 -1983.046438 -1983.053951 -1983.067556 -1983.092953 -1983.141780 -1983.238580 -1983.437887 -1983.869863 -1984.872294 -1987.414265 -1994.668872 -2018.766162 -9999.0 -9999.0
-9999.0 -9999.0 224.728873 126.835343 28.007287 -71.108661 -170.336454 -269.608293 -368.888876 -468.154364 -567.375135 -666.483672 -765.444598 -864.300041 -963.068574 -1061.841398 -1160.398964 -1258.340980 -1355.367198 -1450.734221 -1543.027452 -1629.803739 -1707.937643 -1774.809611 -1829.287034 -1871.819006 -1903.908604 -1927.482701 -1944.445376 -1956.452741 -1964.842131 -1970.642698 -1974.620055 -1977.329611 -1979.167056 -1980.412976 -1981.277494 -1981.978774 -1982.973753 -1985.382960 -1987.636783 -1935.154609 -1205.707885 -1219.308489 -1205.385269 -1196.126037 -1191.785778 -1191.118473 -1191.046245 -1191.052415 -1191.069821 -1191.088602 -1191.106662 -1191.123392 -1191.138974 -1191.157566 -1191.217840 -1191.618823 -1193.934404 -1199.053013 -1205.503570 -1182.056371 -1908.494736 -1981.382834 -1983.969580 -1983.297976 -1983.083172 -1983.040744 -1983.033899 -1983.033277 -1983.033630 -1983.034057 -1983.034414 -1983.034693 -1983.034912 -1983.035084 -1983.035224 -1983.035340 -1983.035440 -1983.035531 -1983.035622 -1983.035724 -1983.035849 -1983.036020 -1983.036266 -1983.036640 -1983.037221 -1983.038147 -1983.039654 -1983.042161 -1983.046438 -1983.053951 -1983.067556 -1983.092953 -1983.141780 -1983.238580 -1983.437887 -1983.869863 -1984.872294 -1987.414265 -1994.668872 -2018.766162 -9999.0 -9999.0
-9999.0 -9999.0 224.730177 126.836087 28.007582 -71.108554 -170.336416 -269.608280 -368.888871 -468.154362 -567.375135 -666.483671 -765.444598 -864.300041 -963.068574 -1061.841398 -1160.398964 -1258.340981 -1355.367198 -1450.734221 -1543.027452 -1629.803739 -1707.937643 -1774.809611 -1829.287034 -1871.819006 -1903.908604 -1927.482701 -1944.445376 -1956.452741 -1964.842131 -1970.642698 -1974.620055 -1977.329611 -1979.167056 -1980.412976 -1981.277494 -1981.978774 -1982.973753 -1985.382960 -1987.636783 -1935.154609 -1205.707885 -1219.308489 -1205.385269 -1196.126037 -1191.785778 -1191.118473 -1191.046245 -1191.052415 -1191.069821 -1191.088602 -1191.106662 -1191.123392 -1191.138974 -1191.157566 -1191.217840 -1191.618823 -1193.934404 -1199.053013 -1205.503570 -1182.056371 -1908.494736 -1981.382834 -1983.969580 -1983.297976 -1983.083172 -1983.040744 -1983.033899 -1983.033277 -1983.033630 -1983.034057 -1983.034414 -1983.034693 -1983.034912 -1983.035084 -1983.035224 -1983.035340 -1983.035440 -1983.035531 -1983.035622 -1983.035724 -1983.035849 -1983.036020 -1983.036266 -1983.036640 -1983.037221 -1983.038147 -1983.039654 -1983.042161 -1983.046438 -1983.053951 -1983.067556 -1983.092953 -1983.141780 -1983.238580 -1983.437887 -1983.869863 -1984.872294 -1987.414265 -1994.668872 -2018.766162 -9999.0 -9999.0
-9999.0 -9999.0 224.730177 126.836087 28.007582 -71.108554 -170.336417 -269.608280 -368.888871 -468.154362 -567.375134 -666.483671 -765.444598 -864.300041 -963.068574 -1061.841398 -1160.398964 -1258.340981 -1355.367198 -1450.734221 -1543.027452 -1629.803739 -1707.937643 -1774.809611 -1829.287034 -1871.819006 -1903.908604 -1927.482701 -1944.445376 -1956.452741 -1964.842131 -1970.642698 -1974.620055 -1977.329611 -1979.167056 -1980.412976 -1981.277494 -1981.978774 -1982.973753 -1985.382960 -1987.636783 -1935.154609 -1205.707885 -1219.308489 -1205.385269 -1196.126037 -1191.785778 -1191.118473 -1191.046245 -1191.052415 -1191.069821 -1191.088602 -1191.106662 -1191.123392 -1191.138974 -1191.157566 -1191.217840 -1191.618823 -1193.934404 -1199.053013 -1205.503570 -1182.056371 -1908.494736 -1981.382834 -1983.969580 -1983.297976 -1983.083172 -1983.040744 -1983.033899 -1983.033277 -1983.033630 -1983.034057 -1983.034414 -1983.034693 -1983.034912 -1983.035084 -1983.035224 -1983.035340 -1983.035440 -1983.035531 -1983.035622 -1983.035724 -1983.035849 -1983.036020 -1983.036266 -1983.036640 -1983.037221 -1983.038147 -1983.039654 -1983.042161 -1983.046438 -1983.053951 -1983.067556 -1983.092953 -1983.141780 -1983.238580 -1983.437887 -1983.869863 -1984.872294 -1987.414265 -1994.668872 -2018.766162 -9999.0 -9999.0
-9999.0 -9999.0 224.728873 126.835343 28.007287 -71.108661 -170.336454 -269.608293 -368.888876 -468.154364 -567.375135 -666.483671 -765.444598 -864.300041 -963.068574 -1061.841398 -1160.398964 -1258.340980 -1355.367198 -1450.734221 -1543.027452 -1629.803739 -1707.937643 -1774.809611 -1829.287034 -1871.819006 -1903.908604 -1927.482701 -1944.445376 -1956.452741 -1964.842131 -1970.642698 -1974.620055 -1977.329611 -1979.167056 -1980.412976 -1981.277494 -1981.978774 -1982.973753 -1985.382960 -1987.636783 -1935.154609 -1205.707885 -1219.308489 -1205.385269 -1196.126037 -1191.785778 -1191.118473 -1191.046245 -1191.052415 -1191.069821 -1191.088602 -1191.106662 -1191.123392 -1191.138974 -1191.157566 -1191.217840 -1191.618823 -1193.934404 -1199.053013 -1205.503570 -1182.056371 -1908.494736 -1981.382834 -1983.969580 -1983.297976 -1983.083172 -1983.040744 -1983.033899 -1983.033277 -1983.033630 -1983.034057 -1983.034414 -1983.034693 -1983.034912 -1983.035084 -1983.035224 -1983.035340 -1983.035440 -1983.035531 -1983.035622 -1983.035724 -1983.035849 -1983.036020 -1983.036266 -1983.036640 -1983.037221 -1983.038147 -1983.039654 -1983.042161 -1983.046438 -1983.053951 -1983.067556 -1983.092953 -1983.141780 -1983.238580 -1983.437887 -1983.869863 -1984.872294 -1987.414265 -1994.668872 -2018.766162 -9999.0 -9999.0
-9999.0 -9999.0 224.720576 126.833542 28.006823 -71.108797 -170.336498 -269.608308 -368.888882 -468.154366 -567.375136 -666.483672 -765.444598 -864.300041 -963.068574 -1061.841398 -1160.398963 -1258.340980 -1355.367198 -1450.734220 -1543.027452 -1629.803739 -1707.937643 -1774.809611 -1829.287034 -1871.819006 -1903.908604 -1927.482701 -1944.445376 -1956.452741 -1964.842131 -1970.642698 -1974.620055 -1977.329611 -1979.167056 -1980.412976 -1981.277494 -1981.978774 -1982.973753 -1985.382960 -1987.636783 -1935.154609 -1205.707885 -1219.308489 -1205.385270 -1196.126037 -1191.785778 -1191.118473 -1191.046245 -1191.052415 -1191.069821 -1191.088602 -1191.106662 -1191.123392 -1191.138974 -1191.157566 -1191.217840 -1191.618823 -1193.934404 -1199.053013 -1205.503570 -1182.056371 -1908.494736 -1981.382834 -1983.969580 -1983.297976 -1983.083172 -1983.040744 -1983.033899 -1983.033277 -1983.033630 -1983.034057 -1983.034414 -1983.034693 -1983.034912 -1983.035084 -1983.035224 -1983.035340 -1983.035440 -1983.035531 -1983.035622 -1983.035724 -1983.035849 -1983.036020 -1983.036266 -1983.036640 -1983.037221 -1983.038147 -1983.039654 -1983.042161 -1983.046438 -1983.053951 -1983.067556 -1983.092953 -1983.141780 -1983.238580 -1983.437887 -1983.869863 -1984.872294 -1987.414265 -1994.668872 -2018.766162 -9999.0 -9999.0
-9999.0 -9999.0 -9999.0 -9999.0 -9999.0 -9999.0 -9999.0 -9999.0 -9999.0 -9999.0 -9999.0 -9999.0 -9999.0 -9999.0 -9999.0 -9999.0 -9999.0 -9999.0 -9999.0 -9999.0 -9999.0 -9999.0 -9999.0 -9999.0 -9999.0 -9999.0 -9999.0 -9999.0 -9999.0 -9999.0 -9999.0 -9999.0 -9999.0 -9999.0 -9999.0 -9999.0 -9999.0 -9999.0 -9999.0 -9999.0 -9999.0 -9999.0 -9999.0 -9999.0 -9999.0 -9999.0 -9999.0 -9999.0 -9999.0 -9999.0 -9999.0 -9999.0 -9999.0 -9999.0 -9999.0 -9999.0 -9999.0 -9999.0 -9999.0 -9999.0 -9999.0 -9999.0 -9999.0 -9999.0 -9999.0 -9999.0 -9999.0 -9999.0 -9999.0 -9999.0 -9999.0 -9999.0 -9999.0 -9999.0 -9999.0 -9999.0 -9999.0 -9999.0 -9999.0 -9999.0 -9999.0 -9999.0 -9999.0 -9999.0 -9999.0 -9999.0 -9999.0 -9999.0 -9999.0 -9999.0 -9999.0 -9999.0 -9999.0 -9999.0 -9999.0 -9999.0 -9999.0 -9999.0 -9999.0 -9999.0 -9999.0 -9999.0 -9999.0 -9999.0
-9999.0 -9999.0 -9999.0 -9999.0 -9999.0 -9999.0 -9999.0 -9999.0 -9999.0 -9999.0 -9999.0 -9999.0 -9999.0 -9999.0 -9999.0 -9999.0 -9999.0 -9999.0 -9999.0 -9999.0 -9999.0 -9999.0 -9999.0 -9999.0 -9999.0 -9999.0 -9999.0 -9999.0 -9999.0 -9999.0 -9999.0 -9999.0 -9999.0 -9999.0 -9999.0 -9999.0 -9999.0 -9999.0 -9999.0 -9999.0 -9999.0 -9999.0 -9999.0 -9999.0 -9999.0 -9999.0 -9999.0 -9999.0 -9999.0 -9999.0 -9999.0 -9999.0 -9999.0 -9999.0 -9999.0 -9999.0 -9999.0 -9999.0 -9999.0 -9999.0 -9999.0 -9999.0 -9999.0 -9999.0 -9999.0 -9999.0 -9999.0 -9999.0 -9999.0 -9999.0 -9999.0 -9999.0 -9999.0 -9999.0 -9999.0 -9999.0 -9999.0 -9999.0 -9999.0 -9999.0 -9999.0 -9999.0 -9999.0 -9999.0 -9999.0 -9999.0 -9999.0 -9999.0 -9999.0 -9999.0 -9999.0 -9999.0 -9999.0 -9999.0 -9999.0 -9999.0 -9999.0 -9999.0 -9999.0 -9999.0 -9999.0 -9999.0 -9999.0 -9999.0