inst/processing_geotop_simulation/geotop_simulation/out/maps3D/PwL0006N0050.asc
ncols         104
nrows         10
xllcorner     -2.000000
yllcorner     0.000000
cellsize      1.000000
NODATA_value  -9999.0
-9999.0 -9999.0 -9999.0 -9999.0 -9999.0 -9999.0 -9999.0 -9999.0 -9999.0 -9999.0 -9999.0 -9999.0 -9999.0 -9999.0 -9999.0 -9999.0 -9999.0 -9999.0 -9999.0 -9999.0 -9999.0 -9999.0 -9999.0 -9999.0 -9999.0 -9999.0 -9999.0 -9999.0 -9999.0 -9999.0 -9999.0 -9999.0 -9999.0 -9999.0 -9999.0 -9999.0 -9999.0 -9999.0 -9999.0 -9999.0 -9999.0 -9999.0 -9999.0 -9999.0 -9999.0 -9999.0 -9999.0 -9999.0 -9999.0 -9999.0 -9999.0 -9999.0 -9999.0 -9999.0 -9999.0 -9999.0 -9999.0 -9999.0 -9999.0 -9999.0 -9999.0 -9999.0 -9999.0 -9999.0 -9999.0 -9999.0 -9999.0 -9999.0 -9999.0 -9999.0 -9999.0 -9999.0 -9999.0 -9999.0 -9999.0 -9999.0 -9999.0 -9999.0 -9999.0 -9999.0 -9999.0 -9999.0 -9999.0 -9999.0 -9999.0 -9999.0 -9999.0 -9999.0 -9999.0 -9999.0 -9999.0 -9999.0 -9999.0 -9999.0 -9999.0 -9999.0 -9999.0 -9999.0 -9999.0 -9999.0 -9999.0 -9999.0 -9999.0 -9999.0
-9999.0 -9999.0 -9999.0 -9999.0 -9999.0 -9999.0 -9999.0 -9999.0 -9999.0 -9999.0 -9999.0 -9999.0 -9999.0 -9999.0 -9999.0 -9999.0 -9999.0 -9999.0 -9999.0 -9999.0 -9999.0 -9999.0 -9999.0 -9999.0 -9999.0 -9999.0 -9999.0 -9999.0 -9999.0 -9999.0 -9999.0 -9999.0 -9999.0 -9999.0 -9999.0 -9999.0 -9999.0 -9999.0 -9999.0 -9999.0 -9999.0 -9999.0 -9999.0 -9999.0 -9999.0 -9999.0 -9999.0 -9999.0 -9999.0 -9999.0 -9999.0 -9999.0 -9999.0 -9999.0 -9999.0 -9999.0 -9999.0 -9999.0 -9999.0 -9999.0 -9999.0 -9999.0 -9999.0 -9999.0 -9999.0 -9999.0 -9999.0 -9999.0 -9999.0 -9999.0 -9999.0 -9999.0 -9999.0 -9999.0 -9999.0 -9999.0 -9999.0 -9999.0 -9999.0 -9999.0 -9999.0 -9999.0 -9999.0 -9999.0 -9999.0 -9999.0 -9999.0 -9999.0 -9999.0 -9999.0 -9999.0 -9999.0 -9999.0 -9999.0 -9999.0 -9999.0 -9999.0 -9999.0 -9999.0 -9999.0 -9999.0 -9999.0 -9999.0 -9999.0
-9999.0 -9999.0 -918.284035 -936.730617 -943.530504 -947.867085 -950.909119 -952.877981 -953.841499 -950.181496 -918.660239 -878.368842 -844.075177 -860.930534 -880.431730 -905.990205 -933.263863 -912.131895 -888.403221 -872.260460 -865.168882 -865.629000 -871.644046 -881.379043 -893.206962 -905.682009 -917.542648 -927.849718 -936.125016 -942.337591 -946.750755 -949.748167 -951.711490 -952.957908 -953.723679 -954.172884 -954.431103 -954.675437 -955.052395 -954.921018 -956.279323 -985.252280 -1018.593601 -1036.741441 -985.727244 -956.155205 -942.663089 -941.033362 -940.874254 -940.897988 -940.948520 -941.002220 -941.053703 -941.101306 -941.145097 -941.192574 -941.319950 -942.219093 -949.108330 -964.971980 -993.159108 -944.833641 -972.163094 -957.832388 -955.740567 -955.183710 -955.055903 -955.035592 -955.037862 -955.043722 -955.049112 -955.053341 -955.056517 -955.058897 -955.060703 -955.062098 -955.063199 -955.064080 -955.064803 -955.065428 -955.066021 -955.066656 -955.067432 -955.068489 -955.070031 -955.072382 -955.076053 -955.081876 -955.091230 -955.106457 -955.131662 -955.174291 -955.248336 -955.380903 -955.625566 -956.088895 -956.981568 -958.715130 -962.093132 -968.751626 -982.341946 -1011.748235 -9999.0 -9999.0
-9999.0 -9999.0 -918.283966 -936.730538 -943.530447 -947.867059 -950.909111 -952.877981 -953.841501 -950.181498 -918.660239 -878.368842 -844.075177 -860.930534 -880.431730 -905.990205 -933.263863 -912.131895 -888.403221 -872.260460 -865.168882 -865.629000 -871.644046 -881.379043 -893.206962 -905.682009 -917.542648 -927.849718 -936.125016 -942.337591 -946.750755 -949.748167 -951.711490 -952.957908 -953.723679 -954.172884 -954.431103 -954.675437 -955.052395 -954.921018 -956.279323 -985.252280 -1018.593600 -1036.741440 -985.727244 -956.155204 -942.663089 -941.033362 -940.874254 -940.897988 -940.948520 -941.002220 -941.053703 -941.101306 -941.145097 -941.192574 -941.319950 -942.219093 -949.108330 -964.971980 -993.159108 -944.833641 -972.163094 -957.832388 -955.740567 -955.183710 -955.055903 -955.035592 -955.037862 -955.043722 -955.049112 -955.053341 -955.056517 -955.058897 -955.060703 -955.062098 -955.063199 -955.064080 -955.064803 -955.065428 -955.066021 -955.066656 -955.067432 -955.068489 -955.070031 -955.072382 -955.076053 -955.081876 -955.091230 -955.106457 -955.131662 -955.174291 -955.248336 -955.380903 -955.625566 -956.088895 -956.981568 -958.715130 -962.093132 -968.751626 -982.341946 -1011.748235 -9999.0 -9999.0
-9999.0 -9999.0 -918.283932 -936.730494 -943.530409 -947.867039 -950.909106 -952.877981 -953.841502 -950.181499 -918.660239 -878.368842 -844.075177 -860.930534 -880.431730 -905.990205 -933.263863 -912.131895 -888.403221 -872.260460 -865.168882 -865.629000 -871.644046 -881.379043 -893.206962 -905.682009 -917.542648 -927.849718 -936.125016 -942.337591 -946.750755 -949.748167 -951.711490 -952.957908 -953.723679 -954.172884 -954.431103 -954.675437 -955.052395 -954.921018 -956.279323 -985.252280 -1018.593600 -1036.741440 -985.727244 -956.155203 -942.663089 -941.033362 -940.874254 -940.897988 -940.948520 -941.002220 -941.053703 -941.101306 -941.145097 -941.192574 -941.319950 -942.219093 -949.108330 -964.971980 -993.159108 -944.833641 -972.163094 -957.832388 -955.740567 -955.183710 -955.055903 -955.035592 -955.037862 -955.043722 -955.049112 -955.053341 -955.056517 -955.058897 -955.060703 -955.062098 -955.063199 -955.064080 -955.064803 -955.065428 -955.066021 -955.066656 -955.067432 -955.068489 -955.070031 -955.072382 -955.076053 -955.081876 -955.091230 -955.106457 -955.131662 -955.174291 -955.248336 -955.380903 -955.625566 -956.088895 -956.981568 -958.715130 -962.093132 -968.751626 -982.341946 -1011.748235 -9999.0 -9999.0
-9999.0 -9999.0 -918.283932 -936.730494 -943.530409 -947.867039 -950.909106 -952.877981 -953.841502 -950.181499 -918.660239 -878.368842 -844.075177 -860.930534 -880.431730 -905.990205 -933.263863 -912.131895 -888.403221 -872.260460 -865.168882 -865.629000 -871.644046 -881.379043 -893.206962 -905.682009 -917.542648 -927.849718 -936.125016 -942.337591 -946.750755 -949.748167 -951.711490 -952.957908 -953.723679 -954.172884 -954.431103 -954.675437 -955.052395 -954.921018 -956.279323 -985.252280 -1018.593600 -1036.741440 -985.727244 -956.155203 -942.663089 -941.033362 -940.874254 -940.897988 -940.948520 -941.002220 -941.053703 -941.101306 -941.145097 -941.192574 -941.319950 -942.219093 -949.108330 -964.971980 -993.159108 -944.833641 -972.163094 -957.832388 -955.740567 -955.183710 -955.055903 -955.035592 -955.037862 -955.043722 -955.049112 -955.053341 -955.056517 -955.058897 -955.060703 -955.062098 -955.063199 -955.064080 -955.064803 -955.065428 -955.066021 -955.066656 -955.067432 -955.068489 -955.070031 -955.072382 -955.076053 -955.081876 -955.091230 -955.106457 -955.131662 -955.174291 -955.248336 -955.380903 -955.625566 -956.088895 -956.981568 -958.715130 -962.093132 -968.751626 -982.341946 -1011.748235 -9999.0 -9999.0
-9999.0 -9999.0 -918.283966 -936.730538 -943.530447 -947.867059 -950.909111 -952.877981 -953.841501 -950.181498 -918.660239 -878.368842 -844.075177 -860.930534 -880.431730 -905.990205 -933.263863 -912.131895 -888.403221 -872.260460 -865.168882 -865.629000 -871.644046 -881.379043 -893.206962 -905.682009 -917.542648 -927.849718 -936.125016 -942.337591 -946.750755 -949.748167 -951.711490 -952.957908 -953.723679 -954.172884 -954.431103 -954.675437 -955.052395 -954.921018 -956.279323 -985.252280 -1018.593600 -1036.741440 -985.727244 -956.155204 -942.663089 -941.033362 -940.874254 -940.897988 -940.948520 -941.002220 -941.053703 -941.101306 -941.145097 -941.192574 -941.319950 -942.219093 -949.108330 -964.971980 -993.159108 -944.833641 -972.163094 -957.832388 -955.740567 -955.183710 -955.055903 -955.035592 -955.037862 -955.043722 -955.049112 -955.053341 -955.056517 -955.058897 -955.060703 -955.062098 -955.063199 -955.064080 -955.064803 -955.065428 -955.066021 -955.066656 -955.067432 -955.068489 -955.070031 -955.072382 -955.076053 -955.081876 -955.091230 -955.106457 -955.131662 -955.174291 -955.248336 -955.380903 -955.625566 -956.088895 -956.981568 -958.715130 -962.093132 -968.751626 -982.341946 -1011.748235 -9999.0 -9999.0
-9999.0 -9999.0 -918.284035 -936.730617 -943.530504 -947.867085 -950.909119 -952.877981 -953.841499 -950.181496 -918.660239 -878.368842 -844.075177 -860.930534 -880.431730 -905.990205 -933.263863 -912.131895 -888.403221 -872.260460 -865.168882 -865.629000 -871.644046 -881.379043 -893.206962 -905.682009 -917.542648 -927.849718 -936.125016 -942.337591 -946.750755 -949.748167 -951.711490 -952.957908 -953.723679 -954.172884 -954.431103 -954.675437 -955.052395 -954.921018 -956.279323 -985.252280 -1018.593601 -1036.741441 -985.727244 -956.155205 -942.663089 -941.033362 -940.874254 -940.897988 -940.948520 -941.002220 -941.053703 -941.101306 -941.145097 -941.192574 -941.319950 -942.219093 -949.108330 -964.971980 -993.159108 -944.833641 -972.163094 -957.832388 -955.740567 -955.183710 -955.055903 -955.035592 -955.037862 -955.043722 -955.049112 -955.053341 -955.056517 -955.058897 -955.060703 -955.062098 -955.063199 -955.064080 -955.064803 -955.065428 -955.066021 -955.066656 -955.067432 -955.068489 -955.070031 -955.072382 -955.076053 -955.081876 -955.091230 -955.106457 -955.131662 -955.174291 -955.248336 -955.380903 -955.625566 -956.088895 -956.981568 -958.715130 -962.093132 -968.751626 -982.341946 -1011.748235 -9999.0 -9999.0
-9999.0 -9999.0 -9999.0 -9999.0 -9999.0 -9999.0 -9999.0 -9999.0 -9999.0 -9999.0 -9999.0 -9999.0 -9999.0 -9999.0 -9999.0 -9999.0 -9999.0 -9999.0 -9999.0 -9999.0 -9999.0 -9999.0 -9999.0 -9999.0 -9999.0 -9999.0 -9999.0 -9999.0 -9999.0 -9999.0 -9999.0 -9999.0 -9999.0 -9999.0 -9999.0 -9999.0 -9999.0 -9999.0 -9999.0 -9999.0 -9999.0 -9999.0 -9999.0 -9999.0 -9999.0 -9999.0 -9999.0 -9999.0 -9999.0 -9999.0 -9999.0 -9999.0 -9999.0 -9999.0 -9999.0 -9999.0 -9999.0 -9999.0 -9999.0 -9999.0 -9999.0 -9999.0 -9999.0 -9999.0 -9999.0 -9999.0 -9999.0 -9999.0 -9999.0 -9999.0 -9999.0 -9999.0 -9999.0 -9999.0 -9999.0 -9999.0 -9999.0 -9999.0 -9999.0 -9999.0 -9999.0 -9999.0 -9999.0 -9999.0 -9999.0 -9999.0 -9999.0 -9999.0 -9999.0 -9999.0 -9999.0 -9999.0 -9999.0 -9999.0 -9999.0 -9999.0 -9999.0 -9999.0 -9999.0 -9999.0 -9999.0 -9999.0 -9999.0 -9999.0
-9999.0 -9999.0 -9999.0 -9999.0 -9999.0 -9999.0 -9999.0 -9999.0 -9999.0 -9999.0 -9999.0 -9999.0 -9999.0 -9999.0 -9999.0 -9999.0 -9999.0 -9999.0 -9999.0 -9999.0 -9999.0 -9999.0 -9999.0 -9999.0 -9999.0 -9999.0 -9999.0 -9999.0 -9999.0 -9999.0 -9999.0 -9999.0 -9999.0 -9999.0 -9999.0 -9999.0 -9999.0 -9999.0 -9999.0 -9999.0 -9999.0 -9999.0 -9999.0 -9999.0 -9999.0 -9999.0 -9999.0 -9999.0 -9999.0 -9999.0 -9999.0 -9999.0 -9999.0 -9999.0 -9999.0 -9999.0 -9999.0 -9999.0 -9999.0 -9999.0 -9999.0 -9999.0 -9999.0 -9999.0 -9999.0 -9999.0 -9999.0 -9999.0 -9999.0 -9999.0 -9999.0 -9999.0 -9999.0 -9999.0 -9999.0 -9999.0 -9999.0 -9999.0 -9999.0 -9999.0 -9999.0 -9999.0 -9999.0 -9999.0 -9999.0 -9999.0 -9999.0 -9999.0 -9999.0 -9999.0 -9999.0 -9999.0 -9999.0 -9999.0 -9999.0 -9999.0 -9999.0 -9999.0 -9999.0 -9999.0 -9999.0 -9999.0 -9999.0 -9999.0