inst/processing_geotop_simulation/geotop_simulation/out/maps3D/PwL0000N0365.asc
ncols         104
nrows         10
xllcorner     -2.000000
yllcorner     0.000000
cellsize      1.000000
NODATA_value  -9999.0
-9999.0 -9999.0 -9999.0 -9999.0 -9999.0 -9999.0 -9999.0 -9999.0 -9999.0 -9999.0 -9999.0 -9999.0 -9999.0 -9999.0 -9999.0 -9999.0 -9999.0 -9999.0 -9999.0 -9999.0 -9999.0 -9999.0 -9999.0 -9999.0 -9999.0 -9999.0 -9999.0 -9999.0 -9999.0 -9999.0 -9999.0 -9999.0 -9999.0 -9999.0 -9999.0 -9999.0 -9999.0 -9999.0 -9999.0 -9999.0 -9999.0 -9999.0 -9999.0 -9999.0 -9999.0 -9999.0 -9999.0 -9999.0 -9999.0 -9999.0 -9999.0 -9999.0 -9999.0 -9999.0 -9999.0 -9999.0 -9999.0 -9999.0 -9999.0 -9999.0 -9999.0 -9999.0 -9999.0 -9999.0 -9999.0 -9999.0 -9999.0 -9999.0 -9999.0 -9999.0 -9999.0 -9999.0 -9999.0 -9999.0 -9999.0 -9999.0 -9999.0 -9999.0 -9999.0 -9999.0 -9999.0 -9999.0 -9999.0 -9999.0 -9999.0 -9999.0 -9999.0 -9999.0 -9999.0 -9999.0 -9999.0 -9999.0 -9999.0 -9999.0 -9999.0 -9999.0 -9999.0 -9999.0 -9999.0 -9999.0 -9999.0 -9999.0 -9999.0 -9999.0
-9999.0 -9999.0 -9999.0 -9999.0 -9999.0 -9999.0 -9999.0 -9999.0 -9999.0 -9999.0 -9999.0 -9999.0 -9999.0 -9999.0 -9999.0 -9999.0 -9999.0 -9999.0 -9999.0 -9999.0 -9999.0 -9999.0 -9999.0 -9999.0 -9999.0 -9999.0 -9999.0 -9999.0 -9999.0 -9999.0 -9999.0 -9999.0 -9999.0 -9999.0 -9999.0 -9999.0 -9999.0 -9999.0 -9999.0 -9999.0 -9999.0 -9999.0 -9999.0 -9999.0 -9999.0 -9999.0 -9999.0 -9999.0 -9999.0 -9999.0 -9999.0 -9999.0 -9999.0 -9999.0 -9999.0 -9999.0 -9999.0 -9999.0 -9999.0 -9999.0 -9999.0 -9999.0 -9999.0 -9999.0 -9999.0 -9999.0 -9999.0 -9999.0 -9999.0 -9999.0 -9999.0 -9999.0 -9999.0 -9999.0 -9999.0 -9999.0 -9999.0 -9999.0 -9999.0 -9999.0 -9999.0 -9999.0 -9999.0 -9999.0 -9999.0 -9999.0 -9999.0 -9999.0 -9999.0 -9999.0 -9999.0 -9999.0 -9999.0 -9999.0 -9999.0 -9999.0 -9999.0 -9999.0 -9999.0 -9999.0 -9999.0 -9999.0 -9999.0 -9999.0
-9999.0 -9999.0 0.028360 -95.429526 -194.066771 -293.057812 -392.177714 -491.342161 -590.508448 -689.642407 -788.689678 -887.610364 -986.369324 -1084.916284 -1183.403491 -1281.790796 -1379.694378 -1476.788866 -1572.499461 -1665.816209 -1754.879488 -1836.665317 -1907.851244 -1966.371904 -2012.115201 -2046.483842 -2071.562793 -2089.476075 -2102.066057 -2110.801947 -2116.800241 -2120.883337 -2123.643324 -2125.498804 -2126.741767 -2127.575991 -2128.154199 -2128.646043 -2129.459236 -2131.729278 -2134.253024 -2077.786234 -1289.474709 -1285.830341 -1275.844656 -1269.299290 -1266.218967 -1265.736612 -1265.684176 -1265.689051 -1265.702237 -1265.716450 -1265.730117 -1265.742777 -1265.754561 -1265.768542 -1265.813192 -1266.106377 -1267.763028 -1271.422434 -1276.444723 -1272.879377 -2054.369838 -2128.368852 -2130.283805 -2129.556926 -2129.351485 -2129.313050 -2129.307094 -2129.306664 -2129.307081 -2129.307541 -2129.307919 -2129.308213 -2129.308440 -2129.308618 -2129.308760 -2129.308877 -2129.308976 -2129.309065 -2129.309154 -2129.309254 -2129.309378 -2129.309550 -2129.309803 -2129.310188 -2129.310793 -2129.311761 -2129.313341 -2129.315969 -2129.320453 -2129.328315 -2129.342523 -2129.368980 -2129.419668 -2129.519640 -2129.723857 -2130.161691 -2131.164583 -2133.672905 -2140.755642 -2164.325895 -9999.0 -9999.0
-9999.0 -9999.0 0.087764 -95.427602 -194.066291 -293.057672 -392.177670 -491.342146 -590.508442 -689.642405 -788.689677 -887.610364 -986.369324 -1084.916284 -1183.403491 -1281.790796 -1379.694378 -1476.788866 -1572.499461 -1665.816209 -1754.879488 -1836.665317 -1907.851244 -1966.371904 -2012.115201 -2046.483842 -2071.562793 -2089.476075 -2102.066057 -2110.801947 -2116.800241 -2120.883337 -2123.643324 -2125.498804 -2126.741767 -2127.575991 -2128.154199 -2128.646043 -2129.459236 -2131.729278 -2134.253024 -2077.786234 -1289.474709 -1285.830341 -1275.844655 -1269.299290 -1266.218967 -1265.736612 -1265.684176 -1265.689051 -1265.702237 -1265.716450 -1265.730117 -1265.742777 -1265.754561 -1265.768542 -1265.813192 -1266.106377 -1267.763028 -1271.422434 -1276.444723 -1272.879377 -2054.369838 -2128.368852 -2130.283805 -2129.556926 -2129.351485 -2129.313050 -2129.307094 -2129.306664 -2129.307081 -2129.307541 -2129.307919 -2129.308213 -2129.308440 -2129.308618 -2129.308760 -2129.308877 -2129.308976 -2129.309065 -2129.309154 -2129.309254 -2129.309378 -2129.309550 -2129.309802 -2129.310188 -2129.310793 -2129.311761 -2129.313341 -2129.315969 -2129.320453 -2129.328315 -2129.342523 -2129.368980 -2129.419668 -2129.519640 -2129.723857 -2130.161691 -2131.164583 -2133.672905 -2140.755642 -2164.325895 -9999.0 -9999.0
-9999.0 -9999.0 0.087778 -95.426832 -194.065988 -293.057562 -392.177631 -491.342132 -590.508437 -689.642403 -788.689676 -887.610364 -986.369324 -1084.916284 -1183.403491 -1281.790796 -1379.694378 -1476.788866 -1572.499461 -1665.816209 -1754.879489 -1836.665317 -1907.851245 -1966.371904 -2012.115201 -2046.483842 -2071.562793 -2089.476075 -2102.066057 -2110.801947 -2116.800241 -2120.883337 -2123.643324 -2125.498804 -2126.741767 -2127.575991 -2128.154199 -2128.646043 -2129.459236 -2131.729278 -2134.253024 -2077.786234 -1289.474709 -1285.830341 -1275.844655 -1269.299289 -1266.218967 -1265.736612 -1265.684176 -1265.689051 -1265.702237 -1265.716450 -1265.730117 -1265.742777 -1265.754561 -1265.768542 -1265.813192 -1266.106377 -1267.763028 -1271.422434 -1276.444723 -1272.879377 -2054.369838 -2128.368852 -2130.283805 -2129.556926 -2129.351485 -2129.313050 -2129.307094 -2129.306664 -2129.307081 -2129.307541 -2129.307919 -2129.308213 -2129.308440 -2129.308618 -2129.308760 -2129.308877 -2129.308976 -2129.309065 -2129.309154 -2129.309254 -2129.309378 -2129.309550 -2129.309802 -2129.310188 -2129.310793 -2129.311761 -2129.313341 -2129.315969 -2129.320453 -2129.328315 -2129.342523 -2129.368980 -2129.419668 -2129.519640 -2129.723857 -2130.161691 -2131.164583 -2133.672905 -2140.755642 -2164.325895 -9999.0 -9999.0
-9999.0 -9999.0 0.087778 -95.426832 -194.065988 -293.057562 -392.177631 -491.342132 -590.508437 -689.642403 -788.689676 -887.610364 -986.369324 -1084.916284 -1183.403491 -1281.790796 -1379.694378 -1476.788866 -1572.499461 -1665.816209 -1754.879489 -1836.665317 -1907.851245 -1966.371904 -2012.115201 -2046.483842 -2071.562793 -2089.476075 -2102.066057 -2110.801947 -2116.800241 -2120.883337 -2123.643324 -2125.498804 -2126.741767 -2127.575991 -2128.154199 -2128.646043 -2129.459236 -2131.729278 -2134.253024 -2077.786234 -1289.474709 -1285.830341 -1275.844655 -1269.299289 -1266.218967 -1265.736612 -1265.684176 -1265.689051 -1265.702237 -1265.716450 -1265.730117 -1265.742777 -1265.754561 -1265.768542 -1265.813192 -1266.106377 -1267.763028 -1271.422434 -1276.444723 -1272.879377 -2054.369838 -2128.368852 -2130.283805 -2129.556926 -2129.351485 -2129.313050 -2129.307094 -2129.306664 -2129.307081 -2129.307541 -2129.307919 -2129.308213 -2129.308440 -2129.308618 -2129.308760 -2129.308877 -2129.308976 -2129.309065 -2129.309154 -2129.309254 -2129.309378 -2129.309550 -2129.309802 -2129.310188 -2129.310793 -2129.311761 -2129.313341 -2129.315969 -2129.320453 -2129.328315 -2129.342523 -2129.368980 -2129.419668 -2129.519640 -2129.723857 -2130.161691 -2131.164583 -2133.672905 -2140.755642 -2164.325895 -9999.0 -9999.0
-9999.0 -9999.0 0.087764 -95.427602 -194.066291 -293.057672 -392.177670 -491.342146 -590.508442 -689.642405 -788.689677 -887.610364 -986.369324 -1084.916284 -1183.403491 -1281.790796 -1379.694378 -1476.788866 -1572.499461 -1665.816209 -1754.879488 -1836.665317 -1907.851244 -1966.371904 -2012.115201 -2046.483842 -2071.562793 -2089.476075 -2102.066057 -2110.801947 -2116.800241 -2120.883337 -2123.643324 -2125.498804 -2126.741767 -2127.575991 -2128.154199 -2128.646043 -2129.459236 -2131.729278 -2134.253024 -2077.786234 -1289.474709 -1285.830341 -1275.844655 -1269.299290 -1266.218967 -1265.736612 -1265.684176 -1265.689051 -1265.702237 -1265.716450 -1265.730117 -1265.742777 -1265.754561 -1265.768542 -1265.813192 -1266.106377 -1267.763028 -1271.422434 -1276.444723 -1272.879377 -2054.369838 -2128.368852 -2130.283805 -2129.556926 -2129.351485 -2129.313050 -2129.307094 -2129.306664 -2129.307081 -2129.307541 -2129.307919 -2129.308213 -2129.308440 -2129.308618 -2129.308760 -2129.308877 -2129.308976 -2129.309065 -2129.309154 -2129.309254 -2129.309378 -2129.309550 -2129.309802 -2129.310188 -2129.310793 -2129.311761 -2129.313341 -2129.315969 -2129.320453 -2129.328315 -2129.342523 -2129.368980 -2129.419668 -2129.519640 -2129.723857 -2130.161691 -2131.164583 -2133.672905 -2140.755642 -2164.325895 -9999.0 -9999.0
-9999.0 -9999.0 0.028360 -95.429526 -194.066771 -293.057812 -392.177714 -491.342161 -590.508448 -689.642407 -788.689678 -887.610364 -986.369324 -1084.916284 -1183.403491 -1281.790796 -1379.694378 -1476.788866 -1572.499461 -1665.816209 -1754.879488 -1836.665317 -1907.851244 -1966.371904 -2012.115201 -2046.483842 -2071.562793 -2089.476075 -2102.066057 -2110.801947 -2116.800241 -2120.883337 -2123.643324 -2125.498804 -2126.741767 -2127.575991 -2128.154199 -2128.646043 -2129.459236 -2131.729278 -2134.253024 -2077.786234 -1289.474709 -1285.830341 -1275.844656 -1269.299290 -1266.218967 -1265.736612 -1265.684176 -1265.689051 -1265.702237 -1265.716450 -1265.730117 -1265.742777 -1265.754561 -1265.768542 -1265.813192 -1266.106377 -1267.763028 -1271.422434 -1276.444723 -1272.879377 -2054.369838 -2128.368852 -2130.283805 -2129.556926 -2129.351485 -2129.313050 -2129.307094 -2129.306664 -2129.307081 -2129.307541 -2129.307919 -2129.308213 -2129.308440 -2129.308618 -2129.308760 -2129.308877 -2129.308976 -2129.309065 -2129.309154 -2129.309254 -2129.309378 -2129.309550 -2129.309803 -2129.310188 -2129.310793 -2129.311761 -2129.313341 -2129.315969 -2129.320453 -2129.328315 -2129.342523 -2129.368980 -2129.419668 -2129.519640 -2129.723857 -2130.161691 -2131.164583 -2133.672905 -2140.755642 -2164.325895 -9999.0 -9999.0
-9999.0 -9999.0 -9999.0 -9999.0 -9999.0 -9999.0 -9999.0 -9999.0 -9999.0 -9999.0 -9999.0 -9999.0 -9999.0 -9999.0 -9999.0 -9999.0 -9999.0 -9999.0 -9999.0 -9999.0 -9999.0 -9999.0 -9999.0 -9999.0 -9999.0 -9999.0 -9999.0 -9999.0 -9999.0 -9999.0 -9999.0 -9999.0 -9999.0 -9999.0 -9999.0 -9999.0 -9999.0 -9999.0 -9999.0 -9999.0 -9999.0 -9999.0 -9999.0 -9999.0 -9999.0 -9999.0 -9999.0 -9999.0 -9999.0 -9999.0 -9999.0 -9999.0 -9999.0 -9999.0 -9999.0 -9999.0 -9999.0 -9999.0 -9999.0 -9999.0 -9999.0 -9999.0 -9999.0 -9999.0 -9999.0 -9999.0 -9999.0 -9999.0 -9999.0 -9999.0 -9999.0 -9999.0 -9999.0 -9999.0 -9999.0 -9999.0 -9999.0 -9999.0 -9999.0 -9999.0 -9999.0 -9999.0 -9999.0 -9999.0 -9999.0 -9999.0 -9999.0 -9999.0 -9999.0 -9999.0 -9999.0 -9999.0 -9999.0 -9999.0 -9999.0 -9999.0 -9999.0 -9999.0 -9999.0 -9999.0 -9999.0 -9999.0 -9999.0 -9999.0
-9999.0 -9999.0 -9999.0 -9999.0 -9999.0 -9999.0 -9999.0 -9999.0 -9999.0 -9999.0 -9999.0 -9999.0 -9999.0 -9999.0 -9999.0 -9999.0 -9999.0 -9999.0 -9999.0 -9999.0 -9999.0 -9999.0 -9999.0 -9999.0 -9999.0 -9999.0 -9999.0 -9999.0 -9999.0 -9999.0 -9999.0 -9999.0 -9999.0 -9999.0 -9999.0 -9999.0 -9999.0 -9999.0 -9999.0 -9999.0 -9999.0 -9999.0 -9999.0 -9999.0 -9999.0 -9999.0 -9999.0 -9999.0 -9999.0 -9999.0 -9999.0 -9999.0 -9999.0 -9999.0 -9999.0 -9999.0 -9999.0 -9999.0 -9999.0 -9999.0 -9999.0 -9999.0 -9999.0 -9999.0 -9999.0 -9999.0 -9999.0 -9999.0 -9999.0 -9999.0 -9999.0 -9999.0 -9999.0 -9999.0 -9999.0 -9999.0 -9999.0 -9999.0 -9999.0 -9999.0 -9999.0 -9999.0 -9999.0 -9999.0 -9999.0 -9999.0 -9999.0 -9999.0 -9999.0 -9999.0 -9999.0 -9999.0 -9999.0 -9999.0 -9999.0 -9999.0 -9999.0 -9999.0 -9999.0 -9999.0 -9999.0 -9999.0 -9999.0 -9999.0