inst/processing_geotop_simulation/geotop_simulation/out/maps3D/PwL0002N0330.asc
ncols         104
nrows         10
xllcorner     -2.000000
yllcorner     0.000000
cellsize      1.000000
NODATA_value  -9999.0
-9999.0 -9999.0 -9999.0 -9999.0 -9999.0 -9999.0 -9999.0 -9999.0 -9999.0 -9999.0 -9999.0 -9999.0 -9999.0 -9999.0 -9999.0 -9999.0 -9999.0 -9999.0 -9999.0 -9999.0 -9999.0 -9999.0 -9999.0 -9999.0 -9999.0 -9999.0 -9999.0 -9999.0 -9999.0 -9999.0 -9999.0 -9999.0 -9999.0 -9999.0 -9999.0 -9999.0 -9999.0 -9999.0 -9999.0 -9999.0 -9999.0 -9999.0 -9999.0 -9999.0 -9999.0 -9999.0 -9999.0 -9999.0 -9999.0 -9999.0 -9999.0 -9999.0 -9999.0 -9999.0 -9999.0 -9999.0 -9999.0 -9999.0 -9999.0 -9999.0 -9999.0 -9999.0 -9999.0 -9999.0 -9999.0 -9999.0 -9999.0 -9999.0 -9999.0 -9999.0 -9999.0 -9999.0 -9999.0 -9999.0 -9999.0 -9999.0 -9999.0 -9999.0 -9999.0 -9999.0 -9999.0 -9999.0 -9999.0 -9999.0 -9999.0 -9999.0 -9999.0 -9999.0 -9999.0 -9999.0 -9999.0 -9999.0 -9999.0 -9999.0 -9999.0 -9999.0 -9999.0 -9999.0 -9999.0 -9999.0 -9999.0 -9999.0 -9999.0 -9999.0
-9999.0 -9999.0 -9999.0 -9999.0 -9999.0 -9999.0 -9999.0 -9999.0 -9999.0 -9999.0 -9999.0 -9999.0 -9999.0 -9999.0 -9999.0 -9999.0 -9999.0 -9999.0 -9999.0 -9999.0 -9999.0 -9999.0 -9999.0 -9999.0 -9999.0 -9999.0 -9999.0 -9999.0 -9999.0 -9999.0 -9999.0 -9999.0 -9999.0 -9999.0 -9999.0 -9999.0 -9999.0 -9999.0 -9999.0 -9999.0 -9999.0 -9999.0 -9999.0 -9999.0 -9999.0 -9999.0 -9999.0 -9999.0 -9999.0 -9999.0 -9999.0 -9999.0 -9999.0 -9999.0 -9999.0 -9999.0 -9999.0 -9999.0 -9999.0 -9999.0 -9999.0 -9999.0 -9999.0 -9999.0 -9999.0 -9999.0 -9999.0 -9999.0 -9999.0 -9999.0 -9999.0 -9999.0 -9999.0 -9999.0 -9999.0 -9999.0 -9999.0 -9999.0 -9999.0 -9999.0 -9999.0 -9999.0 -9999.0 -9999.0 -9999.0 -9999.0 -9999.0 -9999.0 -9999.0 -9999.0 -9999.0 -9999.0 -9999.0 -9999.0 -9999.0 -9999.0 -9999.0 -9999.0 -9999.0 -9999.0 -9999.0 -9999.0 -9999.0 -9999.0
-9999.0 -9999.0 76.336103 -20.278601 -118.651801 -217.445954 -316.394190 -415.395346 -514.397761 -613.361494 -712.203075 -810.883226 -909.349882 -1007.531122 -1105.639371 -1203.620960 -1300.949411 -1397.194906 -1491.665937 -1583.227875 -1669.716911 -1747.759234 -1814.138873 -1867.393796 -1908.097220 -1938.101482 -1959.656775 -1974.858460 -1985.429094 -1992.695085 -1997.640903 -2000.979708 -2003.218452 -2004.711733 -2005.704517 -2006.366423 -2006.824478 -2007.224142 -2007.946026 -2010.208106 -2014.123267 -1967.944279 -1207.260502 -1205.422469 -1194.865713 -1187.980767 -1184.743958 -1184.244186 -1184.190329 -1184.195651 -1184.209583 -1184.224577 -1184.238993 -1184.252345 -1184.264757 -1184.279345 -1184.325203 -1184.627614 -1186.363570 -1190.211058 -1195.567550 -1189.801678 -1944.721805 -2008.209030 -2008.787723 -2007.972746 -2007.773549 -2007.738283 -2007.733025 -2007.732762 -2007.733247 -2007.733751 -2007.734159 -2007.734475 -2007.734718 -2007.734908 -2007.735059 -2007.735182 -2007.735286 -2007.735379 -2007.735472 -2007.735575 -2007.735706 -2007.735886 -2007.736153 -2007.736561 -2007.737203 -2007.738232 -2007.739910 -2007.742700 -2007.747452 -2007.755770 -2007.770768 -2007.798628 -2007.851856 -2007.956409 -2008.168649 -2008.619615 -2009.640756 -2012.159329 -2019.168921 -2042.363729 -9999.0 -9999.0
-9999.0 -9999.0 76.347121 -20.276630 -118.651309 -217.445811 -316.394145 -415.395330 -514.397755 -613.361492 -712.203074 -810.883226 -909.349882 -1007.531122 -1105.639371 -1203.620960 -1300.949411 -1397.194906 -1491.665937 -1583.227876 -1669.716912 -1747.759235 -1814.138873 -1867.393796 -1908.097220 -1938.101482 -1959.656775 -1974.858460 -1985.429094 -1992.695085 -1997.640903 -2000.979708 -2003.218452 -2004.711733 -2005.704517 -2006.366423 -2006.824478 -2007.224142 -2007.946026 -2010.208106 -2014.123267 -1967.944279 -1207.260502 -1205.422469 -1194.865713 -1187.980767 -1184.743958 -1184.244186 -1184.190329 -1184.195651 -1184.209583 -1184.224577 -1184.238993 -1184.252345 -1184.264757 -1184.279345 -1184.325203 -1184.627614 -1186.363570 -1190.211058 -1195.567550 -1189.801678 -1944.721805 -2008.209030 -2008.787723 -2007.972746 -2007.773549 -2007.738283 -2007.733025 -2007.732762 -2007.733247 -2007.733751 -2007.734159 -2007.734475 -2007.734718 -2007.734908 -2007.735059 -2007.735182 -2007.735286 -2007.735379 -2007.735472 -2007.735575 -2007.735706 -2007.735886 -2007.736153 -2007.736561 -2007.737203 -2007.738232 -2007.739910 -2007.742700 -2007.747452 -2007.755770 -2007.770768 -2007.798628 -2007.851856 -2007.956409 -2008.168649 -2008.619615 -2009.640756 -2012.159329 -2019.168921 -2042.363729 -9999.0 -9999.0
-9999.0 -9999.0 76.348317 -20.275839 -118.650997 -217.445699 -316.394105 -415.395316 -514.397750 -613.361490 -712.203073 -810.883225 -909.349881 -1007.531122 -1105.639371 -1203.620960 -1300.949411 -1397.194906 -1491.665937 -1583.227876 -1669.716912 -1747.759235 -1814.138873 -1867.393797 -1908.097220 -1938.101482 -1959.656775 -1974.858460 -1985.429095 -1992.695085 -1997.640903 -2000.979708 -2003.218452 -2004.711733 -2005.704517 -2006.366423 -2006.824478 -2007.224142 -2007.946026 -2010.208106 -2014.123267 -1967.944279 -1207.260502 -1205.422469 -1194.865713 -1187.980767 -1184.743958 -1184.244186 -1184.190329 -1184.195651 -1184.209583 -1184.224577 -1184.238993 -1184.252345 -1184.264757 -1184.279345 -1184.325203 -1184.627614 -1186.363570 -1190.211058 -1195.567550 -1189.801678 -1944.721805 -2008.209030 -2008.787723 -2007.972746 -2007.773549 -2007.738283 -2007.733025 -2007.732762 -2007.733247 -2007.733751 -2007.734159 -2007.734475 -2007.734718 -2007.734908 -2007.735059 -2007.735182 -2007.735286 -2007.735379 -2007.735472 -2007.735575 -2007.735706 -2007.735886 -2007.736153 -2007.736561 -2007.737203 -2007.738232 -2007.739910 -2007.742700 -2007.747452 -2007.755770 -2007.770768 -2007.798628 -2007.851856 -2007.956409 -2008.168649 -2008.619615 -2009.640756 -2012.159329 -2019.168921 -2042.363729 -9999.0 -9999.0
-9999.0 -9999.0 76.348317 -20.275839 -118.650997 -217.445699 -316.394105 -415.395316 -514.397750 -613.361490 -712.203073 -810.883225 -909.349881 -1007.531122 -1105.639371 -1203.620960 -1300.949411 -1397.194906 -1491.665937 -1583.227876 -1669.716912 -1747.759235 -1814.138873 -1867.393797 -1908.097220 -1938.101482 -1959.656775 -1974.858460 -1985.429095 -1992.695085 -1997.640903 -2000.979708 -2003.218452 -2004.711733 -2005.704517 -2006.366423 -2006.824478 -2007.224142 -2007.946026 -2010.208106 -2014.123267 -1967.944279 -1207.260502 -1205.422469 -1194.865713 -1187.980767 -1184.743958 -1184.244186 -1184.190329 -1184.195651 -1184.209583 -1184.224577 -1184.238993 -1184.252345 -1184.264757 -1184.279345 -1184.325203 -1184.627614 -1186.363570 -1190.211058 -1195.567550 -1189.801678 -1944.721805 -2008.209030 -2008.787723 -2007.972746 -2007.773549 -2007.738283 -2007.733025 -2007.732762 -2007.733247 -2007.733751 -2007.734159 -2007.734475 -2007.734718 -2007.734908 -2007.735059 -2007.735182 -2007.735286 -2007.735379 -2007.735472 -2007.735575 -2007.735706 -2007.735886 -2007.736153 -2007.736561 -2007.737203 -2007.738232 -2007.739910 -2007.742700 -2007.747452 -2007.755770 -2007.770768 -2007.798628 -2007.851856 -2007.956409 -2008.168649 -2008.619615 -2009.640756 -2012.159329 -2019.168921 -2042.363729 -9999.0 -9999.0
-9999.0 -9999.0 76.347121 -20.276630 -118.651309 -217.445811 -316.394145 -415.395330 -514.397755 -613.361492 -712.203074 -810.883226 -909.349882 -1007.531122 -1105.639371 -1203.620960 -1300.949411 -1397.194906 -1491.665937 -1583.227876 -1669.716912 -1747.759235 -1814.138873 -1867.393796 -1908.097220 -1938.101482 -1959.656775 -1974.858460 -1985.429094 -1992.695085 -1997.640903 -2000.979708 -2003.218452 -2004.711733 -2005.704517 -2006.366423 -2006.824478 -2007.224142 -2007.946026 -2010.208106 -2014.123267 -1967.944279 -1207.260502 -1205.422469 -1194.865713 -1187.980767 -1184.743958 -1184.244186 -1184.190329 -1184.195651 -1184.209583 -1184.224577 -1184.238993 -1184.252345 -1184.264757 -1184.279345 -1184.325203 -1184.627614 -1186.363570 -1190.211058 -1195.567550 -1189.801678 -1944.721805 -2008.209030 -2008.787723 -2007.972746 -2007.773549 -2007.738283 -2007.733025 -2007.732762 -2007.733247 -2007.733751 -2007.734159 -2007.734475 -2007.734718 -2007.734908 -2007.735059 -2007.735182 -2007.735286 -2007.735379 -2007.735472 -2007.735575 -2007.735706 -2007.735886 -2007.736153 -2007.736561 -2007.737203 -2007.738232 -2007.739910 -2007.742700 -2007.747452 -2007.755770 -2007.770768 -2007.798628 -2007.851856 -2007.956409 -2008.168649 -2008.619615 -2009.640756 -2012.159329 -2019.168921 -2042.363729 -9999.0 -9999.0
-9999.0 -9999.0 76.336103 -20.278601 -118.651801 -217.445954 -316.394190 -415.395346 -514.397761 -613.361494 -712.203075 -810.883226 -909.349882 -1007.531122 -1105.639371 -1203.620960 -1300.949411 -1397.194906 -1491.665937 -1583.227875 -1669.716911 -1747.759234 -1814.138873 -1867.393796 -1908.097220 -1938.101482 -1959.656775 -1974.858460 -1985.429094 -1992.695085 -1997.640903 -2000.979708 -2003.218452 -2004.711733 -2005.704517 -2006.366423 -2006.824478 -2007.224142 -2007.946026 -2010.208106 -2014.123267 -1967.944279 -1207.260502 -1205.422469 -1194.865713 -1187.980767 -1184.743958 -1184.244186 -1184.190329 -1184.195651 -1184.209583 -1184.224577 -1184.238993 -1184.252345 -1184.264757 -1184.279345 -1184.325203 -1184.627614 -1186.363570 -1190.211058 -1195.567550 -1189.801678 -1944.721805 -2008.209030 -2008.787723 -2007.972746 -2007.773549 -2007.738283 -2007.733025 -2007.732762 -2007.733247 -2007.733751 -2007.734159 -2007.734475 -2007.734718 -2007.734908 -2007.735059 -2007.735182 -2007.735286 -2007.735379 -2007.735472 -2007.735575 -2007.735706 -2007.735886 -2007.736153 -2007.736561 -2007.737203 -2007.738232 -2007.739910 -2007.742700 -2007.747452 -2007.755770 -2007.770768 -2007.798628 -2007.851856 -2007.956409 -2008.168649 -2008.619615 -2009.640756 -2012.159329 -2019.168921 -2042.363729 -9999.0 -9999.0
-9999.0 -9999.0 -9999.0 -9999.0 -9999.0 -9999.0 -9999.0 -9999.0 -9999.0 -9999.0 -9999.0 -9999.0 -9999.0 -9999.0 -9999.0 -9999.0 -9999.0 -9999.0 -9999.0 -9999.0 -9999.0 -9999.0 -9999.0 -9999.0 -9999.0 -9999.0 -9999.0 -9999.0 -9999.0 -9999.0 -9999.0 -9999.0 -9999.0 -9999.0 -9999.0 -9999.0 -9999.0 -9999.0 -9999.0 -9999.0 -9999.0 -9999.0 -9999.0 -9999.0 -9999.0 -9999.0 -9999.0 -9999.0 -9999.0 -9999.0 -9999.0 -9999.0 -9999.0 -9999.0 -9999.0 -9999.0 -9999.0 -9999.0 -9999.0 -9999.0 -9999.0 -9999.0 -9999.0 -9999.0 -9999.0 -9999.0 -9999.0 -9999.0 -9999.0 -9999.0 -9999.0 -9999.0 -9999.0 -9999.0 -9999.0 -9999.0 -9999.0 -9999.0 -9999.0 -9999.0 -9999.0 -9999.0 -9999.0 -9999.0 -9999.0 -9999.0 -9999.0 -9999.0 -9999.0 -9999.0 -9999.0 -9999.0 -9999.0 -9999.0 -9999.0 -9999.0 -9999.0 -9999.0 -9999.0 -9999.0 -9999.0 -9999.0 -9999.0 -9999.0
-9999.0 -9999.0 -9999.0 -9999.0 -9999.0 -9999.0 -9999.0 -9999.0 -9999.0 -9999.0 -9999.0 -9999.0 -9999.0 -9999.0 -9999.0 -9999.0 -9999.0 -9999.0 -9999.0 -9999.0 -9999.0 -9999.0 -9999.0 -9999.0 -9999.0 -9999.0 -9999.0 -9999.0 -9999.0 -9999.0 -9999.0 -9999.0 -9999.0 -9999.0 -9999.0 -9999.0 -9999.0 -9999.0 -9999.0 -9999.0 -9999.0 -9999.0 -9999.0 -9999.0 -9999.0 -9999.0 -9999.0 -9999.0 -9999.0 -9999.0 -9999.0 -9999.0 -9999.0 -9999.0 -9999.0 -9999.0 -9999.0 -9999.0 -9999.0 -9999.0 -9999.0 -9999.0 -9999.0 -9999.0 -9999.0 -9999.0 -9999.0 -9999.0 -9999.0 -9999.0 -9999.0 -9999.0 -9999.0 -9999.0 -9999.0 -9999.0 -9999.0 -9999.0 -9999.0 -9999.0 -9999.0 -9999.0 -9999.0 -9999.0 -9999.0 -9999.0 -9999.0 -9999.0 -9999.0 -9999.0 -9999.0 -9999.0 -9999.0 -9999.0 -9999.0 -9999.0 -9999.0 -9999.0 -9999.0 -9999.0 -9999.0 -9999.0 -9999.0 -9999.0