inst/processing_geotop_simulation/geotop_simulation/out/maps3D/PwL0006N0323.asc
ncols         104
nrows         10
xllcorner     -2.000000
yllcorner     0.000000
cellsize      1.000000
NODATA_value  -9999.0
-9999.0 -9999.0 -9999.0 -9999.0 -9999.0 -9999.0 -9999.0 -9999.0 -9999.0 -9999.0 -9999.0 -9999.0 -9999.0 -9999.0 -9999.0 -9999.0 -9999.0 -9999.0 -9999.0 -9999.0 -9999.0 -9999.0 -9999.0 -9999.0 -9999.0 -9999.0 -9999.0 -9999.0 -9999.0 -9999.0 -9999.0 -9999.0 -9999.0 -9999.0 -9999.0 -9999.0 -9999.0 -9999.0 -9999.0 -9999.0 -9999.0 -9999.0 -9999.0 -9999.0 -9999.0 -9999.0 -9999.0 -9999.0 -9999.0 -9999.0 -9999.0 -9999.0 -9999.0 -9999.0 -9999.0 -9999.0 -9999.0 -9999.0 -9999.0 -9999.0 -9999.0 -9999.0 -9999.0 -9999.0 -9999.0 -9999.0 -9999.0 -9999.0 -9999.0 -9999.0 -9999.0 -9999.0 -9999.0 -9999.0 -9999.0 -9999.0 -9999.0 -9999.0 -9999.0 -9999.0 -9999.0 -9999.0 -9999.0 -9999.0 -9999.0 -9999.0 -9999.0 -9999.0 -9999.0 -9999.0 -9999.0 -9999.0 -9999.0 -9999.0 -9999.0 -9999.0 -9999.0 -9999.0 -9999.0 -9999.0 -9999.0 -9999.0 -9999.0 -9999.0
-9999.0 -9999.0 -9999.0 -9999.0 -9999.0 -9999.0 -9999.0 -9999.0 -9999.0 -9999.0 -9999.0 -9999.0 -9999.0 -9999.0 -9999.0 -9999.0 -9999.0 -9999.0 -9999.0 -9999.0 -9999.0 -9999.0 -9999.0 -9999.0 -9999.0 -9999.0 -9999.0 -9999.0 -9999.0 -9999.0 -9999.0 -9999.0 -9999.0 -9999.0 -9999.0 -9999.0 -9999.0 -9999.0 -9999.0 -9999.0 -9999.0 -9999.0 -9999.0 -9999.0 -9999.0 -9999.0 -9999.0 -9999.0 -9999.0 -9999.0 -9999.0 -9999.0 -9999.0 -9999.0 -9999.0 -9999.0 -9999.0 -9999.0 -9999.0 -9999.0 -9999.0 -9999.0 -9999.0 -9999.0 -9999.0 -9999.0 -9999.0 -9999.0 -9999.0 -9999.0 -9999.0 -9999.0 -9999.0 -9999.0 -9999.0 -9999.0 -9999.0 -9999.0 -9999.0 -9999.0 -9999.0 -9999.0 -9999.0 -9999.0 -9999.0 -9999.0 -9999.0 -9999.0 -9999.0 -9999.0 -9999.0 -9999.0 -9999.0 -9999.0 -9999.0 -9999.0 -9999.0 -9999.0 -9999.0 -9999.0 -9999.0 -9999.0 -9999.0 -9999.0
-9999.0 -9999.0 275.201623 178.023975 79.663547 -19.094039 -118.004679 -216.977769 -315.964627 -414.930302 -513.834179 -612.583085 -710.988518 -809.266731 -907.383356 -1005.468317 -1103.450667 -1200.227496 -1295.520023 -1388.350015 -1476.840275 -1557.955862 -1628.525569 -1686.675433 -1732.345069 -1766.856078 -1792.176755 -1810.342692 -1823.149676 -1832.051882 -1838.168235 -1842.330547 -1845.141409 -1847.028403 -1848.290226 -1849.135156 -1849.717956 -1850.205911 -1851.007186 -1853.443077 -1858.731278 -1829.928379 -1175.542765 -1201.658337 -1184.200580 -1172.808607 -1167.491467 -1166.705056 -1166.621675 -1166.629656 -1166.650768 -1166.673481 -1166.695310 -1166.715526 -1166.734303 -1166.756277 -1166.825319 -1167.291129 -1170.102957 -1176.374083 -1184.670120 -1146.720104 -1802.873975 -1852.290793 -1852.017410 -1851.135663 -1850.928541 -1850.892081 -1850.886638 -1850.886347 -1850.886829 -1850.887334 -1850.887745 -1850.888062 -1850.888308 -1850.888500 -1850.888653 -1850.888778 -1850.888885 -1850.888980 -1850.889076 -1850.889182 -1850.889315 -1850.889498 -1850.889767 -1850.890179 -1850.890825 -1850.891859 -1850.893545 -1850.896347 -1850.901120 -1850.909474 -1850.924544 -1850.952551 -1851.006100 -1851.111422 -1851.325683 -1851.782324 -1852.819679 -1855.383119 -1862.505907 -1885.915585 -9999.0 -9999.0
-9999.0 -9999.0 275.209729 178.025837 79.664034 -19.093896 -118.004634 -216.977753 -315.964622 -414.930299 -513.834179 -612.583085 -710.988518 -809.266731 -907.383356 -1005.468317 -1103.450667 -1200.227496 -1295.520023 -1388.350015 -1476.840275 -1557.955862 -1628.525569 -1686.675433 -1732.345069 -1766.856079 -1792.176755 -1810.342692 -1823.149676 -1832.051882 -1838.168235 -1842.330547 -1845.141409 -1847.028403 -1848.290226 -1849.135156 -1849.717956 -1850.205911 -1851.007186 -1853.443077 -1858.731278 -1829.928379 -1175.542765 -1201.658337 -1184.200580 -1172.808607 -1167.491467 -1166.705056 -1166.621675 -1166.629656 -1166.650768 -1166.673481 -1166.695310 -1166.715526 -1166.734303 -1166.756277 -1166.825319 -1167.291129 -1170.102957 -1176.374083 -1184.670120 -1146.720104 -1802.873975 -1852.290793 -1852.017410 -1851.135663 -1850.928541 -1850.892081 -1850.886638 -1850.886347 -1850.886829 -1850.887334 -1850.887745 -1850.888062 -1850.888308 -1850.888500 -1850.888653 -1850.888778 -1850.888885 -1850.888980 -1850.889076 -1850.889182 -1850.889315 -1850.889498 -1850.889767 -1850.890179 -1850.890825 -1850.891859 -1850.893545 -1850.896347 -1850.901120 -1850.909474 -1850.924544 -1850.952551 -1851.006100 -1851.111422 -1851.325683 -1851.782324 -1852.819679 -1855.383119 -1862.505907 -1885.915585 -9999.0 -9999.0
-9999.0 -9999.0 275.211133 178.026616 79.664343 -19.093784 -118.004594 -216.977739 -315.964617 -414.930298 -513.834178 -612.583085 -710.988518 -809.266731 -907.383356 -1005.468317 -1103.450667 -1200.227496 -1295.520023 -1388.350015 -1476.840275 -1557.955862 -1628.525569 -1686.675433 -1732.345069 -1766.856079 -1792.176755 -1810.342692 -1823.149676 -1832.051882 -1838.168235 -1842.330547 -1845.141409 -1847.028403 -1848.290226 -1849.135156 -1849.717956 -1850.205911 -1851.007186 -1853.443077 -1858.731278 -1829.928379 -1175.542765 -1201.658337 -1184.200580 -1172.808607 -1167.491467 -1166.705056 -1166.621675 -1166.629656 -1166.650768 -1166.673481 -1166.695310 -1166.715526 -1166.734303 -1166.756277 -1166.825319 -1167.291129 -1170.102957 -1176.374083 -1184.670120 -1146.720104 -1802.873975 -1852.290793 -1852.017410 -1851.135663 -1850.928541 -1850.892081 -1850.886638 -1850.886347 -1850.886829 -1850.887334 -1850.887745 -1850.888062 -1850.888308 -1850.888500 -1850.888653 -1850.888778 -1850.888885 -1850.888980 -1850.889076 -1850.889182 -1850.889315 -1850.889498 -1850.889767 -1850.890179 -1850.890825 -1850.891859 -1850.893545 -1850.896347 -1850.901120 -1850.909474 -1850.924544 -1850.952551 -1851.006100 -1851.111422 -1851.325683 -1851.782324 -1852.819679 -1855.383119 -1862.505907 -1885.915585 -9999.0 -9999.0
-9999.0 -9999.0 275.211133 178.026616 79.664343 -19.093784 -118.004594 -216.977739 -315.964616 -414.930298 -513.834178 -612.583085 -710.988518 -809.266731 -907.383356 -1005.468317 -1103.450667 -1200.227496 -1295.520023 -1388.350015 -1476.840275 -1557.955862 -1628.525569 -1686.675433 -1732.345069 -1766.856079 -1792.176755 -1810.342692 -1823.149676 -1832.051882 -1838.168235 -1842.330547 -1845.141409 -1847.028403 -1848.290226 -1849.135156 -1849.717956 -1850.205911 -1851.007186 -1853.443077 -1858.731278 -1829.928379 -1175.542765 -1201.658337 -1184.200580 -1172.808607 -1167.491467 -1166.705056 -1166.621675 -1166.629656 -1166.650768 -1166.673481 -1166.695310 -1166.715526 -1166.734303 -1166.756277 -1166.825319 -1167.291129 -1170.102957 -1176.374083 -1184.670120 -1146.720104 -1802.873975 -1852.290793 -1852.017410 -1851.135663 -1850.928541 -1850.892081 -1850.886638 -1850.886347 -1850.886829 -1850.887334 -1850.887745 -1850.888062 -1850.888308 -1850.888500 -1850.888653 -1850.888778 -1850.888885 -1850.888980 -1850.889076 -1850.889182 -1850.889315 -1850.889498 -1850.889767 -1850.890179 -1850.890825 -1850.891859 -1850.893545 -1850.896347 -1850.901120 -1850.909474 -1850.924544 -1850.952551 -1851.006100 -1851.111422 -1851.325683 -1851.782324 -1852.819679 -1855.383119 -1862.505907 -1885.915585 -9999.0 -9999.0
-9999.0 -9999.0 275.209729 178.025837 79.664034 -19.093896 -118.004634 -216.977753 -315.964622 -414.930299 -513.834179 -612.583085 -710.988518 -809.266731 -907.383356 -1005.468317 -1103.450667 -1200.227496 -1295.520023 -1388.350015 -1476.840275 -1557.955862 -1628.525569 -1686.675433 -1732.345069 -1766.856079 -1792.176755 -1810.342692 -1823.149676 -1832.051882 -1838.168235 -1842.330547 -1845.141409 -1847.028403 -1848.290226 -1849.135156 -1849.717956 -1850.205911 -1851.007186 -1853.443077 -1858.731278 -1829.928379 -1175.542765 -1201.658337 -1184.200580 -1172.808607 -1167.491467 -1166.705056 -1166.621675 -1166.629656 -1166.650768 -1166.673481 -1166.695310 -1166.715526 -1166.734303 -1166.756277 -1166.825319 -1167.291129 -1170.102957 -1176.374083 -1184.670120 -1146.720104 -1802.873975 -1852.290793 -1852.017410 -1851.135663 -1850.928541 -1850.892081 -1850.886638 -1850.886347 -1850.886829 -1850.887334 -1850.887745 -1850.888062 -1850.888308 -1850.888500 -1850.888653 -1850.888778 -1850.888885 -1850.888980 -1850.889076 -1850.889182 -1850.889315 -1850.889498 -1850.889767 -1850.890179 -1850.890825 -1850.891859 -1850.893545 -1850.896347 -1850.901120 -1850.909474 -1850.924544 -1850.952551 -1851.006100 -1851.111422 -1851.325683 -1851.782324 -1852.819679 -1855.383119 -1862.505907 -1885.915585 -9999.0 -9999.0
-9999.0 -9999.0 275.201623 178.023975 79.663547 -19.094039 -118.004679 -216.977769 -315.964627 -414.930302 -513.834179 -612.583085 -710.988518 -809.266731 -907.383356 -1005.468317 -1103.450667 -1200.227496 -1295.520023 -1388.350015 -1476.840275 -1557.955862 -1628.525569 -1686.675433 -1732.345069 -1766.856078 -1792.176755 -1810.342692 -1823.149676 -1832.051882 -1838.168235 -1842.330547 -1845.141409 -1847.028403 -1848.290226 -1849.135156 -1849.717956 -1850.205911 -1851.007186 -1853.443077 -1858.731278 -1829.928379 -1175.542765 -1201.658337 -1184.200580 -1172.808607 -1167.491467 -1166.705056 -1166.621675 -1166.629656 -1166.650768 -1166.673481 -1166.695310 -1166.715526 -1166.734303 -1166.756277 -1166.825319 -1167.291129 -1170.102957 -1176.374083 -1184.670120 -1146.720104 -1802.873975 -1852.290793 -1852.017410 -1851.135663 -1850.928541 -1850.892081 -1850.886638 -1850.886347 -1850.886829 -1850.887334 -1850.887745 -1850.888062 -1850.888308 -1850.888500 -1850.888653 -1850.888778 -1850.888885 -1850.888980 -1850.889076 -1850.889182 -1850.889315 -1850.889498 -1850.889767 -1850.890179 -1850.890825 -1850.891859 -1850.893545 -1850.896347 -1850.901120 -1850.909474 -1850.924544 -1850.952551 -1851.006100 -1851.111422 -1851.325683 -1851.782324 -1852.819679 -1855.383119 -1862.505907 -1885.915585 -9999.0 -9999.0
-9999.0 -9999.0 -9999.0 -9999.0 -9999.0 -9999.0 -9999.0 -9999.0 -9999.0 -9999.0 -9999.0 -9999.0 -9999.0 -9999.0 -9999.0 -9999.0 -9999.0 -9999.0 -9999.0 -9999.0 -9999.0 -9999.0 -9999.0 -9999.0 -9999.0 -9999.0 -9999.0 -9999.0 -9999.0 -9999.0 -9999.0 -9999.0 -9999.0 -9999.0 -9999.0 -9999.0 -9999.0 -9999.0 -9999.0 -9999.0 -9999.0 -9999.0 -9999.0 -9999.0 -9999.0 -9999.0 -9999.0 -9999.0 -9999.0 -9999.0 -9999.0 -9999.0 -9999.0 -9999.0 -9999.0 -9999.0 -9999.0 -9999.0 -9999.0 -9999.0 -9999.0 -9999.0 -9999.0 -9999.0 -9999.0 -9999.0 -9999.0 -9999.0 -9999.0 -9999.0 -9999.0 -9999.0 -9999.0 -9999.0 -9999.0 -9999.0 -9999.0 -9999.0 -9999.0 -9999.0 -9999.0 -9999.0 -9999.0 -9999.0 -9999.0 -9999.0 -9999.0 -9999.0 -9999.0 -9999.0 -9999.0 -9999.0 -9999.0 -9999.0 -9999.0 -9999.0 -9999.0 -9999.0 -9999.0 -9999.0 -9999.0 -9999.0 -9999.0 -9999.0
-9999.0 -9999.0 -9999.0 -9999.0 -9999.0 -9999.0 -9999.0 -9999.0 -9999.0 -9999.0 -9999.0 -9999.0 -9999.0 -9999.0 -9999.0 -9999.0 -9999.0 -9999.0 -9999.0 -9999.0 -9999.0 -9999.0 -9999.0 -9999.0 -9999.0 -9999.0 -9999.0 -9999.0 -9999.0 -9999.0 -9999.0 -9999.0 -9999.0 -9999.0 -9999.0 -9999.0 -9999.0 -9999.0 -9999.0 -9999.0 -9999.0 -9999.0 -9999.0 -9999.0 -9999.0 -9999.0 -9999.0 -9999.0 -9999.0 -9999.0 -9999.0 -9999.0 -9999.0 -9999.0 -9999.0 -9999.0 -9999.0 -9999.0 -9999.0 -9999.0 -9999.0 -9999.0 -9999.0 -9999.0 -9999.0 -9999.0 -9999.0 -9999.0 -9999.0 -9999.0 -9999.0 -9999.0 -9999.0 -9999.0 -9999.0 -9999.0 -9999.0 -9999.0 -9999.0 -9999.0 -9999.0 -9999.0 -9999.0 -9999.0 -9999.0 -9999.0 -9999.0 -9999.0 -9999.0 -9999.0 -9999.0 -9999.0 -9999.0 -9999.0 -9999.0 -9999.0 -9999.0 -9999.0 -9999.0 -9999.0 -9999.0 -9999.0 -9999.0 -9999.0