inst/processing_geotop_simulation/geotop_simulation/out/maps3D/PwL0011N0479.asc
ncols         104
nrows         10
xllcorner     -2.000000
yllcorner     0.000000
cellsize      1.000000
NODATA_value  -9999.0
-9999.0 -9999.0 -9999.0 -9999.0 -9999.0 -9999.0 -9999.0 -9999.0 -9999.0 -9999.0 -9999.0 -9999.0 -9999.0 -9999.0 -9999.0 -9999.0 -9999.0 -9999.0 -9999.0 -9999.0 -9999.0 -9999.0 -9999.0 -9999.0 -9999.0 -9999.0 -9999.0 -9999.0 -9999.0 -9999.0 -9999.0 -9999.0 -9999.0 -9999.0 -9999.0 -9999.0 -9999.0 -9999.0 -9999.0 -9999.0 -9999.0 -9999.0 -9999.0 -9999.0 -9999.0 -9999.0 -9999.0 -9999.0 -9999.0 -9999.0 -9999.0 -9999.0 -9999.0 -9999.0 -9999.0 -9999.0 -9999.0 -9999.0 -9999.0 -9999.0 -9999.0 -9999.0 -9999.0 -9999.0 -9999.0 -9999.0 -9999.0 -9999.0 -9999.0 -9999.0 -9999.0 -9999.0 -9999.0 -9999.0 -9999.0 -9999.0 -9999.0 -9999.0 -9999.0 -9999.0 -9999.0 -9999.0 -9999.0 -9999.0 -9999.0 -9999.0 -9999.0 -9999.0 -9999.0 -9999.0 -9999.0 -9999.0 -9999.0 -9999.0 -9999.0 -9999.0 -9999.0 -9999.0 -9999.0 -9999.0 -9999.0 -9999.0 -9999.0 -9999.0
-9999.0 -9999.0 -9999.0 -9999.0 -9999.0 -9999.0 -9999.0 -9999.0 -9999.0 -9999.0 -9999.0 -9999.0 -9999.0 -9999.0 -9999.0 -9999.0 -9999.0 -9999.0 -9999.0 -9999.0 -9999.0 -9999.0 -9999.0 -9999.0 -9999.0 -9999.0 -9999.0 -9999.0 -9999.0 -9999.0 -9999.0 -9999.0 -9999.0 -9999.0 -9999.0 -9999.0 -9999.0 -9999.0 -9999.0 -9999.0 -9999.0 -9999.0 -9999.0 -9999.0 -9999.0 -9999.0 -9999.0 -9999.0 -9999.0 -9999.0 -9999.0 -9999.0 -9999.0 -9999.0 -9999.0 -9999.0 -9999.0 -9999.0 -9999.0 -9999.0 -9999.0 -9999.0 -9999.0 -9999.0 -9999.0 -9999.0 -9999.0 -9999.0 -9999.0 -9999.0 -9999.0 -9999.0 -9999.0 -9999.0 -9999.0 -9999.0 -9999.0 -9999.0 -9999.0 -9999.0 -9999.0 -9999.0 -9999.0 -9999.0 -9999.0 -9999.0 -9999.0 -9999.0 -9999.0 -9999.0 -9999.0 -9999.0 -9999.0 -9999.0 -9999.0 -9999.0 -9999.0 -9999.0 -9999.0 -9999.0 -9999.0 -9999.0 -9999.0 -9999.0
-9999.0 -9999.0 521.716688 422.833966 323.623373 224.246239 124.797185 25.318513 -74.167473 -173.651948 -273.128438 -372.586652 -472.009365 -571.363026 -670.600854 -769.781143 -868.966090 -968.075897 -1067.097656 -1165.716363 -1263.259749 -1358.914778 -1450.942441 -1536.976750 -1614.586193 -1681.925933 -1738.139788 -1783.406066 -1818.710506 -1845.504256 -1865.384080 -1879.865807 -1890.261550 -1897.638005 -1902.825362 -1906.453218 -1909.006143 -1910.927426 -1912.861361 -1915.876510 -1917.851863 -1883.605890 -1382.763075 -1610.484640 -1558.788322 -1523.917259 -1508.053566 -1505.797903 -1505.560971 -1505.581609 -1505.638695 -1505.700175 -1505.759256 -1505.813966 -1505.864805 -1505.924528 -1506.114766 -1507.423356 -1515.679022 -1534.325031 -1551.673914 -1314.228920 -1846.385496 -1910.813114 -1915.263738 -1914.835710 -1914.608565 -1914.554897 -1914.545106 -1914.543860 -1914.544067 -1914.544450 -1914.544797 -1914.545086 -1914.545326 -1914.545530 -1914.545708 -1914.545868 -1914.546017 -1914.546161 -1914.546308 -1914.546467 -1914.546649 -1914.546874 -1914.547168 -1914.547577 -1914.548171 -1914.549072 -1914.550491 -1914.552804 -1914.556710 -1914.563544 -1914.575934 -1914.599179 -1914.644296 -1914.735173 -1914.926789 -1915.355093 -1916.384023 -1919.081650 -1926.932156 -1952.613232 -9999.0 -9999.0
-9999.0 -9999.0 521.721634 422.835395 323.623778 224.246362 124.797225 25.318527 -74.167468 -173.651946 -273.128437 -372.586652 -472.009365 -571.363026 -670.600853 -769.781143 -868.966090 -968.075898 -1067.097657 -1165.716364 -1263.259749 -1358.914779 -1450.942441 -1536.976751 -1614.586193 -1681.925933 -1738.139788 -1783.406066 -1818.710506 -1845.504256 -1865.384080 -1879.865807 -1890.261550 -1897.638005 -1902.825362 -1906.453218 -1909.006143 -1910.927426 -1912.861361 -1915.876510 -1917.851863 -1883.605890 -1382.763075 -1610.484640 -1558.788321 -1523.917258 -1508.053566 -1505.797903 -1505.560971 -1505.581609 -1505.638695 -1505.700175 -1505.759256 -1505.813966 -1505.864805 -1505.924528 -1506.114766 -1507.423356 -1515.679022 -1534.325031 -1551.673914 -1314.228920 -1846.385496 -1910.813114 -1915.263738 -1914.835710 -1914.608565 -1914.554897 -1914.545106 -1914.543860 -1914.544067 -1914.544450 -1914.544797 -1914.545086 -1914.545326 -1914.545530 -1914.545708 -1914.545868 -1914.546017 -1914.546161 -1914.546308 -1914.546467 -1914.546649 -1914.546874 -1914.547168 -1914.547577 -1914.548171 -1914.549072 -1914.550491 -1914.552804 -1914.556710 -1914.563544 -1914.575934 -1914.599179 -1914.644295 -1914.735173 -1914.926789 -1915.355093 -1916.384023 -1919.081650 -1926.932156 -1952.613232 -9999.0 -9999.0
-9999.0 -9999.0 521.722885 422.836050 323.624042 224.246460 124.797260 25.318540 -74.167463 -173.651944 -273.128436 -372.586651 -472.009365 -571.363026 -670.600853 -769.781143 -868.966090 -968.075898 -1067.097657 -1165.716364 -1263.259749 -1358.914779 -1450.942441 -1536.976751 -1614.586193 -1681.925933 -1738.139788 -1783.406066 -1818.710506 -1845.504256 -1865.384080 -1879.865807 -1890.261550 -1897.638005 -1902.825362 -1906.453218 -1909.006143 -1910.927426 -1912.861361 -1915.876510 -1917.851863 -1883.605890 -1382.763075 -1610.484640 -1558.788321 -1523.917258 -1508.053566 -1505.797903 -1505.560971 -1505.581609 -1505.638695 -1505.700175 -1505.759256 -1505.813966 -1505.864805 -1505.924528 -1506.114766 -1507.423356 -1515.679022 -1534.325031 -1551.673914 -1314.228920 -1846.385496 -1910.813114 -1915.263738 -1914.835710 -1914.608565 -1914.554897 -1914.545106 -1914.543860 -1914.544067 -1914.544450 -1914.544797 -1914.545086 -1914.545326 -1914.545530 -1914.545708 -1914.545868 -1914.546017 -1914.546161 -1914.546308 -1914.546467 -1914.546649 -1914.546874 -1914.547168 -1914.547577 -1914.548171 -1914.549072 -1914.550491 -1914.552804 -1914.556710 -1914.563544 -1914.575934 -1914.599179 -1914.644295 -1914.735173 -1914.926789 -1915.355093 -1916.384023 -1919.081650 -1926.932156 -1952.613232 -9999.0 -9999.0
-9999.0 -9999.0 521.722885 422.836050 323.624042 224.246460 124.797260 25.318540 -74.167463 -173.651944 -273.128436 -372.586652 -472.009365 -571.363026 -670.600853 -769.781143 -868.966090 -968.075898 -1067.097657 -1165.716364 -1263.259749 -1358.914779 -1450.942441 -1536.976751 -1614.586193 -1681.925933 -1738.139788 -1783.406066 -1818.710506 -1845.504256 -1865.384080 -1879.865807 -1890.261550 -1897.638005 -1902.825362 -1906.453218 -1909.006143 -1910.927426 -1912.861361 -1915.876510 -1917.851863 -1883.605890 -1382.763075 -1610.484640 -1558.788321 -1523.917258 -1508.053566 -1505.797903 -1505.560971 -1505.581609 -1505.638695 -1505.700175 -1505.759256 -1505.813966 -1505.864805 -1505.924528 -1506.114766 -1507.423356 -1515.679022 -1534.325031 -1551.673914 -1314.228920 -1846.385496 -1910.813114 -1915.263738 -1914.835710 -1914.608565 -1914.554897 -1914.545106 -1914.543860 -1914.544067 -1914.544450 -1914.544797 -1914.545086 -1914.545326 -1914.545530 -1914.545708 -1914.545868 -1914.546017 -1914.546161 -1914.546308 -1914.546467 -1914.546649 -1914.546874 -1914.547168 -1914.547577 -1914.548171 -1914.549072 -1914.550491 -1914.552804 -1914.556710 -1914.563544 -1914.575934 -1914.599179 -1914.644295 -1914.735173 -1914.926789 -1915.355093 -1916.384023 -1919.081650 -1926.932156 -1952.613232 -9999.0 -9999.0
-9999.0 -9999.0 521.721634 422.835395 323.623778 224.246362 124.797225 25.318527 -74.167468 -173.651946 -273.128437 -372.586652 -472.009365 -571.363026 -670.600853 -769.781143 -868.966090 -968.075898 -1067.097657 -1165.716364 -1263.259749 -1358.914779 -1450.942441 -1536.976751 -1614.586193 -1681.925933 -1738.139788 -1783.406066 -1818.710506 -1845.504256 -1865.384080 -1879.865807 -1890.261550 -1897.638005 -1902.825362 -1906.453218 -1909.006143 -1910.927426 -1912.861361 -1915.876510 -1917.851863 -1883.605890 -1382.763075 -1610.484640 -1558.788321 -1523.917258 -1508.053566 -1505.797903 -1505.560971 -1505.581609 -1505.638695 -1505.700175 -1505.759256 -1505.813966 -1505.864805 -1505.924528 -1506.114766 -1507.423356 -1515.679022 -1534.325031 -1551.673914 -1314.228920 -1846.385496 -1910.813114 -1915.263738 -1914.835710 -1914.608565 -1914.554897 -1914.545106 -1914.543860 -1914.544067 -1914.544450 -1914.544797 -1914.545086 -1914.545326 -1914.545530 -1914.545708 -1914.545868 -1914.546017 -1914.546161 -1914.546308 -1914.546467 -1914.546649 -1914.546874 -1914.547168 -1914.547577 -1914.548171 -1914.549072 -1914.550491 -1914.552804 -1914.556710 -1914.563544 -1914.575934 -1914.599179 -1914.644295 -1914.735173 -1914.926789 -1915.355093 -1916.384023 -1919.081650 -1926.932156 -1952.613232 -9999.0 -9999.0
-9999.0 -9999.0 521.716688 422.833966 323.623373 224.246239 124.797185 25.318513 -74.167473 -173.651948 -273.128438 -372.586653 -472.009365 -571.363026 -670.600854 -769.781143 -868.966090 -968.075897 -1067.097656 -1165.716363 -1263.259749 -1358.914778 -1450.942441 -1536.976750 -1614.586193 -1681.925933 -1738.139788 -1783.406066 -1818.710506 -1845.504256 -1865.384080 -1879.865807 -1890.261550 -1897.638005 -1902.825362 -1906.453218 -1909.006143 -1910.927426 -1912.861361 -1915.876510 -1917.851863 -1883.605890 -1382.763075 -1610.484640 -1558.788322 -1523.917259 -1508.053566 -1505.797903 -1505.560971 -1505.581609 -1505.638695 -1505.700175 -1505.759256 -1505.813966 -1505.864805 -1505.924528 -1506.114766 -1507.423356 -1515.679022 -1534.325031 -1551.673914 -1314.228920 -1846.385496 -1910.813114 -1915.263738 -1914.835710 -1914.608565 -1914.554897 -1914.545106 -1914.543860 -1914.544067 -1914.544450 -1914.544797 -1914.545086 -1914.545326 -1914.545530 -1914.545708 -1914.545868 -1914.546017 -1914.546161 -1914.546308 -1914.546467 -1914.546649 -1914.546874 -1914.547168 -1914.547577 -1914.548171 -1914.549072 -1914.550491 -1914.552804 -1914.556710 -1914.563544 -1914.575934 -1914.599179 -1914.644296 -1914.735173 -1914.926789 -1915.355093 -1916.384023 -1919.081650 -1926.932156 -1952.613232 -9999.0 -9999.0
-9999.0 -9999.0 -9999.0 -9999.0 -9999.0 -9999.0 -9999.0 -9999.0 -9999.0 -9999.0 -9999.0 -9999.0 -9999.0 -9999.0 -9999.0 -9999.0 -9999.0 -9999.0 -9999.0 -9999.0 -9999.0 -9999.0 -9999.0 -9999.0 -9999.0 -9999.0 -9999.0 -9999.0 -9999.0 -9999.0 -9999.0 -9999.0 -9999.0 -9999.0 -9999.0 -9999.0 -9999.0 -9999.0 -9999.0 -9999.0 -9999.0 -9999.0 -9999.0 -9999.0 -9999.0 -9999.0 -9999.0 -9999.0 -9999.0 -9999.0 -9999.0 -9999.0 -9999.0 -9999.0 -9999.0 -9999.0 -9999.0 -9999.0 -9999.0 -9999.0 -9999.0 -9999.0 -9999.0 -9999.0 -9999.0 -9999.0 -9999.0 -9999.0 -9999.0 -9999.0 -9999.0 -9999.0 -9999.0 -9999.0 -9999.0 -9999.0 -9999.0 -9999.0 -9999.0 -9999.0 -9999.0 -9999.0 -9999.0 -9999.0 -9999.0 -9999.0 -9999.0 -9999.0 -9999.0 -9999.0 -9999.0 -9999.0 -9999.0 -9999.0 -9999.0 -9999.0 -9999.0 -9999.0 -9999.0 -9999.0 -9999.0 -9999.0 -9999.0 -9999.0
-9999.0 -9999.0 -9999.0 -9999.0 -9999.0 -9999.0 -9999.0 -9999.0 -9999.0 -9999.0 -9999.0 -9999.0 -9999.0 -9999.0 -9999.0 -9999.0 -9999.0 -9999.0 -9999.0 -9999.0 -9999.0 -9999.0 -9999.0 -9999.0 -9999.0 -9999.0 -9999.0 -9999.0 -9999.0 -9999.0 -9999.0 -9999.0 -9999.0 -9999.0 -9999.0 -9999.0 -9999.0 -9999.0 -9999.0 -9999.0 -9999.0 -9999.0 -9999.0 -9999.0 -9999.0 -9999.0 -9999.0 -9999.0 -9999.0 -9999.0 -9999.0 -9999.0 -9999.0 -9999.0 -9999.0 -9999.0 -9999.0 -9999.0 -9999.0 -9999.0 -9999.0 -9999.0 -9999.0 -9999.0 -9999.0 -9999.0 -9999.0 -9999.0 -9999.0 -9999.0 -9999.0 -9999.0 -9999.0 -9999.0 -9999.0 -9999.0 -9999.0 -9999.0 -9999.0 -9999.0 -9999.0 -9999.0 -9999.0 -9999.0 -9999.0 -9999.0 -9999.0 -9999.0 -9999.0 -9999.0 -9999.0 -9999.0 -9999.0 -9999.0 -9999.0 -9999.0 -9999.0 -9999.0 -9999.0 -9999.0 -9999.0 -9999.0 -9999.0 -9999.0