inst/processing_geotop_simulation/geotop_simulation/out/maps3D/PwL0015N0029.asc
ncols         104
nrows         10
xllcorner     -2.000000
yllcorner     0.000000
cellsize      1.000000
NODATA_value  -9999.0
-9999.0 -9999.0 -9999.0 -9999.0 -9999.0 -9999.0 -9999.0 -9999.0 -9999.0 -9999.0 -9999.0 -9999.0 -9999.0 -9999.0 -9999.0 -9999.0 -9999.0 -9999.0 -9999.0 -9999.0 -9999.0 -9999.0 -9999.0 -9999.0 -9999.0 -9999.0 -9999.0 -9999.0 -9999.0 -9999.0 -9999.0 -9999.0 -9999.0 -9999.0 -9999.0 -9999.0 -9999.0 -9999.0 -9999.0 -9999.0 -9999.0 -9999.0 -9999.0 -9999.0 -9999.0 -9999.0 -9999.0 -9999.0 -9999.0 -9999.0 -9999.0 -9999.0 -9999.0 -9999.0 -9999.0 -9999.0 -9999.0 -9999.0 -9999.0 -9999.0 -9999.0 -9999.0 -9999.0 -9999.0 -9999.0 -9999.0 -9999.0 -9999.0 -9999.0 -9999.0 -9999.0 -9999.0 -9999.0 -9999.0 -9999.0 -9999.0 -9999.0 -9999.0 -9999.0 -9999.0 -9999.0 -9999.0 -9999.0 -9999.0 -9999.0 -9999.0 -9999.0 -9999.0 -9999.0 -9999.0 -9999.0 -9999.0 -9999.0 -9999.0 -9999.0 -9999.0 -9999.0 -9999.0 -9999.0 -9999.0 -9999.0 -9999.0 -9999.0 -9999.0
-9999.0 -9999.0 -9999.0 -9999.0 -9999.0 -9999.0 -9999.0 -9999.0 -9999.0 -9999.0 -9999.0 -9999.0 -9999.0 -9999.0 -9999.0 -9999.0 -9999.0 -9999.0 -9999.0 -9999.0 -9999.0 -9999.0 -9999.0 -9999.0 -9999.0 -9999.0 -9999.0 -9999.0 -9999.0 -9999.0 -9999.0 -9999.0 -9999.0 -9999.0 -9999.0 -9999.0 -9999.0 -9999.0 -9999.0 -9999.0 -9999.0 -9999.0 -9999.0 -9999.0 -9999.0 -9999.0 -9999.0 -9999.0 -9999.0 -9999.0 -9999.0 -9999.0 -9999.0 -9999.0 -9999.0 -9999.0 -9999.0 -9999.0 -9999.0 -9999.0 -9999.0 -9999.0 -9999.0 -9999.0 -9999.0 -9999.0 -9999.0 -9999.0 -9999.0 -9999.0 -9999.0 -9999.0 -9999.0 -9999.0 -9999.0 -9999.0 -9999.0 -9999.0 -9999.0 -9999.0 -9999.0 -9999.0 -9999.0 -9999.0 -9999.0 -9999.0 -9999.0 -9999.0 -9999.0 -9999.0 -9999.0 -9999.0 -9999.0 -9999.0 -9999.0 -9999.0 -9999.0 -9999.0 -9999.0 -9999.0 -9999.0 -9999.0 -9999.0 -9999.0
-9999.0 -9999.0 525.516476 424.276410 321.195366 216.625998 111.350883 6.201158 -96.989867 -187.818510 -278.546625 -337.966193 -370.773404 -386.929858 -389.430047 -377.952464 -369.126483 -285.000557 -133.213837 22.847096 192.913856 373.220048 300.675211 222.075053 138.919419 52.744611 -35.270139 -122.572371 -203.189306 -267.541454 -309.792404 -333.020122 -344.150108 -348.636359 -349.457619 -347.821939 -343.293173 -332.370901 -337.085417 -401.298414 -282.386196 -62.187316 -2707.141157 -4232.493255 -4232.673266 -4232.673267 -4232.673267 -4232.673267 -4232.673267 -4232.673267 -4232.673267 -4232.673267 -4232.673267 -4232.673267 -4232.673267 -4232.673267 -4232.673267 -4232.673267 -4232.673267 -4232.673265 -4232.349850 -2582.188104 -471.674654 -388.239807 -331.939529 -337.432481 -344.020105 -348.391353 -351.146914 -352.882487 -353.975806 -354.672482 -355.122238 -355.417429 -355.604900 -355.722484 -355.793577 -355.837371 -355.866771 -355.890067 -355.913118 -355.940780 -355.979398 -356.037355 -356.126888 -356.267023 -356.487485 -356.834986 -357.382703 -358.245188 -359.600973 -361.726032 -365.042026 -370.181938 -378.071769 -390.017139 -407.766826 -433.509622 -469.823498 -520.520894 -600.035908 -751.798357 -9999.0 -9999.0
-9999.0 -9999.0 525.597087 424.308005 321.206510 216.629944 111.352324 6.201701 -96.989661 -187.818439 -278.546603 -337.966187 -370.773403 -386.929858 -389.430047 -377.952464 -369.126483 -285.000557 -133.213837 22.847096 192.913856 373.220048 300.675211 222.075053 138.919419 52.744611 -35.270139 -122.572371 -203.189306 -267.541454 -309.792404 -333.020122 -344.150108 -348.636359 -349.457619 -347.821939 -343.293173 -332.370901 -337.085418 -401.298414 -282.386194 -62.187316 -2707.141157 -4232.493255 -4232.673266 -4232.673267 -4232.673267 -4232.673267 -4232.673267 -4232.673267 -4232.673267 -4232.673267 -4232.673267 -4232.673267 -4232.673267 -4232.673267 -4232.673267 -4232.673267 -4232.673267 -4232.673265 -4232.349850 -2582.188104 -471.674654 -388.239807 -331.939529 -337.432481 -344.020105 -348.391353 -351.146914 -352.882487 -353.975806 -354.672482 -355.122238 -355.417429 -355.604900 -355.722484 -355.793577 -355.837371 -355.866771 -355.890067 -355.913118 -355.940780 -355.979398 -356.037355 -356.126888 -356.267023 -356.487485 -356.834986 -357.382703 -358.245188 -359.600973 -361.726032 -365.042026 -370.181938 -378.071769 -390.017139 -407.766826 -433.509622 -469.823498 -520.520894 -600.035908 -751.798357 -9999.0 -9999.0
-9999.0 -9999.0 525.639283 424.328956 321.215264 216.633386 111.353661 6.202222 -96.989459 -187.818369 -278.546580 -337.966182 -370.773402 -386.929857 -389.430047 -377.952464 -369.126483 -285.000557 -133.213837 22.847096 192.913856 373.220048 300.675211 222.075053 138.919419 52.744611 -35.270139 -122.572371 -203.189306 -267.541454 -309.792404 -333.020122 -344.150108 -348.636359 -349.457619 -347.821939 -343.293173 -332.370901 -337.085419 -401.298414 -282.386193 -62.187315 -2707.141157 -4232.493255 -4232.673266 -4232.673267 -4232.673267 -4232.673267 -4232.673267 -4232.673267 -4232.673267 -4232.673267 -4232.673267 -4232.673267 -4232.673267 -4232.673267 -4232.673267 -4232.673267 -4232.673267 -4232.673265 -4232.349850 -2582.188104 -471.674653 -388.239806 -331.939528 -337.432481 -344.020105 -348.391353 -351.146914 -352.882487 -353.975806 -354.672482 -355.122238 -355.417429 -355.604900 -355.722484 -355.793577 -355.837371 -355.866771 -355.890067 -355.913118 -355.940780 -355.979398 -356.037355 -356.126888 -356.267023 -356.487485 -356.834986 -357.382703 -358.245188 -359.600973 -361.726032 -365.042026 -370.181938 -378.071769 -390.017139 -407.766826 -433.509622 -469.823498 -520.520894 -600.035908 -751.798357 -9999.0 -9999.0
-9999.0 -9999.0 525.639283 424.328956 321.215264 216.633386 111.353661 6.202222 -96.989459 -187.818369 -278.546580 -337.966182 -370.773402 -386.929857 -389.430047 -377.952464 -369.126483 -285.000557 -133.213837 22.847096 192.913856 373.220048 300.675211 222.075053 138.919419 52.744611 -35.270139 -122.572371 -203.189306 -267.541454 -309.792404 -333.020122 -344.150108 -348.636359 -349.457619 -347.821939 -343.293173 -332.370901 -337.085419 -401.298414 -282.386193 -62.187315 -2707.141157 -4232.493255 -4232.673266 -4232.673267 -4232.673267 -4232.673267 -4232.673267 -4232.673267 -4232.673267 -4232.673267 -4232.673267 -4232.673267 -4232.673267 -4232.673267 -4232.673267 -4232.673267 -4232.673267 -4232.673265 -4232.349850 -2582.188104 -471.674653 -388.239806 -331.939528 -337.432481 -344.020105 -348.391353 -351.146914 -352.882487 -353.975806 -354.672482 -355.122238 -355.417429 -355.604900 -355.722484 -355.793577 -355.837371 -355.866771 -355.890067 -355.913118 -355.940780 -355.979398 -356.037355 -356.126888 -356.267023 -356.487485 -356.834986 -357.382703 -358.245188 -359.600973 -361.726032 -365.042026 -370.181938 -378.071769 -390.017139 -407.766826 -433.509622 -469.823498 -520.520894 -600.035908 -751.798357 -9999.0 -9999.0
-9999.0 -9999.0 525.597087 424.308005 321.206510 216.629944 111.352324 6.201701 -96.989661 -187.818439 -278.546603 -337.966187 -370.773403 -386.929858 -389.430047 -377.952464 -369.126483 -285.000557 -133.213837 22.847096 192.913856 373.220048 300.675211 222.075053 138.919419 52.744611 -35.270139 -122.572371 -203.189306 -267.541454 -309.792404 -333.020122 -344.150108 -348.636359 -349.457619 -347.821939 -343.293173 -332.370901 -337.085418 -401.298414 -282.386194 -62.187316 -2707.141157 -4232.493255 -4232.673266 -4232.673267 -4232.673267 -4232.673267 -4232.673267 -4232.673267 -4232.673267 -4232.673267 -4232.673267 -4232.673267 -4232.673267 -4232.673267 -4232.673267 -4232.673267 -4232.673267 -4232.673265 -4232.349850 -2582.188104 -471.674653 -388.239807 -331.939529 -337.432481 -344.020105 -348.391353 -351.146914 -352.882487 -353.975806 -354.672482 -355.122238 -355.417429 -355.604900 -355.722484 -355.793577 -355.837371 -355.866771 -355.890067 -355.913118 -355.940780 -355.979398 -356.037355 -356.126888 -356.267023 -356.487485 -356.834986 -357.382703 -358.245188 -359.600973 -361.726032 -365.042026 -370.181938 -378.071769 -390.017139 -407.766826 -433.509622 -469.823498 -520.520894 -600.035908 -751.798357 -9999.0 -9999.0
-9999.0 -9999.0 525.516476 424.276410 321.195366 216.625998 111.350883 6.201158 -96.989867 -187.818510 -278.546625 -337.966193 -370.773404 -386.929858 -389.430047 -377.952464 -369.126483 -285.000557 -133.213837 22.847096 192.913856 373.220048 300.675211 222.075053 138.919419 52.744611 -35.270139 -122.572371 -203.189306 -267.541454 -309.792404 -333.020122 -344.150108 -348.636359 -349.457619 -347.821939 -343.293173 -332.370901 -337.085417 -401.298414 -282.386196 -62.187316 -2707.141157 -4232.493255 -4232.673266 -4232.673267 -4232.673267 -4232.673267 -4232.673267 -4232.673267 -4232.673267 -4232.673267 -4232.673267 -4232.673267 -4232.673267 -4232.673267 -4232.673267 -4232.673267 -4232.673267 -4232.673265 -4232.349850 -2582.188104 -471.674653 -388.239807 -331.939529 -337.432481 -344.020105 -348.391353 -351.146914 -352.882487 -353.975806 -354.672482 -355.122238 -355.417429 -355.604900 -355.722484 -355.793577 -355.837371 -355.866771 -355.890067 -355.913118 -355.940780 -355.979398 -356.037355 -356.126888 -356.267023 -356.487485 -356.834986 -357.382703 -358.245188 -359.600973 -361.726032 -365.042026 -370.181938 -378.071769 -390.017139 -407.766826 -433.509622 -469.823498 -520.520894 -600.035908 -751.798357 -9999.0 -9999.0
-9999.0 -9999.0 -9999.0 -9999.0 -9999.0 -9999.0 -9999.0 -9999.0 -9999.0 -9999.0 -9999.0 -9999.0 -9999.0 -9999.0 -9999.0 -9999.0 -9999.0 -9999.0 -9999.0 -9999.0 -9999.0 -9999.0 -9999.0 -9999.0 -9999.0 -9999.0 -9999.0 -9999.0 -9999.0 -9999.0 -9999.0 -9999.0 -9999.0 -9999.0 -9999.0 -9999.0 -9999.0 -9999.0 -9999.0 -9999.0 -9999.0 -9999.0 -9999.0 -9999.0 -9999.0 -9999.0 -9999.0 -9999.0 -9999.0 -9999.0 -9999.0 -9999.0 -9999.0 -9999.0 -9999.0 -9999.0 -9999.0 -9999.0 -9999.0 -9999.0 -9999.0 -9999.0 -9999.0 -9999.0 -9999.0 -9999.0 -9999.0 -9999.0 -9999.0 -9999.0 -9999.0 -9999.0 -9999.0 -9999.0 -9999.0 -9999.0 -9999.0 -9999.0 -9999.0 -9999.0 -9999.0 -9999.0 -9999.0 -9999.0 -9999.0 -9999.0 -9999.0 -9999.0 -9999.0 -9999.0 -9999.0 -9999.0 -9999.0 -9999.0 -9999.0 -9999.0 -9999.0 -9999.0 -9999.0 -9999.0 -9999.0 -9999.0 -9999.0 -9999.0
-9999.0 -9999.0 -9999.0 -9999.0 -9999.0 -9999.0 -9999.0 -9999.0 -9999.0 -9999.0 -9999.0 -9999.0 -9999.0 -9999.0 -9999.0 -9999.0 -9999.0 -9999.0 -9999.0 -9999.0 -9999.0 -9999.0 -9999.0 -9999.0 -9999.0 -9999.0 -9999.0 -9999.0 -9999.0 -9999.0 -9999.0 -9999.0 -9999.0 -9999.0 -9999.0 -9999.0 -9999.0 -9999.0 -9999.0 -9999.0 -9999.0 -9999.0 -9999.0 -9999.0 -9999.0 -9999.0 -9999.0 -9999.0 -9999.0 -9999.0 -9999.0 -9999.0 -9999.0 -9999.0 -9999.0 -9999.0 -9999.0 -9999.0 -9999.0 -9999.0 -9999.0 -9999.0 -9999.0 -9999.0 -9999.0 -9999.0 -9999.0 -9999.0 -9999.0 -9999.0 -9999.0 -9999.0 -9999.0 -9999.0 -9999.0 -9999.0 -9999.0 -9999.0 -9999.0 -9999.0 -9999.0 -9999.0 -9999.0 -9999.0 -9999.0 -9999.0 -9999.0 -9999.0 -9999.0 -9999.0 -9999.0 -9999.0 -9999.0 -9999.0 -9999.0 -9999.0 -9999.0 -9999.0 -9999.0 -9999.0 -9999.0 -9999.0 -9999.0 -9999.0