inst/processing_geotop_simulation/geotop_simulation/out/maps3D/PwL0012N0043.asc
ncols         104
nrows         10
xllcorner     -2.000000
yllcorner     0.000000
cellsize      1.000000
NODATA_value  -9999.0
-9999.0 -9999.0 -9999.0 -9999.0 -9999.0 -9999.0 -9999.0 -9999.0 -9999.0 -9999.0 -9999.0 -9999.0 -9999.0 -9999.0 -9999.0 -9999.0 -9999.0 -9999.0 -9999.0 -9999.0 -9999.0 -9999.0 -9999.0 -9999.0 -9999.0 -9999.0 -9999.0 -9999.0 -9999.0 -9999.0 -9999.0 -9999.0 -9999.0 -9999.0 -9999.0 -9999.0 -9999.0 -9999.0 -9999.0 -9999.0 -9999.0 -9999.0 -9999.0 -9999.0 -9999.0 -9999.0 -9999.0 -9999.0 -9999.0 -9999.0 -9999.0 -9999.0 -9999.0 -9999.0 -9999.0 -9999.0 -9999.0 -9999.0 -9999.0 -9999.0 -9999.0 -9999.0 -9999.0 -9999.0 -9999.0 -9999.0 -9999.0 -9999.0 -9999.0 -9999.0 -9999.0 -9999.0 -9999.0 -9999.0 -9999.0 -9999.0 -9999.0 -9999.0 -9999.0 -9999.0 -9999.0 -9999.0 -9999.0 -9999.0 -9999.0 -9999.0 -9999.0 -9999.0 -9999.0 -9999.0 -9999.0 -9999.0 -9999.0 -9999.0 -9999.0 -9999.0 -9999.0 -9999.0 -9999.0 -9999.0 -9999.0 -9999.0 -9999.0 -9999.0
-9999.0 -9999.0 -9999.0 -9999.0 -9999.0 -9999.0 -9999.0 -9999.0 -9999.0 -9999.0 -9999.0 -9999.0 -9999.0 -9999.0 -9999.0 -9999.0 -9999.0 -9999.0 -9999.0 -9999.0 -9999.0 -9999.0 -9999.0 -9999.0 -9999.0 -9999.0 -9999.0 -9999.0 -9999.0 -9999.0 -9999.0 -9999.0 -9999.0 -9999.0 -9999.0 -9999.0 -9999.0 -9999.0 -9999.0 -9999.0 -9999.0 -9999.0 -9999.0 -9999.0 -9999.0 -9999.0 -9999.0 -9999.0 -9999.0 -9999.0 -9999.0 -9999.0 -9999.0 -9999.0 -9999.0 -9999.0 -9999.0 -9999.0 -9999.0 -9999.0 -9999.0 -9999.0 -9999.0 -9999.0 -9999.0 -9999.0 -9999.0 -9999.0 -9999.0 -9999.0 -9999.0 -9999.0 -9999.0 -9999.0 -9999.0 -9999.0 -9999.0 -9999.0 -9999.0 -9999.0 -9999.0 -9999.0 -9999.0 -9999.0 -9999.0 -9999.0 -9999.0 -9999.0 -9999.0 -9999.0 -9999.0 -9999.0 -9999.0 -9999.0 -9999.0 -9999.0 -9999.0 -9999.0 -9999.0 -9999.0 -9999.0 -9999.0 -9999.0 -9999.0
-9999.0 -9999.0 -722.315576 -738.741191 -745.333953 -749.997285 -753.450048 -755.759018 -757.160424 -756.749778 -746.971476 -731.626087 -713.708809 -690.173854 -661.186057 -635.090204 -642.209187 -641.263863 -636.701100 -633.292126 -609.711392 -604.899233 -611.336252 -624.945702 -643.113216 -663.594517 -684.180911 -703.004019 -718.845781 -731.241497 -740.354221 -746.713717 -750.968871 -753.718604 -755.438922 -756.475888 -757.087869 -757.581758 -758.221092 -758.001196 -758.829166 -796.623719 -2403.342042 -4380.148627 -4381.188112 -4381.188119 -4381.188119 -4381.188119 -4381.188119 -4381.188119 -4381.188119 -4381.188119 -4381.188119 -4381.188119 -4381.188119 -4381.188119 -4381.188119 -4381.188119 -4381.188119 -4381.188105 -4379.532796 -2303.151395 -784.139875 -761.846888 -759.202767 -758.471605 -758.305379 -758.277795 -758.279258 -758.285701 -758.291879 -758.296811 -758.300554 -758.303384 -758.305551 -758.307238 -758.308580 -758.309662 -758.310556 -758.311334 -758.312075 -758.312872 -758.313847 -758.315174 -758.317110 -758.320059 -758.324662 -758.331963 -758.343691 -758.362790 -758.394425 -758.447982 -758.541150 -758.708324 -759.017804 -759.606298 -760.746293 -762.976451 -767.371825 -776.239555 -795.331941 -838.318572 -9999.0 -9999.0
-9999.0 -9999.0 -722.315486 -738.741087 -745.333878 -749.997252 -753.450038 -755.759018 -757.160426 -756.749780 -746.971477 -731.626087 -713.708809 -690.173854 -661.186057 -635.090204 -642.209187 -641.263863 -636.701100 -633.292126 -609.711392 -604.899233 -611.336252 -624.945702 -643.113216 -663.594517 -684.180911 -703.004019 -718.845781 -731.241497 -740.354221 -746.713717 -750.968871 -753.718604 -755.438922 -756.475888 -757.087869 -757.581758 -758.221092 -758.001196 -758.829166 -796.623719 -2403.342042 -4380.148627 -4381.188112 -4381.188119 -4381.188119 -4381.188119 -4381.188119 -4381.188119 -4381.188119 -4381.188119 -4381.188119 -4381.188119 -4381.188119 -4381.188119 -4381.188119 -4381.188119 -4381.188119 -4381.188105 -4379.532796 -2303.151395 -784.139875 -761.846888 -759.202767 -758.471605 -758.305379 -758.277795 -758.279258 -758.285701 -758.291879 -758.296811 -758.300554 -758.303384 -758.305551 -758.307238 -758.308580 -758.309662 -758.310556 -758.311334 -758.312075 -758.312872 -758.313847 -758.315174 -758.317110 -758.320059 -758.324662 -758.331963 -758.343691 -758.362790 -758.394425 -758.447982 -758.541150 -758.708324 -759.017804 -759.606298 -760.746293 -762.976451 -767.371825 -776.239555 -795.331941 -838.318572 -9999.0 -9999.0
-9999.0 -9999.0 -722.315445 -738.741030 -745.333829 -749.997227 -753.450032 -755.759018 -757.160428 -756.749781 -746.971477 -731.626087 -713.708809 -690.173854 -661.186057 -635.090204 -642.209187 -641.263863 -636.701100 -633.292126 -609.711392 -604.899233 -611.336252 -624.945702 -643.113216 -663.594517 -684.180911 -703.004019 -718.845781 -731.241497 -740.354221 -746.713717 -750.968871 -753.718604 -755.438922 -756.475888 -757.087869 -757.581758 -758.221092 -758.001196 -758.829166 -796.623719 -2403.342042 -4380.148627 -4381.188112 -4381.188119 -4381.188119 -4381.188119 -4381.188119 -4381.188119 -4381.188119 -4381.188119 -4381.188119 -4381.188119 -4381.188119 -4381.188119 -4381.188119 -4381.188119 -4381.188119 -4381.188105 -4379.532796 -2303.151395 -784.139875 -761.846888 -759.202767 -758.471605 -758.305379 -758.277795 -758.279258 -758.285701 -758.291879 -758.296811 -758.300554 -758.303384 -758.305551 -758.307238 -758.308580 -758.309662 -758.310556 -758.311334 -758.312075 -758.312872 -758.313847 -758.315174 -758.317110 -758.320059 -758.324662 -758.331963 -758.343691 -758.362790 -758.394425 -758.447982 -758.541150 -758.708324 -759.017804 -759.606298 -760.746293 -762.976451 -767.371825 -776.239555 -795.331941 -838.318572 -9999.0 -9999.0
-9999.0 -9999.0 -722.315445 -738.741030 -745.333829 -749.997227 -753.450032 -755.759018 -757.160428 -756.749781 -746.971477 -731.626087 -713.708809 -690.173854 -661.186057 -635.090204 -642.209187 -641.263863 -636.701100 -633.292126 -609.711392 -604.899233 -611.336252 -624.945702 -643.113216 -663.594517 -684.180911 -703.004019 -718.845781 -731.241497 -740.354221 -746.713717 -750.968871 -753.718604 -755.438922 -756.475888 -757.087869 -757.581758 -758.221092 -758.001196 -758.829166 -796.623719 -2403.342042 -4380.148627 -4381.188112 -4381.188119 -4381.188119 -4381.188119 -4381.188119 -4381.188119 -4381.188119 -4381.188119 -4381.188119 -4381.188119 -4381.188119 -4381.188119 -4381.188119 -4381.188119 -4381.188119 -4381.188105 -4379.532796 -2303.151395 -784.139875 -761.846888 -759.202767 -758.471605 -758.305379 -758.277795 -758.279258 -758.285701 -758.291879 -758.296811 -758.300554 -758.303384 -758.305551 -758.307238 -758.308580 -758.309662 -758.310556 -758.311334 -758.312075 -758.312872 -758.313847 -758.315174 -758.317110 -758.320059 -758.324662 -758.331963 -758.343691 -758.362790 -758.394425 -758.447982 -758.541150 -758.708324 -759.017804 -759.606298 -760.746293 -762.976451 -767.371825 -776.239555 -795.331941 -838.318572 -9999.0 -9999.0
-9999.0 -9999.0 -722.315486 -738.741087 -745.333878 -749.997252 -753.450038 -755.759018 -757.160426 -756.749780 -746.971477 -731.626087 -713.708809 -690.173854 -661.186057 -635.090204 -642.209187 -641.263863 -636.701100 -633.292126 -609.711392 -604.899233 -611.336252 -624.945702 -643.113216 -663.594517 -684.180911 -703.004019 -718.845781 -731.241497 -740.354221 -746.713717 -750.968871 -753.718604 -755.438922 -756.475888 -757.087869 -757.581758 -758.221092 -758.001196 -758.829166 -796.623719 -2403.342042 -4380.148627 -4381.188112 -4381.188119 -4381.188119 -4381.188119 -4381.188119 -4381.188119 -4381.188119 -4381.188119 -4381.188119 -4381.188119 -4381.188119 -4381.188119 -4381.188119 -4381.188119 -4381.188119 -4381.188105 -4379.532796 -2303.151395 -784.139875 -761.846888 -759.202767 -758.471605 -758.305379 -758.277795 -758.279258 -758.285701 -758.291879 -758.296811 -758.300554 -758.303384 -758.305551 -758.307238 -758.308580 -758.309662 -758.310556 -758.311334 -758.312075 -758.312872 -758.313847 -758.315174 -758.317110 -758.320059 -758.324662 -758.331963 -758.343691 -758.362790 -758.394425 -758.447982 -758.541150 -758.708324 -759.017804 -759.606298 -760.746293 -762.976451 -767.371825 -776.239555 -795.331941 -838.318572 -9999.0 -9999.0
-9999.0 -9999.0 -722.315576 -738.741191 -745.333953 -749.997285 -753.450048 -755.759018 -757.160424 -756.749778 -746.971476 -731.626087 -713.708809 -690.173854 -661.186057 -635.090204 -642.209187 -641.263863 -636.701100 -633.292126 -609.711392 -604.899233 -611.336252 -624.945702 -643.113216 -663.594517 -684.180911 -703.004019 -718.845781 -731.241497 -740.354221 -746.713717 -750.968871 -753.718604 -755.438922 -756.475888 -757.087869 -757.581758 -758.221092 -758.001196 -758.829166 -796.623719 -2403.342042 -4380.148627 -4381.188112 -4381.188119 -4381.188119 -4381.188119 -4381.188119 -4381.188119 -4381.188119 -4381.188119 -4381.188119 -4381.188119 -4381.188119 -4381.188119 -4381.188119 -4381.188119 -4381.188119 -4381.188105 -4379.532796 -2303.151395 -784.139875 -761.846888 -759.202767 -758.471605 -758.305379 -758.277795 -758.279258 -758.285701 -758.291879 -758.296811 -758.300554 -758.303384 -758.305551 -758.307238 -758.308580 -758.309662 -758.310556 -758.311334 -758.312075 -758.312872 -758.313847 -758.315174 -758.317110 -758.320059 -758.324662 -758.331963 -758.343691 -758.362790 -758.394425 -758.447982 -758.541150 -758.708324 -759.017804 -759.606298 -760.746293 -762.976451 -767.371825 -776.239555 -795.331941 -838.318572 -9999.0 -9999.0
-9999.0 -9999.0 -9999.0 -9999.0 -9999.0 -9999.0 -9999.0 -9999.0 -9999.0 -9999.0 -9999.0 -9999.0 -9999.0 -9999.0 -9999.0 -9999.0 -9999.0 -9999.0 -9999.0 -9999.0 -9999.0 -9999.0 -9999.0 -9999.0 -9999.0 -9999.0 -9999.0 -9999.0 -9999.0 -9999.0 -9999.0 -9999.0 -9999.0 -9999.0 -9999.0 -9999.0 -9999.0 -9999.0 -9999.0 -9999.0 -9999.0 -9999.0 -9999.0 -9999.0 -9999.0 -9999.0 -9999.0 -9999.0 -9999.0 -9999.0 -9999.0 -9999.0 -9999.0 -9999.0 -9999.0 -9999.0 -9999.0 -9999.0 -9999.0 -9999.0 -9999.0 -9999.0 -9999.0 -9999.0 -9999.0 -9999.0 -9999.0 -9999.0 -9999.0 -9999.0 -9999.0 -9999.0 -9999.0 -9999.0 -9999.0 -9999.0 -9999.0 -9999.0 -9999.0 -9999.0 -9999.0 -9999.0 -9999.0 -9999.0 -9999.0 -9999.0 -9999.0 -9999.0 -9999.0 -9999.0 -9999.0 -9999.0 -9999.0 -9999.0 -9999.0 -9999.0 -9999.0 -9999.0 -9999.0 -9999.0 -9999.0 -9999.0 -9999.0 -9999.0
-9999.0 -9999.0 -9999.0 -9999.0 -9999.0 -9999.0 -9999.0 -9999.0 -9999.0 -9999.0 -9999.0 -9999.0 -9999.0 -9999.0 -9999.0 -9999.0 -9999.0 -9999.0 -9999.0 -9999.0 -9999.0 -9999.0 -9999.0 -9999.0 -9999.0 -9999.0 -9999.0 -9999.0 -9999.0 -9999.0 -9999.0 -9999.0 -9999.0 -9999.0 -9999.0 -9999.0 -9999.0 -9999.0 -9999.0 -9999.0 -9999.0 -9999.0 -9999.0 -9999.0 -9999.0 -9999.0 -9999.0 -9999.0 -9999.0 -9999.0 -9999.0 -9999.0 -9999.0 -9999.0 -9999.0 -9999.0 -9999.0 -9999.0 -9999.0 -9999.0 -9999.0 -9999.0 -9999.0 -9999.0 -9999.0 -9999.0 -9999.0 -9999.0 -9999.0 -9999.0 -9999.0 -9999.0 -9999.0 -9999.0 -9999.0 -9999.0 -9999.0 -9999.0 -9999.0 -9999.0 -9999.0 -9999.0 -9999.0 -9999.0 -9999.0 -9999.0 -9999.0 -9999.0 -9999.0 -9999.0 -9999.0 -9999.0 -9999.0 -9999.0 -9999.0 -9999.0 -9999.0 -9999.0 -9999.0 -9999.0 -9999.0 -9999.0 -9999.0 -9999.0