inst/processing_geotop_simulation/geotop_simulation/out/maps3D/PwL0007N0032.asc
ncols         104
nrows         10
xllcorner     -2.000000
yllcorner     0.000000
cellsize      1.000000
NODATA_value  -9999.0
-9999.0 -9999.0 -9999.0 -9999.0 -9999.0 -9999.0 -9999.0 -9999.0 -9999.0 -9999.0 -9999.0 -9999.0 -9999.0 -9999.0 -9999.0 -9999.0 -9999.0 -9999.0 -9999.0 -9999.0 -9999.0 -9999.0 -9999.0 -9999.0 -9999.0 -9999.0 -9999.0 -9999.0 -9999.0 -9999.0 -9999.0 -9999.0 -9999.0 -9999.0 -9999.0 -9999.0 -9999.0 -9999.0 -9999.0 -9999.0 -9999.0 -9999.0 -9999.0 -9999.0 -9999.0 -9999.0 -9999.0 -9999.0 -9999.0 -9999.0 -9999.0 -9999.0 -9999.0 -9999.0 -9999.0 -9999.0 -9999.0 -9999.0 -9999.0 -9999.0 -9999.0 -9999.0 -9999.0 -9999.0 -9999.0 -9999.0 -9999.0 -9999.0 -9999.0 -9999.0 -9999.0 -9999.0 -9999.0 -9999.0 -9999.0 -9999.0 -9999.0 -9999.0 -9999.0 -9999.0 -9999.0 -9999.0 -9999.0 -9999.0 -9999.0 -9999.0 -9999.0 -9999.0 -9999.0 -9999.0 -9999.0 -9999.0 -9999.0 -9999.0 -9999.0 -9999.0 -9999.0 -9999.0 -9999.0 -9999.0 -9999.0 -9999.0 -9999.0 -9999.0
-9999.0 -9999.0 -9999.0 -9999.0 -9999.0 -9999.0 -9999.0 -9999.0 -9999.0 -9999.0 -9999.0 -9999.0 -9999.0 -9999.0 -9999.0 -9999.0 -9999.0 -9999.0 -9999.0 -9999.0 -9999.0 -9999.0 -9999.0 -9999.0 -9999.0 -9999.0 -9999.0 -9999.0 -9999.0 -9999.0 -9999.0 -9999.0 -9999.0 -9999.0 -9999.0 -9999.0 -9999.0 -9999.0 -9999.0 -9999.0 -9999.0 -9999.0 -9999.0 -9999.0 -9999.0 -9999.0 -9999.0 -9999.0 -9999.0 -9999.0 -9999.0 -9999.0 -9999.0 -9999.0 -9999.0 -9999.0 -9999.0 -9999.0 -9999.0 -9999.0 -9999.0 -9999.0 -9999.0 -9999.0 -9999.0 -9999.0 -9999.0 -9999.0 -9999.0 -9999.0 -9999.0 -9999.0 -9999.0 -9999.0 -9999.0 -9999.0 -9999.0 -9999.0 -9999.0 -9999.0 -9999.0 -9999.0 -9999.0 -9999.0 -9999.0 -9999.0 -9999.0 -9999.0 -9999.0 -9999.0 -9999.0 -9999.0 -9999.0 -9999.0 -9999.0 -9999.0 -9999.0 -9999.0 -9999.0 -9999.0 -9999.0 -9999.0 -9999.0 -9999.0
-9999.0 -9999.0 -314.796332 -386.635354 -440.626551 -479.957620 -506.512277 -522.215491 -530.971573 -537.494949 -538.364066 -540.278094 -536.034075 -519.167455 -391.463120 -223.336468 -100.089576 24.001768 -29.541583 -88.121169 -149.355314 -212.224893 -275.237705 -335.568379 -390.861664 -437.869500 -474.336537 -499.729761 -515.828829 -525.293474 -530.564325 -533.391536 -534.860567 -535.584949 -535.890334 -535.921299 -535.658817 -535.541356 -538.627746 -537.811435 -525.499991 -542.516430 -2157.432573 -2556.282348 -2168.396447 -1961.173677 -1871.436655 -1861.572539 -1860.544859 -1860.450273 -1860.450790 -1860.460673 -1860.470948 -1860.480943 -1860.494353 -1860.549610 -1861.025621 -1865.310044 -1903.398569 -1989.829918 -2150.972634 -1767.919592 -553.904400 -548.199694 -539.783534 -537.335542 -536.872149 -536.807331 -536.822589 -536.851106 -536.877088 -536.897536 -536.912997 -536.924773 -536.933862 -536.940968 -536.946705 -536.951442 -536.955400 -536.958851 -536.962057 -536.965344 -536.969199 -536.974291 -536.981600 -536.992653 -537.009823 -537.036993 -537.080476 -537.150987 -537.266974 -537.461466 -537.795847 -538.388052 -539.469943 -541.500368 -545.373303 -552.756851 -566.529522 -591.122622 -632.837339 -700.443829 -9999.0 -9999.0
-9999.0 -9999.0 -314.796024 -386.634994 -440.626265 -479.957494 -506.512250 -522.215498 -530.971585 -537.494959 -538.364067 -540.278094 -536.034075 -519.167455 -391.463120 -223.336468 -100.089576 24.001768 -29.541583 -88.121169 -149.355314 -212.224893 -275.237705 -335.568379 -390.861664 -437.869500 -474.336537 -499.729761 -515.828829 -525.293474 -530.564325 -533.391536 -534.860567 -535.584949 -535.890334 -535.921299 -535.658817 -535.541356 -538.627746 -537.811435 -525.499991 -542.516430 -2157.432572 -2556.282344 -2168.396443 -1961.173670 -1871.436655 -1861.572539 -1860.544859 -1860.450273 -1860.450790 -1860.460673 -1860.470948 -1860.480943 -1860.494353 -1860.549610 -1861.025621 -1865.310044 -1903.398569 -1989.829918 -2150.972634 -1767.919592 -553.904400 -548.199694 -539.783534 -537.335542 -536.872149 -536.807331 -536.822589 -536.851106 -536.877088 -536.897536 -536.912997 -536.924773 -536.933862 -536.940968 -536.946705 -536.951442 -536.955400 -536.958851 -536.962057 -536.965344 -536.969199 -536.974291 -536.981600 -536.992653 -537.009823 -537.036993 -537.080476 -537.150987 -537.266974 -537.461466 -537.795847 -538.388052 -539.469943 -541.500368 -545.373303 -552.756851 -566.529522 -591.122622 -632.837339 -700.443829 -9999.0 -9999.0
-9999.0 -9999.0 -314.795963 -386.634874 -440.626111 -479.957410 -506.512231 -522.215506 -530.971597 -537.494969 -538.364068 -540.278094 -536.034075 -519.167455 -391.463120 -223.336468 -100.089576 24.001768 -29.541583 -88.121169 -149.355314 -212.224893 -275.237705 -335.568379 -390.861664 -437.869500 -474.336537 -499.729761 -515.828829 -525.293474 -530.564325 -533.391536 -534.860567 -535.584949 -535.890334 -535.921299 -535.658817 -535.541356 -538.627746 -537.811435 -525.499991 -542.516430 -2157.432572 -2556.282345 -2168.396442 -1961.173667 -1871.436655 -1861.572539 -1860.544859 -1860.450273 -1860.450790 -1860.460673 -1860.470948 -1860.480943 -1860.494353 -1860.549610 -1861.025621 -1865.310044 -1903.398569 -1989.829918 -2150.972633 -1767.919592 -553.904400 -548.199694 -539.783534 -537.335542 -536.872149 -536.807331 -536.822589 -536.851106 -536.877088 -536.897536 -536.912997 -536.924773 -536.933862 -536.940968 -536.946705 -536.951442 -536.955400 -536.958851 -536.962057 -536.965344 -536.969199 -536.974291 -536.981600 -536.992653 -537.009823 -537.036993 -537.080476 -537.150987 -537.266974 -537.461466 -537.795847 -538.388052 -539.469943 -541.500368 -545.373303 -552.756851 -566.529522 -591.122622 -632.837339 -700.443829 -9999.0 -9999.0
-9999.0 -9999.0 -314.795963 -386.634874 -440.626111 -479.957410 -506.512231 -522.215506 -530.971597 -537.494969 -538.364068 -540.278094 -536.034075 -519.167455 -391.463120 -223.336468 -100.089576 24.001768 -29.541583 -88.121169 -149.355314 -212.224893 -275.237705 -335.568379 -390.861664 -437.869500 -474.336537 -499.729761 -515.828829 -525.293474 -530.564325 -533.391536 -534.860567 -535.584949 -535.890334 -535.921299 -535.658817 -535.541356 -538.627746 -537.811435 -525.499991 -542.516430 -2157.432572 -2556.282345 -2168.396442 -1961.173667 -1871.436655 -1861.572539 -1860.544859 -1860.450273 -1860.450790 -1860.460673 -1860.470948 -1860.480943 -1860.494353 -1860.549610 -1861.025621 -1865.310044 -1903.398569 -1989.829918 -2150.972633 -1767.919592 -553.904400 -548.199694 -539.783534 -537.335542 -536.872149 -536.807331 -536.822589 -536.851106 -536.877088 -536.897536 -536.912997 -536.924773 -536.933862 -536.940968 -536.946705 -536.951442 -536.955400 -536.958851 -536.962057 -536.965344 -536.969199 -536.974291 -536.981600 -536.992653 -537.009823 -537.036993 -537.080476 -537.150987 -537.266974 -537.461466 -537.795847 -538.388052 -539.469943 -541.500368 -545.373303 -552.756851 -566.529522 -591.122622 -632.837339 -700.443829 -9999.0 -9999.0
-9999.0 -9999.0 -314.796024 -386.634994 -440.626265 -479.957494 -506.512250 -522.215498 -530.971585 -537.494959 -538.364067 -540.278094 -536.034075 -519.167455 -391.463120 -223.336468 -100.089576 24.001768 -29.541583 -88.121169 -149.355314 -212.224893 -275.237705 -335.568379 -390.861664 -437.869500 -474.336537 -499.729761 -515.828829 -525.293474 -530.564325 -533.391536 -534.860567 -535.584949 -535.890334 -535.921299 -535.658817 -535.541356 -538.627746 -537.811435 -525.499991 -542.516430 -2157.432572 -2556.282344 -2168.396443 -1961.173670 -1871.436655 -1861.572539 -1860.544859 -1860.450273 -1860.450790 -1860.460673 -1860.470948 -1860.480943 -1860.494353 -1860.549610 -1861.025621 -1865.310044 -1903.398569 -1989.829918 -2150.972634 -1767.919592 -553.904400 -548.199694 -539.783534 -537.335542 -536.872149 -536.807331 -536.822589 -536.851106 -536.877088 -536.897536 -536.912997 -536.924773 -536.933862 -536.940968 -536.946705 -536.951442 -536.955400 -536.958851 -536.962057 -536.965344 -536.969199 -536.974291 -536.981600 -536.992653 -537.009823 -537.036993 -537.080476 -537.150987 -537.266974 -537.461466 -537.795847 -538.388052 -539.469943 -541.500368 -545.373303 -552.756851 -566.529522 -591.122622 -632.837339 -700.443829 -9999.0 -9999.0
-9999.0 -9999.0 -314.796332 -386.635354 -440.626551 -479.957620 -506.512277 -522.215491 -530.971573 -537.494949 -538.364066 -540.278094 -536.034075 -519.167455 -391.463120 -223.336468 -100.089576 24.001768 -29.541583 -88.121169 -149.355314 -212.224893 -275.237705 -335.568379 -390.861664 -437.869500 -474.336537 -499.729761 -515.828829 -525.293474 -530.564325 -533.391536 -534.860567 -535.584949 -535.890334 -535.921299 -535.658817 -535.541356 -538.627746 -537.811435 -525.499991 -542.516430 -2157.432573 -2556.282348 -2168.396447 -1961.173677 -1871.436655 -1861.572539 -1860.544859 -1860.450273 -1860.450790 -1860.460673 -1860.470948 -1860.480943 -1860.494353 -1860.549610 -1861.025621 -1865.310044 -1903.398569 -1989.829918 -2150.972634 -1767.919592 -553.904400 -548.199694 -539.783534 -537.335542 -536.872149 -536.807331 -536.822589 -536.851106 -536.877088 -536.897536 -536.912997 -536.924773 -536.933862 -536.940968 -536.946705 -536.951442 -536.955400 -536.958851 -536.962057 -536.965344 -536.969199 -536.974291 -536.981600 -536.992653 -537.009823 -537.036993 -537.080476 -537.150987 -537.266974 -537.461466 -537.795847 -538.388052 -539.469943 -541.500368 -545.373303 -552.756851 -566.529522 -591.122622 -632.837339 -700.443829 -9999.0 -9999.0
-9999.0 -9999.0 -9999.0 -9999.0 -9999.0 -9999.0 -9999.0 -9999.0 -9999.0 -9999.0 -9999.0 -9999.0 -9999.0 -9999.0 -9999.0 -9999.0 -9999.0 -9999.0 -9999.0 -9999.0 -9999.0 -9999.0 -9999.0 -9999.0 -9999.0 -9999.0 -9999.0 -9999.0 -9999.0 -9999.0 -9999.0 -9999.0 -9999.0 -9999.0 -9999.0 -9999.0 -9999.0 -9999.0 -9999.0 -9999.0 -9999.0 -9999.0 -9999.0 -9999.0 -9999.0 -9999.0 -9999.0 -9999.0 -9999.0 -9999.0 -9999.0 -9999.0 -9999.0 -9999.0 -9999.0 -9999.0 -9999.0 -9999.0 -9999.0 -9999.0 -9999.0 -9999.0 -9999.0 -9999.0 -9999.0 -9999.0 -9999.0 -9999.0 -9999.0 -9999.0 -9999.0 -9999.0 -9999.0 -9999.0 -9999.0 -9999.0 -9999.0 -9999.0 -9999.0 -9999.0 -9999.0 -9999.0 -9999.0 -9999.0 -9999.0 -9999.0 -9999.0 -9999.0 -9999.0 -9999.0 -9999.0 -9999.0 -9999.0 -9999.0 -9999.0 -9999.0 -9999.0 -9999.0 -9999.0 -9999.0 -9999.0 -9999.0 -9999.0 -9999.0
-9999.0 -9999.0 -9999.0 -9999.0 -9999.0 -9999.0 -9999.0 -9999.0 -9999.0 -9999.0 -9999.0 -9999.0 -9999.0 -9999.0 -9999.0 -9999.0 -9999.0 -9999.0 -9999.0 -9999.0 -9999.0 -9999.0 -9999.0 -9999.0 -9999.0 -9999.0 -9999.0 -9999.0 -9999.0 -9999.0 -9999.0 -9999.0 -9999.0 -9999.0 -9999.0 -9999.0 -9999.0 -9999.0 -9999.0 -9999.0 -9999.0 -9999.0 -9999.0 -9999.0 -9999.0 -9999.0 -9999.0 -9999.0 -9999.0 -9999.0 -9999.0 -9999.0 -9999.0 -9999.0 -9999.0 -9999.0 -9999.0 -9999.0 -9999.0 -9999.0 -9999.0 -9999.0 -9999.0 -9999.0 -9999.0 -9999.0 -9999.0 -9999.0 -9999.0 -9999.0 -9999.0 -9999.0 -9999.0 -9999.0 -9999.0 -9999.0 -9999.0 -9999.0 -9999.0 -9999.0 -9999.0 -9999.0 -9999.0 -9999.0 -9999.0 -9999.0 -9999.0 -9999.0 -9999.0 -9999.0 -9999.0 -9999.0 -9999.0 -9999.0 -9999.0 -9999.0 -9999.0 -9999.0 -9999.0 -9999.0 -9999.0 -9999.0 -9999.0 -9999.0