inst/processing_geotop_simulation/geotop_simulation/out/maps3D/PwL0015N0296.asc
ncols         104
nrows         10
xllcorner     -2.000000
yllcorner     0.000000
cellsize      1.000000
NODATA_value  -9999.0
-9999.0 -9999.0 -9999.0 -9999.0 -9999.0 -9999.0 -9999.0 -9999.0 -9999.0 -9999.0 -9999.0 -9999.0 -9999.0 -9999.0 -9999.0 -9999.0 -9999.0 -9999.0 -9999.0 -9999.0 -9999.0 -9999.0 -9999.0 -9999.0 -9999.0 -9999.0 -9999.0 -9999.0 -9999.0 -9999.0 -9999.0 -9999.0 -9999.0 -9999.0 -9999.0 -9999.0 -9999.0 -9999.0 -9999.0 -9999.0 -9999.0 -9999.0 -9999.0 -9999.0 -9999.0 -9999.0 -9999.0 -9999.0 -9999.0 -9999.0 -9999.0 -9999.0 -9999.0 -9999.0 -9999.0 -9999.0 -9999.0 -9999.0 -9999.0 -9999.0 -9999.0 -9999.0 -9999.0 -9999.0 -9999.0 -9999.0 -9999.0 -9999.0 -9999.0 -9999.0 -9999.0 -9999.0 -9999.0 -9999.0 -9999.0 -9999.0 -9999.0 -9999.0 -9999.0 -9999.0 -9999.0 -9999.0 -9999.0 -9999.0 -9999.0 -9999.0 -9999.0 -9999.0 -9999.0 -9999.0 -9999.0 -9999.0 -9999.0 -9999.0 -9999.0 -9999.0 -9999.0 -9999.0 -9999.0 -9999.0 -9999.0 -9999.0 -9999.0 -9999.0
-9999.0 -9999.0 -9999.0 -9999.0 -9999.0 -9999.0 -9999.0 -9999.0 -9999.0 -9999.0 -9999.0 -9999.0 -9999.0 -9999.0 -9999.0 -9999.0 -9999.0 -9999.0 -9999.0 -9999.0 -9999.0 -9999.0 -9999.0 -9999.0 -9999.0 -9999.0 -9999.0 -9999.0 -9999.0 -9999.0 -9999.0 -9999.0 -9999.0 -9999.0 -9999.0 -9999.0 -9999.0 -9999.0 -9999.0 -9999.0 -9999.0 -9999.0 -9999.0 -9999.0 -9999.0 -9999.0 -9999.0 -9999.0 -9999.0 -9999.0 -9999.0 -9999.0 -9999.0 -9999.0 -9999.0 -9999.0 -9999.0 -9999.0 -9999.0 -9999.0 -9999.0 -9999.0 -9999.0 -9999.0 -9999.0 -9999.0 -9999.0 -9999.0 -9999.0 -9999.0 -9999.0 -9999.0 -9999.0 -9999.0 -9999.0 -9999.0 -9999.0 -9999.0 -9999.0 -9999.0 -9999.0 -9999.0 -9999.0 -9999.0 -9999.0 -9999.0 -9999.0 -9999.0 -9999.0 -9999.0 -9999.0 -9999.0 -9999.0 -9999.0 -9999.0 -9999.0 -9999.0 -9999.0 -9999.0 -9999.0 -9999.0 -9999.0 -9999.0 -9999.0
-9999.0 -9999.0 722.823427 624.922177 526.617618 428.012525 329.263676 230.452834 131.621484 32.791970 -66.018553 -164.804865 -263.548729 -362.206487 -460.695558 -558.887367 -656.549741 -753.903364 -851.296087 -948.275570 -1044.670833 -1137.980040 -1224.284169 -1302.408575 -1370.265408 -1426.765074 -1471.955581 -1506.818794 -1532.891170 -1551.889598 -1565.443714 -1574.951941 -1581.534539 -1586.045924 -1589.115207 -1591.196216 -1592.622736 -1593.699217 -1594.985788 -1598.284784 -1609.042222 -1642.385841 -1985.684377 -4176.882072 -4232.464764 -4232.159905 -4231.872876 -4231.825392 -4231.820460 -4231.820979 -4231.822270 -4231.823647 -4231.824965 -4231.826181 -4231.827300 -4231.828554 -4231.832288 -4231.858618 -4232.024489 -4232.270897 -4136.617634 -1811.785865 -1603.970352 -1601.016354 -1597.066030 -1595.861876 -1595.617342 -1595.575668 -1595.569473 -1595.569090 -1595.569579 -1595.570105 -1595.570538 -1595.570877 -1595.571142 -1595.571354 -1595.571525 -1595.571668 -1595.571792 -1595.571906 -1595.572019 -1595.572143 -1595.572296 -1595.572500 -1595.572793 -1595.573233 -1595.573914 -1595.574995 -1595.576747 -1595.579652 -1595.584593 -1595.593242 -1595.608857 -1595.637932 -1595.693706 -1595.804063 -1596.030848 -1596.521111 -1597.651199 -1600.461676 -1608.173753 -1632.634923 -9999.0 -9999.0
-9999.0 -9999.0 722.827636 624.923584 526.618046 428.012659 329.263720 230.452849 131.621489 32.791972 -66.018552 -164.804865 -263.548728 -362.206488 -460.695558 -558.887367 -656.549741 -753.903364 -851.296087 -948.275571 -1044.670833 -1137.980041 -1224.284170 -1302.408575 -1370.265408 -1426.765074 -1471.955581 -1506.818794 -1532.891170 -1551.889598 -1565.443714 -1574.951941 -1581.534539 -1586.045924 -1589.115207 -1591.196216 -1592.622736 -1593.699217 -1594.985788 -1598.284784 -1609.042222 -1642.385841 -1985.684377 -4176.882072 -4232.464764 -4232.159905 -4231.872876 -4231.825392 -4231.820460 -4231.820979 -4231.822270 -4231.823647 -4231.824965 -4231.826181 -4231.827300 -4231.828554 -4231.832288 -4231.858618 -4232.024489 -4232.270897 -4136.617634 -1811.785865 -1603.970352 -1601.016354 -1597.066030 -1595.861876 -1595.617342 -1595.575668 -1595.569473 -1595.569090 -1595.569579 -1595.570105 -1595.570538 -1595.570877 -1595.571142 -1595.571354 -1595.571525 -1595.571668 -1595.571792 -1595.571906 -1595.572019 -1595.572143 -1595.572296 -1595.572500 -1595.572793 -1595.573233 -1595.573914 -1595.574995 -1595.576747 -1595.579652 -1595.584593 -1595.593242 -1595.608857 -1595.637932 -1595.693706 -1595.804063 -1596.030848 -1596.521111 -1597.651199 -1600.461676 -1608.173753 -1632.634923 -9999.0 -9999.0
-9999.0 -9999.0 722.828961 624.924279 526.618331 428.012766 329.263759 230.452863 131.621494 32.791974 -66.018552 -164.804864 -263.548728 -362.206487 -460.695558 -558.887367 -656.549741 -753.903365 -851.296087 -948.275571 -1044.670833 -1137.980041 -1224.284170 -1302.408575 -1370.265409 -1426.765074 -1471.955581 -1506.818794 -1532.891170 -1551.889598 -1565.443714 -1574.951941 -1581.534539 -1586.045924 -1589.115207 -1591.196216 -1592.622736 -1593.699217 -1594.985788 -1598.284784 -1609.042222 -1642.385841 -1985.684377 -4176.882072 -4232.464764 -4232.159905 -4231.872876 -4231.825392 -4231.820460 -4231.820979 -4231.822270 -4231.823647 -4231.824965 -4231.826181 -4231.827300 -4231.828554 -4231.832288 -4231.858618 -4232.024489 -4232.270897 -4136.617634 -1811.785865 -1603.970352 -1601.016354 -1597.066030 -1595.861876 -1595.617342 -1595.575668 -1595.569473 -1595.569090 -1595.569579 -1595.570105 -1595.570538 -1595.570877 -1595.571142 -1595.571354 -1595.571525 -1595.571668 -1595.571792 -1595.571906 -1595.572019 -1595.572143 -1595.572296 -1595.572500 -1595.572793 -1595.573233 -1595.573914 -1595.574995 -1595.576747 -1595.579652 -1595.584593 -1595.593242 -1595.608857 -1595.637932 -1595.693706 -1595.804063 -1596.030848 -1596.521111 -1597.651199 -1600.461676 -1608.173753 -1632.634923 -9999.0 -9999.0
-9999.0 -9999.0 722.828961 624.924279 526.618332 428.012766 329.263759 230.452863 131.621494 32.791974 -66.018551 -164.804864 -263.548728 -362.206488 -460.695558 -558.887367 -656.549741 -753.903365 -851.296087 -948.275571 -1044.670833 -1137.980041 -1224.284170 -1302.408575 -1370.265409 -1426.765074 -1471.955581 -1506.818794 -1532.891170 -1551.889598 -1565.443714 -1574.951941 -1581.534539 -1586.045924 -1589.115207 -1591.196216 -1592.622736 -1593.699217 -1594.985788 -1598.284784 -1609.042222 -1642.385841 -1985.684377 -4176.882072 -4232.464764 -4232.159905 -4231.872876 -4231.825392 -4231.820460 -4231.820979 -4231.822270 -4231.823647 -4231.824965 -4231.826181 -4231.827300 -4231.828554 -4231.832288 -4231.858618 -4232.024489 -4232.270897 -4136.617634 -1811.785865 -1603.970352 -1601.016354 -1597.066030 -1595.861876 -1595.617342 -1595.575668 -1595.569473 -1595.569090 -1595.569579 -1595.570105 -1595.570538 -1595.570877 -1595.571142 -1595.571354 -1595.571525 -1595.571668 -1595.571792 -1595.571906 -1595.572019 -1595.572143 -1595.572296 -1595.572500 -1595.572793 -1595.573233 -1595.573914 -1595.574995 -1595.576747 -1595.579652 -1595.584593 -1595.593242 -1595.608857 -1595.637932 -1595.693706 -1595.804063 -1596.030848 -1596.521111 -1597.651199 -1600.461676 -1608.173753 -1632.634923 -9999.0 -9999.0
-9999.0 -9999.0 722.827636 624.923584 526.618046 428.012659 329.263720 230.452849 131.621489 32.791972 -66.018552 -164.804865 -263.548729 -362.206487 -460.695558 -558.887367 -656.549741 -753.903364 -851.296087 -948.275571 -1044.670833 -1137.980041 -1224.284170 -1302.408575 -1370.265408 -1426.765074 -1471.955581 -1506.818794 -1532.891170 -1551.889598 -1565.443714 -1574.951941 -1581.534539 -1586.045924 -1589.115207 -1591.196216 -1592.622736 -1593.699217 -1594.985788 -1598.284784 -1609.042222 -1642.385841 -1985.684377 -4176.882072 -4232.464764 -4232.159905 -4231.872876 -4231.825392 -4231.820460 -4231.820979 -4231.822270 -4231.823647 -4231.824965 -4231.826181 -4231.827300 -4231.828554 -4231.832288 -4231.858618 -4232.024489 -4232.270897 -4136.617634 -1811.785865 -1603.970352 -1601.016354 -1597.066030 -1595.861876 -1595.617342 -1595.575668 -1595.569473 -1595.569090 -1595.569579 -1595.570105 -1595.570538 -1595.570877 -1595.571142 -1595.571354 -1595.571525 -1595.571668 -1595.571792 -1595.571906 -1595.572019 -1595.572143 -1595.572296 -1595.572500 -1595.572793 -1595.573233 -1595.573914 -1595.574995 -1595.576747 -1595.579652 -1595.584593 -1595.593242 -1595.608857 -1595.637932 -1595.693706 -1595.804063 -1596.030848 -1596.521111 -1597.651199 -1600.461676 -1608.173753 -1632.634923 -9999.0 -9999.0
-9999.0 -9999.0 722.823427 624.922177 526.617618 428.012525 329.263676 230.452834 131.621484 32.791970 -66.018553 -164.804865 -263.548729 -362.206488 -460.695558 -558.887367 -656.549741 -753.903364 -851.296086 -948.275570 -1044.670833 -1137.980041 -1224.284169 -1302.408575 -1370.265408 -1426.765074 -1471.955581 -1506.818794 -1532.891170 -1551.889598 -1565.443714 -1574.951941 -1581.534539 -1586.045924 -1589.115207 -1591.196216 -1592.622736 -1593.699217 -1594.985788 -1598.284784 -1609.042222 -1642.385841 -1985.684377 -4176.882072 -4232.464764 -4232.159905 -4231.872876 -4231.825392 -4231.820460 -4231.820979 -4231.822270 -4231.823647 -4231.824965 -4231.826181 -4231.827300 -4231.828554 -4231.832288 -4231.858618 -4232.024489 -4232.270897 -4136.617634 -1811.785865 -1603.970352 -1601.016354 -1597.066030 -1595.861876 -1595.617342 -1595.575668 -1595.569473 -1595.569090 -1595.569579 -1595.570105 -1595.570538 -1595.570877 -1595.571142 -1595.571354 -1595.571525 -1595.571668 -1595.571792 -1595.571906 -1595.572019 -1595.572143 -1595.572296 -1595.572500 -1595.572793 -1595.573233 -1595.573914 -1595.574995 -1595.576747 -1595.579652 -1595.584593 -1595.593242 -1595.608857 -1595.637932 -1595.693706 -1595.804063 -1596.030848 -1596.521111 -1597.651199 -1600.461676 -1608.173753 -1632.634923 -9999.0 -9999.0
-9999.0 -9999.0 -9999.0 -9999.0 -9999.0 -9999.0 -9999.0 -9999.0 -9999.0 -9999.0 -9999.0 -9999.0 -9999.0 -9999.0 -9999.0 -9999.0 -9999.0 -9999.0 -9999.0 -9999.0 -9999.0 -9999.0 -9999.0 -9999.0 -9999.0 -9999.0 -9999.0 -9999.0 -9999.0 -9999.0 -9999.0 -9999.0 -9999.0 -9999.0 -9999.0 -9999.0 -9999.0 -9999.0 -9999.0 -9999.0 -9999.0 -9999.0 -9999.0 -9999.0 -9999.0 -9999.0 -9999.0 -9999.0 -9999.0 -9999.0 -9999.0 -9999.0 -9999.0 -9999.0 -9999.0 -9999.0 -9999.0 -9999.0 -9999.0 -9999.0 -9999.0 -9999.0 -9999.0 -9999.0 -9999.0 -9999.0 -9999.0 -9999.0 -9999.0 -9999.0 -9999.0 -9999.0 -9999.0 -9999.0 -9999.0 -9999.0 -9999.0 -9999.0 -9999.0 -9999.0 -9999.0 -9999.0 -9999.0 -9999.0 -9999.0 -9999.0 -9999.0 -9999.0 -9999.0 -9999.0 -9999.0 -9999.0 -9999.0 -9999.0 -9999.0 -9999.0 -9999.0 -9999.0 -9999.0 -9999.0 -9999.0 -9999.0 -9999.0 -9999.0
-9999.0 -9999.0 -9999.0 -9999.0 -9999.0 -9999.0 -9999.0 -9999.0 -9999.0 -9999.0 -9999.0 -9999.0 -9999.0 -9999.0 -9999.0 -9999.0 -9999.0 -9999.0 -9999.0 -9999.0 -9999.0 -9999.0 -9999.0 -9999.0 -9999.0 -9999.0 -9999.0 -9999.0 -9999.0 -9999.0 -9999.0 -9999.0 -9999.0 -9999.0 -9999.0 -9999.0 -9999.0 -9999.0 -9999.0 -9999.0 -9999.0 -9999.0 -9999.0 -9999.0 -9999.0 -9999.0 -9999.0 -9999.0 -9999.0 -9999.0 -9999.0 -9999.0 -9999.0 -9999.0 -9999.0 -9999.0 -9999.0 -9999.0 -9999.0 -9999.0 -9999.0 -9999.0 -9999.0 -9999.0 -9999.0 -9999.0 -9999.0 -9999.0 -9999.0 -9999.0 -9999.0 -9999.0 -9999.0 -9999.0 -9999.0 -9999.0 -9999.0 -9999.0 -9999.0 -9999.0 -9999.0 -9999.0 -9999.0 -9999.0 -9999.0 -9999.0 -9999.0 -9999.0 -9999.0 -9999.0 -9999.0 -9999.0 -9999.0 -9999.0 -9999.0 -9999.0 -9999.0 -9999.0 -9999.0 -9999.0 -9999.0 -9999.0 -9999.0 -9999.0