inst/processing_geotop_simulation/geotop_simulation/out/maps3D/PwL0018N0168.asc
ncols         104
nrows         10
xllcorner     -2.000000
yllcorner     0.000000
cellsize      1.000000
NODATA_value  -9999.0
-9999.0 -9999.0 -9999.0 -9999.0 -9999.0 -9999.0 -9999.0 -9999.0 -9999.0 -9999.0 -9999.0 -9999.0 -9999.0 -9999.0 -9999.0 -9999.0 -9999.0 -9999.0 -9999.0 -9999.0 -9999.0 -9999.0 -9999.0 -9999.0 -9999.0 -9999.0 -9999.0 -9999.0 -9999.0 -9999.0 -9999.0 -9999.0 -9999.0 -9999.0 -9999.0 -9999.0 -9999.0 -9999.0 -9999.0 -9999.0 -9999.0 -9999.0 -9999.0 -9999.0 -9999.0 -9999.0 -9999.0 -9999.0 -9999.0 -9999.0 -9999.0 -9999.0 -9999.0 -9999.0 -9999.0 -9999.0 -9999.0 -9999.0 -9999.0 -9999.0 -9999.0 -9999.0 -9999.0 -9999.0 -9999.0 -9999.0 -9999.0 -9999.0 -9999.0 -9999.0 -9999.0 -9999.0 -9999.0 -9999.0 -9999.0 -9999.0 -9999.0 -9999.0 -9999.0 -9999.0 -9999.0 -9999.0 -9999.0 -9999.0 -9999.0 -9999.0 -9999.0 -9999.0 -9999.0 -9999.0 -9999.0 -9999.0 -9999.0 -9999.0 -9999.0 -9999.0 -9999.0 -9999.0 -9999.0 -9999.0 -9999.0 -9999.0 -9999.0 -9999.0
-9999.0 -9999.0 -9999.0 -9999.0 -9999.0 -9999.0 -9999.0 -9999.0 -9999.0 -9999.0 -9999.0 -9999.0 -9999.0 -9999.0 -9999.0 -9999.0 -9999.0 -9999.0 -9999.0 -9999.0 -9999.0 -9999.0 -9999.0 -9999.0 -9999.0 -9999.0 -9999.0 -9999.0 -9999.0 -9999.0 -9999.0 -9999.0 -9999.0 -9999.0 -9999.0 -9999.0 -9999.0 -9999.0 -9999.0 -9999.0 -9999.0 -9999.0 -9999.0 -9999.0 -9999.0 -9999.0 -9999.0 -9999.0 -9999.0 -9999.0 -9999.0 -9999.0 -9999.0 -9999.0 -9999.0 -9999.0 -9999.0 -9999.0 -9999.0 -9999.0 -9999.0 -9999.0 -9999.0 -9999.0 -9999.0 -9999.0 -9999.0 -9999.0 -9999.0 -9999.0 -9999.0 -9999.0 -9999.0 -9999.0 -9999.0 -9999.0 -9999.0 -9999.0 -9999.0 -9999.0 -9999.0 -9999.0 -9999.0 -9999.0 -9999.0 -9999.0 -9999.0 -9999.0 -9999.0 -9999.0 -9999.0 -9999.0 -9999.0 -9999.0 -9999.0 -9999.0 -9999.0 -9999.0 -9999.0 -9999.0 -9999.0 -9999.0 -9999.0 -9999.0
-9999.0 -9999.0 881.888467 787.107214 691.719955 595.645646 499.211801 402.617004 305.967881 209.321913 112.710809 16.155201 -80.319790 -176.697152 -272.891838 -368.749249 -464.008471 -558.273374 -650.857217 -743.752521 -835.294161 -925.281145 -1013.546526 -1083.910705 -1142.091770 -1187.863297 -1222.276215 -1247.151067 -1264.545705 -1276.380997 -1284.257689 -1289.409794 -1292.736236 -1294.864602 -1296.219178 -1297.082272 -1297.647137 -1298.081877 -1298.747871 -1301.387451 -1314.917450 -1394.495932 -2012.497521 -4062.998136 -4084.157267 -4084.158416 -4084.158409 -4084.158313 -4084.157782 -4084.155836 -4084.149969 -4084.131558 -4084.099125 -4084.055055 -4083.978470 -4083.822526 -4083.462178 -4082.544312 -4080.019871 -4072.567505 -4007.797035 -1811.173066 -1357.644499 -1308.389460 -1300.238765 -1298.974896 -1298.791463 -1298.764581 -1298.761190 -1298.761619 -1298.762558 -1298.763400 -1298.764064 -1298.764571 -1298.764961 -1298.765266 -1298.765508 -1298.765704 -1298.765869 -1298.766015 -1298.766159 -1298.766317 -1298.766516 -1298.766789 -1298.767191 -1298.767807 -1298.768775 -1298.770323 -1298.772837 -1298.776998 -1298.784034 -1298.796251 -1298.818102 -1298.858376 -1298.934746 -1299.083499 -1299.382203 -1300.008685 -1301.406364 -1304.754078 -1313.369636 -1338.271698 -9999.0 -9999.0
-9999.0 -9999.0 881.892257 787.108606 691.720401 595.645790 499.211849 402.617021 305.967887 209.321915 112.710810 16.155201 -80.319790 -176.697152 -272.891838 -368.749249 -464.008471 -558.273375 -650.857218 -743.752521 -835.294161 -925.281146 -1013.546526 -1083.910705 -1142.091770 -1187.863298 -1222.276215 -1247.151067 -1264.545705 -1276.380997 -1284.257689 -1289.409794 -1292.736236 -1294.864602 -1296.219178 -1297.082272 -1297.647137 -1298.081877 -1298.747871 -1301.387451 -1314.917450 -1394.495932 -2012.497521 -4062.998136 -4084.157267 -4084.158416 -4084.158409 -4084.158313 -4084.157782 -4084.155836 -4084.149969 -4084.131558 -4084.099125 -4084.055055 -4083.978470 -4083.822526 -4083.462178 -4082.544312 -4080.019871 -4072.567505 -4007.797035 -1811.173067 -1357.644499 -1308.389460 -1300.238765 -1298.974896 -1298.791463 -1298.764581 -1298.761190 -1298.761619 -1298.762558 -1298.763400 -1298.764064 -1298.764571 -1298.764961 -1298.765266 -1298.765508 -1298.765704 -1298.765869 -1298.766015 -1298.766159 -1298.766317 -1298.766516 -1298.766789 -1298.767191 -1298.767807 -1298.768775 -1298.770323 -1298.772837 -1298.776998 -1298.784034 -1298.796251 -1298.818102 -1298.858376 -1298.934746 -1299.083499 -1299.382203 -1300.008685 -1301.406364 -1304.754078 -1313.369636 -1338.271698 -9999.0 -9999.0
-9999.0 -9999.0 881.893623 787.109333 691.720705 595.645906 499.211891 402.617036 305.967893 209.321917 112.710810 16.155202 -80.319790 -176.697152 -272.891838 -368.749249 -464.008471 -558.273375 -650.857218 -743.752521 -835.294161 -925.281146 -1013.546526 -1083.910705 -1142.091771 -1187.863298 -1222.276215 -1247.151067 -1264.545705 -1276.380997 -1284.257689 -1289.409794 -1292.736236 -1294.864602 -1296.219178 -1297.082272 -1297.647137 -1298.081877 -1298.747871 -1301.387451 -1314.917450 -1394.495932 -2012.497521 -4062.998136 -4084.157267 -4084.158416 -4084.158409 -4084.158313 -4084.157782 -4084.155836 -4084.149969 -4084.131558 -4084.099125 -4084.055055 -4083.978470 -4083.822526 -4083.462178 -4082.544312 -4080.019871 -4072.567505 -4007.797035 -1811.173066 -1357.644499 -1308.389460 -1300.238765 -1298.974896 -1298.791463 -1298.764581 -1298.761190 -1298.761619 -1298.762558 -1298.763400 -1298.764064 -1298.764571 -1298.764961 -1298.765266 -1298.765508 -1298.765704 -1298.765869 -1298.766015 -1298.766159 -1298.766317 -1298.766516 -1298.766789 -1298.767191 -1298.767807 -1298.768775 -1298.770323 -1298.772837 -1298.776998 -1298.784034 -1298.796251 -1298.818102 -1298.858376 -1298.934746 -1299.083499 -1299.382203 -1300.008685 -1301.406364 -1304.754078 -1313.369636 -1338.271698 -9999.0 -9999.0
-9999.0 -9999.0 881.893623 787.109333 691.720705 595.645906 499.211891 402.617036 305.967893 209.321917 112.710810 16.155202 -80.319790 -176.697152 -272.891838 -368.749249 -464.008471 -558.273375 -650.857218 -743.752521 -835.294161 -925.281146 -1013.546526 -1083.910705 -1142.091771 -1187.863298 -1222.276215 -1247.151067 -1264.545705 -1276.380997 -1284.257689 -1289.409794 -1292.736236 -1294.864602 -1296.219178 -1297.082272 -1297.647137 -1298.081877 -1298.747871 -1301.387451 -1314.917450 -1394.495932 -2012.497521 -4062.998136 -4084.157267 -4084.158416 -4084.158409 -4084.158313 -4084.157782 -4084.155836 -4084.149969 -4084.131558 -4084.099125 -4084.055055 -4083.978470 -4083.822526 -4083.462178 -4082.544312 -4080.019871 -4072.567505 -4007.797035 -1811.173066 -1357.644499 -1308.389460 -1300.238765 -1298.974896 -1298.791463 -1298.764581 -1298.761190 -1298.761619 -1298.762558 -1298.763400 -1298.764064 -1298.764571 -1298.764961 -1298.765266 -1298.765508 -1298.765704 -1298.765869 -1298.766015 -1298.766159 -1298.766317 -1298.766516 -1298.766789 -1298.767191 -1298.767807 -1298.768775 -1298.770323 -1298.772837 -1298.776998 -1298.784034 -1298.796251 -1298.818102 -1298.858376 -1298.934746 -1299.083499 -1299.382203 -1300.008685 -1301.406364 -1304.754078 -1313.369636 -1338.271698 -9999.0 -9999.0
-9999.0 -9999.0 881.892257 787.108606 691.720401 595.645790 499.211849 402.617021 305.967887 209.321915 112.710810 16.155201 -80.319790 -176.697152 -272.891838 -368.749249 -464.008471 -558.273375 -650.857218 -743.752521 -835.294161 -925.281146 -1013.546526 -1083.910705 -1142.091770 -1187.863298 -1222.276215 -1247.151067 -1264.545705 -1276.380997 -1284.257689 -1289.409794 -1292.736236 -1294.864602 -1296.219178 -1297.082272 -1297.647137 -1298.081877 -1298.747871 -1301.387451 -1314.917450 -1394.495932 -2012.497521 -4062.998136 -4084.157267 -4084.158416 -4084.158409 -4084.158313 -4084.157782 -4084.155836 -4084.149969 -4084.131558 -4084.099125 -4084.055055 -4083.978470 -4083.822526 -4083.462178 -4082.544312 -4080.019871 -4072.567505 -4007.797035 -1811.173067 -1357.644499 -1308.389460 -1300.238765 -1298.974896 -1298.791463 -1298.764581 -1298.761190 -1298.761619 -1298.762558 -1298.763400 -1298.764064 -1298.764571 -1298.764961 -1298.765266 -1298.765508 -1298.765704 -1298.765869 -1298.766015 -1298.766159 -1298.766317 -1298.766516 -1298.766789 -1298.767191 -1298.767807 -1298.768775 -1298.770323 -1298.772837 -1298.776998 -1298.784034 -1298.796251 -1298.818102 -1298.858376 -1298.934746 -1299.083499 -1299.382203 -1300.008685 -1301.406364 -1304.754078 -1313.369636 -1338.271698 -9999.0 -9999.0
-9999.0 -9999.0 881.888467 787.107214 691.719955 595.645646 499.211801 402.617004 305.967881 209.321913 112.710809 16.155201 -80.319790 -176.697152 -272.891838 -368.749249 -464.008471 -558.273374 -650.857217 -743.752521 -835.294161 -925.281145 -1013.546526 -1083.910705 -1142.091770 -1187.863297 -1222.276215 -1247.151067 -1264.545705 -1276.380997 -1284.257689 -1289.409794 -1292.736236 -1294.864602 -1296.219178 -1297.082272 -1297.647137 -1298.081877 -1298.747871 -1301.387451 -1314.917450 -1394.495932 -2012.497521 -4062.998136 -4084.157267 -4084.158416 -4084.158409 -4084.158313 -4084.157782 -4084.155836 -4084.149969 -4084.131558 -4084.099125 -4084.055055 -4083.978470 -4083.822526 -4083.462178 -4082.544312 -4080.019871 -4072.567505 -4007.797036 -1811.173067 -1357.644499 -1308.389460 -1300.238765 -1298.974896 -1298.791463 -1298.764581 -1298.761190 -1298.761619 -1298.762558 -1298.763400 -1298.764064 -1298.764571 -1298.764961 -1298.765266 -1298.765508 -1298.765704 -1298.765869 -1298.766015 -1298.766159 -1298.766317 -1298.766516 -1298.766789 -1298.767191 -1298.767807 -1298.768775 -1298.770323 -1298.772837 -1298.776998 -1298.784034 -1298.796251 -1298.818102 -1298.858376 -1298.934746 -1299.083499 -1299.382203 -1300.008685 -1301.406364 -1304.754078 -1313.369636 -1338.271698 -9999.0 -9999.0
-9999.0 -9999.0 -9999.0 -9999.0 -9999.0 -9999.0 -9999.0 -9999.0 -9999.0 -9999.0 -9999.0 -9999.0 -9999.0 -9999.0 -9999.0 -9999.0 -9999.0 -9999.0 -9999.0 -9999.0 -9999.0 -9999.0 -9999.0 -9999.0 -9999.0 -9999.0 -9999.0 -9999.0 -9999.0 -9999.0 -9999.0 -9999.0 -9999.0 -9999.0 -9999.0 -9999.0 -9999.0 -9999.0 -9999.0 -9999.0 -9999.0 -9999.0 -9999.0 -9999.0 -9999.0 -9999.0 -9999.0 -9999.0 -9999.0 -9999.0 -9999.0 -9999.0 -9999.0 -9999.0 -9999.0 -9999.0 -9999.0 -9999.0 -9999.0 -9999.0 -9999.0 -9999.0 -9999.0 -9999.0 -9999.0 -9999.0 -9999.0 -9999.0 -9999.0 -9999.0 -9999.0 -9999.0 -9999.0 -9999.0 -9999.0 -9999.0 -9999.0 -9999.0 -9999.0 -9999.0 -9999.0 -9999.0 -9999.0 -9999.0 -9999.0 -9999.0 -9999.0 -9999.0 -9999.0 -9999.0 -9999.0 -9999.0 -9999.0 -9999.0 -9999.0 -9999.0 -9999.0 -9999.0 -9999.0 -9999.0 -9999.0 -9999.0 -9999.0 -9999.0
-9999.0 -9999.0 -9999.0 -9999.0 -9999.0 -9999.0 -9999.0 -9999.0 -9999.0 -9999.0 -9999.0 -9999.0 -9999.0 -9999.0 -9999.0 -9999.0 -9999.0 -9999.0 -9999.0 -9999.0 -9999.0 -9999.0 -9999.0 -9999.0 -9999.0 -9999.0 -9999.0 -9999.0 -9999.0 -9999.0 -9999.0 -9999.0 -9999.0 -9999.0 -9999.0 -9999.0 -9999.0 -9999.0 -9999.0 -9999.0 -9999.0 -9999.0 -9999.0 -9999.0 -9999.0 -9999.0 -9999.0 -9999.0 -9999.0 -9999.0 -9999.0 -9999.0 -9999.0 -9999.0 -9999.0 -9999.0 -9999.0 -9999.0 -9999.0 -9999.0 -9999.0 -9999.0 -9999.0 -9999.0 -9999.0 -9999.0 -9999.0 -9999.0 -9999.0 -9999.0 -9999.0 -9999.0 -9999.0 -9999.0 -9999.0 -9999.0 -9999.0 -9999.0 -9999.0 -9999.0 -9999.0 -9999.0 -9999.0 -9999.0 -9999.0 -9999.0 -9999.0 -9999.0 -9999.0 -9999.0 -9999.0 -9999.0 -9999.0 -9999.0 -9999.0 -9999.0 -9999.0 -9999.0 -9999.0 -9999.0 -9999.0 -9999.0 -9999.0 -9999.0