inst/processing_geotop_simulation/geotop_simulation/out/maps3D/PwL0004N0019.asc
ncols         104
nrows         10
xllcorner     -2.000000
yllcorner     0.000000
cellsize      1.000000
NODATA_value  -9999.0
-9999.0 -9999.0 -9999.0 -9999.0 -9999.0 -9999.0 -9999.0 -9999.0 -9999.0 -9999.0 -9999.0 -9999.0 -9999.0 -9999.0 -9999.0 -9999.0 -9999.0 -9999.0 -9999.0 -9999.0 -9999.0 -9999.0 -9999.0 -9999.0 -9999.0 -9999.0 -9999.0 -9999.0 -9999.0 -9999.0 -9999.0 -9999.0 -9999.0 -9999.0 -9999.0 -9999.0 -9999.0 -9999.0 -9999.0 -9999.0 -9999.0 -9999.0 -9999.0 -9999.0 -9999.0 -9999.0 -9999.0 -9999.0 -9999.0 -9999.0 -9999.0 -9999.0 -9999.0 -9999.0 -9999.0 -9999.0 -9999.0 -9999.0 -9999.0 -9999.0 -9999.0 -9999.0 -9999.0 -9999.0 -9999.0 -9999.0 -9999.0 -9999.0 -9999.0 -9999.0 -9999.0 -9999.0 -9999.0 -9999.0 -9999.0 -9999.0 -9999.0 -9999.0 -9999.0 -9999.0 -9999.0 -9999.0 -9999.0 -9999.0 -9999.0 -9999.0 -9999.0 -9999.0 -9999.0 -9999.0 -9999.0 -9999.0 -9999.0 -9999.0 -9999.0 -9999.0 -9999.0 -9999.0 -9999.0 -9999.0 -9999.0 -9999.0 -9999.0 -9999.0
-9999.0 -9999.0 -9999.0 -9999.0 -9999.0 -9999.0 -9999.0 -9999.0 -9999.0 -9999.0 -9999.0 -9999.0 -9999.0 -9999.0 -9999.0 -9999.0 -9999.0 -9999.0 -9999.0 -9999.0 -9999.0 -9999.0 -9999.0 -9999.0 -9999.0 -9999.0 -9999.0 -9999.0 -9999.0 -9999.0 -9999.0 -9999.0 -9999.0 -9999.0 -9999.0 -9999.0 -9999.0 -9999.0 -9999.0 -9999.0 -9999.0 -9999.0 -9999.0 -9999.0 -9999.0 -9999.0 -9999.0 -9999.0 -9999.0 -9999.0 -9999.0 -9999.0 -9999.0 -9999.0 -9999.0 -9999.0 -9999.0 -9999.0 -9999.0 -9999.0 -9999.0 -9999.0 -9999.0 -9999.0 -9999.0 -9999.0 -9999.0 -9999.0 -9999.0 -9999.0 -9999.0 -9999.0 -9999.0 -9999.0 -9999.0 -9999.0 -9999.0 -9999.0 -9999.0 -9999.0 -9999.0 -9999.0 -9999.0 -9999.0 -9999.0 -9999.0 -9999.0 -9999.0 -9999.0 -9999.0 -9999.0 -9999.0 -9999.0 -9999.0 -9999.0 -9999.0 -9999.0 -9999.0 -9999.0 -9999.0 -9999.0 -9999.0 -9999.0 -9999.0
-9999.0 -9999.0 174.931535 79.743410 -15.049814 -108.986509 -192.114640 -248.741969 -271.836634 -263.345864 -348.708264 -372.733380 -271.521688 -199.658301 -114.808261 55.736469 141.117148 114.142880 77.820262 35.209622 -12.184215 -63.667047 -118.470164 -174.076746 -225.819972 -268.502519 -300.039907 -321.207800 -334.543855 -342.568647 -347.217409 -349.731048 -350.854915 -351.001666 -350.204399 -348.329197 -344.975951 -339.374266 -330.221996 -315.028336 -282.550647 -226.550039 -898.614617 -846.373760 -782.523170 -743.094151 -724.293372 -722.205489 -721.986239 -721.965119 -721.963999 -721.964842 -721.965827 -721.966826 -721.968394 -721.976273 -722.046880 -722.650815 -727.858622 -740.185051 -763.214675 -761.127364 -258.151854 -299.279433 -321.291260 -334.254484 -342.223622 -347.208685 -350.357360 -352.352032 -353.621371 -354.435455 -354.958619 -355.292803 -355.506715 -355.644471 -355.734039 -355.794267 -355.838046 -355.872018 -355.899376 -355.930691 -355.970852 -356.028367 -356.115819 -356.251015 -356.462931 -356.797317 -357.324050 -358.153819 -359.459380 -361.508774 -364.713622 -369.696569 -377.376952 -389.064864 -406.533317 -432.015757 -468.090819 -517.644929 -584.660748 -674.295851 -9999.0 -9999.0
-9999.0 -9999.0 175.021391 79.767338 -15.042723 -108.984201 -192.113877 -248.741740 -271.836569 -263.345845 -348.708260 -372.733379 -271.521687 -199.658301 -114.808261 55.736469 141.117148 114.142880 77.820262 35.209622 -12.184215 -63.667047 -118.470164 -174.076746 -225.819972 -268.502519 -300.039907 -321.207800 -334.543855 -342.568648 -347.217409 -349.731048 -350.854915 -351.001667 -350.204400 -348.329198 -344.975951 -339.374267 -330.221998 -315.028336 -282.550648 -226.550040 -898.614617 -846.373759 -782.523169 -743.094148 -724.293372 -722.205489 -721.986238 -721.965119 -721.963999 -721.964842 -721.965827 -721.966826 -721.968394 -721.976273 -722.046880 -722.650815 -727.858621 -740.185051 -763.214675 -761.127364 -258.151854 -299.279434 -321.291261 -334.254485 -342.223622 -347.208685 -350.357361 -352.352032 -353.621371 -354.435455 -354.958619 -355.292804 -355.506716 -355.644471 -355.734040 -355.794267 -355.838046 -355.872018 -355.899376 -355.930691 -355.970852 -356.028367 -356.115819 -356.251015 -356.462931 -356.797317 -357.324050 -358.153819 -359.459379 -361.508774 -364.713621 -369.696569 -377.376952 -389.064864 -406.533317 -432.015757 -468.090819 -517.644930 -584.660748 -674.295851 -9999.0 -9999.0
-9999.0 -9999.0 175.040157 79.778285 -15.037924 -108.982312 -192.113196 -248.741527 -271.836506 -263.345827 -348.708257 -372.733378 -271.521687 -199.658301 -114.808261 55.736469 141.117148 114.142880 77.820262 35.209622 -12.184215 -63.667047 -118.470164 -174.076746 -225.819972 -268.502519 -300.039907 -321.207800 -334.543856 -342.568648 -347.217410 -349.731049 -350.854915 -351.001667 -350.204401 -348.329198 -344.975952 -339.374268 -330.221997 -315.028336 -282.550649 -226.550040 -898.614616 -846.373759 -782.523169 -743.094148 -724.293372 -722.205489 -721.986238 -721.965119 -721.963999 -721.964842 -721.965827 -721.966826 -721.968394 -721.976273 -722.046880 -722.650815 -727.858621 -740.185051 -763.214675 -761.127364 -258.151854 -299.279434 -321.291261 -334.254484 -342.223623 -347.208686 -350.357361 -352.352032 -353.621371 -354.435455 -354.958619 -355.292804 -355.506716 -355.644472 -355.734040 -355.794267 -355.838047 -355.872018 -355.899376 -355.930691 -355.970852 -356.028367 -356.115819 -356.251015 -356.462931 -356.797317 -357.324050 -358.153819 -359.459380 -361.508774 -364.713622 -369.696569 -377.376952 -389.064864 -406.533317 -432.015757 -468.090819 -517.644929 -584.660748 -674.295850 -9999.0 -9999.0
-9999.0 -9999.0 175.040157 79.778285 -15.037924 -108.982312 -192.113196 -248.741527 -271.836506 -263.345827 -348.708257 -372.733378 -271.521687 -199.658300 -114.808261 55.736470 141.117148 114.142880 77.820262 35.209622 -12.184215 -63.667047 -118.470164 -174.076746 -225.819972 -268.502519 -300.039907 -321.207800 -334.543856 -342.568648 -347.217410 -349.731049 -350.854915 -351.001667 -350.204401 -348.329198 -344.975952 -339.374268 -330.221997 -315.028336 -282.550649 -226.550040 -898.614616 -846.373759 -782.523169 -743.094148 -724.293372 -722.205489 -721.986238 -721.965119 -721.963999 -721.964842 -721.965827 -721.966826 -721.968394 -721.976273 -722.046880 -722.650815 -727.858621 -740.185051 -763.214675 -761.127364 -258.151853 -299.279434 -321.291261 -334.254484 -342.223623 -347.208686 -350.357361 -352.352032 -353.621371 -354.435455 -354.958619 -355.292804 -355.506716 -355.644472 -355.734040 -355.794267 -355.838047 -355.872018 -355.899376 -355.930691 -355.970852 -356.028367 -356.115819 -356.251015 -356.462931 -356.797317 -357.324050 -358.153819 -359.459379 -361.508774 -364.713621 -369.696569 -377.376952 -389.064864 -406.533317 -432.015757 -468.090818 -517.644930 -584.660748 -674.295851 -9999.0 -9999.0
-9999.0 -9999.0 175.021391 79.767338 -15.042723 -108.984201 -192.113877 -248.741740 -271.836569 -263.345845 -348.708260 -372.733379 -271.521687 -199.658301 -114.808261 55.736469 141.117148 114.142880 77.820262 35.209622 -12.184215 -63.667047 -118.470164 -174.076746 -225.819972 -268.502519 -300.039907 -321.207800 -334.543855 -342.568648 -347.217409 -349.731048 -350.854915 -351.001667 -350.204400 -348.329198 -344.975951 -339.374267 -330.221998 -315.028336 -282.550648 -226.550040 -898.614617 -846.373759 -782.523169 -743.094148 -724.293372 -722.205489 -721.986238 -721.965119 -721.963999 -721.964842 -721.965827 -721.966826 -721.968394 -721.976273 -722.046880 -722.650815 -727.858621 -740.185051 -763.214675 -761.127364 -258.151854 -299.279433 -321.291261 -334.254485 -342.223623 -347.208685 -350.357361 -352.352032 -353.621371 -354.435455 -354.958619 -355.292804 -355.506716 -355.644471 -355.734040 -355.794267 -355.838046 -355.872018 -355.899376 -355.930691 -355.970852 -356.028367 -356.115819 -356.251015 -356.462931 -356.797317 -357.324050 -358.153819 -359.459380 -361.508774 -364.713622 -369.696569 -377.376952 -389.064864 -406.533317 -432.015757 -468.090819 -517.644929 -584.660748 -674.295851 -9999.0 -9999.0
-9999.0 -9999.0 174.931535 79.743410 -15.049814 -108.986509 -192.114640 -248.741969 -271.836634 -263.345863 -348.708264 -372.733380 -271.521688 -199.658301 -114.808262 55.736469 141.117148 114.142880 77.820262 35.209622 -12.184215 -63.667047 -118.470164 -174.076746 -225.819972 -268.502519 -300.039907 -321.207800 -334.543855 -342.568647 -347.217409 -349.731048 -350.854915 -351.001666 -350.204399 -348.329197 -344.975951 -339.374266 -330.221996 -315.028335 -282.550647 -226.550038 -898.614617 -846.373760 -782.523170 -743.094151 -724.293372 -722.205489 -721.986239 -721.965119 -721.963999 -721.964842 -721.965827 -721.966826 -721.968394 -721.976273 -722.046880 -722.650815 -727.858622 -740.185051 -763.214675 -761.127364 -258.151853 -299.279433 -321.291259 -334.254484 -342.223622 -347.208685 -350.357360 -352.352032 -353.621371 -354.435455 -354.958619 -355.292803 -355.506715 -355.644471 -355.734039 -355.794267 -355.838046 -355.872018 -355.899376 -355.930691 -355.970852 -356.028367 -356.115819 -356.251015 -356.462931 -356.797317 -357.324050 -358.153819 -359.459379 -361.508774 -364.713621 -369.696569 -377.376952 -389.064864 -406.533317 -432.015757 -468.090819 -517.644930 -584.660748 -674.295851 -9999.0 -9999.0
-9999.0 -9999.0 -9999.0 -9999.0 -9999.0 -9999.0 -9999.0 -9999.0 -9999.0 -9999.0 -9999.0 -9999.0 -9999.0 -9999.0 -9999.0 -9999.0 -9999.0 -9999.0 -9999.0 -9999.0 -9999.0 -9999.0 -9999.0 -9999.0 -9999.0 -9999.0 -9999.0 -9999.0 -9999.0 -9999.0 -9999.0 -9999.0 -9999.0 -9999.0 -9999.0 -9999.0 -9999.0 -9999.0 -9999.0 -9999.0 -9999.0 -9999.0 -9999.0 -9999.0 -9999.0 -9999.0 -9999.0 -9999.0 -9999.0 -9999.0 -9999.0 -9999.0 -9999.0 -9999.0 -9999.0 -9999.0 -9999.0 -9999.0 -9999.0 -9999.0 -9999.0 -9999.0 -9999.0 -9999.0 -9999.0 -9999.0 -9999.0 -9999.0 -9999.0 -9999.0 -9999.0 -9999.0 -9999.0 -9999.0 -9999.0 -9999.0 -9999.0 -9999.0 -9999.0 -9999.0 -9999.0 -9999.0 -9999.0 -9999.0 -9999.0 -9999.0 -9999.0 -9999.0 -9999.0 -9999.0 -9999.0 -9999.0 -9999.0 -9999.0 -9999.0 -9999.0 -9999.0 -9999.0 -9999.0 -9999.0 -9999.0 -9999.0 -9999.0 -9999.0
-9999.0 -9999.0 -9999.0 -9999.0 -9999.0 -9999.0 -9999.0 -9999.0 -9999.0 -9999.0 -9999.0 -9999.0 -9999.0 -9999.0 -9999.0 -9999.0 -9999.0 -9999.0 -9999.0 -9999.0 -9999.0 -9999.0 -9999.0 -9999.0 -9999.0 -9999.0 -9999.0 -9999.0 -9999.0 -9999.0 -9999.0 -9999.0 -9999.0 -9999.0 -9999.0 -9999.0 -9999.0 -9999.0 -9999.0 -9999.0 -9999.0 -9999.0 -9999.0 -9999.0 -9999.0 -9999.0 -9999.0 -9999.0 -9999.0 -9999.0 -9999.0 -9999.0 -9999.0 -9999.0 -9999.0 -9999.0 -9999.0 -9999.0 -9999.0 -9999.0 -9999.0 -9999.0 -9999.0 -9999.0 -9999.0 -9999.0 -9999.0 -9999.0 -9999.0 -9999.0 -9999.0 -9999.0 -9999.0 -9999.0 -9999.0 -9999.0 -9999.0 -9999.0 -9999.0 -9999.0 -9999.0 -9999.0 -9999.0 -9999.0 -9999.0 -9999.0 -9999.0 -9999.0 -9999.0 -9999.0 -9999.0 -9999.0 -9999.0 -9999.0 -9999.0 -9999.0 -9999.0 -9999.0 -9999.0 -9999.0 -9999.0 -9999.0 -9999.0 -9999.0