inst/processing_geotop_simulation/geotop_simulation/out/maps3D/PwL0019N0121.asc
ncols         104
nrows         10
xllcorner     -2.000000
yllcorner     0.000000
cellsize      1.000000
NODATA_value  -9999.0
-9999.0 -9999.0 -9999.0 -9999.0 -9999.0 -9999.0 -9999.0 -9999.0 -9999.0 -9999.0 -9999.0 -9999.0 -9999.0 -9999.0 -9999.0 -9999.0 -9999.0 -9999.0 -9999.0 -9999.0 -9999.0 -9999.0 -9999.0 -9999.0 -9999.0 -9999.0 -9999.0 -9999.0 -9999.0 -9999.0 -9999.0 -9999.0 -9999.0 -9999.0 -9999.0 -9999.0 -9999.0 -9999.0 -9999.0 -9999.0 -9999.0 -9999.0 -9999.0 -9999.0 -9999.0 -9999.0 -9999.0 -9999.0 -9999.0 -9999.0 -9999.0 -9999.0 -9999.0 -9999.0 -9999.0 -9999.0 -9999.0 -9999.0 -9999.0 -9999.0 -9999.0 -9999.0 -9999.0 -9999.0 -9999.0 -9999.0 -9999.0 -9999.0 -9999.0 -9999.0 -9999.0 -9999.0 -9999.0 -9999.0 -9999.0 -9999.0 -9999.0 -9999.0 -9999.0 -9999.0 -9999.0 -9999.0 -9999.0 -9999.0 -9999.0 -9999.0 -9999.0 -9999.0 -9999.0 -9999.0 -9999.0 -9999.0 -9999.0 -9999.0 -9999.0 -9999.0 -9999.0 -9999.0 -9999.0 -9999.0 -9999.0 -9999.0 -9999.0 -9999.0
-9999.0 -9999.0 -9999.0 -9999.0 -9999.0 -9999.0 -9999.0 -9999.0 -9999.0 -9999.0 -9999.0 -9999.0 -9999.0 -9999.0 -9999.0 -9999.0 -9999.0 -9999.0 -9999.0 -9999.0 -9999.0 -9999.0 -9999.0 -9999.0 -9999.0 -9999.0 -9999.0 -9999.0 -9999.0 -9999.0 -9999.0 -9999.0 -9999.0 -9999.0 -9999.0 -9999.0 -9999.0 -9999.0 -9999.0 -9999.0 -9999.0 -9999.0 -9999.0 -9999.0 -9999.0 -9999.0 -9999.0 -9999.0 -9999.0 -9999.0 -9999.0 -9999.0 -9999.0 -9999.0 -9999.0 -9999.0 -9999.0 -9999.0 -9999.0 -9999.0 -9999.0 -9999.0 -9999.0 -9999.0 -9999.0 -9999.0 -9999.0 -9999.0 -9999.0 -9999.0 -9999.0 -9999.0 -9999.0 -9999.0 -9999.0 -9999.0 -9999.0 -9999.0 -9999.0 -9999.0 -9999.0 -9999.0 -9999.0 -9999.0 -9999.0 -9999.0 -9999.0 -9999.0 -9999.0 -9999.0 -9999.0 -9999.0 -9999.0 -9999.0 -9999.0 -9999.0 -9999.0 -9999.0 -9999.0 -9999.0 -9999.0 -9999.0 -9999.0 -9999.0
-9999.0 -9999.0 940.094845 847.666906 754.561549 660.499409 565.917390 471.100896 376.206611 281.319664 186.486636 91.732682 -2.924890 -97.453332 -191.852237 -286.143214 -380.403306 -474.684664 -568.801995 -662.124765 -753.611028 -843.221995 -929.904434 -1003.776839 -1055.501930 -1091.772125 -1115.503654 -1130.196792 -1138.905094 -1143.883144 -1146.644325 -1148.137225 -1148.928414 -1149.343272 -1149.561884 -1149.683090 -1149.768068 -1149.881295 -1150.229213 -1152.220055 -1164.998002 -1259.188029 -2037.818717 -4023.599018 -4034.653064 -4034.653465 -4034.653420 -4034.652734 -4034.648593 -4034.632458 -4034.581487 -4034.412301 -4034.101364 -4033.668867 -4032.904674 -4031.321847 -4027.583090 -4017.845645 -3991.326891 -3921.471502 -3732.019067 -1772.997161 -1223.921067 -1159.801396 -1151.311810 -1150.238252 -1150.094510 -1150.072873 -1150.070436 -1150.071366 -1150.072686 -1150.073819 -1150.074698 -1150.075367 -1150.075880 -1150.076278 -1150.076594 -1150.076850 -1150.077063 -1150.077251 -1150.077435 -1150.077637 -1150.077891 -1150.078242 -1150.078759 -1150.079552 -1150.080797 -1150.082787 -1150.086013 -1150.091334 -1150.100291 -1150.115763 -1150.143276 -1150.193711 -1150.288827 -1150.472827 -1150.838330 -1151.592698 -1153.247903 -1157.173753 -1167.135630 -1194.238823 -9999.0 -9999.0
-9999.0 -9999.0 940.098484 847.668285 754.562000 660.499556 565.917439 471.100913 376.206617 281.319667 186.486637 91.732682 -2.924890 -97.453332 -191.852237 -286.143214 -380.403306 -474.684664 -568.801995 -662.124765 -753.611028 -843.221995 -929.904434 -1003.776839 -1055.501930 -1091.772126 -1115.503654 -1130.196792 -1138.905094 -1143.883144 -1146.644325 -1148.137225 -1148.928414 -1149.343272 -1149.561884 -1149.683090 -1149.768068 -1149.881295 -1150.229213 -1152.220055 -1164.998002 -1259.188029 -2037.818717 -4023.599018 -4034.653064 -4034.653465 -4034.653420 -4034.652734 -4034.648593 -4034.632458 -4034.581487 -4034.412301 -4034.101364 -4033.668867 -4032.904674 -4031.321847 -4027.583090 -4017.845645 -3991.326891 -3921.471502 -3732.019067 -1772.997162 -1223.921067 -1159.801396 -1151.311810 -1150.238252 -1150.094510 -1150.072873 -1150.070436 -1150.071366 -1150.072686 -1150.073819 -1150.074698 -1150.075367 -1150.075880 -1150.076278 -1150.076594 -1150.076850 -1150.077063 -1150.077251 -1150.077435 -1150.077637 -1150.077891 -1150.078242 -1150.078759 -1150.079552 -1150.080797 -1150.082787 -1150.086013 -1150.091334 -1150.100291 -1150.115763 -1150.143276 -1150.193711 -1150.288827 -1150.472827 -1150.838330 -1151.592698 -1153.247903 -1157.173753 -1167.135630 -1194.238823 -9999.0 -9999.0
-9999.0 -9999.0 940.099849 847.669019 754.562310 660.499675 565.917482 471.100929 376.206623 281.319669 186.486637 91.732682 -2.924890 -97.453332 -191.852237 -286.143214 -380.403306 -474.684664 -568.801995 -662.124765 -753.611028 -843.221995 -929.904435 -1003.776839 -1055.501930 -1091.772126 -1115.503654 -1130.196792 -1138.905094 -1143.883144 -1146.644325 -1148.137225 -1148.928414 -1149.343272 -1149.561884 -1149.683090 -1149.768068 -1149.881295 -1150.229213 -1152.220055 -1164.998002 -1259.188029 -2037.818717 -4023.599018 -4034.653064 -4034.653465 -4034.653420 -4034.652734 -4034.648593 -4034.632458 -4034.581487 -4034.412301 -4034.101364 -4033.668867 -4032.904674 -4031.321847 -4027.583090 -4017.845645 -3991.326891 -3921.471501 -3732.019066 -1772.997161 -1223.921067 -1159.801396 -1151.311810 -1150.238252 -1150.094510 -1150.072873 -1150.070436 -1150.071366 -1150.072686 -1150.073819 -1150.074698 -1150.075367 -1150.075880 -1150.076278 -1150.076594 -1150.076850 -1150.077063 -1150.077251 -1150.077435 -1150.077637 -1150.077891 -1150.078242 -1150.078759 -1150.079552 -1150.080797 -1150.082787 -1150.086013 -1150.091334 -1150.100291 -1150.115763 -1150.143276 -1150.193711 -1150.288827 -1150.472827 -1150.838330 -1151.592698 -1153.247903 -1157.173753 -1167.135630 -1194.238823 -9999.0 -9999.0
-9999.0 -9999.0 940.099849 847.669019 754.562310 660.499675 565.917482 471.100929 376.206623 281.319669 186.486637 91.732682 -2.924890 -97.453332 -191.852237 -286.143214 -380.403306 -474.684664 -568.801995 -662.124765 -753.611028 -843.221995 -929.904435 -1003.776839 -1055.501930 -1091.772126 -1115.503654 -1130.196792 -1138.905094 -1143.883144 -1146.644325 -1148.137225 -1148.928414 -1149.343272 -1149.561884 -1149.683090 -1149.768068 -1149.881295 -1150.229213 -1152.220055 -1164.998002 -1259.188029 -2037.818717 -4023.599018 -4034.653064 -4034.653465 -4034.653420 -4034.652734 -4034.648593 -4034.632458 -4034.581487 -4034.412301 -4034.101364 -4033.668867 -4032.904674 -4031.321847 -4027.583090 -4017.845645 -3991.326891 -3921.471501 -3732.019066 -1772.997161 -1223.921067 -1159.801396 -1151.311810 -1150.238252 -1150.094510 -1150.072873 -1150.070436 -1150.071366 -1150.072686 -1150.073819 -1150.074698 -1150.075367 -1150.075880 -1150.076278 -1150.076594 -1150.076850 -1150.077063 -1150.077251 -1150.077435 -1150.077637 -1150.077891 -1150.078242 -1150.078759 -1150.079552 -1150.080797 -1150.082787 -1150.086013 -1150.091334 -1150.100291 -1150.115763 -1150.143276 -1150.193711 -1150.288827 -1150.472827 -1150.838330 -1151.592698 -1153.247903 -1157.173753 -1167.135630 -1194.238823 -9999.0 -9999.0
-9999.0 -9999.0 940.098484 847.668285 754.562000 660.499556 565.917439 471.100913 376.206617 281.319666 186.486637 91.732682 -2.924890 -97.453332 -191.852237 -286.143214 -380.403306 -474.684664 -568.801995 -662.124765 -753.611028 -843.221995 -929.904434 -1003.776839 -1055.501930 -1091.772126 -1115.503654 -1130.196792 -1138.905094 -1143.883144 -1146.644325 -1148.137225 -1148.928414 -1149.343272 -1149.561884 -1149.683090 -1149.768068 -1149.881295 -1150.229213 -1152.220055 -1164.998002 -1259.188029 -2037.818717 -4023.599018 -4034.653064 -4034.653465 -4034.653420 -4034.652734 -4034.648593 -4034.632458 -4034.581487 -4034.412301 -4034.101364 -4033.668867 -4032.904674 -4031.321847 -4027.583090 -4017.845645 -3991.326891 -3921.471501 -3732.019067 -1772.997161 -1223.921067 -1159.801396 -1151.311810 -1150.238252 -1150.094510 -1150.072873 -1150.070436 -1150.071366 -1150.072686 -1150.073819 -1150.074698 -1150.075367 -1150.075880 -1150.076278 -1150.076594 -1150.076850 -1150.077063 -1150.077251 -1150.077435 -1150.077637 -1150.077891 -1150.078242 -1150.078759 -1150.079552 -1150.080797 -1150.082787 -1150.086013 -1150.091334 -1150.100291 -1150.115763 -1150.143276 -1150.193711 -1150.288827 -1150.472827 -1150.838330 -1151.592698 -1153.247903 -1157.173753 -1167.135630 -1194.238823 -9999.0 -9999.0
-9999.0 -9999.0 940.094845 847.666906 754.561549 660.499409 565.917390 471.100896 376.206611 281.319664 186.486636 91.732682 -2.924890 -97.453332 -191.852237 -286.143214 -380.403306 -474.684664 -568.801995 -662.124765 -753.611028 -843.221995 -929.904434 -1003.776839 -1055.501930 -1091.772125 -1115.503654 -1130.196792 -1138.905094 -1143.883144 -1146.644325 -1148.137225 -1148.928414 -1149.343272 -1149.561884 -1149.683090 -1149.768068 -1149.881295 -1150.229213 -1152.220055 -1164.998002 -1259.188029 -2037.818717 -4023.599018 -4034.653064 -4034.653465 -4034.653420 -4034.652734 -4034.648593 -4034.632458 -4034.581487 -4034.412301 -4034.101364 -4033.668867 -4032.904674 -4031.321847 -4027.583090 -4017.845645 -3991.326891 -3921.471502 -3732.019067 -1772.997162 -1223.921067 -1159.801396 -1151.311810 -1150.238252 -1150.094510 -1150.072873 -1150.070436 -1150.071366 -1150.072686 -1150.073819 -1150.074698 -1150.075367 -1150.075880 -1150.076278 -1150.076594 -1150.076850 -1150.077063 -1150.077251 -1150.077435 -1150.077637 -1150.077891 -1150.078242 -1150.078759 -1150.079552 -1150.080797 -1150.082787 -1150.086013 -1150.091334 -1150.100291 -1150.115763 -1150.143276 -1150.193711 -1150.288827 -1150.472827 -1150.838330 -1151.592698 -1153.247903 -1157.173753 -1167.135630 -1194.238823 -9999.0 -9999.0
-9999.0 -9999.0 -9999.0 -9999.0 -9999.0 -9999.0 -9999.0 -9999.0 -9999.0 -9999.0 -9999.0 -9999.0 -9999.0 -9999.0 -9999.0 -9999.0 -9999.0 -9999.0 -9999.0 -9999.0 -9999.0 -9999.0 -9999.0 -9999.0 -9999.0 -9999.0 -9999.0 -9999.0 -9999.0 -9999.0 -9999.0 -9999.0 -9999.0 -9999.0 -9999.0 -9999.0 -9999.0 -9999.0 -9999.0 -9999.0 -9999.0 -9999.0 -9999.0 -9999.0 -9999.0 -9999.0 -9999.0 -9999.0 -9999.0 -9999.0 -9999.0 -9999.0 -9999.0 -9999.0 -9999.0 -9999.0 -9999.0 -9999.0 -9999.0 -9999.0 -9999.0 -9999.0 -9999.0 -9999.0 -9999.0 -9999.0 -9999.0 -9999.0 -9999.0 -9999.0 -9999.0 -9999.0 -9999.0 -9999.0 -9999.0 -9999.0 -9999.0 -9999.0 -9999.0 -9999.0 -9999.0 -9999.0 -9999.0 -9999.0 -9999.0 -9999.0 -9999.0 -9999.0 -9999.0 -9999.0 -9999.0 -9999.0 -9999.0 -9999.0 -9999.0 -9999.0 -9999.0 -9999.0 -9999.0 -9999.0 -9999.0 -9999.0 -9999.0 -9999.0
-9999.0 -9999.0 -9999.0 -9999.0 -9999.0 -9999.0 -9999.0 -9999.0 -9999.0 -9999.0 -9999.0 -9999.0 -9999.0 -9999.0 -9999.0 -9999.0 -9999.0 -9999.0 -9999.0 -9999.0 -9999.0 -9999.0 -9999.0 -9999.0 -9999.0 -9999.0 -9999.0 -9999.0 -9999.0 -9999.0 -9999.0 -9999.0 -9999.0 -9999.0 -9999.0 -9999.0 -9999.0 -9999.0 -9999.0 -9999.0 -9999.0 -9999.0 -9999.0 -9999.0 -9999.0 -9999.0 -9999.0 -9999.0 -9999.0 -9999.0 -9999.0 -9999.0 -9999.0 -9999.0 -9999.0 -9999.0 -9999.0 -9999.0 -9999.0 -9999.0 -9999.0 -9999.0 -9999.0 -9999.0 -9999.0 -9999.0 -9999.0 -9999.0 -9999.0 -9999.0 -9999.0 -9999.0 -9999.0 -9999.0 -9999.0 -9999.0 -9999.0 -9999.0 -9999.0 -9999.0 -9999.0 -9999.0 -9999.0 -9999.0 -9999.0 -9999.0 -9999.0 -9999.0 -9999.0 -9999.0 -9999.0 -9999.0 -9999.0 -9999.0 -9999.0 -9999.0 -9999.0 -9999.0 -9999.0 -9999.0 -9999.0 -9999.0 -9999.0 -9999.0