inst/processing_geotop_simulation/geotop_simulation/out/maps3D/PwL0008N0162.asc
ncols         104
nrows         10
xllcorner     -2.000000
yllcorner     0.000000
cellsize      1.000000
NODATA_value  -9999.0
-9999.0 -9999.0 -9999.0 -9999.0 -9999.0 -9999.0 -9999.0 -9999.0 -9999.0 -9999.0 -9999.0 -9999.0 -9999.0 -9999.0 -9999.0 -9999.0 -9999.0 -9999.0 -9999.0 -9999.0 -9999.0 -9999.0 -9999.0 -9999.0 -9999.0 -9999.0 -9999.0 -9999.0 -9999.0 -9999.0 -9999.0 -9999.0 -9999.0 -9999.0 -9999.0 -9999.0 -9999.0 -9999.0 -9999.0 -9999.0 -9999.0 -9999.0 -9999.0 -9999.0 -9999.0 -9999.0 -9999.0 -9999.0 -9999.0 -9999.0 -9999.0 -9999.0 -9999.0 -9999.0 -9999.0 -9999.0 -9999.0 -9999.0 -9999.0 -9999.0 -9999.0 -9999.0 -9999.0 -9999.0 -9999.0 -9999.0 -9999.0 -9999.0 -9999.0 -9999.0 -9999.0 -9999.0 -9999.0 -9999.0 -9999.0 -9999.0 -9999.0 -9999.0 -9999.0 -9999.0 -9999.0 -9999.0 -9999.0 -9999.0 -9999.0 -9999.0 -9999.0 -9999.0 -9999.0 -9999.0 -9999.0 -9999.0 -9999.0 -9999.0 -9999.0 -9999.0 -9999.0 -9999.0 -9999.0 -9999.0 -9999.0 -9999.0 -9999.0 -9999.0
-9999.0 -9999.0 -9999.0 -9999.0 -9999.0 -9999.0 -9999.0 -9999.0 -9999.0 -9999.0 -9999.0 -9999.0 -9999.0 -9999.0 -9999.0 -9999.0 -9999.0 -9999.0 -9999.0 -9999.0 -9999.0 -9999.0 -9999.0 -9999.0 -9999.0 -9999.0 -9999.0 -9999.0 -9999.0 -9999.0 -9999.0 -9999.0 -9999.0 -9999.0 -9999.0 -9999.0 -9999.0 -9999.0 -9999.0 -9999.0 -9999.0 -9999.0 -9999.0 -9999.0 -9999.0 -9999.0 -9999.0 -9999.0 -9999.0 -9999.0 -9999.0 -9999.0 -9999.0 -9999.0 -9999.0 -9999.0 -9999.0 -9999.0 -9999.0 -9999.0 -9999.0 -9999.0 -9999.0 -9999.0 -9999.0 -9999.0 -9999.0 -9999.0 -9999.0 -9999.0 -9999.0 -9999.0 -9999.0 -9999.0 -9999.0 -9999.0 -9999.0 -9999.0 -9999.0 -9999.0 -9999.0 -9999.0 -9999.0 -9999.0 -9999.0 -9999.0 -9999.0 -9999.0 -9999.0 -9999.0 -9999.0 -9999.0 -9999.0 -9999.0 -9999.0 -9999.0 -9999.0 -9999.0 -9999.0 -9999.0 -9999.0 -9999.0 -9999.0 -9999.0
-9999.0 -9999.0 382.954429 291.984581 197.712894 102.126766 6.005465 -90.323193 -186.720274 -283.070012 -379.249048 -475.028744 -569.972225 -663.448636 -757.493178 -851.375356 -945.112303 -1039.010255 -1130.290043 -1215.512995 -1287.592551 -1343.746967 -1384.555664 -1412.744497 -1431.633342 -1444.131282 -1452.393492 -1457.873741 -1461.514848 -1463.928928 -1465.522045 -1466.567599 -1467.250406 -1467.694592 -1467.982761 -1468.171273 -1468.305558 -1468.445136 -1468.788490 -1470.534909 -1479.723864 -1512.346299 -1204.827671 -1304.268667 -1258.899627 -1231.735349 -1219.324237 -1217.702547 -1217.539236 -1217.558355 -1217.603708 -1217.652200 -1217.698745 -1217.741813 -1217.781599 -1217.826247 -1217.956425 -1218.870327 -1225.244621 -1239.819573 -1263.026506 -1142.312327 -1486.259439 -1474.817536 -1469.670695 -1468.773301 -1468.638747 -1468.618129 -1468.615696 -1468.616403 -1468.617491 -1468.618433 -1468.619164 -1468.619719 -1468.620143 -1468.620472 -1468.620732 -1468.620941 -1468.621116 -1468.621270 -1468.621421 -1468.621588 -1468.621797 -1468.622088 -1468.622517 -1468.623177 -1468.624214 -1468.625873 -1468.628563 -1468.633003 -1468.640480 -1468.653402 -1468.676389 -1468.718523 -1468.797916 -1468.951098 -1469.253332 -1469.867385 -1471.174336 -1474.150650 -1481.597935 -1503.819050 -9999.0 -9999.0
-9999.0 -9999.0 382.962433 291.986625 197.713447 102.126930 6.005517 -90.323176 -186.720268 -283.070010 -379.249047 -475.028744 -569.972225 -663.448636 -757.493178 -851.375356 -945.112304 -1039.010255 -1130.290044 -1215.512995 -1287.592552 -1343.746967 -1384.555664 -1412.744497 -1431.633342 -1444.131282 -1452.393492 -1457.873742 -1461.514848 -1463.928928 -1465.522045 -1466.567599 -1467.250406 -1467.694592 -1467.982761 -1468.171273 -1468.305558 -1468.445136 -1468.788490 -1470.534909 -1479.723864 -1512.346299 -1204.827671 -1304.268666 -1258.899627 -1231.735348 -1219.324237 -1217.702547 -1217.539235 -1217.558355 -1217.603708 -1217.652200 -1217.698745 -1217.741813 -1217.781599 -1217.826247 -1217.956425 -1218.870327 -1225.244621 -1239.819573 -1263.026506 -1142.312327 -1486.259439 -1474.817536 -1469.670695 -1468.773301 -1468.638747 -1468.618129 -1468.615695 -1468.616403 -1468.617491 -1468.618433 -1468.619164 -1468.619719 -1468.620143 -1468.620472 -1468.620732 -1468.620941 -1468.621116 -1468.621270 -1468.621421 -1468.621588 -1468.621797 -1468.622088 -1468.622517 -1468.623177 -1468.624214 -1468.625873 -1468.628563 -1468.633003 -1468.640480 -1468.653402 -1468.676389 -1468.718523 -1468.797916 -1468.951098 -1469.253332 -1469.867385 -1471.174336 -1474.150650 -1481.597935 -1503.819050 -9999.0 -9999.0
-9999.0 -9999.0 382.964077 291.987506 197.713799 102.127060 6.005563 -90.323159 -186.720263 -283.070008 -379.249046 -475.028744 -569.972225 -663.448636 -757.493178 -851.375356 -945.112304 -1039.010255 -1130.290044 -1215.512995 -1287.592552 -1343.746967 -1384.555664 -1412.744497 -1431.633342 -1444.131282 -1452.393492 -1457.873742 -1461.514848 -1463.928928 -1465.522045 -1466.567599 -1467.250406 -1467.694592 -1467.982761 -1468.171273 -1468.305558 -1468.445136 -1468.788490 -1470.534909 -1479.723864 -1512.346299 -1204.827671 -1304.268666 -1258.899627 -1231.735348 -1219.324237 -1217.702547 -1217.539235 -1217.558355 -1217.603708 -1217.652200 -1217.698745 -1217.741813 -1217.781599 -1217.826247 -1217.956425 -1218.870327 -1225.244621 -1239.819573 -1263.026506 -1142.312327 -1486.259439 -1474.817536 -1469.670695 -1468.773301 -1468.638747 -1468.618129 -1468.615695 -1468.616403 -1468.617491 -1468.618433 -1468.619164 -1468.619719 -1468.620143 -1468.620472 -1468.620732 -1468.620941 -1468.621116 -1468.621270 -1468.621421 -1468.621588 -1468.621797 -1468.622088 -1468.622517 -1468.623177 -1468.624214 -1468.625873 -1468.628563 -1468.633003 -1468.640480 -1468.653402 -1468.676389 -1468.718523 -1468.797916 -1468.951098 -1469.253332 -1469.867385 -1471.174336 -1474.150650 -1481.597935 -1503.819050 -9999.0 -9999.0
-9999.0 -9999.0 382.964077 291.987506 197.713799 102.127060 6.005563 -90.323159 -186.720262 -283.070008 -379.249046 -475.028744 -569.972224 -663.448636 -757.493178 -851.375356 -945.112304 -1039.010255 -1130.290044 -1215.512995 -1287.592552 -1343.746967 -1384.555664 -1412.744497 -1431.633342 -1444.131282 -1452.393492 -1457.873742 -1461.514848 -1463.928928 -1465.522045 -1466.567599 -1467.250406 -1467.694592 -1467.982761 -1468.171273 -1468.305558 -1468.445136 -1468.788490 -1470.534909 -1479.723864 -1512.346299 -1204.827671 -1304.268666 -1258.899627 -1231.735348 -1219.324237 -1217.702547 -1217.539235 -1217.558355 -1217.603708 -1217.652200 -1217.698745 -1217.741813 -1217.781599 -1217.826247 -1217.956425 -1218.870327 -1225.244621 -1239.819573 -1263.026506 -1142.312327 -1486.259439 -1474.817536 -1469.670695 -1468.773301 -1468.638747 -1468.618129 -1468.615695 -1468.616403 -1468.617491 -1468.618433 -1468.619164 -1468.619719 -1468.620143 -1468.620472 -1468.620732 -1468.620941 -1468.621116 -1468.621270 -1468.621421 -1468.621588 -1468.621797 -1468.622088 -1468.622517 -1468.623177 -1468.624214 -1468.625873 -1468.628563 -1468.633003 -1468.640480 -1468.653402 -1468.676389 -1468.718523 -1468.797916 -1468.951098 -1469.253332 -1469.867385 -1471.174336 -1474.150650 -1481.597935 -1503.819050 -9999.0 -9999.0
-9999.0 -9999.0 382.962433 291.986625 197.713447 102.126930 6.005517 -90.323175 -186.720268 -283.070010 -379.249047 -475.028744 -569.972225 -663.448636 -757.493178 -851.375356 -945.112304 -1039.010255 -1130.290044 -1215.512995 -1287.592552 -1343.746967 -1384.555664 -1412.744497 -1431.633342 -1444.131282 -1452.393492 -1457.873742 -1461.514848 -1463.928928 -1465.522045 -1466.567599 -1467.250406 -1467.694592 -1467.982761 -1468.171273 -1468.305558 -1468.445136 -1468.788490 -1470.534909 -1479.723864 -1512.346299 -1204.827671 -1304.268666 -1258.899627 -1231.735348 -1219.324237 -1217.702547 -1217.539235 -1217.558355 -1217.603708 -1217.652200 -1217.698745 -1217.741813 -1217.781599 -1217.826247 -1217.956425 -1218.870327 -1225.244621 -1239.819573 -1263.026506 -1142.312327 -1486.259439 -1474.817536 -1469.670695 -1468.773301 -1468.638747 -1468.618129 -1468.615695 -1468.616403 -1468.617491 -1468.618433 -1468.619164 -1468.619719 -1468.620143 -1468.620472 -1468.620732 -1468.620941 -1468.621116 -1468.621270 -1468.621421 -1468.621588 -1468.621797 -1468.622088 -1468.622517 -1468.623177 -1468.624214 -1468.625873 -1468.628563 -1468.633003 -1468.640480 -1468.653402 -1468.676389 -1468.718523 -1468.797916 -1468.951098 -1469.253332 -1469.867385 -1471.174336 -1474.150650 -1481.597935 -1503.819050 -9999.0 -9999.0
-9999.0 -9999.0 382.954429 291.984581 197.712895 102.126766 6.005465 -90.323193 -186.720274 -283.070013 -379.249048 -475.028745 -569.972225 -663.448636 -757.493178 -851.375356 -945.112303 -1039.010255 -1130.290043 -1215.512995 -1287.592551 -1343.746967 -1384.555664 -1412.744497 -1431.633342 -1444.131282 -1452.393492 -1457.873741 -1461.514848 -1463.928928 -1465.522045 -1466.567599 -1467.250406 -1467.694592 -1467.982761 -1468.171273 -1468.305558 -1468.445136 -1468.788490 -1470.534909 -1479.723864 -1512.346299 -1204.827671 -1304.268667 -1258.899627 -1231.735349 -1219.324237 -1217.702547 -1217.539236 -1217.558355 -1217.603708 -1217.652200 -1217.698745 -1217.741813 -1217.781599 -1217.826247 -1217.956425 -1218.870327 -1225.244621 -1239.819573 -1263.026506 -1142.312327 -1486.259439 -1474.817536 -1469.670695 -1468.773301 -1468.638747 -1468.618129 -1468.615696 -1468.616403 -1468.617491 -1468.618433 -1468.619164 -1468.619719 -1468.620143 -1468.620472 -1468.620732 -1468.620941 -1468.621116 -1468.621270 -1468.621421 -1468.621588 -1468.621797 -1468.622088 -1468.622517 -1468.623177 -1468.624214 -1468.625873 -1468.628563 -1468.633003 -1468.640480 -1468.653402 -1468.676389 -1468.718523 -1468.797916 -1468.951098 -1469.253332 -1469.867385 -1471.174336 -1474.150650 -1481.597935 -1503.819050 -9999.0 -9999.0
-9999.0 -9999.0 -9999.0 -9999.0 -9999.0 -9999.0 -9999.0 -9999.0 -9999.0 -9999.0 -9999.0 -9999.0 -9999.0 -9999.0 -9999.0 -9999.0 -9999.0 -9999.0 -9999.0 -9999.0 -9999.0 -9999.0 -9999.0 -9999.0 -9999.0 -9999.0 -9999.0 -9999.0 -9999.0 -9999.0 -9999.0 -9999.0 -9999.0 -9999.0 -9999.0 -9999.0 -9999.0 -9999.0 -9999.0 -9999.0 -9999.0 -9999.0 -9999.0 -9999.0 -9999.0 -9999.0 -9999.0 -9999.0 -9999.0 -9999.0 -9999.0 -9999.0 -9999.0 -9999.0 -9999.0 -9999.0 -9999.0 -9999.0 -9999.0 -9999.0 -9999.0 -9999.0 -9999.0 -9999.0 -9999.0 -9999.0 -9999.0 -9999.0 -9999.0 -9999.0 -9999.0 -9999.0 -9999.0 -9999.0 -9999.0 -9999.0 -9999.0 -9999.0 -9999.0 -9999.0 -9999.0 -9999.0 -9999.0 -9999.0 -9999.0 -9999.0 -9999.0 -9999.0 -9999.0 -9999.0 -9999.0 -9999.0 -9999.0 -9999.0 -9999.0 -9999.0 -9999.0 -9999.0 -9999.0 -9999.0 -9999.0 -9999.0 -9999.0 -9999.0
-9999.0 -9999.0 -9999.0 -9999.0 -9999.0 -9999.0 -9999.0 -9999.0 -9999.0 -9999.0 -9999.0 -9999.0 -9999.0 -9999.0 -9999.0 -9999.0 -9999.0 -9999.0 -9999.0 -9999.0 -9999.0 -9999.0 -9999.0 -9999.0 -9999.0 -9999.0 -9999.0 -9999.0 -9999.0 -9999.0 -9999.0 -9999.0 -9999.0 -9999.0 -9999.0 -9999.0 -9999.0 -9999.0 -9999.0 -9999.0 -9999.0 -9999.0 -9999.0 -9999.0 -9999.0 -9999.0 -9999.0 -9999.0 -9999.0 -9999.0 -9999.0 -9999.0 -9999.0 -9999.0 -9999.0 -9999.0 -9999.0 -9999.0 -9999.0 -9999.0 -9999.0 -9999.0 -9999.0 -9999.0 -9999.0 -9999.0 -9999.0 -9999.0 -9999.0 -9999.0 -9999.0 -9999.0 -9999.0 -9999.0 -9999.0 -9999.0 -9999.0 -9999.0 -9999.0 -9999.0 -9999.0 -9999.0 -9999.0 -9999.0 -9999.0 -9999.0 -9999.0 -9999.0 -9999.0 -9999.0 -9999.0 -9999.0 -9999.0 -9999.0 -9999.0 -9999.0 -9999.0 -9999.0 -9999.0 -9999.0 -9999.0 -9999.0 -9999.0 -9999.0