inst/processing_geotop_simulation/geotop_simulation/out/maps3D/PwL0003N0284.asc
ncols         104
nrows         10
xllcorner     -2.000000
yllcorner     0.000000
cellsize      1.000000
NODATA_value  -9999.0
-9999.0 -9999.0 -9999.0 -9999.0 -9999.0 -9999.0 -9999.0 -9999.0 -9999.0 -9999.0 -9999.0 -9999.0 -9999.0 -9999.0 -9999.0 -9999.0 -9999.0 -9999.0 -9999.0 -9999.0 -9999.0 -9999.0 -9999.0 -9999.0 -9999.0 -9999.0 -9999.0 -9999.0 -9999.0 -9999.0 -9999.0 -9999.0 -9999.0 -9999.0 -9999.0 -9999.0 -9999.0 -9999.0 -9999.0 -9999.0 -9999.0 -9999.0 -9999.0 -9999.0 -9999.0 -9999.0 -9999.0 -9999.0 -9999.0 -9999.0 -9999.0 -9999.0 -9999.0 -9999.0 -9999.0 -9999.0 -9999.0 -9999.0 -9999.0 -9999.0 -9999.0 -9999.0 -9999.0 -9999.0 -9999.0 -9999.0 -9999.0 -9999.0 -9999.0 -9999.0 -9999.0 -9999.0 -9999.0 -9999.0 -9999.0 -9999.0 -9999.0 -9999.0 -9999.0 -9999.0 -9999.0 -9999.0 -9999.0 -9999.0 -9999.0 -9999.0 -9999.0 -9999.0 -9999.0 -9999.0 -9999.0 -9999.0 -9999.0 -9999.0 -9999.0 -9999.0 -9999.0 -9999.0 -9999.0 -9999.0 -9999.0 -9999.0 -9999.0 -9999.0
-9999.0 -9999.0 -9999.0 -9999.0 -9999.0 -9999.0 -9999.0 -9999.0 -9999.0 -9999.0 -9999.0 -9999.0 -9999.0 -9999.0 -9999.0 -9999.0 -9999.0 -9999.0 -9999.0 -9999.0 -9999.0 -9999.0 -9999.0 -9999.0 -9999.0 -9999.0 -9999.0 -9999.0 -9999.0 -9999.0 -9999.0 -9999.0 -9999.0 -9999.0 -9999.0 -9999.0 -9999.0 -9999.0 -9999.0 -9999.0 -9999.0 -9999.0 -9999.0 -9999.0 -9999.0 -9999.0 -9999.0 -9999.0 -9999.0 -9999.0 -9999.0 -9999.0 -9999.0 -9999.0 -9999.0 -9999.0 -9999.0 -9999.0 -9999.0 -9999.0 -9999.0 -9999.0 -9999.0 -9999.0 -9999.0 -9999.0 -9999.0 -9999.0 -9999.0 -9999.0 -9999.0 -9999.0 -9999.0 -9999.0 -9999.0 -9999.0 -9999.0 -9999.0 -9999.0 -9999.0 -9999.0 -9999.0 -9999.0 -9999.0 -9999.0 -9999.0 -9999.0 -9999.0 -9999.0 -9999.0 -9999.0 -9999.0 -9999.0 -9999.0 -9999.0 -9999.0 -9999.0 -9999.0 -9999.0 -9999.0 -9999.0 -9999.0 -9999.0 -9999.0
-9999.0 -9999.0 126.755020 30.964030 -66.902224 -165.314573 -263.929897 -362.615574 -461.301553 -559.935267 -658.410469 -756.579459 -854.465982 -951.924548 -1049.221915 -1146.509109 -1242.749365 -1337.458619 -1429.892933 -1518.803686 -1601.381077 -1673.734941 -1733.077587 -1778.989715 -1812.973721 -1837.370466 -1854.530374 -1866.428995 -1874.587182 -1880.125666 -1883.852057 -1886.339441 -1887.988836 -1889.076981 -1889.792672 -1890.265380 -1890.592283 -1890.889343 -1891.494892 -1893.693723 -1899.276300 -1868.303438 -1152.464428 -1154.025333 -1142.316870 -1134.742256 -1131.187476 -1130.650888 -1130.593819 -1130.599947 -1130.615308 -1130.631808 -1130.647666 -1130.662350 -1130.675977 -1130.691782 -1130.740316 -1131.062539 -1132.960080 -1137.186529 -1143.196835 -1133.249520 -1845.159295 -1893.445728 -1892.355432 -1891.461945 -1891.275960 -1891.245079 -1891.240704 -1891.240666 -1891.241259 -1891.241835 -1891.242296 -1891.242649 -1891.242920 -1891.243132 -1891.243299 -1891.243435 -1891.243549 -1891.243651 -1891.243752 -1891.243864 -1891.244006 -1891.244203 -1891.244495 -1891.244943 -1891.245649 -1891.246780 -1891.248624 -1891.251686 -1891.256886 -1891.265961 -1891.282272 -1891.312471 -1891.369947 -1891.482250 -1891.708329 -1892.182802 -1893.239868 -1895.795028 -1902.745988 -1925.458586 -9999.0 -9999.0
-9999.0 -9999.0 126.765603 30.966064 -66.901713 -165.314425 -263.929850 -362.615558 -461.301547 -559.935265 -658.410468 -756.579459 -854.465981 -951.924548 -1049.221915 -1146.509109 -1242.749365 -1337.458619 -1429.892933 -1518.803686 -1601.381077 -1673.734941 -1733.077587 -1778.989715 -1812.973721 -1837.370466 -1854.530375 -1866.428995 -1874.587182 -1880.125666 -1883.852057 -1886.339441 -1887.988836 -1889.076981 -1889.792672 -1890.265380 -1890.592283 -1890.889343 -1891.494892 -1893.693723 -1899.276300 -1868.303438 -1152.464428 -1154.025333 -1142.316870 -1134.742255 -1131.187476 -1130.650888 -1130.593819 -1130.599947 -1130.615308 -1130.631808 -1130.647666 -1130.662350 -1130.675977 -1130.691782 -1130.740316 -1131.062539 -1132.960080 -1137.186529 -1143.196835 -1133.249520 -1845.159295 -1893.445728 -1892.355432 -1891.461945 -1891.275960 -1891.245079 -1891.240704 -1891.240666 -1891.241259 -1891.241835 -1891.242296 -1891.242649 -1891.242920 -1891.243132 -1891.243299 -1891.243435 -1891.243549 -1891.243651 -1891.243752 -1891.243864 -1891.244006 -1891.244203 -1891.244495 -1891.244943 -1891.245649 -1891.246780 -1891.248624 -1891.251686 -1891.256886 -1891.265961 -1891.282272 -1891.312471 -1891.369947 -1891.482250 -1891.708329 -1892.182802 -1893.239868 -1895.795028 -1902.745988 -1925.458586 -9999.0 -9999.0
-9999.0 -9999.0 126.766923 30.966884 -66.901390 -165.314308 -263.929809 -362.615543 -461.301542 -559.935263 -658.410467 -756.579458 -854.465981 -951.924547 -1049.221915 -1146.509109 -1242.749365 -1337.458620 -1429.892933 -1518.803686 -1601.381077 -1673.734941 -1733.077587 -1778.989715 -1812.973721 -1837.370466 -1854.530375 -1866.428995 -1874.587182 -1880.125666 -1883.852057 -1886.339441 -1887.988836 -1889.076981 -1889.792672 -1890.265380 -1890.592283 -1890.889343 -1891.494892 -1893.693723 -1899.276300 -1868.303438 -1152.464428 -1154.025333 -1142.316870 -1134.742255 -1131.187476 -1130.650888 -1130.593819 -1130.599947 -1130.615308 -1130.631808 -1130.647666 -1130.662350 -1130.675977 -1130.691782 -1130.740316 -1131.062539 -1132.960080 -1137.186529 -1143.196835 -1133.249520 -1845.159295 -1893.445728 -1892.355432 -1891.461945 -1891.275960 -1891.245079 -1891.240704 -1891.240666 -1891.241259 -1891.241835 -1891.242296 -1891.242649 -1891.242920 -1891.243132 -1891.243299 -1891.243435 -1891.243549 -1891.243651 -1891.243752 -1891.243864 -1891.244006 -1891.244203 -1891.244495 -1891.244943 -1891.245649 -1891.246780 -1891.248624 -1891.251686 -1891.256886 -1891.265961 -1891.282272 -1891.312471 -1891.369947 -1891.482250 -1891.708329 -1892.182802 -1893.239868 -1895.795028 -1902.745988 -1925.458586 -9999.0 -9999.0
-9999.0 -9999.0 126.766923 30.966884 -66.901390 -165.314308 -263.929808 -362.615543 -461.301541 -559.935263 -658.410467 -756.579458 -854.465981 -951.924547 -1049.221915 -1146.509109 -1242.749365 -1337.458620 -1429.892933 -1518.803686 -1601.381077 -1673.734941 -1733.077587 -1778.989715 -1812.973721 -1837.370466 -1854.530375 -1866.428995 -1874.587182 -1880.125666 -1883.852057 -1886.339441 -1887.988836 -1889.076981 -1889.792672 -1890.265380 -1890.592283 -1890.889343 -1891.494892 -1893.693723 -1899.276300 -1868.303438 -1152.464428 -1154.025333 -1142.316870 -1134.742255 -1131.187476 -1130.650888 -1130.593819 -1130.599947 -1130.615308 -1130.631808 -1130.647666 -1130.662350 -1130.675977 -1130.691782 -1130.740316 -1131.062539 -1132.960080 -1137.186529 -1143.196835 -1133.249520 -1845.159295 -1893.445728 -1892.355432 -1891.461945 -1891.275960 -1891.245079 -1891.240704 -1891.240666 -1891.241259 -1891.241835 -1891.242296 -1891.242649 -1891.242920 -1891.243132 -1891.243299 -1891.243435 -1891.243549 -1891.243651 -1891.243752 -1891.243864 -1891.244006 -1891.244203 -1891.244495 -1891.244943 -1891.245649 -1891.246780 -1891.248624 -1891.251686 -1891.256886 -1891.265961 -1891.282272 -1891.312471 -1891.369947 -1891.482250 -1891.708329 -1892.182802 -1893.239868 -1895.795028 -1902.745988 -1925.458586 -9999.0 -9999.0
-9999.0 -9999.0 126.765603 30.966064 -66.901713 -165.314425 -263.929850 -362.615558 -461.301547 -559.935265 -658.410468 -756.579459 -854.465981 -951.924548 -1049.221915 -1146.509109 -1242.749365 -1337.458619 -1429.892933 -1518.803686 -1601.381077 -1673.734941 -1733.077587 -1778.989715 -1812.973721 -1837.370466 -1854.530375 -1866.428995 -1874.587182 -1880.125666 -1883.852057 -1886.339441 -1887.988836 -1889.076981 -1889.792672 -1890.265380 -1890.592283 -1890.889343 -1891.494892 -1893.693723 -1899.276300 -1868.303438 -1152.464428 -1154.025333 -1142.316870 -1134.742255 -1131.187476 -1130.650888 -1130.593819 -1130.599947 -1130.615308 -1130.631808 -1130.647666 -1130.662350 -1130.675977 -1130.691782 -1130.740316 -1131.062539 -1132.960080 -1137.186529 -1143.196835 -1133.249520 -1845.159295 -1893.445728 -1892.355432 -1891.461945 -1891.275960 -1891.245079 -1891.240704 -1891.240666 -1891.241259 -1891.241835 -1891.242296 -1891.242649 -1891.242920 -1891.243132 -1891.243299 -1891.243435 -1891.243549 -1891.243651 -1891.243752 -1891.243864 -1891.244006 -1891.244203 -1891.244495 -1891.244943 -1891.245649 -1891.246780 -1891.248624 -1891.251686 -1891.256886 -1891.265961 -1891.282272 -1891.312471 -1891.369947 -1891.482250 -1891.708329 -1892.182802 -1893.239868 -1895.795028 -1902.745988 -1925.458586 -9999.0 -9999.0
-9999.0 -9999.0 126.755020 30.964030 -66.902224 -165.314573 -263.929897 -362.615574 -461.301553 -559.935267 -658.410469 -756.579459 -854.465981 -951.924548 -1049.221915 -1146.509109 -1242.749365 -1337.458619 -1429.892933 -1518.803686 -1601.381077 -1673.734941 -1733.077587 -1778.989715 -1812.973721 -1837.370466 -1854.530374 -1866.428995 -1874.587182 -1880.125666 -1883.852057 -1886.339441 -1887.988836 -1889.076981 -1889.792672 -1890.265380 -1890.592283 -1890.889343 -1891.494892 -1893.693723 -1899.276300 -1868.303438 -1152.464428 -1154.025333 -1142.316870 -1134.742256 -1131.187476 -1130.650888 -1130.593819 -1130.599947 -1130.615308 -1130.631808 -1130.647666 -1130.662350 -1130.675977 -1130.691782 -1130.740316 -1131.062539 -1132.960080 -1137.186529 -1143.196835 -1133.249520 -1845.159295 -1893.445728 -1892.355432 -1891.461945 -1891.275960 -1891.245079 -1891.240704 -1891.240666 -1891.241259 -1891.241835 -1891.242296 -1891.242649 -1891.242920 -1891.243132 -1891.243299 -1891.243435 -1891.243549 -1891.243651 -1891.243752 -1891.243864 -1891.244006 -1891.244203 -1891.244495 -1891.244943 -1891.245649 -1891.246780 -1891.248624 -1891.251686 -1891.256886 -1891.265961 -1891.282272 -1891.312471 -1891.369947 -1891.482250 -1891.708329 -1892.182802 -1893.239868 -1895.795028 -1902.745988 -1925.458586 -9999.0 -9999.0
-9999.0 -9999.0 -9999.0 -9999.0 -9999.0 -9999.0 -9999.0 -9999.0 -9999.0 -9999.0 -9999.0 -9999.0 -9999.0 -9999.0 -9999.0 -9999.0 -9999.0 -9999.0 -9999.0 -9999.0 -9999.0 -9999.0 -9999.0 -9999.0 -9999.0 -9999.0 -9999.0 -9999.0 -9999.0 -9999.0 -9999.0 -9999.0 -9999.0 -9999.0 -9999.0 -9999.0 -9999.0 -9999.0 -9999.0 -9999.0 -9999.0 -9999.0 -9999.0 -9999.0 -9999.0 -9999.0 -9999.0 -9999.0 -9999.0 -9999.0 -9999.0 -9999.0 -9999.0 -9999.0 -9999.0 -9999.0 -9999.0 -9999.0 -9999.0 -9999.0 -9999.0 -9999.0 -9999.0 -9999.0 -9999.0 -9999.0 -9999.0 -9999.0 -9999.0 -9999.0 -9999.0 -9999.0 -9999.0 -9999.0 -9999.0 -9999.0 -9999.0 -9999.0 -9999.0 -9999.0 -9999.0 -9999.0 -9999.0 -9999.0 -9999.0 -9999.0 -9999.0 -9999.0 -9999.0 -9999.0 -9999.0 -9999.0 -9999.0 -9999.0 -9999.0 -9999.0 -9999.0 -9999.0 -9999.0 -9999.0 -9999.0 -9999.0 -9999.0 -9999.0
-9999.0 -9999.0 -9999.0 -9999.0 -9999.0 -9999.0 -9999.0 -9999.0 -9999.0 -9999.0 -9999.0 -9999.0 -9999.0 -9999.0 -9999.0 -9999.0 -9999.0 -9999.0 -9999.0 -9999.0 -9999.0 -9999.0 -9999.0 -9999.0 -9999.0 -9999.0 -9999.0 -9999.0 -9999.0 -9999.0 -9999.0 -9999.0 -9999.0 -9999.0 -9999.0 -9999.0 -9999.0 -9999.0 -9999.0 -9999.0 -9999.0 -9999.0 -9999.0 -9999.0 -9999.0 -9999.0 -9999.0 -9999.0 -9999.0 -9999.0 -9999.0 -9999.0 -9999.0 -9999.0 -9999.0 -9999.0 -9999.0 -9999.0 -9999.0 -9999.0 -9999.0 -9999.0 -9999.0 -9999.0 -9999.0 -9999.0 -9999.0 -9999.0 -9999.0 -9999.0 -9999.0 -9999.0 -9999.0 -9999.0 -9999.0 -9999.0 -9999.0 -9999.0 -9999.0 -9999.0 -9999.0 -9999.0 -9999.0 -9999.0 -9999.0 -9999.0 -9999.0 -9999.0 -9999.0 -9999.0 -9999.0 -9999.0 -9999.0 -9999.0 -9999.0 -9999.0 -9999.0 -9999.0 -9999.0 -9999.0 -9999.0 -9999.0 -9999.0 -9999.0