inst/processing_geotop_simulation/geotop_simulation/out/maps3D/PwL0020N0096.asc
ncols         104
nrows         10
xllcorner     -2.000000
yllcorner     0.000000
cellsize      1.000000
NODATA_value  -9999.0
-9999.0 -9999.0 -9999.0 -9999.0 -9999.0 -9999.0 -9999.0 -9999.0 -9999.0 -9999.0 -9999.0 -9999.0 -9999.0 -9999.0 -9999.0 -9999.0 -9999.0 -9999.0 -9999.0 -9999.0 -9999.0 -9999.0 -9999.0 -9999.0 -9999.0 -9999.0 -9999.0 -9999.0 -9999.0 -9999.0 -9999.0 -9999.0 -9999.0 -9999.0 -9999.0 -9999.0 -9999.0 -9999.0 -9999.0 -9999.0 -9999.0 -9999.0 -9999.0 -9999.0 -9999.0 -9999.0 -9999.0 -9999.0 -9999.0 -9999.0 -9999.0 -9999.0 -9999.0 -9999.0 -9999.0 -9999.0 -9999.0 -9999.0 -9999.0 -9999.0 -9999.0 -9999.0 -9999.0 -9999.0 -9999.0 -9999.0 -9999.0 -9999.0 -9999.0 -9999.0 -9999.0 -9999.0 -9999.0 -9999.0 -9999.0 -9999.0 -9999.0 -9999.0 -9999.0 -9999.0 -9999.0 -9999.0 -9999.0 -9999.0 -9999.0 -9999.0 -9999.0 -9999.0 -9999.0 -9999.0 -9999.0 -9999.0 -9999.0 -9999.0 -9999.0 -9999.0 -9999.0 -9999.0 -9999.0 -9999.0 -9999.0 -9999.0 -9999.0 -9999.0
-9999.0 -9999.0 -9999.0 -9999.0 -9999.0 -9999.0 -9999.0 -9999.0 -9999.0 -9999.0 -9999.0 -9999.0 -9999.0 -9999.0 -9999.0 -9999.0 -9999.0 -9999.0 -9999.0 -9999.0 -9999.0 -9999.0 -9999.0 -9999.0 -9999.0 -9999.0 -9999.0 -9999.0 -9999.0 -9999.0 -9999.0 -9999.0 -9999.0 -9999.0 -9999.0 -9999.0 -9999.0 -9999.0 -9999.0 -9999.0 -9999.0 -9999.0 -9999.0 -9999.0 -9999.0 -9999.0 -9999.0 -9999.0 -9999.0 -9999.0 -9999.0 -9999.0 -9999.0 -9999.0 -9999.0 -9999.0 -9999.0 -9999.0 -9999.0 -9999.0 -9999.0 -9999.0 -9999.0 -9999.0 -9999.0 -9999.0 -9999.0 -9999.0 -9999.0 -9999.0 -9999.0 -9999.0 -9999.0 -9999.0 -9999.0 -9999.0 -9999.0 -9999.0 -9999.0 -9999.0 -9999.0 -9999.0 -9999.0 -9999.0 -9999.0 -9999.0 -9999.0 -9999.0 -9999.0 -9999.0 -9999.0 -9999.0 -9999.0 -9999.0 -9999.0 -9999.0 -9999.0 -9999.0 -9999.0 -9999.0 -9999.0 -9999.0 -9999.0 -9999.0
-9999.0 -9999.0 986.762441 893.012592 798.844033 703.919092 608.578742 513.062528 417.505931 321.982610 226.527607 131.160421 35.975052 -58.956891 -153.718975 -248.572656 -344.086149 -441.268213 -541.534101 -646.451390 -750.301668 -846.319005 -936.610564 -1016.285758 -1040.788414 -1049.608789 -1051.131486 -1049.973018 -1048.214543 -1046.640886 -1045.466832 -1044.680293 -1044.198571 -1043.931365 -1043.803230 -1043.760677 -1043.777938 -1043.867713 -1044.148652 -1045.731712 -1057.374823 -1156.802182 -2056.158405 -3978.655940 -3985.148329 -3985.148502 -3985.147532 -3985.131407 -3985.029373 -3984.612705 -3983.264390 -3978.722481 -3970.297029 -3958.673059 -3938.813331 -3900.890331 -3825.456071 -3683.022742 -3451.155461 -3143.348520 -2789.734885 -1640.402385 -1122.565773 -1053.190845 -1045.188342 -1044.280134 -1044.155985 -1044.135905 -1044.133907 -1044.135256 -1044.136935 -1044.138347 -1044.139437 -1044.140264 -1044.140897 -1044.141389 -1044.141779 -1044.142094 -1044.142356 -1044.142587 -1044.142812 -1044.143060 -1044.143370 -1044.143797 -1044.144428 -1044.145395 -1044.146914 -1044.149337 -1044.153260 -1044.159715 -1044.170552 -1044.189207 -1044.222266 -1044.282665 -1044.396236 -1044.615211 -1045.047878 -1045.933207 -1047.859255 -1052.432361 -1064.147661 -1095.078618 -9999.0 -9999.0
-9999.0 -9999.0 986.765789 893.013891 798.844464 703.919233 608.578789 513.062544 417.505937 321.982611 226.527608 131.160421 35.975051 -58.956891 -153.718976 -248.572656 -344.086149 -441.268213 -541.534101 -646.451390 -750.301668 -846.319005 -936.610564 -1016.285758 -1040.788414 -1049.608789 -1051.131486 -1049.973018 -1048.214543 -1046.640886 -1045.466832 -1044.680293 -1044.198571 -1043.931365 -1043.803230 -1043.760677 -1043.777938 -1043.867713 -1044.148652 -1045.731712 -1057.374823 -1156.802181 -2056.158405 -3978.655940 -3985.148329 -3985.148502 -3985.147532 -3985.131407 -3985.029373 -3984.612705 -3983.264389 -3978.722481 -3970.297029 -3958.673059 -3938.813331 -3900.890331 -3825.456070 -3683.022741 -3451.155460 -3143.348519 -2789.734885 -1640.402385 -1122.565773 -1053.190845 -1045.188342 -1044.280134 -1044.155985 -1044.135905 -1044.133907 -1044.135256 -1044.136935 -1044.138347 -1044.139437 -1044.140264 -1044.140897 -1044.141389 -1044.141779 -1044.142094 -1044.142356 -1044.142587 -1044.142812 -1044.143060 -1044.143370 -1044.143797 -1044.144428 -1044.145395 -1044.146914 -1044.149337 -1044.153260 -1044.159715 -1044.170552 -1044.189207 -1044.222266 -1044.282665 -1044.396236 -1044.615211 -1045.047878 -1045.933207 -1047.859255 -1052.432361 -1064.147661 -1095.078618 -9999.0 -9999.0
-9999.0 -9999.0 986.767094 893.014595 798.844763 703.919348 608.578832 513.062559 417.505942 321.982613 226.527608 131.160421 35.975051 -58.956891 -153.718976 -248.572656 -344.086150 -441.268213 -541.534101 -646.451390 -750.301668 -846.319005 -936.610563 -1016.285757 -1040.788413 -1049.608789 -1051.131486 -1049.973018 -1048.214543 -1046.640886 -1045.466832 -1044.680293 -1044.198571 -1043.931365 -1043.803230 -1043.760677 -1043.777938 -1043.867713 -1044.148652 -1045.731712 -1057.374823 -1156.802181 -2056.158405 -3978.655940 -3985.148329 -3985.148502 -3985.147532 -3985.131407 -3985.029373 -3984.612705 -3983.264389 -3978.722481 -3970.297029 -3958.673058 -3938.813331 -3900.890331 -3825.456070 -3683.022741 -3451.155460 -3143.348519 -2789.734885 -1640.402385 -1122.565773 -1053.190845 -1045.188342 -1044.280134 -1044.155985 -1044.135905 -1044.133907 -1044.135256 -1044.136935 -1044.138347 -1044.139437 -1044.140264 -1044.140897 -1044.141389 -1044.141779 -1044.142094 -1044.142356 -1044.142587 -1044.142812 -1044.143060 -1044.143370 -1044.143797 -1044.144428 -1044.145395 -1044.146914 -1044.149337 -1044.153260 -1044.159715 -1044.170552 -1044.189207 -1044.222266 -1044.282665 -1044.396236 -1044.615211 -1045.047878 -1045.933207 -1047.859255 -1052.432361 -1064.147661 -1095.078618 -9999.0 -9999.0
-9999.0 -9999.0 986.767094 893.014595 798.844763 703.919348 608.578832 513.062559 417.505942 321.982613 226.527608 131.160421 35.975051 -58.956891 -153.718976 -248.572656 -344.086150 -441.268213 -541.534101 -646.451390 -750.301668 -846.319005 -936.610564 -1016.285757 -1040.788413 -1049.608789 -1051.131486 -1049.973018 -1048.214543 -1046.640886 -1045.466832 -1044.680293 -1044.198571 -1043.931365 -1043.803230 -1043.760677 -1043.777938 -1043.867713 -1044.148652 -1045.731712 -1057.374823 -1156.802181 -2056.158405 -3978.655940 -3985.148329 -3985.148502 -3985.147532 -3985.131407 -3985.029373 -3984.612705 -3983.264389 -3978.722481 -3970.297029 -3958.673058 -3938.813331 -3900.890331 -3825.456070 -3683.022741 -3451.155460 -3143.348519 -2789.734885 -1640.402385 -1122.565773 -1053.190845 -1045.188342 -1044.280134 -1044.155985 -1044.135905 -1044.133907 -1044.135256 -1044.136935 -1044.138347 -1044.139437 -1044.140264 -1044.140897 -1044.141389 -1044.141779 -1044.142094 -1044.142356 -1044.142587 -1044.142812 -1044.143060 -1044.143370 -1044.143797 -1044.144428 -1044.145395 -1044.146914 -1044.149337 -1044.153260 -1044.159715 -1044.170552 -1044.189207 -1044.222266 -1044.282665 -1044.396236 -1044.615211 -1045.047878 -1045.933207 -1047.859255 -1052.432361 -1064.147661 -1095.078618 -9999.0 -9999.0
-9999.0 -9999.0 986.765789 893.013891 798.844464 703.919233 608.578790 513.062544 417.505937 321.982611 226.527608 131.160421 35.975051 -58.956891 -153.718976 -248.572656 -344.086149 -441.268213 -541.534101 -646.451390 -750.301668 -846.319005 -936.610564 -1016.285758 -1040.788414 -1049.608789 -1051.131486 -1049.973018 -1048.214543 -1046.640886 -1045.466832 -1044.680293 -1044.198571 -1043.931365 -1043.803230 -1043.760677 -1043.777938 -1043.867713 -1044.148652 -1045.731712 -1057.374823 -1156.802181 -2056.158405 -3978.655940 -3985.148329 -3985.148502 -3985.147532 -3985.131407 -3985.029373 -3984.612705 -3983.264389 -3978.722481 -3970.297029 -3958.673058 -3938.813331 -3900.890331 -3825.456071 -3683.022741 -3451.155460 -3143.348519 -2789.734886 -1640.402385 -1122.565773 -1053.190845 -1045.188342 -1044.280134 -1044.155985 -1044.135905 -1044.133907 -1044.135256 -1044.136935 -1044.138347 -1044.139437 -1044.140264 -1044.140897 -1044.141389 -1044.141779 -1044.142094 -1044.142356 -1044.142587 -1044.142812 -1044.143060 -1044.143370 -1044.143797 -1044.144428 -1044.145395 -1044.146914 -1044.149337 -1044.153260 -1044.159715 -1044.170552 -1044.189207 -1044.222266 -1044.282665 -1044.396236 -1044.615211 -1045.047878 -1045.933207 -1047.859255 -1052.432361 -1064.147661 -1095.078618 -9999.0 -9999.0
-9999.0 -9999.0 986.762441 893.012592 798.844033 703.919092 608.578742 513.062528 417.505931 321.982610 226.527607 131.160421 35.975052 -58.956891 -153.718975 -248.572656 -344.086149 -441.268213 -541.534101 -646.451390 -750.301668 -846.319005 -936.610564 -1016.285758 -1040.788414 -1049.608789 -1051.131486 -1049.973018 -1048.214543 -1046.640886 -1045.466832 -1044.680293 -1044.198571 -1043.931365 -1043.803230 -1043.760677 -1043.777938 -1043.867713 -1044.148652 -1045.731712 -1057.374823 -1156.802182 -2056.158405 -3978.655940 -3985.148329 -3985.148502 -3985.147532 -3985.131407 -3985.029373 -3984.612705 -3983.264390 -3978.722481 -3970.297029 -3958.673059 -3938.813331 -3900.890331 -3825.456071 -3683.022742 -3451.155461 -3143.348520 -2789.734886 -1640.402385 -1122.565773 -1053.190845 -1045.188342 -1044.280134 -1044.155985 -1044.135905 -1044.133907 -1044.135256 -1044.136935 -1044.138347 -1044.139437 -1044.140264 -1044.140897 -1044.141389 -1044.141779 -1044.142094 -1044.142356 -1044.142587 -1044.142812 -1044.143060 -1044.143370 -1044.143797 -1044.144428 -1044.145395 -1044.146914 -1044.149337 -1044.153260 -1044.159715 -1044.170552 -1044.189207 -1044.222266 -1044.282665 -1044.396236 -1044.615211 -1045.047878 -1045.933207 -1047.859255 -1052.432361 -1064.147661 -1095.078618 -9999.0 -9999.0
-9999.0 -9999.0 -9999.0 -9999.0 -9999.0 -9999.0 -9999.0 -9999.0 -9999.0 -9999.0 -9999.0 -9999.0 -9999.0 -9999.0 -9999.0 -9999.0 -9999.0 -9999.0 -9999.0 -9999.0 -9999.0 -9999.0 -9999.0 -9999.0 -9999.0 -9999.0 -9999.0 -9999.0 -9999.0 -9999.0 -9999.0 -9999.0 -9999.0 -9999.0 -9999.0 -9999.0 -9999.0 -9999.0 -9999.0 -9999.0 -9999.0 -9999.0 -9999.0 -9999.0 -9999.0 -9999.0 -9999.0 -9999.0 -9999.0 -9999.0 -9999.0 -9999.0 -9999.0 -9999.0 -9999.0 -9999.0 -9999.0 -9999.0 -9999.0 -9999.0 -9999.0 -9999.0 -9999.0 -9999.0 -9999.0 -9999.0 -9999.0 -9999.0 -9999.0 -9999.0 -9999.0 -9999.0 -9999.0 -9999.0 -9999.0 -9999.0 -9999.0 -9999.0 -9999.0 -9999.0 -9999.0 -9999.0 -9999.0 -9999.0 -9999.0 -9999.0 -9999.0 -9999.0 -9999.0 -9999.0 -9999.0 -9999.0 -9999.0 -9999.0 -9999.0 -9999.0 -9999.0 -9999.0 -9999.0 -9999.0 -9999.0 -9999.0 -9999.0 -9999.0
-9999.0 -9999.0 -9999.0 -9999.0 -9999.0 -9999.0 -9999.0 -9999.0 -9999.0 -9999.0 -9999.0 -9999.0 -9999.0 -9999.0 -9999.0 -9999.0 -9999.0 -9999.0 -9999.0 -9999.0 -9999.0 -9999.0 -9999.0 -9999.0 -9999.0 -9999.0 -9999.0 -9999.0 -9999.0 -9999.0 -9999.0 -9999.0 -9999.0 -9999.0 -9999.0 -9999.0 -9999.0 -9999.0 -9999.0 -9999.0 -9999.0 -9999.0 -9999.0 -9999.0 -9999.0 -9999.0 -9999.0 -9999.0 -9999.0 -9999.0 -9999.0 -9999.0 -9999.0 -9999.0 -9999.0 -9999.0 -9999.0 -9999.0 -9999.0 -9999.0 -9999.0 -9999.0 -9999.0 -9999.0 -9999.0 -9999.0 -9999.0 -9999.0 -9999.0 -9999.0 -9999.0 -9999.0 -9999.0 -9999.0 -9999.0 -9999.0 -9999.0 -9999.0 -9999.0 -9999.0 -9999.0 -9999.0 -9999.0 -9999.0 -9999.0 -9999.0 -9999.0 -9999.0 -9999.0 -9999.0 -9999.0 -9999.0 -9999.0 -9999.0 -9999.0 -9999.0 -9999.0 -9999.0 -9999.0 -9999.0 -9999.0 -9999.0 -9999.0 -9999.0