inst/processing_geotop_simulation/geotop_simulation/out/maps3D/PwL0004N0038.asc
ncols         104
nrows         10
xllcorner     -2.000000
yllcorner     0.000000
cellsize      1.000000
NODATA_value  -9999.0
-9999.0 -9999.0 -9999.0 -9999.0 -9999.0 -9999.0 -9999.0 -9999.0 -9999.0 -9999.0 -9999.0 -9999.0 -9999.0 -9999.0 -9999.0 -9999.0 -9999.0 -9999.0 -9999.0 -9999.0 -9999.0 -9999.0 -9999.0 -9999.0 -9999.0 -9999.0 -9999.0 -9999.0 -9999.0 -9999.0 -9999.0 -9999.0 -9999.0 -9999.0 -9999.0 -9999.0 -9999.0 -9999.0 -9999.0 -9999.0 -9999.0 -9999.0 -9999.0 -9999.0 -9999.0 -9999.0 -9999.0 -9999.0 -9999.0 -9999.0 -9999.0 -9999.0 -9999.0 -9999.0 -9999.0 -9999.0 -9999.0 -9999.0 -9999.0 -9999.0 -9999.0 -9999.0 -9999.0 -9999.0 -9999.0 -9999.0 -9999.0 -9999.0 -9999.0 -9999.0 -9999.0 -9999.0 -9999.0 -9999.0 -9999.0 -9999.0 -9999.0 -9999.0 -9999.0 -9999.0 -9999.0 -9999.0 -9999.0 -9999.0 -9999.0 -9999.0 -9999.0 -9999.0 -9999.0 -9999.0 -9999.0 -9999.0 -9999.0 -9999.0 -9999.0 -9999.0 -9999.0 -9999.0 -9999.0 -9999.0 -9999.0 -9999.0 -9999.0 -9999.0
-9999.0 -9999.0 -9999.0 -9999.0 -9999.0 -9999.0 -9999.0 -9999.0 -9999.0 -9999.0 -9999.0 -9999.0 -9999.0 -9999.0 -9999.0 -9999.0 -9999.0 -9999.0 -9999.0 -9999.0 -9999.0 -9999.0 -9999.0 -9999.0 -9999.0 -9999.0 -9999.0 -9999.0 -9999.0 -9999.0 -9999.0 -9999.0 -9999.0 -9999.0 -9999.0 -9999.0 -9999.0 -9999.0 -9999.0 -9999.0 -9999.0 -9999.0 -9999.0 -9999.0 -9999.0 -9999.0 -9999.0 -9999.0 -9999.0 -9999.0 -9999.0 -9999.0 -9999.0 -9999.0 -9999.0 -9999.0 -9999.0 -9999.0 -9999.0 -9999.0 -9999.0 -9999.0 -9999.0 -9999.0 -9999.0 -9999.0 -9999.0 -9999.0 -9999.0 -9999.0 -9999.0 -9999.0 -9999.0 -9999.0 -9999.0 -9999.0 -9999.0 -9999.0 -9999.0 -9999.0 -9999.0 -9999.0 -9999.0 -9999.0 -9999.0 -9999.0 -9999.0 -9999.0 -9999.0 -9999.0 -9999.0 -9999.0 -9999.0 -9999.0 -9999.0 -9999.0 -9999.0 -9999.0 -9999.0 -9999.0 -9999.0 -9999.0 -9999.0 -9999.0
-9999.0 -9999.0 -781.043048 -789.338742 -793.963545 -799.246259 -803.946605 -807.238524 -809.343559 -809.184475 -788.614985 -760.131424 -772.365600 -775.409330 -751.470107 -706.593412 -621.040989 -561.528444 -538.874317 -548.995897 -576.954427 -612.707208 -650.113226 -685.654653 -717.441622 -744.401062 -765.873755 -781.801142 -792.824139 -800.009116 -804.471847 -807.141070 -808.688714 -809.557708 -810.020283 -810.230211 -810.279022 -810.418044 -811.192395 -810.673252 -808.372076 -821.355088 -707.710887 -692.696884 -665.145280 -648.932668 -641.472916 -640.533569 -640.449176 -640.487211 -640.547384 -640.610365 -640.670673 -640.726391 -640.777173 -640.827534 -640.925052 -641.508933 -645.602905 -655.262464 -672.348049 -670.793836 -816.484819 -814.812883 -811.975509 -811.045243 -810.855736 -810.834056 -810.844453 -810.858634 -810.870721 -810.879955 -810.886794 -810.891875 -810.895704 -810.898639 -810.900943 -810.902774 -810.904262 -810.905533 -810.906719 -810.907972 -810.909484 -810.911525 -810.914491 -810.918998 -810.926021 -810.937136 -810.954935 -810.983788 -811.031269 -811.110951 -811.248049 -811.490924 -811.934481 -812.766499 -814.355511 -817.408295 -823.236717 -834.212249 -854.686244 -892.725041 -9999.0 -9999.0
-9999.0 -9999.0 -781.042869 -789.338532 -793.963398 -799.246196 -803.946589 -807.238524 -809.343562 -809.184478 -788.614986 -760.131424 -772.365600 -775.409330 -751.470107 -706.593412 -621.040989 -561.528444 -538.874317 -548.995897 -576.954427 -612.707208 -650.113226 -685.654653 -717.441622 -744.401062 -765.873755 -781.801142 -792.824139 -800.009116 -804.471847 -807.141070 -808.688714 -809.557708 -810.020283 -810.230211 -810.279022 -810.418044 -811.192395 -810.673252 -808.372076 -821.355088 -707.710887 -692.696884 -665.145279 -648.932667 -641.472916 -640.533569 -640.449176 -640.487211 -640.547384 -640.610365 -640.670673 -640.726391 -640.777173 -640.827534 -640.925052 -641.508933 -645.602905 -655.262464 -672.348049 -670.793836 -816.484819 -814.812883 -811.975509 -811.045243 -810.855736 -810.834056 -810.844453 -810.858634 -810.870721 -810.879955 -810.886794 -810.891875 -810.895704 -810.898639 -810.900943 -810.902774 -810.904262 -810.905533 -810.906719 -810.907972 -810.909484 -810.911525 -810.914491 -810.918998 -810.926021 -810.937136 -810.954935 -810.983788 -811.031269 -811.110951 -811.248049 -811.490924 -811.934481 -812.766499 -814.355511 -817.408295 -823.236717 -834.212249 -854.686244 -892.725041 -9999.0 -9999.0
-9999.0 -9999.0 -781.042801 -789.338430 -793.963308 -799.246151 -803.946577 -807.238525 -809.343566 -809.184481 -788.614986 -760.131424 -772.365600 -775.409330 -751.470107 -706.593412 -621.040989 -561.528444 -538.874317 -548.995897 -576.954427 -612.707208 -650.113226 -685.654653 -717.441622 -744.401062 -765.873755 -781.801142 -792.824139 -800.009116 -804.471847 -807.141070 -808.688714 -809.557708 -810.020283 -810.230211 -810.279022 -810.418044 -811.192395 -810.673252 -808.372076 -821.355088 -707.710887 -692.696884 -665.145279 -648.932667 -641.472916 -640.533569 -640.449176 -640.487211 -640.547384 -640.610365 -640.670673 -640.726391 -640.777173 -640.827534 -640.925052 -641.508933 -645.602905 -655.262464 -672.348049 -670.793836 -816.484819 -814.812883 -811.975509 -811.045243 -810.855736 -810.834056 -810.844453 -810.858634 -810.870721 -810.879955 -810.886794 -810.891875 -810.895704 -810.898639 -810.900943 -810.902774 -810.904262 -810.905533 -810.906719 -810.907972 -810.909484 -810.911525 -810.914491 -810.918998 -810.926021 -810.937136 -810.954935 -810.983788 -811.031269 -811.110951 -811.248049 -811.490924 -811.934481 -812.766499 -814.355511 -817.408295 -823.236717 -834.212249 -854.686244 -892.725041 -9999.0 -9999.0
-9999.0 -9999.0 -781.042801 -789.338430 -793.963308 -799.246151 -803.946577 -807.238525 -809.343566 -809.184481 -788.614986 -760.131424 -772.365600 -775.409330 -751.470107 -706.593412 -621.040989 -561.528444 -538.874317 -548.995897 -576.954427 -612.707208 -650.113226 -685.654653 -717.441622 -744.401062 -765.873755 -781.801142 -792.824139 -800.009116 -804.471847 -807.141070 -808.688714 -809.557708 -810.020283 -810.230211 -810.279022 -810.418044 -811.192395 -810.673252 -808.372076 -821.355088 -707.710887 -692.696884 -665.145279 -648.932667 -641.472916 -640.533569 -640.449176 -640.487211 -640.547384 -640.610365 -640.670673 -640.726391 -640.777173 -640.827534 -640.925052 -641.508933 -645.602905 -655.262464 -672.348049 -670.793836 -816.484819 -814.812883 -811.975509 -811.045243 -810.855736 -810.834056 -810.844453 -810.858634 -810.870721 -810.879955 -810.886794 -810.891875 -810.895704 -810.898639 -810.900943 -810.902774 -810.904262 -810.905533 -810.906719 -810.907972 -810.909484 -810.911525 -810.914491 -810.918998 -810.926021 -810.937136 -810.954935 -810.983788 -811.031269 -811.110951 -811.248049 -811.490924 -811.934481 -812.766499 -814.355511 -817.408295 -823.236717 -834.212249 -854.686244 -892.725041 -9999.0 -9999.0
-9999.0 -9999.0 -781.042869 -789.338532 -793.963398 -799.246196 -803.946589 -807.238524 -809.343562 -809.184478 -788.614986 -760.131424 -772.365600 -775.409330 -751.470107 -706.593412 -621.040989 -561.528444 -538.874317 -548.995897 -576.954427 -612.707208 -650.113226 -685.654653 -717.441622 -744.401062 -765.873755 -781.801142 -792.824139 -800.009116 -804.471847 -807.141070 -808.688714 -809.557708 -810.020283 -810.230211 -810.279022 -810.418044 -811.192395 -810.673252 -808.372076 -821.355088 -707.710887 -692.696884 -665.145279 -648.932667 -641.472916 -640.533569 -640.449176 -640.487211 -640.547384 -640.610365 -640.670673 -640.726391 -640.777173 -640.827534 -640.925052 -641.508933 -645.602905 -655.262464 -672.348049 -670.793836 -816.484819 -814.812883 -811.975509 -811.045243 -810.855736 -810.834056 -810.844453 -810.858634 -810.870721 -810.879955 -810.886794 -810.891875 -810.895704 -810.898639 -810.900943 -810.902774 -810.904262 -810.905533 -810.906719 -810.907972 -810.909484 -810.911525 -810.914491 -810.918998 -810.926021 -810.937136 -810.954935 -810.983788 -811.031269 -811.110951 -811.248049 -811.490924 -811.934481 -812.766499 -814.355511 -817.408295 -823.236717 -834.212249 -854.686244 -892.725041 -9999.0 -9999.0
-9999.0 -9999.0 -781.043048 -789.338742 -793.963545 -799.246259 -803.946605 -807.238524 -809.343559 -809.184475 -788.614985 -760.131424 -772.365600 -775.409330 -751.470107 -706.593412 -621.040989 -561.528444 -538.874317 -548.995897 -576.954427 -612.707208 -650.113226 -685.654653 -717.441622 -744.401062 -765.873755 -781.801142 -792.824139 -800.009116 -804.471847 -807.141070 -808.688714 -809.557708 -810.020283 -810.230211 -810.279022 -810.418044 -811.192395 -810.673252 -808.372076 -821.355088 -707.710888 -692.696884 -665.145280 -648.932668 -641.472916 -640.533569 -640.449176 -640.487211 -640.547384 -640.610365 -640.670673 -640.726391 -640.777173 -640.827534 -640.925052 -641.508933 -645.602905 -655.262464 -672.348049 -670.793836 -816.484819 -814.812883 -811.975509 -811.045243 -810.855736 -810.834056 -810.844453 -810.858634 -810.870721 -810.879955 -810.886794 -810.891875 -810.895704 -810.898639 -810.900943 -810.902774 -810.904262 -810.905533 -810.906719 -810.907972 -810.909484 -810.911525 -810.914491 -810.918998 -810.926021 -810.937136 -810.954935 -810.983788 -811.031269 -811.110951 -811.248049 -811.490924 -811.934481 -812.766499 -814.355511 -817.408295 -823.236717 -834.212249 -854.686244 -892.725041 -9999.0 -9999.0
-9999.0 -9999.0 -9999.0 -9999.0 -9999.0 -9999.0 -9999.0 -9999.0 -9999.0 -9999.0 -9999.0 -9999.0 -9999.0 -9999.0 -9999.0 -9999.0 -9999.0 -9999.0 -9999.0 -9999.0 -9999.0 -9999.0 -9999.0 -9999.0 -9999.0 -9999.0 -9999.0 -9999.0 -9999.0 -9999.0 -9999.0 -9999.0 -9999.0 -9999.0 -9999.0 -9999.0 -9999.0 -9999.0 -9999.0 -9999.0 -9999.0 -9999.0 -9999.0 -9999.0 -9999.0 -9999.0 -9999.0 -9999.0 -9999.0 -9999.0 -9999.0 -9999.0 -9999.0 -9999.0 -9999.0 -9999.0 -9999.0 -9999.0 -9999.0 -9999.0 -9999.0 -9999.0 -9999.0 -9999.0 -9999.0 -9999.0 -9999.0 -9999.0 -9999.0 -9999.0 -9999.0 -9999.0 -9999.0 -9999.0 -9999.0 -9999.0 -9999.0 -9999.0 -9999.0 -9999.0 -9999.0 -9999.0 -9999.0 -9999.0 -9999.0 -9999.0 -9999.0 -9999.0 -9999.0 -9999.0 -9999.0 -9999.0 -9999.0 -9999.0 -9999.0 -9999.0 -9999.0 -9999.0 -9999.0 -9999.0 -9999.0 -9999.0 -9999.0 -9999.0
-9999.0 -9999.0 -9999.0 -9999.0 -9999.0 -9999.0 -9999.0 -9999.0 -9999.0 -9999.0 -9999.0 -9999.0 -9999.0 -9999.0 -9999.0 -9999.0 -9999.0 -9999.0 -9999.0 -9999.0 -9999.0 -9999.0 -9999.0 -9999.0 -9999.0 -9999.0 -9999.0 -9999.0 -9999.0 -9999.0 -9999.0 -9999.0 -9999.0 -9999.0 -9999.0 -9999.0 -9999.0 -9999.0 -9999.0 -9999.0 -9999.0 -9999.0 -9999.0 -9999.0 -9999.0 -9999.0 -9999.0 -9999.0 -9999.0 -9999.0 -9999.0 -9999.0 -9999.0 -9999.0 -9999.0 -9999.0 -9999.0 -9999.0 -9999.0 -9999.0 -9999.0 -9999.0 -9999.0 -9999.0 -9999.0 -9999.0 -9999.0 -9999.0 -9999.0 -9999.0 -9999.0 -9999.0 -9999.0 -9999.0 -9999.0 -9999.0 -9999.0 -9999.0 -9999.0 -9999.0 -9999.0 -9999.0 -9999.0 -9999.0 -9999.0 -9999.0 -9999.0 -9999.0 -9999.0 -9999.0 -9999.0 -9999.0 -9999.0 -9999.0 -9999.0 -9999.0 -9999.0 -9999.0 -9999.0 -9999.0 -9999.0 -9999.0 -9999.0 -9999.0