inst/processing_geotop_simulation/geotop_simulation/out/maps3D/PwL0008N0342.asc
ncols         104
nrows         10
xllcorner     -2.000000
yllcorner     0.000000
cellsize      1.000000
NODATA_value  -9999.0
-9999.0 -9999.0 -9999.0 -9999.0 -9999.0 -9999.0 -9999.0 -9999.0 -9999.0 -9999.0 -9999.0 -9999.0 -9999.0 -9999.0 -9999.0 -9999.0 -9999.0 -9999.0 -9999.0 -9999.0 -9999.0 -9999.0 -9999.0 -9999.0 -9999.0 -9999.0 -9999.0 -9999.0 -9999.0 -9999.0 -9999.0 -9999.0 -9999.0 -9999.0 -9999.0 -9999.0 -9999.0 -9999.0 -9999.0 -9999.0 -9999.0 -9999.0 -9999.0 -9999.0 -9999.0 -9999.0 -9999.0 -9999.0 -9999.0 -9999.0 -9999.0 -9999.0 -9999.0 -9999.0 -9999.0 -9999.0 -9999.0 -9999.0 -9999.0 -9999.0 -9999.0 -9999.0 -9999.0 -9999.0 -9999.0 -9999.0 -9999.0 -9999.0 -9999.0 -9999.0 -9999.0 -9999.0 -9999.0 -9999.0 -9999.0 -9999.0 -9999.0 -9999.0 -9999.0 -9999.0 -9999.0 -9999.0 -9999.0 -9999.0 -9999.0 -9999.0 -9999.0 -9999.0 -9999.0 -9999.0 -9999.0 -9999.0 -9999.0 -9999.0 -9999.0 -9999.0 -9999.0 -9999.0 -9999.0 -9999.0 -9999.0 -9999.0 -9999.0 -9999.0
-9999.0 -9999.0 -9999.0 -9999.0 -9999.0 -9999.0 -9999.0 -9999.0 -9999.0 -9999.0 -9999.0 -9999.0 -9999.0 -9999.0 -9999.0 -9999.0 -9999.0 -9999.0 -9999.0 -9999.0 -9999.0 -9999.0 -9999.0 -9999.0 -9999.0 -9999.0 -9999.0 -9999.0 -9999.0 -9999.0 -9999.0 -9999.0 -9999.0 -9999.0 -9999.0 -9999.0 -9999.0 -9999.0 -9999.0 -9999.0 -9999.0 -9999.0 -9999.0 -9999.0 -9999.0 -9999.0 -9999.0 -9999.0 -9999.0 -9999.0 -9999.0 -9999.0 -9999.0 -9999.0 -9999.0 -9999.0 -9999.0 -9999.0 -9999.0 -9999.0 -9999.0 -9999.0 -9999.0 -9999.0 -9999.0 -9999.0 -9999.0 -9999.0 -9999.0 -9999.0 -9999.0 -9999.0 -9999.0 -9999.0 -9999.0 -9999.0 -9999.0 -9999.0 -9999.0 -9999.0 -9999.0 -9999.0 -9999.0 -9999.0 -9999.0 -9999.0 -9999.0 -9999.0 -9999.0 -9999.0 -9999.0 -9999.0 -9999.0 -9999.0 -9999.0 -9999.0 -9999.0 -9999.0 -9999.0 -9999.0 -9999.0 -9999.0 -9999.0 -9999.0
-9999.0 -9999.0 374.233095 276.525260 177.972744 79.084357 -19.937988 -119.012785 -218.104701 -317.187715 -416.235283 -515.200457 -613.983207 -712.390692 -810.835213 -909.203526 -1007.422521 -1105.493181 -1202.068568 -1296.822541 -1388.294206 -1473.986108 -1550.859985 -1616.512651 -1669.983612 -1711.768101 -1743.328905 -1766.528554 -1783.217182 -1795.015613 -1803.240966 -1808.911268 -1812.785523 -1815.414443 -1817.189743 -1818.388195 -1819.215245 -1819.880734 -1820.841448 -1823.459902 -1829.011016 -1807.324521 -1230.070523 -1299.446796 -1272.865542 -1255.594840 -1247.600628 -1246.450117 -1246.329272 -1246.340611 -1246.370813 -1246.403300 -1246.434517 -1246.463422 -1246.490260 -1246.521584 -1246.619947 -1247.292393 -1251.482355 -1260.882042 -1272.757347 -1188.431559 -1776.928539 -1822.122626 -1822.042297 -1821.160162 -1820.940938 -1820.901054 -1820.894929 -1820.894492 -1820.894922 -1820.895398 -1820.895790 -1820.896095 -1820.896332 -1820.896519 -1820.896669 -1820.896793 -1820.896899 -1820.896996 -1820.897092 -1820.897199 -1820.897332 -1820.897513 -1820.897776 -1820.898176 -1820.898801 -1820.899798 -1820.901421 -1820.904119 -1820.908715 -1820.916773 -1820.931333 -1820.958449 -1821.010434 -1821.113102 -1821.323301 -1821.775310 -1822.813140 -1825.406120 -1832.672698 -1856.523872 -9999.0 -9999.0
-9999.0 -9999.0 374.239940 276.526998 177.973212 79.084496 -19.937943 -119.012769 -218.104696 -317.187713 -416.235282 -515.200456 -613.983206 -712.390692 -810.835213 -909.203527 -1007.422521 -1105.493181 -1202.068568 -1296.822542 -1388.294206 -1473.986108 -1550.859985 -1616.512652 -1669.983612 -1711.768101 -1743.328905 -1766.528554 -1783.217182 -1795.015613 -1803.240966 -1808.911268 -1812.785523 -1815.414443 -1817.189743 -1818.388195 -1819.215245 -1819.880734 -1820.841448 -1823.459902 -1829.011016 -1807.324520 -1230.070523 -1299.446796 -1272.865542 -1255.594840 -1247.600628 -1246.450117 -1246.329272 -1246.340611 -1246.370813 -1246.403300 -1246.434517 -1246.463422 -1246.490260 -1246.521584 -1246.619947 -1247.292393 -1251.482355 -1260.882042 -1272.757347 -1188.431559 -1776.928539 -1822.122626 -1822.042297 -1821.160162 -1820.940938 -1820.901054 -1820.894929 -1820.894492 -1820.894922 -1820.895398 -1820.895790 -1820.896095 -1820.896332 -1820.896519 -1820.896669 -1820.896793 -1820.896899 -1820.896996 -1820.897092 -1820.897199 -1820.897332 -1820.897513 -1820.897776 -1820.898176 -1820.898801 -1820.899798 -1820.901421 -1820.904119 -1820.908715 -1820.916773 -1820.931333 -1820.958449 -1821.010434 -1821.113102 -1821.323301 -1821.775310 -1822.813140 -1825.406120 -1832.672698 -1856.523872 -9999.0 -9999.0
-9999.0 -9999.0 374.241346 276.527751 177.973512 79.084606 -19.937904 -119.012755 -218.104691 -317.187711 -416.235282 -515.200456 -613.983206 -712.390691 -810.835213 -909.203527 -1007.422521 -1105.493181 -1202.068568 -1296.822542 -1388.294206 -1473.986108 -1550.859985 -1616.512652 -1669.983612 -1711.768101 -1743.328905 -1766.528554 -1783.217182 -1795.015613 -1803.240966 -1808.911268 -1812.785523 -1815.414443 -1817.189743 -1818.388195 -1819.215245 -1819.880734 -1820.841448 -1823.459902 -1829.011016 -1807.324520 -1230.070523 -1299.446796 -1272.865541 -1255.594839 -1247.600628 -1246.450117 -1246.329272 -1246.340611 -1246.370813 -1246.403300 -1246.434517 -1246.463422 -1246.490260 -1246.521584 -1246.619947 -1247.292393 -1251.482355 -1260.882042 -1272.757347 -1188.431559 -1776.928539 -1822.122626 -1822.042297 -1821.160162 -1820.940938 -1820.901054 -1820.894929 -1820.894492 -1820.894922 -1820.895398 -1820.895790 -1820.896095 -1820.896332 -1820.896519 -1820.896669 -1820.896793 -1820.896899 -1820.896996 -1820.897092 -1820.897199 -1820.897332 -1820.897513 -1820.897776 -1820.898176 -1820.898801 -1820.899798 -1820.901421 -1820.904119 -1820.908715 -1820.916773 -1820.931333 -1820.958449 -1821.010434 -1821.113102 -1821.323301 -1821.775310 -1822.813140 -1825.406120 -1832.672698 -1856.523872 -9999.0 -9999.0
-9999.0 -9999.0 374.241346 276.527750 177.973512 79.084606 -19.937904 -119.012755 -218.104691 -317.187711 -416.235282 -515.200456 -613.983206 -712.390691 -810.835213 -909.203527 -1007.422521 -1105.493181 -1202.068568 -1296.822542 -1388.294206 -1473.986108 -1550.859985 -1616.512652 -1669.983612 -1711.768101 -1743.328905 -1766.528554 -1783.217182 -1795.015613 -1803.240966 -1808.911268 -1812.785523 -1815.414443 -1817.189743 -1818.388195 -1819.215245 -1819.880734 -1820.841448 -1823.459902 -1829.011016 -1807.324520 -1230.070523 -1299.446796 -1272.865541 -1255.594839 -1247.600628 -1246.450117 -1246.329272 -1246.340611 -1246.370813 -1246.403300 -1246.434517 -1246.463422 -1246.490260 -1246.521584 -1246.619947 -1247.292393 -1251.482355 -1260.882042 -1272.757347 -1188.431559 -1776.928539 -1822.122626 -1822.042297 -1821.160162 -1820.940938 -1820.901054 -1820.894929 -1820.894492 -1820.894922 -1820.895398 -1820.895790 -1820.896095 -1820.896332 -1820.896519 -1820.896669 -1820.896793 -1820.896899 -1820.896996 -1820.897092 -1820.897199 -1820.897332 -1820.897513 -1820.897776 -1820.898176 -1820.898801 -1820.899798 -1820.901421 -1820.904119 -1820.908715 -1820.916773 -1820.931333 -1820.958449 -1821.010434 -1821.113102 -1821.323301 -1821.775310 -1822.813140 -1825.406120 -1832.672698 -1856.523872 -9999.0 -9999.0
-9999.0 -9999.0 374.239940 276.526998 177.973212 79.084496 -19.937943 -119.012769 -218.104696 -317.187713 -416.235282 -515.200456 -613.983206 -712.390692 -810.835213 -909.203527 -1007.422521 -1105.493181 -1202.068568 -1296.822542 -1388.294206 -1473.986108 -1550.859985 -1616.512652 -1669.983612 -1711.768101 -1743.328905 -1766.528554 -1783.217182 -1795.015613 -1803.240966 -1808.911268 -1812.785523 -1815.414443 -1817.189743 -1818.388195 -1819.215245 -1819.880734 -1820.841448 -1823.459902 -1829.011016 -1807.324520 -1230.070523 -1299.446796 -1272.865542 -1255.594840 -1247.600628 -1246.450117 -1246.329272 -1246.340611 -1246.370813 -1246.403300 -1246.434517 -1246.463422 -1246.490260 -1246.521584 -1246.619947 -1247.292393 -1251.482355 -1260.882042 -1272.757347 -1188.431559 -1776.928539 -1822.122626 -1822.042297 -1821.160162 -1820.940938 -1820.901054 -1820.894929 -1820.894492 -1820.894922 -1820.895398 -1820.895790 -1820.896095 -1820.896332 -1820.896519 -1820.896669 -1820.896793 -1820.896899 -1820.896996 -1820.897092 -1820.897199 -1820.897332 -1820.897513 -1820.897776 -1820.898176 -1820.898801 -1820.899798 -1820.901421 -1820.904119 -1820.908715 -1820.916773 -1820.931333 -1820.958449 -1821.010434 -1821.113102 -1821.323301 -1821.775310 -1822.813140 -1825.406120 -1832.672698 -1856.523872 -9999.0 -9999.0
-9999.0 -9999.0 374.233095 276.525260 177.972744 79.084357 -19.937987 -119.012785 -218.104701 -317.187715 -416.235283 -515.200457 -613.983207 -712.390692 -810.835213 -909.203526 -1007.422521 -1105.493181 -1202.068568 -1296.822541 -1388.294206 -1473.986108 -1550.859985 -1616.512651 -1669.983612 -1711.768101 -1743.328905 -1766.528554 -1783.217182 -1795.015613 -1803.240966 -1808.911268 -1812.785523 -1815.414443 -1817.189743 -1818.388195 -1819.215245 -1819.880734 -1820.841448 -1823.459902 -1829.011016 -1807.324521 -1230.070523 -1299.446796 -1272.865542 -1255.594840 -1247.600628 -1246.450117 -1246.329272 -1246.340611 -1246.370813 -1246.403300 -1246.434517 -1246.463422 -1246.490260 -1246.521584 -1246.619947 -1247.292393 -1251.482355 -1260.882042 -1272.757347 -1188.431559 -1776.928539 -1822.122626 -1822.042297 -1821.160162 -1820.940938 -1820.901054 -1820.894929 -1820.894492 -1820.894922 -1820.895398 -1820.895790 -1820.896095 -1820.896332 -1820.896519 -1820.896669 -1820.896793 -1820.896899 -1820.896996 -1820.897092 -1820.897199 -1820.897332 -1820.897513 -1820.897776 -1820.898176 -1820.898801 -1820.899798 -1820.901421 -1820.904119 -1820.908715 -1820.916773 -1820.931333 -1820.958449 -1821.010434 -1821.113102 -1821.323301 -1821.775310 -1822.813140 -1825.406120 -1832.672698 -1856.523872 -9999.0 -9999.0
-9999.0 -9999.0 -9999.0 -9999.0 -9999.0 -9999.0 -9999.0 -9999.0 -9999.0 -9999.0 -9999.0 -9999.0 -9999.0 -9999.0 -9999.0 -9999.0 -9999.0 -9999.0 -9999.0 -9999.0 -9999.0 -9999.0 -9999.0 -9999.0 -9999.0 -9999.0 -9999.0 -9999.0 -9999.0 -9999.0 -9999.0 -9999.0 -9999.0 -9999.0 -9999.0 -9999.0 -9999.0 -9999.0 -9999.0 -9999.0 -9999.0 -9999.0 -9999.0 -9999.0 -9999.0 -9999.0 -9999.0 -9999.0 -9999.0 -9999.0 -9999.0 -9999.0 -9999.0 -9999.0 -9999.0 -9999.0 -9999.0 -9999.0 -9999.0 -9999.0 -9999.0 -9999.0 -9999.0 -9999.0 -9999.0 -9999.0 -9999.0 -9999.0 -9999.0 -9999.0 -9999.0 -9999.0 -9999.0 -9999.0 -9999.0 -9999.0 -9999.0 -9999.0 -9999.0 -9999.0 -9999.0 -9999.0 -9999.0 -9999.0 -9999.0 -9999.0 -9999.0 -9999.0 -9999.0 -9999.0 -9999.0 -9999.0 -9999.0 -9999.0 -9999.0 -9999.0 -9999.0 -9999.0 -9999.0 -9999.0 -9999.0 -9999.0 -9999.0 -9999.0
-9999.0 -9999.0 -9999.0 -9999.0 -9999.0 -9999.0 -9999.0 -9999.0 -9999.0 -9999.0 -9999.0 -9999.0 -9999.0 -9999.0 -9999.0 -9999.0 -9999.0 -9999.0 -9999.0 -9999.0 -9999.0 -9999.0 -9999.0 -9999.0 -9999.0 -9999.0 -9999.0 -9999.0 -9999.0 -9999.0 -9999.0 -9999.0 -9999.0 -9999.0 -9999.0 -9999.0 -9999.0 -9999.0 -9999.0 -9999.0 -9999.0 -9999.0 -9999.0 -9999.0 -9999.0 -9999.0 -9999.0 -9999.0 -9999.0 -9999.0 -9999.0 -9999.0 -9999.0 -9999.0 -9999.0 -9999.0 -9999.0 -9999.0 -9999.0 -9999.0 -9999.0 -9999.0 -9999.0 -9999.0 -9999.0 -9999.0 -9999.0 -9999.0 -9999.0 -9999.0 -9999.0 -9999.0 -9999.0 -9999.0 -9999.0 -9999.0 -9999.0 -9999.0 -9999.0 -9999.0 -9999.0 -9999.0 -9999.0 -9999.0 -9999.0 -9999.0 -9999.0 -9999.0 -9999.0 -9999.0 -9999.0 -9999.0 -9999.0 -9999.0 -9999.0 -9999.0 -9999.0 -9999.0 -9999.0 -9999.0 -9999.0 -9999.0 -9999.0 -9999.0