inst/processing_geotop_simulation/geotop_simulation/out/maps3D/PwL0007N0084.asc
ncols         104
nrows         10
xllcorner     -2.000000
yllcorner     0.000000
cellsize      1.000000
NODATA_value  -9999.0
-9999.0 -9999.0 -9999.0 -9999.0 -9999.0 -9999.0 -9999.0 -9999.0 -9999.0 -9999.0 -9999.0 -9999.0 -9999.0 -9999.0 -9999.0 -9999.0 -9999.0 -9999.0 -9999.0 -9999.0 -9999.0 -9999.0 -9999.0 -9999.0 -9999.0 -9999.0 -9999.0 -9999.0 -9999.0 -9999.0 -9999.0 -9999.0 -9999.0 -9999.0 -9999.0 -9999.0 -9999.0 -9999.0 -9999.0 -9999.0 -9999.0 -9999.0 -9999.0 -9999.0 -9999.0 -9999.0 -9999.0 -9999.0 -9999.0 -9999.0 -9999.0 -9999.0 -9999.0 -9999.0 -9999.0 -9999.0 -9999.0 -9999.0 -9999.0 -9999.0 -9999.0 -9999.0 -9999.0 -9999.0 -9999.0 -9999.0 -9999.0 -9999.0 -9999.0 -9999.0 -9999.0 -9999.0 -9999.0 -9999.0 -9999.0 -9999.0 -9999.0 -9999.0 -9999.0 -9999.0 -9999.0 -9999.0 -9999.0 -9999.0 -9999.0 -9999.0 -9999.0 -9999.0 -9999.0 -9999.0 -9999.0 -9999.0 -9999.0 -9999.0 -9999.0 -9999.0 -9999.0 -9999.0 -9999.0 -9999.0 -9999.0 -9999.0 -9999.0 -9999.0
-9999.0 -9999.0 -9999.0 -9999.0 -9999.0 -9999.0 -9999.0 -9999.0 -9999.0 -9999.0 -9999.0 -9999.0 -9999.0 -9999.0 -9999.0 -9999.0 -9999.0 -9999.0 -9999.0 -9999.0 -9999.0 -9999.0 -9999.0 -9999.0 -9999.0 -9999.0 -9999.0 -9999.0 -9999.0 -9999.0 -9999.0 -9999.0 -9999.0 -9999.0 -9999.0 -9999.0 -9999.0 -9999.0 -9999.0 -9999.0 -9999.0 -9999.0 -9999.0 -9999.0 -9999.0 -9999.0 -9999.0 -9999.0 -9999.0 -9999.0 -9999.0 -9999.0 -9999.0 -9999.0 -9999.0 -9999.0 -9999.0 -9999.0 -9999.0 -9999.0 -9999.0 -9999.0 -9999.0 -9999.0 -9999.0 -9999.0 -9999.0 -9999.0 -9999.0 -9999.0 -9999.0 -9999.0 -9999.0 -9999.0 -9999.0 -9999.0 -9999.0 -9999.0 -9999.0 -9999.0 -9999.0 -9999.0 -9999.0 -9999.0 -9999.0 -9999.0 -9999.0 -9999.0 -9999.0 -9999.0 -9999.0 -9999.0 -9999.0 -9999.0 -9999.0 -9999.0 -9999.0 -9999.0 -9999.0 -9999.0 -9999.0 -9999.0 -9999.0 -9999.0
-9999.0 -9999.0 296.109031 195.873172 95.606649 -4.510164 -104.452927 -204.591484 -306.002424 -411.457963 -528.677357 -656.229994 -789.809939 -917.864569 -994.496008 -1068.651635 -1134.604405 -1180.776901 -1194.148226 -1193.357885 -1187.295531 -1181.110663 -1176.942176 -1175.252246 -1175.718828 -1177.713003 -1180.540085 -1183.590964 -1186.436314 -1188.847903 -1190.757488 -1192.195147 -1193.236562 -1193.967799 -1194.467031 -1194.799568 -1195.027178 -1195.226886 -1195.466449 -1196.118270 -1202.175498 -1247.764380 -1132.676661 -1196.459693 -1145.277143 -1115.433182 -1101.846273 -1100.158217 -1099.991256 -1100.012895 -1100.061786 -1100.113912 -1100.163917 -1100.210170 -1100.252806 -1100.299815 -1100.431611 -1101.365037 -1108.279830 -1124.184687 -1151.743426 -1061.518125 -1228.190448 -1200.161117 -1196.195331 -1195.663130 -1195.568167 -1195.551218 -1195.550496 -1195.552762 -1195.555130 -1195.557049 -1195.558509 -1195.559609 -1195.560447 -1195.561095 -1195.561607 -1195.562018 -1195.562358 -1195.562655 -1195.562941 -1195.563252 -1195.563638 -1195.564167 -1195.564947 -1195.566139 -1195.568006 -1195.570979 -1195.575774 -1195.583624 -1195.596717 -1195.619074 -1195.658335 -1195.729409 -1195.861868 -1196.114654 -1196.605319 -1197.571100 -1199.514130 -1203.598335 -1212.804661 -1236.351421 -9999.0 -9999.0
-9999.0 -9999.0 296.109030 195.873172 95.606650 -4.510164 -104.452927 -204.591484 -306.002425 -411.457963 -528.677357 -656.229995 -789.809939 -917.864569 -994.496008 -1068.651635 -1134.604405 -1180.776901 -1194.148226 -1193.357885 -1187.295531 -1181.110663 -1176.942176 -1175.252246 -1175.718828 -1177.713003 -1180.540085 -1183.590964 -1186.436314 -1188.847903 -1190.757488 -1192.195147 -1193.236562 -1193.967799 -1194.467031 -1194.799568 -1195.027178 -1195.226886 -1195.466449 -1196.118270 -1202.175498 -1247.764380 -1132.676661 -1196.459693 -1145.277143 -1115.433181 -1101.846273 -1100.158217 -1099.991256 -1100.012895 -1100.061786 -1100.113912 -1100.163917 -1100.210170 -1100.252806 -1100.299815 -1100.431611 -1101.365037 -1108.279830 -1124.184687 -1151.743426 -1061.518125 -1228.190448 -1200.161117 -1196.195331 -1195.663130 -1195.568167 -1195.551218 -1195.550496 -1195.552762 -1195.555130 -1195.557049 -1195.558509 -1195.559609 -1195.560447 -1195.561095 -1195.561607 -1195.562018 -1195.562358 -1195.562655 -1195.562941 -1195.563252 -1195.563638 -1195.564167 -1195.564947 -1195.566139 -1195.568006 -1195.570979 -1195.575774 -1195.583624 -1195.596717 -1195.619074 -1195.658335 -1195.729409 -1195.861868 -1196.114654 -1196.605319 -1197.571100 -1199.514130 -1203.598335 -1212.804661 -1236.351421 -9999.0 -9999.0
-9999.0 -9999.0 296.109031 195.873172 95.606650 -4.510164 -104.452927 -204.591484 -306.002425 -411.457963 -528.677357 -656.229995 -789.809939 -917.864569 -994.496008 -1068.651635 -1134.604405 -1180.776901 -1194.148226 -1193.357885 -1187.295531 -1181.110663 -1176.942176 -1175.252246 -1175.718828 -1177.713003 -1180.540085 -1183.590964 -1186.436314 -1188.847903 -1190.757488 -1192.195147 -1193.236562 -1193.967799 -1194.467031 -1194.799568 -1195.027178 -1195.226886 -1195.466449 -1196.118270 -1202.175498 -1247.764380 -1132.676661 -1196.459693 -1145.277143 -1115.433181 -1101.846273 -1100.158217 -1099.991256 -1100.012895 -1100.061786 -1100.113912 -1100.163917 -1100.210170 -1100.252806 -1100.299815 -1100.431611 -1101.365037 -1108.279830 -1124.184687 -1151.743426 -1061.518125 -1228.190448 -1200.161117 -1196.195331 -1195.663130 -1195.568167 -1195.551218 -1195.550496 -1195.552762 -1195.555130 -1195.557049 -1195.558509 -1195.559609 -1195.560447 -1195.561095 -1195.561607 -1195.562018 -1195.562358 -1195.562655 -1195.562941 -1195.563252 -1195.563638 -1195.564167 -1195.564947 -1195.566139 -1195.568006 -1195.570979 -1195.575774 -1195.583624 -1195.596717 -1195.619074 -1195.658335 -1195.729409 -1195.861868 -1196.114654 -1196.605319 -1197.571100 -1199.514130 -1203.598335 -1212.804661 -1236.351421 -9999.0 -9999.0
-9999.0 -9999.0 296.109030 195.873172 95.606649 -4.510164 -104.452927 -204.591484 -306.002425 -411.457963 -528.677357 -656.229995 -789.809939 -917.864569 -994.496008 -1068.651635 -1134.604405 -1180.776901 -1194.148226 -1193.357885 -1187.295531 -1181.110663 -1176.942176 -1175.252246 -1175.718828 -1177.713003 -1180.540085 -1183.590964 -1186.436314 -1188.847903 -1190.757488 -1192.195147 -1193.236562 -1193.967799 -1194.467031 -1194.799568 -1195.027178 -1195.226886 -1195.466449 -1196.118270 -1202.175498 -1247.764380 -1132.676661 -1196.459693 -1145.277143 -1115.433181 -1101.846273 -1100.158217 -1099.991256 -1100.012895 -1100.061786 -1100.113912 -1100.163917 -1100.210170 -1100.252806 -1100.299815 -1100.431611 -1101.365037 -1108.279830 -1124.184687 -1151.743426 -1061.518125 -1228.190448 -1200.161117 -1196.195331 -1195.663130 -1195.568167 -1195.551218 -1195.550496 -1195.552762 -1195.555130 -1195.557049 -1195.558509 -1195.559609 -1195.560447 -1195.561095 -1195.561607 -1195.562018 -1195.562358 -1195.562655 -1195.562941 -1195.563252 -1195.563638 -1195.564167 -1195.564947 -1195.566139 -1195.568006 -1195.570979 -1195.575774 -1195.583624 -1195.596717 -1195.619074 -1195.658335 -1195.729409 -1195.861868 -1196.114654 -1196.605319 -1197.571100 -1199.514130 -1203.598335 -1212.804661 -1236.351421 -9999.0 -9999.0
-9999.0 -9999.0 296.109030 195.873172 95.606650 -4.510164 -104.452927 -204.591484 -306.002425 -411.457963 -528.677357 -656.229995 -789.809939 -917.864569 -994.496008 -1068.651635 -1134.604405 -1180.776901 -1194.148226 -1193.357885 -1187.295531 -1181.110663 -1176.942176 -1175.252246 -1175.718828 -1177.713003 -1180.540085 -1183.590964 -1186.436314 -1188.847903 -1190.757488 -1192.195147 -1193.236562 -1193.967799 -1194.467031 -1194.799568 -1195.027178 -1195.226886 -1195.466449 -1196.118270 -1202.175498 -1247.764380 -1132.676661 -1196.459693 -1145.277143 -1115.433181 -1101.846273 -1100.158217 -1099.991256 -1100.012895 -1100.061786 -1100.113912 -1100.163917 -1100.210170 -1100.252806 -1100.299815 -1100.431611 -1101.365037 -1108.279830 -1124.184687 -1151.743426 -1061.518125 -1228.190448 -1200.161117 -1196.195331 -1195.663130 -1195.568167 -1195.551218 -1195.550496 -1195.552762 -1195.555130 -1195.557049 -1195.558509 -1195.559609 -1195.560447 -1195.561095 -1195.561607 -1195.562018 -1195.562358 -1195.562655 -1195.562941 -1195.563252 -1195.563638 -1195.564167 -1195.564947 -1195.566139 -1195.568006 -1195.570979 -1195.575774 -1195.583624 -1195.596717 -1195.619074 -1195.658335 -1195.729409 -1195.861868 -1196.114654 -1196.605319 -1197.571100 -1199.514130 -1203.598335 -1212.804661 -1236.351421 -9999.0 -9999.0
-9999.0 -9999.0 296.109030 195.873173 95.606649 -4.510164 -104.452927 -204.591483 -306.002424 -411.457963 -528.677357 -656.229994 -789.809939 -917.864569 -994.496008 -1068.651635 -1134.604405 -1180.776901 -1194.148226 -1193.357885 -1187.295531 -1181.110663 -1176.942176 -1175.252246 -1175.718828 -1177.713003 -1180.540085 -1183.590964 -1186.436314 -1188.847903 -1190.757488 -1192.195147 -1193.236562 -1193.967799 -1194.467031 -1194.799568 -1195.027178 -1195.226886 -1195.466449 -1196.118270 -1202.175498 -1247.764380 -1132.676661 -1196.459693 -1145.277143 -1115.433182 -1101.846273 -1100.158217 -1099.991256 -1100.012895 -1100.061786 -1100.113912 -1100.163917 -1100.210170 -1100.252806 -1100.299815 -1100.431611 -1101.365037 -1108.279830 -1124.184687 -1151.743426 -1061.518125 -1228.190448 -1200.161117 -1196.195331 -1195.663130 -1195.568167 -1195.551218 -1195.550496 -1195.552762 -1195.555130 -1195.557049 -1195.558509 -1195.559609 -1195.560447 -1195.561095 -1195.561607 -1195.562018 -1195.562358 -1195.562655 -1195.562941 -1195.563252 -1195.563638 -1195.564167 -1195.564947 -1195.566139 -1195.568006 -1195.570979 -1195.575774 -1195.583624 -1195.596717 -1195.619074 -1195.658335 -1195.729409 -1195.861868 -1196.114654 -1196.605319 -1197.571100 -1199.514130 -1203.598335 -1212.804661 -1236.351421 -9999.0 -9999.0
-9999.0 -9999.0 -9999.0 -9999.0 -9999.0 -9999.0 -9999.0 -9999.0 -9999.0 -9999.0 -9999.0 -9999.0 -9999.0 -9999.0 -9999.0 -9999.0 -9999.0 -9999.0 -9999.0 -9999.0 -9999.0 -9999.0 -9999.0 -9999.0 -9999.0 -9999.0 -9999.0 -9999.0 -9999.0 -9999.0 -9999.0 -9999.0 -9999.0 -9999.0 -9999.0 -9999.0 -9999.0 -9999.0 -9999.0 -9999.0 -9999.0 -9999.0 -9999.0 -9999.0 -9999.0 -9999.0 -9999.0 -9999.0 -9999.0 -9999.0 -9999.0 -9999.0 -9999.0 -9999.0 -9999.0 -9999.0 -9999.0 -9999.0 -9999.0 -9999.0 -9999.0 -9999.0 -9999.0 -9999.0 -9999.0 -9999.0 -9999.0 -9999.0 -9999.0 -9999.0 -9999.0 -9999.0 -9999.0 -9999.0 -9999.0 -9999.0 -9999.0 -9999.0 -9999.0 -9999.0 -9999.0 -9999.0 -9999.0 -9999.0 -9999.0 -9999.0 -9999.0 -9999.0 -9999.0 -9999.0 -9999.0 -9999.0 -9999.0 -9999.0 -9999.0 -9999.0 -9999.0 -9999.0 -9999.0 -9999.0 -9999.0 -9999.0 -9999.0 -9999.0
-9999.0 -9999.0 -9999.0 -9999.0 -9999.0 -9999.0 -9999.0 -9999.0 -9999.0 -9999.0 -9999.0 -9999.0 -9999.0 -9999.0 -9999.0 -9999.0 -9999.0 -9999.0 -9999.0 -9999.0 -9999.0 -9999.0 -9999.0 -9999.0 -9999.0 -9999.0 -9999.0 -9999.0 -9999.0 -9999.0 -9999.0 -9999.0 -9999.0 -9999.0 -9999.0 -9999.0 -9999.0 -9999.0 -9999.0 -9999.0 -9999.0 -9999.0 -9999.0 -9999.0 -9999.0 -9999.0 -9999.0 -9999.0 -9999.0 -9999.0 -9999.0 -9999.0 -9999.0 -9999.0 -9999.0 -9999.0 -9999.0 -9999.0 -9999.0 -9999.0 -9999.0 -9999.0 -9999.0 -9999.0 -9999.0 -9999.0 -9999.0 -9999.0 -9999.0 -9999.0 -9999.0 -9999.0 -9999.0 -9999.0 -9999.0 -9999.0 -9999.0 -9999.0 -9999.0 -9999.0 -9999.0 -9999.0 -9999.0 -9999.0 -9999.0 -9999.0 -9999.0 -9999.0 -9999.0 -9999.0 -9999.0 -9999.0 -9999.0 -9999.0 -9999.0 -9999.0 -9999.0 -9999.0 -9999.0 -9999.0 -9999.0 -9999.0 -9999.0 -9999.0