inst/processing_geotop_simulation/geotop_simulation/out/maps3D/PwL0021N0127.asc
ncols         104
nrows         10
xllcorner     -2.000000
yllcorner     0.000000
cellsize      1.000000
NODATA_value  -9999.0
-9999.0 -9999.0 -9999.0 -9999.0 -9999.0 -9999.0 -9999.0 -9999.0 -9999.0 -9999.0 -9999.0 -9999.0 -9999.0 -9999.0 -9999.0 -9999.0 -9999.0 -9999.0 -9999.0 -9999.0 -9999.0 -9999.0 -9999.0 -9999.0 -9999.0 -9999.0 -9999.0 -9999.0 -9999.0 -9999.0 -9999.0 -9999.0 -9999.0 -9999.0 -9999.0 -9999.0 -9999.0 -9999.0 -9999.0 -9999.0 -9999.0 -9999.0 -9999.0 -9999.0 -9999.0 -9999.0 -9999.0 -9999.0 -9999.0 -9999.0 -9999.0 -9999.0 -9999.0 -9999.0 -9999.0 -9999.0 -9999.0 -9999.0 -9999.0 -9999.0 -9999.0 -9999.0 -9999.0 -9999.0 -9999.0 -9999.0 -9999.0 -9999.0 -9999.0 -9999.0 -9999.0 -9999.0 -9999.0 -9999.0 -9999.0 -9999.0 -9999.0 -9999.0 -9999.0 -9999.0 -9999.0 -9999.0 -9999.0 -9999.0 -9999.0 -9999.0 -9999.0 -9999.0 -9999.0 -9999.0 -9999.0 -9999.0 -9999.0 -9999.0 -9999.0 -9999.0 -9999.0 -9999.0 -9999.0 -9999.0 -9999.0 -9999.0 -9999.0 -9999.0
-9999.0 -9999.0 -9999.0 -9999.0 -9999.0 -9999.0 -9999.0 -9999.0 -9999.0 -9999.0 -9999.0 -9999.0 -9999.0 -9999.0 -9999.0 -9999.0 -9999.0 -9999.0 -9999.0 -9999.0 -9999.0 -9999.0 -9999.0 -9999.0 -9999.0 -9999.0 -9999.0 -9999.0 -9999.0 -9999.0 -9999.0 -9999.0 -9999.0 -9999.0 -9999.0 -9999.0 -9999.0 -9999.0 -9999.0 -9999.0 -9999.0 -9999.0 -9999.0 -9999.0 -9999.0 -9999.0 -9999.0 -9999.0 -9999.0 -9999.0 -9999.0 -9999.0 -9999.0 -9999.0 -9999.0 -9999.0 -9999.0 -9999.0 -9999.0 -9999.0 -9999.0 -9999.0 -9999.0 -9999.0 -9999.0 -9999.0 -9999.0 -9999.0 -9999.0 -9999.0 -9999.0 -9999.0 -9999.0 -9999.0 -9999.0 -9999.0 -9999.0 -9999.0 -9999.0 -9999.0 -9999.0 -9999.0 -9999.0 -9999.0 -9999.0 -9999.0 -9999.0 -9999.0 -9999.0 -9999.0 -9999.0 -9999.0 -9999.0 -9999.0 -9999.0 -9999.0 -9999.0 -9999.0 -9999.0 -9999.0 -9999.0 -9999.0 -9999.0 -9999.0
-9999.0 -9999.0 1039.257969 945.937316 852.339012 757.972099 663.156795 568.135208 473.046429 377.967625 282.941690 187.992399 93.132362 -1.627424 -96.244182 -190.721133 -285.044563 -379.161778 -472.874330 -565.675508 -657.141350 -747.349886 -835.604100 -921.214581 -993.587459 -1044.164273 -1080.739811 -1105.607026 -1121.660110 -1131.590705 -1137.527513 -1140.981276 -1142.948164 -1144.051662 -1144.666140 -1145.012140 -1145.224714 -1145.415393 -1145.848521 -1148.090192 -1161.564637 -1252.059425 -1807.519749 -3843.729021 -3935.613008 -3935.608626 -3933.877231 -3911.631140 -3813.685787 -3604.990887 -3327.188476 -3016.632998 -2810.487961 -2676.703841 -2554.526006 -2430.880628 -2303.747298 -2176.579221 -2053.735313 -1937.258386 -1818.959430 -1402.764245 -1214.302252 -1155.857171 -1147.067136 -1145.899818 -1145.742605 -1145.719372 -1145.716649 -1145.717447 -1145.718677 -1145.719745 -1145.720577 -1145.721213 -1145.721701 -1145.722081 -1145.722383 -1145.722628 -1145.722832 -1145.723014 -1145.723191 -1145.723386 -1145.723629 -1145.723965 -1145.724459 -1145.725216 -1145.726405 -1145.728305 -1145.731387 -1145.736476 -1145.745055 -1145.759900 -1145.786351 -1145.834935 -1145.926764 -1146.104979 -1146.461156 -1147.204748 -1148.864921 -1152.877158 -1163.188352 -1191.205462 -9999.0 -9999.0
-9999.0 -9999.0 1039.261116 945.938571 852.339436 757.972240 663.156842 568.135225 473.046435 377.967627 282.941691 187.992399 93.132362 -1.627424 -96.244183 -190.721133 -285.044563 -379.161778 -472.874331 -565.675508 -657.141350 -747.349886 -835.604100 -921.214581 -993.587460 -1044.164273 -1080.739811 -1105.607026 -1121.660110 -1131.590705 -1137.527513 -1140.981276 -1142.948164 -1144.051662 -1144.666140 -1145.012140 -1145.224714 -1145.415393 -1145.848521 -1148.090192 -1161.564637 -1252.059425 -1807.519748 -3843.729020 -3935.613008 -3935.608626 -3933.877231 -3911.631140 -3813.685787 -3604.990885 -3327.188472 -3016.632996 -2810.487961 -2676.703841 -2554.526005 -2430.880627 -2303.747298 -2176.579221 -2053.735313 -1937.258386 -1818.959430 -1402.764245 -1214.302252 -1155.857171 -1147.067136 -1145.899818 -1145.742605 -1145.719372 -1145.716649 -1145.717447 -1145.718677 -1145.719745 -1145.720577 -1145.721213 -1145.721701 -1145.722081 -1145.722383 -1145.722628 -1145.722832 -1145.723014 -1145.723191 -1145.723386 -1145.723629 -1145.723965 -1145.724459 -1145.725216 -1145.726405 -1145.728305 -1145.731387 -1145.736476 -1145.745055 -1145.759900 -1145.786351 -1145.834935 -1145.926764 -1146.104979 -1146.461156 -1147.204748 -1148.864921 -1152.877158 -1163.188352 -1191.205462 -9999.0 -9999.0
-9999.0 -9999.0 1039.262388 945.939264 852.339732 757.972354 663.156885 568.135240 473.046440 377.967629 282.941692 187.992399 93.132362 -1.627424 -96.244183 -190.721133 -285.044563 -379.161778 -472.874331 -565.675508 -657.141350 -747.349886 -835.604100 -921.214581 -993.587460 -1044.164273 -1080.739811 -1105.607026 -1121.660110 -1131.590705 -1137.527513 -1140.981276 -1142.948164 -1144.051662 -1144.666140 -1145.012140 -1145.224714 -1145.415393 -1145.848521 -1148.090192 -1161.564637 -1252.059425 -1807.519748 -3843.729020 -3935.613008 -3935.608626 -3933.877231 -3911.631140 -3813.685786 -3604.990883 -3327.188470 -3016.632995 -2810.487960 -2676.703840 -2554.526005 -2430.880627 -2303.747298 -2176.579220 -2053.735313 -1937.258385 -1818.959430 -1402.764245 -1214.302252 -1155.857171 -1147.067136 -1145.899818 -1145.742605 -1145.719372 -1145.716649 -1145.717447 -1145.718677 -1145.719745 -1145.720577 -1145.721213 -1145.721701 -1145.722081 -1145.722383 -1145.722628 -1145.722832 -1145.723014 -1145.723191 -1145.723386 -1145.723629 -1145.723965 -1145.724459 -1145.725216 -1145.726405 -1145.728305 -1145.731387 -1145.736476 -1145.745055 -1145.759900 -1145.786351 -1145.834935 -1145.926764 -1146.104979 -1146.461156 -1147.204748 -1148.864921 -1152.877158 -1163.188352 -1191.205462 -9999.0 -9999.0
-9999.0 -9999.0 1039.262388 945.939264 852.339732 757.972355 663.156884 568.135240 473.046440 377.967629 282.941691 187.992399 93.132362 -1.627424 -96.244183 -190.721133 -285.044564 -379.161778 -472.874331 -565.675508 -657.141350 -747.349886 -835.604100 -921.214581 -993.587460 -1044.164273 -1080.739811 -1105.607026 -1121.660110 -1131.590705 -1137.527513 -1140.981276 -1142.948164 -1144.051662 -1144.666140 -1145.012140 -1145.224714 -1145.415393 -1145.848521 -1148.090192 -1161.564637 -1252.059425 -1807.519748 -3843.729020 -3935.613008 -3935.608626 -3933.877231 -3911.631140 -3813.685786 -3604.990884 -3327.188470 -3016.632995 -2810.487960 -2676.703840 -2554.526005 -2430.880627 -2303.747297 -2176.579220 -2053.735313 -1937.258386 -1818.959430 -1402.764245 -1214.302252 -1155.857171 -1147.067136 -1145.899818 -1145.742605 -1145.719372 -1145.716649 -1145.717447 -1145.718677 -1145.719745 -1145.720577 -1145.721213 -1145.721701 -1145.722081 -1145.722383 -1145.722628 -1145.722832 -1145.723014 -1145.723191 -1145.723386 -1145.723629 -1145.723965 -1145.724459 -1145.725216 -1145.726405 -1145.728305 -1145.731387 -1145.736476 -1145.745055 -1145.759900 -1145.786351 -1145.834935 -1145.926764 -1146.104979 -1146.461156 -1147.204748 -1148.864921 -1152.877158 -1163.188352 -1191.205462 -9999.0 -9999.0
-9999.0 -9999.0 1039.261116 945.938571 852.339436 757.972240 663.156842 568.135224 473.046435 377.967627 282.941691 187.992399 93.132362 -1.627424 -96.244183 -190.721133 -285.044563 -379.161778 -472.874331 -565.675508 -657.141350 -747.349886 -835.604100 -921.214581 -993.587460 -1044.164273 -1080.739811 -1105.607026 -1121.660110 -1131.590705 -1137.527513 -1140.981276 -1142.948164 -1144.051662 -1144.666140 -1145.012140 -1145.224714 -1145.415393 -1145.848521 -1148.090192 -1161.564637 -1252.059425 -1807.519748 -3843.729020 -3935.613008 -3935.608626 -3933.877231 -3911.631140 -3813.685787 -3604.990884 -3327.188472 -3016.632996 -2810.487961 -2676.703840 -2554.526006 -2430.880627 -2303.747298 -2176.579220 -2053.735313 -1937.258386 -1818.959430 -1402.764245 -1214.302252 -1155.857171 -1147.067136 -1145.899818 -1145.742605 -1145.719372 -1145.716649 -1145.717447 -1145.718677 -1145.719745 -1145.720577 -1145.721213 -1145.721701 -1145.722081 -1145.722383 -1145.722628 -1145.722832 -1145.723014 -1145.723191 -1145.723386 -1145.723629 -1145.723965 -1145.724459 -1145.725216 -1145.726405 -1145.728305 -1145.731387 -1145.736476 -1145.745055 -1145.759900 -1145.786351 -1145.834935 -1145.926764 -1146.104979 -1146.461156 -1147.204748 -1148.864921 -1152.877158 -1163.188352 -1191.205462 -9999.0 -9999.0
-9999.0 -9999.0 1039.257969 945.937316 852.339012 757.972099 663.156794 568.135208 473.046429 377.967625 282.941690 187.992399 93.132362 -1.627424 -96.244183 -190.721133 -285.044563 -379.161778 -472.874330 -565.675508 -657.141350 -747.349886 -835.604100 -921.214581 -993.587459 -1044.164273 -1080.739811 -1105.607026 -1121.660110 -1131.590705 -1137.527513 -1140.981276 -1142.948164 -1144.051662 -1144.666140 -1145.012140 -1145.224714 -1145.415393 -1145.848521 -1148.090192 -1161.564637 -1252.059425 -1807.519749 -3843.729021 -3935.613008 -3935.608626 -3933.877231 -3911.631140 -3813.685787 -3604.990887 -3327.188477 -3016.632998 -2810.487961 -2676.703841 -2554.526006 -2430.880628 -2303.747298 -2176.579221 -2053.735313 -1937.258386 -1818.959430 -1402.764245 -1214.302252 -1155.857171 -1147.067136 -1145.899818 -1145.742605 -1145.719372 -1145.716649 -1145.717447 -1145.718677 -1145.719745 -1145.720577 -1145.721213 -1145.721701 -1145.722081 -1145.722383 -1145.722628 -1145.722832 -1145.723014 -1145.723191 -1145.723386 -1145.723629 -1145.723965 -1145.724459 -1145.725216 -1145.726405 -1145.728305 -1145.731387 -1145.736476 -1145.745055 -1145.759900 -1145.786351 -1145.834935 -1145.926764 -1146.104979 -1146.461156 -1147.204748 -1148.864921 -1152.877158 -1163.188352 -1191.205463 -9999.0 -9999.0
-9999.0 -9999.0 -9999.0 -9999.0 -9999.0 -9999.0 -9999.0 -9999.0 -9999.0 -9999.0 -9999.0 -9999.0 -9999.0 -9999.0 -9999.0 -9999.0 -9999.0 -9999.0 -9999.0 -9999.0 -9999.0 -9999.0 -9999.0 -9999.0 -9999.0 -9999.0 -9999.0 -9999.0 -9999.0 -9999.0 -9999.0 -9999.0 -9999.0 -9999.0 -9999.0 -9999.0 -9999.0 -9999.0 -9999.0 -9999.0 -9999.0 -9999.0 -9999.0 -9999.0 -9999.0 -9999.0 -9999.0 -9999.0 -9999.0 -9999.0 -9999.0 -9999.0 -9999.0 -9999.0 -9999.0 -9999.0 -9999.0 -9999.0 -9999.0 -9999.0 -9999.0 -9999.0 -9999.0 -9999.0 -9999.0 -9999.0 -9999.0 -9999.0 -9999.0 -9999.0 -9999.0 -9999.0 -9999.0 -9999.0 -9999.0 -9999.0 -9999.0 -9999.0 -9999.0 -9999.0 -9999.0 -9999.0 -9999.0 -9999.0 -9999.0 -9999.0 -9999.0 -9999.0 -9999.0 -9999.0 -9999.0 -9999.0 -9999.0 -9999.0 -9999.0 -9999.0 -9999.0 -9999.0 -9999.0 -9999.0 -9999.0 -9999.0 -9999.0 -9999.0
-9999.0 -9999.0 -9999.0 -9999.0 -9999.0 -9999.0 -9999.0 -9999.0 -9999.0 -9999.0 -9999.0 -9999.0 -9999.0 -9999.0 -9999.0 -9999.0 -9999.0 -9999.0 -9999.0 -9999.0 -9999.0 -9999.0 -9999.0 -9999.0 -9999.0 -9999.0 -9999.0 -9999.0 -9999.0 -9999.0 -9999.0 -9999.0 -9999.0 -9999.0 -9999.0 -9999.0 -9999.0 -9999.0 -9999.0 -9999.0 -9999.0 -9999.0 -9999.0 -9999.0 -9999.0 -9999.0 -9999.0 -9999.0 -9999.0 -9999.0 -9999.0 -9999.0 -9999.0 -9999.0 -9999.0 -9999.0 -9999.0 -9999.0 -9999.0 -9999.0 -9999.0 -9999.0 -9999.0 -9999.0 -9999.0 -9999.0 -9999.0 -9999.0 -9999.0 -9999.0 -9999.0 -9999.0 -9999.0 -9999.0 -9999.0 -9999.0 -9999.0 -9999.0 -9999.0 -9999.0 -9999.0 -9999.0 -9999.0 -9999.0 -9999.0 -9999.0 -9999.0 -9999.0 -9999.0 -9999.0 -9999.0 -9999.0 -9999.0 -9999.0 -9999.0 -9999.0 -9999.0 -9999.0 -9999.0 -9999.0 -9999.0 -9999.0 -9999.0 -9999.0