inst/processing_geotop_simulation/geotop_simulation/out/maps3D/PwL0017N0126.asc
ncols         104
nrows         10
xllcorner     -2.000000
yllcorner     0.000000
cellsize      1.000000
NODATA_value  -9999.0
-9999.0 -9999.0 -9999.0 -9999.0 -9999.0 -9999.0 -9999.0 -9999.0 -9999.0 -9999.0 -9999.0 -9999.0 -9999.0 -9999.0 -9999.0 -9999.0 -9999.0 -9999.0 -9999.0 -9999.0 -9999.0 -9999.0 -9999.0 -9999.0 -9999.0 -9999.0 -9999.0 -9999.0 -9999.0 -9999.0 -9999.0 -9999.0 -9999.0 -9999.0 -9999.0 -9999.0 -9999.0 -9999.0 -9999.0 -9999.0 -9999.0 -9999.0 -9999.0 -9999.0 -9999.0 -9999.0 -9999.0 -9999.0 -9999.0 -9999.0 -9999.0 -9999.0 -9999.0 -9999.0 -9999.0 -9999.0 -9999.0 -9999.0 -9999.0 -9999.0 -9999.0 -9999.0 -9999.0 -9999.0 -9999.0 -9999.0 -9999.0 -9999.0 -9999.0 -9999.0 -9999.0 -9999.0 -9999.0 -9999.0 -9999.0 -9999.0 -9999.0 -9999.0 -9999.0 -9999.0 -9999.0 -9999.0 -9999.0 -9999.0 -9999.0 -9999.0 -9999.0 -9999.0 -9999.0 -9999.0 -9999.0 -9999.0 -9999.0 -9999.0 -9999.0 -9999.0 -9999.0 -9999.0 -9999.0 -9999.0 -9999.0 -9999.0 -9999.0 -9999.0
-9999.0 -9999.0 -9999.0 -9999.0 -9999.0 -9999.0 -9999.0 -9999.0 -9999.0 -9999.0 -9999.0 -9999.0 -9999.0 -9999.0 -9999.0 -9999.0 -9999.0 -9999.0 -9999.0 -9999.0 -9999.0 -9999.0 -9999.0 -9999.0 -9999.0 -9999.0 -9999.0 -9999.0 -9999.0 -9999.0 -9999.0 -9999.0 -9999.0 -9999.0 -9999.0 -9999.0 -9999.0 -9999.0 -9999.0 -9999.0 -9999.0 -9999.0 -9999.0 -9999.0 -9999.0 -9999.0 -9999.0 -9999.0 -9999.0 -9999.0 -9999.0 -9999.0 -9999.0 -9999.0 -9999.0 -9999.0 -9999.0 -9999.0 -9999.0 -9999.0 -9999.0 -9999.0 -9999.0 -9999.0 -9999.0 -9999.0 -9999.0 -9999.0 -9999.0 -9999.0 -9999.0 -9999.0 -9999.0 -9999.0 -9999.0 -9999.0 -9999.0 -9999.0 -9999.0 -9999.0 -9999.0 -9999.0 -9999.0 -9999.0 -9999.0 -9999.0 -9999.0 -9999.0 -9999.0 -9999.0 -9999.0 -9999.0 -9999.0 -9999.0 -9999.0 -9999.0 -9999.0 -9999.0 -9999.0 -9999.0 -9999.0 -9999.0 -9999.0 -9999.0
-9999.0 -9999.0 839.232954 747.277752 654.212560 560.057846 465.346432 370.387584 275.344363 180.303748 85.312987 -9.593912 -104.388324 -199.079150 -293.656764 -388.145366 -482.624443 -576.993095 -670.562304 -762.312019 -852.515340 -940.230681 -1017.713018 -1075.535829 -1117.655414 -1146.319012 -1164.818436 -1176.296670 -1183.210427 -1187.277934 -1189.628242 -1190.969154 -1191.729521 -1192.161887 -1192.411124 -1192.560886 -1192.667074 -1192.792789 -1193.140592 -1195.079178 -1207.449019 -1298.254504 -2053.145687 -4120.595114 -4133.662902 -4133.663366 -4133.663366 -4133.663366 -4133.663366 -4133.663366 -4133.663364 -4133.663357 -4133.663345 -4133.663328 -4133.663297 -4133.663231 -4133.663072 -4133.662638 -4133.661344 -4133.656270 -4112.149217 -1930.350301 -1265.510349 -1202.351177 -1194.194465 -1193.150116 -1193.009090 -1192.987841 -1192.985452 -1192.986363 -1192.987655 -1192.988762 -1192.989621 -1192.990274 -1192.990774 -1192.991162 -1192.991469 -1192.991718 -1192.991925 -1192.992108 -1192.992286 -1192.992483 -1192.992730 -1192.993071 -1192.993575 -1192.994347 -1192.995562 -1192.997502 -1193.000647 -1193.005833 -1193.014562 -1193.029637 -1193.056435 -1193.105540 -1193.198094 -1193.376944 -1193.731363 -1194.458963 -1196.039473 -1199.736289 -1209.025261 -1234.669859 -9999.0 -9999.0
-9999.0 -9999.0 839.237150 747.279255 654.213034 560.057998 465.346482 370.387601 275.344369 180.303750 85.312988 -9.593911 -104.388324 -199.079150 -293.656764 -388.145366 -482.624443 -576.993095 -670.562304 -762.312019 -852.515340 -940.230682 -1017.713018 -1075.535829 -1117.655414 -1146.319012 -1164.818436 -1176.296670 -1183.210427 -1187.277934 -1189.628242 -1190.969154 -1191.729521 -1192.161887 -1192.411124 -1192.560886 -1192.667074 -1192.792789 -1193.140592 -1195.079178 -1207.449019 -1298.254504 -2053.145686 -4120.595114 -4133.662902 -4133.663366 -4133.663366 -4133.663366 -4133.663366 -4133.663366 -4133.663364 -4133.663357 -4133.663345 -4133.663328 -4133.663297 -4133.663231 -4133.663072 -4133.662638 -4133.661344 -4133.656270 -4112.149217 -1930.350301 -1265.510349 -1202.351177 -1194.194465 -1193.150116 -1193.009090 -1192.987841 -1192.985452 -1192.986363 -1192.987655 -1192.988762 -1192.989621 -1192.990274 -1192.990774 -1192.991162 -1192.991469 -1192.991718 -1192.991925 -1192.992108 -1192.992286 -1192.992483 -1192.992730 -1192.993071 -1192.993575 -1192.994347 -1192.995562 -1192.997502 -1193.000647 -1193.005833 -1193.014562 -1193.029637 -1193.056435 -1193.105540 -1193.198094 -1193.376944 -1193.731363 -1194.458963 -1196.039473 -1199.736289 -1209.025261 -1234.669859 -9999.0 -9999.0
-9999.0 -9999.0 839.238599 747.280025 654.213356 560.058120 465.346527 370.387617 275.344375 180.303752 85.312989 -9.593911 -104.388324 -199.079150 -293.656764 -388.145366 -482.624443 -576.993096 -670.562304 -762.312019 -852.515340 -940.230682 -1017.713018 -1075.535830 -1117.655415 -1146.319012 -1164.818436 -1176.296670 -1183.210427 -1187.277934 -1189.628242 -1190.969154 -1191.729521 -1192.161887 -1192.411124 -1192.560886 -1192.667074 -1192.792789 -1193.140592 -1195.079178 -1207.449019 -1298.254504 -2053.145686 -4120.595114 -4133.662902 -4133.663366 -4133.663366 -4133.663366 -4133.663366 -4133.663366 -4133.663364 -4133.663357 -4133.663345 -4133.663328 -4133.663297 -4133.663231 -4133.663072 -4133.662638 -4133.661344 -4133.656270 -4112.149217 -1930.350301 -1265.510349 -1202.351177 -1194.194465 -1193.150116 -1193.009090 -1192.987841 -1192.985452 -1192.986363 -1192.987655 -1192.988762 -1192.989621 -1192.990274 -1192.990774 -1192.991162 -1192.991469 -1192.991718 -1192.991925 -1192.992108 -1192.992286 -1192.992483 -1192.992730 -1192.993071 -1192.993575 -1192.994347 -1192.995562 -1192.997502 -1193.000647 -1193.005833 -1193.014562 -1193.029637 -1193.056435 -1193.105540 -1193.198094 -1193.376944 -1193.731363 -1194.458963 -1196.039473 -1199.736289 -1209.025261 -1234.669859 -9999.0 -9999.0
-9999.0 -9999.0 839.238599 747.280025 654.213356 560.058120 465.346527 370.387617 275.344374 180.303752 85.312988 -9.593911 -104.388324 -199.079150 -293.656764 -388.145366 -482.624443 -576.993096 -670.562304 -762.312019 -852.515340 -940.230682 -1017.713018 -1075.535830 -1117.655415 -1146.319012 -1164.818436 -1176.296670 -1183.210427 -1187.277934 -1189.628242 -1190.969154 -1191.729521 -1192.161887 -1192.411124 -1192.560886 -1192.667074 -1192.792789 -1193.140592 -1195.079178 -1207.449019 -1298.254504 -2053.145686 -4120.595114 -4133.662902 -4133.663366 -4133.663366 -4133.663366 -4133.663366 -4133.663366 -4133.663364 -4133.663357 -4133.663345 -4133.663328 -4133.663297 -4133.663231 -4133.663072 -4133.662638 -4133.661344 -4133.656270 -4112.149217 -1930.350301 -1265.510349 -1202.351177 -1194.194465 -1193.150116 -1193.009090 -1192.987841 -1192.985452 -1192.986363 -1192.987655 -1192.988762 -1192.989621 -1192.990274 -1192.990774 -1192.991162 -1192.991469 -1192.991718 -1192.991925 -1192.992108 -1192.992286 -1192.992483 -1192.992730 -1192.993071 -1192.993575 -1192.994347 -1192.995562 -1192.997502 -1193.000647 -1193.005833 -1193.014562 -1193.029637 -1193.056435 -1193.105540 -1193.198094 -1193.376944 -1193.731363 -1194.458963 -1196.039473 -1199.736289 -1209.025261 -1234.669859 -9999.0 -9999.0
-9999.0 -9999.0 839.237150 747.279255 654.213034 560.057998 465.346482 370.387601 275.344369 180.303750 85.312988 -9.593912 -104.388324 -199.079150 -293.656764 -388.145366 -482.624443 -576.993096 -670.562304 -762.312019 -852.515340 -940.230682 -1017.713018 -1075.535829 -1117.655414 -1146.319012 -1164.818436 -1176.296670 -1183.210427 -1187.277934 -1189.628242 -1190.969154 -1191.729521 -1192.161887 -1192.411124 -1192.560886 -1192.667074 -1192.792789 -1193.140592 -1195.079178 -1207.449019 -1298.254504 -2053.145686 -4120.595114 -4133.662902 -4133.663366 -4133.663366 -4133.663366 -4133.663366 -4133.663366 -4133.663364 -4133.663357 -4133.663345 -4133.663328 -4133.663297 -4133.663231 -4133.663072 -4133.662638 -4133.661344 -4133.656270 -4112.149217 -1930.350301 -1265.510349 -1202.351177 -1194.194465 -1193.150116 -1193.009090 -1192.987841 -1192.985452 -1192.986363 -1192.987655 -1192.988762 -1192.989621 -1192.990274 -1192.990774 -1192.991162 -1192.991469 -1192.991718 -1192.991925 -1192.992108 -1192.992286 -1192.992483 -1192.992730 -1192.993071 -1192.993575 -1192.994347 -1192.995562 -1192.997502 -1193.000647 -1193.005833 -1193.014562 -1193.029637 -1193.056435 -1193.105540 -1193.198094 -1193.376944 -1193.731363 -1194.458963 -1196.039473 -1199.736289 -1209.025261 -1234.669859 -9999.0 -9999.0
-9999.0 -9999.0 839.232954 747.277752 654.212560 560.057846 465.346432 370.387584 275.344363 180.303748 85.312987 -9.593912 -104.388324 -199.079150 -293.656764 -388.145366 -482.624443 -576.993095 -670.562304 -762.312019 -852.515340 -940.230681 -1017.713018 -1075.535829 -1117.655414 -1146.319012 -1164.818436 -1176.296670 -1183.210427 -1187.277934 -1189.628242 -1190.969154 -1191.729521 -1192.161887 -1192.411124 -1192.560886 -1192.667074 -1192.792789 -1193.140592 -1195.079178 -1207.449019 -1298.254504 -2053.145687 -4120.595114 -4133.662902 -4133.663366 -4133.663366 -4133.663366 -4133.663366 -4133.663366 -4133.663364 -4133.663357 -4133.663345 -4133.663328 -4133.663297 -4133.663231 -4133.663072 -4133.662638 -4133.661344 -4133.656270 -4112.149217 -1930.350301 -1265.510349 -1202.351177 -1194.194465 -1193.150116 -1193.009090 -1192.987841 -1192.985452 -1192.986363 -1192.987655 -1192.988762 -1192.989621 -1192.990274 -1192.990774 -1192.991162 -1192.991469 -1192.991718 -1192.991925 -1192.992108 -1192.992286 -1192.992483 -1192.992730 -1192.993071 -1192.993575 -1192.994347 -1192.995562 -1192.997502 -1193.000647 -1193.005833 -1193.014562 -1193.029637 -1193.056435 -1193.105540 -1193.198094 -1193.376944 -1193.731363 -1194.458963 -1196.039473 -1199.736289 -1209.025261 -1234.669859 -9999.0 -9999.0
-9999.0 -9999.0 -9999.0 -9999.0 -9999.0 -9999.0 -9999.0 -9999.0 -9999.0 -9999.0 -9999.0 -9999.0 -9999.0 -9999.0 -9999.0 -9999.0 -9999.0 -9999.0 -9999.0 -9999.0 -9999.0 -9999.0 -9999.0 -9999.0 -9999.0 -9999.0 -9999.0 -9999.0 -9999.0 -9999.0 -9999.0 -9999.0 -9999.0 -9999.0 -9999.0 -9999.0 -9999.0 -9999.0 -9999.0 -9999.0 -9999.0 -9999.0 -9999.0 -9999.0 -9999.0 -9999.0 -9999.0 -9999.0 -9999.0 -9999.0 -9999.0 -9999.0 -9999.0 -9999.0 -9999.0 -9999.0 -9999.0 -9999.0 -9999.0 -9999.0 -9999.0 -9999.0 -9999.0 -9999.0 -9999.0 -9999.0 -9999.0 -9999.0 -9999.0 -9999.0 -9999.0 -9999.0 -9999.0 -9999.0 -9999.0 -9999.0 -9999.0 -9999.0 -9999.0 -9999.0 -9999.0 -9999.0 -9999.0 -9999.0 -9999.0 -9999.0 -9999.0 -9999.0 -9999.0 -9999.0 -9999.0 -9999.0 -9999.0 -9999.0 -9999.0 -9999.0 -9999.0 -9999.0 -9999.0 -9999.0 -9999.0 -9999.0 -9999.0 -9999.0
-9999.0 -9999.0 -9999.0 -9999.0 -9999.0 -9999.0 -9999.0 -9999.0 -9999.0 -9999.0 -9999.0 -9999.0 -9999.0 -9999.0 -9999.0 -9999.0 -9999.0 -9999.0 -9999.0 -9999.0 -9999.0 -9999.0 -9999.0 -9999.0 -9999.0 -9999.0 -9999.0 -9999.0 -9999.0 -9999.0 -9999.0 -9999.0 -9999.0 -9999.0 -9999.0 -9999.0 -9999.0 -9999.0 -9999.0 -9999.0 -9999.0 -9999.0 -9999.0 -9999.0 -9999.0 -9999.0 -9999.0 -9999.0 -9999.0 -9999.0 -9999.0 -9999.0 -9999.0 -9999.0 -9999.0 -9999.0 -9999.0 -9999.0 -9999.0 -9999.0 -9999.0 -9999.0 -9999.0 -9999.0 -9999.0 -9999.0 -9999.0 -9999.0 -9999.0 -9999.0 -9999.0 -9999.0 -9999.0 -9999.0 -9999.0 -9999.0 -9999.0 -9999.0 -9999.0 -9999.0 -9999.0 -9999.0 -9999.0 -9999.0 -9999.0 -9999.0 -9999.0 -9999.0 -9999.0 -9999.0 -9999.0 -9999.0 -9999.0 -9999.0 -9999.0 -9999.0 -9999.0 -9999.0 -9999.0 -9999.0 -9999.0 -9999.0 -9999.0 -9999.0