inst/processing_geotop_simulation/geotop_simulation/out/maps3D/PwL0008N0411.asc
ncols         104
nrows         10
xllcorner     -2.000000
yllcorner     0.000000
cellsize      1.000000
NODATA_value  -9999.0
-9999.0 -9999.0 -9999.0 -9999.0 -9999.0 -9999.0 -9999.0 -9999.0 -9999.0 -9999.0 -9999.0 -9999.0 -9999.0 -9999.0 -9999.0 -9999.0 -9999.0 -9999.0 -9999.0 -9999.0 -9999.0 -9999.0 -9999.0 -9999.0 -9999.0 -9999.0 -9999.0 -9999.0 -9999.0 -9999.0 -9999.0 -9999.0 -9999.0 -9999.0 -9999.0 -9999.0 -9999.0 -9999.0 -9999.0 -9999.0 -9999.0 -9999.0 -9999.0 -9999.0 -9999.0 -9999.0 -9999.0 -9999.0 -9999.0 -9999.0 -9999.0 -9999.0 -9999.0 -9999.0 -9999.0 -9999.0 -9999.0 -9999.0 -9999.0 -9999.0 -9999.0 -9999.0 -9999.0 -9999.0 -9999.0 -9999.0 -9999.0 -9999.0 -9999.0 -9999.0 -9999.0 -9999.0 -9999.0 -9999.0 -9999.0 -9999.0 -9999.0 -9999.0 -9999.0 -9999.0 -9999.0 -9999.0 -9999.0 -9999.0 -9999.0 -9999.0 -9999.0 -9999.0 -9999.0 -9999.0 -9999.0 -9999.0 -9999.0 -9999.0 -9999.0 -9999.0 -9999.0 -9999.0 -9999.0 -9999.0 -9999.0 -9999.0 -9999.0 -9999.0
-9999.0 -9999.0 -9999.0 -9999.0 -9999.0 -9999.0 -9999.0 -9999.0 -9999.0 -9999.0 -9999.0 -9999.0 -9999.0 -9999.0 -9999.0 -9999.0 -9999.0 -9999.0 -9999.0 -9999.0 -9999.0 -9999.0 -9999.0 -9999.0 -9999.0 -9999.0 -9999.0 -9999.0 -9999.0 -9999.0 -9999.0 -9999.0 -9999.0 -9999.0 -9999.0 -9999.0 -9999.0 -9999.0 -9999.0 -9999.0 -9999.0 -9999.0 -9999.0 -9999.0 -9999.0 -9999.0 -9999.0 -9999.0 -9999.0 -9999.0 -9999.0 -9999.0 -9999.0 -9999.0 -9999.0 -9999.0 -9999.0 -9999.0 -9999.0 -9999.0 -9999.0 -9999.0 -9999.0 -9999.0 -9999.0 -9999.0 -9999.0 -9999.0 -9999.0 -9999.0 -9999.0 -9999.0 -9999.0 -9999.0 -9999.0 -9999.0 -9999.0 -9999.0 -9999.0 -9999.0 -9999.0 -9999.0 -9999.0 -9999.0 -9999.0 -9999.0 -9999.0 -9999.0 -9999.0 -9999.0 -9999.0 -9999.0 -9999.0 -9999.0 -9999.0 -9999.0 -9999.0 -9999.0 -9999.0 -9999.0 -9999.0 -9999.0 -9999.0 -9999.0
-9999.0 -9999.0 373.435888 275.106626 176.160900 76.970275 -22.317787 -121.644060 -220.982881 -320.316876 -419.628532 -518.889771 -618.043275 -716.981299 -815.940640 -914.852504 -1013.676962 -1112.413879 -1210.313942 -1307.116315 -1401.807324 -1492.521982 -1576.569233 -1651.183311 -1714.475764 -1765.906065 -1806.155255 -1836.680014 -1859.244859 -1875.585429 -1887.225393 -1895.409112 -1901.103624 -1905.034143 -1907.730945 -1909.577365 -1910.861345 -1911.864395 -1913.104331 -1915.751421 -1918.657916 -1879.213900 -1249.307428 -1312.946211 -1289.155128 -1273.296877 -1265.934332 -1264.846478 -1264.730602 -1264.740535 -1264.768359 -1264.798354 -1264.827187 -1264.853892 -1264.878734 -1264.908151 -1265.002809 -1265.644468 -1269.523792 -1278.168194 -1288.141719 -1210.736086 -1847.886029 -1911.850789 -1914.461522 -1913.803088 -1913.578280 -1913.532125 -1913.524443 -1913.523650 -1913.523959 -1913.524369 -1913.524718 -1913.524995 -1913.525214 -1913.525390 -1913.525535 -1913.525658 -1913.525766 -1913.525866 -1913.525967 -1913.526078 -1913.526212 -1913.526391 -1913.526644 -1913.527019 -1913.527595 -1913.528506 -1913.529979 -1913.532421 -1913.536585 -1913.543900 -1913.557161 -1913.581965 -1913.629791 -1913.725060 -1913.922635 -1914.354948 -1915.368907 -1917.965730 -1925.416097 -1950.017627 -9999.0 -9999.0
-9999.0 -9999.0 373.442388 275.108276 176.161344 76.970408 -22.317745 -121.644046 -220.982875 -320.316874 -419.628531 -518.889771 -618.043275 -716.981299 -815.940640 -914.852504 -1013.676962 -1112.413879 -1210.313942 -1307.116315 -1401.807324 -1492.521982 -1576.569233 -1651.183311 -1714.475764 -1765.906065 -1806.155255 -1836.680014 -1859.244859 -1875.585429 -1887.225393 -1895.409112 -1901.103624 -1905.034143 -1907.730945 -1909.577365 -1910.861345 -1911.864395 -1913.104331 -1915.751421 -1918.657916 -1879.213899 -1249.307427 -1312.946211 -1289.155127 -1273.296877 -1265.934332 -1264.846478 -1264.730602 -1264.740535 -1264.768359 -1264.798354 -1264.827187 -1264.853892 -1264.878734 -1264.908151 -1265.002809 -1265.644468 -1269.523792 -1278.168194 -1288.141719 -1210.736086 -1847.886029 -1911.850789 -1914.461522 -1913.803088 -1913.578280 -1913.532125 -1913.524443 -1913.523650 -1913.523959 -1913.524369 -1913.524718 -1913.524995 -1913.525214 -1913.525390 -1913.525535 -1913.525658 -1913.525766 -1913.525866 -1913.525967 -1913.526078 -1913.526212 -1913.526391 -1913.526644 -1913.527019 -1913.527595 -1913.528506 -1913.529979 -1913.532421 -1913.536585 -1913.543900 -1913.557161 -1913.581965 -1913.629791 -1913.725060 -1913.922635 -1914.354948 -1915.368907 -1917.965730 -1925.416097 -1950.017627 -9999.0 -9999.0
-9999.0 -9999.0 373.443722 275.108990 176.161629 76.970512 -22.317707 -121.644032 -220.982871 -320.316872 -419.628530 -518.889770 -618.043275 -716.981298 -815.940640 -914.852504 -1013.676962 -1112.413879 -1210.313942 -1307.116315 -1401.807324 -1492.521982 -1576.569234 -1651.183311 -1714.475764 -1765.906065 -1806.155255 -1836.680014 -1859.244859 -1875.585429 -1887.225393 -1895.409112 -1901.103624 -1905.034143 -1907.730945 -1909.577365 -1910.861345 -1911.864395 -1913.104331 -1915.751421 -1918.657916 -1879.213899 -1249.307427 -1312.946211 -1289.155127 -1273.296877 -1265.934332 -1264.846478 -1264.730602 -1264.740535 -1264.768359 -1264.798354 -1264.827187 -1264.853892 -1264.878734 -1264.908151 -1265.002809 -1265.644468 -1269.523792 -1278.168194 -1288.141719 -1210.736086 -1847.886029 -1911.850789 -1914.461522 -1913.803088 -1913.578280 -1913.532125 -1913.524443 -1913.523650 -1913.523959 -1913.524369 -1913.524718 -1913.524995 -1913.525214 -1913.525390 -1913.525535 -1913.525658 -1913.525766 -1913.525866 -1913.525967 -1913.526078 -1913.526212 -1913.526391 -1913.526644 -1913.527019 -1913.527595 -1913.528506 -1913.529979 -1913.532421 -1913.536585 -1913.543900 -1913.557161 -1913.581965 -1913.629791 -1913.725060 -1913.922635 -1914.354948 -1915.368907 -1917.965730 -1925.416097 -1950.017627 -9999.0 -9999.0
-9999.0 -9999.0 373.443722 275.108990 176.161629 76.970512 -22.317707 -121.644032 -220.982871 -320.316872 -419.628530 -518.889770 -618.043275 -716.981299 -815.940640 -914.852504 -1013.676962 -1112.413879 -1210.313942 -1307.116315 -1401.807324 -1492.521982 -1576.569234 -1651.183311 -1714.475764 -1765.906065 -1806.155255 -1836.680014 -1859.244859 -1875.585429 -1887.225393 -1895.409112 -1901.103624 -1905.034143 -1907.730945 -1909.577365 -1910.861345 -1911.864395 -1913.104331 -1915.751421 -1918.657916 -1879.213899 -1249.307427 -1312.946211 -1289.155127 -1273.296877 -1265.934332 -1264.846478 -1264.730602 -1264.740535 -1264.768359 -1264.798354 -1264.827187 -1264.853892 -1264.878734 -1264.908151 -1265.002809 -1265.644468 -1269.523792 -1278.168194 -1288.141719 -1210.736086 -1847.886029 -1911.850789 -1914.461522 -1913.803088 -1913.578280 -1913.532125 -1913.524443 -1913.523650 -1913.523959 -1913.524369 -1913.524718 -1913.524995 -1913.525214 -1913.525390 -1913.525535 -1913.525658 -1913.525766 -1913.525866 -1913.525967 -1913.526078 -1913.526212 -1913.526391 -1913.526644 -1913.527019 -1913.527595 -1913.528506 -1913.529979 -1913.532421 -1913.536585 -1913.543900 -1913.557161 -1913.581965 -1913.629791 -1913.725060 -1913.922635 -1914.354948 -1915.368907 -1917.965730 -1925.416097 -1950.017627 -9999.0 -9999.0
-9999.0 -9999.0 373.442388 275.108276 176.161344 76.970408 -22.317745 -121.644046 -220.982876 -320.316874 -419.628531 -518.889771 -618.043275 -716.981299 -815.940640 -914.852504 -1013.676962 -1112.413879 -1210.313942 -1307.116315 -1401.807324 -1492.521982 -1576.569233 -1651.183311 -1714.475764 -1765.906065 -1806.155255 -1836.680014 -1859.244859 -1875.585429 -1887.225393 -1895.409112 -1901.103624 -1905.034143 -1907.730945 -1909.577365 -1910.861345 -1911.864395 -1913.104331 -1915.751421 -1918.657916 -1879.213899 -1249.307427 -1312.946211 -1289.155127 -1273.296877 -1265.934332 -1264.846478 -1264.730602 -1264.740535 -1264.768359 -1264.798354 -1264.827187 -1264.853892 -1264.878734 -1264.908151 -1265.002809 -1265.644468 -1269.523792 -1278.168194 -1288.141719 -1210.736086 -1847.886029 -1911.850789 -1914.461522 -1913.803088 -1913.578280 -1913.532125 -1913.524443 -1913.523650 -1913.523959 -1913.524369 -1913.524718 -1913.524995 -1913.525214 -1913.525390 -1913.525535 -1913.525658 -1913.525766 -1913.525866 -1913.525967 -1913.526078 -1913.526212 -1913.526391 -1913.526644 -1913.527019 -1913.527595 -1913.528506 -1913.529979 -1913.532421 -1913.536585 -1913.543900 -1913.557161 -1913.581965 -1913.629791 -1913.725060 -1913.922635 -1914.354948 -1915.368907 -1917.965730 -1925.416097 -1950.017627 -9999.0 -9999.0
-9999.0 -9999.0 373.435888 275.106626 176.160899 76.970276 -22.317787 -121.644060 -220.982881 -320.316876 -419.628532 -518.889771 -618.043275 -716.981299 -815.940640 -914.852504 -1013.676962 -1112.413879 -1210.313942 -1307.116315 -1401.807324 -1492.521982 -1576.569233 -1651.183311 -1714.475764 -1765.906065 -1806.155255 -1836.680014 -1859.244859 -1875.585429 -1887.225393 -1895.409112 -1901.103624 -1905.034143 -1907.730945 -1909.577365 -1910.861345 -1911.864395 -1913.104331 -1915.751421 -1918.657916 -1879.213900 -1249.307428 -1312.946211 -1289.155128 -1273.296877 -1265.934332 -1264.846478 -1264.730602 -1264.740535 -1264.768359 -1264.798354 -1264.827187 -1264.853892 -1264.878734 -1264.908151 -1265.002809 -1265.644468 -1269.523792 -1278.168194 -1288.141719 -1210.736086 -1847.886029 -1911.850789 -1914.461522 -1913.803088 -1913.578280 -1913.532125 -1913.524443 -1913.523650 -1913.523959 -1913.524369 -1913.524718 -1913.524995 -1913.525214 -1913.525390 -1913.525535 -1913.525658 -1913.525766 -1913.525866 -1913.525967 -1913.526078 -1913.526212 -1913.526391 -1913.526644 -1913.527019 -1913.527595 -1913.528506 -1913.529979 -1913.532421 -1913.536585 -1913.543900 -1913.557161 -1913.581965 -1913.629791 -1913.725060 -1913.922635 -1914.354948 -1915.368907 -1917.965730 -1925.416097 -1950.017627 -9999.0 -9999.0
-9999.0 -9999.0 -9999.0 -9999.0 -9999.0 -9999.0 -9999.0 -9999.0 -9999.0 -9999.0 -9999.0 -9999.0 -9999.0 -9999.0 -9999.0 -9999.0 -9999.0 -9999.0 -9999.0 -9999.0 -9999.0 -9999.0 -9999.0 -9999.0 -9999.0 -9999.0 -9999.0 -9999.0 -9999.0 -9999.0 -9999.0 -9999.0 -9999.0 -9999.0 -9999.0 -9999.0 -9999.0 -9999.0 -9999.0 -9999.0 -9999.0 -9999.0 -9999.0 -9999.0 -9999.0 -9999.0 -9999.0 -9999.0 -9999.0 -9999.0 -9999.0 -9999.0 -9999.0 -9999.0 -9999.0 -9999.0 -9999.0 -9999.0 -9999.0 -9999.0 -9999.0 -9999.0 -9999.0 -9999.0 -9999.0 -9999.0 -9999.0 -9999.0 -9999.0 -9999.0 -9999.0 -9999.0 -9999.0 -9999.0 -9999.0 -9999.0 -9999.0 -9999.0 -9999.0 -9999.0 -9999.0 -9999.0 -9999.0 -9999.0 -9999.0 -9999.0 -9999.0 -9999.0 -9999.0 -9999.0 -9999.0 -9999.0 -9999.0 -9999.0 -9999.0 -9999.0 -9999.0 -9999.0 -9999.0 -9999.0 -9999.0 -9999.0 -9999.0 -9999.0
-9999.0 -9999.0 -9999.0 -9999.0 -9999.0 -9999.0 -9999.0 -9999.0 -9999.0 -9999.0 -9999.0 -9999.0 -9999.0 -9999.0 -9999.0 -9999.0 -9999.0 -9999.0 -9999.0 -9999.0 -9999.0 -9999.0 -9999.0 -9999.0 -9999.0 -9999.0 -9999.0 -9999.0 -9999.0 -9999.0 -9999.0 -9999.0 -9999.0 -9999.0 -9999.0 -9999.0 -9999.0 -9999.0 -9999.0 -9999.0 -9999.0 -9999.0 -9999.0 -9999.0 -9999.0 -9999.0 -9999.0 -9999.0 -9999.0 -9999.0 -9999.0 -9999.0 -9999.0 -9999.0 -9999.0 -9999.0 -9999.0 -9999.0 -9999.0 -9999.0 -9999.0 -9999.0 -9999.0 -9999.0 -9999.0 -9999.0 -9999.0 -9999.0 -9999.0 -9999.0 -9999.0 -9999.0 -9999.0 -9999.0 -9999.0 -9999.0 -9999.0 -9999.0 -9999.0 -9999.0 -9999.0 -9999.0 -9999.0 -9999.0 -9999.0 -9999.0 -9999.0 -9999.0 -9999.0 -9999.0 -9999.0 -9999.0 -9999.0 -9999.0 -9999.0 -9999.0 -9999.0 -9999.0 -9999.0 -9999.0 -9999.0 -9999.0 -9999.0 -9999.0