inst/processing_geotop_simulation/geotop_simulation/out/maps3D/PwL0005N0009.asc
ncols         104
nrows         10
xllcorner     -2.000000
yllcorner     0.000000
cellsize      1.000000
NODATA_value  -9999.0
-9999.0 -9999.0 -9999.0 -9999.0 -9999.0 -9999.0 -9999.0 -9999.0 -9999.0 -9999.0 -9999.0 -9999.0 -9999.0 -9999.0 -9999.0 -9999.0 -9999.0 -9999.0 -9999.0 -9999.0 -9999.0 -9999.0 -9999.0 -9999.0 -9999.0 -9999.0 -9999.0 -9999.0 -9999.0 -9999.0 -9999.0 -9999.0 -9999.0 -9999.0 -9999.0 -9999.0 -9999.0 -9999.0 -9999.0 -9999.0 -9999.0 -9999.0 -9999.0 -9999.0 -9999.0 -9999.0 -9999.0 -9999.0 -9999.0 -9999.0 -9999.0 -9999.0 -9999.0 -9999.0 -9999.0 -9999.0 -9999.0 -9999.0 -9999.0 -9999.0 -9999.0 -9999.0 -9999.0 -9999.0 -9999.0 -9999.0 -9999.0 -9999.0 -9999.0 -9999.0 -9999.0 -9999.0 -9999.0 -9999.0 -9999.0 -9999.0 -9999.0 -9999.0 -9999.0 -9999.0 -9999.0 -9999.0 -9999.0 -9999.0 -9999.0 -9999.0 -9999.0 -9999.0 -9999.0 -9999.0 -9999.0 -9999.0 -9999.0 -9999.0 -9999.0 -9999.0 -9999.0 -9999.0 -9999.0 -9999.0 -9999.0 -9999.0 -9999.0 -9999.0
-9999.0 -9999.0 -9999.0 -9999.0 -9999.0 -9999.0 -9999.0 -9999.0 -9999.0 -9999.0 -9999.0 -9999.0 -9999.0 -9999.0 -9999.0 -9999.0 -9999.0 -9999.0 -9999.0 -9999.0 -9999.0 -9999.0 -9999.0 -9999.0 -9999.0 -9999.0 -9999.0 -9999.0 -9999.0 -9999.0 -9999.0 -9999.0 -9999.0 -9999.0 -9999.0 -9999.0 -9999.0 -9999.0 -9999.0 -9999.0 -9999.0 -9999.0 -9999.0 -9999.0 -9999.0 -9999.0 -9999.0 -9999.0 -9999.0 -9999.0 -9999.0 -9999.0 -9999.0 -9999.0 -9999.0 -9999.0 -9999.0 -9999.0 -9999.0 -9999.0 -9999.0 -9999.0 -9999.0 -9999.0 -9999.0 -9999.0 -9999.0 -9999.0 -9999.0 -9999.0 -9999.0 -9999.0 -9999.0 -9999.0 -9999.0 -9999.0 -9999.0 -9999.0 -9999.0 -9999.0 -9999.0 -9999.0 -9999.0 -9999.0 -9999.0 -9999.0 -9999.0 -9999.0 -9999.0 -9999.0 -9999.0 -9999.0 -9999.0 -9999.0 -9999.0 -9999.0 -9999.0 -9999.0 -9999.0 -9999.0 -9999.0 -9999.0 -9999.0 -9999.0
-9999.0 -9999.0 230.248836 146.588511 65.609358 -14.552963 -94.773574 -171.059419 -231.786691 -261.017990 -347.713330 -382.354303 -352.510285 -298.272907 -238.564396 -109.921223 41.970163 16.353959 -22.268023 -68.826146 -115.756750 -160.315198 -200.457332 -235.470750 -259.041173 -274.271196 -284.085654 -290.340906 -294.235905 -296.628524 -298.155994 -299.245545 -300.205459 -301.251575 -302.504405 -303.994121 -305.634172 -307.011276 -306.691336 -302.268724 -287.917650 -254.861198 -3613.170023 -4627.828476 -4568.911562 -4519.003569 -4494.263027 -4490.859608 -4490.436024 -4490.395420 -4490.393453 -4490.395261 -4490.397332 -4490.399427 -4490.402742 -4490.419578 -4490.570162 -4491.262427 -4492.965496 -4500.230164 -4531.720134 -3489.978027 170.600080 91.103604 13.990502 -61.028973 -131.577759 -192.935684 -241.083225 -275.651352 -298.951189 -314.309363 -324.155031 -330.803497 -335.093200 -337.990377 -339.982776 -341.516444 -342.789256 -343.985574 -345.081091 -346.054711 -346.971856 -347.892990 -348.832948 -349.868929 -351.109826 -352.273005 -353.515991 -354.971887 -356.912924 -359.427804 -363.012409 -368.345694 -376.401233 -388.590279 -406.969538 -433.867286 -473.180832 -532.500779 -621.195068 -748.486001 -9999.0 -9999.0
-9999.0 -9999.0 230.348406 146.620787 65.620534 -14.548779 -94.771955 -171.058829 -231.786505 -261.017942 -347.713314 -382.354298 -352.510283 -298.272906 -238.564396 -109.921223 41.970163 16.353959 -22.268023 -68.826146 -115.756750 -160.315198 -200.457332 -235.470750 -259.041172 -274.271196 -284.085653 -290.340905 -294.235904 -296.628523 -298.155993 -299.245545 -300.205459 -301.251575 -302.504404 -303.994121 -305.634172 -307.011276 -306.691336 -302.268724 -287.917650 -254.861198 -3613.170023 -4627.828475 -4568.911562 -4519.003567 -4494.263028 -4490.859608 -4490.436024 -4490.395420 -4490.393453 -4490.395261 -4490.397332 -4490.399427 -4490.402742 -4490.419578 -4490.570162 -4491.262427 -4492.965496 -4500.230164 -4531.720134 -3489.978027 170.600079 91.103604 13.990502 -61.028973 -131.577759 -192.935684 -241.083225 -275.651352 -298.951189 -314.309363 -324.155031 -330.803497 -335.093200 -337.990377 -339.982776 -341.516444 -342.789256 -343.985574 -345.081091 -346.054711 -346.971856 -347.892990 -348.832948 -349.868929 -351.109826 -352.273005 -353.515991 -354.971887 -356.912924 -359.427804 -363.012409 -368.345694 -376.401233 -388.590279 -406.969537 -433.867287 -473.180831 -532.500779 -621.195068 -748.486002 -9999.0 -9999.0
-9999.0 -9999.0 230.373938 146.637131 65.628401 -14.545302 -94.770488 -171.058270 -231.786325 -261.017895 -347.713297 -382.354293 -352.510281 -298.272904 -238.564396 -109.921223 41.970163 16.353959 -22.268023 -68.826146 -115.756750 -160.315198 -200.457332 -235.470749 -259.041172 -274.271195 -284.085653 -290.340904 -294.235903 -296.628523 -298.155993 -299.245545 -300.205459 -301.251575 -302.504404 -303.994121 -305.634172 -307.011276 -306.691336 -302.268724 -287.917650 -254.861198 -3613.170023 -4627.828475 -4568.911562 -4519.003563 -4494.263028 -4490.859608 -4490.436024 -4490.395420 -4490.393453 -4490.395261 -4490.397332 -4490.399427 -4490.402742 -4490.419578 -4490.570162 -4491.262427 -4492.965496 -4500.230164 -4531.720133 -3489.978027 170.600080 91.103604 13.990502 -61.028973 -131.577759 -192.935684 -241.083225 -275.651352 -298.951189 -314.309363 -324.155031 -330.803497 -335.093200 -337.990377 -339.982776 -341.516444 -342.789256 -343.985574 -345.081091 -346.054711 -346.971856 -347.892990 -348.832948 -349.868929 -351.109826 -352.273005 -353.515991 -354.971887 -356.912924 -359.427804 -363.012409 -368.345694 -376.401233 -388.590279 -406.969538 -433.867286 -473.180832 -532.500779 -621.195068 -748.486001 -9999.0 -9999.0
-9999.0 -9999.0 230.373938 146.637131 65.628401 -14.545302 -94.770488 -171.058270 -231.786325 -261.017895 -347.713297 -382.354293 -352.510281 -298.272904 -238.564396 -109.921223 41.970163 16.353959 -22.268023 -68.826146 -115.756750 -160.315198 -200.457332 -235.470749 -259.041172 -274.271195 -284.085653 -290.340904 -294.235903 -296.628523 -298.155993 -299.245545 -300.205459 -301.251575 -302.504404 -303.994121 -305.634172 -307.011276 -306.691336 -302.268724 -287.917650 -254.861198 -3613.170023 -4627.828475 -4568.911562 -4519.003563 -4494.263028 -4490.859608 -4490.436024 -4490.395420 -4490.393453 -4490.395261 -4490.397332 -4490.399427 -4490.402742 -4490.419578 -4490.570162 -4491.262427 -4492.965496 -4500.230164 -4531.720133 -3489.978027 170.600079 91.103604 13.990502 -61.028973 -131.577759 -192.935684 -241.083225 -275.651352 -298.951189 -314.309363 -324.155031 -330.803497 -335.093200 -337.990377 -339.982776 -341.516444 -342.789256 -343.985574 -345.081091 -346.054711 -346.971856 -347.892990 -348.832948 -349.868929 -351.109826 -352.273005 -353.515991 -354.971887 -356.912924 -359.427804 -363.012409 -368.345694 -376.401233 -388.590279 -406.969537 -433.867287 -473.180831 -532.500779 -621.195068 -748.486002 -9999.0 -9999.0
-9999.0 -9999.0 230.348406 146.620787 65.620534 -14.548779 -94.771955 -171.058829 -231.786505 -261.017942 -347.713314 -382.354298 -352.510283 -298.272906 -238.564396 -109.921223 41.970163 16.353959 -22.268023 -68.826146 -115.756750 -160.315198 -200.457332 -235.470750 -259.041172 -274.271196 -284.085653 -290.340905 -294.235904 -296.628523 -298.155993 -299.245545 -300.205459 -301.251575 -302.504404 -303.994121 -305.634172 -307.011276 -306.691336 -302.268724 -287.917650 -254.861198 -3613.170023 -4627.828475 -4568.911562 -4519.003567 -4494.263028 -4490.859608 -4490.436024 -4490.395420 -4490.393453 -4490.395261 -4490.397332 -4490.399427 -4490.402742 -4490.419578 -4490.570162 -4491.262427 -4492.965496 -4500.230164 -4531.720133 -3489.978027 170.600080 91.103604 13.990502 -61.028973 -131.577759 -192.935684 -241.083225 -275.651352 -298.951189 -314.309363 -324.155031 -330.803497 -335.093200 -337.990377 -339.982776 -341.516444 -342.789256 -343.985574 -345.081091 -346.054711 -346.971856 -347.892990 -348.832948 -349.868929 -351.109826 -352.273005 -353.515991 -354.971887 -356.912924 -359.427804 -363.012409 -368.345694 -376.401233 -388.590279 -406.969538 -433.867286 -473.180832 -532.500779 -621.195068 -748.486001 -9999.0 -9999.0
-9999.0 -9999.0 230.248836 146.588511 65.609358 -14.552963 -94.773574 -171.059419 -231.786691 -261.017990 -347.713330 -382.354303 -352.510285 -298.272907 -238.564396 -109.921223 41.970163 16.353959 -22.268023 -68.826146 -115.756750 -160.315198 -200.457332 -235.470750 -259.041173 -274.271196 -284.085654 -290.340906 -294.235905 -296.628524 -298.155994 -299.245545 -300.205459 -301.251575 -302.504405 -303.994121 -305.634172 -307.011276 -306.691336 -302.268724 -287.917650 -254.861198 -3613.170023 -4627.828476 -4568.911562 -4519.003569 -4494.263027 -4490.859608 -4490.436024 -4490.395420 -4490.393453 -4490.395261 -4490.397332 -4490.399427 -4490.402742 -4490.419578 -4490.570162 -4491.262427 -4492.965496 -4500.230164 -4531.720134 -3489.978027 170.600079 91.103604 13.990502 -61.028973 -131.577759 -192.935684 -241.083225 -275.651352 -298.951189 -314.309363 -324.155031 -330.803497 -335.093200 -337.990377 -339.982776 -341.516444 -342.789256 -343.985574 -345.081091 -346.054711 -346.971856 -347.892990 -348.832948 -349.868929 -351.109826 -352.273005 -353.515991 -354.971887 -356.912924 -359.427804 -363.012409 -368.345694 -376.401233 -388.590279 -406.969537 -433.867287 -473.180831 -532.500779 -621.195068 -748.486002 -9999.0 -9999.0
-9999.0 -9999.0 -9999.0 -9999.0 -9999.0 -9999.0 -9999.0 -9999.0 -9999.0 -9999.0 -9999.0 -9999.0 -9999.0 -9999.0 -9999.0 -9999.0 -9999.0 -9999.0 -9999.0 -9999.0 -9999.0 -9999.0 -9999.0 -9999.0 -9999.0 -9999.0 -9999.0 -9999.0 -9999.0 -9999.0 -9999.0 -9999.0 -9999.0 -9999.0 -9999.0 -9999.0 -9999.0 -9999.0 -9999.0 -9999.0 -9999.0 -9999.0 -9999.0 -9999.0 -9999.0 -9999.0 -9999.0 -9999.0 -9999.0 -9999.0 -9999.0 -9999.0 -9999.0 -9999.0 -9999.0 -9999.0 -9999.0 -9999.0 -9999.0 -9999.0 -9999.0 -9999.0 -9999.0 -9999.0 -9999.0 -9999.0 -9999.0 -9999.0 -9999.0 -9999.0 -9999.0 -9999.0 -9999.0 -9999.0 -9999.0 -9999.0 -9999.0 -9999.0 -9999.0 -9999.0 -9999.0 -9999.0 -9999.0 -9999.0 -9999.0 -9999.0 -9999.0 -9999.0 -9999.0 -9999.0 -9999.0 -9999.0 -9999.0 -9999.0 -9999.0 -9999.0 -9999.0 -9999.0 -9999.0 -9999.0 -9999.0 -9999.0 -9999.0 -9999.0
-9999.0 -9999.0 -9999.0 -9999.0 -9999.0 -9999.0 -9999.0 -9999.0 -9999.0 -9999.0 -9999.0 -9999.0 -9999.0 -9999.0 -9999.0 -9999.0 -9999.0 -9999.0 -9999.0 -9999.0 -9999.0 -9999.0 -9999.0 -9999.0 -9999.0 -9999.0 -9999.0 -9999.0 -9999.0 -9999.0 -9999.0 -9999.0 -9999.0 -9999.0 -9999.0 -9999.0 -9999.0 -9999.0 -9999.0 -9999.0 -9999.0 -9999.0 -9999.0 -9999.0 -9999.0 -9999.0 -9999.0 -9999.0 -9999.0 -9999.0 -9999.0 -9999.0 -9999.0 -9999.0 -9999.0 -9999.0 -9999.0 -9999.0 -9999.0 -9999.0 -9999.0 -9999.0 -9999.0 -9999.0 -9999.0 -9999.0 -9999.0 -9999.0 -9999.0 -9999.0 -9999.0 -9999.0 -9999.0 -9999.0 -9999.0 -9999.0 -9999.0 -9999.0 -9999.0 -9999.0 -9999.0 -9999.0 -9999.0 -9999.0 -9999.0 -9999.0 -9999.0 -9999.0 -9999.0 -9999.0 -9999.0 -9999.0 -9999.0 -9999.0 -9999.0 -9999.0 -9999.0 -9999.0 -9999.0 -9999.0 -9999.0 -9999.0 -9999.0 -9999.0