inst/processing_geotop_simulation/geotop_simulation/out/maps3D/PwL0018N0418.asc
ncols         104
nrows         10
xllcorner     -2.000000
yllcorner     0.000000
cellsize      1.000000
NODATA_value  -9999.0
-9999.0 -9999.0 -9999.0 -9999.0 -9999.0 -9999.0 -9999.0 -9999.0 -9999.0 -9999.0 -9999.0 -9999.0 -9999.0 -9999.0 -9999.0 -9999.0 -9999.0 -9999.0 -9999.0 -9999.0 -9999.0 -9999.0 -9999.0 -9999.0 -9999.0 -9999.0 -9999.0 -9999.0 -9999.0 -9999.0 -9999.0 -9999.0 -9999.0 -9999.0 -9999.0 -9999.0 -9999.0 -9999.0 -9999.0 -9999.0 -9999.0 -9999.0 -9999.0 -9999.0 -9999.0 -9999.0 -9999.0 -9999.0 -9999.0 -9999.0 -9999.0 -9999.0 -9999.0 -9999.0 -9999.0 -9999.0 -9999.0 -9999.0 -9999.0 -9999.0 -9999.0 -9999.0 -9999.0 -9999.0 -9999.0 -9999.0 -9999.0 -9999.0 -9999.0 -9999.0 -9999.0 -9999.0 -9999.0 -9999.0 -9999.0 -9999.0 -9999.0 -9999.0 -9999.0 -9999.0 -9999.0 -9999.0 -9999.0 -9999.0 -9999.0 -9999.0 -9999.0 -9999.0 -9999.0 -9999.0 -9999.0 -9999.0 -9999.0 -9999.0 -9999.0 -9999.0 -9999.0 -9999.0 -9999.0 -9999.0 -9999.0 -9999.0 -9999.0 -9999.0
-9999.0 -9999.0 -9999.0 -9999.0 -9999.0 -9999.0 -9999.0 -9999.0 -9999.0 -9999.0 -9999.0 -9999.0 -9999.0 -9999.0 -9999.0 -9999.0 -9999.0 -9999.0 -9999.0 -9999.0 -9999.0 -9999.0 -9999.0 -9999.0 -9999.0 -9999.0 -9999.0 -9999.0 -9999.0 -9999.0 -9999.0 -9999.0 -9999.0 -9999.0 -9999.0 -9999.0 -9999.0 -9999.0 -9999.0 -9999.0 -9999.0 -9999.0 -9999.0 -9999.0 -9999.0 -9999.0 -9999.0 -9999.0 -9999.0 -9999.0 -9999.0 -9999.0 -9999.0 -9999.0 -9999.0 -9999.0 -9999.0 -9999.0 -9999.0 -9999.0 -9999.0 -9999.0 -9999.0 -9999.0 -9999.0 -9999.0 -9999.0 -9999.0 -9999.0 -9999.0 -9999.0 -9999.0 -9999.0 -9999.0 -9999.0 -9999.0 -9999.0 -9999.0 -9999.0 -9999.0 -9999.0 -9999.0 -9999.0 -9999.0 -9999.0 -9999.0 -9999.0 -9999.0 -9999.0 -9999.0 -9999.0 -9999.0 -9999.0 -9999.0 -9999.0 -9999.0 -9999.0 -9999.0 -9999.0 -9999.0 -9999.0 -9999.0 -9999.0 -9999.0
-9999.0 -9999.0 869.297436 770.292911 671.169605 571.914125 472.589965 373.235676 273.871916 174.509831 75.155603 -24.185225 -123.509452 -222.815188 -322.089109 -421.308195 -520.429490 -619.377021 -718.023156 -816.760869 -915.270165 -1013.421688 -1111.007358 -1203.954931 -1291.657512 -1371.992444 -1443.120457 -1503.855028 -1553.869034 -1593.671506 -1624.393513 -1647.493349 -1664.489124 -1676.776514 -1685.538013 -1691.723527 -1696.084111 -1699.279210 -1702.180662 -1706.567728 -1715.454243 -1731.404000 -1922.230546 -3998.580722 -4084.143740 -4084.157437 -4084.135463 -4083.936208 -4083.116913 -4080.749126 -4074.988149 -4060.534009 -4039.812472 -4016.321725 -3982.644997 -3929.159501 -3842.005044 -3707.067616 -3520.614378 -3295.374477 -2963.741140 -1671.448799 -1687.568837 -1707.346204 -1706.980581 -1706.047721 -1705.770073 -1705.711746 -1705.701625 -1705.700431 -1705.700719 -1705.701180 -1705.701601 -1705.701959 -1705.702266 -1705.702535 -1705.702778 -1705.703002 -1705.703216 -1705.703427 -1705.703641 -1705.703870 -1705.704127 -1705.704431 -1705.704812 -1705.705317 -1705.706025 -1705.707064 -1705.708659 -1705.711213 -1705.715472 -1705.722862 -1705.736187 -1705.761118 -1705.809485 -1705.907077 -1706.113571 -1706.576698 -1707.688197 -1710.571121 -1718.778013 -1744.921270 -9999.0 -9999.0
-9999.0 -9999.0 869.300513 770.294038 671.169965 571.914242 472.590004 373.235690 273.871921 174.509833 75.155604 -24.185225 -123.509452 -222.815188 -322.089109 -421.308195 -520.429491 -619.377021 -718.023156 -816.760869 -915.270165 -1013.421689 -1111.007358 -1203.954932 -1291.657513 -1371.992444 -1443.120457 -1503.855028 -1553.869034 -1593.671506 -1624.393513 -1647.493349 -1664.489124 -1676.776514 -1685.538013 -1691.723527 -1696.084111 -1699.279210 -1702.180662 -1706.567728 -1715.454243 -1731.404000 -1922.230546 -3998.580722 -4084.143740 -4084.157437 -4084.135463 -4083.936208 -4083.116913 -4080.749126 -4074.988149 -4060.534009 -4039.812472 -4016.321725 -3982.644997 -3929.159501 -3842.005043 -3707.067616 -3520.614377 -3295.374477 -2963.741140 -1671.448799 -1687.568837 -1707.346204 -1706.980581 -1706.047720 -1705.770073 -1705.711746 -1705.701625 -1705.700431 -1705.700718 -1705.701180 -1705.701601 -1705.701959 -1705.702266 -1705.702535 -1705.702778 -1705.703002 -1705.703216 -1705.703427 -1705.703641 -1705.703870 -1705.704127 -1705.704431 -1705.704812 -1705.705317 -1705.706025 -1705.707063 -1705.708659 -1705.711213 -1705.715472 -1705.722862 -1705.736187 -1705.761118 -1705.809485 -1705.907077 -1706.113571 -1706.576698 -1707.688197 -1710.571121 -1718.778013 -1744.921270 -9999.0 -9999.0
-9999.0 -9999.0 869.301622 770.294627 671.170212 571.914335 472.590038 373.235703 273.871926 174.509835 75.155604 -24.185225 -123.509452 -222.815187 -322.089109 -421.308195 -520.429491 -619.377021 -718.023157 -816.760870 -915.270165 -1013.421689 -1111.007358 -1203.954932 -1291.657513 -1371.992444 -1443.120457 -1503.855028 -1553.869034 -1593.671506 -1624.393513 -1647.493349 -1664.489124 -1676.776514 -1685.538013 -1691.723527 -1696.084111 -1699.279210 -1702.180662 -1706.567728 -1715.454243 -1731.404000 -1922.230546 -3998.580722 -4084.143740 -4084.157437 -4084.135463 -4083.936208 -4083.116913 -4080.749126 -4074.988149 -4060.534009 -4039.812472 -4016.321725 -3982.644997 -3929.159500 -3842.005044 -3707.067615 -3520.614377 -3295.374476 -2963.741140 -1671.448799 -1687.568837 -1707.346204 -1706.980581 -1706.047720 -1705.770073 -1705.711746 -1705.701625 -1705.700431 -1705.700718 -1705.701180 -1705.701601 -1705.701959 -1705.702266 -1705.702535 -1705.702778 -1705.703002 -1705.703216 -1705.703427 -1705.703641 -1705.703870 -1705.704127 -1705.704431 -1705.704812 -1705.705317 -1705.706025 -1705.707063 -1705.708659 -1705.711213 -1705.715472 -1705.722862 -1705.736187 -1705.761118 -1705.809485 -1705.907077 -1706.113571 -1706.576698 -1707.688197 -1710.571121 -1718.778013 -1744.921270 -9999.0 -9999.0
-9999.0 -9999.0 869.301622 770.294627 671.170212 571.914335 472.590038 373.235703 273.871926 174.509835 75.155604 -24.185225 -123.509452 -222.815188 -322.089109 -421.308195 -520.429491 -619.377021 -718.023157 -816.760870 -915.270165 -1013.421689 -1111.007358 -1203.954932 -1291.657513 -1371.992444 -1443.120457 -1503.855028 -1553.869034 -1593.671506 -1624.393513 -1647.493349 -1664.489124 -1676.776514 -1685.538013 -1691.723527 -1696.084111 -1699.279210 -1702.180662 -1706.567728 -1715.454243 -1731.404000 -1922.230546 -3998.580722 -4084.143740 -4084.157437 -4084.135463 -4083.936208 -4083.116913 -4080.749126 -4074.988149 -4060.534009 -4039.812472 -4016.321725 -3982.644997 -3929.159500 -3842.005043 -3707.067616 -3520.614377 -3295.374476 -2963.741140 -1671.448799 -1687.568837 -1707.346204 -1706.980581 -1706.047720 -1705.770073 -1705.711746 -1705.701625 -1705.700431 -1705.700718 -1705.701180 -1705.701601 -1705.701959 -1705.702266 -1705.702535 -1705.702778 -1705.703002 -1705.703216 -1705.703427 -1705.703641 -1705.703870 -1705.704127 -1705.704431 -1705.704812 -1705.705317 -1705.706025 -1705.707063 -1705.708659 -1705.711213 -1705.715472 -1705.722862 -1705.736187 -1705.761118 -1705.809485 -1705.907077 -1706.113571 -1706.576698 -1707.688197 -1710.571121 -1718.778013 -1744.921270 -9999.0 -9999.0
-9999.0 -9999.0 869.300513 770.294038 671.169965 571.914242 472.590004 373.235690 273.871921 174.509833 75.155604 -24.185225 -123.509452 -222.815188 -322.089109 -421.308195 -520.429491 -619.377021 -718.023156 -816.760869 -915.270165 -1013.421689 -1111.007358 -1203.954932 -1291.657513 -1371.992444 -1443.120457 -1503.855028 -1553.869034 -1593.671506 -1624.393513 -1647.493349 -1664.489124 -1676.776514 -1685.538013 -1691.723527 -1696.084111 -1699.279210 -1702.180662 -1706.567728 -1715.454243 -1731.404000 -1922.230546 -3998.580722 -4084.143740 -4084.157437 -4084.135463 -4083.936208 -4083.116913 -4080.749126 -4074.988149 -4060.534009 -4039.812472 -4016.321725 -3982.644997 -3929.159500 -3842.005044 -3707.067616 -3520.614378 -3295.374476 -2963.741140 -1671.448799 -1687.568837 -1707.346204 -1706.980581 -1706.047720 -1705.770073 -1705.711746 -1705.701625 -1705.700431 -1705.700718 -1705.701180 -1705.701601 -1705.701959 -1705.702266 -1705.702535 -1705.702778 -1705.703002 -1705.703216 -1705.703427 -1705.703641 -1705.703870 -1705.704127 -1705.704431 -1705.704812 -1705.705317 -1705.706025 -1705.707063 -1705.708659 -1705.711213 -1705.715472 -1705.722862 -1705.736187 -1705.761118 -1705.809485 -1705.907077 -1706.113571 -1706.576698 -1707.688197 -1710.571121 -1718.778013 -1744.921270 -9999.0 -9999.0
-9999.0 -9999.0 869.297436 770.292912 671.169605 571.914125 472.589965 373.235676 273.871916 174.509831 75.155603 -24.185225 -123.509452 -222.815188 -322.089109 -421.308195 -520.429490 -619.377021 -718.023156 -816.760869 -915.270165 -1013.421688 -1111.007358 -1203.954931 -1291.657512 -1371.992444 -1443.120457 -1503.855028 -1553.869034 -1593.671506 -1624.393513 -1647.493349 -1664.489124 -1676.776514 -1685.538013 -1691.723527 -1696.084111 -1699.279210 -1702.180662 -1706.567728 -1715.454243 -1731.404000 -1922.230546 -3998.580722 -4084.143740 -4084.157437 -4084.135463 -4083.936208 -4083.116913 -4080.749126 -4074.988149 -4060.534009 -4039.812472 -4016.321725 -3982.644997 -3929.159501 -3842.005044 -3707.067617 -3520.614378 -3295.374477 -2963.741141 -1671.448799 -1687.568837 -1707.346204 -1706.980581 -1706.047721 -1705.770073 -1705.711746 -1705.701625 -1705.700431 -1705.700719 -1705.701180 -1705.701601 -1705.701959 -1705.702266 -1705.702535 -1705.702778 -1705.703002 -1705.703216 -1705.703427 -1705.703641 -1705.703870 -1705.704127 -1705.704431 -1705.704812 -1705.705317 -1705.706025 -1705.707064 -1705.708659 -1705.711213 -1705.715472 -1705.722862 -1705.736187 -1705.761118 -1705.809485 -1705.907077 -1706.113571 -1706.576698 -1707.688197 -1710.571121 -1718.778013 -1744.921270 -9999.0 -9999.0
-9999.0 -9999.0 -9999.0 -9999.0 -9999.0 -9999.0 -9999.0 -9999.0 -9999.0 -9999.0 -9999.0 -9999.0 -9999.0 -9999.0 -9999.0 -9999.0 -9999.0 -9999.0 -9999.0 -9999.0 -9999.0 -9999.0 -9999.0 -9999.0 -9999.0 -9999.0 -9999.0 -9999.0 -9999.0 -9999.0 -9999.0 -9999.0 -9999.0 -9999.0 -9999.0 -9999.0 -9999.0 -9999.0 -9999.0 -9999.0 -9999.0 -9999.0 -9999.0 -9999.0 -9999.0 -9999.0 -9999.0 -9999.0 -9999.0 -9999.0 -9999.0 -9999.0 -9999.0 -9999.0 -9999.0 -9999.0 -9999.0 -9999.0 -9999.0 -9999.0 -9999.0 -9999.0 -9999.0 -9999.0 -9999.0 -9999.0 -9999.0 -9999.0 -9999.0 -9999.0 -9999.0 -9999.0 -9999.0 -9999.0 -9999.0 -9999.0 -9999.0 -9999.0 -9999.0 -9999.0 -9999.0 -9999.0 -9999.0 -9999.0 -9999.0 -9999.0 -9999.0 -9999.0 -9999.0 -9999.0 -9999.0 -9999.0 -9999.0 -9999.0 -9999.0 -9999.0 -9999.0 -9999.0 -9999.0 -9999.0 -9999.0 -9999.0 -9999.0 -9999.0
-9999.0 -9999.0 -9999.0 -9999.0 -9999.0 -9999.0 -9999.0 -9999.0 -9999.0 -9999.0 -9999.0 -9999.0 -9999.0 -9999.0 -9999.0 -9999.0 -9999.0 -9999.0 -9999.0 -9999.0 -9999.0 -9999.0 -9999.0 -9999.0 -9999.0 -9999.0 -9999.0 -9999.0 -9999.0 -9999.0 -9999.0 -9999.0 -9999.0 -9999.0 -9999.0 -9999.0 -9999.0 -9999.0 -9999.0 -9999.0 -9999.0 -9999.0 -9999.0 -9999.0 -9999.0 -9999.0 -9999.0 -9999.0 -9999.0 -9999.0 -9999.0 -9999.0 -9999.0 -9999.0 -9999.0 -9999.0 -9999.0 -9999.0 -9999.0 -9999.0 -9999.0 -9999.0 -9999.0 -9999.0 -9999.0 -9999.0 -9999.0 -9999.0 -9999.0 -9999.0 -9999.0 -9999.0 -9999.0 -9999.0 -9999.0 -9999.0 -9999.0 -9999.0 -9999.0 -9999.0 -9999.0 -9999.0 -9999.0 -9999.0 -9999.0 -9999.0 -9999.0 -9999.0 -9999.0 -9999.0 -9999.0 -9999.0 -9999.0 -9999.0 -9999.0 -9999.0 -9999.0 -9999.0 -9999.0 -9999.0 -9999.0 -9999.0 -9999.0 -9999.0