inst/processing_geotop_simulation/geotop_simulation/out/maps3D/PwL0013N0303.asc
ncols         104
nrows         10
xllcorner     -2.000000
yllcorner     0.000000
cellsize      1.000000
NODATA_value  -9999.0
-9999.0 -9999.0 -9999.0 -9999.0 -9999.0 -9999.0 -9999.0 -9999.0 -9999.0 -9999.0 -9999.0 -9999.0 -9999.0 -9999.0 -9999.0 -9999.0 -9999.0 -9999.0 -9999.0 -9999.0 -9999.0 -9999.0 -9999.0 -9999.0 -9999.0 -9999.0 -9999.0 -9999.0 -9999.0 -9999.0 -9999.0 -9999.0 -9999.0 -9999.0 -9999.0 -9999.0 -9999.0 -9999.0 -9999.0 -9999.0 -9999.0 -9999.0 -9999.0 -9999.0 -9999.0 -9999.0 -9999.0 -9999.0 -9999.0 -9999.0 -9999.0 -9999.0 -9999.0 -9999.0 -9999.0 -9999.0 -9999.0 -9999.0 -9999.0 -9999.0 -9999.0 -9999.0 -9999.0 -9999.0 -9999.0 -9999.0 -9999.0 -9999.0 -9999.0 -9999.0 -9999.0 -9999.0 -9999.0 -9999.0 -9999.0 -9999.0 -9999.0 -9999.0 -9999.0 -9999.0 -9999.0 -9999.0 -9999.0 -9999.0 -9999.0 -9999.0 -9999.0 -9999.0 -9999.0 -9999.0 -9999.0 -9999.0 -9999.0 -9999.0 -9999.0 -9999.0 -9999.0 -9999.0 -9999.0 -9999.0 -9999.0 -9999.0 -9999.0 -9999.0
-9999.0 -9999.0 -9999.0 -9999.0 -9999.0 -9999.0 -9999.0 -9999.0 -9999.0 -9999.0 -9999.0 -9999.0 -9999.0 -9999.0 -9999.0 -9999.0 -9999.0 -9999.0 -9999.0 -9999.0 -9999.0 -9999.0 -9999.0 -9999.0 -9999.0 -9999.0 -9999.0 -9999.0 -9999.0 -9999.0 -9999.0 -9999.0 -9999.0 -9999.0 -9999.0 -9999.0 -9999.0 -9999.0 -9999.0 -9999.0 -9999.0 -9999.0 -9999.0 -9999.0 -9999.0 -9999.0 -9999.0 -9999.0 -9999.0 -9999.0 -9999.0 -9999.0 -9999.0 -9999.0 -9999.0 -9999.0 -9999.0 -9999.0 -9999.0 -9999.0 -9999.0 -9999.0 -9999.0 -9999.0 -9999.0 -9999.0 -9999.0 -9999.0 -9999.0 -9999.0 -9999.0 -9999.0 -9999.0 -9999.0 -9999.0 -9999.0 -9999.0 -9999.0 -9999.0 -9999.0 -9999.0 -9999.0 -9999.0 -9999.0 -9999.0 -9999.0 -9999.0 -9999.0 -9999.0 -9999.0 -9999.0 -9999.0 -9999.0 -9999.0 -9999.0 -9999.0 -9999.0 -9999.0 -9999.0 -9999.0 -9999.0 -9999.0 -9999.0 -9999.0
-9999.0 -9999.0 623.309624 525.523694 427.201814 328.553820 229.757692 130.898630 32.019079 -66.854324 -165.711692 -264.536811 -363.293317 -461.905249 -560.244896 -658.142689 -755.778474 -853.446115 -950.790134 -1047.743076 -1142.552603 -1232.182551 -1315.000379 -1388.431672 -1450.740680 -1501.408856 -1541.053887 -1571.059401 -1593.145843 -1609.036002 -1620.259059 -1628.070072 -1633.444124 -1637.109068 -1639.592692 -1641.271922 -1642.423843 -1643.309861 -1644.445743 -1647.510792 -1657.027383 -1677.959427 -1741.543270 -3612.370781 -3241.210274 -2972.909302 -2854.377774 -2839.335324 -2837.822077 -2837.980121 -2838.374879 -2838.797773 -2839.203771 -2839.579507 -2839.927036 -2840.320911 -2841.499478 -2849.883178 -2909.872854 -3050.467148 -3198.907930 -1567.037148 -1641.330831 -1649.266822 -1646.190897 -1645.070204 -1644.835343 -1644.794965 -1644.788948 -1644.788583 -1644.789067 -1644.789585 -1644.790010 -1644.790341 -1644.790600 -1644.790804 -1644.790970 -1644.791107 -1644.791225 -1644.791333 -1644.791440 -1644.791558 -1644.791704 -1644.791901 -1644.792186 -1644.792617 -1644.793286 -1644.794351 -1644.796081 -1644.798951 -1644.803836 -1644.812389 -1644.827829 -1644.856565 -1644.911644 -1645.020454 -1645.243456 -1645.723708 -1646.826499 -1649.565274 -1657.110606 -1681.286072 -9999.0 -9999.0
-9999.0 -9999.0 623.314473 525.525207 427.202258 328.553957 229.757737 130.898645 32.019084 -66.854322 -165.711691 -264.536811 -363.293317 -461.905249 -560.244896 -658.142689 -755.778475 -853.446115 -950.790134 -1047.743076 -1142.552603 -1232.182551 -1315.000379 -1388.431672 -1450.740680 -1501.408857 -1541.053887 -1571.059402 -1593.145843 -1609.036002 -1620.259059 -1628.070072 -1633.444124 -1637.109068 -1639.592692 -1641.271922 -1642.423843 -1643.309861 -1644.445743 -1647.510792 -1657.027383 -1677.959427 -1741.543270 -3612.370779 -3241.210271 -2972.909294 -2854.377774 -2839.335324 -2837.822077 -2837.980121 -2838.374879 -2838.797773 -2839.203771 -2839.579507 -2839.927036 -2840.320911 -2841.499478 -2849.883178 -2909.872854 -3050.467148 -3198.907930 -1567.037148 -1641.330831 -1649.266822 -1646.190897 -1645.070204 -1644.835343 -1644.794965 -1644.788948 -1644.788583 -1644.789067 -1644.789585 -1644.790010 -1644.790341 -1644.790600 -1644.790804 -1644.790970 -1644.791107 -1644.791225 -1644.791333 -1644.791440 -1644.791558 -1644.791704 -1644.791901 -1644.792186 -1644.792617 -1644.793286 -1644.794351 -1644.796081 -1644.798951 -1644.803836 -1644.812389 -1644.827829 -1644.856565 -1644.911644 -1645.020454 -1645.243456 -1645.723708 -1646.826499 -1649.565274 -1657.110606 -1681.286072 -9999.0 -9999.0
-9999.0 -9999.0 623.315851 525.525927 427.202551 328.554066 229.757776 130.898659 32.019089 -66.854320 -165.711690 -264.536810 -363.293317 -461.905249 -560.244896 -658.142689 -755.778475 -853.446115 -950.790135 -1047.743076 -1142.552604 -1232.182551 -1315.000380 -1388.431672 -1450.740681 -1501.408857 -1541.053887 -1571.059402 -1593.145843 -1609.036003 -1620.259059 -1628.070072 -1633.444124 -1637.109068 -1639.592692 -1641.271922 -1642.423843 -1643.309861 -1644.445743 -1647.510792 -1657.027383 -1677.959427 -1741.543270 -3612.370779 -3241.210270 -2972.909291 -2854.377774 -2839.335324 -2837.822077 -2837.980121 -2838.374879 -2838.797773 -2839.203771 -2839.579507 -2839.927036 -2840.320911 -2841.499478 -2849.883178 -2909.872854 -3050.467148 -3198.907930 -1567.037148 -1641.330831 -1649.266822 -1646.190897 -1645.070204 -1644.835343 -1644.794965 -1644.788948 -1644.788583 -1644.789067 -1644.789585 -1644.790010 -1644.790341 -1644.790600 -1644.790804 -1644.790970 -1644.791107 -1644.791225 -1644.791333 -1644.791440 -1644.791558 -1644.791704 -1644.791901 -1644.792186 -1644.792617 -1644.793286 -1644.794351 -1644.796081 -1644.798951 -1644.803836 -1644.812389 -1644.827829 -1644.856565 -1644.911644 -1645.020454 -1645.243456 -1645.723708 -1646.826499 -1649.565274 -1657.110606 -1681.286072 -9999.0 -9999.0
-9999.0 -9999.0 623.315851 525.525927 427.202551 328.554066 229.757776 130.898659 32.019089 -66.854320 -165.711690 -264.536810 -363.293317 -461.905249 -560.244896 -658.142689 -755.778475 -853.446116 -950.790135 -1047.743076 -1142.552604 -1232.182552 -1315.000380 -1388.431672 -1450.740681 -1501.408857 -1541.053887 -1571.059402 -1593.145843 -1609.036003 -1620.259059 -1628.070072 -1633.444124 -1637.109068 -1639.592692 -1641.271922 -1642.423843 -1643.309861 -1644.445743 -1647.510792 -1657.027383 -1677.959427 -1741.543270 -3612.370779 -3241.210270 -2972.909291 -2854.377774 -2839.335324 -2837.822077 -2837.980121 -2838.374879 -2838.797773 -2839.203771 -2839.579507 -2839.927036 -2840.320911 -2841.499478 -2849.883178 -2909.872854 -3050.467148 -3198.907930 -1567.037148 -1641.330831 -1649.266822 -1646.190897 -1645.070204 -1644.835343 -1644.794965 -1644.788948 -1644.788583 -1644.789067 -1644.789585 -1644.790010 -1644.790341 -1644.790600 -1644.790804 -1644.790970 -1644.791107 -1644.791225 -1644.791333 -1644.791440 -1644.791558 -1644.791704 -1644.791901 -1644.792186 -1644.792617 -1644.793286 -1644.794351 -1644.796081 -1644.798951 -1644.803836 -1644.812389 -1644.827829 -1644.856565 -1644.911644 -1645.020454 -1645.243456 -1645.723708 -1646.826499 -1649.565274 -1657.110606 -1681.286072 -9999.0 -9999.0
-9999.0 -9999.0 623.314473 525.525207 427.202258 328.553957 229.757737 130.898645 32.019084 -66.854321 -165.711691 -264.536811 -363.293317 -461.905249 -560.244896 -658.142689 -755.778475 -853.446115 -950.790134 -1047.743076 -1142.552603 -1232.182551 -1315.000379 -1388.431672 -1450.740680 -1501.408857 -1541.053887 -1571.059402 -1593.145843 -1609.036002 -1620.259059 -1628.070072 -1633.444124 -1637.109068 -1639.592692 -1641.271922 -1642.423843 -1643.309861 -1644.445743 -1647.510792 -1657.027383 -1677.959427 -1741.543270 -3612.370779 -3241.210271 -2972.909294 -2854.377774 -2839.335324 -2837.822077 -2837.980121 -2838.374879 -2838.797773 -2839.203771 -2839.579507 -2839.927036 -2840.320911 -2841.499478 -2849.883178 -2909.872854 -3050.467148 -3198.907930 -1567.037148 -1641.330831 -1649.266822 -1646.190897 -1645.070204 -1644.835343 -1644.794965 -1644.788948 -1644.788583 -1644.789067 -1644.789585 -1644.790010 -1644.790341 -1644.790600 -1644.790804 -1644.790970 -1644.791107 -1644.791225 -1644.791333 -1644.791440 -1644.791558 -1644.791704 -1644.791901 -1644.792186 -1644.792617 -1644.793286 -1644.794351 -1644.796081 -1644.798951 -1644.803836 -1644.812389 -1644.827829 -1644.856565 -1644.911644 -1645.020454 -1645.243456 -1645.723708 -1646.826499 -1649.565274 -1657.110606 -1681.286072 -9999.0 -9999.0
-9999.0 -9999.0 623.309624 525.523694 427.201814 328.553820 229.757692 130.898630 32.019079 -66.854324 -165.711692 -264.536811 -363.293317 -461.905249 -560.244896 -658.142689 -755.778474 -853.446115 -950.790134 -1047.743076 -1142.552603 -1232.182551 -1315.000379 -1388.431672 -1450.740680 -1501.408856 -1541.053887 -1571.059401 -1593.145843 -1609.036002 -1620.259059 -1628.070072 -1633.444124 -1637.109068 -1639.592692 -1641.271922 -1642.423843 -1643.309861 -1644.445743 -1647.510792 -1657.027383 -1677.959427 -1741.543270 -3612.370781 -3241.210275 -2972.909302 -2854.377774 -2839.335324 -2837.822077 -2837.980121 -2838.374879 -2838.797773 -2839.203771 -2839.579507 -2839.927036 -2840.320911 -2841.499478 -2849.883178 -2909.872854 -3050.467148 -3198.907930 -1567.037148 -1641.330831 -1649.266822 -1646.190897 -1645.070204 -1644.835343 -1644.794965 -1644.788948 -1644.788583 -1644.789067 -1644.789585 -1644.790010 -1644.790341 -1644.790600 -1644.790804 -1644.790970 -1644.791107 -1644.791225 -1644.791333 -1644.791440 -1644.791558 -1644.791704 -1644.791901 -1644.792186 -1644.792617 -1644.793286 -1644.794351 -1644.796081 -1644.798951 -1644.803836 -1644.812389 -1644.827829 -1644.856565 -1644.911644 -1645.020454 -1645.243456 -1645.723708 -1646.826499 -1649.565274 -1657.110606 -1681.286072 -9999.0 -9999.0
-9999.0 -9999.0 -9999.0 -9999.0 -9999.0 -9999.0 -9999.0 -9999.0 -9999.0 -9999.0 -9999.0 -9999.0 -9999.0 -9999.0 -9999.0 -9999.0 -9999.0 -9999.0 -9999.0 -9999.0 -9999.0 -9999.0 -9999.0 -9999.0 -9999.0 -9999.0 -9999.0 -9999.0 -9999.0 -9999.0 -9999.0 -9999.0 -9999.0 -9999.0 -9999.0 -9999.0 -9999.0 -9999.0 -9999.0 -9999.0 -9999.0 -9999.0 -9999.0 -9999.0 -9999.0 -9999.0 -9999.0 -9999.0 -9999.0 -9999.0 -9999.0 -9999.0 -9999.0 -9999.0 -9999.0 -9999.0 -9999.0 -9999.0 -9999.0 -9999.0 -9999.0 -9999.0 -9999.0 -9999.0 -9999.0 -9999.0 -9999.0 -9999.0 -9999.0 -9999.0 -9999.0 -9999.0 -9999.0 -9999.0 -9999.0 -9999.0 -9999.0 -9999.0 -9999.0 -9999.0 -9999.0 -9999.0 -9999.0 -9999.0 -9999.0 -9999.0 -9999.0 -9999.0 -9999.0 -9999.0 -9999.0 -9999.0 -9999.0 -9999.0 -9999.0 -9999.0 -9999.0 -9999.0 -9999.0 -9999.0 -9999.0 -9999.0 -9999.0 -9999.0
-9999.0 -9999.0 -9999.0 -9999.0 -9999.0 -9999.0 -9999.0 -9999.0 -9999.0 -9999.0 -9999.0 -9999.0 -9999.0 -9999.0 -9999.0 -9999.0 -9999.0 -9999.0 -9999.0 -9999.0 -9999.0 -9999.0 -9999.0 -9999.0 -9999.0 -9999.0 -9999.0 -9999.0 -9999.0 -9999.0 -9999.0 -9999.0 -9999.0 -9999.0 -9999.0 -9999.0 -9999.0 -9999.0 -9999.0 -9999.0 -9999.0 -9999.0 -9999.0 -9999.0 -9999.0 -9999.0 -9999.0 -9999.0 -9999.0 -9999.0 -9999.0 -9999.0 -9999.0 -9999.0 -9999.0 -9999.0 -9999.0 -9999.0 -9999.0 -9999.0 -9999.0 -9999.0 -9999.0 -9999.0 -9999.0 -9999.0 -9999.0 -9999.0 -9999.0 -9999.0 -9999.0 -9999.0 -9999.0 -9999.0 -9999.0 -9999.0 -9999.0 -9999.0 -9999.0 -9999.0 -9999.0 -9999.0 -9999.0 -9999.0 -9999.0 -9999.0 -9999.0 -9999.0 -9999.0 -9999.0 -9999.0 -9999.0 -9999.0 -9999.0 -9999.0 -9999.0 -9999.0 -9999.0 -9999.0 -9999.0 -9999.0 -9999.0 -9999.0 -9999.0