inst/processing_geotop_simulation/geotop_simulation/out/maps3D/PwL0022N0022.asc
ncols         104
nrows         10
xllcorner     -2.000000
yllcorner     0.000000
cellsize      1.000000
NODATA_value  -9999.0
-9999.0 -9999.0 -9999.0 -9999.0 -9999.0 -9999.0 -9999.0 -9999.0 -9999.0 -9999.0 -9999.0 -9999.0 -9999.0 -9999.0 -9999.0 -9999.0 -9999.0 -9999.0 -9999.0 -9999.0 -9999.0 -9999.0 -9999.0 -9999.0 -9999.0 -9999.0 -9999.0 -9999.0 -9999.0 -9999.0 -9999.0 -9999.0 -9999.0 -9999.0 -9999.0 -9999.0 -9999.0 -9999.0 -9999.0 -9999.0 -9999.0 -9999.0 -9999.0 -9999.0 -9999.0 -9999.0 -9999.0 -9999.0 -9999.0 -9999.0 -9999.0 -9999.0 -9999.0 -9999.0 -9999.0 -9999.0 -9999.0 -9999.0 -9999.0 -9999.0 -9999.0 -9999.0 -9999.0 -9999.0 -9999.0 -9999.0 -9999.0 -9999.0 -9999.0 -9999.0 -9999.0 -9999.0 -9999.0 -9999.0 -9999.0 -9999.0 -9999.0 -9999.0 -9999.0 -9999.0 -9999.0 -9999.0 -9999.0 -9999.0 -9999.0 -9999.0 -9999.0 -9999.0 -9999.0 -9999.0 -9999.0 -9999.0 -9999.0 -9999.0 -9999.0 -9999.0 -9999.0 -9999.0 -9999.0 -9999.0 -9999.0 -9999.0 -9999.0 -9999.0
-9999.0 -9999.0 -9999.0 -9999.0 -9999.0 -9999.0 -9999.0 -9999.0 -9999.0 -9999.0 -9999.0 -9999.0 -9999.0 -9999.0 -9999.0 -9999.0 -9999.0 -9999.0 -9999.0 -9999.0 -9999.0 -9999.0 -9999.0 -9999.0 -9999.0 -9999.0 -9999.0 -9999.0 -9999.0 -9999.0 -9999.0 -9999.0 -9999.0 -9999.0 -9999.0 -9999.0 -9999.0 -9999.0 -9999.0 -9999.0 -9999.0 -9999.0 -9999.0 -9999.0 -9999.0 -9999.0 -9999.0 -9999.0 -9999.0 -9999.0 -9999.0 -9999.0 -9999.0 -9999.0 -9999.0 -9999.0 -9999.0 -9999.0 -9999.0 -9999.0 -9999.0 -9999.0 -9999.0 -9999.0 -9999.0 -9999.0 -9999.0 -9999.0 -9999.0 -9999.0 -9999.0 -9999.0 -9999.0 -9999.0 -9999.0 -9999.0 -9999.0 -9999.0 -9999.0 -9999.0 -9999.0 -9999.0 -9999.0 -9999.0 -9999.0 -9999.0 -9999.0 -9999.0 -9999.0 -9999.0 -9999.0 -9999.0 -9999.0 -9999.0 -9999.0 -9999.0 -9999.0 -9999.0 -9999.0 -9999.0 -9999.0 -9999.0 -9999.0 -9999.0
-9999.0 -9999.0 1058.997767 960.561087 862.200127 762.184327 659.744309 555.045155 448.155152 338.069281 221.645364 106.149986 -7.327658 -116.638464 -215.235950 -286.600840 -324.982937 -340.799907 -345.407568 -345.361960 -343.546180 -147.690671 39.373879 237.177515 443.614819 511.772853 433.674012 354.186317 273.674429 192.411498 110.526858 27.857103 -55.389831 -136.722497 -210.708552 -268.494732 -304.455621 -319.581739 -319.821960 -347.121271 -462.469086 -478.550032 -3027.079033 -3886.116477 -3886.138614 -3886.138614 -3886.138614 -3886.138614 -3886.138614 -3886.138614 -3886.138614 -3886.138611 -3886.138574 -3886.138451 -3886.137984 -3886.135706 -3886.122542 -3886.045859 -3885.592591 -3882.303906 -3856.767158 -2779.849875 -84.155019 -102.976518 -121.424527 -143.211813 -168.410014 -195.239739 -222.778789 -249.885588 -275.094429 -296.911243 -314.630671 -328.071893 -337.657148 -344.166581 -348.391170 -351.091218 -352.826465 -353.955565 -354.691066 -355.134146 -355.459567 -355.707265 -355.915947 -356.133553 -356.407066 -356.797073 -357.384430 -358.283805 -359.685163 -361.870766 -365.271797 -370.529570 -378.577489 -390.724983 -408.740628 -435.136866 -477.109907 -586.511366 -1200.348202 -3828.493644 -9999.0 -9999.0
-9999.0 -9999.0 1059.023460 960.573050 862.204824 762.186119 659.745007 555.045429 448.155263 338.069326 221.645383 106.149994 -7.327655 -116.638463 -215.235950 -286.600840 -324.982937 -340.799907 -345.407568 -345.361960 -343.546180 -147.690671 39.373879 237.177515 443.614818 511.772854 433.674012 354.186317 273.674429 192.411499 110.526859 27.857103 -55.389831 -136.722496 -210.708552 -268.494731 -304.455621 -319.581737 -319.821960 -347.121271 -462.469081 -478.550028 -3027.079033 -3886.116477 -3886.138614 -3886.138614 -3886.138614 -3886.138614 -3886.138614 -3886.138614 -3886.138614 -3886.138611 -3886.138574 -3886.138451 -3886.137984 -3886.135706 -3886.122542 -3886.045859 -3885.592591 -3882.303906 -3856.767158 -2779.849875 -84.155018 -102.976518 -121.424527 -143.211813 -168.410014 -195.239739 -222.778789 -249.885588 -275.094429 -296.911243 -314.630671 -328.071893 -337.657148 -344.166581 -348.391170 -351.091218 -352.826464 -353.955565 -354.691066 -355.134146 -355.459567 -355.707265 -355.915947 -356.133553 -356.407066 -356.797073 -357.384430 -358.283805 -359.685163 -361.870766 -365.271797 -370.529570 -378.577489 -390.724983 -408.740628 -435.136867 -477.109907 -586.511366 -1200.348199 -3828.493643 -9999.0 -9999.0
-9999.0 -9999.0 1059.036187 960.580578 862.208392 762.187654 659.745647 555.045692 448.155370 338.069370 221.645401 106.150002 -7.327652 -116.638462 -215.235949 -286.600840 -324.982937 -340.799907 -345.407568 -345.361960 -343.546180 -147.690671 39.373879 237.177515 443.614818 511.772854 433.674012 354.186317 273.674429 192.411499 110.526859 27.857103 -55.389831 -136.722496 -210.708552 -268.494731 -304.455620 -319.581737 -319.821960 -347.121272 -462.469078 -478.550028 -3027.079033 -3886.116477 -3886.138614 -3886.138614 -3886.138614 -3886.138614 -3886.138614 -3886.138614 -3886.138614 -3886.138611 -3886.138574 -3886.138451 -3886.137984 -3886.135706 -3886.122542 -3886.045859 -3885.592591 -3882.303906 -3856.767158 -2779.849874 -84.155019 -102.976518 -121.424527 -143.211813 -168.410014 -195.239739 -222.778789 -249.885588 -275.094429 -296.911243 -314.630671 -328.071893 -337.657148 -344.166581 -348.391170 -351.091217 -352.826464 -353.955565 -354.691066 -355.134146 -355.459567 -355.707265 -355.915947 -356.133553 -356.407066 -356.797073 -357.384430 -358.283805 -359.685163 -361.870766 -365.271797 -370.529570 -378.577490 -390.724983 -408.740628 -435.136867 -477.109907 -586.511366 -1200.348198 -3828.493643 -9999.0 -9999.0
-9999.0 -9999.0 1059.036187 960.580578 862.208392 762.187654 659.745647 555.045692 448.155370 338.069370 221.645401 106.150002 -7.327652 -116.638462 -215.235949 -286.600840 -324.982937 -340.799907 -345.407568 -345.361960 -343.546180 -147.690671 39.373879 237.177515 443.614818 511.772854 433.674012 354.186317 273.674429 192.411499 110.526859 27.857103 -55.389831 -136.722496 -210.708552 -268.494731 -304.455620 -319.581737 -319.821960 -347.121272 -462.469078 -478.550028 -3027.079033 -3886.116477 -3886.138614 -3886.138614 -3886.138614 -3886.138614 -3886.138614 -3886.138614 -3886.138614 -3886.138611 -3886.138574 -3886.138451 -3886.137984 -3886.135706 -3886.122542 -3886.045859 -3885.592591 -3882.303906 -3856.767158 -2779.849875 -84.155018 -102.976518 -121.424527 -143.211813 -168.410014 -195.239739 -222.778789 -249.885588 -275.094429 -296.911243 -314.630671 -328.071893 -337.657148 -344.166581 -348.391170 -351.091217 -352.826464 -353.955565 -354.691066 -355.134146 -355.459567 -355.707265 -355.915947 -356.133553 -356.407066 -356.797073 -357.384430 -358.283805 -359.685163 -361.870766 -365.271797 -370.529570 -378.577490 -390.724983 -408.740628 -435.136867 -477.109907 -586.511366 -1200.348197 -3828.493643 -9999.0 -9999.0
-9999.0 -9999.0 1059.023460 960.573050 862.204824 762.186119 659.745007 555.045430 448.155263 338.069326 221.645383 106.149994 -7.327655 -116.638463 -215.235950 -286.600840 -324.982937 -340.799907 -345.407568 -345.361960 -343.546180 -147.690671 39.373879 237.177515 443.614818 511.772854 433.674012 354.186317 273.674429 192.411499 110.526859 27.857103 -55.389831 -136.722496 -210.708552 -268.494731 -304.455621 -319.581737 -319.821960 -347.121271 -462.469081 -478.550028 -3027.079033 -3886.116477 -3886.138614 -3886.138614 -3886.138614 -3886.138614 -3886.138614 -3886.138614 -3886.138614 -3886.138611 -3886.138574 -3886.138451 -3886.137984 -3886.135706 -3886.122542 -3886.045859 -3885.592591 -3882.303906 -3856.767158 -2779.849874 -84.155019 -102.976518 -121.424527 -143.211813 -168.410014 -195.239739 -222.778789 -249.885588 -275.094429 -296.911243 -314.630671 -328.071893 -337.657148 -344.166581 -348.391170 -351.091218 -352.826464 -353.955565 -354.691066 -355.134146 -355.459567 -355.707265 -355.915947 -356.133553 -356.407066 -356.797073 -357.384430 -358.283805 -359.685163 -361.870766 -365.271797 -370.529570 -378.577489 -390.724983 -408.740628 -435.136867 -477.109907 -586.511366 -1200.348200 -3828.493644 -9999.0 -9999.0
-9999.0 -9999.0 1058.997767 960.561087 862.200127 762.184327 659.744309 555.045155 448.155152 338.069281 221.645364 106.149986 -7.327658 -116.638464 -215.235950 -286.600840 -324.982937 -340.799907 -345.407568 -345.361960 -343.546180 -147.690671 39.373879 237.177515 443.614819 511.772853 433.674012 354.186317 273.674429 192.411498 110.526858 27.857103 -55.389831 -136.722497 -210.708552 -268.494732 -304.455621 -319.581739 -319.821960 -347.121271 -462.469086 -478.550032 -3027.079033 -3886.116477 -3886.138614 -3886.138614 -3886.138614 -3886.138614 -3886.138614 -3886.138614 -3886.138614 -3886.138611 -3886.138574 -3886.138451 -3886.137984 -3886.135706 -3886.122542 -3886.045859 -3885.592591 -3882.303906 -3856.767158 -2779.849875 -84.155018 -102.976518 -121.424527 -143.211813 -168.410014 -195.239739 -222.778789 -249.885588 -275.094429 -296.911243 -314.630671 -328.071893 -337.657148 -344.166581 -348.391170 -351.091218 -352.826465 -353.955565 -354.691066 -355.134146 -355.459567 -355.707265 -355.915947 -356.133553 -356.407066 -356.797073 -357.384430 -358.283805 -359.685163 -361.870766 -365.271797 -370.529570 -378.577489 -390.724983 -408.740628 -435.136867 -477.109907 -586.511366 -1200.348201 -3828.493644 -9999.0 -9999.0
-9999.0 -9999.0 -9999.0 -9999.0 -9999.0 -9999.0 -9999.0 -9999.0 -9999.0 -9999.0 -9999.0 -9999.0 -9999.0 -9999.0 -9999.0 -9999.0 -9999.0 -9999.0 -9999.0 -9999.0 -9999.0 -9999.0 -9999.0 -9999.0 -9999.0 -9999.0 -9999.0 -9999.0 -9999.0 -9999.0 -9999.0 -9999.0 -9999.0 -9999.0 -9999.0 -9999.0 -9999.0 -9999.0 -9999.0 -9999.0 -9999.0 -9999.0 -9999.0 -9999.0 -9999.0 -9999.0 -9999.0 -9999.0 -9999.0 -9999.0 -9999.0 -9999.0 -9999.0 -9999.0 -9999.0 -9999.0 -9999.0 -9999.0 -9999.0 -9999.0 -9999.0 -9999.0 -9999.0 -9999.0 -9999.0 -9999.0 -9999.0 -9999.0 -9999.0 -9999.0 -9999.0 -9999.0 -9999.0 -9999.0 -9999.0 -9999.0 -9999.0 -9999.0 -9999.0 -9999.0 -9999.0 -9999.0 -9999.0 -9999.0 -9999.0 -9999.0 -9999.0 -9999.0 -9999.0 -9999.0 -9999.0 -9999.0 -9999.0 -9999.0 -9999.0 -9999.0 -9999.0 -9999.0 -9999.0 -9999.0 -9999.0 -9999.0 -9999.0 -9999.0
-9999.0 -9999.0 -9999.0 -9999.0 -9999.0 -9999.0 -9999.0 -9999.0 -9999.0 -9999.0 -9999.0 -9999.0 -9999.0 -9999.0 -9999.0 -9999.0 -9999.0 -9999.0 -9999.0 -9999.0 -9999.0 -9999.0 -9999.0 -9999.0 -9999.0 -9999.0 -9999.0 -9999.0 -9999.0 -9999.0 -9999.0 -9999.0 -9999.0 -9999.0 -9999.0 -9999.0 -9999.0 -9999.0 -9999.0 -9999.0 -9999.0 -9999.0 -9999.0 -9999.0 -9999.0 -9999.0 -9999.0 -9999.0 -9999.0 -9999.0 -9999.0 -9999.0 -9999.0 -9999.0 -9999.0 -9999.0 -9999.0 -9999.0 -9999.0 -9999.0 -9999.0 -9999.0 -9999.0 -9999.0 -9999.0 -9999.0 -9999.0 -9999.0 -9999.0 -9999.0 -9999.0 -9999.0 -9999.0 -9999.0 -9999.0 -9999.0 -9999.0 -9999.0 -9999.0 -9999.0 -9999.0 -9999.0 -9999.0 -9999.0 -9999.0 -9999.0 -9999.0 -9999.0 -9999.0 -9999.0 -9999.0 -9999.0 -9999.0 -9999.0 -9999.0 -9999.0 -9999.0 -9999.0 -9999.0 -9999.0 -9999.0 -9999.0 -9999.0 -9999.0