inst/processing_geotop_simulation/geotop_simulation/out/maps3D/PwL0000N0052.asc
ncols         104
nrows         10
xllcorner     -2.000000
yllcorner     0.000000
cellsize      1.000000
NODATA_value  -9999.0
-9999.0 -9999.0 -9999.0 -9999.0 -9999.0 -9999.0 -9999.0 -9999.0 -9999.0 -9999.0 -9999.0 -9999.0 -9999.0 -9999.0 -9999.0 -9999.0 -9999.0 -9999.0 -9999.0 -9999.0 -9999.0 -9999.0 -9999.0 -9999.0 -9999.0 -9999.0 -9999.0 -9999.0 -9999.0 -9999.0 -9999.0 -9999.0 -9999.0 -9999.0 -9999.0 -9999.0 -9999.0 -9999.0 -9999.0 -9999.0 -9999.0 -9999.0 -9999.0 -9999.0 -9999.0 -9999.0 -9999.0 -9999.0 -9999.0 -9999.0 -9999.0 -9999.0 -9999.0 -9999.0 -9999.0 -9999.0 -9999.0 -9999.0 -9999.0 -9999.0 -9999.0 -9999.0 -9999.0 -9999.0 -9999.0 -9999.0 -9999.0 -9999.0 -9999.0 -9999.0 -9999.0 -9999.0 -9999.0 -9999.0 -9999.0 -9999.0 -9999.0 -9999.0 -9999.0 -9999.0 -9999.0 -9999.0 -9999.0 -9999.0 -9999.0 -9999.0 -9999.0 -9999.0 -9999.0 -9999.0 -9999.0 -9999.0 -9999.0 -9999.0 -9999.0 -9999.0 -9999.0 -9999.0 -9999.0 -9999.0 -9999.0 -9999.0 -9999.0 -9999.0
-9999.0 -9999.0 -9999.0 -9999.0 -9999.0 -9999.0 -9999.0 -9999.0 -9999.0 -9999.0 -9999.0 -9999.0 -9999.0 -9999.0 -9999.0 -9999.0 -9999.0 -9999.0 -9999.0 -9999.0 -9999.0 -9999.0 -9999.0 -9999.0 -9999.0 -9999.0 -9999.0 -9999.0 -9999.0 -9999.0 -9999.0 -9999.0 -9999.0 -9999.0 -9999.0 -9999.0 -9999.0 -9999.0 -9999.0 -9999.0 -9999.0 -9999.0 -9999.0 -9999.0 -9999.0 -9999.0 -9999.0 -9999.0 -9999.0 -9999.0 -9999.0 -9999.0 -9999.0 -9999.0 -9999.0 -9999.0 -9999.0 -9999.0 -9999.0 -9999.0 -9999.0 -9999.0 -9999.0 -9999.0 -9999.0 -9999.0 -9999.0 -9999.0 -9999.0 -9999.0 -9999.0 -9999.0 -9999.0 -9999.0 -9999.0 -9999.0 -9999.0 -9999.0 -9999.0 -9999.0 -9999.0 -9999.0 -9999.0 -9999.0 -9999.0 -9999.0 -9999.0 -9999.0 -9999.0 -9999.0 -9999.0 -9999.0 -9999.0 -9999.0 -9999.0 -9999.0 -9999.0 -9999.0 -9999.0 -9999.0 -9999.0 -9999.0 -9999.0 -9999.0
-9999.0 -9999.0 -1136.800186 -1150.567353 -1155.030318 -1158.259684 -1160.764602 -1162.464368 -1163.198542 -1155.040241 -1097.178925 -1076.934817 -1085.324577 -1098.722693 -1121.683510 -1138.740259 -1129.196828 -1107.800174 -1088.967961 -1077.779724 -1074.264139 -1077.001206 -1084.383361 -1094.888325 -1107.062302 -1119.531279 -1131.074556 -1140.822543 -1148.408896 -1153.922720 -1157.716272 -1160.215760 -1161.807042 -1162.790197 -1163.377280 -1163.708959 -1163.890750 -1164.082452 -1164.421711 -1164.261144 -1165.171548 -1180.986934 -787.325728 -777.578328 -765.293385 -757.921653 -754.496716 -754.030416 -753.988644 -754.010791 -754.045079 -754.080973 -754.115372 -754.147173 -754.176150 -754.204678 -754.257710 -754.556220 -756.441915 -760.915149 -768.663505 -770.922858 -1169.581753 -1166.782126 -1165.039021 -1164.508522 -1164.385839 -1164.366710 -1164.369265 -1164.375187 -1164.380577 -1164.384791 -1164.387948 -1164.390310 -1164.392099 -1164.393479 -1164.394566 -1164.395435 -1164.396147 -1164.396762 -1164.397343 -1164.397966 -1164.398726 -1164.399759 -1164.401267 -1164.403566 -1164.407155 -1164.412847 -1164.421988 -1164.436864 -1164.461475 -1164.503070 -1164.575256 -1164.704362 -1164.942364 -1165.392525 -1166.258595 -1167.937016 -1171.194210 -1177.554082 -1190.287758 -1217.468379 -9999.0 -9999.0
-9999.0 -9999.0 -1136.800115 -1150.567274 -1155.030261 -1158.259657 -1160.764595 -1162.464368 -1163.198543 -1155.040242 -1097.178925 -1076.934817 -1085.324577 -1098.722693 -1121.683510 -1138.740259 -1129.196828 -1107.800174 -1088.967960 -1077.779724 -1074.264139 -1077.001206 -1084.383361 -1094.888325 -1107.062302 -1119.531279 -1131.074556 -1140.822543 -1148.408896 -1153.922720 -1157.716272 -1160.215760 -1161.807042 -1162.790197 -1163.377280 -1163.708959 -1163.890750 -1164.082452 -1164.421711 -1164.261144 -1165.171548 -1180.986934 -787.325728 -777.578328 -765.293385 -757.921653 -754.496716 -754.030416 -753.988644 -754.010791 -754.045079 -754.080973 -754.115372 -754.147173 -754.176150 -754.204678 -754.257710 -754.556220 -756.441915 -760.915149 -768.663505 -770.922858 -1169.581753 -1166.782126 -1165.039021 -1164.508522 -1164.385839 -1164.366710 -1164.369265 -1164.375187 -1164.380577 -1164.384791 -1164.387948 -1164.390310 -1164.392099 -1164.393479 -1164.394566 -1164.395435 -1164.396147 -1164.396762 -1164.397343 -1164.397966 -1164.398726 -1164.399759 -1164.401267 -1164.403566 -1164.407155 -1164.412847 -1164.421988 -1164.436864 -1164.461475 -1164.503070 -1164.575256 -1164.704362 -1164.942364 -1165.392525 -1166.258595 -1167.937016 -1171.194210 -1177.554082 -1190.287758 -1217.468379 -9999.0 -9999.0
-9999.0 -9999.0 -1136.800082 -1150.567230 -1155.030223 -1158.259638 -1160.764589 -1162.464368 -1163.198544 -1155.040243 -1097.178925 -1076.934817 -1085.324577 -1098.722693 -1121.683510 -1138.740259 -1129.196828 -1107.800174 -1088.967960 -1077.779724 -1074.264139 -1077.001206 -1084.383361 -1094.888325 -1107.062302 -1119.531279 -1131.074556 -1140.822543 -1148.408896 -1153.922720 -1157.716272 -1160.215760 -1161.807042 -1162.790197 -1163.377280 -1163.708959 -1163.890750 -1164.082452 -1164.421711 -1164.261144 -1165.171548 -1180.986934 -787.325728 -777.578328 -765.293385 -757.921653 -754.496716 -754.030416 -753.988644 -754.010791 -754.045079 -754.080973 -754.115372 -754.147173 -754.176150 -754.204678 -754.257710 -754.556220 -756.441915 -760.915149 -768.663505 -770.922858 -1169.581753 -1166.782126 -1165.039021 -1164.508522 -1164.385839 -1164.366710 -1164.369265 -1164.375187 -1164.380577 -1164.384791 -1164.387948 -1164.390310 -1164.392099 -1164.393479 -1164.394566 -1164.395435 -1164.396147 -1164.396762 -1164.397343 -1164.397966 -1164.398726 -1164.399759 -1164.401267 -1164.403566 -1164.407155 -1164.412847 -1164.421988 -1164.436864 -1164.461475 -1164.503070 -1164.575256 -1164.704362 -1164.942364 -1165.392525 -1166.258595 -1167.937016 -1171.194210 -1177.554082 -1190.287758 -1217.468379 -9999.0 -9999.0
-9999.0 -9999.0 -1136.800082 -1150.567230 -1155.030223 -1158.259638 -1160.764589 -1162.464368 -1163.198544 -1155.040243 -1097.178925 -1076.934817 -1085.324577 -1098.722693 -1121.683510 -1138.740259 -1129.196828 -1107.800174 -1088.967960 -1077.779724 -1074.264139 -1077.001206 -1084.383361 -1094.888325 -1107.062302 -1119.531279 -1131.074556 -1140.822543 -1148.408896 -1153.922720 -1157.716272 -1160.215760 -1161.807042 -1162.790197 -1163.377280 -1163.708959 -1163.890750 -1164.082452 -1164.421711 -1164.261144 -1165.171548 -1180.986934 -787.325728 -777.578328 -765.293385 -757.921653 -754.496716 -754.030416 -753.988644 -754.010791 -754.045079 -754.080973 -754.115372 -754.147173 -754.176150 -754.204678 -754.257710 -754.556220 -756.441915 -760.915149 -768.663505 -770.922858 -1169.581753 -1166.782126 -1165.039021 -1164.508522 -1164.385839 -1164.366710 -1164.369265 -1164.375187 -1164.380577 -1164.384791 -1164.387948 -1164.390310 -1164.392099 -1164.393479 -1164.394566 -1164.395435 -1164.396147 -1164.396762 -1164.397343 -1164.397966 -1164.398726 -1164.399759 -1164.401267 -1164.403566 -1164.407155 -1164.412847 -1164.421988 -1164.436864 -1164.461475 -1164.503070 -1164.575256 -1164.704362 -1164.942364 -1165.392525 -1166.258595 -1167.937016 -1171.194210 -1177.554082 -1190.287758 -1217.468379 -9999.0 -9999.0
-9999.0 -9999.0 -1136.800115 -1150.567274 -1155.030261 -1158.259657 -1160.764595 -1162.464368 -1163.198543 -1155.040242 -1097.178925 -1076.934817 -1085.324577 -1098.722693 -1121.683510 -1138.740259 -1129.196828 -1107.800174 -1088.967960 -1077.779724 -1074.264139 -1077.001206 -1084.383361 -1094.888325 -1107.062302 -1119.531279 -1131.074556 -1140.822543 -1148.408896 -1153.922720 -1157.716272 -1160.215760 -1161.807042 -1162.790197 -1163.377280 -1163.708959 -1163.890750 -1164.082452 -1164.421711 -1164.261144 -1165.171548 -1180.986934 -787.325728 -777.578328 -765.293385 -757.921653 -754.496716 -754.030416 -753.988644 -754.010791 -754.045079 -754.080973 -754.115372 -754.147173 -754.176150 -754.204678 -754.257710 -754.556220 -756.441915 -760.915149 -768.663505 -770.922858 -1169.581753 -1166.782126 -1165.039021 -1164.508522 -1164.385839 -1164.366710 -1164.369265 -1164.375187 -1164.380577 -1164.384791 -1164.387948 -1164.390310 -1164.392099 -1164.393479 -1164.394566 -1164.395435 -1164.396147 -1164.396762 -1164.397343 -1164.397966 -1164.398726 -1164.399759 -1164.401267 -1164.403566 -1164.407155 -1164.412847 -1164.421988 -1164.436864 -1164.461475 -1164.503070 -1164.575256 -1164.704362 -1164.942364 -1165.392525 -1166.258595 -1167.937016 -1171.194210 -1177.554082 -1190.287758 -1217.468379 -9999.0 -9999.0
-9999.0 -9999.0 -1136.800186 -1150.567353 -1155.030318 -1158.259684 -1160.764602 -1162.464368 -1163.198542 -1155.040241 -1097.178925 -1076.934817 -1085.324577 -1098.722693 -1121.683510 -1138.740259 -1129.196828 -1107.800174 -1088.967961 -1077.779724 -1074.264139 -1077.001206 -1084.383361 -1094.888325 -1107.062302 -1119.531279 -1131.074556 -1140.822543 -1148.408896 -1153.922720 -1157.716272 -1160.215760 -1161.807042 -1162.790197 -1163.377280 -1163.708959 -1163.890750 -1164.082452 -1164.421711 -1164.261144 -1165.171548 -1180.986934 -787.325728 -777.578328 -765.293385 -757.921653 -754.496716 -754.030416 -753.988644 -754.010791 -754.045079 -754.080973 -754.115372 -754.147173 -754.176150 -754.204678 -754.257710 -754.556220 -756.441915 -760.915149 -768.663505 -770.922858 -1169.581753 -1166.782126 -1165.039021 -1164.508522 -1164.385839 -1164.366710 -1164.369265 -1164.375187 -1164.380577 -1164.384791 -1164.387948 -1164.390310 -1164.392099 -1164.393479 -1164.394566 -1164.395435 -1164.396147 -1164.396762 -1164.397343 -1164.397966 -1164.398726 -1164.399759 -1164.401267 -1164.403566 -1164.407155 -1164.412847 -1164.421988 -1164.436864 -1164.461475 -1164.503070 -1164.575256 -1164.704362 -1164.942364 -1165.392525 -1166.258595 -1167.937016 -1171.194210 -1177.554082 -1190.287758 -1217.468379 -9999.0 -9999.0
-9999.0 -9999.0 -9999.0 -9999.0 -9999.0 -9999.0 -9999.0 -9999.0 -9999.0 -9999.0 -9999.0 -9999.0 -9999.0 -9999.0 -9999.0 -9999.0 -9999.0 -9999.0 -9999.0 -9999.0 -9999.0 -9999.0 -9999.0 -9999.0 -9999.0 -9999.0 -9999.0 -9999.0 -9999.0 -9999.0 -9999.0 -9999.0 -9999.0 -9999.0 -9999.0 -9999.0 -9999.0 -9999.0 -9999.0 -9999.0 -9999.0 -9999.0 -9999.0 -9999.0 -9999.0 -9999.0 -9999.0 -9999.0 -9999.0 -9999.0 -9999.0 -9999.0 -9999.0 -9999.0 -9999.0 -9999.0 -9999.0 -9999.0 -9999.0 -9999.0 -9999.0 -9999.0 -9999.0 -9999.0 -9999.0 -9999.0 -9999.0 -9999.0 -9999.0 -9999.0 -9999.0 -9999.0 -9999.0 -9999.0 -9999.0 -9999.0 -9999.0 -9999.0 -9999.0 -9999.0 -9999.0 -9999.0 -9999.0 -9999.0 -9999.0 -9999.0 -9999.0 -9999.0 -9999.0 -9999.0 -9999.0 -9999.0 -9999.0 -9999.0 -9999.0 -9999.0 -9999.0 -9999.0 -9999.0 -9999.0 -9999.0 -9999.0 -9999.0 -9999.0
-9999.0 -9999.0 -9999.0 -9999.0 -9999.0 -9999.0 -9999.0 -9999.0 -9999.0 -9999.0 -9999.0 -9999.0 -9999.0 -9999.0 -9999.0 -9999.0 -9999.0 -9999.0 -9999.0 -9999.0 -9999.0 -9999.0 -9999.0 -9999.0 -9999.0 -9999.0 -9999.0 -9999.0 -9999.0 -9999.0 -9999.0 -9999.0 -9999.0 -9999.0 -9999.0 -9999.0 -9999.0 -9999.0 -9999.0 -9999.0 -9999.0 -9999.0 -9999.0 -9999.0 -9999.0 -9999.0 -9999.0 -9999.0 -9999.0 -9999.0 -9999.0 -9999.0 -9999.0 -9999.0 -9999.0 -9999.0 -9999.0 -9999.0 -9999.0 -9999.0 -9999.0 -9999.0 -9999.0 -9999.0 -9999.0 -9999.0 -9999.0 -9999.0 -9999.0 -9999.0 -9999.0 -9999.0 -9999.0 -9999.0 -9999.0 -9999.0 -9999.0 -9999.0 -9999.0 -9999.0 -9999.0 -9999.0 -9999.0 -9999.0 -9999.0 -9999.0 -9999.0 -9999.0 -9999.0 -9999.0 -9999.0 -9999.0 -9999.0 -9999.0 -9999.0 -9999.0 -9999.0 -9999.0 -9999.0 -9999.0 -9999.0 -9999.0 -9999.0 -9999.0