inst/processing_geotop_simulation/geotop_simulation/out/maps3D/PwL0019N0449.asc
ncols         104
nrows         10
xllcorner     -2.000000
yllcorner     0.000000
cellsize      1.000000
NODATA_value  -9999.0
-9999.0 -9999.0 -9999.0 -9999.0 -9999.0 -9999.0 -9999.0 -9999.0 -9999.0 -9999.0 -9999.0 -9999.0 -9999.0 -9999.0 -9999.0 -9999.0 -9999.0 -9999.0 -9999.0 -9999.0 -9999.0 -9999.0 -9999.0 -9999.0 -9999.0 -9999.0 -9999.0 -9999.0 -9999.0 -9999.0 -9999.0 -9999.0 -9999.0 -9999.0 -9999.0 -9999.0 -9999.0 -9999.0 -9999.0 -9999.0 -9999.0 -9999.0 -9999.0 -9999.0 -9999.0 -9999.0 -9999.0 -9999.0 -9999.0 -9999.0 -9999.0 -9999.0 -9999.0 -9999.0 -9999.0 -9999.0 -9999.0 -9999.0 -9999.0 -9999.0 -9999.0 -9999.0 -9999.0 -9999.0 -9999.0 -9999.0 -9999.0 -9999.0 -9999.0 -9999.0 -9999.0 -9999.0 -9999.0 -9999.0 -9999.0 -9999.0 -9999.0 -9999.0 -9999.0 -9999.0 -9999.0 -9999.0 -9999.0 -9999.0 -9999.0 -9999.0 -9999.0 -9999.0 -9999.0 -9999.0 -9999.0 -9999.0 -9999.0 -9999.0 -9999.0 -9999.0 -9999.0 -9999.0 -9999.0 -9999.0 -9999.0 -9999.0 -9999.0 -9999.0
-9999.0 -9999.0 -9999.0 -9999.0 -9999.0 -9999.0 -9999.0 -9999.0 -9999.0 -9999.0 -9999.0 -9999.0 -9999.0 -9999.0 -9999.0 -9999.0 -9999.0 -9999.0 -9999.0 -9999.0 -9999.0 -9999.0 -9999.0 -9999.0 -9999.0 -9999.0 -9999.0 -9999.0 -9999.0 -9999.0 -9999.0 -9999.0 -9999.0 -9999.0 -9999.0 -9999.0 -9999.0 -9999.0 -9999.0 -9999.0 -9999.0 -9999.0 -9999.0 -9999.0 -9999.0 -9999.0 -9999.0 -9999.0 -9999.0 -9999.0 -9999.0 -9999.0 -9999.0 -9999.0 -9999.0 -9999.0 -9999.0 -9999.0 -9999.0 -9999.0 -9999.0 -9999.0 -9999.0 -9999.0 -9999.0 -9999.0 -9999.0 -9999.0 -9999.0 -9999.0 -9999.0 -9999.0 -9999.0 -9999.0 -9999.0 -9999.0 -9999.0 -9999.0 -9999.0 -9999.0 -9999.0 -9999.0 -9999.0 -9999.0 -9999.0 -9999.0 -9999.0 -9999.0 -9999.0 -9999.0 -9999.0 -9999.0 -9999.0 -9999.0 -9999.0 -9999.0 -9999.0 -9999.0 -9999.0 -9999.0 -9999.0 -9999.0 -9999.0 -9999.0
-9999.0 -9999.0 918.539995 819.386328 720.152075 620.809405 521.408632 421.982193 322.547829 223.115205 123.689716 24.274893 -75.124670 -174.508963 -273.871784 -373.198273 -472.461453 -571.612602 -670.565572 -769.385712 -868.163700 -966.667640 -1064.732346 -1160.666535 -1251.677052 -1336.626469 -1413.548620 -1480.883417 -1537.778205 -1584.211614 -1620.906058 -1649.090419 -1670.221300 -1685.751625 -1696.985020 -1705.013896 -1710.728126 -1714.912458 -1718.541130 -1723.389292 -1731.997814 -1745.349344 -1857.254940 -3894.372687 -4034.566022 -4034.579714 -4033.036624 -4020.577510 -3977.167051 -3883.246842 -3736.497398 -3536.081912 -3379.112215 -3266.592627 -3156.724967 -3038.562699 -2910.102800 -2775.433744 -2640.695885 -2509.143022 -2341.070066 -1609.585194 -1700.678994 -1724.347792 -1724.822039 -1723.989827 -1723.710873 -1723.648827 -1723.637637 -1723.636237 -1723.636510 -1723.636999 -1723.637461 -1723.637867 -1723.638227 -1723.638554 -1723.638858 -1723.639147 -1723.639429 -1723.639710 -1723.639999 -1723.640304 -1723.640640 -1723.641025 -1723.641487 -1723.642074 -1723.642860 -1723.643969 -1723.645620 -1723.648203 -1723.652442 -1723.659723 -1723.672782 -1723.697173 -1723.744554 -1723.840565 -1724.045104 -1724.507719 -1725.627939 -1728.558051 -1736.940823 -1763.542584 -9999.0 -9999.0
-9999.0 -9999.0 918.542798 819.387383 720.152419 620.809517 521.408669 421.982206 322.547834 223.115208 123.689717 24.274893 -75.124670 -174.508963 -273.871784 -373.198273 -472.461453 -571.612602 -670.565572 -769.385712 -868.163700 -966.667640 -1064.732347 -1160.666535 -1251.677052 -1336.626470 -1413.548620 -1480.883417 -1537.778205 -1584.211614 -1620.906058 -1649.090419 -1670.221300 -1685.751624 -1696.985020 -1705.013896 -1710.728126 -1714.912458 -1718.541130 -1723.389292 -1731.997814 -1745.349344 -1857.254939 -3894.372686 -4034.566022 -4034.579714 -4033.036624 -4020.577509 -3977.167051 -3883.246841 -3736.497396 -3536.081910 -3379.112214 -3266.592627 -3156.724966 -3038.562699 -2910.102799 -2775.433744 -2640.695884 -2509.143022 -2341.070066 -1609.585194 -1700.678994 -1724.347792 -1724.822039 -1723.989827 -1723.710873 -1723.648827 -1723.637637 -1723.636237 -1723.636510 -1723.636999 -1723.637461 -1723.637867 -1723.638227 -1723.638554 -1723.638858 -1723.639147 -1723.639429 -1723.639710 -1723.639999 -1723.640304 -1723.640640 -1723.641025 -1723.641487 -1723.642074 -1723.642859 -1723.643969 -1723.645620 -1723.648203 -1723.652442 -1723.659723 -1723.672782 -1723.697173 -1723.744554 -1723.840565 -1724.045103 -1724.507719 -1725.627939 -1728.558051 -1736.940823 -1763.542583 -9999.0 -9999.0
-9999.0 -9999.0 918.543850 819.387945 720.152655 620.809608 521.408703 421.982219 322.547839 223.115210 123.689718 24.274894 -75.124670 -174.508963 -273.871784 -373.198273 -472.461453 -571.612602 -670.565572 -769.385713 -868.163701 -966.667640 -1064.732347 -1160.666536 -1251.677052 -1336.626470 -1413.548620 -1480.883417 -1537.778205 -1584.211614 -1620.906058 -1649.090419 -1670.221300 -1685.751625 -1696.985020 -1705.013896 -1710.728126 -1714.912458 -1718.541130 -1723.389292 -1731.997814 -1745.349344 -1857.254939 -3894.372686 -4034.566022 -4034.579714 -4033.036624 -4020.577509 -3977.167051 -3883.246841 -3736.497394 -3536.081910 -3379.112214 -3266.592626 -3156.724966 -3038.562698 -2910.102799 -2775.433743 -2640.695884 -2509.143022 -2341.070066 -1609.585194 -1700.678994 -1724.347792 -1724.822039 -1723.989827 -1723.710873 -1723.648827 -1723.637637 -1723.636237 -1723.636510 -1723.636999 -1723.637461 -1723.637867 -1723.638227 -1723.638554 -1723.638858 -1723.639147 -1723.639429 -1723.639710 -1723.639999 -1723.640304 -1723.640640 -1723.641025 -1723.641487 -1723.642074 -1723.642859 -1723.643969 -1723.645620 -1723.648203 -1723.652442 -1723.659723 -1723.672782 -1723.697173 -1723.744554 -1723.840565 -1724.045103 -1724.507719 -1725.627939 -1728.558051 -1736.940823 -1763.542583 -9999.0 -9999.0
-9999.0 -9999.0 918.543850 819.387945 720.152655 620.809608 521.408703 421.982219 322.547839 223.115210 123.689718 24.274894 -75.124669 -174.508963 -273.871783 -373.198273 -472.461453 -571.612602 -670.565572 -769.385713 -868.163701 -966.667640 -1064.732347 -1160.666536 -1251.677052 -1336.626470 -1413.548620 -1480.883417 -1537.778205 -1584.211614 -1620.906058 -1649.090419 -1670.221300 -1685.751625 -1696.985020 -1705.013896 -1710.728126 -1714.912458 -1718.541130 -1723.389292 -1731.997814 -1745.349344 -1857.254939 -3894.372686 -4034.566022 -4034.579714 -4033.036624 -4020.577509 -3977.167051 -3883.246841 -3736.497394 -3536.081910 -3379.112214 -3266.592626 -3156.724966 -3038.562699 -2910.102799 -2775.433744 -2640.695884 -2509.143022 -2341.070066 -1609.585194 -1700.678994 -1724.347792 -1724.822039 -1723.989827 -1723.710873 -1723.648827 -1723.637637 -1723.636237 -1723.636510 -1723.636999 -1723.637461 -1723.637867 -1723.638227 -1723.638554 -1723.638858 -1723.639147 -1723.639429 -1723.639710 -1723.639999 -1723.640304 -1723.640640 -1723.641025 -1723.641487 -1723.642074 -1723.642859 -1723.643969 -1723.645620 -1723.648203 -1723.652442 -1723.659723 -1723.672782 -1723.697173 -1723.744554 -1723.840565 -1724.045103 -1724.507719 -1725.627939 -1728.558051 -1736.940823 -1763.542583 -9999.0 -9999.0
-9999.0 -9999.0 918.542798 819.387383 720.152419 620.809517 521.408669 421.982206 322.547834 223.115208 123.689717 24.274893 -75.124670 -174.508963 -273.871784 -373.198273 -472.461453 -571.612602 -670.565572 -769.385712 -868.163700 -966.667640 -1064.732347 -1160.666535 -1251.677052 -1336.626470 -1413.548620 -1480.883417 -1537.778205 -1584.211614 -1620.906058 -1649.090419 -1670.221300 -1685.751624 -1696.985020 -1705.013896 -1710.728126 -1714.912458 -1718.541130 -1723.389292 -1731.997814 -1745.349344 -1857.254939 -3894.372686 -4034.566022 -4034.579714 -4033.036624 -4020.577509 -3977.167051 -3883.246841 -3736.497395 -3536.081910 -3379.112214 -3266.592626 -3156.724967 -3038.562699 -2910.102799 -2775.433744 -2640.695885 -2509.143022 -2341.070066 -1609.585194 -1700.678994 -1724.347792 -1724.822039 -1723.989827 -1723.710873 -1723.648827 -1723.637637 -1723.636237 -1723.636510 -1723.636999 -1723.637461 -1723.637867 -1723.638227 -1723.638554 -1723.638858 -1723.639147 -1723.639429 -1723.639710 -1723.639999 -1723.640304 -1723.640640 -1723.641025 -1723.641487 -1723.642074 -1723.642859 -1723.643969 -1723.645620 -1723.648203 -1723.652442 -1723.659723 -1723.672782 -1723.697173 -1723.744554 -1723.840565 -1724.045103 -1724.507719 -1725.627939 -1728.558051 -1736.940823 -1763.542583 -9999.0 -9999.0
-9999.0 -9999.0 918.539995 819.386328 720.152075 620.809405 521.408632 421.982193 322.547829 223.115205 123.689716 24.274892 -75.124670 -174.508963 -273.871784 -373.198273 -472.461453 -571.612602 -670.565572 -769.385712 -868.163700 -966.667640 -1064.732346 -1160.666535 -1251.677052 -1336.626469 -1413.548620 -1480.883417 -1537.778205 -1584.211614 -1620.906058 -1649.090419 -1670.221300 -1685.751625 -1696.985020 -1705.013896 -1710.728126 -1714.912458 -1718.541130 -1723.389292 -1731.997814 -1745.349344 -1857.254940 -3894.372687 -4034.566022 -4034.579714 -4033.036624 -4020.577510 -3977.167051 -3883.246843 -3736.497398 -3536.081912 -3379.112215 -3266.592627 -3156.724967 -3038.562699 -2910.102800 -2775.433744 -2640.695885 -2509.143023 -2341.070067 -1609.585194 -1700.678994 -1724.347792 -1724.822039 -1723.989827 -1723.710873 -1723.648827 -1723.637637 -1723.636237 -1723.636510 -1723.636999 -1723.637461 -1723.637867 -1723.638227 -1723.638554 -1723.638858 -1723.639147 -1723.639429 -1723.639710 -1723.639999 -1723.640304 -1723.640640 -1723.641025 -1723.641487 -1723.642074 -1723.642860 -1723.643969 -1723.645620 -1723.648203 -1723.652442 -1723.659723 -1723.672782 -1723.697173 -1723.744554 -1723.840565 -1724.045104 -1724.507719 -1725.627939 -1728.558051 -1736.940823 -1763.542584 -9999.0 -9999.0
-9999.0 -9999.0 -9999.0 -9999.0 -9999.0 -9999.0 -9999.0 -9999.0 -9999.0 -9999.0 -9999.0 -9999.0 -9999.0 -9999.0 -9999.0 -9999.0 -9999.0 -9999.0 -9999.0 -9999.0 -9999.0 -9999.0 -9999.0 -9999.0 -9999.0 -9999.0 -9999.0 -9999.0 -9999.0 -9999.0 -9999.0 -9999.0 -9999.0 -9999.0 -9999.0 -9999.0 -9999.0 -9999.0 -9999.0 -9999.0 -9999.0 -9999.0 -9999.0 -9999.0 -9999.0 -9999.0 -9999.0 -9999.0 -9999.0 -9999.0 -9999.0 -9999.0 -9999.0 -9999.0 -9999.0 -9999.0 -9999.0 -9999.0 -9999.0 -9999.0 -9999.0 -9999.0 -9999.0 -9999.0 -9999.0 -9999.0 -9999.0 -9999.0 -9999.0 -9999.0 -9999.0 -9999.0 -9999.0 -9999.0 -9999.0 -9999.0 -9999.0 -9999.0 -9999.0 -9999.0 -9999.0 -9999.0 -9999.0 -9999.0 -9999.0 -9999.0 -9999.0 -9999.0 -9999.0 -9999.0 -9999.0 -9999.0 -9999.0 -9999.0 -9999.0 -9999.0 -9999.0 -9999.0 -9999.0 -9999.0 -9999.0 -9999.0 -9999.0 -9999.0
-9999.0 -9999.0 -9999.0 -9999.0 -9999.0 -9999.0 -9999.0 -9999.0 -9999.0 -9999.0 -9999.0 -9999.0 -9999.0 -9999.0 -9999.0 -9999.0 -9999.0 -9999.0 -9999.0 -9999.0 -9999.0 -9999.0 -9999.0 -9999.0 -9999.0 -9999.0 -9999.0 -9999.0 -9999.0 -9999.0 -9999.0 -9999.0 -9999.0 -9999.0 -9999.0 -9999.0 -9999.0 -9999.0 -9999.0 -9999.0 -9999.0 -9999.0 -9999.0 -9999.0 -9999.0 -9999.0 -9999.0 -9999.0 -9999.0 -9999.0 -9999.0 -9999.0 -9999.0 -9999.0 -9999.0 -9999.0 -9999.0 -9999.0 -9999.0 -9999.0 -9999.0 -9999.0 -9999.0 -9999.0 -9999.0 -9999.0 -9999.0 -9999.0 -9999.0 -9999.0 -9999.0 -9999.0 -9999.0 -9999.0 -9999.0 -9999.0 -9999.0 -9999.0 -9999.0 -9999.0 -9999.0 -9999.0 -9999.0 -9999.0 -9999.0 -9999.0 -9999.0 -9999.0 -9999.0 -9999.0 -9999.0 -9999.0 -9999.0 -9999.0 -9999.0 -9999.0 -9999.0 -9999.0 -9999.0 -9999.0 -9999.0 -9999.0 -9999.0 -9999.0