inst/processing_geotop_simulation/geotop_simulation/out/maps3D/PwL0005N0069.asc
ncols         104
nrows         10
xllcorner     -2.000000
yllcorner     0.000000
cellsize      1.000000
NODATA_value  -9999.0
-9999.0 -9999.0 -9999.0 -9999.0 -9999.0 -9999.0 -9999.0 -9999.0 -9999.0 -9999.0 -9999.0 -9999.0 -9999.0 -9999.0 -9999.0 -9999.0 -9999.0 -9999.0 -9999.0 -9999.0 -9999.0 -9999.0 -9999.0 -9999.0 -9999.0 -9999.0 -9999.0 -9999.0 -9999.0 -9999.0 -9999.0 -9999.0 -9999.0 -9999.0 -9999.0 -9999.0 -9999.0 -9999.0 -9999.0 -9999.0 -9999.0 -9999.0 -9999.0 -9999.0 -9999.0 -9999.0 -9999.0 -9999.0 -9999.0 -9999.0 -9999.0 -9999.0 -9999.0 -9999.0 -9999.0 -9999.0 -9999.0 -9999.0 -9999.0 -9999.0 -9999.0 -9999.0 -9999.0 -9999.0 -9999.0 -9999.0 -9999.0 -9999.0 -9999.0 -9999.0 -9999.0 -9999.0 -9999.0 -9999.0 -9999.0 -9999.0 -9999.0 -9999.0 -9999.0 -9999.0 -9999.0 -9999.0 -9999.0 -9999.0 -9999.0 -9999.0 -9999.0 -9999.0 -9999.0 -9999.0 -9999.0 -9999.0 -9999.0 -9999.0 -9999.0 -9999.0 -9999.0 -9999.0 -9999.0 -9999.0 -9999.0 -9999.0 -9999.0 -9999.0
-9999.0 -9999.0 -9999.0 -9999.0 -9999.0 -9999.0 -9999.0 -9999.0 -9999.0 -9999.0 -9999.0 -9999.0 -9999.0 -9999.0 -9999.0 -9999.0 -9999.0 -9999.0 -9999.0 -9999.0 -9999.0 -9999.0 -9999.0 -9999.0 -9999.0 -9999.0 -9999.0 -9999.0 -9999.0 -9999.0 -9999.0 -9999.0 -9999.0 -9999.0 -9999.0 -9999.0 -9999.0 -9999.0 -9999.0 -9999.0 -9999.0 -9999.0 -9999.0 -9999.0 -9999.0 -9999.0 -9999.0 -9999.0 -9999.0 -9999.0 -9999.0 -9999.0 -9999.0 -9999.0 -9999.0 -9999.0 -9999.0 -9999.0 -9999.0 -9999.0 -9999.0 -9999.0 -9999.0 -9999.0 -9999.0 -9999.0 -9999.0 -9999.0 -9999.0 -9999.0 -9999.0 -9999.0 -9999.0 -9999.0 -9999.0 -9999.0 -9999.0 -9999.0 -9999.0 -9999.0 -9999.0 -9999.0 -9999.0 -9999.0 -9999.0 -9999.0 -9999.0 -9999.0 -9999.0 -9999.0 -9999.0 -9999.0 -9999.0 -9999.0 -9999.0 -9999.0 -9999.0 -9999.0 -9999.0 -9999.0 -9999.0 -9999.0 -9999.0 -9999.0
-9999.0 -9999.0 -167.675594 -269.701020 -376.350836 -496.226220 -638.724716 -799.932679 -954.630282 -1056.344311 -1058.465348 -1016.118969 -1002.415105 -1021.675413 -1054.454896 -1101.872350 -1139.234951 -1146.039066 -1139.104352 -1128.439989 -1119.649598 -1114.629239 -1113.410645 -1115.298048 -1119.370052 -1124.684300 -1130.370323 -1135.730820 -1140.328109 -1143.992015 -1146.749489 -1148.733388 -1150.110586 -1151.038372 -1151.645595 -1152.030865 -1152.279051 -1152.496701 -1152.748679 -1153.032507 -1156.950749 -1190.357120 -913.407103 -920.843104 -895.308103 -880.028084 -872.961758 -872.056973 -871.968837 -871.986386 -872.020292 -872.056204 -872.090642 -872.122490 -872.151729 -872.182754 -872.260130 -872.778867 -876.454309 -884.901576 -899.402276 -875.396786 -1174.024030 -1156.150706 -1153.409550 -1152.943849 -1152.845048 -1152.827532 -1152.827670 -1152.830917 -1152.834102 -1152.836646 -1152.838569 -1152.840015 -1152.841115 -1152.841965 -1152.842635 -1152.843174 -1152.843617 -1152.844003 -1152.844372 -1152.844771 -1152.845263 -1152.845936 -1152.846922 -1152.848430 -1152.850788 -1152.854537 -1152.860572 -1152.870429 -1152.886815 -1152.914682 -1152.963395 -1153.051178 -1153.214125 -1153.524067 -1154.123432 -1155.294400 -1157.610404 -1162.325870 -1172.479538 -1196.852994 -9999.0 -9999.0
-9999.0 -9999.0 -167.675595 -269.701020 -376.350836 -496.226220 -638.724717 -799.932679 -954.630283 -1056.344312 -1058.465348 -1016.118969 -1002.415105 -1021.675413 -1054.454896 -1101.872350 -1139.234951 -1146.039066 -1139.104352 -1128.439989 -1119.649598 -1114.629239 -1113.410645 -1115.298048 -1119.370052 -1124.684300 -1130.370323 -1135.730820 -1140.328109 -1143.992015 -1146.749489 -1148.733388 -1150.110586 -1151.038372 -1151.645595 -1152.030865 -1152.279051 -1152.496701 -1152.748679 -1153.032507 -1156.950749 -1190.357120 -913.407103 -920.843104 -895.308103 -880.028084 -872.961758 -872.056973 -871.968837 -871.986386 -872.020292 -872.056204 -872.090642 -872.122490 -872.151729 -872.182754 -872.260130 -872.778867 -876.454309 -884.901576 -899.402276 -875.396786 -1174.024030 -1156.150706 -1153.409550 -1152.943849 -1152.845048 -1152.827532 -1152.827670 -1152.830917 -1152.834102 -1152.836646 -1152.838569 -1152.840015 -1152.841115 -1152.841965 -1152.842635 -1152.843174 -1152.843617 -1152.844003 -1152.844372 -1152.844771 -1152.845263 -1152.845936 -1152.846922 -1152.848430 -1152.850788 -1152.854537 -1152.860572 -1152.870429 -1152.886815 -1152.914682 -1152.963395 -1153.051178 -1153.214125 -1153.524067 -1154.123432 -1155.294400 -1157.610404 -1162.325870 -1172.479538 -1196.852994 -9999.0 -9999.0
-9999.0 -9999.0 -167.675595 -269.701020 -376.350836 -496.226220 -638.724716 -799.932679 -954.630283 -1056.344312 -1058.465348 -1016.118969 -1002.415105 -1021.675413 -1054.454896 -1101.872350 -1139.234951 -1146.039066 -1139.104352 -1128.439989 -1119.649598 -1114.629239 -1113.410645 -1115.298048 -1119.370052 -1124.684300 -1130.370323 -1135.730820 -1140.328109 -1143.992015 -1146.749489 -1148.733388 -1150.110586 -1151.038372 -1151.645595 -1152.030865 -1152.279051 -1152.496701 -1152.748679 -1153.032507 -1156.950749 -1190.357120 -913.407103 -920.843104 -895.308103 -880.028083 -872.961758 -872.056973 -871.968837 -871.986386 -872.020292 -872.056204 -872.090642 -872.122490 -872.151729 -872.182754 -872.260130 -872.778867 -876.454309 -884.901576 -899.402276 -875.396786 -1174.024030 -1156.150706 -1153.409550 -1152.943849 -1152.845048 -1152.827532 -1152.827670 -1152.830917 -1152.834102 -1152.836646 -1152.838569 -1152.840015 -1152.841115 -1152.841965 -1152.842635 -1152.843174 -1152.843617 -1152.844003 -1152.844372 -1152.844771 -1152.845263 -1152.845936 -1152.846922 -1152.848430 -1152.850788 -1152.854537 -1152.860572 -1152.870429 -1152.886815 -1152.914682 -1152.963395 -1153.051178 -1153.214125 -1153.524067 -1154.123432 -1155.294400 -1157.610404 -1162.325870 -1172.479538 -1196.852994 -9999.0 -9999.0
-9999.0 -9999.0 -167.675595 -269.701020 -376.350836 -496.226220 -638.724716 -799.932679 -954.630283 -1056.344312 -1058.465348 -1016.118969 -1002.415105 -1021.675413 -1054.454896 -1101.872350 -1139.234951 -1146.039066 -1139.104352 -1128.439989 -1119.649598 -1114.629239 -1113.410645 -1115.298048 -1119.370052 -1124.684300 -1130.370323 -1135.730820 -1140.328109 -1143.992015 -1146.749489 -1148.733388 -1150.110586 -1151.038372 -1151.645595 -1152.030865 -1152.279051 -1152.496701 -1152.748679 -1153.032507 -1156.950749 -1190.357120 -913.407103 -920.843104 -895.308103 -880.028083 -872.961758 -872.056973 -871.968837 -871.986386 -872.020292 -872.056204 -872.090642 -872.122490 -872.151729 -872.182754 -872.260130 -872.778867 -876.454309 -884.901576 -899.402276 -875.396786 -1174.024030 -1156.150706 -1153.409550 -1152.943849 -1152.845048 -1152.827532 -1152.827670 -1152.830917 -1152.834102 -1152.836646 -1152.838569 -1152.840015 -1152.841115 -1152.841965 -1152.842635 -1152.843174 -1152.843617 -1152.844003 -1152.844372 -1152.844771 -1152.845263 -1152.845936 -1152.846922 -1152.848430 -1152.850788 -1152.854537 -1152.860572 -1152.870429 -1152.886815 -1152.914682 -1152.963395 -1153.051178 -1153.214125 -1153.524067 -1154.123432 -1155.294400 -1157.610404 -1162.325870 -1172.479538 -1196.852994 -9999.0 -9999.0
-9999.0 -9999.0 -167.675595 -269.701020 -376.350836 -496.226220 -638.724717 -799.932679 -954.630283 -1056.344312 -1058.465348 -1016.118969 -1002.415105 -1021.675413 -1054.454896 -1101.872350 -1139.234951 -1146.039066 -1139.104352 -1128.439989 -1119.649598 -1114.629239 -1113.410645 -1115.298048 -1119.370052 -1124.684300 -1130.370323 -1135.730820 -1140.328109 -1143.992015 -1146.749489 -1148.733388 -1150.110586 -1151.038372 -1151.645595 -1152.030865 -1152.279051 -1152.496701 -1152.748679 -1153.032507 -1156.950749 -1190.357120 -913.407103 -920.843104 -895.308103 -880.028084 -872.961758 -872.056973 -871.968837 -871.986386 -872.020292 -872.056204 -872.090642 -872.122490 -872.151729 -872.182754 -872.260130 -872.778867 -876.454309 -884.901576 -899.402276 -875.396786 -1174.024030 -1156.150706 -1153.409550 -1152.943849 -1152.845048 -1152.827532 -1152.827670 -1152.830917 -1152.834102 -1152.836646 -1152.838569 -1152.840015 -1152.841115 -1152.841965 -1152.842635 -1152.843174 -1152.843617 -1152.844003 -1152.844372 -1152.844771 -1152.845263 -1152.845936 -1152.846922 -1152.848430 -1152.850788 -1152.854537 -1152.860572 -1152.870429 -1152.886815 -1152.914682 -1152.963395 -1153.051178 -1153.214125 -1153.524067 -1154.123432 -1155.294400 -1157.610404 -1162.325870 -1172.479538 -1196.852994 -9999.0 -9999.0
-9999.0 -9999.0 -167.675594 -269.701020 -376.350836 -496.226220 -638.724716 -799.932679 -954.630282 -1056.344311 -1058.465348 -1016.118969 -1002.415105 -1021.675413 -1054.454896 -1101.872350 -1139.234951 -1146.039066 -1139.104352 -1128.439989 -1119.649598 -1114.629239 -1113.410645 -1115.298048 -1119.370052 -1124.684300 -1130.370323 -1135.730820 -1140.328109 -1143.992015 -1146.749489 -1148.733388 -1150.110586 -1151.038372 -1151.645595 -1152.030865 -1152.279051 -1152.496701 -1152.748679 -1153.032507 -1156.950749 -1190.357120 -913.407103 -920.843104 -895.308103 -880.028084 -872.961758 -872.056973 -871.968837 -871.986386 -872.020292 -872.056204 -872.090642 -872.122490 -872.151729 -872.182754 -872.260130 -872.778867 -876.454309 -884.901576 -899.402276 -875.396786 -1174.024030 -1156.150706 -1153.409550 -1152.943849 -1152.845048 -1152.827532 -1152.827670 -1152.830917 -1152.834102 -1152.836646 -1152.838569 -1152.840015 -1152.841115 -1152.841965 -1152.842635 -1152.843174 -1152.843617 -1152.844003 -1152.844372 -1152.844771 -1152.845263 -1152.845936 -1152.846922 -1152.848430 -1152.850788 -1152.854537 -1152.860572 -1152.870429 -1152.886815 -1152.914682 -1152.963395 -1153.051178 -1153.214125 -1153.524067 -1154.123432 -1155.294400 -1157.610404 -1162.325870 -1172.479538 -1196.852994 -9999.0 -9999.0
-9999.0 -9999.0 -9999.0 -9999.0 -9999.0 -9999.0 -9999.0 -9999.0 -9999.0 -9999.0 -9999.0 -9999.0 -9999.0 -9999.0 -9999.0 -9999.0 -9999.0 -9999.0 -9999.0 -9999.0 -9999.0 -9999.0 -9999.0 -9999.0 -9999.0 -9999.0 -9999.0 -9999.0 -9999.0 -9999.0 -9999.0 -9999.0 -9999.0 -9999.0 -9999.0 -9999.0 -9999.0 -9999.0 -9999.0 -9999.0 -9999.0 -9999.0 -9999.0 -9999.0 -9999.0 -9999.0 -9999.0 -9999.0 -9999.0 -9999.0 -9999.0 -9999.0 -9999.0 -9999.0 -9999.0 -9999.0 -9999.0 -9999.0 -9999.0 -9999.0 -9999.0 -9999.0 -9999.0 -9999.0 -9999.0 -9999.0 -9999.0 -9999.0 -9999.0 -9999.0 -9999.0 -9999.0 -9999.0 -9999.0 -9999.0 -9999.0 -9999.0 -9999.0 -9999.0 -9999.0 -9999.0 -9999.0 -9999.0 -9999.0 -9999.0 -9999.0 -9999.0 -9999.0 -9999.0 -9999.0 -9999.0 -9999.0 -9999.0 -9999.0 -9999.0 -9999.0 -9999.0 -9999.0 -9999.0 -9999.0 -9999.0 -9999.0 -9999.0 -9999.0
-9999.0 -9999.0 -9999.0 -9999.0 -9999.0 -9999.0 -9999.0 -9999.0 -9999.0 -9999.0 -9999.0 -9999.0 -9999.0 -9999.0 -9999.0 -9999.0 -9999.0 -9999.0 -9999.0 -9999.0 -9999.0 -9999.0 -9999.0 -9999.0 -9999.0 -9999.0 -9999.0 -9999.0 -9999.0 -9999.0 -9999.0 -9999.0 -9999.0 -9999.0 -9999.0 -9999.0 -9999.0 -9999.0 -9999.0 -9999.0 -9999.0 -9999.0 -9999.0 -9999.0 -9999.0 -9999.0 -9999.0 -9999.0 -9999.0 -9999.0 -9999.0 -9999.0 -9999.0 -9999.0 -9999.0 -9999.0 -9999.0 -9999.0 -9999.0 -9999.0 -9999.0 -9999.0 -9999.0 -9999.0 -9999.0 -9999.0 -9999.0 -9999.0 -9999.0 -9999.0 -9999.0 -9999.0 -9999.0 -9999.0 -9999.0 -9999.0 -9999.0 -9999.0 -9999.0 -9999.0 -9999.0 -9999.0 -9999.0 -9999.0 -9999.0 -9999.0 -9999.0 -9999.0 -9999.0 -9999.0 -9999.0 -9999.0 -9999.0 -9999.0 -9999.0 -9999.0 -9999.0 -9999.0 -9999.0 -9999.0 -9999.0 -9999.0 -9999.0 -9999.0