inst/processing_geotop_simulation/geotop_simulation/out/maps3D/PwL0015N0441.asc
ncols         104
nrows         10
xllcorner     -2.000000
yllcorner     0.000000
cellsize      1.000000
NODATA_value  -9999.0
-9999.0 -9999.0 -9999.0 -9999.0 -9999.0 -9999.0 -9999.0 -9999.0 -9999.0 -9999.0 -9999.0 -9999.0 -9999.0 -9999.0 -9999.0 -9999.0 -9999.0 -9999.0 -9999.0 -9999.0 -9999.0 -9999.0 -9999.0 -9999.0 -9999.0 -9999.0 -9999.0 -9999.0 -9999.0 -9999.0 -9999.0 -9999.0 -9999.0 -9999.0 -9999.0 -9999.0 -9999.0 -9999.0 -9999.0 -9999.0 -9999.0 -9999.0 -9999.0 -9999.0 -9999.0 -9999.0 -9999.0 -9999.0 -9999.0 -9999.0 -9999.0 -9999.0 -9999.0 -9999.0 -9999.0 -9999.0 -9999.0 -9999.0 -9999.0 -9999.0 -9999.0 -9999.0 -9999.0 -9999.0 -9999.0 -9999.0 -9999.0 -9999.0 -9999.0 -9999.0 -9999.0 -9999.0 -9999.0 -9999.0 -9999.0 -9999.0 -9999.0 -9999.0 -9999.0 -9999.0 -9999.0 -9999.0 -9999.0 -9999.0 -9999.0 -9999.0 -9999.0 -9999.0 -9999.0 -9999.0 -9999.0 -9999.0 -9999.0 -9999.0 -9999.0 -9999.0 -9999.0 -9999.0 -9999.0 -9999.0 -9999.0 -9999.0 -9999.0 -9999.0
-9999.0 -9999.0 -9999.0 -9999.0 -9999.0 -9999.0 -9999.0 -9999.0 -9999.0 -9999.0 -9999.0 -9999.0 -9999.0 -9999.0 -9999.0 -9999.0 -9999.0 -9999.0 -9999.0 -9999.0 -9999.0 -9999.0 -9999.0 -9999.0 -9999.0 -9999.0 -9999.0 -9999.0 -9999.0 -9999.0 -9999.0 -9999.0 -9999.0 -9999.0 -9999.0 -9999.0 -9999.0 -9999.0 -9999.0 -9999.0 -9999.0 -9999.0 -9999.0 -9999.0 -9999.0 -9999.0 -9999.0 -9999.0 -9999.0 -9999.0 -9999.0 -9999.0 -9999.0 -9999.0 -9999.0 -9999.0 -9999.0 -9999.0 -9999.0 -9999.0 -9999.0 -9999.0 -9999.0 -9999.0 -9999.0 -9999.0 -9999.0 -9999.0 -9999.0 -9999.0 -9999.0 -9999.0 -9999.0 -9999.0 -9999.0 -9999.0 -9999.0 -9999.0 -9999.0 -9999.0 -9999.0 -9999.0 -9999.0 -9999.0 -9999.0 -9999.0 -9999.0 -9999.0 -9999.0 -9999.0 -9999.0 -9999.0 -9999.0 -9999.0 -9999.0 -9999.0 -9999.0 -9999.0 -9999.0 -9999.0 -9999.0 -9999.0 -9999.0 -9999.0
-9999.0 -9999.0 720.324150 621.372856 522.218968 422.914669 323.538642 224.131880 124.715179 25.299876 -74.105407 -173.498687 -272.874489 -372.217909 -471.503764 -570.693155 -669.716188 -768.640029 -867.559927 -966.322387 -1064.849490 -1162.214650 -1256.567214 -1346.432327 -1429.565261 -1503.885910 -1567.932585 -1621.129653 -1663.802323 -1696.977219 -1722.081543 -1740.656305 -1754.151060 -1763.813264 -1770.653134 -1775.457594 -1778.838889 -1781.342605 -1783.726749 -1787.473071 -1793.671243 -1792.149928 -1817.878433 -4093.599196 -4132.680483 -4024.838087 -3949.354833 -3937.924075 -3936.741331 -3936.860784 -3937.164784 -3937.490439 -3937.802783 -3938.091559 -3938.358506 -3938.662754 -3939.584843 -3946.029927 -3987.468576 -4063.935977 -3924.989074 -1617.960580 -1750.144311 -1785.763292 -1787.286302 -1786.558919 -1786.303095 -1786.247065 -1786.237163 -1786.235959 -1786.236209 -1786.236633 -1786.237016 -1786.237339 -1786.237611 -1786.237846 -1786.238054 -1786.238244 -1786.238423 -1786.238598 -1786.238776 -1786.238967 -1786.239183 -1786.239445 -1786.239780 -1786.240235 -1786.240885 -1786.241855 -1786.243366 -1786.245809 -1786.249908 -1786.257053 -1786.269972 -1786.294174 -1786.341128 -1786.435750 -1786.635487 -1787.082310 -1788.153964 -1790.944608 -1798.966667 -1824.851129 -9999.0 -9999.0
-9999.0 -9999.0 720.327919 621.374115 522.219351 422.914789 323.538682 224.131894 124.715185 25.299878 -74.105406 -173.498686 -272.874489 -372.217908 -471.503764 -570.693155 -669.716188 -768.640029 -867.559927 -966.322387 -1064.849490 -1162.214651 -1256.567214 -1346.432328 -1429.565261 -1503.885910 -1567.932585 -1621.129653 -1663.802323 -1696.977219 -1722.081543 -1740.656305 -1754.151060 -1763.813264 -1770.653134 -1775.457594 -1778.838889 -1781.342605 -1783.726749 -1787.473071 -1793.671243 -1792.149928 -1817.878432 -4093.599196 -4132.680482 -4024.838083 -3949.354833 -3937.924075 -3936.741331 -3936.860784 -3937.164784 -3937.490439 -3937.802783 -3938.091559 -3938.358506 -3938.662754 -3939.584843 -3946.029927 -3987.468576 -4063.935977 -3924.989074 -1617.960580 -1750.144311 -1785.763292 -1787.286302 -1786.558919 -1786.303095 -1786.247065 -1786.237163 -1786.235959 -1786.236209 -1786.236633 -1786.237016 -1786.237339 -1786.237611 -1786.237846 -1786.238054 -1786.238244 -1786.238423 -1786.238598 -1786.238776 -1786.238967 -1786.239183 -1786.239445 -1786.239780 -1786.240235 -1786.240885 -1786.241855 -1786.243366 -1786.245808 -1786.249908 -1786.257053 -1786.269972 -1786.294174 -1786.341128 -1786.435750 -1786.635487 -1787.082310 -1788.153964 -1790.944608 -1798.966667 -1824.851129 -9999.0 -9999.0
-9999.0 -9999.0 720.329106 621.374737 522.219607 422.914885 323.538717 224.131906 124.715189 25.299880 -74.105405 -173.498686 -272.874488 -372.217908 -471.503764 -570.693155 -669.716188 -768.640030 -867.559927 -966.322387 -1064.849491 -1162.214651 -1256.567214 -1346.432328 -1429.565261 -1503.885910 -1567.932585 -1621.129653 -1663.802323 -1696.977219 -1722.081543 -1740.656305 -1754.151060 -1763.813264 -1770.653134 -1775.457594 -1778.838889 -1781.342605 -1783.726749 -1787.473071 -1793.671243 -1792.149928 -1817.878432 -4093.599196 -4132.680481 -4024.838081 -3949.354833 -3937.924075 -3936.741331 -3936.860784 -3937.164784 -3937.490439 -3937.802783 -3938.091559 -3938.358506 -3938.662754 -3939.584843 -3946.029927 -3987.468576 -4063.935977 -3924.989074 -1617.960580 -1750.144311 -1785.763292 -1787.286302 -1786.558919 -1786.303095 -1786.247065 -1786.237163 -1786.235959 -1786.236209 -1786.236633 -1786.237016 -1786.237339 -1786.237611 -1786.237846 -1786.238054 -1786.238244 -1786.238423 -1786.238598 -1786.238776 -1786.238967 -1786.239183 -1786.239445 -1786.239780 -1786.240235 -1786.240885 -1786.241855 -1786.243366 -1786.245808 -1786.249908 -1786.257053 -1786.269972 -1786.294174 -1786.341128 -1786.435750 -1786.635487 -1787.082310 -1788.153964 -1790.944608 -1798.966667 -1824.851129 -9999.0 -9999.0
-9999.0 -9999.0 720.329106 621.374737 522.219607 422.914885 323.538717 224.131906 124.715189 25.299880 -74.105405 -173.498686 -272.874488 -372.217908 -471.503764 -570.693155 -669.716188 -768.640030 -867.559927 -966.322387 -1064.849491 -1162.214651 -1256.567214 -1346.432328 -1429.565261 -1503.885910 -1567.932585 -1621.129653 -1663.802323 -1696.977219 -1722.081543 -1740.656305 -1754.151060 -1763.813264 -1770.653134 -1775.457594 -1778.838889 -1781.342605 -1783.726749 -1787.473071 -1793.671243 -1792.149928 -1817.878432 -4093.599196 -4132.680481 -4024.838081 -3949.354833 -3937.924075 -3936.741331 -3936.860784 -3937.164784 -3937.490439 -3937.802783 -3938.091559 -3938.358506 -3938.662754 -3939.584843 -3946.029927 -3987.468576 -4063.935977 -3924.989074 -1617.960580 -1750.144311 -1785.763292 -1787.286302 -1786.558919 -1786.303095 -1786.247065 -1786.237163 -1786.235959 -1786.236209 -1786.236633 -1786.237016 -1786.237339 -1786.237611 -1786.237846 -1786.238054 -1786.238244 -1786.238423 -1786.238598 -1786.238776 -1786.238967 -1786.239183 -1786.239445 -1786.239780 -1786.240235 -1786.240885 -1786.241855 -1786.243366 -1786.245808 -1786.249908 -1786.257053 -1786.269972 -1786.294174 -1786.341128 -1786.435750 -1786.635487 -1787.082310 -1788.153964 -1790.944608 -1798.966667 -1824.851129 -9999.0 -9999.0
-9999.0 -9999.0 720.327919 621.374115 522.219351 422.914789 323.538682 224.131894 124.715185 25.299878 -74.105406 -173.498686 -272.874489 -372.217908 -471.503764 -570.693155 -669.716188 -768.640029 -867.559927 -966.322387 -1064.849490 -1162.214651 -1256.567214 -1346.432328 -1429.565261 -1503.885910 -1567.932585 -1621.129653 -1663.802323 -1696.977219 -1722.081543 -1740.656305 -1754.151060 -1763.813264 -1770.653134 -1775.457594 -1778.838889 -1781.342605 -1783.726749 -1787.473071 -1793.671243 -1792.149928 -1817.878432 -4093.599196 -4132.680482 -4024.838083 -3949.354833 -3937.924075 -3936.741331 -3936.860784 -3937.164784 -3937.490439 -3937.802783 -3938.091559 -3938.358506 -3938.662754 -3939.584843 -3946.029927 -3987.468576 -4063.935977 -3924.989074 -1617.960580 -1750.144311 -1785.763292 -1787.286302 -1786.558919 -1786.303095 -1786.247065 -1786.237163 -1786.235959 -1786.236209 -1786.236633 -1786.237016 -1786.237339 -1786.237611 -1786.237846 -1786.238054 -1786.238244 -1786.238423 -1786.238598 -1786.238776 -1786.238967 -1786.239183 -1786.239445 -1786.239780 -1786.240235 -1786.240885 -1786.241855 -1786.243366 -1786.245808 -1786.249908 -1786.257053 -1786.269972 -1786.294174 -1786.341128 -1786.435750 -1786.635487 -1787.082310 -1788.153964 -1790.944608 -1798.966667 -1824.851129 -9999.0 -9999.0
-9999.0 -9999.0 720.324150 621.372856 522.218968 422.914669 323.538642 224.131880 124.715179 25.299876 -74.105407 -173.498687 -272.874489 -372.217909 -471.503764 -570.693155 -669.716188 -768.640029 -867.559927 -966.322387 -1064.849490 -1162.214650 -1256.567214 -1346.432327 -1429.565261 -1503.885910 -1567.932585 -1621.129653 -1663.802323 -1696.977219 -1722.081543 -1740.656305 -1754.151060 -1763.813264 -1770.653134 -1775.457594 -1778.838889 -1781.342605 -1783.726749 -1787.473071 -1793.671243 -1792.149928 -1817.878433 -4093.599196 -4132.680483 -4024.838087 -3949.354833 -3937.924075 -3936.741331 -3936.860784 -3937.164784 -3937.490439 -3937.802783 -3938.091559 -3938.358506 -3938.662754 -3939.584843 -3946.029927 -3987.468576 -4063.935977 -3924.989074 -1617.960580 -1750.144311 -1785.763292 -1787.286302 -1786.558919 -1786.303095 -1786.247065 -1786.237163 -1786.235959 -1786.236209 -1786.236633 -1786.237016 -1786.237339 -1786.237611 -1786.237846 -1786.238054 -1786.238244 -1786.238423 -1786.238598 -1786.238776 -1786.238967 -1786.239183 -1786.239445 -1786.239780 -1786.240235 -1786.240885 -1786.241855 -1786.243366 -1786.245809 -1786.249908 -1786.257053 -1786.269972 -1786.294174 -1786.341128 -1786.435750 -1786.635487 -1787.082310 -1788.153964 -1790.944608 -1798.966667 -1824.851129 -9999.0 -9999.0
-9999.0 -9999.0 -9999.0 -9999.0 -9999.0 -9999.0 -9999.0 -9999.0 -9999.0 -9999.0 -9999.0 -9999.0 -9999.0 -9999.0 -9999.0 -9999.0 -9999.0 -9999.0 -9999.0 -9999.0 -9999.0 -9999.0 -9999.0 -9999.0 -9999.0 -9999.0 -9999.0 -9999.0 -9999.0 -9999.0 -9999.0 -9999.0 -9999.0 -9999.0 -9999.0 -9999.0 -9999.0 -9999.0 -9999.0 -9999.0 -9999.0 -9999.0 -9999.0 -9999.0 -9999.0 -9999.0 -9999.0 -9999.0 -9999.0 -9999.0 -9999.0 -9999.0 -9999.0 -9999.0 -9999.0 -9999.0 -9999.0 -9999.0 -9999.0 -9999.0 -9999.0 -9999.0 -9999.0 -9999.0 -9999.0 -9999.0 -9999.0 -9999.0 -9999.0 -9999.0 -9999.0 -9999.0 -9999.0 -9999.0 -9999.0 -9999.0 -9999.0 -9999.0 -9999.0 -9999.0 -9999.0 -9999.0 -9999.0 -9999.0 -9999.0 -9999.0 -9999.0 -9999.0 -9999.0 -9999.0 -9999.0 -9999.0 -9999.0 -9999.0 -9999.0 -9999.0 -9999.0 -9999.0 -9999.0 -9999.0 -9999.0 -9999.0 -9999.0 -9999.0
-9999.0 -9999.0 -9999.0 -9999.0 -9999.0 -9999.0 -9999.0 -9999.0 -9999.0 -9999.0 -9999.0 -9999.0 -9999.0 -9999.0 -9999.0 -9999.0 -9999.0 -9999.0 -9999.0 -9999.0 -9999.0 -9999.0 -9999.0 -9999.0 -9999.0 -9999.0 -9999.0 -9999.0 -9999.0 -9999.0 -9999.0 -9999.0 -9999.0 -9999.0 -9999.0 -9999.0 -9999.0 -9999.0 -9999.0 -9999.0 -9999.0 -9999.0 -9999.0 -9999.0 -9999.0 -9999.0 -9999.0 -9999.0 -9999.0 -9999.0 -9999.0 -9999.0 -9999.0 -9999.0 -9999.0 -9999.0 -9999.0 -9999.0 -9999.0 -9999.0 -9999.0 -9999.0 -9999.0 -9999.0 -9999.0 -9999.0 -9999.0 -9999.0 -9999.0 -9999.0 -9999.0 -9999.0 -9999.0 -9999.0 -9999.0 -9999.0 -9999.0 -9999.0 -9999.0 -9999.0 -9999.0 -9999.0 -9999.0 -9999.0 -9999.0 -9999.0 -9999.0 -9999.0 -9999.0 -9999.0 -9999.0 -9999.0 -9999.0 -9999.0 -9999.0 -9999.0 -9999.0 -9999.0 -9999.0 -9999.0 -9999.0 -9999.0 -9999.0 -9999.0