inst/processing_geotop_simulation/geotop_simulation/out/maps3D/PwL0004N0085.asc
ncols         104
nrows         10
xllcorner     -2.000000
yllcorner     0.000000
cellsize      1.000000
NODATA_value  -9999.0
-9999.0 -9999.0 -9999.0 -9999.0 -9999.0 -9999.0 -9999.0 -9999.0 -9999.0 -9999.0 -9999.0 -9999.0 -9999.0 -9999.0 -9999.0 -9999.0 -9999.0 -9999.0 -9999.0 -9999.0 -9999.0 -9999.0 -9999.0 -9999.0 -9999.0 -9999.0 -9999.0 -9999.0 -9999.0 -9999.0 -9999.0 -9999.0 -9999.0 -9999.0 -9999.0 -9999.0 -9999.0 -9999.0 -9999.0 -9999.0 -9999.0 -9999.0 -9999.0 -9999.0 -9999.0 -9999.0 -9999.0 -9999.0 -9999.0 -9999.0 -9999.0 -9999.0 -9999.0 -9999.0 -9999.0 -9999.0 -9999.0 -9999.0 -9999.0 -9999.0 -9999.0 -9999.0 -9999.0 -9999.0 -9999.0 -9999.0 -9999.0 -9999.0 -9999.0 -9999.0 -9999.0 -9999.0 -9999.0 -9999.0 -9999.0 -9999.0 -9999.0 -9999.0 -9999.0 -9999.0 -9999.0 -9999.0 -9999.0 -9999.0 -9999.0 -9999.0 -9999.0 -9999.0 -9999.0 -9999.0 -9999.0 -9999.0 -9999.0 -9999.0 -9999.0 -9999.0 -9999.0 -9999.0 -9999.0 -9999.0 -9999.0 -9999.0 -9999.0 -9999.0
-9999.0 -9999.0 -9999.0 -9999.0 -9999.0 -9999.0 -9999.0 -9999.0 -9999.0 -9999.0 -9999.0 -9999.0 -9999.0 -9999.0 -9999.0 -9999.0 -9999.0 -9999.0 -9999.0 -9999.0 -9999.0 -9999.0 -9999.0 -9999.0 -9999.0 -9999.0 -9999.0 -9999.0 -9999.0 -9999.0 -9999.0 -9999.0 -9999.0 -9999.0 -9999.0 -9999.0 -9999.0 -9999.0 -9999.0 -9999.0 -9999.0 -9999.0 -9999.0 -9999.0 -9999.0 -9999.0 -9999.0 -9999.0 -9999.0 -9999.0 -9999.0 -9999.0 -9999.0 -9999.0 -9999.0 -9999.0 -9999.0 -9999.0 -9999.0 -9999.0 -9999.0 -9999.0 -9999.0 -9999.0 -9999.0 -9999.0 -9999.0 -9999.0 -9999.0 -9999.0 -9999.0 -9999.0 -9999.0 -9999.0 -9999.0 -9999.0 -9999.0 -9999.0 -9999.0 -9999.0 -9999.0 -9999.0 -9999.0 -9999.0 -9999.0 -9999.0 -9999.0 -9999.0 -9999.0 -9999.0 -9999.0 -9999.0 -9999.0 -9999.0 -9999.0 -9999.0 -9999.0 -9999.0 -9999.0 -9999.0 -9999.0 -9999.0 -9999.0 -9999.0
-9999.0 -9999.0 165.928996 65.685892 -34.631753 -134.924688 -235.519059 -337.310013 -442.260481 -555.752471 -704.342140 -878.017723 -1011.324169 -1079.006611 -1141.722890 -1208.753767 -1254.206976 -1275.795506 -1279.630893 -1274.906181 -1268.276839 -1263.028663 -1260.252475 -1259.933792 -1261.574446 -1264.504364 -1268.039680 -1271.599587 -1274.789404 -1277.417819 -1279.452120 -1280.953002 -1282.019859 -1282.755390 -1283.248403 -1283.570339 -1283.786231 -1283.975386 -1284.200396 -1284.752898 -1289.887300 -1319.137036 -903.449729 -905.324282 -887.644816 -876.875237 -871.861961 -871.194386 -871.128895 -871.142673 -871.168911 -871.196699 -871.223355 -871.248009 -871.270643 -871.294645 -871.354076 -871.744784 -874.382463 -880.425891 -890.555164 -876.841358 -1301.764056 -1288.107774 -1284.871331 -1284.379325 -1284.286910 -1284.270311 -1284.269724 -1284.272072 -1284.274496 -1284.276456 -1284.277944 -1284.279065 -1284.279918 -1284.280578 -1284.281098 -1284.281517 -1284.281862 -1284.282163 -1284.282453 -1284.282768 -1284.283158 -1284.283694 -1284.284481 -1284.285684 -1284.287570 -1284.290570 -1284.295408 -1284.303326 -1284.316523 -1284.339041 -1284.378549 -1284.450009 -1284.583076 -1284.836805 -1285.328685 -1286.294267 -1288.225164 -1292.238084 -1301.154591 -1323.904431 -9999.0 -9999.0
-9999.0 -9999.0 165.928995 65.685891 -34.631753 -134.924688 -235.519059 -337.310013 -442.260481 -555.752471 -704.342141 -878.017723 -1011.324169 -1079.006611 -1141.722890 -1208.753767 -1254.206976 -1275.795506 -1279.630893 -1274.906181 -1268.276839 -1263.028663 -1260.252475 -1259.933792 -1261.574446 -1264.504364 -1268.039680 -1271.599587 -1274.789404 -1277.417819 -1279.452120 -1280.953002 -1282.019859 -1282.755390 -1283.248403 -1283.570339 -1283.786231 -1283.975386 -1284.200396 -1284.752898 -1289.887300 -1319.137036 -903.449729 -905.324282 -887.644816 -876.875237 -871.861961 -871.194386 -871.128895 -871.142673 -871.168911 -871.196699 -871.223355 -871.248009 -871.270643 -871.294645 -871.354076 -871.744784 -874.382463 -880.425891 -890.555164 -876.841358 -1301.764056 -1288.107774 -1284.871331 -1284.379325 -1284.286910 -1284.270311 -1284.269724 -1284.272072 -1284.274496 -1284.276456 -1284.277944 -1284.279065 -1284.279918 -1284.280578 -1284.281098 -1284.281517 -1284.281862 -1284.282163 -1284.282453 -1284.282768 -1284.283158 -1284.283694 -1284.284481 -1284.285684 -1284.287570 -1284.290570 -1284.295408 -1284.303326 -1284.316523 -1284.339041 -1284.378549 -1284.450009 -1284.583076 -1284.836805 -1285.328685 -1286.294267 -1288.225164 -1292.238084 -1301.154591 -1323.904431 -9999.0 -9999.0
-9999.0 -9999.0 165.928995 65.685891 -34.631753 -134.924688 -235.519059 -337.310013 -442.260481 -555.752472 -704.342141 -878.017723 -1011.324169 -1079.006611 -1141.722890 -1208.753767 -1254.206976 -1275.795506 -1279.630893 -1274.906181 -1268.276839 -1263.028663 -1260.252475 -1259.933792 -1261.574446 -1264.504364 -1268.039680 -1271.599587 -1274.789404 -1277.417819 -1279.452120 -1280.953002 -1282.019859 -1282.755390 -1283.248403 -1283.570339 -1283.786231 -1283.975386 -1284.200396 -1284.752898 -1289.887300 -1319.137036 -903.449729 -905.324282 -887.644816 -876.875237 -871.861961 -871.194386 -871.128895 -871.142673 -871.168911 -871.196699 -871.223355 -871.248009 -871.270643 -871.294645 -871.354076 -871.744784 -874.382463 -880.425891 -890.555164 -876.841358 -1301.764056 -1288.107774 -1284.871331 -1284.379325 -1284.286910 -1284.270311 -1284.269724 -1284.272072 -1284.274496 -1284.276456 -1284.277944 -1284.279065 -1284.279918 -1284.280578 -1284.281098 -1284.281517 -1284.281862 -1284.282163 -1284.282453 -1284.282768 -1284.283158 -1284.283694 -1284.284481 -1284.285684 -1284.287570 -1284.290570 -1284.295408 -1284.303326 -1284.316523 -1284.339041 -1284.378549 -1284.450009 -1284.583076 -1284.836805 -1285.328685 -1286.294267 -1288.225164 -1292.238084 -1301.154591 -1323.904431 -9999.0 -9999.0
-9999.0 -9999.0 165.928995 65.685891 -34.631753 -134.924688 -235.519059 -337.310013 -442.260481 -555.752472 -704.342141 -878.017723 -1011.324169 -1079.006611 -1141.722890 -1208.753767 -1254.206976 -1275.795506 -1279.630893 -1274.906181 -1268.276839 -1263.028663 -1260.252475 -1259.933792 -1261.574446 -1264.504364 -1268.039680 -1271.599587 -1274.789404 -1277.417819 -1279.452120 -1280.953002 -1282.019859 -1282.755390 -1283.248403 -1283.570339 -1283.786231 -1283.975386 -1284.200396 -1284.752898 -1289.887300 -1319.137036 -903.449729 -905.324282 -887.644816 -876.875237 -871.861961 -871.194386 -871.128895 -871.142673 -871.168911 -871.196699 -871.223355 -871.248009 -871.270643 -871.294645 -871.354076 -871.744784 -874.382463 -880.425891 -890.555164 -876.841358 -1301.764056 -1288.107774 -1284.871331 -1284.379325 -1284.286910 -1284.270311 -1284.269724 -1284.272072 -1284.274496 -1284.276456 -1284.277944 -1284.279065 -1284.279918 -1284.280578 -1284.281098 -1284.281517 -1284.281862 -1284.282163 -1284.282453 -1284.282768 -1284.283158 -1284.283694 -1284.284481 -1284.285684 -1284.287570 -1284.290570 -1284.295408 -1284.303326 -1284.316523 -1284.339041 -1284.378549 -1284.450009 -1284.583076 -1284.836805 -1285.328685 -1286.294267 -1288.225164 -1292.238084 -1301.154591 -1323.904431 -9999.0 -9999.0
-9999.0 -9999.0 165.928995 65.685891 -34.631753 -134.924688 -235.519059 -337.310013 -442.260481 -555.752472 -704.342141 -878.017723 -1011.324169 -1079.006611 -1141.722890 -1208.753767 -1254.206976 -1275.795506 -1279.630893 -1274.906181 -1268.276839 -1263.028663 -1260.252475 -1259.933792 -1261.574446 -1264.504364 -1268.039680 -1271.599587 -1274.789404 -1277.417819 -1279.452120 -1280.953002 -1282.019859 -1282.755390 -1283.248403 -1283.570339 -1283.786231 -1283.975386 -1284.200396 -1284.752898 -1289.887300 -1319.137036 -903.449729 -905.324282 -887.644816 -876.875237 -871.861961 -871.194386 -871.128895 -871.142673 -871.168911 -871.196699 -871.223355 -871.248009 -871.270643 -871.294645 -871.354076 -871.744784 -874.382463 -880.425891 -890.555164 -876.841358 -1301.764056 -1288.107774 -1284.871331 -1284.379325 -1284.286910 -1284.270311 -1284.269724 -1284.272072 -1284.274496 -1284.276456 -1284.277944 -1284.279065 -1284.279918 -1284.280578 -1284.281098 -1284.281517 -1284.281862 -1284.282163 -1284.282453 -1284.282768 -1284.283158 -1284.283694 -1284.284481 -1284.285684 -1284.287570 -1284.290570 -1284.295408 -1284.303326 -1284.316523 -1284.339041 -1284.378549 -1284.450009 -1284.583076 -1284.836805 -1285.328685 -1286.294267 -1288.225164 -1292.238084 -1301.154591 -1323.904431 -9999.0 -9999.0
-9999.0 -9999.0 165.928996 65.685892 -34.631753 -134.924688 -235.519059 -337.310013 -442.260481 -555.752471 -704.342140 -878.017723 -1011.324169 -1079.006611 -1141.722890 -1208.753767 -1254.206976 -1275.795506 -1279.630893 -1274.906181 -1268.276839 -1263.028663 -1260.252475 -1259.933792 -1261.574446 -1264.504364 -1268.039680 -1271.599587 -1274.789404 -1277.417819 -1279.452120 -1280.953002 -1282.019859 -1282.755390 -1283.248403 -1283.570339 -1283.786231 -1283.975386 -1284.200396 -1284.752898 -1289.887300 -1319.137036 -903.449729 -905.324282 -887.644816 -876.875237 -871.861961 -871.194386 -871.128895 -871.142673 -871.168911 -871.196699 -871.223355 -871.248009 -871.270643 -871.294645 -871.354076 -871.744784 -874.382463 -880.425891 -890.555164 -876.841358 -1301.764056 -1288.107774 -1284.871331 -1284.379325 -1284.286910 -1284.270311 -1284.269724 -1284.272072 -1284.274496 -1284.276456 -1284.277944 -1284.279065 -1284.279918 -1284.280578 -1284.281098 -1284.281517 -1284.281862 -1284.282163 -1284.282453 -1284.282768 -1284.283158 -1284.283694 -1284.284481 -1284.285684 -1284.287570 -1284.290570 -1284.295408 -1284.303326 -1284.316523 -1284.339041 -1284.378549 -1284.450009 -1284.583076 -1284.836805 -1285.328685 -1286.294267 -1288.225164 -1292.238084 -1301.154591 -1323.904431 -9999.0 -9999.0
-9999.0 -9999.0 -9999.0 -9999.0 -9999.0 -9999.0 -9999.0 -9999.0 -9999.0 -9999.0 -9999.0 -9999.0 -9999.0 -9999.0 -9999.0 -9999.0 -9999.0 -9999.0 -9999.0 -9999.0 -9999.0 -9999.0 -9999.0 -9999.0 -9999.0 -9999.0 -9999.0 -9999.0 -9999.0 -9999.0 -9999.0 -9999.0 -9999.0 -9999.0 -9999.0 -9999.0 -9999.0 -9999.0 -9999.0 -9999.0 -9999.0 -9999.0 -9999.0 -9999.0 -9999.0 -9999.0 -9999.0 -9999.0 -9999.0 -9999.0 -9999.0 -9999.0 -9999.0 -9999.0 -9999.0 -9999.0 -9999.0 -9999.0 -9999.0 -9999.0 -9999.0 -9999.0 -9999.0 -9999.0 -9999.0 -9999.0 -9999.0 -9999.0 -9999.0 -9999.0 -9999.0 -9999.0 -9999.0 -9999.0 -9999.0 -9999.0 -9999.0 -9999.0 -9999.0 -9999.0 -9999.0 -9999.0 -9999.0 -9999.0 -9999.0 -9999.0 -9999.0 -9999.0 -9999.0 -9999.0 -9999.0 -9999.0 -9999.0 -9999.0 -9999.0 -9999.0 -9999.0 -9999.0 -9999.0 -9999.0 -9999.0 -9999.0 -9999.0 -9999.0
-9999.0 -9999.0 -9999.0 -9999.0 -9999.0 -9999.0 -9999.0 -9999.0 -9999.0 -9999.0 -9999.0 -9999.0 -9999.0 -9999.0 -9999.0 -9999.0 -9999.0 -9999.0 -9999.0 -9999.0 -9999.0 -9999.0 -9999.0 -9999.0 -9999.0 -9999.0 -9999.0 -9999.0 -9999.0 -9999.0 -9999.0 -9999.0 -9999.0 -9999.0 -9999.0 -9999.0 -9999.0 -9999.0 -9999.0 -9999.0 -9999.0 -9999.0 -9999.0 -9999.0 -9999.0 -9999.0 -9999.0 -9999.0 -9999.0 -9999.0 -9999.0 -9999.0 -9999.0 -9999.0 -9999.0 -9999.0 -9999.0 -9999.0 -9999.0 -9999.0 -9999.0 -9999.0 -9999.0 -9999.0 -9999.0 -9999.0 -9999.0 -9999.0 -9999.0 -9999.0 -9999.0 -9999.0 -9999.0 -9999.0 -9999.0 -9999.0 -9999.0 -9999.0 -9999.0 -9999.0 -9999.0 -9999.0 -9999.0 -9999.0 -9999.0 -9999.0 -9999.0 -9999.0 -9999.0 -9999.0 -9999.0 -9999.0 -9999.0 -9999.0 -9999.0 -9999.0 -9999.0 -9999.0 -9999.0 -9999.0 -9999.0 -9999.0 -9999.0 -9999.0