inst/processing_geotop_simulation/geotop_simulation/out/maps3D/PwL0021N0247.asc
ncols         104
nrows         10
xllcorner     -2.000000
yllcorner     0.000000
cellsize      1.000000
NODATA_value  -9999.0
-9999.0 -9999.0 -9999.0 -9999.0 -9999.0 -9999.0 -9999.0 -9999.0 -9999.0 -9999.0 -9999.0 -9999.0 -9999.0 -9999.0 -9999.0 -9999.0 -9999.0 -9999.0 -9999.0 -9999.0 -9999.0 -9999.0 -9999.0 -9999.0 -9999.0 -9999.0 -9999.0 -9999.0 -9999.0 -9999.0 -9999.0 -9999.0 -9999.0 -9999.0 -9999.0 -9999.0 -9999.0 -9999.0 -9999.0 -9999.0 -9999.0 -9999.0 -9999.0 -9999.0 -9999.0 -9999.0 -9999.0 -9999.0 -9999.0 -9999.0 -9999.0 -9999.0 -9999.0 -9999.0 -9999.0 -9999.0 -9999.0 -9999.0 -9999.0 -9999.0 -9999.0 -9999.0 -9999.0 -9999.0 -9999.0 -9999.0 -9999.0 -9999.0 -9999.0 -9999.0 -9999.0 -9999.0 -9999.0 -9999.0 -9999.0 -9999.0 -9999.0 -9999.0 -9999.0 -9999.0 -9999.0 -9999.0 -9999.0 -9999.0 -9999.0 -9999.0 -9999.0 -9999.0 -9999.0 -9999.0 -9999.0 -9999.0 -9999.0 -9999.0 -9999.0 -9999.0 -9999.0 -9999.0 -9999.0 -9999.0 -9999.0 -9999.0 -9999.0 -9999.0
-9999.0 -9999.0 -9999.0 -9999.0 -9999.0 -9999.0 -9999.0 -9999.0 -9999.0 -9999.0 -9999.0 -9999.0 -9999.0 -9999.0 -9999.0 -9999.0 -9999.0 -9999.0 -9999.0 -9999.0 -9999.0 -9999.0 -9999.0 -9999.0 -9999.0 -9999.0 -9999.0 -9999.0 -9999.0 -9999.0 -9999.0 -9999.0 -9999.0 -9999.0 -9999.0 -9999.0 -9999.0 -9999.0 -9999.0 -9999.0 -9999.0 -9999.0 -9999.0 -9999.0 -9999.0 -9999.0 -9999.0 -9999.0 -9999.0 -9999.0 -9999.0 -9999.0 -9999.0 -9999.0 -9999.0 -9999.0 -9999.0 -9999.0 -9999.0 -9999.0 -9999.0 -9999.0 -9999.0 -9999.0 -9999.0 -9999.0 -9999.0 -9999.0 -9999.0 -9999.0 -9999.0 -9999.0 -9999.0 -9999.0 -9999.0 -9999.0 -9999.0 -9999.0 -9999.0 -9999.0 -9999.0 -9999.0 -9999.0 -9999.0 -9999.0 -9999.0 -9999.0 -9999.0 -9999.0 -9999.0 -9999.0 -9999.0 -9999.0 -9999.0 -9999.0 -9999.0 -9999.0 -9999.0 -9999.0 -9999.0 -9999.0 -9999.0 -9999.0 -9999.0
-9999.0 -9999.0 1023.014818 925.260676 827.403864 729.285439 631.015891 532.677641 434.317851 335.962718 237.626988 139.319137 41.044497 -57.186150 -155.368216 -253.467588 -351.405227 -449.027344 -546.063847 -642.050859 -737.351607 -832.551808 -926.676137 -1019.458066 -1104.638101 -1175.952575 -1236.234966 -1285.118304 -1323.235433 -1351.938515 -1372.922344 -1387.897617 -1398.384132 -1405.622056 -1410.565410 -1413.920396 -1416.206696 -1417.861615 -1419.560923 -1423.462691 -1437.660505 -1496.180000 -1705.815311 -3223.107830 -3932.687414 -3932.198415 -3851.962137 -3499.930543 -3103.568373 -2810.792838 -2602.502462 -2433.210803 -2332.401390 -2267.775249 -2207.918087 -2145.379408 -2078.104744 -2007.329578 -1935.813291 -1865.266123 -1785.301335 -1436.738417 -1454.653651 -1429.660530 -1422.742944 -1421.271628 -1421.011163 -1420.969568 -1420.963652 -1420.963414 -1420.964008 -1420.964618 -1420.965117 -1420.965510 -1420.965819 -1420.966067 -1420.966270 -1420.966440 -1420.966588 -1420.966724 -1420.966858 -1420.967005 -1420.967183 -1420.967418 -1420.967752 -1420.968248 -1420.969011 -1420.970217 -1420.972167 -1420.975390 -1420.980862 -1420.990425 -1421.007668 -1421.039747 -1421.101283 -1421.223216 -1421.474775 -1422.022433 -1423.294119 -1426.449573 -1434.884612 -1460.327820 -9999.0 -9999.0
-9999.0 -9999.0 1023.017667 925.261806 827.404245 729.285565 631.015934 532.677656 434.317856 335.962720 237.626989 139.319138 41.044498 -57.186150 -155.368216 -253.467588 -351.405227 -449.027344 -546.063847 -642.050859 -737.351607 -832.551808 -926.676137 -1019.458066 -1104.638101 -1175.952575 -1236.234966 -1285.118305 -1323.235433 -1351.938515 -1372.922344 -1387.897617 -1398.384133 -1405.622056 -1410.565410 -1413.920396 -1416.206696 -1417.861615 -1419.560923 -1423.462691 -1437.660505 -1496.180000 -1705.815311 -3223.107828 -3932.687414 -3932.198415 -3851.962137 -3499.930542 -3103.568373 -2810.792836 -2602.502459 -2433.210802 -2332.401390 -2267.775249 -2207.918086 -2145.379408 -2078.104743 -2007.329578 -1935.813291 -1865.266123 -1785.301335 -1436.738417 -1454.653651 -1429.660530 -1422.742944 -1421.271628 -1421.011163 -1420.969568 -1420.963652 -1420.963414 -1420.964008 -1420.964618 -1420.965117 -1420.965510 -1420.965819 -1420.966067 -1420.966270 -1420.966440 -1420.966588 -1420.966724 -1420.966858 -1420.967005 -1420.967183 -1420.967418 -1420.967752 -1420.968248 -1420.969011 -1420.970217 -1420.972167 -1420.975390 -1420.980862 -1420.990425 -1421.007668 -1421.039747 -1421.101283 -1421.223216 -1421.474775 -1422.022433 -1423.294119 -1426.449573 -1434.884612 -1460.327820 -9999.0 -9999.0
-9999.0 -9999.0 1023.018819 925.262431 827.404511 729.285668 631.015972 532.677670 434.317861 335.962722 237.626989 139.319138 41.044498 -57.186150 -155.368216 -253.467588 -351.405227 -449.027344 -546.063847 -642.050859 -737.351607 -832.551808 -926.676137 -1019.458067 -1104.638101 -1175.952575 -1236.234966 -1285.118305 -1323.235433 -1351.938515 -1372.922344 -1387.897617 -1398.384133 -1405.622056 -1410.565410 -1413.920396 -1416.206696 -1417.861615 -1419.560923 -1423.462691 -1437.660505 -1496.180000 -1705.815311 -3223.107828 -3932.687414 -3932.198415 -3851.962137 -3499.930541 -3103.568372 -2810.792834 -2602.502458 -2433.210802 -2332.401390 -2267.775249 -2207.918086 -2145.379407 -2078.104743 -2007.329577 -1935.813291 -1865.266123 -1785.301335 -1436.738417 -1454.653651 -1429.660530 -1422.742944 -1421.271628 -1421.011163 -1420.969568 -1420.963652 -1420.963414 -1420.964008 -1420.964618 -1420.965117 -1420.965510 -1420.965819 -1420.966067 -1420.966270 -1420.966440 -1420.966588 -1420.966724 -1420.966858 -1420.967005 -1420.967183 -1420.967418 -1420.967752 -1420.968248 -1420.969011 -1420.970217 -1420.972167 -1420.975390 -1420.980862 -1420.990425 -1421.007668 -1421.039747 -1421.101283 -1421.223216 -1421.474775 -1422.022433 -1423.294119 -1426.449573 -1434.884612 -1460.327820 -9999.0 -9999.0
-9999.0 -9999.0 1023.018819 925.262431 827.404511 729.285668 631.015973 532.677670 434.317861 335.962722 237.626989 139.319138 41.044498 -57.186150 -155.368216 -253.467588 -351.405227 -449.027344 -546.063847 -642.050859 -737.351607 -832.551808 -926.676137 -1019.458067 -1104.638101 -1175.952575 -1236.234966 -1285.118305 -1323.235433 -1351.938515 -1372.922344 -1387.897617 -1398.384133 -1405.622056 -1410.565410 -1413.920396 -1416.206696 -1417.861615 -1419.560923 -1423.462691 -1437.660505 -1496.180000 -1705.815311 -3223.107828 -3932.687414 -3932.198415 -3851.962137 -3499.930541 -3103.568372 -2810.792835 -2602.502458 -2433.210802 -2332.401390 -2267.775249 -2207.918086 -2145.379407 -2078.104743 -2007.329577 -1935.813291 -1865.266123 -1785.301335 -1436.738417 -1454.653651 -1429.660530 -1422.742944 -1421.271628 -1421.011163 -1420.969568 -1420.963652 -1420.963414 -1420.964008 -1420.964618 -1420.965117 -1420.965510 -1420.965819 -1420.966067 -1420.966270 -1420.966440 -1420.966588 -1420.966724 -1420.966858 -1420.967005 -1420.967183 -1420.967418 -1420.967752 -1420.968248 -1420.969011 -1420.970217 -1420.972167 -1420.975390 -1420.980862 -1420.990425 -1421.007668 -1421.039747 -1421.101283 -1421.223216 -1421.474775 -1422.022433 -1423.294119 -1426.449573 -1434.884612 -1460.327820 -9999.0 -9999.0
-9999.0 -9999.0 1023.017667 925.261806 827.404245 729.285565 631.015934 532.677656 434.317856 335.962720 237.626989 139.319138 41.044498 -57.186150 -155.368216 -253.467588 -351.405227 -449.027344 -546.063847 -642.050859 -737.351607 -832.551808 -926.676137 -1019.458066 -1104.638101 -1175.952575 -1236.234966 -1285.118305 -1323.235433 -1351.938515 -1372.922344 -1387.897617 -1398.384133 -1405.622056 -1410.565410 -1413.920396 -1416.206696 -1417.861615 -1419.560923 -1423.462691 -1437.660505 -1496.180000 -1705.815311 -3223.107828 -3932.687414 -3932.198415 -3851.962137 -3499.930542 -3103.568373 -2810.792835 -2602.502459 -2433.210802 -2332.401390 -2267.775249 -2207.918087 -2145.379407 -2078.104744 -2007.329577 -1935.813291 -1865.266123 -1785.301335 -1436.738417 -1454.653651 -1429.660530 -1422.742944 -1421.271628 -1421.011163 -1420.969568 -1420.963652 -1420.963414 -1420.964008 -1420.964618 -1420.965117 -1420.965510 -1420.965819 -1420.966067 -1420.966270 -1420.966440 -1420.966588 -1420.966724 -1420.966858 -1420.967005 -1420.967183 -1420.967418 -1420.967752 -1420.968248 -1420.969011 -1420.970217 -1420.972167 -1420.975390 -1420.980862 -1420.990425 -1421.007668 -1421.039747 -1421.101283 -1421.223216 -1421.474775 -1422.022433 -1423.294119 -1426.449573 -1434.884612 -1460.327820 -9999.0 -9999.0
-9999.0 -9999.0 1023.014818 925.260676 827.403864 729.285439 631.015891 532.677641 434.317851 335.962718 237.626988 139.319137 41.044498 -57.186150 -155.368216 -253.467588 -351.405227 -449.027344 -546.063847 -642.050859 -737.351607 -832.551808 -926.676137 -1019.458066 -1104.638101 -1175.952575 -1236.234966 -1285.118304 -1323.235433 -1351.938515 -1372.922344 -1387.897617 -1398.384132 -1405.622056 -1410.565410 -1413.920396 -1416.206696 -1417.861615 -1419.560923 -1423.462691 -1437.660505 -1496.180000 -1705.815311 -3223.107830 -3932.687414 -3932.198415 -3851.962137 -3499.930543 -3103.568373 -2810.792839 -2602.502462 -2433.210803 -2332.401390 -2267.775249 -2207.918087 -2145.379408 -2078.104744 -2007.329578 -1935.813291 -1865.266123 -1785.301335 -1436.738417 -1454.653651 -1429.660530 -1422.742944 -1421.271628 -1421.011163 -1420.969568 -1420.963652 -1420.963414 -1420.964008 -1420.964618 -1420.965117 -1420.965510 -1420.965819 -1420.966067 -1420.966270 -1420.966440 -1420.966588 -1420.966724 -1420.966858 -1420.967005 -1420.967183 -1420.967418 -1420.967752 -1420.968248 -1420.969011 -1420.970217 -1420.972167 -1420.975390 -1420.980862 -1420.990425 -1421.007668 -1421.039747 -1421.101283 -1421.223216 -1421.474775 -1422.022433 -1423.294119 -1426.449573 -1434.884612 -1460.327820 -9999.0 -9999.0
-9999.0 -9999.0 -9999.0 -9999.0 -9999.0 -9999.0 -9999.0 -9999.0 -9999.0 -9999.0 -9999.0 -9999.0 -9999.0 -9999.0 -9999.0 -9999.0 -9999.0 -9999.0 -9999.0 -9999.0 -9999.0 -9999.0 -9999.0 -9999.0 -9999.0 -9999.0 -9999.0 -9999.0 -9999.0 -9999.0 -9999.0 -9999.0 -9999.0 -9999.0 -9999.0 -9999.0 -9999.0 -9999.0 -9999.0 -9999.0 -9999.0 -9999.0 -9999.0 -9999.0 -9999.0 -9999.0 -9999.0 -9999.0 -9999.0 -9999.0 -9999.0 -9999.0 -9999.0 -9999.0 -9999.0 -9999.0 -9999.0 -9999.0 -9999.0 -9999.0 -9999.0 -9999.0 -9999.0 -9999.0 -9999.0 -9999.0 -9999.0 -9999.0 -9999.0 -9999.0 -9999.0 -9999.0 -9999.0 -9999.0 -9999.0 -9999.0 -9999.0 -9999.0 -9999.0 -9999.0 -9999.0 -9999.0 -9999.0 -9999.0 -9999.0 -9999.0 -9999.0 -9999.0 -9999.0 -9999.0 -9999.0 -9999.0 -9999.0 -9999.0 -9999.0 -9999.0 -9999.0 -9999.0 -9999.0 -9999.0 -9999.0 -9999.0 -9999.0 -9999.0
-9999.0 -9999.0 -9999.0 -9999.0 -9999.0 -9999.0 -9999.0 -9999.0 -9999.0 -9999.0 -9999.0 -9999.0 -9999.0 -9999.0 -9999.0 -9999.0 -9999.0 -9999.0 -9999.0 -9999.0 -9999.0 -9999.0 -9999.0 -9999.0 -9999.0 -9999.0 -9999.0 -9999.0 -9999.0 -9999.0 -9999.0 -9999.0 -9999.0 -9999.0 -9999.0 -9999.0 -9999.0 -9999.0 -9999.0 -9999.0 -9999.0 -9999.0 -9999.0 -9999.0 -9999.0 -9999.0 -9999.0 -9999.0 -9999.0 -9999.0 -9999.0 -9999.0 -9999.0 -9999.0 -9999.0 -9999.0 -9999.0 -9999.0 -9999.0 -9999.0 -9999.0 -9999.0 -9999.0 -9999.0 -9999.0 -9999.0 -9999.0 -9999.0 -9999.0 -9999.0 -9999.0 -9999.0 -9999.0 -9999.0 -9999.0 -9999.0 -9999.0 -9999.0 -9999.0 -9999.0 -9999.0 -9999.0 -9999.0 -9999.0 -9999.0 -9999.0 -9999.0 -9999.0 -9999.0 -9999.0 -9999.0 -9999.0 -9999.0 -9999.0 -9999.0 -9999.0 -9999.0 -9999.0 -9999.0 -9999.0 -9999.0 -9999.0 -9999.0 -9999.0