inst/processing_geotop_simulation/geotop_simulation/out/maps3D/PwL0006N0109.asc
ncols         104
nrows         10
xllcorner     -2.000000
yllcorner     0.000000
cellsize      1.000000
NODATA_value  -9999.0
-9999.0 -9999.0 -9999.0 -9999.0 -9999.0 -9999.0 -9999.0 -9999.0 -9999.0 -9999.0 -9999.0 -9999.0 -9999.0 -9999.0 -9999.0 -9999.0 -9999.0 -9999.0 -9999.0 -9999.0 -9999.0 -9999.0 -9999.0 -9999.0 -9999.0 -9999.0 -9999.0 -9999.0 -9999.0 -9999.0 -9999.0 -9999.0 -9999.0 -9999.0 -9999.0 -9999.0 -9999.0 -9999.0 -9999.0 -9999.0 -9999.0 -9999.0 -9999.0 -9999.0 -9999.0 -9999.0 -9999.0 -9999.0 -9999.0 -9999.0 -9999.0 -9999.0 -9999.0 -9999.0 -9999.0 -9999.0 -9999.0 -9999.0 -9999.0 -9999.0 -9999.0 -9999.0 -9999.0 -9999.0 -9999.0 -9999.0 -9999.0 -9999.0 -9999.0 -9999.0 -9999.0 -9999.0 -9999.0 -9999.0 -9999.0 -9999.0 -9999.0 -9999.0 -9999.0 -9999.0 -9999.0 -9999.0 -9999.0 -9999.0 -9999.0 -9999.0 -9999.0 -9999.0 -9999.0 -9999.0 -9999.0 -9999.0 -9999.0 -9999.0 -9999.0 -9999.0 -9999.0 -9999.0 -9999.0 -9999.0 -9999.0 -9999.0 -9999.0 -9999.0
-9999.0 -9999.0 -9999.0 -9999.0 -9999.0 -9999.0 -9999.0 -9999.0 -9999.0 -9999.0 -9999.0 -9999.0 -9999.0 -9999.0 -9999.0 -9999.0 -9999.0 -9999.0 -9999.0 -9999.0 -9999.0 -9999.0 -9999.0 -9999.0 -9999.0 -9999.0 -9999.0 -9999.0 -9999.0 -9999.0 -9999.0 -9999.0 -9999.0 -9999.0 -9999.0 -9999.0 -9999.0 -9999.0 -9999.0 -9999.0 -9999.0 -9999.0 -9999.0 -9999.0 -9999.0 -9999.0 -9999.0 -9999.0 -9999.0 -9999.0 -9999.0 -9999.0 -9999.0 -9999.0 -9999.0 -9999.0 -9999.0 -9999.0 -9999.0 -9999.0 -9999.0 -9999.0 -9999.0 -9999.0 -9999.0 -9999.0 -9999.0 -9999.0 -9999.0 -9999.0 -9999.0 -9999.0 -9999.0 -9999.0 -9999.0 -9999.0 -9999.0 -9999.0 -9999.0 -9999.0 -9999.0 -9999.0 -9999.0 -9999.0 -9999.0 -9999.0 -9999.0 -9999.0 -9999.0 -9999.0 -9999.0 -9999.0 -9999.0 -9999.0 -9999.0 -9999.0 -9999.0 -9999.0 -9999.0 -9999.0 -9999.0 -9999.0 -9999.0 -9999.0
-9999.0 -9999.0 287.676609 202.375572 110.986094 17.518425 -76.746951 -171.347282 -266.069321 -360.816971 -455.607912 -551.304214 -653.638362 -766.422559 -874.068607 -976.603188 -1074.164391 -1168.718143 -1248.477798 -1294.499567 -1315.927789 -1324.488926 -1327.311572 -1328.253989 -1329.042129 -1330.230764 -1331.808064 -1333.552255 -1335.233524 -1336.701397 -1337.893964 -1338.812542 -1339.492137 -1339.979074 -1340.318387 -1340.550152 -1340.715704 -1340.870167 -1341.107841 -1342.118415 -1349.318477 -1384.828774 -1033.035208 -1061.054205 -1033.158449 -1016.310594 -1008.526183 -1007.508285 -1007.406838 -1007.421715 -1007.453821 -1007.488015 -1007.520824 -1007.551176 -1007.579143 -1007.609807 -1007.693901 -1008.272958 -1012.300131 -1021.493506 -1036.719170 -991.159203 -1363.838615 -1346.266110 -1341.860166 -1341.231078 -1341.132262 -1341.115437 -1341.114090 -1341.115619 -1341.117363 -1341.118803 -1341.119905 -1341.120737 -1341.121371 -1341.121861 -1341.122249 -1341.122560 -1341.122819 -1341.123045 -1341.123264 -1341.123505 -1341.123804 -1341.124217 -1341.124825 -1341.125757 -1341.127220 -1341.129552 -1341.133321 -1341.139507 -1341.149860 -1341.167610 -1341.198922 -1341.255857 -1341.362358 -1341.566249 -1341.963612 -1342.752173 -1344.364839 -1347.842671 -1355.968293 -1378.202180 -9999.0 -9999.0
-9999.0 -9999.0 287.686202 202.377805 110.986680 17.518598 -76.746897 -171.347264 -266.069315 -360.816968 -455.607911 -551.304214 -653.638362 -766.422559 -874.068607 -976.603188 -1074.164391 -1168.718143 -1248.477798 -1294.499567 -1315.927789 -1324.488926 -1327.311572 -1328.253989 -1329.042129 -1330.230764 -1331.808064 -1333.552255 -1335.233524 -1336.701397 -1337.893964 -1338.812542 -1339.492137 -1339.979074 -1340.318387 -1340.550152 -1340.715704 -1340.870167 -1341.107841 -1342.118415 -1349.318477 -1384.828774 -1033.035207 -1061.054204 -1033.158449 -1016.310594 -1008.526183 -1007.508285 -1007.406838 -1007.421715 -1007.453821 -1007.488015 -1007.520824 -1007.551176 -1007.579143 -1007.609807 -1007.693901 -1008.272958 -1012.300131 -1021.493506 -1036.719170 -991.159203 -1363.838615 -1346.266110 -1341.860166 -1341.231078 -1341.132262 -1341.115437 -1341.114090 -1341.115619 -1341.117363 -1341.118803 -1341.119905 -1341.120737 -1341.121371 -1341.121861 -1341.122249 -1341.122560 -1341.122819 -1341.123045 -1341.123264 -1341.123505 -1341.123804 -1341.124217 -1341.124825 -1341.125757 -1341.127220 -1341.129552 -1341.133321 -1341.139507 -1341.149860 -1341.167610 -1341.198922 -1341.255857 -1341.362358 -1341.566249 -1341.963612 -1342.752173 -1344.364839 -1347.842671 -1355.968293 -1378.202180 -9999.0 -9999.0
-9999.0 -9999.0 287.687865 202.378733 110.987051 17.518733 -76.746849 -171.347248 -266.069309 -360.816966 -455.607911 -551.304213 -653.638362 -766.422559 -874.068607 -976.603188 -1074.164391 -1168.718143 -1248.477798 -1294.499567 -1315.927789 -1324.488926 -1327.311572 -1328.253989 -1329.042129 -1330.230764 -1331.808064 -1333.552255 -1335.233524 -1336.701397 -1337.893964 -1338.812542 -1339.492137 -1339.979074 -1340.318387 -1340.550152 -1340.715704 -1340.870167 -1341.107841 -1342.118415 -1349.318477 -1384.828774 -1033.035207 -1061.054204 -1033.158449 -1016.310594 -1008.526183 -1007.508285 -1007.406838 -1007.421715 -1007.453821 -1007.488015 -1007.520824 -1007.551176 -1007.579143 -1007.609807 -1007.693901 -1008.272958 -1012.300131 -1021.493506 -1036.719170 -991.159203 -1363.838615 -1346.266110 -1341.860166 -1341.231078 -1341.132262 -1341.115437 -1341.114090 -1341.115619 -1341.117363 -1341.118803 -1341.119905 -1341.120737 -1341.121371 -1341.121861 -1341.122249 -1341.122560 -1341.122819 -1341.123045 -1341.123264 -1341.123505 -1341.123804 -1341.124217 -1341.124825 -1341.125757 -1341.127220 -1341.129552 -1341.133321 -1341.139507 -1341.149860 -1341.167610 -1341.198922 -1341.255857 -1341.362358 -1341.566249 -1341.963612 -1342.752173 -1344.364839 -1347.842671 -1355.968293 -1378.202180 -9999.0 -9999.0
-9999.0 -9999.0 287.687865 202.378733 110.987051 17.518733 -76.746849 -171.347248 -266.069309 -360.816966 -455.607911 -551.304213 -653.638362 -766.422559 -874.068607 -976.603188 -1074.164391 -1168.718143 -1248.477798 -1294.499567 -1315.927789 -1324.488926 -1327.311572 -1328.253989 -1329.042129 -1330.230764 -1331.808064 -1333.552255 -1335.233524 -1336.701397 -1337.893964 -1338.812542 -1339.492137 -1339.979074 -1340.318387 -1340.550152 -1340.715704 -1340.870167 -1341.107841 -1342.118415 -1349.318477 -1384.828774 -1033.035207 -1061.054204 -1033.158449 -1016.310594 -1008.526183 -1007.508285 -1007.406838 -1007.421715 -1007.453821 -1007.488015 -1007.520824 -1007.551176 -1007.579143 -1007.609807 -1007.693901 -1008.272958 -1012.300131 -1021.493506 -1036.719170 -991.159203 -1363.838615 -1346.266110 -1341.860166 -1341.231078 -1341.132262 -1341.115437 -1341.114090 -1341.115619 -1341.117363 -1341.118803 -1341.119905 -1341.120737 -1341.121371 -1341.121861 -1341.122249 -1341.122560 -1341.122819 -1341.123045 -1341.123264 -1341.123505 -1341.123804 -1341.124217 -1341.124825 -1341.125757 -1341.127220 -1341.129552 -1341.133321 -1341.139507 -1341.149860 -1341.167610 -1341.198922 -1341.255857 -1341.362358 -1341.566249 -1341.963612 -1342.752173 -1344.364839 -1347.842671 -1355.968293 -1378.202180 -9999.0 -9999.0
-9999.0 -9999.0 287.686203 202.377805 110.986680 17.518597 -76.746897 -171.347264 -266.069315 -360.816968 -455.607911 -551.304214 -653.638362 -766.422559 -874.068607 -976.603188 -1074.164391 -1168.718143 -1248.477798 -1294.499567 -1315.927789 -1324.488926 -1327.311572 -1328.253989 -1329.042129 -1330.230764 -1331.808064 -1333.552255 -1335.233524 -1336.701397 -1337.893964 -1338.812542 -1339.492137 -1339.979074 -1340.318387 -1340.550152 -1340.715704 -1340.870167 -1341.107841 -1342.118415 -1349.318477 -1384.828774 -1033.035207 -1061.054204 -1033.158449 -1016.310594 -1008.526183 -1007.508285 -1007.406838 -1007.421715 -1007.453821 -1007.488015 -1007.520824 -1007.551176 -1007.579143 -1007.609807 -1007.693901 -1008.272958 -1012.300131 -1021.493506 -1036.719170 -991.159203 -1363.838615 -1346.266110 -1341.860166 -1341.231078 -1341.132262 -1341.115437 -1341.114090 -1341.115619 -1341.117363 -1341.118803 -1341.119905 -1341.120737 -1341.121371 -1341.121861 -1341.122249 -1341.122560 -1341.122819 -1341.123045 -1341.123264 -1341.123505 -1341.123804 -1341.124217 -1341.124825 -1341.125757 -1341.127220 -1341.129552 -1341.133321 -1341.139507 -1341.149860 -1341.167610 -1341.198922 -1341.255857 -1341.362358 -1341.566249 -1341.963612 -1342.752173 -1344.364839 -1347.842671 -1355.968293 -1378.202180 -9999.0 -9999.0
-9999.0 -9999.0 287.676609 202.375572 110.986094 17.518425 -76.746952 -171.347282 -266.069321 -360.816970 -455.607912 -551.304214 -653.638362 -766.422559 -874.068607 -976.603188 -1074.164391 -1168.718143 -1248.477798 -1294.499567 -1315.927789 -1324.488926 -1327.311572 -1328.253989 -1329.042129 -1330.230764 -1331.808064 -1333.552255 -1335.233524 -1336.701397 -1337.893964 -1338.812542 -1339.492137 -1339.979074 -1340.318387 -1340.550152 -1340.715704 -1340.870167 -1341.107841 -1342.118415 -1349.318477 -1384.828774 -1033.035208 -1061.054205 -1033.158449 -1016.310594 -1008.526183 -1007.508285 -1007.406838 -1007.421715 -1007.453821 -1007.488015 -1007.520824 -1007.551176 -1007.579143 -1007.609807 -1007.693901 -1008.272958 -1012.300131 -1021.493506 -1036.719170 -991.159203 -1363.838615 -1346.266110 -1341.860166 -1341.231078 -1341.132262 -1341.115437 -1341.114090 -1341.115619 -1341.117363 -1341.118803 -1341.119905 -1341.120737 -1341.121371 -1341.121861 -1341.122249 -1341.122560 -1341.122819 -1341.123045 -1341.123264 -1341.123505 -1341.123804 -1341.124217 -1341.124825 -1341.125757 -1341.127220 -1341.129552 -1341.133321 -1341.139507 -1341.149860 -1341.167610 -1341.198922 -1341.255857 -1341.362358 -1341.566249 -1341.963612 -1342.752173 -1344.364839 -1347.842671 -1355.968293 -1378.202180 -9999.0 -9999.0
-9999.0 -9999.0 -9999.0 -9999.0 -9999.0 -9999.0 -9999.0 -9999.0 -9999.0 -9999.0 -9999.0 -9999.0 -9999.0 -9999.0 -9999.0 -9999.0 -9999.0 -9999.0 -9999.0 -9999.0 -9999.0 -9999.0 -9999.0 -9999.0 -9999.0 -9999.0 -9999.0 -9999.0 -9999.0 -9999.0 -9999.0 -9999.0 -9999.0 -9999.0 -9999.0 -9999.0 -9999.0 -9999.0 -9999.0 -9999.0 -9999.0 -9999.0 -9999.0 -9999.0 -9999.0 -9999.0 -9999.0 -9999.0 -9999.0 -9999.0 -9999.0 -9999.0 -9999.0 -9999.0 -9999.0 -9999.0 -9999.0 -9999.0 -9999.0 -9999.0 -9999.0 -9999.0 -9999.0 -9999.0 -9999.0 -9999.0 -9999.0 -9999.0 -9999.0 -9999.0 -9999.0 -9999.0 -9999.0 -9999.0 -9999.0 -9999.0 -9999.0 -9999.0 -9999.0 -9999.0 -9999.0 -9999.0 -9999.0 -9999.0 -9999.0 -9999.0 -9999.0 -9999.0 -9999.0 -9999.0 -9999.0 -9999.0 -9999.0 -9999.0 -9999.0 -9999.0 -9999.0 -9999.0 -9999.0 -9999.0 -9999.0 -9999.0 -9999.0 -9999.0
-9999.0 -9999.0 -9999.0 -9999.0 -9999.0 -9999.0 -9999.0 -9999.0 -9999.0 -9999.0 -9999.0 -9999.0 -9999.0 -9999.0 -9999.0 -9999.0 -9999.0 -9999.0 -9999.0 -9999.0 -9999.0 -9999.0 -9999.0 -9999.0 -9999.0 -9999.0 -9999.0 -9999.0 -9999.0 -9999.0 -9999.0 -9999.0 -9999.0 -9999.0 -9999.0 -9999.0 -9999.0 -9999.0 -9999.0 -9999.0 -9999.0 -9999.0 -9999.0 -9999.0 -9999.0 -9999.0 -9999.0 -9999.0 -9999.0 -9999.0 -9999.0 -9999.0 -9999.0 -9999.0 -9999.0 -9999.0 -9999.0 -9999.0 -9999.0 -9999.0 -9999.0 -9999.0 -9999.0 -9999.0 -9999.0 -9999.0 -9999.0 -9999.0 -9999.0 -9999.0 -9999.0 -9999.0 -9999.0 -9999.0 -9999.0 -9999.0 -9999.0 -9999.0 -9999.0 -9999.0 -9999.0 -9999.0 -9999.0 -9999.0 -9999.0 -9999.0 -9999.0 -9999.0 -9999.0 -9999.0 -9999.0 -9999.0 -9999.0 -9999.0 -9999.0 -9999.0 -9999.0 -9999.0 -9999.0 -9999.0 -9999.0 -9999.0 -9999.0 -9999.0