inst/processing_geotop_simulation/geotop_simulation/out/maps3D/PwL0009N0477.asc
ncols         104
nrows         10
xllcorner     -2.000000
yllcorner     0.000000
cellsize      1.000000
NODATA_value  -9999.0
-9999.0 -9999.0 -9999.0 -9999.0 -9999.0 -9999.0 -9999.0 -9999.0 -9999.0 -9999.0 -9999.0 -9999.0 -9999.0 -9999.0 -9999.0 -9999.0 -9999.0 -9999.0 -9999.0 -9999.0 -9999.0 -9999.0 -9999.0 -9999.0 -9999.0 -9999.0 -9999.0 -9999.0 -9999.0 -9999.0 -9999.0 -9999.0 -9999.0 -9999.0 -9999.0 -9999.0 -9999.0 -9999.0 -9999.0 -9999.0 -9999.0 -9999.0 -9999.0 -9999.0 -9999.0 -9999.0 -9999.0 -9999.0 -9999.0 -9999.0 -9999.0 -9999.0 -9999.0 -9999.0 -9999.0 -9999.0 -9999.0 -9999.0 -9999.0 -9999.0 -9999.0 -9999.0 -9999.0 -9999.0 -9999.0 -9999.0 -9999.0 -9999.0 -9999.0 -9999.0 -9999.0 -9999.0 -9999.0 -9999.0 -9999.0 -9999.0 -9999.0 -9999.0 -9999.0 -9999.0 -9999.0 -9999.0 -9999.0 -9999.0 -9999.0 -9999.0 -9999.0 -9999.0 -9999.0 -9999.0 -9999.0 -9999.0 -9999.0 -9999.0 -9999.0 -9999.0 -9999.0 -9999.0 -9999.0 -9999.0 -9999.0 -9999.0 -9999.0 -9999.0
-9999.0 -9999.0 -9999.0 -9999.0 -9999.0 -9999.0 -9999.0 -9999.0 -9999.0 -9999.0 -9999.0 -9999.0 -9999.0 -9999.0 -9999.0 -9999.0 -9999.0 -9999.0 -9999.0 -9999.0 -9999.0 -9999.0 -9999.0 -9999.0 -9999.0 -9999.0 -9999.0 -9999.0 -9999.0 -9999.0 -9999.0 -9999.0 -9999.0 -9999.0 -9999.0 -9999.0 -9999.0 -9999.0 -9999.0 -9999.0 -9999.0 -9999.0 -9999.0 -9999.0 -9999.0 -9999.0 -9999.0 -9999.0 -9999.0 -9999.0 -9999.0 -9999.0 -9999.0 -9999.0 -9999.0 -9999.0 -9999.0 -9999.0 -9999.0 -9999.0 -9999.0 -9999.0 -9999.0 -9999.0 -9999.0 -9999.0 -9999.0 -9999.0 -9999.0 -9999.0 -9999.0 -9999.0 -9999.0 -9999.0 -9999.0 -9999.0 -9999.0 -9999.0 -9999.0 -9999.0 -9999.0 -9999.0 -9999.0 -9999.0 -9999.0 -9999.0 -9999.0 -9999.0 -9999.0 -9999.0 -9999.0 -9999.0 -9999.0 -9999.0 -9999.0 -9999.0 -9999.0 -9999.0 -9999.0 -9999.0 -9999.0 -9999.0 -9999.0 -9999.0
-9999.0 -9999.0 422.563459 323.808926 224.625981 125.258619 25.815344 -73.656787 -173.138367 -272.618229 -372.085360 -471.524663 -570.907253 -670.177672 -769.371950 -868.584025 -967.734892 -1066.820021 -1165.628578 -1263.723961 -1360.619641 -1455.070247 -1544.989635 -1627.745068 -1700.910676 -1762.967105 -1813.576669 -1853.436209 -1883.909160 -1906.638991 -1923.257570 -1935.215104 -1943.710362 -1949.685798 -1953.856870 -1956.756414 -1958.791131 -1960.341203 -1961.992864 -1964.710320 -1965.439102 -1917.500387 -1293.537165 -1385.201645 -1357.566853 -1338.773363 -1330.076245 -1328.786675 -1328.648754 -1328.659943 -1328.692254 -1328.727124 -1328.760647 -1328.791699 -1328.820612 -1328.855076 -1328.967303 -1329.727808 -1334.306636 -1344.499061 -1354.880562 -1249.378602 -1883.720851 -1958.803260 -1963.816946 -1963.425662 -1963.205992 -1963.154420 -1963.145103 -1963.143942 -1963.144155 -1963.144529 -1963.144863 -1963.145137 -1963.145360 -1963.145547 -1963.145707 -1963.145848 -1963.145977 -1963.146100 -1963.146226 -1963.146362 -1963.146521 -1963.146722 -1963.146992 -1963.147375 -1963.147944 -1963.148821 -1963.150217 -1963.152510 -1963.156399 -1963.163223 -1963.175609 -1963.198847 -1963.243900 -1963.334438 -1963.524652 -1963.947964 -1964.960718 -1967.609515 -1975.327087 -2000.732141 -9999.0 -9999.0
-9999.0 -9999.0 422.569220 323.810457 224.626400 125.258745 25.815384 -73.656773 -173.138362 -272.618227 -372.085359 -471.524662 -570.907253 -670.177672 -769.371949 -868.584025 -967.734892 -1066.820022 -1165.628579 -1263.723962 -1360.619641 -1455.070248 -1544.989635 -1627.745068 -1700.910676 -1762.967105 -1813.576669 -1853.436209 -1883.909160 -1906.638991 -1923.257570 -1935.215104 -1943.710362 -1949.685798 -1953.856870 -1956.756414 -1958.791131 -1960.341203 -1961.992864 -1964.710320 -1965.439102 -1917.500387 -1293.537165 -1385.201645 -1357.566852 -1338.773362 -1330.076245 -1328.786675 -1328.648754 -1328.659943 -1328.692254 -1328.727124 -1328.760647 -1328.791699 -1328.820612 -1328.855076 -1328.967303 -1329.727808 -1334.306636 -1344.499061 -1354.880562 -1249.378602 -1883.720851 -1958.803260 -1963.816946 -1963.425662 -1963.205992 -1963.154420 -1963.145103 -1963.143942 -1963.144155 -1963.144529 -1963.144863 -1963.145137 -1963.145360 -1963.145547 -1963.145707 -1963.145848 -1963.145977 -1963.146100 -1963.146225 -1963.146362 -1963.146521 -1963.146722 -1963.146992 -1963.147375 -1963.147944 -1963.148821 -1963.150217 -1963.152510 -1963.156399 -1963.163223 -1963.175609 -1963.198847 -1963.243900 -1963.334438 -1963.524652 -1963.947964 -1964.960718 -1967.609515 -1975.327087 -2000.732141 -9999.0 -9999.0
-9999.0 -9999.0 422.570495 323.811132 224.626670 125.258844 25.815420 -73.656761 -173.138358 -272.618225 -372.085358 -471.524662 -570.907253 -670.177672 -769.371949 -868.584025 -967.734892 -1066.820022 -1165.628579 -1263.723962 -1360.619641 -1455.070248 -1544.989635 -1627.745069 -1700.910676 -1762.967105 -1813.576669 -1853.436209 -1883.909160 -1906.638991 -1923.257570 -1935.215104 -1943.710362 -1949.685798 -1953.856870 -1956.756414 -1958.791131 -1960.341203 -1961.992864 -1964.710320 -1965.439102 -1917.500387 -1293.537165 -1385.201645 -1357.566852 -1338.773362 -1330.076245 -1328.786675 -1328.648754 -1328.659943 -1328.692254 -1328.727124 -1328.760647 -1328.791699 -1328.820612 -1328.855076 -1328.967303 -1329.727808 -1334.306636 -1344.499061 -1354.880562 -1249.378602 -1883.720851 -1958.803260 -1963.816946 -1963.425662 -1963.205992 -1963.154420 -1963.145103 -1963.143942 -1963.144155 -1963.144529 -1963.144863 -1963.145137 -1963.145360 -1963.145547 -1963.145707 -1963.145848 -1963.145977 -1963.146100 -1963.146225 -1963.146362 -1963.146521 -1963.146722 -1963.146992 -1963.147375 -1963.147944 -1963.148821 -1963.150217 -1963.152510 -1963.156399 -1963.163223 -1963.175609 -1963.198847 -1963.243900 -1963.334438 -1963.524652 -1963.947964 -1964.960718 -1967.609515 -1975.327087 -2000.732141 -9999.0 -9999.0
-9999.0 -9999.0 422.570495 323.811132 224.626670 125.258844 25.815420 -73.656761 -173.138357 -272.618225 -372.085358 -471.524662 -570.907253 -670.177672 -769.371949 -868.584025 -967.734892 -1066.820022 -1165.628579 -1263.723962 -1360.619641 -1455.070248 -1544.989635 -1627.745069 -1700.910676 -1762.967105 -1813.576669 -1853.436209 -1883.909160 -1906.638991 -1923.257570 -1935.215104 -1943.710362 -1949.685798 -1953.856870 -1956.756414 -1958.791131 -1960.341203 -1961.992864 -1964.710320 -1965.439102 -1917.500387 -1293.537165 -1385.201645 -1357.566852 -1338.773362 -1330.076245 -1328.786675 -1328.648754 -1328.659943 -1328.692254 -1328.727124 -1328.760647 -1328.791699 -1328.820612 -1328.855076 -1328.967303 -1329.727808 -1334.306636 -1344.499061 -1354.880562 -1249.378602 -1883.720851 -1958.803260 -1963.816946 -1963.425662 -1963.205992 -1963.154420 -1963.145103 -1963.143942 -1963.144155 -1963.144529 -1963.144863 -1963.145137 -1963.145360 -1963.145547 -1963.145707 -1963.145848 -1963.145977 -1963.146100 -1963.146225 -1963.146362 -1963.146521 -1963.146722 -1963.146992 -1963.147375 -1963.147944 -1963.148821 -1963.150217 -1963.152510 -1963.156399 -1963.163223 -1963.175609 -1963.198847 -1963.243900 -1963.334438 -1963.524652 -1963.947964 -1964.960718 -1967.609515 -1975.327087 -2000.732141 -9999.0 -9999.0
-9999.0 -9999.0 422.569220 323.810457 224.626400 125.258745 25.815384 -73.656773 -173.138362 -272.618227 -372.085359 -471.524662 -570.907253 -670.177672 -769.371949 -868.584025 -967.734892 -1066.820022 -1165.628579 -1263.723962 -1360.619641 -1455.070248 -1544.989635 -1627.745068 -1700.910676 -1762.967105 -1813.576669 -1853.436209 -1883.909160 -1906.638991 -1923.257570 -1935.215104 -1943.710362 -1949.685798 -1953.856870 -1956.756414 -1958.791131 -1960.341203 -1961.992864 -1964.710320 -1965.439102 -1917.500387 -1293.537165 -1385.201645 -1357.566852 -1338.773362 -1330.076245 -1328.786675 -1328.648754 -1328.659943 -1328.692254 -1328.727124 -1328.760647 -1328.791699 -1328.820612 -1328.855076 -1328.967303 -1329.727808 -1334.306636 -1344.499061 -1354.880562 -1249.378602 -1883.720851 -1958.803260 -1963.816946 -1963.425662 -1963.205992 -1963.154420 -1963.145103 -1963.143942 -1963.144155 -1963.144529 -1963.144863 -1963.145137 -1963.145360 -1963.145547 -1963.145707 -1963.145848 -1963.145977 -1963.146100 -1963.146225 -1963.146362 -1963.146521 -1963.146722 -1963.146992 -1963.147375 -1963.147944 -1963.148821 -1963.150217 -1963.152510 -1963.156399 -1963.163223 -1963.175609 -1963.198847 -1963.243900 -1963.334438 -1963.524652 -1963.947964 -1964.960718 -1967.609515 -1975.327087 -2000.732141 -9999.0 -9999.0
-9999.0 -9999.0 422.563459 323.808926 224.625981 125.258619 25.815344 -73.656787 -173.138367 -272.618229 -372.085360 -471.524663 -570.907253 -670.177672 -769.371950 -868.584025 -967.734892 -1066.820021 -1165.628578 -1263.723961 -1360.619641 -1455.070247 -1544.989635 -1627.745068 -1700.910676 -1762.967105 -1813.576669 -1853.436209 -1883.909160 -1906.638991 -1923.257570 -1935.215104 -1943.710362 -1949.685798 -1953.856870 -1956.756414 -1958.791131 -1960.341203 -1961.992864 -1964.710320 -1965.439102 -1917.500387 -1293.537165 -1385.201645 -1357.566853 -1338.773363 -1330.076245 -1328.786675 -1328.648754 -1328.659943 -1328.692254 -1328.727124 -1328.760647 -1328.791699 -1328.820612 -1328.855076 -1328.967303 -1329.727808 -1334.306636 -1344.499061 -1354.880562 -1249.378602 -1883.720851 -1958.803260 -1963.816946 -1963.425662 -1963.205992 -1963.154420 -1963.145103 -1963.143942 -1963.144155 -1963.144529 -1963.144863 -1963.145137 -1963.145360 -1963.145547 -1963.145707 -1963.145848 -1963.145977 -1963.146100 -1963.146226 -1963.146362 -1963.146521 -1963.146722 -1963.146992 -1963.147375 -1963.147944 -1963.148821 -1963.150217 -1963.152510 -1963.156399 -1963.163223 -1963.175609 -1963.198847 -1963.243900 -1963.334438 -1963.524652 -1963.947964 -1964.960718 -1967.609515 -1975.327087 -2000.732141 -9999.0 -9999.0
-9999.0 -9999.0 -9999.0 -9999.0 -9999.0 -9999.0 -9999.0 -9999.0 -9999.0 -9999.0 -9999.0 -9999.0 -9999.0 -9999.0 -9999.0 -9999.0 -9999.0 -9999.0 -9999.0 -9999.0 -9999.0 -9999.0 -9999.0 -9999.0 -9999.0 -9999.0 -9999.0 -9999.0 -9999.0 -9999.0 -9999.0 -9999.0 -9999.0 -9999.0 -9999.0 -9999.0 -9999.0 -9999.0 -9999.0 -9999.0 -9999.0 -9999.0 -9999.0 -9999.0 -9999.0 -9999.0 -9999.0 -9999.0 -9999.0 -9999.0 -9999.0 -9999.0 -9999.0 -9999.0 -9999.0 -9999.0 -9999.0 -9999.0 -9999.0 -9999.0 -9999.0 -9999.0 -9999.0 -9999.0 -9999.0 -9999.0 -9999.0 -9999.0 -9999.0 -9999.0 -9999.0 -9999.0 -9999.0 -9999.0 -9999.0 -9999.0 -9999.0 -9999.0 -9999.0 -9999.0 -9999.0 -9999.0 -9999.0 -9999.0 -9999.0 -9999.0 -9999.0 -9999.0 -9999.0 -9999.0 -9999.0 -9999.0 -9999.0 -9999.0 -9999.0 -9999.0 -9999.0 -9999.0 -9999.0 -9999.0 -9999.0 -9999.0 -9999.0 -9999.0
-9999.0 -9999.0 -9999.0 -9999.0 -9999.0 -9999.0 -9999.0 -9999.0 -9999.0 -9999.0 -9999.0 -9999.0 -9999.0 -9999.0 -9999.0 -9999.0 -9999.0 -9999.0 -9999.0 -9999.0 -9999.0 -9999.0 -9999.0 -9999.0 -9999.0 -9999.0 -9999.0 -9999.0 -9999.0 -9999.0 -9999.0 -9999.0 -9999.0 -9999.0 -9999.0 -9999.0 -9999.0 -9999.0 -9999.0 -9999.0 -9999.0 -9999.0 -9999.0 -9999.0 -9999.0 -9999.0 -9999.0 -9999.0 -9999.0 -9999.0 -9999.0 -9999.0 -9999.0 -9999.0 -9999.0 -9999.0 -9999.0 -9999.0 -9999.0 -9999.0 -9999.0 -9999.0 -9999.0 -9999.0 -9999.0 -9999.0 -9999.0 -9999.0 -9999.0 -9999.0 -9999.0 -9999.0 -9999.0 -9999.0 -9999.0 -9999.0 -9999.0 -9999.0 -9999.0 -9999.0 -9999.0 -9999.0 -9999.0 -9999.0 -9999.0 -9999.0 -9999.0 -9999.0 -9999.0 -9999.0 -9999.0 -9999.0 -9999.0 -9999.0 -9999.0 -9999.0 -9999.0 -9999.0 -9999.0 -9999.0 -9999.0 -9999.0 -9999.0 -9999.0