inst/processing_geotop_simulation/geotop_simulation/out/maps3D/PwL0017N0031.asc
ncols         104
nrows         10
xllcorner     -2.000000
yllcorner     0.000000
cellsize      1.000000
NODATA_value  -9999.0
-9999.0 -9999.0 -9999.0 -9999.0 -9999.0 -9999.0 -9999.0 -9999.0 -9999.0 -9999.0 -9999.0 -9999.0 -9999.0 -9999.0 -9999.0 -9999.0 -9999.0 -9999.0 -9999.0 -9999.0 -9999.0 -9999.0 -9999.0 -9999.0 -9999.0 -9999.0 -9999.0 -9999.0 -9999.0 -9999.0 -9999.0 -9999.0 -9999.0 -9999.0 -9999.0 -9999.0 -9999.0 -9999.0 -9999.0 -9999.0 -9999.0 -9999.0 -9999.0 -9999.0 -9999.0 -9999.0 -9999.0 -9999.0 -9999.0 -9999.0 -9999.0 -9999.0 -9999.0 -9999.0 -9999.0 -9999.0 -9999.0 -9999.0 -9999.0 -9999.0 -9999.0 -9999.0 -9999.0 -9999.0 -9999.0 -9999.0 -9999.0 -9999.0 -9999.0 -9999.0 -9999.0 -9999.0 -9999.0 -9999.0 -9999.0 -9999.0 -9999.0 -9999.0 -9999.0 -9999.0 -9999.0 -9999.0 -9999.0 -9999.0 -9999.0 -9999.0 -9999.0 -9999.0 -9999.0 -9999.0 -9999.0 -9999.0 -9999.0 -9999.0 -9999.0 -9999.0 -9999.0 -9999.0 -9999.0 -9999.0 -9999.0 -9999.0 -9999.0 -9999.0
-9999.0 -9999.0 -9999.0 -9999.0 -9999.0 -9999.0 -9999.0 -9999.0 -9999.0 -9999.0 -9999.0 -9999.0 -9999.0 -9999.0 -9999.0 -9999.0 -9999.0 -9999.0 -9999.0 -9999.0 -9999.0 -9999.0 -9999.0 -9999.0 -9999.0 -9999.0 -9999.0 -9999.0 -9999.0 -9999.0 -9999.0 -9999.0 -9999.0 -9999.0 -9999.0 -9999.0 -9999.0 -9999.0 -9999.0 -9999.0 -9999.0 -9999.0 -9999.0 -9999.0 -9999.0 -9999.0 -9999.0 -9999.0 -9999.0 -9999.0 -9999.0 -9999.0 -9999.0 -9999.0 -9999.0 -9999.0 -9999.0 -9999.0 -9999.0 -9999.0 -9999.0 -9999.0 -9999.0 -9999.0 -9999.0 -9999.0 -9999.0 -9999.0 -9999.0 -9999.0 -9999.0 -9999.0 -9999.0 -9999.0 -9999.0 -9999.0 -9999.0 -9999.0 -9999.0 -9999.0 -9999.0 -9999.0 -9999.0 -9999.0 -9999.0 -9999.0 -9999.0 -9999.0 -9999.0 -9999.0 -9999.0 -9999.0 -9999.0 -9999.0 -9999.0 -9999.0 -9999.0 -9999.0 -9999.0 -9999.0 -9999.0 -9999.0 -9999.0 -9999.0
-9999.0 -9999.0 369.672319 271.358725 174.425629 78.532423 -16.754978 -111.452668 -201.739193 -275.987005 -338.352235 -375.520420 -395.016660 -403.887913 -398.022732 -383.720833 -376.902360 -373.239505 -296.049652 -157.888594 -19.310483 131.903114 294.755970 224.598840 150.841809 74.106788 -5.445620 -87.105070 -167.987703 -241.072847 -297.094820 -332.348702 -351.213901 -360.248584 -364.089652 -365.203878 -364.697820 -356.416460 -315.704796 -356.341435 -432.295640 -375.827795 -2661.617842 -4133.472120 -4133.663365 -4133.663366 -4133.663366 -4133.663366 -4133.663366 -4133.663366 -4133.663366 -4133.663366 -4133.663366 -4133.663366 -4133.663366 -4133.663366 -4133.663366 -4133.663366 -4133.663366 -4133.663364 -4133.316203 -2535.535124 -196.675091 -304.932582 -350.849118 -357.467297 -362.582030 -365.786447 -367.837097 -369.141120 -369.965895 -370.488018 -370.813377 -371.014467 -371.136181 -371.208467 -371.251901 -371.277944 -371.293875 -371.306548 -371.317383 -371.331648 -371.352111 -371.386898 -371.447842 -371.549970 -371.713927 -371.972310 -372.379677 -373.023453 -374.041936 -375.653902 -378.205587 -382.243011 -388.617927 -398.626053 -414.142751 -437.659765 -472.153452 -521.844710 -603.603916 -774.347940 -9999.0 -9999.0
-9999.0 -9999.0 369.685312 271.364550 174.427945 78.533341 -16.754606 -111.452519 -201.739142 -275.986991 -338.352231 -375.520419 -395.016660 -403.887913 -398.022732 -383.720833 -376.902360 -373.239505 -296.049652 -157.888594 -19.310483 131.903114 294.755970 224.598840 150.841809 74.106788 -5.445620 -87.105070 -167.987703 -241.072847 -297.094820 -332.348702 -351.213901 -360.248584 -364.089652 -365.203878 -364.697820 -356.416460 -315.704796 -356.341436 -432.295640 -375.827794 -2661.617842 -4133.472120 -4133.663365 -4133.663366 -4133.663366 -4133.663366 -4133.663366 -4133.663366 -4133.663366 -4133.663366 -4133.663366 -4133.663366 -4133.663366 -4133.663366 -4133.663366 -4133.663366 -4133.663366 -4133.663364 -4133.316203 -2535.535124 -196.675090 -304.932582 -350.849117 -357.467297 -362.582030 -365.786447 -367.837097 -369.141120 -369.965895 -370.488018 -370.813377 -371.014467 -371.136181 -371.208467 -371.251901 -371.277944 -371.293875 -371.306548 -371.317383 -371.331648 -371.352111 -371.386898 -371.447842 -371.549970 -371.713927 -371.972310 -372.379677 -373.023453 -374.041936 -375.653902 -378.205587 -382.243011 -388.617927 -398.626053 -414.142751 -437.659765 -472.153452 -521.844710 -603.603916 -774.347940 -9999.0 -9999.0
-9999.0 -9999.0 369.692811 271.368648 174.429831 78.534158 -16.754258 -111.452375 -201.739091 -275.986977 -338.352228 -375.520418 -395.016660 -403.887913 -398.022732 -383.720833 -376.902360 -373.239505 -296.049652 -157.888594 -19.310483 131.903114 294.755970 224.598840 150.841809 74.106788 -5.445620 -87.105070 -167.987703 -241.072847 -297.094820 -332.348702 -351.213901 -360.248584 -364.089652 -365.203878 -364.697820 -356.416460 -315.704796 -356.341437 -432.295640 -375.827793 -2661.617842 -4133.472120 -4133.663365 -4133.663366 -4133.663366 -4133.663366 -4133.663366 -4133.663366 -4133.663366 -4133.663366 -4133.663366 -4133.663366 -4133.663366 -4133.663366 -4133.663366 -4133.663366 -4133.663366 -4133.663364 -4133.316203 -2535.535124 -196.675090 -304.932582 -350.849117 -357.467297 -362.582030 -365.786447 -367.837097 -369.141120 -369.965895 -370.488018 -370.813377 -371.014467 -371.136181 -371.208467 -371.251901 -371.277944 -371.293875 -371.306548 -371.317383 -371.331648 -371.352111 -371.386898 -371.447842 -371.549970 -371.713927 -371.972310 -372.379677 -373.023453 -374.041936 -375.653902 -378.205587 -382.243011 -388.617927 -398.626053 -414.142751 -437.659765 -472.153452 -521.844710 -603.603916 -774.347940 -9999.0 -9999.0
-9999.0 -9999.0 369.692811 271.368648 174.429831 78.534158 -16.754258 -111.452375 -201.739091 -275.986977 -338.352228 -375.520418 -395.016660 -403.887913 -398.022732 -383.720833 -376.902360 -373.239505 -296.049652 -157.888594 -19.310483 131.903114 294.755970 224.598840 150.841809 74.106788 -5.445620 -87.105070 -167.987703 -241.072847 -297.094820 -332.348702 -351.213901 -360.248584 -364.089652 -365.203878 -364.697820 -356.416460 -315.704796 -356.341437 -432.295640 -375.827793 -2661.617842 -4133.472120 -4133.663365 -4133.663366 -4133.663366 -4133.663366 -4133.663366 -4133.663366 -4133.663366 -4133.663366 -4133.663366 -4133.663366 -4133.663366 -4133.663366 -4133.663366 -4133.663366 -4133.663366 -4133.663364 -4133.316203 -2535.535124 -196.675090 -304.932581 -350.849117 -357.467297 -362.582030 -365.786447 -367.837097 -369.141120 -369.965895 -370.488018 -370.813377 -371.014467 -371.136181 -371.208467 -371.251901 -371.277944 -371.293875 -371.306548 -371.317383 -371.331648 -371.352111 -371.386898 -371.447842 -371.549970 -371.713927 -371.972310 -372.379677 -373.023453 -374.041936 -375.653902 -378.205587 -382.243011 -388.617927 -398.626053 -414.142751 -437.659765 -472.153452 -521.844710 -603.603916 -774.347940 -9999.0 -9999.0
-9999.0 -9999.0 369.685313 271.364550 174.427945 78.533341 -16.754606 -111.452519 -201.739142 -275.986991 -338.352231 -375.520419 -395.016660 -403.887913 -398.022732 -383.720833 -376.902360 -373.239505 -296.049652 -157.888594 -19.310483 131.903114 294.755970 224.598840 150.841809 74.106788 -5.445620 -87.105070 -167.987703 -241.072847 -297.094820 -332.348702 -351.213901 -360.248584 -364.089652 -365.203878 -364.697820 -356.416460 -315.704796 -356.341436 -432.295640 -375.827794 -2661.617842 -4133.472120 -4133.663365 -4133.663366 -4133.663366 -4133.663366 -4133.663366 -4133.663366 -4133.663366 -4133.663366 -4133.663366 -4133.663366 -4133.663366 -4133.663366 -4133.663366 -4133.663366 -4133.663366 -4133.663364 -4133.316203 -2535.535124 -196.675089 -304.932581 -350.849117 -357.467297 -362.582030 -365.786447 -367.837097 -369.141120 -369.965895 -370.488018 -370.813377 -371.014467 -371.136181 -371.208467 -371.251901 -371.277944 -371.293875 -371.306548 -371.317383 -371.331648 -371.352111 -371.386898 -371.447842 -371.549970 -371.713927 -371.972310 -372.379677 -373.023453 -374.041936 -375.653902 -378.205587 -382.243011 -388.617927 -398.626053 -414.142751 -437.659765 -472.153452 -521.844710 -603.603916 -774.347940 -9999.0 -9999.0
-9999.0 -9999.0 369.672319 271.358725 174.425629 78.532424 -16.754978 -111.452668 -201.739193 -275.987005 -338.352235 -375.520420 -395.016660 -403.887913 -398.022732 -383.720833 -376.902360 -373.239505 -296.049652 -157.888594 -19.310483 131.903114 294.755970 224.598840 150.841809 74.106788 -5.445620 -87.105070 -167.987703 -241.072847 -297.094820 -332.348702 -351.213901 -360.248584 -364.089652 -365.203878 -364.697820 -356.416460 -315.704796 -356.341435 -432.295640 -375.827795 -2661.617842 -4133.472120 -4133.663365 -4133.663366 -4133.663366 -4133.663366 -4133.663366 -4133.663366 -4133.663366 -4133.663366 -4133.663366 -4133.663366 -4133.663366 -4133.663366 -4133.663366 -4133.663366 -4133.663366 -4133.663364 -4133.316203 -2535.535124 -196.675089 -304.932581 -350.849117 -357.467297 -362.582030 -365.786447 -367.837097 -369.141120 -369.965895 -370.488018 -370.813377 -371.014467 -371.136181 -371.208467 -371.251901 -371.277944 -371.293875 -371.306548 -371.317383 -371.331648 -371.352111 -371.386898 -371.447842 -371.549970 -371.713927 -371.972310 -372.379677 -373.023453 -374.041936 -375.653902 -378.205587 -382.243011 -388.617927 -398.626053 -414.142751 -437.659765 -472.153452 -521.844710 -603.603916 -774.347940 -9999.0 -9999.0
-9999.0 -9999.0 -9999.0 -9999.0 -9999.0 -9999.0 -9999.0 -9999.0 -9999.0 -9999.0 -9999.0 -9999.0 -9999.0 -9999.0 -9999.0 -9999.0 -9999.0 -9999.0 -9999.0 -9999.0 -9999.0 -9999.0 -9999.0 -9999.0 -9999.0 -9999.0 -9999.0 -9999.0 -9999.0 -9999.0 -9999.0 -9999.0 -9999.0 -9999.0 -9999.0 -9999.0 -9999.0 -9999.0 -9999.0 -9999.0 -9999.0 -9999.0 -9999.0 -9999.0 -9999.0 -9999.0 -9999.0 -9999.0 -9999.0 -9999.0 -9999.0 -9999.0 -9999.0 -9999.0 -9999.0 -9999.0 -9999.0 -9999.0 -9999.0 -9999.0 -9999.0 -9999.0 -9999.0 -9999.0 -9999.0 -9999.0 -9999.0 -9999.0 -9999.0 -9999.0 -9999.0 -9999.0 -9999.0 -9999.0 -9999.0 -9999.0 -9999.0 -9999.0 -9999.0 -9999.0 -9999.0 -9999.0 -9999.0 -9999.0 -9999.0 -9999.0 -9999.0 -9999.0 -9999.0 -9999.0 -9999.0 -9999.0 -9999.0 -9999.0 -9999.0 -9999.0 -9999.0 -9999.0 -9999.0 -9999.0 -9999.0 -9999.0 -9999.0 -9999.0
-9999.0 -9999.0 -9999.0 -9999.0 -9999.0 -9999.0 -9999.0 -9999.0 -9999.0 -9999.0 -9999.0 -9999.0 -9999.0 -9999.0 -9999.0 -9999.0 -9999.0 -9999.0 -9999.0 -9999.0 -9999.0 -9999.0 -9999.0 -9999.0 -9999.0 -9999.0 -9999.0 -9999.0 -9999.0 -9999.0 -9999.0 -9999.0 -9999.0 -9999.0 -9999.0 -9999.0 -9999.0 -9999.0 -9999.0 -9999.0 -9999.0 -9999.0 -9999.0 -9999.0 -9999.0 -9999.0 -9999.0 -9999.0 -9999.0 -9999.0 -9999.0 -9999.0 -9999.0 -9999.0 -9999.0 -9999.0 -9999.0 -9999.0 -9999.0 -9999.0 -9999.0 -9999.0 -9999.0 -9999.0 -9999.0 -9999.0 -9999.0 -9999.0 -9999.0 -9999.0 -9999.0 -9999.0 -9999.0 -9999.0 -9999.0 -9999.0 -9999.0 -9999.0 -9999.0 -9999.0 -9999.0 -9999.0 -9999.0 -9999.0 -9999.0 -9999.0 -9999.0 -9999.0 -9999.0 -9999.0 -9999.0 -9999.0 -9999.0 -9999.0 -9999.0 -9999.0 -9999.0 -9999.0 -9999.0 -9999.0 -9999.0 -9999.0 -9999.0 -9999.0