inst/processing_geotop_simulation/geotop_simulation/out/maps3D/PwL0003N0452.asc
ncols         104
nrows         10
xllcorner     -2.000000
yllcorner     0.000000
cellsize      1.000000
NODATA_value  -9999.0
-9999.0 -9999.0 -9999.0 -9999.0 -9999.0 -9999.0 -9999.0 -9999.0 -9999.0 -9999.0 -9999.0 -9999.0 -9999.0 -9999.0 -9999.0 -9999.0 -9999.0 -9999.0 -9999.0 -9999.0 -9999.0 -9999.0 -9999.0 -9999.0 -9999.0 -9999.0 -9999.0 -9999.0 -9999.0 -9999.0 -9999.0 -9999.0 -9999.0 -9999.0 -9999.0 -9999.0 -9999.0 -9999.0 -9999.0 -9999.0 -9999.0 -9999.0 -9999.0 -9999.0 -9999.0 -9999.0 -9999.0 -9999.0 -9999.0 -9999.0 -9999.0 -9999.0 -9999.0 -9999.0 -9999.0 -9999.0 -9999.0 -9999.0 -9999.0 -9999.0 -9999.0 -9999.0 -9999.0 -9999.0 -9999.0 -9999.0 -9999.0 -9999.0 -9999.0 -9999.0 -9999.0 -9999.0 -9999.0 -9999.0 -9999.0 -9999.0 -9999.0 -9999.0 -9999.0 -9999.0 -9999.0 -9999.0 -9999.0 -9999.0 -9999.0 -9999.0 -9999.0 -9999.0 -9999.0 -9999.0 -9999.0 -9999.0 -9999.0 -9999.0 -9999.0 -9999.0 -9999.0 -9999.0 -9999.0 -9999.0 -9999.0 -9999.0 -9999.0 -9999.0
-9999.0 -9999.0 -9999.0 -9999.0 -9999.0 -9999.0 -9999.0 -9999.0 -9999.0 -9999.0 -9999.0 -9999.0 -9999.0 -9999.0 -9999.0 -9999.0 -9999.0 -9999.0 -9999.0 -9999.0 -9999.0 -9999.0 -9999.0 -9999.0 -9999.0 -9999.0 -9999.0 -9999.0 -9999.0 -9999.0 -9999.0 -9999.0 -9999.0 -9999.0 -9999.0 -9999.0 -9999.0 -9999.0 -9999.0 -9999.0 -9999.0 -9999.0 -9999.0 -9999.0 -9999.0 -9999.0 -9999.0 -9999.0 -9999.0 -9999.0 -9999.0 -9999.0 -9999.0 -9999.0 -9999.0 -9999.0 -9999.0 -9999.0 -9999.0 -9999.0 -9999.0 -9999.0 -9999.0 -9999.0 -9999.0 -9999.0 -9999.0 -9999.0 -9999.0 -9999.0 -9999.0 -9999.0 -9999.0 -9999.0 -9999.0 -9999.0 -9999.0 -9999.0 -9999.0 -9999.0 -9999.0 -9999.0 -9999.0 -9999.0 -9999.0 -9999.0 -9999.0 -9999.0 -9999.0 -9999.0 -9999.0 -9999.0 -9999.0 -9999.0 -9999.0 -9999.0 -9999.0 -9999.0 -9999.0 -9999.0 -9999.0 -9999.0 -9999.0 -9999.0
-9999.0 -9999.0 125.095389 26.967850 -72.085188 -171.381430 -270.768117 -370.188853 -469.614601 -569.025894 -668.392573 -767.680974 -866.898160 -966.012024 -1065.083365 -1164.141959 -1262.954999 -1361.399985 -1459.204938 -1555.803800 -1650.046601 -1739.827445 -1822.149558 -1894.066817 -1953.828367 -2001.309253 -2037.667406 -2064.714062 -2084.388174 -2098.452229 -2108.369313 -2115.286938 -2120.071121 -2123.357674 -2125.604481 -2127.139434 -2128.209723 -2129.066808 -2130.184309 -2132.426602 -2131.563216 -2057.603670 -1256.472845 -1256.948029 -1246.117301 -1238.867920 -1235.455710 -1234.911982 -1234.851985 -1234.856665 -1234.870614 -1234.885704 -1234.900221 -1234.913674 -1234.926233 -1234.941470 -1234.992043 -1235.323370 -1237.160419 -1241.189733 -1246.267832 -1237.936513 -2032.175338 -2125.859579 -2131.095163 -2130.669348 -2130.460667 -2130.414737 -2130.406845 -2130.405972 -2130.406241 -2130.406622 -2130.406949 -2130.407208 -2130.407412 -2130.407576 -2130.407710 -2130.407822 -2130.407921 -2130.408012 -2130.408104 -2130.408206 -2130.408330 -2130.408496 -2130.408733 -2130.409086 -2130.409632 -2130.410497 -2130.411900 -2130.414233 -2130.418217 -2130.425226 -2130.437951 -2130.461777 -2130.507766 -2130.599478 -2130.789955 -2131.207709 -2132.191724 -2134.732006 -2142.104193 -2166.697388 -9999.0 -9999.0
-9999.0 -9999.0 125.104700 26.969635 -72.084740 -171.381299 -270.768075 -370.188839 -469.614595 -569.025892 -668.392571 -767.680973 -866.898160 -966.012024 -1065.083364 -1164.141959 -1262.954999 -1361.399985 -1459.204939 -1555.803801 -1650.046602 -1739.827445 -1822.149558 -1894.066818 -1953.828367 -2001.309253 -2037.667406 -2064.714062 -2084.388174 -2098.452229 -2108.369313 -2115.286938 -2120.071121 -2123.357674 -2125.604481 -2127.139434 -2128.209723 -2129.066808 -2130.184309 -2132.426601 -2131.563216 -2057.603670 -1256.472845 -1256.948029 -1246.117301 -1238.867920 -1235.455710 -1234.911982 -1234.851985 -1234.856665 -1234.870614 -1234.885704 -1234.900221 -1234.913674 -1234.926233 -1234.941470 -1234.992043 -1235.323370 -1237.160419 -1241.189733 -1246.267832 -1237.936513 -2032.175338 -2125.859579 -2131.095163 -2130.669348 -2130.460667 -2130.414737 -2130.406845 -2130.405972 -2130.406241 -2130.406622 -2130.406949 -2130.407208 -2130.407412 -2130.407576 -2130.407710 -2130.407822 -2130.407921 -2130.408012 -2130.408104 -2130.408206 -2130.408330 -2130.408496 -2130.408733 -2130.409086 -2130.409632 -2130.410497 -2130.411900 -2130.414233 -2130.418217 -2130.425226 -2130.437951 -2130.461777 -2130.507766 -2130.599478 -2130.789955 -2131.207709 -2132.191724 -2134.732006 -2142.104193 -2166.697388 -9999.0 -9999.0
-9999.0 -9999.0 125.105862 26.970356 -72.084455 -171.381197 -270.768039 -370.188825 -469.614591 -569.025890 -668.392571 -767.680973 -866.898160 -966.012024 -1065.083364 -1164.141959 -1262.954999 -1361.399986 -1459.204939 -1555.803801 -1650.046602 -1739.827445 -1822.149558 -1894.066818 -1953.828367 -2001.309253 -2037.667406 -2064.714062 -2084.388174 -2098.452229 -2108.369313 -2115.286938 -2120.071121 -2123.357674 -2125.604481 -2127.139434 -2128.209723 -2129.066808 -2130.184309 -2132.426601 -2131.563216 -2057.603670 -1256.472845 -1256.948029 -1246.117301 -1238.867920 -1235.455710 -1234.911982 -1234.851985 -1234.856665 -1234.870614 -1234.885704 -1234.900221 -1234.913674 -1234.926233 -1234.941470 -1234.992043 -1235.323370 -1237.160419 -1241.189733 -1246.267832 -1237.936513 -2032.175338 -2125.859579 -2131.095163 -2130.669348 -2130.460667 -2130.414737 -2130.406845 -2130.405972 -2130.406241 -2130.406622 -2130.406949 -2130.407208 -2130.407412 -2130.407576 -2130.407710 -2130.407822 -2130.407921 -2130.408012 -2130.408104 -2130.408206 -2130.408330 -2130.408496 -2130.408733 -2130.409086 -2130.409632 -2130.410497 -2130.411900 -2130.414233 -2130.418217 -2130.425226 -2130.437951 -2130.461777 -2130.507766 -2130.599478 -2130.789955 -2131.207709 -2132.191724 -2134.732006 -2142.104193 -2166.697388 -9999.0 -9999.0
-9999.0 -9999.0 125.105862 26.970356 -72.084455 -171.381197 -270.768039 -370.188826 -469.614591 -569.025890 -668.392570 -767.680973 -866.898160 -966.012024 -1065.083364 -1164.141959 -1262.954999 -1361.399986 -1459.204939 -1555.803801 -1650.046602 -1739.827445 -1822.149558 -1894.066818 -1953.828367 -2001.309253 -2037.667406 -2064.714062 -2084.388174 -2098.452229 -2108.369313 -2115.286938 -2120.071121 -2123.357674 -2125.604481 -2127.139434 -2128.209723 -2129.066808 -2130.184309 -2132.426601 -2131.563216 -2057.603670 -1256.472845 -1256.948029 -1246.117301 -1238.867920 -1235.455710 -1234.911982 -1234.851985 -1234.856665 -1234.870614 -1234.885704 -1234.900221 -1234.913674 -1234.926233 -1234.941470 -1234.992043 -1235.323370 -1237.160419 -1241.189733 -1246.267832 -1237.936513 -2032.175338 -2125.859579 -2131.095163 -2130.669348 -2130.460667 -2130.414737 -2130.406845 -2130.405972 -2130.406241 -2130.406622 -2130.406949 -2130.407208 -2130.407412 -2130.407576 -2130.407710 -2130.407822 -2130.407921 -2130.408012 -2130.408104 -2130.408206 -2130.408330 -2130.408496 -2130.408733 -2130.409086 -2130.409632 -2130.410497 -2130.411900 -2130.414233 -2130.418217 -2130.425226 -2130.437951 -2130.461777 -2130.507766 -2130.599478 -2130.789955 -2131.207709 -2132.191724 -2134.732006 -2142.104193 -2166.697388 -9999.0 -9999.0
-9999.0 -9999.0 125.104700 26.969635 -72.084740 -171.381299 -270.768075 -370.188839 -469.614596 -569.025892 -668.392571 -767.680973 -866.898160 -966.012024 -1065.083364 -1164.141959 -1262.954999 -1361.399985 -1459.204939 -1555.803801 -1650.046602 -1739.827445 -1822.149558 -1894.066818 -1953.828367 -2001.309253 -2037.667406 -2064.714062 -2084.388174 -2098.452229 -2108.369313 -2115.286938 -2120.071121 -2123.357674 -2125.604481 -2127.139434 -2128.209723 -2129.066808 -2130.184309 -2132.426601 -2131.563216 -2057.603670 -1256.472845 -1256.948029 -1246.117301 -1238.867920 -1235.455710 -1234.911982 -1234.851985 -1234.856665 -1234.870614 -1234.885704 -1234.900221 -1234.913674 -1234.926233 -1234.941470 -1234.992043 -1235.323370 -1237.160419 -1241.189733 -1246.267832 -1237.936513 -2032.175338 -2125.859579 -2131.095163 -2130.669348 -2130.460667 -2130.414737 -2130.406845 -2130.405972 -2130.406241 -2130.406622 -2130.406949 -2130.407208 -2130.407412 -2130.407576 -2130.407710 -2130.407822 -2130.407921 -2130.408012 -2130.408104 -2130.408206 -2130.408330 -2130.408496 -2130.408733 -2130.409086 -2130.409632 -2130.410497 -2130.411900 -2130.414233 -2130.418217 -2130.425226 -2130.437951 -2130.461777 -2130.507766 -2130.599478 -2130.789955 -2131.207709 -2132.191724 -2134.732006 -2142.104193 -2166.697388 -9999.0 -9999.0
-9999.0 -9999.0 125.095389 26.967850 -72.085188 -171.381430 -270.768117 -370.188853 -469.614601 -569.025894 -668.392572 -767.680974 -866.898160 -966.012024 -1065.083364 -1164.141959 -1262.954999 -1361.399985 -1459.204938 -1555.803800 -1650.046601 -1739.827445 -1822.149558 -1894.066817 -1953.828367 -2001.309253 -2037.667406 -2064.714062 -2084.388174 -2098.452229 -2108.369313 -2115.286938 -2120.071121 -2123.357674 -2125.604481 -2127.139434 -2128.209723 -2129.066808 -2130.184309 -2132.426602 -2131.563216 -2057.603670 -1256.472845 -1256.948029 -1246.117301 -1238.867920 -1235.455710 -1234.911982 -1234.851985 -1234.856665 -1234.870614 -1234.885704 -1234.900221 -1234.913674 -1234.926233 -1234.941470 -1234.992043 -1235.323370 -1237.160419 -1241.189733 -1246.267832 -1237.936513 -2032.175338 -2125.859579 -2131.095163 -2130.669348 -2130.460667 -2130.414737 -2130.406845 -2130.405972 -2130.406241 -2130.406622 -2130.406949 -2130.407208 -2130.407412 -2130.407576 -2130.407710 -2130.407822 -2130.407921 -2130.408012 -2130.408104 -2130.408206 -2130.408330 -2130.408496 -2130.408733 -2130.409086 -2130.409632 -2130.410497 -2130.411900 -2130.414233 -2130.418217 -2130.425226 -2130.437951 -2130.461777 -2130.507766 -2130.599478 -2130.789955 -2131.207709 -2132.191724 -2134.732006 -2142.104193 -2166.697388 -9999.0 -9999.0
-9999.0 -9999.0 -9999.0 -9999.0 -9999.0 -9999.0 -9999.0 -9999.0 -9999.0 -9999.0 -9999.0 -9999.0 -9999.0 -9999.0 -9999.0 -9999.0 -9999.0 -9999.0 -9999.0 -9999.0 -9999.0 -9999.0 -9999.0 -9999.0 -9999.0 -9999.0 -9999.0 -9999.0 -9999.0 -9999.0 -9999.0 -9999.0 -9999.0 -9999.0 -9999.0 -9999.0 -9999.0 -9999.0 -9999.0 -9999.0 -9999.0 -9999.0 -9999.0 -9999.0 -9999.0 -9999.0 -9999.0 -9999.0 -9999.0 -9999.0 -9999.0 -9999.0 -9999.0 -9999.0 -9999.0 -9999.0 -9999.0 -9999.0 -9999.0 -9999.0 -9999.0 -9999.0 -9999.0 -9999.0 -9999.0 -9999.0 -9999.0 -9999.0 -9999.0 -9999.0 -9999.0 -9999.0 -9999.0 -9999.0 -9999.0 -9999.0 -9999.0 -9999.0 -9999.0 -9999.0 -9999.0 -9999.0 -9999.0 -9999.0 -9999.0 -9999.0 -9999.0 -9999.0 -9999.0 -9999.0 -9999.0 -9999.0 -9999.0 -9999.0 -9999.0 -9999.0 -9999.0 -9999.0 -9999.0 -9999.0 -9999.0 -9999.0 -9999.0 -9999.0
-9999.0 -9999.0 -9999.0 -9999.0 -9999.0 -9999.0 -9999.0 -9999.0 -9999.0 -9999.0 -9999.0 -9999.0 -9999.0 -9999.0 -9999.0 -9999.0 -9999.0 -9999.0 -9999.0 -9999.0 -9999.0 -9999.0 -9999.0 -9999.0 -9999.0 -9999.0 -9999.0 -9999.0 -9999.0 -9999.0 -9999.0 -9999.0 -9999.0 -9999.0 -9999.0 -9999.0 -9999.0 -9999.0 -9999.0 -9999.0 -9999.0 -9999.0 -9999.0 -9999.0 -9999.0 -9999.0 -9999.0 -9999.0 -9999.0 -9999.0 -9999.0 -9999.0 -9999.0 -9999.0 -9999.0 -9999.0 -9999.0 -9999.0 -9999.0 -9999.0 -9999.0 -9999.0 -9999.0 -9999.0 -9999.0 -9999.0 -9999.0 -9999.0 -9999.0 -9999.0 -9999.0 -9999.0 -9999.0 -9999.0 -9999.0 -9999.0 -9999.0 -9999.0 -9999.0 -9999.0 -9999.0 -9999.0 -9999.0 -9999.0 -9999.0 -9999.0 -9999.0 -9999.0 -9999.0 -9999.0 -9999.0 -9999.0 -9999.0 -9999.0 -9999.0 -9999.0 -9999.0 -9999.0 -9999.0 -9999.0 -9999.0 -9999.0 -9999.0 -9999.0