inst/processing_geotop_simulation/geotop_simulation/out/maps3D/PwL0022N0411.asc
ncols         104
nrows         10
xllcorner     -2.000000
yllcorner     0.000000
cellsize      1.000000
NODATA_value  -9999.0
-9999.0 -9999.0 -9999.0 -9999.0 -9999.0 -9999.0 -9999.0 -9999.0 -9999.0 -9999.0 -9999.0 -9999.0 -9999.0 -9999.0 -9999.0 -9999.0 -9999.0 -9999.0 -9999.0 -9999.0 -9999.0 -9999.0 -9999.0 -9999.0 -9999.0 -9999.0 -9999.0 -9999.0 -9999.0 -9999.0 -9999.0 -9999.0 -9999.0 -9999.0 -9999.0 -9999.0 -9999.0 -9999.0 -9999.0 -9999.0 -9999.0 -9999.0 -9999.0 -9999.0 -9999.0 -9999.0 -9999.0 -9999.0 -9999.0 -9999.0 -9999.0 -9999.0 -9999.0 -9999.0 -9999.0 -9999.0 -9999.0 -9999.0 -9999.0 -9999.0 -9999.0 -9999.0 -9999.0 -9999.0 -9999.0 -9999.0 -9999.0 -9999.0 -9999.0 -9999.0 -9999.0 -9999.0 -9999.0 -9999.0 -9999.0 -9999.0 -9999.0 -9999.0 -9999.0 -9999.0 -9999.0 -9999.0 -9999.0 -9999.0 -9999.0 -9999.0 -9999.0 -9999.0 -9999.0 -9999.0 -9999.0 -9999.0 -9999.0 -9999.0 -9999.0 -9999.0 -9999.0 -9999.0 -9999.0 -9999.0 -9999.0 -9999.0 -9999.0 -9999.0
-9999.0 -9999.0 -9999.0 -9999.0 -9999.0 -9999.0 -9999.0 -9999.0 -9999.0 -9999.0 -9999.0 -9999.0 -9999.0 -9999.0 -9999.0 -9999.0 -9999.0 -9999.0 -9999.0 -9999.0 -9999.0 -9999.0 -9999.0 -9999.0 -9999.0 -9999.0 -9999.0 -9999.0 -9999.0 -9999.0 -9999.0 -9999.0 -9999.0 -9999.0 -9999.0 -9999.0 -9999.0 -9999.0 -9999.0 -9999.0 -9999.0 -9999.0 -9999.0 -9999.0 -9999.0 -9999.0 -9999.0 -9999.0 -9999.0 -9999.0 -9999.0 -9999.0 -9999.0 -9999.0 -9999.0 -9999.0 -9999.0 -9999.0 -9999.0 -9999.0 -9999.0 -9999.0 -9999.0 -9999.0 -9999.0 -9999.0 -9999.0 -9999.0 -9999.0 -9999.0 -9999.0 -9999.0 -9999.0 -9999.0 -9999.0 -9999.0 -9999.0 -9999.0 -9999.0 -9999.0 -9999.0 -9999.0 -9999.0 -9999.0 -9999.0 -9999.0 -9999.0 -9999.0 -9999.0 -9999.0 -9999.0 -9999.0 -9999.0 -9999.0 -9999.0 -9999.0 -9999.0 -9999.0 -9999.0 -9999.0 -9999.0 -9999.0 -9999.0 -9999.0
-9999.0 -9999.0 1067.680869 968.538519 869.376046 770.118744 670.804859 571.465338 472.118332 372.774058 273.438326 174.114538 74.804782 -24.487393 -123.759745 -223.009745 -322.221640 -421.365876 -520.385052 -619.171063 -717.525016 -815.952802 -913.988588 -1011.439471 -1108.036448 -1197.061331 -1279.287959 -1352.865532 -1416.446998 -1469.450868 -1512.127271 -1545.414082 -1570.668827 -1589.390742 -1603.011385 -1612.779173 -1619.734160 -1624.791542 -1629.059625 -1634.669577 -1646.124292 -1673.322282 -1649.667283 -2335.648566 -3434.806410 -3399.964879 -2780.539488 -2455.814316 -2283.698787 -2173.122659 -2092.006200 -2021.845597 -1977.700717 -1948.495080 -1920.925001 -1891.500342 -1859.014723 -1823.686192 -1786.510626 -1747.970663 -1697.996516 -1460.492625 -1629.275717 -1638.756959 -1636.946821 -1635.837097 -1635.531353 -1635.467750 -1635.456699 -1635.455409 -1635.455751 -1635.456296 -1635.456807 -1635.457259 -1635.457662 -1635.458029 -1635.458374 -1635.458703 -1635.459024 -1635.459345 -1635.459675 -1635.460023 -1635.460403 -1635.460836 -1635.461352 -1635.461999 -1635.462856 -1635.464054 -1635.465821 -1635.468566 -1635.473044 -1635.480705 -1635.494405 -1635.519945 -1635.569506 -1635.669925 -1635.883982 -1636.368299 -1637.538290 -1640.573497 -1649.133757 -1675.899406 -9999.0 -9999.0
-9999.0 -9999.0 1067.683193 968.539463 869.376369 770.118852 670.804896 571.465351 472.118337 372.774060 273.438327 174.114538 74.804783 -24.487393 -123.759745 -223.009745 -322.221640 -421.365876 -520.385052 -619.171064 -717.525016 -815.952803 -913.988588 -1011.439471 -1108.036449 -1197.061331 -1279.287960 -1352.865532 -1416.446998 -1469.450868 -1512.127271 -1545.414082 -1570.668827 -1589.390742 -1603.011385 -1612.779173 -1619.734160 -1624.791542 -1629.059625 -1634.669577 -1646.124292 -1673.322282 -1649.667283 -2335.648566 -3434.806410 -3399.964878 -2780.539488 -2455.814315 -2283.698787 -2173.122658 -2092.006199 -2021.845596 -1977.700717 -1948.495080 -1920.925000 -1891.500342 -1859.014723 -1823.686192 -1786.510626 -1747.970663 -1697.996516 -1460.492625 -1629.275717 -1638.756959 -1636.946821 -1635.837097 -1635.531353 -1635.467750 -1635.456699 -1635.455409 -1635.455751 -1635.456296 -1635.456807 -1635.457259 -1635.457662 -1635.458029 -1635.458373 -1635.458702 -1635.459024 -1635.459345 -1635.459675 -1635.460023 -1635.460403 -1635.460836 -1635.461352 -1635.461999 -1635.462856 -1635.464054 -1635.465821 -1635.468566 -1635.473044 -1635.480705 -1635.494405 -1635.519945 -1635.569506 -1635.669925 -1635.883982 -1636.368299 -1637.538290 -1640.573497 -1649.133757 -1675.899406 -9999.0 -9999.0
-9999.0 -9999.0 1067.684165 968.539994 869.376597 770.118941 670.804929 571.465363 472.118342 372.774062 273.438328 174.114539 74.804783 -24.487393 -123.759745 -223.009745 -322.221640 -421.365876 -520.385053 -619.171064 -717.525016 -815.952803 -913.988588 -1011.439471 -1108.036449 -1197.061331 -1279.287960 -1352.865532 -1416.446998 -1469.450868 -1512.127271 -1545.414082 -1570.668828 -1589.390742 -1603.011385 -1612.779173 -1619.734160 -1624.791542 -1629.059625 -1634.669577 -1646.124292 -1673.322282 -1649.667283 -2335.648565 -3434.806409 -3399.964878 -2780.539487 -2455.814315 -2283.698787 -2173.122658 -2092.006198 -2021.845596 -1977.700717 -1948.495080 -1920.925000 -1891.500342 -1859.014723 -1823.686191 -1786.510626 -1747.970663 -1697.996516 -1460.492625 -1629.275717 -1638.756959 -1636.946821 -1635.837097 -1635.531353 -1635.467750 -1635.456699 -1635.455409 -1635.455751 -1635.456296 -1635.456807 -1635.457259 -1635.457662 -1635.458029 -1635.458373 -1635.458702 -1635.459024 -1635.459345 -1635.459675 -1635.460023 -1635.460403 -1635.460836 -1635.461352 -1635.461999 -1635.462856 -1635.464054 -1635.465821 -1635.468566 -1635.473044 -1635.480705 -1635.494405 -1635.519945 -1635.569506 -1635.669925 -1635.883982 -1636.368299 -1637.538290 -1640.573497 -1649.133757 -1675.899406 -9999.0 -9999.0
-9999.0 -9999.0 1067.684165 968.539994 869.376597 770.118941 670.804929 571.465363 472.118342 372.774062 273.438328 174.114538 74.804783 -24.487393 -123.759745 -223.009745 -322.221640 -421.365876 -520.385053 -619.171064 -717.525016 -815.952803 -913.988588 -1011.439471 -1108.036449 -1197.061331 -1279.287960 -1352.865532 -1416.446998 -1469.450868 -1512.127271 -1545.414082 -1570.668828 -1589.390742 -1603.011385 -1612.779173 -1619.734160 -1624.791542 -1629.059625 -1634.669577 -1646.124292 -1673.322282 -1649.667283 -2335.648565 -3434.806409 -3399.964878 -2780.539487 -2455.814315 -2283.698787 -2173.122658 -2092.006198 -2021.845596 -1977.700717 -1948.495080 -1920.925000 -1891.500342 -1859.014723 -1823.686192 -1786.510626 -1747.970663 -1697.996516 -1460.492625 -1629.275717 -1638.756959 -1636.946821 -1635.837097 -1635.531353 -1635.467750 -1635.456699 -1635.455409 -1635.455751 -1635.456296 -1635.456807 -1635.457259 -1635.457662 -1635.458029 -1635.458373 -1635.458702 -1635.459024 -1635.459345 -1635.459675 -1635.460023 -1635.460403 -1635.460836 -1635.461352 -1635.461999 -1635.462856 -1635.464054 -1635.465821 -1635.468566 -1635.473044 -1635.480705 -1635.494405 -1635.519945 -1635.569506 -1635.669925 -1635.883982 -1636.368299 -1637.538290 -1640.573497 -1649.133757 -1675.899406 -9999.0 -9999.0
-9999.0 -9999.0 1067.683193 968.539463 869.376369 770.118852 670.804896 571.465351 472.118337 372.774061 273.438327 174.114538 74.804782 -24.487393 -123.759745 -223.009745 -322.221640 -421.365876 -520.385052 -619.171064 -717.525016 -815.952802 -913.988588 -1011.439471 -1108.036449 -1197.061331 -1279.287960 -1352.865532 -1416.446998 -1469.450868 -1512.127271 -1545.414082 -1570.668827 -1589.390742 -1603.011385 -1612.779173 -1619.734160 -1624.791542 -1629.059625 -1634.669577 -1646.124292 -1673.322282 -1649.667283 -2335.648566 -3434.806410 -3399.964878 -2780.539488 -2455.814315 -2283.698787 -2173.122658 -2092.006199 -2021.845596 -1977.700717 -1948.495080 -1920.925001 -1891.500342 -1859.014723 -1823.686192 -1786.510626 -1747.970663 -1697.996516 -1460.492625 -1629.275717 -1638.756959 -1636.946821 -1635.837097 -1635.531353 -1635.467750 -1635.456699 -1635.455409 -1635.455751 -1635.456296 -1635.456807 -1635.457259 -1635.457662 -1635.458029 -1635.458373 -1635.458702 -1635.459024 -1635.459345 -1635.459675 -1635.460023 -1635.460403 -1635.460836 -1635.461352 -1635.461999 -1635.462856 -1635.464054 -1635.465821 -1635.468566 -1635.473044 -1635.480705 -1635.494405 -1635.519945 -1635.569506 -1635.669925 -1635.883982 -1636.368299 -1637.538290 -1640.573497 -1649.133757 -1675.899406 -9999.0 -9999.0
-9999.0 -9999.0 1067.680869 968.538519 869.376046 770.118744 670.804859 571.465338 472.118332 372.774058 273.438326 174.114537 74.804782 -24.487393 -123.759745 -223.009745 -322.221640 -421.365876 -520.385052 -619.171063 -717.525016 -815.952802 -913.988588 -1011.439471 -1108.036448 -1197.061331 -1279.287959 -1352.865532 -1416.446998 -1469.450868 -1512.127271 -1545.414082 -1570.668827 -1589.390742 -1603.011385 -1612.779173 -1619.734160 -1624.791542 -1629.059625 -1634.669577 -1646.124292 -1673.322282 -1649.667283 -2335.648566 -3434.806410 -3399.964879 -2780.539488 -2455.814316 -2283.698787 -2173.122659 -2092.006200 -2021.845597 -1977.700717 -1948.495080 -1920.925001 -1891.500342 -1859.014723 -1823.686192 -1786.510626 -1747.970663 -1697.996516 -1460.492625 -1629.275717 -1638.756959 -1636.946821 -1635.837097 -1635.531353 -1635.467750 -1635.456699 -1635.455409 -1635.455751 -1635.456296 -1635.456807 -1635.457259 -1635.457662 -1635.458029 -1635.458374 -1635.458703 -1635.459024 -1635.459345 -1635.459675 -1635.460023 -1635.460403 -1635.460836 -1635.461352 -1635.461999 -1635.462856 -1635.464054 -1635.465821 -1635.468566 -1635.473044 -1635.480705 -1635.494405 -1635.519945 -1635.569506 -1635.669925 -1635.883982 -1636.368299 -1637.538290 -1640.573497 -1649.133757 -1675.899406 -9999.0 -9999.0
-9999.0 -9999.0 -9999.0 -9999.0 -9999.0 -9999.0 -9999.0 -9999.0 -9999.0 -9999.0 -9999.0 -9999.0 -9999.0 -9999.0 -9999.0 -9999.0 -9999.0 -9999.0 -9999.0 -9999.0 -9999.0 -9999.0 -9999.0 -9999.0 -9999.0 -9999.0 -9999.0 -9999.0 -9999.0 -9999.0 -9999.0 -9999.0 -9999.0 -9999.0 -9999.0 -9999.0 -9999.0 -9999.0 -9999.0 -9999.0 -9999.0 -9999.0 -9999.0 -9999.0 -9999.0 -9999.0 -9999.0 -9999.0 -9999.0 -9999.0 -9999.0 -9999.0 -9999.0 -9999.0 -9999.0 -9999.0 -9999.0 -9999.0 -9999.0 -9999.0 -9999.0 -9999.0 -9999.0 -9999.0 -9999.0 -9999.0 -9999.0 -9999.0 -9999.0 -9999.0 -9999.0 -9999.0 -9999.0 -9999.0 -9999.0 -9999.0 -9999.0 -9999.0 -9999.0 -9999.0 -9999.0 -9999.0 -9999.0 -9999.0 -9999.0 -9999.0 -9999.0 -9999.0 -9999.0 -9999.0 -9999.0 -9999.0 -9999.0 -9999.0 -9999.0 -9999.0 -9999.0 -9999.0 -9999.0 -9999.0 -9999.0 -9999.0 -9999.0 -9999.0
-9999.0 -9999.0 -9999.0 -9999.0 -9999.0 -9999.0 -9999.0 -9999.0 -9999.0 -9999.0 -9999.0 -9999.0 -9999.0 -9999.0 -9999.0 -9999.0 -9999.0 -9999.0 -9999.0 -9999.0 -9999.0 -9999.0 -9999.0 -9999.0 -9999.0 -9999.0 -9999.0 -9999.0 -9999.0 -9999.0 -9999.0 -9999.0 -9999.0 -9999.0 -9999.0 -9999.0 -9999.0 -9999.0 -9999.0 -9999.0 -9999.0 -9999.0 -9999.0 -9999.0 -9999.0 -9999.0 -9999.0 -9999.0 -9999.0 -9999.0 -9999.0 -9999.0 -9999.0 -9999.0 -9999.0 -9999.0 -9999.0 -9999.0 -9999.0 -9999.0 -9999.0 -9999.0 -9999.0 -9999.0 -9999.0 -9999.0 -9999.0 -9999.0 -9999.0 -9999.0 -9999.0 -9999.0 -9999.0 -9999.0 -9999.0 -9999.0 -9999.0 -9999.0 -9999.0 -9999.0 -9999.0 -9999.0 -9999.0 -9999.0 -9999.0 -9999.0 -9999.0 -9999.0 -9999.0 -9999.0 -9999.0 -9999.0 -9999.0 -9999.0 -9999.0 -9999.0 -9999.0 -9999.0 -9999.0 -9999.0 -9999.0 -9999.0 -9999.0 -9999.0