inst/processing_geotop_simulation/geotop_simulation/out/maps3D/PwL0020N0295.asc
ncols         104
nrows         10
xllcorner     -2.000000
yllcorner     0.000000
cellsize      1.000000
NODATA_value  -9999.0
-9999.0 -9999.0 -9999.0 -9999.0 -9999.0 -9999.0 -9999.0 -9999.0 -9999.0 -9999.0 -9999.0 -9999.0 -9999.0 -9999.0 -9999.0 -9999.0 -9999.0 -9999.0 -9999.0 -9999.0 -9999.0 -9999.0 -9999.0 -9999.0 -9999.0 -9999.0 -9999.0 -9999.0 -9999.0 -9999.0 -9999.0 -9999.0 -9999.0 -9999.0 -9999.0 -9999.0 -9999.0 -9999.0 -9999.0 -9999.0 -9999.0 -9999.0 -9999.0 -9999.0 -9999.0 -9999.0 -9999.0 -9999.0 -9999.0 -9999.0 -9999.0 -9999.0 -9999.0 -9999.0 -9999.0 -9999.0 -9999.0 -9999.0 -9999.0 -9999.0 -9999.0 -9999.0 -9999.0 -9999.0 -9999.0 -9999.0 -9999.0 -9999.0 -9999.0 -9999.0 -9999.0 -9999.0 -9999.0 -9999.0 -9999.0 -9999.0 -9999.0 -9999.0 -9999.0 -9999.0 -9999.0 -9999.0 -9999.0 -9999.0 -9999.0 -9999.0 -9999.0 -9999.0 -9999.0 -9999.0 -9999.0 -9999.0 -9999.0 -9999.0 -9999.0 -9999.0 -9999.0 -9999.0 -9999.0 -9999.0 -9999.0 -9999.0 -9999.0 -9999.0
-9999.0 -9999.0 -9999.0 -9999.0 -9999.0 -9999.0 -9999.0 -9999.0 -9999.0 -9999.0 -9999.0 -9999.0 -9999.0 -9999.0 -9999.0 -9999.0 -9999.0 -9999.0 -9999.0 -9999.0 -9999.0 -9999.0 -9999.0 -9999.0 -9999.0 -9999.0 -9999.0 -9999.0 -9999.0 -9999.0 -9999.0 -9999.0 -9999.0 -9999.0 -9999.0 -9999.0 -9999.0 -9999.0 -9999.0 -9999.0 -9999.0 -9999.0 -9999.0 -9999.0 -9999.0 -9999.0 -9999.0 -9999.0 -9999.0 -9999.0 -9999.0 -9999.0 -9999.0 -9999.0 -9999.0 -9999.0 -9999.0 -9999.0 -9999.0 -9999.0 -9999.0 -9999.0 -9999.0 -9999.0 -9999.0 -9999.0 -9999.0 -9999.0 -9999.0 -9999.0 -9999.0 -9999.0 -9999.0 -9999.0 -9999.0 -9999.0 -9999.0 -9999.0 -9999.0 -9999.0 -9999.0 -9999.0 -9999.0 -9999.0 -9999.0 -9999.0 -9999.0 -9999.0 -9999.0 -9999.0 -9999.0 -9999.0 -9999.0 -9999.0 -9999.0 -9999.0 -9999.0 -9999.0 -9999.0 -9999.0 -9999.0 -9999.0 -9999.0 -9999.0
-9999.0 -9999.0 971.061996 872.740605 774.301462 675.656654 576.897472 478.086975 379.260413 280.437168 181.628101 82.839465 -15.922052 -114.650596 -213.338159 -311.949606 -410.414898 -508.601169 -606.276246 -703.056619 -800.141171 -896.578340 -992.119143 -1086.473783 -1169.494195 -1243.542170 -1307.049104 -1359.378400 -1400.874816 -1432.659260 -1456.289036 -1473.428583 -1485.617892 -1494.154714 -1500.064829 -1504.125790 -1506.922395 -1508.955397 -1510.970590 -1515.085888 -1528.142746 -1574.837579 -1802.333992 -3803.745746 -3984.971495 -3984.957852 -3979.997633 -3936.668531 -3802.233677 -3583.692814 -3336.805006 -3082.986174 -2919.040590 -2812.893877 -2715.400248 -2615.136616 -2509.204324 -2399.337446 -2289.221944 -2181.581917 -2058.672939 -1525.418275 -1532.417995 -1519.811480 -1514.539274 -1513.152965 -1512.876136 -1512.828666 -1512.821513 -1512.820985 -1512.821461 -1512.821998 -1512.822450 -1512.822811 -1512.823100 -1512.823337 -1512.823535 -1512.823706 -1512.823858 -1512.824000 -1512.824143 -1512.824298 -1512.824482 -1512.824718 -1512.825043 -1512.825514 -1512.826226 -1512.827336 -1512.829114 -1512.832042 -1512.837004 -1512.845680 -1512.861352 -1512.890588 -1512.946888 -1513.059080 -1513.292331 -1513.804530 -1515.003958 -1518.014152 -1526.231538 -1551.668393 -9999.0 -9999.0
-9999.0 -9999.0 971.064928 872.741739 774.301837 675.656777 576.897514 478.086990 379.260418 280.437170 181.628102 82.839465 -15.922052 -114.650596 -213.338159 -311.949606 -410.414898 -508.601170 -606.276246 -703.056619 -800.141171 -896.578340 -992.119143 -1086.473783 -1169.494195 -1243.542170 -1307.049104 -1359.378400 -1400.874816 -1432.659260 -1456.289037 -1473.428583 -1485.617892 -1494.154714 -1500.064829 -1504.125790 -1506.922395 -1508.955397 -1510.970590 -1515.085888 -1528.142746 -1574.837579 -1802.333992 -3803.745745 -3984.971495 -3984.957852 -3979.997633 -3936.668531 -3802.233676 -3583.692812 -3336.805002 -3082.986173 -2919.040590 -2812.893877 -2715.400247 -2615.136616 -2509.204323 -2399.337446 -2289.221944 -2181.581917 -2058.672939 -1525.418276 -1532.417995 -1519.811480 -1514.539274 -1513.152965 -1512.876136 -1512.828666 -1512.821513 -1512.820985 -1512.821461 -1512.821998 -1512.822450 -1512.822811 -1512.823100 -1512.823337 -1512.823535 -1512.823706 -1512.823858 -1512.824000 -1512.824143 -1512.824298 -1512.824482 -1512.824718 -1512.825043 -1512.825514 -1512.826226 -1512.827336 -1512.829114 -1512.832042 -1512.837004 -1512.845680 -1512.861352 -1512.890588 -1512.946888 -1513.059080 -1513.292331 -1513.804530 -1515.003958 -1518.014152 -1526.231538 -1551.668393 -9999.0 -9999.0
-9999.0 -9999.0 971.066071 872.742355 774.302098 675.656877 576.897551 478.087003 379.260423 280.437172 181.628103 82.839466 -15.922052 -114.650596 -213.338159 -311.949606 -410.414898 -508.601170 -606.276246 -703.056619 -800.141171 -896.578341 -992.119143 -1086.473783 -1169.494195 -1243.542170 -1307.049104 -1359.378400 -1400.874816 -1432.659260 -1456.289037 -1473.428583 -1485.617892 -1494.154714 -1500.064829 -1504.125790 -1506.922395 -1508.955397 -1510.970590 -1515.085888 -1528.142746 -1574.837579 -1802.333992 -3803.745745 -3984.971495 -3984.957852 -3979.997633 -3936.668531 -3802.233676 -3583.692811 -3336.805000 -3082.986172 -2919.040590 -2812.893877 -2715.400247 -2615.136615 -2509.204323 -2399.337446 -2289.221944 -2181.581917 -2058.672938 -1525.418275 -1532.417995 -1519.811480 -1514.539274 -1513.152965 -1512.876136 -1512.828666 -1512.821513 -1512.820985 -1512.821461 -1512.821998 -1512.822450 -1512.822811 -1512.823100 -1512.823337 -1512.823535 -1512.823706 -1512.823858 -1512.824000 -1512.824143 -1512.824298 -1512.824482 -1512.824718 -1512.825043 -1512.825514 -1512.826226 -1512.827336 -1512.829114 -1512.832042 -1512.837004 -1512.845680 -1512.861352 -1512.890588 -1512.946888 -1513.059080 -1513.292331 -1513.804530 -1515.003958 -1518.014152 -1526.231538 -1551.668393 -9999.0 -9999.0
-9999.0 -9999.0 971.066071 872.742355 774.302098 675.656877 576.897551 478.087003 379.260423 280.437172 181.628103 82.839466 -15.922052 -114.650596 -213.338159 -311.949606 -410.414898 -508.601170 -606.276246 -703.056619 -800.141171 -896.578341 -992.119143 -1086.473783 -1169.494195 -1243.542170 -1307.049104 -1359.378400 -1400.874816 -1432.659260 -1456.289037 -1473.428583 -1485.617892 -1494.154714 -1500.064829 -1504.125790 -1506.922395 -1508.955397 -1510.970590 -1515.085888 -1528.142746 -1574.837579 -1802.333992 -3803.745745 -3984.971495 -3984.957852 -3979.997633 -3936.668531 -3802.233676 -3583.692811 -3336.805001 -3082.986172 -2919.040590 -2812.893877 -2715.400247 -2615.136615 -2509.204323 -2399.337446 -2289.221943 -2181.581917 -2058.672938 -1525.418275 -1532.417995 -1519.811480 -1514.539274 -1513.152965 -1512.876136 -1512.828666 -1512.821513 -1512.820985 -1512.821461 -1512.821998 -1512.822450 -1512.822811 -1512.823100 -1512.823337 -1512.823535 -1512.823706 -1512.823858 -1512.824000 -1512.824143 -1512.824298 -1512.824482 -1512.824718 -1512.825043 -1512.825514 -1512.826226 -1512.827336 -1512.829114 -1512.832042 -1512.837004 -1512.845680 -1512.861352 -1512.890588 -1512.946888 -1513.059080 -1513.292331 -1513.804530 -1515.003958 -1518.014152 -1526.231538 -1551.668393 -9999.0 -9999.0
-9999.0 -9999.0 971.064928 872.741739 774.301837 675.656777 576.897514 478.086990 379.260418 280.437170 181.628102 82.839465 -15.922052 -114.650596 -213.338159 -311.949606 -410.414898 -508.601170 -606.276246 -703.056619 -800.141171 -896.578340 -992.119143 -1086.473783 -1169.494195 -1243.542170 -1307.049104 -1359.378400 -1400.874816 -1432.659260 -1456.289037 -1473.428583 -1485.617892 -1494.154714 -1500.064829 -1504.125790 -1506.922395 -1508.955397 -1510.970590 -1515.085888 -1528.142746 -1574.837579 -1802.333992 -3803.745745 -3984.971495 -3984.957852 -3979.997633 -3936.668531 -3802.233676 -3583.692812 -3336.805002 -3082.986173 -2919.040590 -2812.893877 -2715.400247 -2615.136615 -2509.204323 -2399.337446 -2289.221944 -2181.581917 -2058.672939 -1525.418275 -1532.417995 -1519.811480 -1514.539274 -1513.152965 -1512.876136 -1512.828666 -1512.821513 -1512.820985 -1512.821461 -1512.821998 -1512.822450 -1512.822811 -1512.823100 -1512.823337 -1512.823535 -1512.823706 -1512.823858 -1512.824000 -1512.824143 -1512.824298 -1512.824482 -1512.824718 -1512.825043 -1512.825514 -1512.826226 -1512.827336 -1512.829114 -1512.832042 -1512.837004 -1512.845680 -1512.861352 -1512.890588 -1512.946888 -1513.059080 -1513.292331 -1513.804530 -1515.003958 -1518.014152 -1526.231538 -1551.668393 -9999.0 -9999.0
-9999.0 -9999.0 971.061996 872.740605 774.301462 675.656654 576.897472 478.086975 379.260413 280.437168 181.628101 82.839465 -15.922052 -114.650596 -213.338159 -311.949606 -410.414898 -508.601169 -606.276246 -703.056619 -800.141171 -896.578340 -992.119143 -1086.473783 -1169.494194 -1243.542170 -1307.049104 -1359.378400 -1400.874816 -1432.659260 -1456.289036 -1473.428583 -1485.617892 -1494.154714 -1500.064829 -1504.125790 -1506.922395 -1508.955397 -1510.970590 -1515.085888 -1528.142746 -1574.837579 -1802.333992 -3803.745746 -3984.971495 -3984.957852 -3979.997633 -3936.668531 -3802.233677 -3583.692815 -3336.805006 -3082.986174 -2919.040590 -2812.893877 -2715.400247 -2615.136616 -2509.204324 -2399.337446 -2289.221944 -2181.581918 -2058.672939 -1525.418275 -1532.417995 -1519.811480 -1514.539274 -1513.152965 -1512.876136 -1512.828666 -1512.821513 -1512.820985 -1512.821461 -1512.821998 -1512.822450 -1512.822811 -1512.823100 -1512.823337 -1512.823535 -1512.823706 -1512.823858 -1512.824000 -1512.824143 -1512.824298 -1512.824482 -1512.824718 -1512.825043 -1512.825514 -1512.826226 -1512.827336 -1512.829114 -1512.832042 -1512.837004 -1512.845680 -1512.861352 -1512.890588 -1512.946888 -1513.059080 -1513.292331 -1513.804530 -1515.003958 -1518.014152 -1526.231538 -1551.668393 -9999.0 -9999.0
-9999.0 -9999.0 -9999.0 -9999.0 -9999.0 -9999.0 -9999.0 -9999.0 -9999.0 -9999.0 -9999.0 -9999.0 -9999.0 -9999.0 -9999.0 -9999.0 -9999.0 -9999.0 -9999.0 -9999.0 -9999.0 -9999.0 -9999.0 -9999.0 -9999.0 -9999.0 -9999.0 -9999.0 -9999.0 -9999.0 -9999.0 -9999.0 -9999.0 -9999.0 -9999.0 -9999.0 -9999.0 -9999.0 -9999.0 -9999.0 -9999.0 -9999.0 -9999.0 -9999.0 -9999.0 -9999.0 -9999.0 -9999.0 -9999.0 -9999.0 -9999.0 -9999.0 -9999.0 -9999.0 -9999.0 -9999.0 -9999.0 -9999.0 -9999.0 -9999.0 -9999.0 -9999.0 -9999.0 -9999.0 -9999.0 -9999.0 -9999.0 -9999.0 -9999.0 -9999.0 -9999.0 -9999.0 -9999.0 -9999.0 -9999.0 -9999.0 -9999.0 -9999.0 -9999.0 -9999.0 -9999.0 -9999.0 -9999.0 -9999.0 -9999.0 -9999.0 -9999.0 -9999.0 -9999.0 -9999.0 -9999.0 -9999.0 -9999.0 -9999.0 -9999.0 -9999.0 -9999.0 -9999.0 -9999.0 -9999.0 -9999.0 -9999.0 -9999.0 -9999.0
-9999.0 -9999.0 -9999.0 -9999.0 -9999.0 -9999.0 -9999.0 -9999.0 -9999.0 -9999.0 -9999.0 -9999.0 -9999.0 -9999.0 -9999.0 -9999.0 -9999.0 -9999.0 -9999.0 -9999.0 -9999.0 -9999.0 -9999.0 -9999.0 -9999.0 -9999.0 -9999.0 -9999.0 -9999.0 -9999.0 -9999.0 -9999.0 -9999.0 -9999.0 -9999.0 -9999.0 -9999.0 -9999.0 -9999.0 -9999.0 -9999.0 -9999.0 -9999.0 -9999.0 -9999.0 -9999.0 -9999.0 -9999.0 -9999.0 -9999.0 -9999.0 -9999.0 -9999.0 -9999.0 -9999.0 -9999.0 -9999.0 -9999.0 -9999.0 -9999.0 -9999.0 -9999.0 -9999.0 -9999.0 -9999.0 -9999.0 -9999.0 -9999.0 -9999.0 -9999.0 -9999.0 -9999.0 -9999.0 -9999.0 -9999.0 -9999.0 -9999.0 -9999.0 -9999.0 -9999.0 -9999.0 -9999.0 -9999.0 -9999.0 -9999.0 -9999.0 -9999.0 -9999.0 -9999.0 -9999.0 -9999.0 -9999.0 -9999.0 -9999.0 -9999.0 -9999.0 -9999.0 -9999.0 -9999.0 -9999.0 -9999.0 -9999.0 -9999.0 -9999.0