inst/processing_geotop_simulation/geotop_simulation/out/maps3D/PwL0021N0135.asc
ncols         104
nrows         10
xllcorner     -2.000000
yllcorner     0.000000
cellsize      1.000000
NODATA_value  -9999.0
-9999.0 -9999.0 -9999.0 -9999.0 -9999.0 -9999.0 -9999.0 -9999.0 -9999.0 -9999.0 -9999.0 -9999.0 -9999.0 -9999.0 -9999.0 -9999.0 -9999.0 -9999.0 -9999.0 -9999.0 -9999.0 -9999.0 -9999.0 -9999.0 -9999.0 -9999.0 -9999.0 -9999.0 -9999.0 -9999.0 -9999.0 -9999.0 -9999.0 -9999.0 -9999.0 -9999.0 -9999.0 -9999.0 -9999.0 -9999.0 -9999.0 -9999.0 -9999.0 -9999.0 -9999.0 -9999.0 -9999.0 -9999.0 -9999.0 -9999.0 -9999.0 -9999.0 -9999.0 -9999.0 -9999.0 -9999.0 -9999.0 -9999.0 -9999.0 -9999.0 -9999.0 -9999.0 -9999.0 -9999.0 -9999.0 -9999.0 -9999.0 -9999.0 -9999.0 -9999.0 -9999.0 -9999.0 -9999.0 -9999.0 -9999.0 -9999.0 -9999.0 -9999.0 -9999.0 -9999.0 -9999.0 -9999.0 -9999.0 -9999.0 -9999.0 -9999.0 -9999.0 -9999.0 -9999.0 -9999.0 -9999.0 -9999.0 -9999.0 -9999.0 -9999.0 -9999.0 -9999.0 -9999.0 -9999.0 -9999.0 -9999.0 -9999.0 -9999.0 -9999.0
-9999.0 -9999.0 -9999.0 -9999.0 -9999.0 -9999.0 -9999.0 -9999.0 -9999.0 -9999.0 -9999.0 -9999.0 -9999.0 -9999.0 -9999.0 -9999.0 -9999.0 -9999.0 -9999.0 -9999.0 -9999.0 -9999.0 -9999.0 -9999.0 -9999.0 -9999.0 -9999.0 -9999.0 -9999.0 -9999.0 -9999.0 -9999.0 -9999.0 -9999.0 -9999.0 -9999.0 -9999.0 -9999.0 -9999.0 -9999.0 -9999.0 -9999.0 -9999.0 -9999.0 -9999.0 -9999.0 -9999.0 -9999.0 -9999.0 -9999.0 -9999.0 -9999.0 -9999.0 -9999.0 -9999.0 -9999.0 -9999.0 -9999.0 -9999.0 -9999.0 -9999.0 -9999.0 -9999.0 -9999.0 -9999.0 -9999.0 -9999.0 -9999.0 -9999.0 -9999.0 -9999.0 -9999.0 -9999.0 -9999.0 -9999.0 -9999.0 -9999.0 -9999.0 -9999.0 -9999.0 -9999.0 -9999.0 -9999.0 -9999.0 -9999.0 -9999.0 -9999.0 -9999.0 -9999.0 -9999.0 -9999.0 -9999.0 -9999.0 -9999.0 -9999.0 -9999.0 -9999.0 -9999.0 -9999.0 -9999.0 -9999.0 -9999.0 -9999.0 -9999.0
-9999.0 -9999.0 1037.757881 944.028027 850.038025 755.326273 660.193173 564.865921 469.475026 374.092897 278.759906 183.498652 88.321548 -6.757150 -101.713793 -196.531388 -291.136505 -385.422929 -479.099405 -571.518959 -662.485277 -752.480246 -840.648145 -926.507471 -999.978353 -1052.806509 -1092.262607 -1120.124649 -1138.876361 -1151.004227 -1158.602599 -1163.247268 -1166.034774 -1167.687096 -1168.660249 -1169.236419 -1169.594832 -1169.879732 -1170.395551 -1172.792046 -1186.532835 -1274.856153 -1789.594244 -3813.720287 -3935.594387 -3935.586823 -3932.952878 -3900.705427 -3771.849780 -3528.675016 -3236.349270 -2931.182090 -2735.864373 -2611.107886 -2498.079312 -2384.075110 -2266.636585 -2148.306434 -2032.853785 -1922.458313 -1809.281202 -1402.653389 -1236.676099 -1180.557740 -1171.731145 -1170.516017 -1170.350441 -1170.326197 -1170.323295 -1170.323995 -1170.325149 -1170.326159 -1170.326948 -1170.327552 -1170.328016 -1170.328377 -1170.328665 -1170.328898 -1170.329093 -1170.329266 -1170.329435 -1170.329622 -1170.329854 -1170.330174 -1170.330645 -1170.331367 -1170.332499 -1170.334309 -1170.337247 -1170.342099 -1170.350288 -1170.364472 -1170.389773 -1170.436297 -1170.524330 -1170.695425 -1171.038194 -1171.756398 -1173.365791 -1177.260745 -1187.273890 -1214.723959 -9999.0 -9999.0
-9999.0 -9999.0 1037.761014 944.029277 850.038447 755.326413 660.193220 564.865938 469.475032 374.092899 278.759906 183.498652 88.321548 -6.757150 -101.713794 -196.531388 -291.136506 -385.422930 -479.099406 -571.518960 -662.485277 -752.480246 -840.648145 -926.507471 -999.978354 -1052.806509 -1092.262607 -1120.124649 -1138.876361 -1151.004227 -1158.602599 -1163.247268 -1166.034774 -1167.687096 -1168.660249 -1169.236419 -1169.594832 -1169.879732 -1170.395551 -1172.792046 -1186.532835 -1274.856153 -1789.594243 -3813.720286 -3935.594387 -3935.586823 -3932.952878 -3900.705427 -3771.849780 -3528.675014 -3236.349266 -2931.182088 -2735.864372 -2611.107886 -2498.079311 -2384.075110 -2266.636584 -2148.306434 -2032.853785 -1922.458313 -1809.281202 -1402.653389 -1236.676099 -1180.557740 -1171.731145 -1170.516017 -1170.350441 -1170.326197 -1170.323295 -1170.323995 -1170.325149 -1170.326159 -1170.326948 -1170.327552 -1170.328016 -1170.328377 -1170.328665 -1170.328898 -1170.329093 -1170.329266 -1170.329435 -1170.329622 -1170.329854 -1170.330174 -1170.330645 -1170.331367 -1170.332499 -1170.334309 -1170.337247 -1170.342099 -1170.350288 -1170.364472 -1170.389773 -1170.436297 -1170.524330 -1170.695425 -1171.038194 -1171.756398 -1173.365791 -1177.260745 -1187.273890 -1214.723959 -9999.0 -9999.0
-9999.0 -9999.0 1037.762280 944.029966 850.038742 755.326527 660.193262 564.865953 469.475037 374.092901 278.759907 183.498652 88.321548 -6.757150 -101.713794 -196.531389 -291.136506 -385.422930 -479.099406 -571.518960 -662.485278 -752.480246 -840.648145 -926.507472 -999.978354 -1052.806510 -1092.262607 -1120.124649 -1138.876361 -1151.004227 -1158.602599 -1163.247268 -1166.034774 -1167.687096 -1168.660249 -1169.236419 -1169.594832 -1169.879732 -1170.395551 -1172.792046 -1186.532835 -1274.856153 -1789.594243 -3813.720286 -3935.594387 -3935.586823 -3932.952878 -3900.705427 -3771.849779 -3528.675012 -3236.349263 -2931.182087 -2735.864372 -2611.107885 -2498.079311 -2384.075109 -2266.636584 -2148.306434 -2032.853785 -1922.458313 -1809.281201 -1402.653389 -1236.676099 -1180.557740 -1171.731145 -1170.516017 -1170.350441 -1170.326197 -1170.323295 -1170.323995 -1170.325149 -1170.326159 -1170.326948 -1170.327552 -1170.328016 -1170.328377 -1170.328665 -1170.328898 -1170.329093 -1170.329266 -1170.329435 -1170.329622 -1170.329854 -1170.330174 -1170.330645 -1170.331367 -1170.332499 -1170.334309 -1170.337247 -1170.342099 -1170.350288 -1170.364472 -1170.389773 -1170.436297 -1170.524330 -1170.695425 -1171.038194 -1171.756398 -1173.365791 -1177.260745 -1187.273890 -1214.723959 -9999.0 -9999.0
-9999.0 -9999.0 1037.762280 944.029966 850.038742 755.326527 660.193262 564.865953 469.475037 374.092901 278.759907 183.498652 88.321548 -6.757150 -101.713794 -196.531388 -291.136506 -385.422930 -479.099406 -571.518960 -662.485278 -752.480246 -840.648145 -926.507472 -999.978354 -1052.806510 -1092.262607 -1120.124649 -1138.876361 -1151.004227 -1158.602599 -1163.247268 -1166.034774 -1167.687096 -1168.660249 -1169.236419 -1169.594832 -1169.879732 -1170.395551 -1172.792046 -1186.532835 -1274.856153 -1789.594243 -3813.720286 -3935.594387 -3935.586823 -3932.952878 -3900.705427 -3771.849780 -3528.675013 -3236.349264 -2931.182087 -2735.864372 -2611.107886 -2498.079311 -2384.075110 -2266.636584 -2148.306434 -2032.853785 -1922.458313 -1809.281201 -1402.653389 -1236.676099 -1180.557740 -1171.731145 -1170.516017 -1170.350441 -1170.326197 -1170.323295 -1170.323995 -1170.325149 -1170.326159 -1170.326948 -1170.327552 -1170.328016 -1170.328377 -1170.328665 -1170.328898 -1170.329093 -1170.329266 -1170.329435 -1170.329622 -1170.329854 -1170.330174 -1170.330645 -1170.331367 -1170.332499 -1170.334309 -1170.337247 -1170.342099 -1170.350288 -1170.364472 -1170.389773 -1170.436297 -1170.524330 -1170.695425 -1171.038194 -1171.756398 -1173.365791 -1177.260745 -1187.273890 -1214.723959 -9999.0 -9999.0
-9999.0 -9999.0 1037.761014 944.029276 850.038447 755.326413 660.193220 564.865937 469.475032 374.092899 278.759906 183.498652 88.321548 -6.757150 -101.713794 -196.531388 -291.136505 -385.422930 -479.099406 -571.518960 -662.485277 -752.480246 -840.648145 -926.507471 -999.978354 -1052.806509 -1092.262607 -1120.124649 -1138.876361 -1151.004227 -1158.602599 -1163.247268 -1166.034774 -1167.687096 -1168.660249 -1169.236419 -1169.594832 -1169.879732 -1170.395551 -1172.792046 -1186.532835 -1274.856153 -1789.594243 -3813.720286 -3935.594387 -3935.586823 -3932.952878 -3900.705427 -3771.849780 -3528.675013 -3236.349265 -2931.182088 -2735.864372 -2611.107886 -2498.079311 -2384.075110 -2266.636584 -2148.306434 -2032.853785 -1922.458313 -1809.281202 -1402.653389 -1236.676099 -1180.557740 -1171.731145 -1170.516017 -1170.350441 -1170.326197 -1170.323295 -1170.323995 -1170.325149 -1170.326159 -1170.326948 -1170.327552 -1170.328016 -1170.328377 -1170.328665 -1170.328898 -1170.329093 -1170.329266 -1170.329435 -1170.329622 -1170.329854 -1170.330174 -1170.330645 -1170.331367 -1170.332499 -1170.334309 -1170.337247 -1170.342099 -1170.350288 -1170.364472 -1170.389773 -1170.436297 -1170.524330 -1170.695425 -1171.038194 -1171.756398 -1173.365791 -1177.260745 -1187.273890 -1214.723959 -9999.0 -9999.0
-9999.0 -9999.0 1037.757881 944.028027 850.038025 755.326273 660.193173 564.865921 469.475026 374.092897 278.759906 183.498652 88.321548 -6.757149 -101.713793 -196.531388 -291.136505 -385.422929 -479.099406 -571.518959 -662.485277 -752.480246 -840.648145 -926.507471 -999.978353 -1052.806509 -1092.262607 -1120.124649 -1138.876361 -1151.004227 -1158.602599 -1163.247268 -1166.034774 -1167.687096 -1168.660249 -1169.236419 -1169.594832 -1169.879732 -1170.395551 -1172.792046 -1186.532835 -1274.856153 -1789.594244 -3813.720287 -3935.594387 -3935.586823 -3932.952878 -3900.705427 -3771.849780 -3528.675017 -3236.349270 -2931.182090 -2735.864373 -2611.107886 -2498.079311 -2384.075111 -2266.636585 -2148.306435 -2032.853785 -1922.458314 -1809.281202 -1402.653389 -1236.676099 -1180.557740 -1171.731145 -1170.516017 -1170.350441 -1170.326197 -1170.323295 -1170.323995 -1170.325149 -1170.326159 -1170.326948 -1170.327552 -1170.328016 -1170.328377 -1170.328665 -1170.328898 -1170.329093 -1170.329266 -1170.329435 -1170.329622 -1170.329854 -1170.330174 -1170.330645 -1170.331367 -1170.332499 -1170.334309 -1170.337247 -1170.342099 -1170.350288 -1170.364472 -1170.389773 -1170.436297 -1170.524330 -1170.695425 -1171.038194 -1171.756398 -1173.365791 -1177.260745 -1187.273890 -1214.723959 -9999.0 -9999.0
-9999.0 -9999.0 -9999.0 -9999.0 -9999.0 -9999.0 -9999.0 -9999.0 -9999.0 -9999.0 -9999.0 -9999.0 -9999.0 -9999.0 -9999.0 -9999.0 -9999.0 -9999.0 -9999.0 -9999.0 -9999.0 -9999.0 -9999.0 -9999.0 -9999.0 -9999.0 -9999.0 -9999.0 -9999.0 -9999.0 -9999.0 -9999.0 -9999.0 -9999.0 -9999.0 -9999.0 -9999.0 -9999.0 -9999.0 -9999.0 -9999.0 -9999.0 -9999.0 -9999.0 -9999.0 -9999.0 -9999.0 -9999.0 -9999.0 -9999.0 -9999.0 -9999.0 -9999.0 -9999.0 -9999.0 -9999.0 -9999.0 -9999.0 -9999.0 -9999.0 -9999.0 -9999.0 -9999.0 -9999.0 -9999.0 -9999.0 -9999.0 -9999.0 -9999.0 -9999.0 -9999.0 -9999.0 -9999.0 -9999.0 -9999.0 -9999.0 -9999.0 -9999.0 -9999.0 -9999.0 -9999.0 -9999.0 -9999.0 -9999.0 -9999.0 -9999.0 -9999.0 -9999.0 -9999.0 -9999.0 -9999.0 -9999.0 -9999.0 -9999.0 -9999.0 -9999.0 -9999.0 -9999.0 -9999.0 -9999.0 -9999.0 -9999.0 -9999.0 -9999.0
-9999.0 -9999.0 -9999.0 -9999.0 -9999.0 -9999.0 -9999.0 -9999.0 -9999.0 -9999.0 -9999.0 -9999.0 -9999.0 -9999.0 -9999.0 -9999.0 -9999.0 -9999.0 -9999.0 -9999.0 -9999.0 -9999.0 -9999.0 -9999.0 -9999.0 -9999.0 -9999.0 -9999.0 -9999.0 -9999.0 -9999.0 -9999.0 -9999.0 -9999.0 -9999.0 -9999.0 -9999.0 -9999.0 -9999.0 -9999.0 -9999.0 -9999.0 -9999.0 -9999.0 -9999.0 -9999.0 -9999.0 -9999.0 -9999.0 -9999.0 -9999.0 -9999.0 -9999.0 -9999.0 -9999.0 -9999.0 -9999.0 -9999.0 -9999.0 -9999.0 -9999.0 -9999.0 -9999.0 -9999.0 -9999.0 -9999.0 -9999.0 -9999.0 -9999.0 -9999.0 -9999.0 -9999.0 -9999.0 -9999.0 -9999.0 -9999.0 -9999.0 -9999.0 -9999.0 -9999.0 -9999.0 -9999.0 -9999.0 -9999.0 -9999.0 -9999.0 -9999.0 -9999.0 -9999.0 -9999.0 -9999.0 -9999.0 -9999.0 -9999.0 -9999.0 -9999.0 -9999.0 -9999.0 -9999.0 -9999.0 -9999.0 -9999.0 -9999.0 -9999.0