inst/processing_geotop_simulation/geotop_simulation/out/maps3D/PwL0022N0191.asc
ncols         104
nrows         10
xllcorner     -2.000000
yllcorner     0.000000
cellsize      1.000000
NODATA_value  -9999.0
-9999.0 -9999.0 -9999.0 -9999.0 -9999.0 -9999.0 -9999.0 -9999.0 -9999.0 -9999.0 -9999.0 -9999.0 -9999.0 -9999.0 -9999.0 -9999.0 -9999.0 -9999.0 -9999.0 -9999.0 -9999.0 -9999.0 -9999.0 -9999.0 -9999.0 -9999.0 -9999.0 -9999.0 -9999.0 -9999.0 -9999.0 -9999.0 -9999.0 -9999.0 -9999.0 -9999.0 -9999.0 -9999.0 -9999.0 -9999.0 -9999.0 -9999.0 -9999.0 -9999.0 -9999.0 -9999.0 -9999.0 -9999.0 -9999.0 -9999.0 -9999.0 -9999.0 -9999.0 -9999.0 -9999.0 -9999.0 -9999.0 -9999.0 -9999.0 -9999.0 -9999.0 -9999.0 -9999.0 -9999.0 -9999.0 -9999.0 -9999.0 -9999.0 -9999.0 -9999.0 -9999.0 -9999.0 -9999.0 -9999.0 -9999.0 -9999.0 -9999.0 -9999.0 -9999.0 -9999.0 -9999.0 -9999.0 -9999.0 -9999.0 -9999.0 -9999.0 -9999.0 -9999.0 -9999.0 -9999.0 -9999.0 -9999.0 -9999.0 -9999.0 -9999.0 -9999.0 -9999.0 -9999.0 -9999.0 -9999.0 -9999.0 -9999.0 -9999.0 -9999.0
-9999.0 -9999.0 -9999.0 -9999.0 -9999.0 -9999.0 -9999.0 -9999.0 -9999.0 -9999.0 -9999.0 -9999.0 -9999.0 -9999.0 -9999.0 -9999.0 -9999.0 -9999.0 -9999.0 -9999.0 -9999.0 -9999.0 -9999.0 -9999.0 -9999.0 -9999.0 -9999.0 -9999.0 -9999.0 -9999.0 -9999.0 -9999.0 -9999.0 -9999.0 -9999.0 -9999.0 -9999.0 -9999.0 -9999.0 -9999.0 -9999.0 -9999.0 -9999.0 -9999.0 -9999.0 -9999.0 -9999.0 -9999.0 -9999.0 -9999.0 -9999.0 -9999.0 -9999.0 -9999.0 -9999.0 -9999.0 -9999.0 -9999.0 -9999.0 -9999.0 -9999.0 -9999.0 -9999.0 -9999.0 -9999.0 -9999.0 -9999.0 -9999.0 -9999.0 -9999.0 -9999.0 -9999.0 -9999.0 -9999.0 -9999.0 -9999.0 -9999.0 -9999.0 -9999.0 -9999.0 -9999.0 -9999.0 -9999.0 -9999.0 -9999.0 -9999.0 -9999.0 -9999.0 -9999.0 -9999.0 -9999.0 -9999.0 -9999.0 -9999.0 -9999.0 -9999.0 -9999.0 -9999.0 -9999.0 -9999.0 -9999.0 -9999.0 -9999.0 -9999.0
-9999.0 -9999.0 1077.896472 981.388494 884.807196 787.842753 690.647123 593.344276 496.007731 398.678935 301.380852 204.126642 106.923857 9.779802 -87.289587 -184.265146 -281.062428 -377.517102 -473.331580 -567.953394 -660.413865 -753.374524 -845.013307 -935.075284 -1023.327372 -1090.250809 -1145.487816 -1189.100456 -1222.157118 -1246.332332 -1263.491946 -1275.384006 -1283.475233 -1288.906334 -1292.518084 -1294.909189 -1296.504686 -1297.650615 -1298.902741 -1302.334205 -1317.124546 -1388.880053 -1591.496056 -2551.578309 -3848.662955 -3840.968624 -3357.362608 -2764.774996 -2448.040031 -2259.298637 -2126.718697 -2015.547884 -1948.090755 -1904.643888 -1864.353558 -1822.170738 -1776.525219 -1727.870412 -1677.696461 -1627.082287 -1569.943826 -1336.811023 -1348.788649 -1309.821904 -1301.443746 -1299.987465 -1299.762077 -1299.728558 -1299.724123 -1299.724276 -1299.725072 -1299.725820 -1299.726418 -1299.726881 -1299.727241 -1299.727524 -1299.727753 -1299.727940 -1299.728099 -1299.728242 -1299.728383 -1299.728536 -1299.728725 -1299.728982 -1299.729354 -1299.729919 -1299.730801 -1299.732207 -1299.734488 -1299.738267 -1299.744675 -1299.755843 -1299.775902 -1299.813054 -1299.883924 -1300.023257 -1300.307580 -1300.918945 -1302.324491 -1305.779816 -1314.808368 -1340.841010 -9999.0 -9999.0
-9999.0 -9999.0 1077.899265 981.389631 884.807586 787.842883 690.647168 593.344291 496.007737 398.678937 301.380853 204.126643 106.923857 9.779802 -87.289587 -184.265146 -281.062428 -377.517102 -473.331580 -567.953394 -660.413865 -753.374524 -845.013308 -935.075285 -1023.327372 -1090.250809 -1145.487816 -1189.100456 -1222.157119 -1246.332332 -1263.491946 -1275.384006 -1283.475233 -1288.906334 -1292.518084 -1294.909189 -1296.504686 -1297.650615 -1298.902741 -1302.334205 -1317.124546 -1388.880053 -1591.496056 -2551.578307 -3848.662955 -3840.968624 -3357.362607 -2764.774995 -2448.040031 -2259.298636 -2126.718695 -2015.547883 -1948.090755 -1904.643888 -1864.353558 -1822.170738 -1776.525219 -1727.870412 -1677.696461 -1627.082287 -1569.943826 -1336.811023 -1348.788649 -1309.821904 -1301.443746 -1299.987465 -1299.762077 -1299.728558 -1299.724123 -1299.724276 -1299.725072 -1299.725820 -1299.726418 -1299.726881 -1299.727241 -1299.727524 -1299.727753 -1299.727940 -1299.728099 -1299.728242 -1299.728383 -1299.728536 -1299.728725 -1299.728982 -1299.729354 -1299.729919 -1299.730801 -1299.732207 -1299.734488 -1299.738267 -1299.744675 -1299.755843 -1299.775902 -1299.813054 -1299.883924 -1300.023257 -1300.307580 -1300.918945 -1302.324491 -1305.779816 -1314.808368 -1340.841010 -9999.0 -9999.0
-9999.0 -9999.0 1077.900434 981.390269 884.807860 787.842990 690.647207 593.344306 496.007742 398.678939 301.380854 204.126643 106.923857 9.779802 -87.289586 -184.265146 -281.062428 -377.517102 -473.331581 -567.953395 -660.413866 -753.374524 -845.013308 -935.075285 -1023.327372 -1090.250809 -1145.487816 -1189.100456 -1222.157119 -1246.332332 -1263.491946 -1275.384006 -1283.475233 -1288.906334 -1292.518084 -1294.909189 -1296.504686 -1297.650615 -1298.902741 -1302.334205 -1317.124546 -1388.880053 -1591.496056 -2551.578307 -3848.662955 -3840.968624 -3357.362607 -2764.774994 -2448.040031 -2259.298635 -2126.718694 -2015.547883 -1948.090755 -1904.643888 -1864.353558 -1822.170738 -1776.525219 -1727.870411 -1677.696461 -1627.082286 -1569.943826 -1336.811023 -1348.788649 -1309.821904 -1301.443746 -1299.987465 -1299.762077 -1299.728558 -1299.724123 -1299.724276 -1299.725072 -1299.725820 -1299.726418 -1299.726881 -1299.727241 -1299.727524 -1299.727753 -1299.727940 -1299.728099 -1299.728242 -1299.728383 -1299.728536 -1299.728725 -1299.728982 -1299.729354 -1299.729919 -1299.730801 -1299.732207 -1299.734488 -1299.738267 -1299.744675 -1299.755843 -1299.775902 -1299.813054 -1299.883924 -1300.023257 -1300.307580 -1300.918945 -1302.324491 -1305.779816 -1314.808368 -1340.841010 -9999.0 -9999.0
-9999.0 -9999.0 1077.900434 981.390269 884.807860 787.842990 690.647207 593.344306 496.007742 398.678939 301.380854 204.126643 106.923857 9.779802 -87.289587 -184.265146 -281.062428 -377.517102 -473.331581 -567.953394 -660.413866 -753.374524 -845.013308 -935.075285 -1023.327372 -1090.250809 -1145.487816 -1189.100456 -1222.157119 -1246.332332 -1263.491946 -1275.384006 -1283.475233 -1288.906334 -1292.518084 -1294.909189 -1296.504686 -1297.650615 -1298.902741 -1302.334205 -1317.124546 -1388.880053 -1591.496056 -2551.578307 -3848.662955 -3840.968624 -3357.362607 -2764.774994 -2448.040031 -2259.298636 -2126.718694 -2015.547883 -1948.090755 -1904.643888 -1864.353558 -1822.170738 -1776.525219 -1727.870412 -1677.696461 -1627.082286 -1569.943826 -1336.811023 -1348.788649 -1309.821904 -1301.443746 -1299.987465 -1299.762077 -1299.728558 -1299.724123 -1299.724276 -1299.725072 -1299.725820 -1299.726418 -1299.726881 -1299.727241 -1299.727524 -1299.727753 -1299.727940 -1299.728099 -1299.728242 -1299.728383 -1299.728536 -1299.728725 -1299.728982 -1299.729354 -1299.729919 -1299.730801 -1299.732207 -1299.734488 -1299.738267 -1299.744675 -1299.755843 -1299.775902 -1299.813054 -1299.883924 -1300.023257 -1300.307580 -1300.918945 -1302.324491 -1305.779816 -1314.808368 -1340.841010 -9999.0 -9999.0
-9999.0 -9999.0 1077.899265 981.389631 884.807586 787.842883 690.647168 593.344291 496.007737 398.678937 301.380853 204.126643 106.923857 9.779802 -87.289586 -184.265146 -281.062428 -377.517102 -473.331580 -567.953394 -660.413865 -753.374524 -845.013308 -935.075285 -1023.327372 -1090.250809 -1145.487816 -1189.100456 -1222.157119 -1246.332332 -1263.491946 -1275.384006 -1283.475233 -1288.906334 -1292.518084 -1294.909189 -1296.504686 -1297.650615 -1298.902741 -1302.334205 -1317.124546 -1388.880053 -1591.496056 -2551.578307 -3848.662955 -3840.968624 -3357.362607 -2764.774995 -2448.040031 -2259.298636 -2126.718695 -2015.547883 -1948.090755 -1904.643888 -1864.353558 -1822.170738 -1776.525219 -1727.870412 -1677.696461 -1627.082286 -1569.943826 -1336.811023 -1348.788649 -1309.821904 -1301.443746 -1299.987465 -1299.762077 -1299.728558 -1299.724123 -1299.724276 -1299.725072 -1299.725820 -1299.726418 -1299.726881 -1299.727241 -1299.727524 -1299.727753 -1299.727940 -1299.728099 -1299.728242 -1299.728383 -1299.728536 -1299.728725 -1299.728982 -1299.729354 -1299.729919 -1299.730801 -1299.732207 -1299.734488 -1299.738267 -1299.744675 -1299.755843 -1299.775902 -1299.813054 -1299.883924 -1300.023257 -1300.307580 -1300.918945 -1302.324491 -1305.779816 -1314.808368 -1340.841010 -9999.0 -9999.0
-9999.0 -9999.0 1077.896472 981.388494 884.807196 787.842753 690.647123 593.344276 496.007731 398.678935 301.380852 204.126642 106.923857 9.779802 -87.289587 -184.265146 -281.062428 -377.517102 -473.331580 -567.953394 -660.413865 -753.374524 -845.013307 -935.075284 -1023.327372 -1090.250809 -1145.487816 -1189.100456 -1222.157118 -1246.332332 -1263.491946 -1275.384006 -1283.475233 -1288.906334 -1292.518084 -1294.909189 -1296.504686 -1297.650615 -1298.902741 -1302.334205 -1317.124546 -1388.880053 -1591.496056 -2551.578309 -3848.662955 -3840.968624 -3357.362608 -2764.774996 -2448.040031 -2259.298638 -2126.718697 -2015.547884 -1948.090755 -1904.643888 -1864.353558 -1822.170738 -1776.525219 -1727.870412 -1677.696461 -1627.082287 -1569.943826 -1336.811023 -1348.788649 -1309.821904 -1301.443746 -1299.987465 -1299.762077 -1299.728558 -1299.724123 -1299.724276 -1299.725072 -1299.725820 -1299.726418 -1299.726881 -1299.727241 -1299.727524 -1299.727753 -1299.727940 -1299.728099 -1299.728242 -1299.728383 -1299.728536 -1299.728725 -1299.728982 -1299.729354 -1299.729919 -1299.730801 -1299.732207 -1299.734488 -1299.738267 -1299.744675 -1299.755843 -1299.775902 -1299.813054 -1299.883924 -1300.023257 -1300.307580 -1300.918945 -1302.324491 -1305.779816 -1314.808368 -1340.841010 -9999.0 -9999.0
-9999.0 -9999.0 -9999.0 -9999.0 -9999.0 -9999.0 -9999.0 -9999.0 -9999.0 -9999.0 -9999.0 -9999.0 -9999.0 -9999.0 -9999.0 -9999.0 -9999.0 -9999.0 -9999.0 -9999.0 -9999.0 -9999.0 -9999.0 -9999.0 -9999.0 -9999.0 -9999.0 -9999.0 -9999.0 -9999.0 -9999.0 -9999.0 -9999.0 -9999.0 -9999.0 -9999.0 -9999.0 -9999.0 -9999.0 -9999.0 -9999.0 -9999.0 -9999.0 -9999.0 -9999.0 -9999.0 -9999.0 -9999.0 -9999.0 -9999.0 -9999.0 -9999.0 -9999.0 -9999.0 -9999.0 -9999.0 -9999.0 -9999.0 -9999.0 -9999.0 -9999.0 -9999.0 -9999.0 -9999.0 -9999.0 -9999.0 -9999.0 -9999.0 -9999.0 -9999.0 -9999.0 -9999.0 -9999.0 -9999.0 -9999.0 -9999.0 -9999.0 -9999.0 -9999.0 -9999.0 -9999.0 -9999.0 -9999.0 -9999.0 -9999.0 -9999.0 -9999.0 -9999.0 -9999.0 -9999.0 -9999.0 -9999.0 -9999.0 -9999.0 -9999.0 -9999.0 -9999.0 -9999.0 -9999.0 -9999.0 -9999.0 -9999.0 -9999.0 -9999.0
-9999.0 -9999.0 -9999.0 -9999.0 -9999.0 -9999.0 -9999.0 -9999.0 -9999.0 -9999.0 -9999.0 -9999.0 -9999.0 -9999.0 -9999.0 -9999.0 -9999.0 -9999.0 -9999.0 -9999.0 -9999.0 -9999.0 -9999.0 -9999.0 -9999.0 -9999.0 -9999.0 -9999.0 -9999.0 -9999.0 -9999.0 -9999.0 -9999.0 -9999.0 -9999.0 -9999.0 -9999.0 -9999.0 -9999.0 -9999.0 -9999.0 -9999.0 -9999.0 -9999.0 -9999.0 -9999.0 -9999.0 -9999.0 -9999.0 -9999.0 -9999.0 -9999.0 -9999.0 -9999.0 -9999.0 -9999.0 -9999.0 -9999.0 -9999.0 -9999.0 -9999.0 -9999.0 -9999.0 -9999.0 -9999.0 -9999.0 -9999.0 -9999.0 -9999.0 -9999.0 -9999.0 -9999.0 -9999.0 -9999.0 -9999.0 -9999.0 -9999.0 -9999.0 -9999.0 -9999.0 -9999.0 -9999.0 -9999.0 -9999.0 -9999.0 -9999.0 -9999.0 -9999.0 -9999.0 -9999.0 -9999.0 -9999.0 -9999.0 -9999.0 -9999.0 -9999.0 -9999.0 -9999.0 -9999.0 -9999.0 -9999.0 -9999.0 -9999.0 -9999.0