inst/processing_geotop_simulation/geotop_simulation/out/maps3D/PwL0017N0343.asc
ncols         104
nrows         10
xllcorner     -2.000000
yllcorner     0.000000
cellsize      1.000000
NODATA_value  -9999.0
-9999.0 -9999.0 -9999.0 -9999.0 -9999.0 -9999.0 -9999.0 -9999.0 -9999.0 -9999.0 -9999.0 -9999.0 -9999.0 -9999.0 -9999.0 -9999.0 -9999.0 -9999.0 -9999.0 -9999.0 -9999.0 -9999.0 -9999.0 -9999.0 -9999.0 -9999.0 -9999.0 -9999.0 -9999.0 -9999.0 -9999.0 -9999.0 -9999.0 -9999.0 -9999.0 -9999.0 -9999.0 -9999.0 -9999.0 -9999.0 -9999.0 -9999.0 -9999.0 -9999.0 -9999.0 -9999.0 -9999.0 -9999.0 -9999.0 -9999.0 -9999.0 -9999.0 -9999.0 -9999.0 -9999.0 -9999.0 -9999.0 -9999.0 -9999.0 -9999.0 -9999.0 -9999.0 -9999.0 -9999.0 -9999.0 -9999.0 -9999.0 -9999.0 -9999.0 -9999.0 -9999.0 -9999.0 -9999.0 -9999.0 -9999.0 -9999.0 -9999.0 -9999.0 -9999.0 -9999.0 -9999.0 -9999.0 -9999.0 -9999.0 -9999.0 -9999.0 -9999.0 -9999.0 -9999.0 -9999.0 -9999.0 -9999.0 -9999.0 -9999.0 -9999.0 -9999.0 -9999.0 -9999.0 -9999.0 -9999.0 -9999.0 -9999.0 -9999.0 -9999.0
-9999.0 -9999.0 -9999.0 -9999.0 -9999.0 -9999.0 -9999.0 -9999.0 -9999.0 -9999.0 -9999.0 -9999.0 -9999.0 -9999.0 -9999.0 -9999.0 -9999.0 -9999.0 -9999.0 -9999.0 -9999.0 -9999.0 -9999.0 -9999.0 -9999.0 -9999.0 -9999.0 -9999.0 -9999.0 -9999.0 -9999.0 -9999.0 -9999.0 -9999.0 -9999.0 -9999.0 -9999.0 -9999.0 -9999.0 -9999.0 -9999.0 -9999.0 -9999.0 -9999.0 -9999.0 -9999.0 -9999.0 -9999.0 -9999.0 -9999.0 -9999.0 -9999.0 -9999.0 -9999.0 -9999.0 -9999.0 -9999.0 -9999.0 -9999.0 -9999.0 -9999.0 -9999.0 -9999.0 -9999.0 -9999.0 -9999.0 -9999.0 -9999.0 -9999.0 -9999.0 -9999.0 -9999.0 -9999.0 -9999.0 -9999.0 -9999.0 -9999.0 -9999.0 -9999.0 -9999.0 -9999.0 -9999.0 -9999.0 -9999.0 -9999.0 -9999.0 -9999.0 -9999.0 -9999.0 -9999.0 -9999.0 -9999.0 -9999.0 -9999.0 -9999.0 -9999.0 -9999.0 -9999.0 -9999.0 -9999.0 -9999.0 -9999.0 -9999.0 -9999.0
-9999.0 -9999.0 820.881591 722.344902 623.598549 524.652031 425.604405 326.512631 227.406648 128.302458 29.209400 -69.863350 -168.914163 -267.929660 -366.879466 -465.710114 -564.322011 -662.544459 -760.528151 -858.500970 -956.075978 -1053.054085 -1147.032192 -1234.307615 -1313.872788 -1383.759165 -1442.786131 -1490.757418 -1528.376356 -1556.962789 -1578.114574 -1593.427712 -1604.322543 -1611.968989 -1617.280288 -1620.945259 -1623.484434 -1625.356759 -1627.269226 -1631.093196 -1641.612240 -1670.706691 -1974.817915 -4069.999581 -4133.655228 -4133.663123 -4133.662922 -4133.662203 -4133.659027 -4133.649045 -4133.622655 -4133.549517 -4133.432420 -4133.283939 -4133.041543 -4132.580171 -4131.593724 -4129.295831 -4123.600592 -4108.740817 -3941.083714 -1760.673829 -1629.081900 -1633.213916 -1630.356552 -1629.190638 -1628.921282 -1628.871625 -1628.863764 -1628.863038 -1628.863425 -1628.863904 -1628.864314 -1628.864643 -1628.864909 -1628.865128 -1628.865313 -1628.865474 -1628.865619 -1628.865756 -1628.865894 -1628.866043 -1628.866220 -1628.866445 -1628.866751 -1628.867193 -1628.867856 -1628.868884 -1628.870527 -1628.873229 -1628.877808 -1628.885821 -1628.900313 -1628.927391 -1628.979631 -1629.083951 -1629.301307 -1629.779608 -1630.903627 -1633.753390 -1641.703318 -1666.961260 -9999.0 -9999.0
-9999.0 -9999.0 820.885090 722.346146 623.598940 524.652156 425.604446 326.512646 227.406654 128.302460 29.209401 -69.863350 -168.914163 -267.929660 -366.879465 -465.710114 -564.322011 -662.544459 -760.528151 -858.500971 -956.075978 -1053.054085 -1147.032192 -1234.307616 -1313.872788 -1383.759165 -1442.786131 -1490.757418 -1528.376356 -1556.962789 -1578.114574 -1593.427712 -1604.322543 -1611.968989 -1617.280288 -1620.945259 -1623.484434 -1625.356759 -1627.269226 -1631.093196 -1641.612240 -1670.706691 -1974.817915 -4069.999581 -4133.655228 -4133.663123 -4133.662922 -4133.662203 -4133.659027 -4133.649045 -4133.622655 -4133.549517 -4133.432420 -4133.283939 -4133.041543 -4132.580171 -4131.593724 -4129.295831 -4123.600592 -4108.740817 -3941.083714 -1760.673829 -1629.081900 -1633.213916 -1630.356552 -1629.190638 -1628.921282 -1628.871625 -1628.863764 -1628.863038 -1628.863425 -1628.863904 -1628.864314 -1628.864643 -1628.864909 -1628.865128 -1628.865313 -1628.865474 -1628.865619 -1628.865756 -1628.865894 -1628.866043 -1628.866220 -1628.866445 -1628.866751 -1628.867193 -1628.867856 -1628.868884 -1628.870527 -1628.873229 -1628.877808 -1628.885821 -1628.900313 -1628.927391 -1628.979631 -1629.083951 -1629.301307 -1629.779608 -1630.903627 -1633.753390 -1641.703318 -1666.961260 -9999.0 -9999.0
-9999.0 -9999.0 820.886298 722.346786 623.599206 524.652257 425.604483 326.512659 227.406659 128.302462 29.209402 -69.863349 -168.914162 -267.929660 -366.879465 -465.710114 -564.322011 -662.544459 -760.528151 -858.500971 -956.075978 -1053.054085 -1147.032193 -1234.307616 -1313.872788 -1383.759165 -1442.786131 -1490.757418 -1528.376356 -1556.962789 -1578.114574 -1593.427712 -1604.322543 -1611.968989 -1617.280288 -1620.945259 -1623.484434 -1625.356759 -1627.269226 -1631.093196 -1641.612240 -1670.706691 -1974.817915 -4069.999581 -4133.655228 -4133.663123 -4133.662922 -4133.662203 -4133.659027 -4133.649045 -4133.622655 -4133.549517 -4133.432420 -4133.283939 -4133.041543 -4132.580171 -4131.593724 -4129.295831 -4123.600592 -4108.740817 -3941.083714 -1760.673829 -1629.081900 -1633.213916 -1630.356552 -1629.190638 -1628.921282 -1628.871625 -1628.863764 -1628.863038 -1628.863425 -1628.863904 -1628.864314 -1628.864643 -1628.864909 -1628.865128 -1628.865313 -1628.865474 -1628.865619 -1628.865756 -1628.865894 -1628.866043 -1628.866220 -1628.866445 -1628.866751 -1628.867193 -1628.867856 -1628.868884 -1628.870527 -1628.873229 -1628.877808 -1628.885821 -1628.900313 -1628.927391 -1628.979631 -1629.083951 -1629.301307 -1629.779608 -1630.903627 -1633.753390 -1641.703318 -1666.961260 -9999.0 -9999.0
-9999.0 -9999.0 820.886298 722.346786 623.599206 524.652256 425.604483 326.512659 227.406659 128.302462 29.209402 -69.863349 -168.914162 -267.929660 -366.879465 -465.710114 -564.322011 -662.544459 -760.528151 -858.500971 -956.075978 -1053.054085 -1147.032192 -1234.307616 -1313.872788 -1383.759165 -1442.786131 -1490.757418 -1528.376356 -1556.962789 -1578.114574 -1593.427712 -1604.322543 -1611.968989 -1617.280288 -1620.945259 -1623.484434 -1625.356759 -1627.269226 -1631.093196 -1641.612240 -1670.706691 -1974.817915 -4069.999581 -4133.655228 -4133.663123 -4133.662922 -4133.662203 -4133.659027 -4133.649045 -4133.622655 -4133.549517 -4133.432420 -4133.283939 -4133.041543 -4132.580171 -4131.593724 -4129.295831 -4123.600592 -4108.740817 -3941.083714 -1760.673829 -1629.081900 -1633.213916 -1630.356552 -1629.190638 -1628.921282 -1628.871625 -1628.863764 -1628.863038 -1628.863425 -1628.863904 -1628.864314 -1628.864643 -1628.864909 -1628.865128 -1628.865313 -1628.865474 -1628.865619 -1628.865756 -1628.865894 -1628.866043 -1628.866220 -1628.866445 -1628.866751 -1628.867193 -1628.867856 -1628.868884 -1628.870527 -1628.873229 -1628.877808 -1628.885821 -1628.900313 -1628.927391 -1628.979631 -1629.083951 -1629.301307 -1629.779608 -1630.903627 -1633.753390 -1641.703318 -1666.961260 -9999.0 -9999.0
-9999.0 -9999.0 820.885090 722.346146 623.598940 524.652156 425.604446 326.512646 227.406654 128.302460 29.209401 -69.863349 -168.914163 -267.929660 -366.879466 -465.710114 -564.322011 -662.544459 -760.528151 -858.500971 -956.075978 -1053.054085 -1147.032192 -1234.307616 -1313.872788 -1383.759165 -1442.786131 -1490.757418 -1528.376356 -1556.962789 -1578.114574 -1593.427712 -1604.322543 -1611.968989 -1617.280288 -1620.945259 -1623.484434 -1625.356759 -1627.269226 -1631.093196 -1641.612240 -1670.706691 -1974.817915 -4069.999581 -4133.655228 -4133.663123 -4133.662922 -4133.662203 -4133.659027 -4133.649045 -4133.622655 -4133.549517 -4133.432420 -4133.283939 -4133.041543 -4132.580171 -4131.593724 -4129.295831 -4123.600592 -4108.740817 -3941.083714 -1760.673829 -1629.081900 -1633.213916 -1630.356552 -1629.190638 -1628.921282 -1628.871625 -1628.863764 -1628.863038 -1628.863425 -1628.863904 -1628.864314 -1628.864643 -1628.864909 -1628.865128 -1628.865313 -1628.865474 -1628.865619 -1628.865756 -1628.865894 -1628.866043 -1628.866220 -1628.866445 -1628.866751 -1628.867193 -1628.867856 -1628.868884 -1628.870527 -1628.873229 -1628.877808 -1628.885821 -1628.900313 -1628.927391 -1628.979631 -1629.083951 -1629.301307 -1629.779608 -1630.903627 -1633.753390 -1641.703318 -1666.961260 -9999.0 -9999.0
-9999.0 -9999.0 820.881591 722.344902 623.598549 524.652031 425.604405 326.512631 227.406648 128.302458 29.209400 -69.863350 -168.914163 -267.929660 -366.879465 -465.710114 -564.322011 -662.544459 -760.528151 -858.500970 -956.075978 -1053.054085 -1147.032192 -1234.307615 -1313.872788 -1383.759165 -1442.786131 -1490.757418 -1528.376356 -1556.962789 -1578.114574 -1593.427712 -1604.322543 -1611.968989 -1617.280288 -1620.945259 -1623.484434 -1625.356759 -1627.269226 -1631.093196 -1641.612240 -1670.706691 -1974.817915 -4069.999581 -4133.655228 -4133.663123 -4133.662922 -4133.662203 -4133.659027 -4133.649045 -4133.622655 -4133.549517 -4133.432420 -4133.283939 -4133.041543 -4132.580171 -4131.593724 -4129.295831 -4123.600592 -4108.740817 -3941.083714 -1760.673829 -1629.081900 -1633.213916 -1630.356552 -1629.190638 -1628.921282 -1628.871625 -1628.863764 -1628.863038 -1628.863425 -1628.863904 -1628.864314 -1628.864643 -1628.864909 -1628.865128 -1628.865313 -1628.865474 -1628.865619 -1628.865756 -1628.865894 -1628.866043 -1628.866220 -1628.866445 -1628.866751 -1628.867193 -1628.867856 -1628.868884 -1628.870527 -1628.873229 -1628.877808 -1628.885821 -1628.900313 -1628.927391 -1628.979631 -1629.083951 -1629.301307 -1629.779608 -1630.903627 -1633.753390 -1641.703318 -1666.961260 -9999.0 -9999.0
-9999.0 -9999.0 -9999.0 -9999.0 -9999.0 -9999.0 -9999.0 -9999.0 -9999.0 -9999.0 -9999.0 -9999.0 -9999.0 -9999.0 -9999.0 -9999.0 -9999.0 -9999.0 -9999.0 -9999.0 -9999.0 -9999.0 -9999.0 -9999.0 -9999.0 -9999.0 -9999.0 -9999.0 -9999.0 -9999.0 -9999.0 -9999.0 -9999.0 -9999.0 -9999.0 -9999.0 -9999.0 -9999.0 -9999.0 -9999.0 -9999.0 -9999.0 -9999.0 -9999.0 -9999.0 -9999.0 -9999.0 -9999.0 -9999.0 -9999.0 -9999.0 -9999.0 -9999.0 -9999.0 -9999.0 -9999.0 -9999.0 -9999.0 -9999.0 -9999.0 -9999.0 -9999.0 -9999.0 -9999.0 -9999.0 -9999.0 -9999.0 -9999.0 -9999.0 -9999.0 -9999.0 -9999.0 -9999.0 -9999.0 -9999.0 -9999.0 -9999.0 -9999.0 -9999.0 -9999.0 -9999.0 -9999.0 -9999.0 -9999.0 -9999.0 -9999.0 -9999.0 -9999.0 -9999.0 -9999.0 -9999.0 -9999.0 -9999.0 -9999.0 -9999.0 -9999.0 -9999.0 -9999.0 -9999.0 -9999.0 -9999.0 -9999.0 -9999.0 -9999.0
-9999.0 -9999.0 -9999.0 -9999.0 -9999.0 -9999.0 -9999.0 -9999.0 -9999.0 -9999.0 -9999.0 -9999.0 -9999.0 -9999.0 -9999.0 -9999.0 -9999.0 -9999.0 -9999.0 -9999.0 -9999.0 -9999.0 -9999.0 -9999.0 -9999.0 -9999.0 -9999.0 -9999.0 -9999.0 -9999.0 -9999.0 -9999.0 -9999.0 -9999.0 -9999.0 -9999.0 -9999.0 -9999.0 -9999.0 -9999.0 -9999.0 -9999.0 -9999.0 -9999.0 -9999.0 -9999.0 -9999.0 -9999.0 -9999.0 -9999.0 -9999.0 -9999.0 -9999.0 -9999.0 -9999.0 -9999.0 -9999.0 -9999.0 -9999.0 -9999.0 -9999.0 -9999.0 -9999.0 -9999.0 -9999.0 -9999.0 -9999.0 -9999.0 -9999.0 -9999.0 -9999.0 -9999.0 -9999.0 -9999.0 -9999.0 -9999.0 -9999.0 -9999.0 -9999.0 -9999.0 -9999.0 -9999.0 -9999.0 -9999.0 -9999.0 -9999.0 -9999.0 -9999.0 -9999.0 -9999.0 -9999.0 -9999.0 -9999.0 -9999.0 -9999.0 -9999.0 -9999.0 -9999.0 -9999.0 -9999.0 -9999.0 -9999.0 -9999.0 -9999.0