inst/processing_geotop_simulation/geotop_simulation/out/maps3D/PwL0001N0157.asc
ncols         104
nrows         10
xllcorner     -2.000000
yllcorner     0.000000
cellsize      1.000000
NODATA_value  -9999.0
-9999.0 -9999.0 -9999.0 -9999.0 -9999.0 -9999.0 -9999.0 -9999.0 -9999.0 -9999.0 -9999.0 -9999.0 -9999.0 -9999.0 -9999.0 -9999.0 -9999.0 -9999.0 -9999.0 -9999.0 -9999.0 -9999.0 -9999.0 -9999.0 -9999.0 -9999.0 -9999.0 -9999.0 -9999.0 -9999.0 -9999.0 -9999.0 -9999.0 -9999.0 -9999.0 -9999.0 -9999.0 -9999.0 -9999.0 -9999.0 -9999.0 -9999.0 -9999.0 -9999.0 -9999.0 -9999.0 -9999.0 -9999.0 -9999.0 -9999.0 -9999.0 -9999.0 -9999.0 -9999.0 -9999.0 -9999.0 -9999.0 -9999.0 -9999.0 -9999.0 -9999.0 -9999.0 -9999.0 -9999.0 -9999.0 -9999.0 -9999.0 -9999.0 -9999.0 -9999.0 -9999.0 -9999.0 -9999.0 -9999.0 -9999.0 -9999.0 -9999.0 -9999.0 -9999.0 -9999.0 -9999.0 -9999.0 -9999.0 -9999.0 -9999.0 -9999.0 -9999.0 -9999.0 -9999.0 -9999.0 -9999.0 -9999.0 -9999.0 -9999.0 -9999.0 -9999.0 -9999.0 -9999.0 -9999.0 -9999.0 -9999.0 -9999.0 -9999.0 -9999.0
-9999.0 -9999.0 -9999.0 -9999.0 -9999.0 -9999.0 -9999.0 -9999.0 -9999.0 -9999.0 -9999.0 -9999.0 -9999.0 -9999.0 -9999.0 -9999.0 -9999.0 -9999.0 -9999.0 -9999.0 -9999.0 -9999.0 -9999.0 -9999.0 -9999.0 -9999.0 -9999.0 -9999.0 -9999.0 -9999.0 -9999.0 -9999.0 -9999.0 -9999.0 -9999.0 -9999.0 -9999.0 -9999.0 -9999.0 -9999.0 -9999.0 -9999.0 -9999.0 -9999.0 -9999.0 -9999.0 -9999.0 -9999.0 -9999.0 -9999.0 -9999.0 -9999.0 -9999.0 -9999.0 -9999.0 -9999.0 -9999.0 -9999.0 -9999.0 -9999.0 -9999.0 -9999.0 -9999.0 -9999.0 -9999.0 -9999.0 -9999.0 -9999.0 -9999.0 -9999.0 -9999.0 -9999.0 -9999.0 -9999.0 -9999.0 -9999.0 -9999.0 -9999.0 -9999.0 -9999.0 -9999.0 -9999.0 -9999.0 -9999.0 -9999.0 -9999.0 -9999.0 -9999.0 -9999.0 -9999.0 -9999.0 -9999.0 -9999.0 -9999.0 -9999.0 -9999.0 -9999.0 -9999.0 -9999.0 -9999.0 -9999.0 -9999.0 -9999.0 -9999.0
-9999.0 -9999.0 32.106628 -53.987838 -147.619336 -242.887271 -338.748738 -434.794445 -530.809066 -626.604751 -721.850256 -816.331195 -910.024658 -1003.185763 -1096.967270 -1190.497799 -1283.775834 -1378.101504 -1470.165046 -1546.863587 -1599.894424 -1633.645607 -1653.994519 -1666.066567 -1673.397534 -1678.110151 -1681.356650 -1683.714632 -1685.467365 -1686.768822 -1687.722270 -1688.408559 -1688.893985 -1689.231773 -1689.463226 -1689.621132 -1689.737598 -1689.860368 -1690.142231 -1691.557681 -1698.699705 -1702.779080 -1066.364629 -1062.350458 -1051.540857 -1044.757436 -1041.576799 -1041.117946 -1041.071065 -1041.078907 -1041.095151 -1041.112445 -1041.129050 -1041.144415 -1041.158579 -1041.174119 -1041.216151 -1041.491242 -1043.189005 -1047.026947 -1053.085615 -1049.619466 -1683.292983 -1694.652099 -1690.904063 -1690.155963 -1690.039500 -1690.021010 -1690.018948 -1690.019815 -1690.021012 -1690.022031 -1690.022819 -1690.023417 -1690.023872 -1690.024225 -1690.024503 -1690.024728 -1690.024914 -1690.025079 -1690.025239 -1690.025416 -1690.025638 -1690.025945 -1690.026399 -1690.027097 -1690.028194 -1690.029946 -1690.032784 -1690.037461 -1690.045324 -1690.058880 -1690.082935 -1690.126919 -1690.209598 -1690.368620 -1690.680652 -1691.307984 -1692.620508 -1695.546193 -1702.733628 -1724.166613 -9999.0 -9999.0
-9999.0 -9999.0 32.120493 -53.985515 -147.618755 -242.887102 -338.748685 -434.794427 -530.809060 -626.604749 -721.850255 -816.331194 -910.024658 -1003.185763 -1096.967270 -1190.497799 -1283.775834 -1378.101504 -1470.165047 -1546.863587 -1599.894424 -1633.645607 -1653.994519 -1666.066567 -1673.397534 -1678.110151 -1681.356650 -1683.714632 -1685.467365 -1686.768822 -1687.722270 -1688.408559 -1688.893985 -1689.231773 -1689.463226 -1689.621132 -1689.737598 -1689.860368 -1690.142231 -1691.557681 -1698.699705 -1702.779080 -1066.364629 -1062.350458 -1051.540857 -1044.757436 -1041.576799 -1041.117946 -1041.071065 -1041.078907 -1041.095151 -1041.112445 -1041.129050 -1041.144415 -1041.158579 -1041.174119 -1041.216151 -1041.491242 -1043.189005 -1047.026947 -1053.085615 -1049.619466 -1683.292983 -1694.652099 -1690.904063 -1690.155963 -1690.039500 -1690.021010 -1690.018948 -1690.019815 -1690.021012 -1690.022031 -1690.022819 -1690.023417 -1690.023872 -1690.024225 -1690.024503 -1690.024728 -1690.024914 -1690.025079 -1690.025239 -1690.025416 -1690.025638 -1690.025945 -1690.026399 -1690.027097 -1690.028194 -1690.029946 -1690.032784 -1690.037461 -1690.045324 -1690.058880 -1690.082935 -1690.126919 -1690.209598 -1690.368620 -1690.680652 -1691.307984 -1692.620508 -1695.546193 -1702.733628 -1724.166613 -9999.0 -9999.0
-9999.0 -9999.0 32.121774 -53.984594 -147.618390 -242.886970 -338.748638 -434.794411 -530.809054 -626.604747 -721.850255 -816.331194 -910.024658 -1003.185763 -1096.967270 -1190.497799 -1283.775834 -1378.101505 -1470.165047 -1546.863587 -1599.894424 -1633.645607 -1653.994519 -1666.066567 -1673.397534 -1678.110151 -1681.356650 -1683.714632 -1685.467365 -1686.768822 -1687.722270 -1688.408559 -1688.893985 -1689.231773 -1689.463226 -1689.621132 -1689.737598 -1689.860368 -1690.142231 -1691.557681 -1698.699705 -1702.779080 -1066.364629 -1062.350458 -1051.540857 -1044.757436 -1041.576799 -1041.117946 -1041.071065 -1041.078907 -1041.095151 -1041.112445 -1041.129050 -1041.144415 -1041.158579 -1041.174119 -1041.216151 -1041.491242 -1043.189005 -1047.026947 -1053.085615 -1049.619466 -1683.292983 -1694.652099 -1690.904063 -1690.155963 -1690.039500 -1690.021010 -1690.018948 -1690.019815 -1690.021012 -1690.022031 -1690.022819 -1690.023417 -1690.023872 -1690.024225 -1690.024503 -1690.024728 -1690.024914 -1690.025079 -1690.025239 -1690.025416 -1690.025638 -1690.025945 -1690.026399 -1690.027097 -1690.028194 -1690.029946 -1690.032784 -1690.037461 -1690.045324 -1690.058880 -1690.082935 -1690.126919 -1690.209598 -1690.368620 -1690.680652 -1691.307984 -1692.620508 -1695.546193 -1702.733628 -1724.166613 -9999.0 -9999.0
-9999.0 -9999.0 32.121774 -53.984594 -147.618390 -242.886970 -338.748638 -434.794411 -530.809054 -626.604747 -721.850255 -816.331194 -910.024658 -1003.185763 -1096.967270 -1190.497799 -1283.775834 -1378.101505 -1470.165047 -1546.863587 -1599.894424 -1633.645607 -1653.994519 -1666.066567 -1673.397534 -1678.110151 -1681.356650 -1683.714632 -1685.467365 -1686.768822 -1687.722270 -1688.408559 -1688.893985 -1689.231773 -1689.463226 -1689.621132 -1689.737598 -1689.860368 -1690.142231 -1691.557681 -1698.699705 -1702.779080 -1066.364629 -1062.350458 -1051.540857 -1044.757436 -1041.576799 -1041.117946 -1041.071065 -1041.078907 -1041.095151 -1041.112445 -1041.129050 -1041.144415 -1041.158579 -1041.174119 -1041.216151 -1041.491242 -1043.189005 -1047.026947 -1053.085615 -1049.619466 -1683.292983 -1694.652099 -1690.904063 -1690.155963 -1690.039500 -1690.021010 -1690.018948 -1690.019815 -1690.021012 -1690.022031 -1690.022819 -1690.023417 -1690.023872 -1690.024225 -1690.024503 -1690.024728 -1690.024914 -1690.025079 -1690.025239 -1690.025416 -1690.025638 -1690.025945 -1690.026399 -1690.027097 -1690.028194 -1690.029946 -1690.032784 -1690.037461 -1690.045324 -1690.058880 -1690.082935 -1690.126919 -1690.209598 -1690.368620 -1690.680652 -1691.307984 -1692.620508 -1695.546193 -1702.733628 -1724.166613 -9999.0 -9999.0
-9999.0 -9999.0 32.120493 -53.985515 -147.618755 -242.887102 -338.748685 -434.794427 -530.809060 -626.604749 -721.850255 -816.331194 -910.024658 -1003.185763 -1096.967270 -1190.497799 -1283.775834 -1378.101504 -1470.165047 -1546.863587 -1599.894424 -1633.645607 -1653.994519 -1666.066567 -1673.397534 -1678.110151 -1681.356650 -1683.714632 -1685.467365 -1686.768822 -1687.722270 -1688.408559 -1688.893985 -1689.231773 -1689.463226 -1689.621132 -1689.737598 -1689.860368 -1690.142231 -1691.557681 -1698.699705 -1702.779080 -1066.364629 -1062.350458 -1051.540857 -1044.757436 -1041.576799 -1041.117946 -1041.071065 -1041.078907 -1041.095151 -1041.112445 -1041.129050 -1041.144415 -1041.158579 -1041.174119 -1041.216151 -1041.491242 -1043.189005 -1047.026947 -1053.085615 -1049.619466 -1683.292983 -1694.652099 -1690.904063 -1690.155963 -1690.039500 -1690.021010 -1690.018948 -1690.019815 -1690.021012 -1690.022031 -1690.022819 -1690.023417 -1690.023872 -1690.024225 -1690.024503 -1690.024728 -1690.024914 -1690.025079 -1690.025239 -1690.025416 -1690.025638 -1690.025945 -1690.026399 -1690.027097 -1690.028194 -1690.029946 -1690.032784 -1690.037461 -1690.045324 -1690.058880 -1690.082935 -1690.126919 -1690.209598 -1690.368620 -1690.680652 -1691.307984 -1692.620508 -1695.546193 -1702.733628 -1724.166613 -9999.0 -9999.0
-9999.0 -9999.0 32.106628 -53.987838 -147.619336 -242.887271 -338.748738 -434.794445 -530.809066 -626.604752 -721.850256 -816.331195 -910.024658 -1003.185763 -1096.967270 -1190.497799 -1283.775834 -1378.101504 -1470.165046 -1546.863587 -1599.894424 -1633.645607 -1653.994519 -1666.066567 -1673.397534 -1678.110151 -1681.356650 -1683.714632 -1685.467365 -1686.768822 -1687.722270 -1688.408559 -1688.893985 -1689.231773 -1689.463226 -1689.621132 -1689.737598 -1689.860368 -1690.142231 -1691.557681 -1698.699705 -1702.779080 -1066.364629 -1062.350458 -1051.540857 -1044.757436 -1041.576799 -1041.117946 -1041.071065 -1041.078907 -1041.095151 -1041.112445 -1041.129050 -1041.144415 -1041.158579 -1041.174119 -1041.216151 -1041.491242 -1043.189005 -1047.026947 -1053.085615 -1049.619466 -1683.292983 -1694.652099 -1690.904063 -1690.155963 -1690.039500 -1690.021010 -1690.018948 -1690.019815 -1690.021012 -1690.022031 -1690.022819 -1690.023417 -1690.023872 -1690.024225 -1690.024503 -1690.024728 -1690.024914 -1690.025079 -1690.025239 -1690.025416 -1690.025638 -1690.025945 -1690.026399 -1690.027097 -1690.028194 -1690.029946 -1690.032784 -1690.037461 -1690.045324 -1690.058880 -1690.082935 -1690.126919 -1690.209598 -1690.368620 -1690.680652 -1691.307984 -1692.620508 -1695.546193 -1702.733628 -1724.166613 -9999.0 -9999.0
-9999.0 -9999.0 -9999.0 -9999.0 -9999.0 -9999.0 -9999.0 -9999.0 -9999.0 -9999.0 -9999.0 -9999.0 -9999.0 -9999.0 -9999.0 -9999.0 -9999.0 -9999.0 -9999.0 -9999.0 -9999.0 -9999.0 -9999.0 -9999.0 -9999.0 -9999.0 -9999.0 -9999.0 -9999.0 -9999.0 -9999.0 -9999.0 -9999.0 -9999.0 -9999.0 -9999.0 -9999.0 -9999.0 -9999.0 -9999.0 -9999.0 -9999.0 -9999.0 -9999.0 -9999.0 -9999.0 -9999.0 -9999.0 -9999.0 -9999.0 -9999.0 -9999.0 -9999.0 -9999.0 -9999.0 -9999.0 -9999.0 -9999.0 -9999.0 -9999.0 -9999.0 -9999.0 -9999.0 -9999.0 -9999.0 -9999.0 -9999.0 -9999.0 -9999.0 -9999.0 -9999.0 -9999.0 -9999.0 -9999.0 -9999.0 -9999.0 -9999.0 -9999.0 -9999.0 -9999.0 -9999.0 -9999.0 -9999.0 -9999.0 -9999.0 -9999.0 -9999.0 -9999.0 -9999.0 -9999.0 -9999.0 -9999.0 -9999.0 -9999.0 -9999.0 -9999.0 -9999.0 -9999.0 -9999.0 -9999.0 -9999.0 -9999.0 -9999.0 -9999.0
-9999.0 -9999.0 -9999.0 -9999.0 -9999.0 -9999.0 -9999.0 -9999.0 -9999.0 -9999.0 -9999.0 -9999.0 -9999.0 -9999.0 -9999.0 -9999.0 -9999.0 -9999.0 -9999.0 -9999.0 -9999.0 -9999.0 -9999.0 -9999.0 -9999.0 -9999.0 -9999.0 -9999.0 -9999.0 -9999.0 -9999.0 -9999.0 -9999.0 -9999.0 -9999.0 -9999.0 -9999.0 -9999.0 -9999.0 -9999.0 -9999.0 -9999.0 -9999.0 -9999.0 -9999.0 -9999.0 -9999.0 -9999.0 -9999.0 -9999.0 -9999.0 -9999.0 -9999.0 -9999.0 -9999.0 -9999.0 -9999.0 -9999.0 -9999.0 -9999.0 -9999.0 -9999.0 -9999.0 -9999.0 -9999.0 -9999.0 -9999.0 -9999.0 -9999.0 -9999.0 -9999.0 -9999.0 -9999.0 -9999.0 -9999.0 -9999.0 -9999.0 -9999.0 -9999.0 -9999.0 -9999.0 -9999.0 -9999.0 -9999.0 -9999.0 -9999.0 -9999.0 -9999.0 -9999.0 -9999.0 -9999.0 -9999.0 -9999.0 -9999.0 -9999.0 -9999.0 -9999.0 -9999.0 -9999.0 -9999.0 -9999.0 -9999.0 -9999.0 -9999.0