inst/processing_geotop_simulation/geotop_simulation/out/maps3D/PwL0017N0418.asc
ncols         104
nrows         10
xllcorner     -2.000000
yllcorner     0.000000
cellsize      1.000000
NODATA_value  -9999.0
-9999.0 -9999.0 -9999.0 -9999.0 -9999.0 -9999.0 -9999.0 -9999.0 -9999.0 -9999.0 -9999.0 -9999.0 -9999.0 -9999.0 -9999.0 -9999.0 -9999.0 -9999.0 -9999.0 -9999.0 -9999.0 -9999.0 -9999.0 -9999.0 -9999.0 -9999.0 -9999.0 -9999.0 -9999.0 -9999.0 -9999.0 -9999.0 -9999.0 -9999.0 -9999.0 -9999.0 -9999.0 -9999.0 -9999.0 -9999.0 -9999.0 -9999.0 -9999.0 -9999.0 -9999.0 -9999.0 -9999.0 -9999.0 -9999.0 -9999.0 -9999.0 -9999.0 -9999.0 -9999.0 -9999.0 -9999.0 -9999.0 -9999.0 -9999.0 -9999.0 -9999.0 -9999.0 -9999.0 -9999.0 -9999.0 -9999.0 -9999.0 -9999.0 -9999.0 -9999.0 -9999.0 -9999.0 -9999.0 -9999.0 -9999.0 -9999.0 -9999.0 -9999.0 -9999.0 -9999.0 -9999.0 -9999.0 -9999.0 -9999.0 -9999.0 -9999.0 -9999.0 -9999.0 -9999.0 -9999.0 -9999.0 -9999.0 -9999.0 -9999.0 -9999.0 -9999.0 -9999.0 -9999.0 -9999.0 -9999.0 -9999.0 -9999.0 -9999.0 -9999.0
-9999.0 -9999.0 -9999.0 -9999.0 -9999.0 -9999.0 -9999.0 -9999.0 -9999.0 -9999.0 -9999.0 -9999.0 -9999.0 -9999.0 -9999.0 -9999.0 -9999.0 -9999.0 -9999.0 -9999.0 -9999.0 -9999.0 -9999.0 -9999.0 -9999.0 -9999.0 -9999.0 -9999.0 -9999.0 -9999.0 -9999.0 -9999.0 -9999.0 -9999.0 -9999.0 -9999.0 -9999.0 -9999.0 -9999.0 -9999.0 -9999.0 -9999.0 -9999.0 -9999.0 -9999.0 -9999.0 -9999.0 -9999.0 -9999.0 -9999.0 -9999.0 -9999.0 -9999.0 -9999.0 -9999.0 -9999.0 -9999.0 -9999.0 -9999.0 -9999.0 -9999.0 -9999.0 -9999.0 -9999.0 -9999.0 -9999.0 -9999.0 -9999.0 -9999.0 -9999.0 -9999.0 -9999.0 -9999.0 -9999.0 -9999.0 -9999.0 -9999.0 -9999.0 -9999.0 -9999.0 -9999.0 -9999.0 -9999.0 -9999.0 -9999.0 -9999.0 -9999.0 -9999.0 -9999.0 -9999.0 -9999.0 -9999.0 -9999.0 -9999.0 -9999.0 -9999.0 -9999.0 -9999.0 -9999.0 -9999.0 -9999.0 -9999.0 -9999.0 -9999.0
-9999.0 -9999.0 819.718609 720.760912 621.653385 522.403158 423.080957 323.727428 224.363931 125.001890 25.648039 -73.691054 -173.014596 -272.315490 -371.575949 -470.766447 -569.832721 -668.681512 -767.394255 -866.087124 -964.534814 -1062.596377 -1158.761965 -1250.381200 -1336.095235 -1413.777802 -1481.730288 -1539.021712 -1585.618476 -1622.279506 -1650.293377 -1671.177738 -1686.435011 -1697.401839 -1705.185095 -1710.659652 -1714.510453 -1717.341178 -1719.972716 -1724.106871 -1732.373746 -1744.735074 -1951.860019 -4050.551609 -4133.646800 -4133.654792 -4133.649618 -4133.644912 -4133.628162 -4133.578256 -4133.451843 -4133.115450 -4132.593836 -4131.948337 -4130.918715 -4129.009730 -4125.058812 -4116.244841 -4095.815138 -4048.412638 -3776.311175 -1717.836176 -1701.520208 -1724.228752 -1724.183749 -1723.286739 -1723.015513 -1722.958565 -1722.948711 -1722.947555 -1722.947837 -1722.948285 -1722.948690 -1722.949032 -1722.949322 -1722.949573 -1722.949797 -1722.950002 -1722.950196 -1722.950386 -1722.950579 -1722.950786 -1722.951019 -1722.951299 -1722.951656 -1722.952135 -1722.952816 -1722.953827 -1722.955394 -1722.957918 -1722.962144 -1722.969497 -1722.982774 -1723.007627 -1723.055823 -1723.152947 -1723.358019 -1723.816807 -1724.915581 -1727.763462 -1735.883570 -1761.861705 -9999.0 -9999.0
-9999.0 -9999.0 819.721917 720.762088 621.653755 522.403276 423.080997 323.727442 224.363936 125.001892 25.648040 -73.691054 -173.014596 -272.315490 -371.575949 -470.766447 -569.832721 -668.681512 -767.394255 -866.087125 -964.534814 -1062.596377 -1158.761965 -1250.381200 -1336.095235 -1413.777802 -1481.730288 -1539.021712 -1585.618476 -1622.279506 -1650.293377 -1671.177738 -1686.435011 -1697.401839 -1705.185095 -1710.659652 -1714.510453 -1717.341178 -1719.972716 -1724.106871 -1732.373746 -1744.735074 -1951.860019 -4050.551609 -4133.646800 -4133.654792 -4133.649618 -4133.644912 -4133.628162 -4133.578256 -4133.451843 -4133.115450 -4132.593836 -4131.948337 -4130.918715 -4129.009730 -4125.058812 -4116.244841 -4095.815138 -4048.412638 -3776.311175 -1717.836176 -1701.520208 -1724.228752 -1724.183749 -1723.286739 -1723.015513 -1722.958565 -1722.948711 -1722.947555 -1722.947837 -1722.948285 -1722.948690 -1722.949032 -1722.949322 -1722.949573 -1722.949797 -1722.950002 -1722.950196 -1722.950386 -1722.950579 -1722.950786 -1722.951019 -1722.951299 -1722.951656 -1722.952135 -1722.952816 -1722.953827 -1722.955394 -1722.957918 -1722.962144 -1722.969496 -1722.982774 -1723.007627 -1723.055823 -1723.152947 -1723.358019 -1723.816807 -1724.915581 -1727.763462 -1735.883570 -1761.861705 -9999.0 -9999.0
-9999.0 -9999.0 819.723060 720.762693 621.654007 522.403371 423.081032 323.727454 224.363941 125.001894 25.648041 -73.691053 -173.014596 -272.315490 -371.575949 -470.766447 -569.832721 -668.681512 -767.394255 -866.087125 -964.534815 -1062.596377 -1158.761965 -1250.381200 -1336.095236 -1413.777802 -1481.730288 -1539.021712 -1585.618476 -1622.279506 -1650.293377 -1671.177738 -1686.435011 -1697.401839 -1705.185095 -1710.659652 -1714.510453 -1717.341178 -1719.972716 -1724.106871 -1732.373746 -1744.735074 -1951.860019 -4050.551609 -4133.646800 -4133.654792 -4133.649618 -4133.644912 -4133.628162 -4133.578256 -4133.451843 -4133.115450 -4132.593836 -4131.948337 -4130.918715 -4129.009730 -4125.058812 -4116.244841 -4095.815138 -4048.412638 -3776.311175 -1717.836176 -1701.520208 -1724.228752 -1724.183749 -1723.286739 -1723.015513 -1722.958565 -1722.948711 -1722.947555 -1722.947837 -1722.948285 -1722.948690 -1722.949032 -1722.949322 -1722.949573 -1722.949797 -1722.950002 -1722.950196 -1722.950386 -1722.950579 -1722.950786 -1722.951019 -1722.951299 -1722.951656 -1722.952135 -1722.952816 -1722.953827 -1722.955394 -1722.957918 -1722.962144 -1722.969496 -1722.982774 -1723.007627 -1723.055823 -1723.152947 -1723.358019 -1723.816807 -1724.915581 -1727.763462 -1735.883570 -1761.861705 -9999.0 -9999.0
-9999.0 -9999.0 819.723060 720.762693 621.654007 522.403371 423.081032 323.727454 224.363941 125.001894 25.648041 -73.691053 -173.014596 -272.315490 -371.575949 -470.766447 -569.832721 -668.681512 -767.394255 -866.087125 -964.534815 -1062.596377 -1158.761965 -1250.381200 -1336.095236 -1413.777802 -1481.730288 -1539.021712 -1585.618476 -1622.279506 -1650.293377 -1671.177738 -1686.435011 -1697.401839 -1705.185095 -1710.659652 -1714.510453 -1717.341178 -1719.972716 -1724.106871 -1732.373746 -1744.735074 -1951.860019 -4050.551609 -4133.646800 -4133.654792 -4133.649618 -4133.644912 -4133.628162 -4133.578256 -4133.451843 -4133.115450 -4132.593836 -4131.948337 -4130.918715 -4129.009730 -4125.058812 -4116.244841 -4095.815138 -4048.412638 -3776.311175 -1717.836176 -1701.520208 -1724.228752 -1724.183749 -1723.286739 -1723.015513 -1722.958565 -1722.948711 -1722.947555 -1722.947837 -1722.948285 -1722.948690 -1722.949032 -1722.949322 -1722.949573 -1722.949797 -1722.950002 -1722.950196 -1722.950386 -1722.950579 -1722.950786 -1722.951019 -1722.951299 -1722.951656 -1722.952135 -1722.952816 -1722.953827 -1722.955394 -1722.957918 -1722.962144 -1722.969496 -1722.982774 -1723.007627 -1723.055823 -1723.152947 -1723.358019 -1723.816807 -1724.915581 -1727.763462 -1735.883570 -1761.861705 -9999.0 -9999.0
-9999.0 -9999.0 819.721917 720.762088 621.653755 522.403276 423.080997 323.727442 224.363936 125.001892 25.648040 -73.691054 -173.014596 -272.315490 -371.575949 -470.766447 -569.832721 -668.681512 -767.394255 -866.087125 -964.534814 -1062.596377 -1158.761965 -1250.381200 -1336.095235 -1413.777802 -1481.730288 -1539.021712 -1585.618476 -1622.279506 -1650.293377 -1671.177738 -1686.435011 -1697.401839 -1705.185095 -1710.659652 -1714.510453 -1717.341178 -1719.972716 -1724.106871 -1732.373746 -1744.735074 -1951.860019 -4050.551609 -4133.646800 -4133.654792 -4133.649618 -4133.644912 -4133.628162 -4133.578256 -4133.451843 -4133.115450 -4132.593836 -4131.948337 -4130.918715 -4129.009730 -4125.058812 -4116.244841 -4095.815138 -4048.412638 -3776.311176 -1717.836176 -1701.520208 -1724.228752 -1724.183749 -1723.286739 -1723.015513 -1722.958565 -1722.948711 -1722.947555 -1722.947837 -1722.948285 -1722.948690 -1722.949032 -1722.949322 -1722.949573 -1722.949797 -1722.950002 -1722.950196 -1722.950386 -1722.950579 -1722.950786 -1722.951019 -1722.951299 -1722.951656 -1722.952135 -1722.952816 -1722.953827 -1722.955394 -1722.957918 -1722.962144 -1722.969496 -1722.982774 -1723.007627 -1723.055823 -1723.152947 -1723.358019 -1723.816807 -1724.915581 -1727.763462 -1735.883570 -1761.861705 -9999.0 -9999.0
-9999.0 -9999.0 819.718609 720.760912 621.653385 522.403158 423.080957 323.727428 224.363931 125.001890 25.648039 -73.691054 -173.014596 -272.315490 -371.575949 -470.766447 -569.832721 -668.681512 -767.394255 -866.087124 -964.534814 -1062.596377 -1158.761965 -1250.381200 -1336.095235 -1413.777802 -1481.730288 -1539.021712 -1585.618476 -1622.279506 -1650.293377 -1671.177738 -1686.435011 -1697.401839 -1705.185095 -1710.659652 -1714.510453 -1717.341178 -1719.972716 -1724.106871 -1732.373746 -1744.735074 -1951.860019 -4050.551609 -4133.646800 -4133.654792 -4133.649618 -4133.644912 -4133.628162 -4133.578256 -4133.451843 -4133.115450 -4132.593836 -4131.948337 -4130.918715 -4129.009730 -4125.058812 -4116.244841 -4095.815138 -4048.412638 -3776.311176 -1717.836176 -1701.520208 -1724.228752 -1724.183749 -1723.286739 -1723.015513 -1722.958565 -1722.948711 -1722.947555 -1722.947837 -1722.948285 -1722.948690 -1722.949032 -1722.949322 -1722.949573 -1722.949797 -1722.950002 -1722.950196 -1722.950386 -1722.950579 -1722.950786 -1722.951019 -1722.951299 -1722.951656 -1722.952135 -1722.952816 -1722.953827 -1722.955394 -1722.957918 -1722.962144 -1722.969497 -1722.982774 -1723.007627 -1723.055823 -1723.152947 -1723.358019 -1723.816807 -1724.915581 -1727.763462 -1735.883570 -1761.861705 -9999.0 -9999.0
-9999.0 -9999.0 -9999.0 -9999.0 -9999.0 -9999.0 -9999.0 -9999.0 -9999.0 -9999.0 -9999.0 -9999.0 -9999.0 -9999.0 -9999.0 -9999.0 -9999.0 -9999.0 -9999.0 -9999.0 -9999.0 -9999.0 -9999.0 -9999.0 -9999.0 -9999.0 -9999.0 -9999.0 -9999.0 -9999.0 -9999.0 -9999.0 -9999.0 -9999.0 -9999.0 -9999.0 -9999.0 -9999.0 -9999.0 -9999.0 -9999.0 -9999.0 -9999.0 -9999.0 -9999.0 -9999.0 -9999.0 -9999.0 -9999.0 -9999.0 -9999.0 -9999.0 -9999.0 -9999.0 -9999.0 -9999.0 -9999.0 -9999.0 -9999.0 -9999.0 -9999.0 -9999.0 -9999.0 -9999.0 -9999.0 -9999.0 -9999.0 -9999.0 -9999.0 -9999.0 -9999.0 -9999.0 -9999.0 -9999.0 -9999.0 -9999.0 -9999.0 -9999.0 -9999.0 -9999.0 -9999.0 -9999.0 -9999.0 -9999.0 -9999.0 -9999.0 -9999.0 -9999.0 -9999.0 -9999.0 -9999.0 -9999.0 -9999.0 -9999.0 -9999.0 -9999.0 -9999.0 -9999.0 -9999.0 -9999.0 -9999.0 -9999.0 -9999.0 -9999.0
-9999.0 -9999.0 -9999.0 -9999.0 -9999.0 -9999.0 -9999.0 -9999.0 -9999.0 -9999.0 -9999.0 -9999.0 -9999.0 -9999.0 -9999.0 -9999.0 -9999.0 -9999.0 -9999.0 -9999.0 -9999.0 -9999.0 -9999.0 -9999.0 -9999.0 -9999.0 -9999.0 -9999.0 -9999.0 -9999.0 -9999.0 -9999.0 -9999.0 -9999.0 -9999.0 -9999.0 -9999.0 -9999.0 -9999.0 -9999.0 -9999.0 -9999.0 -9999.0 -9999.0 -9999.0 -9999.0 -9999.0 -9999.0 -9999.0 -9999.0 -9999.0 -9999.0 -9999.0 -9999.0 -9999.0 -9999.0 -9999.0 -9999.0 -9999.0 -9999.0 -9999.0 -9999.0 -9999.0 -9999.0 -9999.0 -9999.0 -9999.0 -9999.0 -9999.0 -9999.0 -9999.0 -9999.0 -9999.0 -9999.0 -9999.0 -9999.0 -9999.0 -9999.0 -9999.0 -9999.0 -9999.0 -9999.0 -9999.0 -9999.0 -9999.0 -9999.0 -9999.0 -9999.0 -9999.0 -9999.0 -9999.0 -9999.0 -9999.0 -9999.0 -9999.0 -9999.0 -9999.0 -9999.0 -9999.0 -9999.0 -9999.0 -9999.0 -9999.0 -9999.0