inst/processing_geotop_simulation/geotop_simulation/out/maps3D/PwL0004N0471.asc
ncols         104
nrows         10
xllcorner     -2.000000
yllcorner     0.000000
cellsize      1.000000
NODATA_value  -9999.0
-9999.0 -9999.0 -9999.0 -9999.0 -9999.0 -9999.0 -9999.0 -9999.0 -9999.0 -9999.0 -9999.0 -9999.0 -9999.0 -9999.0 -9999.0 -9999.0 -9999.0 -9999.0 -9999.0 -9999.0 -9999.0 -9999.0 -9999.0 -9999.0 -9999.0 -9999.0 -9999.0 -9999.0 -9999.0 -9999.0 -9999.0 -9999.0 -9999.0 -9999.0 -9999.0 -9999.0 -9999.0 -9999.0 -9999.0 -9999.0 -9999.0 -9999.0 -9999.0 -9999.0 -9999.0 -9999.0 -9999.0 -9999.0 -9999.0 -9999.0 -9999.0 -9999.0 -9999.0 -9999.0 -9999.0 -9999.0 -9999.0 -9999.0 -9999.0 -9999.0 -9999.0 -9999.0 -9999.0 -9999.0 -9999.0 -9999.0 -9999.0 -9999.0 -9999.0 -9999.0 -9999.0 -9999.0 -9999.0 -9999.0 -9999.0 -9999.0 -9999.0 -9999.0 -9999.0 -9999.0 -9999.0 -9999.0 -9999.0 -9999.0 -9999.0 -9999.0 -9999.0 -9999.0 -9999.0 -9999.0 -9999.0 -9999.0 -9999.0 -9999.0 -9999.0 -9999.0 -9999.0 -9999.0 -9999.0 -9999.0 -9999.0 -9999.0 -9999.0 -9999.0
-9999.0 -9999.0 -9999.0 -9999.0 -9999.0 -9999.0 -9999.0 -9999.0 -9999.0 -9999.0 -9999.0 -9999.0 -9999.0 -9999.0 -9999.0 -9999.0 -9999.0 -9999.0 -9999.0 -9999.0 -9999.0 -9999.0 -9999.0 -9999.0 -9999.0 -9999.0 -9999.0 -9999.0 -9999.0 -9999.0 -9999.0 -9999.0 -9999.0 -9999.0 -9999.0 -9999.0 -9999.0 -9999.0 -9999.0 -9999.0 -9999.0 -9999.0 -9999.0 -9999.0 -9999.0 -9999.0 -9999.0 -9999.0 -9999.0 -9999.0 -9999.0 -9999.0 -9999.0 -9999.0 -9999.0 -9999.0 -9999.0 -9999.0 -9999.0 -9999.0 -9999.0 -9999.0 -9999.0 -9999.0 -9999.0 -9999.0 -9999.0 -9999.0 -9999.0 -9999.0 -9999.0 -9999.0 -9999.0 -9999.0 -9999.0 -9999.0 -9999.0 -9999.0 -9999.0 -9999.0 -9999.0 -9999.0 -9999.0 -9999.0 -9999.0 -9999.0 -9999.0 -9999.0 -9999.0 -9999.0 -9999.0 -9999.0 -9999.0 -9999.0 -9999.0 -9999.0 -9999.0 -9999.0 -9999.0 -9999.0 -9999.0 -9999.0 -9999.0 -9999.0
-9999.0 -9999.0 174.618399 76.276804 -22.843585 -122.185463 -221.611833 -321.070801 -420.536015 -519.990143 -619.410732 -718.749516 -818.036264 -917.235920 -1016.389612 -1115.563357 -1214.517080 -1313.167576 -1411.295855 -1508.434834 -1603.602708 -1694.935337 -1779.634625 -1854.717162 -1918.124116 -1969.310686 -2009.082934 -2039.050270 -2061.090030 -2076.995025 -2088.303225 -2096.249335 -2101.781439 -2105.605003 -2108.233600 -2110.038127 -2111.298949 -2112.294846 -2113.518506 -2115.774095 -2114.327342 -2039.358465 -1250.097987 -1255.309322 -1243.529131 -1235.582137 -1231.844680 -1231.250432 -1231.184833 -1231.189776 -1231.204796 -1231.221053 -1231.236692 -1231.251186 -1231.264723 -1231.281200 -1231.336233 -1231.697582 -1233.706494 -1238.109408 -1243.443218 -1229.733441 -2012.861775 -2108.628842 -2114.526670 -2114.178252 -2113.970856 -2113.923269 -2113.914884 -2113.913900 -2113.914139 -2113.914508 -2113.914829 -2113.915085 -2113.915289 -2113.915453 -2113.915589 -2113.915705 -2113.915808 -2113.915904 -2113.916001 -2113.916107 -2113.916236 -2113.916406 -2113.916645 -2113.916998 -2113.917539 -2113.918391 -2113.919769 -2113.922055 -2113.925955 -2113.932820 -2113.945289 -2113.968664 -2114.013864 -2114.104249 -2114.292741 -2114.708374 -2115.693610 -2118.253755 -2125.716626 -2150.569388 -9999.0 -9999.0
-9999.0 -9999.0 174.626901 76.278542 -22.843143 -122.185335 -221.611792 -321.070787 -420.536010 -519.990141 -619.410731 -718.749515 -818.036264 -917.235920 -1016.389611 -1115.563357 -1214.517080 -1313.167576 -1411.295855 -1508.434835 -1603.602708 -1694.935337 -1779.634625 -1854.717162 -1918.124116 -1969.310686 -2009.082934 -2039.050270 -2061.090030 -2076.995025 -2088.303225 -2096.249335 -2101.781439 -2105.605003 -2108.233600 -2110.038127 -2111.298949 -2112.294846 -2113.518506 -2115.774095 -2114.327341 -2039.358465 -1250.097987 -1255.309322 -1243.529131 -1235.582136 -1231.844680 -1231.250432 -1231.184833 -1231.189776 -1231.204796 -1231.221053 -1231.236692 -1231.251186 -1231.264723 -1231.281200 -1231.336233 -1231.697582 -1233.706494 -1238.109408 -1243.443218 -1229.733441 -2012.861775 -2108.628842 -2114.526670 -2114.178252 -2113.970856 -2113.923269 -2113.914884 -2113.913900 -2113.914139 -2113.914508 -2113.914829 -2113.915085 -2113.915289 -2113.915453 -2113.915589 -2113.915705 -2113.915808 -2113.915904 -2113.916001 -2113.916107 -2113.916236 -2113.916406 -2113.916645 -2113.916998 -2113.917539 -2113.918391 -2113.919769 -2113.922054 -2113.925955 -2113.932820 -2113.945289 -2113.968664 -2114.013864 -2114.104249 -2114.292741 -2114.708374 -2115.693610 -2118.253755 -2125.716626 -2150.569388 -9999.0 -9999.0
-9999.0 -9999.0 174.628099 76.279251 -22.842863 -122.185233 -221.611756 -321.070774 -420.536005 -519.990139 -619.410730 -718.749515 -818.036264 -917.235920 -1016.389611 -1115.563357 -1214.517080 -1313.167576 -1411.295856 -1508.434835 -1603.602709 -1694.935337 -1779.634626 -1854.717162 -1918.124116 -1969.310686 -2009.082934 -2039.050270 -2061.090030 -2076.995025 -2088.303225 -2096.249335 -2101.781439 -2105.605003 -2108.233600 -2110.038127 -2111.298949 -2112.294846 -2113.518506 -2115.774095 -2114.327341 -2039.358465 -1250.097987 -1255.309322 -1243.529131 -1235.582136 -1231.844680 -1231.250432 -1231.184833 -1231.189776 -1231.204796 -1231.221053 -1231.236692 -1231.251186 -1231.264723 -1231.281200 -1231.336233 -1231.697582 -1233.706494 -1238.109408 -1243.443218 -1229.733441 -2012.861775 -2108.628842 -2114.526670 -2114.178252 -2113.970856 -2113.923269 -2113.914884 -2113.913900 -2113.914139 -2113.914508 -2113.914829 -2113.915085 -2113.915289 -2113.915453 -2113.915589 -2113.915705 -2113.915808 -2113.915904 -2113.916001 -2113.916107 -2113.916236 -2113.916406 -2113.916645 -2113.916998 -2113.917539 -2113.918391 -2113.919769 -2113.922054 -2113.925955 -2113.932820 -2113.945289 -2113.968664 -2114.013864 -2114.104249 -2114.292741 -2114.708374 -2115.693610 -2118.253755 -2125.716626 -2150.569388 -9999.0 -9999.0
-9999.0 -9999.0 174.628099 76.279251 -22.842863 -122.185233 -221.611756 -321.070774 -420.536005 -519.990139 -619.410730 -718.749515 -818.036263 -917.235920 -1016.389611 -1115.563357 -1214.517080 -1313.167576 -1411.295856 -1508.434835 -1603.602709 -1694.935337 -1779.634626 -1854.717162 -1918.124116 -1969.310686 -2009.082934 -2039.050270 -2061.090030 -2076.995025 -2088.303225 -2096.249335 -2101.781439 -2105.605003 -2108.233600 -2110.038127 -2111.298949 -2112.294846 -2113.518506 -2115.774095 -2114.327341 -2039.358465 -1250.097987 -1255.309322 -1243.529131 -1235.582136 -1231.844680 -1231.250432 -1231.184833 -1231.189776 -1231.204796 -1231.221053 -1231.236692 -1231.251186 -1231.264723 -1231.281200 -1231.336233 -1231.697582 -1233.706494 -1238.109408 -1243.443218 -1229.733441 -2012.861775 -2108.628842 -2114.526670 -2114.178252 -2113.970856 -2113.923269 -2113.914884 -2113.913900 -2113.914139 -2113.914508 -2113.914829 -2113.915085 -2113.915289 -2113.915453 -2113.915589 -2113.915705 -2113.915808 -2113.915904 -2113.916001 -2113.916107 -2113.916236 -2113.916406 -2113.916645 -2113.916998 -2113.917539 -2113.918391 -2113.919769 -2113.922054 -2113.925955 -2113.932820 -2113.945289 -2113.968664 -2114.013864 -2114.104249 -2114.292741 -2114.708374 -2115.693610 -2118.253755 -2125.716626 -2150.569388 -9999.0 -9999.0
-9999.0 -9999.0 174.626901 76.278542 -22.843143 -122.185335 -221.611792 -321.070787 -420.536010 -519.990141 -619.410731 -718.749515 -818.036264 -917.235920 -1016.389612 -1115.563357 -1214.517080 -1313.167576 -1411.295855 -1508.434835 -1603.602708 -1694.935337 -1779.634625 -1854.717162 -1918.124116 -1969.310686 -2009.082934 -2039.050270 -2061.090030 -2076.995025 -2088.303225 -2096.249335 -2101.781439 -2105.605003 -2108.233600 -2110.038127 -2111.298949 -2112.294846 -2113.518506 -2115.774095 -2114.327341 -2039.358465 -1250.097987 -1255.309322 -1243.529131 -1235.582136 -1231.844680 -1231.250432 -1231.184833 -1231.189776 -1231.204796 -1231.221053 -1231.236692 -1231.251186 -1231.264723 -1231.281200 -1231.336233 -1231.697582 -1233.706494 -1238.109408 -1243.443218 -1229.733441 -2012.861775 -2108.628842 -2114.526670 -2114.178252 -2113.970856 -2113.923269 -2113.914884 -2113.913900 -2113.914139 -2113.914508 -2113.914829 -2113.915085 -2113.915289 -2113.915453 -2113.915589 -2113.915705 -2113.915808 -2113.915904 -2113.916001 -2113.916107 -2113.916236 -2113.916406 -2113.916645 -2113.916998 -2113.917539 -2113.918391 -2113.919769 -2113.922054 -2113.925955 -2113.932820 -2113.945289 -2113.968664 -2114.013864 -2114.104249 -2114.292741 -2114.708374 -2115.693610 -2118.253755 -2125.716626 -2150.569388 -9999.0 -9999.0
-9999.0 -9999.0 174.618399 76.276804 -22.843585 -122.185463 -221.611833 -321.070801 -420.536015 -519.990143 -619.410732 -718.749516 -818.036264 -917.235920 -1016.389612 -1115.563357 -1214.517080 -1313.167576 -1411.295855 -1508.434834 -1603.602708 -1694.935337 -1779.634625 -1854.717162 -1918.124116 -1969.310686 -2009.082934 -2039.050270 -2061.090030 -2076.995025 -2088.303225 -2096.249335 -2101.781439 -2105.605003 -2108.233600 -2110.038127 -2111.298949 -2112.294846 -2113.518506 -2115.774095 -2114.327342 -2039.358465 -1250.097987 -1255.309322 -1243.529131 -1235.582137 -1231.844680 -1231.250432 -1231.184833 -1231.189776 -1231.204796 -1231.221053 -1231.236692 -1231.251186 -1231.264723 -1231.281200 -1231.336233 -1231.697582 -1233.706494 -1238.109408 -1243.443218 -1229.733441 -2012.861775 -2108.628842 -2114.526670 -2114.178252 -2113.970856 -2113.923269 -2113.914884 -2113.913900 -2113.914139 -2113.914508 -2113.914829 -2113.915085 -2113.915289 -2113.915453 -2113.915589 -2113.915705 -2113.915808 -2113.915904 -2113.916001 -2113.916107 -2113.916236 -2113.916406 -2113.916645 -2113.916998 -2113.917539 -2113.918391 -2113.919769 -2113.922055 -2113.925955 -2113.932820 -2113.945289 -2113.968664 -2114.013864 -2114.104249 -2114.292741 -2114.708374 -2115.693610 -2118.253755 -2125.716626 -2150.569388 -9999.0 -9999.0
-9999.0 -9999.0 -9999.0 -9999.0 -9999.0 -9999.0 -9999.0 -9999.0 -9999.0 -9999.0 -9999.0 -9999.0 -9999.0 -9999.0 -9999.0 -9999.0 -9999.0 -9999.0 -9999.0 -9999.0 -9999.0 -9999.0 -9999.0 -9999.0 -9999.0 -9999.0 -9999.0 -9999.0 -9999.0 -9999.0 -9999.0 -9999.0 -9999.0 -9999.0 -9999.0 -9999.0 -9999.0 -9999.0 -9999.0 -9999.0 -9999.0 -9999.0 -9999.0 -9999.0 -9999.0 -9999.0 -9999.0 -9999.0 -9999.0 -9999.0 -9999.0 -9999.0 -9999.0 -9999.0 -9999.0 -9999.0 -9999.0 -9999.0 -9999.0 -9999.0 -9999.0 -9999.0 -9999.0 -9999.0 -9999.0 -9999.0 -9999.0 -9999.0 -9999.0 -9999.0 -9999.0 -9999.0 -9999.0 -9999.0 -9999.0 -9999.0 -9999.0 -9999.0 -9999.0 -9999.0 -9999.0 -9999.0 -9999.0 -9999.0 -9999.0 -9999.0 -9999.0 -9999.0 -9999.0 -9999.0 -9999.0 -9999.0 -9999.0 -9999.0 -9999.0 -9999.0 -9999.0 -9999.0 -9999.0 -9999.0 -9999.0 -9999.0 -9999.0 -9999.0
-9999.0 -9999.0 -9999.0 -9999.0 -9999.0 -9999.0 -9999.0 -9999.0 -9999.0 -9999.0 -9999.0 -9999.0 -9999.0 -9999.0 -9999.0 -9999.0 -9999.0 -9999.0 -9999.0 -9999.0 -9999.0 -9999.0 -9999.0 -9999.0 -9999.0 -9999.0 -9999.0 -9999.0 -9999.0 -9999.0 -9999.0 -9999.0 -9999.0 -9999.0 -9999.0 -9999.0 -9999.0 -9999.0 -9999.0 -9999.0 -9999.0 -9999.0 -9999.0 -9999.0 -9999.0 -9999.0 -9999.0 -9999.0 -9999.0 -9999.0 -9999.0 -9999.0 -9999.0 -9999.0 -9999.0 -9999.0 -9999.0 -9999.0 -9999.0 -9999.0 -9999.0 -9999.0 -9999.0 -9999.0 -9999.0 -9999.0 -9999.0 -9999.0 -9999.0 -9999.0 -9999.0 -9999.0 -9999.0 -9999.0 -9999.0 -9999.0 -9999.0 -9999.0 -9999.0 -9999.0 -9999.0 -9999.0 -9999.0 -9999.0 -9999.0 -9999.0 -9999.0 -9999.0 -9999.0 -9999.0 -9999.0 -9999.0 -9999.0 -9999.0 -9999.0 -9999.0 -9999.0 -9999.0 -9999.0 -9999.0 -9999.0 -9999.0 -9999.0 -9999.0