inst/processing_geotop_simulation/geotop_simulation/out/maps3D/PwL0008N0309.asc
ncols         104
nrows         10
xllcorner     -2.000000
yllcorner     0.000000
cellsize      1.000000
NODATA_value  -9999.0
-9999.0 -9999.0 -9999.0 -9999.0 -9999.0 -9999.0 -9999.0 -9999.0 -9999.0 -9999.0 -9999.0 -9999.0 -9999.0 -9999.0 -9999.0 -9999.0 -9999.0 -9999.0 -9999.0 -9999.0 -9999.0 -9999.0 -9999.0 -9999.0 -9999.0 -9999.0 -9999.0 -9999.0 -9999.0 -9999.0 -9999.0 -9999.0 -9999.0 -9999.0 -9999.0 -9999.0 -9999.0 -9999.0 -9999.0 -9999.0 -9999.0 -9999.0 -9999.0 -9999.0 -9999.0 -9999.0 -9999.0 -9999.0 -9999.0 -9999.0 -9999.0 -9999.0 -9999.0 -9999.0 -9999.0 -9999.0 -9999.0 -9999.0 -9999.0 -9999.0 -9999.0 -9999.0 -9999.0 -9999.0 -9999.0 -9999.0 -9999.0 -9999.0 -9999.0 -9999.0 -9999.0 -9999.0 -9999.0 -9999.0 -9999.0 -9999.0 -9999.0 -9999.0 -9999.0 -9999.0 -9999.0 -9999.0 -9999.0 -9999.0 -9999.0 -9999.0 -9999.0 -9999.0 -9999.0 -9999.0 -9999.0 -9999.0 -9999.0 -9999.0 -9999.0 -9999.0 -9999.0 -9999.0 -9999.0 -9999.0 -9999.0 -9999.0 -9999.0 -9999.0
-9999.0 -9999.0 -9999.0 -9999.0 -9999.0 -9999.0 -9999.0 -9999.0 -9999.0 -9999.0 -9999.0 -9999.0 -9999.0 -9999.0 -9999.0 -9999.0 -9999.0 -9999.0 -9999.0 -9999.0 -9999.0 -9999.0 -9999.0 -9999.0 -9999.0 -9999.0 -9999.0 -9999.0 -9999.0 -9999.0 -9999.0 -9999.0 -9999.0 -9999.0 -9999.0 -9999.0 -9999.0 -9999.0 -9999.0 -9999.0 -9999.0 -9999.0 -9999.0 -9999.0 -9999.0 -9999.0 -9999.0 -9999.0 -9999.0 -9999.0 -9999.0 -9999.0 -9999.0 -9999.0 -9999.0 -9999.0 -9999.0 -9999.0 -9999.0 -9999.0 -9999.0 -9999.0 -9999.0 -9999.0 -9999.0 -9999.0 -9999.0 -9999.0 -9999.0 -9999.0 -9999.0 -9999.0 -9999.0 -9999.0 -9999.0 -9999.0 -9999.0 -9999.0 -9999.0 -9999.0 -9999.0 -9999.0 -9999.0 -9999.0 -9999.0 -9999.0 -9999.0 -9999.0 -9999.0 -9999.0 -9999.0 -9999.0 -9999.0 -9999.0 -9999.0 -9999.0 -9999.0 -9999.0 -9999.0 -9999.0 -9999.0 -9999.0 -9999.0 -9999.0
-9999.0 -9999.0 374.822452 277.573513 179.311597 80.646654 -18.179301 -117.068229 -215.977652 -314.874764 -413.726317 -512.469510 -610.968544 -708.959880 -807.001512 -904.945698 -1002.694214 -1100.257271 -1195.839210 -1289.164571 -1378.492893 -1460.958229 -1533.461132 -1593.984311 -1642.169100 -1679.042951 -1706.388398 -1726.175440 -1740.217364 -1750.026586 -1756.791347 -1761.407975 -1764.532441 -1766.633538 -1768.040376 -1768.982981 -1769.631329 -1770.163313 -1771.000351 -1773.561420 -1780.225482 -1767.683302 -1221.240457 -1293.916494 -1265.599450 -1247.425128 -1239.025571 -1237.833711 -1237.709411 -1237.721595 -1237.753292 -1237.787348 -1237.820067 -1237.850359 -1237.878458 -1237.911022 -1238.011984 -1238.705119 -1243.094934 -1252.975434 -1266.000875 -1177.664376 -1737.819247 -1773.433735 -1772.145826 -1771.190833 -1770.979799 -1770.943353 -1770.937967 -1770.937704 -1770.938206 -1770.938725 -1770.939147 -1770.939474 -1770.939726 -1770.939924 -1770.940082 -1770.940211 -1770.940321 -1770.940420 -1770.940518 -1770.940627 -1770.940764 -1770.940952 -1770.941229 -1770.941650 -1770.942312 -1770.943370 -1770.945093 -1770.947957 -1770.952833 -1770.961364 -1770.976747 -1771.005328 -1771.059962 -1771.167406 -1771.385971 -1771.851743 -1772.909213 -1775.516001 -1782.717551 -1806.204601 -9999.0 -9999.0
-9999.0 -9999.0 374.829483 277.575299 179.312078 80.646797 -18.179255 -117.068213 -215.977646 -314.874762 -413.726316 -512.469510 -610.968544 -708.959880 -807.001512 -904.945698 -1002.694215 -1100.257271 -1195.839210 -1289.164571 -1378.492893 -1460.958230 -1533.461132 -1593.984311 -1642.169101 -1679.042951 -1706.388398 -1726.175440 -1740.217364 -1750.026586 -1756.791347 -1761.407975 -1764.532441 -1766.633538 -1768.040376 -1768.982981 -1769.631329 -1770.163313 -1771.000351 -1773.561420 -1780.225482 -1767.683302 -1221.240457 -1293.916494 -1265.599449 -1247.425127 -1239.025571 -1237.833711 -1237.709411 -1237.721595 -1237.753292 -1237.787348 -1237.820067 -1237.850359 -1237.878458 -1237.911022 -1238.011984 -1238.705119 -1243.094934 -1252.975434 -1266.000875 -1177.664376 -1737.819247 -1773.433735 -1772.145826 -1771.190833 -1770.979799 -1770.943353 -1770.937967 -1770.937704 -1770.938206 -1770.938725 -1770.939147 -1770.939474 -1770.939726 -1770.939924 -1770.940082 -1770.940211 -1770.940321 -1770.940420 -1770.940518 -1770.940627 -1770.940764 -1770.940952 -1770.941229 -1770.941650 -1770.942312 -1770.943370 -1770.945093 -1770.947957 -1770.952833 -1770.961364 -1770.976747 -1771.005328 -1771.059962 -1771.167406 -1771.385971 -1771.851743 -1772.909213 -1775.516001 -1782.717551 -1806.204601 -9999.0 -9999.0
-9999.0 -9999.0 374.830927 277.576072 179.312387 80.646910 -18.179215 -117.068199 -215.977641 -314.874760 -413.726315 -512.469510 -610.968544 -708.959880 -807.001512 -904.945698 -1002.694215 -1100.257271 -1195.839210 -1289.164571 -1378.492893 -1460.958230 -1533.461132 -1593.984311 -1642.169101 -1679.042951 -1706.388398 -1726.175440 -1740.217364 -1750.026586 -1756.791347 -1761.407975 -1764.532441 -1766.633539 -1768.040376 -1768.982981 -1769.631329 -1770.163313 -1771.000351 -1773.561420 -1780.225482 -1767.683302 -1221.240457 -1293.916494 -1265.599449 -1247.425127 -1239.025571 -1237.833711 -1237.709411 -1237.721595 -1237.753292 -1237.787348 -1237.820067 -1237.850359 -1237.878458 -1237.911022 -1238.011984 -1238.705119 -1243.094934 -1252.975434 -1266.000875 -1177.664376 -1737.819247 -1773.433735 -1772.145826 -1771.190833 -1770.979799 -1770.943353 -1770.937967 -1770.937704 -1770.938206 -1770.938725 -1770.939147 -1770.939474 -1770.939726 -1770.939924 -1770.940082 -1770.940211 -1770.940321 -1770.940420 -1770.940518 -1770.940627 -1770.940764 -1770.940952 -1770.941229 -1770.941650 -1770.942312 -1770.943370 -1770.945093 -1770.947957 -1770.952833 -1770.961364 -1770.976747 -1771.005328 -1771.059962 -1771.167406 -1771.385971 -1771.851743 -1772.909213 -1775.516001 -1782.717551 -1806.204601 -9999.0 -9999.0
-9999.0 -9999.0 374.830927 277.576071 179.312387 80.646910 -18.179215 -117.068199 -215.977641 -314.874760 -413.726315 -512.469510 -610.968544 -708.959880 -807.001512 -904.945698 -1002.694215 -1100.257272 -1195.839210 -1289.164571 -1378.492893 -1460.958230 -1533.461132 -1593.984311 -1642.169101 -1679.042951 -1706.388398 -1726.175440 -1740.217364 -1750.026586 -1756.791347 -1761.407975 -1764.532441 -1766.633539 -1768.040376 -1768.982981 -1769.631329 -1770.163313 -1771.000351 -1773.561420 -1780.225482 -1767.683302 -1221.240457 -1293.916494 -1265.599449 -1247.425127 -1239.025571 -1237.833711 -1237.709411 -1237.721595 -1237.753292 -1237.787348 -1237.820067 -1237.850359 -1237.878458 -1237.911022 -1238.011984 -1238.705119 -1243.094934 -1252.975434 -1266.000875 -1177.664376 -1737.819247 -1773.433735 -1772.145826 -1771.190833 -1770.979799 -1770.943353 -1770.937967 -1770.937704 -1770.938206 -1770.938725 -1770.939147 -1770.939474 -1770.939726 -1770.939924 -1770.940082 -1770.940211 -1770.940321 -1770.940420 -1770.940518 -1770.940627 -1770.940764 -1770.940952 -1770.941229 -1770.941650 -1770.942312 -1770.943370 -1770.945093 -1770.947957 -1770.952833 -1770.961364 -1770.976747 -1771.005328 -1771.059962 -1771.167406 -1771.385971 -1771.851743 -1772.909213 -1775.516001 -1782.717551 -1806.204601 -9999.0 -9999.0
-9999.0 -9999.0 374.829483 277.575299 179.312078 80.646797 -18.179255 -117.068213 -215.977647 -314.874762 -413.726316 -512.469510 -610.968544 -708.959880 -807.001512 -904.945698 -1002.694215 -1100.257271 -1195.839210 -1289.164571 -1378.492893 -1460.958230 -1533.461132 -1593.984311 -1642.169101 -1679.042951 -1706.388398 -1726.175440 -1740.217364 -1750.026586 -1756.791347 -1761.407975 -1764.532441 -1766.633538 -1768.040376 -1768.982981 -1769.631329 -1770.163313 -1771.000351 -1773.561420 -1780.225482 -1767.683302 -1221.240457 -1293.916494 -1265.599449 -1247.425127 -1239.025571 -1237.833711 -1237.709411 -1237.721595 -1237.753292 -1237.787348 -1237.820067 -1237.850359 -1237.878458 -1237.911022 -1238.011984 -1238.705119 -1243.094934 -1252.975434 -1266.000875 -1177.664376 -1737.819247 -1773.433735 -1772.145826 -1771.190833 -1770.979799 -1770.943353 -1770.937967 -1770.937704 -1770.938206 -1770.938725 -1770.939147 -1770.939474 -1770.939726 -1770.939924 -1770.940082 -1770.940211 -1770.940321 -1770.940420 -1770.940518 -1770.940627 -1770.940764 -1770.940952 -1770.941229 -1770.941650 -1770.942312 -1770.943370 -1770.945093 -1770.947957 -1770.952833 -1770.961364 -1770.976747 -1771.005328 -1771.059962 -1771.167406 -1771.385971 -1771.851743 -1772.909213 -1775.516001 -1782.717551 -1806.204601 -9999.0 -9999.0
-9999.0 -9999.0 374.822452 277.573513 179.311597 80.646654 -18.179301 -117.068229 -215.977652 -314.874764 -413.726317 -512.469511 -610.968544 -708.959880 -807.001512 -904.945698 -1002.694214 -1100.257271 -1195.839210 -1289.164571 -1378.492893 -1460.958229 -1533.461132 -1593.984311 -1642.169100 -1679.042951 -1706.388398 -1726.175440 -1740.217364 -1750.026586 -1756.791347 -1761.407975 -1764.532441 -1766.633538 -1768.040376 -1768.982981 -1769.631329 -1770.163313 -1771.000351 -1773.561420 -1780.225482 -1767.683302 -1221.240457 -1293.916494 -1265.599450 -1247.425128 -1239.025571 -1237.833711 -1237.709411 -1237.721595 -1237.753292 -1237.787348 -1237.820067 -1237.850359 -1237.878458 -1237.911022 -1238.011984 -1238.705119 -1243.094934 -1252.975434 -1266.000875 -1177.664376 -1737.819247 -1773.433735 -1772.145826 -1771.190833 -1770.979799 -1770.943353 -1770.937967 -1770.937704 -1770.938206 -1770.938725 -1770.939147 -1770.939474 -1770.939726 -1770.939924 -1770.940082 -1770.940211 -1770.940321 -1770.940420 -1770.940518 -1770.940627 -1770.940764 -1770.940952 -1770.941229 -1770.941650 -1770.942312 -1770.943370 -1770.945093 -1770.947957 -1770.952833 -1770.961364 -1770.976747 -1771.005328 -1771.059962 -1771.167406 -1771.385971 -1771.851743 -1772.909213 -1775.516001 -1782.717551 -1806.204601 -9999.0 -9999.0
-9999.0 -9999.0 -9999.0 -9999.0 -9999.0 -9999.0 -9999.0 -9999.0 -9999.0 -9999.0 -9999.0 -9999.0 -9999.0 -9999.0 -9999.0 -9999.0 -9999.0 -9999.0 -9999.0 -9999.0 -9999.0 -9999.0 -9999.0 -9999.0 -9999.0 -9999.0 -9999.0 -9999.0 -9999.0 -9999.0 -9999.0 -9999.0 -9999.0 -9999.0 -9999.0 -9999.0 -9999.0 -9999.0 -9999.0 -9999.0 -9999.0 -9999.0 -9999.0 -9999.0 -9999.0 -9999.0 -9999.0 -9999.0 -9999.0 -9999.0 -9999.0 -9999.0 -9999.0 -9999.0 -9999.0 -9999.0 -9999.0 -9999.0 -9999.0 -9999.0 -9999.0 -9999.0 -9999.0 -9999.0 -9999.0 -9999.0 -9999.0 -9999.0 -9999.0 -9999.0 -9999.0 -9999.0 -9999.0 -9999.0 -9999.0 -9999.0 -9999.0 -9999.0 -9999.0 -9999.0 -9999.0 -9999.0 -9999.0 -9999.0 -9999.0 -9999.0 -9999.0 -9999.0 -9999.0 -9999.0 -9999.0 -9999.0 -9999.0 -9999.0 -9999.0 -9999.0 -9999.0 -9999.0 -9999.0 -9999.0 -9999.0 -9999.0 -9999.0 -9999.0
-9999.0 -9999.0 -9999.0 -9999.0 -9999.0 -9999.0 -9999.0 -9999.0 -9999.0 -9999.0 -9999.0 -9999.0 -9999.0 -9999.0 -9999.0 -9999.0 -9999.0 -9999.0 -9999.0 -9999.0 -9999.0 -9999.0 -9999.0 -9999.0 -9999.0 -9999.0 -9999.0 -9999.0 -9999.0 -9999.0 -9999.0 -9999.0 -9999.0 -9999.0 -9999.0 -9999.0 -9999.0 -9999.0 -9999.0 -9999.0 -9999.0 -9999.0 -9999.0 -9999.0 -9999.0 -9999.0 -9999.0 -9999.0 -9999.0 -9999.0 -9999.0 -9999.0 -9999.0 -9999.0 -9999.0 -9999.0 -9999.0 -9999.0 -9999.0 -9999.0 -9999.0 -9999.0 -9999.0 -9999.0 -9999.0 -9999.0 -9999.0 -9999.0 -9999.0 -9999.0 -9999.0 -9999.0 -9999.0 -9999.0 -9999.0 -9999.0 -9999.0 -9999.0 -9999.0 -9999.0 -9999.0 -9999.0 -9999.0 -9999.0 -9999.0 -9999.0 -9999.0 -9999.0 -9999.0 -9999.0 -9999.0 -9999.0 -9999.0 -9999.0 -9999.0 -9999.0 -9999.0 -9999.0 -9999.0 -9999.0 -9999.0 -9999.0 -9999.0 -9999.0