inst/processing_geotop_simulation/geotop_simulation/out/maps3D/PwL0005N0435.asc
ncols         104
nrows         10
xllcorner     -2.000000
yllcorner     0.000000
cellsize      1.000000
NODATA_value  -9999.0
-9999.0 -9999.0 -9999.0 -9999.0 -9999.0 -9999.0 -9999.0 -9999.0 -9999.0 -9999.0 -9999.0 -9999.0 -9999.0 -9999.0 -9999.0 -9999.0 -9999.0 -9999.0 -9999.0 -9999.0 -9999.0 -9999.0 -9999.0 -9999.0 -9999.0 -9999.0 -9999.0 -9999.0 -9999.0 -9999.0 -9999.0 -9999.0 -9999.0 -9999.0 -9999.0 -9999.0 -9999.0 -9999.0 -9999.0 -9999.0 -9999.0 -9999.0 -9999.0 -9999.0 -9999.0 -9999.0 -9999.0 -9999.0 -9999.0 -9999.0 -9999.0 -9999.0 -9999.0 -9999.0 -9999.0 -9999.0 -9999.0 -9999.0 -9999.0 -9999.0 -9999.0 -9999.0 -9999.0 -9999.0 -9999.0 -9999.0 -9999.0 -9999.0 -9999.0 -9999.0 -9999.0 -9999.0 -9999.0 -9999.0 -9999.0 -9999.0 -9999.0 -9999.0 -9999.0 -9999.0 -9999.0 -9999.0 -9999.0 -9999.0 -9999.0 -9999.0 -9999.0 -9999.0 -9999.0 -9999.0 -9999.0 -9999.0 -9999.0 -9999.0 -9999.0 -9999.0 -9999.0 -9999.0 -9999.0 -9999.0 -9999.0 -9999.0 -9999.0 -9999.0
-9999.0 -9999.0 -9999.0 -9999.0 -9999.0 -9999.0 -9999.0 -9999.0 -9999.0 -9999.0 -9999.0 -9999.0 -9999.0 -9999.0 -9999.0 -9999.0 -9999.0 -9999.0 -9999.0 -9999.0 -9999.0 -9999.0 -9999.0 -9999.0 -9999.0 -9999.0 -9999.0 -9999.0 -9999.0 -9999.0 -9999.0 -9999.0 -9999.0 -9999.0 -9999.0 -9999.0 -9999.0 -9999.0 -9999.0 -9999.0 -9999.0 -9999.0 -9999.0 -9999.0 -9999.0 -9999.0 -9999.0 -9999.0 -9999.0 -9999.0 -9999.0 -9999.0 -9999.0 -9999.0 -9999.0 -9999.0 -9999.0 -9999.0 -9999.0 -9999.0 -9999.0 -9999.0 -9999.0 -9999.0 -9999.0 -9999.0 -9999.0 -9999.0 -9999.0 -9999.0 -9999.0 -9999.0 -9999.0 -9999.0 -9999.0 -9999.0 -9999.0 -9999.0 -9999.0 -9999.0 -9999.0 -9999.0 -9999.0 -9999.0 -9999.0 -9999.0 -9999.0 -9999.0 -9999.0 -9999.0 -9999.0 -9999.0 -9999.0 -9999.0 -9999.0 -9999.0 -9999.0 -9999.0 -9999.0 -9999.0 -9999.0 -9999.0 -9999.0 -9999.0
-9999.0 -9999.0 224.419194 126.204285 27.195095 -72.058184 -171.406161 -270.791480 -370.185127 -469.567263 -568.915252 -668.178970 -767.333638 -866.411371 -965.425093 -1064.439441 -1163.297959 -1261.719200 -1359.491624 -1456.050451 -1550.261128 -1640.057373 -1722.517005 -1794.770853 -1855.079987 -1903.249808 -1940.333528 -1968.054257 -1988.301205 -2002.821983 -2013.086851 -2020.260611 -2025.228886 -2028.645399 -2030.982727 -2032.580029 -2033.692600 -2034.577480 -2035.719772 -2038.094326 -2038.581945 -1975.971394 -1225.994131 -1238.985870 -1225.459044 -1216.372748 -1212.109653 -1211.445502 -1211.373006 -1211.378797 -1211.395772 -1211.414117 -1211.431761 -1211.448109 -1211.463356 -1211.481726 -1211.542220 -1211.942927 -1214.222775 -1219.243178 -1225.337444 -1202.755178 -1948.800518 -2032.496132 -2036.764391 -2036.250647 -2036.036557 -2035.990811 -2035.983061 -2035.982231 -2035.982517 -2035.982909 -2035.983245 -2035.983510 -2035.983719 -2035.983887 -2035.984025 -2035.984140 -2035.984242 -2035.984335 -2035.984430 -2035.984534 -2035.984661 -2035.984831 -2035.985073 -2035.985434 -2035.985991 -2035.986873 -2035.988303 -2035.990679 -2035.994734 -2036.001864 -2036.014801 -2036.039010 -2036.085711 -2036.178766 -2036.371813 -2036.794505 -2037.787730 -2040.342460 -2047.724136 -2072.275803 -9999.0 -9999.0
-9999.0 -9999.0 224.427249 126.206034 27.195545 -72.058052 -171.406119 -270.791466 -370.185122 -469.567261 -568.915251 -668.178970 -767.333637 -866.411371 -965.425093 -1064.439441 -1163.297959 -1261.719201 -1359.491624 -1456.050451 -1550.261128 -1640.057373 -1722.517005 -1794.770853 -1855.079987 -1903.249808 -1940.333528 -1968.054257 -1988.301205 -2002.821983 -2013.086851 -2020.260611 -2025.228886 -2028.645399 -2030.982727 -2032.580029 -2033.692600 -2034.577480 -2035.719772 -2038.094326 -2038.581945 -1975.971394 -1225.994131 -1238.985870 -1225.459044 -1216.372747 -1212.109653 -1211.445502 -1211.373006 -1211.378797 -1211.395772 -1211.414117 -1211.431761 -1211.448109 -1211.463356 -1211.481726 -1211.542220 -1211.942927 -1214.222775 -1219.243178 -1225.337444 -1202.755178 -1948.800518 -2032.496132 -2036.764391 -2036.250647 -2036.036557 -2035.990811 -2035.983061 -2035.982231 -2035.982517 -2035.982909 -2035.983245 -2035.983510 -2035.983719 -2035.983887 -2035.984025 -2035.984140 -2035.984242 -2035.984335 -2035.984430 -2035.984534 -2035.984661 -2035.984831 -2035.985073 -2035.985434 -2035.985991 -2035.986873 -2035.988303 -2035.990679 -2035.994734 -2036.001864 -2036.014801 -2036.039010 -2036.085711 -2036.178766 -2036.371813 -2036.794505 -2037.787730 -2040.342460 -2047.724136 -2072.275803 -9999.0 -9999.0
-9999.0 -9999.0 224.428515 126.206756 27.195831 -72.057948 -171.406082 -270.791453 -370.185117 -469.567259 -568.915251 -668.178969 -767.333637 -866.411371 -965.425093 -1064.439442 -1163.297959 -1261.719201 -1359.491624 -1456.050451 -1550.261128 -1640.057374 -1722.517005 -1794.770853 -1855.079987 -1903.249808 -1940.333528 -1968.054257 -1988.301205 -2002.821984 -2013.086851 -2020.260611 -2025.228886 -2028.645399 -2030.982727 -2032.580029 -2033.692600 -2034.577480 -2035.719772 -2038.094326 -2038.581945 -1975.971394 -1225.994131 -1238.985870 -1225.459044 -1216.372747 -1212.109653 -1211.445502 -1211.373006 -1211.378797 -1211.395772 -1211.414117 -1211.431761 -1211.448109 -1211.463356 -1211.481726 -1211.542220 -1211.942927 -1214.222775 -1219.243178 -1225.337444 -1202.755178 -1948.800518 -2032.496132 -2036.764391 -2036.250647 -2036.036557 -2035.990811 -2035.983061 -2035.982231 -2035.982517 -2035.982909 -2035.983245 -2035.983510 -2035.983719 -2035.983887 -2035.984025 -2035.984140 -2035.984242 -2035.984335 -2035.984430 -2035.984534 -2035.984661 -2035.984831 -2035.985073 -2035.985434 -2035.985991 -2035.986873 -2035.988303 -2035.990679 -2035.994734 -2036.001864 -2036.014801 -2036.039010 -2036.085711 -2036.178766 -2036.371813 -2036.794505 -2037.787730 -2040.342460 -2047.724136 -2072.275803 -9999.0 -9999.0
-9999.0 -9999.0 224.428515 126.206756 27.195831 -72.057948 -171.406082 -270.791453 -370.185117 -469.567259 -568.915250 -668.178969 -767.333637 -866.411371 -965.425093 -1064.439442 -1163.297959 -1261.719201 -1359.491624 -1456.050451 -1550.261128 -1640.057374 -1722.517005 -1794.770853 -1855.079987 -1903.249808 -1940.333528 -1968.054257 -1988.301205 -2002.821984 -2013.086851 -2020.260611 -2025.228886 -2028.645399 -2030.982727 -2032.580029 -2033.692600 -2034.577480 -2035.719772 -2038.094326 -2038.581945 -1975.971394 -1225.994131 -1238.985870 -1225.459044 -1216.372747 -1212.109653 -1211.445502 -1211.373006 -1211.378797 -1211.395772 -1211.414117 -1211.431761 -1211.448109 -1211.463356 -1211.481726 -1211.542220 -1211.942927 -1214.222775 -1219.243178 -1225.337444 -1202.755178 -1948.800518 -2032.496132 -2036.764391 -2036.250647 -2036.036557 -2035.990811 -2035.983061 -2035.982231 -2035.982517 -2035.982909 -2035.983245 -2035.983510 -2035.983719 -2035.983887 -2035.984025 -2035.984140 -2035.984242 -2035.984335 -2035.984430 -2035.984534 -2035.984661 -2035.984831 -2035.985073 -2035.985434 -2035.985991 -2035.986873 -2035.988303 -2035.990679 -2035.994734 -2036.001864 -2036.014801 -2036.039010 -2036.085711 -2036.178766 -2036.371813 -2036.794505 -2037.787730 -2040.342460 -2047.724136 -2072.275803 -9999.0 -9999.0
-9999.0 -9999.0 224.427249 126.206034 27.195545 -72.058052 -171.406119 -270.791466 -370.185122 -469.567261 -568.915251 -668.178970 -767.333637 -866.411371 -965.425093 -1064.439441 -1163.297959 -1261.719201 -1359.491624 -1456.050451 -1550.261128 -1640.057373 -1722.517005 -1794.770853 -1855.079987 -1903.249808 -1940.333528 -1968.054257 -1988.301205 -2002.821983 -2013.086851 -2020.260611 -2025.228886 -2028.645399 -2030.982727 -2032.580029 -2033.692600 -2034.577480 -2035.719772 -2038.094326 -2038.581945 -1975.971394 -1225.994131 -1238.985870 -1225.459044 -1216.372747 -1212.109653 -1211.445502 -1211.373006 -1211.378797 -1211.395772 -1211.414117 -1211.431761 -1211.448109 -1211.463356 -1211.481726 -1211.542220 -1211.942927 -1214.222775 -1219.243178 -1225.337444 -1202.755178 -1948.800518 -2032.496132 -2036.764391 -2036.250647 -2036.036557 -2035.990811 -2035.983061 -2035.982231 -2035.982517 -2035.982909 -2035.983245 -2035.983510 -2035.983719 -2035.983887 -2035.984025 -2035.984140 -2035.984242 -2035.984335 -2035.984430 -2035.984534 -2035.984661 -2035.984831 -2035.985073 -2035.985434 -2035.985991 -2035.986873 -2035.988303 -2035.990679 -2035.994734 -2036.001864 -2036.014801 -2036.039010 -2036.085711 -2036.178766 -2036.371813 -2036.794505 -2037.787730 -2040.342460 -2047.724136 -2072.275803 -9999.0 -9999.0
-9999.0 -9999.0 224.419194 126.204285 27.195095 -72.058184 -171.406161 -270.791480 -370.185127 -469.567263 -568.915252 -668.178970 -767.333638 -866.411371 -965.425093 -1064.439441 -1163.297959 -1261.719201 -1359.491624 -1456.050451 -1550.261128 -1640.057373 -1722.517005 -1794.770853 -1855.079987 -1903.249808 -1940.333528 -1968.054257 -1988.301205 -2002.821983 -2013.086851 -2020.260611 -2025.228886 -2028.645399 -2030.982727 -2032.580029 -2033.692600 -2034.577480 -2035.719772 -2038.094326 -2038.581945 -1975.971394 -1225.994131 -1238.985870 -1225.459044 -1216.372748 -1212.109653 -1211.445502 -1211.373006 -1211.378797 -1211.395772 -1211.414117 -1211.431761 -1211.448109 -1211.463356 -1211.481726 -1211.542220 -1211.942927 -1214.222775 -1219.243178 -1225.337444 -1202.755178 -1948.800518 -2032.496132 -2036.764391 -2036.250647 -2036.036557 -2035.990811 -2035.983061 -2035.982231 -2035.982517 -2035.982909 -2035.983245 -2035.983510 -2035.983719 -2035.983887 -2035.984025 -2035.984140 -2035.984242 -2035.984335 -2035.984430 -2035.984534 -2035.984661 -2035.984831 -2035.985073 -2035.985434 -2035.985991 -2035.986873 -2035.988303 -2035.990679 -2035.994734 -2036.001864 -2036.014801 -2036.039010 -2036.085711 -2036.178766 -2036.371813 -2036.794505 -2037.787730 -2040.342460 -2047.724136 -2072.275803 -9999.0 -9999.0
-9999.0 -9999.0 -9999.0 -9999.0 -9999.0 -9999.0 -9999.0 -9999.0 -9999.0 -9999.0 -9999.0 -9999.0 -9999.0 -9999.0 -9999.0 -9999.0 -9999.0 -9999.0 -9999.0 -9999.0 -9999.0 -9999.0 -9999.0 -9999.0 -9999.0 -9999.0 -9999.0 -9999.0 -9999.0 -9999.0 -9999.0 -9999.0 -9999.0 -9999.0 -9999.0 -9999.0 -9999.0 -9999.0 -9999.0 -9999.0 -9999.0 -9999.0 -9999.0 -9999.0 -9999.0 -9999.0 -9999.0 -9999.0 -9999.0 -9999.0 -9999.0 -9999.0 -9999.0 -9999.0 -9999.0 -9999.0 -9999.0 -9999.0 -9999.0 -9999.0 -9999.0 -9999.0 -9999.0 -9999.0 -9999.0 -9999.0 -9999.0 -9999.0 -9999.0 -9999.0 -9999.0 -9999.0 -9999.0 -9999.0 -9999.0 -9999.0 -9999.0 -9999.0 -9999.0 -9999.0 -9999.0 -9999.0 -9999.0 -9999.0 -9999.0 -9999.0 -9999.0 -9999.0 -9999.0 -9999.0 -9999.0 -9999.0 -9999.0 -9999.0 -9999.0 -9999.0 -9999.0 -9999.0 -9999.0 -9999.0 -9999.0 -9999.0 -9999.0 -9999.0
-9999.0 -9999.0 -9999.0 -9999.0 -9999.0 -9999.0 -9999.0 -9999.0 -9999.0 -9999.0 -9999.0 -9999.0 -9999.0 -9999.0 -9999.0 -9999.0 -9999.0 -9999.0 -9999.0 -9999.0 -9999.0 -9999.0 -9999.0 -9999.0 -9999.0 -9999.0 -9999.0 -9999.0 -9999.0 -9999.0 -9999.0 -9999.0 -9999.0 -9999.0 -9999.0 -9999.0 -9999.0 -9999.0 -9999.0 -9999.0 -9999.0 -9999.0 -9999.0 -9999.0 -9999.0 -9999.0 -9999.0 -9999.0 -9999.0 -9999.0 -9999.0 -9999.0 -9999.0 -9999.0 -9999.0 -9999.0 -9999.0 -9999.0 -9999.0 -9999.0 -9999.0 -9999.0 -9999.0 -9999.0 -9999.0 -9999.0 -9999.0 -9999.0 -9999.0 -9999.0 -9999.0 -9999.0 -9999.0 -9999.0 -9999.0 -9999.0 -9999.0 -9999.0 -9999.0 -9999.0 -9999.0 -9999.0 -9999.0 -9999.0 -9999.0 -9999.0 -9999.0 -9999.0 -9999.0 -9999.0 -9999.0 -9999.0 -9999.0 -9999.0 -9999.0 -9999.0 -9999.0 -9999.0 -9999.0 -9999.0 -9999.0 -9999.0 -9999.0 -9999.0