inst/processing_geotop_simulation/geotop_simulation/out/maps3D/PwL0016N0396.asc
ncols         104
nrows         10
xllcorner     -2.000000
yllcorner     0.000000
cellsize      1.000000
NODATA_value  -9999.0
-9999.0 -9999.0 -9999.0 -9999.0 -9999.0 -9999.0 -9999.0 -9999.0 -9999.0 -9999.0 -9999.0 -9999.0 -9999.0 -9999.0 -9999.0 -9999.0 -9999.0 -9999.0 -9999.0 -9999.0 -9999.0 -9999.0 -9999.0 -9999.0 -9999.0 -9999.0 -9999.0 -9999.0 -9999.0 -9999.0 -9999.0 -9999.0 -9999.0 -9999.0 -9999.0 -9999.0 -9999.0 -9999.0 -9999.0 -9999.0 -9999.0 -9999.0 -9999.0 -9999.0 -9999.0 -9999.0 -9999.0 -9999.0 -9999.0 -9999.0 -9999.0 -9999.0 -9999.0 -9999.0 -9999.0 -9999.0 -9999.0 -9999.0 -9999.0 -9999.0 -9999.0 -9999.0 -9999.0 -9999.0 -9999.0 -9999.0 -9999.0 -9999.0 -9999.0 -9999.0 -9999.0 -9999.0 -9999.0 -9999.0 -9999.0 -9999.0 -9999.0 -9999.0 -9999.0 -9999.0 -9999.0 -9999.0 -9999.0 -9999.0 -9999.0 -9999.0 -9999.0 -9999.0 -9999.0 -9999.0 -9999.0 -9999.0 -9999.0 -9999.0 -9999.0 -9999.0 -9999.0 -9999.0 -9999.0 -9999.0 -9999.0 -9999.0 -9999.0 -9999.0
-9999.0 -9999.0 -9999.0 -9999.0 -9999.0 -9999.0 -9999.0 -9999.0 -9999.0 -9999.0 -9999.0 -9999.0 -9999.0 -9999.0 -9999.0 -9999.0 -9999.0 -9999.0 -9999.0 -9999.0 -9999.0 -9999.0 -9999.0 -9999.0 -9999.0 -9999.0 -9999.0 -9999.0 -9999.0 -9999.0 -9999.0 -9999.0 -9999.0 -9999.0 -9999.0 -9999.0 -9999.0 -9999.0 -9999.0 -9999.0 -9999.0 -9999.0 -9999.0 -9999.0 -9999.0 -9999.0 -9999.0 -9999.0 -9999.0 -9999.0 -9999.0 -9999.0 -9999.0 -9999.0 -9999.0 -9999.0 -9999.0 -9999.0 -9999.0 -9999.0 -9999.0 -9999.0 -9999.0 -9999.0 -9999.0 -9999.0 -9999.0 -9999.0 -9999.0 -9999.0 -9999.0 -9999.0 -9999.0 -9999.0 -9999.0 -9999.0 -9999.0 -9999.0 -9999.0 -9999.0 -9999.0 -9999.0 -9999.0 -9999.0 -9999.0 -9999.0 -9999.0 -9999.0 -9999.0 -9999.0 -9999.0 -9999.0 -9999.0 -9999.0 -9999.0 -9999.0 -9999.0 -9999.0 -9999.0 -9999.0 -9999.0 -9999.0 -9999.0 -9999.0
-9999.0 -9999.0 770.402230 671.597589 572.591871 473.418294 374.162400 274.870919 175.567971 76.266341 -23.024875 -122.300494 -221.558008 -320.782870 -419.948223 -519.010333 -617.889256 -716.455169 -815.131638 -913.604192 -1011.777220 -1109.480461 -1203.218538 -1292.146108 -1373.989843 -1446.706007 -1508.925014 -1560.198949 -1600.986091 -1632.422672 -1656.005875 -1673.305897 -1685.769423 -1694.620895 -1700.837891 -1705.172268 -1708.202070 -1710.440059 -1712.631182 -1716.463841 -1724.820152 -1737.779309 -1949.718932 -4103.256487 -4182.987369 -4182.741126 -4182.502617 -4182.462223 -4182.457841 -4182.457791 -4182.457602 -4182.455171 -4182.450361 -4182.443747 -4182.432251 -4182.409698 -4182.362505 -4182.267455 -4182.111511 -4181.510800 -4029.911575 -1734.320453 -1695.775312 -1716.576518 -1716.012188 -1715.061489 -1714.795013 -1714.741275 -1714.732242 -1714.731246 -1714.731553 -1714.731997 -1714.732388 -1714.732710 -1714.732976 -1714.733201 -1714.733397 -1714.733572 -1714.733733 -1714.733889 -1714.734047 -1714.734217 -1714.734414 -1714.734656 -1714.734975 -1714.735420 -1714.736070 -1714.737058 -1714.738616 -1714.741157 -1714.745443 -1714.752930 -1714.766475 -1714.791827 -1714.840899 -1714.939407 -1715.146190 -1715.605478 -1716.697086 -1719.506388 -1727.482764 -1753.082404 -9999.0 -9999.0
-9999.0 -9999.0 770.405844 671.598835 572.592256 473.418416 374.162440 274.870933 175.567976 76.266343 -23.024874 -122.300493 -221.558008 -320.782870 -419.948224 -519.010334 -617.889257 -716.455169 -815.131638 -913.604192 -1011.777220 -1109.480461 -1203.218538 -1292.146108 -1373.989843 -1446.706007 -1508.925014 -1560.198949 -1600.986091 -1632.422672 -1656.005875 -1673.305897 -1685.769423 -1694.620895 -1700.837891 -1705.172268 -1708.202070 -1710.440059 -1712.631182 -1716.463841 -1724.820152 -1737.779308 -1949.718932 -4103.256487 -4182.987369 -4182.741126 -4182.502617 -4182.462223 -4182.457841 -4182.457791 -4182.457602 -4182.455171 -4182.450361 -4182.443747 -4182.432251 -4182.409698 -4182.362505 -4182.267455 -4182.111511 -4181.510800 -4029.911575 -1734.320453 -1695.775312 -1716.576517 -1716.012188 -1715.061489 -1714.795013 -1714.741275 -1714.732242 -1714.731246 -1714.731553 -1714.731996 -1714.732387 -1714.732710 -1714.732976 -1714.733201 -1714.733397 -1714.733572 -1714.733733 -1714.733889 -1714.734047 -1714.734217 -1714.734414 -1714.734656 -1714.734975 -1714.735420 -1714.736070 -1714.737058 -1714.738616 -1714.741157 -1714.745443 -1714.752930 -1714.766475 -1714.791827 -1714.840899 -1714.939407 -1715.146190 -1715.605478 -1716.697086 -1719.506388 -1727.482764 -1753.082404 -9999.0 -9999.0
-9999.0 -9999.0 770.407038 671.599464 572.592516 473.418514 374.162476 274.870946 175.567981 76.266345 -23.024873 -122.300493 -221.558007 -320.782870 -419.948224 -519.010334 -617.889257 -716.455170 -815.131638 -913.604193 -1011.777220 -1109.480461 -1203.218538 -1292.146108 -1373.989843 -1446.706007 -1508.925014 -1560.198949 -1600.986091 -1632.422672 -1656.005875 -1673.305897 -1685.769423 -1694.620895 -1700.837891 -1705.172268 -1708.202070 -1710.440059 -1712.631182 -1716.463841 -1724.820152 -1737.779308 -1949.718932 -4103.256487 -4182.987369 -4182.741126 -4182.502617 -4182.462223 -4182.457841 -4182.457791 -4182.457602 -4182.455171 -4182.450361 -4182.443747 -4182.432251 -4182.409698 -4182.362505 -4182.267455 -4182.111511 -4181.510800 -4029.911575 -1734.320453 -1695.775312 -1716.576517 -1716.012188 -1715.061489 -1714.795013 -1714.741275 -1714.732242 -1714.731246 -1714.731553 -1714.731996 -1714.732387 -1714.732710 -1714.732976 -1714.733201 -1714.733397 -1714.733572 -1714.733733 -1714.733889 -1714.734047 -1714.734217 -1714.734414 -1714.734656 -1714.734975 -1714.735420 -1714.736070 -1714.737058 -1714.738616 -1714.741157 -1714.745443 -1714.752930 -1714.766475 -1714.791827 -1714.840899 -1714.939407 -1715.146190 -1715.605478 -1716.697086 -1719.506388 -1727.482764 -1753.082404 -9999.0 -9999.0
-9999.0 -9999.0 770.407038 671.599464 572.592516 473.418514 374.162476 274.870946 175.567981 76.266345 -23.024873 -122.300493 -221.558007 -320.782870 -419.948224 -519.010334 -617.889257 -716.455170 -815.131638 -913.604193 -1011.777220 -1109.480461 -1203.218538 -1292.146108 -1373.989843 -1446.706007 -1508.925014 -1560.198949 -1600.986091 -1632.422672 -1656.005875 -1673.305897 -1685.769423 -1694.620895 -1700.837891 -1705.172268 -1708.202070 -1710.440059 -1712.631182 -1716.463841 -1724.820152 -1737.779308 -1949.718932 -4103.256487 -4182.987369 -4182.741126 -4182.502617 -4182.462223 -4182.457841 -4182.457791 -4182.457602 -4182.455171 -4182.450361 -4182.443747 -4182.432251 -4182.409698 -4182.362505 -4182.267455 -4182.111511 -4181.510800 -4029.911575 -1734.320453 -1695.775312 -1716.576517 -1716.012188 -1715.061489 -1714.795013 -1714.741275 -1714.732242 -1714.731246 -1714.731553 -1714.731996 -1714.732387 -1714.732710 -1714.732976 -1714.733201 -1714.733397 -1714.733572 -1714.733733 -1714.733889 -1714.734047 -1714.734217 -1714.734414 -1714.734656 -1714.734975 -1714.735420 -1714.736070 -1714.737058 -1714.738616 -1714.741157 -1714.745443 -1714.752930 -1714.766475 -1714.791827 -1714.840899 -1714.939407 -1715.146190 -1715.605478 -1716.697086 -1719.506388 -1727.482764 -1753.082404 -9999.0 -9999.0
-9999.0 -9999.0 770.405844 671.598835 572.592256 473.418416 374.162440 274.870933 175.567976 76.266343 -23.024874 -122.300493 -221.558008 -320.782870 -419.948224 -519.010334 -617.889257 -716.455169 -815.131638 -913.604192 -1011.777220 -1109.480461 -1203.218538 -1292.146108 -1373.989843 -1446.706007 -1508.925014 -1560.198949 -1600.986091 -1632.422672 -1656.005875 -1673.305897 -1685.769423 -1694.620895 -1700.837891 -1705.172268 -1708.202070 -1710.440059 -1712.631182 -1716.463841 -1724.820152 -1737.779308 -1949.718932 -4103.256487 -4182.987369 -4182.741126 -4182.502617 -4182.462223 -4182.457841 -4182.457791 -4182.457602 -4182.455171 -4182.450361 -4182.443747 -4182.432251 -4182.409698 -4182.362505 -4182.267455 -4182.111511 -4181.510800 -4029.911575 -1734.320453 -1695.775312 -1716.576517 -1716.012188 -1715.061489 -1714.795013 -1714.741275 -1714.732242 -1714.731246 -1714.731553 -1714.731996 -1714.732387 -1714.732710 -1714.732976 -1714.733201 -1714.733397 -1714.733572 -1714.733733 -1714.733889 -1714.734047 -1714.734217 -1714.734414 -1714.734656 -1714.734975 -1714.735420 -1714.736070 -1714.737058 -1714.738616 -1714.741157 -1714.745443 -1714.752930 -1714.766475 -1714.791827 -1714.840899 -1714.939407 -1715.146190 -1715.605478 -1716.697086 -1719.506388 -1727.482764 -1753.082404 -9999.0 -9999.0
-9999.0 -9999.0 770.402230 671.597589 572.591871 473.418294 374.162400 274.870919 175.567971 76.266341 -23.024875 -122.300494 -221.558008 -320.782870 -419.948223 -519.010333 -617.889256 -716.455169 -815.131638 -913.604192 -1011.777220 -1109.480461 -1203.218538 -1292.146108 -1373.989843 -1446.706007 -1508.925014 -1560.198949 -1600.986091 -1632.422672 -1656.005875 -1673.305897 -1685.769423 -1694.620895 -1700.837891 -1705.172268 -1708.202070 -1710.440059 -1712.631182 -1716.463841 -1724.820152 -1737.779309 -1949.718932 -4103.256487 -4182.987369 -4182.741126 -4182.502617 -4182.462223 -4182.457841 -4182.457791 -4182.457602 -4182.455171 -4182.450361 -4182.443747 -4182.432251 -4182.409698 -4182.362505 -4182.267455 -4182.111511 -4181.510800 -4029.911575 -1734.320453 -1695.775312 -1716.576518 -1716.012188 -1715.061489 -1714.795013 -1714.741275 -1714.732242 -1714.731246 -1714.731553 -1714.731997 -1714.732388 -1714.732710 -1714.732976 -1714.733201 -1714.733397 -1714.733572 -1714.733733 -1714.733889 -1714.734047 -1714.734217 -1714.734414 -1714.734656 -1714.734975 -1714.735420 -1714.736070 -1714.737058 -1714.738616 -1714.741157 -1714.745443 -1714.752930 -1714.766475 -1714.791827 -1714.840899 -1714.939407 -1715.146190 -1715.605478 -1716.697086 -1719.506388 -1727.482764 -1753.082404 -9999.0 -9999.0
-9999.0 -9999.0 -9999.0 -9999.0 -9999.0 -9999.0 -9999.0 -9999.0 -9999.0 -9999.0 -9999.0 -9999.0 -9999.0 -9999.0 -9999.0 -9999.0 -9999.0 -9999.0 -9999.0 -9999.0 -9999.0 -9999.0 -9999.0 -9999.0 -9999.0 -9999.0 -9999.0 -9999.0 -9999.0 -9999.0 -9999.0 -9999.0 -9999.0 -9999.0 -9999.0 -9999.0 -9999.0 -9999.0 -9999.0 -9999.0 -9999.0 -9999.0 -9999.0 -9999.0 -9999.0 -9999.0 -9999.0 -9999.0 -9999.0 -9999.0 -9999.0 -9999.0 -9999.0 -9999.0 -9999.0 -9999.0 -9999.0 -9999.0 -9999.0 -9999.0 -9999.0 -9999.0 -9999.0 -9999.0 -9999.0 -9999.0 -9999.0 -9999.0 -9999.0 -9999.0 -9999.0 -9999.0 -9999.0 -9999.0 -9999.0 -9999.0 -9999.0 -9999.0 -9999.0 -9999.0 -9999.0 -9999.0 -9999.0 -9999.0 -9999.0 -9999.0 -9999.0 -9999.0 -9999.0 -9999.0 -9999.0 -9999.0 -9999.0 -9999.0 -9999.0 -9999.0 -9999.0 -9999.0 -9999.0 -9999.0 -9999.0 -9999.0 -9999.0 -9999.0
-9999.0 -9999.0 -9999.0 -9999.0 -9999.0 -9999.0 -9999.0 -9999.0 -9999.0 -9999.0 -9999.0 -9999.0 -9999.0 -9999.0 -9999.0 -9999.0 -9999.0 -9999.0 -9999.0 -9999.0 -9999.0 -9999.0 -9999.0 -9999.0 -9999.0 -9999.0 -9999.0 -9999.0 -9999.0 -9999.0 -9999.0 -9999.0 -9999.0 -9999.0 -9999.0 -9999.0 -9999.0 -9999.0 -9999.0 -9999.0 -9999.0 -9999.0 -9999.0 -9999.0 -9999.0 -9999.0 -9999.0 -9999.0 -9999.0 -9999.0 -9999.0 -9999.0 -9999.0 -9999.0 -9999.0 -9999.0 -9999.0 -9999.0 -9999.0 -9999.0 -9999.0 -9999.0 -9999.0 -9999.0 -9999.0 -9999.0 -9999.0 -9999.0 -9999.0 -9999.0 -9999.0 -9999.0 -9999.0 -9999.0 -9999.0 -9999.0 -9999.0 -9999.0 -9999.0 -9999.0 -9999.0 -9999.0 -9999.0 -9999.0 -9999.0 -9999.0 -9999.0 -9999.0 -9999.0 -9999.0 -9999.0 -9999.0 -9999.0 -9999.0 -9999.0 -9999.0 -9999.0 -9999.0 -9999.0 -9999.0 -9999.0 -9999.0 -9999.0 -9999.0