inst/processing_geotop_simulation/geotop_simulation/out/maps3D/PwL0022N0078.asc
ncols         104
nrows         10
xllcorner     -2.000000
yllcorner     0.000000
cellsize      1.000000
NODATA_value  -9999.0
-9999.0 -9999.0 -9999.0 -9999.0 -9999.0 -9999.0 -9999.0 -9999.0 -9999.0 -9999.0 -9999.0 -9999.0 -9999.0 -9999.0 -9999.0 -9999.0 -9999.0 -9999.0 -9999.0 -9999.0 -9999.0 -9999.0 -9999.0 -9999.0 -9999.0 -9999.0 -9999.0 -9999.0 -9999.0 -9999.0 -9999.0 -9999.0 -9999.0 -9999.0 -9999.0 -9999.0 -9999.0 -9999.0 -9999.0 -9999.0 -9999.0 -9999.0 -9999.0 -9999.0 -9999.0 -9999.0 -9999.0 -9999.0 -9999.0 -9999.0 -9999.0 -9999.0 -9999.0 -9999.0 -9999.0 -9999.0 -9999.0 -9999.0 -9999.0 -9999.0 -9999.0 -9999.0 -9999.0 -9999.0 -9999.0 -9999.0 -9999.0 -9999.0 -9999.0 -9999.0 -9999.0 -9999.0 -9999.0 -9999.0 -9999.0 -9999.0 -9999.0 -9999.0 -9999.0 -9999.0 -9999.0 -9999.0 -9999.0 -9999.0 -9999.0 -9999.0 -9999.0 -9999.0 -9999.0 -9999.0 -9999.0 -9999.0 -9999.0 -9999.0 -9999.0 -9999.0 -9999.0 -9999.0 -9999.0 -9999.0 -9999.0 -9999.0 -9999.0 -9999.0
-9999.0 -9999.0 -9999.0 -9999.0 -9999.0 -9999.0 -9999.0 -9999.0 -9999.0 -9999.0 -9999.0 -9999.0 -9999.0 -9999.0 -9999.0 -9999.0 -9999.0 -9999.0 -9999.0 -9999.0 -9999.0 -9999.0 -9999.0 -9999.0 -9999.0 -9999.0 -9999.0 -9999.0 -9999.0 -9999.0 -9999.0 -9999.0 -9999.0 -9999.0 -9999.0 -9999.0 -9999.0 -9999.0 -9999.0 -9999.0 -9999.0 -9999.0 -9999.0 -9999.0 -9999.0 -9999.0 -9999.0 -9999.0 -9999.0 -9999.0 -9999.0 -9999.0 -9999.0 -9999.0 -9999.0 -9999.0 -9999.0 -9999.0 -9999.0 -9999.0 -9999.0 -9999.0 -9999.0 -9999.0 -9999.0 -9999.0 -9999.0 -9999.0 -9999.0 -9999.0 -9999.0 -9999.0 -9999.0 -9999.0 -9999.0 -9999.0 -9999.0 -9999.0 -9999.0 -9999.0 -9999.0 -9999.0 -9999.0 -9999.0 -9999.0 -9999.0 -9999.0 -9999.0 -9999.0 -9999.0 -9999.0 -9999.0 -9999.0 -9999.0 -9999.0 -9999.0 -9999.0 -9999.0 -9999.0 -9999.0 -9999.0 -9999.0 -9999.0 -9999.0
-9999.0 -9999.0 913.968905 813.989259 714.161941 614.595787 515.362091 416.510524 318.096533 220.193816 122.839496 26.035034 -70.248731 -166.383070 -263.093590 -361.252779 -460.825179 -559.086399 -649.086780 -719.854272 -770.615857 -838.125871 -899.548378 -955.790831 -1008.059044 -982.804116 -965.162908 -953.541413 -946.240872 -941.870625 -939.408048 -938.138982 -937.582714 -937.426834 -937.476417 -937.617965 -937.800627 -938.030743 -938.380909 -939.677737 -949.909648 -1044.863423 -1721.183709 -3552.197508 -3886.053103 -3886.038866 -3878.290256 -3772.274132 -3454.243559 -3057.237472 -2711.595891 -2417.451161 -2249.275572 -2146.955154 -2056.279365 -1965.725096 -1872.326130 -1777.364228 -1683.888341 -1594.460021 -1505.514424 -1250.300698 -1011.272227 -946.551258 -939.605244 -938.837885 -938.721248 -938.700725 -938.698898 -938.700649 -938.702711 -938.704431 -938.705756 -938.706763 -938.707534 -938.708134 -938.708611 -938.708996 -938.709316 -938.709599 -938.709873 -938.710175 -938.710552 -938.711072 -938.711839 -938.713013 -938.714856 -938.717795 -938.722548 -938.730357 -938.743444 -938.765924 -938.805673 -938.878163 -939.014292 -939.276505 -939.793884 -940.850785 -943.157760 -948.754683 -963.754070 -1003.597119 -9999.0 -9999.0
-9999.0 -9999.0 913.968904 813.989258 714.161940 614.595786 515.362090 416.510523 318.096533 220.193815 122.839495 26.035034 -70.248731 -166.383070 -263.093590 -361.252779 -460.825179 -559.086399 -649.086780 -719.854272 -770.615857 -838.125871 -899.548378 -955.790831 -1008.059044 -982.804116 -965.162908 -953.541413 -946.240872 -941.870625 -939.408048 -938.138982 -937.582714 -937.426834 -937.476417 -937.617965 -937.800627 -938.030743 -938.380909 -939.677737 -949.909648 -1044.863423 -1721.183708 -3552.197507 -3886.053103 -3886.038866 -3878.290256 -3772.274131 -3454.243558 -3057.237469 -2711.595886 -2417.451160 -2249.275572 -2146.955154 -2056.279364 -1965.725095 -1872.326129 -1777.364227 -1683.888341 -1594.460021 -1505.514424 -1250.300699 -1011.272228 -946.551258 -939.605244 -938.837885 -938.721248 -938.700725 -938.698898 -938.700649 -938.702711 -938.704431 -938.705756 -938.706763 -938.707534 -938.708134 -938.708611 -938.708996 -938.709316 -938.709599 -938.709873 -938.710175 -938.710552 -938.711072 -938.711839 -938.713013 -938.714856 -938.717795 -938.722548 -938.730357 -938.743444 -938.765924 -938.805673 -938.878163 -939.014292 -939.276505 -939.793884 -940.850785 -943.157760 -948.754683 -963.754070 -1003.597119 -9999.0 -9999.0
-9999.0 -9999.0 913.968904 813.989258 714.161940 614.595786 515.362090 416.510523 318.096533 220.193815 122.839495 26.035034 -70.248731 -166.383070 -263.093591 -361.252779 -460.825179 -559.086399 -649.086780 -719.854272 -770.615857 -838.125871 -899.548378 -955.790831 -1008.059044 -982.804116 -965.162908 -953.541413 -946.240872 -941.870625 -939.408048 -938.138982 -937.582714 -937.426834 -937.476417 -937.617965 -937.800627 -938.030743 -938.380909 -939.677737 -949.909648 -1044.863423 -1721.183708 -3552.197507 -3886.053103 -3886.038866 -3878.290256 -3772.274131 -3454.243558 -3057.237466 -2711.595883 -2417.451159 -2249.275572 -2146.955154 -2056.279364 -1965.725095 -1872.326130 -1777.364227 -1683.888341 -1594.460021 -1505.514424 -1250.300698 -1011.272227 -946.551258 -939.605244 -938.837885 -938.721248 -938.700725 -938.698898 -938.700649 -938.702711 -938.704431 -938.705756 -938.706763 -938.707534 -938.708134 -938.708611 -938.708996 -938.709316 -938.709599 -938.709873 -938.710175 -938.710552 -938.711072 -938.711839 -938.713013 -938.714856 -938.717795 -938.722548 -938.730357 -938.743444 -938.765924 -938.805673 -938.878163 -939.014292 -939.276505 -939.793884 -940.850785 -943.157760 -948.754683 -963.754070 -1003.597119 -9999.0 -9999.0
-9999.0 -9999.0 913.968904 813.989258 714.161940 614.595786 515.362090 416.510523 318.096533 220.193815 122.839495 26.035034 -70.248731 -166.383070 -263.093591 -361.252779 -460.825179 -559.086399 -649.086780 -719.854272 -770.615857 -838.125871 -899.548378 -955.790831 -1008.059044 -982.804116 -965.162908 -953.541413 -946.240872 -941.870625 -939.408048 -938.138982 -937.582714 -937.426834 -937.476417 -937.617965 -937.800627 -938.030743 -938.380909 -939.677737 -949.909648 -1044.863423 -1721.183708 -3552.197507 -3886.053103 -3886.038866 -3878.290256 -3772.274131 -3454.243558 -3057.237467 -2711.595884 -2417.451159 -2249.275572 -2146.955154 -2056.279364 -1965.725095 -1872.326129 -1777.364227 -1683.888341 -1594.460021 -1505.514424 -1250.300698 -1011.272227 -946.551258 -939.605244 -938.837885 -938.721248 -938.700725 -938.698898 -938.700649 -938.702711 -938.704431 -938.705756 -938.706763 -938.707534 -938.708134 -938.708611 -938.708996 -938.709316 -938.709599 -938.709873 -938.710175 -938.710552 -938.711072 -938.711839 -938.713013 -938.714856 -938.717795 -938.722548 -938.730357 -938.743444 -938.765924 -938.805673 -938.878163 -939.014292 -939.276505 -939.793884 -940.850785 -943.157760 -948.754683 -963.754070 -1003.597119 -9999.0 -9999.0
-9999.0 -9999.0 913.968904 813.989258 714.161940 614.595786 515.362090 416.510523 318.096533 220.193815 122.839495 26.035034 -70.248731 -166.383070 -263.093590 -361.252779 -460.825179 -559.086399 -649.086780 -719.854272 -770.615857 -838.125871 -899.548378 -955.790831 -1008.059044 -982.804116 -965.162908 -953.541413 -946.240872 -941.870625 -939.408048 -938.138982 -937.582714 -937.426834 -937.476417 -937.617965 -937.800627 -938.030743 -938.380909 -939.677737 -949.909648 -1044.863423 -1721.183708 -3552.197507 -3886.053103 -3886.038866 -3878.290256 -3772.274131 -3454.243558 -3057.237468 -2711.595886 -2417.451160 -2249.275572 -2146.955154 -2056.279364 -1965.725095 -1872.326130 -1777.364227 -1683.888341 -1594.460021 -1505.514424 -1250.300698 -1011.272228 -946.551258 -939.605244 -938.837885 -938.721248 -938.700725 -938.698898 -938.700649 -938.702711 -938.704431 -938.705756 -938.706763 -938.707534 -938.708134 -938.708611 -938.708996 -938.709316 -938.709599 -938.709873 -938.710175 -938.710552 -938.711072 -938.711839 -938.713013 -938.714856 -938.717795 -938.722548 -938.730357 -938.743444 -938.765924 -938.805673 -938.878163 -939.014292 -939.276505 -939.793884 -940.850785 -943.157760 -948.754683 -963.754070 -1003.597119 -9999.0 -9999.0
-9999.0 -9999.0 913.968905 813.989259 714.161941 614.595787 515.362091 416.510524 318.096533 220.193816 122.839496 26.035034 -70.248731 -166.383070 -263.093590 -361.252779 -460.825179 -559.086399 -649.086780 -719.854272 -770.615857 -838.125871 -899.548378 -955.790831 -1008.059044 -982.804116 -965.162908 -953.541413 -946.240872 -941.870625 -939.408048 -938.138982 -937.582714 -937.426834 -937.476417 -937.617965 -937.800627 -938.030743 -938.380909 -939.677737 -949.909648 -1044.863423 -1721.183709 -3552.197508 -3886.053103 -3886.038866 -3878.290256 -3772.274132 -3454.243559 -3057.237473 -2711.595891 -2417.451161 -2249.275572 -2146.955154 -2056.279364 -1965.725096 -1872.326130 -1777.364228 -1683.888341 -1594.460021 -1505.514424 -1250.300699 -1011.272228 -946.551258 -939.605244 -938.837885 -938.721248 -938.700725 -938.698898 -938.700649 -938.702711 -938.704431 -938.705756 -938.706763 -938.707534 -938.708134 -938.708611 -938.708996 -938.709316 -938.709599 -938.709873 -938.710175 -938.710552 -938.711072 -938.711839 -938.713013 -938.714856 -938.717795 -938.722548 -938.730357 -938.743444 -938.765924 -938.805673 -938.878163 -939.014292 -939.276505 -939.793884 -940.850785 -943.157760 -948.754683 -963.754070 -1003.597119 -9999.0 -9999.0
-9999.0 -9999.0 -9999.0 -9999.0 -9999.0 -9999.0 -9999.0 -9999.0 -9999.0 -9999.0 -9999.0 -9999.0 -9999.0 -9999.0 -9999.0 -9999.0 -9999.0 -9999.0 -9999.0 -9999.0 -9999.0 -9999.0 -9999.0 -9999.0 -9999.0 -9999.0 -9999.0 -9999.0 -9999.0 -9999.0 -9999.0 -9999.0 -9999.0 -9999.0 -9999.0 -9999.0 -9999.0 -9999.0 -9999.0 -9999.0 -9999.0 -9999.0 -9999.0 -9999.0 -9999.0 -9999.0 -9999.0 -9999.0 -9999.0 -9999.0 -9999.0 -9999.0 -9999.0 -9999.0 -9999.0 -9999.0 -9999.0 -9999.0 -9999.0 -9999.0 -9999.0 -9999.0 -9999.0 -9999.0 -9999.0 -9999.0 -9999.0 -9999.0 -9999.0 -9999.0 -9999.0 -9999.0 -9999.0 -9999.0 -9999.0 -9999.0 -9999.0 -9999.0 -9999.0 -9999.0 -9999.0 -9999.0 -9999.0 -9999.0 -9999.0 -9999.0 -9999.0 -9999.0 -9999.0 -9999.0 -9999.0 -9999.0 -9999.0 -9999.0 -9999.0 -9999.0 -9999.0 -9999.0 -9999.0 -9999.0 -9999.0 -9999.0 -9999.0 -9999.0
-9999.0 -9999.0 -9999.0 -9999.0 -9999.0 -9999.0 -9999.0 -9999.0 -9999.0 -9999.0 -9999.0 -9999.0 -9999.0 -9999.0 -9999.0 -9999.0 -9999.0 -9999.0 -9999.0 -9999.0 -9999.0 -9999.0 -9999.0 -9999.0 -9999.0 -9999.0 -9999.0 -9999.0 -9999.0 -9999.0 -9999.0 -9999.0 -9999.0 -9999.0 -9999.0 -9999.0 -9999.0 -9999.0 -9999.0 -9999.0 -9999.0 -9999.0 -9999.0 -9999.0 -9999.0 -9999.0 -9999.0 -9999.0 -9999.0 -9999.0 -9999.0 -9999.0 -9999.0 -9999.0 -9999.0 -9999.0 -9999.0 -9999.0 -9999.0 -9999.0 -9999.0 -9999.0 -9999.0 -9999.0 -9999.0 -9999.0 -9999.0 -9999.0 -9999.0 -9999.0 -9999.0 -9999.0 -9999.0 -9999.0 -9999.0 -9999.0 -9999.0 -9999.0 -9999.0 -9999.0 -9999.0 -9999.0 -9999.0 -9999.0 -9999.0 -9999.0 -9999.0 -9999.0 -9999.0 -9999.0 -9999.0 -9999.0 -9999.0 -9999.0 -9999.0 -9999.0 -9999.0 -9999.0 -9999.0 -9999.0 -9999.0 -9999.0 -9999.0 -9999.0