inst/processing_geotop_simulation/geotop_simulation/out/maps3D/PwL0013N0232.asc
ncols         104
nrows         10
xllcorner     -2.000000
yllcorner     0.000000
cellsize      1.000000
NODATA_value  -9999.0
-9999.0 -9999.0 -9999.0 -9999.0 -9999.0 -9999.0 -9999.0 -9999.0 -9999.0 -9999.0 -9999.0 -9999.0 -9999.0 -9999.0 -9999.0 -9999.0 -9999.0 -9999.0 -9999.0 -9999.0 -9999.0 -9999.0 -9999.0 -9999.0 -9999.0 -9999.0 -9999.0 -9999.0 -9999.0 -9999.0 -9999.0 -9999.0 -9999.0 -9999.0 -9999.0 -9999.0 -9999.0 -9999.0 -9999.0 -9999.0 -9999.0 -9999.0 -9999.0 -9999.0 -9999.0 -9999.0 -9999.0 -9999.0 -9999.0 -9999.0 -9999.0 -9999.0 -9999.0 -9999.0 -9999.0 -9999.0 -9999.0 -9999.0 -9999.0 -9999.0 -9999.0 -9999.0 -9999.0 -9999.0 -9999.0 -9999.0 -9999.0 -9999.0 -9999.0 -9999.0 -9999.0 -9999.0 -9999.0 -9999.0 -9999.0 -9999.0 -9999.0 -9999.0 -9999.0 -9999.0 -9999.0 -9999.0 -9999.0 -9999.0 -9999.0 -9999.0 -9999.0 -9999.0 -9999.0 -9999.0 -9999.0 -9999.0 -9999.0 -9999.0 -9999.0 -9999.0 -9999.0 -9999.0 -9999.0 -9999.0 -9999.0 -9999.0 -9999.0 -9999.0
-9999.0 -9999.0 -9999.0 -9999.0 -9999.0 -9999.0 -9999.0 -9999.0 -9999.0 -9999.0 -9999.0 -9999.0 -9999.0 -9999.0 -9999.0 -9999.0 -9999.0 -9999.0 -9999.0 -9999.0 -9999.0 -9999.0 -9999.0 -9999.0 -9999.0 -9999.0 -9999.0 -9999.0 -9999.0 -9999.0 -9999.0 -9999.0 -9999.0 -9999.0 -9999.0 -9999.0 -9999.0 -9999.0 -9999.0 -9999.0 -9999.0 -9999.0 -9999.0 -9999.0 -9999.0 -9999.0 -9999.0 -9999.0 -9999.0 -9999.0 -9999.0 -9999.0 -9999.0 -9999.0 -9999.0 -9999.0 -9999.0 -9999.0 -9999.0 -9999.0 -9999.0 -9999.0 -9999.0 -9999.0 -9999.0 -9999.0 -9999.0 -9999.0 -9999.0 -9999.0 -9999.0 -9999.0 -9999.0 -9999.0 -9999.0 -9999.0 -9999.0 -9999.0 -9999.0 -9999.0 -9999.0 -9999.0 -9999.0 -9999.0 -9999.0 -9999.0 -9999.0 -9999.0 -9999.0 -9999.0 -9999.0 -9999.0 -9999.0 -9999.0 -9999.0 -9999.0 -9999.0 -9999.0 -9999.0 -9999.0 -9999.0 -9999.0 -9999.0 -9999.0
-9999.0 -9999.0 626.258449 529.921923 432.702196 334.943572 236.939465 138.830424 40.685993 -57.450055 -155.559685 -253.610963 -351.535244 -449.181872 -546.302384 -642.576917 -738.381336 -834.338618 -929.839297 -1024.762025 -1116.196111 -1199.576675 -1273.550817 -1336.016557 -1386.330028 -1425.197144 -1454.188582 -1475.203241 -1490.083985 -1500.420830 -1507.489375 -1512.262314 -1515.453593 -1517.571798 -1518.971066 -1519.895747 -1520.521687 -1521.019867 -1521.791899 -1524.511708 -1535.631358 -1577.614422 -1913.505317 -4244.784648 -4189.361572 -4048.706552 -3955.143753 -3941.914478 -3940.572480 -3940.713809 -3941.064559 -3941.439758 -3941.799596 -3942.132314 -3942.439640 -3942.786023 -3943.812959 -3951.119165 -4001.540050 -4097.870990 -4121.867596 -1713.052580 -1543.274534 -1528.573811 -1523.203011 -1522.020005 -1521.817209 -1521.785641 -1521.781332 -1521.781395 -1521.782080 -1521.782731 -1521.783249 -1521.783648 -1521.783955 -1521.784195 -1521.784386 -1521.784541 -1521.784672 -1521.784789 -1521.784905 -1521.785033 -1521.785193 -1521.785415 -1521.785741 -1521.786240 -1521.787024 -1521.788278 -1521.790318 -1521.793703 -1521.799445 -1521.809456 -1521.827432 -1521.860695 -1521.924008 -1522.047846 -1522.297825 -1522.824973 -1524.005394 -1526.851810 -1534.412656 -1557.960919 -9999.0 -9999.0
-9999.0 -9999.0 626.263613 529.923536 432.702669 334.943718 236.939512 138.830440 40.685999 -57.450053 -155.559684 -253.610963 -351.535244 -449.181872 -546.302383 -642.576917 -738.381336 -834.338618 -929.839298 -1024.762025 -1116.196111 -1199.576676 -1273.550817 -1336.016557 -1386.330029 -1425.197145 -1454.188582 -1475.203241 -1490.083985 -1500.420830 -1507.489375 -1512.262314 -1515.453593 -1517.571798 -1518.971066 -1519.895747 -1520.521687 -1521.019867 -1521.791899 -1524.511708 -1535.631358 -1577.614422 -1913.505317 -4244.784648 -4189.361570 -4048.706546 -3955.143753 -3941.914478 -3940.572480 -3940.713809 -3941.064559 -3941.439758 -3941.799596 -3942.132314 -3942.439640 -3942.786023 -3943.812959 -3951.119165 -4001.540050 -4097.870990 -4121.867596 -1713.052580 -1543.274534 -1528.573811 -1523.203011 -1522.020005 -1521.817209 -1521.785641 -1521.781332 -1521.781395 -1521.782080 -1521.782731 -1521.783249 -1521.783648 -1521.783955 -1521.784195 -1521.784386 -1521.784541 -1521.784672 -1521.784789 -1521.784905 -1521.785033 -1521.785193 -1521.785415 -1521.785741 -1521.786240 -1521.787024 -1521.788278 -1521.790318 -1521.793703 -1521.799445 -1521.809456 -1521.827432 -1521.860695 -1521.924008 -1522.047846 -1522.297825 -1522.824973 -1524.005394 -1526.851810 -1534.412656 -1557.960919 -9999.0 -9999.0
-9999.0 -9999.0 626.265080 529.924303 432.702981 334.943835 236.939554 138.830455 40.686005 -57.450051 -155.559683 -253.610963 -351.535244 -449.181872 -546.302383 -642.576917 -738.381336 -834.338618 -929.839298 -1024.762025 -1116.196112 -1199.576676 -1273.550817 -1336.016557 -1386.330029 -1425.197145 -1454.188582 -1475.203241 -1490.083985 -1500.420830 -1507.489375 -1512.262314 -1515.453593 -1517.571798 -1518.971066 -1519.895747 -1520.521687 -1521.019867 -1521.791899 -1524.511708 -1535.631358 -1577.614422 -1913.505317 -4244.784648 -4189.361570 -4048.706544 -3955.143753 -3941.914478 -3940.572480 -3940.713809 -3941.064559 -3941.439758 -3941.799596 -3942.132314 -3942.439640 -3942.786023 -3943.812959 -3951.119165 -4001.540050 -4097.870990 -4121.867596 -1713.052580 -1543.274534 -1528.573811 -1523.203011 -1522.020005 -1521.817209 -1521.785641 -1521.781332 -1521.781395 -1521.782080 -1521.782731 -1521.783249 -1521.783648 -1521.783955 -1521.784195 -1521.784386 -1521.784541 -1521.784672 -1521.784789 -1521.784905 -1521.785033 -1521.785193 -1521.785415 -1521.785741 -1521.786240 -1521.787024 -1521.788278 -1521.790318 -1521.793703 -1521.799445 -1521.809456 -1521.827432 -1521.860695 -1521.924008 -1522.047846 -1522.297825 -1522.824973 -1524.005394 -1526.851810 -1534.412656 -1557.960919 -9999.0 -9999.0
-9999.0 -9999.0 626.265080 529.924303 432.702981 334.943834 236.939554 138.830455 40.686005 -57.450051 -155.559683 -253.610963 -351.535244 -449.181872 -546.302383 -642.576917 -738.381336 -834.338618 -929.839298 -1024.762025 -1116.196112 -1199.576676 -1273.550817 -1336.016557 -1386.330029 -1425.197145 -1454.188582 -1475.203241 -1490.083985 -1500.420830 -1507.489375 -1512.262314 -1515.453593 -1517.571798 -1518.971066 -1519.895747 -1520.521687 -1521.019867 -1521.791899 -1524.511708 -1535.631358 -1577.614422 -1913.505317 -4244.784648 -4189.361570 -4048.706544 -3955.143753 -3941.914478 -3940.572480 -3940.713809 -3941.064559 -3941.439758 -3941.799596 -3942.132314 -3942.439640 -3942.786023 -3943.812959 -3951.119165 -4001.540050 -4097.870990 -4121.867596 -1713.052580 -1543.274534 -1528.573811 -1523.203011 -1522.020005 -1521.817209 -1521.785641 -1521.781332 -1521.781395 -1521.782080 -1521.782731 -1521.783249 -1521.783648 -1521.783955 -1521.784195 -1521.784386 -1521.784541 -1521.784672 -1521.784789 -1521.784905 -1521.785033 -1521.785193 -1521.785415 -1521.785741 -1521.786240 -1521.787024 -1521.788278 -1521.790318 -1521.793703 -1521.799445 -1521.809456 -1521.827432 -1521.860695 -1521.924008 -1522.047846 -1522.297825 -1522.824973 -1524.005394 -1526.851810 -1534.412656 -1557.960919 -9999.0 -9999.0
-9999.0 -9999.0 626.263612 529.923537 432.702669 334.943718 236.939512 138.830440 40.685999 -57.450053 -155.559684 -253.610963 -351.535244 -449.181872 -546.302383 -642.576917 -738.381336 -834.338618 -929.839298 -1024.762025 -1116.196111 -1199.576676 -1273.550817 -1336.016557 -1386.330029 -1425.197145 -1454.188582 -1475.203241 -1490.083985 -1500.420830 -1507.489375 -1512.262314 -1515.453593 -1517.571798 -1518.971066 -1519.895747 -1520.521687 -1521.019867 -1521.791899 -1524.511708 -1535.631358 -1577.614422 -1913.505317 -4244.784648 -4189.361570 -4048.706546 -3955.143753 -3941.914478 -3940.572480 -3940.713809 -3941.064559 -3941.439758 -3941.799596 -3942.132314 -3942.439640 -3942.786023 -3943.812959 -3951.119165 -4001.540050 -4097.870990 -4121.867596 -1713.052580 -1543.274534 -1528.573811 -1523.203011 -1522.020005 -1521.817209 -1521.785641 -1521.781332 -1521.781395 -1521.782080 -1521.782731 -1521.783249 -1521.783648 -1521.783955 -1521.784195 -1521.784386 -1521.784541 -1521.784672 -1521.784789 -1521.784905 -1521.785033 -1521.785193 -1521.785415 -1521.785741 -1521.786240 -1521.787024 -1521.788278 -1521.790318 -1521.793703 -1521.799445 -1521.809456 -1521.827432 -1521.860695 -1521.924008 -1522.047846 -1522.297825 -1522.824973 -1524.005394 -1526.851810 -1534.412656 -1557.960919 -9999.0 -9999.0
-9999.0 -9999.0 626.258449 529.921923 432.702196 334.943572 236.939465 138.830424 40.685993 -57.450055 -155.559685 -253.610963 -351.535244 -449.181872 -546.302384 -642.576917 -738.381336 -834.338617 -929.839298 -1024.762025 -1116.196111 -1199.576675 -1273.550817 -1336.016557 -1386.330028 -1425.197144 -1454.188582 -1475.203241 -1490.083985 -1500.420830 -1507.489375 -1512.262314 -1515.453593 -1517.571798 -1518.971066 -1519.895747 -1520.521687 -1521.019867 -1521.791899 -1524.511708 -1535.631358 -1577.614422 -1913.505317 -4244.784648 -4189.361572 -4048.706552 -3955.143753 -3941.914478 -3940.572480 -3940.713809 -3941.064559 -3941.439758 -3941.799596 -3942.132314 -3942.439640 -3942.786023 -3943.812959 -3951.119165 -4001.540050 -4097.870990 -4121.867596 -1713.052580 -1543.274534 -1528.573811 -1523.203011 -1522.020005 -1521.817209 -1521.785641 -1521.781332 -1521.781395 -1521.782080 -1521.782731 -1521.783249 -1521.783648 -1521.783955 -1521.784195 -1521.784386 -1521.784541 -1521.784672 -1521.784789 -1521.784905 -1521.785033 -1521.785193 -1521.785415 -1521.785741 -1521.786240 -1521.787024 -1521.788278 -1521.790318 -1521.793703 -1521.799445 -1521.809456 -1521.827432 -1521.860695 -1521.924008 -1522.047846 -1522.297825 -1522.824973 -1524.005394 -1526.851810 -1534.412656 -1557.960919 -9999.0 -9999.0
-9999.0 -9999.0 -9999.0 -9999.0 -9999.0 -9999.0 -9999.0 -9999.0 -9999.0 -9999.0 -9999.0 -9999.0 -9999.0 -9999.0 -9999.0 -9999.0 -9999.0 -9999.0 -9999.0 -9999.0 -9999.0 -9999.0 -9999.0 -9999.0 -9999.0 -9999.0 -9999.0 -9999.0 -9999.0 -9999.0 -9999.0 -9999.0 -9999.0 -9999.0 -9999.0 -9999.0 -9999.0 -9999.0 -9999.0 -9999.0 -9999.0 -9999.0 -9999.0 -9999.0 -9999.0 -9999.0 -9999.0 -9999.0 -9999.0 -9999.0 -9999.0 -9999.0 -9999.0 -9999.0 -9999.0 -9999.0 -9999.0 -9999.0 -9999.0 -9999.0 -9999.0 -9999.0 -9999.0 -9999.0 -9999.0 -9999.0 -9999.0 -9999.0 -9999.0 -9999.0 -9999.0 -9999.0 -9999.0 -9999.0 -9999.0 -9999.0 -9999.0 -9999.0 -9999.0 -9999.0 -9999.0 -9999.0 -9999.0 -9999.0 -9999.0 -9999.0 -9999.0 -9999.0 -9999.0 -9999.0 -9999.0 -9999.0 -9999.0 -9999.0 -9999.0 -9999.0 -9999.0 -9999.0 -9999.0 -9999.0 -9999.0 -9999.0 -9999.0 -9999.0
-9999.0 -9999.0 -9999.0 -9999.0 -9999.0 -9999.0 -9999.0 -9999.0 -9999.0 -9999.0 -9999.0 -9999.0 -9999.0 -9999.0 -9999.0 -9999.0 -9999.0 -9999.0 -9999.0 -9999.0 -9999.0 -9999.0 -9999.0 -9999.0 -9999.0 -9999.0 -9999.0 -9999.0 -9999.0 -9999.0 -9999.0 -9999.0 -9999.0 -9999.0 -9999.0 -9999.0 -9999.0 -9999.0 -9999.0 -9999.0 -9999.0 -9999.0 -9999.0 -9999.0 -9999.0 -9999.0 -9999.0 -9999.0 -9999.0 -9999.0 -9999.0 -9999.0 -9999.0 -9999.0 -9999.0 -9999.0 -9999.0 -9999.0 -9999.0 -9999.0 -9999.0 -9999.0 -9999.0 -9999.0 -9999.0 -9999.0 -9999.0 -9999.0 -9999.0 -9999.0 -9999.0 -9999.0 -9999.0 -9999.0 -9999.0 -9999.0 -9999.0 -9999.0 -9999.0 -9999.0 -9999.0 -9999.0 -9999.0 -9999.0 -9999.0 -9999.0 -9999.0 -9999.0 -9999.0 -9999.0 -9999.0 -9999.0 -9999.0 -9999.0 -9999.0 -9999.0 -9999.0 -9999.0 -9999.0 -9999.0 -9999.0 -9999.0 -9999.0 -9999.0