inst/processing_geotop_simulation/geotop_simulation/out/maps3D/PwL0014N0374.asc
ncols         104
nrows         10
xllcorner     -2.000000
yllcorner     0.000000
cellsize      1.000000
NODATA_value  -9999.0
-9999.0 -9999.0 -9999.0 -9999.0 -9999.0 -9999.0 -9999.0 -9999.0 -9999.0 -9999.0 -9999.0 -9999.0 -9999.0 -9999.0 -9999.0 -9999.0 -9999.0 -9999.0 -9999.0 -9999.0 -9999.0 -9999.0 -9999.0 -9999.0 -9999.0 -9999.0 -9999.0 -9999.0 -9999.0 -9999.0 -9999.0 -9999.0 -9999.0 -9999.0 -9999.0 -9999.0 -9999.0 -9999.0 -9999.0 -9999.0 -9999.0 -9999.0 -9999.0 -9999.0 -9999.0 -9999.0 -9999.0 -9999.0 -9999.0 -9999.0 -9999.0 -9999.0 -9999.0 -9999.0 -9999.0 -9999.0 -9999.0 -9999.0 -9999.0 -9999.0 -9999.0 -9999.0 -9999.0 -9999.0 -9999.0 -9999.0 -9999.0 -9999.0 -9999.0 -9999.0 -9999.0 -9999.0 -9999.0 -9999.0 -9999.0 -9999.0 -9999.0 -9999.0 -9999.0 -9999.0 -9999.0 -9999.0 -9999.0 -9999.0 -9999.0 -9999.0 -9999.0 -9999.0 -9999.0 -9999.0 -9999.0 -9999.0 -9999.0 -9999.0 -9999.0 -9999.0 -9999.0 -9999.0 -9999.0 -9999.0 -9999.0 -9999.0 -9999.0 -9999.0
-9999.0 -9999.0 -9999.0 -9999.0 -9999.0 -9999.0 -9999.0 -9999.0 -9999.0 -9999.0 -9999.0 -9999.0 -9999.0 -9999.0 -9999.0 -9999.0 -9999.0 -9999.0 -9999.0 -9999.0 -9999.0 -9999.0 -9999.0 -9999.0 -9999.0 -9999.0 -9999.0 -9999.0 -9999.0 -9999.0 -9999.0 -9999.0 -9999.0 -9999.0 -9999.0 -9999.0 -9999.0 -9999.0 -9999.0 -9999.0 -9999.0 -9999.0 -9999.0 -9999.0 -9999.0 -9999.0 -9999.0 -9999.0 -9999.0 -9999.0 -9999.0 -9999.0 -9999.0 -9999.0 -9999.0 -9999.0 -9999.0 -9999.0 -9999.0 -9999.0 -9999.0 -9999.0 -9999.0 -9999.0 -9999.0 -9999.0 -9999.0 -9999.0 -9999.0 -9999.0 -9999.0 -9999.0 -9999.0 -9999.0 -9999.0 -9999.0 -9999.0 -9999.0 -9999.0 -9999.0 -9999.0 -9999.0 -9999.0 -9999.0 -9999.0 -9999.0 -9999.0 -9999.0 -9999.0 -9999.0 -9999.0 -9999.0 -9999.0 -9999.0 -9999.0 -9999.0 -9999.0 -9999.0 -9999.0 -9999.0 -9999.0 -9999.0 -9999.0 -9999.0
-9999.0 -9999.0 671.512317 572.961938 474.096021 375.018921 275.843610 176.626426 77.395500 -21.832300 -121.047664 -220.246412 -319.413232 -418.517377 -517.505309 -616.299719 -714.763198 -813.352537 -911.749887 -1009.891894 -1107.665451 -1202.111003 -1292.310498 -1375.855759 -1450.440226 -1514.438711 -1567.233749 -1609.214314 -1641.522818 -1665.703749 -1683.388791 -1696.084013 -1705.063382 -1711.341403 -1715.692383 -1718.692299 -1720.775450 -1722.336312 -1724.015001 -1727.422128 -1735.299089 -1743.475293 -1776.625216 -3975.962861 -3778.040220 -3517.535491 -3384.663226 -3366.839628 -3365.028939 -3365.214865 -3365.683722 -3366.186178 -3366.668511 -3367.114828 -3367.527767 -3367.997544 -3369.412830 -3379.408288 -3448.318037 -3599.068202 -3646.439086 -1594.660503 -1703.874197 -1727.208133 -1726.449685 -1725.486952 -1725.232904 -1725.183721 -1725.175718 -1725.174920 -1725.175262 -1725.175707 -1725.176089 -1725.176396 -1725.176642 -1725.176844 -1725.177014 -1725.177161 -1725.177293 -1725.177417 -1725.177543 -1725.177679 -1725.177841 -1725.178049 -1725.178336 -1725.178751 -1725.179376 -1725.180351 -1725.181913 -1725.184488 -1725.188859 -1725.196518 -1725.210386 -1725.236316 -1725.286360 -1725.386282 -1725.594337 -1726.051771 -1727.127548 -1729.871160 -1737.628437 -1762.684697 -9999.0 -9999.0
-9999.0 -9999.0 671.516572 572.963313 474.096431 375.019049 275.843652 176.626441 77.395506 -21.832298 -121.047663 -220.246412 -319.413231 -418.517377 -517.505309 -616.299720 -714.763198 -813.352537 -911.749887 -1009.891895 -1107.665451 -1202.111004 -1292.310498 -1375.855759 -1450.440226 -1514.438712 -1567.233749 -1609.214314 -1641.522818 -1665.703750 -1683.388791 -1696.084013 -1705.063382 -1711.341403 -1715.692383 -1718.692299 -1720.775450 -1722.336312 -1724.015001 -1727.422128 -1735.299089 -1743.475293 -1776.625216 -3975.962860 -3778.040217 -3517.535483 -3384.663226 -3366.839628 -3365.028939 -3365.214865 -3365.683722 -3366.186178 -3366.668511 -3367.114828 -3367.527767 -3367.997544 -3369.412830 -3379.408288 -3448.318036 -3599.068202 -3646.439086 -1594.660503 -1703.874197 -1727.208133 -1726.449685 -1725.486952 -1725.232904 -1725.183721 -1725.175718 -1725.174920 -1725.175262 -1725.175707 -1725.176089 -1725.176396 -1725.176642 -1725.176844 -1725.177014 -1725.177161 -1725.177293 -1725.177417 -1725.177543 -1725.177679 -1725.177841 -1725.178049 -1725.178336 -1725.178751 -1725.179376 -1725.180351 -1725.181913 -1725.184488 -1725.188859 -1725.196518 -1725.210386 -1725.236316 -1725.286360 -1725.386282 -1725.594337 -1726.051771 -1727.127548 -1729.871160 -1737.628437 -1762.684697 -9999.0 -9999.0
-9999.0 -9999.0 671.517847 572.963980 474.096704 375.019151 275.843689 176.626455 77.395511 -21.832296 -121.047662 -220.246411 -319.413231 -418.517376 -517.505309 -616.299720 -714.763199 -813.352537 -911.749887 -1009.891895 -1107.665451 -1202.111004 -1292.310499 -1375.855759 -1450.440226 -1514.438712 -1567.233749 -1609.214314 -1641.522818 -1665.703750 -1683.388791 -1696.084013 -1705.063382 -1711.341403 -1715.692383 -1718.692299 -1720.775450 -1722.336312 -1724.015001 -1727.422128 -1735.299089 -1743.475293 -1776.625216 -3975.962860 -3778.040216 -3517.535480 -3384.663226 -3366.839628 -3365.028939 -3365.214865 -3365.683722 -3366.186178 -3366.668511 -3367.114828 -3367.527767 -3367.997544 -3369.412830 -3379.408288 -3448.318037 -3599.068202 -3646.439086 -1594.660503 -1703.874197 -1727.208133 -1726.449685 -1725.486952 -1725.232904 -1725.183721 -1725.175718 -1725.174920 -1725.175262 -1725.175707 -1725.176089 -1725.176396 -1725.176642 -1725.176844 -1725.177014 -1725.177161 -1725.177293 -1725.177417 -1725.177543 -1725.177679 -1725.177841 -1725.178049 -1725.178336 -1725.178751 -1725.179376 -1725.180351 -1725.181913 -1725.184488 -1725.188859 -1725.196518 -1725.210386 -1725.236316 -1725.286360 -1725.386282 -1725.594337 -1726.051771 -1727.127548 -1729.871160 -1737.628437 -1762.684697 -9999.0 -9999.0
-9999.0 -9999.0 671.517847 572.963980 474.096704 375.019151 275.843689 176.626455 77.395511 -21.832296 -121.047662 -220.246412 -319.413231 -418.517377 -517.505309 -616.299720 -714.763199 -813.352537 -911.749887 -1009.891895 -1107.665451 -1202.111004 -1292.310499 -1375.855759 -1450.440226 -1514.438712 -1567.233749 -1609.214314 -1641.522818 -1665.703750 -1683.388791 -1696.084013 -1705.063382 -1711.341403 -1715.692383 -1718.692299 -1720.775450 -1722.336312 -1724.015001 -1727.422128 -1735.299089 -1743.475293 -1776.625216 -3975.962860 -3778.040216 -3517.535480 -3384.663226 -3366.839628 -3365.028939 -3365.214865 -3365.683722 -3366.186178 -3366.668511 -3367.114828 -3367.527767 -3367.997544 -3369.412830 -3379.408288 -3448.318037 -3599.068202 -3646.439086 -1594.660503 -1703.874197 -1727.208133 -1726.449685 -1725.486952 -1725.232904 -1725.183721 -1725.175718 -1725.174920 -1725.175262 -1725.175707 -1725.176089 -1725.176396 -1725.176642 -1725.176844 -1725.177014 -1725.177161 -1725.177293 -1725.177417 -1725.177543 -1725.177679 -1725.177841 -1725.178049 -1725.178336 -1725.178751 -1725.179376 -1725.180351 -1725.181913 -1725.184488 -1725.188859 -1725.196518 -1725.210386 -1725.236316 -1725.286360 -1725.386282 -1725.594337 -1726.051771 -1727.127548 -1729.871160 -1737.628437 -1762.684697 -9999.0 -9999.0
-9999.0 -9999.0 671.516572 572.963313 474.096431 375.019049 275.843652 176.626441 77.395506 -21.832298 -121.047663 -220.246412 -319.413231 -418.517376 -517.505309 -616.299719 -714.763198 -813.352537 -911.749887 -1009.891895 -1107.665451 -1202.111004 -1292.310498 -1375.855759 -1450.440226 -1514.438712 -1567.233749 -1609.214314 -1641.522818 -1665.703750 -1683.388791 -1696.084013 -1705.063382 -1711.341403 -1715.692383 -1718.692299 -1720.775450 -1722.336312 -1724.015001 -1727.422128 -1735.299089 -1743.475293 -1776.625216 -3975.962860 -3778.040217 -3517.535483 -3384.663226 -3366.839628 -3365.028939 -3365.214865 -3365.683722 -3366.186178 -3366.668511 -3367.114828 -3367.527767 -3367.997544 -3369.412830 -3379.408288 -3448.318036 -3599.068202 -3646.439086 -1594.660503 -1703.874197 -1727.208133 -1726.449685 -1725.486952 -1725.232904 -1725.183721 -1725.175718 -1725.174920 -1725.175262 -1725.175707 -1725.176089 -1725.176396 -1725.176642 -1725.176844 -1725.177014 -1725.177161 -1725.177293 -1725.177417 -1725.177543 -1725.177679 -1725.177841 -1725.178049 -1725.178336 -1725.178751 -1725.179376 -1725.180351 -1725.181913 -1725.184488 -1725.188859 -1725.196518 -1725.210386 -1725.236316 -1725.286360 -1725.386282 -1725.594337 -1726.051771 -1727.127548 -1729.871160 -1737.628437 -1762.684697 -9999.0 -9999.0
-9999.0 -9999.0 671.512317 572.961938 474.096021 375.018921 275.843610 176.626426 77.395500 -21.832300 -121.047664 -220.246413 -319.413232 -418.517377 -517.505309 -616.299719 -714.763198 -813.352537 -911.749887 -1009.891894 -1107.665451 -1202.111003 -1292.310498 -1375.855759 -1450.440226 -1514.438712 -1567.233749 -1609.214314 -1641.522818 -1665.703749 -1683.388791 -1696.084013 -1705.063382 -1711.341403 -1715.692383 -1718.692299 -1720.775450 -1722.336312 -1724.015001 -1727.422128 -1735.299089 -1743.475293 -1776.625216 -3975.962861 -3778.040220 -3517.535491 -3384.663226 -3366.839628 -3365.028939 -3365.214865 -3365.683722 -3366.186178 -3366.668511 -3367.114828 -3367.527767 -3367.997544 -3369.412830 -3379.408288 -3448.318037 -3599.068202 -3646.439086 -1594.660503 -1703.874197 -1727.208133 -1726.449685 -1725.486952 -1725.232904 -1725.183721 -1725.175718 -1725.174920 -1725.175262 -1725.175707 -1725.176089 -1725.176396 -1725.176642 -1725.176844 -1725.177014 -1725.177161 -1725.177293 -1725.177417 -1725.177543 -1725.177679 -1725.177841 -1725.178049 -1725.178336 -1725.178751 -1725.179376 -1725.180351 -1725.181913 -1725.184488 -1725.188859 -1725.196518 -1725.210386 -1725.236316 -1725.286360 -1725.386282 -1725.594337 -1726.051771 -1727.127548 -1729.871160 -1737.628437 -1762.684697 -9999.0 -9999.0
-9999.0 -9999.0 -9999.0 -9999.0 -9999.0 -9999.0 -9999.0 -9999.0 -9999.0 -9999.0 -9999.0 -9999.0 -9999.0 -9999.0 -9999.0 -9999.0 -9999.0 -9999.0 -9999.0 -9999.0 -9999.0 -9999.0 -9999.0 -9999.0 -9999.0 -9999.0 -9999.0 -9999.0 -9999.0 -9999.0 -9999.0 -9999.0 -9999.0 -9999.0 -9999.0 -9999.0 -9999.0 -9999.0 -9999.0 -9999.0 -9999.0 -9999.0 -9999.0 -9999.0 -9999.0 -9999.0 -9999.0 -9999.0 -9999.0 -9999.0 -9999.0 -9999.0 -9999.0 -9999.0 -9999.0 -9999.0 -9999.0 -9999.0 -9999.0 -9999.0 -9999.0 -9999.0 -9999.0 -9999.0 -9999.0 -9999.0 -9999.0 -9999.0 -9999.0 -9999.0 -9999.0 -9999.0 -9999.0 -9999.0 -9999.0 -9999.0 -9999.0 -9999.0 -9999.0 -9999.0 -9999.0 -9999.0 -9999.0 -9999.0 -9999.0 -9999.0 -9999.0 -9999.0 -9999.0 -9999.0 -9999.0 -9999.0 -9999.0 -9999.0 -9999.0 -9999.0 -9999.0 -9999.0 -9999.0 -9999.0 -9999.0 -9999.0 -9999.0 -9999.0
-9999.0 -9999.0 -9999.0 -9999.0 -9999.0 -9999.0 -9999.0 -9999.0 -9999.0 -9999.0 -9999.0 -9999.0 -9999.0 -9999.0 -9999.0 -9999.0 -9999.0 -9999.0 -9999.0 -9999.0 -9999.0 -9999.0 -9999.0 -9999.0 -9999.0 -9999.0 -9999.0 -9999.0 -9999.0 -9999.0 -9999.0 -9999.0 -9999.0 -9999.0 -9999.0 -9999.0 -9999.0 -9999.0 -9999.0 -9999.0 -9999.0 -9999.0 -9999.0 -9999.0 -9999.0 -9999.0 -9999.0 -9999.0 -9999.0 -9999.0 -9999.0 -9999.0 -9999.0 -9999.0 -9999.0 -9999.0 -9999.0 -9999.0 -9999.0 -9999.0 -9999.0 -9999.0 -9999.0 -9999.0 -9999.0 -9999.0 -9999.0 -9999.0 -9999.0 -9999.0 -9999.0 -9999.0 -9999.0 -9999.0 -9999.0 -9999.0 -9999.0 -9999.0 -9999.0 -9999.0 -9999.0 -9999.0 -9999.0 -9999.0 -9999.0 -9999.0 -9999.0 -9999.0 -9999.0 -9999.0 -9999.0 -9999.0 -9999.0 -9999.0 -9999.0 -9999.0 -9999.0 -9999.0 -9999.0 -9999.0 -9999.0 -9999.0 -9999.0 -9999.0