inst/processing_geotop_simulation/geotop_simulation/out/maps3D/PwL0007N0446.asc
ncols         104
nrows         10
xllcorner     -2.000000
yllcorner     0.000000
cellsize      1.000000
NODATA_value  -9999.0
-9999.0 -9999.0 -9999.0 -9999.0 -9999.0 -9999.0 -9999.0 -9999.0 -9999.0 -9999.0 -9999.0 -9999.0 -9999.0 -9999.0 -9999.0 -9999.0 -9999.0 -9999.0 -9999.0 -9999.0 -9999.0 -9999.0 -9999.0 -9999.0 -9999.0 -9999.0 -9999.0 -9999.0 -9999.0 -9999.0 -9999.0 -9999.0 -9999.0 -9999.0 -9999.0 -9999.0 -9999.0 -9999.0 -9999.0 -9999.0 -9999.0 -9999.0 -9999.0 -9999.0 -9999.0 -9999.0 -9999.0 -9999.0 -9999.0 -9999.0 -9999.0 -9999.0 -9999.0 -9999.0 -9999.0 -9999.0 -9999.0 -9999.0 -9999.0 -9999.0 -9999.0 -9999.0 -9999.0 -9999.0 -9999.0 -9999.0 -9999.0 -9999.0 -9999.0 -9999.0 -9999.0 -9999.0 -9999.0 -9999.0 -9999.0 -9999.0 -9999.0 -9999.0 -9999.0 -9999.0 -9999.0 -9999.0 -9999.0 -9999.0 -9999.0 -9999.0 -9999.0 -9999.0 -9999.0 -9999.0 -9999.0 -9999.0 -9999.0 -9999.0 -9999.0 -9999.0 -9999.0 -9999.0 -9999.0 -9999.0 -9999.0 -9999.0 -9999.0 -9999.0
-9999.0 -9999.0 -9999.0 -9999.0 -9999.0 -9999.0 -9999.0 -9999.0 -9999.0 -9999.0 -9999.0 -9999.0 -9999.0 -9999.0 -9999.0 -9999.0 -9999.0 -9999.0 -9999.0 -9999.0 -9999.0 -9999.0 -9999.0 -9999.0 -9999.0 -9999.0 -9999.0 -9999.0 -9999.0 -9999.0 -9999.0 -9999.0 -9999.0 -9999.0 -9999.0 -9999.0 -9999.0 -9999.0 -9999.0 -9999.0 -9999.0 -9999.0 -9999.0 -9999.0 -9999.0 -9999.0 -9999.0 -9999.0 -9999.0 -9999.0 -9999.0 -9999.0 -9999.0 -9999.0 -9999.0 -9999.0 -9999.0 -9999.0 -9999.0 -9999.0 -9999.0 -9999.0 -9999.0 -9999.0 -9999.0 -9999.0 -9999.0 -9999.0 -9999.0 -9999.0 -9999.0 -9999.0 -9999.0 -9999.0 -9999.0 -9999.0 -9999.0 -9999.0 -9999.0 -9999.0 -9999.0 -9999.0 -9999.0 -9999.0 -9999.0 -9999.0 -9999.0 -9999.0 -9999.0 -9999.0 -9999.0 -9999.0 -9999.0 -9999.0 -9999.0 -9999.0 -9999.0 -9999.0 -9999.0 -9999.0 -9999.0 -9999.0 -9999.0 -9999.0
-9999.0 -9999.0 323.566606 225.106583 126.039000 26.749269 -72.626209 -172.036942 -271.458373 -370.873653 -470.266811 -569.609273 -668.843768 -767.962139 -867.063345 -966.133793 -1065.146336 -1163.925954 -1262.105173 -1359.348634 -1454.746014 -1546.569926 -1632.212558 -1708.831781 -1774.330545 -1827.938174 -1870.165223 -1902.379429 -1926.323283 -1943.752143 -1956.229369 -1965.044645 -1971.208118 -1975.482416 -1978.428597 -1980.454622 -1981.868561 -1982.970149 -1984.282652 -1986.806183 -1987.717313 -1933.524536 -1240.908534 -1279.543507 -1261.087603 -1248.619728 -1242.800315 -1241.915185 -1241.819542 -1241.827214 -1241.849579 -1241.873734 -1241.896961 -1241.918478 -1241.938530 -1241.962571 -1242.041369 -1242.569447 -1245.657999 -1252.489430 -1260.234911 -1209.644931 -1903.412474 -1981.301863 -1985.592449 -1985.096521 -1984.877999 -1984.830074 -1984.821792 -1984.820853 -1984.821115 -1984.821500 -1984.821834 -1984.822101 -1984.822314 -1984.822487 -1984.822630 -1984.822753 -1984.822862 -1984.822964 -1984.823067 -1984.823181 -1984.823317 -1984.823495 -1984.823745 -1984.824111 -1984.824671 -1984.825549 -1984.826967 -1984.829315 -1984.833315 -1984.840348 -1984.853112 -1984.877023 -1984.923230 -1985.015574 -1985.207991 -1985.631714 -1986.633605 -1989.225093 -1996.731321 -2021.590259 -9999.0 -9999.0
-9999.0 -9999.0 323.573456 225.108238 126.039439 26.749399 -72.626168 -172.036928 -271.458367 -370.873651 -470.266810 -569.609273 -668.843767 -767.962138 -867.063344 -966.133794 -1065.146337 -1163.925954 -1262.105174 -1359.348634 -1454.746014 -1546.569926 -1632.212558 -1708.831782 -1774.330545 -1827.938174 -1870.165223 -1902.379429 -1926.323283 -1943.752144 -1956.229369 -1965.044645 -1971.208118 -1975.482416 -1978.428597 -1980.454622 -1981.868561 -1982.970149 -1984.282652 -1986.806183 -1987.717313 -1933.524536 -1240.908534 -1279.543507 -1261.087603 -1248.619727 -1242.800315 -1241.915185 -1241.819542 -1241.827214 -1241.849579 -1241.873734 -1241.896961 -1241.918478 -1241.938530 -1241.962571 -1242.041369 -1242.569447 -1245.657999 -1252.489430 -1260.234911 -1209.644931 -1903.412474 -1981.301863 -1985.592449 -1985.096521 -1984.877999 -1984.830074 -1984.821792 -1984.820853 -1984.821115 -1984.821500 -1984.821834 -1984.822101 -1984.822314 -1984.822487 -1984.822630 -1984.822753 -1984.822862 -1984.822964 -1984.823067 -1984.823181 -1984.823317 -1984.823495 -1984.823745 -1984.824111 -1984.824671 -1984.825549 -1984.826967 -1984.829314 -1984.833315 -1984.840348 -1984.853112 -1984.877023 -1984.923230 -1985.015574 -1985.207991 -1985.631714 -1986.633605 -1989.225093 -1996.731321 -2021.590259 -9999.0 -9999.0
-9999.0 -9999.0 323.574753 225.108943 126.039719 26.749501 -72.626131 -172.036915 -271.458363 -370.873649 -470.266809 -569.609272 -668.843767 -767.962138 -867.063344 -966.133794 -1065.146337 -1163.925954 -1262.105174 -1359.348634 -1454.746014 -1546.569927 -1632.212558 -1708.831782 -1774.330545 -1827.938174 -1870.165223 -1902.379429 -1926.323283 -1943.752144 -1956.229369 -1965.044645 -1971.208118 -1975.482416 -1978.428597 -1980.454622 -1981.868561 -1982.970149 -1984.282652 -1986.806183 -1987.717313 -1933.524536 -1240.908534 -1279.543507 -1261.087603 -1248.619727 -1242.800315 -1241.915185 -1241.819542 -1241.827214 -1241.849579 -1241.873734 -1241.896961 -1241.918478 -1241.938530 -1241.962571 -1242.041369 -1242.569447 -1245.657999 -1252.489430 -1260.234911 -1209.644931 -1903.412474 -1981.301863 -1985.592449 -1985.096521 -1984.877999 -1984.830074 -1984.821792 -1984.820853 -1984.821115 -1984.821500 -1984.821834 -1984.822101 -1984.822314 -1984.822487 -1984.822630 -1984.822753 -1984.822862 -1984.822964 -1984.823067 -1984.823181 -1984.823317 -1984.823495 -1984.823745 -1984.824111 -1984.824671 -1984.825549 -1984.826967 -1984.829314 -1984.833315 -1984.840348 -1984.853112 -1984.877023 -1984.923230 -1985.015574 -1985.207991 -1985.631714 -1986.633605 -1989.225093 -1996.731321 -2021.590259 -9999.0 -9999.0
-9999.0 -9999.0 323.574753 225.108943 126.039719 26.749501 -72.626131 -172.036915 -271.458362 -370.873649 -470.266809 -569.609272 -668.843767 -767.962138 -867.063344 -966.133794 -1065.146337 -1163.925954 -1262.105174 -1359.348634 -1454.746014 -1546.569927 -1632.212558 -1708.831782 -1774.330545 -1827.938174 -1870.165223 -1902.379429 -1926.323283 -1943.752144 -1956.229369 -1965.044645 -1971.208118 -1975.482416 -1978.428597 -1980.454622 -1981.868561 -1982.970149 -1984.282652 -1986.806183 -1987.717313 -1933.524536 -1240.908534 -1279.543507 -1261.087603 -1248.619727 -1242.800315 -1241.915185 -1241.819542 -1241.827214 -1241.849579 -1241.873734 -1241.896961 -1241.918478 -1241.938530 -1241.962571 -1242.041369 -1242.569447 -1245.657999 -1252.489430 -1260.234911 -1209.644931 -1903.412474 -1981.301863 -1985.592449 -1985.096521 -1984.877999 -1984.830074 -1984.821792 -1984.820853 -1984.821115 -1984.821500 -1984.821834 -1984.822101 -1984.822314 -1984.822487 -1984.822630 -1984.822753 -1984.822862 -1984.822964 -1984.823067 -1984.823181 -1984.823317 -1984.823495 -1984.823745 -1984.824111 -1984.824671 -1984.825549 -1984.826967 -1984.829314 -1984.833315 -1984.840348 -1984.853112 -1984.877023 -1984.923230 -1985.015574 -1985.207991 -1985.631714 -1986.633605 -1989.225093 -1996.731321 -2021.590259 -9999.0 -9999.0
-9999.0 -9999.0 323.573456 225.108238 126.039439 26.749399 -72.626168 -172.036928 -271.458367 -370.873651 -470.266810 -569.609272 -668.843767 -767.962138 -867.063344 -966.133794 -1065.146337 -1163.925954 -1262.105174 -1359.348634 -1454.746014 -1546.569926 -1632.212558 -1708.831782 -1774.330545 -1827.938174 -1870.165223 -1902.379429 -1926.323283 -1943.752144 -1956.229369 -1965.044645 -1971.208118 -1975.482416 -1978.428597 -1980.454622 -1981.868561 -1982.970149 -1984.282652 -1986.806183 -1987.717313 -1933.524536 -1240.908534 -1279.543507 -1261.087603 -1248.619727 -1242.800315 -1241.915185 -1241.819542 -1241.827214 -1241.849579 -1241.873734 -1241.896961 -1241.918478 -1241.938530 -1241.962571 -1242.041369 -1242.569447 -1245.657999 -1252.489430 -1260.234911 -1209.644931 -1903.412474 -1981.301863 -1985.592449 -1985.096521 -1984.877999 -1984.830074 -1984.821792 -1984.820853 -1984.821115 -1984.821500 -1984.821834 -1984.822101 -1984.822314 -1984.822487 -1984.822630 -1984.822753 -1984.822862 -1984.822964 -1984.823067 -1984.823181 -1984.823317 -1984.823495 -1984.823745 -1984.824111 -1984.824671 -1984.825549 -1984.826967 -1984.829314 -1984.833315 -1984.840348 -1984.853112 -1984.877023 -1984.923230 -1985.015574 -1985.207991 -1985.631714 -1986.633605 -1989.225093 -1996.731321 -2021.590259 -9999.0 -9999.0
-9999.0 -9999.0 323.566606 225.106583 126.039000 26.749269 -72.626209 -172.036942 -271.458373 -370.873653 -470.266811 -569.609273 -668.843767 -767.962139 -867.063345 -966.133794 -1065.146336 -1163.925954 -1262.105173 -1359.348634 -1454.746014 -1546.569926 -1632.212558 -1708.831781 -1774.330545 -1827.938174 -1870.165223 -1902.379429 -1926.323283 -1943.752143 -1956.229369 -1965.044645 -1971.208118 -1975.482416 -1978.428597 -1980.454622 -1981.868561 -1982.970149 -1984.282652 -1986.806183 -1987.717313 -1933.524536 -1240.908534 -1279.543507 -1261.087603 -1248.619728 -1242.800315 -1241.915185 -1241.819542 -1241.827214 -1241.849579 -1241.873734 -1241.896961 -1241.918478 -1241.938530 -1241.962571 -1242.041369 -1242.569447 -1245.657999 -1252.489430 -1260.234911 -1209.644931 -1903.412474 -1981.301863 -1985.592449 -1985.096521 -1984.877999 -1984.830074 -1984.821792 -1984.820853 -1984.821115 -1984.821500 -1984.821834 -1984.822101 -1984.822314 -1984.822487 -1984.822630 -1984.822753 -1984.822862 -1984.822964 -1984.823067 -1984.823181 -1984.823317 -1984.823495 -1984.823745 -1984.824111 -1984.824671 -1984.825549 -1984.826967 -1984.829315 -1984.833315 -1984.840348 -1984.853112 -1984.877023 -1984.923230 -1985.015574 -1985.207991 -1985.631714 -1986.633605 -1989.225093 -1996.731321 -2021.590259 -9999.0 -9999.0
-9999.0 -9999.0 -9999.0 -9999.0 -9999.0 -9999.0 -9999.0 -9999.0 -9999.0 -9999.0 -9999.0 -9999.0 -9999.0 -9999.0 -9999.0 -9999.0 -9999.0 -9999.0 -9999.0 -9999.0 -9999.0 -9999.0 -9999.0 -9999.0 -9999.0 -9999.0 -9999.0 -9999.0 -9999.0 -9999.0 -9999.0 -9999.0 -9999.0 -9999.0 -9999.0 -9999.0 -9999.0 -9999.0 -9999.0 -9999.0 -9999.0 -9999.0 -9999.0 -9999.0 -9999.0 -9999.0 -9999.0 -9999.0 -9999.0 -9999.0 -9999.0 -9999.0 -9999.0 -9999.0 -9999.0 -9999.0 -9999.0 -9999.0 -9999.0 -9999.0 -9999.0 -9999.0 -9999.0 -9999.0 -9999.0 -9999.0 -9999.0 -9999.0 -9999.0 -9999.0 -9999.0 -9999.0 -9999.0 -9999.0 -9999.0 -9999.0 -9999.0 -9999.0 -9999.0 -9999.0 -9999.0 -9999.0 -9999.0 -9999.0 -9999.0 -9999.0 -9999.0 -9999.0 -9999.0 -9999.0 -9999.0 -9999.0 -9999.0 -9999.0 -9999.0 -9999.0 -9999.0 -9999.0 -9999.0 -9999.0 -9999.0 -9999.0 -9999.0 -9999.0
-9999.0 -9999.0 -9999.0 -9999.0 -9999.0 -9999.0 -9999.0 -9999.0 -9999.0 -9999.0 -9999.0 -9999.0 -9999.0 -9999.0 -9999.0 -9999.0 -9999.0 -9999.0 -9999.0 -9999.0 -9999.0 -9999.0 -9999.0 -9999.0 -9999.0 -9999.0 -9999.0 -9999.0 -9999.0 -9999.0 -9999.0 -9999.0 -9999.0 -9999.0 -9999.0 -9999.0 -9999.0 -9999.0 -9999.0 -9999.0 -9999.0 -9999.0 -9999.0 -9999.0 -9999.0 -9999.0 -9999.0 -9999.0 -9999.0 -9999.0 -9999.0 -9999.0 -9999.0 -9999.0 -9999.0 -9999.0 -9999.0 -9999.0 -9999.0 -9999.0 -9999.0 -9999.0 -9999.0 -9999.0 -9999.0 -9999.0 -9999.0 -9999.0 -9999.0 -9999.0 -9999.0 -9999.0 -9999.0 -9999.0 -9999.0 -9999.0 -9999.0 -9999.0 -9999.0 -9999.0 -9999.0 -9999.0 -9999.0 -9999.0 -9999.0 -9999.0 -9999.0 -9999.0 -9999.0 -9999.0 -9999.0 -9999.0 -9999.0 -9999.0 -9999.0 -9999.0 -9999.0 -9999.0 -9999.0 -9999.0 -9999.0 -9999.0 -9999.0 -9999.0