inst/processing_geotop_simulation/geotop_simulation/out/maps3D/PwL0020N0166.asc
ncols         104
nrows         10
xllcorner     -2.000000
yllcorner     0.000000
cellsize      1.000000
NODATA_value  -9999.0
-9999.0 -9999.0 -9999.0 -9999.0 -9999.0 -9999.0 -9999.0 -9999.0 -9999.0 -9999.0 -9999.0 -9999.0 -9999.0 -9999.0 -9999.0 -9999.0 -9999.0 -9999.0 -9999.0 -9999.0 -9999.0 -9999.0 -9999.0 -9999.0 -9999.0 -9999.0 -9999.0 -9999.0 -9999.0 -9999.0 -9999.0 -9999.0 -9999.0 -9999.0 -9999.0 -9999.0 -9999.0 -9999.0 -9999.0 -9999.0 -9999.0 -9999.0 -9999.0 -9999.0 -9999.0 -9999.0 -9999.0 -9999.0 -9999.0 -9999.0 -9999.0 -9999.0 -9999.0 -9999.0 -9999.0 -9999.0 -9999.0 -9999.0 -9999.0 -9999.0 -9999.0 -9999.0 -9999.0 -9999.0 -9999.0 -9999.0 -9999.0 -9999.0 -9999.0 -9999.0 -9999.0 -9999.0 -9999.0 -9999.0 -9999.0 -9999.0 -9999.0 -9999.0 -9999.0 -9999.0 -9999.0 -9999.0 -9999.0 -9999.0 -9999.0 -9999.0 -9999.0 -9999.0 -9999.0 -9999.0 -9999.0 -9999.0 -9999.0 -9999.0 -9999.0 -9999.0 -9999.0 -9999.0 -9999.0 -9999.0 -9999.0 -9999.0 -9999.0 -9999.0
-9999.0 -9999.0 -9999.0 -9999.0 -9999.0 -9999.0 -9999.0 -9999.0 -9999.0 -9999.0 -9999.0 -9999.0 -9999.0 -9999.0 -9999.0 -9999.0 -9999.0 -9999.0 -9999.0 -9999.0 -9999.0 -9999.0 -9999.0 -9999.0 -9999.0 -9999.0 -9999.0 -9999.0 -9999.0 -9999.0 -9999.0 -9999.0 -9999.0 -9999.0 -9999.0 -9999.0 -9999.0 -9999.0 -9999.0 -9999.0 -9999.0 -9999.0 -9999.0 -9999.0 -9999.0 -9999.0 -9999.0 -9999.0 -9999.0 -9999.0 -9999.0 -9999.0 -9999.0 -9999.0 -9999.0 -9999.0 -9999.0 -9999.0 -9999.0 -9999.0 -9999.0 -9999.0 -9999.0 -9999.0 -9999.0 -9999.0 -9999.0 -9999.0 -9999.0 -9999.0 -9999.0 -9999.0 -9999.0 -9999.0 -9999.0 -9999.0 -9999.0 -9999.0 -9999.0 -9999.0 -9999.0 -9999.0 -9999.0 -9999.0 -9999.0 -9999.0 -9999.0 -9999.0 -9999.0 -9999.0 -9999.0 -9999.0 -9999.0 -9999.0 -9999.0 -9999.0 -9999.0 -9999.0 -9999.0 -9999.0 -9999.0 -9999.0 -9999.0 -9999.0
-9999.0 -9999.0 981.965663 886.832802 791.369906 695.316061 598.931564 502.396463 405.811640 309.232545 212.690091 116.201739 19.779882 -76.554070 -172.783654 -268.823208 -364.513575 -459.585855 -553.559279 -645.502526 -737.632277 -828.354921 -917.430171 -1004.650369 -1071.079599 -1125.266820 -1167.382859 -1198.705517 -1221.123182 -1236.658288 -1247.146064 -1254.082893 -1258.601006 -1261.512015 -1263.375004 -1264.566440 -1265.343556 -1265.919273 -1266.699235 -1269.521723 -1283.634376 -1364.337191 -1900.549436 -3957.988990 -3985.145115 -3985.146065 -3985.041573 -3983.739573 -3977.117242 -3955.150608 -3900.111750 -3778.569908 -3642.622037 -3522.947391 -3388.964185 -3228.388347 -3038.751608 -2830.341915 -2621.898321 -2428.415063 -2237.208461 -1529.320487 -1325.383354 -1276.931217 -1268.413050 -1267.089273 -1266.897483 -1266.869489 -1266.865943 -1266.866348 -1266.867284 -1266.868128 -1266.868794 -1266.869305 -1266.869699 -1266.870007 -1266.870252 -1266.870452 -1266.870620 -1266.870769 -1266.870915 -1266.871077 -1266.871277 -1266.871553 -1266.871958 -1266.872577 -1266.873549 -1266.875102 -1266.877625 -1266.881800 -1266.888865 -1266.901141 -1266.923111 -1266.963644 -1267.040598 -1267.190803 -1267.493661 -1268.133538 -1269.576194 -1273.067790 -1282.083793 -1307.794798 -9999.0 -9999.0
-9999.0 -9999.0 981.968952 886.834077 791.370329 695.316200 598.931611 502.396480 405.811646 309.232547 212.690092 116.201739 19.779882 -76.554070 -172.783654 -268.823208 -364.513575 -459.585855 -553.559279 -645.502527 -737.632277 -828.354921 -917.430172 -1004.650369 -1071.079600 -1125.266820 -1167.382859 -1198.705517 -1221.123182 -1236.658288 -1247.146064 -1254.082893 -1258.601006 -1261.512015 -1263.375004 -1264.566440 -1265.343556 -1265.919273 -1266.699235 -1269.521723 -1283.634376 -1364.337191 -1900.549435 -3957.988990 -3985.145115 -3985.146065 -3985.041573 -3983.739573 -3977.117242 -3955.150608 -3900.111749 -3778.569907 -3642.622036 -3522.947391 -3388.964184 -3228.388346 -3038.751606 -2830.341914 -2621.898320 -2428.415063 -2237.208461 -1529.320487 -1325.383354 -1276.931217 -1268.413050 -1267.089273 -1266.897483 -1266.869489 -1266.865943 -1266.866348 -1266.867284 -1266.868128 -1266.868794 -1266.869305 -1266.869699 -1266.870007 -1266.870252 -1266.870452 -1266.870620 -1266.870769 -1266.870915 -1266.871077 -1266.871277 -1266.871553 -1266.871958 -1266.872577 -1266.873549 -1266.875102 -1266.877625 -1266.881800 -1266.888865 -1266.901141 -1266.923111 -1266.963644 -1267.040598 -1267.190803 -1267.493661 -1268.133538 -1269.576194 -1273.067790 -1282.083793 -1307.794798 -9999.0 -9999.0
-9999.0 -9999.0 981.970234 886.834768 791.370622 695.316312 598.931653 502.396495 405.811651 309.232549 212.690093 116.201740 19.779882 -76.554070 -172.783654 -268.823208 -364.513575 -459.585855 -553.559279 -645.502527 -737.632277 -828.354921 -917.430172 -1004.650370 -1071.079600 -1125.266820 -1167.382859 -1198.705518 -1221.123182 -1236.658288 -1247.146064 -1254.082893 -1258.601006 -1261.512015 -1263.375004 -1264.566440 -1265.343556 -1265.919273 -1266.699235 -1269.521723 -1283.634376 -1364.337191 -1900.549435 -3957.988990 -3985.145115 -3985.146065 -3985.041573 -3983.739573 -3977.117242 -3955.150608 -3900.111748 -3778.569906 -3642.622036 -3522.947390 -3388.964184 -3228.388345 -3038.751606 -2830.341913 -2621.898320 -2428.415062 -2237.208460 -1529.320487 -1325.383354 -1276.931217 -1268.413050 -1267.089273 -1266.897483 -1266.869489 -1266.865943 -1266.866348 -1266.867284 -1266.868128 -1266.868794 -1266.869305 -1266.869699 -1266.870007 -1266.870252 -1266.870452 -1266.870620 -1266.870769 -1266.870915 -1266.871077 -1266.871277 -1266.871553 -1266.871958 -1266.872577 -1266.873549 -1266.875102 -1266.877625 -1266.881800 -1266.888865 -1266.901141 -1266.923111 -1266.963644 -1267.040598 -1267.190803 -1267.493661 -1268.133538 -1269.576194 -1273.067790 -1282.083793 -1307.794798 -9999.0 -9999.0
-9999.0 -9999.0 981.970234 886.834768 791.370622 695.316312 598.931653 502.396495 405.811651 309.232549 212.690093 116.201740 19.779882 -76.554070 -172.783654 -268.823208 -364.513575 -459.585855 -553.559279 -645.502527 -737.632277 -828.354921 -917.430172 -1004.650370 -1071.079600 -1125.266820 -1167.382859 -1198.705518 -1221.123182 -1236.658288 -1247.146064 -1254.082893 -1258.601006 -1261.512015 -1263.375004 -1264.566440 -1265.343556 -1265.919273 -1266.699235 -1269.521723 -1283.634376 -1364.337191 -1900.549435 -3957.988990 -3985.145115 -3985.146065 -3985.041573 -3983.739573 -3977.117242 -3955.150608 -3900.111748 -3778.569906 -3642.622036 -3522.947391 -3388.964183 -3228.388346 -3038.751606 -2830.341914 -2621.898320 -2428.415063 -2237.208460 -1529.320487 -1325.383354 -1276.931217 -1268.413050 -1267.089273 -1266.897483 -1266.869489 -1266.865943 -1266.866348 -1266.867284 -1266.868128 -1266.868794 -1266.869305 -1266.869699 -1266.870007 -1266.870252 -1266.870452 -1266.870620 -1266.870769 -1266.870915 -1266.871077 -1266.871277 -1266.871553 -1266.871958 -1266.872577 -1266.873549 -1266.875102 -1266.877625 -1266.881800 -1266.888865 -1266.901141 -1266.923111 -1266.963644 -1267.040598 -1267.190803 -1267.493661 -1268.133538 -1269.576194 -1273.067790 -1282.083793 -1307.794798 -9999.0 -9999.0
-9999.0 -9999.0 981.968952 886.834077 791.370329 695.316200 598.931611 502.396480 405.811646 309.232547 212.690092 116.201739 19.779882 -76.554070 -172.783654 -268.823208 -364.513575 -459.585855 -553.559279 -645.502527 -737.632277 -828.354921 -917.430172 -1004.650369 -1071.079600 -1125.266820 -1167.382859 -1198.705517 -1221.123182 -1236.658288 -1247.146064 -1254.082893 -1258.601006 -1261.512015 -1263.375004 -1264.566440 -1265.343556 -1265.919273 -1266.699235 -1269.521723 -1283.634376 -1364.337191 -1900.549435 -3957.988990 -3985.145115 -3985.146065 -3985.041573 -3983.739573 -3977.117242 -3955.150608 -3900.111749 -3778.569907 -3642.622036 -3522.947391 -3388.964184 -3228.388346 -3038.751607 -2830.341914 -2621.898320 -2428.415063 -2237.208461 -1529.320487 -1325.383354 -1276.931217 -1268.413050 -1267.089273 -1266.897483 -1266.869489 -1266.865943 -1266.866348 -1266.867284 -1266.868128 -1266.868794 -1266.869305 -1266.869699 -1266.870007 -1266.870252 -1266.870452 -1266.870620 -1266.870769 -1266.870915 -1266.871077 -1266.871277 -1266.871553 -1266.871958 -1266.872577 -1266.873549 -1266.875102 -1266.877625 -1266.881800 -1266.888865 -1266.901141 -1266.923111 -1266.963644 -1267.040598 -1267.190803 -1267.493661 -1268.133538 -1269.576194 -1273.067790 -1282.083793 -1307.794798 -9999.0 -9999.0
-9999.0 -9999.0 981.965663 886.832802 791.369906 695.316061 598.931564 502.396463 405.811640 309.232545 212.690091 116.201739 19.779882 -76.554070 -172.783654 -268.823208 -364.513575 -459.585855 -553.559279 -645.502526 -737.632277 -828.354921 -917.430171 -1004.650369 -1071.079599 -1125.266820 -1167.382859 -1198.705517 -1221.123182 -1236.658288 -1247.146064 -1254.082893 -1258.601006 -1261.512015 -1263.375004 -1264.566440 -1265.343556 -1265.919273 -1266.699235 -1269.521723 -1283.634376 -1364.337191 -1900.549436 -3957.988990 -3985.145115 -3985.146065 -3985.041573 -3983.739573 -3977.117242 -3955.150608 -3900.111750 -3778.569908 -3642.622037 -3522.947391 -3388.964184 -3228.388347 -3038.751607 -2830.341915 -2621.898321 -2428.415063 -2237.208461 -1529.320487 -1325.383354 -1276.931217 -1268.413050 -1267.089273 -1266.897483 -1266.869489 -1266.865943 -1266.866348 -1266.867284 -1266.868128 -1266.868794 -1266.869305 -1266.869699 -1266.870007 -1266.870252 -1266.870452 -1266.870620 -1266.870769 -1266.870915 -1266.871077 -1266.871277 -1266.871553 -1266.871958 -1266.872577 -1266.873549 -1266.875102 -1266.877625 -1266.881800 -1266.888865 -1266.901141 -1266.923111 -1266.963644 -1267.040598 -1267.190803 -1267.493661 -1268.133538 -1269.576194 -1273.067790 -1282.083793 -1307.794799 -9999.0 -9999.0
-9999.0 -9999.0 -9999.0 -9999.0 -9999.0 -9999.0 -9999.0 -9999.0 -9999.0 -9999.0 -9999.0 -9999.0 -9999.0 -9999.0 -9999.0 -9999.0 -9999.0 -9999.0 -9999.0 -9999.0 -9999.0 -9999.0 -9999.0 -9999.0 -9999.0 -9999.0 -9999.0 -9999.0 -9999.0 -9999.0 -9999.0 -9999.0 -9999.0 -9999.0 -9999.0 -9999.0 -9999.0 -9999.0 -9999.0 -9999.0 -9999.0 -9999.0 -9999.0 -9999.0 -9999.0 -9999.0 -9999.0 -9999.0 -9999.0 -9999.0 -9999.0 -9999.0 -9999.0 -9999.0 -9999.0 -9999.0 -9999.0 -9999.0 -9999.0 -9999.0 -9999.0 -9999.0 -9999.0 -9999.0 -9999.0 -9999.0 -9999.0 -9999.0 -9999.0 -9999.0 -9999.0 -9999.0 -9999.0 -9999.0 -9999.0 -9999.0 -9999.0 -9999.0 -9999.0 -9999.0 -9999.0 -9999.0 -9999.0 -9999.0 -9999.0 -9999.0 -9999.0 -9999.0 -9999.0 -9999.0 -9999.0 -9999.0 -9999.0 -9999.0 -9999.0 -9999.0 -9999.0 -9999.0 -9999.0 -9999.0 -9999.0 -9999.0 -9999.0 -9999.0
-9999.0 -9999.0 -9999.0 -9999.0 -9999.0 -9999.0 -9999.0 -9999.0 -9999.0 -9999.0 -9999.0 -9999.0 -9999.0 -9999.0 -9999.0 -9999.0 -9999.0 -9999.0 -9999.0 -9999.0 -9999.0 -9999.0 -9999.0 -9999.0 -9999.0 -9999.0 -9999.0 -9999.0 -9999.0 -9999.0 -9999.0 -9999.0 -9999.0 -9999.0 -9999.0 -9999.0 -9999.0 -9999.0 -9999.0 -9999.0 -9999.0 -9999.0 -9999.0 -9999.0 -9999.0 -9999.0 -9999.0 -9999.0 -9999.0 -9999.0 -9999.0 -9999.0 -9999.0 -9999.0 -9999.0 -9999.0 -9999.0 -9999.0 -9999.0 -9999.0 -9999.0 -9999.0 -9999.0 -9999.0 -9999.0 -9999.0 -9999.0 -9999.0 -9999.0 -9999.0 -9999.0 -9999.0 -9999.0 -9999.0 -9999.0 -9999.0 -9999.0 -9999.0 -9999.0 -9999.0 -9999.0 -9999.0 -9999.0 -9999.0 -9999.0 -9999.0 -9999.0 -9999.0 -9999.0 -9999.0 -9999.0 -9999.0 -9999.0 -9999.0 -9999.0 -9999.0 -9999.0 -9999.0 -9999.0 -9999.0 -9999.0 -9999.0 -9999.0 -9999.0