inst/processing_geotop_simulation/geotop_simulation/out/maps3D/PwL0005N0479.asc
ncols         104
nrows         10
xllcorner     -2.000000
yllcorner     0.000000
cellsize      1.000000
NODATA_value  -9999.0
-9999.0 -9999.0 -9999.0 -9999.0 -9999.0 -9999.0 -9999.0 -9999.0 -9999.0 -9999.0 -9999.0 -9999.0 -9999.0 -9999.0 -9999.0 -9999.0 -9999.0 -9999.0 -9999.0 -9999.0 -9999.0 -9999.0 -9999.0 -9999.0 -9999.0 -9999.0 -9999.0 -9999.0 -9999.0 -9999.0 -9999.0 -9999.0 -9999.0 -9999.0 -9999.0 -9999.0 -9999.0 -9999.0 -9999.0 -9999.0 -9999.0 -9999.0 -9999.0 -9999.0 -9999.0 -9999.0 -9999.0 -9999.0 -9999.0 -9999.0 -9999.0 -9999.0 -9999.0 -9999.0 -9999.0 -9999.0 -9999.0 -9999.0 -9999.0 -9999.0 -9999.0 -9999.0 -9999.0 -9999.0 -9999.0 -9999.0 -9999.0 -9999.0 -9999.0 -9999.0 -9999.0 -9999.0 -9999.0 -9999.0 -9999.0 -9999.0 -9999.0 -9999.0 -9999.0 -9999.0 -9999.0 -9999.0 -9999.0 -9999.0 -9999.0 -9999.0 -9999.0 -9999.0 -9999.0 -9999.0 -9999.0 -9999.0 -9999.0 -9999.0 -9999.0 -9999.0 -9999.0 -9999.0 -9999.0 -9999.0 -9999.0 -9999.0 -9999.0 -9999.0
-9999.0 -9999.0 -9999.0 -9999.0 -9999.0 -9999.0 -9999.0 -9999.0 -9999.0 -9999.0 -9999.0 -9999.0 -9999.0 -9999.0 -9999.0 -9999.0 -9999.0 -9999.0 -9999.0 -9999.0 -9999.0 -9999.0 -9999.0 -9999.0 -9999.0 -9999.0 -9999.0 -9999.0 -9999.0 -9999.0 -9999.0 -9999.0 -9999.0 -9999.0 -9999.0 -9999.0 -9999.0 -9999.0 -9999.0 -9999.0 -9999.0 -9999.0 -9999.0 -9999.0 -9999.0 -9999.0 -9999.0 -9999.0 -9999.0 -9999.0 -9999.0 -9999.0 -9999.0 -9999.0 -9999.0 -9999.0 -9999.0 -9999.0 -9999.0 -9999.0 -9999.0 -9999.0 -9999.0 -9999.0 -9999.0 -9999.0 -9999.0 -9999.0 -9999.0 -9999.0 -9999.0 -9999.0 -9999.0 -9999.0 -9999.0 -9999.0 -9999.0 -9999.0 -9999.0 -9999.0 -9999.0 -9999.0 -9999.0 -9999.0 -9999.0 -9999.0 -9999.0 -9999.0 -9999.0 -9999.0 -9999.0 -9999.0 -9999.0 -9999.0 -9999.0 -9999.0 -9999.0 -9999.0 -9999.0 -9999.0 -9999.0 -9999.0 -9999.0 -9999.0
-9999.0 -9999.0 224.183885 125.712854 26.561188 -72.799558 -172.241422 -271.715322 -371.196912 -470.669645 -570.115495 -669.496652 -768.795194 -868.036265 -967.229114 -1066.420657 -1165.496928 -1264.257374 -1362.558559 -1459.990175 -1555.673765 -1647.904621 -1734.042475 -1811.135364 -1876.969586 -1930.730136 -1972.959588 -2005.089792 -2028.920601 -2046.242991 -2058.635810 -2067.391364 -2073.516265 -2077.767755 -2080.701852 -2082.722743 -2084.136562 -2085.242968 -2086.551048 -2088.855512 -2087.400201 -2014.863856 -1245.640210 -1257.946803 -1244.787607 -1235.858195 -1231.664937 -1231.003235 -1230.930402 -1230.935837 -1230.952425 -1230.970380 -1230.987652 -1231.003658 -1231.018606 -1231.036792 -1231.097578 -1231.498385 -1233.746141 -1238.676419 -1244.431467 -1222.774989 -1987.189605 -2081.606032 -2087.678066 -2087.358046 -2087.150318 -2087.101713 -2087.093040 -2087.091994 -2087.092218 -2087.092583 -2087.092903 -2087.093160 -2087.093365 -2087.093533 -2087.093672 -2087.093792 -2087.093899 -2087.094000 -2087.094102 -2087.094213 -2087.094347 -2087.094522 -2087.094765 -2087.095121 -2087.095663 -2087.096513 -2087.097884 -2087.100153 -2087.104022 -2087.110828 -2087.123193 -2087.146385 -2087.191274 -2087.281183 -2087.469123 -2087.884802 -2088.873514 -2091.450901 -2098.975989 -2123.986680 -9999.0 -9999.0
-9999.0 -9999.0 224.191709 125.714552 26.561625 -72.799430 -172.241381 -271.715309 -371.196907 -470.669643 -570.115493 -669.496651 -768.795194 -868.036265 -967.229114 -1066.420657 -1165.496928 -1264.257374 -1362.558560 -1459.990175 -1555.673766 -1647.904622 -1734.042475 -1811.135364 -1876.969586 -1930.730136 -1972.959588 -2005.089792 -2028.920601 -2046.242991 -2058.635810 -2067.391364 -2073.516265 -2077.767755 -2080.701852 -2082.722743 -2084.136562 -2085.242968 -2086.551048 -2088.855512 -2087.400201 -2014.863856 -1245.640210 -1257.946803 -1244.787606 -1235.858195 -1231.664937 -1231.003235 -1230.930402 -1230.935837 -1230.952425 -1230.970380 -1230.987652 -1231.003658 -1231.018606 -1231.036792 -1231.097578 -1231.498385 -1233.746141 -1238.676419 -1244.431467 -1222.774989 -1987.189605 -2081.606032 -2087.678066 -2087.358046 -2087.150318 -2087.101713 -2087.093040 -2087.091994 -2087.092218 -2087.092583 -2087.092903 -2087.093160 -2087.093365 -2087.093533 -2087.093672 -2087.093792 -2087.093899 -2087.094000 -2087.094102 -2087.094213 -2087.094347 -2087.094522 -2087.094765 -2087.095121 -2087.095663 -2087.096513 -2087.097884 -2087.100153 -2087.104022 -2087.110827 -2087.123193 -2087.146385 -2087.191274 -2087.281183 -2087.469123 -2087.884802 -2088.873514 -2091.450901 -2098.975989 -2123.986680 -9999.0 -9999.0
-9999.0 -9999.0 224.192938 125.715253 26.561902 -72.799330 -172.241345 -271.715296 -371.196902 -470.669641 -570.115493 -669.496651 -768.795193 -868.036265 -967.229114 -1066.420657 -1165.496928 -1264.257374 -1362.558560 -1459.990175 -1555.673766 -1647.904622 -1734.042475 -1811.135364 -1876.969586 -1930.730136 -1972.959588 -2005.089792 -2028.920601 -2046.242992 -2058.635810 -2067.391364 -2073.516265 -2077.767755 -2080.701852 -2082.722743 -2084.136562 -2085.242968 -2086.551048 -2088.855512 -2087.400201 -2014.863856 -1245.640209 -1257.946803 -1244.787606 -1235.858195 -1231.664937 -1231.003235 -1230.930402 -1230.935837 -1230.952425 -1230.970380 -1230.987652 -1231.003658 -1231.018606 -1231.036792 -1231.097578 -1231.498385 -1233.746141 -1238.676419 -1244.431467 -1222.774989 -1987.189605 -2081.606032 -2087.678066 -2087.358046 -2087.150318 -2087.101713 -2087.093040 -2087.091994 -2087.092218 -2087.092583 -2087.092903 -2087.093160 -2087.093365 -2087.093533 -2087.093672 -2087.093792 -2087.093899 -2087.094000 -2087.094102 -2087.094213 -2087.094347 -2087.094522 -2087.094765 -2087.095121 -2087.095663 -2087.096513 -2087.097884 -2087.100153 -2087.104022 -2087.110827 -2087.123193 -2087.146385 -2087.191274 -2087.281183 -2087.469123 -2087.884802 -2088.873514 -2091.450901 -2098.975989 -2123.986680 -9999.0 -9999.0
-9999.0 -9999.0 224.192938 125.715253 26.561902 -72.799330 -172.241345 -271.715296 -371.196902 -470.669641 -570.115493 -669.496651 -768.795193 -868.036265 -967.229114 -1066.420657 -1165.496928 -1264.257374 -1362.558560 -1459.990175 -1555.673766 -1647.904622 -1734.042475 -1811.135364 -1876.969586 -1930.730136 -1972.959588 -2005.089792 -2028.920601 -2046.242992 -2058.635810 -2067.391364 -2073.516265 -2077.767755 -2080.701852 -2082.722743 -2084.136562 -2085.242968 -2086.551048 -2088.855512 -2087.400201 -2014.863856 -1245.640210 -1257.946803 -1244.787606 -1235.858195 -1231.664937 -1231.003235 -1230.930402 -1230.935837 -1230.952425 -1230.970380 -1230.987652 -1231.003658 -1231.018606 -1231.036792 -1231.097578 -1231.498385 -1233.746141 -1238.676419 -1244.431467 -1222.774989 -1987.189605 -2081.606032 -2087.678066 -2087.358046 -2087.150318 -2087.101713 -2087.093040 -2087.091994 -2087.092218 -2087.092583 -2087.092903 -2087.093160 -2087.093365 -2087.093533 -2087.093672 -2087.093792 -2087.093899 -2087.094000 -2087.094102 -2087.094213 -2087.094347 -2087.094522 -2087.094765 -2087.095121 -2087.095663 -2087.096513 -2087.097884 -2087.100153 -2087.104022 -2087.110827 -2087.123193 -2087.146385 -2087.191274 -2087.281183 -2087.469123 -2087.884802 -2088.873514 -2091.450901 -2098.975989 -2123.986680 -9999.0 -9999.0
-9999.0 -9999.0 224.191709 125.714552 26.561625 -72.799430 -172.241381 -271.715308 -371.196907 -470.669643 -570.115494 -669.496651 -768.795194 -868.036265 -967.229114 -1066.420657 -1165.496928 -1264.257374 -1362.558560 -1459.990175 -1555.673766 -1647.904622 -1734.042475 -1811.135364 -1876.969586 -1930.730136 -1972.959588 -2005.089792 -2028.920601 -2046.242991 -2058.635810 -2067.391364 -2073.516265 -2077.767755 -2080.701852 -2082.722743 -2084.136562 -2085.242968 -2086.551048 -2088.855512 -2087.400201 -2014.863856 -1245.640210 -1257.946803 -1244.787606 -1235.858195 -1231.664937 -1231.003235 -1230.930402 -1230.935837 -1230.952425 -1230.970380 -1230.987652 -1231.003658 -1231.018606 -1231.036792 -1231.097578 -1231.498385 -1233.746141 -1238.676419 -1244.431467 -1222.774989 -1987.189605 -2081.606032 -2087.678066 -2087.358046 -2087.150318 -2087.101713 -2087.093040 -2087.091994 -2087.092218 -2087.092583 -2087.092903 -2087.093160 -2087.093365 -2087.093533 -2087.093672 -2087.093792 -2087.093899 -2087.094000 -2087.094102 -2087.094213 -2087.094347 -2087.094522 -2087.094765 -2087.095121 -2087.095663 -2087.096513 -2087.097884 -2087.100153 -2087.104022 -2087.110827 -2087.123193 -2087.146385 -2087.191274 -2087.281183 -2087.469123 -2087.884802 -2088.873514 -2091.450901 -2098.975989 -2123.986680 -9999.0 -9999.0
-9999.0 -9999.0 224.183885 125.712854 26.561188 -72.799558 -172.241421 -271.715323 -371.196912 -470.669645 -570.115494 -669.496652 -768.795194 -868.036266 -967.229114 -1066.420657 -1165.496928 -1264.257374 -1362.558559 -1459.990175 -1555.673765 -1647.904621 -1734.042475 -1811.135364 -1876.969586 -1930.730136 -1972.959588 -2005.089792 -2028.920601 -2046.242991 -2058.635810 -2067.391364 -2073.516265 -2077.767755 -2080.701852 -2082.722743 -2084.136562 -2085.242968 -2086.551048 -2088.855512 -2087.400201 -2014.863856 -1245.640210 -1257.946803 -1244.787607 -1235.858195 -1231.664937 -1231.003235 -1230.930402 -1230.935837 -1230.952425 -1230.970380 -1230.987652 -1231.003658 -1231.018606 -1231.036792 -1231.097578 -1231.498385 -1233.746141 -1238.676419 -1244.431467 -1222.774989 -1987.189605 -2081.606032 -2087.678066 -2087.358046 -2087.150318 -2087.101713 -2087.093040 -2087.091994 -2087.092218 -2087.092583 -2087.092903 -2087.093160 -2087.093365 -2087.093533 -2087.093672 -2087.093792 -2087.093899 -2087.094000 -2087.094102 -2087.094213 -2087.094347 -2087.094522 -2087.094765 -2087.095121 -2087.095663 -2087.096513 -2087.097884 -2087.100153 -2087.104022 -2087.110828 -2087.123193 -2087.146385 -2087.191274 -2087.281183 -2087.469123 -2087.884802 -2088.873514 -2091.450901 -2098.975989 -2123.986680 -9999.0 -9999.0
-9999.0 -9999.0 -9999.0 -9999.0 -9999.0 -9999.0 -9999.0 -9999.0 -9999.0 -9999.0 -9999.0 -9999.0 -9999.0 -9999.0 -9999.0 -9999.0 -9999.0 -9999.0 -9999.0 -9999.0 -9999.0 -9999.0 -9999.0 -9999.0 -9999.0 -9999.0 -9999.0 -9999.0 -9999.0 -9999.0 -9999.0 -9999.0 -9999.0 -9999.0 -9999.0 -9999.0 -9999.0 -9999.0 -9999.0 -9999.0 -9999.0 -9999.0 -9999.0 -9999.0 -9999.0 -9999.0 -9999.0 -9999.0 -9999.0 -9999.0 -9999.0 -9999.0 -9999.0 -9999.0 -9999.0 -9999.0 -9999.0 -9999.0 -9999.0 -9999.0 -9999.0 -9999.0 -9999.0 -9999.0 -9999.0 -9999.0 -9999.0 -9999.0 -9999.0 -9999.0 -9999.0 -9999.0 -9999.0 -9999.0 -9999.0 -9999.0 -9999.0 -9999.0 -9999.0 -9999.0 -9999.0 -9999.0 -9999.0 -9999.0 -9999.0 -9999.0 -9999.0 -9999.0 -9999.0 -9999.0 -9999.0 -9999.0 -9999.0 -9999.0 -9999.0 -9999.0 -9999.0 -9999.0 -9999.0 -9999.0 -9999.0 -9999.0 -9999.0 -9999.0
-9999.0 -9999.0 -9999.0 -9999.0 -9999.0 -9999.0 -9999.0 -9999.0 -9999.0 -9999.0 -9999.0 -9999.0 -9999.0 -9999.0 -9999.0 -9999.0 -9999.0 -9999.0 -9999.0 -9999.0 -9999.0 -9999.0 -9999.0 -9999.0 -9999.0 -9999.0 -9999.0 -9999.0 -9999.0 -9999.0 -9999.0 -9999.0 -9999.0 -9999.0 -9999.0 -9999.0 -9999.0 -9999.0 -9999.0 -9999.0 -9999.0 -9999.0 -9999.0 -9999.0 -9999.0 -9999.0 -9999.0 -9999.0 -9999.0 -9999.0 -9999.0 -9999.0 -9999.0 -9999.0 -9999.0 -9999.0 -9999.0 -9999.0 -9999.0 -9999.0 -9999.0 -9999.0 -9999.0 -9999.0 -9999.0 -9999.0 -9999.0 -9999.0 -9999.0 -9999.0 -9999.0 -9999.0 -9999.0 -9999.0 -9999.0 -9999.0 -9999.0 -9999.0 -9999.0 -9999.0 -9999.0 -9999.0 -9999.0 -9999.0 -9999.0 -9999.0 -9999.0 -9999.0 -9999.0 -9999.0 -9999.0 -9999.0 -9999.0 -9999.0 -9999.0 -9999.0 -9999.0 -9999.0 -9999.0 -9999.0 -9999.0 -9999.0 -9999.0 -9999.0