inst/processing_geotop_simulation/geotop_simulation/out/maps3D/PwL0006N0097.asc
ncols         104
nrows         10
xllcorner     -2.000000
yllcorner     0.000000
cellsize      1.000000
NODATA_value  -9999.0
-9999.0 -9999.0 -9999.0 -9999.0 -9999.0 -9999.0 -9999.0 -9999.0 -9999.0 -9999.0 -9999.0 -9999.0 -9999.0 -9999.0 -9999.0 -9999.0 -9999.0 -9999.0 -9999.0 -9999.0 -9999.0 -9999.0 -9999.0 -9999.0 -9999.0 -9999.0 -9999.0 -9999.0 -9999.0 -9999.0 -9999.0 -9999.0 -9999.0 -9999.0 -9999.0 -9999.0 -9999.0 -9999.0 -9999.0 -9999.0 -9999.0 -9999.0 -9999.0 -9999.0 -9999.0 -9999.0 -9999.0 -9999.0 -9999.0 -9999.0 -9999.0 -9999.0 -9999.0 -9999.0 -9999.0 -9999.0 -9999.0 -9999.0 -9999.0 -9999.0 -9999.0 -9999.0 -9999.0 -9999.0 -9999.0 -9999.0 -9999.0 -9999.0 -9999.0 -9999.0 -9999.0 -9999.0 -9999.0 -9999.0 -9999.0 -9999.0 -9999.0 -9999.0 -9999.0 -9999.0 -9999.0 -9999.0 -9999.0 -9999.0 -9999.0 -9999.0 -9999.0 -9999.0 -9999.0 -9999.0 -9999.0 -9999.0 -9999.0 -9999.0 -9999.0 -9999.0 -9999.0 -9999.0 -9999.0 -9999.0 -9999.0 -9999.0 -9999.0 -9999.0
-9999.0 -9999.0 -9999.0 -9999.0 -9999.0 -9999.0 -9999.0 -9999.0 -9999.0 -9999.0 -9999.0 -9999.0 -9999.0 -9999.0 -9999.0 -9999.0 -9999.0 -9999.0 -9999.0 -9999.0 -9999.0 -9999.0 -9999.0 -9999.0 -9999.0 -9999.0 -9999.0 -9999.0 -9999.0 -9999.0 -9999.0 -9999.0 -9999.0 -9999.0 -9999.0 -9999.0 -9999.0 -9999.0 -9999.0 -9999.0 -9999.0 -9999.0 -9999.0 -9999.0 -9999.0 -9999.0 -9999.0 -9999.0 -9999.0 -9999.0 -9999.0 -9999.0 -9999.0 -9999.0 -9999.0 -9999.0 -9999.0 -9999.0 -9999.0 -9999.0 -9999.0 -9999.0 -9999.0 -9999.0 -9999.0 -9999.0 -9999.0 -9999.0 -9999.0 -9999.0 -9999.0 -9999.0 -9999.0 -9999.0 -9999.0 -9999.0 -9999.0 -9999.0 -9999.0 -9999.0 -9999.0 -9999.0 -9999.0 -9999.0 -9999.0 -9999.0 -9999.0 -9999.0 -9999.0 -9999.0 -9999.0 -9999.0 -9999.0 -9999.0 -9999.0 -9999.0 -9999.0 -9999.0 -9999.0 -9999.0 -9999.0 -9999.0 -9999.0 -9999.0
-9999.0 -9999.0 285.632073 198.383210 105.837979 11.486227 -83.552244 -178.888603 -274.386419 -370.096178 -466.842450 -573.069053 -700.381346 -831.280991 -940.656469 -1046.136900 -1139.986493 -1217.006354 -1259.419835 -1275.405758 -1278.285498 -1276.426447 -1273.988718 -1272.616309 -1272.667975 -1273.912673 -1275.894704 -1278.146111 -1280.309819 -1282.180933 -1283.684699 -1284.830381 -1285.668841 -1286.263105 -1286.672558 -1286.948366 -1287.140856 -1287.313874 -1287.545678 -1288.374551 -1294.960797 -1332.871082 -1023.400918 -1050.917620 -1021.095805 -1003.193421 -994.936314 -993.869522 -993.763703 -993.779659 -993.813689 -993.849905 -993.884651 -993.916792 -993.946391 -993.978702 -994.066363 -994.670767 -998.933047 -1008.682743 -1025.057089 -978.993587 -1312.818365 -1292.402567 -1288.276321 -1287.703962 -1287.608861 -1287.592201 -1287.591141 -1287.592982 -1287.594987 -1287.596627 -1287.597878 -1287.598822 -1287.599540 -1287.600096 -1287.600536 -1287.600889 -1287.601181 -1287.601436 -1287.601683 -1287.601953 -1287.602288 -1287.602749 -1287.603428 -1287.604468 -1287.606099 -1287.608696 -1287.612890 -1287.619765 -1287.631253 -1287.650908 -1287.685505 -1287.748277 -1287.865485 -1288.089507 -1288.525132 -1289.385722 -1291.130160 -1294.840920 -1303.350122 -1325.941435 -9999.0 -9999.0
-9999.0 -9999.0 285.641565 198.385410 105.838556 11.486396 -83.552190 -178.888586 -274.386414 -370.096177 -466.842450 -573.069053 -700.381346 -831.280991 -940.656469 -1046.136900 -1139.986493 -1217.006354 -1259.419835 -1275.405758 -1278.285498 -1276.426447 -1273.988718 -1272.616309 -1272.667975 -1273.912673 -1275.894704 -1278.146111 -1280.309819 -1282.180933 -1283.684699 -1284.830381 -1285.668841 -1286.263105 -1286.672558 -1286.948366 -1287.140856 -1287.313874 -1287.545678 -1288.374551 -1294.960797 -1332.871082 -1023.400918 -1050.917620 -1021.095805 -1003.193421 -994.936314 -993.869522 -993.763703 -993.779659 -993.813689 -993.849905 -993.884651 -993.916792 -993.946391 -993.978702 -994.066363 -994.670767 -998.933047 -1008.682743 -1025.057089 -978.993587 -1312.818365 -1292.402567 -1288.276321 -1287.703962 -1287.608861 -1287.592201 -1287.591141 -1287.592982 -1287.594987 -1287.596627 -1287.597878 -1287.598822 -1287.599540 -1287.600096 -1287.600536 -1287.600889 -1287.601181 -1287.601436 -1287.601683 -1287.601953 -1287.602288 -1287.602749 -1287.603428 -1287.604468 -1287.606099 -1287.608696 -1287.612890 -1287.619765 -1287.631253 -1287.650908 -1287.685505 -1287.748277 -1287.865485 -1288.089507 -1288.525132 -1289.385722 -1291.130160 -1294.840920 -1303.350122 -1325.941435 -9999.0 -9999.0
-9999.0 -9999.0 285.643211 198.386324 105.838921 11.486529 -83.552143 -178.888569 -274.386408 -370.096175 -466.842449 -573.069053 -700.381346 -831.280991 -940.656469 -1046.136900 -1139.986493 -1217.006354 -1259.419835 -1275.405758 -1278.285498 -1276.426447 -1273.988718 -1272.616309 -1272.667975 -1273.912673 -1275.894704 -1278.146111 -1280.309819 -1282.180933 -1283.684699 -1284.830381 -1285.668841 -1286.263105 -1286.672558 -1286.948366 -1287.140856 -1287.313874 -1287.545678 -1288.374551 -1294.960797 -1332.871082 -1023.400918 -1050.917620 -1021.095805 -1003.193421 -994.936314 -993.869522 -993.763703 -993.779659 -993.813689 -993.849905 -993.884651 -993.916792 -993.946391 -993.978702 -994.066363 -994.670767 -998.933047 -1008.682743 -1025.057089 -978.993587 -1312.818365 -1292.402567 -1288.276321 -1287.703962 -1287.608861 -1287.592201 -1287.591141 -1287.592982 -1287.594987 -1287.596627 -1287.597878 -1287.598822 -1287.599540 -1287.600096 -1287.600536 -1287.600889 -1287.601181 -1287.601436 -1287.601683 -1287.601953 -1287.602288 -1287.602749 -1287.603428 -1287.604468 -1287.606099 -1287.608696 -1287.612890 -1287.619765 -1287.631253 -1287.650908 -1287.685505 -1287.748277 -1287.865485 -1288.089507 -1288.525132 -1289.385722 -1291.130160 -1294.840920 -1303.350122 -1325.941435 -9999.0 -9999.0
-9999.0 -9999.0 285.643211 198.386324 105.838921 11.486529 -83.552143 -178.888569 -274.386408 -370.096175 -466.842449 -573.069053 -700.381346 -831.280991 -940.656469 -1046.136900 -1139.986493 -1217.006354 -1259.419835 -1275.405758 -1278.285498 -1276.426447 -1273.988718 -1272.616309 -1272.667975 -1273.912673 -1275.894704 -1278.146111 -1280.309819 -1282.180933 -1283.684699 -1284.830381 -1285.668841 -1286.263105 -1286.672558 -1286.948366 -1287.140856 -1287.313874 -1287.545678 -1288.374551 -1294.960797 -1332.871082 -1023.400918 -1050.917620 -1021.095805 -1003.193421 -994.936314 -993.869522 -993.763703 -993.779659 -993.813689 -993.849905 -993.884651 -993.916792 -993.946391 -993.978702 -994.066363 -994.670767 -998.933047 -1008.682743 -1025.057089 -978.993587 -1312.818365 -1292.402567 -1288.276321 -1287.703962 -1287.608861 -1287.592201 -1287.591141 -1287.592982 -1287.594987 -1287.596627 -1287.597878 -1287.598822 -1287.599540 -1287.600096 -1287.600536 -1287.600889 -1287.601181 -1287.601436 -1287.601683 -1287.601953 -1287.602288 -1287.602749 -1287.603428 -1287.604468 -1287.606099 -1287.608696 -1287.612890 -1287.619765 -1287.631253 -1287.650908 -1287.685505 -1287.748277 -1287.865485 -1288.089507 -1288.525132 -1289.385722 -1291.130160 -1294.840920 -1303.350122 -1325.941435 -9999.0 -9999.0
-9999.0 -9999.0 285.641565 198.385410 105.838556 11.486396 -83.552190 -178.888586 -274.386414 -370.096177 -466.842450 -573.069053 -700.381346 -831.280991 -940.656469 -1046.136900 -1139.986493 -1217.006354 -1259.419835 -1275.405758 -1278.285498 -1276.426447 -1273.988718 -1272.616309 -1272.667975 -1273.912673 -1275.894704 -1278.146111 -1280.309819 -1282.180933 -1283.684699 -1284.830381 -1285.668841 -1286.263105 -1286.672558 -1286.948366 -1287.140856 -1287.313874 -1287.545678 -1288.374551 -1294.960797 -1332.871082 -1023.400918 -1050.917620 -1021.095805 -1003.193421 -994.936314 -993.869522 -993.763703 -993.779659 -993.813689 -993.849905 -993.884651 -993.916792 -993.946391 -993.978702 -994.066363 -994.670767 -998.933047 -1008.682743 -1025.057089 -978.993587 -1312.818365 -1292.402567 -1288.276321 -1287.703962 -1287.608861 -1287.592201 -1287.591141 -1287.592982 -1287.594987 -1287.596627 -1287.597878 -1287.598822 -1287.599540 -1287.600096 -1287.600536 -1287.600889 -1287.601181 -1287.601436 -1287.601683 -1287.601953 -1287.602288 -1287.602749 -1287.603428 -1287.604468 -1287.606099 -1287.608696 -1287.612890 -1287.619765 -1287.631253 -1287.650908 -1287.685505 -1287.748277 -1287.865485 -1288.089507 -1288.525132 -1289.385722 -1291.130160 -1294.840920 -1303.350122 -1325.941435 -9999.0 -9999.0
-9999.0 -9999.0 285.632073 198.383210 105.837979 11.486227 -83.552244 -178.888603 -274.386419 -370.096178 -466.842450 -573.069053 -700.381346 -831.280991 -940.656469 -1046.136900 -1139.986493 -1217.006354 -1259.419835 -1275.405758 -1278.285498 -1276.426447 -1273.988718 -1272.616309 -1272.667975 -1273.912673 -1275.894704 -1278.146111 -1280.309819 -1282.180933 -1283.684699 -1284.830381 -1285.668841 -1286.263105 -1286.672558 -1286.948366 -1287.140856 -1287.313874 -1287.545678 -1288.374551 -1294.960797 -1332.871082 -1023.400918 -1050.917620 -1021.095805 -1003.193421 -994.936314 -993.869522 -993.763703 -993.779659 -993.813689 -993.849905 -993.884651 -993.916792 -993.946391 -993.978702 -994.066363 -994.670767 -998.933047 -1008.682743 -1025.057089 -978.993587 -1312.818365 -1292.402567 -1288.276321 -1287.703962 -1287.608861 -1287.592201 -1287.591141 -1287.592982 -1287.594987 -1287.596627 -1287.597878 -1287.598822 -1287.599540 -1287.600096 -1287.600536 -1287.600889 -1287.601181 -1287.601436 -1287.601683 -1287.601953 -1287.602288 -1287.602749 -1287.603428 -1287.604468 -1287.606099 -1287.608696 -1287.612890 -1287.619765 -1287.631253 -1287.650908 -1287.685505 -1287.748277 -1287.865485 -1288.089507 -1288.525132 -1289.385722 -1291.130160 -1294.840920 -1303.350122 -1325.941435 -9999.0 -9999.0
-9999.0 -9999.0 -9999.0 -9999.0 -9999.0 -9999.0 -9999.0 -9999.0 -9999.0 -9999.0 -9999.0 -9999.0 -9999.0 -9999.0 -9999.0 -9999.0 -9999.0 -9999.0 -9999.0 -9999.0 -9999.0 -9999.0 -9999.0 -9999.0 -9999.0 -9999.0 -9999.0 -9999.0 -9999.0 -9999.0 -9999.0 -9999.0 -9999.0 -9999.0 -9999.0 -9999.0 -9999.0 -9999.0 -9999.0 -9999.0 -9999.0 -9999.0 -9999.0 -9999.0 -9999.0 -9999.0 -9999.0 -9999.0 -9999.0 -9999.0 -9999.0 -9999.0 -9999.0 -9999.0 -9999.0 -9999.0 -9999.0 -9999.0 -9999.0 -9999.0 -9999.0 -9999.0 -9999.0 -9999.0 -9999.0 -9999.0 -9999.0 -9999.0 -9999.0 -9999.0 -9999.0 -9999.0 -9999.0 -9999.0 -9999.0 -9999.0 -9999.0 -9999.0 -9999.0 -9999.0 -9999.0 -9999.0 -9999.0 -9999.0 -9999.0 -9999.0 -9999.0 -9999.0 -9999.0 -9999.0 -9999.0 -9999.0 -9999.0 -9999.0 -9999.0 -9999.0 -9999.0 -9999.0 -9999.0 -9999.0 -9999.0 -9999.0 -9999.0 -9999.0
-9999.0 -9999.0 -9999.0 -9999.0 -9999.0 -9999.0 -9999.0 -9999.0 -9999.0 -9999.0 -9999.0 -9999.0 -9999.0 -9999.0 -9999.0 -9999.0 -9999.0 -9999.0 -9999.0 -9999.0 -9999.0 -9999.0 -9999.0 -9999.0 -9999.0 -9999.0 -9999.0 -9999.0 -9999.0 -9999.0 -9999.0 -9999.0 -9999.0 -9999.0 -9999.0 -9999.0 -9999.0 -9999.0 -9999.0 -9999.0 -9999.0 -9999.0 -9999.0 -9999.0 -9999.0 -9999.0 -9999.0 -9999.0 -9999.0 -9999.0 -9999.0 -9999.0 -9999.0 -9999.0 -9999.0 -9999.0 -9999.0 -9999.0 -9999.0 -9999.0 -9999.0 -9999.0 -9999.0 -9999.0 -9999.0 -9999.0 -9999.0 -9999.0 -9999.0 -9999.0 -9999.0 -9999.0 -9999.0 -9999.0 -9999.0 -9999.0 -9999.0 -9999.0 -9999.0 -9999.0 -9999.0 -9999.0 -9999.0 -9999.0 -9999.0 -9999.0 -9999.0 -9999.0 -9999.0 -9999.0 -9999.0 -9999.0 -9999.0 -9999.0 -9999.0 -9999.0 -9999.0 -9999.0 -9999.0 -9999.0 -9999.0 -9999.0 -9999.0 -9999.0