inst/processing_geotop_simulation/geotop_simulation/out/maps3D/PwL0009N0094.asc
ncols         104
nrows         10
xllcorner     -2.000000
yllcorner     0.000000
cellsize      1.000000
NODATA_value  -9999.0
-9999.0 -9999.0 -9999.0 -9999.0 -9999.0 -9999.0 -9999.0 -9999.0 -9999.0 -9999.0 -9999.0 -9999.0 -9999.0 -9999.0 -9999.0 -9999.0 -9999.0 -9999.0 -9999.0 -9999.0 -9999.0 -9999.0 -9999.0 -9999.0 -9999.0 -9999.0 -9999.0 -9999.0 -9999.0 -9999.0 -9999.0 -9999.0 -9999.0 -9999.0 -9999.0 -9999.0 -9999.0 -9999.0 -9999.0 -9999.0 -9999.0 -9999.0 -9999.0 -9999.0 -9999.0 -9999.0 -9999.0 -9999.0 -9999.0 -9999.0 -9999.0 -9999.0 -9999.0 -9999.0 -9999.0 -9999.0 -9999.0 -9999.0 -9999.0 -9999.0 -9999.0 -9999.0 -9999.0 -9999.0 -9999.0 -9999.0 -9999.0 -9999.0 -9999.0 -9999.0 -9999.0 -9999.0 -9999.0 -9999.0 -9999.0 -9999.0 -9999.0 -9999.0 -9999.0 -9999.0 -9999.0 -9999.0 -9999.0 -9999.0 -9999.0 -9999.0 -9999.0 -9999.0 -9999.0 -9999.0 -9999.0 -9999.0 -9999.0 -9999.0 -9999.0 -9999.0 -9999.0 -9999.0 -9999.0 -9999.0 -9999.0 -9999.0 -9999.0 -9999.0
-9999.0 -9999.0 -9999.0 -9999.0 -9999.0 -9999.0 -9999.0 -9999.0 -9999.0 -9999.0 -9999.0 -9999.0 -9999.0 -9999.0 -9999.0 -9999.0 -9999.0 -9999.0 -9999.0 -9999.0 -9999.0 -9999.0 -9999.0 -9999.0 -9999.0 -9999.0 -9999.0 -9999.0 -9999.0 -9999.0 -9999.0 -9999.0 -9999.0 -9999.0 -9999.0 -9999.0 -9999.0 -9999.0 -9999.0 -9999.0 -9999.0 -9999.0 -9999.0 -9999.0 -9999.0 -9999.0 -9999.0 -9999.0 -9999.0 -9999.0 -9999.0 -9999.0 -9999.0 -9999.0 -9999.0 -9999.0 -9999.0 -9999.0 -9999.0 -9999.0 -9999.0 -9999.0 -9999.0 -9999.0 -9999.0 -9999.0 -9999.0 -9999.0 -9999.0 -9999.0 -9999.0 -9999.0 -9999.0 -9999.0 -9999.0 -9999.0 -9999.0 -9999.0 -9999.0 -9999.0 -9999.0 -9999.0 -9999.0 -9999.0 -9999.0 -9999.0 -9999.0 -9999.0 -9999.0 -9999.0 -9999.0 -9999.0 -9999.0 -9999.0 -9999.0 -9999.0 -9999.0 -9999.0 -9999.0 -9999.0 -9999.0 -9999.0 -9999.0 -9999.0
-9999.0 -9999.0 434.797699 344.582469 251.025416 156.023387 60.430310 -35.378655 -131.252079 -227.195489 -323.619257 -423.561825 -530.274594 -646.706510 -778.785027 -886.744438 -989.743068 -1082.363694 -1152.201452 -1184.726149 -1195.283270 -1195.906178 -1193.538308 -1191.338473 -1190.366222 -1190.674273 -1191.898871 -1193.582388 -1195.345690 -1196.950779 -1198.288618 -1199.338093 -1200.125872 -1200.697323 -1201.099884 -1201.377234 -1201.575400 -1201.756256 -1202.003942 -1202.931894 -1210.539690 -1268.857745 -1559.062867 -1986.100131 -1805.540475 -1708.723656 -1666.335346 -1661.261848 -1660.758616 -1660.807989 -1660.934245 -1661.069437 -1661.199147 -1661.319140 -1661.430032 -1661.555160 -1661.929392 -1664.666506 -1685.842925 -1735.368662 -1824.601201 -1395.337949 -1246.661336 -1207.801548 -1202.799124 -1202.177190 -1202.078303 -1202.061158 -1202.060004 -1202.061825 -1202.063826 -1202.065467 -1202.066720 -1202.067666 -1202.068387 -1202.068945 -1202.069385 -1202.069740 -1202.070033 -1202.070290 -1202.070539 -1202.070810 -1202.071148 -1202.071614 -1202.072299 -1202.073349 -1202.074995 -1202.077617 -1202.081853 -1202.088798 -1202.100408 -1202.120286 -1202.155294 -1202.218857 -1202.337622 -1202.564809 -1203.007220 -1203.884013 -1205.673650 -1209.526498 -1218.474037 -1242.086731 -9999.0 -9999.0
-9999.0 -9999.0 434.805177 344.584468 251.025966 156.023551 60.430362 -35.378638 -131.252074 -227.195487 -323.619256 -423.561825 -530.274595 -646.706511 -778.785027 -886.744438 -989.743068 -1082.363694 -1152.201452 -1184.726149 -1195.283270 -1195.906178 -1193.538308 -1191.338473 -1190.366222 -1190.674273 -1191.898871 -1193.582388 -1195.345690 -1196.950779 -1198.288618 -1199.338093 -1200.125872 -1200.697323 -1201.099884 -1201.377234 -1201.575400 -1201.756256 -1202.003942 -1202.931894 -1210.539690 -1268.857745 -1559.062866 -1986.100130 -1805.540474 -1708.723653 -1666.335346 -1661.261848 -1660.758616 -1660.807989 -1660.934245 -1661.069437 -1661.199147 -1661.319140 -1661.430032 -1661.555160 -1661.929392 -1664.666506 -1685.842925 -1735.368662 -1824.601202 -1395.337949 -1246.661336 -1207.801548 -1202.799124 -1202.177190 -1202.078303 -1202.061158 -1202.060004 -1202.061825 -1202.063826 -1202.065467 -1202.066720 -1202.067666 -1202.068387 -1202.068945 -1202.069385 -1202.069740 -1202.070033 -1202.070290 -1202.070539 -1202.070810 -1202.071148 -1202.071614 -1202.072299 -1202.073349 -1202.074995 -1202.077617 -1202.081853 -1202.088798 -1202.100408 -1202.120286 -1202.155294 -1202.218857 -1202.337622 -1202.564809 -1203.007220 -1203.884013 -1205.673650 -1209.526498 -1218.474037 -1242.086731 -9999.0 -9999.0
-9999.0 -9999.0 434.806832 344.585346 251.026319 156.023681 60.430408 -35.378622 -131.252068 -227.195486 -323.619256 -423.561825 -530.274595 -646.706511 -778.785027 -886.744438 -989.743068 -1082.363694 -1152.201452 -1184.726149 -1195.283270 -1195.906178 -1193.538308 -1191.338473 -1190.366222 -1190.674273 -1191.898871 -1193.582388 -1195.345690 -1196.950779 -1198.288618 -1199.338093 -1200.125872 -1200.697323 -1201.099884 -1201.377234 -1201.575400 -1201.756256 -1202.003942 -1202.931894 -1210.539690 -1268.857745 -1559.062866 -1986.100130 -1805.540473 -1708.723652 -1666.335346 -1661.261848 -1660.758616 -1660.807989 -1660.934245 -1661.069437 -1661.199147 -1661.319140 -1661.430032 -1661.555160 -1661.929392 -1664.666506 -1685.842925 -1735.368662 -1824.601201 -1395.337949 -1246.661336 -1207.801548 -1202.799124 -1202.177190 -1202.078303 -1202.061158 -1202.060004 -1202.061825 -1202.063826 -1202.065467 -1202.066720 -1202.067666 -1202.068387 -1202.068945 -1202.069385 -1202.069740 -1202.070033 -1202.070290 -1202.070539 -1202.070810 -1202.071148 -1202.071614 -1202.072299 -1202.073349 -1202.074995 -1202.077617 -1202.081853 -1202.088798 -1202.100408 -1202.120286 -1202.155294 -1202.218857 -1202.337622 -1202.564809 -1203.007220 -1203.884013 -1205.673650 -1209.526498 -1218.474037 -1242.086731 -9999.0 -9999.0
-9999.0 -9999.0 434.806832 344.585346 251.026319 156.023681 60.430408 -35.378622 -131.252068 -227.195486 -323.619256 -423.561825 -530.274595 -646.706511 -778.785027 -886.744438 -989.743068 -1082.363694 -1152.201452 -1184.726149 -1195.283270 -1195.906178 -1193.538308 -1191.338473 -1190.366222 -1190.674273 -1191.898871 -1193.582388 -1195.345690 -1196.950779 -1198.288618 -1199.338093 -1200.125872 -1200.697323 -1201.099884 -1201.377234 -1201.575400 -1201.756256 -1202.003942 -1202.931894 -1210.539690 -1268.857745 -1559.062866 -1986.100130 -1805.540473 -1708.723652 -1666.335346 -1661.261848 -1660.758616 -1660.807989 -1660.934245 -1661.069437 -1661.199147 -1661.319140 -1661.430032 -1661.555160 -1661.929392 -1664.666506 -1685.842925 -1735.368662 -1824.601201 -1395.337949 -1246.661336 -1207.801548 -1202.799124 -1202.177190 -1202.078303 -1202.061158 -1202.060004 -1202.061825 -1202.063826 -1202.065467 -1202.066720 -1202.067666 -1202.068387 -1202.068945 -1202.069385 -1202.069740 -1202.070033 -1202.070290 -1202.070539 -1202.070810 -1202.071148 -1202.071614 -1202.072299 -1202.073349 -1202.074995 -1202.077617 -1202.081853 -1202.088798 -1202.100408 -1202.120286 -1202.155294 -1202.218857 -1202.337622 -1202.564809 -1203.007220 -1203.884013 -1205.673650 -1209.526498 -1218.474037 -1242.086731 -9999.0 -9999.0
-9999.0 -9999.0 434.805177 344.584468 251.025966 156.023551 60.430362 -35.378638 -131.252074 -227.195487 -323.619257 -423.561825 -530.274595 -646.706511 -778.785027 -886.744438 -989.743068 -1082.363694 -1152.201452 -1184.726149 -1195.283270 -1195.906178 -1193.538308 -1191.338473 -1190.366222 -1190.674273 -1191.898871 -1193.582388 -1195.345690 -1196.950779 -1198.288618 -1199.338093 -1200.125872 -1200.697323 -1201.099884 -1201.377234 -1201.575400 -1201.756256 -1202.003942 -1202.931894 -1210.539690 -1268.857745 -1559.062866 -1986.100130 -1805.540474 -1708.723653 -1666.335346 -1661.261848 -1660.758616 -1660.807989 -1660.934245 -1661.069437 -1661.199147 -1661.319140 -1661.430032 -1661.555160 -1661.929392 -1664.666506 -1685.842925 -1735.368662 -1824.601202 -1395.337949 -1246.661336 -1207.801548 -1202.799124 -1202.177190 -1202.078303 -1202.061158 -1202.060004 -1202.061825 -1202.063826 -1202.065467 -1202.066720 -1202.067666 -1202.068387 -1202.068945 -1202.069385 -1202.069740 -1202.070033 -1202.070290 -1202.070539 -1202.070810 -1202.071148 -1202.071614 -1202.072299 -1202.073349 -1202.074995 -1202.077617 -1202.081853 -1202.088798 -1202.100408 -1202.120286 -1202.155294 -1202.218857 -1202.337622 -1202.564809 -1203.007220 -1203.884013 -1205.673650 -1209.526498 -1218.474037 -1242.086731 -9999.0 -9999.0
-9999.0 -9999.0 434.797699 344.582469 251.025416 156.023387 60.430310 -35.378655 -131.252079 -227.195489 -323.619257 -423.561825 -530.274594 -646.706510 -778.785027 -886.744438 -989.743068 -1082.363694 -1152.201452 -1184.726149 -1195.283270 -1195.906178 -1193.538308 -1191.338473 -1190.366222 -1190.674273 -1191.898871 -1193.582388 -1195.345690 -1196.950779 -1198.288618 -1199.338093 -1200.125872 -1200.697323 -1201.099884 -1201.377234 -1201.575400 -1201.756256 -1202.003942 -1202.931894 -1210.539690 -1268.857745 -1559.062867 -1986.100131 -1805.540475 -1708.723656 -1666.335346 -1661.261848 -1660.758616 -1660.807989 -1660.934245 -1661.069437 -1661.199147 -1661.319140 -1661.430032 -1661.555160 -1661.929392 -1664.666506 -1685.842925 -1735.368662 -1824.601201 -1395.337949 -1246.661336 -1207.801548 -1202.799124 -1202.177190 -1202.078303 -1202.061158 -1202.060004 -1202.061825 -1202.063826 -1202.065467 -1202.066720 -1202.067666 -1202.068387 -1202.068945 -1202.069385 -1202.069740 -1202.070033 -1202.070290 -1202.070539 -1202.070810 -1202.071148 -1202.071614 -1202.072299 -1202.073349 -1202.074995 -1202.077617 -1202.081853 -1202.088798 -1202.100408 -1202.120286 -1202.155294 -1202.218857 -1202.337622 -1202.564809 -1203.007220 -1203.884013 -1205.673650 -1209.526498 -1218.474037 -1242.086731 -9999.0 -9999.0
-9999.0 -9999.0 -9999.0 -9999.0 -9999.0 -9999.0 -9999.0 -9999.0 -9999.0 -9999.0 -9999.0 -9999.0 -9999.0 -9999.0 -9999.0 -9999.0 -9999.0 -9999.0 -9999.0 -9999.0 -9999.0 -9999.0 -9999.0 -9999.0 -9999.0 -9999.0 -9999.0 -9999.0 -9999.0 -9999.0 -9999.0 -9999.0 -9999.0 -9999.0 -9999.0 -9999.0 -9999.0 -9999.0 -9999.0 -9999.0 -9999.0 -9999.0 -9999.0 -9999.0 -9999.0 -9999.0 -9999.0 -9999.0 -9999.0 -9999.0 -9999.0 -9999.0 -9999.0 -9999.0 -9999.0 -9999.0 -9999.0 -9999.0 -9999.0 -9999.0 -9999.0 -9999.0 -9999.0 -9999.0 -9999.0 -9999.0 -9999.0 -9999.0 -9999.0 -9999.0 -9999.0 -9999.0 -9999.0 -9999.0 -9999.0 -9999.0 -9999.0 -9999.0 -9999.0 -9999.0 -9999.0 -9999.0 -9999.0 -9999.0 -9999.0 -9999.0 -9999.0 -9999.0 -9999.0 -9999.0 -9999.0 -9999.0 -9999.0 -9999.0 -9999.0 -9999.0 -9999.0 -9999.0 -9999.0 -9999.0 -9999.0 -9999.0 -9999.0 -9999.0
-9999.0 -9999.0 -9999.0 -9999.0 -9999.0 -9999.0 -9999.0 -9999.0 -9999.0 -9999.0 -9999.0 -9999.0 -9999.0 -9999.0 -9999.0 -9999.0 -9999.0 -9999.0 -9999.0 -9999.0 -9999.0 -9999.0 -9999.0 -9999.0 -9999.0 -9999.0 -9999.0 -9999.0 -9999.0 -9999.0 -9999.0 -9999.0 -9999.0 -9999.0 -9999.0 -9999.0 -9999.0 -9999.0 -9999.0 -9999.0 -9999.0 -9999.0 -9999.0 -9999.0 -9999.0 -9999.0 -9999.0 -9999.0 -9999.0 -9999.0 -9999.0 -9999.0 -9999.0 -9999.0 -9999.0 -9999.0 -9999.0 -9999.0 -9999.0 -9999.0 -9999.0 -9999.0 -9999.0 -9999.0 -9999.0 -9999.0 -9999.0 -9999.0 -9999.0 -9999.0 -9999.0 -9999.0 -9999.0 -9999.0 -9999.0 -9999.0 -9999.0 -9999.0 -9999.0 -9999.0 -9999.0 -9999.0 -9999.0 -9999.0 -9999.0 -9999.0 -9999.0 -9999.0 -9999.0 -9999.0 -9999.0 -9999.0 -9999.0 -9999.0 -9999.0 -9999.0 -9999.0 -9999.0 -9999.0 -9999.0 -9999.0 -9999.0 -9999.0 -9999.0