inst/processing_geotop_simulation/geotop_simulation/out/maps3D/PwL0003N0117.asc
ncols         104
nrows         10
xllcorner     -2.000000
yllcorner     0.000000
cellsize      1.000000
NODATA_value  -9999.0
-9999.0 -9999.0 -9999.0 -9999.0 -9999.0 -9999.0 -9999.0 -9999.0 -9999.0 -9999.0 -9999.0 -9999.0 -9999.0 -9999.0 -9999.0 -9999.0 -9999.0 -9999.0 -9999.0 -9999.0 -9999.0 -9999.0 -9999.0 -9999.0 -9999.0 -9999.0 -9999.0 -9999.0 -9999.0 -9999.0 -9999.0 -9999.0 -9999.0 -9999.0 -9999.0 -9999.0 -9999.0 -9999.0 -9999.0 -9999.0 -9999.0 -9999.0 -9999.0 -9999.0 -9999.0 -9999.0 -9999.0 -9999.0 -9999.0 -9999.0 -9999.0 -9999.0 -9999.0 -9999.0 -9999.0 -9999.0 -9999.0 -9999.0 -9999.0 -9999.0 -9999.0 -9999.0 -9999.0 -9999.0 -9999.0 -9999.0 -9999.0 -9999.0 -9999.0 -9999.0 -9999.0 -9999.0 -9999.0 -9999.0 -9999.0 -9999.0 -9999.0 -9999.0 -9999.0 -9999.0 -9999.0 -9999.0 -9999.0 -9999.0 -9999.0 -9999.0 -9999.0 -9999.0 -9999.0 -9999.0 -9999.0 -9999.0 -9999.0 -9999.0 -9999.0 -9999.0 -9999.0 -9999.0 -9999.0 -9999.0 -9999.0 -9999.0 -9999.0 -9999.0
-9999.0 -9999.0 -9999.0 -9999.0 -9999.0 -9999.0 -9999.0 -9999.0 -9999.0 -9999.0 -9999.0 -9999.0 -9999.0 -9999.0 -9999.0 -9999.0 -9999.0 -9999.0 -9999.0 -9999.0 -9999.0 -9999.0 -9999.0 -9999.0 -9999.0 -9999.0 -9999.0 -9999.0 -9999.0 -9999.0 -9999.0 -9999.0 -9999.0 -9999.0 -9999.0 -9999.0 -9999.0 -9999.0 -9999.0 -9999.0 -9999.0 -9999.0 -9999.0 -9999.0 -9999.0 -9999.0 -9999.0 -9999.0 -9999.0 -9999.0 -9999.0 -9999.0 -9999.0 -9999.0 -9999.0 -9999.0 -9999.0 -9999.0 -9999.0 -9999.0 -9999.0 -9999.0 -9999.0 -9999.0 -9999.0 -9999.0 -9999.0 -9999.0 -9999.0 -9999.0 -9999.0 -9999.0 -9999.0 -9999.0 -9999.0 -9999.0 -9999.0 -9999.0 -9999.0 -9999.0 -9999.0 -9999.0 -9999.0 -9999.0 -9999.0 -9999.0 -9999.0 -9999.0 -9999.0 -9999.0 -9999.0 -9999.0 -9999.0 -9999.0 -9999.0 -9999.0 -9999.0 -9999.0 -9999.0 -9999.0 -9999.0 -9999.0 -9999.0 -9999.0
-9999.0 -9999.0 136.139329 53.313392 -37.906315 -131.352615 -225.643498 -320.268243 -414.981711 -509.640944 -604.189070 -699.168181 -797.660430 -903.760067 -1009.300113 -1106.995177 -1212.725670 -1314.544012 -1389.000854 -1428.417526 -1445.762933 -1452.530493 -1454.819798 -1455.760959 -1456.705938 -1458.053314 -1459.743304 -1461.551971 -1463.261743 -1464.735399 -1465.921234 -1466.827413 -1467.493094 -1467.966887 -1468.294918 -1468.517613 -1468.675868 -1468.823280 -1469.056031 -1470.061466 -1476.672847 -1496.284477 -959.478405 -958.833199 -945.282800 -936.893353 -932.972651 -932.428539 -932.374078 -932.384328 -932.404629 -932.426186 -932.446872 -932.466011 -932.483615 -932.502590 -932.551701 -932.874087 -934.951879 -939.681064 -947.360994 -938.743394 -1477.503174 -1473.620289 -1469.777178 -1469.164618 -1469.066872 -1469.050250 -1469.048854 -1469.050286 -1469.051941 -1469.053311 -1469.054361 -1469.055153 -1469.055757 -1469.056224 -1469.056593 -1469.056890 -1469.057136 -1469.057352 -1469.057561 -1469.057790 -1469.058075 -1469.058469 -1469.059050 -1469.059940 -1469.061337 -1469.063564 -1469.067165 -1469.073077 -1469.082975 -1469.099952 -1469.129914 -1469.184416 -1469.286398 -1469.481662 -1469.862200 -1470.617189 -1472.160099 -1475.483322 -1483.261154 -1504.911895 -9999.0 -9999.0
-9999.0 -9999.0 136.151444 53.315758 -37.905718 -131.352441 -225.643444 -320.268225 -414.981705 -509.640942 -604.189069 -699.168180 -797.660430 -903.760067 -1009.300113 -1106.995177 -1212.725670 -1314.544012 -1389.000854 -1428.417526 -1445.762933 -1452.530493 -1454.819798 -1455.760959 -1456.705938 -1458.053314 -1459.743304 -1461.551971 -1463.261743 -1464.735399 -1465.921234 -1466.827413 -1467.493094 -1467.966887 -1468.294918 -1468.517613 -1468.675868 -1468.823280 -1469.056031 -1470.061466 -1476.672847 -1496.284477 -959.478405 -958.833199 -945.282800 -936.893353 -932.972651 -932.428539 -932.374078 -932.384328 -932.404629 -932.426186 -932.446872 -932.466011 -932.483615 -932.502590 -932.551701 -932.874087 -934.951879 -939.681064 -947.360994 -938.743394 -1477.503174 -1473.620289 -1469.777178 -1469.164618 -1469.066872 -1469.050250 -1469.048854 -1469.050286 -1469.051941 -1469.053311 -1469.054361 -1469.055153 -1469.055757 -1469.056224 -1469.056593 -1469.056890 -1469.057136 -1469.057352 -1469.057561 -1469.057790 -1469.058075 -1469.058469 -1469.059050 -1469.059940 -1469.061337 -1469.063564 -1469.067165 -1469.073077 -1469.082975 -1469.099952 -1469.129914 -1469.184416 -1469.286398 -1469.481662 -1469.862200 -1470.617189 -1472.160099 -1475.483322 -1483.261154 -1504.911895 -9999.0 -9999.0
-9999.0 -9999.0 136.152956 53.316704 -37.905342 -131.352305 -225.643395 -320.268208 -414.981699 -509.640940 -604.189068 -699.168180 -797.660430 -903.760067 -1009.300113 -1106.995177 -1212.725671 -1314.544012 -1389.000854 -1428.417526 -1445.762933 -1452.530493 -1454.819798 -1455.760959 -1456.705938 -1458.053314 -1459.743304 -1461.551971 -1463.261743 -1464.735399 -1465.921234 -1466.827413 -1467.493094 -1467.966887 -1468.294918 -1468.517613 -1468.675868 -1468.823280 -1469.056031 -1470.061466 -1476.672847 -1496.284477 -959.478405 -958.833199 -945.282800 -936.893353 -932.972651 -932.428539 -932.374078 -932.384328 -932.404629 -932.426186 -932.446872 -932.466011 -932.483615 -932.502590 -932.551701 -932.874087 -934.951879 -939.681064 -947.360994 -938.743394 -1477.503174 -1473.620289 -1469.777178 -1469.164618 -1469.066872 -1469.050250 -1469.048854 -1469.050286 -1469.051941 -1469.053311 -1469.054361 -1469.055153 -1469.055757 -1469.056224 -1469.056593 -1469.056890 -1469.057136 -1469.057352 -1469.057561 -1469.057790 -1469.058075 -1469.058469 -1469.059050 -1469.059940 -1469.061337 -1469.063564 -1469.067165 -1469.073077 -1469.082975 -1469.099952 -1469.129914 -1469.184416 -1469.286398 -1469.481662 -1469.862200 -1470.617189 -1472.160099 -1475.483322 -1483.261154 -1504.911895 -9999.0 -9999.0
-9999.0 -9999.0 136.152956 53.316704 -37.905342 -131.352305 -225.643395 -320.268208 -414.981699 -509.640940 -604.189068 -699.168180 -797.660430 -903.760067 -1009.300113 -1106.995177 -1212.725671 -1314.544012 -1389.000854 -1428.417526 -1445.762933 -1452.530493 -1454.819798 -1455.760959 -1456.705938 -1458.053314 -1459.743304 -1461.551971 -1463.261743 -1464.735399 -1465.921234 -1466.827413 -1467.493094 -1467.966887 -1468.294918 -1468.517613 -1468.675868 -1468.823280 -1469.056031 -1470.061466 -1476.672847 -1496.284477 -959.478405 -958.833199 -945.282800 -936.893353 -932.972651 -932.428539 -932.374078 -932.384328 -932.404629 -932.426186 -932.446872 -932.466011 -932.483615 -932.502590 -932.551701 -932.874087 -934.951879 -939.681064 -947.360994 -938.743394 -1477.503174 -1473.620289 -1469.777178 -1469.164618 -1469.066872 -1469.050250 -1469.048854 -1469.050286 -1469.051941 -1469.053311 -1469.054361 -1469.055153 -1469.055757 -1469.056224 -1469.056593 -1469.056890 -1469.057136 -1469.057352 -1469.057561 -1469.057790 -1469.058075 -1469.058469 -1469.059050 -1469.059940 -1469.061337 -1469.063564 -1469.067165 -1469.073077 -1469.082975 -1469.099952 -1469.129914 -1469.184416 -1469.286398 -1469.481662 -1469.862200 -1470.617189 -1472.160099 -1475.483322 -1483.261154 -1504.911895 -9999.0 -9999.0
-9999.0 -9999.0 136.151444 53.315758 -37.905718 -131.352441 -225.643444 -320.268225 -414.981705 -509.640942 -604.189069 -699.168180 -797.660430 -903.760067 -1009.300113 -1106.995177 -1212.725670 -1314.544012 -1389.000854 -1428.417526 -1445.762933 -1452.530493 -1454.819798 -1455.760959 -1456.705938 -1458.053314 -1459.743304 -1461.551971 -1463.261743 -1464.735399 -1465.921234 -1466.827413 -1467.493094 -1467.966887 -1468.294918 -1468.517613 -1468.675868 -1468.823280 -1469.056031 -1470.061466 -1476.672847 -1496.284477 -959.478405 -958.833199 -945.282800 -936.893353 -932.972651 -932.428539 -932.374078 -932.384328 -932.404629 -932.426186 -932.446872 -932.466011 -932.483615 -932.502590 -932.551701 -932.874087 -934.951879 -939.681064 -947.360994 -938.743394 -1477.503174 -1473.620289 -1469.777178 -1469.164618 -1469.066872 -1469.050250 -1469.048854 -1469.050286 -1469.051941 -1469.053311 -1469.054361 -1469.055153 -1469.055757 -1469.056224 -1469.056593 -1469.056890 -1469.057136 -1469.057352 -1469.057561 -1469.057790 -1469.058075 -1469.058469 -1469.059050 -1469.059940 -1469.061337 -1469.063564 -1469.067165 -1469.073077 -1469.082975 -1469.099952 -1469.129914 -1469.184416 -1469.286398 -1469.481662 -1469.862200 -1470.617189 -1472.160099 -1475.483322 -1483.261154 -1504.911895 -9999.0 -9999.0
-9999.0 -9999.0 136.139329 53.313392 -37.906315 -131.352615 -225.643498 -320.268243 -414.981711 -509.640944 -604.189070 -699.168181 -797.660430 -903.760067 -1009.300113 -1106.995177 -1212.725670 -1314.544012 -1389.000854 -1428.417526 -1445.762933 -1452.530493 -1454.819798 -1455.760959 -1456.705938 -1458.053314 -1459.743304 -1461.551971 -1463.261743 -1464.735399 -1465.921234 -1466.827413 -1467.493094 -1467.966887 -1468.294918 -1468.517613 -1468.675868 -1468.823280 -1469.056031 -1470.061466 -1476.672847 -1496.284477 -959.478405 -958.833199 -945.282800 -936.893353 -932.972651 -932.428539 -932.374078 -932.384328 -932.404629 -932.426186 -932.446872 -932.466011 -932.483615 -932.502590 -932.551701 -932.874087 -934.951879 -939.681064 -947.360994 -938.743394 -1477.503174 -1473.620289 -1469.777178 -1469.164618 -1469.066872 -1469.050250 -1469.048854 -1469.050286 -1469.051941 -1469.053311 -1469.054361 -1469.055153 -1469.055757 -1469.056224 -1469.056593 -1469.056890 -1469.057136 -1469.057352 -1469.057561 -1469.057790 -1469.058075 -1469.058469 -1469.059050 -1469.059940 -1469.061337 -1469.063564 -1469.067165 -1469.073077 -1469.082975 -1469.099952 -1469.129914 -1469.184416 -1469.286398 -1469.481662 -1469.862200 -1470.617189 -1472.160099 -1475.483322 -1483.261154 -1504.911895 -9999.0 -9999.0
-9999.0 -9999.0 -9999.0 -9999.0 -9999.0 -9999.0 -9999.0 -9999.0 -9999.0 -9999.0 -9999.0 -9999.0 -9999.0 -9999.0 -9999.0 -9999.0 -9999.0 -9999.0 -9999.0 -9999.0 -9999.0 -9999.0 -9999.0 -9999.0 -9999.0 -9999.0 -9999.0 -9999.0 -9999.0 -9999.0 -9999.0 -9999.0 -9999.0 -9999.0 -9999.0 -9999.0 -9999.0 -9999.0 -9999.0 -9999.0 -9999.0 -9999.0 -9999.0 -9999.0 -9999.0 -9999.0 -9999.0 -9999.0 -9999.0 -9999.0 -9999.0 -9999.0 -9999.0 -9999.0 -9999.0 -9999.0 -9999.0 -9999.0 -9999.0 -9999.0 -9999.0 -9999.0 -9999.0 -9999.0 -9999.0 -9999.0 -9999.0 -9999.0 -9999.0 -9999.0 -9999.0 -9999.0 -9999.0 -9999.0 -9999.0 -9999.0 -9999.0 -9999.0 -9999.0 -9999.0 -9999.0 -9999.0 -9999.0 -9999.0 -9999.0 -9999.0 -9999.0 -9999.0 -9999.0 -9999.0 -9999.0 -9999.0 -9999.0 -9999.0 -9999.0 -9999.0 -9999.0 -9999.0 -9999.0 -9999.0 -9999.0 -9999.0 -9999.0 -9999.0
-9999.0 -9999.0 -9999.0 -9999.0 -9999.0 -9999.0 -9999.0 -9999.0 -9999.0 -9999.0 -9999.0 -9999.0 -9999.0 -9999.0 -9999.0 -9999.0 -9999.0 -9999.0 -9999.0 -9999.0 -9999.0 -9999.0 -9999.0 -9999.0 -9999.0 -9999.0 -9999.0 -9999.0 -9999.0 -9999.0 -9999.0 -9999.0 -9999.0 -9999.0 -9999.0 -9999.0 -9999.0 -9999.0 -9999.0 -9999.0 -9999.0 -9999.0 -9999.0 -9999.0 -9999.0 -9999.0 -9999.0 -9999.0 -9999.0 -9999.0 -9999.0 -9999.0 -9999.0 -9999.0 -9999.0 -9999.0 -9999.0 -9999.0 -9999.0 -9999.0 -9999.0 -9999.0 -9999.0 -9999.0 -9999.0 -9999.0 -9999.0 -9999.0 -9999.0 -9999.0 -9999.0 -9999.0 -9999.0 -9999.0 -9999.0 -9999.0 -9999.0 -9999.0 -9999.0 -9999.0 -9999.0 -9999.0 -9999.0 -9999.0 -9999.0 -9999.0 -9999.0 -9999.0 -9999.0 -9999.0 -9999.0 -9999.0 -9999.0 -9999.0 -9999.0 -9999.0 -9999.0 -9999.0 -9999.0 -9999.0 -9999.0 -9999.0 -9999.0 -9999.0