inst/processing_geotop_simulation/geotop_simulation/out/maps3D/PwL0014N0318.asc
ncols         104
nrows         10
xllcorner     -2.000000
yllcorner     0.000000
cellsize      1.000000
NODATA_value  -9999.0
-9999.0 -9999.0 -9999.0 -9999.0 -9999.0 -9999.0 -9999.0 -9999.0 -9999.0 -9999.0 -9999.0 -9999.0 -9999.0 -9999.0 -9999.0 -9999.0 -9999.0 -9999.0 -9999.0 -9999.0 -9999.0 -9999.0 -9999.0 -9999.0 -9999.0 -9999.0 -9999.0 -9999.0 -9999.0 -9999.0 -9999.0 -9999.0 -9999.0 -9999.0 -9999.0 -9999.0 -9999.0 -9999.0 -9999.0 -9999.0 -9999.0 -9999.0 -9999.0 -9999.0 -9999.0 -9999.0 -9999.0 -9999.0 -9999.0 -9999.0 -9999.0 -9999.0 -9999.0 -9999.0 -9999.0 -9999.0 -9999.0 -9999.0 -9999.0 -9999.0 -9999.0 -9999.0 -9999.0 -9999.0 -9999.0 -9999.0 -9999.0 -9999.0 -9999.0 -9999.0 -9999.0 -9999.0 -9999.0 -9999.0 -9999.0 -9999.0 -9999.0 -9999.0 -9999.0 -9999.0 -9999.0 -9999.0 -9999.0 -9999.0 -9999.0 -9999.0 -9999.0 -9999.0 -9999.0 -9999.0 -9999.0 -9999.0 -9999.0 -9999.0 -9999.0 -9999.0 -9999.0 -9999.0 -9999.0 -9999.0 -9999.0 -9999.0 -9999.0 -9999.0
-9999.0 -9999.0 -9999.0 -9999.0 -9999.0 -9999.0 -9999.0 -9999.0 -9999.0 -9999.0 -9999.0 -9999.0 -9999.0 -9999.0 -9999.0 -9999.0 -9999.0 -9999.0 -9999.0 -9999.0 -9999.0 -9999.0 -9999.0 -9999.0 -9999.0 -9999.0 -9999.0 -9999.0 -9999.0 -9999.0 -9999.0 -9999.0 -9999.0 -9999.0 -9999.0 -9999.0 -9999.0 -9999.0 -9999.0 -9999.0 -9999.0 -9999.0 -9999.0 -9999.0 -9999.0 -9999.0 -9999.0 -9999.0 -9999.0 -9999.0 -9999.0 -9999.0 -9999.0 -9999.0 -9999.0 -9999.0 -9999.0 -9999.0 -9999.0 -9999.0 -9999.0 -9999.0 -9999.0 -9999.0 -9999.0 -9999.0 -9999.0 -9999.0 -9999.0 -9999.0 -9999.0 -9999.0 -9999.0 -9999.0 -9999.0 -9999.0 -9999.0 -9999.0 -9999.0 -9999.0 -9999.0 -9999.0 -9999.0 -9999.0 -9999.0 -9999.0 -9999.0 -9999.0 -9999.0 -9999.0 -9999.0 -9999.0 -9999.0 -9999.0 -9999.0 -9999.0 -9999.0 -9999.0 -9999.0 -9999.0 -9999.0 -9999.0 -9999.0 -9999.0
-9999.0 -9999.0 672.572566 574.503959 476.015781 377.246410 278.346107 179.389833 80.415020 -18.556139 -117.510796 -216.442557 -315.327489 -414.116883 -512.723562 -611.021631 -708.787163 -806.764869 -904.454802 -1001.779055 -1098.589891 -1190.480583 -1276.712801 -1354.710760 -1422.404641 -1478.739567 -1523.798062 -1558.581733 -1584.628970 -1603.646150 -1617.247416 -1626.816411 -1633.462167 -1638.032029 -1641.151587 -1643.273751 -1644.733514 -1645.839720 -1647.156921 -1650.404652 -1660.037198 -1682.446017 -1871.932272 -4185.723942 -4190.340197 -4088.143866 -4015.319352 -4004.504414 -4003.395740 -4003.511825 -4003.801378 -4004.111243 -4004.408427 -4004.683199 -4004.937107 -4005.224459 -4006.081902 -4012.118498 -4052.054742 -4125.260345 -4066.111445 -1675.250695 -1644.304254 -1652.034961 -1649.176149 -1648.051946 -1647.806806 -1647.763600 -1647.757024 -1647.756542 -1647.756988 -1647.757486 -1647.757899 -1647.758223 -1647.758478 -1647.758682 -1647.758848 -1647.758988 -1647.759109 -1647.759220 -1647.759332 -1647.759454 -1647.759604 -1647.759804 -1647.760088 -1647.760514 -1647.761171 -1647.762211 -1647.763896 -1647.766688 -1647.771438 -1647.779761 -1647.794800 -1647.822832 -1647.876676 -1647.983397 -1648.203227 -1648.679873 -1649.782746 -1652.542278 -1660.189639 -1684.683034 -9999.0 -9999.0
-9999.0 -9999.0 672.577013 574.505397 476.016210 377.246544 278.346151 179.389848 80.415025 -18.556137 -117.510795 -216.442557 -315.327489 -414.116883 -512.723562 -611.021631 -708.787163 -806.764869 -904.454802 -1001.779055 -1098.589891 -1190.480584 -1276.712801 -1354.710761 -1422.404641 -1478.739567 -1523.798062 -1558.581733 -1584.628970 -1603.646150 -1617.247416 -1626.816411 -1633.462167 -1638.032029 -1641.151587 -1643.273751 -1644.733514 -1645.839720 -1647.156921 -1650.404652 -1660.037198 -1682.446017 -1871.932271 -4185.723942 -4190.340195 -4088.143862 -4015.319352 -4004.504414 -4003.395740 -4003.511825 -4003.801378 -4004.111243 -4004.408427 -4004.683199 -4004.937107 -4005.224459 -4006.081902 -4012.118498 -4052.054742 -4125.260345 -4066.111445 -1675.250695 -1644.304254 -1652.034961 -1649.176149 -1648.051946 -1647.806806 -1647.763600 -1647.757024 -1647.756542 -1647.756988 -1647.757486 -1647.757899 -1647.758223 -1647.758478 -1647.758682 -1647.758848 -1647.758988 -1647.759109 -1647.759220 -1647.759332 -1647.759454 -1647.759604 -1647.759804 -1647.760088 -1647.760514 -1647.761171 -1647.762211 -1647.763896 -1647.766688 -1647.771438 -1647.779761 -1647.794800 -1647.822832 -1647.876676 -1647.983397 -1648.203227 -1648.679873 -1649.782746 -1652.542278 -1660.189639 -1684.683034 -9999.0 -9999.0
-9999.0 -9999.0 672.578346 574.506094 476.016495 377.246651 278.346189 179.389862 80.415030 -18.556135 -117.510795 -216.442557 -315.327489 -414.116883 -512.723562 -611.021631 -708.787163 -806.764869 -904.454802 -1001.779055 -1098.589892 -1190.480584 -1276.712801 -1354.710761 -1422.404641 -1478.739567 -1523.798062 -1558.581733 -1584.628970 -1603.646150 -1617.247416 -1626.816411 -1633.462167 -1638.032029 -1641.151587 -1643.273751 -1644.733514 -1645.839720 -1647.156921 -1650.404652 -1660.037198 -1682.446017 -1871.932271 -4185.723942 -4190.340195 -4088.143861 -4015.319352 -4004.504414 -4003.395740 -4003.511825 -4003.801378 -4004.111243 -4004.408427 -4004.683199 -4004.937107 -4005.224459 -4006.081902 -4012.118498 -4052.054742 -4125.260345 -4066.111445 -1675.250695 -1644.304254 -1652.034961 -1649.176149 -1648.051946 -1647.806806 -1647.763600 -1647.757024 -1647.756542 -1647.756988 -1647.757486 -1647.757899 -1647.758223 -1647.758478 -1647.758682 -1647.758848 -1647.758988 -1647.759109 -1647.759220 -1647.759332 -1647.759454 -1647.759604 -1647.759804 -1647.760088 -1647.760514 -1647.761171 -1647.762211 -1647.763896 -1647.766688 -1647.771438 -1647.779761 -1647.794800 -1647.822832 -1647.876676 -1647.983397 -1648.203227 -1648.679873 -1649.782746 -1652.542278 -1660.189639 -1684.683034 -9999.0 -9999.0
-9999.0 -9999.0 672.578346 574.506094 476.016495 377.246651 278.346189 179.389862 80.415030 -18.556135 -117.510795 -216.442557 -315.327489 -414.116883 -512.723562 -611.021631 -708.787163 -806.764869 -904.454802 -1001.779055 -1098.589891 -1190.480584 -1276.712801 -1354.710761 -1422.404641 -1478.739567 -1523.798062 -1558.581733 -1584.628970 -1603.646150 -1617.247416 -1626.816411 -1633.462167 -1638.032029 -1641.151587 -1643.273751 -1644.733514 -1645.839720 -1647.156921 -1650.404652 -1660.037198 -1682.446017 -1871.932271 -4185.723942 -4190.340195 -4088.143861 -4015.319352 -4004.504414 -4003.395740 -4003.511825 -4003.801378 -4004.111243 -4004.408427 -4004.683199 -4004.937107 -4005.224459 -4006.081902 -4012.118498 -4052.054742 -4125.260345 -4066.111445 -1675.250695 -1644.304254 -1652.034961 -1649.176149 -1648.051946 -1647.806806 -1647.763600 -1647.757024 -1647.756542 -1647.756988 -1647.757486 -1647.757899 -1647.758223 -1647.758478 -1647.758682 -1647.758848 -1647.758988 -1647.759109 -1647.759220 -1647.759332 -1647.759454 -1647.759604 -1647.759804 -1647.760088 -1647.760514 -1647.761171 -1647.762211 -1647.763896 -1647.766688 -1647.771438 -1647.779761 -1647.794800 -1647.822832 -1647.876676 -1647.983397 -1648.203227 -1648.679873 -1649.782746 -1652.542278 -1660.189639 -1684.683034 -9999.0 -9999.0
-9999.0 -9999.0 672.577013 574.505397 476.016210 377.246544 278.346151 179.389848 80.415025 -18.556137 -117.510795 -216.442557 -315.327489 -414.116883 -512.723562 -611.021631 -708.787163 -806.764869 -904.454802 -1001.779055 -1098.589891 -1190.480584 -1276.712801 -1354.710761 -1422.404641 -1478.739567 -1523.798062 -1558.581733 -1584.628970 -1603.646150 -1617.247416 -1626.816411 -1633.462167 -1638.032029 -1641.151587 -1643.273751 -1644.733514 -1645.839720 -1647.156921 -1650.404652 -1660.037198 -1682.446017 -1871.932271 -4185.723942 -4190.340195 -4088.143862 -4015.319352 -4004.504414 -4003.395740 -4003.511825 -4003.801378 -4004.111243 -4004.408427 -4004.683199 -4004.937107 -4005.224459 -4006.081902 -4012.118498 -4052.054742 -4125.260345 -4066.111445 -1675.250695 -1644.304254 -1652.034961 -1649.176149 -1648.051946 -1647.806806 -1647.763600 -1647.757024 -1647.756542 -1647.756988 -1647.757486 -1647.757899 -1647.758223 -1647.758478 -1647.758682 -1647.758848 -1647.758988 -1647.759109 -1647.759220 -1647.759332 -1647.759454 -1647.759604 -1647.759804 -1647.760088 -1647.760514 -1647.761171 -1647.762211 -1647.763896 -1647.766688 -1647.771438 -1647.779761 -1647.794800 -1647.822832 -1647.876676 -1647.983397 -1648.203227 -1648.679873 -1649.782746 -1652.542278 -1660.189639 -1684.683034 -9999.0 -9999.0
-9999.0 -9999.0 672.572566 574.503959 476.015781 377.246410 278.346107 179.389833 80.415020 -18.556139 -117.510796 -216.442557 -315.327489 -414.116883 -512.723562 -611.021631 -708.787163 -806.764869 -904.454802 -1001.779055 -1098.589891 -1190.480584 -1276.712801 -1354.710760 -1422.404641 -1478.739567 -1523.798062 -1558.581733 -1584.628970 -1603.646150 -1617.247416 -1626.816411 -1633.462167 -1638.032029 -1641.151587 -1643.273751 -1644.733514 -1645.839720 -1647.156921 -1650.404652 -1660.037198 -1682.446017 -1871.932272 -4185.723942 -4190.340197 -4088.143866 -4015.319352 -4004.504414 -4003.395740 -4003.511825 -4003.801378 -4004.111243 -4004.408427 -4004.683199 -4004.937107 -4005.224459 -4006.081902 -4012.118498 -4052.054742 -4125.260345 -4066.111445 -1675.250695 -1644.304254 -1652.034961 -1649.176149 -1648.051946 -1647.806806 -1647.763600 -1647.757024 -1647.756542 -1647.756988 -1647.757486 -1647.757899 -1647.758223 -1647.758478 -1647.758682 -1647.758848 -1647.758988 -1647.759109 -1647.759220 -1647.759332 -1647.759454 -1647.759604 -1647.759804 -1647.760088 -1647.760514 -1647.761171 -1647.762211 -1647.763896 -1647.766688 -1647.771438 -1647.779761 -1647.794800 -1647.822832 -1647.876676 -1647.983397 -1648.203227 -1648.679873 -1649.782746 -1652.542278 -1660.189639 -1684.683034 -9999.0 -9999.0
-9999.0 -9999.0 -9999.0 -9999.0 -9999.0 -9999.0 -9999.0 -9999.0 -9999.0 -9999.0 -9999.0 -9999.0 -9999.0 -9999.0 -9999.0 -9999.0 -9999.0 -9999.0 -9999.0 -9999.0 -9999.0 -9999.0 -9999.0 -9999.0 -9999.0 -9999.0 -9999.0 -9999.0 -9999.0 -9999.0 -9999.0 -9999.0 -9999.0 -9999.0 -9999.0 -9999.0 -9999.0 -9999.0 -9999.0 -9999.0 -9999.0 -9999.0 -9999.0 -9999.0 -9999.0 -9999.0 -9999.0 -9999.0 -9999.0 -9999.0 -9999.0 -9999.0 -9999.0 -9999.0 -9999.0 -9999.0 -9999.0 -9999.0 -9999.0 -9999.0 -9999.0 -9999.0 -9999.0 -9999.0 -9999.0 -9999.0 -9999.0 -9999.0 -9999.0 -9999.0 -9999.0 -9999.0 -9999.0 -9999.0 -9999.0 -9999.0 -9999.0 -9999.0 -9999.0 -9999.0 -9999.0 -9999.0 -9999.0 -9999.0 -9999.0 -9999.0 -9999.0 -9999.0 -9999.0 -9999.0 -9999.0 -9999.0 -9999.0 -9999.0 -9999.0 -9999.0 -9999.0 -9999.0 -9999.0 -9999.0 -9999.0 -9999.0 -9999.0 -9999.0
-9999.0 -9999.0 -9999.0 -9999.0 -9999.0 -9999.0 -9999.0 -9999.0 -9999.0 -9999.0 -9999.0 -9999.0 -9999.0 -9999.0 -9999.0 -9999.0 -9999.0 -9999.0 -9999.0 -9999.0 -9999.0 -9999.0 -9999.0 -9999.0 -9999.0 -9999.0 -9999.0 -9999.0 -9999.0 -9999.0 -9999.0 -9999.0 -9999.0 -9999.0 -9999.0 -9999.0 -9999.0 -9999.0 -9999.0 -9999.0 -9999.0 -9999.0 -9999.0 -9999.0 -9999.0 -9999.0 -9999.0 -9999.0 -9999.0 -9999.0 -9999.0 -9999.0 -9999.0 -9999.0 -9999.0 -9999.0 -9999.0 -9999.0 -9999.0 -9999.0 -9999.0 -9999.0 -9999.0 -9999.0 -9999.0 -9999.0 -9999.0 -9999.0 -9999.0 -9999.0 -9999.0 -9999.0 -9999.0 -9999.0 -9999.0 -9999.0 -9999.0 -9999.0 -9999.0 -9999.0 -9999.0 -9999.0 -9999.0 -9999.0 -9999.0 -9999.0 -9999.0 -9999.0 -9999.0 -9999.0 -9999.0 -9999.0 -9999.0 -9999.0 -9999.0 -9999.0 -9999.0 -9999.0 -9999.0 -9999.0 -9999.0 -9999.0 -9999.0 -9999.0