inst/processing_geotop_simulation/geotop_simulation/out/maps3D/PwL0006N0418.asc
ncols         104
nrows         10
xllcorner     -2.000000
yllcorner     0.000000
cellsize      1.000000
NODATA_value  -9999.0
-9999.0 -9999.0 -9999.0 -9999.0 -9999.0 -9999.0 -9999.0 -9999.0 -9999.0 -9999.0 -9999.0 -9999.0 -9999.0 -9999.0 -9999.0 -9999.0 -9999.0 -9999.0 -9999.0 -9999.0 -9999.0 -9999.0 -9999.0 -9999.0 -9999.0 -9999.0 -9999.0 -9999.0 -9999.0 -9999.0 -9999.0 -9999.0 -9999.0 -9999.0 -9999.0 -9999.0 -9999.0 -9999.0 -9999.0 -9999.0 -9999.0 -9999.0 -9999.0 -9999.0 -9999.0 -9999.0 -9999.0 -9999.0 -9999.0 -9999.0 -9999.0 -9999.0 -9999.0 -9999.0 -9999.0 -9999.0 -9999.0 -9999.0 -9999.0 -9999.0 -9999.0 -9999.0 -9999.0 -9999.0 -9999.0 -9999.0 -9999.0 -9999.0 -9999.0 -9999.0 -9999.0 -9999.0 -9999.0 -9999.0 -9999.0 -9999.0 -9999.0 -9999.0 -9999.0 -9999.0 -9999.0 -9999.0 -9999.0 -9999.0 -9999.0 -9999.0 -9999.0 -9999.0 -9999.0 -9999.0 -9999.0 -9999.0 -9999.0 -9999.0 -9999.0 -9999.0 -9999.0 -9999.0 -9999.0 -9999.0 -9999.0 -9999.0 -9999.0 -9999.0
-9999.0 -9999.0 -9999.0 -9999.0 -9999.0 -9999.0 -9999.0 -9999.0 -9999.0 -9999.0 -9999.0 -9999.0 -9999.0 -9999.0 -9999.0 -9999.0 -9999.0 -9999.0 -9999.0 -9999.0 -9999.0 -9999.0 -9999.0 -9999.0 -9999.0 -9999.0 -9999.0 -9999.0 -9999.0 -9999.0 -9999.0 -9999.0 -9999.0 -9999.0 -9999.0 -9999.0 -9999.0 -9999.0 -9999.0 -9999.0 -9999.0 -9999.0 -9999.0 -9999.0 -9999.0 -9999.0 -9999.0 -9999.0 -9999.0 -9999.0 -9999.0 -9999.0 -9999.0 -9999.0 -9999.0 -9999.0 -9999.0 -9999.0 -9999.0 -9999.0 -9999.0 -9999.0 -9999.0 -9999.0 -9999.0 -9999.0 -9999.0 -9999.0 -9999.0 -9999.0 -9999.0 -9999.0 -9999.0 -9999.0 -9999.0 -9999.0 -9999.0 -9999.0 -9999.0 -9999.0 -9999.0 -9999.0 -9999.0 -9999.0 -9999.0 -9999.0 -9999.0 -9999.0 -9999.0 -9999.0 -9999.0 -9999.0 -9999.0 -9999.0 -9999.0 -9999.0 -9999.0 -9999.0 -9999.0 -9999.0 -9999.0 -9999.0 -9999.0 -9999.0
-9999.0 -9999.0 274.150098 175.956031 77.003926 -22.202237 -121.506361 -220.850487 -320.205059 -419.549434 -518.862405 -618.099963 -717.177100 -816.198477 -915.145003 -1014.070726 -1112.945640 -1211.292547 -1308.953739 -1405.343132 -1499.300854 -1588.736042 -1670.739705 -1742.510622 -1802.386960 -1850.214747 -1887.048188 -1914.591489 -1934.712209 -1949.141070 -1959.337202 -1966.458584 -1971.386631 -1974.772288 -1977.086094 -1978.665517 -1979.764055 -1980.636274 -1981.770360 -1984.234401 -1985.858077 -1932.417288 -1220.067688 -1244.081343 -1228.191165 -1217.544117 -1212.562399 -1211.800161 -1211.717698 -1211.724497 -1211.744035 -1211.765129 -1211.785412 -1211.804203 -1211.821710 -1211.842660 -1211.911022 -1212.367471 -1215.018618 -1220.879143 -1227.920188 -1193.018320 -1904.124447 -1979.504584 -1982.889389 -1982.294475 -1982.076711 -1982.031581 -1982.024061 -1982.023290 -1982.023598 -1982.024003 -1982.024346 -1982.024618 -1982.024832 -1982.025003 -1982.025142 -1982.025260 -1982.025362 -1982.025457 -1982.025552 -1982.025657 -1982.025786 -1982.025958 -1982.026203 -1982.026571 -1982.027138 -1982.028037 -1982.029496 -1982.031919 -1982.036054 -1982.043321 -1982.056497 -1982.081138 -1982.128627 -1982.223134 -1982.418833 -1982.846245 -1983.847163 -1986.410234 -1993.781046 -2018.241757 -9999.0 -9999.0
-9999.0 -9999.0 274.157640 175.957762 77.004378 -22.202104 -121.506319 -220.850472 -320.205053 -419.549432 -518.862403 -618.099963 -717.177100 -816.198477 -915.145003 -1014.070726 -1112.945640 -1211.292547 -1308.953739 -1405.343132 -1499.300854 -1588.736042 -1670.739705 -1742.510622 -1802.386960 -1850.214748 -1887.048188 -1914.591489 -1934.712209 -1949.141070 -1959.337202 -1966.458584 -1971.386631 -1974.772288 -1977.086094 -1978.665517 -1979.764055 -1980.636274 -1981.770360 -1984.234401 -1985.858077 -1932.417288 -1220.067688 -1244.081343 -1228.191165 -1217.544117 -1212.562399 -1211.800161 -1211.717698 -1211.724497 -1211.744035 -1211.765129 -1211.785412 -1211.804203 -1211.821710 -1211.842660 -1211.911022 -1212.367471 -1215.018618 -1220.879143 -1227.920188 -1193.018320 -1904.124447 -1979.504584 -1982.889389 -1982.294475 -1982.076710 -1982.031581 -1982.024061 -1982.023290 -1982.023598 -1982.024003 -1982.024346 -1982.024618 -1982.024832 -1982.025003 -1982.025142 -1982.025260 -1982.025362 -1982.025457 -1982.025552 -1982.025657 -1982.025786 -1982.025958 -1982.026203 -1982.026571 -1982.027138 -1982.028037 -1982.029496 -1982.031919 -1982.036054 -1982.043321 -1982.056497 -1982.081138 -1982.128627 -1982.223134 -1982.418833 -1982.846245 -1983.847163 -1986.410234 -1993.781046 -2018.241757 -9999.0 -9999.0
-9999.0 -9999.0 274.158946 175.958487 77.004666 -22.202000 -121.506281 -220.850459 -320.205048 -419.549430 -518.862403 -618.099962 -717.177100 -816.198476 -915.145003 -1014.070726 -1112.945640 -1211.292547 -1308.953740 -1405.343133 -1499.300855 -1588.736043 -1670.739705 -1742.510622 -1802.386960 -1850.214748 -1887.048188 -1914.591489 -1934.712209 -1949.141070 -1959.337202 -1966.458584 -1971.386631 -1974.772288 -1977.086094 -1978.665517 -1979.764055 -1980.636274 -1981.770360 -1984.234401 -1985.858077 -1932.417288 -1220.067688 -1244.081343 -1228.191165 -1217.544117 -1212.562399 -1211.800161 -1211.717698 -1211.724497 -1211.744035 -1211.765129 -1211.785412 -1211.804203 -1211.821710 -1211.842660 -1211.911022 -1212.367471 -1215.018618 -1220.879143 -1227.920188 -1193.018320 -1904.124447 -1979.504584 -1982.889389 -1982.294475 -1982.076710 -1982.031581 -1982.024061 -1982.023290 -1982.023598 -1982.024003 -1982.024346 -1982.024618 -1982.024832 -1982.025003 -1982.025142 -1982.025260 -1982.025362 -1982.025457 -1982.025552 -1982.025657 -1982.025786 -1982.025958 -1982.026203 -1982.026571 -1982.027138 -1982.028037 -1982.029496 -1982.031919 -1982.036054 -1982.043321 -1982.056497 -1982.081138 -1982.128627 -1982.223134 -1982.418833 -1982.846245 -1983.847163 -1986.410234 -1993.781046 -2018.241757 -9999.0 -9999.0
-9999.0 -9999.0 274.158946 175.958487 77.004666 -22.202000 -121.506281 -220.850459 -320.205048 -419.549430 -518.862403 -618.099962 -717.177100 -816.198477 -915.145003 -1014.070726 -1112.945640 -1211.292547 -1308.953739 -1405.343133 -1499.300855 -1588.736043 -1670.739705 -1742.510622 -1802.386960 -1850.214748 -1887.048188 -1914.591489 -1934.712209 -1949.141070 -1959.337202 -1966.458584 -1971.386631 -1974.772288 -1977.086094 -1978.665517 -1979.764055 -1980.636274 -1981.770360 -1984.234401 -1985.858077 -1932.417288 -1220.067688 -1244.081343 -1228.191165 -1217.544117 -1212.562399 -1211.800161 -1211.717698 -1211.724497 -1211.744035 -1211.765129 -1211.785412 -1211.804203 -1211.821710 -1211.842660 -1211.911022 -1212.367471 -1215.018618 -1220.879143 -1227.920188 -1193.018320 -1904.124447 -1979.504584 -1982.889389 -1982.294475 -1982.076710 -1982.031581 -1982.024061 -1982.023290 -1982.023598 -1982.024003 -1982.024346 -1982.024618 -1982.024832 -1982.025003 -1982.025142 -1982.025260 -1982.025362 -1982.025457 -1982.025552 -1982.025657 -1982.025786 -1982.025958 -1982.026203 -1982.026571 -1982.027138 -1982.028037 -1982.029496 -1982.031919 -1982.036054 -1982.043321 -1982.056497 -1982.081138 -1982.128627 -1982.223134 -1982.418833 -1982.846245 -1983.847163 -1986.410234 -1993.781046 -2018.241757 -9999.0 -9999.0
-9999.0 -9999.0 274.157640 175.957762 77.004378 -22.202104 -121.506319 -220.850472 -320.205053 -419.549432 -518.862403 -618.099963 -717.177100 -816.198477 -915.145003 -1014.070726 -1112.945640 -1211.292547 -1308.953739 -1405.343132 -1499.300854 -1588.736042 -1670.739705 -1742.510622 -1802.386960 -1850.214748 -1887.048188 -1914.591489 -1934.712209 -1949.141070 -1959.337202 -1966.458584 -1971.386631 -1974.772288 -1977.086094 -1978.665517 -1979.764055 -1980.636274 -1981.770360 -1984.234401 -1985.858077 -1932.417288 -1220.067688 -1244.081343 -1228.191165 -1217.544117 -1212.562399 -1211.800161 -1211.717698 -1211.724497 -1211.744035 -1211.765129 -1211.785412 -1211.804203 -1211.821710 -1211.842660 -1211.911022 -1212.367471 -1215.018618 -1220.879143 -1227.920188 -1193.018320 -1904.124447 -1979.504584 -1982.889389 -1982.294475 -1982.076710 -1982.031581 -1982.024061 -1982.023290 -1982.023598 -1982.024003 -1982.024346 -1982.024618 -1982.024832 -1982.025003 -1982.025142 -1982.025260 -1982.025362 -1982.025457 -1982.025552 -1982.025657 -1982.025786 -1982.025958 -1982.026203 -1982.026571 -1982.027138 -1982.028037 -1982.029496 -1982.031919 -1982.036054 -1982.043321 -1982.056497 -1982.081138 -1982.128627 -1982.223134 -1982.418833 -1982.846245 -1983.847163 -1986.410234 -1993.781046 -2018.241757 -9999.0 -9999.0
-9999.0 -9999.0 274.150098 175.956031 77.003926 -22.202237 -121.506361 -220.850487 -320.205059 -419.549434 -518.862404 -618.099963 -717.177100 -816.198477 -915.145003 -1014.070726 -1112.945640 -1211.292547 -1308.953739 -1405.343132 -1499.300854 -1588.736042 -1670.739705 -1742.510622 -1802.386960 -1850.214747 -1887.048188 -1914.591489 -1934.712209 -1949.141070 -1959.337202 -1966.458584 -1971.386631 -1974.772288 -1977.086094 -1978.665517 -1979.764055 -1980.636274 -1981.770360 -1984.234401 -1985.858077 -1932.417288 -1220.067688 -1244.081343 -1228.191165 -1217.544117 -1212.562399 -1211.800161 -1211.717698 -1211.724497 -1211.744035 -1211.765129 -1211.785412 -1211.804203 -1211.821710 -1211.842660 -1211.911022 -1212.367471 -1215.018618 -1220.879143 -1227.920188 -1193.018320 -1904.124447 -1979.504584 -1982.889389 -1982.294475 -1982.076711 -1982.031581 -1982.024061 -1982.023290 -1982.023598 -1982.024003 -1982.024346 -1982.024618 -1982.024832 -1982.025003 -1982.025142 -1982.025260 -1982.025362 -1982.025457 -1982.025552 -1982.025657 -1982.025786 -1982.025958 -1982.026203 -1982.026571 -1982.027138 -1982.028037 -1982.029496 -1982.031919 -1982.036054 -1982.043321 -1982.056497 -1982.081138 -1982.128627 -1982.223134 -1982.418833 -1982.846245 -1983.847163 -1986.410234 -1993.781046 -2018.241757 -9999.0 -9999.0
-9999.0 -9999.0 -9999.0 -9999.0 -9999.0 -9999.0 -9999.0 -9999.0 -9999.0 -9999.0 -9999.0 -9999.0 -9999.0 -9999.0 -9999.0 -9999.0 -9999.0 -9999.0 -9999.0 -9999.0 -9999.0 -9999.0 -9999.0 -9999.0 -9999.0 -9999.0 -9999.0 -9999.0 -9999.0 -9999.0 -9999.0 -9999.0 -9999.0 -9999.0 -9999.0 -9999.0 -9999.0 -9999.0 -9999.0 -9999.0 -9999.0 -9999.0 -9999.0 -9999.0 -9999.0 -9999.0 -9999.0 -9999.0 -9999.0 -9999.0 -9999.0 -9999.0 -9999.0 -9999.0 -9999.0 -9999.0 -9999.0 -9999.0 -9999.0 -9999.0 -9999.0 -9999.0 -9999.0 -9999.0 -9999.0 -9999.0 -9999.0 -9999.0 -9999.0 -9999.0 -9999.0 -9999.0 -9999.0 -9999.0 -9999.0 -9999.0 -9999.0 -9999.0 -9999.0 -9999.0 -9999.0 -9999.0 -9999.0 -9999.0 -9999.0 -9999.0 -9999.0 -9999.0 -9999.0 -9999.0 -9999.0 -9999.0 -9999.0 -9999.0 -9999.0 -9999.0 -9999.0 -9999.0 -9999.0 -9999.0 -9999.0 -9999.0 -9999.0 -9999.0
-9999.0 -9999.0 -9999.0 -9999.0 -9999.0 -9999.0 -9999.0 -9999.0 -9999.0 -9999.0 -9999.0 -9999.0 -9999.0 -9999.0 -9999.0 -9999.0 -9999.0 -9999.0 -9999.0 -9999.0 -9999.0 -9999.0 -9999.0 -9999.0 -9999.0 -9999.0 -9999.0 -9999.0 -9999.0 -9999.0 -9999.0 -9999.0 -9999.0 -9999.0 -9999.0 -9999.0 -9999.0 -9999.0 -9999.0 -9999.0 -9999.0 -9999.0 -9999.0 -9999.0 -9999.0 -9999.0 -9999.0 -9999.0 -9999.0 -9999.0 -9999.0 -9999.0 -9999.0 -9999.0 -9999.0 -9999.0 -9999.0 -9999.0 -9999.0 -9999.0 -9999.0 -9999.0 -9999.0 -9999.0 -9999.0 -9999.0 -9999.0 -9999.0 -9999.0 -9999.0 -9999.0 -9999.0 -9999.0 -9999.0 -9999.0 -9999.0 -9999.0 -9999.0 -9999.0 -9999.0 -9999.0 -9999.0 -9999.0 -9999.0 -9999.0 -9999.0 -9999.0 -9999.0 -9999.0 -9999.0 -9999.0 -9999.0 -9999.0 -9999.0 -9999.0 -9999.0 -9999.0 -9999.0 -9999.0 -9999.0 -9999.0 -9999.0 -9999.0 -9999.0