inst/processing_geotop_simulation/geotop_simulation/out/maps3D/PwL0002N0214.asc
ncols         104
nrows         10
xllcorner     -2.000000
yllcorner     0.000000
cellsize      1.000000
NODATA_value  -9999.0
-9999.0 -9999.0 -9999.0 -9999.0 -9999.0 -9999.0 -9999.0 -9999.0 -9999.0 -9999.0 -9999.0 -9999.0 -9999.0 -9999.0 -9999.0 -9999.0 -9999.0 -9999.0 -9999.0 -9999.0 -9999.0 -9999.0 -9999.0 -9999.0 -9999.0 -9999.0 -9999.0 -9999.0 -9999.0 -9999.0 -9999.0 -9999.0 -9999.0 -9999.0 -9999.0 -9999.0 -9999.0 -9999.0 -9999.0 -9999.0 -9999.0 -9999.0 -9999.0 -9999.0 -9999.0 -9999.0 -9999.0 -9999.0 -9999.0 -9999.0 -9999.0 -9999.0 -9999.0 -9999.0 -9999.0 -9999.0 -9999.0 -9999.0 -9999.0 -9999.0 -9999.0 -9999.0 -9999.0 -9999.0 -9999.0 -9999.0 -9999.0 -9999.0 -9999.0 -9999.0 -9999.0 -9999.0 -9999.0 -9999.0 -9999.0 -9999.0 -9999.0 -9999.0 -9999.0 -9999.0 -9999.0 -9999.0 -9999.0 -9999.0 -9999.0 -9999.0 -9999.0 -9999.0 -9999.0 -9999.0 -9999.0 -9999.0 -9999.0 -9999.0 -9999.0 -9999.0 -9999.0 -9999.0 -9999.0 -9999.0 -9999.0 -9999.0 -9999.0 -9999.0
-9999.0 -9999.0 -9999.0 -9999.0 -9999.0 -9999.0 -9999.0 -9999.0 -9999.0 -9999.0 -9999.0 -9999.0 -9999.0 -9999.0 -9999.0 -9999.0 -9999.0 -9999.0 -9999.0 -9999.0 -9999.0 -9999.0 -9999.0 -9999.0 -9999.0 -9999.0 -9999.0 -9999.0 -9999.0 -9999.0 -9999.0 -9999.0 -9999.0 -9999.0 -9999.0 -9999.0 -9999.0 -9999.0 -9999.0 -9999.0 -9999.0 -9999.0 -9999.0 -9999.0 -9999.0 -9999.0 -9999.0 -9999.0 -9999.0 -9999.0 -9999.0 -9999.0 -9999.0 -9999.0 -9999.0 -9999.0 -9999.0 -9999.0 -9999.0 -9999.0 -9999.0 -9999.0 -9999.0 -9999.0 -9999.0 -9999.0 -9999.0 -9999.0 -9999.0 -9999.0 -9999.0 -9999.0 -9999.0 -9999.0 -9999.0 -9999.0 -9999.0 -9999.0 -9999.0 -9999.0 -9999.0 -9999.0 -9999.0 -9999.0 -9999.0 -9999.0 -9999.0 -9999.0 -9999.0 -9999.0 -9999.0 -9999.0 -9999.0 -9999.0 -9999.0 -9999.0 -9999.0 -9999.0 -9999.0 -9999.0 -9999.0 -9999.0 -9999.0 -9999.0
-9999.0 -9999.0 78.947433 -13.436574 -109.762866 -207.036641 -304.655050 -402.381860 -500.093034 -597.683569 -694.898751 -791.603584 -887.649780 -982.848958 -1077.958122 -1172.766474 -1265.891627 -1357.027654 -1445.976573 -1529.930614 -1602.719901 -1660.346454 -1702.717330 -1732.354141 -1752.509920 -1766.055639 -1775.137274 -1781.229720 -1785.313384 -1788.040117 -1789.850016 -1791.043389 -1791.825412 -1792.335265 -1792.666549 -1792.883442 -1793.036863 -1793.195950 -1793.603227 -1795.470250 -1802.454113 -1790.097136 -1108.139174 -1106.302149 -1095.181689 -1088.104620 -1084.784215 -1084.293917 -1084.242729 -1084.249484 -1084.264881 -1084.281349 -1084.297168 -1084.311812 -1084.325356 -1084.340657 -1084.385076 -1084.678901 -1086.450112 -1090.422975 -1096.417931 -1090.393872 -1768.824008 -1797.360355 -1794.416868 -1793.537929 -1793.387317 -1793.363870 -1793.360844 -1793.361226 -1793.362066 -1793.362818 -1793.363408 -1793.363858 -1793.364201 -1793.364467 -1793.364678 -1793.364848 -1793.364990 -1793.365116 -1793.365239 -1793.365377 -1793.365550 -1793.365790 -1793.366147 -1793.366695 -1793.367558 -1793.368939 -1793.371184 -1793.374898 -1793.381175 -1793.392062 -1793.411507 -1793.447282 -1793.514924 -1793.645929 -1793.905903 -1794.439173 -1795.590218 -1798.264503 -1805.201166 -1827.095219 -9999.0 -9999.0
-9999.0 -9999.0 78.959627 -13.434383 -109.762319 -207.036482 -304.655000 -402.381843 -500.093028 -597.683566 -694.898750 -791.603584 -887.649779 -982.848958 -1077.958122 -1172.766474 -1265.891627 -1357.027654 -1445.976573 -1529.930614 -1602.719901 -1660.346455 -1702.717330 -1732.354141 -1752.509920 -1766.055639 -1775.137274 -1781.229720 -1785.313384 -1788.040117 -1789.850016 -1791.043389 -1791.825412 -1792.335265 -1792.666549 -1792.883442 -1793.036863 -1793.195950 -1793.603227 -1795.470250 -1802.454113 -1790.097136 -1108.139174 -1106.302149 -1095.181689 -1088.104620 -1084.784215 -1084.293917 -1084.242729 -1084.249484 -1084.264881 -1084.281349 -1084.297168 -1084.311812 -1084.325356 -1084.340657 -1084.385076 -1084.678901 -1086.450112 -1090.422975 -1096.417931 -1090.393872 -1768.824008 -1797.360355 -1794.416868 -1793.537929 -1793.387317 -1793.363870 -1793.360844 -1793.361226 -1793.362066 -1793.362818 -1793.363408 -1793.363858 -1793.364201 -1793.364467 -1793.364678 -1793.364848 -1793.364990 -1793.365116 -1793.365239 -1793.365377 -1793.365550 -1793.365790 -1793.366147 -1793.366695 -1793.367558 -1793.368939 -1793.371184 -1793.374898 -1793.381175 -1793.392062 -1793.411507 -1793.447282 -1793.514924 -1793.645929 -1793.905903 -1794.439173 -1795.590218 -1798.264503 -1805.201166 -1827.095219 -9999.0 -9999.0
-9999.0 -9999.0 78.960951 -13.433507 -109.761973 -207.036357 -304.654955 -402.381827 -500.093022 -597.683564 -694.898750 -791.603583 -887.649779 -982.848958 -1077.958122 -1172.766474 -1265.891627 -1357.027654 -1445.976574 -1529.930614 -1602.719902 -1660.346455 -1702.717330 -1732.354141 -1752.509920 -1766.055639 -1775.137274 -1781.229720 -1785.313384 -1788.040117 -1789.850016 -1791.043389 -1791.825412 -1792.335265 -1792.666549 -1792.883442 -1793.036863 -1793.195950 -1793.603227 -1795.470250 -1802.454113 -1790.097136 -1108.139174 -1106.302149 -1095.181689 -1088.104620 -1084.784215 -1084.293917 -1084.242729 -1084.249484 -1084.264881 -1084.281349 -1084.297168 -1084.311812 -1084.325356 -1084.340657 -1084.385076 -1084.678901 -1086.450112 -1090.422975 -1096.417931 -1090.393872 -1768.824008 -1797.360355 -1794.416868 -1793.537929 -1793.387317 -1793.363870 -1793.360844 -1793.361226 -1793.362066 -1793.362818 -1793.363408 -1793.363858 -1793.364201 -1793.364467 -1793.364678 -1793.364848 -1793.364990 -1793.365116 -1793.365239 -1793.365377 -1793.365550 -1793.365790 -1793.366147 -1793.366695 -1793.367558 -1793.368939 -1793.371184 -1793.374898 -1793.381175 -1793.392062 -1793.411507 -1793.447282 -1793.514924 -1793.645929 -1793.905903 -1794.439173 -1795.590218 -1798.264503 -1805.201166 -1827.095219 -9999.0 -9999.0
-9999.0 -9999.0 78.960951 -13.433507 -109.761973 -207.036357 -304.654955 -402.381827 -500.093022 -597.683564 -694.898750 -791.603583 -887.649779 -982.848958 -1077.958122 -1172.766474 -1265.891627 -1357.027654 -1445.976574 -1529.930614 -1602.719902 -1660.346455 -1702.717330 -1732.354141 -1752.509920 -1766.055639 -1775.137274 -1781.229720 -1785.313384 -1788.040117 -1789.850016 -1791.043389 -1791.825412 -1792.335265 -1792.666549 -1792.883442 -1793.036863 -1793.195950 -1793.603227 -1795.470250 -1802.454113 -1790.097136 -1108.139174 -1106.302149 -1095.181689 -1088.104620 -1084.784215 -1084.293917 -1084.242729 -1084.249484 -1084.264881 -1084.281349 -1084.297168 -1084.311812 -1084.325356 -1084.340657 -1084.385076 -1084.678901 -1086.450112 -1090.422975 -1096.417931 -1090.393872 -1768.824008 -1797.360355 -1794.416868 -1793.537929 -1793.387317 -1793.363870 -1793.360844 -1793.361226 -1793.362066 -1793.362818 -1793.363408 -1793.363858 -1793.364201 -1793.364467 -1793.364678 -1793.364848 -1793.364990 -1793.365116 -1793.365239 -1793.365377 -1793.365550 -1793.365790 -1793.366147 -1793.366695 -1793.367558 -1793.368939 -1793.371184 -1793.374898 -1793.381175 -1793.392062 -1793.411507 -1793.447282 -1793.514924 -1793.645929 -1793.905903 -1794.439173 -1795.590218 -1798.264503 -1805.201166 -1827.095219 -9999.0 -9999.0
-9999.0 -9999.0 78.959627 -13.434383 -109.762319 -207.036482 -304.655000 -402.381842 -500.093028 -597.683566 -694.898750 -791.603584 -887.649779 -982.848958 -1077.958122 -1172.766474 -1265.891627 -1357.027654 -1445.976573 -1529.930614 -1602.719901 -1660.346455 -1702.717330 -1732.354141 -1752.509920 -1766.055639 -1775.137274 -1781.229720 -1785.313384 -1788.040117 -1789.850016 -1791.043389 -1791.825412 -1792.335265 -1792.666549 -1792.883442 -1793.036863 -1793.195950 -1793.603227 -1795.470250 -1802.454113 -1790.097136 -1108.139174 -1106.302149 -1095.181689 -1088.104620 -1084.784215 -1084.293917 -1084.242729 -1084.249484 -1084.264881 -1084.281349 -1084.297168 -1084.311812 -1084.325356 -1084.340657 -1084.385076 -1084.678901 -1086.450112 -1090.422975 -1096.417931 -1090.393872 -1768.824008 -1797.360355 -1794.416868 -1793.537929 -1793.387317 -1793.363870 -1793.360844 -1793.361226 -1793.362066 -1793.362818 -1793.363408 -1793.363858 -1793.364201 -1793.364467 -1793.364678 -1793.364848 -1793.364990 -1793.365116 -1793.365239 -1793.365377 -1793.365550 -1793.365790 -1793.366147 -1793.366695 -1793.367558 -1793.368939 -1793.371184 -1793.374898 -1793.381175 -1793.392062 -1793.411507 -1793.447282 -1793.514924 -1793.645929 -1793.905903 -1794.439173 -1795.590218 -1798.264503 -1805.201166 -1827.095219 -9999.0 -9999.0
-9999.0 -9999.0 78.947433 -13.436574 -109.762866 -207.036641 -304.655050 -402.381860 -500.093034 -597.683569 -694.898751 -791.603584 -887.649780 -982.848958 -1077.958122 -1172.766474 -1265.891627 -1357.027654 -1445.976573 -1529.930614 -1602.719901 -1660.346454 -1702.717330 -1732.354141 -1752.509920 -1766.055639 -1775.137274 -1781.229720 -1785.313384 -1788.040117 -1789.850016 -1791.043389 -1791.825412 -1792.335265 -1792.666549 -1792.883442 -1793.036863 -1793.195950 -1793.603227 -1795.470250 -1802.454113 -1790.097136 -1108.139174 -1106.302149 -1095.181689 -1088.104620 -1084.784215 -1084.293917 -1084.242729 -1084.249484 -1084.264881 -1084.281349 -1084.297168 -1084.311812 -1084.325356 -1084.340657 -1084.385076 -1084.678901 -1086.450112 -1090.422975 -1096.417931 -1090.393872 -1768.824008 -1797.360355 -1794.416868 -1793.537929 -1793.387317 -1793.363870 -1793.360844 -1793.361226 -1793.362066 -1793.362818 -1793.363408 -1793.363858 -1793.364201 -1793.364467 -1793.364678 -1793.364848 -1793.364990 -1793.365116 -1793.365239 -1793.365377 -1793.365550 -1793.365790 -1793.366147 -1793.366695 -1793.367558 -1793.368939 -1793.371184 -1793.374898 -1793.381175 -1793.392062 -1793.411507 -1793.447282 -1793.514924 -1793.645929 -1793.905903 -1794.439173 -1795.590218 -1798.264503 -1805.201166 -1827.095219 -9999.0 -9999.0
-9999.0 -9999.0 -9999.0 -9999.0 -9999.0 -9999.0 -9999.0 -9999.0 -9999.0 -9999.0 -9999.0 -9999.0 -9999.0 -9999.0 -9999.0 -9999.0 -9999.0 -9999.0 -9999.0 -9999.0 -9999.0 -9999.0 -9999.0 -9999.0 -9999.0 -9999.0 -9999.0 -9999.0 -9999.0 -9999.0 -9999.0 -9999.0 -9999.0 -9999.0 -9999.0 -9999.0 -9999.0 -9999.0 -9999.0 -9999.0 -9999.0 -9999.0 -9999.0 -9999.0 -9999.0 -9999.0 -9999.0 -9999.0 -9999.0 -9999.0 -9999.0 -9999.0 -9999.0 -9999.0 -9999.0 -9999.0 -9999.0 -9999.0 -9999.0 -9999.0 -9999.0 -9999.0 -9999.0 -9999.0 -9999.0 -9999.0 -9999.0 -9999.0 -9999.0 -9999.0 -9999.0 -9999.0 -9999.0 -9999.0 -9999.0 -9999.0 -9999.0 -9999.0 -9999.0 -9999.0 -9999.0 -9999.0 -9999.0 -9999.0 -9999.0 -9999.0 -9999.0 -9999.0 -9999.0 -9999.0 -9999.0 -9999.0 -9999.0 -9999.0 -9999.0 -9999.0 -9999.0 -9999.0 -9999.0 -9999.0 -9999.0 -9999.0 -9999.0 -9999.0
-9999.0 -9999.0 -9999.0 -9999.0 -9999.0 -9999.0 -9999.0 -9999.0 -9999.0 -9999.0 -9999.0 -9999.0 -9999.0 -9999.0 -9999.0 -9999.0 -9999.0 -9999.0 -9999.0 -9999.0 -9999.0 -9999.0 -9999.0 -9999.0 -9999.0 -9999.0 -9999.0 -9999.0 -9999.0 -9999.0 -9999.0 -9999.0 -9999.0 -9999.0 -9999.0 -9999.0 -9999.0 -9999.0 -9999.0 -9999.0 -9999.0 -9999.0 -9999.0 -9999.0 -9999.0 -9999.0 -9999.0 -9999.0 -9999.0 -9999.0 -9999.0 -9999.0 -9999.0 -9999.0 -9999.0 -9999.0 -9999.0 -9999.0 -9999.0 -9999.0 -9999.0 -9999.0 -9999.0 -9999.0 -9999.0 -9999.0 -9999.0 -9999.0 -9999.0 -9999.0 -9999.0 -9999.0 -9999.0 -9999.0 -9999.0 -9999.0 -9999.0 -9999.0 -9999.0 -9999.0 -9999.0 -9999.0 -9999.0 -9999.0 -9999.0 -9999.0 -9999.0 -9999.0 -9999.0 -9999.0 -9999.0 -9999.0 -9999.0 -9999.0 -9999.0 -9999.0 -9999.0 -9999.0 -9999.0 -9999.0 -9999.0 -9999.0 -9999.0 -9999.0