inst/processing_geotop_simulation/geotop_simulation/out/maps3D/PwL0004N0232.asc
ncols         104
nrows         10
xllcorner     -2.000000
yllcorner     0.000000
cellsize      1.000000
NODATA_value  -9999.0
-9999.0 -9999.0 -9999.0 -9999.0 -9999.0 -9999.0 -9999.0 -9999.0 -9999.0 -9999.0 -9999.0 -9999.0 -9999.0 -9999.0 -9999.0 -9999.0 -9999.0 -9999.0 -9999.0 -9999.0 -9999.0 -9999.0 -9999.0 -9999.0 -9999.0 -9999.0 -9999.0 -9999.0 -9999.0 -9999.0 -9999.0 -9999.0 -9999.0 -9999.0 -9999.0 -9999.0 -9999.0 -9999.0 -9999.0 -9999.0 -9999.0 -9999.0 -9999.0 -9999.0 -9999.0 -9999.0 -9999.0 -9999.0 -9999.0 -9999.0 -9999.0 -9999.0 -9999.0 -9999.0 -9999.0 -9999.0 -9999.0 -9999.0 -9999.0 -9999.0 -9999.0 -9999.0 -9999.0 -9999.0 -9999.0 -9999.0 -9999.0 -9999.0 -9999.0 -9999.0 -9999.0 -9999.0 -9999.0 -9999.0 -9999.0 -9999.0 -9999.0 -9999.0 -9999.0 -9999.0 -9999.0 -9999.0 -9999.0 -9999.0 -9999.0 -9999.0 -9999.0 -9999.0 -9999.0 -9999.0 -9999.0 -9999.0 -9999.0 -9999.0 -9999.0 -9999.0 -9999.0 -9999.0 -9999.0 -9999.0 -9999.0 -9999.0 -9999.0 -9999.0
-9999.0 -9999.0 -9999.0 -9999.0 -9999.0 -9999.0 -9999.0 -9999.0 -9999.0 -9999.0 -9999.0 -9999.0 -9999.0 -9999.0 -9999.0 -9999.0 -9999.0 -9999.0 -9999.0 -9999.0 -9999.0 -9999.0 -9999.0 -9999.0 -9999.0 -9999.0 -9999.0 -9999.0 -9999.0 -9999.0 -9999.0 -9999.0 -9999.0 -9999.0 -9999.0 -9999.0 -9999.0 -9999.0 -9999.0 -9999.0 -9999.0 -9999.0 -9999.0 -9999.0 -9999.0 -9999.0 -9999.0 -9999.0 -9999.0 -9999.0 -9999.0 -9999.0 -9999.0 -9999.0 -9999.0 -9999.0 -9999.0 -9999.0 -9999.0 -9999.0 -9999.0 -9999.0 -9999.0 -9999.0 -9999.0 -9999.0 -9999.0 -9999.0 -9999.0 -9999.0 -9999.0 -9999.0 -9999.0 -9999.0 -9999.0 -9999.0 -9999.0 -9999.0 -9999.0 -9999.0 -9999.0 -9999.0 -9999.0 -9999.0 -9999.0 -9999.0 -9999.0 -9999.0 -9999.0 -9999.0 -9999.0 -9999.0 -9999.0 -9999.0 -9999.0 -9999.0 -9999.0 -9999.0 -9999.0 -9999.0 -9999.0 -9999.0 -9999.0 -9999.0
-9999.0 -9999.0 178.024751 83.867099 -13.023458 -110.691978 -208.658438 -306.731626 -404.805282 -502.802233 -600.579909 -697.762421 -794.555325 -890.683169 -986.521193 -1082.661143 -1177.113709 -1269.613579 -1359.711461 -1445.653249 -1522.928429 -1587.263683 -1637.140846 -1673.764005 -1699.698520 -1717.671277 -1729.976839 -1738.338227 -1743.981366 -1747.761797 -1750.274539 -1751.932099 -1753.018392 -1753.726649 -1754.186998 -1754.488043 -1754.697399 -1754.900321 -1755.375760 -1757.407991 -1764.511937 -1752.718084 -1101.877301 -1108.693728 -1094.943888 -1086.159205 -1082.047257 -1081.445950 -1081.383081 -1081.390529 -1081.408303 -1081.427347 -1081.445642 -1081.462579 -1081.478262 -1081.496159 -1081.549472 -1081.906558 -1084.086778 -1088.973535 -1096.145177 -1079.612546 -1729.575386 -1759.004956 -1756.236959 -1755.316644 -1755.152358 -1755.126546 -1755.123110 -1755.123354 -1755.124109 -1755.124799 -1755.125344 -1755.125760 -1755.126078 -1755.126325 -1755.126520 -1755.126678 -1755.126811 -1755.126928 -1755.127044 -1755.127172 -1755.127335 -1755.127560 -1755.127894 -1755.128408 -1755.129217 -1755.130512 -1755.132620 -1755.136112 -1755.142022 -1755.152295 -1755.170682 -1755.204580 -1755.268813 -1755.393570 -1755.642325 -1756.156621 -1757.279193 -1759.923155 -1766.887643 -1789.095605 -9999.0 -9999.0
-9999.0 -9999.0 178.035001 83.869202 -13.022923 -110.691822 -208.658389 -306.731609 -404.805276 -502.802231 -600.579908 -697.762420 -794.555325 -890.683169 -986.521193 -1082.661143 -1177.113709 -1269.613579 -1359.711462 -1445.653249 -1522.928429 -1587.263683 -1637.140847 -1673.764005 -1699.698520 -1717.671277 -1729.976839 -1738.338227 -1743.981366 -1747.761797 -1750.274539 -1751.932099 -1753.018392 -1753.726649 -1754.186998 -1754.488043 -1754.697399 -1754.900321 -1755.375760 -1757.407991 -1764.511937 -1752.718084 -1101.877301 -1108.693728 -1094.943888 -1086.159205 -1082.047257 -1081.445950 -1081.383081 -1081.390529 -1081.408303 -1081.427347 -1081.445642 -1081.462579 -1081.478262 -1081.496159 -1081.549472 -1081.906558 -1084.086778 -1088.973535 -1096.145177 -1079.612546 -1729.575386 -1759.004956 -1756.236959 -1755.316644 -1755.152358 -1755.126546 -1755.123110 -1755.123354 -1755.124109 -1755.124799 -1755.125344 -1755.125760 -1755.126078 -1755.126325 -1755.126520 -1755.126678 -1755.126811 -1755.126928 -1755.127044 -1755.127172 -1755.127335 -1755.127560 -1755.127894 -1755.128408 -1755.129217 -1755.130512 -1755.132620 -1755.136112 -1755.142022 -1755.152295 -1755.170682 -1755.204580 -1755.268813 -1755.393570 -1755.642325 -1756.156621 -1757.279193 -1759.923155 -1766.887643 -1789.095605 -9999.0 -9999.0
-9999.0 -9999.0 178.036446 83.870058 -13.022584 -110.691699 -208.658346 -306.731594 -404.805270 -502.802229 -600.579907 -697.762420 -794.555325 -890.683169 -986.521193 -1082.661143 -1177.113709 -1269.613579 -1359.711462 -1445.653249 -1522.928429 -1587.263683 -1637.140847 -1673.764005 -1699.698521 -1717.671277 -1729.976839 -1738.338227 -1743.981366 -1747.761797 -1750.274539 -1751.932099 -1753.018392 -1753.726649 -1754.186998 -1754.488043 -1754.697399 -1754.900321 -1755.375760 -1757.407991 -1764.511937 -1752.718084 -1101.877301 -1108.693728 -1094.943888 -1086.159205 -1082.047257 -1081.445950 -1081.383081 -1081.390529 -1081.408303 -1081.427347 -1081.445642 -1081.462579 -1081.478262 -1081.496159 -1081.549472 -1081.906558 -1084.086778 -1088.973535 -1096.145177 -1079.612546 -1729.575386 -1759.004956 -1756.236959 -1755.316644 -1755.152358 -1755.126546 -1755.123110 -1755.123354 -1755.124109 -1755.124799 -1755.125344 -1755.125760 -1755.126078 -1755.126325 -1755.126520 -1755.126678 -1755.126811 -1755.126928 -1755.127044 -1755.127172 -1755.127335 -1755.127560 -1755.127894 -1755.128408 -1755.129217 -1755.130512 -1755.132620 -1755.136112 -1755.142022 -1755.152295 -1755.170682 -1755.204580 -1755.268813 -1755.393570 -1755.642325 -1756.156621 -1757.279193 -1759.923155 -1766.887643 -1789.095605 -9999.0 -9999.0
-9999.0 -9999.0 178.036446 83.870058 -13.022584 -110.691700 -208.658345 -306.731594 -404.805270 -502.802229 -600.579908 -697.762420 -794.555325 -890.683169 -986.521193 -1082.661143 -1177.113709 -1269.613579 -1359.711462 -1445.653249 -1522.928429 -1587.263683 -1637.140847 -1673.764005 -1699.698521 -1717.671277 -1729.976839 -1738.338227 -1743.981366 -1747.761797 -1750.274539 -1751.932099 -1753.018392 -1753.726649 -1754.186998 -1754.488043 -1754.697399 -1754.900321 -1755.375760 -1757.407991 -1764.511937 -1752.718084 -1101.877301 -1108.693728 -1094.943888 -1086.159205 -1082.047257 -1081.445950 -1081.383081 -1081.390529 -1081.408303 -1081.427347 -1081.445642 -1081.462579 -1081.478262 -1081.496159 -1081.549472 -1081.906558 -1084.086778 -1088.973535 -1096.145177 -1079.612546 -1729.575386 -1759.004956 -1756.236959 -1755.316644 -1755.152358 -1755.126546 -1755.123110 -1755.123354 -1755.124109 -1755.124799 -1755.125344 -1755.125760 -1755.126078 -1755.126325 -1755.126520 -1755.126678 -1755.126811 -1755.126928 -1755.127044 -1755.127172 -1755.127335 -1755.127560 -1755.127894 -1755.128408 -1755.129217 -1755.130512 -1755.132620 -1755.136112 -1755.142022 -1755.152295 -1755.170682 -1755.204580 -1755.268813 -1755.393570 -1755.642325 -1756.156621 -1757.279193 -1759.923155 -1766.887643 -1789.095605 -9999.0 -9999.0
-9999.0 -9999.0 178.035001 83.869203 -13.022923 -110.691822 -208.658389 -306.731609 -404.805276 -502.802231 -600.579908 -697.762421 -794.555325 -890.683169 -986.521193 -1082.661143 -1177.113709 -1269.613579 -1359.711462 -1445.653249 -1522.928429 -1587.263683 -1637.140847 -1673.764005 -1699.698520 -1717.671277 -1729.976839 -1738.338227 -1743.981366 -1747.761797 -1750.274539 -1751.932099 -1753.018392 -1753.726649 -1754.186998 -1754.488043 -1754.697399 -1754.900321 -1755.375760 -1757.407991 -1764.511937 -1752.718084 -1101.877301 -1108.693728 -1094.943888 -1086.159205 -1082.047257 -1081.445950 -1081.383081 -1081.390529 -1081.408303 -1081.427347 -1081.445642 -1081.462579 -1081.478262 -1081.496159 -1081.549472 -1081.906558 -1084.086778 -1088.973535 -1096.145177 -1079.612546 -1729.575386 -1759.004956 -1756.236959 -1755.316644 -1755.152358 -1755.126546 -1755.123110 -1755.123354 -1755.124109 -1755.124799 -1755.125344 -1755.125760 -1755.126078 -1755.126325 -1755.126520 -1755.126678 -1755.126811 -1755.126928 -1755.127044 -1755.127172 -1755.127335 -1755.127560 -1755.127894 -1755.128408 -1755.129217 -1755.130512 -1755.132620 -1755.136112 -1755.142022 -1755.152295 -1755.170682 -1755.204580 -1755.268813 -1755.393570 -1755.642325 -1756.156621 -1757.279193 -1759.923155 -1766.887643 -1789.095605 -9999.0 -9999.0
-9999.0 -9999.0 178.024751 83.867099 -13.023458 -110.691978 -208.658438 -306.731626 -404.805282 -502.802233 -600.579909 -697.762421 -794.555325 -890.683169 -986.521193 -1082.661143 -1177.113709 -1269.613579 -1359.711461 -1445.653249 -1522.928429 -1587.263683 -1637.140846 -1673.764005 -1699.698520 -1717.671277 -1729.976839 -1738.338227 -1743.981366 -1747.761797 -1750.274539 -1751.932099 -1753.018392 -1753.726649 -1754.186998 -1754.488043 -1754.697399 -1754.900321 -1755.375760 -1757.407991 -1764.511937 -1752.718084 -1101.877301 -1108.693728 -1094.943888 -1086.159205 -1082.047257 -1081.445950 -1081.383081 -1081.390529 -1081.408303 -1081.427347 -1081.445642 -1081.462579 -1081.478262 -1081.496159 -1081.549472 -1081.906558 -1084.086778 -1088.973535 -1096.145177 -1079.612546 -1729.575386 -1759.004956 -1756.236959 -1755.316644 -1755.152358 -1755.126546 -1755.123110 -1755.123354 -1755.124109 -1755.124799 -1755.125344 -1755.125760 -1755.126078 -1755.126325 -1755.126520 -1755.126678 -1755.126811 -1755.126928 -1755.127044 -1755.127172 -1755.127335 -1755.127560 -1755.127894 -1755.128408 -1755.129217 -1755.130512 -1755.132620 -1755.136112 -1755.142022 -1755.152295 -1755.170682 -1755.204580 -1755.268813 -1755.393570 -1755.642325 -1756.156621 -1757.279193 -1759.923155 -1766.887643 -1789.095605 -9999.0 -9999.0
-9999.0 -9999.0 -9999.0 -9999.0 -9999.0 -9999.0 -9999.0 -9999.0 -9999.0 -9999.0 -9999.0 -9999.0 -9999.0 -9999.0 -9999.0 -9999.0 -9999.0 -9999.0 -9999.0 -9999.0 -9999.0 -9999.0 -9999.0 -9999.0 -9999.0 -9999.0 -9999.0 -9999.0 -9999.0 -9999.0 -9999.0 -9999.0 -9999.0 -9999.0 -9999.0 -9999.0 -9999.0 -9999.0 -9999.0 -9999.0 -9999.0 -9999.0 -9999.0 -9999.0 -9999.0 -9999.0 -9999.0 -9999.0 -9999.0 -9999.0 -9999.0 -9999.0 -9999.0 -9999.0 -9999.0 -9999.0 -9999.0 -9999.0 -9999.0 -9999.0 -9999.0 -9999.0 -9999.0 -9999.0 -9999.0 -9999.0 -9999.0 -9999.0 -9999.0 -9999.0 -9999.0 -9999.0 -9999.0 -9999.0 -9999.0 -9999.0 -9999.0 -9999.0 -9999.0 -9999.0 -9999.0 -9999.0 -9999.0 -9999.0 -9999.0 -9999.0 -9999.0 -9999.0 -9999.0 -9999.0 -9999.0 -9999.0 -9999.0 -9999.0 -9999.0 -9999.0 -9999.0 -9999.0 -9999.0 -9999.0 -9999.0 -9999.0 -9999.0 -9999.0
-9999.0 -9999.0 -9999.0 -9999.0 -9999.0 -9999.0 -9999.0 -9999.0 -9999.0 -9999.0 -9999.0 -9999.0 -9999.0 -9999.0 -9999.0 -9999.0 -9999.0 -9999.0 -9999.0 -9999.0 -9999.0 -9999.0 -9999.0 -9999.0 -9999.0 -9999.0 -9999.0 -9999.0 -9999.0 -9999.0 -9999.0 -9999.0 -9999.0 -9999.0 -9999.0 -9999.0 -9999.0 -9999.0 -9999.0 -9999.0 -9999.0 -9999.0 -9999.0 -9999.0 -9999.0 -9999.0 -9999.0 -9999.0 -9999.0 -9999.0 -9999.0 -9999.0 -9999.0 -9999.0 -9999.0 -9999.0 -9999.0 -9999.0 -9999.0 -9999.0 -9999.0 -9999.0 -9999.0 -9999.0 -9999.0 -9999.0 -9999.0 -9999.0 -9999.0 -9999.0 -9999.0 -9999.0 -9999.0 -9999.0 -9999.0 -9999.0 -9999.0 -9999.0 -9999.0 -9999.0 -9999.0 -9999.0 -9999.0 -9999.0 -9999.0 -9999.0 -9999.0 -9999.0 -9999.0 -9999.0 -9999.0 -9999.0 -9999.0 -9999.0 -9999.0 -9999.0 -9999.0 -9999.0 -9999.0 -9999.0 -9999.0 -9999.0 -9999.0 -9999.0