inst/processing_geotop_simulation/geotop_simulation/out/maps3D/PwL0013N0117.asc
ncols         104
nrows         10
xllcorner     -2.000000
yllcorner     0.000000
cellsize      1.000000
NODATA_value  -9999.0
-9999.0 -9999.0 -9999.0 -9999.0 -9999.0 -9999.0 -9999.0 -9999.0 -9999.0 -9999.0 -9999.0 -9999.0 -9999.0 -9999.0 -9999.0 -9999.0 -9999.0 -9999.0 -9999.0 -9999.0 -9999.0 -9999.0 -9999.0 -9999.0 -9999.0 -9999.0 -9999.0 -9999.0 -9999.0 -9999.0 -9999.0 -9999.0 -9999.0 -9999.0 -9999.0 -9999.0 -9999.0 -9999.0 -9999.0 -9999.0 -9999.0 -9999.0 -9999.0 -9999.0 -9999.0 -9999.0 -9999.0 -9999.0 -9999.0 -9999.0 -9999.0 -9999.0 -9999.0 -9999.0 -9999.0 -9999.0 -9999.0 -9999.0 -9999.0 -9999.0 -9999.0 -9999.0 -9999.0 -9999.0 -9999.0 -9999.0 -9999.0 -9999.0 -9999.0 -9999.0 -9999.0 -9999.0 -9999.0 -9999.0 -9999.0 -9999.0 -9999.0 -9999.0 -9999.0 -9999.0 -9999.0 -9999.0 -9999.0 -9999.0 -9999.0 -9999.0 -9999.0 -9999.0 -9999.0 -9999.0 -9999.0 -9999.0 -9999.0 -9999.0 -9999.0 -9999.0 -9999.0 -9999.0 -9999.0 -9999.0 -9999.0 -9999.0 -9999.0 -9999.0
-9999.0 -9999.0 -9999.0 -9999.0 -9999.0 -9999.0 -9999.0 -9999.0 -9999.0 -9999.0 -9999.0 -9999.0 -9999.0 -9999.0 -9999.0 -9999.0 -9999.0 -9999.0 -9999.0 -9999.0 -9999.0 -9999.0 -9999.0 -9999.0 -9999.0 -9999.0 -9999.0 -9999.0 -9999.0 -9999.0 -9999.0 -9999.0 -9999.0 -9999.0 -9999.0 -9999.0 -9999.0 -9999.0 -9999.0 -9999.0 -9999.0 -9999.0 -9999.0 -9999.0 -9999.0 -9999.0 -9999.0 -9999.0 -9999.0 -9999.0 -9999.0 -9999.0 -9999.0 -9999.0 -9999.0 -9999.0 -9999.0 -9999.0 -9999.0 -9999.0 -9999.0 -9999.0 -9999.0 -9999.0 -9999.0 -9999.0 -9999.0 -9999.0 -9999.0 -9999.0 -9999.0 -9999.0 -9999.0 -9999.0 -9999.0 -9999.0 -9999.0 -9999.0 -9999.0 -9999.0 -9999.0 -9999.0 -9999.0 -9999.0 -9999.0 -9999.0 -9999.0 -9999.0 -9999.0 -9999.0 -9999.0 -9999.0 -9999.0 -9999.0 -9999.0 -9999.0 -9999.0 -9999.0 -9999.0 -9999.0 -9999.0 -9999.0 -9999.0 -9999.0
-9999.0 -9999.0 639.701109 549.905093 457.689066 363.978950 269.584720 174.896743 80.107687 -14.672304 -109.379149 -204.001090 -298.571849 -393.416050 -489.117764 -586.144205 -685.176080 -780.425618 -873.677163 -964.097152 -1047.680381 -1112.013929 -1156.114435 -1183.571460 -1199.609314 -1208.720973 -1213.930404 -1217.003036 -1218.892676 -1220.102061 -1220.902527 -1221.446124 -1221.822342 -1222.085996 -1222.271851 -1222.404706 -1222.510816 -1222.635097 -1222.921273 -1224.453381 -1234.979110 -1314.042556 -2090.068113 -4318.063863 -4331.679028 -4331.673599 -4331.668122 -4331.667262 -4331.667173 -4331.667181 -4331.667202 -4331.667224 -4331.667246 -4331.667266 -4331.667284 -4331.667305 -4331.667369 -4331.667831 -4331.670975 -4331.675132 -4310.070408 -1976.099435 -1286.488116 -1230.782200 -1223.845447 -1222.979979 -1222.859807 -1222.840840 -1222.838918 -1222.840079 -1222.841551 -1222.842789 -1222.843744 -1222.844467 -1222.845019 -1222.845447 -1222.845786 -1222.846059 -1222.846285 -1222.846485 -1222.846679 -1222.846893 -1222.847161 -1222.847531 -1222.848078 -1222.848916 -1222.850233 -1222.852336 -1222.855740 -1222.861342 -1222.870748 -1222.886939 -1222.915625 -1222.968011 -1223.066408 -1223.255686 -1223.627629 -1224.378594 -1225.964956 -1229.549357 -1238.308966 -1262.471571 -9999.0 -9999.0
-9999.0 -9999.0 639.706754 549.906870 457.689589 363.979112 269.584772 174.896761 80.107693 -14.672302 -109.379148 -204.001089 -298.571849 -393.416050 -489.117764 -586.144205 -685.176080 -780.425618 -873.677164 -964.097153 -1047.680381 -1112.013929 -1156.114435 -1183.571460 -1199.609314 -1208.720973 -1213.930404 -1217.003036 -1218.892676 -1220.102061 -1220.902527 -1221.446124 -1221.822342 -1222.085996 -1222.271851 -1222.404706 -1222.510816 -1222.635097 -1222.921273 -1224.453381 -1234.979110 -1314.042556 -2090.068113 -4318.063863 -4331.679028 -4331.673599 -4331.668122 -4331.667262 -4331.667173 -4331.667181 -4331.667202 -4331.667224 -4331.667246 -4331.667266 -4331.667284 -4331.667305 -4331.667369 -4331.667831 -4331.670975 -4331.675132 -4310.070408 -1976.099435 -1286.488116 -1230.782200 -1223.845447 -1222.979979 -1222.859807 -1222.840840 -1222.838918 -1222.840079 -1222.841551 -1222.842789 -1222.843744 -1222.844467 -1222.845019 -1222.845447 -1222.845786 -1222.846059 -1222.846285 -1222.846485 -1222.846679 -1222.846893 -1222.847161 -1222.847531 -1222.848078 -1222.848916 -1222.850233 -1222.852336 -1222.855740 -1222.861342 -1222.870748 -1222.886939 -1222.915625 -1222.968011 -1223.066408 -1223.255686 -1223.627629 -1224.378594 -1225.964956 -1229.549357 -1238.308966 -1262.471571 -9999.0 -9999.0
-9999.0 -9999.0 639.708359 549.907713 457.689934 363.979241 269.584818 174.896777 80.107699 -14.672300 -109.379147 -204.001089 -298.571849 -393.416050 -489.117764 -586.144205 -685.176080 -780.425618 -873.677164 -964.097153 -1047.680381 -1112.013929 -1156.114435 -1183.571460 -1199.609314 -1208.720973 -1213.930404 -1217.003036 -1218.892676 -1220.102061 -1220.902527 -1221.446124 -1221.822342 -1222.085996 -1222.271851 -1222.404706 -1222.510816 -1222.635097 -1222.921273 -1224.453381 -1234.979110 -1314.042556 -2090.068113 -4318.063863 -4331.679028 -4331.673599 -4331.668122 -4331.667262 -4331.667173 -4331.667181 -4331.667202 -4331.667224 -4331.667246 -4331.667266 -4331.667284 -4331.667305 -4331.667369 -4331.667831 -4331.670975 -4331.675132 -4310.070408 -1976.099435 -1286.488116 -1230.782200 -1223.845447 -1222.979979 -1222.859807 -1222.840840 -1222.838918 -1222.840079 -1222.841551 -1222.842789 -1222.843744 -1222.844467 -1222.845019 -1222.845447 -1222.845786 -1222.846059 -1222.846285 -1222.846485 -1222.846679 -1222.846893 -1222.847161 -1222.847531 -1222.848078 -1222.848916 -1222.850233 -1222.852336 -1222.855740 -1222.861342 -1222.870748 -1222.886939 -1222.915625 -1222.968011 -1223.066408 -1223.255686 -1223.627629 -1224.378594 -1225.964956 -1229.549357 -1238.308966 -1262.471571 -9999.0 -9999.0
-9999.0 -9999.0 639.708359 549.907713 457.689934 363.979241 269.584818 174.896777 80.107699 -14.672300 -109.379147 -204.001089 -298.571849 -393.416050 -489.117764 -586.144205 -685.176080 -780.425618 -873.677164 -964.097153 -1047.680381 -1112.013929 -1156.114435 -1183.571460 -1199.609314 -1208.720973 -1213.930404 -1217.003036 -1218.892676 -1220.102061 -1220.902527 -1221.446124 -1221.822342 -1222.085996 -1222.271851 -1222.404706 -1222.510816 -1222.635097 -1222.921273 -1224.453381 -1234.979110 -1314.042556 -2090.068113 -4318.063863 -4331.679028 -4331.673599 -4331.668122 -4331.667262 -4331.667173 -4331.667181 -4331.667202 -4331.667224 -4331.667246 -4331.667266 -4331.667284 -4331.667305 -4331.667369 -4331.667831 -4331.670975 -4331.675132 -4310.070408 -1976.099435 -1286.488116 -1230.782200 -1223.845447 -1222.979979 -1222.859807 -1222.840840 -1222.838918 -1222.840079 -1222.841551 -1222.842789 -1222.843744 -1222.844467 -1222.845019 -1222.845447 -1222.845786 -1222.846059 -1222.846285 -1222.846485 -1222.846679 -1222.846893 -1222.847161 -1222.847531 -1222.848078 -1222.848916 -1222.850233 -1222.852336 -1222.855740 -1222.861342 -1222.870748 -1222.886939 -1222.915625 -1222.968011 -1223.066408 -1223.255686 -1223.627629 -1224.378594 -1225.964956 -1229.549357 -1238.308966 -1262.471571 -9999.0 -9999.0
-9999.0 -9999.0 639.706754 549.906870 457.689589 363.979112 269.584772 174.896761 80.107693 -14.672302 -109.379148 -204.001089 -298.571849 -393.416050 -489.117764 -586.144205 -685.176080 -780.425618 -873.677164 -964.097152 -1047.680381 -1112.013929 -1156.114435 -1183.571460 -1199.609314 -1208.720973 -1213.930404 -1217.003036 -1218.892676 -1220.102061 -1220.902527 -1221.446124 -1221.822342 -1222.085996 -1222.271851 -1222.404706 -1222.510816 -1222.635097 -1222.921273 -1224.453381 -1234.979110 -1314.042556 -2090.068113 -4318.063863 -4331.679028 -4331.673599 -4331.668122 -4331.667262 -4331.667173 -4331.667181 -4331.667202 -4331.667224 -4331.667246 -4331.667266 -4331.667284 -4331.667305 -4331.667369 -4331.667831 -4331.670975 -4331.675132 -4310.070408 -1976.099435 -1286.488116 -1230.782200 -1223.845447 -1222.979979 -1222.859807 -1222.840840 -1222.838918 -1222.840079 -1222.841551 -1222.842789 -1222.843744 -1222.844467 -1222.845019 -1222.845447 -1222.845786 -1222.846059 -1222.846285 -1222.846485 -1222.846679 -1222.846893 -1222.847161 -1222.847531 -1222.848078 -1222.848916 -1222.850233 -1222.852336 -1222.855740 -1222.861342 -1222.870748 -1222.886939 -1222.915625 -1222.968011 -1223.066408 -1223.255686 -1223.627629 -1224.378594 -1225.964956 -1229.549357 -1238.308966 -1262.471571 -9999.0 -9999.0
-9999.0 -9999.0 639.701109 549.905093 457.689066 363.978950 269.584720 174.896743 80.107687 -14.672304 -109.379149 -204.001090 -298.571849 -393.416050 -489.117764 -586.144205 -685.176080 -780.425618 -873.677163 -964.097152 -1047.680381 -1112.013929 -1156.114435 -1183.571460 -1199.609314 -1208.720973 -1213.930404 -1217.003036 -1218.892676 -1220.102061 -1220.902527 -1221.446124 -1221.822342 -1222.085996 -1222.271851 -1222.404706 -1222.510816 -1222.635097 -1222.921273 -1224.453381 -1234.979110 -1314.042556 -2090.068113 -4318.063863 -4331.679028 -4331.673599 -4331.668122 -4331.667262 -4331.667173 -4331.667181 -4331.667202 -4331.667224 -4331.667246 -4331.667266 -4331.667284 -4331.667305 -4331.667369 -4331.667831 -4331.670975 -4331.675132 -4310.070408 -1976.099435 -1286.488116 -1230.782200 -1223.845447 -1222.979979 -1222.859807 -1222.840840 -1222.838918 -1222.840079 -1222.841551 -1222.842789 -1222.843744 -1222.844467 -1222.845019 -1222.845447 -1222.845786 -1222.846059 -1222.846285 -1222.846485 -1222.846679 -1222.846893 -1222.847161 -1222.847531 -1222.848078 -1222.848916 -1222.850233 -1222.852336 -1222.855740 -1222.861342 -1222.870748 -1222.886939 -1222.915625 -1222.968011 -1223.066408 -1223.255686 -1223.627629 -1224.378594 -1225.964956 -1229.549357 -1238.308966 -1262.471571 -9999.0 -9999.0
-9999.0 -9999.0 -9999.0 -9999.0 -9999.0 -9999.0 -9999.0 -9999.0 -9999.0 -9999.0 -9999.0 -9999.0 -9999.0 -9999.0 -9999.0 -9999.0 -9999.0 -9999.0 -9999.0 -9999.0 -9999.0 -9999.0 -9999.0 -9999.0 -9999.0 -9999.0 -9999.0 -9999.0 -9999.0 -9999.0 -9999.0 -9999.0 -9999.0 -9999.0 -9999.0 -9999.0 -9999.0 -9999.0 -9999.0 -9999.0 -9999.0 -9999.0 -9999.0 -9999.0 -9999.0 -9999.0 -9999.0 -9999.0 -9999.0 -9999.0 -9999.0 -9999.0 -9999.0 -9999.0 -9999.0 -9999.0 -9999.0 -9999.0 -9999.0 -9999.0 -9999.0 -9999.0 -9999.0 -9999.0 -9999.0 -9999.0 -9999.0 -9999.0 -9999.0 -9999.0 -9999.0 -9999.0 -9999.0 -9999.0 -9999.0 -9999.0 -9999.0 -9999.0 -9999.0 -9999.0 -9999.0 -9999.0 -9999.0 -9999.0 -9999.0 -9999.0 -9999.0 -9999.0 -9999.0 -9999.0 -9999.0 -9999.0 -9999.0 -9999.0 -9999.0 -9999.0 -9999.0 -9999.0 -9999.0 -9999.0 -9999.0 -9999.0 -9999.0 -9999.0
-9999.0 -9999.0 -9999.0 -9999.0 -9999.0 -9999.0 -9999.0 -9999.0 -9999.0 -9999.0 -9999.0 -9999.0 -9999.0 -9999.0 -9999.0 -9999.0 -9999.0 -9999.0 -9999.0 -9999.0 -9999.0 -9999.0 -9999.0 -9999.0 -9999.0 -9999.0 -9999.0 -9999.0 -9999.0 -9999.0 -9999.0 -9999.0 -9999.0 -9999.0 -9999.0 -9999.0 -9999.0 -9999.0 -9999.0 -9999.0 -9999.0 -9999.0 -9999.0 -9999.0 -9999.0 -9999.0 -9999.0 -9999.0 -9999.0 -9999.0 -9999.0 -9999.0 -9999.0 -9999.0 -9999.0 -9999.0 -9999.0 -9999.0 -9999.0 -9999.0 -9999.0 -9999.0 -9999.0 -9999.0 -9999.0 -9999.0 -9999.0 -9999.0 -9999.0 -9999.0 -9999.0 -9999.0 -9999.0 -9999.0 -9999.0 -9999.0 -9999.0 -9999.0 -9999.0 -9999.0 -9999.0 -9999.0 -9999.0 -9999.0 -9999.0 -9999.0 -9999.0 -9999.0 -9999.0 -9999.0 -9999.0 -9999.0 -9999.0 -9999.0 -9999.0 -9999.0 -9999.0 -9999.0 -9999.0 -9999.0 -9999.0 -9999.0 -9999.0 -9999.0