inst/processing_geotop_simulation/geotop_simulation/out/maps3D/PwL0000N0452.asc
ncols         104
nrows         10
xllcorner     -2.000000
yllcorner     0.000000
cellsize      1.000000
NODATA_value  -9999.0
-9999.0 -9999.0 -9999.0 -9999.0 -9999.0 -9999.0 -9999.0 -9999.0 -9999.0 -9999.0 -9999.0 -9999.0 -9999.0 -9999.0 -9999.0 -9999.0 -9999.0 -9999.0 -9999.0 -9999.0 -9999.0 -9999.0 -9999.0 -9999.0 -9999.0 -9999.0 -9999.0 -9999.0 -9999.0 -9999.0 -9999.0 -9999.0 -9999.0 -9999.0 -9999.0 -9999.0 -9999.0 -9999.0 -9999.0 -9999.0 -9999.0 -9999.0 -9999.0 -9999.0 -9999.0 -9999.0 -9999.0 -9999.0 -9999.0 -9999.0 -9999.0 -9999.0 -9999.0 -9999.0 -9999.0 -9999.0 -9999.0 -9999.0 -9999.0 -9999.0 -9999.0 -9999.0 -9999.0 -9999.0 -9999.0 -9999.0 -9999.0 -9999.0 -9999.0 -9999.0 -9999.0 -9999.0 -9999.0 -9999.0 -9999.0 -9999.0 -9999.0 -9999.0 -9999.0 -9999.0 -9999.0 -9999.0 -9999.0 -9999.0 -9999.0 -9999.0 -9999.0 -9999.0 -9999.0 -9999.0 -9999.0 -9999.0 -9999.0 -9999.0 -9999.0 -9999.0 -9999.0 -9999.0 -9999.0 -9999.0 -9999.0 -9999.0 -9999.0 -9999.0
-9999.0 -9999.0 -9999.0 -9999.0 -9999.0 -9999.0 -9999.0 -9999.0 -9999.0 -9999.0 -9999.0 -9999.0 -9999.0 -9999.0 -9999.0 -9999.0 -9999.0 -9999.0 -9999.0 -9999.0 -9999.0 -9999.0 -9999.0 -9999.0 -9999.0 -9999.0 -9999.0 -9999.0 -9999.0 -9999.0 -9999.0 -9999.0 -9999.0 -9999.0 -9999.0 -9999.0 -9999.0 -9999.0 -9999.0 -9999.0 -9999.0 -9999.0 -9999.0 -9999.0 -9999.0 -9999.0 -9999.0 -9999.0 -9999.0 -9999.0 -9999.0 -9999.0 -9999.0 -9999.0 -9999.0 -9999.0 -9999.0 -9999.0 -9999.0 -9999.0 -9999.0 -9999.0 -9999.0 -9999.0 -9999.0 -9999.0 -9999.0 -9999.0 -9999.0 -9999.0 -9999.0 -9999.0 -9999.0 -9999.0 -9999.0 -9999.0 -9999.0 -9999.0 -9999.0 -9999.0 -9999.0 -9999.0 -9999.0 -9999.0 -9999.0 -9999.0 -9999.0 -9999.0 -9999.0 -9999.0 -9999.0 -9999.0 -9999.0 -9999.0 -9999.0 -9999.0 -9999.0 -9999.0 -9999.0 -9999.0 -9999.0 -9999.0 -9999.0 -9999.0
-9999.0 -9999.0 0.026893 -96.801639 -195.849564 -295.145008 -394.530841 -493.949437 -593.371710 -692.775465 -792.131583 -891.420272 -990.623290 -1089.717976 -1188.780937 -1287.789418 -1386.558393 -1484.938019 -1582.638776 -1679.060481 -1772.992030 -1862.235480 -1943.709813 -2014.466465 -2072.860355 -2118.928023 -2153.971091 -2179.887350 -2198.645125 -2211.997526 -2221.378992 -2227.902725 -2232.402225 -2235.485721 -2237.589151 -2239.023602 -2240.023549 -2240.830284 -2241.907516 -2244.100875 -2242.969725 -2165.825938 -1340.618301 -1336.350977 -1326.606818 -1320.123147 -1317.067763 -1316.577304 -1316.523036 -1316.527330 -1316.540041 -1316.553790 -1316.567017 -1316.579276 -1316.590720 -1316.604603 -1316.650602 -1316.950632 -1318.600116 -1322.216195 -1326.918006 -1324.112054 -2141.253228 -2237.397207 -2242.746933 -2242.327087 -2242.120040 -2242.074599 -2242.066816 -2242.065964 -2242.066237 -2242.066619 -2242.066945 -2242.067203 -2242.067407 -2242.067569 -2242.067701 -2242.067812 -2242.067909 -2242.067998 -2242.068088 -2242.068187 -2242.068309 -2242.068473 -2242.068708 -2242.069059 -2242.069604 -2242.070468 -2242.071872 -2242.074206 -2242.078195 -2242.085214 -2242.097955 -2242.121808 -2242.167832 -2242.259556 -2242.449885 -2242.866818 -2243.847690 -2246.377471 -2253.718635 -2278.244154 -9999.0 -9999.0
-9999.0 -9999.0 0.080100 -96.799833 -195.849113 -295.144876 -394.530799 -493.949422 -593.371705 -692.775463 -792.131582 -891.420271 -990.623289 -1089.717976 -1188.780937 -1287.789418 -1386.558393 -1484.938019 -1582.638777 -1679.060482 -1772.992030 -1862.235481 -1943.709813 -2014.466465 -2072.860355 -2118.928023 -2153.971091 -2179.887350 -2198.645125 -2211.997526 -2221.378992 -2227.902725 -2232.402225 -2235.485721 -2237.589151 -2239.023602 -2240.023549 -2240.830284 -2241.907516 -2244.100875 -2242.969725 -2165.825938 -1340.618301 -1336.350977 -1326.606818 -1320.123147 -1317.067763 -1316.577304 -1316.523036 -1316.527330 -1316.540041 -1316.553790 -1316.567017 -1316.579276 -1316.590720 -1316.604603 -1316.650602 -1316.950632 -1318.600116 -1322.216195 -1326.918006 -1324.112055 -2141.253228 -2237.397207 -2242.746933 -2242.327087 -2242.120040 -2242.074599 -2242.066816 -2242.065964 -2242.066237 -2242.066619 -2242.066945 -2242.067203 -2242.067407 -2242.067569 -2242.067701 -2242.067812 -2242.067909 -2242.067998 -2242.068088 -2242.068187 -2242.068309 -2242.068473 -2242.068708 -2242.069059 -2242.069604 -2242.070468 -2242.071872 -2242.074206 -2242.078195 -2242.085214 -2242.097955 -2242.121808 -2242.167832 -2242.259556 -2242.449885 -2242.866818 -2243.847690 -2246.377471 -2253.718635 -2278.244154 -9999.0 -9999.0
-9999.0 -9999.0 0.080120 -96.799109 -195.848829 -295.144773 -394.530763 -493.949409 -593.371700 -692.775461 -792.131582 -891.420271 -990.623289 -1089.717976 -1188.780937 -1287.789418 -1386.558393 -1484.938020 -1582.638777 -1679.060482 -1772.992030 -1862.235481 -1943.709813 -2014.466465 -2072.860355 -2118.928023 -2153.971091 -2179.887350 -2198.645125 -2211.997526 -2221.378992 -2227.902725 -2232.402225 -2235.485721 -2237.589151 -2239.023602 -2240.023549 -2240.830284 -2241.907516 -2244.100875 -2242.969725 -2165.825938 -1340.618301 -1336.350977 -1326.606818 -1320.123147 -1317.067763 -1316.577304 -1316.523036 -1316.527330 -1316.540041 -1316.553790 -1316.567017 -1316.579276 -1316.590720 -1316.604603 -1316.650602 -1316.950632 -1318.600116 -1322.216195 -1326.918006 -1324.112055 -2141.253228 -2237.397207 -2242.746933 -2242.327087 -2242.120040 -2242.074599 -2242.066816 -2242.065964 -2242.066237 -2242.066619 -2242.066945 -2242.067203 -2242.067407 -2242.067569 -2242.067701 -2242.067812 -2242.067909 -2242.067998 -2242.068088 -2242.068187 -2242.068309 -2242.068473 -2242.068708 -2242.069059 -2242.069604 -2242.070468 -2242.071872 -2242.074206 -2242.078195 -2242.085214 -2242.097955 -2242.121808 -2242.167832 -2242.259556 -2242.449885 -2242.866818 -2243.847690 -2246.377471 -2253.718635 -2278.244154 -9999.0 -9999.0
-9999.0 -9999.0 0.080120 -96.799109 -195.848829 -295.144773 -394.530763 -493.949409 -593.371700 -692.775461 -792.131581 -891.420271 -990.623289 -1089.717976 -1188.780937 -1287.789418 -1386.558393 -1484.938020 -1582.638777 -1679.060482 -1772.992030 -1862.235481 -1943.709813 -2014.466465 -2072.860355 -2118.928023 -2153.971091 -2179.887350 -2198.645125 -2211.997526 -2221.378992 -2227.902725 -2232.402225 -2235.485721 -2237.589151 -2239.023602 -2240.023549 -2240.830284 -2241.907516 -2244.100875 -2242.969725 -2165.825938 -1340.618301 -1336.350977 -1326.606818 -1320.123147 -1317.067763 -1316.577304 -1316.523036 -1316.527330 -1316.540041 -1316.553790 -1316.567017 -1316.579276 -1316.590720 -1316.604603 -1316.650602 -1316.950632 -1318.600116 -1322.216195 -1326.918006 -1324.112055 -2141.253228 -2237.397207 -2242.746933 -2242.327087 -2242.120040 -2242.074599 -2242.066816 -2242.065964 -2242.066237 -2242.066619 -2242.066945 -2242.067203 -2242.067407 -2242.067569 -2242.067701 -2242.067812 -2242.067909 -2242.067998 -2242.068088 -2242.068187 -2242.068309 -2242.068473 -2242.068708 -2242.069059 -2242.069604 -2242.070468 -2242.071872 -2242.074206 -2242.078195 -2242.085214 -2242.097955 -2242.121808 -2242.167832 -2242.259556 -2242.449885 -2242.866818 -2243.847690 -2246.377471 -2253.718635 -2278.244154 -9999.0 -9999.0
-9999.0 -9999.0 0.080100 -96.799833 -195.849113 -295.144876 -394.530799 -493.949422 -593.371705 -692.775463 -792.131582 -891.420271 -990.623289 -1089.717976 -1188.780937 -1287.789418 -1386.558393 -1484.938019 -1582.638777 -1679.060482 -1772.992030 -1862.235481 -1943.709813 -2014.466465 -2072.860355 -2118.928023 -2153.971091 -2179.887350 -2198.645125 -2211.997526 -2221.378992 -2227.902725 -2232.402225 -2235.485721 -2237.589151 -2239.023602 -2240.023549 -2240.830284 -2241.907516 -2244.100875 -2242.969725 -2165.825938 -1340.618301 -1336.350977 -1326.606818 -1320.123147 -1317.067763 -1316.577304 -1316.523036 -1316.527330 -1316.540041 -1316.553790 -1316.567017 -1316.579276 -1316.590720 -1316.604603 -1316.650602 -1316.950632 -1318.600116 -1322.216195 -1326.918006 -1324.112055 -2141.253228 -2237.397207 -2242.746933 -2242.327087 -2242.120040 -2242.074599 -2242.066816 -2242.065964 -2242.066237 -2242.066619 -2242.066945 -2242.067203 -2242.067407 -2242.067569 -2242.067701 -2242.067812 -2242.067909 -2242.067998 -2242.068088 -2242.068187 -2242.068309 -2242.068473 -2242.068708 -2242.069059 -2242.069604 -2242.070468 -2242.071872 -2242.074206 -2242.078195 -2242.085214 -2242.097955 -2242.121808 -2242.167832 -2242.259556 -2242.449885 -2242.866818 -2243.847690 -2246.377471 -2253.718635 -2278.244154 -9999.0 -9999.0
-9999.0 -9999.0 0.026893 -96.801639 -195.849564 -295.145008 -394.530841 -493.949437 -593.371710 -692.775465 -792.131583 -891.420272 -990.623290 -1089.717976 -1188.780937 -1287.789418 -1386.558393 -1484.938019 -1582.638776 -1679.060481 -1772.992030 -1862.235480 -1943.709813 -2014.466465 -2072.860355 -2118.928023 -2153.971091 -2179.887350 -2198.645125 -2211.997526 -2221.378992 -2227.902725 -2232.402225 -2235.485721 -2237.589151 -2239.023602 -2240.023549 -2240.830284 -2241.907516 -2244.100875 -2242.969725 -2165.825938 -1340.618301 -1336.350977 -1326.606818 -1320.123147 -1317.067763 -1316.577304 -1316.523036 -1316.527330 -1316.540041 -1316.553790 -1316.567017 -1316.579276 -1316.590720 -1316.604603 -1316.650602 -1316.950632 -1318.600116 -1322.216195 -1326.918006 -1324.112054 -2141.253228 -2237.397207 -2242.746933 -2242.327087 -2242.120040 -2242.074599 -2242.066816 -2242.065964 -2242.066237 -2242.066619 -2242.066945 -2242.067203 -2242.067407 -2242.067569 -2242.067701 -2242.067812 -2242.067909 -2242.067998 -2242.068088 -2242.068187 -2242.068309 -2242.068473 -2242.068708 -2242.069059 -2242.069604 -2242.070468 -2242.071872 -2242.074206 -2242.078195 -2242.085214 -2242.097955 -2242.121808 -2242.167832 -2242.259556 -2242.449885 -2242.866818 -2243.847690 -2246.377471 -2253.718635 -2278.244154 -9999.0 -9999.0
-9999.0 -9999.0 -9999.0 -9999.0 -9999.0 -9999.0 -9999.0 -9999.0 -9999.0 -9999.0 -9999.0 -9999.0 -9999.0 -9999.0 -9999.0 -9999.0 -9999.0 -9999.0 -9999.0 -9999.0 -9999.0 -9999.0 -9999.0 -9999.0 -9999.0 -9999.0 -9999.0 -9999.0 -9999.0 -9999.0 -9999.0 -9999.0 -9999.0 -9999.0 -9999.0 -9999.0 -9999.0 -9999.0 -9999.0 -9999.0 -9999.0 -9999.0 -9999.0 -9999.0 -9999.0 -9999.0 -9999.0 -9999.0 -9999.0 -9999.0 -9999.0 -9999.0 -9999.0 -9999.0 -9999.0 -9999.0 -9999.0 -9999.0 -9999.0 -9999.0 -9999.0 -9999.0 -9999.0 -9999.0 -9999.0 -9999.0 -9999.0 -9999.0 -9999.0 -9999.0 -9999.0 -9999.0 -9999.0 -9999.0 -9999.0 -9999.0 -9999.0 -9999.0 -9999.0 -9999.0 -9999.0 -9999.0 -9999.0 -9999.0 -9999.0 -9999.0 -9999.0 -9999.0 -9999.0 -9999.0 -9999.0 -9999.0 -9999.0 -9999.0 -9999.0 -9999.0 -9999.0 -9999.0 -9999.0 -9999.0 -9999.0 -9999.0 -9999.0 -9999.0
-9999.0 -9999.0 -9999.0 -9999.0 -9999.0 -9999.0 -9999.0 -9999.0 -9999.0 -9999.0 -9999.0 -9999.0 -9999.0 -9999.0 -9999.0 -9999.0 -9999.0 -9999.0 -9999.0 -9999.0 -9999.0 -9999.0 -9999.0 -9999.0 -9999.0 -9999.0 -9999.0 -9999.0 -9999.0 -9999.0 -9999.0 -9999.0 -9999.0 -9999.0 -9999.0 -9999.0 -9999.0 -9999.0 -9999.0 -9999.0 -9999.0 -9999.0 -9999.0 -9999.0 -9999.0 -9999.0 -9999.0 -9999.0 -9999.0 -9999.0 -9999.0 -9999.0 -9999.0 -9999.0 -9999.0 -9999.0 -9999.0 -9999.0 -9999.0 -9999.0 -9999.0 -9999.0 -9999.0 -9999.0 -9999.0 -9999.0 -9999.0 -9999.0 -9999.0 -9999.0 -9999.0 -9999.0 -9999.0 -9999.0 -9999.0 -9999.0 -9999.0 -9999.0 -9999.0 -9999.0 -9999.0 -9999.0 -9999.0 -9999.0 -9999.0 -9999.0 -9999.0 -9999.0 -9999.0 -9999.0 -9999.0 -9999.0 -9999.0 -9999.0 -9999.0 -9999.0 -9999.0 -9999.0 -9999.0 -9999.0 -9999.0 -9999.0 -9999.0 -9999.0