inst/processing_geotop_simulation/geotop_simulation/out/maps3D/PwL0012N0188.asc
ncols         104
nrows         10
xllcorner     -2.000000
yllcorner     0.000000
cellsize      1.000000
NODATA_value  -9999.0
-9999.0 -9999.0 -9999.0 -9999.0 -9999.0 -9999.0 -9999.0 -9999.0 -9999.0 -9999.0 -9999.0 -9999.0 -9999.0 -9999.0 -9999.0 -9999.0 -9999.0 -9999.0 -9999.0 -9999.0 -9999.0 -9999.0 -9999.0 -9999.0 -9999.0 -9999.0 -9999.0 -9999.0 -9999.0 -9999.0 -9999.0 -9999.0 -9999.0 -9999.0 -9999.0 -9999.0 -9999.0 -9999.0 -9999.0 -9999.0 -9999.0 -9999.0 -9999.0 -9999.0 -9999.0 -9999.0 -9999.0 -9999.0 -9999.0 -9999.0 -9999.0 -9999.0 -9999.0 -9999.0 -9999.0 -9999.0 -9999.0 -9999.0 -9999.0 -9999.0 -9999.0 -9999.0 -9999.0 -9999.0 -9999.0 -9999.0 -9999.0 -9999.0 -9999.0 -9999.0 -9999.0 -9999.0 -9999.0 -9999.0 -9999.0 -9999.0 -9999.0 -9999.0 -9999.0 -9999.0 -9999.0 -9999.0 -9999.0 -9999.0 -9999.0 -9999.0 -9999.0 -9999.0 -9999.0 -9999.0 -9999.0 -9999.0 -9999.0 -9999.0 -9999.0 -9999.0 -9999.0 -9999.0 -9999.0 -9999.0 -9999.0 -9999.0 -9999.0 -9999.0
-9999.0 -9999.0 -9999.0 -9999.0 -9999.0 -9999.0 -9999.0 -9999.0 -9999.0 -9999.0 -9999.0 -9999.0 -9999.0 -9999.0 -9999.0 -9999.0 -9999.0 -9999.0 -9999.0 -9999.0 -9999.0 -9999.0 -9999.0 -9999.0 -9999.0 -9999.0 -9999.0 -9999.0 -9999.0 -9999.0 -9999.0 -9999.0 -9999.0 -9999.0 -9999.0 -9999.0 -9999.0 -9999.0 -9999.0 -9999.0 -9999.0 -9999.0 -9999.0 -9999.0 -9999.0 -9999.0 -9999.0 -9999.0 -9999.0 -9999.0 -9999.0 -9999.0 -9999.0 -9999.0 -9999.0 -9999.0 -9999.0 -9999.0 -9999.0 -9999.0 -9999.0 -9999.0 -9999.0 -9999.0 -9999.0 -9999.0 -9999.0 -9999.0 -9999.0 -9999.0 -9999.0 -9999.0 -9999.0 -9999.0 -9999.0 -9999.0 -9999.0 -9999.0 -9999.0 -9999.0 -9999.0 -9999.0 -9999.0 -9999.0 -9999.0 -9999.0 -9999.0 -9999.0 -9999.0 -9999.0 -9999.0 -9999.0 -9999.0 -9999.0 -9999.0 -9999.0 -9999.0 -9999.0 -9999.0 -9999.0 -9999.0 -9999.0 -9999.0 -9999.0
-9999.0 -9999.0 579.983750 485.688019 389.879863 293.227179 196.197690 99.006440 1.763950 -95.464834 -192.650899 -289.722461 -386.545116 -482.838162 -578.207495 -672.212734 -766.936746 -861.234362 -955.064223 -1048.090301 -1132.892433 -1208.267203 -1271.441040 -1321.542459 -1359.438055 -1387.042061 -1406.580787 -1420.108237 -1429.306613 -1435.465364 -1439.534600 -1442.193768 -1443.916572 -1445.025879 -1445.737661 -1446.196205 -1446.504847 -1446.770890 -1447.292682 -1449.581713 -1460.666811 -1510.926781 -1873.228527 -4044.968856 -3708.049534 -3415.903364 -3272.972749 -3254.950357 -3253.149801 -3253.337489 -3253.804984 -3254.305322 -3254.785427 -3255.229579 -3255.639993 -3256.102382 -3257.474115 -3267.351692 -3340.248026 -3503.483428 -3706.774121 -1668.516837 -1479.390446 -1454.538341 -1448.425562 -1447.327253 -1447.158136 -1447.132739 -1447.129498 -1447.129893 -1447.130775 -1447.131566 -1447.132188 -1447.132662 -1447.133025 -1447.133308 -1447.133531 -1447.133712 -1447.133864 -1447.133999 -1447.134130 -1447.134277 -1447.134461 -1447.134716 -1447.135093 -1447.135671 -1447.136581 -1447.138038 -1447.140405 -1447.144321 -1447.150943 -1447.162436 -1447.182976 -1447.220800 -1447.292418 -1447.431487 -1447.708941 -1448.283644 -1449.541672 -1452.499873 -1460.126985 -1483.234027 -9999.0 -9999.0
-9999.0 -9999.0 579.989538 485.689764 389.880367 293.227333 196.197740 99.006457 1.763956 -95.464832 -192.650899 -289.722461 -386.545116 -482.838162 -578.207495 -672.212734 -766.936746 -861.234362 -955.064223 -1048.090302 -1132.892433 -1208.267203 -1271.441040 -1321.542460 -1359.438055 -1387.042061 -1406.580787 -1420.108237 -1429.306613 -1435.465364 -1439.534600 -1442.193768 -1443.916572 -1445.025879 -1445.737661 -1446.196205 -1446.504847 -1446.770890 -1447.292682 -1449.581713 -1460.666811 -1510.926781 -1873.228527 -4044.968854 -3708.049530 -3415.903355 -3272.972750 -3254.950357 -3253.149801 -3253.337489 -3253.804984 -3254.305322 -3254.785427 -3255.229579 -3255.639993 -3256.102382 -3257.474115 -3267.351692 -3340.248025 -3503.483427 -3706.774121 -1668.516837 -1479.390446 -1454.538341 -1448.425562 -1447.327253 -1447.158136 -1447.132739 -1447.129498 -1447.129893 -1447.130775 -1447.131566 -1447.132188 -1447.132662 -1447.133025 -1447.133308 -1447.133531 -1447.133712 -1447.133864 -1447.133999 -1447.134130 -1447.134277 -1447.134461 -1447.134716 -1447.135093 -1447.135671 -1447.136581 -1447.138038 -1447.140405 -1447.144321 -1447.150943 -1447.162436 -1447.182976 -1447.220800 -1447.292418 -1447.431487 -1447.708941 -1448.283644 -1449.541672 -1452.499873 -1460.126985 -1483.234027 -9999.0 -9999.0
-9999.0 -9999.0 579.991093 485.690577 389.880697 293.227455 196.197784 99.006473 1.763962 -95.464830 -192.650898 -289.722461 -386.545116 -482.838162 -578.207495 -672.212734 -766.936746 -861.234362 -955.064223 -1048.090302 -1132.892433 -1208.267203 -1271.441040 -1321.542460 -1359.438055 -1387.042061 -1406.580787 -1420.108237 -1429.306613 -1435.465364 -1439.534600 -1442.193768 -1443.916572 -1445.025879 -1445.737661 -1446.196205 -1446.504847 -1446.770890 -1447.292682 -1449.581713 -1460.666811 -1510.926781 -1873.228526 -4044.968854 -3708.049529 -3415.903351 -3272.972749 -3254.950357 -3253.149801 -3253.337489 -3253.804984 -3254.305322 -3254.785427 -3255.229579 -3255.639993 -3256.102382 -3257.474115 -3267.351692 -3340.248025 -3503.483427 -3706.774121 -1668.516837 -1479.390446 -1454.538341 -1448.425562 -1447.327253 -1447.158136 -1447.132739 -1447.129498 -1447.129893 -1447.130775 -1447.131566 -1447.132188 -1447.132662 -1447.133025 -1447.133308 -1447.133531 -1447.133712 -1447.133864 -1447.133999 -1447.134130 -1447.134277 -1447.134461 -1447.134716 -1447.135093 -1447.135671 -1447.136581 -1447.138038 -1447.140405 -1447.144321 -1447.150943 -1447.162436 -1447.182976 -1447.220800 -1447.292418 -1447.431487 -1447.708941 -1448.283644 -1449.541672 -1452.499873 -1460.126985 -1483.234027 -9999.0 -9999.0
-9999.0 -9999.0 579.991093 485.690577 389.880697 293.227455 196.197784 99.006473 1.763962 -95.464830 -192.650898 -289.722461 -386.545116 -482.838162 -578.207495 -672.212734 -766.936746 -861.234362 -955.064223 -1048.090302 -1132.892433 -1208.267203 -1271.441040 -1321.542460 -1359.438055 -1387.042061 -1406.580787 -1420.108237 -1429.306613 -1435.465364 -1439.534600 -1442.193768 -1443.916572 -1445.025879 -1445.737661 -1446.196205 -1446.504847 -1446.770890 -1447.292682 -1449.581713 -1460.666811 -1510.926781 -1873.228527 -4044.968854 -3708.049529 -3415.903351 -3272.972749 -3254.950357 -3253.149801 -3253.337489 -3253.804984 -3254.305322 -3254.785427 -3255.229579 -3255.639993 -3256.102382 -3257.474115 -3267.351692 -3340.248025 -3503.483427 -3706.774121 -1668.516837 -1479.390446 -1454.538341 -1448.425562 -1447.327253 -1447.158136 -1447.132739 -1447.129498 -1447.129893 -1447.130775 -1447.131566 -1447.132188 -1447.132662 -1447.133025 -1447.133308 -1447.133531 -1447.133712 -1447.133864 -1447.133999 -1447.134130 -1447.134277 -1447.134461 -1447.134716 -1447.135093 -1447.135671 -1447.136581 -1447.138038 -1447.140405 -1447.144321 -1447.150943 -1447.162436 -1447.182976 -1447.220800 -1447.292418 -1447.431487 -1447.708941 -1448.283644 -1449.541672 -1452.499873 -1460.126985 -1483.234027 -9999.0 -9999.0
-9999.0 -9999.0 579.989538 485.689764 389.880367 293.227333 196.197740 99.006457 1.763956 -95.464832 -192.650899 -289.722461 -386.545116 -482.838162 -578.207495 -672.212734 -766.936746 -861.234362 -955.064223 -1048.090302 -1132.892433 -1208.267203 -1271.441040 -1321.542460 -1359.438055 -1387.042061 -1406.580787 -1420.108237 -1429.306613 -1435.465364 -1439.534600 -1442.193768 -1443.916572 -1445.025879 -1445.737661 -1446.196205 -1446.504847 -1446.770890 -1447.292682 -1449.581713 -1460.666811 -1510.926781 -1873.228527 -4044.968854 -3708.049530 -3415.903355 -3272.972750 -3254.950357 -3253.149801 -3253.337489 -3253.804984 -3254.305322 -3254.785427 -3255.229579 -3255.639993 -3256.102382 -3257.474115 -3267.351692 -3340.248025 -3503.483427 -3706.774121 -1668.516837 -1479.390446 -1454.538341 -1448.425562 -1447.327253 -1447.158136 -1447.132739 -1447.129498 -1447.129893 -1447.130775 -1447.131566 -1447.132188 -1447.132662 -1447.133025 -1447.133308 -1447.133531 -1447.133712 -1447.133864 -1447.133999 -1447.134130 -1447.134277 -1447.134461 -1447.134716 -1447.135093 -1447.135671 -1447.136581 -1447.138038 -1447.140405 -1447.144321 -1447.150943 -1447.162436 -1447.182976 -1447.220800 -1447.292418 -1447.431487 -1447.708941 -1448.283644 -1449.541672 -1452.499873 -1460.126985 -1483.234027 -9999.0 -9999.0
-9999.0 -9999.0 579.983750 485.688019 389.879863 293.227179 196.197690 99.006440 1.763950 -95.464834 -192.650899 -289.722461 -386.545116 -482.838162 -578.207495 -672.212734 -766.936746 -861.234362 -955.064223 -1048.090301 -1132.892433 -1208.267203 -1271.441040 -1321.542459 -1359.438055 -1387.042061 -1406.580787 -1420.108237 -1429.306613 -1435.465364 -1439.534600 -1442.193768 -1443.916572 -1445.025879 -1445.737661 -1446.196205 -1446.504847 -1446.770890 -1447.292682 -1449.581713 -1460.666811 -1510.926781 -1873.228527 -4044.968856 -3708.049534 -3415.903364 -3272.972749 -3254.950357 -3253.149801 -3253.337489 -3253.804984 -3254.305322 -3254.785427 -3255.229579 -3255.639993 -3256.102382 -3257.474115 -3267.351692 -3340.248026 -3503.483428 -3706.774121 -1668.516837 -1479.390446 -1454.538341 -1448.425562 -1447.327253 -1447.158136 -1447.132739 -1447.129498 -1447.129893 -1447.130775 -1447.131566 -1447.132188 -1447.132662 -1447.133025 -1447.133308 -1447.133531 -1447.133712 -1447.133864 -1447.133999 -1447.134130 -1447.134277 -1447.134461 -1447.134716 -1447.135093 -1447.135671 -1447.136581 -1447.138038 -1447.140405 -1447.144321 -1447.150943 -1447.162436 -1447.182976 -1447.220800 -1447.292418 -1447.431487 -1447.708941 -1448.283644 -1449.541672 -1452.499873 -1460.126985 -1483.234027 -9999.0 -9999.0
-9999.0 -9999.0 -9999.0 -9999.0 -9999.0 -9999.0 -9999.0 -9999.0 -9999.0 -9999.0 -9999.0 -9999.0 -9999.0 -9999.0 -9999.0 -9999.0 -9999.0 -9999.0 -9999.0 -9999.0 -9999.0 -9999.0 -9999.0 -9999.0 -9999.0 -9999.0 -9999.0 -9999.0 -9999.0 -9999.0 -9999.0 -9999.0 -9999.0 -9999.0 -9999.0 -9999.0 -9999.0 -9999.0 -9999.0 -9999.0 -9999.0 -9999.0 -9999.0 -9999.0 -9999.0 -9999.0 -9999.0 -9999.0 -9999.0 -9999.0 -9999.0 -9999.0 -9999.0 -9999.0 -9999.0 -9999.0 -9999.0 -9999.0 -9999.0 -9999.0 -9999.0 -9999.0 -9999.0 -9999.0 -9999.0 -9999.0 -9999.0 -9999.0 -9999.0 -9999.0 -9999.0 -9999.0 -9999.0 -9999.0 -9999.0 -9999.0 -9999.0 -9999.0 -9999.0 -9999.0 -9999.0 -9999.0 -9999.0 -9999.0 -9999.0 -9999.0 -9999.0 -9999.0 -9999.0 -9999.0 -9999.0 -9999.0 -9999.0 -9999.0 -9999.0 -9999.0 -9999.0 -9999.0 -9999.0 -9999.0 -9999.0 -9999.0 -9999.0 -9999.0
-9999.0 -9999.0 -9999.0 -9999.0 -9999.0 -9999.0 -9999.0 -9999.0 -9999.0 -9999.0 -9999.0 -9999.0 -9999.0 -9999.0 -9999.0 -9999.0 -9999.0 -9999.0 -9999.0 -9999.0 -9999.0 -9999.0 -9999.0 -9999.0 -9999.0 -9999.0 -9999.0 -9999.0 -9999.0 -9999.0 -9999.0 -9999.0 -9999.0 -9999.0 -9999.0 -9999.0 -9999.0 -9999.0 -9999.0 -9999.0 -9999.0 -9999.0 -9999.0 -9999.0 -9999.0 -9999.0 -9999.0 -9999.0 -9999.0 -9999.0 -9999.0 -9999.0 -9999.0 -9999.0 -9999.0 -9999.0 -9999.0 -9999.0 -9999.0 -9999.0 -9999.0 -9999.0 -9999.0 -9999.0 -9999.0 -9999.0 -9999.0 -9999.0 -9999.0 -9999.0 -9999.0 -9999.0 -9999.0 -9999.0 -9999.0 -9999.0 -9999.0 -9999.0 -9999.0 -9999.0 -9999.0 -9999.0 -9999.0 -9999.0 -9999.0 -9999.0 -9999.0 -9999.0 -9999.0 -9999.0 -9999.0 -9999.0 -9999.0 -9999.0 -9999.0 -9999.0 -9999.0 -9999.0 -9999.0 -9999.0 -9999.0 -9999.0 -9999.0 -9999.0