inst/processing_geotop_simulation/geotop_simulation/out/maps3D/PwL0011N0039.asc
ncols         104
nrows         10
xllcorner     -2.000000
yllcorner     0.000000
cellsize      1.000000
NODATA_value  -9999.0
-9999.0 -9999.0 -9999.0 -9999.0 -9999.0 -9999.0 -9999.0 -9999.0 -9999.0 -9999.0 -9999.0 -9999.0 -9999.0 -9999.0 -9999.0 -9999.0 -9999.0 -9999.0 -9999.0 -9999.0 -9999.0 -9999.0 -9999.0 -9999.0 -9999.0 -9999.0 -9999.0 -9999.0 -9999.0 -9999.0 -9999.0 -9999.0 -9999.0 -9999.0 -9999.0 -9999.0 -9999.0 -9999.0 -9999.0 -9999.0 -9999.0 -9999.0 -9999.0 -9999.0 -9999.0 -9999.0 -9999.0 -9999.0 -9999.0 -9999.0 -9999.0 -9999.0 -9999.0 -9999.0 -9999.0 -9999.0 -9999.0 -9999.0 -9999.0 -9999.0 -9999.0 -9999.0 -9999.0 -9999.0 -9999.0 -9999.0 -9999.0 -9999.0 -9999.0 -9999.0 -9999.0 -9999.0 -9999.0 -9999.0 -9999.0 -9999.0 -9999.0 -9999.0 -9999.0 -9999.0 -9999.0 -9999.0 -9999.0 -9999.0 -9999.0 -9999.0 -9999.0 -9999.0 -9999.0 -9999.0 -9999.0 -9999.0 -9999.0 -9999.0 -9999.0 -9999.0 -9999.0 -9999.0 -9999.0 -9999.0 -9999.0 -9999.0 -9999.0 -9999.0
-9999.0 -9999.0 -9999.0 -9999.0 -9999.0 -9999.0 -9999.0 -9999.0 -9999.0 -9999.0 -9999.0 -9999.0 -9999.0 -9999.0 -9999.0 -9999.0 -9999.0 -9999.0 -9999.0 -9999.0 -9999.0 -9999.0 -9999.0 -9999.0 -9999.0 -9999.0 -9999.0 -9999.0 -9999.0 -9999.0 -9999.0 -9999.0 -9999.0 -9999.0 -9999.0 -9999.0 -9999.0 -9999.0 -9999.0 -9999.0 -9999.0 -9999.0 -9999.0 -9999.0 -9999.0 -9999.0 -9999.0 -9999.0 -9999.0 -9999.0 -9999.0 -9999.0 -9999.0 -9999.0 -9999.0 -9999.0 -9999.0 -9999.0 -9999.0 -9999.0 -9999.0 -9999.0 -9999.0 -9999.0 -9999.0 -9999.0 -9999.0 -9999.0 -9999.0 -9999.0 -9999.0 -9999.0 -9999.0 -9999.0 -9999.0 -9999.0 -9999.0 -9999.0 -9999.0 -9999.0 -9999.0 -9999.0 -9999.0 -9999.0 -9999.0 -9999.0 -9999.0 -9999.0 -9999.0 -9999.0 -9999.0 -9999.0 -9999.0 -9999.0 -9999.0 -9999.0 -9999.0 -9999.0 -9999.0 -9999.0 -9999.0 -9999.0 -9999.0 -9999.0
-9999.0 -9999.0 -675.369015 -686.098611 -690.331253 -694.327608 -697.808124 -700.317769 -701.995290 -702.460217 -695.496922 -683.849528 -668.531442 -645.214903 -609.703669 -584.089797 -553.344105 -503.202752 -439.289486 -383.223461 -393.454000 -423.133882 -461.885103 -503.728638 -544.749644 -582.287917 -614.620083 -640.879298 -661.007308 -675.615172 -685.699692 -692.359387 -696.595485 -699.202628 -700.753851 -701.632995 -702.106429 -702.537873 -703.355061 -702.879254 -701.938087 -728.819615 -2460.655822 -4429.881915 -4430.693063 -4430.693066 -4430.693064 -4430.693063 -4430.693063 -4430.693063 -4430.693063 -4430.693063 -4430.693063 -4430.693063 -4430.693063 -4430.693063 -4430.693063 -4430.693064 -4430.693065 -4430.693057 -4429.400518 -2359.735972 -720.852410 -707.318290 -704.300534 -703.373722 -703.170426 -703.137878 -703.140346 -703.148786 -703.156813 -703.163217 -703.168080 -703.171763 -703.174589 -703.176793 -703.178551 -703.179971 -703.181144 -703.182163 -703.183132 -703.184170 -703.185436 -703.187152 -703.189652 -703.193451 -703.199377 -703.208766 -703.223834 -703.248342 -703.288866 -703.357327 -703.476130 -703.688775 -704.081622 -704.827644 -706.271653 -709.091938 -714.613494 -725.524202 -748.026262 -795.889969 -9999.0 -9999.0
-9999.0 -9999.0 -675.368880 -686.098454 -690.331144 -694.327561 -697.808112 -700.317769 -701.995293 -702.460220 -695.496922 -683.849528 -668.531442 -645.214903 -609.703669 -584.089797 -553.344105 -503.202752 -439.289486 -383.223461 -393.454000 -423.133882 -461.885103 -503.728638 -544.749644 -582.287917 -614.620083 -640.879298 -661.007308 -675.615172 -685.699692 -692.359387 -696.595485 -699.202628 -700.753851 -701.632995 -702.106429 -702.537873 -703.355061 -702.879254 -701.938087 -728.819615 -2460.655821 -4429.881915 -4430.693063 -4430.693066 -4430.693064 -4430.693063 -4430.693063 -4430.693063 -4430.693063 -4430.693063 -4430.693063 -4430.693063 -4430.693063 -4430.693063 -4430.693063 -4430.693064 -4430.693065 -4430.693057 -4429.400518 -2359.735972 -720.852410 -707.318290 -704.300534 -703.373722 -703.170426 -703.137878 -703.140346 -703.148786 -703.156813 -703.163217 -703.168080 -703.171763 -703.174589 -703.176793 -703.178551 -703.179971 -703.181144 -703.182163 -703.183132 -703.184170 -703.185436 -703.187152 -703.189652 -703.193451 -703.199377 -703.208766 -703.223834 -703.248342 -703.288866 -703.357327 -703.476130 -703.688775 -704.081622 -704.827644 -706.271653 -709.091938 -714.613494 -725.524202 -748.026262 -795.889969 -9999.0 -9999.0
-9999.0 -9999.0 -675.368822 -686.098374 -690.331075 -694.327528 -697.808103 -700.317770 -701.995295 -702.460222 -695.496923 -683.849528 -668.531442 -645.214903 -609.703669 -584.089797 -553.344105 -503.202752 -439.289486 -383.223461 -393.454000 -423.133882 -461.885103 -503.728638 -544.749644 -582.287917 -614.620083 -640.879298 -661.007308 -675.615172 -685.699692 -692.359387 -696.595485 -699.202628 -700.753851 -701.632995 -702.106429 -702.537873 -703.355061 -702.879254 -701.938087 -728.819615 -2460.655821 -4429.881915 -4430.693063 -4430.693066 -4430.693064 -4430.693063 -4430.693063 -4430.693063 -4430.693063 -4430.693063 -4430.693063 -4430.693063 -4430.693063 -4430.693063 -4430.693063 -4430.693064 -4430.693065 -4430.693057 -4429.400518 -2359.735972 -720.852410 -707.318290 -704.300534 -703.373722 -703.170426 -703.137878 -703.140346 -703.148786 -703.156813 -703.163217 -703.168080 -703.171763 -703.174589 -703.176793 -703.178551 -703.179971 -703.181144 -703.182163 -703.183132 -703.184170 -703.185436 -703.187152 -703.189652 -703.193451 -703.199377 -703.208766 -703.223834 -703.248342 -703.288866 -703.357327 -703.476130 -703.688775 -704.081622 -704.827644 -706.271653 -709.091938 -714.613494 -725.524202 -748.026262 -795.889969 -9999.0 -9999.0
-9999.0 -9999.0 -675.368822 -686.098374 -690.331075 -694.327528 -697.808103 -700.317770 -701.995295 -702.460222 -695.496923 -683.849528 -668.531442 -645.214903 -609.703669 -584.089797 -553.344105 -503.202752 -439.289486 -383.223461 -393.454000 -423.133882 -461.885103 -503.728638 -544.749644 -582.287917 -614.620083 -640.879298 -661.007308 -675.615172 -685.699692 -692.359387 -696.595485 -699.202628 -700.753851 -701.632995 -702.106429 -702.537873 -703.355061 -702.879254 -701.938087 -728.819615 -2460.655821 -4429.881915 -4430.693063 -4430.693066 -4430.693064 -4430.693063 -4430.693063 -4430.693063 -4430.693063 -4430.693063 -4430.693063 -4430.693063 -4430.693063 -4430.693063 -4430.693063 -4430.693064 -4430.693065 -4430.693057 -4429.400518 -2359.735972 -720.852410 -707.318290 -704.300534 -703.373722 -703.170426 -703.137878 -703.140346 -703.148786 -703.156813 -703.163217 -703.168080 -703.171763 -703.174589 -703.176793 -703.178551 -703.179971 -703.181144 -703.182163 -703.183132 -703.184170 -703.185436 -703.187152 -703.189652 -703.193451 -703.199377 -703.208766 -703.223834 -703.248342 -703.288866 -703.357327 -703.476130 -703.688775 -704.081622 -704.827644 -706.271653 -709.091938 -714.613494 -725.524202 -748.026262 -795.889969 -9999.0 -9999.0
-9999.0 -9999.0 -675.368880 -686.098454 -690.331144 -694.327561 -697.808112 -700.317769 -701.995293 -702.460220 -695.496922 -683.849528 -668.531442 -645.214903 -609.703669 -584.089797 -553.344105 -503.202752 -439.289486 -383.223461 -393.454000 -423.133882 -461.885103 -503.728638 -544.749644 -582.287917 -614.620083 -640.879298 -661.007308 -675.615172 -685.699692 -692.359387 -696.595485 -699.202628 -700.753851 -701.632995 -702.106429 -702.537873 -703.355061 -702.879254 -701.938087 -728.819615 -2460.655821 -4429.881915 -4430.693063 -4430.693066 -4430.693064 -4430.693063 -4430.693063 -4430.693063 -4430.693063 -4430.693063 -4430.693063 -4430.693063 -4430.693063 -4430.693063 -4430.693063 -4430.693064 -4430.693065 -4430.693057 -4429.400518 -2359.735972 -720.852410 -707.318290 -704.300534 -703.373722 -703.170426 -703.137878 -703.140346 -703.148786 -703.156813 -703.163217 -703.168080 -703.171763 -703.174589 -703.176793 -703.178551 -703.179971 -703.181144 -703.182163 -703.183132 -703.184170 -703.185436 -703.187152 -703.189652 -703.193451 -703.199377 -703.208766 -703.223834 -703.248342 -703.288866 -703.357327 -703.476130 -703.688775 -704.081622 -704.827644 -706.271653 -709.091938 -714.613494 -725.524202 -748.026262 -795.889969 -9999.0 -9999.0
-9999.0 -9999.0 -675.369015 -686.098611 -690.331253 -694.327608 -697.808124 -700.317769 -701.995290 -702.460217 -695.496922 -683.849528 -668.531442 -645.214903 -609.703669 -584.089797 -553.344105 -503.202752 -439.289486 -383.223461 -393.454000 -423.133882 -461.885103 -503.728638 -544.749644 -582.287917 -614.620083 -640.879298 -661.007308 -675.615172 -685.699692 -692.359387 -696.595485 -699.202628 -700.753851 -701.632995 -702.106429 -702.537873 -703.355061 -702.879254 -701.938087 -728.819615 -2460.655822 -4429.881915 -4430.693063 -4430.693066 -4430.693064 -4430.693063 -4430.693063 -4430.693063 -4430.693063 -4430.693063 -4430.693063 -4430.693063 -4430.693063 -4430.693063 -4430.693063 -4430.693064 -4430.693065 -4430.693057 -4429.400518 -2359.735972 -720.852410 -707.318290 -704.300534 -703.373722 -703.170426 -703.137878 -703.140346 -703.148786 -703.156813 -703.163217 -703.168080 -703.171763 -703.174589 -703.176793 -703.178551 -703.179971 -703.181144 -703.182163 -703.183132 -703.184170 -703.185436 -703.187152 -703.189652 -703.193451 -703.199377 -703.208766 -703.223834 -703.248342 -703.288866 -703.357327 -703.476130 -703.688775 -704.081622 -704.827644 -706.271653 -709.091938 -714.613494 -725.524202 -748.026262 -795.889969 -9999.0 -9999.0
-9999.0 -9999.0 -9999.0 -9999.0 -9999.0 -9999.0 -9999.0 -9999.0 -9999.0 -9999.0 -9999.0 -9999.0 -9999.0 -9999.0 -9999.0 -9999.0 -9999.0 -9999.0 -9999.0 -9999.0 -9999.0 -9999.0 -9999.0 -9999.0 -9999.0 -9999.0 -9999.0 -9999.0 -9999.0 -9999.0 -9999.0 -9999.0 -9999.0 -9999.0 -9999.0 -9999.0 -9999.0 -9999.0 -9999.0 -9999.0 -9999.0 -9999.0 -9999.0 -9999.0 -9999.0 -9999.0 -9999.0 -9999.0 -9999.0 -9999.0 -9999.0 -9999.0 -9999.0 -9999.0 -9999.0 -9999.0 -9999.0 -9999.0 -9999.0 -9999.0 -9999.0 -9999.0 -9999.0 -9999.0 -9999.0 -9999.0 -9999.0 -9999.0 -9999.0 -9999.0 -9999.0 -9999.0 -9999.0 -9999.0 -9999.0 -9999.0 -9999.0 -9999.0 -9999.0 -9999.0 -9999.0 -9999.0 -9999.0 -9999.0 -9999.0 -9999.0 -9999.0 -9999.0 -9999.0 -9999.0 -9999.0 -9999.0 -9999.0 -9999.0 -9999.0 -9999.0 -9999.0 -9999.0 -9999.0 -9999.0 -9999.0 -9999.0 -9999.0 -9999.0
-9999.0 -9999.0 -9999.0 -9999.0 -9999.0 -9999.0 -9999.0 -9999.0 -9999.0 -9999.0 -9999.0 -9999.0 -9999.0 -9999.0 -9999.0 -9999.0 -9999.0 -9999.0 -9999.0 -9999.0 -9999.0 -9999.0 -9999.0 -9999.0 -9999.0 -9999.0 -9999.0 -9999.0 -9999.0 -9999.0 -9999.0 -9999.0 -9999.0 -9999.0 -9999.0 -9999.0 -9999.0 -9999.0 -9999.0 -9999.0 -9999.0 -9999.0 -9999.0 -9999.0 -9999.0 -9999.0 -9999.0 -9999.0 -9999.0 -9999.0 -9999.0 -9999.0 -9999.0 -9999.0 -9999.0 -9999.0 -9999.0 -9999.0 -9999.0 -9999.0 -9999.0 -9999.0 -9999.0 -9999.0 -9999.0 -9999.0 -9999.0 -9999.0 -9999.0 -9999.0 -9999.0 -9999.0 -9999.0 -9999.0 -9999.0 -9999.0 -9999.0 -9999.0 -9999.0 -9999.0 -9999.0 -9999.0 -9999.0 -9999.0 -9999.0 -9999.0 -9999.0 -9999.0 -9999.0 -9999.0 -9999.0 -9999.0 -9999.0 -9999.0 -9999.0 -9999.0 -9999.0 -9999.0 -9999.0 -9999.0 -9999.0 -9999.0 -9999.0 -9999.0