inst/processing_geotop_simulation/geotop_simulation/out/maps3D/PwL0004N0227.asc
ncols         104
nrows         10
xllcorner     -2.000000
yllcorner     0.000000
cellsize      1.000000
NODATA_value  -9999.0
-9999.0 -9999.0 -9999.0 -9999.0 -9999.0 -9999.0 -9999.0 -9999.0 -9999.0 -9999.0 -9999.0 -9999.0 -9999.0 -9999.0 -9999.0 -9999.0 -9999.0 -9999.0 -9999.0 -9999.0 -9999.0 -9999.0 -9999.0 -9999.0 -9999.0 -9999.0 -9999.0 -9999.0 -9999.0 -9999.0 -9999.0 -9999.0 -9999.0 -9999.0 -9999.0 -9999.0 -9999.0 -9999.0 -9999.0 -9999.0 -9999.0 -9999.0 -9999.0 -9999.0 -9999.0 -9999.0 -9999.0 -9999.0 -9999.0 -9999.0 -9999.0 -9999.0 -9999.0 -9999.0 -9999.0 -9999.0 -9999.0 -9999.0 -9999.0 -9999.0 -9999.0 -9999.0 -9999.0 -9999.0 -9999.0 -9999.0 -9999.0 -9999.0 -9999.0 -9999.0 -9999.0 -9999.0 -9999.0 -9999.0 -9999.0 -9999.0 -9999.0 -9999.0 -9999.0 -9999.0 -9999.0 -9999.0 -9999.0 -9999.0 -9999.0 -9999.0 -9999.0 -9999.0 -9999.0 -9999.0 -9999.0 -9999.0 -9999.0 -9999.0 -9999.0 -9999.0 -9999.0 -9999.0 -9999.0 -9999.0 -9999.0 -9999.0 -9999.0 -9999.0
-9999.0 -9999.0 -9999.0 -9999.0 -9999.0 -9999.0 -9999.0 -9999.0 -9999.0 -9999.0 -9999.0 -9999.0 -9999.0 -9999.0 -9999.0 -9999.0 -9999.0 -9999.0 -9999.0 -9999.0 -9999.0 -9999.0 -9999.0 -9999.0 -9999.0 -9999.0 -9999.0 -9999.0 -9999.0 -9999.0 -9999.0 -9999.0 -9999.0 -9999.0 -9999.0 -9999.0 -9999.0 -9999.0 -9999.0 -9999.0 -9999.0 -9999.0 -9999.0 -9999.0 -9999.0 -9999.0 -9999.0 -9999.0 -9999.0 -9999.0 -9999.0 -9999.0 -9999.0 -9999.0 -9999.0 -9999.0 -9999.0 -9999.0 -9999.0 -9999.0 -9999.0 -9999.0 -9999.0 -9999.0 -9999.0 -9999.0 -9999.0 -9999.0 -9999.0 -9999.0 -9999.0 -9999.0 -9999.0 -9999.0 -9999.0 -9999.0 -9999.0 -9999.0 -9999.0 -9999.0 -9999.0 -9999.0 -9999.0 -9999.0 -9999.0 -9999.0 -9999.0 -9999.0 -9999.0 -9999.0 -9999.0 -9999.0 -9999.0 -9999.0 -9999.0 -9999.0 -9999.0 -9999.0 -9999.0 -9999.0 -9999.0 -9999.0 -9999.0 -9999.0
-9999.0 -9999.0 178.227748 84.318124 -12.439953 -110.008889 -207.888467 -305.879059 -403.869695 -501.779411 -599.458569 -696.512566 -793.158500 -889.109814 -984.764921 -1080.742838 -1174.970930 -1267.231158 -1357.127888 -1442.762191 -1519.344693 -1582.619384 -1631.287206 -1666.766341 -1691.740269 -1708.966668 -1720.721366 -1728.689964 -1734.059557 -1737.652635 -1740.038637 -1741.611277 -1742.641089 -1743.311982 -1743.747682 -1744.032440 -1744.230820 -1744.424942 -1744.886663 -1746.892502 -1754.088533 -1743.848163 -1097.504794 -1104.300887 -1090.485766 -1081.671007 -1077.545423 -1076.943521 -1076.880683 -1076.888221 -1076.906103 -1076.925258 -1076.943658 -1076.960693 -1076.976464 -1076.994429 -1077.047751 -1077.404975 -1079.591707 -1084.495658 -1091.722780 -1075.173219 -1720.804093 -1748.640159 -1745.744066 -1744.826790 -1744.665177 -1744.639879 -1744.636535 -1744.636810 -1744.637584 -1744.638289 -1744.638844 -1744.639268 -1744.639592 -1744.639843 -1744.640042 -1744.640203 -1744.640337 -1744.640457 -1744.640574 -1744.640705 -1744.640870 -1744.641099 -1744.641438 -1744.641960 -1744.642782 -1744.644097 -1744.646238 -1744.649781 -1744.655779 -1744.666197 -1744.684836 -1744.719185 -1744.784239 -1744.910514 -1745.162043 -1745.681230 -1746.811893 -1749.467239 -1756.436448 -1778.592592 -9999.0 -9999.0
-9999.0 -9999.0 178.238046 84.320237 -12.439416 -110.008732 -207.888418 -305.879042 -403.869689 -501.779409 -599.458568 -696.512565 -793.158500 -889.109814 -984.764921 -1080.742838 -1174.970930 -1267.231158 -1357.127888 -1442.762192 -1519.344693 -1582.619385 -1631.287206 -1666.766341 -1691.740269 -1708.966668 -1720.721366 -1728.689964 -1734.059557 -1737.652635 -1740.038637 -1741.611277 -1742.641089 -1743.311982 -1743.747682 -1744.032440 -1744.230820 -1744.424942 -1744.886663 -1746.892502 -1754.088533 -1743.848163 -1097.504794 -1104.300887 -1090.485766 -1081.671007 -1077.545423 -1076.943521 -1076.880683 -1076.888221 -1076.906103 -1076.925258 -1076.943658 -1076.960693 -1076.976464 -1076.994429 -1077.047751 -1077.404975 -1079.591707 -1084.495658 -1091.722780 -1075.173219 -1720.804093 -1748.640159 -1745.744066 -1744.826790 -1744.665177 -1744.639879 -1744.636535 -1744.636810 -1744.637584 -1744.638289 -1744.638844 -1744.639268 -1744.639592 -1744.639843 -1744.640042 -1744.640203 -1744.640337 -1744.640457 -1744.640574 -1744.640705 -1744.640870 -1744.641099 -1744.641438 -1744.641960 -1744.642782 -1744.644097 -1744.646238 -1744.649781 -1744.655779 -1744.666197 -1744.684836 -1744.719185 -1744.784239 -1744.910514 -1745.162043 -1745.681230 -1746.811893 -1749.467239 -1756.436448 -1778.592592 -9999.0 -9999.0
-9999.0 -9999.0 178.239497 84.321097 -12.439076 -110.008609 -207.888374 -305.879026 -403.869683 -501.779407 -599.458567 -696.512565 -793.158500 -889.109814 -984.764921 -1080.742838 -1174.970930 -1267.231158 -1357.127888 -1442.762192 -1519.344693 -1582.619385 -1631.287206 -1666.766341 -1691.740269 -1708.966668 -1720.721366 -1728.689964 -1734.059557 -1737.652635 -1740.038637 -1741.611277 -1742.641089 -1743.311982 -1743.747682 -1744.032440 -1744.230820 -1744.424942 -1744.886663 -1746.892502 -1754.088533 -1743.848163 -1097.504794 -1104.300887 -1090.485766 -1081.671007 -1077.545423 -1076.943521 -1076.880683 -1076.888221 -1076.906103 -1076.925258 -1076.943658 -1076.960693 -1076.976464 -1076.994429 -1077.047751 -1077.404975 -1079.591707 -1084.495658 -1091.722780 -1075.173219 -1720.804093 -1748.640159 -1745.744066 -1744.826790 -1744.665177 -1744.639879 -1744.636535 -1744.636810 -1744.637584 -1744.638289 -1744.638844 -1744.639268 -1744.639592 -1744.639843 -1744.640042 -1744.640203 -1744.640337 -1744.640457 -1744.640574 -1744.640705 -1744.640870 -1744.641099 -1744.641438 -1744.641960 -1744.642782 -1744.644097 -1744.646238 -1744.649781 -1744.655779 -1744.666197 -1744.684836 -1744.719185 -1744.784239 -1744.910514 -1745.162043 -1745.681230 -1746.811893 -1749.467239 -1756.436448 -1778.592592 -9999.0 -9999.0
-9999.0 -9999.0 178.239497 84.321097 -12.439076 -110.008609 -207.888374 -305.879026 -403.869683 -501.779407 -599.458567 -696.512565 -793.158500 -889.109814 -984.764921 -1080.742838 -1174.970930 -1267.231158 -1357.127888 -1442.762192 -1519.344693 -1582.619385 -1631.287206 -1666.766341 -1691.740269 -1708.966668 -1720.721366 -1728.689964 -1734.059557 -1737.652635 -1740.038637 -1741.611277 -1742.641089 -1743.311982 -1743.747682 -1744.032440 -1744.230820 -1744.424942 -1744.886663 -1746.892502 -1754.088533 -1743.848163 -1097.504794 -1104.300887 -1090.485766 -1081.671007 -1077.545423 -1076.943521 -1076.880683 -1076.888221 -1076.906103 -1076.925258 -1076.943658 -1076.960693 -1076.976464 -1076.994429 -1077.047751 -1077.404975 -1079.591707 -1084.495658 -1091.722780 -1075.173219 -1720.804093 -1748.640159 -1745.744066 -1744.826790 -1744.665177 -1744.639879 -1744.636535 -1744.636810 -1744.637584 -1744.638289 -1744.638844 -1744.639268 -1744.639592 -1744.639843 -1744.640042 -1744.640203 -1744.640337 -1744.640457 -1744.640574 -1744.640705 -1744.640870 -1744.641099 -1744.641438 -1744.641960 -1744.642782 -1744.644097 -1744.646238 -1744.649781 -1744.655779 -1744.666197 -1744.684836 -1744.719185 -1744.784239 -1744.910514 -1745.162043 -1745.681230 -1746.811893 -1749.467239 -1756.436448 -1778.592592 -9999.0 -9999.0
-9999.0 -9999.0 178.238046 84.320237 -12.439416 -110.008732 -207.888418 -305.879042 -403.869689 -501.779409 -599.458568 -696.512565 -793.158500 -889.109814 -984.764921 -1080.742838 -1174.970930 -1267.231158 -1357.127888 -1442.762192 -1519.344693 -1582.619385 -1631.287206 -1666.766341 -1691.740269 -1708.966668 -1720.721366 -1728.689964 -1734.059557 -1737.652635 -1740.038637 -1741.611277 -1742.641089 -1743.311982 -1743.747682 -1744.032440 -1744.230820 -1744.424942 -1744.886663 -1746.892502 -1754.088533 -1743.848163 -1097.504794 -1104.300887 -1090.485766 -1081.671007 -1077.545423 -1076.943521 -1076.880683 -1076.888221 -1076.906103 -1076.925258 -1076.943658 -1076.960693 -1076.976464 -1076.994429 -1077.047751 -1077.404975 -1079.591707 -1084.495658 -1091.722780 -1075.173219 -1720.804093 -1748.640159 -1745.744066 -1744.826790 -1744.665177 -1744.639879 -1744.636535 -1744.636810 -1744.637584 -1744.638289 -1744.638844 -1744.639268 -1744.639592 -1744.639843 -1744.640042 -1744.640203 -1744.640337 -1744.640457 -1744.640574 -1744.640705 -1744.640870 -1744.641099 -1744.641438 -1744.641960 -1744.642782 -1744.644097 -1744.646238 -1744.649781 -1744.655779 -1744.666197 -1744.684836 -1744.719185 -1744.784239 -1744.910514 -1745.162043 -1745.681230 -1746.811893 -1749.467239 -1756.436448 -1778.592592 -9999.0 -9999.0
-9999.0 -9999.0 178.227748 84.318124 -12.439953 -110.008889 -207.888467 -305.879059 -403.869695 -501.779411 -599.458569 -696.512566 -793.158500 -889.109814 -984.764921 -1080.742838 -1174.970930 -1267.231158 -1357.127888 -1442.762191 -1519.344693 -1582.619384 -1631.287206 -1666.766341 -1691.740269 -1708.966668 -1720.721366 -1728.689964 -1734.059557 -1737.652635 -1740.038637 -1741.611277 -1742.641089 -1743.311982 -1743.747682 -1744.032440 -1744.230820 -1744.424942 -1744.886663 -1746.892502 -1754.088533 -1743.848163 -1097.504794 -1104.300887 -1090.485766 -1081.671007 -1077.545423 -1076.943521 -1076.880683 -1076.888221 -1076.906103 -1076.925258 -1076.943658 -1076.960693 -1076.976464 -1076.994429 -1077.047751 -1077.404975 -1079.591707 -1084.495658 -1091.722780 -1075.173219 -1720.804093 -1748.640159 -1745.744066 -1744.826790 -1744.665177 -1744.639879 -1744.636535 -1744.636810 -1744.637584 -1744.638289 -1744.638844 -1744.639268 -1744.639592 -1744.639843 -1744.640042 -1744.640203 -1744.640337 -1744.640457 -1744.640574 -1744.640705 -1744.640870 -1744.641099 -1744.641438 -1744.641960 -1744.642782 -1744.644097 -1744.646238 -1744.649781 -1744.655779 -1744.666197 -1744.684836 -1744.719185 -1744.784239 -1744.910514 -1745.162043 -1745.681230 -1746.811893 -1749.467239 -1756.436448 -1778.592592 -9999.0 -9999.0
-9999.0 -9999.0 -9999.0 -9999.0 -9999.0 -9999.0 -9999.0 -9999.0 -9999.0 -9999.0 -9999.0 -9999.0 -9999.0 -9999.0 -9999.0 -9999.0 -9999.0 -9999.0 -9999.0 -9999.0 -9999.0 -9999.0 -9999.0 -9999.0 -9999.0 -9999.0 -9999.0 -9999.0 -9999.0 -9999.0 -9999.0 -9999.0 -9999.0 -9999.0 -9999.0 -9999.0 -9999.0 -9999.0 -9999.0 -9999.0 -9999.0 -9999.0 -9999.0 -9999.0 -9999.0 -9999.0 -9999.0 -9999.0 -9999.0 -9999.0 -9999.0 -9999.0 -9999.0 -9999.0 -9999.0 -9999.0 -9999.0 -9999.0 -9999.0 -9999.0 -9999.0 -9999.0 -9999.0 -9999.0 -9999.0 -9999.0 -9999.0 -9999.0 -9999.0 -9999.0 -9999.0 -9999.0 -9999.0 -9999.0 -9999.0 -9999.0 -9999.0 -9999.0 -9999.0 -9999.0 -9999.0 -9999.0 -9999.0 -9999.0 -9999.0 -9999.0 -9999.0 -9999.0 -9999.0 -9999.0 -9999.0 -9999.0 -9999.0 -9999.0 -9999.0 -9999.0 -9999.0 -9999.0 -9999.0 -9999.0 -9999.0 -9999.0 -9999.0 -9999.0
-9999.0 -9999.0 -9999.0 -9999.0 -9999.0 -9999.0 -9999.0 -9999.0 -9999.0 -9999.0 -9999.0 -9999.0 -9999.0 -9999.0 -9999.0 -9999.0 -9999.0 -9999.0 -9999.0 -9999.0 -9999.0 -9999.0 -9999.0 -9999.0 -9999.0 -9999.0 -9999.0 -9999.0 -9999.0 -9999.0 -9999.0 -9999.0 -9999.0 -9999.0 -9999.0 -9999.0 -9999.0 -9999.0 -9999.0 -9999.0 -9999.0 -9999.0 -9999.0 -9999.0 -9999.0 -9999.0 -9999.0 -9999.0 -9999.0 -9999.0 -9999.0 -9999.0 -9999.0 -9999.0 -9999.0 -9999.0 -9999.0 -9999.0 -9999.0 -9999.0 -9999.0 -9999.0 -9999.0 -9999.0 -9999.0 -9999.0 -9999.0 -9999.0 -9999.0 -9999.0 -9999.0 -9999.0 -9999.0 -9999.0 -9999.0 -9999.0 -9999.0 -9999.0 -9999.0 -9999.0 -9999.0 -9999.0 -9999.0 -9999.0 -9999.0 -9999.0 -9999.0 -9999.0 -9999.0 -9999.0 -9999.0 -9999.0 -9999.0 -9999.0 -9999.0 -9999.0 -9999.0 -9999.0 -9999.0 -9999.0 -9999.0 -9999.0 -9999.0 -9999.0