inst/processing_geotop_simulation/geotop_simulation/out/maps3D/PwL0004N0360.asc
ncols         104
nrows         10
xllcorner     -2.000000
yllcorner     0.000000
cellsize      1.000000
NODATA_value  -9999.0
-9999.0 -9999.0 -9999.0 -9999.0 -9999.0 -9999.0 -9999.0 -9999.0 -9999.0 -9999.0 -9999.0 -9999.0 -9999.0 -9999.0 -9999.0 -9999.0 -9999.0 -9999.0 -9999.0 -9999.0 -9999.0 -9999.0 -9999.0 -9999.0 -9999.0 -9999.0 -9999.0 -9999.0 -9999.0 -9999.0 -9999.0 -9999.0 -9999.0 -9999.0 -9999.0 -9999.0 -9999.0 -9999.0 -9999.0 -9999.0 -9999.0 -9999.0 -9999.0 -9999.0 -9999.0 -9999.0 -9999.0 -9999.0 -9999.0 -9999.0 -9999.0 -9999.0 -9999.0 -9999.0 -9999.0 -9999.0 -9999.0 -9999.0 -9999.0 -9999.0 -9999.0 -9999.0 -9999.0 -9999.0 -9999.0 -9999.0 -9999.0 -9999.0 -9999.0 -9999.0 -9999.0 -9999.0 -9999.0 -9999.0 -9999.0 -9999.0 -9999.0 -9999.0 -9999.0 -9999.0 -9999.0 -9999.0 -9999.0 -9999.0 -9999.0 -9999.0 -9999.0 -9999.0 -9999.0 -9999.0 -9999.0 -9999.0 -9999.0 -9999.0 -9999.0 -9999.0 -9999.0 -9999.0 -9999.0 -9999.0 -9999.0 -9999.0 -9999.0 -9999.0
-9999.0 -9999.0 -9999.0 -9999.0 -9999.0 -9999.0 -9999.0 -9999.0 -9999.0 -9999.0 -9999.0 -9999.0 -9999.0 -9999.0 -9999.0 -9999.0 -9999.0 -9999.0 -9999.0 -9999.0 -9999.0 -9999.0 -9999.0 -9999.0 -9999.0 -9999.0 -9999.0 -9999.0 -9999.0 -9999.0 -9999.0 -9999.0 -9999.0 -9999.0 -9999.0 -9999.0 -9999.0 -9999.0 -9999.0 -9999.0 -9999.0 -9999.0 -9999.0 -9999.0 -9999.0 -9999.0 -9999.0 -9999.0 -9999.0 -9999.0 -9999.0 -9999.0 -9999.0 -9999.0 -9999.0 -9999.0 -9999.0 -9999.0 -9999.0 -9999.0 -9999.0 -9999.0 -9999.0 -9999.0 -9999.0 -9999.0 -9999.0 -9999.0 -9999.0 -9999.0 -9999.0 -9999.0 -9999.0 -9999.0 -9999.0 -9999.0 -9999.0 -9999.0 -9999.0 -9999.0 -9999.0 -9999.0 -9999.0 -9999.0 -9999.0 -9999.0 -9999.0 -9999.0 -9999.0 -9999.0 -9999.0 -9999.0 -9999.0 -9999.0 -9999.0 -9999.0 -9999.0 -9999.0 -9999.0 -9999.0 -9999.0 -9999.0 -9999.0 -9999.0
-9999.0 -9999.0 175.377688 77.972075 -20.650381 -119.619069 -218.719911 -317.870738 -417.027697 -516.161717 -615.227289 -714.115807 -812.888629 -911.462420 -1009.933021 -1108.463086 -1206.470800 -1303.725208 -1399.692702 -1493.430754 -1583.190232 -1666.089398 -1738.871139 -1799.357241 -1847.191174 -1883.532043 -1910.310062 -1929.593482 -1943.237120 -1952.756050 -1959.321950 -1963.808977 -1966.852473 -1968.904872 -1970.283538 -1971.210772 -1971.852724 -1972.389498 -1973.241550 -1975.596669 -1978.828015 -1930.411006 -1192.246456 -1198.617808 -1186.114679 -1177.876809 -1174.010702 -1173.416337 -1173.352174 -1173.358004 -1173.373924 -1173.391082 -1173.407579 -1173.422861 -1173.437081 -1173.453935 -1173.507865 -1173.865744 -1175.931748 -1180.505046 -1186.552104 -1171.210014 -1905.294475 -1972.681450 -1974.155057 -1973.394291 -1973.185336 -1973.146423 -1973.140396 -1973.139957 -1973.140374 -1973.140837 -1973.141217 -1973.141512 -1973.141741 -1973.141921 -1973.142065 -1973.142183 -1973.142283 -1973.142374 -1973.142465 -1973.142566 -1973.142693 -1973.142866 -1973.143121 -1973.143509 -1973.144118 -1973.145091 -1973.146677 -1973.149316 -1973.153816 -1973.161707 -1973.175970 -1973.202530 -1973.253431 -1973.353872 -1973.559210 -1973.999910 -1975.010370 -1977.538313 -1984.667409 -2008.317073 -9999.0 -9999.0
-9999.0 -9999.0 175.386883 77.973956 -20.649902 -119.618929 -218.719866 -317.870723 -417.027692 -516.161715 -615.227288 -714.115806 -812.888628 -911.462420 -1009.933021 -1108.463086 -1206.470800 -1303.725209 -1399.692702 -1493.430754 -1583.190232 -1666.089399 -1738.871139 -1799.357241 -1847.191174 -1883.532043 -1910.310062 -1929.593482 -1943.237120 -1952.756050 -1959.321950 -1963.808977 -1966.852473 -1968.904872 -1970.283538 -1971.210772 -1971.852724 -1972.389498 -1973.241550 -1975.596669 -1978.828015 -1930.411006 -1192.246456 -1198.617808 -1186.114679 -1177.876809 -1174.010702 -1173.416337 -1173.352174 -1173.358004 -1173.373924 -1173.391082 -1173.407579 -1173.422861 -1173.437081 -1173.453935 -1173.507865 -1173.865744 -1175.931748 -1180.505046 -1186.552104 -1171.210014 -1905.294475 -1972.681450 -1974.155057 -1973.394291 -1973.185336 -1973.146423 -1973.140396 -1973.139957 -1973.140374 -1973.140837 -1973.141217 -1973.141512 -1973.141741 -1973.141921 -1973.142065 -1973.142183 -1973.142283 -1973.142374 -1973.142465 -1973.142566 -1973.142693 -1973.142866 -1973.143121 -1973.143509 -1973.144118 -1973.145091 -1973.146677 -1973.149316 -1973.153816 -1973.161707 -1973.175970 -1973.202530 -1973.253431 -1973.353872 -1973.559210 -1973.999910 -1975.010370 -1977.538313 -1984.667409 -2008.317073 -9999.0 -9999.0
-9999.0 -9999.0 175.388179 77.974724 -20.649600 -119.618819 -218.719828 -317.870709 -417.027687 -516.161713 -615.227287 -714.115806 -812.888628 -911.462420 -1009.933021 -1108.463086 -1206.470800 -1303.725209 -1399.692702 -1493.430754 -1583.190232 -1666.089399 -1738.871139 -1799.357241 -1847.191174 -1883.532043 -1910.310062 -1929.593482 -1943.237120 -1952.756050 -1959.321950 -1963.808977 -1966.852473 -1968.904872 -1970.283538 -1971.210772 -1971.852724 -1972.389498 -1973.241550 -1975.596669 -1978.828015 -1930.411006 -1192.246456 -1198.617808 -1186.114679 -1177.876809 -1174.010702 -1173.416337 -1173.352174 -1173.358004 -1173.373924 -1173.391082 -1173.407579 -1173.422861 -1173.437081 -1173.453935 -1173.507865 -1173.865744 -1175.931748 -1180.505046 -1186.552104 -1171.210014 -1905.294475 -1972.681450 -1974.155057 -1973.394291 -1973.185336 -1973.146423 -1973.140396 -1973.139957 -1973.140374 -1973.140837 -1973.141217 -1973.141512 -1973.141741 -1973.141921 -1973.142065 -1973.142183 -1973.142283 -1973.142374 -1973.142465 -1973.142566 -1973.142693 -1973.142866 -1973.143121 -1973.143509 -1973.144118 -1973.145091 -1973.146677 -1973.149316 -1973.153816 -1973.161707 -1973.175970 -1973.202530 -1973.253431 -1973.353872 -1973.559210 -1973.999910 -1975.010370 -1977.538313 -1984.667409 -2008.317073 -9999.0 -9999.0
-9999.0 -9999.0 175.388179 77.974723 -20.649599 -119.618820 -218.719827 -317.870709 -417.027686 -516.161713 -615.227287 -714.115806 -812.888628 -911.462420 -1009.933021 -1108.463086 -1206.470800 -1303.725209 -1399.692702 -1493.430754 -1583.190232 -1666.089399 -1738.871139 -1799.357241 -1847.191174 -1883.532043 -1910.310062 -1929.593482 -1943.237120 -1952.756050 -1959.321950 -1963.808977 -1966.852473 -1968.904872 -1970.283538 -1971.210772 -1971.852724 -1972.389498 -1973.241550 -1975.596669 -1978.828015 -1930.411006 -1192.246456 -1198.617808 -1186.114679 -1177.876809 -1174.010702 -1173.416337 -1173.352174 -1173.358004 -1173.373924 -1173.391082 -1173.407579 -1173.422861 -1173.437081 -1173.453935 -1173.507865 -1173.865744 -1175.931748 -1180.505046 -1186.552104 -1171.210014 -1905.294475 -1972.681450 -1974.155057 -1973.394291 -1973.185336 -1973.146423 -1973.140396 -1973.139957 -1973.140374 -1973.140837 -1973.141217 -1973.141512 -1973.141741 -1973.141921 -1973.142065 -1973.142183 -1973.142283 -1973.142374 -1973.142465 -1973.142566 -1973.142693 -1973.142866 -1973.143121 -1973.143509 -1973.144118 -1973.145091 -1973.146677 -1973.149316 -1973.153816 -1973.161707 -1973.175970 -1973.202530 -1973.253431 -1973.353872 -1973.559210 -1973.999910 -1975.010370 -1977.538313 -1984.667409 -2008.317073 -9999.0 -9999.0
-9999.0 -9999.0 175.386883 77.973957 -20.649903 -119.618929 -218.719867 -317.870723 -417.027692 -516.161715 -615.227288 -714.115806 -812.888628 -911.462420 -1009.933021 -1108.463086 -1206.470800 -1303.725209 -1399.692702 -1493.430754 -1583.190232 -1666.089399 -1738.871139 -1799.357241 -1847.191174 -1883.532043 -1910.310062 -1929.593482 -1943.237120 -1952.756050 -1959.321950 -1963.808977 -1966.852473 -1968.904872 -1970.283538 -1971.210772 -1971.852724 -1972.389498 -1973.241550 -1975.596669 -1978.828015 -1930.411006 -1192.246456 -1198.617808 -1186.114679 -1177.876809 -1174.010702 -1173.416337 -1173.352174 -1173.358004 -1173.373924 -1173.391082 -1173.407579 -1173.422861 -1173.437081 -1173.453935 -1173.507865 -1173.865744 -1175.931748 -1180.505046 -1186.552104 -1171.210014 -1905.294475 -1972.681450 -1974.155057 -1973.394291 -1973.185336 -1973.146423 -1973.140396 -1973.139957 -1973.140374 -1973.140837 -1973.141217 -1973.141512 -1973.141741 -1973.141921 -1973.142065 -1973.142183 -1973.142283 -1973.142374 -1973.142465 -1973.142566 -1973.142693 -1973.142866 -1973.143121 -1973.143509 -1973.144118 -1973.145091 -1973.146677 -1973.149316 -1973.153816 -1973.161707 -1973.175970 -1973.202530 -1973.253431 -1973.353872 -1973.559210 -1973.999910 -1975.010370 -1977.538313 -1984.667409 -2008.317073 -9999.0 -9999.0
-9999.0 -9999.0 175.377689 77.972075 -20.650380 -119.619069 -218.719911 -317.870738 -417.027697 -516.161717 -615.227289 -714.115807 -812.888629 -911.462420 -1009.933021 -1108.463086 -1206.470800 -1303.725208 -1399.692702 -1493.430754 -1583.190232 -1666.089398 -1738.871139 -1799.357241 -1847.191174 -1883.532043 -1910.310062 -1929.593482 -1943.237120 -1952.756050 -1959.321950 -1963.808977 -1966.852473 -1968.904872 -1970.283538 -1971.210772 -1971.852724 -1972.389498 -1973.241550 -1975.596669 -1978.828015 -1930.411006 -1192.246456 -1198.617808 -1186.114679 -1177.876809 -1174.010702 -1173.416337 -1173.352174 -1173.358004 -1173.373924 -1173.391082 -1173.407579 -1173.422861 -1173.437081 -1173.453935 -1173.507865 -1173.865744 -1175.931748 -1180.505046 -1186.552104 -1171.210014 -1905.294475 -1972.681450 -1974.155057 -1973.394291 -1973.185336 -1973.146423 -1973.140396 -1973.139957 -1973.140374 -1973.140837 -1973.141217 -1973.141512 -1973.141741 -1973.141921 -1973.142065 -1973.142183 -1973.142283 -1973.142374 -1973.142465 -1973.142566 -1973.142693 -1973.142866 -1973.143121 -1973.143509 -1973.144118 -1973.145091 -1973.146677 -1973.149316 -1973.153816 -1973.161707 -1973.175970 -1973.202530 -1973.253431 -1973.353872 -1973.559210 -1973.999910 -1975.010370 -1977.538313 -1984.667409 -2008.317073 -9999.0 -9999.0
-9999.0 -9999.0 -9999.0 -9999.0 -9999.0 -9999.0 -9999.0 -9999.0 -9999.0 -9999.0 -9999.0 -9999.0 -9999.0 -9999.0 -9999.0 -9999.0 -9999.0 -9999.0 -9999.0 -9999.0 -9999.0 -9999.0 -9999.0 -9999.0 -9999.0 -9999.0 -9999.0 -9999.0 -9999.0 -9999.0 -9999.0 -9999.0 -9999.0 -9999.0 -9999.0 -9999.0 -9999.0 -9999.0 -9999.0 -9999.0 -9999.0 -9999.0 -9999.0 -9999.0 -9999.0 -9999.0 -9999.0 -9999.0 -9999.0 -9999.0 -9999.0 -9999.0 -9999.0 -9999.0 -9999.0 -9999.0 -9999.0 -9999.0 -9999.0 -9999.0 -9999.0 -9999.0 -9999.0 -9999.0 -9999.0 -9999.0 -9999.0 -9999.0 -9999.0 -9999.0 -9999.0 -9999.0 -9999.0 -9999.0 -9999.0 -9999.0 -9999.0 -9999.0 -9999.0 -9999.0 -9999.0 -9999.0 -9999.0 -9999.0 -9999.0 -9999.0 -9999.0 -9999.0 -9999.0 -9999.0 -9999.0 -9999.0 -9999.0 -9999.0 -9999.0 -9999.0 -9999.0 -9999.0 -9999.0 -9999.0 -9999.0 -9999.0 -9999.0 -9999.0
-9999.0 -9999.0 -9999.0 -9999.0 -9999.0 -9999.0 -9999.0 -9999.0 -9999.0 -9999.0 -9999.0 -9999.0 -9999.0 -9999.0 -9999.0 -9999.0 -9999.0 -9999.0 -9999.0 -9999.0 -9999.0 -9999.0 -9999.0 -9999.0 -9999.0 -9999.0 -9999.0 -9999.0 -9999.0 -9999.0 -9999.0 -9999.0 -9999.0 -9999.0 -9999.0 -9999.0 -9999.0 -9999.0 -9999.0 -9999.0 -9999.0 -9999.0 -9999.0 -9999.0 -9999.0 -9999.0 -9999.0 -9999.0 -9999.0 -9999.0 -9999.0 -9999.0 -9999.0 -9999.0 -9999.0 -9999.0 -9999.0 -9999.0 -9999.0 -9999.0 -9999.0 -9999.0 -9999.0 -9999.0 -9999.0 -9999.0 -9999.0 -9999.0 -9999.0 -9999.0 -9999.0 -9999.0 -9999.0 -9999.0 -9999.0 -9999.0 -9999.0 -9999.0 -9999.0 -9999.0 -9999.0 -9999.0 -9999.0 -9999.0 -9999.0 -9999.0 -9999.0 -9999.0 -9999.0 -9999.0 -9999.0 -9999.0 -9999.0 -9999.0 -9999.0 -9999.0 -9999.0 -9999.0 -9999.0 -9999.0 -9999.0 -9999.0 -9999.0 -9999.0