inst/processing_geotop_simulation/geotop_simulation/out/maps3D/PwL0021N0252.asc
ncols         104
nrows         10
xllcorner     -2.000000
yllcorner     0.000000
cellsize      1.000000
NODATA_value  -9999.0
-9999.0 -9999.0 -9999.0 -9999.0 -9999.0 -9999.0 -9999.0 -9999.0 -9999.0 -9999.0 -9999.0 -9999.0 -9999.0 -9999.0 -9999.0 -9999.0 -9999.0 -9999.0 -9999.0 -9999.0 -9999.0 -9999.0 -9999.0 -9999.0 -9999.0 -9999.0 -9999.0 -9999.0 -9999.0 -9999.0 -9999.0 -9999.0 -9999.0 -9999.0 -9999.0 -9999.0 -9999.0 -9999.0 -9999.0 -9999.0 -9999.0 -9999.0 -9999.0 -9999.0 -9999.0 -9999.0 -9999.0 -9999.0 -9999.0 -9999.0 -9999.0 -9999.0 -9999.0 -9999.0 -9999.0 -9999.0 -9999.0 -9999.0 -9999.0 -9999.0 -9999.0 -9999.0 -9999.0 -9999.0 -9999.0 -9999.0 -9999.0 -9999.0 -9999.0 -9999.0 -9999.0 -9999.0 -9999.0 -9999.0 -9999.0 -9999.0 -9999.0 -9999.0 -9999.0 -9999.0 -9999.0 -9999.0 -9999.0 -9999.0 -9999.0 -9999.0 -9999.0 -9999.0 -9999.0 -9999.0 -9999.0 -9999.0 -9999.0 -9999.0 -9999.0 -9999.0 -9999.0 -9999.0 -9999.0 -9999.0 -9999.0 -9999.0 -9999.0 -9999.0
-9999.0 -9999.0 -9999.0 -9999.0 -9999.0 -9999.0 -9999.0 -9999.0 -9999.0 -9999.0 -9999.0 -9999.0 -9999.0 -9999.0 -9999.0 -9999.0 -9999.0 -9999.0 -9999.0 -9999.0 -9999.0 -9999.0 -9999.0 -9999.0 -9999.0 -9999.0 -9999.0 -9999.0 -9999.0 -9999.0 -9999.0 -9999.0 -9999.0 -9999.0 -9999.0 -9999.0 -9999.0 -9999.0 -9999.0 -9999.0 -9999.0 -9999.0 -9999.0 -9999.0 -9999.0 -9999.0 -9999.0 -9999.0 -9999.0 -9999.0 -9999.0 -9999.0 -9999.0 -9999.0 -9999.0 -9999.0 -9999.0 -9999.0 -9999.0 -9999.0 -9999.0 -9999.0 -9999.0 -9999.0 -9999.0 -9999.0 -9999.0 -9999.0 -9999.0 -9999.0 -9999.0 -9999.0 -9999.0 -9999.0 -9999.0 -9999.0 -9999.0 -9999.0 -9999.0 -9999.0 -9999.0 -9999.0 -9999.0 -9999.0 -9999.0 -9999.0 -9999.0 -9999.0 -9999.0 -9999.0 -9999.0 -9999.0 -9999.0 -9999.0 -9999.0 -9999.0 -9999.0 -9999.0 -9999.0 -9999.0 -9999.0 -9999.0 -9999.0 -9999.0
-9999.0 -9999.0 1022.709714 924.871723 826.934737 728.745852 630.411500 532.011053 433.589933 335.173372 236.775574 138.404711 40.065985 -58.230178 -156.479510 -254.649301 -352.663890 -450.375670 -547.524387 -643.663316 -739.143276 -834.524537 -928.858469 -1021.876014 -1107.475497 -1179.479194 -1240.540387 -1290.222018 -1329.090839 -1358.453024 -1379.982168 -1395.388264 -1406.203089 -1413.684309 -1418.804126 -1422.285050 -1424.660444 -1426.379648 -1428.131329 -1432.079660 -1446.214944 -1503.527009 -1705.122907 -3201.155555 -3932.316617 -3931.768711 -3844.240574 -3478.671251 -3082.526425 -2794.698250 -2590.825668 -2424.904736 -2325.844131 -2262.247400 -2203.305053 -2141.698336 -2075.411644 -2005.653996 -1935.110001 -1865.420066 -1786.087243 -1438.678451 -1461.886574 -1438.171405 -1431.394123 -1429.924588 -1429.661205 -1429.618833 -1429.612768 -1429.612496 -1429.613076 -1429.613677 -1429.614171 -1429.614559 -1429.614866 -1429.615112 -1429.615315 -1429.615485 -1429.615634 -1429.615770 -1429.615906 -1429.616054 -1429.616232 -1429.616467 -1429.616800 -1429.617292 -1429.618050 -1429.619244 -1429.621172 -1429.624359 -1429.629769 -1429.639224 -1429.656276 -1429.688013 -1429.748926 -1429.869718 -1430.119206 -1430.663081 -1431.927583 -1435.069387 -1443.485796 -1468.939380 -9999.0 -9999.0
-9999.0 -9999.0 1022.712551 924.872848 826.935116 728.745978 630.411542 532.011068 433.589939 335.173374 236.775574 138.404712 40.065985 -58.230177 -156.479510 -254.649301 -352.663890 -450.375670 -547.524387 -643.663316 -739.143276 -834.524538 -928.858470 -1021.876015 -1107.475498 -1179.479195 -1240.540387 -1290.222018 -1329.090839 -1358.453024 -1379.982168 -1395.388264 -1406.203089 -1413.684309 -1418.804126 -1422.285050 -1424.660444 -1426.379648 -1428.131329 -1432.079660 -1446.214944 -1503.527009 -1705.122906 -3201.155553 -3932.316617 -3931.768711 -3844.240574 -3478.671250 -3082.526424 -2794.698248 -2590.825665 -2424.904736 -2325.844131 -2262.247400 -2203.305052 -2141.698336 -2075.411644 -2005.653996 -1935.110001 -1865.420066 -1786.087243 -1438.678451 -1461.886574 -1438.171405 -1431.394123 -1429.924588 -1429.661205 -1429.618833 -1429.612768 -1429.612496 -1429.613076 -1429.613677 -1429.614171 -1429.614559 -1429.614866 -1429.615112 -1429.615315 -1429.615485 -1429.615634 -1429.615770 -1429.615906 -1429.616054 -1429.616232 -1429.616467 -1429.616800 -1429.617292 -1429.618050 -1429.619244 -1429.621172 -1429.624359 -1429.629769 -1429.639224 -1429.656276 -1429.688013 -1429.748926 -1429.869718 -1430.119206 -1430.663081 -1431.927583 -1435.069387 -1443.485796 -1468.939380 -9999.0 -9999.0
-9999.0 -9999.0 1022.713697 924.873470 826.935381 728.746081 630.411580 532.011082 433.589944 335.173376 236.775575 138.404712 40.065985 -58.230177 -156.479509 -254.649301 -352.663890 -450.375670 -547.524387 -643.663316 -739.143276 -834.524538 -928.858470 -1021.876015 -1107.475498 -1179.479195 -1240.540387 -1290.222018 -1329.090839 -1358.453024 -1379.982168 -1395.388264 -1406.203089 -1413.684309 -1418.804126 -1422.285050 -1424.660444 -1426.379648 -1428.131329 -1432.079660 -1446.214944 -1503.527009 -1705.122906 -3201.155553 -3932.316617 -3931.768711 -3844.240574 -3478.671249 -3082.526424 -2794.698246 -2590.825664 -2424.904735 -2325.844131 -2262.247400 -2203.305052 -2141.698336 -2075.411644 -2005.653995 -1935.110001 -1865.420065 -1786.087242 -1438.678451 -1461.886574 -1438.171405 -1431.394123 -1429.924588 -1429.661205 -1429.618833 -1429.612768 -1429.612496 -1429.613076 -1429.613677 -1429.614171 -1429.614559 -1429.614866 -1429.615112 -1429.615315 -1429.615485 -1429.615634 -1429.615770 -1429.615906 -1429.616054 -1429.616232 -1429.616467 -1429.616800 -1429.617292 -1429.618050 -1429.619244 -1429.621172 -1429.624359 -1429.629769 -1429.639224 -1429.656276 -1429.688013 -1429.748926 -1429.869718 -1430.119206 -1430.663081 -1431.927583 -1435.069387 -1443.485796 -1468.939380 -9999.0 -9999.0
-9999.0 -9999.0 1022.713697 924.873470 826.935381 728.746081 630.411580 532.011082 433.589944 335.173376 236.775575 138.404712 40.065985 -58.230177 -156.479509 -254.649301 -352.663890 -450.375670 -547.524387 -643.663316 -739.143276 -834.524538 -928.858470 -1021.876015 -1107.475498 -1179.479195 -1240.540387 -1290.222018 -1329.090839 -1358.453024 -1379.982168 -1395.388264 -1406.203089 -1413.684309 -1418.804126 -1422.285050 -1424.660444 -1426.379648 -1428.131329 -1432.079660 -1446.214944 -1503.527009 -1705.122906 -3201.155553 -3932.316617 -3931.768711 -3844.240574 -3478.671249 -3082.526424 -2794.698247 -2590.825664 -2424.904735 -2325.844131 -2262.247400 -2203.305052 -2141.698336 -2075.411644 -2005.653995 -1935.110000 -1865.420066 -1786.087242 -1438.678451 -1461.886574 -1438.171405 -1431.394123 -1429.924588 -1429.661205 -1429.618833 -1429.612768 -1429.612496 -1429.613076 -1429.613677 -1429.614171 -1429.614559 -1429.614866 -1429.615112 -1429.615315 -1429.615485 -1429.615634 -1429.615770 -1429.615906 -1429.616054 -1429.616232 -1429.616467 -1429.616800 -1429.617292 -1429.618050 -1429.619244 -1429.621172 -1429.624359 -1429.629769 -1429.639224 -1429.656276 -1429.688013 -1429.748926 -1429.869718 -1430.119206 -1430.663081 -1431.927583 -1435.069387 -1443.485796 -1468.939380 -9999.0 -9999.0
-9999.0 -9999.0 1022.712551 924.872848 826.935116 728.745978 630.411542 532.011068 433.589939 335.173374 236.775574 138.404712 40.065985 -58.230177 -156.479510 -254.649301 -352.663890 -450.375670 -547.524387 -643.663316 -739.143276 -834.524538 -928.858470 -1021.876015 -1107.475498 -1179.479195 -1240.540387 -1290.222018 -1329.090839 -1358.453024 -1379.982168 -1395.388264 -1406.203089 -1413.684309 -1418.804126 -1422.285050 -1424.660444 -1426.379648 -1428.131329 -1432.079660 -1446.214944 -1503.527009 -1705.122906 -3201.155553 -3932.316617 -3931.768711 -3844.240574 -3478.671250 -3082.526424 -2794.698247 -2590.825665 -2424.904736 -2325.844131 -2262.247400 -2203.305053 -2141.698336 -2075.411644 -2005.653995 -1935.110001 -1865.420066 -1786.087243 -1438.678451 -1461.886574 -1438.171405 -1431.394123 -1429.924588 -1429.661205 -1429.618833 -1429.612768 -1429.612496 -1429.613076 -1429.613677 -1429.614171 -1429.614559 -1429.614866 -1429.615112 -1429.615315 -1429.615485 -1429.615634 -1429.615770 -1429.615906 -1429.616054 -1429.616232 -1429.616467 -1429.616800 -1429.617292 -1429.618050 -1429.619244 -1429.621172 -1429.624359 -1429.629769 -1429.639224 -1429.656276 -1429.688013 -1429.748926 -1429.869718 -1430.119206 -1430.663081 -1431.927583 -1435.069387 -1443.485796 -1468.939380 -9999.0 -9999.0
-9999.0 -9999.0 1022.709714 924.871723 826.934737 728.745852 630.411500 532.011053 433.589933 335.173372 236.775574 138.404711 40.065985 -58.230178 -156.479510 -254.649301 -352.663890 -450.375670 -547.524387 -643.663316 -739.143276 -834.524537 -928.858469 -1021.876014 -1107.475498 -1179.479194 -1240.540387 -1290.222018 -1329.090839 -1358.453024 -1379.982168 -1395.388264 -1406.203089 -1413.684309 -1418.804126 -1422.285050 -1424.660444 -1426.379648 -1428.131329 -1432.079660 -1446.214944 -1503.527009 -1705.122907 -3201.155555 -3932.316617 -3931.768711 -3844.240574 -3478.671251 -3082.526425 -2794.698251 -2590.825668 -2424.904736 -2325.844131 -2262.247400 -2203.305053 -2141.698336 -2075.411644 -2005.653996 -1935.110001 -1865.420066 -1786.087243 -1438.678451 -1461.886574 -1438.171405 -1431.394123 -1429.924588 -1429.661205 -1429.618833 -1429.612768 -1429.612496 -1429.613076 -1429.613677 -1429.614171 -1429.614559 -1429.614866 -1429.615112 -1429.615315 -1429.615485 -1429.615634 -1429.615770 -1429.615906 -1429.616054 -1429.616232 -1429.616467 -1429.616800 -1429.617292 -1429.618050 -1429.619244 -1429.621172 -1429.624359 -1429.629769 -1429.639224 -1429.656276 -1429.688013 -1429.748926 -1429.869718 -1430.119206 -1430.663081 -1431.927583 -1435.069387 -1443.485796 -1468.939380 -9999.0 -9999.0
-9999.0 -9999.0 -9999.0 -9999.0 -9999.0 -9999.0 -9999.0 -9999.0 -9999.0 -9999.0 -9999.0 -9999.0 -9999.0 -9999.0 -9999.0 -9999.0 -9999.0 -9999.0 -9999.0 -9999.0 -9999.0 -9999.0 -9999.0 -9999.0 -9999.0 -9999.0 -9999.0 -9999.0 -9999.0 -9999.0 -9999.0 -9999.0 -9999.0 -9999.0 -9999.0 -9999.0 -9999.0 -9999.0 -9999.0 -9999.0 -9999.0 -9999.0 -9999.0 -9999.0 -9999.0 -9999.0 -9999.0 -9999.0 -9999.0 -9999.0 -9999.0 -9999.0 -9999.0 -9999.0 -9999.0 -9999.0 -9999.0 -9999.0 -9999.0 -9999.0 -9999.0 -9999.0 -9999.0 -9999.0 -9999.0 -9999.0 -9999.0 -9999.0 -9999.0 -9999.0 -9999.0 -9999.0 -9999.0 -9999.0 -9999.0 -9999.0 -9999.0 -9999.0 -9999.0 -9999.0 -9999.0 -9999.0 -9999.0 -9999.0 -9999.0 -9999.0 -9999.0 -9999.0 -9999.0 -9999.0 -9999.0 -9999.0 -9999.0 -9999.0 -9999.0 -9999.0 -9999.0 -9999.0 -9999.0 -9999.0 -9999.0 -9999.0 -9999.0 -9999.0
-9999.0 -9999.0 -9999.0 -9999.0 -9999.0 -9999.0 -9999.0 -9999.0 -9999.0 -9999.0 -9999.0 -9999.0 -9999.0 -9999.0 -9999.0 -9999.0 -9999.0 -9999.0 -9999.0 -9999.0 -9999.0 -9999.0 -9999.0 -9999.0 -9999.0 -9999.0 -9999.0 -9999.0 -9999.0 -9999.0 -9999.0 -9999.0 -9999.0 -9999.0 -9999.0 -9999.0 -9999.0 -9999.0 -9999.0 -9999.0 -9999.0 -9999.0 -9999.0 -9999.0 -9999.0 -9999.0 -9999.0 -9999.0 -9999.0 -9999.0 -9999.0 -9999.0 -9999.0 -9999.0 -9999.0 -9999.0 -9999.0 -9999.0 -9999.0 -9999.0 -9999.0 -9999.0 -9999.0 -9999.0 -9999.0 -9999.0 -9999.0 -9999.0 -9999.0 -9999.0 -9999.0 -9999.0 -9999.0 -9999.0 -9999.0 -9999.0 -9999.0 -9999.0 -9999.0 -9999.0 -9999.0 -9999.0 -9999.0 -9999.0 -9999.0 -9999.0 -9999.0 -9999.0 -9999.0 -9999.0 -9999.0 -9999.0 -9999.0 -9999.0 -9999.0 -9999.0 -9999.0 -9999.0 -9999.0 -9999.0 -9999.0 -9999.0 -9999.0 -9999.0