inst/processing_geotop_simulation/geotop_simulation/out/maps3D/PwL0019N0381.asc
ncols         104
nrows         10
xllcorner     -2.000000
yllcorner     0.000000
cellsize      1.000000
NODATA_value  -9999.0
-9999.0 -9999.0 -9999.0 -9999.0 -9999.0 -9999.0 -9999.0 -9999.0 -9999.0 -9999.0 -9999.0 -9999.0 -9999.0 -9999.0 -9999.0 -9999.0 -9999.0 -9999.0 -9999.0 -9999.0 -9999.0 -9999.0 -9999.0 -9999.0 -9999.0 -9999.0 -9999.0 -9999.0 -9999.0 -9999.0 -9999.0 -9999.0 -9999.0 -9999.0 -9999.0 -9999.0 -9999.0 -9999.0 -9999.0 -9999.0 -9999.0 -9999.0 -9999.0 -9999.0 -9999.0 -9999.0 -9999.0 -9999.0 -9999.0 -9999.0 -9999.0 -9999.0 -9999.0 -9999.0 -9999.0 -9999.0 -9999.0 -9999.0 -9999.0 -9999.0 -9999.0 -9999.0 -9999.0 -9999.0 -9999.0 -9999.0 -9999.0 -9999.0 -9999.0 -9999.0 -9999.0 -9999.0 -9999.0 -9999.0 -9999.0 -9999.0 -9999.0 -9999.0 -9999.0 -9999.0 -9999.0 -9999.0 -9999.0 -9999.0 -9999.0 -9999.0 -9999.0 -9999.0 -9999.0 -9999.0 -9999.0 -9999.0 -9999.0 -9999.0 -9999.0 -9999.0 -9999.0 -9999.0 -9999.0 -9999.0 -9999.0 -9999.0 -9999.0 -9999.0
-9999.0 -9999.0 -9999.0 -9999.0 -9999.0 -9999.0 -9999.0 -9999.0 -9999.0 -9999.0 -9999.0 -9999.0 -9999.0 -9999.0 -9999.0 -9999.0 -9999.0 -9999.0 -9999.0 -9999.0 -9999.0 -9999.0 -9999.0 -9999.0 -9999.0 -9999.0 -9999.0 -9999.0 -9999.0 -9999.0 -9999.0 -9999.0 -9999.0 -9999.0 -9999.0 -9999.0 -9999.0 -9999.0 -9999.0 -9999.0 -9999.0 -9999.0 -9999.0 -9999.0 -9999.0 -9999.0 -9999.0 -9999.0 -9999.0 -9999.0 -9999.0 -9999.0 -9999.0 -9999.0 -9999.0 -9999.0 -9999.0 -9999.0 -9999.0 -9999.0 -9999.0 -9999.0 -9999.0 -9999.0 -9999.0 -9999.0 -9999.0 -9999.0 -9999.0 -9999.0 -9999.0 -9999.0 -9999.0 -9999.0 -9999.0 -9999.0 -9999.0 -9999.0 -9999.0 -9999.0 -9999.0 -9999.0 -9999.0 -9999.0 -9999.0 -9999.0 -9999.0 -9999.0 -9999.0 -9999.0 -9999.0 -9999.0 -9999.0 -9999.0 -9999.0 -9999.0 -9999.0 -9999.0 -9999.0 -9999.0 -9999.0 -9999.0 -9999.0 -9999.0
-9999.0 -9999.0 919.384523 820.496634 721.503242 622.367497 523.155372 423.909426 324.652938 225.398589 126.153448 26.922081 -72.289517 -171.480938 -270.641620 -369.748424 -468.757027 -567.586210 -666.092676 -764.386514 -862.629923 -960.464036 -1057.677669 -1151.805548 -1239.206432 -1319.098508 -1389.634458 -1449.642794 -1498.836970 -1537.783388 -1567.672020 -1590.008216 -1606.338914 -1618.070813 -1626.383885 -1632.216978 -1636.305110 -1639.288521 -1642.032809 -1646.482030 -1657.008891 -1683.266781 -1868.102420 -3937.650564 -4034.620632 -4034.631098 -4034.100030 -4029.381587 -4010.936130 -3963.577935 -3872.310960 -3717.443295 -3574.690305 -3462.244069 -3345.290852 -3212.883398 -3063.066678 -2902.401579 -2741.552102 -2587.134106 -2400.605259 -1608.294734 -1639.581240 -1648.713125 -1646.675606 -1645.561414 -1645.275284 -1645.218898 -1645.209503 -1645.208484 -1645.208817 -1645.209295 -1645.209720 -1645.210076 -1645.210376 -1645.210635 -1645.210864 -1645.211073 -1645.211269 -1645.211460 -1645.211654 -1645.211862 -1645.212098 -1645.212382 -1645.212745 -1645.213238 -1645.213941 -1645.214992 -1645.216625 -1645.219261 -1645.223681 -1645.231370 -1645.245249 -1645.271207 -1645.321487 -1645.422656 -1645.635873 -1646.111720 -1647.246389 -1650.162069 -1658.369196 -1684.334889 -9999.0 -9999.0
-9999.0 -9999.0 919.387464 820.497741 721.503602 622.367615 523.155411 423.909440 324.652944 225.398591 126.153449 26.922081 -72.289516 -171.480938 -270.641619 -369.748425 -468.757027 -567.586210 -666.092677 -764.386515 -862.629923 -960.464036 -1057.677669 -1151.805548 -1239.206432 -1319.098509 -1389.634458 -1449.642795 -1498.836970 -1537.783388 -1567.672020 -1590.008216 -1606.338914 -1618.070813 -1626.383885 -1632.216978 -1636.305110 -1639.288521 -1642.032809 -1646.482030 -1657.008891 -1683.266781 -1868.102420 -3937.650564 -4034.620632 -4034.631098 -4034.100030 -4029.381587 -4010.936130 -3963.577934 -3872.310958 -3717.443295 -3574.690305 -3462.244068 -3345.290851 -3212.883398 -3063.066677 -2902.401579 -2741.552102 -2587.134106 -2400.605259 -1608.294734 -1639.581240 -1648.713125 -1646.675606 -1645.561414 -1645.275284 -1645.218898 -1645.209503 -1645.208484 -1645.208817 -1645.209295 -1645.209720 -1645.210076 -1645.210376 -1645.210635 -1645.210864 -1645.211073 -1645.211269 -1645.211460 -1645.211654 -1645.211862 -1645.212098 -1645.212382 -1645.212745 -1645.213238 -1645.213941 -1645.214992 -1645.216625 -1645.219261 -1645.223681 -1645.231370 -1645.245249 -1645.271207 -1645.321487 -1645.422656 -1645.635873 -1646.111720 -1647.246389 -1650.162069 -1658.369196 -1684.334889 -9999.0 -9999.0
-9999.0 -9999.0 919.388567 820.498331 721.503850 622.367710 523.155446 423.909453 324.652948 225.398593 126.153450 26.922082 -72.289516 -171.480938 -270.641620 -369.748424 -468.757027 -567.586210 -666.092677 -764.386515 -862.629924 -960.464036 -1057.677669 -1151.805548 -1239.206432 -1319.098509 -1389.634458 -1449.642795 -1498.836970 -1537.783388 -1567.672020 -1590.008216 -1606.338914 -1618.070813 -1626.383885 -1632.216978 -1636.305110 -1639.288521 -1642.032809 -1646.482030 -1657.008891 -1683.266781 -1868.102420 -3937.650564 -4034.620632 -4034.631098 -4034.100030 -4029.381587 -4010.936130 -3963.577934 -3872.310957 -3717.443294 -3574.690305 -3462.244068 -3345.290852 -3212.883397 -3063.066677 -2902.401578 -2741.552102 -2587.134106 -2400.605259 -1608.294734 -1639.581240 -1648.713125 -1646.675606 -1645.561414 -1645.275284 -1645.218898 -1645.209503 -1645.208484 -1645.208817 -1645.209295 -1645.209720 -1645.210076 -1645.210376 -1645.210635 -1645.210864 -1645.211073 -1645.211269 -1645.211460 -1645.211654 -1645.211862 -1645.212098 -1645.212382 -1645.212745 -1645.213238 -1645.213941 -1645.214992 -1645.216625 -1645.219261 -1645.223681 -1645.231370 -1645.245249 -1645.271207 -1645.321487 -1645.422656 -1645.635873 -1646.111720 -1647.246389 -1650.162069 -1658.369196 -1684.334889 -9999.0 -9999.0
-9999.0 -9999.0 919.388567 820.498331 721.503850 622.367710 523.155446 423.909453 324.652948 225.398593 126.153450 26.922081 -72.289516 -171.480938 -270.641619 -369.748425 -468.757027 -567.586210 -666.092677 -764.386515 -862.629924 -960.464036 -1057.677669 -1151.805548 -1239.206432 -1319.098509 -1389.634458 -1449.642795 -1498.836970 -1537.783388 -1567.672020 -1590.008216 -1606.338914 -1618.070813 -1626.383885 -1632.216978 -1636.305110 -1639.288521 -1642.032809 -1646.482030 -1657.008891 -1683.266781 -1868.102420 -3937.650564 -4034.620632 -4034.631098 -4034.100030 -4029.381587 -4010.936130 -3963.577934 -3872.310957 -3717.443294 -3574.690305 -3462.244068 -3345.290851 -3212.883398 -3063.066677 -2902.401579 -2741.552101 -2587.134106 -2400.605259 -1608.294734 -1639.581240 -1648.713125 -1646.675606 -1645.561414 -1645.275284 -1645.218898 -1645.209503 -1645.208484 -1645.208817 -1645.209295 -1645.209720 -1645.210076 -1645.210376 -1645.210635 -1645.210864 -1645.211073 -1645.211269 -1645.211460 -1645.211654 -1645.211862 -1645.212098 -1645.212382 -1645.212745 -1645.213238 -1645.213941 -1645.214992 -1645.216625 -1645.219261 -1645.223681 -1645.231370 -1645.245249 -1645.271207 -1645.321487 -1645.422656 -1645.635873 -1646.111720 -1647.246389 -1650.162069 -1658.369196 -1684.334889 -9999.0 -9999.0
-9999.0 -9999.0 919.387464 820.497741 721.503602 622.367615 523.155411 423.909440 324.652944 225.398591 126.153449 26.922081 -72.289517 -171.480938 -270.641620 -369.748424 -468.757027 -567.586210 -666.092677 -764.386515 -862.629924 -960.464036 -1057.677669 -1151.805548 -1239.206432 -1319.098509 -1389.634458 -1449.642795 -1498.836970 -1537.783388 -1567.672020 -1590.008216 -1606.338914 -1618.070813 -1626.383885 -1632.216978 -1636.305110 -1639.288521 -1642.032809 -1646.482030 -1657.008891 -1683.266781 -1868.102420 -3937.650564 -4034.620632 -4034.631098 -4034.100030 -4029.381587 -4010.936130 -3963.577934 -3872.310958 -3717.443294 -3574.690305 -3462.244068 -3345.290852 -3212.883398 -3063.066678 -2902.401579 -2741.552102 -2587.134106 -2400.605259 -1608.294734 -1639.581240 -1648.713125 -1646.675606 -1645.561414 -1645.275284 -1645.218898 -1645.209503 -1645.208484 -1645.208817 -1645.209295 -1645.209720 -1645.210076 -1645.210376 -1645.210635 -1645.210864 -1645.211073 -1645.211269 -1645.211460 -1645.211654 -1645.211862 -1645.212098 -1645.212382 -1645.212745 -1645.213238 -1645.213941 -1645.214992 -1645.216625 -1645.219261 -1645.223681 -1645.231370 -1645.245249 -1645.271207 -1645.321487 -1645.422656 -1645.635873 -1646.111720 -1647.246389 -1650.162069 -1658.369196 -1684.334889 -9999.0 -9999.0
-9999.0 -9999.0 919.384523 820.496634 721.503242 622.367497 523.155372 423.909426 324.652938 225.398588 126.153448 26.922080 -72.289517 -171.480939 -270.641619 -369.748425 -468.757027 -567.586210 -666.092676 -764.386515 -862.629923 -960.464036 -1057.677669 -1151.805548 -1239.206432 -1319.098508 -1389.634458 -1449.642794 -1498.836970 -1537.783388 -1567.672020 -1590.008216 -1606.338914 -1618.070813 -1626.383885 -1632.216978 -1636.305110 -1639.288521 -1642.032809 -1646.482030 -1657.008891 -1683.266781 -1868.102420 -3937.650564 -4034.620632 -4034.631098 -4034.100030 -4029.381587 -4010.936130 -3963.577935 -3872.310960 -3717.443296 -3574.690305 -3462.244069 -3345.290852 -3212.883399 -3063.066678 -2902.401579 -2741.552102 -2587.134106 -2400.605259 -1608.294734 -1639.581240 -1648.713125 -1646.675606 -1645.561414 -1645.275284 -1645.218898 -1645.209503 -1645.208484 -1645.208817 -1645.209295 -1645.209720 -1645.210076 -1645.210376 -1645.210635 -1645.210864 -1645.211073 -1645.211269 -1645.211460 -1645.211654 -1645.211862 -1645.212098 -1645.212382 -1645.212745 -1645.213238 -1645.213941 -1645.214992 -1645.216625 -1645.219261 -1645.223681 -1645.231370 -1645.245249 -1645.271207 -1645.321487 -1645.422656 -1645.635873 -1646.111720 -1647.246389 -1650.162069 -1658.369196 -1684.334889 -9999.0 -9999.0
-9999.0 -9999.0 -9999.0 -9999.0 -9999.0 -9999.0 -9999.0 -9999.0 -9999.0 -9999.0 -9999.0 -9999.0 -9999.0 -9999.0 -9999.0 -9999.0 -9999.0 -9999.0 -9999.0 -9999.0 -9999.0 -9999.0 -9999.0 -9999.0 -9999.0 -9999.0 -9999.0 -9999.0 -9999.0 -9999.0 -9999.0 -9999.0 -9999.0 -9999.0 -9999.0 -9999.0 -9999.0 -9999.0 -9999.0 -9999.0 -9999.0 -9999.0 -9999.0 -9999.0 -9999.0 -9999.0 -9999.0 -9999.0 -9999.0 -9999.0 -9999.0 -9999.0 -9999.0 -9999.0 -9999.0 -9999.0 -9999.0 -9999.0 -9999.0 -9999.0 -9999.0 -9999.0 -9999.0 -9999.0 -9999.0 -9999.0 -9999.0 -9999.0 -9999.0 -9999.0 -9999.0 -9999.0 -9999.0 -9999.0 -9999.0 -9999.0 -9999.0 -9999.0 -9999.0 -9999.0 -9999.0 -9999.0 -9999.0 -9999.0 -9999.0 -9999.0 -9999.0 -9999.0 -9999.0 -9999.0 -9999.0 -9999.0 -9999.0 -9999.0 -9999.0 -9999.0 -9999.0 -9999.0 -9999.0 -9999.0 -9999.0 -9999.0 -9999.0 -9999.0
-9999.0 -9999.0 -9999.0 -9999.0 -9999.0 -9999.0 -9999.0 -9999.0 -9999.0 -9999.0 -9999.0 -9999.0 -9999.0 -9999.0 -9999.0 -9999.0 -9999.0 -9999.0 -9999.0 -9999.0 -9999.0 -9999.0 -9999.0 -9999.0 -9999.0 -9999.0 -9999.0 -9999.0 -9999.0 -9999.0 -9999.0 -9999.0 -9999.0 -9999.0 -9999.0 -9999.0 -9999.0 -9999.0 -9999.0 -9999.0 -9999.0 -9999.0 -9999.0 -9999.0 -9999.0 -9999.0 -9999.0 -9999.0 -9999.0 -9999.0 -9999.0 -9999.0 -9999.0 -9999.0 -9999.0 -9999.0 -9999.0 -9999.0 -9999.0 -9999.0 -9999.0 -9999.0 -9999.0 -9999.0 -9999.0 -9999.0 -9999.0 -9999.0 -9999.0 -9999.0 -9999.0 -9999.0 -9999.0 -9999.0 -9999.0 -9999.0 -9999.0 -9999.0 -9999.0 -9999.0 -9999.0 -9999.0 -9999.0 -9999.0 -9999.0 -9999.0 -9999.0 -9999.0 -9999.0 -9999.0 -9999.0 -9999.0 -9999.0 -9999.0 -9999.0 -9999.0 -9999.0 -9999.0 -9999.0 -9999.0 -9999.0 -9999.0 -9999.0 -9999.0