inst/processing_geotop_simulation/geotop_simulation/out/maps3D/PwL0006N0269.asc
ncols         104
nrows         10
xllcorner     -2.000000
yllcorner     0.000000
cellsize      1.000000
NODATA_value  -9999.0
-9999.0 -9999.0 -9999.0 -9999.0 -9999.0 -9999.0 -9999.0 -9999.0 -9999.0 -9999.0 -9999.0 -9999.0 -9999.0 -9999.0 -9999.0 -9999.0 -9999.0 -9999.0 -9999.0 -9999.0 -9999.0 -9999.0 -9999.0 -9999.0 -9999.0 -9999.0 -9999.0 -9999.0 -9999.0 -9999.0 -9999.0 -9999.0 -9999.0 -9999.0 -9999.0 -9999.0 -9999.0 -9999.0 -9999.0 -9999.0 -9999.0 -9999.0 -9999.0 -9999.0 -9999.0 -9999.0 -9999.0 -9999.0 -9999.0 -9999.0 -9999.0 -9999.0 -9999.0 -9999.0 -9999.0 -9999.0 -9999.0 -9999.0 -9999.0 -9999.0 -9999.0 -9999.0 -9999.0 -9999.0 -9999.0 -9999.0 -9999.0 -9999.0 -9999.0 -9999.0 -9999.0 -9999.0 -9999.0 -9999.0 -9999.0 -9999.0 -9999.0 -9999.0 -9999.0 -9999.0 -9999.0 -9999.0 -9999.0 -9999.0 -9999.0 -9999.0 -9999.0 -9999.0 -9999.0 -9999.0 -9999.0 -9999.0 -9999.0 -9999.0 -9999.0 -9999.0 -9999.0 -9999.0 -9999.0 -9999.0 -9999.0 -9999.0 -9999.0 -9999.0
-9999.0 -9999.0 -9999.0 -9999.0 -9999.0 -9999.0 -9999.0 -9999.0 -9999.0 -9999.0 -9999.0 -9999.0 -9999.0 -9999.0 -9999.0 -9999.0 -9999.0 -9999.0 -9999.0 -9999.0 -9999.0 -9999.0 -9999.0 -9999.0 -9999.0 -9999.0 -9999.0 -9999.0 -9999.0 -9999.0 -9999.0 -9999.0 -9999.0 -9999.0 -9999.0 -9999.0 -9999.0 -9999.0 -9999.0 -9999.0 -9999.0 -9999.0 -9999.0 -9999.0 -9999.0 -9999.0 -9999.0 -9999.0 -9999.0 -9999.0 -9999.0 -9999.0 -9999.0 -9999.0 -9999.0 -9999.0 -9999.0 -9999.0 -9999.0 -9999.0 -9999.0 -9999.0 -9999.0 -9999.0 -9999.0 -9999.0 -9999.0 -9999.0 -9999.0 -9999.0 -9999.0 -9999.0 -9999.0 -9999.0 -9999.0 -9999.0 -9999.0 -9999.0 -9999.0 -9999.0 -9999.0 -9999.0 -9999.0 -9999.0 -9999.0 -9999.0 -9999.0 -9999.0 -9999.0 -9999.0 -9999.0 -9999.0 -9999.0 -9999.0 -9999.0 -9999.0 -9999.0 -9999.0 -9999.0 -9999.0 -9999.0 -9999.0 -9999.0 -9999.0
-9999.0 -9999.0 276.379338 180.337454 82.639204 -15.616271 -114.086310 -212.643959 -311.217651 -409.756213 -508.194012 -606.373728 -703.975078 -801.362990 -898.489420 -995.584915 -1092.541005 -1187.544544 -1280.462989 -1370.141413 -1453.898634 -1527.998253 -1589.624628 -1638.081410 -1674.524184 -1701.052122 -1719.920822 -1733.116271 -1742.220845 -1748.430551 -1752.623032 -1755.428973 -1757.293539 -1758.525782 -1759.337396 -1759.873719 -1760.242727 -1760.567487 -1761.194660 -1763.493646 -1770.433290 -1757.249386 -1146.217682 -1173.420721 -1154.725701 -1142.726617 -1137.135041 -1136.326701 -1136.242092 -1136.250975 -1136.273367 -1136.297406 -1136.320501 -1136.341883 -1136.361709 -1136.384585 -1136.454627 -1136.929895 -1139.874562 -1146.476096 -1155.702849 -1115.948734 -1731.032967 -1764.270392 -1762.159276 -1761.202347 -1761.014034 -1760.983311 -1760.979005 -1760.979001 -1760.979619 -1760.980215 -1760.980690 -1760.981055 -1760.981335 -1760.981553 -1760.981726 -1760.981867 -1760.981985 -1760.982090 -1760.982194 -1760.982310 -1760.982457 -1760.982660 -1760.982960 -1760.983421 -1760.984146 -1760.985309 -1760.987202 -1760.990345 -1760.995681 -1761.004989 -1761.021712 -1761.052661 -1761.111549 -1761.226584 -1761.458116 -1761.943893 -1763.025350 -1765.632837 -1772.679931 -1795.484787 -9999.0 -9999.0
-9999.0 -9999.0 276.387826 180.339405 82.639714 -15.616121 -114.086262 -212.643943 -311.217645 -409.756211 -508.194011 -606.373728 -703.975078 -801.362990 -898.489420 -995.584915 -1092.541005 -1187.544544 -1280.462990 -1370.141413 -1453.898634 -1527.998253 -1589.624628 -1638.081410 -1674.524184 -1701.052122 -1719.920822 -1733.116271 -1742.220845 -1748.430551 -1752.623032 -1755.428973 -1757.293539 -1758.525782 -1759.337396 -1759.873719 -1760.242727 -1760.567487 -1761.194660 -1763.493646 -1770.433290 -1757.249386 -1146.217682 -1173.420721 -1154.725700 -1142.726616 -1137.135041 -1136.326701 -1136.242092 -1136.250975 -1136.273367 -1136.297406 -1136.320501 -1136.341883 -1136.361709 -1136.384585 -1136.454627 -1136.929895 -1139.874562 -1146.476096 -1155.702849 -1115.948734 -1731.032967 -1764.270392 -1762.159276 -1761.202347 -1761.014034 -1760.983311 -1760.979005 -1760.979001 -1760.979619 -1760.980215 -1760.980690 -1760.981055 -1760.981335 -1760.981553 -1760.981726 -1760.981867 -1760.981985 -1760.982090 -1760.982194 -1760.982310 -1760.982457 -1760.982660 -1760.982960 -1760.983421 -1760.984146 -1760.985309 -1760.987202 -1760.990345 -1760.995681 -1761.004989 -1761.021712 -1761.052661 -1761.111549 -1761.226584 -1761.458116 -1761.943893 -1763.025350 -1765.632837 -1772.679931 -1795.484787 -9999.0 -9999.0
-9999.0 -9999.0 276.389296 180.340221 82.640038 -15.616003 -114.086221 -212.643928 -311.217639 -409.756209 -508.194011 -606.373728 -703.975077 -801.362990 -898.489420 -995.584915 -1092.541005 -1187.544545 -1280.462990 -1370.141413 -1453.898634 -1527.998253 -1589.624628 -1638.081410 -1674.524184 -1701.052122 -1719.920822 -1733.116271 -1742.220845 -1748.430551 -1752.623032 -1755.428973 -1757.293539 -1758.525782 -1759.337396 -1759.873719 -1760.242727 -1760.567487 -1761.194660 -1763.493646 -1770.433290 -1757.249386 -1146.217682 -1173.420721 -1154.725700 -1142.726616 -1137.135041 -1136.326701 -1136.242092 -1136.250975 -1136.273367 -1136.297406 -1136.320501 -1136.341883 -1136.361709 -1136.384585 -1136.454627 -1136.929895 -1139.874562 -1146.476096 -1155.702849 -1115.948734 -1731.032967 -1764.270392 -1762.159276 -1761.202347 -1761.014034 -1760.983311 -1760.979005 -1760.979001 -1760.979619 -1760.980215 -1760.980690 -1760.981055 -1760.981335 -1760.981553 -1760.981726 -1760.981867 -1760.981985 -1760.982090 -1760.982194 -1760.982310 -1760.982457 -1760.982660 -1760.982960 -1760.983421 -1760.984146 -1760.985309 -1760.987202 -1760.990345 -1760.995681 -1761.004989 -1761.021712 -1761.052661 -1761.111549 -1761.226584 -1761.458116 -1761.943893 -1763.025350 -1765.632837 -1772.679931 -1795.484787 -9999.0 -9999.0
-9999.0 -9999.0 276.389296 180.340221 82.640038 -15.616003 -114.086221 -212.643928 -311.217640 -409.756209 -508.194011 -606.373728 -703.975077 -801.362990 -898.489420 -995.584915 -1092.541005 -1187.544545 -1280.462990 -1370.141413 -1453.898634 -1527.998253 -1589.624628 -1638.081410 -1674.524184 -1701.052122 -1719.920822 -1733.116271 -1742.220845 -1748.430551 -1752.623032 -1755.428973 -1757.293539 -1758.525782 -1759.337396 -1759.873719 -1760.242727 -1760.567487 -1761.194660 -1763.493646 -1770.433290 -1757.249386 -1146.217682 -1173.420721 -1154.725700 -1142.726616 -1137.135041 -1136.326701 -1136.242092 -1136.250975 -1136.273367 -1136.297406 -1136.320501 -1136.341883 -1136.361709 -1136.384585 -1136.454627 -1136.929895 -1139.874562 -1146.476096 -1155.702849 -1115.948734 -1731.032967 -1764.270392 -1762.159276 -1761.202347 -1761.014034 -1760.983311 -1760.979005 -1760.979001 -1760.979619 -1760.980215 -1760.980690 -1760.981055 -1760.981335 -1760.981553 -1760.981726 -1760.981867 -1760.981985 -1760.982090 -1760.982194 -1760.982310 -1760.982457 -1760.982660 -1760.982960 -1760.983421 -1760.984146 -1760.985309 -1760.987202 -1760.990345 -1760.995681 -1761.004989 -1761.021712 -1761.052661 -1761.111549 -1761.226584 -1761.458116 -1761.943893 -1763.025350 -1765.632837 -1772.679931 -1795.484787 -9999.0 -9999.0
-9999.0 -9999.0 276.387826 180.339405 82.639714 -15.616121 -114.086262 -212.643943 -311.217645 -409.756211 -508.194011 -606.373728 -703.975078 -801.362990 -898.489420 -995.584915 -1092.541005 -1187.544544 -1280.462990 -1370.141413 -1453.898634 -1527.998253 -1589.624628 -1638.081410 -1674.524184 -1701.052122 -1719.920822 -1733.116271 -1742.220845 -1748.430551 -1752.623032 -1755.428973 -1757.293539 -1758.525782 -1759.337396 -1759.873719 -1760.242727 -1760.567487 -1761.194660 -1763.493646 -1770.433290 -1757.249386 -1146.217682 -1173.420721 -1154.725700 -1142.726616 -1137.135041 -1136.326701 -1136.242092 -1136.250975 -1136.273367 -1136.297406 -1136.320501 -1136.341883 -1136.361709 -1136.384585 -1136.454627 -1136.929895 -1139.874562 -1146.476096 -1155.702849 -1115.948734 -1731.032967 -1764.270392 -1762.159276 -1761.202347 -1761.014034 -1760.983311 -1760.979005 -1760.979001 -1760.979619 -1760.980215 -1760.980690 -1760.981055 -1760.981335 -1760.981553 -1760.981726 -1760.981867 -1760.981985 -1760.982090 -1760.982194 -1760.982310 -1760.982457 -1760.982660 -1760.982960 -1760.983421 -1760.984146 -1760.985309 -1760.987202 -1760.990345 -1760.995681 -1761.004989 -1761.021712 -1761.052661 -1761.111549 -1761.226584 -1761.458116 -1761.943893 -1763.025350 -1765.632837 -1772.679931 -1795.484787 -9999.0 -9999.0
-9999.0 -9999.0 276.379338 180.337454 82.639204 -15.616271 -114.086310 -212.643959 -311.217651 -409.756213 -508.194012 -606.373728 -703.975078 -801.362990 -898.489420 -995.584915 -1092.541005 -1187.544544 -1280.462990 -1370.141413 -1453.898634 -1527.998253 -1589.624628 -1638.081410 -1674.524184 -1701.052122 -1719.920822 -1733.116271 -1742.220845 -1748.430551 -1752.623032 -1755.428973 -1757.293539 -1758.525782 -1759.337396 -1759.873719 -1760.242727 -1760.567487 -1761.194660 -1763.493646 -1770.433290 -1757.249386 -1146.217682 -1173.420721 -1154.725701 -1142.726617 -1137.135041 -1136.326701 -1136.242092 -1136.250975 -1136.273367 -1136.297406 -1136.320501 -1136.341883 -1136.361709 -1136.384585 -1136.454627 -1136.929895 -1139.874562 -1146.476096 -1155.702849 -1115.948734 -1731.032967 -1764.270392 -1762.159276 -1761.202347 -1761.014034 -1760.983311 -1760.979005 -1760.979001 -1760.979619 -1760.980215 -1760.980690 -1760.981055 -1760.981335 -1760.981553 -1760.981726 -1760.981867 -1760.981985 -1760.982090 -1760.982194 -1760.982310 -1760.982457 -1760.982660 -1760.982960 -1760.983421 -1760.984146 -1760.985309 -1760.987202 -1760.990345 -1760.995681 -1761.004989 -1761.021712 -1761.052661 -1761.111549 -1761.226584 -1761.458116 -1761.943893 -1763.025350 -1765.632837 -1772.679931 -1795.484787 -9999.0 -9999.0
-9999.0 -9999.0 -9999.0 -9999.0 -9999.0 -9999.0 -9999.0 -9999.0 -9999.0 -9999.0 -9999.0 -9999.0 -9999.0 -9999.0 -9999.0 -9999.0 -9999.0 -9999.0 -9999.0 -9999.0 -9999.0 -9999.0 -9999.0 -9999.0 -9999.0 -9999.0 -9999.0 -9999.0 -9999.0 -9999.0 -9999.0 -9999.0 -9999.0 -9999.0 -9999.0 -9999.0 -9999.0 -9999.0 -9999.0 -9999.0 -9999.0 -9999.0 -9999.0 -9999.0 -9999.0 -9999.0 -9999.0 -9999.0 -9999.0 -9999.0 -9999.0 -9999.0 -9999.0 -9999.0 -9999.0 -9999.0 -9999.0 -9999.0 -9999.0 -9999.0 -9999.0 -9999.0 -9999.0 -9999.0 -9999.0 -9999.0 -9999.0 -9999.0 -9999.0 -9999.0 -9999.0 -9999.0 -9999.0 -9999.0 -9999.0 -9999.0 -9999.0 -9999.0 -9999.0 -9999.0 -9999.0 -9999.0 -9999.0 -9999.0 -9999.0 -9999.0 -9999.0 -9999.0 -9999.0 -9999.0 -9999.0 -9999.0 -9999.0 -9999.0 -9999.0 -9999.0 -9999.0 -9999.0 -9999.0 -9999.0 -9999.0 -9999.0 -9999.0 -9999.0
-9999.0 -9999.0 -9999.0 -9999.0 -9999.0 -9999.0 -9999.0 -9999.0 -9999.0 -9999.0 -9999.0 -9999.0 -9999.0 -9999.0 -9999.0 -9999.0 -9999.0 -9999.0 -9999.0 -9999.0 -9999.0 -9999.0 -9999.0 -9999.0 -9999.0 -9999.0 -9999.0 -9999.0 -9999.0 -9999.0 -9999.0 -9999.0 -9999.0 -9999.0 -9999.0 -9999.0 -9999.0 -9999.0 -9999.0 -9999.0 -9999.0 -9999.0 -9999.0 -9999.0 -9999.0 -9999.0 -9999.0 -9999.0 -9999.0 -9999.0 -9999.0 -9999.0 -9999.0 -9999.0 -9999.0 -9999.0 -9999.0 -9999.0 -9999.0 -9999.0 -9999.0 -9999.0 -9999.0 -9999.0 -9999.0 -9999.0 -9999.0 -9999.0 -9999.0 -9999.0 -9999.0 -9999.0 -9999.0 -9999.0 -9999.0 -9999.0 -9999.0 -9999.0 -9999.0 -9999.0 -9999.0 -9999.0 -9999.0 -9999.0 -9999.0 -9999.0 -9999.0 -9999.0 -9999.0 -9999.0 -9999.0 -9999.0 -9999.0 -9999.0 -9999.0 -9999.0 -9999.0 -9999.0 -9999.0 -9999.0 -9999.0 -9999.0 -9999.0 -9999.0