inst/processing_geotop_simulation/geotop_simulation/out/maps3D/PwL0008N0182.asc
ncols         104
nrows         10
xllcorner     -2.000000
yllcorner     0.000000
cellsize      1.000000
NODATA_value  -9999.0
-9999.0 -9999.0 -9999.0 -9999.0 -9999.0 -9999.0 -9999.0 -9999.0 -9999.0 -9999.0 -9999.0 -9999.0 -9999.0 -9999.0 -9999.0 -9999.0 -9999.0 -9999.0 -9999.0 -9999.0 -9999.0 -9999.0 -9999.0 -9999.0 -9999.0 -9999.0 -9999.0 -9999.0 -9999.0 -9999.0 -9999.0 -9999.0 -9999.0 -9999.0 -9999.0 -9999.0 -9999.0 -9999.0 -9999.0 -9999.0 -9999.0 -9999.0 -9999.0 -9999.0 -9999.0 -9999.0 -9999.0 -9999.0 -9999.0 -9999.0 -9999.0 -9999.0 -9999.0 -9999.0 -9999.0 -9999.0 -9999.0 -9999.0 -9999.0 -9999.0 -9999.0 -9999.0 -9999.0 -9999.0 -9999.0 -9999.0 -9999.0 -9999.0 -9999.0 -9999.0 -9999.0 -9999.0 -9999.0 -9999.0 -9999.0 -9999.0 -9999.0 -9999.0 -9999.0 -9999.0 -9999.0 -9999.0 -9999.0 -9999.0 -9999.0 -9999.0 -9999.0 -9999.0 -9999.0 -9999.0 -9999.0 -9999.0 -9999.0 -9999.0 -9999.0 -9999.0 -9999.0 -9999.0 -9999.0 -9999.0 -9999.0 -9999.0 -9999.0 -9999.0
-9999.0 -9999.0 -9999.0 -9999.0 -9999.0 -9999.0 -9999.0 -9999.0 -9999.0 -9999.0 -9999.0 -9999.0 -9999.0 -9999.0 -9999.0 -9999.0 -9999.0 -9999.0 -9999.0 -9999.0 -9999.0 -9999.0 -9999.0 -9999.0 -9999.0 -9999.0 -9999.0 -9999.0 -9999.0 -9999.0 -9999.0 -9999.0 -9999.0 -9999.0 -9999.0 -9999.0 -9999.0 -9999.0 -9999.0 -9999.0 -9999.0 -9999.0 -9999.0 -9999.0 -9999.0 -9999.0 -9999.0 -9999.0 -9999.0 -9999.0 -9999.0 -9999.0 -9999.0 -9999.0 -9999.0 -9999.0 -9999.0 -9999.0 -9999.0 -9999.0 -9999.0 -9999.0 -9999.0 -9999.0 -9999.0 -9999.0 -9999.0 -9999.0 -9999.0 -9999.0 -9999.0 -9999.0 -9999.0 -9999.0 -9999.0 -9999.0 -9999.0 -9999.0 -9999.0 -9999.0 -9999.0 -9999.0 -9999.0 -9999.0 -9999.0 -9999.0 -9999.0 -9999.0 -9999.0 -9999.0 -9999.0 -9999.0 -9999.0 -9999.0 -9999.0 -9999.0 -9999.0 -9999.0 -9999.0 -9999.0 -9999.0 -9999.0 -9999.0 -9999.0
-9999.0 -9999.0 380.840960 288.249717 192.947108 96.560602 -0.267098 -97.261990 -194.311218 -291.317787 -388.176031 -484.677589 -580.393666 -674.577896 -769.106869 -863.472491 -957.576598 -1051.752460 -1142.528520 -1228.804361 -1304.804814 -1366.803384 -1414.081887 -1448.302550 -1472.206081 -1488.554302 -1499.611585 -1507.041500 -1512.003713 -1515.293654 -1517.457455 -1518.869647 -1519.785328 -1520.376164 -1520.756267 -1521.002541 -1521.173733 -1521.341885 -1521.742616 -1523.670264 -1532.881819 -1559.173239 -1201.427991 -1294.841910 -1253.692650 -1228.728999 -1217.290187 -1215.774486 -1215.621083 -1215.638713 -1215.680937 -1215.726111 -1215.769477 -1215.809607 -1215.846699 -1215.888492 -1216.011324 -1216.870366 -1222.763822 -1236.205415 -1257.046394 -1143.521153 -1532.260995 -1527.535119 -1522.664592 -1521.713854 -1521.566049 -1521.543541 -1521.540749 -1521.541276 -1521.542233 -1521.543075 -1521.543732 -1521.544233 -1521.544615 -1521.544912 -1521.545147 -1521.545336 -1521.545494 -1521.545634 -1521.545771 -1521.545923 -1521.546114 -1521.546380 -1521.546772 -1521.547375 -1521.548325 -1521.549843 -1521.552309 -1521.556383 -1521.563260 -1521.575168 -1521.596402 -1521.635411 -1521.709074 -1521.851568 -1522.133908 -1522.711758 -1523.955040 -1526.825060 -1534.136331 -1556.427795 -9999.0 -9999.0
-9999.0 -9999.0 380.848831 288.251724 192.947649 96.560763 -0.267047 -97.261973 -194.311212 -291.317784 -388.176031 -484.677588 -580.393666 -674.577896 -769.106869 -863.472491 -957.576599 -1051.752460 -1142.528520 -1228.804362 -1304.804814 -1366.803384 -1414.081887 -1448.302550 -1472.206082 -1488.554302 -1499.611585 -1507.041500 -1512.003713 -1515.293654 -1517.457455 -1518.869647 -1519.785328 -1520.376164 -1520.756267 -1521.002541 -1521.173733 -1521.341885 -1521.742616 -1523.670264 -1532.881819 -1559.173239 -1201.427991 -1294.841910 -1253.692650 -1228.728998 -1217.290187 -1215.774486 -1215.621083 -1215.638713 -1215.680937 -1215.726111 -1215.769477 -1215.809607 -1215.846699 -1215.888492 -1216.011324 -1216.870366 -1222.763822 -1236.205415 -1257.046394 -1143.521153 -1532.260995 -1527.535119 -1522.664592 -1521.713854 -1521.566049 -1521.543541 -1521.540749 -1521.541276 -1521.542233 -1521.543075 -1521.543732 -1521.544233 -1521.544615 -1521.544912 -1521.545147 -1521.545336 -1521.545494 -1521.545634 -1521.545771 -1521.545923 -1521.546114 -1521.546380 -1521.546772 -1521.547375 -1521.548325 -1521.549843 -1521.552309 -1521.556383 -1521.563260 -1521.575168 -1521.596402 -1521.635411 -1521.709074 -1521.851568 -1522.133908 -1522.711758 -1523.955040 -1526.825060 -1534.136331 -1556.427795 -9999.0 -9999.0
-9999.0 -9999.0 380.850447 288.252590 192.947996 96.560890 -0.267001 -97.261957 -194.311206 -291.317783 -388.176030 -484.677588 -580.393666 -674.577896 -769.106869 -863.472491 -957.576599 -1051.752460 -1142.528520 -1228.804362 -1304.804814 -1366.803384 -1414.081887 -1448.302550 -1472.206082 -1488.554302 -1499.611585 -1507.041500 -1512.003713 -1515.293654 -1517.457455 -1518.869647 -1519.785328 -1520.376164 -1520.756267 -1521.002541 -1521.173733 -1521.341885 -1521.742616 -1523.670264 -1532.881819 -1559.173239 -1201.427991 -1294.841910 -1253.692650 -1228.728998 -1217.290187 -1215.774486 -1215.621083 -1215.638713 -1215.680937 -1215.726111 -1215.769477 -1215.809607 -1215.846699 -1215.888492 -1216.011324 -1216.870366 -1222.763822 -1236.205415 -1257.046394 -1143.521153 -1532.260995 -1527.535119 -1522.664592 -1521.713854 -1521.566049 -1521.543541 -1521.540749 -1521.541276 -1521.542233 -1521.543075 -1521.543732 -1521.544233 -1521.544615 -1521.544912 -1521.545147 -1521.545336 -1521.545494 -1521.545634 -1521.545771 -1521.545923 -1521.546114 -1521.546380 -1521.546772 -1521.547375 -1521.548325 -1521.549843 -1521.552309 -1521.556383 -1521.563260 -1521.575168 -1521.596402 -1521.635411 -1521.709074 -1521.851568 -1522.133908 -1522.711758 -1523.955040 -1526.825060 -1534.136331 -1556.427795 -9999.0 -9999.0
-9999.0 -9999.0 380.850447 288.252590 192.947996 96.560890 -0.267001 -97.261957 -194.311206 -291.317782 -388.176030 -484.677588 -580.393666 -674.577896 -769.106869 -863.472491 -957.576599 -1051.752460 -1142.528520 -1228.804362 -1304.804814 -1366.803384 -1414.081887 -1448.302550 -1472.206082 -1488.554302 -1499.611585 -1507.041500 -1512.003713 -1515.293654 -1517.457455 -1518.869647 -1519.785328 -1520.376164 -1520.756267 -1521.002541 -1521.173733 -1521.341885 -1521.742616 -1523.670264 -1532.881819 -1559.173239 -1201.427991 -1294.841910 -1253.692650 -1228.728998 -1217.290187 -1215.774486 -1215.621083 -1215.638713 -1215.680937 -1215.726111 -1215.769477 -1215.809607 -1215.846699 -1215.888492 -1216.011324 -1216.870366 -1222.763822 -1236.205415 -1257.046394 -1143.521153 -1532.260995 -1527.535119 -1522.664592 -1521.713854 -1521.566049 -1521.543541 -1521.540749 -1521.541276 -1521.542233 -1521.543075 -1521.543732 -1521.544233 -1521.544615 -1521.544912 -1521.545147 -1521.545336 -1521.545494 -1521.545634 -1521.545771 -1521.545923 -1521.546114 -1521.546380 -1521.546772 -1521.547375 -1521.548325 -1521.549843 -1521.552309 -1521.556383 -1521.563260 -1521.575168 -1521.596402 -1521.635411 -1521.709074 -1521.851568 -1522.133908 -1522.711758 -1523.955040 -1526.825060 -1534.136331 -1556.427795 -9999.0 -9999.0
-9999.0 -9999.0 380.848831 288.251724 192.947650 96.560763 -0.267046 -97.261973 -194.311212 -291.317785 -388.176030 -484.677588 -580.393666 -674.577896 -769.106869 -863.472491 -957.576599 -1051.752460 -1142.528520 -1228.804362 -1304.804814 -1366.803384 -1414.081887 -1448.302550 -1472.206082 -1488.554302 -1499.611585 -1507.041500 -1512.003713 -1515.293654 -1517.457455 -1518.869647 -1519.785328 -1520.376164 -1520.756267 -1521.002541 -1521.173733 -1521.341885 -1521.742616 -1523.670264 -1532.881819 -1559.173239 -1201.427991 -1294.841910 -1253.692650 -1228.728998 -1217.290187 -1215.774486 -1215.621083 -1215.638713 -1215.680937 -1215.726111 -1215.769477 -1215.809607 -1215.846699 -1215.888492 -1216.011324 -1216.870366 -1222.763822 -1236.205415 -1257.046394 -1143.521153 -1532.260995 -1527.535119 -1522.664592 -1521.713854 -1521.566049 -1521.543541 -1521.540749 -1521.541276 -1521.542233 -1521.543075 -1521.543732 -1521.544233 -1521.544615 -1521.544912 -1521.545147 -1521.545336 -1521.545494 -1521.545634 -1521.545771 -1521.545923 -1521.546114 -1521.546380 -1521.546772 -1521.547375 -1521.548325 -1521.549843 -1521.552309 -1521.556383 -1521.563260 -1521.575168 -1521.596402 -1521.635411 -1521.709074 -1521.851568 -1522.133908 -1522.711758 -1523.955040 -1526.825060 -1534.136331 -1556.427795 -9999.0 -9999.0
-9999.0 -9999.0 380.840960 288.249717 192.947108 96.560602 -0.267098 -97.261990 -194.311218 -291.317787 -388.176031 -484.677588 -580.393666 -674.577895 -769.106869 -863.472491 -957.576598 -1051.752460 -1142.528520 -1228.804361 -1304.804814 -1366.803384 -1414.081887 -1448.302550 -1472.206081 -1488.554302 -1499.611585 -1507.041500 -1512.003713 -1515.293654 -1517.457455 -1518.869647 -1519.785328 -1520.376164 -1520.756267 -1521.002541 -1521.173733 -1521.341885 -1521.742616 -1523.670264 -1532.881819 -1559.173239 -1201.427991 -1294.841910 -1253.692650 -1228.728999 -1217.290187 -1215.774486 -1215.621083 -1215.638713 -1215.680937 -1215.726111 -1215.769477 -1215.809607 -1215.846699 -1215.888492 -1216.011324 -1216.870366 -1222.763822 -1236.205415 -1257.046394 -1143.521153 -1532.260995 -1527.535119 -1522.664592 -1521.713854 -1521.566049 -1521.543541 -1521.540749 -1521.541276 -1521.542233 -1521.543075 -1521.543732 -1521.544233 -1521.544615 -1521.544912 -1521.545147 -1521.545336 -1521.545494 -1521.545634 -1521.545771 -1521.545923 -1521.546114 -1521.546380 -1521.546772 -1521.547375 -1521.548325 -1521.549843 -1521.552309 -1521.556383 -1521.563260 -1521.575168 -1521.596402 -1521.635411 -1521.709074 -1521.851568 -1522.133908 -1522.711758 -1523.955040 -1526.825060 -1534.136331 -1556.427795 -9999.0 -9999.0
-9999.0 -9999.0 -9999.0 -9999.0 -9999.0 -9999.0 -9999.0 -9999.0 -9999.0 -9999.0 -9999.0 -9999.0 -9999.0 -9999.0 -9999.0 -9999.0 -9999.0 -9999.0 -9999.0 -9999.0 -9999.0 -9999.0 -9999.0 -9999.0 -9999.0 -9999.0 -9999.0 -9999.0 -9999.0 -9999.0 -9999.0 -9999.0 -9999.0 -9999.0 -9999.0 -9999.0 -9999.0 -9999.0 -9999.0 -9999.0 -9999.0 -9999.0 -9999.0 -9999.0 -9999.0 -9999.0 -9999.0 -9999.0 -9999.0 -9999.0 -9999.0 -9999.0 -9999.0 -9999.0 -9999.0 -9999.0 -9999.0 -9999.0 -9999.0 -9999.0 -9999.0 -9999.0 -9999.0 -9999.0 -9999.0 -9999.0 -9999.0 -9999.0 -9999.0 -9999.0 -9999.0 -9999.0 -9999.0 -9999.0 -9999.0 -9999.0 -9999.0 -9999.0 -9999.0 -9999.0 -9999.0 -9999.0 -9999.0 -9999.0 -9999.0 -9999.0 -9999.0 -9999.0 -9999.0 -9999.0 -9999.0 -9999.0 -9999.0 -9999.0 -9999.0 -9999.0 -9999.0 -9999.0 -9999.0 -9999.0 -9999.0 -9999.0 -9999.0 -9999.0
-9999.0 -9999.0 -9999.0 -9999.0 -9999.0 -9999.0 -9999.0 -9999.0 -9999.0 -9999.0 -9999.0 -9999.0 -9999.0 -9999.0 -9999.0 -9999.0 -9999.0 -9999.0 -9999.0 -9999.0 -9999.0 -9999.0 -9999.0 -9999.0 -9999.0 -9999.0 -9999.0 -9999.0 -9999.0 -9999.0 -9999.0 -9999.0 -9999.0 -9999.0 -9999.0 -9999.0 -9999.0 -9999.0 -9999.0 -9999.0 -9999.0 -9999.0 -9999.0 -9999.0 -9999.0 -9999.0 -9999.0 -9999.0 -9999.0 -9999.0 -9999.0 -9999.0 -9999.0 -9999.0 -9999.0 -9999.0 -9999.0 -9999.0 -9999.0 -9999.0 -9999.0 -9999.0 -9999.0 -9999.0 -9999.0 -9999.0 -9999.0 -9999.0 -9999.0 -9999.0 -9999.0 -9999.0 -9999.0 -9999.0 -9999.0 -9999.0 -9999.0 -9999.0 -9999.0 -9999.0 -9999.0 -9999.0 -9999.0 -9999.0 -9999.0 -9999.0 -9999.0 -9999.0 -9999.0 -9999.0 -9999.0 -9999.0 -9999.0 -9999.0 -9999.0 -9999.0 -9999.0 -9999.0 -9999.0 -9999.0 -9999.0 -9999.0 -9999.0 -9999.0