inst/processing_geotop_simulation/geotop_simulation/out/maps3D/PwL0004N0281.asc
ncols         104
nrows         10
xllcorner     -2.000000
yllcorner     0.000000
cellsize      1.000000
NODATA_value  -9999.0
-9999.0 -9999.0 -9999.0 -9999.0 -9999.0 -9999.0 -9999.0 -9999.0 -9999.0 -9999.0 -9999.0 -9999.0 -9999.0 -9999.0 -9999.0 -9999.0 -9999.0 -9999.0 -9999.0 -9999.0 -9999.0 -9999.0 -9999.0 -9999.0 -9999.0 -9999.0 -9999.0 -9999.0 -9999.0 -9999.0 -9999.0 -9999.0 -9999.0 -9999.0 -9999.0 -9999.0 -9999.0 -9999.0 -9999.0 -9999.0 -9999.0 -9999.0 -9999.0 -9999.0 -9999.0 -9999.0 -9999.0 -9999.0 -9999.0 -9999.0 -9999.0 -9999.0 -9999.0 -9999.0 -9999.0 -9999.0 -9999.0 -9999.0 -9999.0 -9999.0 -9999.0 -9999.0 -9999.0 -9999.0 -9999.0 -9999.0 -9999.0 -9999.0 -9999.0 -9999.0 -9999.0 -9999.0 -9999.0 -9999.0 -9999.0 -9999.0 -9999.0 -9999.0 -9999.0 -9999.0 -9999.0 -9999.0 -9999.0 -9999.0 -9999.0 -9999.0 -9999.0 -9999.0 -9999.0 -9999.0 -9999.0 -9999.0 -9999.0 -9999.0 -9999.0 -9999.0 -9999.0 -9999.0 -9999.0 -9999.0 -9999.0 -9999.0 -9999.0 -9999.0
-9999.0 -9999.0 -9999.0 -9999.0 -9999.0 -9999.0 -9999.0 -9999.0 -9999.0 -9999.0 -9999.0 -9999.0 -9999.0 -9999.0 -9999.0 -9999.0 -9999.0 -9999.0 -9999.0 -9999.0 -9999.0 -9999.0 -9999.0 -9999.0 -9999.0 -9999.0 -9999.0 -9999.0 -9999.0 -9999.0 -9999.0 -9999.0 -9999.0 -9999.0 -9999.0 -9999.0 -9999.0 -9999.0 -9999.0 -9999.0 -9999.0 -9999.0 -9999.0 -9999.0 -9999.0 -9999.0 -9999.0 -9999.0 -9999.0 -9999.0 -9999.0 -9999.0 -9999.0 -9999.0 -9999.0 -9999.0 -9999.0 -9999.0 -9999.0 -9999.0 -9999.0 -9999.0 -9999.0 -9999.0 -9999.0 -9999.0 -9999.0 -9999.0 -9999.0 -9999.0 -9999.0 -9999.0 -9999.0 -9999.0 -9999.0 -9999.0 -9999.0 -9999.0 -9999.0 -9999.0 -9999.0 -9999.0 -9999.0 -9999.0 -9999.0 -9999.0 -9999.0 -9999.0 -9999.0 -9999.0 -9999.0 -9999.0 -9999.0 -9999.0 -9999.0 -9999.0 -9999.0 -9999.0 -9999.0 -9999.0 -9999.0 -9999.0 -9999.0 -9999.0
-9999.0 -9999.0 176.571658 80.634133 -17.206205 -115.588137 -214.177043 -312.841764 -411.510639 -510.133092 -608.621010 -706.746428 -804.630793 -902.098079 -999.360355 -1096.778042 -1193.100345 -1287.933785 -1380.555457 -1469.746070 -1552.751786 -1625.737353 -1685.892774 -1732.693760 -1767.523847 -1792.646411 -1810.384665 -1822.720957 -1831.198534 -1836.964063 -1840.848762 -1843.444939 -1845.168290 -1846.306308 -1847.055442 -1847.550502 -1847.892376 -1848.199752 -1848.814583 -1851.044136 -1856.962086 -1830.382438 -1140.735473 -1147.562426 -1134.370415 -1125.837864 -1121.839792 -1121.242674 -1121.179404 -1121.186110 -1121.203003 -1121.221147 -1121.238584 -1121.254731 -1121.269712 -1121.287080 -1121.340474 -1121.697080 -1123.823611 -1128.566269 -1135.249930 -1119.031303 -1806.398882 -1851.030409 -1849.703624 -1848.794114 -1848.607027 -1848.576063 -1848.571683 -1848.571648 -1848.572244 -1848.572823 -1848.573286 -1848.573641 -1848.573914 -1848.574126 -1848.574294 -1848.574431 -1848.574546 -1848.574648 -1848.574750 -1848.574863 -1848.575006 -1848.575204 -1848.575497 -1848.575947 -1848.576656 -1848.577793 -1848.579644 -1848.582719 -1848.587941 -1848.597054 -1848.613432 -1848.643755 -1848.701469 -1848.814246 -1849.041320 -1849.518002 -1850.580244 -1853.147569 -1860.124104 -1882.872057 -9999.0 -9999.0
-9999.0 -9999.0 176.581469 80.636143 -17.205694 -115.587988 -214.176996 -312.841748 -411.510633 -510.133090 -608.621009 -706.746427 -804.630793 -902.098079 -999.360355 -1096.778042 -1193.100345 -1287.933785 -1380.555458 -1469.746070 -1552.751786 -1625.737353 -1685.892774 -1732.693760 -1767.523847 -1792.646411 -1810.384665 -1822.720957 -1831.198534 -1836.964063 -1840.848763 -1843.444939 -1845.168290 -1846.306308 -1847.055442 -1847.550502 -1847.892376 -1848.199752 -1848.814583 -1851.044136 -1856.962086 -1830.382438 -1140.735473 -1147.562425 -1134.370415 -1125.837863 -1121.839792 -1121.242674 -1121.179404 -1121.186110 -1121.203003 -1121.221147 -1121.238584 -1121.254731 -1121.269712 -1121.287080 -1121.340474 -1121.697080 -1123.823611 -1128.566269 -1135.249930 -1119.031303 -1806.398882 -1851.030409 -1849.703624 -1848.794114 -1848.607027 -1848.576063 -1848.571683 -1848.571648 -1848.572244 -1848.572823 -1848.573286 -1848.573641 -1848.573914 -1848.574126 -1848.574294 -1848.574431 -1848.574546 -1848.574648 -1848.574750 -1848.574863 -1848.575006 -1848.575204 -1848.575497 -1848.575947 -1848.576656 -1848.577793 -1848.579644 -1848.582719 -1848.587941 -1848.597054 -1848.613432 -1848.643755 -1848.701469 -1848.814246 -1849.041320 -1849.518002 -1850.580244 -1853.147569 -1860.124104 -1882.872057 -9999.0 -9999.0
-9999.0 -9999.0 176.582852 80.636962 -17.205371 -115.587871 -214.176955 -312.841733 -411.510628 -510.133088 -608.621008 -706.746427 -804.630792 -902.098079 -999.360355 -1096.778042 -1193.100346 -1287.933785 -1380.555458 -1469.746070 -1552.751786 -1625.737354 -1685.892774 -1732.693760 -1767.523847 -1792.646411 -1810.384665 -1822.720957 -1831.198534 -1836.964063 -1840.848763 -1843.444939 -1845.168290 -1846.306308 -1847.055442 -1847.550502 -1847.892376 -1848.199752 -1848.814583 -1851.044136 -1856.962086 -1830.382438 -1140.735473 -1147.562425 -1134.370415 -1125.837863 -1121.839792 -1121.242674 -1121.179404 -1121.186110 -1121.203003 -1121.221147 -1121.238584 -1121.254731 -1121.269712 -1121.287080 -1121.340474 -1121.697080 -1123.823611 -1128.566269 -1135.249930 -1119.031303 -1806.398882 -1851.030409 -1849.703624 -1848.794114 -1848.607027 -1848.576063 -1848.571683 -1848.571648 -1848.572244 -1848.572823 -1848.573286 -1848.573641 -1848.573914 -1848.574126 -1848.574294 -1848.574431 -1848.574546 -1848.574648 -1848.574750 -1848.574863 -1848.575006 -1848.575204 -1848.575497 -1848.575947 -1848.576656 -1848.577793 -1848.579644 -1848.582719 -1848.587941 -1848.597054 -1848.613432 -1848.643755 -1848.701469 -1848.814246 -1849.041320 -1849.518002 -1850.580244 -1853.147569 -1860.124104 -1882.872057 -9999.0 -9999.0
-9999.0 -9999.0 176.582852 80.636962 -17.205371 -115.587871 -214.176954 -312.841733 -411.510628 -510.133088 -608.621008 -706.746427 -804.630792 -902.098079 -999.360355 -1096.778042 -1193.100346 -1287.933785 -1380.555458 -1469.746070 -1552.751786 -1625.737354 -1685.892774 -1732.693760 -1767.523847 -1792.646411 -1810.384665 -1822.720957 -1831.198534 -1836.964063 -1840.848763 -1843.444939 -1845.168290 -1846.306308 -1847.055442 -1847.550502 -1847.892376 -1848.199752 -1848.814583 -1851.044136 -1856.962086 -1830.382438 -1140.735473 -1147.562425 -1134.370415 -1125.837863 -1121.839792 -1121.242674 -1121.179404 -1121.186110 -1121.203003 -1121.221147 -1121.238584 -1121.254731 -1121.269712 -1121.287080 -1121.340474 -1121.697080 -1123.823611 -1128.566269 -1135.249930 -1119.031303 -1806.398882 -1851.030409 -1849.703624 -1848.794114 -1848.607027 -1848.576063 -1848.571683 -1848.571648 -1848.572244 -1848.572823 -1848.573286 -1848.573641 -1848.573914 -1848.574126 -1848.574294 -1848.574431 -1848.574546 -1848.574648 -1848.574750 -1848.574863 -1848.575006 -1848.575204 -1848.575497 -1848.575947 -1848.576656 -1848.577793 -1848.579644 -1848.582719 -1848.587941 -1848.597054 -1848.613432 -1848.643755 -1848.701469 -1848.814246 -1849.041320 -1849.518002 -1850.580244 -1853.147569 -1860.124104 -1882.872057 -9999.0 -9999.0
-9999.0 -9999.0 176.581469 80.636144 -17.205694 -115.587988 -214.176996 -312.841748 -411.510633 -510.133090 -608.621009 -706.746427 -804.630793 -902.098079 -999.360355 -1096.778042 -1193.100345 -1287.933785 -1380.555458 -1469.746070 -1552.751786 -1625.737353 -1685.892774 -1732.693760 -1767.523847 -1792.646411 -1810.384665 -1822.720957 -1831.198534 -1836.964063 -1840.848763 -1843.444939 -1845.168290 -1846.306308 -1847.055442 -1847.550502 -1847.892376 -1848.199752 -1848.814583 -1851.044136 -1856.962086 -1830.382438 -1140.735473 -1147.562425 -1134.370415 -1125.837863 -1121.839792 -1121.242674 -1121.179404 -1121.186110 -1121.203003 -1121.221147 -1121.238584 -1121.254731 -1121.269712 -1121.287080 -1121.340474 -1121.697080 -1123.823611 -1128.566269 -1135.249930 -1119.031303 -1806.398882 -1851.030409 -1849.703624 -1848.794114 -1848.607027 -1848.576063 -1848.571683 -1848.571648 -1848.572244 -1848.572823 -1848.573286 -1848.573641 -1848.573914 -1848.574126 -1848.574294 -1848.574431 -1848.574546 -1848.574648 -1848.574750 -1848.574863 -1848.575006 -1848.575204 -1848.575497 -1848.575947 -1848.576656 -1848.577793 -1848.579644 -1848.582719 -1848.587941 -1848.597054 -1848.613432 -1848.643755 -1848.701469 -1848.814246 -1849.041320 -1849.518002 -1850.580244 -1853.147569 -1860.124104 -1882.872057 -9999.0 -9999.0
-9999.0 -9999.0 176.571658 80.634133 -17.206205 -115.588137 -214.177043 -312.841764 -411.510639 -510.133093 -608.621010 -706.746428 -804.630793 -902.098079 -999.360355 -1096.778042 -1193.100345 -1287.933785 -1380.555457 -1469.746070 -1552.751786 -1625.737353 -1685.892774 -1732.693760 -1767.523847 -1792.646411 -1810.384665 -1822.720957 -1831.198534 -1836.964063 -1840.848762 -1843.444939 -1845.168290 -1846.306308 -1847.055442 -1847.550502 -1847.892376 -1848.199752 -1848.814583 -1851.044136 -1856.962086 -1830.382438 -1140.735473 -1147.562426 -1134.370415 -1125.837864 -1121.839792 -1121.242674 -1121.179404 -1121.186110 -1121.203003 -1121.221147 -1121.238584 -1121.254731 -1121.269712 -1121.287080 -1121.340474 -1121.697080 -1123.823611 -1128.566269 -1135.249930 -1119.031303 -1806.398882 -1851.030409 -1849.703624 -1848.794114 -1848.607027 -1848.576063 -1848.571683 -1848.571648 -1848.572244 -1848.572823 -1848.573286 -1848.573641 -1848.573914 -1848.574126 -1848.574294 -1848.574431 -1848.574546 -1848.574648 -1848.574750 -1848.574863 -1848.575006 -1848.575204 -1848.575497 -1848.575947 -1848.576656 -1848.577793 -1848.579644 -1848.582719 -1848.587941 -1848.597054 -1848.613432 -1848.643755 -1848.701469 -1848.814246 -1849.041320 -1849.518002 -1850.580244 -1853.147569 -1860.124104 -1882.872057 -9999.0 -9999.0
-9999.0 -9999.0 -9999.0 -9999.0 -9999.0 -9999.0 -9999.0 -9999.0 -9999.0 -9999.0 -9999.0 -9999.0 -9999.0 -9999.0 -9999.0 -9999.0 -9999.0 -9999.0 -9999.0 -9999.0 -9999.0 -9999.0 -9999.0 -9999.0 -9999.0 -9999.0 -9999.0 -9999.0 -9999.0 -9999.0 -9999.0 -9999.0 -9999.0 -9999.0 -9999.0 -9999.0 -9999.0 -9999.0 -9999.0 -9999.0 -9999.0 -9999.0 -9999.0 -9999.0 -9999.0 -9999.0 -9999.0 -9999.0 -9999.0 -9999.0 -9999.0 -9999.0 -9999.0 -9999.0 -9999.0 -9999.0 -9999.0 -9999.0 -9999.0 -9999.0 -9999.0 -9999.0 -9999.0 -9999.0 -9999.0 -9999.0 -9999.0 -9999.0 -9999.0 -9999.0 -9999.0 -9999.0 -9999.0 -9999.0 -9999.0 -9999.0 -9999.0 -9999.0 -9999.0 -9999.0 -9999.0 -9999.0 -9999.0 -9999.0 -9999.0 -9999.0 -9999.0 -9999.0 -9999.0 -9999.0 -9999.0 -9999.0 -9999.0 -9999.0 -9999.0 -9999.0 -9999.0 -9999.0 -9999.0 -9999.0 -9999.0 -9999.0 -9999.0 -9999.0
-9999.0 -9999.0 -9999.0 -9999.0 -9999.0 -9999.0 -9999.0 -9999.0 -9999.0 -9999.0 -9999.0 -9999.0 -9999.0 -9999.0 -9999.0 -9999.0 -9999.0 -9999.0 -9999.0 -9999.0 -9999.0 -9999.0 -9999.0 -9999.0 -9999.0 -9999.0 -9999.0 -9999.0 -9999.0 -9999.0 -9999.0 -9999.0 -9999.0 -9999.0 -9999.0 -9999.0 -9999.0 -9999.0 -9999.0 -9999.0 -9999.0 -9999.0 -9999.0 -9999.0 -9999.0 -9999.0 -9999.0 -9999.0 -9999.0 -9999.0 -9999.0 -9999.0 -9999.0 -9999.0 -9999.0 -9999.0 -9999.0 -9999.0 -9999.0 -9999.0 -9999.0 -9999.0 -9999.0 -9999.0 -9999.0 -9999.0 -9999.0 -9999.0 -9999.0 -9999.0 -9999.0 -9999.0 -9999.0 -9999.0 -9999.0 -9999.0 -9999.0 -9999.0 -9999.0 -9999.0 -9999.0 -9999.0 -9999.0 -9999.0 -9999.0 -9999.0 -9999.0 -9999.0 -9999.0 -9999.0 -9999.0 -9999.0 -9999.0 -9999.0 -9999.0 -9999.0 -9999.0 -9999.0 -9999.0 -9999.0 -9999.0 -9999.0 -9999.0 -9999.0