inst/processing_geotop_simulation/geotop_simulation/out/maps3D/PwL0009N0330.asc
ncols         104
nrows         10
xllcorner     -2.000000
yllcorner     0.000000
cellsize      1.000000
NODATA_value  -9999.0
-9999.0 -9999.0 -9999.0 -9999.0 -9999.0 -9999.0 -9999.0 -9999.0 -9999.0 -9999.0 -9999.0 -9999.0 -9999.0 -9999.0 -9999.0 -9999.0 -9999.0 -9999.0 -9999.0 -9999.0 -9999.0 -9999.0 -9999.0 -9999.0 -9999.0 -9999.0 -9999.0 -9999.0 -9999.0 -9999.0 -9999.0 -9999.0 -9999.0 -9999.0 -9999.0 -9999.0 -9999.0 -9999.0 -9999.0 -9999.0 -9999.0 -9999.0 -9999.0 -9999.0 -9999.0 -9999.0 -9999.0 -9999.0 -9999.0 -9999.0 -9999.0 -9999.0 -9999.0 -9999.0 -9999.0 -9999.0 -9999.0 -9999.0 -9999.0 -9999.0 -9999.0 -9999.0 -9999.0 -9999.0 -9999.0 -9999.0 -9999.0 -9999.0 -9999.0 -9999.0 -9999.0 -9999.0 -9999.0 -9999.0 -9999.0 -9999.0 -9999.0 -9999.0 -9999.0 -9999.0 -9999.0 -9999.0 -9999.0 -9999.0 -9999.0 -9999.0 -9999.0 -9999.0 -9999.0 -9999.0 -9999.0 -9999.0 -9999.0 -9999.0 -9999.0 -9999.0 -9999.0 -9999.0 -9999.0 -9999.0 -9999.0 -9999.0 -9999.0 -9999.0
-9999.0 -9999.0 -9999.0 -9999.0 -9999.0 -9999.0 -9999.0 -9999.0 -9999.0 -9999.0 -9999.0 -9999.0 -9999.0 -9999.0 -9999.0 -9999.0 -9999.0 -9999.0 -9999.0 -9999.0 -9999.0 -9999.0 -9999.0 -9999.0 -9999.0 -9999.0 -9999.0 -9999.0 -9999.0 -9999.0 -9999.0 -9999.0 -9999.0 -9999.0 -9999.0 -9999.0 -9999.0 -9999.0 -9999.0 -9999.0 -9999.0 -9999.0 -9999.0 -9999.0 -9999.0 -9999.0 -9999.0 -9999.0 -9999.0 -9999.0 -9999.0 -9999.0 -9999.0 -9999.0 -9999.0 -9999.0 -9999.0 -9999.0 -9999.0 -9999.0 -9999.0 -9999.0 -9999.0 -9999.0 -9999.0 -9999.0 -9999.0 -9999.0 -9999.0 -9999.0 -9999.0 -9999.0 -9999.0 -9999.0 -9999.0 -9999.0 -9999.0 -9999.0 -9999.0 -9999.0 -9999.0 -9999.0 -9999.0 -9999.0 -9999.0 -9999.0 -9999.0 -9999.0 -9999.0 -9999.0 -9999.0 -9999.0 -9999.0 -9999.0 -9999.0 -9999.0 -9999.0 -9999.0 -9999.0 -9999.0 -9999.0 -9999.0 -9999.0 -9999.0
-9999.0 -9999.0 424.085646 326.405221 227.929007 129.109595 30.148463 -68.866886 -167.899793 -266.927337 -365.923815 -464.849170 -563.617666 -662.054794 -760.259389 -858.532691 -956.627267 -1054.525901 -1151.537242 -1246.360393 -1337.989610 -1423.983644 -1501.356288 -1567.702197 -1621.986149 -1664.596197 -1696.905866 -1720.729170 -1737.904984 -1750.066190 -1758.552140 -1764.404659 -1768.403786 -1771.117024 -1772.948644 -1774.184394 -1775.035770 -1775.716116 -1776.687378 -1779.380419 -1785.868265 -1774.112920 -1271.596662 -1386.533982 -1349.824906 -1326.337708 -1315.552263 -1314.039260 -1313.881965 -1313.897144 -1313.936895 -1313.979608 -1314.020641 -1314.058630 -1314.093868 -1314.134698 -1314.261476 -1315.136436 -1320.750221 -1333.431940 -1349.574924 -1218.358599 -1742.295076 -1778.789061 -1777.971413 -1777.033797 -1776.812665 -1776.773156 -1776.767154 -1776.766754 -1776.767203 -1776.767691 -1776.768092 -1776.768405 -1776.768647 -1776.768838 -1776.768992 -1776.769119 -1776.769227 -1776.769326 -1776.769424 -1776.769533 -1776.769668 -1776.769853 -1776.770122 -1776.770530 -1776.771167 -1776.772183 -1776.773837 -1776.776586 -1776.781268 -1776.789472 -1776.804289 -1776.831873 -1776.884730 -1776.989060 -1777.202496 -1777.660965 -1778.711867 -1781.329620 -1788.630071 -1812.479005 -9999.0 -9999.0
-9999.0 -9999.0 424.092050 326.406924 227.929473 129.109735 30.148508 -68.866870 -167.899787 -266.927334 -365.923814 -464.849169 -563.617666 -662.054794 -760.259389 -858.532691 -956.627267 -1054.525902 -1151.537242 -1246.360393 -1337.989610 -1423.983644 -1501.356288 -1567.702197 -1621.986149 -1664.596197 -1696.905866 -1720.729170 -1737.904984 -1750.066190 -1758.552140 -1764.404659 -1768.403786 -1771.117024 -1772.948644 -1774.184394 -1775.035770 -1775.716116 -1776.687378 -1779.380419 -1785.868265 -1774.112920 -1271.596662 -1386.533981 -1349.824905 -1326.337707 -1315.552263 -1314.039260 -1313.881965 -1313.897144 -1313.936895 -1313.979608 -1314.020641 -1314.058630 -1314.093868 -1314.134698 -1314.261476 -1315.136436 -1320.750221 -1333.431940 -1349.574924 -1218.358599 -1742.295076 -1778.789061 -1777.971413 -1777.033797 -1776.812665 -1776.773156 -1776.767154 -1776.766754 -1776.767203 -1776.767691 -1776.768092 -1776.768405 -1776.768647 -1776.768838 -1776.768992 -1776.769119 -1776.769227 -1776.769326 -1776.769424 -1776.769533 -1776.769668 -1776.769853 -1776.770122 -1776.770530 -1776.771167 -1776.772183 -1776.773837 -1776.776586 -1776.781268 -1776.789472 -1776.804289 -1776.831873 -1776.884730 -1776.989060 -1777.202496 -1777.660965 -1778.711867 -1781.329620 -1788.630071 -1812.479005 -9999.0 -9999.0
-9999.0 -9999.0 424.093467 326.407674 227.929773 129.109845 30.148548 -68.866856 -167.899782 -266.927333 -365.923813 -464.849169 -563.617666 -662.054794 -760.259389 -858.532691 -956.627267 -1054.525902 -1151.537242 -1246.360393 -1337.989611 -1423.983644 -1501.356288 -1567.702197 -1621.986149 -1664.596197 -1696.905866 -1720.729170 -1737.904984 -1750.066190 -1758.552140 -1764.404659 -1768.403786 -1771.117024 -1772.948644 -1774.184394 -1775.035770 -1775.716116 -1776.687378 -1779.380419 -1785.868265 -1774.112920 -1271.596662 -1386.533981 -1349.824905 -1326.337707 -1315.552263 -1314.039260 -1313.881965 -1313.897144 -1313.936895 -1313.979608 -1314.020641 -1314.058630 -1314.093868 -1314.134698 -1314.261476 -1315.136436 -1320.750221 -1333.431940 -1349.574924 -1218.358599 -1742.295076 -1778.789061 -1777.971413 -1777.033797 -1776.812665 -1776.773156 -1776.767154 -1776.766754 -1776.767203 -1776.767691 -1776.768092 -1776.768405 -1776.768647 -1776.768838 -1776.768992 -1776.769119 -1776.769227 -1776.769326 -1776.769424 -1776.769533 -1776.769668 -1776.769853 -1776.770122 -1776.770530 -1776.771167 -1776.772183 -1776.773837 -1776.776586 -1776.781268 -1776.789472 -1776.804289 -1776.831873 -1776.884730 -1776.989060 -1777.202496 -1777.660965 -1778.711867 -1781.329620 -1788.630071 -1812.479005 -9999.0 -9999.0
-9999.0 -9999.0 424.093467 326.407674 227.929773 129.109845 30.148548 -68.866856 -167.899782 -266.927333 -365.923813 -464.849169 -563.617666 -662.054794 -760.259389 -858.532691 -956.627267 -1054.525902 -1151.537242 -1246.360393 -1337.989611 -1423.983644 -1501.356288 -1567.702197 -1621.986149 -1664.596197 -1696.905866 -1720.729170 -1737.904984 -1750.066190 -1758.552140 -1764.404659 -1768.403786 -1771.117024 -1772.948644 -1774.184394 -1775.035770 -1775.716116 -1776.687378 -1779.380419 -1785.868265 -1774.112920 -1271.596662 -1386.533981 -1349.824905 -1326.337707 -1315.552263 -1314.039260 -1313.881965 -1313.897144 -1313.936895 -1313.979608 -1314.020641 -1314.058630 -1314.093868 -1314.134698 -1314.261476 -1315.136436 -1320.750221 -1333.431940 -1349.574924 -1218.358599 -1742.295076 -1778.789061 -1777.971413 -1777.033797 -1776.812665 -1776.773156 -1776.767154 -1776.766754 -1776.767203 -1776.767691 -1776.768092 -1776.768405 -1776.768647 -1776.768838 -1776.768992 -1776.769119 -1776.769227 -1776.769326 -1776.769424 -1776.769533 -1776.769668 -1776.769853 -1776.770122 -1776.770530 -1776.771167 -1776.772183 -1776.773837 -1776.776586 -1776.781268 -1776.789472 -1776.804289 -1776.831873 -1776.884730 -1776.989060 -1777.202496 -1777.660965 -1778.711867 -1781.329620 -1788.630071 -1812.479005 -9999.0 -9999.0
-9999.0 -9999.0 424.092050 326.406924 227.929473 129.109735 30.148508 -68.866870 -167.899787 -266.927334 -365.923814 -464.849169 -563.617666 -662.054794 -760.259389 -858.532691 -956.627267 -1054.525902 -1151.537242 -1246.360393 -1337.989610 -1423.983644 -1501.356288 -1567.702197 -1621.986149 -1664.596197 -1696.905866 -1720.729170 -1737.904984 -1750.066190 -1758.552140 -1764.404659 -1768.403786 -1771.117024 -1772.948644 -1774.184394 -1775.035770 -1775.716116 -1776.687378 -1779.380419 -1785.868265 -1774.112920 -1271.596662 -1386.533981 -1349.824905 -1326.337707 -1315.552263 -1314.039260 -1313.881965 -1313.897144 -1313.936895 -1313.979608 -1314.020641 -1314.058630 -1314.093868 -1314.134698 -1314.261476 -1315.136436 -1320.750221 -1333.431940 -1349.574924 -1218.358599 -1742.295076 -1778.789061 -1777.971413 -1777.033797 -1776.812665 -1776.773156 -1776.767154 -1776.766754 -1776.767203 -1776.767691 -1776.768092 -1776.768405 -1776.768647 -1776.768838 -1776.768992 -1776.769119 -1776.769227 -1776.769326 -1776.769424 -1776.769533 -1776.769668 -1776.769853 -1776.770122 -1776.770530 -1776.771167 -1776.772183 -1776.773837 -1776.776586 -1776.781268 -1776.789472 -1776.804289 -1776.831873 -1776.884730 -1776.989060 -1777.202496 -1777.660965 -1778.711867 -1781.329620 -1788.630071 -1812.479005 -9999.0 -9999.0
-9999.0 -9999.0 424.085646 326.405221 227.929007 129.109595 30.148464 -68.866886 -167.899792 -266.927337 -365.923815 -464.849170 -563.617666 -662.054794 -760.259389 -858.532691 -956.627267 -1054.525901 -1151.537242 -1246.360393 -1337.989610 -1423.983644 -1501.356288 -1567.702197 -1621.986149 -1664.596197 -1696.905866 -1720.729170 -1737.904984 -1750.066190 -1758.552140 -1764.404659 -1768.403786 -1771.117024 -1772.948644 -1774.184394 -1775.035770 -1775.716116 -1776.687378 -1779.380419 -1785.868265 -1774.112920 -1271.596662 -1386.533982 -1349.824906 -1326.337708 -1315.552263 -1314.039260 -1313.881965 -1313.897144 -1313.936895 -1313.979608 -1314.020641 -1314.058630 -1314.093868 -1314.134698 -1314.261476 -1315.136436 -1320.750221 -1333.431940 -1349.574924 -1218.358599 -1742.295076 -1778.789061 -1777.971413 -1777.033797 -1776.812665 -1776.773156 -1776.767154 -1776.766754 -1776.767203 -1776.767691 -1776.768092 -1776.768405 -1776.768647 -1776.768838 -1776.768992 -1776.769119 -1776.769227 -1776.769326 -1776.769424 -1776.769533 -1776.769668 -1776.769853 -1776.770122 -1776.770530 -1776.771167 -1776.772183 -1776.773837 -1776.776586 -1776.781268 -1776.789472 -1776.804289 -1776.831873 -1776.884730 -1776.989060 -1777.202496 -1777.660965 -1778.711867 -1781.329620 -1788.630071 -1812.479005 -9999.0 -9999.0
-9999.0 -9999.0 -9999.0 -9999.0 -9999.0 -9999.0 -9999.0 -9999.0 -9999.0 -9999.0 -9999.0 -9999.0 -9999.0 -9999.0 -9999.0 -9999.0 -9999.0 -9999.0 -9999.0 -9999.0 -9999.0 -9999.0 -9999.0 -9999.0 -9999.0 -9999.0 -9999.0 -9999.0 -9999.0 -9999.0 -9999.0 -9999.0 -9999.0 -9999.0 -9999.0 -9999.0 -9999.0 -9999.0 -9999.0 -9999.0 -9999.0 -9999.0 -9999.0 -9999.0 -9999.0 -9999.0 -9999.0 -9999.0 -9999.0 -9999.0 -9999.0 -9999.0 -9999.0 -9999.0 -9999.0 -9999.0 -9999.0 -9999.0 -9999.0 -9999.0 -9999.0 -9999.0 -9999.0 -9999.0 -9999.0 -9999.0 -9999.0 -9999.0 -9999.0 -9999.0 -9999.0 -9999.0 -9999.0 -9999.0 -9999.0 -9999.0 -9999.0 -9999.0 -9999.0 -9999.0 -9999.0 -9999.0 -9999.0 -9999.0 -9999.0 -9999.0 -9999.0 -9999.0 -9999.0 -9999.0 -9999.0 -9999.0 -9999.0 -9999.0 -9999.0 -9999.0 -9999.0 -9999.0 -9999.0 -9999.0 -9999.0 -9999.0 -9999.0 -9999.0
-9999.0 -9999.0 -9999.0 -9999.0 -9999.0 -9999.0 -9999.0 -9999.0 -9999.0 -9999.0 -9999.0 -9999.0 -9999.0 -9999.0 -9999.0 -9999.0 -9999.0 -9999.0 -9999.0 -9999.0 -9999.0 -9999.0 -9999.0 -9999.0 -9999.0 -9999.0 -9999.0 -9999.0 -9999.0 -9999.0 -9999.0 -9999.0 -9999.0 -9999.0 -9999.0 -9999.0 -9999.0 -9999.0 -9999.0 -9999.0 -9999.0 -9999.0 -9999.0 -9999.0 -9999.0 -9999.0 -9999.0 -9999.0 -9999.0 -9999.0 -9999.0 -9999.0 -9999.0 -9999.0 -9999.0 -9999.0 -9999.0 -9999.0 -9999.0 -9999.0 -9999.0 -9999.0 -9999.0 -9999.0 -9999.0 -9999.0 -9999.0 -9999.0 -9999.0 -9999.0 -9999.0 -9999.0 -9999.0 -9999.0 -9999.0 -9999.0 -9999.0 -9999.0 -9999.0 -9999.0 -9999.0 -9999.0 -9999.0 -9999.0 -9999.0 -9999.0 -9999.0 -9999.0 -9999.0 -9999.0 -9999.0 -9999.0 -9999.0 -9999.0 -9999.0 -9999.0 -9999.0 -9999.0 -9999.0 -9999.0 -9999.0 -9999.0 -9999.0 -9999.0