inst/processing_geotop_simulation/geotop_simulation/out/maps3D/PwL0014N0335.asc
ncols         104
nrows         10
xllcorner     -2.000000
yllcorner     0.000000
cellsize      1.000000
NODATA_value  -9999.0
-9999.0 -9999.0 -9999.0 -9999.0 -9999.0 -9999.0 -9999.0 -9999.0 -9999.0 -9999.0 -9999.0 -9999.0 -9999.0 -9999.0 -9999.0 -9999.0 -9999.0 -9999.0 -9999.0 -9999.0 -9999.0 -9999.0 -9999.0 -9999.0 -9999.0 -9999.0 -9999.0 -9999.0 -9999.0 -9999.0 -9999.0 -9999.0 -9999.0 -9999.0 -9999.0 -9999.0 -9999.0 -9999.0 -9999.0 -9999.0 -9999.0 -9999.0 -9999.0 -9999.0 -9999.0 -9999.0 -9999.0 -9999.0 -9999.0 -9999.0 -9999.0 -9999.0 -9999.0 -9999.0 -9999.0 -9999.0 -9999.0 -9999.0 -9999.0 -9999.0 -9999.0 -9999.0 -9999.0 -9999.0 -9999.0 -9999.0 -9999.0 -9999.0 -9999.0 -9999.0 -9999.0 -9999.0 -9999.0 -9999.0 -9999.0 -9999.0 -9999.0 -9999.0 -9999.0 -9999.0 -9999.0 -9999.0 -9999.0 -9999.0 -9999.0 -9999.0 -9999.0 -9999.0 -9999.0 -9999.0 -9999.0 -9999.0 -9999.0 -9999.0 -9999.0 -9999.0 -9999.0 -9999.0 -9999.0 -9999.0 -9999.0 -9999.0 -9999.0 -9999.0
-9999.0 -9999.0 -9999.0 -9999.0 -9999.0 -9999.0 -9999.0 -9999.0 -9999.0 -9999.0 -9999.0 -9999.0 -9999.0 -9999.0 -9999.0 -9999.0 -9999.0 -9999.0 -9999.0 -9999.0 -9999.0 -9999.0 -9999.0 -9999.0 -9999.0 -9999.0 -9999.0 -9999.0 -9999.0 -9999.0 -9999.0 -9999.0 -9999.0 -9999.0 -9999.0 -9999.0 -9999.0 -9999.0 -9999.0 -9999.0 -9999.0 -9999.0 -9999.0 -9999.0 -9999.0 -9999.0 -9999.0 -9999.0 -9999.0 -9999.0 -9999.0 -9999.0 -9999.0 -9999.0 -9999.0 -9999.0 -9999.0 -9999.0 -9999.0 -9999.0 -9999.0 -9999.0 -9999.0 -9999.0 -9999.0 -9999.0 -9999.0 -9999.0 -9999.0 -9999.0 -9999.0 -9999.0 -9999.0 -9999.0 -9999.0 -9999.0 -9999.0 -9999.0 -9999.0 -9999.0 -9999.0 -9999.0 -9999.0 -9999.0 -9999.0 -9999.0 -9999.0 -9999.0 -9999.0 -9999.0 -9999.0 -9999.0 -9999.0 -9999.0 -9999.0 -9999.0 -9999.0 -9999.0 -9999.0 -9999.0 -9999.0 -9999.0 -9999.0 -9999.0
-9999.0 -9999.0 672.192744 573.951605 475.328119 376.448504 277.449676 178.399933 79.333375 -19.729695 -118.777720 -217.805098 -316.791089 -415.693544 -514.437901 -612.916225 -710.936295 -809.135504 -907.079667 -1004.694948 -1101.845662 -1194.626683 -1282.216121 -1362.072762 -1432.025741 -1490.819494 -1538.309618 -1575.313005 -1603.259406 -1623.820457 -1638.627826 -1649.110555 -1656.432320 -1661.493187 -1664.964303 -1667.335537 -1668.971308 -1670.205926 -1671.628064 -1674.930975 -1684.058836 -1701.981964 -1841.417266 -4149.843324 -4107.420783 -3948.239502 -3846.919142 -3832.437816 -3830.959066 -3831.113128 -3831.498508 -3831.911116 -3832.306970 -3832.673079 -3833.011528 -3833.395145 -3834.543042 -3842.636893 -3897.082666 -4003.405912 -3975.480578 -1647.919878 -1663.381478 -1675.996665 -1673.761551 -1672.679371 -1672.430306 -1672.385174 -1672.378163 -1672.377585 -1672.377996 -1672.378475 -1672.378876 -1672.379193 -1672.379443 -1672.379645 -1672.379811 -1672.379951 -1672.380074 -1672.380188 -1672.380302 -1672.380427 -1672.380579 -1672.380779 -1672.381062 -1672.381482 -1672.382126 -1672.383141 -1672.384782 -1672.387498 -1672.392117 -1672.400213 -1672.414853 -1672.442172 -1672.494724 -1672.599124 -1672.814898 -1673.284802 -1674.377645 -1677.128622 -1684.803079 -1709.465248 -9999.0 -9999.0
-9999.0 -9999.0 672.197130 573.953022 475.328542 376.448636 277.449720 178.399948 79.333380 -19.729693 -118.777719 -217.805097 -316.791089 -415.693544 -514.437901 -612.916225 -710.936295 -809.135504 -907.079667 -1004.694948 -1101.845662 -1194.626683 -1282.216121 -1362.072762 -1432.025741 -1490.819494 -1538.309618 -1575.313005 -1603.259406 -1623.820457 -1638.627826 -1649.110555 -1656.432320 -1661.493187 -1664.964303 -1667.335537 -1668.971308 -1670.205926 -1671.628064 -1674.930975 -1684.058836 -1701.981964 -1841.417266 -4149.843323 -4107.420781 -3948.239496 -3846.919142 -3832.437816 -3830.959066 -3831.113128 -3831.498508 -3831.911116 -3832.306970 -3832.673079 -3833.011528 -3833.395145 -3834.543042 -3842.636893 -3897.082666 -4003.405912 -3975.480578 -1647.919878 -1663.381478 -1675.996665 -1673.761551 -1672.679371 -1672.430306 -1672.385174 -1672.378163 -1672.377585 -1672.377996 -1672.378475 -1672.378876 -1672.379193 -1672.379443 -1672.379645 -1672.379811 -1672.379951 -1672.380074 -1672.380188 -1672.380302 -1672.380427 -1672.380579 -1672.380779 -1672.381062 -1672.381482 -1672.382126 -1672.383141 -1672.384782 -1672.387498 -1672.392117 -1672.400213 -1672.414853 -1672.442172 -1672.494724 -1672.599124 -1672.814898 -1673.284802 -1674.377645 -1677.128622 -1684.803079 -1709.465248 -9999.0 -9999.0
-9999.0 -9999.0 672.198444 573.953710 475.328823 376.448741 277.449758 178.399962 79.333386 -19.729691 -118.777718 -217.805097 -316.791088 -415.693544 -514.437901 -612.916225 -710.936295 -809.135504 -907.079667 -1004.694948 -1101.845662 -1194.626683 -1282.216121 -1362.072762 -1432.025741 -1490.819494 -1538.309618 -1575.313005 -1603.259406 -1623.820457 -1638.627826 -1649.110555 -1656.432320 -1661.493187 -1664.964303 -1667.335537 -1668.971308 -1670.205926 -1671.628064 -1674.930975 -1684.058836 -1701.981964 -1841.417266 -4149.843323 -4107.420781 -3948.239494 -3846.919142 -3832.437816 -3830.959066 -3831.113128 -3831.498508 -3831.911116 -3832.306970 -3832.673079 -3833.011528 -3833.395145 -3834.543042 -3842.636893 -3897.082666 -4003.405912 -3975.480578 -1647.919878 -1663.381478 -1675.996665 -1673.761551 -1672.679371 -1672.430306 -1672.385174 -1672.378163 -1672.377585 -1672.377996 -1672.378475 -1672.378876 -1672.379193 -1672.379443 -1672.379645 -1672.379811 -1672.379951 -1672.380074 -1672.380188 -1672.380302 -1672.380427 -1672.380579 -1672.380779 -1672.381062 -1672.381482 -1672.382126 -1672.383141 -1672.384782 -1672.387498 -1672.392117 -1672.400213 -1672.414853 -1672.442172 -1672.494724 -1672.599124 -1672.814898 -1673.284802 -1674.377645 -1677.128622 -1684.803079 -1709.465248 -9999.0 -9999.0
-9999.0 -9999.0 672.198444 573.953710 475.328823 376.448741 277.449758 178.399962 79.333386 -19.729691 -118.777718 -217.805097 -316.791088 -415.693544 -514.437901 -612.916225 -710.936295 -809.135504 -907.079667 -1004.694948 -1101.845662 -1194.626683 -1282.216121 -1362.072763 -1432.025741 -1490.819494 -1538.309618 -1575.313005 -1603.259406 -1623.820457 -1638.627826 -1649.110555 -1656.432320 -1661.493187 -1664.964303 -1667.335537 -1668.971308 -1670.205926 -1671.628064 -1674.930975 -1684.058836 -1701.981964 -1841.417266 -4149.843323 -4107.420781 -3948.239494 -3846.919142 -3832.437816 -3830.959066 -3831.113128 -3831.498508 -3831.911116 -3832.306970 -3832.673079 -3833.011528 -3833.395145 -3834.543042 -3842.636893 -3897.082666 -4003.405912 -3975.480578 -1647.919878 -1663.381478 -1675.996665 -1673.761551 -1672.679371 -1672.430306 -1672.385174 -1672.378163 -1672.377585 -1672.377996 -1672.378475 -1672.378876 -1672.379193 -1672.379443 -1672.379645 -1672.379811 -1672.379951 -1672.380074 -1672.380188 -1672.380302 -1672.380427 -1672.380579 -1672.380779 -1672.381062 -1672.381482 -1672.382126 -1672.383141 -1672.384782 -1672.387498 -1672.392117 -1672.400213 -1672.414853 -1672.442172 -1672.494724 -1672.599124 -1672.814898 -1673.284802 -1674.377645 -1677.128622 -1684.803079 -1709.465248 -9999.0 -9999.0
-9999.0 -9999.0 672.197130 573.953022 475.328542 376.448636 277.449720 178.399948 79.333380 -19.729693 -118.777719 -217.805097 -316.791089 -415.693544 -514.437901 -612.916225 -710.936295 -809.135504 -907.079667 -1004.694948 -1101.845662 -1194.626683 -1282.216121 -1362.072762 -1432.025741 -1490.819494 -1538.309618 -1575.313005 -1603.259406 -1623.820457 -1638.627826 -1649.110555 -1656.432320 -1661.493187 -1664.964303 -1667.335537 -1668.971308 -1670.205926 -1671.628064 -1674.930975 -1684.058836 -1701.981964 -1841.417266 -4149.843323 -4107.420781 -3948.239496 -3846.919142 -3832.437816 -3830.959066 -3831.113128 -3831.498508 -3831.911116 -3832.306970 -3832.673079 -3833.011528 -3833.395145 -3834.543042 -3842.636893 -3897.082666 -4003.405912 -3975.480578 -1647.919878 -1663.381478 -1675.996665 -1673.761551 -1672.679371 -1672.430306 -1672.385174 -1672.378163 -1672.377585 -1672.377996 -1672.378475 -1672.378876 -1672.379193 -1672.379443 -1672.379645 -1672.379811 -1672.379951 -1672.380074 -1672.380188 -1672.380302 -1672.380427 -1672.380579 -1672.380779 -1672.381062 -1672.381482 -1672.382126 -1672.383141 -1672.384782 -1672.387498 -1672.392117 -1672.400213 -1672.414853 -1672.442172 -1672.494724 -1672.599124 -1672.814898 -1673.284802 -1674.377645 -1677.128622 -1684.803079 -1709.465248 -9999.0 -9999.0
-9999.0 -9999.0 672.192744 573.951605 475.328119 376.448504 277.449676 178.399933 79.333375 -19.729695 -118.777720 -217.805098 -316.791089 -415.693544 -514.437900 -612.916225 -710.936295 -809.135504 -907.079667 -1004.694948 -1101.845662 -1194.626683 -1282.216121 -1362.072762 -1432.025741 -1490.819494 -1538.309618 -1575.313005 -1603.259406 -1623.820457 -1638.627826 -1649.110555 -1656.432320 -1661.493187 -1664.964303 -1667.335537 -1668.971308 -1670.205926 -1671.628064 -1674.930975 -1684.058836 -1701.981964 -1841.417266 -4149.843324 -4107.420783 -3948.239502 -3846.919142 -3832.437816 -3830.959066 -3831.113128 -3831.498508 -3831.911116 -3832.306970 -3832.673079 -3833.011528 -3833.395145 -3834.543042 -3842.636893 -3897.082666 -4003.405912 -3975.480578 -1647.919878 -1663.381478 -1675.996665 -1673.761551 -1672.679371 -1672.430306 -1672.385174 -1672.378163 -1672.377585 -1672.377996 -1672.378475 -1672.378876 -1672.379193 -1672.379443 -1672.379645 -1672.379811 -1672.379951 -1672.380074 -1672.380188 -1672.380302 -1672.380427 -1672.380579 -1672.380779 -1672.381062 -1672.381482 -1672.382126 -1672.383141 -1672.384782 -1672.387498 -1672.392117 -1672.400213 -1672.414853 -1672.442172 -1672.494724 -1672.599124 -1672.814898 -1673.284802 -1674.377645 -1677.128622 -1684.803079 -1709.465248 -9999.0 -9999.0
-9999.0 -9999.0 -9999.0 -9999.0 -9999.0 -9999.0 -9999.0 -9999.0 -9999.0 -9999.0 -9999.0 -9999.0 -9999.0 -9999.0 -9999.0 -9999.0 -9999.0 -9999.0 -9999.0 -9999.0 -9999.0 -9999.0 -9999.0 -9999.0 -9999.0 -9999.0 -9999.0 -9999.0 -9999.0 -9999.0 -9999.0 -9999.0 -9999.0 -9999.0 -9999.0 -9999.0 -9999.0 -9999.0 -9999.0 -9999.0 -9999.0 -9999.0 -9999.0 -9999.0 -9999.0 -9999.0 -9999.0 -9999.0 -9999.0 -9999.0 -9999.0 -9999.0 -9999.0 -9999.0 -9999.0 -9999.0 -9999.0 -9999.0 -9999.0 -9999.0 -9999.0 -9999.0 -9999.0 -9999.0 -9999.0 -9999.0 -9999.0 -9999.0 -9999.0 -9999.0 -9999.0 -9999.0 -9999.0 -9999.0 -9999.0 -9999.0 -9999.0 -9999.0 -9999.0 -9999.0 -9999.0 -9999.0 -9999.0 -9999.0 -9999.0 -9999.0 -9999.0 -9999.0 -9999.0 -9999.0 -9999.0 -9999.0 -9999.0 -9999.0 -9999.0 -9999.0 -9999.0 -9999.0 -9999.0 -9999.0 -9999.0 -9999.0 -9999.0 -9999.0
-9999.0 -9999.0 -9999.0 -9999.0 -9999.0 -9999.0 -9999.0 -9999.0 -9999.0 -9999.0 -9999.0 -9999.0 -9999.0 -9999.0 -9999.0 -9999.0 -9999.0 -9999.0 -9999.0 -9999.0 -9999.0 -9999.0 -9999.0 -9999.0 -9999.0 -9999.0 -9999.0 -9999.0 -9999.0 -9999.0 -9999.0 -9999.0 -9999.0 -9999.0 -9999.0 -9999.0 -9999.0 -9999.0 -9999.0 -9999.0 -9999.0 -9999.0 -9999.0 -9999.0 -9999.0 -9999.0 -9999.0 -9999.0 -9999.0 -9999.0 -9999.0 -9999.0 -9999.0 -9999.0 -9999.0 -9999.0 -9999.0 -9999.0 -9999.0 -9999.0 -9999.0 -9999.0 -9999.0 -9999.0 -9999.0 -9999.0 -9999.0 -9999.0 -9999.0 -9999.0 -9999.0 -9999.0 -9999.0 -9999.0 -9999.0 -9999.0 -9999.0 -9999.0 -9999.0 -9999.0 -9999.0 -9999.0 -9999.0 -9999.0 -9999.0 -9999.0 -9999.0 -9999.0 -9999.0 -9999.0 -9999.0 -9999.0 -9999.0 -9999.0 -9999.0 -9999.0 -9999.0 -9999.0 -9999.0 -9999.0 -9999.0 -9999.0 -9999.0 -9999.0