inst/processing_geotop_simulation/geotop_simulation/out/maps3D/PwL0015N0323.asc
ncols         104
nrows         10
xllcorner     -2.000000
yllcorner     0.000000
cellsize      1.000000
NODATA_value  -9999.0
-9999.0 -9999.0 -9999.0 -9999.0 -9999.0 -9999.0 -9999.0 -9999.0 -9999.0 -9999.0 -9999.0 -9999.0 -9999.0 -9999.0 -9999.0 -9999.0 -9999.0 -9999.0 -9999.0 -9999.0 -9999.0 -9999.0 -9999.0 -9999.0 -9999.0 -9999.0 -9999.0 -9999.0 -9999.0 -9999.0 -9999.0 -9999.0 -9999.0 -9999.0 -9999.0 -9999.0 -9999.0 -9999.0 -9999.0 -9999.0 -9999.0 -9999.0 -9999.0 -9999.0 -9999.0 -9999.0 -9999.0 -9999.0 -9999.0 -9999.0 -9999.0 -9999.0 -9999.0 -9999.0 -9999.0 -9999.0 -9999.0 -9999.0 -9999.0 -9999.0 -9999.0 -9999.0 -9999.0 -9999.0 -9999.0 -9999.0 -9999.0 -9999.0 -9999.0 -9999.0 -9999.0 -9999.0 -9999.0 -9999.0 -9999.0 -9999.0 -9999.0 -9999.0 -9999.0 -9999.0 -9999.0 -9999.0 -9999.0 -9999.0 -9999.0 -9999.0 -9999.0 -9999.0 -9999.0 -9999.0 -9999.0 -9999.0 -9999.0 -9999.0 -9999.0 -9999.0 -9999.0 -9999.0 -9999.0 -9999.0 -9999.0 -9999.0 -9999.0 -9999.0
-9999.0 -9999.0 -9999.0 -9999.0 -9999.0 -9999.0 -9999.0 -9999.0 -9999.0 -9999.0 -9999.0 -9999.0 -9999.0 -9999.0 -9999.0 -9999.0 -9999.0 -9999.0 -9999.0 -9999.0 -9999.0 -9999.0 -9999.0 -9999.0 -9999.0 -9999.0 -9999.0 -9999.0 -9999.0 -9999.0 -9999.0 -9999.0 -9999.0 -9999.0 -9999.0 -9999.0 -9999.0 -9999.0 -9999.0 -9999.0 -9999.0 -9999.0 -9999.0 -9999.0 -9999.0 -9999.0 -9999.0 -9999.0 -9999.0 -9999.0 -9999.0 -9999.0 -9999.0 -9999.0 -9999.0 -9999.0 -9999.0 -9999.0 -9999.0 -9999.0 -9999.0 -9999.0 -9999.0 -9999.0 -9999.0 -9999.0 -9999.0 -9999.0 -9999.0 -9999.0 -9999.0 -9999.0 -9999.0 -9999.0 -9999.0 -9999.0 -9999.0 -9999.0 -9999.0 -9999.0 -9999.0 -9999.0 -9999.0 -9999.0 -9999.0 -9999.0 -9999.0 -9999.0 -9999.0 -9999.0 -9999.0 -9999.0 -9999.0 -9999.0 -9999.0 -9999.0 -9999.0 -9999.0 -9999.0 -9999.0 -9999.0 -9999.0 -9999.0 -9999.0
-9999.0 -9999.0 722.087773 623.877687 525.323175 426.512249 327.578772 228.592537 129.588960 30.587181 -68.398136 -167.362850 -266.292869 -365.153541 -463.880906 -562.375059 -660.454356 -758.286531 -856.133553 -953.632755 -1050.639291 -1145.073103 -1233.512127 -1314.588329 -1386.072157 -1446.561828 -1495.735747 -1534.263569 -1563.490026 -1585.063376 -1600.634686 -1611.673576 -1619.389375 -1624.723813 -1628.382067 -1630.879939 -1632.600599 -1633.891350 -1635.354770 -1638.764120 -1648.792685 -1674.903617 -1962.463881 -4168.997349 -4231.820337 -4230.552913 -4229.378649 -4229.182885 -4229.162496 -4229.164637 -4229.169968 -4229.175662 -4229.181115 -4229.186148 -4229.190785 -4229.196005 -4229.211569 -4229.320666 -4230.000558 -4231.043405 -4120.037661 -1772.673672 -1635.641001 -1640.628603 -1637.637962 -1636.490304 -1636.237787 -1636.192863 -1636.185963 -1636.185421 -1636.185852 -1636.186344 -1636.186756 -1636.187081 -1636.187338 -1636.187544 -1636.187714 -1636.187858 -1636.187984 -1636.188101 -1636.188218 -1636.188346 -1636.188501 -1636.188705 -1636.188994 -1636.189422 -1636.190080 -1636.191116 -1636.192790 -1636.195560 -1636.200270 -1636.208521 -1636.223436 -1636.251258 -1636.304762 -1636.411022 -1636.630586 -1637.108615 -1638.219517 -1641.008932 -1648.749121 -1673.463991 -9999.0 -9999.0
-9999.0 -9999.0 722.091887 623.879062 525.323593 426.512380 327.578815 228.592552 129.588965 30.587183 -68.398136 -167.362850 -266.292869 -365.153541 -463.880906 -562.375059 -660.454357 -758.286532 -856.133553 -953.632755 -1050.639291 -1145.073103 -1233.512127 -1314.588329 -1386.072157 -1446.561828 -1495.735747 -1534.263569 -1563.490026 -1585.063376 -1600.634686 -1611.673576 -1619.389375 -1624.723813 -1628.382067 -1630.879939 -1632.600599 -1633.891350 -1635.354770 -1638.764120 -1648.792685 -1674.903617 -1962.463881 -4168.997349 -4231.820337 -4230.552913 -4229.378649 -4229.182885 -4229.162496 -4229.164637 -4229.169968 -4229.175662 -4229.181115 -4229.186148 -4229.190785 -4229.196005 -4229.211569 -4229.320666 -4230.000558 -4231.043405 -4120.037661 -1772.673672 -1635.641001 -1640.628603 -1637.637962 -1636.490304 -1636.237787 -1636.192863 -1636.185963 -1636.185421 -1636.185852 -1636.186344 -1636.186756 -1636.187081 -1636.187338 -1636.187544 -1636.187714 -1636.187858 -1636.187984 -1636.188101 -1636.188218 -1636.188346 -1636.188501 -1636.188705 -1636.188994 -1636.189422 -1636.190080 -1636.191116 -1636.192790 -1636.195560 -1636.200270 -1636.208521 -1636.223436 -1636.251258 -1636.304762 -1636.411022 -1636.630586 -1637.108615 -1638.219517 -1641.008932 -1648.749121 -1673.463991 -9999.0 -9999.0
-9999.0 -9999.0 722.093183 623.879742 525.323872 426.512485 327.578853 228.592566 129.588970 30.587185 -68.398135 -167.362849 -266.292869 -365.153541 -463.880906 -562.375059 -660.454357 -758.286532 -856.133553 -953.632755 -1050.639291 -1145.073103 -1233.512127 -1314.588329 -1386.072157 -1446.561828 -1495.735747 -1534.263569 -1563.490026 -1585.063376 -1600.634686 -1611.673576 -1619.389375 -1624.723813 -1628.382067 -1630.879939 -1632.600599 -1633.891350 -1635.354770 -1638.764120 -1648.792685 -1674.903617 -1962.463881 -4168.997349 -4231.820337 -4230.552913 -4229.378649 -4229.182885 -4229.162496 -4229.164637 -4229.169968 -4229.175662 -4229.181115 -4229.186148 -4229.190785 -4229.196005 -4229.211569 -4229.320666 -4230.000558 -4231.043405 -4120.037661 -1772.673672 -1635.641001 -1640.628603 -1637.637962 -1636.490304 -1636.237787 -1636.192863 -1636.185963 -1636.185421 -1636.185852 -1636.186344 -1636.186756 -1636.187081 -1636.187338 -1636.187544 -1636.187714 -1636.187858 -1636.187984 -1636.188101 -1636.188218 -1636.188346 -1636.188501 -1636.188705 -1636.188994 -1636.189422 -1636.190080 -1636.191116 -1636.192790 -1636.195560 -1636.200270 -1636.208521 -1636.223436 -1636.251258 -1636.304762 -1636.411022 -1636.630586 -1637.108615 -1638.219517 -1641.008932 -1648.749121 -1673.463991 -9999.0 -9999.0
-9999.0 -9999.0 722.093183 623.879742 525.323872 426.512485 327.578853 228.592566 129.588970 30.587185 -68.398135 -167.362849 -266.292869 -365.153541 -463.880906 -562.375059 -660.454357 -758.286532 -856.133553 -953.632756 -1050.639291 -1145.073103 -1233.512127 -1314.588329 -1386.072157 -1446.561828 -1495.735747 -1534.263569 -1563.490026 -1585.063376 -1600.634686 -1611.673576 -1619.389375 -1624.723813 -1628.382067 -1630.879939 -1632.600599 -1633.891350 -1635.354770 -1638.764120 -1648.792685 -1674.903617 -1962.463881 -4168.997349 -4231.820337 -4230.552913 -4229.378649 -4229.182885 -4229.162496 -4229.164637 -4229.169968 -4229.175662 -4229.181115 -4229.186148 -4229.190785 -4229.196005 -4229.211569 -4229.320666 -4230.000558 -4231.043405 -4120.037661 -1772.673672 -1635.641001 -1640.628603 -1637.637962 -1636.490304 -1636.237787 -1636.192863 -1636.185963 -1636.185421 -1636.185852 -1636.186344 -1636.186756 -1636.187081 -1636.187338 -1636.187544 -1636.187714 -1636.187858 -1636.187984 -1636.188101 -1636.188218 -1636.188346 -1636.188501 -1636.188705 -1636.188994 -1636.189422 -1636.190080 -1636.191116 -1636.192790 -1636.195560 -1636.200270 -1636.208521 -1636.223436 -1636.251258 -1636.304762 -1636.411022 -1636.630586 -1637.108615 -1638.219517 -1641.008932 -1648.749121 -1673.463991 -9999.0 -9999.0
-9999.0 -9999.0 722.091887 623.879062 525.323593 426.512380 327.578815 228.592552 129.588965 30.587183 -68.398136 -167.362850 -266.292869 -365.153541 -463.880906 -562.375059 -660.454357 -758.286532 -856.133553 -953.632755 -1050.639291 -1145.073103 -1233.512127 -1314.588329 -1386.072157 -1446.561828 -1495.735747 -1534.263569 -1563.490026 -1585.063376 -1600.634686 -1611.673576 -1619.389375 -1624.723813 -1628.382067 -1630.879939 -1632.600599 -1633.891350 -1635.354770 -1638.764120 -1648.792685 -1674.903617 -1962.463881 -4168.997349 -4231.820337 -4230.552913 -4229.378649 -4229.182885 -4229.162496 -4229.164637 -4229.169968 -4229.175662 -4229.181115 -4229.186148 -4229.190785 -4229.196005 -4229.211569 -4229.320666 -4230.000558 -4231.043405 -4120.037661 -1772.673672 -1635.641001 -1640.628603 -1637.637962 -1636.490304 -1636.237787 -1636.192863 -1636.185963 -1636.185421 -1636.185852 -1636.186344 -1636.186756 -1636.187081 -1636.187338 -1636.187544 -1636.187714 -1636.187858 -1636.187984 -1636.188101 -1636.188218 -1636.188346 -1636.188501 -1636.188705 -1636.188994 -1636.189422 -1636.190080 -1636.191116 -1636.192790 -1636.195560 -1636.200270 -1636.208521 -1636.223436 -1636.251258 -1636.304762 -1636.411022 -1636.630586 -1637.108615 -1638.219517 -1641.008932 -1648.749121 -1673.463991 -9999.0 -9999.0
-9999.0 -9999.0 722.087773 623.877687 525.323175 426.512249 327.578772 228.592537 129.588960 30.587181 -68.398136 -167.362850 -266.292869 -365.153541 -463.880906 -562.375059 -660.454356 -758.286531 -856.133553 -953.632755 -1050.639291 -1145.073103 -1233.512127 -1314.588329 -1386.072157 -1446.561828 -1495.735747 -1534.263569 -1563.490026 -1585.063376 -1600.634686 -1611.673576 -1619.389375 -1624.723813 -1628.382067 -1630.879939 -1632.600599 -1633.891350 -1635.354770 -1638.764120 -1648.792685 -1674.903617 -1962.463881 -4168.997349 -4231.820337 -4230.552913 -4229.378649 -4229.182885 -4229.162496 -4229.164637 -4229.169968 -4229.175662 -4229.181115 -4229.186148 -4229.190785 -4229.196005 -4229.211569 -4229.320666 -4230.000558 -4231.043405 -4120.037661 -1772.673672 -1635.641001 -1640.628603 -1637.637962 -1636.490304 -1636.237787 -1636.192863 -1636.185963 -1636.185421 -1636.185852 -1636.186344 -1636.186756 -1636.187081 -1636.187338 -1636.187544 -1636.187714 -1636.187858 -1636.187984 -1636.188101 -1636.188218 -1636.188346 -1636.188501 -1636.188705 -1636.188994 -1636.189422 -1636.190080 -1636.191116 -1636.192790 -1636.195560 -1636.200270 -1636.208521 -1636.223436 -1636.251258 -1636.304762 -1636.411022 -1636.630586 -1637.108615 -1638.219517 -1641.008932 -1648.749121 -1673.463991 -9999.0 -9999.0
-9999.0 -9999.0 -9999.0 -9999.0 -9999.0 -9999.0 -9999.0 -9999.0 -9999.0 -9999.0 -9999.0 -9999.0 -9999.0 -9999.0 -9999.0 -9999.0 -9999.0 -9999.0 -9999.0 -9999.0 -9999.0 -9999.0 -9999.0 -9999.0 -9999.0 -9999.0 -9999.0 -9999.0 -9999.0 -9999.0 -9999.0 -9999.0 -9999.0 -9999.0 -9999.0 -9999.0 -9999.0 -9999.0 -9999.0 -9999.0 -9999.0 -9999.0 -9999.0 -9999.0 -9999.0 -9999.0 -9999.0 -9999.0 -9999.0 -9999.0 -9999.0 -9999.0 -9999.0 -9999.0 -9999.0 -9999.0 -9999.0 -9999.0 -9999.0 -9999.0 -9999.0 -9999.0 -9999.0 -9999.0 -9999.0 -9999.0 -9999.0 -9999.0 -9999.0 -9999.0 -9999.0 -9999.0 -9999.0 -9999.0 -9999.0 -9999.0 -9999.0 -9999.0 -9999.0 -9999.0 -9999.0 -9999.0 -9999.0 -9999.0 -9999.0 -9999.0 -9999.0 -9999.0 -9999.0 -9999.0 -9999.0 -9999.0 -9999.0 -9999.0 -9999.0 -9999.0 -9999.0 -9999.0 -9999.0 -9999.0 -9999.0 -9999.0 -9999.0 -9999.0
-9999.0 -9999.0 -9999.0 -9999.0 -9999.0 -9999.0 -9999.0 -9999.0 -9999.0 -9999.0 -9999.0 -9999.0 -9999.0 -9999.0 -9999.0 -9999.0 -9999.0 -9999.0 -9999.0 -9999.0 -9999.0 -9999.0 -9999.0 -9999.0 -9999.0 -9999.0 -9999.0 -9999.0 -9999.0 -9999.0 -9999.0 -9999.0 -9999.0 -9999.0 -9999.0 -9999.0 -9999.0 -9999.0 -9999.0 -9999.0 -9999.0 -9999.0 -9999.0 -9999.0 -9999.0 -9999.0 -9999.0 -9999.0 -9999.0 -9999.0 -9999.0 -9999.0 -9999.0 -9999.0 -9999.0 -9999.0 -9999.0 -9999.0 -9999.0 -9999.0 -9999.0 -9999.0 -9999.0 -9999.0 -9999.0 -9999.0 -9999.0 -9999.0 -9999.0 -9999.0 -9999.0 -9999.0 -9999.0 -9999.0 -9999.0 -9999.0 -9999.0 -9999.0 -9999.0 -9999.0 -9999.0 -9999.0 -9999.0 -9999.0 -9999.0 -9999.0 -9999.0 -9999.0 -9999.0 -9999.0 -9999.0 -9999.0 -9999.0 -9999.0 -9999.0 -9999.0 -9999.0 -9999.0 -9999.0 -9999.0 -9999.0 -9999.0 -9999.0 -9999.0