inst/processing_geotop_simulation/geotop_simulation/out/maps3D/PwL0010N0169.asc
ncols         104
nrows         10
xllcorner     -2.000000
yllcorner     0.000000
cellsize      1.000000
NODATA_value  -9999.0
-9999.0 -9999.0 -9999.0 -9999.0 -9999.0 -9999.0 -9999.0 -9999.0 -9999.0 -9999.0 -9999.0 -9999.0 -9999.0 -9999.0 -9999.0 -9999.0 -9999.0 -9999.0 -9999.0 -9999.0 -9999.0 -9999.0 -9999.0 -9999.0 -9999.0 -9999.0 -9999.0 -9999.0 -9999.0 -9999.0 -9999.0 -9999.0 -9999.0 -9999.0 -9999.0 -9999.0 -9999.0 -9999.0 -9999.0 -9999.0 -9999.0 -9999.0 -9999.0 -9999.0 -9999.0 -9999.0 -9999.0 -9999.0 -9999.0 -9999.0 -9999.0 -9999.0 -9999.0 -9999.0 -9999.0 -9999.0 -9999.0 -9999.0 -9999.0 -9999.0 -9999.0 -9999.0 -9999.0 -9999.0 -9999.0 -9999.0 -9999.0 -9999.0 -9999.0 -9999.0 -9999.0 -9999.0 -9999.0 -9999.0 -9999.0 -9999.0 -9999.0 -9999.0 -9999.0 -9999.0 -9999.0 -9999.0 -9999.0 -9999.0 -9999.0 -9999.0 -9999.0 -9999.0 -9999.0 -9999.0 -9999.0 -9999.0 -9999.0 -9999.0 -9999.0 -9999.0 -9999.0 -9999.0 -9999.0 -9999.0 -9999.0 -9999.0 -9999.0 -9999.0
-9999.0 -9999.0 -9999.0 -9999.0 -9999.0 -9999.0 -9999.0 -9999.0 -9999.0 -9999.0 -9999.0 -9999.0 -9999.0 -9999.0 -9999.0 -9999.0 -9999.0 -9999.0 -9999.0 -9999.0 -9999.0 -9999.0 -9999.0 -9999.0 -9999.0 -9999.0 -9999.0 -9999.0 -9999.0 -9999.0 -9999.0 -9999.0 -9999.0 -9999.0 -9999.0 -9999.0 -9999.0 -9999.0 -9999.0 -9999.0 -9999.0 -9999.0 -9999.0 -9999.0 -9999.0 -9999.0 -9999.0 -9999.0 -9999.0 -9999.0 -9999.0 -9999.0 -9999.0 -9999.0 -9999.0 -9999.0 -9999.0 -9999.0 -9999.0 -9999.0 -9999.0 -9999.0 -9999.0 -9999.0 -9999.0 -9999.0 -9999.0 -9999.0 -9999.0 -9999.0 -9999.0 -9999.0 -9999.0 -9999.0 -9999.0 -9999.0 -9999.0 -9999.0 -9999.0 -9999.0 -9999.0 -9999.0 -9999.0 -9999.0 -9999.0 -9999.0 -9999.0 -9999.0 -9999.0 -9999.0 -9999.0 -9999.0 -9999.0 -9999.0 -9999.0 -9999.0 -9999.0 -9999.0 -9999.0 -9999.0 -9999.0 -9999.0 -9999.0 -9999.0
-9999.0 -9999.0 482.212007 389.810180 295.014285 199.091760 102.691155 6.091949 -90.561032 -187.204190 -283.752127 -380.071836 -475.900539 -570.771948 -664.244502 -758.475829 -852.354651 -946.017551 -1039.375135 -1127.133305 -1205.778725 -1271.327692 -1322.396132 -1360.007632 -1386.577352 -1404.837778 -1417.179244 -1425.430061 -1430.896271 -1434.484590 -1436.819077 -1438.325681 -1439.291856 -1439.908797 -1440.301922 -1440.554476 -1440.728724 -1440.897932 -1441.294528 -1443.246681 -1453.385276 -1496.863613 -1479.732455 -1906.966384 -1769.594373 -1691.933105 -1657.705061 -1653.428659 -1653.001322 -1653.047442 -1653.160616 -1653.281718 -1653.397946 -1653.505487 -1653.604861 -1653.716708 -1654.046932 -1656.409776 -1673.709332 -1714.070826 -1780.141977 -1354.949202 -1468.159718 -1448.000650 -1442.260870 -1441.278587 -1441.131739 -1441.109551 -1441.106851 -1441.107449 -1441.108465 -1441.109353 -1441.110045 -1441.110572 -1441.110975 -1441.111287 -1441.111534 -1441.111733 -1441.111900 -1441.112047 -1441.112191 -1441.112351 -1441.112551 -1441.112830 -1441.113241 -1441.113873 -1441.114867 -1441.116457 -1441.119038 -1441.123301 -1441.130491 -1441.142935 -1441.165109 -1441.205819 -1441.282658 -1441.431241 -1441.725545 -1442.327732 -1443.623357 -1446.611638 -1454.172548 -1476.803235 -9999.0 -9999.0
-9999.0 -9999.0 482.218844 389.812086 295.014817 199.091920 102.691207 6.091967 -90.561027 -187.204188 -283.752127 -380.071835 -475.900539 -570.771948 -664.244502 -758.475829 -852.354651 -946.017552 -1039.375135 -1127.133305 -1205.778725 -1271.327692 -1322.396132 -1360.007632 -1386.577353 -1404.837778 -1417.179244 -1425.430061 -1430.896272 -1434.484590 -1436.819077 -1438.325681 -1439.291856 -1439.908797 -1440.301922 -1440.554476 -1440.728724 -1440.897932 -1441.294528 -1443.246681 -1453.385276 -1496.863613 -1479.732454 -1906.966383 -1769.594372 -1691.933103 -1657.705061 -1653.428659 -1653.001322 -1653.047442 -1653.160616 -1653.281718 -1653.397946 -1653.505487 -1653.604861 -1653.716708 -1654.046932 -1656.409776 -1673.709332 -1714.070826 -1780.141977 -1354.949202 -1468.159718 -1448.000650 -1442.260870 -1441.278587 -1441.131739 -1441.109551 -1441.106851 -1441.107449 -1441.108465 -1441.109353 -1441.110045 -1441.110572 -1441.110975 -1441.111287 -1441.111534 -1441.111733 -1441.111900 -1441.112047 -1441.112191 -1441.112351 -1441.112551 -1441.112830 -1441.113241 -1441.113873 -1441.114867 -1441.116457 -1441.119038 -1441.123301 -1441.130491 -1441.142935 -1441.165109 -1441.205819 -1441.282658 -1441.431241 -1441.725545 -1442.327732 -1443.623357 -1446.611638 -1454.172548 -1476.803235 -9999.0 -9999.0
-9999.0 -9999.0 482.220466 389.812940 295.015160 199.092047 102.691252 6.091983 -90.561021 -187.204186 -283.752126 -380.071835 -475.900539 -570.771948 -664.244502 -758.475829 -852.354651 -946.017552 -1039.375135 -1127.133305 -1205.778725 -1271.327692 -1322.396132 -1360.007633 -1386.577353 -1404.837778 -1417.179244 -1425.430061 -1430.896272 -1434.484590 -1436.819077 -1438.325681 -1439.291856 -1439.908797 -1440.301922 -1440.554476 -1440.728724 -1440.897932 -1441.294528 -1443.246681 -1453.385276 -1496.863613 -1479.732454 -1906.966383 -1769.594371 -1691.933102 -1657.705061 -1653.428659 -1653.001322 -1653.047442 -1653.160616 -1653.281718 -1653.397946 -1653.505487 -1653.604861 -1653.716708 -1654.046932 -1656.409776 -1673.709332 -1714.070826 -1780.141977 -1354.949202 -1468.159718 -1448.000650 -1442.260870 -1441.278587 -1441.131739 -1441.109551 -1441.106851 -1441.107449 -1441.108465 -1441.109353 -1441.110045 -1441.110572 -1441.110975 -1441.111287 -1441.111534 -1441.111733 -1441.111900 -1441.112047 -1441.112191 -1441.112351 -1441.112551 -1441.112830 -1441.113241 -1441.113873 -1441.114867 -1441.116457 -1441.119038 -1441.123301 -1441.130491 -1441.142935 -1441.165109 -1441.205819 -1441.282658 -1441.431241 -1441.725545 -1442.327732 -1443.623357 -1446.611638 -1454.172548 -1476.803235 -9999.0 -9999.0
-9999.0 -9999.0 482.220466 389.812940 295.015160 199.092047 102.691252 6.091983 -90.561021 -187.204186 -283.752126 -380.071835 -475.900539 -570.771948 -664.244502 -758.475829 -852.354651 -946.017552 -1039.375135 -1127.133305 -1205.778725 -1271.327692 -1322.396132 -1360.007633 -1386.577353 -1404.837778 -1417.179244 -1425.430061 -1430.896272 -1434.484590 -1436.819077 -1438.325681 -1439.291856 -1439.908797 -1440.301922 -1440.554476 -1440.728724 -1440.897932 -1441.294528 -1443.246681 -1453.385276 -1496.863613 -1479.732454 -1906.966383 -1769.594371 -1691.933102 -1657.705061 -1653.428659 -1653.001322 -1653.047442 -1653.160616 -1653.281718 -1653.397946 -1653.505487 -1653.604861 -1653.716708 -1654.046932 -1656.409776 -1673.709332 -1714.070826 -1780.141977 -1354.949202 -1468.159718 -1448.000650 -1442.260870 -1441.278587 -1441.131739 -1441.109551 -1441.106851 -1441.107449 -1441.108465 -1441.109353 -1441.110045 -1441.110572 -1441.110975 -1441.111287 -1441.111534 -1441.111733 -1441.111900 -1441.112047 -1441.112191 -1441.112351 -1441.112551 -1441.112830 -1441.113241 -1441.113873 -1441.114867 -1441.116457 -1441.119038 -1441.123301 -1441.130491 -1441.142935 -1441.165109 -1441.205819 -1441.282658 -1441.431241 -1441.725545 -1442.327732 -1443.623357 -1446.611638 -1454.172548 -1476.803235 -9999.0 -9999.0
-9999.0 -9999.0 482.218844 389.812086 295.014817 199.091920 102.691207 6.091967 -90.561027 -187.204188 -283.752127 -380.071835 -475.900539 -570.771948 -664.244502 -758.475829 -852.354651 -946.017552 -1039.375135 -1127.133305 -1205.778725 -1271.327692 -1322.396132 -1360.007632 -1386.577353 -1404.837778 -1417.179244 -1425.430061 -1430.896272 -1434.484590 -1436.819077 -1438.325681 -1439.291856 -1439.908797 -1440.301922 -1440.554476 -1440.728724 -1440.897932 -1441.294528 -1443.246681 -1453.385276 -1496.863613 -1479.732454 -1906.966383 -1769.594372 -1691.933103 -1657.705061 -1653.428659 -1653.001322 -1653.047442 -1653.160616 -1653.281718 -1653.397946 -1653.505487 -1653.604861 -1653.716708 -1654.046932 -1656.409776 -1673.709332 -1714.070826 -1780.141977 -1354.949202 -1468.159718 -1448.000650 -1442.260870 -1441.278587 -1441.131739 -1441.109551 -1441.106851 -1441.107449 -1441.108465 -1441.109353 -1441.110045 -1441.110572 -1441.110975 -1441.111287 -1441.111534 -1441.111733 -1441.111900 -1441.112047 -1441.112191 -1441.112351 -1441.112551 -1441.112830 -1441.113241 -1441.113873 -1441.114867 -1441.116457 -1441.119038 -1441.123301 -1441.130491 -1441.142935 -1441.165109 -1441.205819 -1441.282658 -1441.431241 -1441.725545 -1442.327732 -1443.623357 -1446.611638 -1454.172548 -1476.803235 -9999.0 -9999.0
-9999.0 -9999.0 482.212007 389.810180 295.014285 199.091760 102.691155 6.091949 -90.561033 -187.204190 -283.752128 -380.071835 -475.900539 -570.771948 -664.244502 -758.475829 -852.354651 -946.017551 -1039.375135 -1127.133305 -1205.778725 -1271.327692 -1322.396132 -1360.007632 -1386.577352 -1404.837778 -1417.179244 -1425.430061 -1430.896271 -1434.484590 -1436.819077 -1438.325681 -1439.291856 -1439.908797 -1440.301922 -1440.554476 -1440.728724 -1440.897932 -1441.294528 -1443.246681 -1453.385276 -1496.863613 -1479.732455 -1906.966384 -1769.594373 -1691.933105 -1657.705061 -1653.428659 -1653.001322 -1653.047442 -1653.160616 -1653.281718 -1653.397946 -1653.505487 -1653.604861 -1653.716708 -1654.046932 -1656.409776 -1673.709332 -1714.070826 -1780.141977 -1354.949202 -1468.159718 -1448.000650 -1442.260870 -1441.278587 -1441.131739 -1441.109551 -1441.106851 -1441.107449 -1441.108465 -1441.109353 -1441.110045 -1441.110572 -1441.110975 -1441.111287 -1441.111534 -1441.111733 -1441.111900 -1441.112047 -1441.112191 -1441.112351 -1441.112551 -1441.112830 -1441.113241 -1441.113873 -1441.114867 -1441.116457 -1441.119038 -1441.123301 -1441.130491 -1441.142935 -1441.165109 -1441.205819 -1441.282658 -1441.431241 -1441.725545 -1442.327732 -1443.623357 -1446.611638 -1454.172548 -1476.803235 -9999.0 -9999.0
-9999.0 -9999.0 -9999.0 -9999.0 -9999.0 -9999.0 -9999.0 -9999.0 -9999.0 -9999.0 -9999.0 -9999.0 -9999.0 -9999.0 -9999.0 -9999.0 -9999.0 -9999.0 -9999.0 -9999.0 -9999.0 -9999.0 -9999.0 -9999.0 -9999.0 -9999.0 -9999.0 -9999.0 -9999.0 -9999.0 -9999.0 -9999.0 -9999.0 -9999.0 -9999.0 -9999.0 -9999.0 -9999.0 -9999.0 -9999.0 -9999.0 -9999.0 -9999.0 -9999.0 -9999.0 -9999.0 -9999.0 -9999.0 -9999.0 -9999.0 -9999.0 -9999.0 -9999.0 -9999.0 -9999.0 -9999.0 -9999.0 -9999.0 -9999.0 -9999.0 -9999.0 -9999.0 -9999.0 -9999.0 -9999.0 -9999.0 -9999.0 -9999.0 -9999.0 -9999.0 -9999.0 -9999.0 -9999.0 -9999.0 -9999.0 -9999.0 -9999.0 -9999.0 -9999.0 -9999.0 -9999.0 -9999.0 -9999.0 -9999.0 -9999.0 -9999.0 -9999.0 -9999.0 -9999.0 -9999.0 -9999.0 -9999.0 -9999.0 -9999.0 -9999.0 -9999.0 -9999.0 -9999.0 -9999.0 -9999.0 -9999.0 -9999.0 -9999.0 -9999.0
-9999.0 -9999.0 -9999.0 -9999.0 -9999.0 -9999.0 -9999.0 -9999.0 -9999.0 -9999.0 -9999.0 -9999.0 -9999.0 -9999.0 -9999.0 -9999.0 -9999.0 -9999.0 -9999.0 -9999.0 -9999.0 -9999.0 -9999.0 -9999.0 -9999.0 -9999.0 -9999.0 -9999.0 -9999.0 -9999.0 -9999.0 -9999.0 -9999.0 -9999.0 -9999.0 -9999.0 -9999.0 -9999.0 -9999.0 -9999.0 -9999.0 -9999.0 -9999.0 -9999.0 -9999.0 -9999.0 -9999.0 -9999.0 -9999.0 -9999.0 -9999.0 -9999.0 -9999.0 -9999.0 -9999.0 -9999.0 -9999.0 -9999.0 -9999.0 -9999.0 -9999.0 -9999.0 -9999.0 -9999.0 -9999.0 -9999.0 -9999.0 -9999.0 -9999.0 -9999.0 -9999.0 -9999.0 -9999.0 -9999.0 -9999.0 -9999.0 -9999.0 -9999.0 -9999.0 -9999.0 -9999.0 -9999.0 -9999.0 -9999.0 -9999.0 -9999.0 -9999.0 -9999.0 -9999.0 -9999.0 -9999.0 -9999.0 -9999.0 -9999.0 -9999.0 -9999.0 -9999.0 -9999.0 -9999.0 -9999.0 -9999.0 -9999.0 -9999.0 -9999.0