inst/processing_geotop_simulation/geotop_simulation/out/maps3D/PwL0020N0374.asc
ncols         104
nrows         10
xllcorner     -2.000000
yllcorner     0.000000
cellsize      1.000000
NODATA_value  -9999.0
-9999.0 -9999.0 -9999.0 -9999.0 -9999.0 -9999.0 -9999.0 -9999.0 -9999.0 -9999.0 -9999.0 -9999.0 -9999.0 -9999.0 -9999.0 -9999.0 -9999.0 -9999.0 -9999.0 -9999.0 -9999.0 -9999.0 -9999.0 -9999.0 -9999.0 -9999.0 -9999.0 -9999.0 -9999.0 -9999.0 -9999.0 -9999.0 -9999.0 -9999.0 -9999.0 -9999.0 -9999.0 -9999.0 -9999.0 -9999.0 -9999.0 -9999.0 -9999.0 -9999.0 -9999.0 -9999.0 -9999.0 -9999.0 -9999.0 -9999.0 -9999.0 -9999.0 -9999.0 -9999.0 -9999.0 -9999.0 -9999.0 -9999.0 -9999.0 -9999.0 -9999.0 -9999.0 -9999.0 -9999.0 -9999.0 -9999.0 -9999.0 -9999.0 -9999.0 -9999.0 -9999.0 -9999.0 -9999.0 -9999.0 -9999.0 -9999.0 -9999.0 -9999.0 -9999.0 -9999.0 -9999.0 -9999.0 -9999.0 -9999.0 -9999.0 -9999.0 -9999.0 -9999.0 -9999.0 -9999.0 -9999.0 -9999.0 -9999.0 -9999.0 -9999.0 -9999.0 -9999.0 -9999.0 -9999.0 -9999.0 -9999.0 -9999.0 -9999.0 -9999.0
-9999.0 -9999.0 -9999.0 -9999.0 -9999.0 -9999.0 -9999.0 -9999.0 -9999.0 -9999.0 -9999.0 -9999.0 -9999.0 -9999.0 -9999.0 -9999.0 -9999.0 -9999.0 -9999.0 -9999.0 -9999.0 -9999.0 -9999.0 -9999.0 -9999.0 -9999.0 -9999.0 -9999.0 -9999.0 -9999.0 -9999.0 -9999.0 -9999.0 -9999.0 -9999.0 -9999.0 -9999.0 -9999.0 -9999.0 -9999.0 -9999.0 -9999.0 -9999.0 -9999.0 -9999.0 -9999.0 -9999.0 -9999.0 -9999.0 -9999.0 -9999.0 -9999.0 -9999.0 -9999.0 -9999.0 -9999.0 -9999.0 -9999.0 -9999.0 -9999.0 -9999.0 -9999.0 -9999.0 -9999.0 -9999.0 -9999.0 -9999.0 -9999.0 -9999.0 -9999.0 -9999.0 -9999.0 -9999.0 -9999.0 -9999.0 -9999.0 -9999.0 -9999.0 -9999.0 -9999.0 -9999.0 -9999.0 -9999.0 -9999.0 -9999.0 -9999.0 -9999.0 -9999.0 -9999.0 -9999.0 -9999.0 -9999.0 -9999.0 -9999.0 -9999.0 -9999.0 -9999.0 -9999.0 -9999.0 -9999.0 -9999.0 -9999.0 -9999.0 -9999.0
-9999.0 -9999.0 969.087374 870.185446 771.205814 672.091439 572.902310 473.679803 374.447049 275.216774 175.996119 76.789217 -22.399088 -121.565571 -220.706894 -319.804264 -418.822236 -517.693222 -616.294721 -714.414945 -812.664728 -910.524013 -1007.796565 -1104.215242 -1193.172330 -1275.162240 -1348.236222 -1411.023248 -1462.994427 -1504.501815 -1536.596202 -1560.728469 -1578.457538 -1591.240753 -1600.323301 -1606.708261 -1611.186342 -1614.443450 -1617.387955 -1622.054081 -1633.297574 -1663.110990 -1789.270254 -3622.773364 -3984.332628 -3984.254322 -3965.428438 -3841.938714 -3592.146579 -3317.110550 -3076.933877 -2864.388166 -2735.472206 -2653.056660 -2577.095377 -2497.967734 -2412.823961 -2322.932070 -2231.805768 -2142.114389 -2034.007736 -1540.396951 -1619.281577 -1625.065128 -1622.499957 -1621.324522 -1621.031748 -1620.974661 -1620.965201 -1620.964188 -1620.964535 -1620.965027 -1620.965466 -1620.965835 -1620.966148 -1620.966419 -1620.966660 -1620.966881 -1620.967090 -1620.967293 -1620.967500 -1620.967721 -1620.967971 -1620.968269 -1620.968649 -1620.969159 -1620.969883 -1620.970958 -1620.972622 -1620.975300 -1620.979778 -1620.987560 -1621.001595 -1621.027835 -1621.078665 -1621.181000 -1621.396913 -1621.879419 -1623.030809 -1625.986194 -1634.274159 -1660.354066 -9999.0 -9999.0
-9999.0 -9999.0 969.090126 870.186510 771.206166 672.091555 572.902349 473.679817 374.447054 275.216776 175.996120 76.789217 -22.399088 -121.565571 -220.706894 -319.804264 -418.822236 -517.693222 -616.294721 -714.414946 -812.664728 -910.524014 -1007.796565 -1104.215242 -1193.172330 -1275.162240 -1348.236222 -1411.023248 -1462.994427 -1504.501815 -1536.596202 -1560.728469 -1578.457538 -1591.240753 -1600.323301 -1606.708261 -1611.186342 -1614.443450 -1617.387955 -1622.054081 -1633.297574 -1663.110990 -1789.270253 -3622.773363 -3984.332628 -3984.254322 -3965.428438 -3841.938714 -3592.146578 -3317.110548 -3076.933874 -2864.388165 -2735.472206 -2653.056660 -2577.095377 -2497.967734 -2412.823960 -2322.932069 -2231.805768 -2142.114389 -2034.007736 -1540.396951 -1619.281577 -1625.065128 -1622.499957 -1621.324522 -1621.031748 -1620.974661 -1620.965201 -1620.964188 -1620.964535 -1620.965027 -1620.965466 -1620.965835 -1620.966148 -1620.966419 -1620.966660 -1620.966881 -1620.967090 -1620.967293 -1620.967500 -1620.967721 -1620.967971 -1620.968269 -1620.968649 -1620.969159 -1620.969883 -1620.970958 -1620.972621 -1620.975300 -1620.979778 -1620.987560 -1621.001595 -1621.027835 -1621.078665 -1621.181000 -1621.396913 -1621.879419 -1623.030809 -1625.986194 -1634.274159 -1660.354066 -9999.0 -9999.0
-9999.0 -9999.0 969.091199 870.187087 771.206410 672.091649 572.902384 473.679830 374.447059 275.216778 175.996121 76.789218 -22.399088 -121.565571 -220.706894 -319.804264 -418.822236 -517.693222 -616.294722 -714.414946 -812.664728 -910.524014 -1007.796565 -1104.215242 -1193.172330 -1275.162240 -1348.236222 -1411.023248 -1462.994427 -1504.501815 -1536.596202 -1560.728469 -1578.457538 -1591.240753 -1600.323301 -1606.708261 -1611.186342 -1614.443450 -1617.387955 -1622.054081 -1633.297574 -1663.110990 -1789.270253 -3622.773363 -3984.332628 -3984.254322 -3965.428438 -3841.938714 -3592.146578 -3317.110546 -3076.933872 -2864.388165 -2735.472206 -2653.056659 -2577.095377 -2497.967734 -2412.823960 -2322.932069 -2231.805768 -2142.114388 -2034.007736 -1540.396951 -1619.281577 -1625.065128 -1622.499957 -1621.324522 -1621.031748 -1620.974661 -1620.965201 -1620.964188 -1620.964535 -1620.965027 -1620.965466 -1620.965835 -1620.966148 -1620.966419 -1620.966660 -1620.966881 -1620.967090 -1620.967293 -1620.967500 -1620.967721 -1620.967971 -1620.968269 -1620.968649 -1620.969159 -1620.969883 -1620.970958 -1620.972621 -1620.975300 -1620.979778 -1620.987560 -1621.001595 -1621.027835 -1621.078665 -1621.181000 -1621.396913 -1621.879419 -1623.030809 -1625.986194 -1634.274159 -1660.354066 -9999.0 -9999.0
-9999.0 -9999.0 969.091198 870.187087 771.206410 672.091649 572.902384 473.679830 374.447059 275.216778 175.996121 76.789218 -22.399088 -121.565571 -220.706894 -319.804264 -418.822236 -517.693222 -616.294722 -714.414946 -812.664728 -910.524014 -1007.796565 -1104.215242 -1193.172330 -1275.162240 -1348.236222 -1411.023248 -1462.994427 -1504.501815 -1536.596202 -1560.728469 -1578.457538 -1591.240753 -1600.323301 -1606.708261 -1611.186342 -1614.443450 -1617.387955 -1622.054081 -1633.297574 -1663.110990 -1789.270253 -3622.773363 -3984.332628 -3984.254322 -3965.428438 -3841.938714 -3592.146578 -3317.110547 -3076.933872 -2864.388165 -2735.472206 -2653.056660 -2577.095376 -2497.967734 -2412.823960 -2322.932069 -2231.805767 -2142.114389 -2034.007736 -1540.396951 -1619.281577 -1625.065128 -1622.499957 -1621.324522 -1621.031748 -1620.974661 -1620.965201 -1620.964188 -1620.964535 -1620.965027 -1620.965466 -1620.965835 -1620.966148 -1620.966419 -1620.966660 -1620.966881 -1620.967090 -1620.967293 -1620.967500 -1620.967721 -1620.967971 -1620.968269 -1620.968649 -1620.969159 -1620.969883 -1620.970958 -1620.972621 -1620.975300 -1620.979778 -1620.987560 -1621.001595 -1621.027835 -1621.078665 -1621.181000 -1621.396913 -1621.879419 -1623.030809 -1625.986194 -1634.274159 -1660.354066 -9999.0 -9999.0
-9999.0 -9999.0 969.090126 870.186510 771.206166 672.091555 572.902349 473.679817 374.447054 275.216776 175.996120 76.789217 -22.399088 -121.565571 -220.706894 -319.804264 -418.822236 -517.693222 -616.294721 -714.414946 -812.664728 -910.524014 -1007.796565 -1104.215242 -1193.172330 -1275.162240 -1348.236222 -1411.023248 -1462.994427 -1504.501815 -1536.596202 -1560.728469 -1578.457538 -1591.240753 -1600.323301 -1606.708261 -1611.186342 -1614.443450 -1617.387955 -1622.054081 -1633.297574 -1663.110990 -1789.270253 -3622.773363 -3984.332628 -3984.254322 -3965.428438 -3841.938714 -3592.146578 -3317.110547 -3076.933874 -2864.388165 -2735.472206 -2653.056660 -2577.095377 -2497.967734 -2412.823961 -2322.932069 -2231.805768 -2142.114389 -2034.007736 -1540.396951 -1619.281577 -1625.065128 -1622.499957 -1621.324522 -1621.031748 -1620.974661 -1620.965201 -1620.964188 -1620.964535 -1620.965027 -1620.965466 -1620.965835 -1620.966148 -1620.966419 -1620.966660 -1620.966881 -1620.967090 -1620.967293 -1620.967500 -1620.967721 -1620.967971 -1620.968269 -1620.968649 -1620.969159 -1620.969883 -1620.970958 -1620.972621 -1620.975300 -1620.979778 -1620.987560 -1621.001595 -1621.027835 -1621.078665 -1621.181000 -1621.396913 -1621.879419 -1623.030809 -1625.986194 -1634.274159 -1660.354066 -9999.0 -9999.0
-9999.0 -9999.0 969.087373 870.185446 771.205813 672.091439 572.902310 473.679803 374.447049 275.216774 175.996119 76.789217 -22.399088 -121.565572 -220.706894 -319.804264 -418.822236 -517.693222 -616.294721 -714.414945 -812.664728 -910.524013 -1007.796565 -1104.215242 -1193.172330 -1275.162240 -1348.236222 -1411.023248 -1462.994427 -1504.501815 -1536.596202 -1560.728469 -1578.457538 -1591.240753 -1600.323301 -1606.708261 -1611.186342 -1614.443450 -1617.387955 -1622.054081 -1633.297574 -1663.110990 -1789.270254 -3622.773364 -3984.332628 -3984.254322 -3965.428438 -3841.938715 -3592.146579 -3317.110551 -3076.933877 -2864.388166 -2735.472206 -2653.056660 -2577.095377 -2497.967734 -2412.823961 -2322.932070 -2231.805768 -2142.114389 -2034.007736 -1540.396951 -1619.281577 -1625.065128 -1622.499957 -1621.324522 -1621.031748 -1620.974661 -1620.965201 -1620.964188 -1620.964535 -1620.965027 -1620.965466 -1620.965835 -1620.966148 -1620.966419 -1620.966660 -1620.966881 -1620.967090 -1620.967293 -1620.967500 -1620.967721 -1620.967971 -1620.968269 -1620.968649 -1620.969159 -1620.969883 -1620.970958 -1620.972622 -1620.975300 -1620.979778 -1620.987560 -1621.001595 -1621.027835 -1621.078665 -1621.181000 -1621.396913 -1621.879419 -1623.030809 -1625.986194 -1634.274159 -1660.354066 -9999.0 -9999.0
-9999.0 -9999.0 -9999.0 -9999.0 -9999.0 -9999.0 -9999.0 -9999.0 -9999.0 -9999.0 -9999.0 -9999.0 -9999.0 -9999.0 -9999.0 -9999.0 -9999.0 -9999.0 -9999.0 -9999.0 -9999.0 -9999.0 -9999.0 -9999.0 -9999.0 -9999.0 -9999.0 -9999.0 -9999.0 -9999.0 -9999.0 -9999.0 -9999.0 -9999.0 -9999.0 -9999.0 -9999.0 -9999.0 -9999.0 -9999.0 -9999.0 -9999.0 -9999.0 -9999.0 -9999.0 -9999.0 -9999.0 -9999.0 -9999.0 -9999.0 -9999.0 -9999.0 -9999.0 -9999.0 -9999.0 -9999.0 -9999.0 -9999.0 -9999.0 -9999.0 -9999.0 -9999.0 -9999.0 -9999.0 -9999.0 -9999.0 -9999.0 -9999.0 -9999.0 -9999.0 -9999.0 -9999.0 -9999.0 -9999.0 -9999.0 -9999.0 -9999.0 -9999.0 -9999.0 -9999.0 -9999.0 -9999.0 -9999.0 -9999.0 -9999.0 -9999.0 -9999.0 -9999.0 -9999.0 -9999.0 -9999.0 -9999.0 -9999.0 -9999.0 -9999.0 -9999.0 -9999.0 -9999.0 -9999.0 -9999.0 -9999.0 -9999.0 -9999.0 -9999.0
-9999.0 -9999.0 -9999.0 -9999.0 -9999.0 -9999.0 -9999.0 -9999.0 -9999.0 -9999.0 -9999.0 -9999.0 -9999.0 -9999.0 -9999.0 -9999.0 -9999.0 -9999.0 -9999.0 -9999.0 -9999.0 -9999.0 -9999.0 -9999.0 -9999.0 -9999.0 -9999.0 -9999.0 -9999.0 -9999.0 -9999.0 -9999.0 -9999.0 -9999.0 -9999.0 -9999.0 -9999.0 -9999.0 -9999.0 -9999.0 -9999.0 -9999.0 -9999.0 -9999.0 -9999.0 -9999.0 -9999.0 -9999.0 -9999.0 -9999.0 -9999.0 -9999.0 -9999.0 -9999.0 -9999.0 -9999.0 -9999.0 -9999.0 -9999.0 -9999.0 -9999.0 -9999.0 -9999.0 -9999.0 -9999.0 -9999.0 -9999.0 -9999.0 -9999.0 -9999.0 -9999.0 -9999.0 -9999.0 -9999.0 -9999.0 -9999.0 -9999.0 -9999.0 -9999.0 -9999.0 -9999.0 -9999.0 -9999.0 -9999.0 -9999.0 -9999.0 -9999.0 -9999.0 -9999.0 -9999.0 -9999.0 -9999.0 -9999.0 -9999.0 -9999.0 -9999.0 -9999.0 -9999.0 -9999.0 -9999.0 -9999.0 -9999.0 -9999.0 -9999.0