inst/processing_geotop_simulation/geotop_simulation/out/maps3D/PwL0014N0073.asc
ncols         104
nrows         10
xllcorner     -2.000000
yllcorner     0.000000
cellsize      1.000000
NODATA_value  -9999.0
-9999.0 -9999.0 -9999.0 -9999.0 -9999.0 -9999.0 -9999.0 -9999.0 -9999.0 -9999.0 -9999.0 -9999.0 -9999.0 -9999.0 -9999.0 -9999.0 -9999.0 -9999.0 -9999.0 -9999.0 -9999.0 -9999.0 -9999.0 -9999.0 -9999.0 -9999.0 -9999.0 -9999.0 -9999.0 -9999.0 -9999.0 -9999.0 -9999.0 -9999.0 -9999.0 -9999.0 -9999.0 -9999.0 -9999.0 -9999.0 -9999.0 -9999.0 -9999.0 -9999.0 -9999.0 -9999.0 -9999.0 -9999.0 -9999.0 -9999.0 -9999.0 -9999.0 -9999.0 -9999.0 -9999.0 -9999.0 -9999.0 -9999.0 -9999.0 -9999.0 -9999.0 -9999.0 -9999.0 -9999.0 -9999.0 -9999.0 -9999.0 -9999.0 -9999.0 -9999.0 -9999.0 -9999.0 -9999.0 -9999.0 -9999.0 -9999.0 -9999.0 -9999.0 -9999.0 -9999.0 -9999.0 -9999.0 -9999.0 -9999.0 -9999.0 -9999.0 -9999.0 -9999.0 -9999.0 -9999.0 -9999.0 -9999.0 -9999.0 -9999.0 -9999.0 -9999.0 -9999.0 -9999.0 -9999.0 -9999.0 -9999.0 -9999.0 -9999.0 -9999.0
-9999.0 -9999.0 -9999.0 -9999.0 -9999.0 -9999.0 -9999.0 -9999.0 -9999.0 -9999.0 -9999.0 -9999.0 -9999.0 -9999.0 -9999.0 -9999.0 -9999.0 -9999.0 -9999.0 -9999.0 -9999.0 -9999.0 -9999.0 -9999.0 -9999.0 -9999.0 -9999.0 -9999.0 -9999.0 -9999.0 -9999.0 -9999.0 -9999.0 -9999.0 -9999.0 -9999.0 -9999.0 -9999.0 -9999.0 -9999.0 -9999.0 -9999.0 -9999.0 -9999.0 -9999.0 -9999.0 -9999.0 -9999.0 -9999.0 -9999.0 -9999.0 -9999.0 -9999.0 -9999.0 -9999.0 -9999.0 -9999.0 -9999.0 -9999.0 -9999.0 -9999.0 -9999.0 -9999.0 -9999.0 -9999.0 -9999.0 -9999.0 -9999.0 -9999.0 -9999.0 -9999.0 -9999.0 -9999.0 -9999.0 -9999.0 -9999.0 -9999.0 -9999.0 -9999.0 -9999.0 -9999.0 -9999.0 -9999.0 -9999.0 -9999.0 -9999.0 -9999.0 -9999.0 -9999.0 -9999.0 -9999.0 -9999.0 -9999.0 -9999.0 -9999.0 -9999.0 -9999.0 -9999.0 -9999.0 -9999.0 -9999.0 -9999.0 -9999.0 -9999.0
-9999.0 -9999.0 393.564689 293.657136 194.014170 94.745097 -4.073315 -102.475723 -201.194167 -301.877400 -406.565508 -515.648376 -624.323277 -718.479582 -781.279493 -816.797145 -835.003285 -889.128129 -940.336839 -990.047686 -1039.779801 -1022.884088 -1008.177151 -998.010256 -992.285604 -990.019465 -990.062904 -991.406799 -993.302184 -995.271804 -997.056916 -998.548303 -999.727063 -1000.620829 -1001.275851 -1001.743190 -1002.081849 -1002.374512 -1002.696166 -1003.477999 -1011.148607 -1100.835996 -2164.793230 -4277.649272 -4282.178151 -4282.178218 -4282.178218 -4282.178218 -4282.178218 -4282.178218 -4282.178218 -4282.178218 -4282.178218 -4282.178218 -4282.178218 -4282.178218 -4282.178218 -4282.178218 -4282.178218 -4282.178094 -4275.054686 -2058.707967 -1078.221339 -1009.122110 -1003.652327 -1003.048249 -1002.943923 -1002.925185 -1002.924278 -1002.926685 -1002.929232 -1002.931305 -1002.932886 -1002.934080 -1002.934991 -1002.935697 -1002.936256 -1002.936706 -1002.937079 -1002.937405 -1002.937719 -1002.938063 -1002.938488 -1002.939074 -1002.939935 -1002.941252 -1002.943317 -1002.946603 -1002.951906 -1002.960590 -1002.975083 -1002.999847 -1003.043375 -1003.122268 -1003.269509 -1003.551066 -1004.099479 -1005.187227 -1007.415476 -1012.274922 -1023.783970 -1052.884450 -9999.0 -9999.0
-9999.0 -9999.0 393.564689 293.657135 194.014169 94.745096 -4.073316 -102.475723 -201.194167 -301.877401 -406.565508 -515.648377 -624.323277 -718.479582 -781.279494 -816.797145 -835.003285 -889.128129 -940.336839 -990.047686 -1039.779801 -1022.884088 -1008.177151 -998.010256 -992.285604 -990.019465 -990.062904 -991.406799 -993.302184 -995.271804 -997.056916 -998.548303 -999.727063 -1000.620829 -1001.275851 -1001.743190 -1002.081849 -1002.374512 -1002.696166 -1003.477999 -1011.148607 -1100.835996 -2164.793230 -4277.649272 -4282.178151 -4282.178218 -4282.178218 -4282.178218 -4282.178218 -4282.178218 -4282.178218 -4282.178218 -4282.178218 -4282.178218 -4282.178218 -4282.178218 -4282.178218 -4282.178218 -4282.178218 -4282.178094 -4275.054686 -2058.707967 -1078.221339 -1009.122110 -1003.652327 -1003.048249 -1002.943923 -1002.925185 -1002.924278 -1002.926685 -1002.929232 -1002.931305 -1002.932886 -1002.934080 -1002.934991 -1002.935697 -1002.936256 -1002.936706 -1002.937079 -1002.937405 -1002.937719 -1002.938063 -1002.938488 -1002.939074 -1002.939935 -1002.941252 -1002.943317 -1002.946603 -1002.951906 -1002.960590 -1002.975083 -1002.999847 -1003.043375 -1003.122268 -1003.269509 -1003.551066 -1004.099479 -1005.187227 -1007.415476 -1012.274922 -1023.783970 -1052.884450 -9999.0 -9999.0
-9999.0 -9999.0 393.564688 293.657135 194.014169 94.745096 -4.073316 -102.475724 -201.194168 -301.877401 -406.565508 -515.648377 -624.323277 -718.479582 -781.279494 -816.797145 -835.003285 -889.128129 -940.336839 -990.047686 -1039.779801 -1022.884088 -1008.177151 -998.010256 -992.285604 -990.019465 -990.062904 -991.406799 -993.302184 -995.271804 -997.056916 -998.548303 -999.727063 -1000.620829 -1001.275851 -1001.743190 -1002.081849 -1002.374512 -1002.696166 -1003.477999 -1011.148607 -1100.835996 -2164.793230 -4277.649272 -4282.178151 -4282.178218 -4282.178218 -4282.178218 -4282.178218 -4282.178218 -4282.178218 -4282.178218 -4282.178218 -4282.178218 -4282.178218 -4282.178218 -4282.178218 -4282.178218 -4282.178218 -4282.178094 -4275.054686 -2058.707967 -1078.221339 -1009.122110 -1003.652327 -1003.048249 -1002.943923 -1002.925185 -1002.924278 -1002.926685 -1002.929232 -1002.931305 -1002.932886 -1002.934080 -1002.934991 -1002.935697 -1002.936256 -1002.936706 -1002.937079 -1002.937405 -1002.937719 -1002.938063 -1002.938488 -1002.939074 -1002.939935 -1002.941252 -1002.943317 -1002.946603 -1002.951906 -1002.960590 -1002.975083 -1002.999847 -1003.043375 -1003.122268 -1003.269509 -1003.551066 -1004.099479 -1005.187227 -1007.415476 -1012.274922 -1023.783970 -1052.884450 -9999.0 -9999.0
-9999.0 -9999.0 393.564688 293.657135 194.014169 94.745096 -4.073316 -102.475724 -201.194168 -301.877401 -406.565508 -515.648377 -624.323277 -718.479582 -781.279494 -816.797145 -835.003285 -889.128129 -940.336839 -990.047686 -1039.779801 -1022.884088 -1008.177151 -998.010256 -992.285604 -990.019465 -990.062904 -991.406799 -993.302184 -995.271804 -997.056916 -998.548303 -999.727063 -1000.620829 -1001.275851 -1001.743190 -1002.081849 -1002.374512 -1002.696166 -1003.477999 -1011.148607 -1100.835996 -2164.793230 -4277.649272 -4282.178151 -4282.178218 -4282.178218 -4282.178218 -4282.178218 -4282.178218 -4282.178218 -4282.178218 -4282.178218 -4282.178218 -4282.178218 -4282.178218 -4282.178218 -4282.178218 -4282.178218 -4282.178094 -4275.054686 -2058.707967 -1078.221339 -1009.122110 -1003.652327 -1003.048249 -1002.943923 -1002.925185 -1002.924278 -1002.926685 -1002.929232 -1002.931305 -1002.932886 -1002.934080 -1002.934991 -1002.935697 -1002.936256 -1002.936706 -1002.937079 -1002.937405 -1002.937719 -1002.938063 -1002.938488 -1002.939074 -1002.939935 -1002.941252 -1002.943317 -1002.946603 -1002.951906 -1002.960590 -1002.975083 -1002.999847 -1003.043375 -1003.122268 -1003.269509 -1003.551066 -1004.099479 -1005.187227 -1007.415476 -1012.274922 -1023.783970 -1052.884450 -9999.0 -9999.0
-9999.0 -9999.0 393.564688 293.657135 194.014169 94.745096 -4.073316 -102.475723 -201.194167 -301.877401 -406.565508 -515.648377 -624.323277 -718.479582 -781.279494 -816.797145 -835.003285 -889.128129 -940.336839 -990.047686 -1039.779801 -1022.884088 -1008.177151 -998.010256 -992.285604 -990.019465 -990.062904 -991.406799 -993.302184 -995.271804 -997.056916 -998.548303 -999.727063 -1000.620829 -1001.275851 -1001.743190 -1002.081849 -1002.374512 -1002.696166 -1003.477999 -1011.148607 -1100.835996 -2164.793230 -4277.649272 -4282.178151 -4282.178218 -4282.178218 -4282.178218 -4282.178218 -4282.178218 -4282.178218 -4282.178218 -4282.178218 -4282.178218 -4282.178218 -4282.178218 -4282.178218 -4282.178218 -4282.178218 -4282.178094 -4275.054686 -2058.707967 -1078.221339 -1009.122110 -1003.652327 -1003.048249 -1002.943923 -1002.925185 -1002.924278 -1002.926685 -1002.929232 -1002.931305 -1002.932886 -1002.934080 -1002.934991 -1002.935697 -1002.936256 -1002.936706 -1002.937079 -1002.937405 -1002.937719 -1002.938063 -1002.938488 -1002.939074 -1002.939935 -1002.941252 -1002.943317 -1002.946603 -1002.951906 -1002.960590 -1002.975083 -1002.999847 -1003.043375 -1003.122268 -1003.269509 -1003.551066 -1004.099479 -1005.187227 -1007.415476 -1012.274922 -1023.783970 -1052.884450 -9999.0 -9999.0
-9999.0 -9999.0 393.564689 293.657136 194.014170 94.745097 -4.073315 -102.475723 -201.194167 -301.877400 -406.565507 -515.648376 -624.323277 -718.479582 -781.279494 -816.797145 -835.003285 -889.128129 -940.336839 -990.047686 -1039.779801 -1022.884088 -1008.177151 -998.010256 -992.285604 -990.019465 -990.062904 -991.406799 -993.302184 -995.271804 -997.056916 -998.548303 -999.727063 -1000.620829 -1001.275851 -1001.743190 -1002.081849 -1002.374512 -1002.696166 -1003.477999 -1011.148607 -1100.835996 -2164.793230 -4277.649272 -4282.178151 -4282.178218 -4282.178218 -4282.178218 -4282.178218 -4282.178218 -4282.178218 -4282.178218 -4282.178218 -4282.178218 -4282.178218 -4282.178218 -4282.178218 -4282.178218 -4282.178218 -4282.178094 -4275.054686 -2058.707967 -1078.221339 -1009.122110 -1003.652327 -1003.048249 -1002.943923 -1002.925185 -1002.924278 -1002.926685 -1002.929232 -1002.931305 -1002.932886 -1002.934080 -1002.934991 -1002.935697 -1002.936256 -1002.936706 -1002.937079 -1002.937405 -1002.937719 -1002.938063 -1002.938488 -1002.939074 -1002.939935 -1002.941252 -1002.943317 -1002.946603 -1002.951906 -1002.960590 -1002.975083 -1002.999847 -1003.043375 -1003.122268 -1003.269509 -1003.551066 -1004.099479 -1005.187227 -1007.415476 -1012.274922 -1023.783970 -1052.884450 -9999.0 -9999.0
-9999.0 -9999.0 -9999.0 -9999.0 -9999.0 -9999.0 -9999.0 -9999.0 -9999.0 -9999.0 -9999.0 -9999.0 -9999.0 -9999.0 -9999.0 -9999.0 -9999.0 -9999.0 -9999.0 -9999.0 -9999.0 -9999.0 -9999.0 -9999.0 -9999.0 -9999.0 -9999.0 -9999.0 -9999.0 -9999.0 -9999.0 -9999.0 -9999.0 -9999.0 -9999.0 -9999.0 -9999.0 -9999.0 -9999.0 -9999.0 -9999.0 -9999.0 -9999.0 -9999.0 -9999.0 -9999.0 -9999.0 -9999.0 -9999.0 -9999.0 -9999.0 -9999.0 -9999.0 -9999.0 -9999.0 -9999.0 -9999.0 -9999.0 -9999.0 -9999.0 -9999.0 -9999.0 -9999.0 -9999.0 -9999.0 -9999.0 -9999.0 -9999.0 -9999.0 -9999.0 -9999.0 -9999.0 -9999.0 -9999.0 -9999.0 -9999.0 -9999.0 -9999.0 -9999.0 -9999.0 -9999.0 -9999.0 -9999.0 -9999.0 -9999.0 -9999.0 -9999.0 -9999.0 -9999.0 -9999.0 -9999.0 -9999.0 -9999.0 -9999.0 -9999.0 -9999.0 -9999.0 -9999.0 -9999.0 -9999.0 -9999.0 -9999.0 -9999.0 -9999.0
-9999.0 -9999.0 -9999.0 -9999.0 -9999.0 -9999.0 -9999.0 -9999.0 -9999.0 -9999.0 -9999.0 -9999.0 -9999.0 -9999.0 -9999.0 -9999.0 -9999.0 -9999.0 -9999.0 -9999.0 -9999.0 -9999.0 -9999.0 -9999.0 -9999.0 -9999.0 -9999.0 -9999.0 -9999.0 -9999.0 -9999.0 -9999.0 -9999.0 -9999.0 -9999.0 -9999.0 -9999.0 -9999.0 -9999.0 -9999.0 -9999.0 -9999.0 -9999.0 -9999.0 -9999.0 -9999.0 -9999.0 -9999.0 -9999.0 -9999.0 -9999.0 -9999.0 -9999.0 -9999.0 -9999.0 -9999.0 -9999.0 -9999.0 -9999.0 -9999.0 -9999.0 -9999.0 -9999.0 -9999.0 -9999.0 -9999.0 -9999.0 -9999.0 -9999.0 -9999.0 -9999.0 -9999.0 -9999.0 -9999.0 -9999.0 -9999.0 -9999.0 -9999.0 -9999.0 -9999.0 -9999.0 -9999.0 -9999.0 -9999.0 -9999.0 -9999.0 -9999.0 -9999.0 -9999.0 -9999.0 -9999.0 -9999.0 -9999.0 -9999.0 -9999.0 -9999.0 -9999.0 -9999.0 -9999.0 -9999.0 -9999.0 -9999.0 -9999.0 -9999.0