inst/processing_geotop_simulation/geotop_simulation/out/maps3D/PwL0002N0463.asc
ncols         104
nrows         10
xllcorner     -2.000000
yllcorner     0.000000
cellsize      1.000000
NODATA_value  -9999.0
-9999.0 -9999.0 -9999.0 -9999.0 -9999.0 -9999.0 -9999.0 -9999.0 -9999.0 -9999.0 -9999.0 -9999.0 -9999.0 -9999.0 -9999.0 -9999.0 -9999.0 -9999.0 -9999.0 -9999.0 -9999.0 -9999.0 -9999.0 -9999.0 -9999.0 -9999.0 -9999.0 -9999.0 -9999.0 -9999.0 -9999.0 -9999.0 -9999.0 -9999.0 -9999.0 -9999.0 -9999.0 -9999.0 -9999.0 -9999.0 -9999.0 -9999.0 -9999.0 -9999.0 -9999.0 -9999.0 -9999.0 -9999.0 -9999.0 -9999.0 -9999.0 -9999.0 -9999.0 -9999.0 -9999.0 -9999.0 -9999.0 -9999.0 -9999.0 -9999.0 -9999.0 -9999.0 -9999.0 -9999.0 -9999.0 -9999.0 -9999.0 -9999.0 -9999.0 -9999.0 -9999.0 -9999.0 -9999.0 -9999.0 -9999.0 -9999.0 -9999.0 -9999.0 -9999.0 -9999.0 -9999.0 -9999.0 -9999.0 -9999.0 -9999.0 -9999.0 -9999.0 -9999.0 -9999.0 -9999.0 -9999.0 -9999.0 -9999.0 -9999.0 -9999.0 -9999.0 -9999.0 -9999.0 -9999.0 -9999.0 -9999.0 -9999.0 -9999.0 -9999.0
-9999.0 -9999.0 -9999.0 -9999.0 -9999.0 -9999.0 -9999.0 -9999.0 -9999.0 -9999.0 -9999.0 -9999.0 -9999.0 -9999.0 -9999.0 -9999.0 -9999.0 -9999.0 -9999.0 -9999.0 -9999.0 -9999.0 -9999.0 -9999.0 -9999.0 -9999.0 -9999.0 -9999.0 -9999.0 -9999.0 -9999.0 -9999.0 -9999.0 -9999.0 -9999.0 -9999.0 -9999.0 -9999.0 -9999.0 -9999.0 -9999.0 -9999.0 -9999.0 -9999.0 -9999.0 -9999.0 -9999.0 -9999.0 -9999.0 -9999.0 -9999.0 -9999.0 -9999.0 -9999.0 -9999.0 -9999.0 -9999.0 -9999.0 -9999.0 -9999.0 -9999.0 -9999.0 -9999.0 -9999.0 -9999.0 -9999.0 -9999.0 -9999.0 -9999.0 -9999.0 -9999.0 -9999.0 -9999.0 -9999.0 -9999.0 -9999.0 -9999.0 -9999.0 -9999.0 -9999.0 -9999.0 -9999.0 -9999.0 -9999.0 -9999.0 -9999.0 -9999.0 -9999.0 -9999.0 -9999.0 -9999.0 -9999.0 -9999.0 -9999.0 -9999.0 -9999.0 -9999.0 -9999.0 -9999.0 -9999.0 -9999.0 -9999.0 -9999.0 -9999.0
-9999.0 -9999.0 75.430170 -22.663008 -121.748430 -221.071002 -320.480593 -419.922350 -519.368246 -618.798670 -718.180908 -817.503734 -916.748309 -1015.893607 -1115.012004 -1214.081080 -1312.932589 -1411.433178 -1509.324532 -1606.062930 -1700.530140 -1790.656895 -1873.455487 -1945.931927 -2006.255786 -2054.237800 -2091.006845 -2118.373148 -2138.288365 -2152.531145 -2162.579380 -2169.592590 -2174.446042 -2177.782519 -2180.065129 -2181.625714 -2182.714683 -2183.586571 -2184.713989 -2186.903645 -2185.370275 -2106.839301 -1286.486055 -1283.712762 -1273.624313 -1266.883036 -1263.706959 -1263.196855 -1263.140342 -1263.144701 -1263.157790 -1263.171956 -1263.185584 -1263.198215 -1263.210011 -1263.224363 -1263.272151 -1263.584035 -1265.297861 -1269.051807 -1273.841804 -1269.285905 -2081.844614 -2179.824721 -2185.586539 -2185.212312 -2185.006118 -2184.959782 -2184.951733 -2184.950820 -2184.951075 -2184.951450 -2184.951772 -2184.952028 -2184.952230 -2184.952392 -2184.952524 -2184.952636 -2184.952735 -2184.952826 -2184.952917 -2184.953018 -2184.953142 -2184.953307 -2184.953542 -2184.953892 -2184.954432 -2184.955288 -2184.956675 -2184.958981 -2184.962919 -2184.969851 -2184.982440 -2185.006024 -2185.051573 -2185.142488 -2185.331559 -2185.746966 -2186.727709 -2189.266681 -2196.654549 -2221.319422 -9999.0 -9999.0
-9999.0 -9999.0 75.440172 -22.661221 -121.747984 -221.070872 -320.480552 -419.922336 -519.368241 -618.798668 -718.180907 -817.503734 -916.748309 -1015.893607 -1115.012004 -1214.081080 -1312.932589 -1411.433178 -1509.324532 -1606.062931 -1700.530140 -1790.656895 -1873.455487 -1945.931928 -2006.255786 -2054.237800 -2091.006845 -2118.373148 -2138.288365 -2152.531145 -2162.579380 -2169.592590 -2174.446042 -2177.782519 -2180.065129 -2181.625713 -2182.714683 -2183.586571 -2184.713989 -2186.903645 -2185.370275 -2106.839301 -1286.486055 -1283.712762 -1273.624313 -1266.883036 -1263.706959 -1263.196855 -1263.140342 -1263.144701 -1263.157790 -1263.171956 -1263.185584 -1263.198215 -1263.210011 -1263.224363 -1263.272151 -1263.584035 -1265.297861 -1269.051807 -1273.841804 -1269.285905 -2081.844614 -2179.824721 -2185.586539 -2185.212312 -2185.006118 -2184.959782 -2184.951733 -2184.950820 -2184.951075 -2184.951450 -2184.951772 -2184.952028 -2184.952230 -2184.952392 -2184.952524 -2184.952636 -2184.952735 -2184.952826 -2184.952917 -2184.953018 -2184.953142 -2184.953307 -2184.953542 -2184.953892 -2184.954432 -2184.955288 -2184.956675 -2184.958981 -2184.962919 -2184.969851 -2184.982440 -2185.006024 -2185.051573 -2185.142488 -2185.331559 -2185.746966 -2186.727709 -2189.266681 -2196.654549 -2221.319422 -9999.0 -9999.0
-9999.0 -9999.0 75.441258 -22.660504 -121.747701 -221.070770 -320.480516 -419.922323 -519.368236 -618.798666 -718.180906 -817.503733 -916.748309 -1015.893607 -1115.012004 -1214.081080 -1312.932589 -1411.433178 -1509.324532 -1606.062931 -1700.530141 -1790.656896 -1873.455487 -1945.931928 -2006.255786 -2054.237801 -2091.006845 -2118.373148 -2138.288365 -2152.531146 -2162.579380 -2169.592590 -2174.446042 -2177.782519 -2180.065129 -2181.625714 -2182.714683 -2183.586571 -2184.713989 -2186.903645 -2185.370275 -2106.839301 -1286.486055 -1283.712762 -1273.624313 -1266.883036 -1263.706959 -1263.196855 -1263.140342 -1263.144701 -1263.157790 -1263.171956 -1263.185584 -1263.198215 -1263.210011 -1263.224363 -1263.272151 -1263.584035 -1265.297861 -1269.051807 -1273.841804 -1269.285905 -2081.844614 -2179.824721 -2185.586539 -2185.212312 -2185.006118 -2184.959782 -2184.951733 -2184.950820 -2184.951075 -2184.951450 -2184.951772 -2184.952028 -2184.952230 -2184.952392 -2184.952524 -2184.952636 -2184.952735 -2184.952826 -2184.952917 -2184.953018 -2184.953142 -2184.953307 -2184.953542 -2184.953892 -2184.954432 -2184.955288 -2184.956675 -2184.958981 -2184.962919 -2184.969851 -2184.982440 -2185.006024 -2185.051573 -2185.142488 -2185.331559 -2185.746966 -2186.727709 -2189.266681 -2196.654549 -2221.319422 -9999.0 -9999.0
-9999.0 -9999.0 75.441258 -22.660504 -121.747701 -221.070770 -320.480516 -419.922323 -519.368236 -618.798666 -718.180906 -817.503733 -916.748308 -1015.893607 -1115.012004 -1214.081080 -1312.932589 -1411.433178 -1509.324532 -1606.062931 -1700.530141 -1790.656896 -1873.455487 -1945.931928 -2006.255786 -2054.237801 -2091.006845 -2118.373148 -2138.288365 -2152.531146 -2162.579380 -2169.592590 -2174.446042 -2177.782519 -2180.065129 -2181.625714 -2182.714683 -2183.586571 -2184.713989 -2186.903645 -2185.370275 -2106.839301 -1286.486055 -1283.712762 -1273.624313 -1266.883036 -1263.706959 -1263.196855 -1263.140342 -1263.144701 -1263.157790 -1263.171956 -1263.185584 -1263.198215 -1263.210011 -1263.224363 -1263.272151 -1263.584035 -1265.297861 -1269.051807 -1273.841804 -1269.285905 -2081.844614 -2179.824721 -2185.586539 -2185.212312 -2185.006118 -2184.959782 -2184.951733 -2184.950820 -2184.951075 -2184.951450 -2184.951772 -2184.952028 -2184.952230 -2184.952392 -2184.952524 -2184.952636 -2184.952735 -2184.952826 -2184.952917 -2184.953018 -2184.953142 -2184.953307 -2184.953542 -2184.953892 -2184.954432 -2184.955288 -2184.956675 -2184.958981 -2184.962919 -2184.969851 -2184.982440 -2185.006024 -2185.051573 -2185.142488 -2185.331559 -2185.746966 -2186.727709 -2189.266681 -2196.654549 -2221.319422 -9999.0 -9999.0
-9999.0 -9999.0 75.440172 -22.661221 -121.747984 -221.070872 -320.480552 -419.922336 -519.368241 -618.798668 -718.180907 -817.503734 -916.748309 -1015.893607 -1115.012004 -1214.081080 -1312.932589 -1411.433178 -1509.324532 -1606.062931 -1700.530140 -1790.656895 -1873.455487 -1945.931928 -2006.255786 -2054.237800 -2091.006845 -2118.373148 -2138.288365 -2152.531145 -2162.579380 -2169.592590 -2174.446042 -2177.782519 -2180.065129 -2181.625713 -2182.714683 -2183.586571 -2184.713989 -2186.903645 -2185.370275 -2106.839301 -1286.486055 -1283.712762 -1273.624313 -1266.883036 -1263.706959 -1263.196855 -1263.140342 -1263.144701 -1263.157790 -1263.171956 -1263.185584 -1263.198215 -1263.210011 -1263.224363 -1263.272151 -1263.584035 -1265.297861 -1269.051807 -1273.841804 -1269.285905 -2081.844614 -2179.824721 -2185.586539 -2185.212312 -2185.006118 -2184.959782 -2184.951733 -2184.950820 -2184.951075 -2184.951450 -2184.951772 -2184.952028 -2184.952230 -2184.952392 -2184.952524 -2184.952636 -2184.952735 -2184.952826 -2184.952917 -2184.953018 -2184.953142 -2184.953307 -2184.953542 -2184.953892 -2184.954432 -2184.955288 -2184.956675 -2184.958981 -2184.962919 -2184.969851 -2184.982440 -2185.006024 -2185.051573 -2185.142488 -2185.331559 -2185.746966 -2186.727709 -2189.266681 -2196.654549 -2221.319422 -9999.0 -9999.0
-9999.0 -9999.0 75.430170 -22.663008 -121.748430 -221.071002 -320.480593 -419.922350 -519.368246 -618.798670 -718.180908 -817.503734 -916.748309 -1015.893608 -1115.012004 -1214.081080 -1312.932589 -1411.433178 -1509.324532 -1606.062930 -1700.530140 -1790.656895 -1873.455487 -1945.931927 -2006.255786 -2054.237800 -2091.006845 -2118.373148 -2138.288365 -2152.531145 -2162.579380 -2169.592590 -2174.446042 -2177.782519 -2180.065129 -2181.625714 -2182.714683 -2183.586571 -2184.713989 -2186.903645 -2185.370275 -2106.839301 -1286.486055 -1283.712762 -1273.624313 -1266.883036 -1263.706959 -1263.196855 -1263.140342 -1263.144701 -1263.157790 -1263.171956 -1263.185584 -1263.198215 -1263.210011 -1263.224363 -1263.272151 -1263.584035 -1265.297861 -1269.051807 -1273.841804 -1269.285905 -2081.844614 -2179.824721 -2185.586539 -2185.212312 -2185.006118 -2184.959782 -2184.951733 -2184.950820 -2184.951075 -2184.951450 -2184.951772 -2184.952028 -2184.952230 -2184.952392 -2184.952524 -2184.952636 -2184.952735 -2184.952826 -2184.952917 -2184.953018 -2184.953142 -2184.953307 -2184.953542 -2184.953892 -2184.954432 -2184.955288 -2184.956675 -2184.958981 -2184.962919 -2184.969851 -2184.982440 -2185.006024 -2185.051573 -2185.142488 -2185.331559 -2185.746966 -2186.727709 -2189.266681 -2196.654549 -2221.319422 -9999.0 -9999.0
-9999.0 -9999.0 -9999.0 -9999.0 -9999.0 -9999.0 -9999.0 -9999.0 -9999.0 -9999.0 -9999.0 -9999.0 -9999.0 -9999.0 -9999.0 -9999.0 -9999.0 -9999.0 -9999.0 -9999.0 -9999.0 -9999.0 -9999.0 -9999.0 -9999.0 -9999.0 -9999.0 -9999.0 -9999.0 -9999.0 -9999.0 -9999.0 -9999.0 -9999.0 -9999.0 -9999.0 -9999.0 -9999.0 -9999.0 -9999.0 -9999.0 -9999.0 -9999.0 -9999.0 -9999.0 -9999.0 -9999.0 -9999.0 -9999.0 -9999.0 -9999.0 -9999.0 -9999.0 -9999.0 -9999.0 -9999.0 -9999.0 -9999.0 -9999.0 -9999.0 -9999.0 -9999.0 -9999.0 -9999.0 -9999.0 -9999.0 -9999.0 -9999.0 -9999.0 -9999.0 -9999.0 -9999.0 -9999.0 -9999.0 -9999.0 -9999.0 -9999.0 -9999.0 -9999.0 -9999.0 -9999.0 -9999.0 -9999.0 -9999.0 -9999.0 -9999.0 -9999.0 -9999.0 -9999.0 -9999.0 -9999.0 -9999.0 -9999.0 -9999.0 -9999.0 -9999.0 -9999.0 -9999.0 -9999.0 -9999.0 -9999.0 -9999.0 -9999.0 -9999.0
-9999.0 -9999.0 -9999.0 -9999.0 -9999.0 -9999.0 -9999.0 -9999.0 -9999.0 -9999.0 -9999.0 -9999.0 -9999.0 -9999.0 -9999.0 -9999.0 -9999.0 -9999.0 -9999.0 -9999.0 -9999.0 -9999.0 -9999.0 -9999.0 -9999.0 -9999.0 -9999.0 -9999.0 -9999.0 -9999.0 -9999.0 -9999.0 -9999.0 -9999.0 -9999.0 -9999.0 -9999.0 -9999.0 -9999.0 -9999.0 -9999.0 -9999.0 -9999.0 -9999.0 -9999.0 -9999.0 -9999.0 -9999.0 -9999.0 -9999.0 -9999.0 -9999.0 -9999.0 -9999.0 -9999.0 -9999.0 -9999.0 -9999.0 -9999.0 -9999.0 -9999.0 -9999.0 -9999.0 -9999.0 -9999.0 -9999.0 -9999.0 -9999.0 -9999.0 -9999.0 -9999.0 -9999.0 -9999.0 -9999.0 -9999.0 -9999.0 -9999.0 -9999.0 -9999.0 -9999.0 -9999.0 -9999.0 -9999.0 -9999.0 -9999.0 -9999.0 -9999.0 -9999.0 -9999.0 -9999.0 -9999.0 -9999.0 -9999.0 -9999.0 -9999.0 -9999.0 -9999.0 -9999.0 -9999.0 -9999.0 -9999.0 -9999.0 -9999.0 -9999.0