inst/processing_geotop_simulation/geotop_simulation/out/maps3D/PwL0001N0461.asc
ncols         104
nrows         10
xllcorner     -2.000000
yllcorner     0.000000
cellsize      1.000000
NODATA_value  -9999.0
-9999.0 -9999.0 -9999.0 -9999.0 -9999.0 -9999.0 -9999.0 -9999.0 -9999.0 -9999.0 -9999.0 -9999.0 -9999.0 -9999.0 -9999.0 -9999.0 -9999.0 -9999.0 -9999.0 -9999.0 -9999.0 -9999.0 -9999.0 -9999.0 -9999.0 -9999.0 -9999.0 -9999.0 -9999.0 -9999.0 -9999.0 -9999.0 -9999.0 -9999.0 -9999.0 -9999.0 -9999.0 -9999.0 -9999.0 -9999.0 -9999.0 -9999.0 -9999.0 -9999.0 -9999.0 -9999.0 -9999.0 -9999.0 -9999.0 -9999.0 -9999.0 -9999.0 -9999.0 -9999.0 -9999.0 -9999.0 -9999.0 -9999.0 -9999.0 -9999.0 -9999.0 -9999.0 -9999.0 -9999.0 -9999.0 -9999.0 -9999.0 -9999.0 -9999.0 -9999.0 -9999.0 -9999.0 -9999.0 -9999.0 -9999.0 -9999.0 -9999.0 -9999.0 -9999.0 -9999.0 -9999.0 -9999.0 -9999.0 -9999.0 -9999.0 -9999.0 -9999.0 -9999.0 -9999.0 -9999.0 -9999.0 -9999.0 -9999.0 -9999.0 -9999.0 -9999.0 -9999.0 -9999.0 -9999.0 -9999.0 -9999.0 -9999.0 -9999.0 -9999.0
-9999.0 -9999.0 -9999.0 -9999.0 -9999.0 -9999.0 -9999.0 -9999.0 -9999.0 -9999.0 -9999.0 -9999.0 -9999.0 -9999.0 -9999.0 -9999.0 -9999.0 -9999.0 -9999.0 -9999.0 -9999.0 -9999.0 -9999.0 -9999.0 -9999.0 -9999.0 -9999.0 -9999.0 -9999.0 -9999.0 -9999.0 -9999.0 -9999.0 -9999.0 -9999.0 -9999.0 -9999.0 -9999.0 -9999.0 -9999.0 -9999.0 -9999.0 -9999.0 -9999.0 -9999.0 -9999.0 -9999.0 -9999.0 -9999.0 -9999.0 -9999.0 -9999.0 -9999.0 -9999.0 -9999.0 -9999.0 -9999.0 -9999.0 -9999.0 -9999.0 -9999.0 -9999.0 -9999.0 -9999.0 -9999.0 -9999.0 -9999.0 -9999.0 -9999.0 -9999.0 -9999.0 -9999.0 -9999.0 -9999.0 -9999.0 -9999.0 -9999.0 -9999.0 -9999.0 -9999.0 -9999.0 -9999.0 -9999.0 -9999.0 -9999.0 -9999.0 -9999.0 -9999.0 -9999.0 -9999.0 -9999.0 -9999.0 -9999.0 -9999.0 -9999.0 -9999.0 -9999.0 -9999.0 -9999.0 -9999.0 -9999.0 -9999.0 -9999.0 -9999.0
-9999.0 -9999.0 25.819001 -72.148710 -171.226414 -270.543924 -369.949021 -469.385988 -568.826676 -668.249772 -767.627671 -866.941843 -966.175042 -1065.306272 -1164.407557 -1263.457244 -1362.282364 -1460.744211 -1558.574301 -1655.209575 -1749.498199 -1839.321749 -1921.650370 -1993.494504 -2053.084588 -2100.317507 -2136.395482 -2163.171079 -2182.608910 -2196.481339 -2206.250717 -2213.058553 -2217.763241 -2220.993323 -2223.200582 -2224.708169 -2225.759861 -2226.604798 -2227.711159 -2229.887804 -2228.354422 -2149.226314 -1320.626692 -1316.282965 -1306.562068 -1300.084244 -1297.031187 -1296.539939 -1296.485491 -1296.489733 -1296.502403 -1296.516113 -1296.529304 -1296.541528 -1296.552944 -1296.566823 -1296.612960 -1296.913663 -1298.562517 -1302.174462 -1306.845106 -1304.129822 -2124.539532 -2222.839628 -2228.556509 -2228.175218 -2227.969272 -2227.923235 -2227.915266 -2227.914371 -2227.914630 -2227.915006 -2227.915329 -2227.915585 -2227.915787 -2227.915948 -2227.916080 -2227.916191 -2227.916289 -2227.916379 -2227.916469 -2227.916570 -2227.916693 -2227.916857 -2227.917091 -2227.917440 -2227.917981 -2227.918838 -2227.920228 -2227.922539 -2227.926488 -2227.933438 -2227.946059 -2227.969699 -2228.015343 -2228.106408 -2228.295662 -2228.711106 -2229.690963 -2232.225235 -2239.595700 -2264.216049 -9999.0 -9999.0
-9999.0 -9999.0 25.829836 -72.146914 -171.225967 -270.543794 -369.948979 -469.385974 -568.826671 -668.249770 -767.627669 -866.941842 -966.175042 -1065.306272 -1164.407557 -1263.457244 -1362.282364 -1460.744211 -1558.574301 -1655.209575 -1749.498200 -1839.321750 -1921.650370 -1993.494504 -2053.084589 -2100.317507 -2136.395482 -2163.171079 -2182.608910 -2196.481339 -2206.250717 -2213.058553 -2217.763241 -2220.993323 -2223.200582 -2224.708169 -2225.759861 -2226.604798 -2227.711159 -2229.887804 -2228.354422 -2149.226314 -1320.626692 -1316.282965 -1306.562068 -1300.084243 -1297.031187 -1296.539939 -1296.485491 -1296.489733 -1296.502403 -1296.516113 -1296.529304 -1296.541528 -1296.552944 -1296.566823 -1296.612960 -1296.913663 -1298.562517 -1302.174462 -1306.845106 -1304.129822 -2124.539532 -2222.839628 -2228.556509 -2228.175218 -2227.969272 -2227.923235 -2227.915266 -2227.914371 -2227.914630 -2227.915006 -2227.915329 -2227.915585 -2227.915787 -2227.915948 -2227.916080 -2227.916191 -2227.916289 -2227.916379 -2227.916469 -2227.916570 -2227.916693 -2227.916857 -2227.917091 -2227.917440 -2227.917981 -2227.918838 -2227.920228 -2227.922539 -2227.926488 -2227.933438 -2227.946059 -2227.969699 -2228.015343 -2228.106408 -2228.295662 -2228.711106 -2229.690963 -2232.225235 -2239.595700 -2264.216049 -9999.0 -9999.0
-9999.0 -9999.0 25.830837 -72.146195 -171.225683 -270.543691 -369.948943 -469.385961 -568.826666 -668.249768 -767.627669 -866.941842 -966.175042 -1065.306272 -1164.407557 -1263.457244 -1362.282365 -1460.744211 -1558.574302 -1655.209575 -1749.498200 -1839.321750 -1921.650370 -1993.494504 -2053.084589 -2100.317507 -2136.395483 -2163.171079 -2182.608910 -2196.481339 -2206.250717 -2213.058553 -2217.763241 -2220.993323 -2223.200582 -2224.708169 -2225.759861 -2226.604798 -2227.711159 -2229.887804 -2228.354422 -2149.226314 -1320.626692 -1316.282965 -1306.562068 -1300.084243 -1297.031187 -1296.539939 -1296.485491 -1296.489733 -1296.502403 -1296.516113 -1296.529304 -1296.541528 -1296.552944 -1296.566823 -1296.612960 -1296.913663 -1298.562517 -1302.174462 -1306.845106 -1304.129822 -2124.539532 -2222.839628 -2228.556509 -2228.175218 -2227.969272 -2227.923235 -2227.915266 -2227.914371 -2227.914630 -2227.915006 -2227.915329 -2227.915585 -2227.915787 -2227.915948 -2227.916080 -2227.916191 -2227.916289 -2227.916379 -2227.916469 -2227.916570 -2227.916693 -2227.916857 -2227.917091 -2227.917440 -2227.917981 -2227.918838 -2227.920228 -2227.922539 -2227.926488 -2227.933438 -2227.946059 -2227.969699 -2228.015343 -2228.106408 -2228.295662 -2228.711106 -2229.690963 -2232.225235 -2239.595700 -2264.216049 -9999.0 -9999.0
-9999.0 -9999.0 25.830837 -72.146195 -171.225683 -270.543691 -369.948943 -469.385961 -568.826666 -668.249768 -767.627669 -866.941842 -966.175042 -1065.306272 -1164.407557 -1263.457244 -1362.282365 -1460.744211 -1558.574302 -1655.209575 -1749.498200 -1839.321750 -1921.650370 -1993.494504 -2053.084589 -2100.317507 -2136.395483 -2163.171079 -2182.608910 -2196.481339 -2206.250717 -2213.058553 -2217.763241 -2220.993323 -2223.200582 -2224.708169 -2225.759861 -2226.604798 -2227.711159 -2229.887804 -2228.354422 -2149.226314 -1320.626692 -1316.282965 -1306.562068 -1300.084243 -1297.031187 -1296.539939 -1296.485491 -1296.489733 -1296.502403 -1296.516113 -1296.529304 -1296.541528 -1296.552944 -1296.566823 -1296.612960 -1296.913663 -1298.562517 -1302.174462 -1306.845106 -1304.129822 -2124.539532 -2222.839628 -2228.556509 -2228.175218 -2227.969272 -2227.923235 -2227.915266 -2227.914371 -2227.914630 -2227.915006 -2227.915329 -2227.915585 -2227.915787 -2227.915948 -2227.916080 -2227.916191 -2227.916289 -2227.916379 -2227.916469 -2227.916570 -2227.916693 -2227.916857 -2227.917091 -2227.917440 -2227.917981 -2227.918838 -2227.920228 -2227.922539 -2227.926488 -2227.933438 -2227.946059 -2227.969699 -2228.015343 -2228.106408 -2228.295662 -2228.711106 -2229.690963 -2232.225235 -2239.595700 -2264.216049 -9999.0 -9999.0
-9999.0 -9999.0 25.829836 -72.146914 -171.225966 -270.543794 -369.948979 -469.385974 -568.826671 -668.249770 -767.627669 -866.941842 -966.175042 -1065.306272 -1164.407557 -1263.457244 -1362.282364 -1460.744211 -1558.574301 -1655.209575 -1749.498200 -1839.321750 -1921.650370 -1993.494504 -2053.084589 -2100.317507 -2136.395482 -2163.171079 -2182.608910 -2196.481339 -2206.250717 -2213.058553 -2217.763241 -2220.993323 -2223.200582 -2224.708169 -2225.759861 -2226.604798 -2227.711159 -2229.887804 -2228.354422 -2149.226314 -1320.626692 -1316.282965 -1306.562068 -1300.084243 -1297.031187 -1296.539939 -1296.485491 -1296.489733 -1296.502403 -1296.516113 -1296.529304 -1296.541528 -1296.552944 -1296.566823 -1296.612960 -1296.913663 -1298.562517 -1302.174462 -1306.845106 -1304.129822 -2124.539532 -2222.839628 -2228.556509 -2228.175218 -2227.969272 -2227.923235 -2227.915266 -2227.914371 -2227.914630 -2227.915006 -2227.915329 -2227.915585 -2227.915787 -2227.915948 -2227.916080 -2227.916191 -2227.916289 -2227.916379 -2227.916469 -2227.916570 -2227.916693 -2227.916857 -2227.917091 -2227.917440 -2227.917981 -2227.918838 -2227.920228 -2227.922539 -2227.926488 -2227.933438 -2227.946059 -2227.969699 -2228.015343 -2228.106408 -2228.295662 -2228.711106 -2229.690963 -2232.225235 -2239.595700 -2264.216049 -9999.0 -9999.0
-9999.0 -9999.0 25.819001 -72.148710 -171.226414 -270.543924 -369.949021 -469.385988 -568.826676 -668.249772 -767.627670 -866.941843 -966.175042 -1065.306272 -1164.407557 -1263.457244 -1362.282364 -1460.744211 -1558.574301 -1655.209575 -1749.498199 -1839.321749 -1921.650370 -1993.494504 -2053.084588 -2100.317507 -2136.395482 -2163.171079 -2182.608910 -2196.481339 -2206.250717 -2213.058553 -2217.763241 -2220.993323 -2223.200582 -2224.708169 -2225.759861 -2226.604798 -2227.711159 -2229.887804 -2228.354422 -2149.226314 -1320.626692 -1316.282965 -1306.562068 -1300.084244 -1297.031187 -1296.539939 -1296.485491 -1296.489733 -1296.502403 -1296.516113 -1296.529304 -1296.541528 -1296.552944 -1296.566823 -1296.612960 -1296.913663 -1298.562517 -1302.174462 -1306.845106 -1304.129822 -2124.539532 -2222.839628 -2228.556509 -2228.175218 -2227.969272 -2227.923235 -2227.915266 -2227.914371 -2227.914630 -2227.915006 -2227.915329 -2227.915585 -2227.915787 -2227.915948 -2227.916080 -2227.916191 -2227.916289 -2227.916379 -2227.916469 -2227.916570 -2227.916693 -2227.916857 -2227.917091 -2227.917440 -2227.917981 -2227.918838 -2227.920228 -2227.922539 -2227.926488 -2227.933438 -2227.946059 -2227.969699 -2228.015343 -2228.106408 -2228.295662 -2228.711106 -2229.690963 -2232.225235 -2239.595700 -2264.216049 -9999.0 -9999.0
-9999.0 -9999.0 -9999.0 -9999.0 -9999.0 -9999.0 -9999.0 -9999.0 -9999.0 -9999.0 -9999.0 -9999.0 -9999.0 -9999.0 -9999.0 -9999.0 -9999.0 -9999.0 -9999.0 -9999.0 -9999.0 -9999.0 -9999.0 -9999.0 -9999.0 -9999.0 -9999.0 -9999.0 -9999.0 -9999.0 -9999.0 -9999.0 -9999.0 -9999.0 -9999.0 -9999.0 -9999.0 -9999.0 -9999.0 -9999.0 -9999.0 -9999.0 -9999.0 -9999.0 -9999.0 -9999.0 -9999.0 -9999.0 -9999.0 -9999.0 -9999.0 -9999.0 -9999.0 -9999.0 -9999.0 -9999.0 -9999.0 -9999.0 -9999.0 -9999.0 -9999.0 -9999.0 -9999.0 -9999.0 -9999.0 -9999.0 -9999.0 -9999.0 -9999.0 -9999.0 -9999.0 -9999.0 -9999.0 -9999.0 -9999.0 -9999.0 -9999.0 -9999.0 -9999.0 -9999.0 -9999.0 -9999.0 -9999.0 -9999.0 -9999.0 -9999.0 -9999.0 -9999.0 -9999.0 -9999.0 -9999.0 -9999.0 -9999.0 -9999.0 -9999.0 -9999.0 -9999.0 -9999.0 -9999.0 -9999.0 -9999.0 -9999.0 -9999.0 -9999.0
-9999.0 -9999.0 -9999.0 -9999.0 -9999.0 -9999.0 -9999.0 -9999.0 -9999.0 -9999.0 -9999.0 -9999.0 -9999.0 -9999.0 -9999.0 -9999.0 -9999.0 -9999.0 -9999.0 -9999.0 -9999.0 -9999.0 -9999.0 -9999.0 -9999.0 -9999.0 -9999.0 -9999.0 -9999.0 -9999.0 -9999.0 -9999.0 -9999.0 -9999.0 -9999.0 -9999.0 -9999.0 -9999.0 -9999.0 -9999.0 -9999.0 -9999.0 -9999.0 -9999.0 -9999.0 -9999.0 -9999.0 -9999.0 -9999.0 -9999.0 -9999.0 -9999.0 -9999.0 -9999.0 -9999.0 -9999.0 -9999.0 -9999.0 -9999.0 -9999.0 -9999.0 -9999.0 -9999.0 -9999.0 -9999.0 -9999.0 -9999.0 -9999.0 -9999.0 -9999.0 -9999.0 -9999.0 -9999.0 -9999.0 -9999.0 -9999.0 -9999.0 -9999.0 -9999.0 -9999.0 -9999.0 -9999.0 -9999.0 -9999.0 -9999.0 -9999.0 -9999.0 -9999.0 -9999.0 -9999.0 -9999.0 -9999.0 -9999.0 -9999.0 -9999.0 -9999.0 -9999.0 -9999.0 -9999.0 -9999.0 -9999.0 -9999.0 -9999.0 -9999.0