inst/processing_geotop_simulation/geotop_simulation/out/maps3D/PwL0021N0196.asc
ncols         104
nrows         10
xllcorner     -2.000000
yllcorner     0.000000
cellsize      1.000000
NODATA_value  -9999.0
-9999.0 -9999.0 -9999.0 -9999.0 -9999.0 -9999.0 -9999.0 -9999.0 -9999.0 -9999.0 -9999.0 -9999.0 -9999.0 -9999.0 -9999.0 -9999.0 -9999.0 -9999.0 -9999.0 -9999.0 -9999.0 -9999.0 -9999.0 -9999.0 -9999.0 -9999.0 -9999.0 -9999.0 -9999.0 -9999.0 -9999.0 -9999.0 -9999.0 -9999.0 -9999.0 -9999.0 -9999.0 -9999.0 -9999.0 -9999.0 -9999.0 -9999.0 -9999.0 -9999.0 -9999.0 -9999.0 -9999.0 -9999.0 -9999.0 -9999.0 -9999.0 -9999.0 -9999.0 -9999.0 -9999.0 -9999.0 -9999.0 -9999.0 -9999.0 -9999.0 -9999.0 -9999.0 -9999.0 -9999.0 -9999.0 -9999.0 -9999.0 -9999.0 -9999.0 -9999.0 -9999.0 -9999.0 -9999.0 -9999.0 -9999.0 -9999.0 -9999.0 -9999.0 -9999.0 -9999.0 -9999.0 -9999.0 -9999.0 -9999.0 -9999.0 -9999.0 -9999.0 -9999.0 -9999.0 -9999.0 -9999.0 -9999.0 -9999.0 -9999.0 -9999.0 -9999.0 -9999.0 -9999.0 -9999.0 -9999.0 -9999.0 -9999.0 -9999.0 -9999.0
-9999.0 -9999.0 -9999.0 -9999.0 -9999.0 -9999.0 -9999.0 -9999.0 -9999.0 -9999.0 -9999.0 -9999.0 -9999.0 -9999.0 -9999.0 -9999.0 -9999.0 -9999.0 -9999.0 -9999.0 -9999.0 -9999.0 -9999.0 -9999.0 -9999.0 -9999.0 -9999.0 -9999.0 -9999.0 -9999.0 -9999.0 -9999.0 -9999.0 -9999.0 -9999.0 -9999.0 -9999.0 -9999.0 -9999.0 -9999.0 -9999.0 -9999.0 -9999.0 -9999.0 -9999.0 -9999.0 -9999.0 -9999.0 -9999.0 -9999.0 -9999.0 -9999.0 -9999.0 -9999.0 -9999.0 -9999.0 -9999.0 -9999.0 -9999.0 -9999.0 -9999.0 -9999.0 -9999.0 -9999.0 -9999.0 -9999.0 -9999.0 -9999.0 -9999.0 -9999.0 -9999.0 -9999.0 -9999.0 -9999.0 -9999.0 -9999.0 -9999.0 -9999.0 -9999.0 -9999.0 -9999.0 -9999.0 -9999.0 -9999.0 -9999.0 -9999.0 -9999.0 -9999.0 -9999.0 -9999.0 -9999.0 -9999.0 -9999.0 -9999.0 -9999.0 -9999.0 -9999.0 -9999.0 -9999.0 -9999.0 -9999.0 -9999.0 -9999.0 -9999.0
-9999.0 -9999.0 1027.504083 930.981354 834.303099 737.220954 639.904538 542.480651 445.021682 347.568820 250.145063 152.763176 55.430463 -41.837992 -139.033376 -236.107267 -332.944911 -429.333519 -524.907804 -619.006328 -712.052307 -804.918198 -896.404638 -986.278910 -1066.559854 -1130.153833 -1181.965698 -1222.400595 -1252.750042 -1274.775889 -1290.322190 -1301.054542 -1308.338635 -1313.220963 -1316.465603 -1318.613649 -1320.049021 -1321.089221 -1322.268384 -1325.622457 -1340.159483 -1411.668602 -1721.787287 -3486.892753 -3934.945316 -3934.825608 -3909.170954 -3720.540780 -3373.494082 -3040.230912 -2776.937993 -2558.521176 -2431.191093 -2351.300581 -2278.378374 -2203.060096 -2122.663559 -2038.466928 -1953.823161 -1871.342536 -1782.206896 -1417.510719 -1371.396301 -1332.801208 -1324.643249 -1323.208983 -1322.985048 -1322.951595 -1322.947149 -1322.947283 -1322.948060 -1322.948792 -1322.949377 -1322.949829 -1322.950181 -1322.950457 -1322.950679 -1322.950861 -1322.951016 -1322.951155 -1322.951291 -1322.951441 -1322.951626 -1322.951877 -1322.952242 -1322.952797 -1322.953664 -1322.955047 -1322.957292 -1322.961011 -1322.967318 -1322.978312 -1322.998059 -1323.034630 -1323.104377 -1323.241416 -1323.520662 -1324.119482 -1325.490771 -1328.850375 -1337.639429 -1363.251248 -9999.0 -9999.0
-9999.0 -9999.0 1027.507067 930.982539 834.303499 737.221087 639.904583 542.480667 445.021688 347.568822 250.145064 152.763176 55.430463 -41.837992 -139.033376 -236.107266 -332.944911 -429.333519 -524.907805 -619.006328 -712.052307 -804.918198 -896.404639 -986.278910 -1066.559855 -1130.153833 -1181.965698 -1222.400595 -1252.750042 -1274.775889 -1290.322190 -1301.054542 -1308.338635 -1313.220963 -1316.465603 -1318.613649 -1320.049021 -1321.089221 -1322.268384 -1325.622457 -1340.159483 -1411.668602 -1721.787287 -3486.892752 -3934.945316 -3934.825608 -3909.170954 -3720.540779 -3373.494082 -3040.230910 -2776.937989 -2558.521175 -2431.191093 -2351.300580 -2278.378374 -2203.060096 -2122.663559 -2038.466928 -1953.823160 -1871.342536 -1782.206896 -1417.510719 -1371.396301 -1332.801208 -1324.643249 -1323.208983 -1322.985048 -1322.951595 -1322.947149 -1322.947283 -1322.948060 -1322.948792 -1322.949377 -1322.949829 -1322.950181 -1322.950457 -1322.950679 -1322.950861 -1322.951016 -1322.951155 -1322.951291 -1322.951441 -1322.951626 -1322.951877 -1322.952242 -1322.952797 -1322.953664 -1322.955047 -1322.957292 -1322.961011 -1322.967318 -1322.978312 -1322.998059 -1323.034630 -1323.104377 -1323.241416 -1323.520662 -1324.119482 -1325.490771 -1328.850375 -1337.639429 -1363.251248 -9999.0 -9999.0
-9999.0 -9999.0 1027.508273 930.983194 834.303778 737.221195 639.904623 542.480681 445.021693 347.568824 250.145065 152.763177 55.430464 -41.837992 -139.033375 -236.107267 -332.944911 -429.333519 -524.907805 -619.006328 -712.052307 -804.918198 -896.404639 -986.278910 -1066.559855 -1130.153833 -1181.965698 -1222.400595 -1252.750042 -1274.775889 -1290.322190 -1301.054542 -1308.338635 -1313.220964 -1316.465603 -1318.613649 -1320.049021 -1321.089221 -1322.268384 -1325.622457 -1340.159483 -1411.668602 -1721.787287 -3486.892751 -3934.945316 -3934.825608 -3909.170954 -3720.540779 -3373.494081 -3040.230907 -2776.937987 -2558.521174 -2431.191093 -2351.300580 -2278.378374 -2203.060096 -2122.663559 -2038.466927 -1953.823160 -1871.342536 -1782.206895 -1417.510719 -1371.396301 -1332.801208 -1324.643249 -1323.208983 -1322.985048 -1322.951595 -1322.947149 -1322.947283 -1322.948060 -1322.948792 -1322.949377 -1322.949829 -1322.950181 -1322.950457 -1322.950679 -1322.950861 -1322.951016 -1322.951155 -1322.951291 -1322.951441 -1322.951626 -1322.951877 -1322.952242 -1322.952797 -1322.953664 -1322.955047 -1322.957292 -1322.961011 -1322.967318 -1322.978312 -1322.998059 -1323.034630 -1323.104377 -1323.241416 -1323.520662 -1324.119482 -1325.490771 -1328.850375 -1337.639429 -1363.251248 -9999.0 -9999.0
-9999.0 -9999.0 1027.508273 930.983194 834.303778 737.221195 639.904623 542.480681 445.021693 347.568824 250.145065 152.763177 55.430464 -41.837992 -139.033376 -236.107266 -332.944911 -429.333519 -524.907805 -619.006328 -712.052307 -804.918198 -896.404639 -986.278910 -1066.559855 -1130.153833 -1181.965698 -1222.400595 -1252.750042 -1274.775889 -1290.322190 -1301.054542 -1308.338635 -1313.220964 -1316.465603 -1318.613649 -1320.049021 -1321.089221 -1322.268384 -1325.622457 -1340.159483 -1411.668602 -1721.787287 -3486.892751 -3934.945316 -3934.825608 -3909.170954 -3720.540779 -3373.494081 -3040.230908 -2776.937988 -2558.521174 -2431.191093 -2351.300580 -2278.378374 -2203.060096 -2122.663559 -2038.466927 -1953.823160 -1871.342536 -1782.206896 -1417.510719 -1371.396301 -1332.801208 -1324.643249 -1323.208983 -1322.985048 -1322.951595 -1322.947149 -1322.947283 -1322.948060 -1322.948792 -1322.949377 -1322.949829 -1322.950181 -1322.950457 -1322.950679 -1322.950861 -1322.951016 -1322.951155 -1322.951291 -1322.951441 -1322.951626 -1322.951877 -1322.952242 -1322.952797 -1322.953664 -1322.955047 -1322.957292 -1322.961011 -1322.967318 -1322.978312 -1322.998059 -1323.034630 -1323.104377 -1323.241416 -1323.520662 -1324.119482 -1325.490771 -1328.850375 -1337.639429 -1363.251248 -9999.0 -9999.0
-9999.0 -9999.0 1027.507067 930.982539 834.303498 737.221087 639.904583 542.480667 445.021688 347.568822 250.145064 152.763176 55.430463 -41.837992 -139.033375 -236.107267 -332.944911 -429.333519 -524.907804 -619.006328 -712.052307 -804.918198 -896.404639 -986.278910 -1066.559855 -1130.153833 -1181.965698 -1222.400595 -1252.750042 -1274.775889 -1290.322190 -1301.054542 -1308.338635 -1313.220963 -1316.465603 -1318.613649 -1320.049021 -1321.089221 -1322.268384 -1325.622457 -1340.159483 -1411.668602 -1721.787287 -3486.892752 -3934.945316 -3934.825608 -3909.170954 -3720.540779 -3373.494082 -3040.230909 -2776.937989 -2558.521174 -2431.191093 -2351.300580 -2278.378374 -2203.060096 -2122.663559 -2038.466927 -1953.823160 -1871.342536 -1782.206896 -1417.510719 -1371.396301 -1332.801208 -1324.643249 -1323.208983 -1322.985048 -1322.951595 -1322.947149 -1322.947283 -1322.948060 -1322.948792 -1322.949377 -1322.949829 -1322.950181 -1322.950457 -1322.950679 -1322.950861 -1322.951016 -1322.951155 -1322.951291 -1322.951441 -1322.951626 -1322.951877 -1322.952242 -1322.952797 -1322.953664 -1322.955047 -1322.957292 -1322.961011 -1322.967318 -1322.978312 -1322.998059 -1323.034630 -1323.104377 -1323.241416 -1323.520662 -1324.119482 -1325.490771 -1328.850375 -1337.639429 -1363.251248 -9999.0 -9999.0
-9999.0 -9999.0 1027.504083 930.981354 834.303099 737.220954 639.904538 542.480651 445.021682 347.568819 250.145063 152.763176 55.430463 -41.837992 -139.033376 -236.107266 -332.944911 -429.333519 -524.907804 -619.006327 -712.052307 -804.918198 -896.404638 -986.278910 -1066.559854 -1130.153833 -1181.965698 -1222.400595 -1252.750042 -1274.775889 -1290.322190 -1301.054542 -1308.338635 -1313.220963 -1316.465603 -1318.613649 -1320.049021 -1321.089221 -1322.268384 -1325.622457 -1340.159483 -1411.668602 -1721.787287 -3486.892753 -3934.945316 -3934.825608 -3909.170954 -3720.540780 -3373.494082 -3040.230913 -2776.937993 -2558.521176 -2431.191093 -2351.300581 -2278.378374 -2203.060096 -2122.663559 -2038.466928 -1953.823161 -1871.342536 -1782.206896 -1417.510719 -1371.396301 -1332.801208 -1324.643249 -1323.208983 -1322.985048 -1322.951595 -1322.947149 -1322.947283 -1322.948060 -1322.948792 -1322.949377 -1322.949829 -1322.950181 -1322.950457 -1322.950679 -1322.950861 -1322.951016 -1322.951155 -1322.951291 -1322.951441 -1322.951626 -1322.951877 -1322.952242 -1322.952797 -1322.953664 -1322.955047 -1322.957292 -1322.961011 -1322.967318 -1322.978312 -1322.998059 -1323.034630 -1323.104377 -1323.241416 -1323.520662 -1324.119482 -1325.490771 -1328.850375 -1337.639429 -1363.251248 -9999.0 -9999.0
-9999.0 -9999.0 -9999.0 -9999.0 -9999.0 -9999.0 -9999.0 -9999.0 -9999.0 -9999.0 -9999.0 -9999.0 -9999.0 -9999.0 -9999.0 -9999.0 -9999.0 -9999.0 -9999.0 -9999.0 -9999.0 -9999.0 -9999.0 -9999.0 -9999.0 -9999.0 -9999.0 -9999.0 -9999.0 -9999.0 -9999.0 -9999.0 -9999.0 -9999.0 -9999.0 -9999.0 -9999.0 -9999.0 -9999.0 -9999.0 -9999.0 -9999.0 -9999.0 -9999.0 -9999.0 -9999.0 -9999.0 -9999.0 -9999.0 -9999.0 -9999.0 -9999.0 -9999.0 -9999.0 -9999.0 -9999.0 -9999.0 -9999.0 -9999.0 -9999.0 -9999.0 -9999.0 -9999.0 -9999.0 -9999.0 -9999.0 -9999.0 -9999.0 -9999.0 -9999.0 -9999.0 -9999.0 -9999.0 -9999.0 -9999.0 -9999.0 -9999.0 -9999.0 -9999.0 -9999.0 -9999.0 -9999.0 -9999.0 -9999.0 -9999.0 -9999.0 -9999.0 -9999.0 -9999.0 -9999.0 -9999.0 -9999.0 -9999.0 -9999.0 -9999.0 -9999.0 -9999.0 -9999.0 -9999.0 -9999.0 -9999.0 -9999.0 -9999.0 -9999.0
-9999.0 -9999.0 -9999.0 -9999.0 -9999.0 -9999.0 -9999.0 -9999.0 -9999.0 -9999.0 -9999.0 -9999.0 -9999.0 -9999.0 -9999.0 -9999.0 -9999.0 -9999.0 -9999.0 -9999.0 -9999.0 -9999.0 -9999.0 -9999.0 -9999.0 -9999.0 -9999.0 -9999.0 -9999.0 -9999.0 -9999.0 -9999.0 -9999.0 -9999.0 -9999.0 -9999.0 -9999.0 -9999.0 -9999.0 -9999.0 -9999.0 -9999.0 -9999.0 -9999.0 -9999.0 -9999.0 -9999.0 -9999.0 -9999.0 -9999.0 -9999.0 -9999.0 -9999.0 -9999.0 -9999.0 -9999.0 -9999.0 -9999.0 -9999.0 -9999.0 -9999.0 -9999.0 -9999.0 -9999.0 -9999.0 -9999.0 -9999.0 -9999.0 -9999.0 -9999.0 -9999.0 -9999.0 -9999.0 -9999.0 -9999.0 -9999.0 -9999.0 -9999.0 -9999.0 -9999.0 -9999.0 -9999.0 -9999.0 -9999.0 -9999.0 -9999.0 -9999.0 -9999.0 -9999.0 -9999.0 -9999.0 -9999.0 -9999.0 -9999.0 -9999.0 -9999.0 -9999.0 -9999.0 -9999.0 -9999.0 -9999.0 -9999.0 -9999.0 -9999.0