inst/processing_geotop_simulation/geotop_simulation/out/maps3D/PwL0011N0440.asc
ncols         104
nrows         10
xllcorner     -2.000000
yllcorner     0.000000
cellsize      1.000000
NODATA_value  -9999.0
-9999.0 -9999.0 -9999.0 -9999.0 -9999.0 -9999.0 -9999.0 -9999.0 -9999.0 -9999.0 -9999.0 -9999.0 -9999.0 -9999.0 -9999.0 -9999.0 -9999.0 -9999.0 -9999.0 -9999.0 -9999.0 -9999.0 -9999.0 -9999.0 -9999.0 -9999.0 -9999.0 -9999.0 -9999.0 -9999.0 -9999.0 -9999.0 -9999.0 -9999.0 -9999.0 -9999.0 -9999.0 -9999.0 -9999.0 -9999.0 -9999.0 -9999.0 -9999.0 -9999.0 -9999.0 -9999.0 -9999.0 -9999.0 -9999.0 -9999.0 -9999.0 -9999.0 -9999.0 -9999.0 -9999.0 -9999.0 -9999.0 -9999.0 -9999.0 -9999.0 -9999.0 -9999.0 -9999.0 -9999.0 -9999.0 -9999.0 -9999.0 -9999.0 -9999.0 -9999.0 -9999.0 -9999.0 -9999.0 -9999.0 -9999.0 -9999.0 -9999.0 -9999.0 -9999.0 -9999.0 -9999.0 -9999.0 -9999.0 -9999.0 -9999.0 -9999.0 -9999.0 -9999.0 -9999.0 -9999.0 -9999.0 -9999.0 -9999.0 -9999.0 -9999.0 -9999.0 -9999.0 -9999.0 -9999.0 -9999.0 -9999.0 -9999.0 -9999.0 -9999.0
-9999.0 -9999.0 -9999.0 -9999.0 -9999.0 -9999.0 -9999.0 -9999.0 -9999.0 -9999.0 -9999.0 -9999.0 -9999.0 -9999.0 -9999.0 -9999.0 -9999.0 -9999.0 -9999.0 -9999.0 -9999.0 -9999.0 -9999.0 -9999.0 -9999.0 -9999.0 -9999.0 -9999.0 -9999.0 -9999.0 -9999.0 -9999.0 -9999.0 -9999.0 -9999.0 -9999.0 -9999.0 -9999.0 -9999.0 -9999.0 -9999.0 -9999.0 -9999.0 -9999.0 -9999.0 -9999.0 -9999.0 -9999.0 -9999.0 -9999.0 -9999.0 -9999.0 -9999.0 -9999.0 -9999.0 -9999.0 -9999.0 -9999.0 -9999.0 -9999.0 -9999.0 -9999.0 -9999.0 -9999.0 -9999.0 -9999.0 -9999.0 -9999.0 -9999.0 -9999.0 -9999.0 -9999.0 -9999.0 -9999.0 -9999.0 -9999.0 -9999.0 -9999.0 -9999.0 -9999.0 -9999.0 -9999.0 -9999.0 -9999.0 -9999.0 -9999.0 -9999.0 -9999.0 -9999.0 -9999.0 -9999.0 -9999.0 -9999.0 -9999.0 -9999.0 -9999.0 -9999.0 -9999.0 -9999.0 -9999.0 -9999.0 -9999.0 -9999.0 -9999.0
-9999.0 -9999.0 521.995169 423.275645 324.180596 224.894717 125.526392 26.124071 -73.286691 -172.695711 -272.095282 -371.472599 -470.806176 -570.052598 -669.151069 -768.176167 -867.208187 -966.142943 -1064.961788 -1163.244100 -1260.108891 -1354.576905 -1444.646891 -1527.799373 -1601.674036 -1664.709894 -1716.440253 -1757.413215 -1788.879699 -1812.426366 -1829.675648 -1842.097181 -1850.921228 -1857.122888 -1861.445971 -1864.445487 -1866.543888 -1868.132072 -1869.823822 -1872.840306 -1876.391110 -1850.727937 -1387.419759 -1635.727892 -1578.109619 -1540.108434 -1522.893452 -1520.480211 -1520.228419 -1520.251201 -1520.312880 -1520.379240 -1520.443000 -1520.502037 -1520.556849 -1520.620828 -1520.822433 -1522.215589 -1531.146368 -1551.412597 -1571.902205 -1314.887745 -1813.992480 -1869.063998 -1871.926233 -1871.315754 -1871.080683 -1871.029434 -1871.020509 -1871.019465 -1871.019720 -1871.020117 -1871.020466 -1871.020751 -1871.020983 -1871.021176 -1871.021340 -1871.021485 -1871.021616 -1871.021742 -1871.021869 -1871.022007 -1871.022169 -1871.022374 -1871.022651 -1871.023046 -1871.023635 -1871.024544 -1871.025993 -1871.028375 -1871.032415 -1871.039499 -1871.052344 -1871.076416 -1871.123016 -1871.216466 -1871.412223 -1871.846099 -1872.878040 -1875.554329 -1883.278595 -1908.566955 -9999.0 -9999.0
-9999.0 -9999.0 522.000244 423.277112 324.181011 224.894843 125.526433 26.124085 -73.286686 -172.695709 -272.095281 -371.472598 -470.806175 -570.052597 -669.151069 -768.176167 -867.208187 -966.142943 -1064.961788 -1163.244100 -1260.108892 -1354.576906 -1444.646891 -1527.799373 -1601.674036 -1664.709894 -1716.440253 -1757.413215 -1788.879699 -1812.426366 -1829.675648 -1842.097181 -1850.921228 -1857.122888 -1861.445971 -1864.445487 -1866.543888 -1868.132072 -1869.823822 -1872.840306 -1876.391110 -1850.727937 -1387.419759 -1635.727892 -1578.109619 -1540.108433 -1522.893452 -1520.480211 -1520.228419 -1520.251201 -1520.312880 -1520.379240 -1520.443000 -1520.502037 -1520.556849 -1520.620828 -1520.822433 -1522.215589 -1531.146368 -1551.412597 -1571.902205 -1314.887745 -1813.992480 -1869.063998 -1871.926233 -1871.315754 -1871.080683 -1871.029434 -1871.020509 -1871.019465 -1871.019720 -1871.020117 -1871.020466 -1871.020751 -1871.020983 -1871.021176 -1871.021340 -1871.021485 -1871.021616 -1871.021742 -1871.021869 -1871.022007 -1871.022169 -1871.022374 -1871.022651 -1871.023046 -1871.023635 -1871.024544 -1871.025993 -1871.028375 -1871.032415 -1871.039499 -1871.052344 -1871.076416 -1871.123016 -1871.216466 -1871.412223 -1871.846099 -1872.878039 -1875.554329 -1883.278595 -1908.566955 -9999.0 -9999.0
-9999.0 -9999.0 522.001527 423.277784 324.181282 224.894944 125.526469 26.124098 -73.286681 -172.695707 -272.095280 -371.472597 -470.806175 -570.052597 -669.151069 -768.176167 -867.208187 -966.142943 -1064.961789 -1163.244100 -1260.108892 -1354.576906 -1444.646892 -1527.799374 -1601.674037 -1664.709895 -1716.440253 -1757.413215 -1788.879699 -1812.426366 -1829.675648 -1842.097181 -1850.921228 -1857.122888 -1861.445971 -1864.445487 -1866.543888 -1868.132072 -1869.823822 -1872.840306 -1876.391110 -1850.727937 -1387.419759 -1635.727892 -1578.109619 -1540.108433 -1522.893452 -1520.480211 -1520.228419 -1520.251201 -1520.312880 -1520.379240 -1520.443000 -1520.502037 -1520.556849 -1520.620828 -1520.822433 -1522.215589 -1531.146368 -1551.412597 -1571.902205 -1314.887745 -1813.992480 -1869.063998 -1871.926233 -1871.315754 -1871.080683 -1871.029434 -1871.020509 -1871.019465 -1871.019720 -1871.020117 -1871.020466 -1871.020751 -1871.020983 -1871.021176 -1871.021340 -1871.021485 -1871.021616 -1871.021742 -1871.021869 -1871.022007 -1871.022169 -1871.022374 -1871.022651 -1871.023046 -1871.023635 -1871.024544 -1871.025993 -1871.028375 -1871.032415 -1871.039499 -1871.052344 -1871.076416 -1871.123016 -1871.216466 -1871.412223 -1871.846099 -1872.878039 -1875.554329 -1883.278595 -1908.566955 -9999.0 -9999.0
-9999.0 -9999.0 522.001527 423.277784 324.181282 224.894944 125.526469 26.124099 -73.286681 -172.695707 -272.095280 -371.472597 -470.806175 -570.052597 -669.151069 -768.176167 -867.208187 -966.142943 -1064.961789 -1163.244100 -1260.108892 -1354.576906 -1444.646892 -1527.799374 -1601.674037 -1664.709895 -1716.440253 -1757.413215 -1788.879699 -1812.426366 -1829.675648 -1842.097181 -1850.921228 -1857.122888 -1861.445971 -1864.445487 -1866.543888 -1868.132072 -1869.823822 -1872.840306 -1876.391110 -1850.727937 -1387.419759 -1635.727892 -1578.109619 -1540.108433 -1522.893452 -1520.480211 -1520.228419 -1520.251201 -1520.312880 -1520.379240 -1520.443000 -1520.502037 -1520.556849 -1520.620828 -1520.822433 -1522.215589 -1531.146368 -1551.412597 -1571.902205 -1314.887745 -1813.992480 -1869.063998 -1871.926233 -1871.315754 -1871.080683 -1871.029434 -1871.020509 -1871.019465 -1871.019720 -1871.020117 -1871.020466 -1871.020751 -1871.020983 -1871.021176 -1871.021340 -1871.021485 -1871.021616 -1871.021742 -1871.021869 -1871.022007 -1871.022169 -1871.022374 -1871.022651 -1871.023046 -1871.023635 -1871.024544 -1871.025993 -1871.028375 -1871.032415 -1871.039499 -1871.052344 -1871.076416 -1871.123016 -1871.216466 -1871.412223 -1871.846099 -1872.878039 -1875.554329 -1883.278595 -1908.566955 -9999.0 -9999.0
-9999.0 -9999.0 522.000244 423.277112 324.181011 224.894843 125.526433 26.124085 -73.286686 -172.695709 -272.095281 -371.472598 -470.806175 -570.052597 -669.151069 -768.176167 -867.208187 -966.142943 -1064.961788 -1163.244100 -1260.108892 -1354.576906 -1444.646891 -1527.799373 -1601.674036 -1664.709894 -1716.440253 -1757.413215 -1788.879699 -1812.426366 -1829.675648 -1842.097181 -1850.921228 -1857.122888 -1861.445971 -1864.445487 -1866.543888 -1868.132072 -1869.823822 -1872.840306 -1876.391110 -1850.727937 -1387.419759 -1635.727892 -1578.109619 -1540.108433 -1522.893452 -1520.480211 -1520.228419 -1520.251201 -1520.312880 -1520.379240 -1520.443000 -1520.502037 -1520.556849 -1520.620828 -1520.822433 -1522.215589 -1531.146368 -1551.412597 -1571.902205 -1314.887745 -1813.992480 -1869.063998 -1871.926233 -1871.315754 -1871.080683 -1871.029434 -1871.020509 -1871.019465 -1871.019720 -1871.020117 -1871.020466 -1871.020751 -1871.020983 -1871.021176 -1871.021340 -1871.021485 -1871.021616 -1871.021742 -1871.021869 -1871.022007 -1871.022169 -1871.022374 -1871.022651 -1871.023046 -1871.023635 -1871.024544 -1871.025993 -1871.028375 -1871.032415 -1871.039499 -1871.052344 -1871.076416 -1871.123016 -1871.216466 -1871.412223 -1871.846099 -1872.878039 -1875.554329 -1883.278595 -1908.566955 -9999.0 -9999.0
-9999.0 -9999.0 521.995169 423.275645 324.180596 224.894717 125.526392 26.124071 -73.286691 -172.695711 -272.095282 -371.472599 -470.806176 -570.052598 -669.151069 -768.176167 -867.208187 -966.142943 -1064.961788 -1163.244100 -1260.108891 -1354.576905 -1444.646891 -1527.799373 -1601.674036 -1664.709894 -1716.440253 -1757.413215 -1788.879699 -1812.426366 -1829.675648 -1842.097181 -1850.921228 -1857.122888 -1861.445971 -1864.445487 -1866.543888 -1868.132072 -1869.823822 -1872.840306 -1876.391110 -1850.727937 -1387.419759 -1635.727892 -1578.109619 -1540.108434 -1522.893452 -1520.480211 -1520.228419 -1520.251201 -1520.312880 -1520.379240 -1520.443000 -1520.502037 -1520.556849 -1520.620828 -1520.822433 -1522.215589 -1531.146368 -1551.412597 -1571.902205 -1314.887745 -1813.992480 -1869.063998 -1871.926233 -1871.315754 -1871.080683 -1871.029434 -1871.020509 -1871.019465 -1871.019720 -1871.020117 -1871.020466 -1871.020751 -1871.020983 -1871.021176 -1871.021340 -1871.021485 -1871.021616 -1871.021742 -1871.021869 -1871.022007 -1871.022169 -1871.022374 -1871.022651 -1871.023046 -1871.023635 -1871.024544 -1871.025993 -1871.028375 -1871.032415 -1871.039499 -1871.052344 -1871.076416 -1871.123016 -1871.216466 -1871.412223 -1871.846099 -1872.878040 -1875.554329 -1883.278595 -1908.566955 -9999.0 -9999.0
-9999.0 -9999.0 -9999.0 -9999.0 -9999.0 -9999.0 -9999.0 -9999.0 -9999.0 -9999.0 -9999.0 -9999.0 -9999.0 -9999.0 -9999.0 -9999.0 -9999.0 -9999.0 -9999.0 -9999.0 -9999.0 -9999.0 -9999.0 -9999.0 -9999.0 -9999.0 -9999.0 -9999.0 -9999.0 -9999.0 -9999.0 -9999.0 -9999.0 -9999.0 -9999.0 -9999.0 -9999.0 -9999.0 -9999.0 -9999.0 -9999.0 -9999.0 -9999.0 -9999.0 -9999.0 -9999.0 -9999.0 -9999.0 -9999.0 -9999.0 -9999.0 -9999.0 -9999.0 -9999.0 -9999.0 -9999.0 -9999.0 -9999.0 -9999.0 -9999.0 -9999.0 -9999.0 -9999.0 -9999.0 -9999.0 -9999.0 -9999.0 -9999.0 -9999.0 -9999.0 -9999.0 -9999.0 -9999.0 -9999.0 -9999.0 -9999.0 -9999.0 -9999.0 -9999.0 -9999.0 -9999.0 -9999.0 -9999.0 -9999.0 -9999.0 -9999.0 -9999.0 -9999.0 -9999.0 -9999.0 -9999.0 -9999.0 -9999.0 -9999.0 -9999.0 -9999.0 -9999.0 -9999.0 -9999.0 -9999.0 -9999.0 -9999.0 -9999.0 -9999.0
-9999.0 -9999.0 -9999.0 -9999.0 -9999.0 -9999.0 -9999.0 -9999.0 -9999.0 -9999.0 -9999.0 -9999.0 -9999.0 -9999.0 -9999.0 -9999.0 -9999.0 -9999.0 -9999.0 -9999.0 -9999.0 -9999.0 -9999.0 -9999.0 -9999.0 -9999.0 -9999.0 -9999.0 -9999.0 -9999.0 -9999.0 -9999.0 -9999.0 -9999.0 -9999.0 -9999.0 -9999.0 -9999.0 -9999.0 -9999.0 -9999.0 -9999.0 -9999.0 -9999.0 -9999.0 -9999.0 -9999.0 -9999.0 -9999.0 -9999.0 -9999.0 -9999.0 -9999.0 -9999.0 -9999.0 -9999.0 -9999.0 -9999.0 -9999.0 -9999.0 -9999.0 -9999.0 -9999.0 -9999.0 -9999.0 -9999.0 -9999.0 -9999.0 -9999.0 -9999.0 -9999.0 -9999.0 -9999.0 -9999.0 -9999.0 -9999.0 -9999.0 -9999.0 -9999.0 -9999.0 -9999.0 -9999.0 -9999.0 -9999.0 -9999.0 -9999.0 -9999.0 -9999.0 -9999.0 -9999.0 -9999.0 -9999.0 -9999.0 -9999.0 -9999.0 -9999.0 -9999.0 -9999.0 -9999.0 -9999.0 -9999.0 -9999.0 -9999.0 -9999.0