inst/processing_geotop_simulation/geotop_simulation/out/maps3D/PwL0003N0429.asc
ncols         104
nrows         10
xllcorner     -2.000000
yllcorner     0.000000
cellsize      1.000000
NODATA_value  -9999.0
-9999.0 -9999.0 -9999.0 -9999.0 -9999.0 -9999.0 -9999.0 -9999.0 -9999.0 -9999.0 -9999.0 -9999.0 -9999.0 -9999.0 -9999.0 -9999.0 -9999.0 -9999.0 -9999.0 -9999.0 -9999.0 -9999.0 -9999.0 -9999.0 -9999.0 -9999.0 -9999.0 -9999.0 -9999.0 -9999.0 -9999.0 -9999.0 -9999.0 -9999.0 -9999.0 -9999.0 -9999.0 -9999.0 -9999.0 -9999.0 -9999.0 -9999.0 -9999.0 -9999.0 -9999.0 -9999.0 -9999.0 -9999.0 -9999.0 -9999.0 -9999.0 -9999.0 -9999.0 -9999.0 -9999.0 -9999.0 -9999.0 -9999.0 -9999.0 -9999.0 -9999.0 -9999.0 -9999.0 -9999.0 -9999.0 -9999.0 -9999.0 -9999.0 -9999.0 -9999.0 -9999.0 -9999.0 -9999.0 -9999.0 -9999.0 -9999.0 -9999.0 -9999.0 -9999.0 -9999.0 -9999.0 -9999.0 -9999.0 -9999.0 -9999.0 -9999.0 -9999.0 -9999.0 -9999.0 -9999.0 -9999.0 -9999.0 -9999.0 -9999.0 -9999.0 -9999.0 -9999.0 -9999.0 -9999.0 -9999.0 -9999.0 -9999.0 -9999.0 -9999.0
-9999.0 -9999.0 -9999.0 -9999.0 -9999.0 -9999.0 -9999.0 -9999.0 -9999.0 -9999.0 -9999.0 -9999.0 -9999.0 -9999.0 -9999.0 -9999.0 -9999.0 -9999.0 -9999.0 -9999.0 -9999.0 -9999.0 -9999.0 -9999.0 -9999.0 -9999.0 -9999.0 -9999.0 -9999.0 -9999.0 -9999.0 -9999.0 -9999.0 -9999.0 -9999.0 -9999.0 -9999.0 -9999.0 -9999.0 -9999.0 -9999.0 -9999.0 -9999.0 -9999.0 -9999.0 -9999.0 -9999.0 -9999.0 -9999.0 -9999.0 -9999.0 -9999.0 -9999.0 -9999.0 -9999.0 -9999.0 -9999.0 -9999.0 -9999.0 -9999.0 -9999.0 -9999.0 -9999.0 -9999.0 -9999.0 -9999.0 -9999.0 -9999.0 -9999.0 -9999.0 -9999.0 -9999.0 -9999.0 -9999.0 -9999.0 -9999.0 -9999.0 -9999.0 -9999.0 -9999.0 -9999.0 -9999.0 -9999.0 -9999.0 -9999.0 -9999.0 -9999.0 -9999.0 -9999.0 -9999.0 -9999.0 -9999.0 -9999.0 -9999.0 -9999.0 -9999.0 -9999.0 -9999.0 -9999.0 -9999.0 -9999.0 -9999.0 -9999.0 -9999.0
-9999.0 -9999.0 125.212903 27.251194 -71.717744 -170.951399 -270.283491 -369.652406 -469.026268 -568.383538 -667.689667 -766.904712 -866.036845 -965.047650 -1064.008672 -1162.956097 -1261.612520 -1359.827530 -1457.271602 -1553.281282 -1646.553619 -1734.778620 -1814.837587 -1883.904631 -1940.555342 -1985.020383 -2018.706999 -2043.538206 -2061.460213 -2074.185036 -2083.103543 -2089.290201 -2093.546790 -2096.456715 -2098.436978 -2099.784353 -2100.722046 -2101.481110 -2102.522362 -2104.799186 -2104.944202 -2036.233255 -1244.540355 -1245.232749 -1234.302388 -1227.018062 -1223.590774 -1223.048154 -1222.988545 -1222.993380 -1223.007468 -1223.022694 -1223.037340 -1223.050911 -1223.063571 -1223.078848 -1223.129120 -1223.459171 -1225.302334 -1229.353186 -1234.541757 -1225.928289 -2011.089951 -2099.112061 -2103.414935 -2102.894945 -2102.684342 -2102.640047 -2102.632637 -2102.631876 -2102.632179 -2102.632577 -2102.632914 -2102.633180 -2102.633388 -2102.633554 -2102.633688 -2102.633801 -2102.633898 -2102.633988 -2102.634077 -2102.634177 -2102.634300 -2102.634466 -2102.634704 -2102.635063 -2102.635620 -2102.636507 -2102.637947 -2102.640343 -2102.644436 -2102.651632 -2102.664684 -2102.689091 -2102.736118 -2102.829641 -2103.023100 -2103.445097 -2104.432544 -2106.962857 -2114.261814 -2138.609931 -9999.0 -9999.0
-9999.0 -9999.0 125.222359 27.253007 -71.717288 -170.951266 -270.283449 -369.652391 -469.026262 -568.383536 -667.689666 -766.904712 -866.036845 -965.047650 -1064.008672 -1162.956097 -1261.612520 -1359.827530 -1457.271603 -1553.281282 -1646.553620 -1734.778620 -1814.837587 -1883.904631 -1940.555342 -1985.020383 -2018.706999 -2043.538206 -2061.460213 -2074.185036 -2083.103543 -2089.290201 -2093.546790 -2096.456715 -2098.436978 -2099.784353 -2100.722046 -2101.481110 -2102.522362 -2104.799186 -2104.944202 -2036.233255 -1244.540355 -1245.232749 -1234.302388 -1227.018062 -1223.590774 -1223.048154 -1222.988545 -1222.993380 -1223.007468 -1223.022694 -1223.037340 -1223.050911 -1223.063571 -1223.078848 -1223.129120 -1223.459171 -1225.302334 -1229.353186 -1234.541757 -1225.928289 -2011.089951 -2099.112061 -2103.414935 -2102.894945 -2102.684342 -2102.640047 -2102.632637 -2102.631876 -2102.632179 -2102.632577 -2102.632914 -2102.633180 -2102.633388 -2102.633554 -2102.633688 -2102.633801 -2102.633898 -2102.633988 -2102.634077 -2102.634177 -2102.634300 -2102.634466 -2102.634704 -2102.635063 -2102.635620 -2102.636507 -2102.637947 -2102.640343 -2102.644436 -2102.651632 -2102.664684 -2102.689091 -2102.736117 -2102.829641 -2103.023100 -2103.445097 -2104.432544 -2106.962857 -2114.261814 -2138.609931 -9999.0 -9999.0
-9999.0 -9999.0 125.223539 27.253740 -71.717000 -170.951162 -270.283412 -369.652378 -469.026257 -568.383534 -667.689665 -766.904711 -866.036845 -965.047650 -1064.008672 -1162.956097 -1261.612520 -1359.827530 -1457.271603 -1553.281282 -1646.553620 -1734.778620 -1814.837587 -1883.904631 -1940.555342 -1985.020383 -2018.706999 -2043.538206 -2061.460214 -2074.185036 -2083.103543 -2089.290201 -2093.546790 -2096.456715 -2098.436978 -2099.784353 -2100.722046 -2101.481110 -2102.522362 -2104.799186 -2104.944202 -2036.233255 -1244.540355 -1245.232749 -1234.302388 -1227.018062 -1223.590774 -1223.048154 -1222.988545 -1222.993380 -1223.007468 -1223.022694 -1223.037340 -1223.050911 -1223.063571 -1223.078848 -1223.129120 -1223.459171 -1225.302334 -1229.353186 -1234.541757 -1225.928289 -2011.089951 -2099.112061 -2103.414935 -2102.894945 -2102.684342 -2102.640047 -2102.632637 -2102.631876 -2102.632179 -2102.632577 -2102.632914 -2102.633180 -2102.633388 -2102.633554 -2102.633688 -2102.633801 -2102.633898 -2102.633988 -2102.634077 -2102.634177 -2102.634300 -2102.634466 -2102.634704 -2102.635063 -2102.635620 -2102.636507 -2102.637947 -2102.640343 -2102.644436 -2102.651632 -2102.664684 -2102.689091 -2102.736117 -2102.829641 -2103.023100 -2103.445097 -2104.432544 -2106.962857 -2114.261814 -2138.609931 -9999.0 -9999.0
-9999.0 -9999.0 125.223539 27.253740 -71.717000 -170.951162 -270.283411 -369.652378 -469.026257 -568.383534 -667.689665 -766.904711 -866.036845 -965.047650 -1064.008672 -1162.956097 -1261.612520 -1359.827530 -1457.271603 -1553.281282 -1646.553620 -1734.778620 -1814.837587 -1883.904631 -1940.555342 -1985.020383 -2018.706999 -2043.538206 -2061.460214 -2074.185036 -2083.103543 -2089.290201 -2093.546790 -2096.456715 -2098.436978 -2099.784353 -2100.722046 -2101.481110 -2102.522362 -2104.799186 -2104.944202 -2036.233255 -1244.540355 -1245.232749 -1234.302388 -1227.018062 -1223.590774 -1223.048154 -1222.988545 -1222.993380 -1223.007468 -1223.022694 -1223.037340 -1223.050911 -1223.063571 -1223.078848 -1223.129120 -1223.459171 -1225.302334 -1229.353186 -1234.541757 -1225.928289 -2011.089951 -2099.112061 -2103.414935 -2102.894945 -2102.684342 -2102.640047 -2102.632637 -2102.631876 -2102.632179 -2102.632577 -2102.632914 -2102.633180 -2102.633388 -2102.633554 -2102.633688 -2102.633801 -2102.633898 -2102.633988 -2102.634077 -2102.634177 -2102.634300 -2102.634466 -2102.634704 -2102.635063 -2102.635620 -2102.636507 -2102.637947 -2102.640343 -2102.644436 -2102.651632 -2102.664684 -2102.689091 -2102.736117 -2102.829641 -2103.023100 -2103.445097 -2104.432544 -2106.962857 -2114.261814 -2138.609931 -9999.0 -9999.0
-9999.0 -9999.0 125.222359 27.253007 -71.717288 -170.951266 -270.283449 -369.652391 -469.026262 -568.383536 -667.689666 -766.904712 -866.036845 -965.047650 -1064.008672 -1162.956097 -1261.612520 -1359.827530 -1457.271603 -1553.281282 -1646.553620 -1734.778620 -1814.837587 -1883.904631 -1940.555342 -1985.020383 -2018.706999 -2043.538206 -2061.460213 -2074.185036 -2083.103543 -2089.290201 -2093.546790 -2096.456715 -2098.436978 -2099.784353 -2100.722046 -2101.481110 -2102.522362 -2104.799186 -2104.944202 -2036.233255 -1244.540355 -1245.232749 -1234.302388 -1227.018062 -1223.590774 -1223.048154 -1222.988545 -1222.993380 -1223.007468 -1223.022694 -1223.037340 -1223.050911 -1223.063571 -1223.078848 -1223.129120 -1223.459171 -1225.302334 -1229.353186 -1234.541757 -1225.928289 -2011.089951 -2099.112061 -2103.414935 -2102.894945 -2102.684342 -2102.640047 -2102.632637 -2102.631876 -2102.632179 -2102.632577 -2102.632914 -2102.633180 -2102.633388 -2102.633554 -2102.633688 -2102.633801 -2102.633898 -2102.633988 -2102.634077 -2102.634177 -2102.634300 -2102.634466 -2102.634704 -2102.635063 -2102.635620 -2102.636507 -2102.637947 -2102.640343 -2102.644436 -2102.651632 -2102.664684 -2102.689091 -2102.736117 -2102.829641 -2103.023100 -2103.445097 -2104.432544 -2106.962857 -2114.261814 -2138.609931 -9999.0 -9999.0
-9999.0 -9999.0 125.212903 27.251194 -71.717744 -170.951399 -270.283491 -369.652406 -469.026268 -568.383538 -667.689667 -766.904712 -866.036845 -965.047650 -1064.008672 -1162.956097 -1261.612520 -1359.827530 -1457.271602 -1553.281282 -1646.553619 -1734.778620 -1814.837587 -1883.904631 -1940.555342 -1985.020383 -2018.706999 -2043.538206 -2061.460213 -2074.185036 -2083.103543 -2089.290201 -2093.546790 -2096.456715 -2098.436978 -2099.784353 -2100.722046 -2101.481110 -2102.522362 -2104.799186 -2104.944202 -2036.233255 -1244.540355 -1245.232749 -1234.302388 -1227.018062 -1223.590774 -1223.048154 -1222.988545 -1222.993380 -1223.007468 -1223.022694 -1223.037340 -1223.050911 -1223.063571 -1223.078848 -1223.129120 -1223.459171 -1225.302334 -1229.353186 -1234.541757 -1225.928289 -2011.089951 -2099.112061 -2103.414935 -2102.894945 -2102.684342 -2102.640047 -2102.632637 -2102.631876 -2102.632179 -2102.632577 -2102.632914 -2102.633180 -2102.633388 -2102.633554 -2102.633688 -2102.633801 -2102.633898 -2102.633988 -2102.634077 -2102.634177 -2102.634300 -2102.634466 -2102.634704 -2102.635063 -2102.635620 -2102.636507 -2102.637947 -2102.640343 -2102.644436 -2102.651632 -2102.664684 -2102.689091 -2102.736118 -2102.829641 -2103.023100 -2103.445097 -2104.432544 -2106.962857 -2114.261814 -2138.609931 -9999.0 -9999.0
-9999.0 -9999.0 -9999.0 -9999.0 -9999.0 -9999.0 -9999.0 -9999.0 -9999.0 -9999.0 -9999.0 -9999.0 -9999.0 -9999.0 -9999.0 -9999.0 -9999.0 -9999.0 -9999.0 -9999.0 -9999.0 -9999.0 -9999.0 -9999.0 -9999.0 -9999.0 -9999.0 -9999.0 -9999.0 -9999.0 -9999.0 -9999.0 -9999.0 -9999.0 -9999.0 -9999.0 -9999.0 -9999.0 -9999.0 -9999.0 -9999.0 -9999.0 -9999.0 -9999.0 -9999.0 -9999.0 -9999.0 -9999.0 -9999.0 -9999.0 -9999.0 -9999.0 -9999.0 -9999.0 -9999.0 -9999.0 -9999.0 -9999.0 -9999.0 -9999.0 -9999.0 -9999.0 -9999.0 -9999.0 -9999.0 -9999.0 -9999.0 -9999.0 -9999.0 -9999.0 -9999.0 -9999.0 -9999.0 -9999.0 -9999.0 -9999.0 -9999.0 -9999.0 -9999.0 -9999.0 -9999.0 -9999.0 -9999.0 -9999.0 -9999.0 -9999.0 -9999.0 -9999.0 -9999.0 -9999.0 -9999.0 -9999.0 -9999.0 -9999.0 -9999.0 -9999.0 -9999.0 -9999.0 -9999.0 -9999.0 -9999.0 -9999.0 -9999.0 -9999.0
-9999.0 -9999.0 -9999.0 -9999.0 -9999.0 -9999.0 -9999.0 -9999.0 -9999.0 -9999.0 -9999.0 -9999.0 -9999.0 -9999.0 -9999.0 -9999.0 -9999.0 -9999.0 -9999.0 -9999.0 -9999.0 -9999.0 -9999.0 -9999.0 -9999.0 -9999.0 -9999.0 -9999.0 -9999.0 -9999.0 -9999.0 -9999.0 -9999.0 -9999.0 -9999.0 -9999.0 -9999.0 -9999.0 -9999.0 -9999.0 -9999.0 -9999.0 -9999.0 -9999.0 -9999.0 -9999.0 -9999.0 -9999.0 -9999.0 -9999.0 -9999.0 -9999.0 -9999.0 -9999.0 -9999.0 -9999.0 -9999.0 -9999.0 -9999.0 -9999.0 -9999.0 -9999.0 -9999.0 -9999.0 -9999.0 -9999.0 -9999.0 -9999.0 -9999.0 -9999.0 -9999.0 -9999.0 -9999.0 -9999.0 -9999.0 -9999.0 -9999.0 -9999.0 -9999.0 -9999.0 -9999.0 -9999.0 -9999.0 -9999.0 -9999.0 -9999.0 -9999.0 -9999.0 -9999.0 -9999.0 -9999.0 -9999.0 -9999.0 -9999.0 -9999.0 -9999.0 -9999.0 -9999.0 -9999.0 -9999.0 -9999.0 -9999.0 -9999.0 -9999.0