inst/processing_geotop_simulation/geotop_simulation/out/maps3D/PwL0020N0355.asc
ncols         104
nrows         10
xllcorner     -2.000000
yllcorner     0.000000
cellsize      1.000000
NODATA_value  -9999.0
-9999.0 -9999.0 -9999.0 -9999.0 -9999.0 -9999.0 -9999.0 -9999.0 -9999.0 -9999.0 -9999.0 -9999.0 -9999.0 -9999.0 -9999.0 -9999.0 -9999.0 -9999.0 -9999.0 -9999.0 -9999.0 -9999.0 -9999.0 -9999.0 -9999.0 -9999.0 -9999.0 -9999.0 -9999.0 -9999.0 -9999.0 -9999.0 -9999.0 -9999.0 -9999.0 -9999.0 -9999.0 -9999.0 -9999.0 -9999.0 -9999.0 -9999.0 -9999.0 -9999.0 -9999.0 -9999.0 -9999.0 -9999.0 -9999.0 -9999.0 -9999.0 -9999.0 -9999.0 -9999.0 -9999.0 -9999.0 -9999.0 -9999.0 -9999.0 -9999.0 -9999.0 -9999.0 -9999.0 -9999.0 -9999.0 -9999.0 -9999.0 -9999.0 -9999.0 -9999.0 -9999.0 -9999.0 -9999.0 -9999.0 -9999.0 -9999.0 -9999.0 -9999.0 -9999.0 -9999.0 -9999.0 -9999.0 -9999.0 -9999.0 -9999.0 -9999.0 -9999.0 -9999.0 -9999.0 -9999.0 -9999.0 -9999.0 -9999.0 -9999.0 -9999.0 -9999.0 -9999.0 -9999.0 -9999.0 -9999.0 -9999.0 -9999.0 -9999.0 -9999.0
-9999.0 -9999.0 -9999.0 -9999.0 -9999.0 -9999.0 -9999.0 -9999.0 -9999.0 -9999.0 -9999.0 -9999.0 -9999.0 -9999.0 -9999.0 -9999.0 -9999.0 -9999.0 -9999.0 -9999.0 -9999.0 -9999.0 -9999.0 -9999.0 -9999.0 -9999.0 -9999.0 -9999.0 -9999.0 -9999.0 -9999.0 -9999.0 -9999.0 -9999.0 -9999.0 -9999.0 -9999.0 -9999.0 -9999.0 -9999.0 -9999.0 -9999.0 -9999.0 -9999.0 -9999.0 -9999.0 -9999.0 -9999.0 -9999.0 -9999.0 -9999.0 -9999.0 -9999.0 -9999.0 -9999.0 -9999.0 -9999.0 -9999.0 -9999.0 -9999.0 -9999.0 -9999.0 -9999.0 -9999.0 -9999.0 -9999.0 -9999.0 -9999.0 -9999.0 -9999.0 -9999.0 -9999.0 -9999.0 -9999.0 -9999.0 -9999.0 -9999.0 -9999.0 -9999.0 -9999.0 -9999.0 -9999.0 -9999.0 -9999.0 -9999.0 -9999.0 -9999.0 -9999.0 -9999.0 -9999.0 -9999.0 -9999.0 -9999.0 -9999.0 -9999.0 -9999.0 -9999.0 -9999.0 -9999.0 -9999.0 -9999.0 -9999.0 -9999.0 -9999.0
-9999.0 -9999.0 969.441597 870.643865 771.761202 672.731055 573.619046 474.470454 375.310587 276.153372 177.006617 77.874841 -21.236745 -120.324487 -219.384254 -318.394455 -417.313730 -516.063060 -614.499863 -712.380021 -810.419204 -908.019110 -1004.969904 -1100.994856 -1188.775527 -1269.135221 -1340.175173 -1400.661036 -1450.251279 -1489.482480 -1519.543151 -1541.957356 -1558.299172 -1570.001631 -1578.265451 -1584.043376 -1588.077739 -1591.010086 -1593.712044 -1598.248545 -1609.964032 -1643.574478 -1791.038458 -3668.799855 -3984.559766 -3984.504550 -3970.262508 -3869.481239 -3643.818118 -3374.643545 -3128.410060 -2905.336893 -2769.163948 -2682.221002 -2602.311345 -2519.366201 -2430.419533 -2336.730582 -2241.851097 -2148.587730 -2037.706674 -1536.587694 -1600.042217 -1601.635768 -1598.399101 -1597.160949 -1596.869683 -1596.814659 -1596.805744 -1596.804843 -1596.805215 -1596.805711 -1596.806146 -1596.806508 -1596.806809 -1596.807067 -1596.807293 -1596.807497 -1596.807687 -1596.807870 -1596.808057 -1596.808257 -1596.808484 -1596.808761 -1596.809121 -1596.809614 -1596.810325 -1596.811396 -1596.813072 -1596.815788 -1596.820352 -1596.828300 -1596.842650 -1596.869476 -1596.921379 -1597.025641 -1597.244894 -1597.732931 -1598.892430 -1601.853051 -1610.108495 -1636.020590 -9999.0 -9999.0
-9999.0 -9999.0 969.444390 870.644945 771.761559 672.731173 573.619087 474.470468 375.310593 276.153374 177.006618 77.874841 -21.236744 -120.324487 -219.384254 -318.394455 -417.313730 -516.063061 -614.499863 -712.380021 -810.419204 -908.019111 -1004.969904 -1100.994856 -1188.775528 -1269.135221 -1340.175173 -1400.661036 -1450.251279 -1489.482480 -1519.543151 -1541.957356 -1558.299172 -1570.001631 -1578.265451 -1584.043376 -1588.077739 -1591.010086 -1593.712044 -1598.248545 -1609.964032 -1643.574478 -1791.038458 -3668.799854 -3984.559766 -3984.504550 -3970.262508 -3869.481239 -3643.818117 -3374.643543 -3128.410057 -2905.336892 -2769.163948 -2682.221002 -2602.311344 -2519.366201 -2430.419533 -2336.730582 -2241.851096 -2148.587730 -2037.706674 -1536.587695 -1600.042217 -1601.635768 -1598.399101 -1597.160949 -1596.869683 -1596.814659 -1596.805744 -1596.804843 -1596.805215 -1596.805711 -1596.806146 -1596.806508 -1596.806809 -1596.807067 -1596.807293 -1596.807497 -1596.807687 -1596.807870 -1596.808057 -1596.808257 -1596.808484 -1596.808761 -1596.809121 -1596.809614 -1596.810325 -1596.811396 -1596.813072 -1596.815788 -1596.820352 -1596.828300 -1596.842650 -1596.869476 -1596.921379 -1597.025641 -1597.244894 -1597.732931 -1598.892430 -1601.853051 -1610.108495 -1636.020590 -9999.0 -9999.0
-9999.0 -9999.0 969.445478 870.645531 771.761808 672.731268 573.619122 474.470481 375.310597 276.153376 177.006619 77.874842 -21.236744 -120.324487 -219.384254 -318.394455 -417.313730 -516.063061 -614.499863 -712.380021 -810.419205 -908.019111 -1004.969904 -1100.994856 -1188.775528 -1269.135221 -1340.175173 -1400.661036 -1450.251279 -1489.482480 -1519.543151 -1541.957356 -1558.299172 -1570.001631 -1578.265451 -1584.043376 -1588.077739 -1591.010086 -1593.712044 -1598.248545 -1609.964032 -1643.574478 -1791.038458 -3668.799854 -3984.559766 -3984.504550 -3970.262508 -3869.481238 -3643.818117 -3374.643541 -3128.410055 -2905.336891 -2769.163948 -2682.221001 -2602.311344 -2519.366201 -2430.419533 -2336.730582 -2241.851096 -2148.587730 -2037.706674 -1536.587694 -1600.042217 -1601.635768 -1598.399101 -1597.160949 -1596.869683 -1596.814659 -1596.805744 -1596.804843 -1596.805215 -1596.805711 -1596.806146 -1596.806508 -1596.806809 -1596.807067 -1596.807293 -1596.807497 -1596.807687 -1596.807870 -1596.808057 -1596.808257 -1596.808484 -1596.808761 -1596.809121 -1596.809614 -1596.810325 -1596.811396 -1596.813072 -1596.815788 -1596.820352 -1596.828300 -1596.842650 -1596.869476 -1596.921379 -1597.025641 -1597.244894 -1597.732931 -1598.892430 -1601.853051 -1610.108495 -1636.020590 -9999.0 -9999.0
-9999.0 -9999.0 969.445478 870.645531 771.761808 672.731268 573.619122 474.470481 375.310598 276.153376 177.006619 77.874842 -21.236744 -120.324487 -219.384254 -318.394455 -417.313730 -516.063061 -614.499863 -712.380021 -810.419205 -908.019111 -1004.969904 -1100.994856 -1188.775528 -1269.135221 -1340.175173 -1400.661036 -1450.251279 -1489.482480 -1519.543151 -1541.957356 -1558.299172 -1570.001631 -1578.265451 -1584.043376 -1588.077739 -1591.010086 -1593.712044 -1598.248545 -1609.964032 -1643.574478 -1791.038458 -3668.799854 -3984.559766 -3984.504550 -3970.262508 -3869.481238 -3643.818117 -3374.643542 -3128.410056 -2905.336891 -2769.163948 -2682.221002 -2602.311344 -2519.366201 -2430.419532 -2336.730582 -2241.851096 -2148.587730 -2037.706674 -1536.587694 -1600.042217 -1601.635768 -1598.399101 -1597.160949 -1596.869683 -1596.814659 -1596.805744 -1596.804843 -1596.805215 -1596.805711 -1596.806146 -1596.806508 -1596.806809 -1596.807067 -1596.807293 -1596.807497 -1596.807687 -1596.807870 -1596.808057 -1596.808257 -1596.808484 -1596.808761 -1596.809121 -1596.809614 -1596.810325 -1596.811396 -1596.813072 -1596.815788 -1596.820352 -1596.828300 -1596.842650 -1596.869476 -1596.921379 -1597.025641 -1597.244894 -1597.732931 -1598.892430 -1601.853051 -1610.108495 -1636.020590 -9999.0 -9999.0
-9999.0 -9999.0 969.444390 870.644945 771.761559 672.731173 573.619087 474.470468 375.310593 276.153374 177.006618 77.874842 -21.236744 -120.324487 -219.384254 -318.394455 -417.313730 -516.063061 -614.499863 -712.380021 -810.419204 -908.019111 -1004.969904 -1100.994856 -1188.775528 -1269.135221 -1340.175173 -1400.661036 -1450.251279 -1489.482480 -1519.543151 -1541.957356 -1558.299172 -1570.001631 -1578.265451 -1584.043376 -1588.077739 -1591.010086 -1593.712044 -1598.248545 -1609.964032 -1643.574478 -1791.038458 -3668.799854 -3984.559766 -3984.504550 -3970.262508 -3869.481239 -3643.818117 -3374.643542 -3128.410057 -2905.336892 -2769.163948 -2682.221002 -2602.311345 -2519.366201 -2430.419533 -2336.730582 -2241.851097 -2148.587730 -2037.706674 -1536.587695 -1600.042217 -1601.635768 -1598.399101 -1597.160949 -1596.869683 -1596.814659 -1596.805744 -1596.804843 -1596.805215 -1596.805711 -1596.806146 -1596.806508 -1596.806809 -1596.807067 -1596.807293 -1596.807497 -1596.807687 -1596.807870 -1596.808057 -1596.808257 -1596.808484 -1596.808761 -1596.809121 -1596.809614 -1596.810325 -1596.811396 -1596.813072 -1596.815788 -1596.820352 -1596.828300 -1596.842650 -1596.869476 -1596.921379 -1597.025641 -1597.244894 -1597.732931 -1598.892430 -1601.853051 -1610.108495 -1636.020590 -9999.0 -9999.0
-9999.0 -9999.0 969.441597 870.643865 771.761202 672.731055 573.619046 474.470454 375.310587 276.153372 177.006617 77.874841 -21.236745 -120.324487 -219.384254 -318.394455 -417.313730 -516.063060 -614.499863 -712.380021 -810.419204 -908.019110 -1004.969904 -1100.994856 -1188.775527 -1269.135221 -1340.175173 -1400.661036 -1450.251279 -1489.482480 -1519.543151 -1541.957356 -1558.299172 -1570.001631 -1578.265451 -1584.043376 -1588.077739 -1591.010086 -1593.712044 -1598.248545 -1609.964032 -1643.574478 -1791.038458 -3668.799855 -3984.559766 -3984.504550 -3970.262508 -3869.481239 -3643.818118 -3374.643546 -3128.410061 -2905.336893 -2769.163948 -2682.221002 -2602.311345 -2519.366201 -2430.419533 -2336.730583 -2241.851097 -2148.587730 -2037.706675 -1536.587695 -1600.042217 -1601.635768 -1598.399101 -1597.160949 -1596.869683 -1596.814659 -1596.805744 -1596.804843 -1596.805215 -1596.805711 -1596.806146 -1596.806508 -1596.806809 -1596.807067 -1596.807293 -1596.807497 -1596.807687 -1596.807870 -1596.808057 -1596.808257 -1596.808484 -1596.808761 -1596.809121 -1596.809614 -1596.810325 -1596.811396 -1596.813072 -1596.815788 -1596.820352 -1596.828300 -1596.842650 -1596.869476 -1596.921379 -1597.025641 -1597.244894 -1597.732931 -1598.892430 -1601.853051 -1610.108495 -1636.020590 -9999.0 -9999.0
-9999.0 -9999.0 -9999.0 -9999.0 -9999.0 -9999.0 -9999.0 -9999.0 -9999.0 -9999.0 -9999.0 -9999.0 -9999.0 -9999.0 -9999.0 -9999.0 -9999.0 -9999.0 -9999.0 -9999.0 -9999.0 -9999.0 -9999.0 -9999.0 -9999.0 -9999.0 -9999.0 -9999.0 -9999.0 -9999.0 -9999.0 -9999.0 -9999.0 -9999.0 -9999.0 -9999.0 -9999.0 -9999.0 -9999.0 -9999.0 -9999.0 -9999.0 -9999.0 -9999.0 -9999.0 -9999.0 -9999.0 -9999.0 -9999.0 -9999.0 -9999.0 -9999.0 -9999.0 -9999.0 -9999.0 -9999.0 -9999.0 -9999.0 -9999.0 -9999.0 -9999.0 -9999.0 -9999.0 -9999.0 -9999.0 -9999.0 -9999.0 -9999.0 -9999.0 -9999.0 -9999.0 -9999.0 -9999.0 -9999.0 -9999.0 -9999.0 -9999.0 -9999.0 -9999.0 -9999.0 -9999.0 -9999.0 -9999.0 -9999.0 -9999.0 -9999.0 -9999.0 -9999.0 -9999.0 -9999.0 -9999.0 -9999.0 -9999.0 -9999.0 -9999.0 -9999.0 -9999.0 -9999.0 -9999.0 -9999.0 -9999.0 -9999.0 -9999.0 -9999.0
-9999.0 -9999.0 -9999.0 -9999.0 -9999.0 -9999.0 -9999.0 -9999.0 -9999.0 -9999.0 -9999.0 -9999.0 -9999.0 -9999.0 -9999.0 -9999.0 -9999.0 -9999.0 -9999.0 -9999.0 -9999.0 -9999.0 -9999.0 -9999.0 -9999.0 -9999.0 -9999.0 -9999.0 -9999.0 -9999.0 -9999.0 -9999.0 -9999.0 -9999.0 -9999.0 -9999.0 -9999.0 -9999.0 -9999.0 -9999.0 -9999.0 -9999.0 -9999.0 -9999.0 -9999.0 -9999.0 -9999.0 -9999.0 -9999.0 -9999.0 -9999.0 -9999.0 -9999.0 -9999.0 -9999.0 -9999.0 -9999.0 -9999.0 -9999.0 -9999.0 -9999.0 -9999.0 -9999.0 -9999.0 -9999.0 -9999.0 -9999.0 -9999.0 -9999.0 -9999.0 -9999.0 -9999.0 -9999.0 -9999.0 -9999.0 -9999.0 -9999.0 -9999.0 -9999.0 -9999.0 -9999.0 -9999.0 -9999.0 -9999.0 -9999.0 -9999.0 -9999.0 -9999.0 -9999.0 -9999.0 -9999.0 -9999.0 -9999.0 -9999.0 -9999.0 -9999.0 -9999.0 -9999.0 -9999.0 -9999.0 -9999.0 -9999.0 -9999.0 -9999.0