inst/processing_geotop_simulation/geotop_simulation/out/maps3D/PwL0004N0158.asc
ncols         104
nrows         10
xllcorner     -2.000000
yllcorner     0.000000
cellsize      1.000000
NODATA_value  -9999.0
-9999.0 -9999.0 -9999.0 -9999.0 -9999.0 -9999.0 -9999.0 -9999.0 -9999.0 -9999.0 -9999.0 -9999.0 -9999.0 -9999.0 -9999.0 -9999.0 -9999.0 -9999.0 -9999.0 -9999.0 -9999.0 -9999.0 -9999.0 -9999.0 -9999.0 -9999.0 -9999.0 -9999.0 -9999.0 -9999.0 -9999.0 -9999.0 -9999.0 -9999.0 -9999.0 -9999.0 -9999.0 -9999.0 -9999.0 -9999.0 -9999.0 -9999.0 -9999.0 -9999.0 -9999.0 -9999.0 -9999.0 -9999.0 -9999.0 -9999.0 -9999.0 -9999.0 -9999.0 -9999.0 -9999.0 -9999.0 -9999.0 -9999.0 -9999.0 -9999.0 -9999.0 -9999.0 -9999.0 -9999.0 -9999.0 -9999.0 -9999.0 -9999.0 -9999.0 -9999.0 -9999.0 -9999.0 -9999.0 -9999.0 -9999.0 -9999.0 -9999.0 -9999.0 -9999.0 -9999.0 -9999.0 -9999.0 -9999.0 -9999.0 -9999.0 -9999.0 -9999.0 -9999.0 -9999.0 -9999.0 -9999.0 -9999.0 -9999.0 -9999.0 -9999.0 -9999.0 -9999.0 -9999.0 -9999.0 -9999.0 -9999.0 -9999.0 -9999.0 -9999.0
-9999.0 -9999.0 -9999.0 -9999.0 -9999.0 -9999.0 -9999.0 -9999.0 -9999.0 -9999.0 -9999.0 -9999.0 -9999.0 -9999.0 -9999.0 -9999.0 -9999.0 -9999.0 -9999.0 -9999.0 -9999.0 -9999.0 -9999.0 -9999.0 -9999.0 -9999.0 -9999.0 -9999.0 -9999.0 -9999.0 -9999.0 -9999.0 -9999.0 -9999.0 -9999.0 -9999.0 -9999.0 -9999.0 -9999.0 -9999.0 -9999.0 -9999.0 -9999.0 -9999.0 -9999.0 -9999.0 -9999.0 -9999.0 -9999.0 -9999.0 -9999.0 -9999.0 -9999.0 -9999.0 -9999.0 -9999.0 -9999.0 -9999.0 -9999.0 -9999.0 -9999.0 -9999.0 -9999.0 -9999.0 -9999.0 -9999.0 -9999.0 -9999.0 -9999.0 -9999.0 -9999.0 -9999.0 -9999.0 -9999.0 -9999.0 -9999.0 -9999.0 -9999.0 -9999.0 -9999.0 -9999.0 -9999.0 -9999.0 -9999.0 -9999.0 -9999.0 -9999.0 -9999.0 -9999.0 -9999.0 -9999.0 -9999.0 -9999.0 -9999.0 -9999.0 -9999.0 -9999.0 -9999.0 -9999.0 -9999.0 -9999.0 -9999.0 -9999.0 -9999.0
-9999.0 -9999.0 182.801655 94.435726 0.643745 -94.684815 -190.609504 -286.749978 -382.892323 -478.882209 -574.460577 -668.999223 -763.030780 -856.498135 -950.201110 -1044.329651 -1137.379483 -1230.840292 -1322.558992 -1402.100514 -1461.037923 -1501.134324 -1526.812777 -1542.790587 -1552.756768 -1559.152686 -1563.431231 -1566.400076 -1568.502327 -1569.996742 -1571.052567 -1571.790684 -1572.300836 -1572.649509 -1572.885237 -1573.044618 -1573.161697 -1573.286183 -1573.581792 -1575.080481 -1582.750801 -1594.301760 -1025.784652 -1031.701426 -1016.713141 -1007.335590 -1002.954956 -1002.338888 -1002.276056 -1002.285272 -1002.305289 -1002.326639 -1002.347137 -1002.366106 -1002.383608 -1002.403005 -1002.457132 -1002.819663 -1005.130902 -1010.356937 -1018.532570 -1002.217862 -1573.011043 -1578.475466 -1574.371294 -1573.585657 -1573.464767 -1573.445769 -1573.443614 -1573.444438 -1573.445605 -1573.446603 -1573.447375 -1573.447960 -1573.448407 -1573.448753 -1573.449026 -1573.449246 -1573.449429 -1573.449591 -1573.449748 -1573.449922 -1573.450141 -1573.450443 -1573.450891 -1573.451578 -1573.452658 -1573.454384 -1573.457181 -1573.461791 -1573.469546 -1573.482924 -1573.506678 -1573.550140 -1573.631886 -1573.789236 -1574.098396 -1574.721556 -1576.030966 -1578.965939 -1586.212689 -1607.837010 -9999.0 -9999.0
-9999.0 -9999.0 182.812593 94.437982 0.644322 -94.684647 -190.609451 -286.749960 -382.892317 -478.882207 -574.460576 -668.999223 -763.030780 -856.498135 -950.201111 -1044.329651 -1137.379483 -1230.840292 -1322.558992 -1402.100514 -1461.037923 -1501.134324 -1526.812777 -1542.790587 -1552.756768 -1559.152686 -1563.431231 -1566.400076 -1568.502327 -1569.996742 -1571.052567 -1571.790684 -1572.300836 -1572.649509 -1572.885237 -1573.044618 -1573.161697 -1573.286183 -1573.581792 -1575.080481 -1582.750801 -1594.301760 -1025.784652 -1031.701426 -1016.713141 -1007.335590 -1002.954956 -1002.338888 -1002.276056 -1002.285272 -1002.305289 -1002.326639 -1002.347137 -1002.366106 -1002.383608 -1002.403005 -1002.457132 -1002.819663 -1005.130902 -1010.356937 -1018.532570 -1002.217862 -1573.011044 -1578.475466 -1574.371294 -1573.585657 -1573.464767 -1573.445769 -1573.443614 -1573.444438 -1573.445605 -1573.446603 -1573.447375 -1573.447960 -1573.448407 -1573.448753 -1573.449026 -1573.449246 -1573.449429 -1573.449591 -1573.449748 -1573.449922 -1573.450141 -1573.450443 -1573.450891 -1573.451578 -1573.452658 -1573.454384 -1573.457181 -1573.461791 -1573.469546 -1573.482924 -1573.506678 -1573.550140 -1573.631886 -1573.789236 -1574.098396 -1574.721556 -1576.030966 -1578.965939 -1586.212689 -1607.837010 -9999.0 -9999.0
-9999.0 -9999.0 182.814136 94.438894 0.644685 -94.684515 -190.609404 -286.749944 -382.892311 -478.882205 -574.460575 -668.999223 -763.030779 -856.498135 -950.201111 -1044.329652 -1137.379483 -1230.840292 -1322.558993 -1402.100514 -1461.037923 -1501.134324 -1526.812777 -1542.790587 -1552.756768 -1559.152686 -1563.431231 -1566.400076 -1568.502327 -1569.996742 -1571.052567 -1571.790684 -1572.300836 -1572.649509 -1572.885237 -1573.044618 -1573.161697 -1573.286183 -1573.581792 -1575.080481 -1582.750801 -1594.301760 -1025.784652 -1031.701426 -1016.713141 -1007.335590 -1002.954956 -1002.338888 -1002.276056 -1002.285272 -1002.305289 -1002.326639 -1002.347137 -1002.366106 -1002.383608 -1002.403005 -1002.457132 -1002.819663 -1005.130902 -1010.356937 -1018.532570 -1002.217862 -1573.011044 -1578.475466 -1574.371294 -1573.585657 -1573.464767 -1573.445769 -1573.443614 -1573.444438 -1573.445605 -1573.446603 -1573.447375 -1573.447960 -1573.448407 -1573.448753 -1573.449026 -1573.449246 -1573.449429 -1573.449591 -1573.449748 -1573.449922 -1573.450141 -1573.450443 -1573.450891 -1573.451578 -1573.452658 -1573.454384 -1573.457181 -1573.461791 -1573.469546 -1573.482924 -1573.506678 -1573.550140 -1573.631886 -1573.789236 -1574.098396 -1574.721556 -1576.030966 -1578.965939 -1586.212689 -1607.837010 -9999.0 -9999.0
-9999.0 -9999.0 182.814136 94.438894 0.644685 -94.684515 -190.609404 -286.749944 -382.892311 -478.882205 -574.460575 -668.999223 -763.030779 -856.498135 -950.201111 -1044.329651 -1137.379483 -1230.840292 -1322.558993 -1402.100514 -1461.037923 -1501.134324 -1526.812777 -1542.790587 -1552.756768 -1559.152686 -1563.431231 -1566.400076 -1568.502327 -1569.996742 -1571.052567 -1571.790684 -1572.300836 -1572.649509 -1572.885237 -1573.044618 -1573.161697 -1573.286183 -1573.581792 -1575.080481 -1582.750801 -1594.301760 -1025.784652 -1031.701426 -1016.713141 -1007.335590 -1002.954956 -1002.338888 -1002.276056 -1002.285272 -1002.305289 -1002.326639 -1002.347137 -1002.366106 -1002.383608 -1002.403005 -1002.457132 -1002.819663 -1005.130902 -1010.356937 -1018.532570 -1002.217862 -1573.011044 -1578.475466 -1574.371294 -1573.585657 -1573.464767 -1573.445769 -1573.443614 -1573.444438 -1573.445605 -1573.446603 -1573.447375 -1573.447960 -1573.448407 -1573.448753 -1573.449026 -1573.449246 -1573.449429 -1573.449591 -1573.449748 -1573.449922 -1573.450141 -1573.450443 -1573.450891 -1573.451578 -1573.452658 -1573.454384 -1573.457181 -1573.461791 -1573.469546 -1573.482924 -1573.506678 -1573.550140 -1573.631886 -1573.789236 -1574.098396 -1574.721556 -1576.030966 -1578.965939 -1586.212689 -1607.837010 -9999.0 -9999.0
-9999.0 -9999.0 182.812593 94.437982 0.644322 -94.684647 -190.609451 -286.749960 -382.892317 -478.882207 -574.460576 -668.999223 -763.030780 -856.498135 -950.201111 -1044.329651 -1137.379483 -1230.840292 -1322.558992 -1402.100514 -1461.037923 -1501.134324 -1526.812777 -1542.790587 -1552.756768 -1559.152686 -1563.431231 -1566.400076 -1568.502327 -1569.996742 -1571.052567 -1571.790684 -1572.300836 -1572.649509 -1572.885237 -1573.044618 -1573.161697 -1573.286183 -1573.581792 -1575.080481 -1582.750801 -1594.301760 -1025.784652 -1031.701426 -1016.713141 -1007.335590 -1002.954956 -1002.338888 -1002.276056 -1002.285272 -1002.305289 -1002.326639 -1002.347137 -1002.366106 -1002.383608 -1002.403005 -1002.457132 -1002.819663 -1005.130902 -1010.356937 -1018.532570 -1002.217862 -1573.011044 -1578.475466 -1574.371294 -1573.585657 -1573.464767 -1573.445769 -1573.443614 -1573.444438 -1573.445605 -1573.446603 -1573.447375 -1573.447960 -1573.448407 -1573.448753 -1573.449026 -1573.449246 -1573.449429 -1573.449591 -1573.449748 -1573.449922 -1573.450141 -1573.450443 -1573.450891 -1573.451578 -1573.452658 -1573.454384 -1573.457181 -1573.461791 -1573.469546 -1573.482924 -1573.506678 -1573.550140 -1573.631886 -1573.789236 -1574.098396 -1574.721556 -1576.030966 -1578.965939 -1586.212689 -1607.837010 -9999.0 -9999.0
-9999.0 -9999.0 182.801655 94.435726 0.643745 -94.684815 -190.609504 -286.749978 -382.892323 -478.882209 -574.460577 -668.999223 -763.030780 -856.498135 -950.201110 -1044.329651 -1137.379483 -1230.840292 -1322.558992 -1402.100514 -1461.037923 -1501.134324 -1526.812777 -1542.790587 -1552.756768 -1559.152686 -1563.431231 -1566.400076 -1568.502327 -1569.996742 -1571.052567 -1571.790684 -1572.300836 -1572.649509 -1572.885237 -1573.044618 -1573.161697 -1573.286183 -1573.581792 -1575.080481 -1582.750801 -1594.301760 -1025.784652 -1031.701426 -1016.713141 -1007.335590 -1002.954956 -1002.338888 -1002.276056 -1002.285272 -1002.305289 -1002.326639 -1002.347137 -1002.366106 -1002.383608 -1002.403005 -1002.457132 -1002.819663 -1005.130902 -1010.356937 -1018.532570 -1002.217862 -1573.011044 -1578.475466 -1574.371294 -1573.585657 -1573.464767 -1573.445769 -1573.443614 -1573.444438 -1573.445605 -1573.446603 -1573.447375 -1573.447960 -1573.448407 -1573.448753 -1573.449026 -1573.449246 -1573.449429 -1573.449591 -1573.449748 -1573.449922 -1573.450141 -1573.450443 -1573.450891 -1573.451578 -1573.452658 -1573.454384 -1573.457181 -1573.461791 -1573.469546 -1573.482924 -1573.506678 -1573.550140 -1573.631886 -1573.789236 -1574.098396 -1574.721556 -1576.030966 -1578.965939 -1586.212689 -1607.837010 -9999.0 -9999.0
-9999.0 -9999.0 -9999.0 -9999.0 -9999.0 -9999.0 -9999.0 -9999.0 -9999.0 -9999.0 -9999.0 -9999.0 -9999.0 -9999.0 -9999.0 -9999.0 -9999.0 -9999.0 -9999.0 -9999.0 -9999.0 -9999.0 -9999.0 -9999.0 -9999.0 -9999.0 -9999.0 -9999.0 -9999.0 -9999.0 -9999.0 -9999.0 -9999.0 -9999.0 -9999.0 -9999.0 -9999.0 -9999.0 -9999.0 -9999.0 -9999.0 -9999.0 -9999.0 -9999.0 -9999.0 -9999.0 -9999.0 -9999.0 -9999.0 -9999.0 -9999.0 -9999.0 -9999.0 -9999.0 -9999.0 -9999.0 -9999.0 -9999.0 -9999.0 -9999.0 -9999.0 -9999.0 -9999.0 -9999.0 -9999.0 -9999.0 -9999.0 -9999.0 -9999.0 -9999.0 -9999.0 -9999.0 -9999.0 -9999.0 -9999.0 -9999.0 -9999.0 -9999.0 -9999.0 -9999.0 -9999.0 -9999.0 -9999.0 -9999.0 -9999.0 -9999.0 -9999.0 -9999.0 -9999.0 -9999.0 -9999.0 -9999.0 -9999.0 -9999.0 -9999.0 -9999.0 -9999.0 -9999.0 -9999.0 -9999.0 -9999.0 -9999.0 -9999.0 -9999.0
-9999.0 -9999.0 -9999.0 -9999.0 -9999.0 -9999.0 -9999.0 -9999.0 -9999.0 -9999.0 -9999.0 -9999.0 -9999.0 -9999.0 -9999.0 -9999.0 -9999.0 -9999.0 -9999.0 -9999.0 -9999.0 -9999.0 -9999.0 -9999.0 -9999.0 -9999.0 -9999.0 -9999.0 -9999.0 -9999.0 -9999.0 -9999.0 -9999.0 -9999.0 -9999.0 -9999.0 -9999.0 -9999.0 -9999.0 -9999.0 -9999.0 -9999.0 -9999.0 -9999.0 -9999.0 -9999.0 -9999.0 -9999.0 -9999.0 -9999.0 -9999.0 -9999.0 -9999.0 -9999.0 -9999.0 -9999.0 -9999.0 -9999.0 -9999.0 -9999.0 -9999.0 -9999.0 -9999.0 -9999.0 -9999.0 -9999.0 -9999.0 -9999.0 -9999.0 -9999.0 -9999.0 -9999.0 -9999.0 -9999.0 -9999.0 -9999.0 -9999.0 -9999.0 -9999.0 -9999.0 -9999.0 -9999.0 -9999.0 -9999.0 -9999.0 -9999.0 -9999.0 -9999.0 -9999.0 -9999.0 -9999.0 -9999.0 -9999.0 -9999.0 -9999.0 -9999.0 -9999.0 -9999.0 -9999.0 -9999.0 -9999.0 -9999.0 -9999.0 -9999.0