inst/processing_geotop_simulation/geotop_simulation/out/maps3D/PwL0022N0408.asc
ncols         104
nrows         10
xllcorner     -2.000000
yllcorner     0.000000
cellsize      1.000000
NODATA_value  -9999.0
-9999.0 -9999.0 -9999.0 -9999.0 -9999.0 -9999.0 -9999.0 -9999.0 -9999.0 -9999.0 -9999.0 -9999.0 -9999.0 -9999.0 -9999.0 -9999.0 -9999.0 -9999.0 -9999.0 -9999.0 -9999.0 -9999.0 -9999.0 -9999.0 -9999.0 -9999.0 -9999.0 -9999.0 -9999.0 -9999.0 -9999.0 -9999.0 -9999.0 -9999.0 -9999.0 -9999.0 -9999.0 -9999.0 -9999.0 -9999.0 -9999.0 -9999.0 -9999.0 -9999.0 -9999.0 -9999.0 -9999.0 -9999.0 -9999.0 -9999.0 -9999.0 -9999.0 -9999.0 -9999.0 -9999.0 -9999.0 -9999.0 -9999.0 -9999.0 -9999.0 -9999.0 -9999.0 -9999.0 -9999.0 -9999.0 -9999.0 -9999.0 -9999.0 -9999.0 -9999.0 -9999.0 -9999.0 -9999.0 -9999.0 -9999.0 -9999.0 -9999.0 -9999.0 -9999.0 -9999.0 -9999.0 -9999.0 -9999.0 -9999.0 -9999.0 -9999.0 -9999.0 -9999.0 -9999.0 -9999.0 -9999.0 -9999.0 -9999.0 -9999.0 -9999.0 -9999.0 -9999.0 -9999.0 -9999.0 -9999.0 -9999.0 -9999.0 -9999.0 -9999.0
-9999.0 -9999.0 -9999.0 -9999.0 -9999.0 -9999.0 -9999.0 -9999.0 -9999.0 -9999.0 -9999.0 -9999.0 -9999.0 -9999.0 -9999.0 -9999.0 -9999.0 -9999.0 -9999.0 -9999.0 -9999.0 -9999.0 -9999.0 -9999.0 -9999.0 -9999.0 -9999.0 -9999.0 -9999.0 -9999.0 -9999.0 -9999.0 -9999.0 -9999.0 -9999.0 -9999.0 -9999.0 -9999.0 -9999.0 -9999.0 -9999.0 -9999.0 -9999.0 -9999.0 -9999.0 -9999.0 -9999.0 -9999.0 -9999.0 -9999.0 -9999.0 -9999.0 -9999.0 -9999.0 -9999.0 -9999.0 -9999.0 -9999.0 -9999.0 -9999.0 -9999.0 -9999.0 -9999.0 -9999.0 -9999.0 -9999.0 -9999.0 -9999.0 -9999.0 -9999.0 -9999.0 -9999.0 -9999.0 -9999.0 -9999.0 -9999.0 -9999.0 -9999.0 -9999.0 -9999.0 -9999.0 -9999.0 -9999.0 -9999.0 -9999.0 -9999.0 -9999.0 -9999.0 -9999.0 -9999.0 -9999.0 -9999.0 -9999.0 -9999.0 -9999.0 -9999.0 -9999.0 -9999.0 -9999.0 -9999.0 -9999.0 -9999.0 -9999.0 -9999.0
-9999.0 -9999.0 1067.721601 968.589790 869.437622 770.189465 670.884028 571.552637 472.213665 372.877452 273.549880 174.234391 74.933099 -24.350414 -123.613867 -222.854639 -322.056666 -421.189735 -520.195145 -618.962397 -717.288429 -815.691060 -913.695353 -1011.106635 -1107.654161 -1196.522100 -1278.529699 -1351.830627 -1415.093869 -1467.762008 -1510.110732 -1543.098652 -1568.095843 -1586.605905 -1600.058643 -1609.697170 -1616.554733 -1621.539428 -1625.753784 -1631.334821 -1642.856958 -1670.529806 -1648.819228 -2336.349508 -3440.369525 -3405.517452 -2783.388072 -2456.946708 -2284.032317 -2172.979163 -2091.556761 -2021.159522 -1976.875817 -1947.581960 -1919.930495 -1890.422280 -1857.849508 -1822.433023 -1785.172431 -1746.557593 -1696.565144 -1459.157994 -1626.508816 -1635.444989 -1633.530860 -1632.409081 -1632.103056 -1632.039719 -1632.028751 -1632.027478 -1632.027821 -1632.028364 -1632.028871 -1632.029319 -1632.029718 -1632.030081 -1632.030419 -1632.030743 -1632.031058 -1632.031373 -1632.031697 -1632.032038 -1632.032411 -1632.032837 -1632.033346 -1632.033986 -1632.034836 -1632.036028 -1632.037791 -1632.040535 -1632.045017 -1632.052692 -1632.066424 -1632.092028 -1632.141712 -1632.242353 -1632.456791 -1632.941712 -1634.112449 -1637.147380 -1645.700789 -1672.439995 -9999.0 -9999.0
-9999.0 -9999.0 1067.723930 968.590736 869.437946 770.189573 670.884066 571.552650 472.213670 372.877454 273.549881 174.234391 74.933099 -24.350414 -123.613867 -222.854640 -322.056666 -421.189735 -520.195145 -618.962398 -717.288429 -815.691061 -913.695353 -1011.106635 -1107.654161 -1196.522100 -1278.529699 -1351.830627 -1415.093869 -1467.762008 -1510.110732 -1543.098652 -1568.095843 -1586.605905 -1600.058643 -1609.697170 -1616.554733 -1621.539428 -1625.753784 -1631.334821 -1642.856958 -1670.529806 -1648.819228 -2336.349507 -3440.369525 -3405.517452 -2783.388071 -2456.946707 -2284.032317 -2172.979163 -2091.556760 -2021.159521 -1976.875817 -1947.581960 -1919.930495 -1890.422280 -1857.849507 -1822.433023 -1785.172431 -1746.557593 -1696.565144 -1459.157995 -1626.508816 -1635.444989 -1633.530860 -1632.409081 -1632.103056 -1632.039719 -1632.028751 -1632.027478 -1632.027821 -1632.028364 -1632.028871 -1632.029319 -1632.029718 -1632.030081 -1632.030419 -1632.030743 -1632.031058 -1632.031373 -1632.031697 -1632.032038 -1632.032411 -1632.032837 -1632.033346 -1632.033986 -1632.034836 -1632.036028 -1632.037791 -1632.040535 -1632.045017 -1632.052692 -1632.066424 -1632.092028 -1632.141712 -1632.242353 -1632.456791 -1632.941712 -1634.112449 -1637.147380 -1645.700789 -1672.439995 -9999.0 -9999.0
-9999.0 -9999.0 1067.724904 968.591269 869.438174 770.189662 670.884099 571.552663 472.213674 372.877456 273.549881 174.234392 74.933099 -24.350414 -123.613867 -222.854640 -322.056666 -421.189735 -520.195145 -618.962398 -717.288430 -815.691061 -913.695354 -1011.106635 -1107.654161 -1196.522100 -1278.529699 -1351.830627 -1415.093869 -1467.762008 -1510.110732 -1543.098652 -1568.095843 -1586.605905 -1600.058643 -1609.697170 -1616.554733 -1621.539428 -1625.753784 -1631.334821 -1642.856958 -1670.529806 -1648.819228 -2336.349507 -3440.369525 -3405.517451 -2783.388071 -2456.946707 -2284.032317 -2172.979162 -2091.556760 -2021.159521 -1976.875817 -1947.581960 -1919.930495 -1890.422280 -1857.849507 -1822.433023 -1785.172431 -1746.557593 -1696.565144 -1459.157994 -1626.508816 -1635.444989 -1633.530860 -1632.409081 -1632.103056 -1632.039719 -1632.028751 -1632.027478 -1632.027821 -1632.028364 -1632.028871 -1632.029319 -1632.029718 -1632.030081 -1632.030419 -1632.030743 -1632.031058 -1632.031373 -1632.031697 -1632.032038 -1632.032411 -1632.032837 -1632.033346 -1632.033986 -1632.034836 -1632.036028 -1632.037791 -1632.040535 -1632.045017 -1632.052692 -1632.066424 -1632.092028 -1632.141712 -1632.242353 -1632.456791 -1632.941712 -1634.112449 -1637.147380 -1645.700789 -1672.439995 -9999.0 -9999.0
-9999.0 -9999.0 1067.724904 968.591269 869.438174 770.189662 670.884099 571.552663 472.213674 372.877456 273.549881 174.234392 74.933099 -24.350414 -123.613867 -222.854640 -322.056666 -421.189735 -520.195145 -618.962398 -717.288430 -815.691061 -913.695354 -1011.106635 -1107.654161 -1196.522100 -1278.529699 -1351.830627 -1415.093869 -1467.762008 -1510.110732 -1543.098652 -1568.095843 -1586.605905 -1600.058643 -1609.697170 -1616.554733 -1621.539428 -1625.753784 -1631.334821 -1642.856958 -1670.529806 -1648.819228 -2336.349507 -3440.369525 -3405.517451 -2783.388071 -2456.946707 -2284.032317 -2172.979162 -2091.556760 -2021.159521 -1976.875817 -1947.581960 -1919.930495 -1890.422280 -1857.849507 -1822.433023 -1785.172431 -1746.557593 -1696.565144 -1459.157994 -1626.508816 -1635.444989 -1633.530860 -1632.409081 -1632.103056 -1632.039719 -1632.028751 -1632.027478 -1632.027821 -1632.028364 -1632.028871 -1632.029319 -1632.029718 -1632.030081 -1632.030419 -1632.030743 -1632.031058 -1632.031373 -1632.031697 -1632.032038 -1632.032411 -1632.032837 -1632.033346 -1632.033986 -1632.034836 -1632.036028 -1632.037791 -1632.040535 -1632.045017 -1632.052692 -1632.066424 -1632.092028 -1632.141712 -1632.242353 -1632.456791 -1632.941712 -1634.112449 -1637.147380 -1645.700789 -1672.439995 -9999.0 -9999.0
-9999.0 -9999.0 1067.723930 968.590736 869.437946 770.189573 670.884066 571.552650 472.213670 372.877455 273.549881 174.234391 74.933099 -24.350414 -123.613867 -222.854639 -322.056666 -421.189735 -520.195145 -618.962398 -717.288430 -815.691061 -913.695354 -1011.106635 -1107.654161 -1196.522100 -1278.529699 -1351.830627 -1415.093869 -1467.762008 -1510.110732 -1543.098652 -1568.095843 -1586.605905 -1600.058643 -1609.697170 -1616.554733 -1621.539428 -1625.753784 -1631.334821 -1642.856958 -1670.529806 -1648.819228 -2336.349507 -3440.369525 -3405.517452 -2783.388071 -2456.946707 -2284.032317 -2172.979162 -2091.556760 -2021.159521 -1976.875817 -1947.581960 -1919.930495 -1890.422280 -1857.849507 -1822.433023 -1785.172431 -1746.557593 -1696.565144 -1459.157994 -1626.508816 -1635.444989 -1633.530860 -1632.409081 -1632.103056 -1632.039719 -1632.028751 -1632.027478 -1632.027821 -1632.028364 -1632.028871 -1632.029319 -1632.029718 -1632.030081 -1632.030419 -1632.030743 -1632.031058 -1632.031373 -1632.031697 -1632.032038 -1632.032411 -1632.032837 -1632.033346 -1632.033986 -1632.034836 -1632.036028 -1632.037791 -1632.040535 -1632.045017 -1632.052692 -1632.066424 -1632.092028 -1632.141712 -1632.242353 -1632.456791 -1632.941712 -1634.112449 -1637.147380 -1645.700789 -1672.439995 -9999.0 -9999.0
-9999.0 -9999.0 1067.721601 968.589790 869.437622 770.189465 670.884028 571.552637 472.213665 372.877452 273.549880 174.234391 74.933099 -24.350414 -123.613867 -222.854639 -322.056666 -421.189735 -520.195145 -618.962398 -717.288429 -815.691060 -913.695353 -1011.106635 -1107.654161 -1196.522100 -1278.529699 -1351.830627 -1415.093869 -1467.762008 -1510.110732 -1543.098652 -1568.095843 -1586.605905 -1600.058643 -1609.697170 -1616.554733 -1621.539428 -1625.753784 -1631.334821 -1642.856958 -1670.529806 -1648.819228 -2336.349508 -3440.369525 -3405.517452 -2783.388072 -2456.946708 -2284.032317 -2172.979163 -2091.556761 -2021.159522 -1976.875817 -1947.581961 -1919.930495 -1890.422280 -1857.849507 -1822.433023 -1785.172431 -1746.557593 -1696.565144 -1459.157995 -1626.508816 -1635.444989 -1633.530860 -1632.409081 -1632.103056 -1632.039719 -1632.028751 -1632.027478 -1632.027821 -1632.028364 -1632.028871 -1632.029319 -1632.029718 -1632.030081 -1632.030419 -1632.030743 -1632.031058 -1632.031373 -1632.031697 -1632.032038 -1632.032411 -1632.032837 -1632.033346 -1632.033986 -1632.034836 -1632.036028 -1632.037791 -1632.040535 -1632.045017 -1632.052692 -1632.066424 -1632.092028 -1632.141712 -1632.242353 -1632.456791 -1632.941712 -1634.112449 -1637.147380 -1645.700789 -1672.439995 -9999.0 -9999.0
-9999.0 -9999.0 -9999.0 -9999.0 -9999.0 -9999.0 -9999.0 -9999.0 -9999.0 -9999.0 -9999.0 -9999.0 -9999.0 -9999.0 -9999.0 -9999.0 -9999.0 -9999.0 -9999.0 -9999.0 -9999.0 -9999.0 -9999.0 -9999.0 -9999.0 -9999.0 -9999.0 -9999.0 -9999.0 -9999.0 -9999.0 -9999.0 -9999.0 -9999.0 -9999.0 -9999.0 -9999.0 -9999.0 -9999.0 -9999.0 -9999.0 -9999.0 -9999.0 -9999.0 -9999.0 -9999.0 -9999.0 -9999.0 -9999.0 -9999.0 -9999.0 -9999.0 -9999.0 -9999.0 -9999.0 -9999.0 -9999.0 -9999.0 -9999.0 -9999.0 -9999.0 -9999.0 -9999.0 -9999.0 -9999.0 -9999.0 -9999.0 -9999.0 -9999.0 -9999.0 -9999.0 -9999.0 -9999.0 -9999.0 -9999.0 -9999.0 -9999.0 -9999.0 -9999.0 -9999.0 -9999.0 -9999.0 -9999.0 -9999.0 -9999.0 -9999.0 -9999.0 -9999.0 -9999.0 -9999.0 -9999.0 -9999.0 -9999.0 -9999.0 -9999.0 -9999.0 -9999.0 -9999.0 -9999.0 -9999.0 -9999.0 -9999.0 -9999.0 -9999.0
-9999.0 -9999.0 -9999.0 -9999.0 -9999.0 -9999.0 -9999.0 -9999.0 -9999.0 -9999.0 -9999.0 -9999.0 -9999.0 -9999.0 -9999.0 -9999.0 -9999.0 -9999.0 -9999.0 -9999.0 -9999.0 -9999.0 -9999.0 -9999.0 -9999.0 -9999.0 -9999.0 -9999.0 -9999.0 -9999.0 -9999.0 -9999.0 -9999.0 -9999.0 -9999.0 -9999.0 -9999.0 -9999.0 -9999.0 -9999.0 -9999.0 -9999.0 -9999.0 -9999.0 -9999.0 -9999.0 -9999.0 -9999.0 -9999.0 -9999.0 -9999.0 -9999.0 -9999.0 -9999.0 -9999.0 -9999.0 -9999.0 -9999.0 -9999.0 -9999.0 -9999.0 -9999.0 -9999.0 -9999.0 -9999.0 -9999.0 -9999.0 -9999.0 -9999.0 -9999.0 -9999.0 -9999.0 -9999.0 -9999.0 -9999.0 -9999.0 -9999.0 -9999.0 -9999.0 -9999.0 -9999.0 -9999.0 -9999.0 -9999.0 -9999.0 -9999.0 -9999.0 -9999.0 -9999.0 -9999.0 -9999.0 -9999.0 -9999.0 -9999.0 -9999.0 -9999.0 -9999.0 -9999.0 -9999.0 -9999.0 -9999.0 -9999.0 -9999.0 -9999.0