inst/processing_geotop_simulation/geotop_simulation/out/maps3D/PwL0019N0319.asc
ncols         104
nrows         10
xllcorner     -2.000000
yllcorner     0.000000
cellsize      1.000000
NODATA_value  -9999.0
-9999.0 -9999.0 -9999.0 -9999.0 -9999.0 -9999.0 -9999.0 -9999.0 -9999.0 -9999.0 -9999.0 -9999.0 -9999.0 -9999.0 -9999.0 -9999.0 -9999.0 -9999.0 -9999.0 -9999.0 -9999.0 -9999.0 -9999.0 -9999.0 -9999.0 -9999.0 -9999.0 -9999.0 -9999.0 -9999.0 -9999.0 -9999.0 -9999.0 -9999.0 -9999.0 -9999.0 -9999.0 -9999.0 -9999.0 -9999.0 -9999.0 -9999.0 -9999.0 -9999.0 -9999.0 -9999.0 -9999.0 -9999.0 -9999.0 -9999.0 -9999.0 -9999.0 -9999.0 -9999.0 -9999.0 -9999.0 -9999.0 -9999.0 -9999.0 -9999.0 -9999.0 -9999.0 -9999.0 -9999.0 -9999.0 -9999.0 -9999.0 -9999.0 -9999.0 -9999.0 -9999.0 -9999.0 -9999.0 -9999.0 -9999.0 -9999.0 -9999.0 -9999.0 -9999.0 -9999.0 -9999.0 -9999.0 -9999.0 -9999.0 -9999.0 -9999.0 -9999.0 -9999.0 -9999.0 -9999.0 -9999.0 -9999.0 -9999.0 -9999.0 -9999.0 -9999.0 -9999.0 -9999.0 -9999.0 -9999.0 -9999.0 -9999.0 -9999.0 -9999.0
-9999.0 -9999.0 -9999.0 -9999.0 -9999.0 -9999.0 -9999.0 -9999.0 -9999.0 -9999.0 -9999.0 -9999.0 -9999.0 -9999.0 -9999.0 -9999.0 -9999.0 -9999.0 -9999.0 -9999.0 -9999.0 -9999.0 -9999.0 -9999.0 -9999.0 -9999.0 -9999.0 -9999.0 -9999.0 -9999.0 -9999.0 -9999.0 -9999.0 -9999.0 -9999.0 -9999.0 -9999.0 -9999.0 -9999.0 -9999.0 -9999.0 -9999.0 -9999.0 -9999.0 -9999.0 -9999.0 -9999.0 -9999.0 -9999.0 -9999.0 -9999.0 -9999.0 -9999.0 -9999.0 -9999.0 -9999.0 -9999.0 -9999.0 -9999.0 -9999.0 -9999.0 -9999.0 -9999.0 -9999.0 -9999.0 -9999.0 -9999.0 -9999.0 -9999.0 -9999.0 -9999.0 -9999.0 -9999.0 -9999.0 -9999.0 -9999.0 -9999.0 -9999.0 -9999.0 -9999.0 -9999.0 -9999.0 -9999.0 -9999.0 -9999.0 -9999.0 -9999.0 -9999.0 -9999.0 -9999.0 -9999.0 -9999.0 -9999.0 -9999.0 -9999.0 -9999.0 -9999.0 -9999.0 -9999.0 -9999.0 -9999.0 -9999.0 -9999.0 -9999.0
-9999.0 -9999.0 920.685368 822.206588 723.584166 624.767219 525.845732 426.877806 327.895221 228.915279 129.947624 30.998340 -67.924468 -166.819235 -265.668688 -364.434721 -463.042498 -561.355260 -659.138133 -756.591213 -854.001046 -950.810202 -1046.766021 -1138.358253 -1220.967737 -1294.557180 -1357.623298 -1409.585989 -1450.823706 -1482.461793 -1506.039549 -1523.193253 -1535.434994 -1544.040518 -1550.020995 -1554.145949 -1556.997607 -1559.079858 -1561.142702 -1565.223142 -1577.332824 -1617.113491 -1885.219565 -3967.092891 -4034.640689 -4034.647725 -4034.491527 -4032.973012 -4026.496229 -4007.772251 -3964.839365 -3873.635698 -3770.726989 -3677.806490 -3570.814703 -3438.098148 -3274.954137 -3087.747279 -2892.371094 -2703.540995 -2488.383400 -1608.803505 -1574.602725 -1568.916591 -1564.675886 -1563.374804 -1563.097213 -1563.047851 -1563.040214 -1563.039566 -1563.039995 -1563.040504 -1563.040936 -1563.041284 -1563.041565 -1563.041796 -1563.041992 -1563.042162 -1563.042315 -1563.042459 -1563.042605 -1563.042762 -1563.042947 -1563.043183 -1563.043504 -1563.043965 -1563.044656 -1563.045728 -1563.047440 -1563.050252 -1563.055015 -1563.063343 -1563.078394 -1563.106497 -1563.160689 -1563.268876 -1563.494313 -1563.990580 -1565.156127 -1568.097601 -1576.212264 -1601.629362 -9999.0 -9999.0
-9999.0 -9999.0 920.688456 822.207750 723.584544 624.767343 525.845773 426.877821 327.895227 228.915282 129.947625 30.998340 -67.924468 -166.819235 -265.668688 -364.434721 -463.042498 -561.355260 -659.138133 -756.591213 -854.001047 -950.810202 -1046.766021 -1138.358253 -1220.967737 -1294.557180 -1357.623298 -1409.585989 -1450.823706 -1482.461793 -1506.039549 -1523.193253 -1535.434994 -1544.040518 -1550.020995 -1554.145949 -1556.997607 -1559.079858 -1561.142702 -1565.223142 -1577.332824 -1617.113491 -1885.219564 -3967.092891 -4034.640689 -4034.647725 -4034.491527 -4032.973012 -4026.496229 -4007.772250 -3964.839364 -3873.635697 -3770.726988 -3677.806490 -3570.814703 -3438.098147 -3274.954136 -3087.747279 -2892.371093 -2703.540995 -2488.383400 -1608.803505 -1574.602725 -1568.916591 -1564.675886 -1563.374804 -1563.097213 -1563.047851 -1563.040214 -1563.039566 -1563.039995 -1563.040504 -1563.040936 -1563.041284 -1563.041565 -1563.041796 -1563.041992 -1563.042162 -1563.042315 -1563.042459 -1563.042605 -1563.042762 -1563.042947 -1563.043183 -1563.043504 -1563.043965 -1563.044656 -1563.045728 -1563.047440 -1563.050252 -1563.055015 -1563.063343 -1563.078394 -1563.106497 -1563.160689 -1563.268876 -1563.494313 -1563.990580 -1565.156127 -1568.097601 -1576.212264 -1601.629362 -9999.0 -9999.0
-9999.0 -9999.0 920.689614 822.208370 723.584805 624.767443 525.845810 426.877834 327.895231 228.915283 129.947626 30.998340 -67.924468 -166.819235 -265.668688 -364.434721 -463.042498 -561.355260 -659.138134 -756.591213 -854.001047 -950.810202 -1046.766021 -1138.358254 -1220.967737 -1294.557180 -1357.623298 -1409.585989 -1450.823706 -1482.461793 -1506.039549 -1523.193253 -1535.434994 -1544.040518 -1550.020995 -1554.145950 -1556.997607 -1559.079858 -1561.142702 -1565.223142 -1577.332824 -1617.113491 -1885.219564 -3967.092891 -4034.640689 -4034.647725 -4034.491527 -4032.973012 -4026.496229 -4007.772250 -3964.839363 -3873.635697 -3770.726988 -3677.806489 -3570.814703 -3438.098147 -3274.954136 -3087.747278 -2892.371093 -2703.540995 -2488.383400 -1608.803505 -1574.602725 -1568.916591 -1564.675886 -1563.374804 -1563.097213 -1563.047851 -1563.040214 -1563.039566 -1563.039995 -1563.040504 -1563.040936 -1563.041284 -1563.041565 -1563.041796 -1563.041992 -1563.042162 -1563.042315 -1563.042459 -1563.042605 -1563.042762 -1563.042947 -1563.043183 -1563.043504 -1563.043965 -1563.044656 -1563.045728 -1563.047440 -1563.050252 -1563.055015 -1563.063343 -1563.078394 -1563.106497 -1563.160689 -1563.268876 -1563.494313 -1563.990580 -1565.156127 -1568.097601 -1576.212264 -1601.629362 -9999.0 -9999.0
-9999.0 -9999.0 920.689614 822.208370 723.584805 624.767442 525.845810 426.877834 327.895231 228.915283 129.947626 30.998340 -67.924468 -166.819235 -265.668688 -364.434721 -463.042498 -561.355260 -659.138134 -756.591213 -854.001047 -950.810202 -1046.766021 -1138.358254 -1220.967737 -1294.557180 -1357.623298 -1409.585989 -1450.823706 -1482.461793 -1506.039549 -1523.193253 -1535.434994 -1544.040518 -1550.020995 -1554.145950 -1556.997607 -1559.079858 -1561.142702 -1565.223142 -1577.332824 -1617.113491 -1885.219564 -3967.092891 -4034.640689 -4034.647725 -4034.491527 -4032.973012 -4026.496229 -4007.772250 -3964.839363 -3873.635697 -3770.726988 -3677.806489 -3570.814702 -3438.098147 -3274.954136 -3087.747279 -2892.371093 -2703.540995 -2488.383400 -1608.803505 -1574.602725 -1568.916591 -1564.675886 -1563.374804 -1563.097213 -1563.047851 -1563.040214 -1563.039566 -1563.039995 -1563.040504 -1563.040936 -1563.041284 -1563.041565 -1563.041796 -1563.041992 -1563.042162 -1563.042315 -1563.042459 -1563.042605 -1563.042762 -1563.042947 -1563.043183 -1563.043504 -1563.043965 -1563.044656 -1563.045728 -1563.047440 -1563.050252 -1563.055015 -1563.063343 -1563.078394 -1563.106497 -1563.160689 -1563.268876 -1563.494313 -1563.990580 -1565.156127 -1568.097601 -1576.212264 -1601.629362 -9999.0 -9999.0
-9999.0 -9999.0 920.688456 822.207750 723.584544 624.767343 525.845773 426.877821 327.895227 228.915282 129.947625 30.998340 -67.924468 -166.819235 -265.668688 -364.434721 -463.042498 -561.355260 -659.138133 -756.591213 -854.001047 -950.810202 -1046.766021 -1138.358253 -1220.967737 -1294.557180 -1357.623298 -1409.585989 -1450.823706 -1482.461793 -1506.039549 -1523.193253 -1535.434994 -1544.040518 -1550.020995 -1554.145949 -1556.997607 -1559.079858 -1561.142702 -1565.223142 -1577.332824 -1617.113491 -1885.219564 -3967.092891 -4034.640689 -4034.647725 -4034.491527 -4032.973012 -4026.496229 -4007.772250 -3964.839364 -3873.635697 -3770.726988 -3677.806489 -3570.814703 -3438.098147 -3274.954137 -3087.747279 -2892.371093 -2703.540995 -2488.383400 -1608.803505 -1574.602725 -1568.916591 -1564.675886 -1563.374804 -1563.097213 -1563.047851 -1563.040214 -1563.039566 -1563.039995 -1563.040504 -1563.040936 -1563.041284 -1563.041565 -1563.041796 -1563.041992 -1563.042162 -1563.042315 -1563.042459 -1563.042605 -1563.042762 -1563.042947 -1563.043183 -1563.043504 -1563.043965 -1563.044656 -1563.045728 -1563.047440 -1563.050252 -1563.055015 -1563.063343 -1563.078394 -1563.106497 -1563.160689 -1563.268876 -1563.494313 -1563.990580 -1565.156127 -1568.097601 -1576.212264 -1601.629362 -9999.0 -9999.0
-9999.0 -9999.0 920.685368 822.206588 723.584166 624.767219 525.845732 426.877806 327.895221 228.915279 129.947624 30.998340 -67.924468 -166.819235 -265.668688 -364.434721 -463.042498 -561.355260 -659.138133 -756.591213 -854.001046 -950.810202 -1046.766021 -1138.358253 -1220.967737 -1294.557180 -1357.623298 -1409.585989 -1450.823706 -1482.461793 -1506.039549 -1523.193253 -1535.434994 -1544.040518 -1550.020995 -1554.145949 -1556.997607 -1559.079858 -1561.142702 -1565.223142 -1577.332824 -1617.113491 -1885.219565 -3967.092891 -4034.640689 -4034.647725 -4034.491527 -4032.973012 -4026.496229 -4007.772251 -3964.839365 -3873.635698 -3770.726989 -3677.806490 -3570.814703 -3438.098148 -3274.954137 -3087.747280 -2892.371094 -2703.540996 -2488.383400 -1608.803505 -1574.602725 -1568.916591 -1564.675886 -1563.374804 -1563.097213 -1563.047851 -1563.040214 -1563.039566 -1563.039995 -1563.040504 -1563.040936 -1563.041284 -1563.041565 -1563.041796 -1563.041992 -1563.042162 -1563.042315 -1563.042459 -1563.042605 -1563.042762 -1563.042947 -1563.043183 -1563.043504 -1563.043965 -1563.044656 -1563.045728 -1563.047440 -1563.050252 -1563.055015 -1563.063343 -1563.078394 -1563.106497 -1563.160689 -1563.268876 -1563.494313 -1563.990580 -1565.156127 -1568.097601 -1576.212264 -1601.629362 -9999.0 -9999.0
-9999.0 -9999.0 -9999.0 -9999.0 -9999.0 -9999.0 -9999.0 -9999.0 -9999.0 -9999.0 -9999.0 -9999.0 -9999.0 -9999.0 -9999.0 -9999.0 -9999.0 -9999.0 -9999.0 -9999.0 -9999.0 -9999.0 -9999.0 -9999.0 -9999.0 -9999.0 -9999.0 -9999.0 -9999.0 -9999.0 -9999.0 -9999.0 -9999.0 -9999.0 -9999.0 -9999.0 -9999.0 -9999.0 -9999.0 -9999.0 -9999.0 -9999.0 -9999.0 -9999.0 -9999.0 -9999.0 -9999.0 -9999.0 -9999.0 -9999.0 -9999.0 -9999.0 -9999.0 -9999.0 -9999.0 -9999.0 -9999.0 -9999.0 -9999.0 -9999.0 -9999.0 -9999.0 -9999.0 -9999.0 -9999.0 -9999.0 -9999.0 -9999.0 -9999.0 -9999.0 -9999.0 -9999.0 -9999.0 -9999.0 -9999.0 -9999.0 -9999.0 -9999.0 -9999.0 -9999.0 -9999.0 -9999.0 -9999.0 -9999.0 -9999.0 -9999.0 -9999.0 -9999.0 -9999.0 -9999.0 -9999.0 -9999.0 -9999.0 -9999.0 -9999.0 -9999.0 -9999.0 -9999.0 -9999.0 -9999.0 -9999.0 -9999.0 -9999.0 -9999.0
-9999.0 -9999.0 -9999.0 -9999.0 -9999.0 -9999.0 -9999.0 -9999.0 -9999.0 -9999.0 -9999.0 -9999.0 -9999.0 -9999.0 -9999.0 -9999.0 -9999.0 -9999.0 -9999.0 -9999.0 -9999.0 -9999.0 -9999.0 -9999.0 -9999.0 -9999.0 -9999.0 -9999.0 -9999.0 -9999.0 -9999.0 -9999.0 -9999.0 -9999.0 -9999.0 -9999.0 -9999.0 -9999.0 -9999.0 -9999.0 -9999.0 -9999.0 -9999.0 -9999.0 -9999.0 -9999.0 -9999.0 -9999.0 -9999.0 -9999.0 -9999.0 -9999.0 -9999.0 -9999.0 -9999.0 -9999.0 -9999.0 -9999.0 -9999.0 -9999.0 -9999.0 -9999.0 -9999.0 -9999.0 -9999.0 -9999.0 -9999.0 -9999.0 -9999.0 -9999.0 -9999.0 -9999.0 -9999.0 -9999.0 -9999.0 -9999.0 -9999.0 -9999.0 -9999.0 -9999.0 -9999.0 -9999.0 -9999.0 -9999.0 -9999.0 -9999.0 -9999.0 -9999.0 -9999.0 -9999.0 -9999.0 -9999.0 -9999.0 -9999.0 -9999.0 -9999.0 -9999.0 -9999.0 -9999.0 -9999.0 -9999.0 -9999.0 -9999.0 -9999.0