inst/processing_geotop_simulation/geotop_simulation/out/maps3D/PwL0018N0139.asc
ncols         104
nrows         10
xllcorner     -2.000000
yllcorner     0.000000
cellsize      1.000000
NODATA_value  -9999.0
-9999.0 -9999.0 -9999.0 -9999.0 -9999.0 -9999.0 -9999.0 -9999.0 -9999.0 -9999.0 -9999.0 -9999.0 -9999.0 -9999.0 -9999.0 -9999.0 -9999.0 -9999.0 -9999.0 -9999.0 -9999.0 -9999.0 -9999.0 -9999.0 -9999.0 -9999.0 -9999.0 -9999.0 -9999.0 -9999.0 -9999.0 -9999.0 -9999.0 -9999.0 -9999.0 -9999.0 -9999.0 -9999.0 -9999.0 -9999.0 -9999.0 -9999.0 -9999.0 -9999.0 -9999.0 -9999.0 -9999.0 -9999.0 -9999.0 -9999.0 -9999.0 -9999.0 -9999.0 -9999.0 -9999.0 -9999.0 -9999.0 -9999.0 -9999.0 -9999.0 -9999.0 -9999.0 -9999.0 -9999.0 -9999.0 -9999.0 -9999.0 -9999.0 -9999.0 -9999.0 -9999.0 -9999.0 -9999.0 -9999.0 -9999.0 -9999.0 -9999.0 -9999.0 -9999.0 -9999.0 -9999.0 -9999.0 -9999.0 -9999.0 -9999.0 -9999.0 -9999.0 -9999.0 -9999.0 -9999.0 -9999.0 -9999.0 -9999.0 -9999.0 -9999.0 -9999.0 -9999.0 -9999.0 -9999.0 -9999.0 -9999.0 -9999.0 -9999.0 -9999.0
-9999.0 -9999.0 -9999.0 -9999.0 -9999.0 -9999.0 -9999.0 -9999.0 -9999.0 -9999.0 -9999.0 -9999.0 -9999.0 -9999.0 -9999.0 -9999.0 -9999.0 -9999.0 -9999.0 -9999.0 -9999.0 -9999.0 -9999.0 -9999.0 -9999.0 -9999.0 -9999.0 -9999.0 -9999.0 -9999.0 -9999.0 -9999.0 -9999.0 -9999.0 -9999.0 -9999.0 -9999.0 -9999.0 -9999.0 -9999.0 -9999.0 -9999.0 -9999.0 -9999.0 -9999.0 -9999.0 -9999.0 -9999.0 -9999.0 -9999.0 -9999.0 -9999.0 -9999.0 -9999.0 -9999.0 -9999.0 -9999.0 -9999.0 -9999.0 -9999.0 -9999.0 -9999.0 -9999.0 -9999.0 -9999.0 -9999.0 -9999.0 -9999.0 -9999.0 -9999.0 -9999.0 -9999.0 -9999.0 -9999.0 -9999.0 -9999.0 -9999.0 -9999.0 -9999.0 -9999.0 -9999.0 -9999.0 -9999.0 -9999.0 -9999.0 -9999.0 -9999.0 -9999.0 -9999.0 -9999.0 -9999.0 -9999.0 -9999.0 -9999.0 -9999.0 -9999.0 -9999.0 -9999.0 -9999.0 -9999.0 -9999.0 -9999.0 -9999.0 -9999.0
-9999.0 -9999.0 887.002682 793.919084 700.049569 605.272389 510.016824 414.546475 319.003028 223.462751 127.967500 32.542174 -62.781913 -157.995776 -253.046187 -347.847089 -442.275631 -536.093069 -628.569804 -720.377629 -810.700062 -899.177321 -985.392555 -1051.534488 -1103.741248 -1142.522442 -1169.851219 -1188.290473 -1200.302596 -1207.907925 -1212.615268 -1215.478509 -1217.198469 -1218.224108 -1218.834577 -1219.201997 -1219.438994 -1219.648344 -1220.093303 -1222.312984 -1235.379053 -1323.818314 -2032.840485 -4069.084958 -4084.157779 -4084.158416 -4084.158415 -4084.158400 -4084.158315 -4084.157986 -4084.156953 -4084.153561 -4084.147376 -4084.138797 -4084.123636 -4084.092159 -4084.017415 -4083.819897 -4083.254156 -4081.514615 -4048.666451 -1863.661000 -1288.658934 -1229.674807 -1221.282559 -1220.136415 -1219.979491 -1219.956356 -1219.953615 -1219.954336 -1219.955486 -1219.956487 -1219.957268 -1219.957863 -1219.958319 -1219.958673 -1219.958955 -1219.959182 -1219.959372 -1219.959541 -1219.959705 -1219.959887 -1219.960115 -1219.960429 -1219.960893 -1219.961604 -1219.962722 -1219.964508 -1219.967407 -1219.972193 -1219.980265 -1219.994233 -1220.019125 -1220.064841 -1220.151212 -1220.318634 -1220.652218 -1221.343612 -1222.865537 -1226.471771 -1235.628266 -1261.229986 -9999.0 -9999.0
-9999.0 -9999.0 887.006556 793.920509 700.050026 605.272537 510.016873 414.546491 319.003034 223.462752 127.967501 32.542174 -62.781913 -157.995776 -253.046188 -347.847089 -442.275631 -536.093069 -628.569804 -720.377629 -810.700063 -899.177321 -985.392556 -1051.534488 -1103.741248 -1142.522442 -1169.851219 -1188.290473 -1200.302596 -1207.907925 -1212.615268 -1215.478509 -1217.198469 -1218.224108 -1218.834577 -1219.201997 -1219.438994 -1219.648344 -1220.093303 -1222.312984 -1235.379053 -1323.818314 -2032.840485 -4069.084958 -4084.157779 -4084.158416 -4084.158415 -4084.158400 -4084.158315 -4084.157986 -4084.156953 -4084.153561 -4084.147376 -4084.138797 -4084.123636 -4084.092159 -4084.017415 -4083.819897 -4083.254156 -4081.514615 -4048.666451 -1863.661000 -1288.658934 -1229.674807 -1221.282559 -1220.136415 -1219.979491 -1219.956356 -1219.953615 -1219.954336 -1219.955486 -1219.956487 -1219.957268 -1219.957863 -1219.958319 -1219.958673 -1219.958955 -1219.959182 -1219.959372 -1219.959541 -1219.959705 -1219.959887 -1219.960115 -1219.960429 -1219.960893 -1219.961604 -1219.962722 -1219.964508 -1219.967407 -1219.972193 -1219.980265 -1219.994233 -1220.019125 -1220.064841 -1220.151212 -1220.318634 -1220.652218 -1221.343612 -1222.865537 -1226.471771 -1235.628266 -1261.229986 -9999.0 -9999.0
-9999.0 -9999.0 887.007952 793.921253 700.050338 605.272656 510.016917 414.546507 319.003040 223.462755 127.967502 32.542174 -62.781913 -157.995776 -253.046188 -347.847089 -442.275631 -536.093069 -628.569804 -720.377629 -810.700063 -899.177321 -985.392556 -1051.534488 -1103.741248 -1142.522442 -1169.851219 -1188.290474 -1200.302596 -1207.907925 -1212.615268 -1215.478509 -1217.198469 -1218.224108 -1218.834577 -1219.201997 -1219.438994 -1219.648344 -1220.093303 -1222.312984 -1235.379053 -1323.818314 -2032.840485 -4069.084958 -4084.157779 -4084.158416 -4084.158415 -4084.158400 -4084.158315 -4084.157986 -4084.156953 -4084.153561 -4084.147376 -4084.138797 -4084.123636 -4084.092159 -4084.017415 -4083.819897 -4083.254156 -4081.514615 -4048.666451 -1863.661000 -1288.658934 -1229.674807 -1221.282559 -1220.136415 -1219.979491 -1219.956356 -1219.953615 -1219.954336 -1219.955486 -1219.956487 -1219.957268 -1219.957863 -1219.958319 -1219.958673 -1219.958955 -1219.959182 -1219.959372 -1219.959541 -1219.959705 -1219.959887 -1219.960115 -1219.960429 -1219.960893 -1219.961604 -1219.962722 -1219.964508 -1219.967407 -1219.972193 -1219.980265 -1219.994233 -1220.019125 -1220.064841 -1220.151212 -1220.318634 -1220.652218 -1221.343612 -1222.865537 -1226.471771 -1235.628266 -1261.229986 -9999.0 -9999.0
-9999.0 -9999.0 887.007953 793.921253 700.050339 605.272656 510.016917 414.546507 319.003040 223.462754 127.967502 32.542174 -62.781913 -157.995776 -253.046188 -347.847089 -442.275631 -536.093069 -628.569805 -720.377629 -810.700063 -899.177321 -985.392556 -1051.534488 -1103.741248 -1142.522442 -1169.851219 -1188.290474 -1200.302596 -1207.907925 -1212.615268 -1215.478509 -1217.198469 -1218.224108 -1218.834577 -1219.201997 -1219.438994 -1219.648344 -1220.093303 -1222.312984 -1235.379053 -1323.818314 -2032.840485 -4069.084958 -4084.157779 -4084.158416 -4084.158415 -4084.158400 -4084.158315 -4084.157986 -4084.156953 -4084.153561 -4084.147376 -4084.138797 -4084.123636 -4084.092159 -4084.017415 -4083.819897 -4083.254156 -4081.514615 -4048.666451 -1863.661000 -1288.658934 -1229.674807 -1221.282559 -1220.136415 -1219.979491 -1219.956356 -1219.953615 -1219.954336 -1219.955486 -1219.956487 -1219.957268 -1219.957863 -1219.958319 -1219.958673 -1219.958955 -1219.959182 -1219.959372 -1219.959541 -1219.959705 -1219.959887 -1219.960115 -1219.960429 -1219.960893 -1219.961604 -1219.962722 -1219.964508 -1219.967407 -1219.972193 -1219.980265 -1219.994233 -1220.019125 -1220.064841 -1220.151212 -1220.318634 -1220.652218 -1221.343612 -1222.865537 -1226.471771 -1235.628266 -1261.229986 -9999.0 -9999.0
-9999.0 -9999.0 887.006556 793.920509 700.050026 605.272537 510.016873 414.546492 319.003034 223.462753 127.967501 32.542174 -62.781913 -157.995776 -253.046188 -347.847089 -442.275631 -536.093069 -628.569804 -720.377629 -810.700063 -899.177321 -985.392556 -1051.534488 -1103.741248 -1142.522442 -1169.851219 -1188.290473 -1200.302596 -1207.907925 -1212.615268 -1215.478509 -1217.198469 -1218.224108 -1218.834577 -1219.201997 -1219.438994 -1219.648344 -1220.093303 -1222.312984 -1235.379053 -1323.818314 -2032.840485 -4069.084958 -4084.157779 -4084.158416 -4084.158415 -4084.158400 -4084.158315 -4084.157986 -4084.156953 -4084.153561 -4084.147376 -4084.138797 -4084.123636 -4084.092159 -4084.017415 -4083.819897 -4083.254156 -4081.514615 -4048.666451 -1863.661000 -1288.658934 -1229.674807 -1221.282559 -1220.136415 -1219.979491 -1219.956356 -1219.953615 -1219.954336 -1219.955486 -1219.956487 -1219.957268 -1219.957863 -1219.958319 -1219.958673 -1219.958955 -1219.959182 -1219.959372 -1219.959541 -1219.959705 -1219.959887 -1219.960115 -1219.960429 -1219.960893 -1219.961604 -1219.962722 -1219.964508 -1219.967407 -1219.972193 -1219.980265 -1219.994233 -1220.019125 -1220.064841 -1220.151212 -1220.318634 -1220.652218 -1221.343612 -1222.865537 -1226.471771 -1235.628266 -1261.229986 -9999.0 -9999.0
-9999.0 -9999.0 887.002682 793.919084 700.049569 605.272389 510.016824 414.546475 319.003028 223.462750 127.967500 32.542174 -62.781913 -157.995776 -253.046187 -347.847089 -442.275631 -536.093069 -628.569804 -720.377628 -810.700062 -899.177321 -985.392555 -1051.534488 -1103.741248 -1142.522442 -1169.851219 -1188.290473 -1200.302596 -1207.907925 -1212.615268 -1215.478509 -1217.198469 -1218.224108 -1218.834577 -1219.201997 -1219.438994 -1219.648344 -1220.093303 -1222.312984 -1235.379053 -1323.818314 -2032.840485 -4069.084958 -4084.157779 -4084.158416 -4084.158415 -4084.158400 -4084.158315 -4084.157986 -4084.156953 -4084.153561 -4084.147376 -4084.138797 -4084.123636 -4084.092159 -4084.017415 -4083.819897 -4083.254156 -4081.514615 -4048.666451 -1863.661000 -1288.658934 -1229.674807 -1221.282559 -1220.136415 -1219.979491 -1219.956356 -1219.953615 -1219.954336 -1219.955486 -1219.956487 -1219.957268 -1219.957863 -1219.958319 -1219.958673 -1219.958955 -1219.959182 -1219.959372 -1219.959541 -1219.959705 -1219.959887 -1219.960115 -1219.960429 -1219.960893 -1219.961604 -1219.962722 -1219.964508 -1219.967407 -1219.972193 -1219.980265 -1219.994233 -1220.019125 -1220.064841 -1220.151212 -1220.318634 -1220.652218 -1221.343612 -1222.865537 -1226.471771 -1235.628266 -1261.229986 -9999.0 -9999.0
-9999.0 -9999.0 -9999.0 -9999.0 -9999.0 -9999.0 -9999.0 -9999.0 -9999.0 -9999.0 -9999.0 -9999.0 -9999.0 -9999.0 -9999.0 -9999.0 -9999.0 -9999.0 -9999.0 -9999.0 -9999.0 -9999.0 -9999.0 -9999.0 -9999.0 -9999.0 -9999.0 -9999.0 -9999.0 -9999.0 -9999.0 -9999.0 -9999.0 -9999.0 -9999.0 -9999.0 -9999.0 -9999.0 -9999.0 -9999.0 -9999.0 -9999.0 -9999.0 -9999.0 -9999.0 -9999.0 -9999.0 -9999.0 -9999.0 -9999.0 -9999.0 -9999.0 -9999.0 -9999.0 -9999.0 -9999.0 -9999.0 -9999.0 -9999.0 -9999.0 -9999.0 -9999.0 -9999.0 -9999.0 -9999.0 -9999.0 -9999.0 -9999.0 -9999.0 -9999.0 -9999.0 -9999.0 -9999.0 -9999.0 -9999.0 -9999.0 -9999.0 -9999.0 -9999.0 -9999.0 -9999.0 -9999.0 -9999.0 -9999.0 -9999.0 -9999.0 -9999.0 -9999.0 -9999.0 -9999.0 -9999.0 -9999.0 -9999.0 -9999.0 -9999.0 -9999.0 -9999.0 -9999.0 -9999.0 -9999.0 -9999.0 -9999.0 -9999.0 -9999.0
-9999.0 -9999.0 -9999.0 -9999.0 -9999.0 -9999.0 -9999.0 -9999.0 -9999.0 -9999.0 -9999.0 -9999.0 -9999.0 -9999.0 -9999.0 -9999.0 -9999.0 -9999.0 -9999.0 -9999.0 -9999.0 -9999.0 -9999.0 -9999.0 -9999.0 -9999.0 -9999.0 -9999.0 -9999.0 -9999.0 -9999.0 -9999.0 -9999.0 -9999.0 -9999.0 -9999.0 -9999.0 -9999.0 -9999.0 -9999.0 -9999.0 -9999.0 -9999.0 -9999.0 -9999.0 -9999.0 -9999.0 -9999.0 -9999.0 -9999.0 -9999.0 -9999.0 -9999.0 -9999.0 -9999.0 -9999.0 -9999.0 -9999.0 -9999.0 -9999.0 -9999.0 -9999.0 -9999.0 -9999.0 -9999.0 -9999.0 -9999.0 -9999.0 -9999.0 -9999.0 -9999.0 -9999.0 -9999.0 -9999.0 -9999.0 -9999.0 -9999.0 -9999.0 -9999.0 -9999.0 -9999.0 -9999.0 -9999.0 -9999.0 -9999.0 -9999.0 -9999.0 -9999.0 -9999.0 -9999.0 -9999.0 -9999.0 -9999.0 -9999.0 -9999.0 -9999.0 -9999.0 -9999.0 -9999.0 -9999.0 -9999.0 -9999.0 -9999.0 -9999.0