inst/processing_geotop_simulation/geotop_simulation/out/maps3D/PwL0008N0033.asc
ncols         104
nrows         10
xllcorner     -2.000000
yllcorner     0.000000
cellsize      1.000000
NODATA_value  -9999.0
-9999.0 -9999.0 -9999.0 -9999.0 -9999.0 -9999.0 -9999.0 -9999.0 -9999.0 -9999.0 -9999.0 -9999.0 -9999.0 -9999.0 -9999.0 -9999.0 -9999.0 -9999.0 -9999.0 -9999.0 -9999.0 -9999.0 -9999.0 -9999.0 -9999.0 -9999.0 -9999.0 -9999.0 -9999.0 -9999.0 -9999.0 -9999.0 -9999.0 -9999.0 -9999.0 -9999.0 -9999.0 -9999.0 -9999.0 -9999.0 -9999.0 -9999.0 -9999.0 -9999.0 -9999.0 -9999.0 -9999.0 -9999.0 -9999.0 -9999.0 -9999.0 -9999.0 -9999.0 -9999.0 -9999.0 -9999.0 -9999.0 -9999.0 -9999.0 -9999.0 -9999.0 -9999.0 -9999.0 -9999.0 -9999.0 -9999.0 -9999.0 -9999.0 -9999.0 -9999.0 -9999.0 -9999.0 -9999.0 -9999.0 -9999.0 -9999.0 -9999.0 -9999.0 -9999.0 -9999.0 -9999.0 -9999.0 -9999.0 -9999.0 -9999.0 -9999.0 -9999.0 -9999.0 -9999.0 -9999.0 -9999.0 -9999.0 -9999.0 -9999.0 -9999.0 -9999.0 -9999.0 -9999.0 -9999.0 -9999.0 -9999.0 -9999.0 -9999.0 -9999.0
-9999.0 -9999.0 -9999.0 -9999.0 -9999.0 -9999.0 -9999.0 -9999.0 -9999.0 -9999.0 -9999.0 -9999.0 -9999.0 -9999.0 -9999.0 -9999.0 -9999.0 -9999.0 -9999.0 -9999.0 -9999.0 -9999.0 -9999.0 -9999.0 -9999.0 -9999.0 -9999.0 -9999.0 -9999.0 -9999.0 -9999.0 -9999.0 -9999.0 -9999.0 -9999.0 -9999.0 -9999.0 -9999.0 -9999.0 -9999.0 -9999.0 -9999.0 -9999.0 -9999.0 -9999.0 -9999.0 -9999.0 -9999.0 -9999.0 -9999.0 -9999.0 -9999.0 -9999.0 -9999.0 -9999.0 -9999.0 -9999.0 -9999.0 -9999.0 -9999.0 -9999.0 -9999.0 -9999.0 -9999.0 -9999.0 -9999.0 -9999.0 -9999.0 -9999.0 -9999.0 -9999.0 -9999.0 -9999.0 -9999.0 -9999.0 -9999.0 -9999.0 -9999.0 -9999.0 -9999.0 -9999.0 -9999.0 -9999.0 -9999.0 -9999.0 -9999.0 -9999.0 -9999.0 -9999.0 -9999.0 -9999.0 -9999.0 -9999.0 -9999.0 -9999.0 -9999.0 -9999.0 -9999.0 -9999.0 -9999.0 -9999.0 -9999.0 -9999.0 -9999.0
-9999.0 -9999.0 -567.543389 -553.545080 -547.524639 -551.330214 -558.845937 -565.537626 -570.345958 -574.380749 -573.728282 -571.882122 -564.417874 -545.274797 -465.526679 -308.151835 -184.636954 -73.552056 -42.814007 -102.621367 -166.711958 -231.855290 -295.579965 -356.280339 -411.375020 -459.148286 -497.633299 -526.190375 -545.588277 -557.773502 -564.977468 -569.042717 -571.256121 -572.415853 -572.979044 -573.179022 -573.103160 -573.238775 -575.430725 -574.450009 -566.457495 -582.089129 -2544.876613 -4512.829688 -4364.691119 -4174.593983 -4051.097054 -4035.693610 -4034.064449 -4033.912658 -4033.911337 -4033.924827 -4033.939043 -4033.952958 -4033.972188 -4034.054999 -4034.775165 -4041.179570 -4095.168149 -4200.741644 -4343.038632 -2404.655626 -588.416775 -582.920413 -576.411005 -574.508882 -574.134479 -574.078675 -574.086950 -574.106284 -574.124367 -574.138769 -574.149729 -574.158069 -574.164503 -574.169547 -574.173588 -574.176876 -574.179597 -574.181952 -574.184180 -574.186534 -574.189357 -574.193132 -574.198573 -574.206794 -574.219561 -574.239745 -574.272067 -574.324482 -574.410818 -574.555914 -574.806100 -575.250772 -576.066639 -577.606178 -580.565729 -586.279761 -597.171099 -617.325449 -653.452532 -716.232114 -9999.0 -9999.0
-9999.0 -9999.0 -567.543061 -553.544707 -547.524397 -551.330117 -558.845914 -565.537629 -570.345965 -574.380756 -573.728282 -571.882122 -564.417874 -545.274797 -465.526679 -308.151835 -184.636954 -73.552056 -42.814007 -102.621367 -166.711958 -231.855290 -295.579965 -356.280339 -411.375020 -459.148286 -497.633299 -526.190375 -545.588277 -557.773502 -564.977468 -569.042717 -571.256121 -572.415853 -572.979044 -573.179022 -573.103160 -573.238775 -575.430725 -574.450009 -566.457495 -582.089129 -2544.876612 -4512.829688 -4364.691116 -4174.593974 -4051.097055 -4035.693610 -4034.064449 -4033.912658 -4033.911337 -4033.924827 -4033.939043 -4033.952958 -4033.972188 -4034.054999 -4034.775165 -4041.179570 -4095.168148 -4200.741644 -4343.038632 -2404.655626 -588.416775 -582.920413 -576.411005 -574.508882 -574.134479 -574.078675 -574.086950 -574.106284 -574.124367 -574.138769 -574.149729 -574.158069 -574.164503 -574.169547 -574.173588 -574.176876 -574.179597 -574.181952 -574.184180 -574.186534 -574.189357 -574.193132 -574.198573 -574.206794 -574.219561 -574.239745 -574.272067 -574.324482 -574.410818 -574.555914 -574.806100 -575.250772 -576.066639 -577.606178 -580.565729 -586.279761 -597.171099 -617.325449 -653.452532 -716.232114 -9999.0 -9999.0
-9999.0 -9999.0 -567.542905 -553.544522 -547.524252 -551.330049 -558.845898 -565.537633 -570.345973 -574.380762 -573.728283 -571.882122 -564.417874 -545.274797 -465.526679 -308.151835 -184.636954 -73.552056 -42.814007 -102.621367 -166.711958 -231.855290 -295.579965 -356.280339 -411.375020 -459.148286 -497.633299 -526.190375 -545.588277 -557.773502 -564.977468 -569.042717 -571.256121 -572.415853 -572.979044 -573.179022 -573.103160 -573.238775 -575.430725 -574.450009 -566.457495 -582.089129 -2544.876612 -4512.829688 -4364.691116 -4174.593970 -4051.097055 -4035.693610 -4034.064449 -4033.912658 -4033.911337 -4033.924827 -4033.939043 -4033.952959 -4033.972188 -4034.054999 -4034.775165 -4041.179570 -4095.168148 -4200.741644 -4343.038632 -2404.655626 -588.416775 -582.920413 -576.411005 -574.508882 -574.134479 -574.078675 -574.086950 -574.106284 -574.124367 -574.138769 -574.149729 -574.158069 -574.164503 -574.169547 -574.173588 -574.176876 -574.179597 -574.181952 -574.184180 -574.186534 -574.189357 -574.193132 -574.198573 -574.206794 -574.219561 -574.239745 -574.272067 -574.324482 -574.410818 -574.555914 -574.806100 -575.250772 -576.066639 -577.606178 -580.565729 -586.279761 -597.171099 -617.325449 -653.452532 -716.232114 -9999.0 -9999.0
-9999.0 -9999.0 -567.542905 -553.544522 -547.524252 -551.330049 -558.845898 -565.537633 -570.345973 -574.380762 -573.728283 -571.882122 -564.417874 -545.274797 -465.526679 -308.151835 -184.636954 -73.552056 -42.814007 -102.621367 -166.711958 -231.855290 -295.579965 -356.280339 -411.375020 -459.148286 -497.633299 -526.190375 -545.588277 -557.773502 -564.977468 -569.042717 -571.256121 -572.415853 -572.979044 -573.179022 -573.103160 -573.238775 -575.430725 -574.450009 -566.457495 -582.089129 -2544.876612 -4512.829688 -4364.691116 -4174.593970 -4051.097055 -4035.693610 -4034.064449 -4033.912658 -4033.911337 -4033.924827 -4033.939043 -4033.952959 -4033.972188 -4034.054999 -4034.775165 -4041.179570 -4095.168148 -4200.741644 -4343.038632 -2404.655626 -588.416775 -582.920413 -576.411005 -574.508882 -574.134479 -574.078675 -574.086950 -574.106284 -574.124367 -574.138769 -574.149729 -574.158069 -574.164503 -574.169547 -574.173588 -574.176876 -574.179597 -574.181952 -574.184180 -574.186534 -574.189357 -574.193132 -574.198573 -574.206794 -574.219561 -574.239745 -574.272067 -574.324482 -574.410818 -574.555914 -574.806100 -575.250772 -576.066639 -577.606178 -580.565729 -586.279761 -597.171099 -617.325449 -653.452532 -716.232114 -9999.0 -9999.0
-9999.0 -9999.0 -567.543061 -553.544707 -547.524397 -551.330117 -558.845914 -565.537629 -570.345965 -574.380756 -573.728282 -571.882122 -564.417874 -545.274797 -465.526679 -308.151835 -184.636954 -73.552056 -42.814007 -102.621367 -166.711958 -231.855290 -295.579965 -356.280339 -411.375020 -459.148286 -497.633299 -526.190375 -545.588277 -557.773502 -564.977468 -569.042717 -571.256121 -572.415853 -572.979044 -573.179022 -573.103160 -573.238775 -575.430725 -574.450009 -566.457495 -582.089129 -2544.876612 -4512.829688 -4364.691116 -4174.593974 -4051.097055 -4035.693610 -4034.064449 -4033.912658 -4033.911337 -4033.924827 -4033.939043 -4033.952958 -4033.972188 -4034.054999 -4034.775165 -4041.179570 -4095.168148 -4200.741644 -4343.038632 -2404.655626 -588.416775 -582.920413 -576.411005 -574.508882 -574.134479 -574.078675 -574.086950 -574.106284 -574.124367 -574.138769 -574.149729 -574.158069 -574.164503 -574.169547 -574.173588 -574.176876 -574.179597 -574.181952 -574.184180 -574.186534 -574.189357 -574.193132 -574.198573 -574.206794 -574.219561 -574.239745 -574.272067 -574.324482 -574.410818 -574.555914 -574.806100 -575.250772 -576.066639 -577.606178 -580.565729 -586.279761 -597.171099 -617.325449 -653.452532 -716.232114 -9999.0 -9999.0
-9999.0 -9999.0 -567.543389 -553.545080 -547.524639 -551.330214 -558.845937 -565.537626 -570.345958 -574.380749 -573.728282 -571.882122 -564.417874 -545.274797 -465.526679 -308.151835 -184.636954 -73.552056 -42.814007 -102.621367 -166.711958 -231.855290 -295.579965 -356.280339 -411.375020 -459.148286 -497.633299 -526.190375 -545.588277 -557.773502 -564.977468 -569.042717 -571.256121 -572.415853 -572.979044 -573.179022 -573.103160 -573.238775 -575.430725 -574.450009 -566.457495 -582.089129 -2544.876613 -4512.829688 -4364.691119 -4174.593983 -4051.097054 -4035.693610 -4034.064449 -4033.912658 -4033.911337 -4033.924827 -4033.939043 -4033.952958 -4033.972188 -4034.054999 -4034.775165 -4041.179570 -4095.168149 -4200.741644 -4343.038632 -2404.655626 -588.416775 -582.920413 -576.411005 -574.508882 -574.134479 -574.078675 -574.086950 -574.106284 -574.124367 -574.138769 -574.149729 -574.158069 -574.164503 -574.169547 -574.173588 -574.176876 -574.179597 -574.181952 -574.184180 -574.186534 -574.189357 -574.193132 -574.198573 -574.206794 -574.219561 -574.239745 -574.272067 -574.324482 -574.410818 -574.555914 -574.806100 -575.250772 -576.066639 -577.606178 -580.565729 -586.279761 -597.171099 -617.325449 -653.452532 -716.232114 -9999.0 -9999.0
-9999.0 -9999.0 -9999.0 -9999.0 -9999.0 -9999.0 -9999.0 -9999.0 -9999.0 -9999.0 -9999.0 -9999.0 -9999.0 -9999.0 -9999.0 -9999.0 -9999.0 -9999.0 -9999.0 -9999.0 -9999.0 -9999.0 -9999.0 -9999.0 -9999.0 -9999.0 -9999.0 -9999.0 -9999.0 -9999.0 -9999.0 -9999.0 -9999.0 -9999.0 -9999.0 -9999.0 -9999.0 -9999.0 -9999.0 -9999.0 -9999.0 -9999.0 -9999.0 -9999.0 -9999.0 -9999.0 -9999.0 -9999.0 -9999.0 -9999.0 -9999.0 -9999.0 -9999.0 -9999.0 -9999.0 -9999.0 -9999.0 -9999.0 -9999.0 -9999.0 -9999.0 -9999.0 -9999.0 -9999.0 -9999.0 -9999.0 -9999.0 -9999.0 -9999.0 -9999.0 -9999.0 -9999.0 -9999.0 -9999.0 -9999.0 -9999.0 -9999.0 -9999.0 -9999.0 -9999.0 -9999.0 -9999.0 -9999.0 -9999.0 -9999.0 -9999.0 -9999.0 -9999.0 -9999.0 -9999.0 -9999.0 -9999.0 -9999.0 -9999.0 -9999.0 -9999.0 -9999.0 -9999.0 -9999.0 -9999.0 -9999.0 -9999.0 -9999.0 -9999.0
-9999.0 -9999.0 -9999.0 -9999.0 -9999.0 -9999.0 -9999.0 -9999.0 -9999.0 -9999.0 -9999.0 -9999.0 -9999.0 -9999.0 -9999.0 -9999.0 -9999.0 -9999.0 -9999.0 -9999.0 -9999.0 -9999.0 -9999.0 -9999.0 -9999.0 -9999.0 -9999.0 -9999.0 -9999.0 -9999.0 -9999.0 -9999.0 -9999.0 -9999.0 -9999.0 -9999.0 -9999.0 -9999.0 -9999.0 -9999.0 -9999.0 -9999.0 -9999.0 -9999.0 -9999.0 -9999.0 -9999.0 -9999.0 -9999.0 -9999.0 -9999.0 -9999.0 -9999.0 -9999.0 -9999.0 -9999.0 -9999.0 -9999.0 -9999.0 -9999.0 -9999.0 -9999.0 -9999.0 -9999.0 -9999.0 -9999.0 -9999.0 -9999.0 -9999.0 -9999.0 -9999.0 -9999.0 -9999.0 -9999.0 -9999.0 -9999.0 -9999.0 -9999.0 -9999.0 -9999.0 -9999.0 -9999.0 -9999.0 -9999.0 -9999.0 -9999.0 -9999.0 -9999.0 -9999.0 -9999.0 -9999.0 -9999.0 -9999.0 -9999.0 -9999.0 -9999.0 -9999.0 -9999.0 -9999.0 -9999.0 -9999.0 -9999.0 -9999.0 -9999.0