inst/processing_geotop_simulation/geotop_simulation/out/maps3D/PwL0012N0095.asc
ncols         104
nrows         10
xllcorner     -2.000000
yllcorner     0.000000
cellsize      1.000000
NODATA_value  -9999.0
-9999.0 -9999.0 -9999.0 -9999.0 -9999.0 -9999.0 -9999.0 -9999.0 -9999.0 -9999.0 -9999.0 -9999.0 -9999.0 -9999.0 -9999.0 -9999.0 -9999.0 -9999.0 -9999.0 -9999.0 -9999.0 -9999.0 -9999.0 -9999.0 -9999.0 -9999.0 -9999.0 -9999.0 -9999.0 -9999.0 -9999.0 -9999.0 -9999.0 -9999.0 -9999.0 -9999.0 -9999.0 -9999.0 -9999.0 -9999.0 -9999.0 -9999.0 -9999.0 -9999.0 -9999.0 -9999.0 -9999.0 -9999.0 -9999.0 -9999.0 -9999.0 -9999.0 -9999.0 -9999.0 -9999.0 -9999.0 -9999.0 -9999.0 -9999.0 -9999.0 -9999.0 -9999.0 -9999.0 -9999.0 -9999.0 -9999.0 -9999.0 -9999.0 -9999.0 -9999.0 -9999.0 -9999.0 -9999.0 -9999.0 -9999.0 -9999.0 -9999.0 -9999.0 -9999.0 -9999.0 -9999.0 -9999.0 -9999.0 -9999.0 -9999.0 -9999.0 -9999.0 -9999.0 -9999.0 -9999.0 -9999.0 -9999.0 -9999.0 -9999.0 -9999.0 -9999.0 -9999.0 -9999.0 -9999.0 -9999.0 -9999.0 -9999.0 -9999.0 -9999.0
-9999.0 -9999.0 -9999.0 -9999.0 -9999.0 -9999.0 -9999.0 -9999.0 -9999.0 -9999.0 -9999.0 -9999.0 -9999.0 -9999.0 -9999.0 -9999.0 -9999.0 -9999.0 -9999.0 -9999.0 -9999.0 -9999.0 -9999.0 -9999.0 -9999.0 -9999.0 -9999.0 -9999.0 -9999.0 -9999.0 -9999.0 -9999.0 -9999.0 -9999.0 -9999.0 -9999.0 -9999.0 -9999.0 -9999.0 -9999.0 -9999.0 -9999.0 -9999.0 -9999.0 -9999.0 -9999.0 -9999.0 -9999.0 -9999.0 -9999.0 -9999.0 -9999.0 -9999.0 -9999.0 -9999.0 -9999.0 -9999.0 -9999.0 -9999.0 -9999.0 -9999.0 -9999.0 -9999.0 -9999.0 -9999.0 -9999.0 -9999.0 -9999.0 -9999.0 -9999.0 -9999.0 -9999.0 -9999.0 -9999.0 -9999.0 -9999.0 -9999.0 -9999.0 -9999.0 -9999.0 -9999.0 -9999.0 -9999.0 -9999.0 -9999.0 -9999.0 -9999.0 -9999.0 -9999.0 -9999.0 -9999.0 -9999.0 -9999.0 -9999.0 -9999.0 -9999.0 -9999.0 -9999.0 -9999.0 -9999.0 -9999.0 -9999.0 -9999.0 -9999.0
-9999.0 -9999.0 585.815014 494.587800 401.037156 306.189070 210.772391 115.128042 19.426475 -76.233531 -171.889446 -267.974759 -365.521948 -466.138393 -572.328176 -688.802470 -805.099764 -907.427845 -1002.994962 -1087.093526 -1127.430122 -1143.107122 -1146.653902 -1145.838671 -1144.334901 -1143.470258 -1143.451635 -1144.051965 -1144.962383 -1145.940859 -1146.843170 -1147.604290 -1148.209707 -1148.671189 -1149.011124 -1149.255785 -1149.439444 -1149.615996 -1149.881653 -1150.996595 -1159.955783 -1238.907910 -2123.047607 -4371.758963 -4381.123276 -4381.021701 -4380.926864 -4380.912225 -4380.910720 -4380.910837 -4380.911173 -4380.911534 -4380.911879 -4380.912199 -4380.912494 -4380.912834 -4380.913897 -4380.921708 -4380.975787 -4381.059884 -4366.400110 -2011.745157 -1214.574231 -1156.850362 -1150.758394 -1150.055767 -1149.950906 -1149.933118 -1149.931739 -1149.933413 -1149.935308 -1149.936871 -1149.938068 -1149.938973 -1149.939663 -1149.940197 -1149.940619 -1149.940959 -1149.941241 -1149.941489 -1149.941728 -1149.941990 -1149.942318 -1149.942769 -1149.943433 -1149.944452 -1149.946050 -1149.948597 -1149.952714 -1149.959471 -1149.970779 -1149.990166 -1150.024368 -1150.086566 -1150.202963 -1150.426005 -1150.861601 -1151.730364 -1153.527025 -1157.478435 -1166.867180 -1191.711444 -9999.0 -9999.0
-9999.0 -9999.0 585.821001 494.589610 401.037679 306.189229 210.772443 115.128059 19.426480 -76.233530 -171.889445 -267.974759 -365.521948 -466.138393 -572.328176 -688.802470 -805.099764 -907.427845 -1002.994962 -1087.093525 -1127.430122 -1143.107122 -1146.653902 -1145.838671 -1144.334901 -1143.470258 -1143.451635 -1144.051965 -1144.962383 -1145.940859 -1146.843170 -1147.604290 -1148.209707 -1148.671189 -1149.011124 -1149.255785 -1149.439444 -1149.615996 -1149.881653 -1150.996595 -1159.955783 -1238.907910 -2123.047607 -4371.758963 -4381.123276 -4381.021701 -4380.926864 -4380.912225 -4380.910720 -4380.910837 -4380.911173 -4380.911534 -4380.911879 -4380.912199 -4380.912494 -4380.912834 -4380.913897 -4380.921708 -4380.975787 -4381.059884 -4366.400110 -2011.745157 -1214.574231 -1156.850362 -1150.758394 -1150.055767 -1149.950906 -1149.933118 -1149.931739 -1149.933413 -1149.935308 -1149.936871 -1149.938068 -1149.938973 -1149.939663 -1149.940197 -1149.940619 -1149.940959 -1149.941241 -1149.941489 -1149.941728 -1149.941990 -1149.942318 -1149.942769 -1149.943433 -1149.944452 -1149.946050 -1149.948597 -1149.952714 -1149.959471 -1149.970779 -1149.990166 -1150.024368 -1150.086566 -1150.202963 -1150.426005 -1150.861601 -1151.730364 -1153.527025 -1157.478435 -1166.867180 -1191.711444 -9999.0 -9999.0
-9999.0 -9999.0 585.822609 494.590451 401.038021 306.189356 210.772488 115.128075 19.426486 -76.233528 -171.889445 -267.974759 -365.521949 -466.138393 -572.328176 -688.802470 -805.099764 -907.427845 -1002.994962 -1087.093525 -1127.430122 -1143.107122 -1146.653902 -1145.838671 -1144.334901 -1143.470258 -1143.451635 -1144.051965 -1144.962383 -1145.940859 -1146.843170 -1147.604290 -1148.209707 -1148.671189 -1149.011124 -1149.255785 -1149.439444 -1149.615996 -1149.881653 -1150.996595 -1159.955783 -1238.907910 -2123.047607 -4371.758963 -4381.123276 -4381.021701 -4380.926864 -4380.912225 -4380.910720 -4380.910837 -4380.911173 -4380.911534 -4380.911879 -4380.912199 -4380.912494 -4380.912834 -4380.913897 -4380.921708 -4380.975787 -4381.059884 -4366.400110 -2011.745157 -1214.574231 -1156.850362 -1150.758394 -1150.055767 -1149.950906 -1149.933118 -1149.931739 -1149.933413 -1149.935308 -1149.936871 -1149.938068 -1149.938973 -1149.939663 -1149.940197 -1149.940619 -1149.940959 -1149.941241 -1149.941489 -1149.941728 -1149.941990 -1149.942318 -1149.942769 -1149.943433 -1149.944452 -1149.946050 -1149.948597 -1149.952714 -1149.959471 -1149.970779 -1149.990166 -1150.024368 -1150.086566 -1150.202963 -1150.426005 -1150.861601 -1151.730364 -1153.527025 -1157.478435 -1166.867180 -1191.711444 -9999.0 -9999.0
-9999.0 -9999.0 585.822609 494.590451 401.038021 306.189356 210.772488 115.128075 19.426486 -76.233528 -171.889445 -267.974759 -365.521949 -466.138393 -572.328176 -688.802470 -805.099764 -907.427845 -1002.994962 -1087.093525 -1127.430122 -1143.107122 -1146.653902 -1145.838671 -1144.334901 -1143.470258 -1143.451635 -1144.051965 -1144.962383 -1145.940859 -1146.843170 -1147.604290 -1148.209707 -1148.671189 -1149.011124 -1149.255785 -1149.439444 -1149.615996 -1149.881653 -1150.996595 -1159.955783 -1238.907910 -2123.047607 -4371.758963 -4381.123276 -4381.021701 -4380.926864 -4380.912225 -4380.910720 -4380.910837 -4380.911173 -4380.911534 -4380.911879 -4380.912199 -4380.912494 -4380.912834 -4380.913897 -4380.921708 -4380.975787 -4381.059884 -4366.400110 -2011.745157 -1214.574231 -1156.850362 -1150.758394 -1150.055767 -1149.950906 -1149.933118 -1149.931739 -1149.933413 -1149.935308 -1149.936871 -1149.938068 -1149.938973 -1149.939663 -1149.940197 -1149.940619 -1149.940959 -1149.941241 -1149.941489 -1149.941728 -1149.941990 -1149.942318 -1149.942769 -1149.943433 -1149.944452 -1149.946050 -1149.948597 -1149.952714 -1149.959471 -1149.970779 -1149.990166 -1150.024368 -1150.086566 -1150.202963 -1150.426005 -1150.861601 -1151.730364 -1153.527025 -1157.478435 -1166.867180 -1191.711444 -9999.0 -9999.0
-9999.0 -9999.0 585.821001 494.589610 401.037679 306.189230 210.772443 115.128059 19.426480 -76.233530 -171.889445 -267.974759 -365.521948 -466.138393 -572.328176 -688.802470 -805.099764 -907.427845 -1002.994962 -1087.093526 -1127.430122 -1143.107122 -1146.653902 -1145.838671 -1144.334901 -1143.470258 -1143.451635 -1144.051965 -1144.962383 -1145.940859 -1146.843170 -1147.604290 -1148.209707 -1148.671189 -1149.011124 -1149.255785 -1149.439444 -1149.615996 -1149.881653 -1150.996595 -1159.955783 -1238.907910 -2123.047607 -4371.758963 -4381.123276 -4381.021701 -4380.926864 -4380.912225 -4380.910720 -4380.910837 -4380.911173 -4380.911534 -4380.911879 -4380.912199 -4380.912494 -4380.912834 -4380.913897 -4380.921708 -4380.975787 -4381.059884 -4366.400110 -2011.745157 -1214.574231 -1156.850362 -1150.758394 -1150.055767 -1149.950906 -1149.933118 -1149.931739 -1149.933413 -1149.935308 -1149.936871 -1149.938068 -1149.938973 -1149.939663 -1149.940197 -1149.940619 -1149.940959 -1149.941241 -1149.941489 -1149.941728 -1149.941990 -1149.942318 -1149.942769 -1149.943433 -1149.944452 -1149.946050 -1149.948597 -1149.952714 -1149.959471 -1149.970779 -1149.990166 -1150.024368 -1150.086566 -1150.202963 -1150.426005 -1150.861601 -1151.730364 -1153.527025 -1157.478435 -1166.867180 -1191.711444 -9999.0 -9999.0
-9999.0 -9999.0 585.815014 494.587800 401.037156 306.189070 210.772391 115.128042 19.426475 -76.233531 -171.889445 -267.974759 -365.521948 -466.138393 -572.328176 -688.802470 -805.099764 -907.427845 -1002.994962 -1087.093526 -1127.430122 -1143.107122 -1146.653902 -1145.838671 -1144.334901 -1143.470258 -1143.451635 -1144.051965 -1144.962383 -1145.940859 -1146.843170 -1147.604290 -1148.209707 -1148.671189 -1149.011124 -1149.255785 -1149.439444 -1149.615996 -1149.881653 -1150.996595 -1159.955783 -1238.907910 -2123.047607 -4371.758963 -4381.123276 -4381.021701 -4380.926864 -4380.912225 -4380.910720 -4380.910837 -4380.911173 -4380.911534 -4380.911879 -4380.912199 -4380.912494 -4380.912834 -4380.913897 -4380.921708 -4380.975787 -4381.059884 -4366.400110 -2011.745157 -1214.574231 -1156.850362 -1150.758394 -1150.055767 -1149.950906 -1149.933118 -1149.931739 -1149.933413 -1149.935308 -1149.936871 -1149.938068 -1149.938973 -1149.939663 -1149.940197 -1149.940619 -1149.940959 -1149.941241 -1149.941489 -1149.941728 -1149.941990 -1149.942318 -1149.942769 -1149.943433 -1149.944452 -1149.946050 -1149.948597 -1149.952714 -1149.959471 -1149.970779 -1149.990166 -1150.024368 -1150.086566 -1150.202963 -1150.426005 -1150.861601 -1151.730364 -1153.527025 -1157.478435 -1166.867180 -1191.711444 -9999.0 -9999.0
-9999.0 -9999.0 -9999.0 -9999.0 -9999.0 -9999.0 -9999.0 -9999.0 -9999.0 -9999.0 -9999.0 -9999.0 -9999.0 -9999.0 -9999.0 -9999.0 -9999.0 -9999.0 -9999.0 -9999.0 -9999.0 -9999.0 -9999.0 -9999.0 -9999.0 -9999.0 -9999.0 -9999.0 -9999.0 -9999.0 -9999.0 -9999.0 -9999.0 -9999.0 -9999.0 -9999.0 -9999.0 -9999.0 -9999.0 -9999.0 -9999.0 -9999.0 -9999.0 -9999.0 -9999.0 -9999.0 -9999.0 -9999.0 -9999.0 -9999.0 -9999.0 -9999.0 -9999.0 -9999.0 -9999.0 -9999.0 -9999.0 -9999.0 -9999.0 -9999.0 -9999.0 -9999.0 -9999.0 -9999.0 -9999.0 -9999.0 -9999.0 -9999.0 -9999.0 -9999.0 -9999.0 -9999.0 -9999.0 -9999.0 -9999.0 -9999.0 -9999.0 -9999.0 -9999.0 -9999.0 -9999.0 -9999.0 -9999.0 -9999.0 -9999.0 -9999.0 -9999.0 -9999.0 -9999.0 -9999.0 -9999.0 -9999.0 -9999.0 -9999.0 -9999.0 -9999.0 -9999.0 -9999.0 -9999.0 -9999.0 -9999.0 -9999.0 -9999.0 -9999.0
-9999.0 -9999.0 -9999.0 -9999.0 -9999.0 -9999.0 -9999.0 -9999.0 -9999.0 -9999.0 -9999.0 -9999.0 -9999.0 -9999.0 -9999.0 -9999.0 -9999.0 -9999.0 -9999.0 -9999.0 -9999.0 -9999.0 -9999.0 -9999.0 -9999.0 -9999.0 -9999.0 -9999.0 -9999.0 -9999.0 -9999.0 -9999.0 -9999.0 -9999.0 -9999.0 -9999.0 -9999.0 -9999.0 -9999.0 -9999.0 -9999.0 -9999.0 -9999.0 -9999.0 -9999.0 -9999.0 -9999.0 -9999.0 -9999.0 -9999.0 -9999.0 -9999.0 -9999.0 -9999.0 -9999.0 -9999.0 -9999.0 -9999.0 -9999.0 -9999.0 -9999.0 -9999.0 -9999.0 -9999.0 -9999.0 -9999.0 -9999.0 -9999.0 -9999.0 -9999.0 -9999.0 -9999.0 -9999.0 -9999.0 -9999.0 -9999.0 -9999.0 -9999.0 -9999.0 -9999.0 -9999.0 -9999.0 -9999.0 -9999.0 -9999.0 -9999.0 -9999.0 -9999.0 -9999.0 -9999.0 -9999.0 -9999.0 -9999.0 -9999.0 -9999.0 -9999.0 -9999.0 -9999.0 -9999.0 -9999.0 -9999.0 -9999.0 -9999.0 -9999.0