inst/processing_geotop_simulation/geotop_simulation/out/maps3D/PwL0014N0080.asc
ncols         104
nrows         10
xllcorner     -2.000000
yllcorner     0.000000
cellsize      1.000000
NODATA_value  -9999.0
-9999.0 -9999.0 -9999.0 -9999.0 -9999.0 -9999.0 -9999.0 -9999.0 -9999.0 -9999.0 -9999.0 -9999.0 -9999.0 -9999.0 -9999.0 -9999.0 -9999.0 -9999.0 -9999.0 -9999.0 -9999.0 -9999.0 -9999.0 -9999.0 -9999.0 -9999.0 -9999.0 -9999.0 -9999.0 -9999.0 -9999.0 -9999.0 -9999.0 -9999.0 -9999.0 -9999.0 -9999.0 -9999.0 -9999.0 -9999.0 -9999.0 -9999.0 -9999.0 -9999.0 -9999.0 -9999.0 -9999.0 -9999.0 -9999.0 -9999.0 -9999.0 -9999.0 -9999.0 -9999.0 -9999.0 -9999.0 -9999.0 -9999.0 -9999.0 -9999.0 -9999.0 -9999.0 -9999.0 -9999.0 -9999.0 -9999.0 -9999.0 -9999.0 -9999.0 -9999.0 -9999.0 -9999.0 -9999.0 -9999.0 -9999.0 -9999.0 -9999.0 -9999.0 -9999.0 -9999.0 -9999.0 -9999.0 -9999.0 -9999.0 -9999.0 -9999.0 -9999.0 -9999.0 -9999.0 -9999.0 -9999.0 -9999.0 -9999.0 -9999.0 -9999.0 -9999.0 -9999.0 -9999.0 -9999.0 -9999.0 -9999.0 -9999.0 -9999.0 -9999.0
-9999.0 -9999.0 -9999.0 -9999.0 -9999.0 -9999.0 -9999.0 -9999.0 -9999.0 -9999.0 -9999.0 -9999.0 -9999.0 -9999.0 -9999.0 -9999.0 -9999.0 -9999.0 -9999.0 -9999.0 -9999.0 -9999.0 -9999.0 -9999.0 -9999.0 -9999.0 -9999.0 -9999.0 -9999.0 -9999.0 -9999.0 -9999.0 -9999.0 -9999.0 -9999.0 -9999.0 -9999.0 -9999.0 -9999.0 -9999.0 -9999.0 -9999.0 -9999.0 -9999.0 -9999.0 -9999.0 -9999.0 -9999.0 -9999.0 -9999.0 -9999.0 -9999.0 -9999.0 -9999.0 -9999.0 -9999.0 -9999.0 -9999.0 -9999.0 -9999.0 -9999.0 -9999.0 -9999.0 -9999.0 -9999.0 -9999.0 -9999.0 -9999.0 -9999.0 -9999.0 -9999.0 -9999.0 -9999.0 -9999.0 -9999.0 -9999.0 -9999.0 -9999.0 -9999.0 -9999.0 -9999.0 -9999.0 -9999.0 -9999.0 -9999.0 -9999.0 -9999.0 -9999.0 -9999.0 -9999.0 -9999.0 -9999.0 -9999.0 -9999.0 -9999.0 -9999.0 -9999.0 -9999.0 -9999.0 -9999.0 -9999.0 -9999.0 -9999.0 -9999.0
-9999.0 -9999.0 562.215119 462.102089 362.080189 262.281650 162.789786 63.647561 -35.103732 -133.645033 -232.725533 -333.727604 -438.106268 -545.519520 -651.870103 -749.384317 -825.928371 -897.287506 -960.998782 -1019.373856 -1074.619425 -1065.425448 -1054.071220 -1044.842349 -1038.853669 -1035.798253 -1034.887586 -1035.297930 -1036.368392 -1037.654481 -1038.899619 -1039.980816 -1040.858259 -1041.537158 -1042.043140 -1042.410007 -1042.682132 -1042.926844 -1043.224884 -1044.162119 -1052.642242 -1143.132624 -2143.773962 -4276.467166 -4282.178122 -4282.178218 -4282.178218 -4282.178218 -4282.178218 -4282.178218 -4282.178218 -4282.178218 -4282.178218 -4282.178218 -4282.178218 -4282.178218 -4282.178218 -4282.178218 -4282.178218 -4282.178040 -4273.175412 -2035.957037 -1119.338540 -1050.152541 -1044.165836 -1043.515995 -1043.411860 -1043.393500 -1043.392368 -1043.394456 -1043.396723 -1043.398579 -1043.399997 -1043.401068 -1043.401885 -1043.402518 -1043.403019 -1043.403422 -1043.403757 -1043.404050 -1043.404333 -1043.404642 -1043.405027 -1043.405556 -1043.406336 -1043.407530 -1043.409401 -1043.412382 -1043.417195 -1043.425085 -1043.438268 -1043.460827 -1043.500542 -1043.572634 -1043.707352 -1043.965236 -1044.468281 -1045.469336 -1047.533606 -1052.074985 -1062.902434 -1090.681171 -9999.0 -9999.0
-9999.0 -9999.0 562.215118 462.102089 362.080188 262.281649 162.789786 63.647560 -35.103733 -133.645033 -232.725533 -333.727604 -438.106268 -545.519520 -651.870104 -749.384317 -825.928371 -897.287507 -960.998782 -1019.373856 -1074.619425 -1065.425448 -1054.071220 -1044.842349 -1038.853669 -1035.798253 -1034.887586 -1035.297930 -1036.368392 -1037.654481 -1038.899619 -1039.980816 -1040.858259 -1041.537158 -1042.043140 -1042.410007 -1042.682132 -1042.926844 -1043.224884 -1044.162119 -1052.642242 -1143.132624 -2143.773962 -4276.467166 -4282.178122 -4282.178218 -4282.178218 -4282.178218 -4282.178218 -4282.178218 -4282.178218 -4282.178218 -4282.178218 -4282.178218 -4282.178218 -4282.178218 -4282.178218 -4282.178218 -4282.178218 -4282.178040 -4273.175412 -2035.957037 -1119.338540 -1050.152541 -1044.165836 -1043.515995 -1043.411860 -1043.393500 -1043.392368 -1043.394456 -1043.396723 -1043.398579 -1043.399997 -1043.401068 -1043.401885 -1043.402518 -1043.403019 -1043.403422 -1043.403757 -1043.404050 -1043.404333 -1043.404642 -1043.405027 -1043.405556 -1043.406336 -1043.407530 -1043.409401 -1043.412382 -1043.417195 -1043.425085 -1043.438268 -1043.460827 -1043.500542 -1043.572634 -1043.707352 -1043.965236 -1044.468281 -1045.469336 -1047.533606 -1052.074985 -1062.902434 -1090.681171 -9999.0 -9999.0
-9999.0 -9999.0 562.215118 462.102089 362.080188 262.281649 162.789785 63.647560 -35.103733 -133.645033 -232.725533 -333.727604 -438.106269 -545.519520 -651.870104 -749.384317 -825.928371 -897.287507 -960.998782 -1019.373856 -1074.619425 -1065.425448 -1054.071220 -1044.842349 -1038.853669 -1035.798253 -1034.887586 -1035.297930 -1036.368392 -1037.654481 -1038.899619 -1039.980816 -1040.858259 -1041.537158 -1042.043140 -1042.410007 -1042.682132 -1042.926844 -1043.224884 -1044.162119 -1052.642242 -1143.132624 -2143.773962 -4276.467166 -4282.178122 -4282.178218 -4282.178218 -4282.178218 -4282.178218 -4282.178218 -4282.178218 -4282.178218 -4282.178218 -4282.178218 -4282.178218 -4282.178218 -4282.178218 -4282.178218 -4282.178218 -4282.178040 -4273.175412 -2035.957037 -1119.338540 -1050.152541 -1044.165836 -1043.515995 -1043.411860 -1043.393500 -1043.392368 -1043.394456 -1043.396723 -1043.398579 -1043.399997 -1043.401068 -1043.401885 -1043.402518 -1043.403019 -1043.403422 -1043.403757 -1043.404050 -1043.404333 -1043.404642 -1043.405027 -1043.405556 -1043.406336 -1043.407530 -1043.409401 -1043.412382 -1043.417195 -1043.425085 -1043.438268 -1043.460827 -1043.500542 -1043.572634 -1043.707352 -1043.965236 -1044.468281 -1045.469336 -1047.533606 -1052.074985 -1062.902434 -1090.681171 -9999.0 -9999.0
-9999.0 -9999.0 562.215118 462.102089 362.080188 262.281649 162.789785 63.647560 -35.103733 -133.645033 -232.725533 -333.727604 -438.106269 -545.519520 -651.870104 -749.384317 -825.928371 -897.287507 -960.998782 -1019.373856 -1074.619425 -1065.425448 -1054.071220 -1044.842349 -1038.853669 -1035.798253 -1034.887586 -1035.297930 -1036.368392 -1037.654481 -1038.899619 -1039.980816 -1040.858259 -1041.537158 -1042.043140 -1042.410007 -1042.682132 -1042.926844 -1043.224884 -1044.162119 -1052.642242 -1143.132624 -2143.773962 -4276.467166 -4282.178122 -4282.178218 -4282.178218 -4282.178218 -4282.178218 -4282.178218 -4282.178218 -4282.178218 -4282.178218 -4282.178218 -4282.178218 -4282.178218 -4282.178218 -4282.178218 -4282.178218 -4282.178040 -4273.175412 -2035.957037 -1119.338540 -1050.152541 -1044.165836 -1043.515995 -1043.411860 -1043.393500 -1043.392368 -1043.394456 -1043.396723 -1043.398579 -1043.399997 -1043.401068 -1043.401885 -1043.402518 -1043.403019 -1043.403422 -1043.403757 -1043.404050 -1043.404333 -1043.404642 -1043.405027 -1043.405556 -1043.406336 -1043.407530 -1043.409401 -1043.412382 -1043.417195 -1043.425085 -1043.438268 -1043.460827 -1043.500542 -1043.572634 -1043.707352 -1043.965236 -1044.468281 -1045.469336 -1047.533606 -1052.074985 -1062.902434 -1090.681171 -9999.0 -9999.0
-9999.0 -9999.0 562.215119 462.102089 362.080188 262.281649 162.789786 63.647560 -35.103733 -133.645033 -232.725533 -333.727604 -438.106268 -545.519520 -651.870104 -749.384317 -825.928371 -897.287507 -960.998782 -1019.373856 -1074.619425 -1065.425448 -1054.071220 -1044.842349 -1038.853669 -1035.798253 -1034.887586 -1035.297930 -1036.368392 -1037.654481 -1038.899619 -1039.980816 -1040.858259 -1041.537158 -1042.043140 -1042.410007 -1042.682132 -1042.926844 -1043.224884 -1044.162119 -1052.642242 -1143.132624 -2143.773962 -4276.467166 -4282.178122 -4282.178218 -4282.178218 -4282.178218 -4282.178218 -4282.178218 -4282.178218 -4282.178218 -4282.178218 -4282.178218 -4282.178218 -4282.178218 -4282.178218 -4282.178218 -4282.178218 -4282.178040 -4273.175412 -2035.957037 -1119.338540 -1050.152542 -1044.165836 -1043.515995 -1043.411860 -1043.393500 -1043.392368 -1043.394456 -1043.396723 -1043.398579 -1043.399997 -1043.401068 -1043.401885 -1043.402518 -1043.403019 -1043.403422 -1043.403757 -1043.404050 -1043.404333 -1043.404642 -1043.405027 -1043.405556 -1043.406336 -1043.407530 -1043.409401 -1043.412382 -1043.417195 -1043.425085 -1043.438268 -1043.460827 -1043.500542 -1043.572634 -1043.707352 -1043.965236 -1044.468281 -1045.469336 -1047.533606 -1052.074985 -1062.902434 -1090.681171 -9999.0 -9999.0
-9999.0 -9999.0 562.215119 462.102089 362.080189 262.281650 162.789786 63.647561 -35.103732 -133.645033 -232.725533 -333.727604 -438.106268 -545.519520 -651.870103 -749.384317 -825.928371 -897.287506 -960.998782 -1019.373856 -1074.619425 -1065.425448 -1054.071220 -1044.842349 -1038.853669 -1035.798253 -1034.887586 -1035.297930 -1036.368392 -1037.654481 -1038.899619 -1039.980816 -1040.858259 -1041.537158 -1042.043140 -1042.410007 -1042.682132 -1042.926844 -1043.224884 -1044.162119 -1052.642242 -1143.132624 -2143.773962 -4276.467166 -4282.178122 -4282.178218 -4282.178218 -4282.178218 -4282.178218 -4282.178218 -4282.178218 -4282.178218 -4282.178218 -4282.178218 -4282.178218 -4282.178218 -4282.178218 -4282.178218 -4282.178218 -4282.178040 -4273.175412 -2035.957037 -1119.338540 -1050.152542 -1044.165836 -1043.515995 -1043.411860 -1043.393500 -1043.392368 -1043.394456 -1043.396723 -1043.398579 -1043.399997 -1043.401068 -1043.401885 -1043.402518 -1043.403019 -1043.403422 -1043.403757 -1043.404050 -1043.404333 -1043.404642 -1043.405027 -1043.405556 -1043.406336 -1043.407530 -1043.409401 -1043.412382 -1043.417195 -1043.425085 -1043.438268 -1043.460827 -1043.500542 -1043.572634 -1043.707352 -1043.965236 -1044.468281 -1045.469336 -1047.533606 -1052.074985 -1062.902434 -1090.681171 -9999.0 -9999.0
-9999.0 -9999.0 -9999.0 -9999.0 -9999.0 -9999.0 -9999.0 -9999.0 -9999.0 -9999.0 -9999.0 -9999.0 -9999.0 -9999.0 -9999.0 -9999.0 -9999.0 -9999.0 -9999.0 -9999.0 -9999.0 -9999.0 -9999.0 -9999.0 -9999.0 -9999.0 -9999.0 -9999.0 -9999.0 -9999.0 -9999.0 -9999.0 -9999.0 -9999.0 -9999.0 -9999.0 -9999.0 -9999.0 -9999.0 -9999.0 -9999.0 -9999.0 -9999.0 -9999.0 -9999.0 -9999.0 -9999.0 -9999.0 -9999.0 -9999.0 -9999.0 -9999.0 -9999.0 -9999.0 -9999.0 -9999.0 -9999.0 -9999.0 -9999.0 -9999.0 -9999.0 -9999.0 -9999.0 -9999.0 -9999.0 -9999.0 -9999.0 -9999.0 -9999.0 -9999.0 -9999.0 -9999.0 -9999.0 -9999.0 -9999.0 -9999.0 -9999.0 -9999.0 -9999.0 -9999.0 -9999.0 -9999.0 -9999.0 -9999.0 -9999.0 -9999.0 -9999.0 -9999.0 -9999.0 -9999.0 -9999.0 -9999.0 -9999.0 -9999.0 -9999.0 -9999.0 -9999.0 -9999.0 -9999.0 -9999.0 -9999.0 -9999.0 -9999.0 -9999.0
-9999.0 -9999.0 -9999.0 -9999.0 -9999.0 -9999.0 -9999.0 -9999.0 -9999.0 -9999.0 -9999.0 -9999.0 -9999.0 -9999.0 -9999.0 -9999.0 -9999.0 -9999.0 -9999.0 -9999.0 -9999.0 -9999.0 -9999.0 -9999.0 -9999.0 -9999.0 -9999.0 -9999.0 -9999.0 -9999.0 -9999.0 -9999.0 -9999.0 -9999.0 -9999.0 -9999.0 -9999.0 -9999.0 -9999.0 -9999.0 -9999.0 -9999.0 -9999.0 -9999.0 -9999.0 -9999.0 -9999.0 -9999.0 -9999.0 -9999.0 -9999.0 -9999.0 -9999.0 -9999.0 -9999.0 -9999.0 -9999.0 -9999.0 -9999.0 -9999.0 -9999.0 -9999.0 -9999.0 -9999.0 -9999.0 -9999.0 -9999.0 -9999.0 -9999.0 -9999.0 -9999.0 -9999.0 -9999.0 -9999.0 -9999.0 -9999.0 -9999.0 -9999.0 -9999.0 -9999.0 -9999.0 -9999.0 -9999.0 -9999.0 -9999.0 -9999.0 -9999.0 -9999.0 -9999.0 -9999.0 -9999.0 -9999.0 -9999.0 -9999.0 -9999.0 -9999.0 -9999.0 -9999.0 -9999.0 -9999.0 -9999.0 -9999.0 -9999.0 -9999.0