inst/processing_geotop_simulation/geotop_simulation/out/maps3D/PwL0008N0113.asc
ncols         104
nrows         10
xllcorner     -2.000000
yllcorner     0.000000
cellsize      1.000000
NODATA_value  -9999.0
-9999.0 -9999.0 -9999.0 -9999.0 -9999.0 -9999.0 -9999.0 -9999.0 -9999.0 -9999.0 -9999.0 -9999.0 -9999.0 -9999.0 -9999.0 -9999.0 -9999.0 -9999.0 -9999.0 -9999.0 -9999.0 -9999.0 -9999.0 -9999.0 -9999.0 -9999.0 -9999.0 -9999.0 -9999.0 -9999.0 -9999.0 -9999.0 -9999.0 -9999.0 -9999.0 -9999.0 -9999.0 -9999.0 -9999.0 -9999.0 -9999.0 -9999.0 -9999.0 -9999.0 -9999.0 -9999.0 -9999.0 -9999.0 -9999.0 -9999.0 -9999.0 -9999.0 -9999.0 -9999.0 -9999.0 -9999.0 -9999.0 -9999.0 -9999.0 -9999.0 -9999.0 -9999.0 -9999.0 -9999.0 -9999.0 -9999.0 -9999.0 -9999.0 -9999.0 -9999.0 -9999.0 -9999.0 -9999.0 -9999.0 -9999.0 -9999.0 -9999.0 -9999.0 -9999.0 -9999.0 -9999.0 -9999.0 -9999.0 -9999.0 -9999.0 -9999.0 -9999.0 -9999.0 -9999.0 -9999.0 -9999.0 -9999.0 -9999.0 -9999.0 -9999.0 -9999.0 -9999.0 -9999.0 -9999.0 -9999.0 -9999.0 -9999.0 -9999.0 -9999.0
-9999.0 -9999.0 -9999.0 -9999.0 -9999.0 -9999.0 -9999.0 -9999.0 -9999.0 -9999.0 -9999.0 -9999.0 -9999.0 -9999.0 -9999.0 -9999.0 -9999.0 -9999.0 -9999.0 -9999.0 -9999.0 -9999.0 -9999.0 -9999.0 -9999.0 -9999.0 -9999.0 -9999.0 -9999.0 -9999.0 -9999.0 -9999.0 -9999.0 -9999.0 -9999.0 -9999.0 -9999.0 -9999.0 -9999.0 -9999.0 -9999.0 -9999.0 -9999.0 -9999.0 -9999.0 -9999.0 -9999.0 -9999.0 -9999.0 -9999.0 -9999.0 -9999.0 -9999.0 -9999.0 -9999.0 -9999.0 -9999.0 -9999.0 -9999.0 -9999.0 -9999.0 -9999.0 -9999.0 -9999.0 -9999.0 -9999.0 -9999.0 -9999.0 -9999.0 -9999.0 -9999.0 -9999.0 -9999.0 -9999.0 -9999.0 -9999.0 -9999.0 -9999.0 -9999.0 -9999.0 -9999.0 -9999.0 -9999.0 -9999.0 -9999.0 -9999.0 -9999.0 -9999.0 -9999.0 -9999.0 -9999.0 -9999.0 -9999.0 -9999.0 -9999.0 -9999.0 -9999.0 -9999.0 -9999.0 -9999.0 -9999.0 -9999.0 -9999.0 -9999.0
-9999.0 -9999.0 388.488805 301.743599 210.182558 116.683763 22.395377 -72.199221 -166.901329 -261.606364 -356.262867 -450.999999 -547.369794 -649.804456 -754.983368 -855.315674 -953.885366 -1047.663061 -1137.216477 -1209.466836 -1252.619506 -1275.839446 -1287.144417 -1292.463949 -1295.244290 -1297.150281 -1298.818679 -1300.386555 -1301.811771 -1303.032751 -1304.022188 -1304.788113 -1305.359903 -1305.774342 -1306.067047 -1306.270375 -1306.419580 -1306.565435 -1306.816674 -1307.986016 -1316.155657 -1363.137989 -1243.779517 -1369.565764 -1305.046939 -1267.615567 -1250.662754 -1248.538537 -1248.327106 -1248.351982 -1248.410638 -1248.473295 -1248.533417 -1248.589035 -1248.640370 -1248.697595 -1248.862605 -1250.037424 -1258.654284 -1278.492035 -1312.186560 -1160.606918 -1339.965800 -1312.723303 -1307.616853 -1306.920539 -1306.816081 -1306.798734 -1306.797200 -1306.798585 -1306.800217 -1306.801573 -1306.802612 -1306.803398 -1306.803997 -1306.804461 -1306.804828 -1306.805122 -1306.805367 -1306.805582 -1306.805790 -1306.806019 -1306.806304 -1306.806698 -1306.807279 -1306.808170 -1306.809568 -1306.811798 -1306.815404 -1306.821329 -1306.831255 -1306.848296 -1306.878400 -1306.933215 -1307.035886 -1307.232713 -1307.617153 -1308.383580 -1309.964950 -1313.421172 -1321.614924 -1344.222558 -9999.0 -9999.0
-9999.0 -9999.0 388.497035 301.745713 210.183130 116.683934 22.395431 -72.199203 -166.901323 -261.606362 -356.262866 -450.999998 -547.369794 -649.804456 -754.983368 -855.315674 -953.885367 -1047.663061 -1137.216477 -1209.466836 -1252.619506 -1275.839446 -1287.144417 -1292.463949 -1295.244290 -1297.150281 -1298.818679 -1300.386555 -1301.811771 -1303.032751 -1304.022188 -1304.788113 -1305.359903 -1305.774342 -1306.067047 -1306.270375 -1306.419580 -1306.565435 -1306.816674 -1307.986016 -1316.155657 -1363.137989 -1243.779517 -1369.565763 -1305.046938 -1267.615566 -1250.662754 -1248.538537 -1248.327106 -1248.351982 -1248.410638 -1248.473295 -1248.533417 -1248.589035 -1248.640370 -1248.697595 -1248.862605 -1250.037424 -1258.654284 -1278.492035 -1312.186560 -1160.606918 -1339.965800 -1312.723303 -1307.616853 -1306.920539 -1306.816081 -1306.798734 -1306.797200 -1306.798585 -1306.800217 -1306.801573 -1306.802612 -1306.803398 -1306.803997 -1306.804461 -1306.804828 -1306.805122 -1306.805367 -1306.805582 -1306.805790 -1306.806019 -1306.806304 -1306.806698 -1306.807279 -1306.808170 -1306.809568 -1306.811798 -1306.815404 -1306.821329 -1306.831255 -1306.848296 -1306.878400 -1306.933215 -1307.035886 -1307.232713 -1307.617153 -1308.383580 -1309.964950 -1313.421172 -1321.614924 -1344.222558 -9999.0 -9999.0
-9999.0 -9999.0 388.498725 301.746624 210.183495 116.684068 22.395479 -72.199186 -166.901317 -261.606359 -356.262865 -450.999998 -547.369793 -649.804456 -754.983368 -855.315674 -953.885367 -1047.663061 -1137.216477 -1209.466836 -1252.619506 -1275.839446 -1287.144417 -1292.463949 -1295.244290 -1297.150281 -1298.818679 -1300.386555 -1301.811771 -1303.032751 -1304.022188 -1304.788113 -1305.359903 -1305.774342 -1306.067047 -1306.270375 -1306.419580 -1306.565435 -1306.816674 -1307.986016 -1316.155657 -1363.137989 -1243.779516 -1369.565763 -1305.046938 -1267.615565 -1250.662754 -1248.538537 -1248.327106 -1248.351982 -1248.410638 -1248.473295 -1248.533417 -1248.589035 -1248.640370 -1248.697595 -1248.862605 -1250.037424 -1258.654284 -1278.492035 -1312.186560 -1160.606918 -1339.965800 -1312.723303 -1307.616853 -1306.920539 -1306.816081 -1306.798734 -1306.797200 -1306.798585 -1306.800217 -1306.801573 -1306.802612 -1306.803398 -1306.803997 -1306.804461 -1306.804828 -1306.805122 -1306.805367 -1306.805582 -1306.805790 -1306.806019 -1306.806304 -1306.806698 -1306.807279 -1306.808170 -1306.809568 -1306.811798 -1306.815404 -1306.821329 -1306.831255 -1306.848296 -1306.878400 -1306.933215 -1307.035886 -1307.232713 -1307.617153 -1308.383580 -1309.964950 -1313.421172 -1321.614924 -1344.222558 -9999.0 -9999.0
-9999.0 -9999.0 388.498725 301.746624 210.183495 116.684068 22.395479 -72.199186 -166.901317 -261.606359 -356.262865 -450.999998 -547.369793 -649.804456 -754.983368 -855.315674 -953.885367 -1047.663061 -1137.216477 -1209.466836 -1252.619506 -1275.839446 -1287.144417 -1292.463949 -1295.244290 -1297.150281 -1298.818679 -1300.386555 -1301.811771 -1303.032751 -1304.022188 -1304.788113 -1305.359903 -1305.774342 -1306.067047 -1306.270375 -1306.419580 -1306.565435 -1306.816674 -1307.986016 -1316.155657 -1363.137989 -1243.779516 -1369.565763 -1305.046938 -1267.615565 -1250.662754 -1248.538537 -1248.327106 -1248.351982 -1248.410638 -1248.473295 -1248.533417 -1248.589035 -1248.640370 -1248.697595 -1248.862605 -1250.037424 -1258.654284 -1278.492035 -1312.186560 -1160.606918 -1339.965800 -1312.723303 -1307.616853 -1306.920539 -1306.816081 -1306.798734 -1306.797200 -1306.798585 -1306.800217 -1306.801573 -1306.802612 -1306.803398 -1306.803997 -1306.804461 -1306.804828 -1306.805122 -1306.805367 -1306.805582 -1306.805790 -1306.806019 -1306.806304 -1306.806698 -1306.807279 -1306.808170 -1306.809568 -1306.811798 -1306.815404 -1306.821329 -1306.831255 -1306.848296 -1306.878400 -1306.933215 -1307.035886 -1307.232713 -1307.617153 -1308.383580 -1309.964950 -1313.421172 -1321.614924 -1344.222558 -9999.0 -9999.0
-9999.0 -9999.0 388.497035 301.745713 210.183130 116.683934 22.395431 -72.199203 -166.901323 -261.606362 -356.262866 -450.999998 -547.369794 -649.804456 -754.983368 -855.315674 -953.885367 -1047.663061 -1137.216477 -1209.466836 -1252.619506 -1275.839446 -1287.144417 -1292.463949 -1295.244290 -1297.150281 -1298.818679 -1300.386555 -1301.811771 -1303.032751 -1304.022188 -1304.788113 -1305.359903 -1305.774342 -1306.067047 -1306.270375 -1306.419580 -1306.565435 -1306.816674 -1307.986016 -1316.155657 -1363.137989 -1243.779517 -1369.565763 -1305.046938 -1267.615566 -1250.662754 -1248.538537 -1248.327106 -1248.351982 -1248.410638 -1248.473295 -1248.533417 -1248.589035 -1248.640370 -1248.697595 -1248.862605 -1250.037424 -1258.654284 -1278.492035 -1312.186560 -1160.606918 -1339.965800 -1312.723303 -1307.616853 -1306.920539 -1306.816081 -1306.798734 -1306.797200 -1306.798585 -1306.800217 -1306.801573 -1306.802612 -1306.803398 -1306.803997 -1306.804461 -1306.804828 -1306.805122 -1306.805367 -1306.805582 -1306.805790 -1306.806019 -1306.806304 -1306.806698 -1306.807279 -1306.808170 -1306.809568 -1306.811798 -1306.815404 -1306.821329 -1306.831255 -1306.848296 -1306.878400 -1306.933215 -1307.035886 -1307.232713 -1307.617153 -1308.383580 -1309.964950 -1313.421172 -1321.614924 -1344.222558 -9999.0 -9999.0
-9999.0 -9999.0 388.488805 301.743599 210.182558 116.683763 22.395377 -72.199221 -166.901329 -261.606364 -356.262867 -450.999999 -547.369794 -649.804456 -754.983368 -855.315674 -953.885366 -1047.663061 -1137.216477 -1209.466836 -1252.619506 -1275.839446 -1287.144417 -1292.463949 -1295.244290 -1297.150281 -1298.818679 -1300.386555 -1301.811771 -1303.032751 -1304.022188 -1304.788113 -1305.359903 -1305.774342 -1306.067047 -1306.270375 -1306.419580 -1306.565435 -1306.816674 -1307.986016 -1316.155657 -1363.137989 -1243.779517 -1369.565764 -1305.046939 -1267.615567 -1250.662754 -1248.538537 -1248.327106 -1248.351982 -1248.410638 -1248.473295 -1248.533417 -1248.589035 -1248.640370 -1248.697595 -1248.862605 -1250.037424 -1258.654284 -1278.492035 -1312.186560 -1160.606918 -1339.965800 -1312.723303 -1307.616853 -1306.920539 -1306.816081 -1306.798734 -1306.797200 -1306.798585 -1306.800217 -1306.801573 -1306.802612 -1306.803398 -1306.803997 -1306.804461 -1306.804828 -1306.805122 -1306.805367 -1306.805582 -1306.805790 -1306.806019 -1306.806304 -1306.806698 -1306.807279 -1306.808170 -1306.809568 -1306.811798 -1306.815404 -1306.821329 -1306.831255 -1306.848296 -1306.878400 -1306.933215 -1307.035886 -1307.232713 -1307.617153 -1308.383580 -1309.964950 -1313.421172 -1321.614924 -1344.222558 -9999.0 -9999.0
-9999.0 -9999.0 -9999.0 -9999.0 -9999.0 -9999.0 -9999.0 -9999.0 -9999.0 -9999.0 -9999.0 -9999.0 -9999.0 -9999.0 -9999.0 -9999.0 -9999.0 -9999.0 -9999.0 -9999.0 -9999.0 -9999.0 -9999.0 -9999.0 -9999.0 -9999.0 -9999.0 -9999.0 -9999.0 -9999.0 -9999.0 -9999.0 -9999.0 -9999.0 -9999.0 -9999.0 -9999.0 -9999.0 -9999.0 -9999.0 -9999.0 -9999.0 -9999.0 -9999.0 -9999.0 -9999.0 -9999.0 -9999.0 -9999.0 -9999.0 -9999.0 -9999.0 -9999.0 -9999.0 -9999.0 -9999.0 -9999.0 -9999.0 -9999.0 -9999.0 -9999.0 -9999.0 -9999.0 -9999.0 -9999.0 -9999.0 -9999.0 -9999.0 -9999.0 -9999.0 -9999.0 -9999.0 -9999.0 -9999.0 -9999.0 -9999.0 -9999.0 -9999.0 -9999.0 -9999.0 -9999.0 -9999.0 -9999.0 -9999.0 -9999.0 -9999.0 -9999.0 -9999.0 -9999.0 -9999.0 -9999.0 -9999.0 -9999.0 -9999.0 -9999.0 -9999.0 -9999.0 -9999.0 -9999.0 -9999.0 -9999.0 -9999.0 -9999.0 -9999.0
-9999.0 -9999.0 -9999.0 -9999.0 -9999.0 -9999.0 -9999.0 -9999.0 -9999.0 -9999.0 -9999.0 -9999.0 -9999.0 -9999.0 -9999.0 -9999.0 -9999.0 -9999.0 -9999.0 -9999.0 -9999.0 -9999.0 -9999.0 -9999.0 -9999.0 -9999.0 -9999.0 -9999.0 -9999.0 -9999.0 -9999.0 -9999.0 -9999.0 -9999.0 -9999.0 -9999.0 -9999.0 -9999.0 -9999.0 -9999.0 -9999.0 -9999.0 -9999.0 -9999.0 -9999.0 -9999.0 -9999.0 -9999.0 -9999.0 -9999.0 -9999.0 -9999.0 -9999.0 -9999.0 -9999.0 -9999.0 -9999.0 -9999.0 -9999.0 -9999.0 -9999.0 -9999.0 -9999.0 -9999.0 -9999.0 -9999.0 -9999.0 -9999.0 -9999.0 -9999.0 -9999.0 -9999.0 -9999.0 -9999.0 -9999.0 -9999.0 -9999.0 -9999.0 -9999.0 -9999.0 -9999.0 -9999.0 -9999.0 -9999.0 -9999.0 -9999.0 -9999.0 -9999.0 -9999.0 -9999.0 -9999.0 -9999.0 -9999.0 -9999.0 -9999.0 -9999.0 -9999.0 -9999.0 -9999.0 -9999.0 -9999.0 -9999.0 -9999.0 -9999.0