inst/processing_geotop_simulation/geotop_simulation/out/maps3D/PwL0002N0258.asc
ncols         104
nrows         10
xllcorner     -2.000000
yllcorner     0.000000
cellsize      1.000000
NODATA_value  -9999.0
-9999.0 -9999.0 -9999.0 -9999.0 -9999.0 -9999.0 -9999.0 -9999.0 -9999.0 -9999.0 -9999.0 -9999.0 -9999.0 -9999.0 -9999.0 -9999.0 -9999.0 -9999.0 -9999.0 -9999.0 -9999.0 -9999.0 -9999.0 -9999.0 -9999.0 -9999.0 -9999.0 -9999.0 -9999.0 -9999.0 -9999.0 -9999.0 -9999.0 -9999.0 -9999.0 -9999.0 -9999.0 -9999.0 -9999.0 -9999.0 -9999.0 -9999.0 -9999.0 -9999.0 -9999.0 -9999.0 -9999.0 -9999.0 -9999.0 -9999.0 -9999.0 -9999.0 -9999.0 -9999.0 -9999.0 -9999.0 -9999.0 -9999.0 -9999.0 -9999.0 -9999.0 -9999.0 -9999.0 -9999.0 -9999.0 -9999.0 -9999.0 -9999.0 -9999.0 -9999.0 -9999.0 -9999.0 -9999.0 -9999.0 -9999.0 -9999.0 -9999.0 -9999.0 -9999.0 -9999.0 -9999.0 -9999.0 -9999.0 -9999.0 -9999.0 -9999.0 -9999.0 -9999.0 -9999.0 -9999.0 -9999.0 -9999.0 -9999.0 -9999.0 -9999.0 -9999.0 -9999.0 -9999.0 -9999.0 -9999.0 -9999.0 -9999.0 -9999.0 -9999.0
-9999.0 -9999.0 -9999.0 -9999.0 -9999.0 -9999.0 -9999.0 -9999.0 -9999.0 -9999.0 -9999.0 -9999.0 -9999.0 -9999.0 -9999.0 -9999.0 -9999.0 -9999.0 -9999.0 -9999.0 -9999.0 -9999.0 -9999.0 -9999.0 -9999.0 -9999.0 -9999.0 -9999.0 -9999.0 -9999.0 -9999.0 -9999.0 -9999.0 -9999.0 -9999.0 -9999.0 -9999.0 -9999.0 -9999.0 -9999.0 -9999.0 -9999.0 -9999.0 -9999.0 -9999.0 -9999.0 -9999.0 -9999.0 -9999.0 -9999.0 -9999.0 -9999.0 -9999.0 -9999.0 -9999.0 -9999.0 -9999.0 -9999.0 -9999.0 -9999.0 -9999.0 -9999.0 -9999.0 -9999.0 -9999.0 -9999.0 -9999.0 -9999.0 -9999.0 -9999.0 -9999.0 -9999.0 -9999.0 -9999.0 -9999.0 -9999.0 -9999.0 -9999.0 -9999.0 -9999.0 -9999.0 -9999.0 -9999.0 -9999.0 -9999.0 -9999.0 -9999.0 -9999.0 -9999.0 -9999.0 -9999.0 -9999.0 -9999.0 -9999.0 -9999.0 -9999.0 -9999.0 -9999.0 -9999.0 -9999.0 -9999.0 -9999.0 -9999.0 -9999.0
-9999.0 -9999.0 77.538369 -17.122508 -114.551939 -212.645342 -310.980827 -409.394716 -507.802340 -606.133936 -704.225624 -801.990392 -899.325304 -996.085177 -1092.727823 -1189.141213 -1284.287853 -1377.549696 -1468.271281 -1555.012451 -1634.092055 -1701.251433 -1754.348874 -1793.989683 -1822.433291 -1842.342831 -1856.074136 -1865.453338 -1871.808677 -1876.080831 -1878.929799 -1880.815529 -1882.055711 -1882.867260 -1883.396766 -1883.744224 -1883.985561 -1884.216020 -1884.737876 -1886.821680 -1892.934656 -1867.166262 -1150.769853 -1149.075964 -1138.196382 -1131.204254 -1127.921029 -1127.427176 -1127.374926 -1127.381021 -1127.395716 -1127.411475 -1127.426618 -1127.440639 -1127.453635 -1127.468562 -1127.513457 -1127.810473 -1129.565276 -1133.482190 -1139.210729 -1133.143677 -1845.060711 -1887.369150 -1885.572359 -1884.672949 -1884.499694 -1884.471801 -1884.467976 -1884.468089 -1884.468762 -1884.469394 -1884.469895 -1884.470278 -1884.470572 -1884.470800 -1884.470981 -1884.471127 -1884.471249 -1884.471358 -1884.471466 -1884.471586 -1884.471737 -1884.471947 -1884.472259 -1884.472739 -1884.473494 -1884.474704 -1884.476674 -1884.479942 -1884.485482 -1884.495130 -1884.512430 -1884.544386 -1884.605053 -1884.723176 -1884.959631 -1885.451562 -1886.534761 -1889.115972 -1896.025423 -1918.391596 -9999.0 -9999.0
-9999.0 -9999.0 77.550086 -17.120407 -114.551415 -212.645190 -310.980778 -409.394700 -507.802334 -606.133933 -704.225623 -801.990391 -899.325303 -996.085177 -1092.727823 -1189.141213 -1284.287853 -1377.549696 -1468.271281 -1555.012452 -1634.092055 -1701.251433 -1754.348874 -1793.989683 -1822.433291 -1842.342831 -1856.074136 -1865.453338 -1871.808677 -1876.080831 -1878.929799 -1880.815529 -1882.055711 -1882.867260 -1883.396766 -1883.744224 -1883.985561 -1884.216020 -1884.737876 -1886.821680 -1892.934656 -1867.166262 -1150.769853 -1149.075964 -1138.196382 -1131.204254 -1127.921029 -1127.427176 -1127.374926 -1127.381021 -1127.395716 -1127.411475 -1127.426618 -1127.440639 -1127.453635 -1127.468562 -1127.513457 -1127.810473 -1129.565276 -1133.482190 -1139.210729 -1133.143677 -1845.060711 -1887.369150 -1885.572359 -1884.672949 -1884.499694 -1884.471801 -1884.467976 -1884.468089 -1884.468762 -1884.469394 -1884.469895 -1884.470278 -1884.470572 -1884.470800 -1884.470981 -1884.471127 -1884.471249 -1884.471358 -1884.471466 -1884.471586 -1884.471737 -1884.471947 -1884.472259 -1884.472739 -1884.473494 -1884.474704 -1884.476674 -1884.479942 -1884.485482 -1884.495130 -1884.512430 -1884.544386 -1884.605053 -1884.723176 -1884.959631 -1885.451562 -1886.534761 -1889.115972 -1896.025423 -1918.391596 -9999.0 -9999.0
-9999.0 -9999.0 77.551358 -17.119566 -114.551083 -212.645070 -310.980736 -409.394684 -507.802329 -606.133931 -704.225622 -801.990391 -899.325303 -996.085177 -1092.727823 -1189.141213 -1284.287853 -1377.549696 -1468.271281 -1555.012452 -1634.092055 -1701.251433 -1754.348874 -1793.989683 -1822.433291 -1842.342831 -1856.074136 -1865.453338 -1871.808677 -1876.080831 -1878.929799 -1880.815529 -1882.055711 -1882.867260 -1883.396766 -1883.744224 -1883.985561 -1884.216020 -1884.737876 -1886.821680 -1892.934656 -1867.166262 -1150.769853 -1149.075964 -1138.196381 -1131.204254 -1127.921029 -1127.427176 -1127.374926 -1127.381021 -1127.395716 -1127.411475 -1127.426618 -1127.440639 -1127.453635 -1127.468562 -1127.513457 -1127.810473 -1129.565276 -1133.482190 -1139.210729 -1133.143677 -1845.060711 -1887.369150 -1885.572359 -1884.672949 -1884.499694 -1884.471801 -1884.467976 -1884.468089 -1884.468762 -1884.469394 -1884.469895 -1884.470278 -1884.470572 -1884.470800 -1884.470981 -1884.471127 -1884.471249 -1884.471358 -1884.471466 -1884.471586 -1884.471737 -1884.471947 -1884.472259 -1884.472739 -1884.473494 -1884.474704 -1884.476674 -1884.479942 -1884.485482 -1884.495130 -1884.512430 -1884.544386 -1884.605053 -1884.723176 -1884.959631 -1885.451562 -1886.534761 -1889.115972 -1896.025423 -1918.391596 -9999.0 -9999.0
-9999.0 -9999.0 77.551358 -17.119566 -114.551083 -212.645070 -310.980736 -409.394684 -507.802329 -606.133931 -704.225622 -801.990391 -899.325303 -996.085177 -1092.727823 -1189.141213 -1284.287853 -1377.549696 -1468.271281 -1555.012452 -1634.092055 -1701.251433 -1754.348874 -1793.989683 -1822.433291 -1842.342831 -1856.074136 -1865.453338 -1871.808677 -1876.080831 -1878.929799 -1880.815529 -1882.055711 -1882.867260 -1883.396766 -1883.744224 -1883.985561 -1884.216020 -1884.737876 -1886.821680 -1892.934656 -1867.166262 -1150.769853 -1149.075964 -1138.196381 -1131.204254 -1127.921029 -1127.427176 -1127.374926 -1127.381021 -1127.395716 -1127.411475 -1127.426618 -1127.440639 -1127.453635 -1127.468562 -1127.513457 -1127.810473 -1129.565276 -1133.482190 -1139.210729 -1133.143677 -1845.060711 -1887.369150 -1885.572359 -1884.672949 -1884.499694 -1884.471801 -1884.467976 -1884.468089 -1884.468762 -1884.469394 -1884.469895 -1884.470278 -1884.470572 -1884.470800 -1884.470981 -1884.471127 -1884.471249 -1884.471358 -1884.471466 -1884.471586 -1884.471737 -1884.471947 -1884.472259 -1884.472739 -1884.473494 -1884.474704 -1884.476674 -1884.479942 -1884.485482 -1884.495130 -1884.512430 -1884.544386 -1884.605053 -1884.723176 -1884.959631 -1885.451562 -1886.534761 -1889.115972 -1896.025423 -1918.391596 -9999.0 -9999.0
-9999.0 -9999.0 77.550086 -17.120407 -114.551415 -212.645190 -310.980778 -409.394700 -507.802334 -606.133933 -704.225623 -801.990391 -899.325303 -996.085177 -1092.727823 -1189.141213 -1284.287853 -1377.549696 -1468.271281 -1555.012452 -1634.092055 -1701.251433 -1754.348874 -1793.989683 -1822.433291 -1842.342831 -1856.074136 -1865.453338 -1871.808677 -1876.080831 -1878.929799 -1880.815529 -1882.055711 -1882.867260 -1883.396766 -1883.744224 -1883.985561 -1884.216020 -1884.737876 -1886.821680 -1892.934656 -1867.166262 -1150.769853 -1149.075964 -1138.196382 -1131.204254 -1127.921029 -1127.427176 -1127.374926 -1127.381021 -1127.395716 -1127.411475 -1127.426618 -1127.440639 -1127.453635 -1127.468562 -1127.513457 -1127.810473 -1129.565276 -1133.482190 -1139.210729 -1133.143677 -1845.060711 -1887.369150 -1885.572359 -1884.672949 -1884.499694 -1884.471801 -1884.467976 -1884.468089 -1884.468762 -1884.469394 -1884.469895 -1884.470278 -1884.470572 -1884.470800 -1884.470981 -1884.471127 -1884.471249 -1884.471358 -1884.471466 -1884.471586 -1884.471737 -1884.471947 -1884.472259 -1884.472739 -1884.473494 -1884.474704 -1884.476674 -1884.479942 -1884.485482 -1884.495130 -1884.512430 -1884.544386 -1884.605053 -1884.723176 -1884.959631 -1885.451562 -1886.534761 -1889.115972 -1896.025423 -1918.391596 -9999.0 -9999.0
-9999.0 -9999.0 77.538369 -17.122508 -114.551939 -212.645342 -310.980827 -409.394716 -507.802340 -606.133936 -704.225624 -801.990392 -899.325304 -996.085177 -1092.727823 -1189.141213 -1284.287853 -1377.549696 -1468.271281 -1555.012451 -1634.092055 -1701.251433 -1754.348874 -1793.989683 -1822.433291 -1842.342831 -1856.074136 -1865.453338 -1871.808677 -1876.080831 -1878.929799 -1880.815529 -1882.055711 -1882.867260 -1883.396766 -1883.744224 -1883.985561 -1884.216020 -1884.737876 -1886.821680 -1892.934656 -1867.166262 -1150.769853 -1149.075964 -1138.196382 -1131.204254 -1127.921029 -1127.427176 -1127.374926 -1127.381021 -1127.395716 -1127.411475 -1127.426618 -1127.440639 -1127.453635 -1127.468562 -1127.513457 -1127.810473 -1129.565276 -1133.482190 -1139.210729 -1133.143677 -1845.060711 -1887.369150 -1885.572359 -1884.672949 -1884.499694 -1884.471801 -1884.467976 -1884.468089 -1884.468762 -1884.469394 -1884.469895 -1884.470278 -1884.470572 -1884.470800 -1884.470981 -1884.471127 -1884.471249 -1884.471358 -1884.471466 -1884.471586 -1884.471737 -1884.471947 -1884.472259 -1884.472739 -1884.473494 -1884.474704 -1884.476674 -1884.479942 -1884.485482 -1884.495130 -1884.512430 -1884.544386 -1884.605053 -1884.723176 -1884.959631 -1885.451562 -1886.534761 -1889.115972 -1896.025423 -1918.391596 -9999.0 -9999.0
-9999.0 -9999.0 -9999.0 -9999.0 -9999.0 -9999.0 -9999.0 -9999.0 -9999.0 -9999.0 -9999.0 -9999.0 -9999.0 -9999.0 -9999.0 -9999.0 -9999.0 -9999.0 -9999.0 -9999.0 -9999.0 -9999.0 -9999.0 -9999.0 -9999.0 -9999.0 -9999.0 -9999.0 -9999.0 -9999.0 -9999.0 -9999.0 -9999.0 -9999.0 -9999.0 -9999.0 -9999.0 -9999.0 -9999.0 -9999.0 -9999.0 -9999.0 -9999.0 -9999.0 -9999.0 -9999.0 -9999.0 -9999.0 -9999.0 -9999.0 -9999.0 -9999.0 -9999.0 -9999.0 -9999.0 -9999.0 -9999.0 -9999.0 -9999.0 -9999.0 -9999.0 -9999.0 -9999.0 -9999.0 -9999.0 -9999.0 -9999.0 -9999.0 -9999.0 -9999.0 -9999.0 -9999.0 -9999.0 -9999.0 -9999.0 -9999.0 -9999.0 -9999.0 -9999.0 -9999.0 -9999.0 -9999.0 -9999.0 -9999.0 -9999.0 -9999.0 -9999.0 -9999.0 -9999.0 -9999.0 -9999.0 -9999.0 -9999.0 -9999.0 -9999.0 -9999.0 -9999.0 -9999.0 -9999.0 -9999.0 -9999.0 -9999.0 -9999.0 -9999.0
-9999.0 -9999.0 -9999.0 -9999.0 -9999.0 -9999.0 -9999.0 -9999.0 -9999.0 -9999.0 -9999.0 -9999.0 -9999.0 -9999.0 -9999.0 -9999.0 -9999.0 -9999.0 -9999.0 -9999.0 -9999.0 -9999.0 -9999.0 -9999.0 -9999.0 -9999.0 -9999.0 -9999.0 -9999.0 -9999.0 -9999.0 -9999.0 -9999.0 -9999.0 -9999.0 -9999.0 -9999.0 -9999.0 -9999.0 -9999.0 -9999.0 -9999.0 -9999.0 -9999.0 -9999.0 -9999.0 -9999.0 -9999.0 -9999.0 -9999.0 -9999.0 -9999.0 -9999.0 -9999.0 -9999.0 -9999.0 -9999.0 -9999.0 -9999.0 -9999.0 -9999.0 -9999.0 -9999.0 -9999.0 -9999.0 -9999.0 -9999.0 -9999.0 -9999.0 -9999.0 -9999.0 -9999.0 -9999.0 -9999.0 -9999.0 -9999.0 -9999.0 -9999.0 -9999.0 -9999.0 -9999.0 -9999.0 -9999.0 -9999.0 -9999.0 -9999.0 -9999.0 -9999.0 -9999.0 -9999.0 -9999.0 -9999.0 -9999.0 -9999.0 -9999.0 -9999.0 -9999.0 -9999.0 -9999.0 -9999.0 -9999.0 -9999.0 -9999.0 -9999.0