inst/processing_geotop_simulation/geotop_simulation/out/maps3D/PwL0006N0130.asc
ncols         104
nrows         10
xllcorner     -2.000000
yllcorner     0.000000
cellsize      1.000000
NODATA_value  -9999.0
-9999.0 -9999.0 -9999.0 -9999.0 -9999.0 -9999.0 -9999.0 -9999.0 -9999.0 -9999.0 -9999.0 -9999.0 -9999.0 -9999.0 -9999.0 -9999.0 -9999.0 -9999.0 -9999.0 -9999.0 -9999.0 -9999.0 -9999.0 -9999.0 -9999.0 -9999.0 -9999.0 -9999.0 -9999.0 -9999.0 -9999.0 -9999.0 -9999.0 -9999.0 -9999.0 -9999.0 -9999.0 -9999.0 -9999.0 -9999.0 -9999.0 -9999.0 -9999.0 -9999.0 -9999.0 -9999.0 -9999.0 -9999.0 -9999.0 -9999.0 -9999.0 -9999.0 -9999.0 -9999.0 -9999.0 -9999.0 -9999.0 -9999.0 -9999.0 -9999.0 -9999.0 -9999.0 -9999.0 -9999.0 -9999.0 -9999.0 -9999.0 -9999.0 -9999.0 -9999.0 -9999.0 -9999.0 -9999.0 -9999.0 -9999.0 -9999.0 -9999.0 -9999.0 -9999.0 -9999.0 -9999.0 -9999.0 -9999.0 -9999.0 -9999.0 -9999.0 -9999.0 -9999.0 -9999.0 -9999.0 -9999.0 -9999.0 -9999.0 -9999.0 -9999.0 -9999.0 -9999.0 -9999.0 -9999.0 -9999.0 -9999.0 -9999.0 -9999.0 -9999.0
-9999.0 -9999.0 -9999.0 -9999.0 -9999.0 -9999.0 -9999.0 -9999.0 -9999.0 -9999.0 -9999.0 -9999.0 -9999.0 -9999.0 -9999.0 -9999.0 -9999.0 -9999.0 -9999.0 -9999.0 -9999.0 -9999.0 -9999.0 -9999.0 -9999.0 -9999.0 -9999.0 -9999.0 -9999.0 -9999.0 -9999.0 -9999.0 -9999.0 -9999.0 -9999.0 -9999.0 -9999.0 -9999.0 -9999.0 -9999.0 -9999.0 -9999.0 -9999.0 -9999.0 -9999.0 -9999.0 -9999.0 -9999.0 -9999.0 -9999.0 -9999.0 -9999.0 -9999.0 -9999.0 -9999.0 -9999.0 -9999.0 -9999.0 -9999.0 -9999.0 -9999.0 -9999.0 -9999.0 -9999.0 -9999.0 -9999.0 -9999.0 -9999.0 -9999.0 -9999.0 -9999.0 -9999.0 -9999.0 -9999.0 -9999.0 -9999.0 -9999.0 -9999.0 -9999.0 -9999.0 -9999.0 -9999.0 -9999.0 -9999.0 -9999.0 -9999.0 -9999.0 -9999.0 -9999.0 -9999.0 -9999.0 -9999.0 -9999.0 -9999.0 -9999.0 -9999.0 -9999.0 -9999.0 -9999.0 -9999.0 -9999.0 -9999.0 -9999.0 -9999.0
-9999.0 -9999.0 286.421149 199.930405 107.850753 13.861848 -80.861879 -175.891803 -271.001356 -366.028110 -460.820296 -555.180593 -649.321359 -745.402708 -842.528502 -938.452815 -1034.048815 -1130.546328 -1223.481816 -1297.406954 -1345.801986 -1375.256643 -1392.059832 -1401.469460 -1406.969242 -1410.527972 -1413.114194 -1415.137435 -1416.750313 -1418.017304 -1418.986373 -1419.707150 -1420.229997 -1420.601005 -1420.858966 -1421.036442 -1421.166928 -1421.298791 -1421.559260 -1422.846195 -1430.753342 -1460.811940 -1050.241471 -1078.738189 -1053.288708 -1037.745513 -1030.547002 -1029.588430 -1029.492146 -1029.505576 -1029.535189 -1029.566766 -1029.597071 -1029.625110 -1029.650969 -1029.679542 -1029.759358 -1030.307978 -1034.044073 -1042.547395 -1056.297327 -1011.543499 -1438.565119 -1426.986676 -1422.344752 -1421.620414 -1421.511494 -1421.493828 -1421.492069 -1421.493209 -1421.494633 -1421.495828 -1421.496747 -1421.497442 -1421.497972 -1421.498383 -1421.498707 -1421.498968 -1421.499185 -1421.499375 -1421.499561 -1421.499764 -1421.500019 -1421.500372 -1421.500892 -1421.501691 -1421.502945 -1421.504946 -1421.508185 -1421.513513 -1421.522452 -1421.537826 -1421.565039 -1421.614677 -1421.707792 -1421.886541 -1422.236307 -1422.935951 -1424.387572 -1427.584234 -1435.266599 -1457.201702 -9999.0 -9999.0
-9999.0 -9999.0 286.430690 199.932625 107.851335 13.862019 -80.861825 -175.891785 -271.001350 -366.028108 -460.820296 -555.180593 -649.321359 -745.402708 -842.528502 -938.452815 -1034.048816 -1130.546328 -1223.481816 -1297.406954 -1345.801986 -1375.256643 -1392.059832 -1401.469460 -1406.969242 -1410.527972 -1413.114194 -1415.137435 -1416.750313 -1418.017304 -1418.986373 -1419.707150 -1420.229997 -1420.601005 -1420.858966 -1421.036442 -1421.166928 -1421.298791 -1421.559260 -1422.846195 -1430.753342 -1460.811940 -1050.241471 -1078.738188 -1053.288708 -1037.745512 -1030.547002 -1029.588430 -1029.492146 -1029.505576 -1029.535189 -1029.566766 -1029.597071 -1029.625110 -1029.650969 -1029.679542 -1029.759358 -1030.307978 -1034.044073 -1042.547395 -1056.297327 -1011.543499 -1438.565119 -1426.986676 -1422.344752 -1421.620414 -1421.511494 -1421.493828 -1421.492069 -1421.493209 -1421.494633 -1421.495828 -1421.496747 -1421.497442 -1421.497972 -1421.498383 -1421.498707 -1421.498968 -1421.499185 -1421.499375 -1421.499561 -1421.499764 -1421.500019 -1421.500372 -1421.500892 -1421.501691 -1421.502945 -1421.504946 -1421.508185 -1421.513513 -1421.522452 -1421.537826 -1421.565039 -1421.614677 -1421.707792 -1421.886541 -1422.236307 -1422.935951 -1424.387572 -1427.584234 -1435.266599 -1457.201702 -9999.0 -9999.0
-9999.0 -9999.0 286.432343 199.933548 107.851704 13.862154 -80.861777 -175.891768 -271.001344 -366.028106 -460.820295 -555.180593 -649.321359 -745.402708 -842.528502 -938.452815 -1034.048816 -1130.546328 -1223.481816 -1297.406954 -1345.801986 -1375.256643 -1392.059832 -1401.469460 -1406.969242 -1410.527972 -1413.114194 -1415.137435 -1416.750313 -1418.017304 -1418.986373 -1419.707150 -1420.229997 -1420.601005 -1420.858966 -1421.036442 -1421.166928 -1421.298791 -1421.559260 -1422.846195 -1430.753342 -1460.811940 -1050.241471 -1078.738188 -1053.288708 -1037.745512 -1030.547002 -1029.588430 -1029.492146 -1029.505576 -1029.535189 -1029.566766 -1029.597071 -1029.625110 -1029.650969 -1029.679542 -1029.759358 -1030.307978 -1034.044073 -1042.547395 -1056.297327 -1011.543499 -1438.565119 -1426.986676 -1422.344752 -1421.620414 -1421.511494 -1421.493828 -1421.492069 -1421.493209 -1421.494633 -1421.495828 -1421.496747 -1421.497442 -1421.497972 -1421.498383 -1421.498707 -1421.498968 -1421.499185 -1421.499375 -1421.499561 -1421.499764 -1421.500019 -1421.500372 -1421.500892 -1421.501691 -1421.502945 -1421.504946 -1421.508185 -1421.513513 -1421.522452 -1421.537826 -1421.565039 -1421.614677 -1421.707792 -1421.886541 -1422.236307 -1422.935951 -1424.387572 -1427.584234 -1435.266599 -1457.201702 -9999.0 -9999.0
-9999.0 -9999.0 286.432343 199.933548 107.851704 13.862154 -80.861777 -175.891768 -271.001344 -366.028105 -460.820295 -555.180593 -649.321359 -745.402708 -842.528502 -938.452815 -1034.048816 -1130.546328 -1223.481816 -1297.406954 -1345.801986 -1375.256643 -1392.059832 -1401.469460 -1406.969242 -1410.527972 -1413.114194 -1415.137435 -1416.750313 -1418.017304 -1418.986373 -1419.707150 -1420.229997 -1420.601005 -1420.858966 -1421.036442 -1421.166928 -1421.298791 -1421.559260 -1422.846195 -1430.753342 -1460.811940 -1050.241471 -1078.738188 -1053.288708 -1037.745512 -1030.547002 -1029.588430 -1029.492146 -1029.505576 -1029.535189 -1029.566766 -1029.597071 -1029.625110 -1029.650969 -1029.679542 -1029.759358 -1030.307978 -1034.044073 -1042.547395 -1056.297327 -1011.543499 -1438.565119 -1426.986676 -1422.344752 -1421.620414 -1421.511494 -1421.493828 -1421.492069 -1421.493209 -1421.494633 -1421.495828 -1421.496747 -1421.497442 -1421.497972 -1421.498383 -1421.498707 -1421.498968 -1421.499185 -1421.499375 -1421.499561 -1421.499764 -1421.500019 -1421.500372 -1421.500892 -1421.501691 -1421.502945 -1421.504946 -1421.508185 -1421.513513 -1421.522452 -1421.537826 -1421.565039 -1421.614677 -1421.707792 -1421.886541 -1422.236307 -1422.935951 -1424.387572 -1427.584234 -1435.266599 -1457.201702 -9999.0 -9999.0
-9999.0 -9999.0 286.430690 199.932625 107.851336 13.862019 -80.861825 -175.891785 -271.001350 -366.028108 -460.820296 -555.180593 -649.321359 -745.402708 -842.528502 -938.452815 -1034.048816 -1130.546328 -1223.481816 -1297.406954 -1345.801986 -1375.256643 -1392.059832 -1401.469460 -1406.969242 -1410.527972 -1413.114194 -1415.137435 -1416.750313 -1418.017304 -1418.986373 -1419.707150 -1420.229997 -1420.601005 -1420.858966 -1421.036442 -1421.166928 -1421.298791 -1421.559260 -1422.846195 -1430.753342 -1460.811940 -1050.241471 -1078.738188 -1053.288708 -1037.745512 -1030.547002 -1029.588430 -1029.492146 -1029.505576 -1029.535189 -1029.566766 -1029.597071 -1029.625110 -1029.650969 -1029.679542 -1029.759358 -1030.307978 -1034.044073 -1042.547395 -1056.297327 -1011.543499 -1438.565119 -1426.986676 -1422.344752 -1421.620414 -1421.511494 -1421.493828 -1421.492069 -1421.493209 -1421.494633 -1421.495828 -1421.496747 -1421.497442 -1421.497972 -1421.498383 -1421.498707 -1421.498968 -1421.499185 -1421.499375 -1421.499561 -1421.499764 -1421.500019 -1421.500372 -1421.500892 -1421.501691 -1421.502945 -1421.504946 -1421.508185 -1421.513513 -1421.522452 -1421.537826 -1421.565039 -1421.614677 -1421.707792 -1421.886541 -1422.236307 -1422.935951 -1424.387572 -1427.584234 -1435.266599 -1457.201702 -9999.0 -9999.0
-9999.0 -9999.0 286.421149 199.930405 107.850753 13.861848 -80.861879 -175.891803 -271.001356 -366.028110 -460.820296 -555.180593 -649.321359 -745.402708 -842.528502 -938.452815 -1034.048815 -1130.546328 -1223.481816 -1297.406954 -1345.801986 -1375.256643 -1392.059832 -1401.469460 -1406.969242 -1410.527972 -1413.114194 -1415.137435 -1416.750313 -1418.017304 -1418.986373 -1419.707150 -1420.229997 -1420.601005 -1420.858966 -1421.036442 -1421.166928 -1421.298791 -1421.559260 -1422.846195 -1430.753342 -1460.811940 -1050.241471 -1078.738189 -1053.288708 -1037.745513 -1030.547002 -1029.588430 -1029.492146 -1029.505576 -1029.535189 -1029.566766 -1029.597071 -1029.625110 -1029.650969 -1029.679542 -1029.759358 -1030.307978 -1034.044073 -1042.547395 -1056.297327 -1011.543499 -1438.565119 -1426.986676 -1422.344752 -1421.620414 -1421.511494 -1421.493828 -1421.492069 -1421.493209 -1421.494633 -1421.495828 -1421.496747 -1421.497442 -1421.497972 -1421.498383 -1421.498707 -1421.498968 -1421.499185 -1421.499375 -1421.499561 -1421.499764 -1421.500019 -1421.500372 -1421.500892 -1421.501691 -1421.502945 -1421.504946 -1421.508185 -1421.513513 -1421.522452 -1421.537826 -1421.565039 -1421.614677 -1421.707792 -1421.886541 -1422.236307 -1422.935951 -1424.387572 -1427.584234 -1435.266599 -1457.201702 -9999.0 -9999.0
-9999.0 -9999.0 -9999.0 -9999.0 -9999.0 -9999.0 -9999.0 -9999.0 -9999.0 -9999.0 -9999.0 -9999.0 -9999.0 -9999.0 -9999.0 -9999.0 -9999.0 -9999.0 -9999.0 -9999.0 -9999.0 -9999.0 -9999.0 -9999.0 -9999.0 -9999.0 -9999.0 -9999.0 -9999.0 -9999.0 -9999.0 -9999.0 -9999.0 -9999.0 -9999.0 -9999.0 -9999.0 -9999.0 -9999.0 -9999.0 -9999.0 -9999.0 -9999.0 -9999.0 -9999.0 -9999.0 -9999.0 -9999.0 -9999.0 -9999.0 -9999.0 -9999.0 -9999.0 -9999.0 -9999.0 -9999.0 -9999.0 -9999.0 -9999.0 -9999.0 -9999.0 -9999.0 -9999.0 -9999.0 -9999.0 -9999.0 -9999.0 -9999.0 -9999.0 -9999.0 -9999.0 -9999.0 -9999.0 -9999.0 -9999.0 -9999.0 -9999.0 -9999.0 -9999.0 -9999.0 -9999.0 -9999.0 -9999.0 -9999.0 -9999.0 -9999.0 -9999.0 -9999.0 -9999.0 -9999.0 -9999.0 -9999.0 -9999.0 -9999.0 -9999.0 -9999.0 -9999.0 -9999.0 -9999.0 -9999.0 -9999.0 -9999.0 -9999.0 -9999.0
-9999.0 -9999.0 -9999.0 -9999.0 -9999.0 -9999.0 -9999.0 -9999.0 -9999.0 -9999.0 -9999.0 -9999.0 -9999.0 -9999.0 -9999.0 -9999.0 -9999.0 -9999.0 -9999.0 -9999.0 -9999.0 -9999.0 -9999.0 -9999.0 -9999.0 -9999.0 -9999.0 -9999.0 -9999.0 -9999.0 -9999.0 -9999.0 -9999.0 -9999.0 -9999.0 -9999.0 -9999.0 -9999.0 -9999.0 -9999.0 -9999.0 -9999.0 -9999.0 -9999.0 -9999.0 -9999.0 -9999.0 -9999.0 -9999.0 -9999.0 -9999.0 -9999.0 -9999.0 -9999.0 -9999.0 -9999.0 -9999.0 -9999.0 -9999.0 -9999.0 -9999.0 -9999.0 -9999.0 -9999.0 -9999.0 -9999.0 -9999.0 -9999.0 -9999.0 -9999.0 -9999.0 -9999.0 -9999.0 -9999.0 -9999.0 -9999.0 -9999.0 -9999.0 -9999.0 -9999.0 -9999.0 -9999.0 -9999.0 -9999.0 -9999.0 -9999.0 -9999.0 -9999.0 -9999.0 -9999.0 -9999.0 -9999.0 -9999.0 -9999.0 -9999.0 -9999.0 -9999.0 -9999.0 -9999.0 -9999.0 -9999.0 -9999.0 -9999.0 -9999.0