inst/processing_geotop_simulation/geotop_simulation/out/maps3D/PwL0007N0071.asc
ncols         104
nrows         10
xllcorner     -2.000000
yllcorner     0.000000
cellsize      1.000000
NODATA_value  -9999.0
-9999.0 -9999.0 -9999.0 -9999.0 -9999.0 -9999.0 -9999.0 -9999.0 -9999.0 -9999.0 -9999.0 -9999.0 -9999.0 -9999.0 -9999.0 -9999.0 -9999.0 -9999.0 -9999.0 -9999.0 -9999.0 -9999.0 -9999.0 -9999.0 -9999.0 -9999.0 -9999.0 -9999.0 -9999.0 -9999.0 -9999.0 -9999.0 -9999.0 -9999.0 -9999.0 -9999.0 -9999.0 -9999.0 -9999.0 -9999.0 -9999.0 -9999.0 -9999.0 -9999.0 -9999.0 -9999.0 -9999.0 -9999.0 -9999.0 -9999.0 -9999.0 -9999.0 -9999.0 -9999.0 -9999.0 -9999.0 -9999.0 -9999.0 -9999.0 -9999.0 -9999.0 -9999.0 -9999.0 -9999.0 -9999.0 -9999.0 -9999.0 -9999.0 -9999.0 -9999.0 -9999.0 -9999.0 -9999.0 -9999.0 -9999.0 -9999.0 -9999.0 -9999.0 -9999.0 -9999.0 -9999.0 -9999.0 -9999.0 -9999.0 -9999.0 -9999.0 -9999.0 -9999.0 -9999.0 -9999.0 -9999.0 -9999.0 -9999.0 -9999.0 -9999.0 -9999.0 -9999.0 -9999.0 -9999.0 -9999.0 -9999.0 -9999.0 -9999.0 -9999.0
-9999.0 -9999.0 -9999.0 -9999.0 -9999.0 -9999.0 -9999.0 -9999.0 -9999.0 -9999.0 -9999.0 -9999.0 -9999.0 -9999.0 -9999.0 -9999.0 -9999.0 -9999.0 -9999.0 -9999.0 -9999.0 -9999.0 -9999.0 -9999.0 -9999.0 -9999.0 -9999.0 -9999.0 -9999.0 -9999.0 -9999.0 -9999.0 -9999.0 -9999.0 -9999.0 -9999.0 -9999.0 -9999.0 -9999.0 -9999.0 -9999.0 -9999.0 -9999.0 -9999.0 -9999.0 -9999.0 -9999.0 -9999.0 -9999.0 -9999.0 -9999.0 -9999.0 -9999.0 -9999.0 -9999.0 -9999.0 -9999.0 -9999.0 -9999.0 -9999.0 -9999.0 -9999.0 -9999.0 -9999.0 -9999.0 -9999.0 -9999.0 -9999.0 -9999.0 -9999.0 -9999.0 -9999.0 -9999.0 -9999.0 -9999.0 -9999.0 -9999.0 -9999.0 -9999.0 -9999.0 -9999.0 -9999.0 -9999.0 -9999.0 -9999.0 -9999.0 -9999.0 -9999.0 -9999.0 -9999.0 -9999.0 -9999.0 -9999.0 -9999.0 -9999.0 -9999.0 -9999.0 -9999.0 -9999.0 -9999.0 -9999.0 -9999.0 -9999.0 -9999.0
-9999.0 -9999.0 -8.841938 -108.912021 -209.582346 -312.909333 -423.958947 -548.407386 -688.132497 -832.831446 -932.153501 -959.112227 -949.183306 -953.364862 -989.275503 -1035.547860 -1083.992758 -1114.915939 -1113.334401 -1103.784038 -1093.892475 -1086.986731 -1083.797263 -1083.899697 -1086.452480 -1090.523922 -1095.236382 -1099.877122 -1103.979618 -1107.331256 -1109.910834 -1111.806644 -1113.150230 -1114.074169 -1114.691842 -1115.093302 -1115.358822 -1115.588593 -1115.847411 -1116.245551 -1121.050342 -1166.394252 -1157.918702 -1225.576769 -1164.700639 -1129.663816 -1113.759327 -1111.816912 -1111.625214 -1111.648953 -1111.703553 -1111.761787 -1111.817644 -1111.869307 -1111.916938 -1111.969565 -1112.118314 -1113.182011 -1121.238808 -1139.788913 -1172.453917 -1074.250563 -1148.471797 -1119.882417 -1116.557031 -1116.068057 -1115.969615 -1115.952020 -1115.951870 -1115.954843 -1115.957809 -1115.960188 -1115.961991 -1115.963348 -1115.964380 -1115.965178 -1115.965809 -1115.966315 -1115.966732 -1115.967096 -1115.967445 -1115.967823 -1115.968289 -1115.968928 -1115.969866 -1115.971300 -1115.973543 -1115.977110 -1115.982856 -1115.992247 -1116.007875 -1116.034484 -1116.081061 -1116.165116 -1116.321345 -1116.618853 -1117.194943 -1118.323393 -1120.569153 -1125.199638 -1135.360721 -1160.156831 -9999.0 -9999.0
-9999.0 -9999.0 -8.841939 -108.912021 -209.582347 -312.909333 -423.958948 -548.407386 -688.132497 -832.831446 -932.153501 -959.112227 -949.183306 -953.364862 -989.275503 -1035.547860 -1083.992758 -1114.915939 -1113.334401 -1103.784038 -1093.892475 -1086.986731 -1083.797263 -1083.899697 -1086.452480 -1090.523922 -1095.236382 -1099.877122 -1103.979618 -1107.331256 -1109.910834 -1111.806644 -1113.150230 -1114.074169 -1114.691842 -1115.093302 -1115.358822 -1115.588593 -1115.847411 -1116.245551 -1121.050342 -1166.394252 -1157.918702 -1225.576768 -1164.700639 -1129.663815 -1113.759327 -1111.816912 -1111.625214 -1111.648953 -1111.703553 -1111.761787 -1111.817644 -1111.869307 -1111.916938 -1111.969565 -1112.118314 -1113.182011 -1121.238808 -1139.788913 -1172.453917 -1074.250563 -1148.471797 -1119.882417 -1116.557031 -1116.068057 -1115.969615 -1115.952020 -1115.951870 -1115.954843 -1115.957809 -1115.960188 -1115.961991 -1115.963348 -1115.964380 -1115.965178 -1115.965809 -1115.966315 -1115.966732 -1115.967096 -1115.967445 -1115.967823 -1115.968289 -1115.968928 -1115.969866 -1115.971300 -1115.973543 -1115.977110 -1115.982856 -1115.992247 -1116.007875 -1116.034484 -1116.081061 -1116.165116 -1116.321345 -1116.618853 -1117.194943 -1118.323393 -1120.569153 -1125.199638 -1135.360721 -1160.156831 -9999.0 -9999.0
-9999.0 -9999.0 -8.841939 -108.912022 -209.582347 -312.909334 -423.958948 -548.407386 -688.132497 -832.831447 -932.153501 -959.112227 -949.183306 -953.364862 -989.275503 -1035.547860 -1083.992758 -1114.915939 -1113.334401 -1103.784038 -1093.892475 -1086.986731 -1083.797263 -1083.899697 -1086.452480 -1090.523922 -1095.236382 -1099.877122 -1103.979618 -1107.331256 -1109.910834 -1111.806644 -1113.150230 -1114.074169 -1114.691842 -1115.093302 -1115.358822 -1115.588593 -1115.847411 -1116.245551 -1121.050342 -1166.394252 -1157.918702 -1225.576768 -1164.700639 -1129.663815 -1113.759327 -1111.816912 -1111.625214 -1111.648953 -1111.703553 -1111.761787 -1111.817644 -1111.869307 -1111.916938 -1111.969565 -1112.118314 -1113.182011 -1121.238808 -1139.788913 -1172.453917 -1074.250563 -1148.471797 -1119.882417 -1116.557031 -1116.068057 -1115.969615 -1115.952020 -1115.951870 -1115.954843 -1115.957809 -1115.960188 -1115.961991 -1115.963348 -1115.964380 -1115.965178 -1115.965809 -1115.966315 -1115.966732 -1115.967096 -1115.967445 -1115.967823 -1115.968289 -1115.968928 -1115.969866 -1115.971300 -1115.973543 -1115.977110 -1115.982856 -1115.992247 -1116.007875 -1116.034484 -1116.081061 -1116.165116 -1116.321345 -1116.618853 -1117.194943 -1118.323393 -1120.569153 -1125.199638 -1135.360721 -1160.156831 -9999.0 -9999.0
-9999.0 -9999.0 -8.841939 -108.912022 -209.582347 -312.909334 -423.958948 -548.407386 -688.132497 -832.831447 -932.153501 -959.112227 -949.183306 -953.364862 -989.275503 -1035.547860 -1083.992758 -1114.915939 -1113.334401 -1103.784038 -1093.892475 -1086.986731 -1083.797263 -1083.899697 -1086.452480 -1090.523922 -1095.236382 -1099.877122 -1103.979618 -1107.331256 -1109.910834 -1111.806644 -1113.150230 -1114.074169 -1114.691842 -1115.093302 -1115.358822 -1115.588593 -1115.847411 -1116.245551 -1121.050342 -1166.394252 -1157.918702 -1225.576768 -1164.700639 -1129.663815 -1113.759327 -1111.816912 -1111.625214 -1111.648953 -1111.703553 -1111.761787 -1111.817644 -1111.869307 -1111.916938 -1111.969565 -1112.118314 -1113.182011 -1121.238808 -1139.788913 -1172.453917 -1074.250563 -1148.471797 -1119.882417 -1116.557031 -1116.068057 -1115.969615 -1115.952020 -1115.951870 -1115.954843 -1115.957809 -1115.960188 -1115.961991 -1115.963348 -1115.964380 -1115.965178 -1115.965809 -1115.966315 -1115.966732 -1115.967096 -1115.967445 -1115.967823 -1115.968289 -1115.968928 -1115.969866 -1115.971300 -1115.973543 -1115.977110 -1115.982856 -1115.992247 -1116.007875 -1116.034484 -1116.081061 -1116.165116 -1116.321345 -1116.618853 -1117.194943 -1118.323393 -1120.569153 -1125.199638 -1135.360721 -1160.156831 -9999.0 -9999.0
-9999.0 -9999.0 -8.841939 -108.912021 -209.582347 -312.909333 -423.958947 -548.407386 -688.132497 -832.831446 -932.153501 -959.112227 -949.183306 -953.364862 -989.275503 -1035.547860 -1083.992758 -1114.915939 -1113.334401 -1103.784038 -1093.892475 -1086.986731 -1083.797263 -1083.899697 -1086.452480 -1090.523922 -1095.236382 -1099.877122 -1103.979618 -1107.331256 -1109.910834 -1111.806644 -1113.150230 -1114.074169 -1114.691842 -1115.093302 -1115.358822 -1115.588593 -1115.847411 -1116.245551 -1121.050342 -1166.394252 -1157.918702 -1225.576768 -1164.700639 -1129.663815 -1113.759327 -1111.816912 -1111.625214 -1111.648953 -1111.703553 -1111.761787 -1111.817644 -1111.869307 -1111.916938 -1111.969565 -1112.118314 -1113.182011 -1121.238808 -1139.788913 -1172.453917 -1074.250563 -1148.471797 -1119.882417 -1116.557031 -1116.068057 -1115.969615 -1115.952020 -1115.951870 -1115.954843 -1115.957809 -1115.960188 -1115.961991 -1115.963348 -1115.964380 -1115.965178 -1115.965809 -1115.966315 -1115.966732 -1115.967096 -1115.967445 -1115.967823 -1115.968289 -1115.968928 -1115.969866 -1115.971300 -1115.973543 -1115.977110 -1115.982856 -1115.992247 -1116.007875 -1116.034484 -1116.081061 -1116.165116 -1116.321345 -1116.618853 -1117.194943 -1118.323393 -1120.569153 -1125.199638 -1135.360721 -1160.156831 -9999.0 -9999.0
-9999.0 -9999.0 -8.841938 -108.912021 -209.582346 -312.909333 -423.958947 -548.407386 -688.132497 -832.831446 -932.153501 -959.112227 -949.183306 -953.364862 -989.275503 -1035.547860 -1083.992758 -1114.915939 -1113.334401 -1103.784038 -1093.892475 -1086.986731 -1083.797263 -1083.899697 -1086.452480 -1090.523922 -1095.236382 -1099.877122 -1103.979618 -1107.331256 -1109.910834 -1111.806644 -1113.150230 -1114.074169 -1114.691842 -1115.093302 -1115.358822 -1115.588593 -1115.847411 -1116.245551 -1121.050342 -1166.394252 -1157.918702 -1225.576769 -1164.700639 -1129.663816 -1113.759327 -1111.816912 -1111.625214 -1111.648953 -1111.703553 -1111.761787 -1111.817644 -1111.869307 -1111.916938 -1111.969565 -1112.118314 -1113.182011 -1121.238808 -1139.788913 -1172.453917 -1074.250563 -1148.471797 -1119.882417 -1116.557031 -1116.068057 -1115.969615 -1115.952020 -1115.951870 -1115.954843 -1115.957809 -1115.960188 -1115.961991 -1115.963348 -1115.964380 -1115.965178 -1115.965809 -1115.966315 -1115.966732 -1115.967096 -1115.967445 -1115.967823 -1115.968289 -1115.968928 -1115.969866 -1115.971300 -1115.973543 -1115.977110 -1115.982856 -1115.992247 -1116.007875 -1116.034484 -1116.081061 -1116.165116 -1116.321345 -1116.618853 -1117.194943 -1118.323393 -1120.569153 -1125.199638 -1135.360721 -1160.156831 -9999.0 -9999.0
-9999.0 -9999.0 -9999.0 -9999.0 -9999.0 -9999.0 -9999.0 -9999.0 -9999.0 -9999.0 -9999.0 -9999.0 -9999.0 -9999.0 -9999.0 -9999.0 -9999.0 -9999.0 -9999.0 -9999.0 -9999.0 -9999.0 -9999.0 -9999.0 -9999.0 -9999.0 -9999.0 -9999.0 -9999.0 -9999.0 -9999.0 -9999.0 -9999.0 -9999.0 -9999.0 -9999.0 -9999.0 -9999.0 -9999.0 -9999.0 -9999.0 -9999.0 -9999.0 -9999.0 -9999.0 -9999.0 -9999.0 -9999.0 -9999.0 -9999.0 -9999.0 -9999.0 -9999.0 -9999.0 -9999.0 -9999.0 -9999.0 -9999.0 -9999.0 -9999.0 -9999.0 -9999.0 -9999.0 -9999.0 -9999.0 -9999.0 -9999.0 -9999.0 -9999.0 -9999.0 -9999.0 -9999.0 -9999.0 -9999.0 -9999.0 -9999.0 -9999.0 -9999.0 -9999.0 -9999.0 -9999.0 -9999.0 -9999.0 -9999.0 -9999.0 -9999.0 -9999.0 -9999.0 -9999.0 -9999.0 -9999.0 -9999.0 -9999.0 -9999.0 -9999.0 -9999.0 -9999.0 -9999.0 -9999.0 -9999.0 -9999.0 -9999.0 -9999.0 -9999.0
-9999.0 -9999.0 -9999.0 -9999.0 -9999.0 -9999.0 -9999.0 -9999.0 -9999.0 -9999.0 -9999.0 -9999.0 -9999.0 -9999.0 -9999.0 -9999.0 -9999.0 -9999.0 -9999.0 -9999.0 -9999.0 -9999.0 -9999.0 -9999.0 -9999.0 -9999.0 -9999.0 -9999.0 -9999.0 -9999.0 -9999.0 -9999.0 -9999.0 -9999.0 -9999.0 -9999.0 -9999.0 -9999.0 -9999.0 -9999.0 -9999.0 -9999.0 -9999.0 -9999.0 -9999.0 -9999.0 -9999.0 -9999.0 -9999.0 -9999.0 -9999.0 -9999.0 -9999.0 -9999.0 -9999.0 -9999.0 -9999.0 -9999.0 -9999.0 -9999.0 -9999.0 -9999.0 -9999.0 -9999.0 -9999.0 -9999.0 -9999.0 -9999.0 -9999.0 -9999.0 -9999.0 -9999.0 -9999.0 -9999.0 -9999.0 -9999.0 -9999.0 -9999.0 -9999.0 -9999.0 -9999.0 -9999.0 -9999.0 -9999.0 -9999.0 -9999.0 -9999.0 -9999.0 -9999.0 -9999.0 -9999.0 -9999.0 -9999.0 -9999.0 -9999.0 -9999.0 -9999.0 -9999.0 -9999.0 -9999.0 -9999.0 -9999.0 -9999.0 -9999.0