inst/processing_geotop_simulation/geotop_simulation/out/maps3D/PwL0008N0031.asc
ncols         104
nrows         10
xllcorner     -2.000000
yllcorner     0.000000
cellsize      1.000000
NODATA_value  -9999.0
-9999.0 -9999.0 -9999.0 -9999.0 -9999.0 -9999.0 -9999.0 -9999.0 -9999.0 -9999.0 -9999.0 -9999.0 -9999.0 -9999.0 -9999.0 -9999.0 -9999.0 -9999.0 -9999.0 -9999.0 -9999.0 -9999.0 -9999.0 -9999.0 -9999.0 -9999.0 -9999.0 -9999.0 -9999.0 -9999.0 -9999.0 -9999.0 -9999.0 -9999.0 -9999.0 -9999.0 -9999.0 -9999.0 -9999.0 -9999.0 -9999.0 -9999.0 -9999.0 -9999.0 -9999.0 -9999.0 -9999.0 -9999.0 -9999.0 -9999.0 -9999.0 -9999.0 -9999.0 -9999.0 -9999.0 -9999.0 -9999.0 -9999.0 -9999.0 -9999.0 -9999.0 -9999.0 -9999.0 -9999.0 -9999.0 -9999.0 -9999.0 -9999.0 -9999.0 -9999.0 -9999.0 -9999.0 -9999.0 -9999.0 -9999.0 -9999.0 -9999.0 -9999.0 -9999.0 -9999.0 -9999.0 -9999.0 -9999.0 -9999.0 -9999.0 -9999.0 -9999.0 -9999.0 -9999.0 -9999.0 -9999.0 -9999.0 -9999.0 -9999.0 -9999.0 -9999.0 -9999.0 -9999.0 -9999.0 -9999.0 -9999.0 -9999.0 -9999.0 -9999.0
-9999.0 -9999.0 -9999.0 -9999.0 -9999.0 -9999.0 -9999.0 -9999.0 -9999.0 -9999.0 -9999.0 -9999.0 -9999.0 -9999.0 -9999.0 -9999.0 -9999.0 -9999.0 -9999.0 -9999.0 -9999.0 -9999.0 -9999.0 -9999.0 -9999.0 -9999.0 -9999.0 -9999.0 -9999.0 -9999.0 -9999.0 -9999.0 -9999.0 -9999.0 -9999.0 -9999.0 -9999.0 -9999.0 -9999.0 -9999.0 -9999.0 -9999.0 -9999.0 -9999.0 -9999.0 -9999.0 -9999.0 -9999.0 -9999.0 -9999.0 -9999.0 -9999.0 -9999.0 -9999.0 -9999.0 -9999.0 -9999.0 -9999.0 -9999.0 -9999.0 -9999.0 -9999.0 -9999.0 -9999.0 -9999.0 -9999.0 -9999.0 -9999.0 -9999.0 -9999.0 -9999.0 -9999.0 -9999.0 -9999.0 -9999.0 -9999.0 -9999.0 -9999.0 -9999.0 -9999.0 -9999.0 -9999.0 -9999.0 -9999.0 -9999.0 -9999.0 -9999.0 -9999.0 -9999.0 -9999.0 -9999.0 -9999.0 -9999.0 -9999.0 -9999.0 -9999.0 -9999.0 -9999.0 -9999.0 -9999.0 -9999.0 -9999.0 -9999.0 -9999.0
-9999.0 -9999.0 -70.855433 -167.985058 -258.531332 -334.638846 -387.487623 -415.938840 -428.861670 -439.573470 -445.669853 -458.143589 -465.725704 -463.324314 -346.447963 -205.799700 -85.325612 45.193546 92.171048 38.097357 -20.151649 -82.383372 -147.974451 -214.434877 -278.605028 -334.381065 -376.743097 -404.711884 -421.191766 -430.125059 -434.713696 -436.971284 -438.008637 -438.378195 -438.318190 -437.881632 -436.776406 -434.248316 -437.952408 -447.978078 -398.971856 -415.270588 -2595.802048 -4563.074286 -4520.493668 -4451.294078 -4397.752869 -4390.583713 -4389.816283 -4389.742118 -4389.738097 -4389.740961 -4389.744334 -4389.747810 -4389.753823 -4389.787344 -4390.093832 -4392.778982 -4414.739845 -4455.454993 -4505.657314 -2476.471891 -476.561438 -467.250235 -445.384533 -440.207099 -439.634607 -439.725316 -439.890389 -440.025760 -440.121015 -440.184618 -440.225939 -440.253096 -440.271331 -440.284048 -440.293460 -440.301019 -440.307312 -440.313415 -440.319664 -440.327102 -440.336860 -440.351206 -440.373676 -440.409242 -440.465379 -440.554024 -440.694781 -440.919791 -441.282326 -441.872434 -442.845955 -444.478758 -447.266516 -452.097518 -460.514666 -475.012961 -499.163414 -537.303754 -594.546816 -678.604215 -9999.0 -9999.0
-9999.0 -9999.0 -70.831265 -167.977357 -258.529110 -334.638290 -387.487507 -415.938838 -428.861693 -439.573493 -445.669853 -458.143589 -465.725704 -463.324314 -346.447963 -205.799699 -85.325612 45.193546 92.171048 38.097357 -20.151649 -82.383372 -147.974451 -214.434877 -278.605028 -334.381065 -376.743097 -404.711884 -421.191766 -430.125059 -434.713696 -436.971284 -438.008637 -438.378195 -438.318190 -437.881632 -436.776406 -434.248316 -437.952408 -447.978078 -398.971856 -415.270588 -2595.802047 -4563.074286 -4520.493667 -4451.294074 -4397.752869 -4390.583713 -4389.816283 -4389.742118 -4389.738097 -4389.740961 -4389.744334 -4389.747810 -4389.753823 -4389.787344 -4390.093832 -4392.778982 -4414.739845 -4455.454993 -4505.657314 -2476.471891 -476.561438 -467.250235 -445.384533 -440.207099 -439.634607 -439.725316 -439.890389 -440.025760 -440.121015 -440.184618 -440.225939 -440.253096 -440.271331 -440.284048 -440.293460 -440.301019 -440.307312 -440.313415 -440.319664 -440.327102 -440.336860 -440.351206 -440.373676 -440.409242 -440.465379 -440.554024 -440.694781 -440.919791 -441.282326 -441.872434 -442.845955 -444.478758 -447.266516 -452.097518 -460.514665 -475.012961 -499.163414 -537.303754 -594.546816 -678.604215 -9999.0 -9999.0
-9999.0 -9999.0 -70.820059 -167.972394 -258.527387 -334.637825 -387.487410 -415.938838 -428.861715 -439.573515 -445.669853 -458.143588 -465.725703 -463.324314 -346.447963 -205.799699 -85.325612 45.193546 92.171048 38.097357 -20.151649 -82.383372 -147.974451 -214.434877 -278.605028 -334.381065 -376.743097 -404.711884 -421.191766 -430.125059 -434.713696 -436.971284 -438.008637 -438.378195 -438.318190 -437.881632 -436.776406 -434.248316 -437.952408 -447.978078 -398.971856 -415.270588 -2595.802046 -4563.074286 -4520.493667 -4451.294073 -4397.752869 -4390.583713 -4389.816283 -4389.742118 -4389.738097 -4389.740961 -4389.744334 -4389.747810 -4389.753823 -4389.787344 -4390.093832 -4392.778982 -4414.739845 -4455.454993 -4505.657314 -2476.471891 -476.561438 -467.250235 -445.384533 -440.207099 -439.634607 -439.725316 -439.890389 -440.025760 -440.121015 -440.184618 -440.225939 -440.253096 -440.271331 -440.284048 -440.293460 -440.301019 -440.307312 -440.313415 -440.319664 -440.327102 -440.336860 -440.351206 -440.373676 -440.409242 -440.465379 -440.554024 -440.694781 -440.919791 -441.282326 -441.872434 -442.845955 -444.478758 -447.266516 -452.097518 -460.514666 -475.012961 -499.163414 -537.303754 -594.546816 -678.604215 -9999.0 -9999.0
-9999.0 -9999.0 -70.820059 -167.972394 -258.527387 -334.637825 -387.487410 -415.938838 -428.861715 -439.573515 -445.669853 -458.143588 -465.725703 -463.324314 -346.447963 -205.799699 -85.325612 45.193546 92.171048 38.097357 -20.151649 -82.383372 -147.974451 -214.434877 -278.605028 -334.381065 -376.743097 -404.711884 -421.191766 -430.125059 -434.713696 -436.971284 -438.008637 -438.378195 -438.318190 -437.881632 -436.776406 -434.248316 -437.952408 -447.978078 -398.971856 -415.270588 -2595.802046 -4563.074286 -4520.493667 -4451.294073 -4397.752869 -4390.583713 -4389.816283 -4389.742118 -4389.738097 -4389.740961 -4389.744334 -4389.747810 -4389.753823 -4389.787344 -4390.093832 -4392.778982 -4414.739845 -4455.454993 -4505.657314 -2476.471891 -476.561438 -467.250235 -445.384533 -440.207099 -439.634607 -439.725316 -439.890389 -440.025760 -440.121015 -440.184618 -440.225939 -440.253096 -440.271331 -440.284048 -440.293460 -440.301019 -440.307312 -440.313415 -440.319664 -440.327102 -440.336860 -440.351206 -440.373676 -440.409242 -440.465379 -440.554024 -440.694781 -440.919791 -441.282326 -441.872434 -442.845955 -444.478758 -447.266516 -452.097518 -460.514665 -475.012961 -499.163414 -537.303754 -594.546816 -678.604215 -9999.0 -9999.0
-9999.0 -9999.0 -70.831265 -167.977357 -258.529110 -334.638291 -387.487507 -415.938838 -428.861693 -439.573493 -445.669853 -458.143589 -465.725704 -463.324314 -346.447963 -205.799699 -85.325612 45.193546 92.171048 38.097357 -20.151649 -82.383372 -147.974451 -214.434877 -278.605028 -334.381065 -376.743097 -404.711884 -421.191766 -430.125059 -434.713696 -436.971284 -438.008637 -438.378195 -438.318190 -437.881632 -436.776406 -434.248316 -437.952408 -447.978078 -398.971856 -415.270588 -2595.802047 -4563.074286 -4520.493667 -4451.294074 -4397.752869 -4390.583713 -4389.816283 -4389.742118 -4389.738097 -4389.740961 -4389.744334 -4389.747810 -4389.753823 -4389.787344 -4390.093832 -4392.778982 -4414.739845 -4455.454993 -4505.657314 -2476.471891 -476.561438 -467.250235 -445.384533 -440.207099 -439.634607 -439.725316 -439.890389 -440.025760 -440.121015 -440.184618 -440.225939 -440.253096 -440.271331 -440.284048 -440.293460 -440.301019 -440.307312 -440.313415 -440.319664 -440.327102 -440.336860 -440.351206 -440.373676 -440.409242 -440.465379 -440.554024 -440.694781 -440.919791 -441.282326 -441.872434 -442.845955 -444.478758 -447.266516 -452.097518 -460.514666 -475.012961 -499.163414 -537.303754 -594.546816 -678.604215 -9999.0 -9999.0
-9999.0 -9999.0 -70.855433 -167.985058 -258.531332 -334.638846 -387.487623 -415.938840 -428.861670 -439.573470 -445.669853 -458.143589 -465.725704 -463.324314 -346.447963 -205.799700 -85.325612 45.193546 92.171048 38.097357 -20.151649 -82.383372 -147.974451 -214.434877 -278.605028 -334.381065 -376.743097 -404.711884 -421.191766 -430.125059 -434.713696 -436.971284 -438.008637 -438.378195 -438.318190 -437.881632 -436.776406 -434.248316 -437.952408 -447.978078 -398.971856 -415.270588 -2595.802048 -4563.074286 -4520.493668 -4451.294078 -4397.752869 -4390.583713 -4389.816283 -4389.742118 -4389.738097 -4389.740961 -4389.744334 -4389.747810 -4389.753823 -4389.787344 -4390.093832 -4392.778982 -4414.739845 -4455.454993 -4505.657314 -2476.471891 -476.561438 -467.250235 -445.384533 -440.207099 -439.634607 -439.725316 -439.890389 -440.025760 -440.121015 -440.184618 -440.225939 -440.253096 -440.271331 -440.284048 -440.293460 -440.301019 -440.307312 -440.313415 -440.319664 -440.327102 -440.336860 -440.351206 -440.373676 -440.409242 -440.465379 -440.554024 -440.694781 -440.919791 -441.282326 -441.872434 -442.845955 -444.478758 -447.266516 -452.097518 -460.514665 -475.012961 -499.163414 -537.303754 -594.546816 -678.604215 -9999.0 -9999.0
-9999.0 -9999.0 -9999.0 -9999.0 -9999.0 -9999.0 -9999.0 -9999.0 -9999.0 -9999.0 -9999.0 -9999.0 -9999.0 -9999.0 -9999.0 -9999.0 -9999.0 -9999.0 -9999.0 -9999.0 -9999.0 -9999.0 -9999.0 -9999.0 -9999.0 -9999.0 -9999.0 -9999.0 -9999.0 -9999.0 -9999.0 -9999.0 -9999.0 -9999.0 -9999.0 -9999.0 -9999.0 -9999.0 -9999.0 -9999.0 -9999.0 -9999.0 -9999.0 -9999.0 -9999.0 -9999.0 -9999.0 -9999.0 -9999.0 -9999.0 -9999.0 -9999.0 -9999.0 -9999.0 -9999.0 -9999.0 -9999.0 -9999.0 -9999.0 -9999.0 -9999.0 -9999.0 -9999.0 -9999.0 -9999.0 -9999.0 -9999.0 -9999.0 -9999.0 -9999.0 -9999.0 -9999.0 -9999.0 -9999.0 -9999.0 -9999.0 -9999.0 -9999.0 -9999.0 -9999.0 -9999.0 -9999.0 -9999.0 -9999.0 -9999.0 -9999.0 -9999.0 -9999.0 -9999.0 -9999.0 -9999.0 -9999.0 -9999.0 -9999.0 -9999.0 -9999.0 -9999.0 -9999.0 -9999.0 -9999.0 -9999.0 -9999.0 -9999.0 -9999.0
-9999.0 -9999.0 -9999.0 -9999.0 -9999.0 -9999.0 -9999.0 -9999.0 -9999.0 -9999.0 -9999.0 -9999.0 -9999.0 -9999.0 -9999.0 -9999.0 -9999.0 -9999.0 -9999.0 -9999.0 -9999.0 -9999.0 -9999.0 -9999.0 -9999.0 -9999.0 -9999.0 -9999.0 -9999.0 -9999.0 -9999.0 -9999.0 -9999.0 -9999.0 -9999.0 -9999.0 -9999.0 -9999.0 -9999.0 -9999.0 -9999.0 -9999.0 -9999.0 -9999.0 -9999.0 -9999.0 -9999.0 -9999.0 -9999.0 -9999.0 -9999.0 -9999.0 -9999.0 -9999.0 -9999.0 -9999.0 -9999.0 -9999.0 -9999.0 -9999.0 -9999.0 -9999.0 -9999.0 -9999.0 -9999.0 -9999.0 -9999.0 -9999.0 -9999.0 -9999.0 -9999.0 -9999.0 -9999.0 -9999.0 -9999.0 -9999.0 -9999.0 -9999.0 -9999.0 -9999.0 -9999.0 -9999.0 -9999.0 -9999.0 -9999.0 -9999.0 -9999.0 -9999.0 -9999.0 -9999.0 -9999.0 -9999.0 -9999.0 -9999.0 -9999.0 -9999.0 -9999.0 -9999.0 -9999.0 -9999.0 -9999.0 -9999.0 -9999.0 -9999.0