inst/processing_geotop_simulation/geotop_simulation/out/maps3D/PwL0021N0378.asc
ncols         104
nrows         10
xllcorner     -2.000000
yllcorner     0.000000
cellsize      1.000000
NODATA_value  -9999.0
-9999.0 -9999.0 -9999.0 -9999.0 -9999.0 -9999.0 -9999.0 -9999.0 -9999.0 -9999.0 -9999.0 -9999.0 -9999.0 -9999.0 -9999.0 -9999.0 -9999.0 -9999.0 -9999.0 -9999.0 -9999.0 -9999.0 -9999.0 -9999.0 -9999.0 -9999.0 -9999.0 -9999.0 -9999.0 -9999.0 -9999.0 -9999.0 -9999.0 -9999.0 -9999.0 -9999.0 -9999.0 -9999.0 -9999.0 -9999.0 -9999.0 -9999.0 -9999.0 -9999.0 -9999.0 -9999.0 -9999.0 -9999.0 -9999.0 -9999.0 -9999.0 -9999.0 -9999.0 -9999.0 -9999.0 -9999.0 -9999.0 -9999.0 -9999.0 -9999.0 -9999.0 -9999.0 -9999.0 -9999.0 -9999.0 -9999.0 -9999.0 -9999.0 -9999.0 -9999.0 -9999.0 -9999.0 -9999.0 -9999.0 -9999.0 -9999.0 -9999.0 -9999.0 -9999.0 -9999.0 -9999.0 -9999.0 -9999.0 -9999.0 -9999.0 -9999.0 -9999.0 -9999.0 -9999.0 -9999.0 -9999.0 -9999.0 -9999.0 -9999.0 -9999.0 -9999.0 -9999.0 -9999.0 -9999.0 -9999.0 -9999.0 -9999.0 -9999.0 -9999.0
-9999.0 -9999.0 -9999.0 -9999.0 -9999.0 -9999.0 -9999.0 -9999.0 -9999.0 -9999.0 -9999.0 -9999.0 -9999.0 -9999.0 -9999.0 -9999.0 -9999.0 -9999.0 -9999.0 -9999.0 -9999.0 -9999.0 -9999.0 -9999.0 -9999.0 -9999.0 -9999.0 -9999.0 -9999.0 -9999.0 -9999.0 -9999.0 -9999.0 -9999.0 -9999.0 -9999.0 -9999.0 -9999.0 -9999.0 -9999.0 -9999.0 -9999.0 -9999.0 -9999.0 -9999.0 -9999.0 -9999.0 -9999.0 -9999.0 -9999.0 -9999.0 -9999.0 -9999.0 -9999.0 -9999.0 -9999.0 -9999.0 -9999.0 -9999.0 -9999.0 -9999.0 -9999.0 -9999.0 -9999.0 -9999.0 -9999.0 -9999.0 -9999.0 -9999.0 -9999.0 -9999.0 -9999.0 -9999.0 -9999.0 -9999.0 -9999.0 -9999.0 -9999.0 -9999.0 -9999.0 -9999.0 -9999.0 -9999.0 -9999.0 -9999.0 -9999.0 -9999.0 -9999.0 -9999.0 -9999.0 -9999.0 -9999.0 -9999.0 -9999.0 -9999.0 -9999.0 -9999.0 -9999.0 -9999.0 -9999.0 -9999.0 -9999.0 -9999.0 -9999.0
-9999.0 -9999.0 1018.603722 919.635531 820.618918 721.481705 622.275174 523.037447 423.790334 324.545970 225.311204 126.090022 26.885350 -72.297532 -171.458385 -270.585768 -369.653710 -468.611752 -567.365379 -665.742760 -763.852849 -861.868647 -959.364445 -1056.103470 -1148.944984 -1233.769416 -1310.401541 -1377.233807 -1433.400938 -1478.917218 -1514.579252 -1541.703979 -1561.825757 -1576.451245 -1586.911353 -1594.303661 -1599.506721 -1603.282671 -1606.607795 -1611.588616 -1623.255618 -1654.167701 -1708.713737 -2848.628852 -3906.946756 -3902.816576 -3580.430792 -3079.564389 -2768.242376 -2572.677429 -2432.494194 -2313.694065 -2240.757387 -2193.396292 -2149.281018 -2102.873361 -2052.430301 -1998.483148 -1942.748820 -1886.354988 -1816.439272 -1485.570991 -1610.244624 -1615.220337 -1612.531504 -1611.333569 -1611.033681 -1610.974735 -1610.964897 -1610.963826 -1610.964177 -1610.964685 -1610.965144 -1610.965534 -1610.965870 -1610.966165 -1610.966432 -1610.966679 -1610.966915 -1610.967147 -1610.967383 -1610.967635 -1610.967916 -1610.968247 -1610.968659 -1610.969204 -1610.969962 -1610.971070 -1610.972766 -1610.975473 -1610.979974 -1610.987769 -1611.001801 -1611.028021 -1611.078845 -1611.181358 -1611.398291 -1611.884821 -1613.049571 -1616.044665 -1624.437849 -1650.734132 -9999.0 -9999.0
-9999.0 -9999.0 1018.606277 919.636545 820.619259 721.481819 622.275213 523.037461 423.790340 324.545972 225.311205 126.090022 26.885350 -72.297532 -171.458385 -270.585769 -369.653710 -468.611752 -567.365379 -665.742760 -763.852849 -861.868647 -959.364446 -1056.103471 -1148.944984 -1233.769416 -1310.401541 -1377.233807 -1433.400938 -1478.917218 -1514.579252 -1541.703979 -1561.825757 -1576.451245 -1586.911353 -1594.303661 -1599.506721 -1603.282671 -1606.607795 -1611.588616 -1623.255618 -1654.167701 -1708.713736 -2848.628851 -3906.946756 -3902.816576 -3580.430791 -3079.564388 -2768.242376 -2572.677427 -2432.494192 -2313.694064 -2240.757387 -2193.396292 -2149.281018 -2102.873361 -2052.430300 -1998.483148 -1942.748820 -1886.354988 -1816.439272 -1485.570991 -1610.244624 -1615.220337 -1612.531504 -1611.333569 -1611.033681 -1610.974735 -1610.964897 -1610.963826 -1610.964177 -1610.964685 -1610.965144 -1610.965534 -1610.965870 -1610.966165 -1610.966432 -1610.966679 -1610.966915 -1610.967147 -1610.967383 -1610.967635 -1610.967916 -1610.968247 -1610.968659 -1610.969204 -1610.969962 -1610.971070 -1610.972766 -1610.975472 -1610.979974 -1610.987768 -1611.001800 -1611.028021 -1611.078845 -1611.181358 -1611.398291 -1611.884821 -1613.049571 -1616.044665 -1624.437849 -1650.734132 -9999.0 -9999.0
-9999.0 -9999.0 1018.607310 919.637105 820.619498 721.481911 622.275247 523.037473 423.790345 324.545974 225.311206 126.090023 26.885350 -72.297532 -171.458385 -270.585769 -369.653710 -468.611752 -567.365380 -665.742760 -763.852850 -861.868647 -959.364446 -1056.103471 -1148.944984 -1233.769416 -1310.401541 -1377.233807 -1433.400938 -1478.917218 -1514.579252 -1541.703979 -1561.825757 -1576.451245 -1586.911353 -1594.303661 -1599.506721 -1603.282671 -1606.607795 -1611.588616 -1623.255618 -1654.167701 -1708.713736 -2848.628851 -3906.946756 -3902.816576 -3580.430791 -3079.564387 -2768.242376 -2572.677426 -2432.494191 -2313.694064 -2240.757387 -2193.396292 -2149.281018 -2102.873361 -2052.430300 -1998.483148 -1942.748820 -1886.354988 -1816.439272 -1485.570991 -1610.244624 -1615.220337 -1612.531504 -1611.333569 -1611.033681 -1610.974735 -1610.964897 -1610.963826 -1610.964177 -1610.964685 -1610.965144 -1610.965534 -1610.965870 -1610.966165 -1610.966432 -1610.966679 -1610.966915 -1610.967147 -1610.967383 -1610.967635 -1610.967916 -1610.968247 -1610.968659 -1610.969204 -1610.969962 -1610.971070 -1610.972766 -1610.975472 -1610.979974 -1610.987768 -1611.001800 -1611.028021 -1611.078845 -1611.181358 -1611.398291 -1611.884821 -1613.049571 -1616.044665 -1624.437849 -1650.734132 -9999.0 -9999.0
-9999.0 -9999.0 1018.607310 919.637105 820.619498 721.481911 622.275247 523.037474 423.790345 324.545974 225.311206 126.090023 26.885351 -72.297532 -171.458385 -270.585769 -369.653710 -468.611752 -567.365380 -665.742760 -763.852850 -861.868647 -959.364446 -1056.103471 -1148.944984 -1233.769416 -1310.401541 -1377.233807 -1433.400938 -1478.917218 -1514.579252 -1541.703979 -1561.825757 -1576.451245 -1586.911353 -1594.303661 -1599.506721 -1603.282671 -1606.607795 -1611.588616 -1623.255618 -1654.167701 -1708.713736 -2848.628851 -3906.946756 -3902.816576 -3580.430791 -3079.564387 -2768.242376 -2572.677427 -2432.494191 -2313.694064 -2240.757387 -2193.396292 -2149.281018 -2102.873361 -2052.430300 -1998.483148 -1942.748820 -1886.354988 -1816.439272 -1485.570991 -1610.244624 -1615.220337 -1612.531504 -1611.333569 -1611.033681 -1610.974735 -1610.964897 -1610.963826 -1610.964177 -1610.964685 -1610.965144 -1610.965534 -1610.965870 -1610.966165 -1610.966432 -1610.966679 -1610.966915 -1610.967147 -1610.967383 -1610.967635 -1610.967916 -1610.968247 -1610.968659 -1610.969204 -1610.969962 -1610.971070 -1610.972766 -1610.975472 -1610.979974 -1610.987768 -1611.001800 -1611.028021 -1611.078845 -1611.181358 -1611.398291 -1611.884821 -1613.049571 -1616.044665 -1624.437849 -1650.734132 -9999.0 -9999.0
-9999.0 -9999.0 1018.606277 919.636545 820.619259 721.481818 622.275213 523.037461 423.790340 324.545972 225.311205 126.090023 26.885350 -72.297532 -171.458385 -270.585769 -369.653710 -468.611752 -567.365379 -665.742760 -763.852849 -861.868647 -959.364446 -1056.103471 -1148.944984 -1233.769416 -1310.401541 -1377.233807 -1433.400938 -1478.917218 -1514.579252 -1541.703979 -1561.825757 -1576.451245 -1586.911353 -1594.303661 -1599.506721 -1603.282671 -1606.607795 -1611.588616 -1623.255618 -1654.167701 -1708.713736 -2848.628851 -3906.946756 -3902.816576 -3580.430791 -3079.564388 -2768.242376 -2572.677427 -2432.494192 -2313.694064 -2240.757387 -2193.396292 -2149.281018 -2102.873361 -2052.430301 -1998.483148 -1942.748820 -1886.354988 -1816.439272 -1485.570991 -1610.244624 -1615.220337 -1612.531504 -1611.333569 -1611.033681 -1610.974735 -1610.964897 -1610.963826 -1610.964177 -1610.964685 -1610.965144 -1610.965534 -1610.965870 -1610.966165 -1610.966432 -1610.966679 -1610.966915 -1610.967147 -1610.967383 -1610.967635 -1610.967916 -1610.968247 -1610.968659 -1610.969204 -1610.969962 -1610.971070 -1610.972766 -1610.975472 -1610.979974 -1610.987768 -1611.001800 -1611.028021 -1611.078845 -1611.181358 -1611.398291 -1611.884821 -1613.049571 -1616.044665 -1624.437849 -1650.734132 -9999.0 -9999.0
-9999.0 -9999.0 1018.603721 919.635531 820.618918 721.481705 622.275174 523.037447 423.790334 324.545970 225.311204 126.090022 26.885350 -72.297532 -171.458384 -270.585769 -369.653710 -468.611752 -567.365379 -665.742760 -763.852849 -861.868647 -959.364445 -1056.103470 -1148.944984 -1233.769416 -1310.401541 -1377.233807 -1433.400938 -1478.917218 -1514.579252 -1541.703979 -1561.825757 -1576.451245 -1586.911353 -1594.303661 -1599.506721 -1603.282671 -1606.607795 -1611.588616 -1623.255618 -1654.167701 -1708.713737 -2848.628852 -3906.946756 -3902.816576 -3580.430792 -3079.564389 -2768.242376 -2572.677429 -2432.494194 -2313.694065 -2240.757387 -2193.396292 -2149.281018 -2102.873361 -2052.430301 -1998.483148 -1942.748820 -1886.354988 -1816.439272 -1485.570991 -1610.244624 -1615.220337 -1612.531504 -1611.333569 -1611.033681 -1610.974735 -1610.964897 -1610.963826 -1610.964177 -1610.964685 -1610.965144 -1610.965534 -1610.965870 -1610.966165 -1610.966432 -1610.966679 -1610.966915 -1610.967147 -1610.967383 -1610.967635 -1610.967916 -1610.968247 -1610.968659 -1610.969204 -1610.969962 -1610.971070 -1610.972766 -1610.975473 -1610.979974 -1610.987769 -1611.001801 -1611.028021 -1611.078845 -1611.181358 -1611.398291 -1611.884821 -1613.049571 -1616.044665 -1624.437849 -1650.734132 -9999.0 -9999.0
-9999.0 -9999.0 -9999.0 -9999.0 -9999.0 -9999.0 -9999.0 -9999.0 -9999.0 -9999.0 -9999.0 -9999.0 -9999.0 -9999.0 -9999.0 -9999.0 -9999.0 -9999.0 -9999.0 -9999.0 -9999.0 -9999.0 -9999.0 -9999.0 -9999.0 -9999.0 -9999.0 -9999.0 -9999.0 -9999.0 -9999.0 -9999.0 -9999.0 -9999.0 -9999.0 -9999.0 -9999.0 -9999.0 -9999.0 -9999.0 -9999.0 -9999.0 -9999.0 -9999.0 -9999.0 -9999.0 -9999.0 -9999.0 -9999.0 -9999.0 -9999.0 -9999.0 -9999.0 -9999.0 -9999.0 -9999.0 -9999.0 -9999.0 -9999.0 -9999.0 -9999.0 -9999.0 -9999.0 -9999.0 -9999.0 -9999.0 -9999.0 -9999.0 -9999.0 -9999.0 -9999.0 -9999.0 -9999.0 -9999.0 -9999.0 -9999.0 -9999.0 -9999.0 -9999.0 -9999.0 -9999.0 -9999.0 -9999.0 -9999.0 -9999.0 -9999.0 -9999.0 -9999.0 -9999.0 -9999.0 -9999.0 -9999.0 -9999.0 -9999.0 -9999.0 -9999.0 -9999.0 -9999.0 -9999.0 -9999.0 -9999.0 -9999.0 -9999.0 -9999.0
-9999.0 -9999.0 -9999.0 -9999.0 -9999.0 -9999.0 -9999.0 -9999.0 -9999.0 -9999.0 -9999.0 -9999.0 -9999.0 -9999.0 -9999.0 -9999.0 -9999.0 -9999.0 -9999.0 -9999.0 -9999.0 -9999.0 -9999.0 -9999.0 -9999.0 -9999.0 -9999.0 -9999.0 -9999.0 -9999.0 -9999.0 -9999.0 -9999.0 -9999.0 -9999.0 -9999.0 -9999.0 -9999.0 -9999.0 -9999.0 -9999.0 -9999.0 -9999.0 -9999.0 -9999.0 -9999.0 -9999.0 -9999.0 -9999.0 -9999.0 -9999.0 -9999.0 -9999.0 -9999.0 -9999.0 -9999.0 -9999.0 -9999.0 -9999.0 -9999.0 -9999.0 -9999.0 -9999.0 -9999.0 -9999.0 -9999.0 -9999.0 -9999.0 -9999.0 -9999.0 -9999.0 -9999.0 -9999.0 -9999.0 -9999.0 -9999.0 -9999.0 -9999.0 -9999.0 -9999.0 -9999.0 -9999.0 -9999.0 -9999.0 -9999.0 -9999.0 -9999.0 -9999.0 -9999.0 -9999.0 -9999.0 -9999.0 -9999.0 -9999.0 -9999.0 -9999.0 -9999.0 -9999.0 -9999.0 -9999.0 -9999.0 -9999.0 -9999.0 -9999.0