inst/processing_geotop_simulation/geotop_simulation/out/maps3D/PwL0013N0253.asc
ncols         104
nrows         10
xllcorner     -2.000000
yllcorner     0.000000
cellsize      1.000000
NODATA_value  -9999.0
-9999.0 -9999.0 -9999.0 -9999.0 -9999.0 -9999.0 -9999.0 -9999.0 -9999.0 -9999.0 -9999.0 -9999.0 -9999.0 -9999.0 -9999.0 -9999.0 -9999.0 -9999.0 -9999.0 -9999.0 -9999.0 -9999.0 -9999.0 -9999.0 -9999.0 -9999.0 -9999.0 -9999.0 -9999.0 -9999.0 -9999.0 -9999.0 -9999.0 -9999.0 -9999.0 -9999.0 -9999.0 -9999.0 -9999.0 -9999.0 -9999.0 -9999.0 -9999.0 -9999.0 -9999.0 -9999.0 -9999.0 -9999.0 -9999.0 -9999.0 -9999.0 -9999.0 -9999.0 -9999.0 -9999.0 -9999.0 -9999.0 -9999.0 -9999.0 -9999.0 -9999.0 -9999.0 -9999.0 -9999.0 -9999.0 -9999.0 -9999.0 -9999.0 -9999.0 -9999.0 -9999.0 -9999.0 -9999.0 -9999.0 -9999.0 -9999.0 -9999.0 -9999.0 -9999.0 -9999.0 -9999.0 -9999.0 -9999.0 -9999.0 -9999.0 -9999.0 -9999.0 -9999.0 -9999.0 -9999.0 -9999.0 -9999.0 -9999.0 -9999.0 -9999.0 -9999.0 -9999.0 -9999.0 -9999.0 -9999.0 -9999.0 -9999.0 -9999.0 -9999.0
-9999.0 -9999.0 -9999.0 -9999.0 -9999.0 -9999.0 -9999.0 -9999.0 -9999.0 -9999.0 -9999.0 -9999.0 -9999.0 -9999.0 -9999.0 -9999.0 -9999.0 -9999.0 -9999.0 -9999.0 -9999.0 -9999.0 -9999.0 -9999.0 -9999.0 -9999.0 -9999.0 -9999.0 -9999.0 -9999.0 -9999.0 -9999.0 -9999.0 -9999.0 -9999.0 -9999.0 -9999.0 -9999.0 -9999.0 -9999.0 -9999.0 -9999.0 -9999.0 -9999.0 -9999.0 -9999.0 -9999.0 -9999.0 -9999.0 -9999.0 -9999.0 -9999.0 -9999.0 -9999.0 -9999.0 -9999.0 -9999.0 -9999.0 -9999.0 -9999.0 -9999.0 -9999.0 -9999.0 -9999.0 -9999.0 -9999.0 -9999.0 -9999.0 -9999.0 -9999.0 -9999.0 -9999.0 -9999.0 -9999.0 -9999.0 -9999.0 -9999.0 -9999.0 -9999.0 -9999.0 -9999.0 -9999.0 -9999.0 -9999.0 -9999.0 -9999.0 -9999.0 -9999.0 -9999.0 -9999.0 -9999.0 -9999.0 -9999.0 -9999.0 -9999.0 -9999.0 -9999.0 -9999.0 -9999.0 -9999.0 -9999.0 -9999.0 -9999.0 -9999.0
-9999.0 -9999.0 625.123936 528.230381 430.586809 332.486058 234.177262 135.779732 37.352662 -61.066724 -159.463688 -257.812036 -356.055437 -454.070544 -551.651800 -648.531490 -745.009801 -841.586227 -937.739957 -1033.384996 -1125.990796 -1211.500708 -1288.437941 -1354.481087 -1408.595965 -1451.099846 -1483.293124 -1506.952523 -1523.915463 -1535.833785 -1544.071341 -1549.690596 -1553.484714 -1556.026890 -1557.721416 -1558.850356 -1559.617994 -1560.221080 -1561.097852 -1563.942211 -1574.680124 -1610.147077 -1858.176036 -4151.342886 -3977.839837 -3742.483964 -3611.813591 -3594.349804 -3592.588445 -3592.774123 -3593.235049 -3593.728362 -3594.201694 -3594.639531 -3595.044152 -3595.500836 -3596.857693 -3606.525646 -3674.823511 -3818.451749 -3914.511680 -1660.797284 -1575.072355 -1567.352927 -1562.605847 -1561.425169 -1561.210947 -1561.176709 -1561.171910 -1561.171840 -1561.172456 -1561.173060 -1561.173544 -1561.173918 -1561.174206 -1561.174432 -1561.174613 -1561.174760 -1561.174885 -1561.174997 -1561.175108 -1561.175231 -1561.175385 -1561.175596 -1561.175906 -1561.176379 -1561.177121 -1561.178306 -1561.180235 -1561.183436 -1561.188874 -1561.198369 -1561.215450 -1561.247115 -1561.307515 -1561.426008 -1561.666308 -1562.176393 -1563.327719 -1566.129709 -1573.661736 -1597.373592 -9999.0 -9999.0
-9999.0 -9999.0 625.129002 528.231963 430.587273 332.486201 234.177309 135.779748 37.352668 -61.066722 -159.463687 -257.812036 -356.055437 -454.070544 -551.651800 -648.531490 -745.009801 -841.586227 -937.739958 -1033.384996 -1125.990796 -1211.500708 -1288.437941 -1354.481088 -1408.595965 -1451.099846 -1483.293124 -1506.952523 -1523.915463 -1535.833785 -1544.071341 -1549.690596 -1553.484714 -1556.026890 -1557.721416 -1558.850356 -1559.617994 -1560.221080 -1561.097852 -1563.942211 -1574.680124 -1610.147077 -1858.176036 -4151.342885 -3977.839834 -3742.483957 -3611.813592 -3594.349803 -3592.588445 -3592.774123 -3593.235049 -3593.728362 -3594.201694 -3594.639531 -3595.044152 -3595.500836 -3596.857693 -3606.525646 -3674.823511 -3818.451749 -3914.511680 -1660.797284 -1575.072355 -1567.352927 -1562.605847 -1561.425169 -1561.210947 -1561.176709 -1561.171910 -1561.171840 -1561.172456 -1561.173060 -1561.173544 -1561.173918 -1561.174206 -1561.174432 -1561.174613 -1561.174760 -1561.174885 -1561.174997 -1561.175108 -1561.175231 -1561.175385 -1561.175596 -1561.175906 -1561.176379 -1561.177121 -1561.178306 -1561.180235 -1561.183436 -1561.188874 -1561.198369 -1561.215450 -1561.247115 -1561.307515 -1561.426008 -1561.666308 -1562.176393 -1563.327719 -1566.129709 -1573.661736 -1597.373592 -9999.0 -9999.0
-9999.0 -9999.0 625.130442 528.232716 430.587579 332.486315 234.177350 135.779763 37.352673 -61.066720 -159.463687 -257.812036 -356.055437 -454.070544 -551.651800 -648.531490 -745.009801 -841.586227 -937.739958 -1033.384996 -1125.990797 -1211.500708 -1288.437941 -1354.481088 -1408.595966 -1451.099846 -1483.293124 -1506.952523 -1523.915463 -1535.833785 -1544.071341 -1549.690596 -1553.484714 -1556.026890 -1557.721416 -1558.850356 -1559.617994 -1560.221080 -1561.097852 -1563.942211 -1574.680124 -1610.147077 -1858.176036 -4151.342885 -3977.839833 -3742.483953 -3611.813591 -3594.349803 -3592.588445 -3592.774123 -3593.235049 -3593.728362 -3594.201694 -3594.639531 -3595.044152 -3595.500836 -3596.857693 -3606.525646 -3674.823511 -3818.451749 -3914.511680 -1660.797284 -1575.072355 -1567.352927 -1562.605847 -1561.425169 -1561.210947 -1561.176709 -1561.171910 -1561.171840 -1561.172456 -1561.173060 -1561.173544 -1561.173918 -1561.174206 -1561.174432 -1561.174613 -1561.174760 -1561.174885 -1561.174997 -1561.175108 -1561.175231 -1561.175385 -1561.175596 -1561.175906 -1561.176379 -1561.177121 -1561.178306 -1561.180235 -1561.183436 -1561.188874 -1561.198369 -1561.215450 -1561.247115 -1561.307515 -1561.426008 -1561.666308 -1562.176393 -1563.327719 -1566.129709 -1573.661736 -1597.373592 -9999.0 -9999.0
-9999.0 -9999.0 625.130442 528.232716 430.587579 332.486315 234.177350 135.779763 37.352673 -61.066720 -159.463687 -257.812036 -356.055437 -454.070544 -551.651800 -648.531490 -745.009801 -841.586227 -937.739958 -1033.384996 -1125.990797 -1211.500708 -1288.437941 -1354.481088 -1408.595966 -1451.099846 -1483.293124 -1506.952523 -1523.915463 -1535.833785 -1544.071341 -1549.690596 -1553.484714 -1556.026890 -1557.721416 -1558.850356 -1559.617994 -1560.221080 -1561.097852 -1563.942211 -1574.680124 -1610.147077 -1858.176036 -4151.342885 -3977.839833 -3742.483953 -3611.813591 -3594.349803 -3592.588445 -3592.774123 -3593.235049 -3593.728362 -3594.201694 -3594.639531 -3595.044152 -3595.500836 -3596.857693 -3606.525646 -3674.823511 -3818.451749 -3914.511680 -1660.797284 -1575.072355 -1567.352927 -1562.605847 -1561.425169 -1561.210947 -1561.176709 -1561.171910 -1561.171840 -1561.172456 -1561.173060 -1561.173544 -1561.173918 -1561.174206 -1561.174432 -1561.174613 -1561.174760 -1561.174885 -1561.174997 -1561.175108 -1561.175231 -1561.175385 -1561.175596 -1561.175906 -1561.176379 -1561.177121 -1561.178306 -1561.180235 -1561.183436 -1561.188874 -1561.198369 -1561.215450 -1561.247115 -1561.307515 -1561.426008 -1561.666308 -1562.176393 -1563.327719 -1566.129709 -1573.661736 -1597.373592 -9999.0 -9999.0
-9999.0 -9999.0 625.129002 528.231963 430.587273 332.486201 234.177309 135.779748 37.352668 -61.066722 -159.463687 -257.812036 -356.055437 -454.070544 -551.651800 -648.531490 -745.009801 -841.586227 -937.739958 -1033.384996 -1125.990796 -1211.500708 -1288.437941 -1354.481088 -1408.595965 -1451.099846 -1483.293124 -1506.952523 -1523.915463 -1535.833785 -1544.071341 -1549.690596 -1553.484714 -1556.026890 -1557.721416 -1558.850356 -1559.617994 -1560.221080 -1561.097852 -1563.942211 -1574.680124 -1610.147077 -1858.176036 -4151.342885 -3977.839834 -3742.483957 -3611.813592 -3594.349803 -3592.588445 -3592.774123 -3593.235049 -3593.728362 -3594.201694 -3594.639531 -3595.044152 -3595.500836 -3596.857693 -3606.525646 -3674.823511 -3818.451749 -3914.511680 -1660.797284 -1575.072355 -1567.352927 -1562.605847 -1561.425169 -1561.210947 -1561.176709 -1561.171910 -1561.171840 -1561.172456 -1561.173060 -1561.173544 -1561.173918 -1561.174206 -1561.174432 -1561.174613 -1561.174760 -1561.174885 -1561.174997 -1561.175108 -1561.175231 -1561.175385 -1561.175596 -1561.175906 -1561.176379 -1561.177121 -1561.178306 -1561.180235 -1561.183436 -1561.188874 -1561.198369 -1561.215450 -1561.247115 -1561.307515 -1561.426008 -1561.666308 -1562.176393 -1563.327719 -1566.129709 -1573.661736 -1597.373592 -9999.0 -9999.0
-9999.0 -9999.0 625.123936 528.230381 430.586809 332.486058 234.177262 135.779732 37.352662 -61.066724 -159.463688 -257.812036 -356.055437 -454.070544 -551.651800 -648.531490 -745.009801 -841.586227 -937.739957 -1033.384996 -1125.990796 -1211.500708 -1288.437941 -1354.481087 -1408.595965 -1451.099846 -1483.293124 -1506.952523 -1523.915463 -1535.833785 -1544.071341 -1549.690596 -1553.484714 -1556.026890 -1557.721416 -1558.850356 -1559.617994 -1560.221080 -1561.097852 -1563.942211 -1574.680124 -1610.147077 -1858.176036 -4151.342886 -3977.839837 -3742.483964 -3611.813591 -3594.349804 -3592.588445 -3592.774123 -3593.235049 -3593.728362 -3594.201694 -3594.639531 -3595.044152 -3595.500836 -3596.857693 -3606.525646 -3674.823511 -3818.451749 -3914.511680 -1660.797284 -1575.072355 -1567.352927 -1562.605847 -1561.425169 -1561.210947 -1561.176709 -1561.171910 -1561.171840 -1561.172456 -1561.173060 -1561.173544 -1561.173918 -1561.174206 -1561.174432 -1561.174613 -1561.174760 -1561.174885 -1561.174997 -1561.175108 -1561.175231 -1561.175385 -1561.175596 -1561.175906 -1561.176379 -1561.177121 -1561.178306 -1561.180235 -1561.183436 -1561.188874 -1561.198369 -1561.215450 -1561.247115 -1561.307515 -1561.426008 -1561.666308 -1562.176393 -1563.327719 -1566.129709 -1573.661736 -1597.373592 -9999.0 -9999.0
-9999.0 -9999.0 -9999.0 -9999.0 -9999.0 -9999.0 -9999.0 -9999.0 -9999.0 -9999.0 -9999.0 -9999.0 -9999.0 -9999.0 -9999.0 -9999.0 -9999.0 -9999.0 -9999.0 -9999.0 -9999.0 -9999.0 -9999.0 -9999.0 -9999.0 -9999.0 -9999.0 -9999.0 -9999.0 -9999.0 -9999.0 -9999.0 -9999.0 -9999.0 -9999.0 -9999.0 -9999.0 -9999.0 -9999.0 -9999.0 -9999.0 -9999.0 -9999.0 -9999.0 -9999.0 -9999.0 -9999.0 -9999.0 -9999.0 -9999.0 -9999.0 -9999.0 -9999.0 -9999.0 -9999.0 -9999.0 -9999.0 -9999.0 -9999.0 -9999.0 -9999.0 -9999.0 -9999.0 -9999.0 -9999.0 -9999.0 -9999.0 -9999.0 -9999.0 -9999.0 -9999.0 -9999.0 -9999.0 -9999.0 -9999.0 -9999.0 -9999.0 -9999.0 -9999.0 -9999.0 -9999.0 -9999.0 -9999.0 -9999.0 -9999.0 -9999.0 -9999.0 -9999.0 -9999.0 -9999.0 -9999.0 -9999.0 -9999.0 -9999.0 -9999.0 -9999.0 -9999.0 -9999.0 -9999.0 -9999.0 -9999.0 -9999.0 -9999.0 -9999.0
-9999.0 -9999.0 -9999.0 -9999.0 -9999.0 -9999.0 -9999.0 -9999.0 -9999.0 -9999.0 -9999.0 -9999.0 -9999.0 -9999.0 -9999.0 -9999.0 -9999.0 -9999.0 -9999.0 -9999.0 -9999.0 -9999.0 -9999.0 -9999.0 -9999.0 -9999.0 -9999.0 -9999.0 -9999.0 -9999.0 -9999.0 -9999.0 -9999.0 -9999.0 -9999.0 -9999.0 -9999.0 -9999.0 -9999.0 -9999.0 -9999.0 -9999.0 -9999.0 -9999.0 -9999.0 -9999.0 -9999.0 -9999.0 -9999.0 -9999.0 -9999.0 -9999.0 -9999.0 -9999.0 -9999.0 -9999.0 -9999.0 -9999.0 -9999.0 -9999.0 -9999.0 -9999.0 -9999.0 -9999.0 -9999.0 -9999.0 -9999.0 -9999.0 -9999.0 -9999.0 -9999.0 -9999.0 -9999.0 -9999.0 -9999.0 -9999.0 -9999.0 -9999.0 -9999.0 -9999.0 -9999.0 -9999.0 -9999.0 -9999.0 -9999.0 -9999.0 -9999.0 -9999.0 -9999.0 -9999.0 -9999.0 -9999.0 -9999.0 -9999.0 -9999.0 -9999.0 -9999.0 -9999.0 -9999.0 -9999.0 -9999.0 -9999.0 -9999.0 -9999.0