inst/processing_geotop_simulation/geotop_simulation/out/maps3D/PwL0008N0176.asc
ncols         104
nrows         10
xllcorner     -2.000000
yllcorner     0.000000
cellsize      1.000000
NODATA_value  -9999.0
-9999.0 -9999.0 -9999.0 -9999.0 -9999.0 -9999.0 -9999.0 -9999.0 -9999.0 -9999.0 -9999.0 -9999.0 -9999.0 -9999.0 -9999.0 -9999.0 -9999.0 -9999.0 -9999.0 -9999.0 -9999.0 -9999.0 -9999.0 -9999.0 -9999.0 -9999.0 -9999.0 -9999.0 -9999.0 -9999.0 -9999.0 -9999.0 -9999.0 -9999.0 -9999.0 -9999.0 -9999.0 -9999.0 -9999.0 -9999.0 -9999.0 -9999.0 -9999.0 -9999.0 -9999.0 -9999.0 -9999.0 -9999.0 -9999.0 -9999.0 -9999.0 -9999.0 -9999.0 -9999.0 -9999.0 -9999.0 -9999.0 -9999.0 -9999.0 -9999.0 -9999.0 -9999.0 -9999.0 -9999.0 -9999.0 -9999.0 -9999.0 -9999.0 -9999.0 -9999.0 -9999.0 -9999.0 -9999.0 -9999.0 -9999.0 -9999.0 -9999.0 -9999.0 -9999.0 -9999.0 -9999.0 -9999.0 -9999.0 -9999.0 -9999.0 -9999.0 -9999.0 -9999.0 -9999.0 -9999.0 -9999.0 -9999.0 -9999.0 -9999.0 -9999.0 -9999.0 -9999.0 -9999.0 -9999.0 -9999.0 -9999.0 -9999.0 -9999.0 -9999.0
-9999.0 -9999.0 -9999.0 -9999.0 -9999.0 -9999.0 -9999.0 -9999.0 -9999.0 -9999.0 -9999.0 -9999.0 -9999.0 -9999.0 -9999.0 -9999.0 -9999.0 -9999.0 -9999.0 -9999.0 -9999.0 -9999.0 -9999.0 -9999.0 -9999.0 -9999.0 -9999.0 -9999.0 -9999.0 -9999.0 -9999.0 -9999.0 -9999.0 -9999.0 -9999.0 -9999.0 -9999.0 -9999.0 -9999.0 -9999.0 -9999.0 -9999.0 -9999.0 -9999.0 -9999.0 -9999.0 -9999.0 -9999.0 -9999.0 -9999.0 -9999.0 -9999.0 -9999.0 -9999.0 -9999.0 -9999.0 -9999.0 -9999.0 -9999.0 -9999.0 -9999.0 -9999.0 -9999.0 -9999.0 -9999.0 -9999.0 -9999.0 -9999.0 -9999.0 -9999.0 -9999.0 -9999.0 -9999.0 -9999.0 -9999.0 -9999.0 -9999.0 -9999.0 -9999.0 -9999.0 -9999.0 -9999.0 -9999.0 -9999.0 -9999.0 -9999.0 -9999.0 -9999.0 -9999.0 -9999.0 -9999.0 -9999.0 -9999.0 -9999.0 -9999.0 -9999.0 -9999.0 -9999.0 -9999.0 -9999.0 -9999.0 -9999.0 -9999.0 -9999.0
-9999.0 -9999.0 381.425244 289.283119 194.266434 98.099244 1.467198 -95.343254 -192.211944 -289.036194 -385.704795 -482.001343 -577.487481 -671.425236 -765.759626 -859.934941 -953.879519 -1047.936984 -1138.765722 -1224.746841 -1299.703861 -1360.113780 -1405.602798 -1438.129000 -1460.602588 -1475.836660 -1486.073204 -1492.922042 -1497.484425 -1500.505012 -1502.490337 -1503.785828 -1504.626010 -1505.168390 -1505.517533 -1505.743999 -1505.902325 -1506.060549 -1506.443318 -1508.319451 -1517.542132 -1545.745371 -1202.048666 -1297.106899 -1254.827450 -1229.270825 -1217.567548 -1216.023002 -1215.866913 -1215.884959 -1215.928048 -1215.974139 -1216.018383 -1216.059324 -1216.097159 -1216.139738 -1216.264567 -1217.138530 -1223.162999 -1236.912188 -1258.395623 -1142.888135 -1519.050822 -1512.319550 -1507.353178 -1506.416686 -1506.272825 -1506.250906 -1506.248223 -1506.248801 -1506.249794 -1506.250663 -1506.251341 -1506.251857 -1506.252250 -1506.252556 -1506.252797 -1506.252992 -1506.253155 -1506.253299 -1506.253439 -1506.253595 -1506.253792 -1506.254064 -1506.254467 -1506.255085 -1506.256059 -1506.257616 -1506.260144 -1506.264319 -1506.271361 -1506.283549 -1506.305266 -1506.345136 -1506.420378 -1506.565813 -1506.853614 -1507.441366 -1508.701971 -1511.600558 -1518.946408 -1541.209301 -9999.0 -9999.0
-9999.0 -9999.0 381.433156 289.285136 194.266979 98.099406 1.467250 -95.343237 -192.211938 -289.036192 -385.704795 -482.001342 -577.487481 -671.425236 -765.759627 -859.934941 -953.879519 -1047.936984 -1138.765722 -1224.746841 -1299.703861 -1360.113780 -1405.602799 -1438.129001 -1460.602588 -1475.836660 -1486.073204 -1492.922042 -1497.484425 -1500.505012 -1502.490337 -1503.785828 -1504.626010 -1505.168390 -1505.517533 -1505.743999 -1505.902325 -1506.060549 -1506.443318 -1508.319451 -1517.542132 -1545.745371 -1202.048666 -1297.106899 -1254.827450 -1229.270824 -1217.567548 -1216.023002 -1215.866913 -1215.884959 -1215.928048 -1215.974139 -1216.018383 -1216.059324 -1216.097159 -1216.139738 -1216.264567 -1217.138530 -1223.162999 -1236.912188 -1258.395623 -1142.888135 -1519.050822 -1512.319550 -1507.353178 -1506.416686 -1506.272825 -1506.250906 -1506.248223 -1506.248801 -1506.249794 -1506.250663 -1506.251341 -1506.251857 -1506.252250 -1506.252556 -1506.252797 -1506.252992 -1506.253155 -1506.253299 -1506.253439 -1506.253595 -1506.253792 -1506.254064 -1506.254467 -1506.255085 -1506.256059 -1506.257616 -1506.260144 -1506.264319 -1506.271361 -1506.283549 -1506.305266 -1506.345136 -1506.420378 -1506.565813 -1506.853614 -1507.441366 -1508.701971 -1511.600558 -1518.946408 -1541.209301 -9999.0 -9999.0
-9999.0 -9999.0 381.434781 289.286007 194.267327 98.099534 1.467295 -95.343220 -192.211932 -289.036190 -385.704794 -482.001342 -577.487481 -671.425236 -765.759627 -859.934941 -953.879519 -1047.936984 -1138.765722 -1224.746841 -1299.703861 -1360.113780 -1405.602799 -1438.129001 -1460.602588 -1475.836660 -1486.073204 -1492.922042 -1497.484425 -1500.505012 -1502.490337 -1503.785828 -1504.626010 -1505.168390 -1505.517533 -1505.743999 -1505.902325 -1506.060549 -1506.443318 -1508.319451 -1517.542132 -1545.745371 -1202.048666 -1297.106899 -1254.827450 -1229.270824 -1217.567548 -1216.023002 -1215.866913 -1215.884959 -1215.928048 -1215.974139 -1216.018383 -1216.059324 -1216.097159 -1216.139738 -1216.264567 -1217.138530 -1223.162999 -1236.912188 -1258.395623 -1142.888135 -1519.050822 -1512.319550 -1507.353178 -1506.416686 -1506.272825 -1506.250906 -1506.248223 -1506.248801 -1506.249794 -1506.250663 -1506.251341 -1506.251857 -1506.252250 -1506.252556 -1506.252797 -1506.252992 -1506.253155 -1506.253299 -1506.253439 -1506.253595 -1506.253792 -1506.254064 -1506.254467 -1506.255085 -1506.256059 -1506.257616 -1506.260144 -1506.264319 -1506.271361 -1506.283549 -1506.305266 -1506.345136 -1506.420378 -1506.565813 -1506.853614 -1507.441366 -1508.701971 -1511.600558 -1518.946408 -1541.209301 -9999.0 -9999.0
-9999.0 -9999.0 381.434781 289.286007 194.267327 98.099534 1.467296 -95.343221 -192.211932 -289.036190 -385.704794 -482.001342 -577.487481 -671.425236 -765.759627 -859.934941 -953.879519 -1047.936984 -1138.765722 -1224.746841 -1299.703861 -1360.113780 -1405.602799 -1438.129001 -1460.602588 -1475.836660 -1486.073204 -1492.922042 -1497.484425 -1500.505012 -1502.490337 -1503.785828 -1504.626010 -1505.168390 -1505.517533 -1505.743999 -1505.902325 -1506.060549 -1506.443318 -1508.319451 -1517.542132 -1545.745371 -1202.048666 -1297.106899 -1254.827450 -1229.270824 -1217.567548 -1216.023002 -1215.866913 -1215.884959 -1215.928048 -1215.974139 -1216.018383 -1216.059324 -1216.097159 -1216.139738 -1216.264567 -1217.138530 -1223.162999 -1236.912188 -1258.395623 -1142.888135 -1519.050822 -1512.319550 -1507.353178 -1506.416686 -1506.272825 -1506.250906 -1506.248223 -1506.248801 -1506.249794 -1506.250663 -1506.251341 -1506.251857 -1506.252250 -1506.252556 -1506.252797 -1506.252992 -1506.253155 -1506.253299 -1506.253439 -1506.253595 -1506.253792 -1506.254064 -1506.254467 -1506.255085 -1506.256059 -1506.257616 -1506.260144 -1506.264319 -1506.271361 -1506.283549 -1506.305266 -1506.345136 -1506.420378 -1506.565813 -1506.853614 -1507.441366 -1508.701971 -1511.600558 -1518.946408 -1541.209301 -9999.0 -9999.0
-9999.0 -9999.0 381.433156 289.285137 194.266978 98.099406 1.467250 -95.343237 -192.211938 -289.036192 -385.704795 -482.001342 -577.487481 -671.425236 -765.759627 -859.934941 -953.879519 -1047.936984 -1138.765722 -1224.746841 -1299.703861 -1360.113780 -1405.602799 -1438.129001 -1460.602588 -1475.836660 -1486.073204 -1492.922042 -1497.484425 -1500.505012 -1502.490337 -1503.785828 -1504.626010 -1505.168390 -1505.517533 -1505.743999 -1505.902325 -1506.060549 -1506.443318 -1508.319451 -1517.542132 -1545.745371 -1202.048666 -1297.106899 -1254.827450 -1229.270824 -1217.567548 -1216.023002 -1215.866913 -1215.884959 -1215.928048 -1215.974139 -1216.018383 -1216.059324 -1216.097159 -1216.139738 -1216.264567 -1217.138530 -1223.162999 -1236.912188 -1258.395623 -1142.888135 -1519.050822 -1512.319550 -1507.353178 -1506.416686 -1506.272825 -1506.250906 -1506.248223 -1506.248801 -1506.249794 -1506.250663 -1506.251341 -1506.251857 -1506.252250 -1506.252556 -1506.252797 -1506.252992 -1506.253155 -1506.253299 -1506.253439 -1506.253595 -1506.253792 -1506.254064 -1506.254467 -1506.255085 -1506.256059 -1506.257616 -1506.260144 -1506.264319 -1506.271361 -1506.283549 -1506.305266 -1506.345136 -1506.420378 -1506.565813 -1506.853614 -1507.441366 -1508.701971 -1511.600558 -1518.946408 -1541.209301 -9999.0 -9999.0
-9999.0 -9999.0 381.425244 289.283118 194.266434 98.099244 1.467198 -95.343254 -192.211944 -289.036195 -385.704795 -482.001343 -577.487481 -671.425236 -765.759626 -859.934941 -953.879519 -1047.936984 -1138.765722 -1224.746841 -1299.703861 -1360.113780 -1405.602798 -1438.129000 -1460.602588 -1475.836660 -1486.073204 -1492.922042 -1497.484425 -1500.505012 -1502.490337 -1503.785828 -1504.626010 -1505.168390 -1505.517533 -1505.743999 -1505.902325 -1506.060549 -1506.443318 -1508.319451 -1517.542132 -1545.745371 -1202.048666 -1297.106899 -1254.827450 -1229.270825 -1217.567548 -1216.023002 -1215.866913 -1215.884959 -1215.928048 -1215.974139 -1216.018383 -1216.059324 -1216.097159 -1216.139738 -1216.264567 -1217.138530 -1223.162999 -1236.912188 -1258.395623 -1142.888135 -1519.050822 -1512.319550 -1507.353178 -1506.416686 -1506.272825 -1506.250906 -1506.248223 -1506.248801 -1506.249794 -1506.250663 -1506.251341 -1506.251857 -1506.252250 -1506.252556 -1506.252797 -1506.252992 -1506.253155 -1506.253299 -1506.253439 -1506.253595 -1506.253792 -1506.254064 -1506.254467 -1506.255085 -1506.256059 -1506.257616 -1506.260144 -1506.264319 -1506.271361 -1506.283549 -1506.305266 -1506.345136 -1506.420378 -1506.565813 -1506.853614 -1507.441366 -1508.701971 -1511.600558 -1518.946408 -1541.209301 -9999.0 -9999.0
-9999.0 -9999.0 -9999.0 -9999.0 -9999.0 -9999.0 -9999.0 -9999.0 -9999.0 -9999.0 -9999.0 -9999.0 -9999.0 -9999.0 -9999.0 -9999.0 -9999.0 -9999.0 -9999.0 -9999.0 -9999.0 -9999.0 -9999.0 -9999.0 -9999.0 -9999.0 -9999.0 -9999.0 -9999.0 -9999.0 -9999.0 -9999.0 -9999.0 -9999.0 -9999.0 -9999.0 -9999.0 -9999.0 -9999.0 -9999.0 -9999.0 -9999.0 -9999.0 -9999.0 -9999.0 -9999.0 -9999.0 -9999.0 -9999.0 -9999.0 -9999.0 -9999.0 -9999.0 -9999.0 -9999.0 -9999.0 -9999.0 -9999.0 -9999.0 -9999.0 -9999.0 -9999.0 -9999.0 -9999.0 -9999.0 -9999.0 -9999.0 -9999.0 -9999.0 -9999.0 -9999.0 -9999.0 -9999.0 -9999.0 -9999.0 -9999.0 -9999.0 -9999.0 -9999.0 -9999.0 -9999.0 -9999.0 -9999.0 -9999.0 -9999.0 -9999.0 -9999.0 -9999.0 -9999.0 -9999.0 -9999.0 -9999.0 -9999.0 -9999.0 -9999.0 -9999.0 -9999.0 -9999.0 -9999.0 -9999.0 -9999.0 -9999.0 -9999.0 -9999.0
-9999.0 -9999.0 -9999.0 -9999.0 -9999.0 -9999.0 -9999.0 -9999.0 -9999.0 -9999.0 -9999.0 -9999.0 -9999.0 -9999.0 -9999.0 -9999.0 -9999.0 -9999.0 -9999.0 -9999.0 -9999.0 -9999.0 -9999.0 -9999.0 -9999.0 -9999.0 -9999.0 -9999.0 -9999.0 -9999.0 -9999.0 -9999.0 -9999.0 -9999.0 -9999.0 -9999.0 -9999.0 -9999.0 -9999.0 -9999.0 -9999.0 -9999.0 -9999.0 -9999.0 -9999.0 -9999.0 -9999.0 -9999.0 -9999.0 -9999.0 -9999.0 -9999.0 -9999.0 -9999.0 -9999.0 -9999.0 -9999.0 -9999.0 -9999.0 -9999.0 -9999.0 -9999.0 -9999.0 -9999.0 -9999.0 -9999.0 -9999.0 -9999.0 -9999.0 -9999.0 -9999.0 -9999.0 -9999.0 -9999.0 -9999.0 -9999.0 -9999.0 -9999.0 -9999.0 -9999.0 -9999.0 -9999.0 -9999.0 -9999.0 -9999.0 -9999.0 -9999.0 -9999.0 -9999.0 -9999.0 -9999.0 -9999.0 -9999.0 -9999.0 -9999.0 -9999.0 -9999.0 -9999.0 -9999.0 -9999.0 -9999.0 -9999.0 -9999.0 -9999.0