inst/processing_geotop_simulation/geotop_simulation/out/maps3D/PwL0016N0108.asc
ncols         104
nrows         10
xllcorner     -2.000000
yllcorner     0.000000
cellsize      1.000000
NODATA_value  -9999.0
-9999.0 -9999.0 -9999.0 -9999.0 -9999.0 -9999.0 -9999.0 -9999.0 -9999.0 -9999.0 -9999.0 -9999.0 -9999.0 -9999.0 -9999.0 -9999.0 -9999.0 -9999.0 -9999.0 -9999.0 -9999.0 -9999.0 -9999.0 -9999.0 -9999.0 -9999.0 -9999.0 -9999.0 -9999.0 -9999.0 -9999.0 -9999.0 -9999.0 -9999.0 -9999.0 -9999.0 -9999.0 -9999.0 -9999.0 -9999.0 -9999.0 -9999.0 -9999.0 -9999.0 -9999.0 -9999.0 -9999.0 -9999.0 -9999.0 -9999.0 -9999.0 -9999.0 -9999.0 -9999.0 -9999.0 -9999.0 -9999.0 -9999.0 -9999.0 -9999.0 -9999.0 -9999.0 -9999.0 -9999.0 -9999.0 -9999.0 -9999.0 -9999.0 -9999.0 -9999.0 -9999.0 -9999.0 -9999.0 -9999.0 -9999.0 -9999.0 -9999.0 -9999.0 -9999.0 -9999.0 -9999.0 -9999.0 -9999.0 -9999.0 -9999.0 -9999.0 -9999.0 -9999.0 -9999.0 -9999.0 -9999.0 -9999.0 -9999.0 -9999.0 -9999.0 -9999.0 -9999.0 -9999.0 -9999.0 -9999.0 -9999.0 -9999.0 -9999.0 -9999.0
-9999.0 -9999.0 -9999.0 -9999.0 -9999.0 -9999.0 -9999.0 -9999.0 -9999.0 -9999.0 -9999.0 -9999.0 -9999.0 -9999.0 -9999.0 -9999.0 -9999.0 -9999.0 -9999.0 -9999.0 -9999.0 -9999.0 -9999.0 -9999.0 -9999.0 -9999.0 -9999.0 -9999.0 -9999.0 -9999.0 -9999.0 -9999.0 -9999.0 -9999.0 -9999.0 -9999.0 -9999.0 -9999.0 -9999.0 -9999.0 -9999.0 -9999.0 -9999.0 -9999.0 -9999.0 -9999.0 -9999.0 -9999.0 -9999.0 -9999.0 -9999.0 -9999.0 -9999.0 -9999.0 -9999.0 -9999.0 -9999.0 -9999.0 -9999.0 -9999.0 -9999.0 -9999.0 -9999.0 -9999.0 -9999.0 -9999.0 -9999.0 -9999.0 -9999.0 -9999.0 -9999.0 -9999.0 -9999.0 -9999.0 -9999.0 -9999.0 -9999.0 -9999.0 -9999.0 -9999.0 -9999.0 -9999.0 -9999.0 -9999.0 -9999.0 -9999.0 -9999.0 -9999.0 -9999.0 -9999.0 -9999.0 -9999.0 -9999.0 -9999.0 -9999.0 -9999.0 -9999.0 -9999.0 -9999.0 -9999.0 -9999.0 -9999.0 -9999.0 -9999.0
-9999.0 -9999.0 790.320035 699.200411 606.634152 512.832606 418.420750 323.743646 228.980343 134.225498 39.529814 -55.063485 -149.570844 -244.069033 -338.833141 -434.440038 -531.758679 -631.542198 -730.396871 -824.970926 -916.676011 -1003.103683 -1062.010186 -1099.238633 -1120.270584 -1131.242958 -1136.693212 -1139.341684 -1140.635835 -1141.293273 -1141.657275 -1141.885605 -1142.048290 -1142.174889 -1142.277248 -1142.362248 -1142.443607 -1142.558542 -1142.846318 -1144.426022 -1155.700720 -1249.074422 -2080.558341 -4173.099787 -4183.168038 -4183.168317 -4183.168317 -4183.168317 -4183.168317 -4183.168317 -4183.168317 -4183.168317 -4183.168317 -4183.168317 -4183.168317 -4183.168317 -4183.168317 -4183.168316 -4183.168315 -4183.167783 -4166.897180 -1965.359993 -1219.359653 -1151.497842 -1143.823770 -1142.923434 -1142.800766 -1142.781348 -1142.779400 -1142.780633 -1142.782182 -1142.783485 -1142.784490 -1142.785252 -1142.785834 -1142.786285 -1142.786643 -1142.786931 -1142.787170 -1142.787382 -1142.787587 -1142.787813 -1142.788096 -1142.788487 -1142.789064 -1142.789950 -1142.791341 -1142.793560 -1142.797154 -1142.803067 -1142.812996 -1142.830087 -1142.860369 -1142.915677 -1143.019604 -1143.219683 -1143.613633 -1144.412827 -1146.118315 -1150.035118 -1159.729291 -1185.872592 -9999.0 -9999.0
-9999.0 -9999.0 790.324562 699.201984 606.634640 512.832761 418.420801 323.743663 228.980349 134.225500 39.529815 -55.063485 -149.570844 -244.069033 -338.833141 -434.440038 -531.758680 -631.542198 -730.396871 -824.970926 -916.676011 -1003.103683 -1062.010187 -1099.238633 -1120.270584 -1131.242958 -1136.693212 -1139.341684 -1140.635835 -1141.293273 -1141.657275 -1141.885605 -1142.048290 -1142.174889 -1142.277248 -1142.362248 -1142.443607 -1142.558542 -1142.846318 -1144.426022 -1155.700720 -1249.074422 -2080.558341 -4173.099787 -4183.168038 -4183.168317 -4183.168317 -4183.168317 -4183.168317 -4183.168317 -4183.168317 -4183.168317 -4183.168317 -4183.168317 -4183.168317 -4183.168317 -4183.168317 -4183.168316 -4183.168315 -4183.167783 -4166.897180 -1965.359993 -1219.359653 -1151.497842 -1143.823770 -1142.923434 -1142.800766 -1142.781348 -1142.779400 -1142.780633 -1142.782182 -1142.783485 -1142.784490 -1142.785252 -1142.785834 -1142.786285 -1142.786643 -1142.786931 -1142.787170 -1142.787382 -1142.787587 -1142.787813 -1142.788096 -1142.788487 -1142.789064 -1142.789950 -1142.791341 -1142.793560 -1142.797154 -1142.803067 -1142.812996 -1142.830087 -1142.860369 -1142.915677 -1143.019604 -1143.219683 -1143.613633 -1144.412827 -1146.118315 -1150.035118 -1159.729291 -1185.872592 -9999.0 -9999.0
-9999.0 -9999.0 790.326057 699.202775 606.634969 512.832885 418.420846 323.743679 228.980354 134.225502 39.529816 -55.063485 -149.570844 -244.069033 -338.833141 -434.440038 -531.758680 -631.542198 -730.396871 -824.970926 -916.676011 -1003.103683 -1062.010187 -1099.238633 -1120.270584 -1131.242958 -1136.693212 -1139.341684 -1140.635835 -1141.293273 -1141.657275 -1141.885605 -1142.048290 -1142.174889 -1142.277248 -1142.362248 -1142.443607 -1142.558542 -1142.846318 -1144.426022 -1155.700720 -1249.074422 -2080.558341 -4173.099787 -4183.168038 -4183.168317 -4183.168317 -4183.168317 -4183.168317 -4183.168317 -4183.168317 -4183.168317 -4183.168317 -4183.168317 -4183.168317 -4183.168317 -4183.168317 -4183.168316 -4183.168315 -4183.167783 -4166.897180 -1965.359993 -1219.359653 -1151.497842 -1143.823770 -1142.923434 -1142.800766 -1142.781348 -1142.779400 -1142.780633 -1142.782182 -1142.783485 -1142.784490 -1142.785252 -1142.785834 -1142.786285 -1142.786643 -1142.786931 -1142.787170 -1142.787382 -1142.787587 -1142.787813 -1142.788096 -1142.788487 -1142.789064 -1142.789950 -1142.791341 -1142.793560 -1142.797154 -1142.803067 -1142.812996 -1142.830087 -1142.860369 -1142.915677 -1143.019604 -1143.219683 -1143.613633 -1144.412827 -1146.118315 -1150.035118 -1159.729291 -1185.872592 -9999.0 -9999.0
-9999.0 -9999.0 790.326057 699.202775 606.634969 512.832885 418.420846 323.743679 228.980354 134.225502 39.529816 -55.063485 -149.570844 -244.069033 -338.833141 -434.440038 -531.758680 -631.542198 -730.396871 -824.970926 -916.676011 -1003.103683 -1062.010187 -1099.238633 -1120.270584 -1131.242958 -1136.693212 -1139.341684 -1140.635835 -1141.293273 -1141.657275 -1141.885605 -1142.048290 -1142.174889 -1142.277248 -1142.362248 -1142.443607 -1142.558542 -1142.846318 -1144.426022 -1155.700720 -1249.074422 -2080.558341 -4173.099787 -4183.168038 -4183.168317 -4183.168317 -4183.168317 -4183.168317 -4183.168317 -4183.168317 -4183.168317 -4183.168317 -4183.168317 -4183.168317 -4183.168317 -4183.168317 -4183.168316 -4183.168315 -4183.167783 -4166.897180 -1965.359993 -1219.359653 -1151.497842 -1143.823770 -1142.923434 -1142.800766 -1142.781348 -1142.779400 -1142.780633 -1142.782182 -1142.783485 -1142.784490 -1142.785252 -1142.785834 -1142.786285 -1142.786643 -1142.786931 -1142.787170 -1142.787382 -1142.787587 -1142.787813 -1142.788096 -1142.788487 -1142.789064 -1142.789950 -1142.791341 -1142.793560 -1142.797154 -1142.803067 -1142.812996 -1142.830087 -1142.860369 -1142.915677 -1143.019604 -1143.219683 -1143.613633 -1144.412827 -1146.118315 -1150.035118 -1159.729291 -1185.872592 -9999.0 -9999.0
-9999.0 -9999.0 790.324562 699.201984 606.634640 512.832761 418.420801 323.743663 228.980349 134.225500 39.529815 -55.063485 -149.570844 -244.069033 -338.833141 -434.440038 -531.758680 -631.542198 -730.396871 -824.970926 -916.676011 -1003.103683 -1062.010187 -1099.238633 -1120.270584 -1131.242958 -1136.693212 -1139.341684 -1140.635835 -1141.293273 -1141.657275 -1141.885605 -1142.048290 -1142.174889 -1142.277248 -1142.362248 -1142.443607 -1142.558542 -1142.846318 -1144.426022 -1155.700720 -1249.074422 -2080.558341 -4173.099787 -4183.168038 -4183.168317 -4183.168317 -4183.168317 -4183.168317 -4183.168317 -4183.168317 -4183.168317 -4183.168317 -4183.168317 -4183.168317 -4183.168317 -4183.168317 -4183.168316 -4183.168315 -4183.167783 -4166.897180 -1965.359993 -1219.359653 -1151.497842 -1143.823770 -1142.923434 -1142.800766 -1142.781348 -1142.779400 -1142.780633 -1142.782182 -1142.783485 -1142.784490 -1142.785252 -1142.785834 -1142.786285 -1142.786643 -1142.786931 -1142.787170 -1142.787382 -1142.787587 -1142.787813 -1142.788096 -1142.788487 -1142.789064 -1142.789950 -1142.791341 -1142.793560 -1142.797154 -1142.803067 -1142.812996 -1142.830087 -1142.860369 -1142.915677 -1143.019604 -1143.219683 -1143.613633 -1144.412827 -1146.118315 -1150.035118 -1159.729291 -1185.872592 -9999.0 -9999.0
-9999.0 -9999.0 790.320035 699.200411 606.634152 512.832606 418.420751 323.743646 228.980343 134.225498 39.529815 -55.063485 -149.570844 -244.069033 -338.833141 -434.440038 -531.758679 -631.542198 -730.396871 -824.970926 -916.676011 -1003.103683 -1062.010186 -1099.238633 -1120.270584 -1131.242958 -1136.693212 -1139.341684 -1140.635835 -1141.293273 -1141.657275 -1141.885605 -1142.048290 -1142.174889 -1142.277248 -1142.362248 -1142.443607 -1142.558542 -1142.846318 -1144.426022 -1155.700720 -1249.074422 -2080.558341 -4173.099787 -4183.168038 -4183.168317 -4183.168317 -4183.168317 -4183.168317 -4183.168317 -4183.168317 -4183.168317 -4183.168317 -4183.168317 -4183.168317 -4183.168317 -4183.168317 -4183.168316 -4183.168315 -4183.167783 -4166.897180 -1965.359993 -1219.359653 -1151.497842 -1143.823770 -1142.923434 -1142.800766 -1142.781348 -1142.779400 -1142.780633 -1142.782182 -1142.783485 -1142.784490 -1142.785252 -1142.785834 -1142.786285 -1142.786643 -1142.786931 -1142.787170 -1142.787382 -1142.787587 -1142.787813 -1142.788096 -1142.788487 -1142.789064 -1142.789950 -1142.791341 -1142.793560 -1142.797154 -1142.803067 -1142.812996 -1142.830087 -1142.860369 -1142.915677 -1143.019604 -1143.219683 -1143.613633 -1144.412827 -1146.118315 -1150.035118 -1159.729291 -1185.872592 -9999.0 -9999.0
-9999.0 -9999.0 -9999.0 -9999.0 -9999.0 -9999.0 -9999.0 -9999.0 -9999.0 -9999.0 -9999.0 -9999.0 -9999.0 -9999.0 -9999.0 -9999.0 -9999.0 -9999.0 -9999.0 -9999.0 -9999.0 -9999.0 -9999.0 -9999.0 -9999.0 -9999.0 -9999.0 -9999.0 -9999.0 -9999.0 -9999.0 -9999.0 -9999.0 -9999.0 -9999.0 -9999.0 -9999.0 -9999.0 -9999.0 -9999.0 -9999.0 -9999.0 -9999.0 -9999.0 -9999.0 -9999.0 -9999.0 -9999.0 -9999.0 -9999.0 -9999.0 -9999.0 -9999.0 -9999.0 -9999.0 -9999.0 -9999.0 -9999.0 -9999.0 -9999.0 -9999.0 -9999.0 -9999.0 -9999.0 -9999.0 -9999.0 -9999.0 -9999.0 -9999.0 -9999.0 -9999.0 -9999.0 -9999.0 -9999.0 -9999.0 -9999.0 -9999.0 -9999.0 -9999.0 -9999.0 -9999.0 -9999.0 -9999.0 -9999.0 -9999.0 -9999.0 -9999.0 -9999.0 -9999.0 -9999.0 -9999.0 -9999.0 -9999.0 -9999.0 -9999.0 -9999.0 -9999.0 -9999.0 -9999.0 -9999.0 -9999.0 -9999.0 -9999.0 -9999.0
-9999.0 -9999.0 -9999.0 -9999.0 -9999.0 -9999.0 -9999.0 -9999.0 -9999.0 -9999.0 -9999.0 -9999.0 -9999.0 -9999.0 -9999.0 -9999.0 -9999.0 -9999.0 -9999.0 -9999.0 -9999.0 -9999.0 -9999.0 -9999.0 -9999.0 -9999.0 -9999.0 -9999.0 -9999.0 -9999.0 -9999.0 -9999.0 -9999.0 -9999.0 -9999.0 -9999.0 -9999.0 -9999.0 -9999.0 -9999.0 -9999.0 -9999.0 -9999.0 -9999.0 -9999.0 -9999.0 -9999.0 -9999.0 -9999.0 -9999.0 -9999.0 -9999.0 -9999.0 -9999.0 -9999.0 -9999.0 -9999.0 -9999.0 -9999.0 -9999.0 -9999.0 -9999.0 -9999.0 -9999.0 -9999.0 -9999.0 -9999.0 -9999.0 -9999.0 -9999.0 -9999.0 -9999.0 -9999.0 -9999.0 -9999.0 -9999.0 -9999.0 -9999.0 -9999.0 -9999.0 -9999.0 -9999.0 -9999.0 -9999.0 -9999.0 -9999.0 -9999.0 -9999.0 -9999.0 -9999.0 -9999.0 -9999.0 -9999.0 -9999.0 -9999.0 -9999.0 -9999.0 -9999.0 -9999.0 -9999.0 -9999.0 -9999.0 -9999.0 -9999.0