inst/processing_geotop_simulation/geotop_simulation/out/maps3D/PwL0006N0360.asc
ncols         104
nrows         10
xllcorner     -2.000000
yllcorner     0.000000
cellsize      1.000000
NODATA_value  -9999.0
-9999.0 -9999.0 -9999.0 -9999.0 -9999.0 -9999.0 -9999.0 -9999.0 -9999.0 -9999.0 -9999.0 -9999.0 -9999.0 -9999.0 -9999.0 -9999.0 -9999.0 -9999.0 -9999.0 -9999.0 -9999.0 -9999.0 -9999.0 -9999.0 -9999.0 -9999.0 -9999.0 -9999.0 -9999.0 -9999.0 -9999.0 -9999.0 -9999.0 -9999.0 -9999.0 -9999.0 -9999.0 -9999.0 -9999.0 -9999.0 -9999.0 -9999.0 -9999.0 -9999.0 -9999.0 -9999.0 -9999.0 -9999.0 -9999.0 -9999.0 -9999.0 -9999.0 -9999.0 -9999.0 -9999.0 -9999.0 -9999.0 -9999.0 -9999.0 -9999.0 -9999.0 -9999.0 -9999.0 -9999.0 -9999.0 -9999.0 -9999.0 -9999.0 -9999.0 -9999.0 -9999.0 -9999.0 -9999.0 -9999.0 -9999.0 -9999.0 -9999.0 -9999.0 -9999.0 -9999.0 -9999.0 -9999.0 -9999.0 -9999.0 -9999.0 -9999.0 -9999.0 -9999.0 -9999.0 -9999.0 -9999.0 -9999.0 -9999.0 -9999.0 -9999.0 -9999.0 -9999.0 -9999.0 -9999.0 -9999.0 -9999.0 -9999.0 -9999.0 -9999.0
-9999.0 -9999.0 -9999.0 -9999.0 -9999.0 -9999.0 -9999.0 -9999.0 -9999.0 -9999.0 -9999.0 -9999.0 -9999.0 -9999.0 -9999.0 -9999.0 -9999.0 -9999.0 -9999.0 -9999.0 -9999.0 -9999.0 -9999.0 -9999.0 -9999.0 -9999.0 -9999.0 -9999.0 -9999.0 -9999.0 -9999.0 -9999.0 -9999.0 -9999.0 -9999.0 -9999.0 -9999.0 -9999.0 -9999.0 -9999.0 -9999.0 -9999.0 -9999.0 -9999.0 -9999.0 -9999.0 -9999.0 -9999.0 -9999.0 -9999.0 -9999.0 -9999.0 -9999.0 -9999.0 -9999.0 -9999.0 -9999.0 -9999.0 -9999.0 -9999.0 -9999.0 -9999.0 -9999.0 -9999.0 -9999.0 -9999.0 -9999.0 -9999.0 -9999.0 -9999.0 -9999.0 -9999.0 -9999.0 -9999.0 -9999.0 -9999.0 -9999.0 -9999.0 -9999.0 -9999.0 -9999.0 -9999.0 -9999.0 -9999.0 -9999.0 -9999.0 -9999.0 -9999.0 -9999.0 -9999.0 -9999.0 -9999.0 -9999.0 -9999.0 -9999.0 -9999.0 -9999.0 -9999.0 -9999.0 -9999.0 -9999.0 -9999.0 -9999.0 -9999.0
-9999.0 -9999.0 274.689953 177.017979 78.369682 -20.606160 -119.708269 -218.861903 -318.027813 -417.178227 -516.282044 -615.271426 -714.011137 -812.660997 -911.193723 -1009.699213 -1108.126996 -1205.693024 -1302.152102 -1396.672088 -1487.693585 -1572.584732 -1648.196073 -1712.150288 -1763.673525 -1803.507923 -1833.312738 -1855.052263 -1870.596263 -1881.535573 -1889.136509 -1894.363680 -1897.928975 -1900.345280 -1901.975667 -1903.076065 -1903.837291 -1904.459278 -1905.385194 -1907.859299 -1911.810139 -1872.988484 -1193.820177 -1219.136327 -1202.357970 -1191.293955 -1186.125053 -1185.349769 -1185.266893 -1185.274365 -1185.294783 -1185.316780 -1185.337926 -1185.357512 -1185.375726 -1185.397234 -1185.465884 -1185.927188 -1188.667717 -1194.758683 -1202.520423 -1165.777567 -1845.422174 -1905.324148 -1906.428438 -1905.637686 -1905.423026 -1905.382913 -1905.376664 -1905.376184 -1905.376591 -1905.377050 -1905.377428 -1905.377724 -1905.377953 -1905.378133 -1905.378278 -1905.378398 -1905.378500 -1905.378594 -1905.378686 -1905.378789 -1905.378918 -1905.379094 -1905.379349 -1905.379738 -1905.380346 -1905.381317 -1905.382897 -1905.385526 -1905.390009 -1905.397872 -1905.412087 -1905.438575 -1905.489382 -1905.589775 -1905.795458 -1906.238203 -1907.256646 -1909.811137 -1917.018394 -1940.843577 -9999.0 -9999.0
-9999.0 -9999.0 274.697824 177.019786 78.370154 -20.606022 -119.708224 -218.861888 -318.027807 -417.178225 -516.282042 -615.271426 -714.011137 -812.660997 -911.193723 -1009.699213 -1108.126996 -1205.693024 -1302.152102 -1396.672088 -1487.693585 -1572.584732 -1648.196073 -1712.150288 -1763.673525 -1803.507923 -1833.312738 -1855.052263 -1870.596263 -1881.535573 -1889.136509 -1894.363680 -1897.928975 -1900.345280 -1901.975667 -1903.076065 -1903.837291 -1904.459278 -1905.385194 -1907.859299 -1911.810139 -1872.988484 -1193.820177 -1219.136327 -1202.357970 -1191.293955 -1186.125053 -1185.349769 -1185.266893 -1185.274365 -1185.294783 -1185.316780 -1185.337926 -1185.357512 -1185.375726 -1185.397234 -1185.465884 -1185.927188 -1188.667717 -1194.758683 -1202.520423 -1165.777567 -1845.422174 -1905.324148 -1906.428438 -1905.637686 -1905.423026 -1905.382913 -1905.376664 -1905.376184 -1905.376591 -1905.377050 -1905.377428 -1905.377724 -1905.377953 -1905.378133 -1905.378278 -1905.378398 -1905.378500 -1905.378594 -1905.378686 -1905.378789 -1905.378918 -1905.379094 -1905.379349 -1905.379738 -1905.380346 -1905.381317 -1905.382897 -1905.385526 -1905.390009 -1905.397872 -1905.412087 -1905.438575 -1905.489382 -1905.589775 -1905.795458 -1906.238203 -1907.256646 -1909.811137 -1917.018394 -1940.843577 -9999.0 -9999.0
-9999.0 -9999.0 274.699187 177.020543 78.370455 -20.605912 -119.708185 -218.861874 -318.027802 -417.178222 -516.282042 -615.271426 -714.011137 -812.660997 -911.193723 -1009.699213 -1108.126996 -1205.693024 -1302.152103 -1396.672088 -1487.693585 -1572.584732 -1648.196073 -1712.150288 -1763.673525 -1803.507923 -1833.312738 -1855.052263 -1870.596263 -1881.535573 -1889.136509 -1894.363680 -1897.928975 -1900.345280 -1901.975667 -1903.076065 -1903.837291 -1904.459278 -1905.385194 -1907.859299 -1911.810139 -1872.988484 -1193.820177 -1219.136327 -1202.357970 -1191.293955 -1186.125053 -1185.349769 -1185.266893 -1185.274365 -1185.294783 -1185.316780 -1185.337926 -1185.357512 -1185.375726 -1185.397234 -1185.465884 -1185.927188 -1188.667717 -1194.758683 -1202.520423 -1165.777567 -1845.422174 -1905.324148 -1906.428438 -1905.637686 -1905.423026 -1905.382913 -1905.376664 -1905.376184 -1905.376591 -1905.377050 -1905.377428 -1905.377724 -1905.377953 -1905.378133 -1905.378278 -1905.378398 -1905.378500 -1905.378594 -1905.378686 -1905.378789 -1905.378918 -1905.379094 -1905.379349 -1905.379738 -1905.380346 -1905.381317 -1905.382897 -1905.385526 -1905.390009 -1905.397872 -1905.412087 -1905.438575 -1905.489382 -1905.589775 -1905.795458 -1906.238203 -1907.256646 -1909.811137 -1917.018394 -1940.843577 -9999.0 -9999.0
-9999.0 -9999.0 274.699188 177.020543 78.370455 -20.605913 -119.708185 -218.861874 -318.027802 -417.178223 -516.282042 -615.271426 -714.011137 -812.660997 -911.193723 -1009.699213 -1108.126996 -1205.693024 -1302.152102 -1396.672088 -1487.693585 -1572.584732 -1648.196073 -1712.150289 -1763.673525 -1803.507923 -1833.312738 -1855.052263 -1870.596263 -1881.535573 -1889.136509 -1894.363680 -1897.928975 -1900.345280 -1901.975667 -1903.076065 -1903.837291 -1904.459278 -1905.385194 -1907.859299 -1911.810139 -1872.988484 -1193.820177 -1219.136327 -1202.357970 -1191.293955 -1186.125053 -1185.349769 -1185.266893 -1185.274365 -1185.294783 -1185.316780 -1185.337926 -1185.357512 -1185.375726 -1185.397234 -1185.465884 -1185.927188 -1188.667717 -1194.758683 -1202.520423 -1165.777567 -1845.422174 -1905.324148 -1906.428438 -1905.637686 -1905.423026 -1905.382913 -1905.376664 -1905.376184 -1905.376591 -1905.377050 -1905.377428 -1905.377724 -1905.377953 -1905.378133 -1905.378278 -1905.378398 -1905.378500 -1905.378594 -1905.378686 -1905.378789 -1905.378918 -1905.379094 -1905.379349 -1905.379738 -1905.380346 -1905.381317 -1905.382897 -1905.385526 -1905.390009 -1905.397872 -1905.412087 -1905.438575 -1905.489382 -1905.589775 -1905.795458 -1906.238203 -1907.256646 -1909.811137 -1917.018394 -1940.843577 -9999.0 -9999.0
-9999.0 -9999.0 274.697824 177.019786 78.370154 -20.606022 -119.708224 -218.861888 -318.027807 -417.178224 -516.282043 -615.271426 -714.011137 -812.660997 -911.193723 -1009.699213 -1108.126996 -1205.693024 -1302.152102 -1396.672088 -1487.693585 -1572.584732 -1648.196073 -1712.150288 -1763.673525 -1803.507923 -1833.312738 -1855.052263 -1870.596263 -1881.535573 -1889.136509 -1894.363680 -1897.928975 -1900.345280 -1901.975667 -1903.076065 -1903.837291 -1904.459278 -1905.385194 -1907.859299 -1911.810139 -1872.988484 -1193.820177 -1219.136327 -1202.357970 -1191.293955 -1186.125053 -1185.349769 -1185.266893 -1185.274365 -1185.294783 -1185.316780 -1185.337926 -1185.357512 -1185.375726 -1185.397234 -1185.465884 -1185.927188 -1188.667717 -1194.758683 -1202.520423 -1165.777567 -1845.422174 -1905.324148 -1906.428438 -1905.637686 -1905.423026 -1905.382913 -1905.376664 -1905.376184 -1905.376591 -1905.377050 -1905.377428 -1905.377724 -1905.377953 -1905.378133 -1905.378278 -1905.378398 -1905.378500 -1905.378594 -1905.378686 -1905.378789 -1905.378918 -1905.379094 -1905.379349 -1905.379738 -1905.380346 -1905.381317 -1905.382897 -1905.385526 -1905.390009 -1905.397872 -1905.412087 -1905.438575 -1905.489382 -1905.589775 -1905.795458 -1906.238203 -1907.256646 -1909.811137 -1917.018394 -1940.843577 -9999.0 -9999.0
-9999.0 -9999.0 274.689954 177.017979 78.369682 -20.606161 -119.708268 -218.861903 -318.027812 -417.178227 -516.282043 -615.271427 -714.011137 -812.660997 -911.193723 -1009.699213 -1108.126996 -1205.693024 -1302.152102 -1396.672088 -1487.693585 -1572.584732 -1648.196073 -1712.150288 -1763.673525 -1803.507923 -1833.312738 -1855.052263 -1870.596263 -1881.535573 -1889.136509 -1894.363680 -1897.928975 -1900.345280 -1901.975667 -1903.076065 -1903.837291 -1904.459278 -1905.385194 -1907.859299 -1911.810139 -1872.988484 -1193.820177 -1219.136327 -1202.357970 -1191.293955 -1186.125053 -1185.349769 -1185.266893 -1185.274365 -1185.294783 -1185.316780 -1185.337926 -1185.357512 -1185.375726 -1185.397234 -1185.465884 -1185.927188 -1188.667717 -1194.758683 -1202.520423 -1165.777567 -1845.422174 -1905.324148 -1906.428438 -1905.637686 -1905.423026 -1905.382913 -1905.376664 -1905.376184 -1905.376591 -1905.377050 -1905.377428 -1905.377724 -1905.377953 -1905.378133 -1905.378278 -1905.378398 -1905.378500 -1905.378594 -1905.378686 -1905.378789 -1905.378918 -1905.379094 -1905.379349 -1905.379738 -1905.380346 -1905.381317 -1905.382897 -1905.385526 -1905.390009 -1905.397872 -1905.412087 -1905.438575 -1905.489382 -1905.589775 -1905.795458 -1906.238203 -1907.256646 -1909.811137 -1917.018394 -1940.843577 -9999.0 -9999.0
-9999.0 -9999.0 -9999.0 -9999.0 -9999.0 -9999.0 -9999.0 -9999.0 -9999.0 -9999.0 -9999.0 -9999.0 -9999.0 -9999.0 -9999.0 -9999.0 -9999.0 -9999.0 -9999.0 -9999.0 -9999.0 -9999.0 -9999.0 -9999.0 -9999.0 -9999.0 -9999.0 -9999.0 -9999.0 -9999.0 -9999.0 -9999.0 -9999.0 -9999.0 -9999.0 -9999.0 -9999.0 -9999.0 -9999.0 -9999.0 -9999.0 -9999.0 -9999.0 -9999.0 -9999.0 -9999.0 -9999.0 -9999.0 -9999.0 -9999.0 -9999.0 -9999.0 -9999.0 -9999.0 -9999.0 -9999.0 -9999.0 -9999.0 -9999.0 -9999.0 -9999.0 -9999.0 -9999.0 -9999.0 -9999.0 -9999.0 -9999.0 -9999.0 -9999.0 -9999.0 -9999.0 -9999.0 -9999.0 -9999.0 -9999.0 -9999.0 -9999.0 -9999.0 -9999.0 -9999.0 -9999.0 -9999.0 -9999.0 -9999.0 -9999.0 -9999.0 -9999.0 -9999.0 -9999.0 -9999.0 -9999.0 -9999.0 -9999.0 -9999.0 -9999.0 -9999.0 -9999.0 -9999.0 -9999.0 -9999.0 -9999.0 -9999.0 -9999.0 -9999.0
-9999.0 -9999.0 -9999.0 -9999.0 -9999.0 -9999.0 -9999.0 -9999.0 -9999.0 -9999.0 -9999.0 -9999.0 -9999.0 -9999.0 -9999.0 -9999.0 -9999.0 -9999.0 -9999.0 -9999.0 -9999.0 -9999.0 -9999.0 -9999.0 -9999.0 -9999.0 -9999.0 -9999.0 -9999.0 -9999.0 -9999.0 -9999.0 -9999.0 -9999.0 -9999.0 -9999.0 -9999.0 -9999.0 -9999.0 -9999.0 -9999.0 -9999.0 -9999.0 -9999.0 -9999.0 -9999.0 -9999.0 -9999.0 -9999.0 -9999.0 -9999.0 -9999.0 -9999.0 -9999.0 -9999.0 -9999.0 -9999.0 -9999.0 -9999.0 -9999.0 -9999.0 -9999.0 -9999.0 -9999.0 -9999.0 -9999.0 -9999.0 -9999.0 -9999.0 -9999.0 -9999.0 -9999.0 -9999.0 -9999.0 -9999.0 -9999.0 -9999.0 -9999.0 -9999.0 -9999.0 -9999.0 -9999.0 -9999.0 -9999.0 -9999.0 -9999.0 -9999.0 -9999.0 -9999.0 -9999.0 -9999.0 -9999.0 -9999.0 -9999.0 -9999.0 -9999.0 -9999.0 -9999.0 -9999.0 -9999.0 -9999.0 -9999.0 -9999.0 -9999.0