inst/processing_geotop_simulation/geotop_simulation/out/maps3D/PwL0010N0475.asc
ncols         104
nrows         10
xllcorner     -2.000000
yllcorner     0.000000
cellsize      1.000000
NODATA_value  -9999.0
-9999.0 -9999.0 -9999.0 -9999.0 -9999.0 -9999.0 -9999.0 -9999.0 -9999.0 -9999.0 -9999.0 -9999.0 -9999.0 -9999.0 -9999.0 -9999.0 -9999.0 -9999.0 -9999.0 -9999.0 -9999.0 -9999.0 -9999.0 -9999.0 -9999.0 -9999.0 -9999.0 -9999.0 -9999.0 -9999.0 -9999.0 -9999.0 -9999.0 -9999.0 -9999.0 -9999.0 -9999.0 -9999.0 -9999.0 -9999.0 -9999.0 -9999.0 -9999.0 -9999.0 -9999.0 -9999.0 -9999.0 -9999.0 -9999.0 -9999.0 -9999.0 -9999.0 -9999.0 -9999.0 -9999.0 -9999.0 -9999.0 -9999.0 -9999.0 -9999.0 -9999.0 -9999.0 -9999.0 -9999.0 -9999.0 -9999.0 -9999.0 -9999.0 -9999.0 -9999.0 -9999.0 -9999.0 -9999.0 -9999.0 -9999.0 -9999.0 -9999.0 -9999.0 -9999.0 -9999.0 -9999.0 -9999.0 -9999.0 -9999.0 -9999.0 -9999.0 -9999.0 -9999.0 -9999.0 -9999.0 -9999.0 -9999.0 -9999.0 -9999.0 -9999.0 -9999.0 -9999.0 -9999.0 -9999.0 -9999.0 -9999.0 -9999.0 -9999.0 -9999.0
-9999.0 -9999.0 -9999.0 -9999.0 -9999.0 -9999.0 -9999.0 -9999.0 -9999.0 -9999.0 -9999.0 -9999.0 -9999.0 -9999.0 -9999.0 -9999.0 -9999.0 -9999.0 -9999.0 -9999.0 -9999.0 -9999.0 -9999.0 -9999.0 -9999.0 -9999.0 -9999.0 -9999.0 -9999.0 -9999.0 -9999.0 -9999.0 -9999.0 -9999.0 -9999.0 -9999.0 -9999.0 -9999.0 -9999.0 -9999.0 -9999.0 -9999.0 -9999.0 -9999.0 -9999.0 -9999.0 -9999.0 -9999.0 -9999.0 -9999.0 -9999.0 -9999.0 -9999.0 -9999.0 -9999.0 -9999.0 -9999.0 -9999.0 -9999.0 -9999.0 -9999.0 -9999.0 -9999.0 -9999.0 -9999.0 -9999.0 -9999.0 -9999.0 -9999.0 -9999.0 -9999.0 -9999.0 -9999.0 -9999.0 -9999.0 -9999.0 -9999.0 -9999.0 -9999.0 -9999.0 -9999.0 -9999.0 -9999.0 -9999.0 -9999.0 -9999.0 -9999.0 -9999.0 -9999.0 -9999.0 -9999.0 -9999.0 -9999.0 -9999.0 -9999.0 -9999.0 -9999.0 -9999.0 -9999.0 -9999.0 -9999.0 -9999.0 -9999.0 -9999.0
-9999.0 -9999.0 472.160220 373.351307 274.162824 174.797011 75.356298 -24.113890 -123.592267 -223.069419 -322.536495 -421.980642 -521.379271 -620.688142 -719.853030 -819.073143 -918.229278 -1017.311564 -1116.311858 -1214.558984 -1311.735686 -1406.711438 -1497.551846 -1581.738181 -1656.835107 -1721.172192 -1774.180493 -1816.333046 -1848.836561 -1873.260000 -1891.227355 -1904.221784 -1913.493050 -1920.037496 -1924.619341 -1927.811963 -1930.054314 -1931.752504 -1933.518154 -1936.377684 -1937.839117 -1897.389515 -1330.964890 -1474.310660 -1437.459965 -1412.520914 -1401.064792 -1399.401626 -1399.225410 -1399.240246 -1399.282129 -1399.327281 -1399.370678 -1399.410871 -1399.448254 -1399.492479 -1399.634876 -1400.607466 -1406.604131 -1420.042780 -1433.258722 -1276.302713 -1861.902824 -1930.969905 -1935.588322 -1935.165224 -1934.941241 -1934.888819 -1934.879337 -1934.878149 -1934.878362 -1934.878741 -1934.879081 -1934.879361 -1934.879591 -1934.879785 -1934.879952 -1934.880101 -1934.880238 -1934.880369 -1934.880503 -1934.880648 -1934.880816 -1934.881026 -1934.881306 -1934.881699 -1934.882279 -1934.883168 -1934.884576 -1934.886882 -1934.890787 -1934.897632 -1934.910049 -1934.933346 -1934.978528 -1935.069400 -1935.260558 -1935.686613 -1936.707241 -1939.377759 -1947.149954 -1972.659899 -9999.0 -9999.0
-9999.0 -9999.0 472.165567 373.352790 274.163237 174.797136 75.356338 -24.113877 -123.592262 -223.069417 -322.536494 -421.980642 -521.379270 -620.688142 -719.853030 -819.073143 -918.229278 -1017.311564 -1116.311858 -1214.558984 -1311.735687 -1406.711439 -1497.551846 -1581.738181 -1656.835107 -1721.172192 -1774.180493 -1816.333047 -1848.836561 -1873.260000 -1891.227355 -1904.221784 -1913.493050 -1920.037496 -1924.619341 -1927.811963 -1930.054314 -1931.752504 -1933.518154 -1936.377684 -1937.839117 -1897.389515 -1330.964890 -1474.310660 -1437.459965 -1412.520914 -1401.064792 -1399.401626 -1399.225410 -1399.240246 -1399.282129 -1399.327281 -1399.370678 -1399.410871 -1399.448254 -1399.492479 -1399.634876 -1400.607466 -1406.604131 -1420.042780 -1433.258722 -1276.302713 -1861.902824 -1930.969905 -1935.588322 -1935.165224 -1934.941241 -1934.888819 -1934.879337 -1934.878149 -1934.878362 -1934.878741 -1934.879081 -1934.879361 -1934.879591 -1934.879785 -1934.879952 -1934.880101 -1934.880238 -1934.880369 -1934.880503 -1934.880648 -1934.880816 -1934.881026 -1934.881306 -1934.881699 -1934.882279 -1934.883168 -1934.884576 -1934.886882 -1934.890787 -1934.897632 -1934.910049 -1934.933346 -1934.978528 -1935.069400 -1935.260558 -1935.686613 -1936.707241 -1939.377759 -1947.149954 -1972.659899 -9999.0 -9999.0
-9999.0 -9999.0 472.166835 373.353457 274.163505 174.797235 75.356374 -24.113864 -123.592257 -223.069415 -322.536493 -421.980641 -521.379270 -620.688142 -719.853030 -819.073143 -918.229278 -1017.311564 -1116.311858 -1214.558984 -1311.735687 -1406.711439 -1497.551846 -1581.738181 -1656.835107 -1721.172192 -1774.180493 -1816.333047 -1848.836561 -1873.260000 -1891.227355 -1904.221784 -1913.493050 -1920.037496 -1924.619341 -1927.811963 -1930.054314 -1931.752504 -1933.518154 -1936.377684 -1937.839117 -1897.389515 -1330.964890 -1474.310660 -1437.459965 -1412.520913 -1401.064792 -1399.401626 -1399.225410 -1399.240246 -1399.282129 -1399.327281 -1399.370678 -1399.410871 -1399.448254 -1399.492479 -1399.634876 -1400.607466 -1406.604131 -1420.042780 -1433.258722 -1276.302713 -1861.902824 -1930.969905 -1935.588322 -1935.165224 -1934.941241 -1934.888819 -1934.879337 -1934.878149 -1934.878362 -1934.878741 -1934.879081 -1934.879361 -1934.879591 -1934.879785 -1934.879952 -1934.880101 -1934.880238 -1934.880369 -1934.880503 -1934.880648 -1934.880816 -1934.881026 -1934.881306 -1934.881699 -1934.882279 -1934.883168 -1934.884576 -1934.886882 -1934.890787 -1934.897632 -1934.910049 -1934.933346 -1934.978528 -1935.069400 -1935.260558 -1935.686613 -1936.707241 -1939.377759 -1947.149954 -1972.659899 -9999.0 -9999.0
-9999.0 -9999.0 472.166835 373.353457 274.163505 174.797235 75.356374 -24.113864 -123.592257 -223.069415 -322.536493 -421.980642 -521.379270 -620.688142 -719.853029 -819.073143 -918.229278 -1017.311564 -1116.311858 -1214.558984 -1311.735687 -1406.711439 -1497.551846 -1581.738181 -1656.835107 -1721.172192 -1774.180493 -1816.333047 -1848.836561 -1873.260000 -1891.227355 -1904.221784 -1913.493050 -1920.037496 -1924.619341 -1927.811963 -1930.054314 -1931.752504 -1933.518154 -1936.377684 -1937.839117 -1897.389515 -1330.964890 -1474.310660 -1437.459965 -1412.520913 -1401.064792 -1399.401626 -1399.225410 -1399.240246 -1399.282129 -1399.327281 -1399.370678 -1399.410871 -1399.448254 -1399.492479 -1399.634876 -1400.607466 -1406.604131 -1420.042780 -1433.258722 -1276.302713 -1861.902824 -1930.969905 -1935.588322 -1935.165224 -1934.941241 -1934.888819 -1934.879337 -1934.878149 -1934.878362 -1934.878741 -1934.879081 -1934.879361 -1934.879591 -1934.879785 -1934.879952 -1934.880101 -1934.880238 -1934.880369 -1934.880503 -1934.880648 -1934.880816 -1934.881026 -1934.881306 -1934.881699 -1934.882279 -1934.883168 -1934.884576 -1934.886882 -1934.890787 -1934.897632 -1934.910049 -1934.933346 -1934.978528 -1935.069400 -1935.260558 -1935.686613 -1936.707241 -1939.377759 -1947.149954 -1972.659899 -9999.0 -9999.0
-9999.0 -9999.0 472.165567 373.352790 274.163237 174.797136 75.356338 -24.113877 -123.592262 -223.069417 -322.536494 -421.980642 -521.379271 -620.688142 -719.853030 -819.073143 -918.229278 -1017.311564 -1116.311858 -1214.558984 -1311.735687 -1406.711439 -1497.551846 -1581.738181 -1656.835107 -1721.172192 -1774.180493 -1816.333047 -1848.836561 -1873.260000 -1891.227355 -1904.221784 -1913.493050 -1920.037496 -1924.619341 -1927.811963 -1930.054314 -1931.752504 -1933.518154 -1936.377684 -1937.839117 -1897.389515 -1330.964890 -1474.310660 -1437.459965 -1412.520914 -1401.064792 -1399.401626 -1399.225410 -1399.240246 -1399.282129 -1399.327281 -1399.370678 -1399.410871 -1399.448254 -1399.492479 -1399.634876 -1400.607466 -1406.604131 -1420.042780 -1433.258722 -1276.302713 -1861.902824 -1930.969905 -1935.588322 -1935.165224 -1934.941241 -1934.888819 -1934.879337 -1934.878149 -1934.878362 -1934.878741 -1934.879081 -1934.879361 -1934.879591 -1934.879785 -1934.879952 -1934.880101 -1934.880238 -1934.880369 -1934.880503 -1934.880648 -1934.880816 -1934.881026 -1934.881306 -1934.881699 -1934.882279 -1934.883168 -1934.884576 -1934.886882 -1934.890787 -1934.897632 -1934.910049 -1934.933346 -1934.978528 -1935.069400 -1935.260558 -1935.686613 -1936.707241 -1939.377759 -1947.149954 -1972.659899 -9999.0 -9999.0
-9999.0 -9999.0 472.160220 373.351307 274.162824 174.797011 75.356298 -24.113890 -123.592267 -223.069419 -322.536495 -421.980643 -521.379271 -620.688142 -719.853030 -819.073143 -918.229278 -1017.311564 -1116.311858 -1214.558984 -1311.735686 -1406.711439 -1497.551846 -1581.738181 -1656.835107 -1721.172192 -1774.180493 -1816.333046 -1848.836561 -1873.260000 -1891.227355 -1904.221784 -1913.493050 -1920.037496 -1924.619341 -1927.811963 -1930.054314 -1931.752504 -1933.518154 -1936.377684 -1937.839117 -1897.389515 -1330.964890 -1474.310660 -1437.459965 -1412.520914 -1401.064792 -1399.401626 -1399.225410 -1399.240246 -1399.282129 -1399.327281 -1399.370678 -1399.410871 -1399.448254 -1399.492479 -1399.634876 -1400.607466 -1406.604131 -1420.042780 -1433.258722 -1276.302713 -1861.902824 -1930.969905 -1935.588322 -1935.165224 -1934.941241 -1934.888819 -1934.879337 -1934.878149 -1934.878362 -1934.878741 -1934.879081 -1934.879361 -1934.879591 -1934.879785 -1934.879952 -1934.880101 -1934.880238 -1934.880369 -1934.880503 -1934.880648 -1934.880816 -1934.881026 -1934.881306 -1934.881699 -1934.882279 -1934.883168 -1934.884576 -1934.886882 -1934.890787 -1934.897632 -1934.910049 -1934.933346 -1934.978528 -1935.069400 -1935.260558 -1935.686613 -1936.707241 -1939.377759 -1947.149954 -1972.659899 -9999.0 -9999.0
-9999.0 -9999.0 -9999.0 -9999.0 -9999.0 -9999.0 -9999.0 -9999.0 -9999.0 -9999.0 -9999.0 -9999.0 -9999.0 -9999.0 -9999.0 -9999.0 -9999.0 -9999.0 -9999.0 -9999.0 -9999.0 -9999.0 -9999.0 -9999.0 -9999.0 -9999.0 -9999.0 -9999.0 -9999.0 -9999.0 -9999.0 -9999.0 -9999.0 -9999.0 -9999.0 -9999.0 -9999.0 -9999.0 -9999.0 -9999.0 -9999.0 -9999.0 -9999.0 -9999.0 -9999.0 -9999.0 -9999.0 -9999.0 -9999.0 -9999.0 -9999.0 -9999.0 -9999.0 -9999.0 -9999.0 -9999.0 -9999.0 -9999.0 -9999.0 -9999.0 -9999.0 -9999.0 -9999.0 -9999.0 -9999.0 -9999.0 -9999.0 -9999.0 -9999.0 -9999.0 -9999.0 -9999.0 -9999.0 -9999.0 -9999.0 -9999.0 -9999.0 -9999.0 -9999.0 -9999.0 -9999.0 -9999.0 -9999.0 -9999.0 -9999.0 -9999.0 -9999.0 -9999.0 -9999.0 -9999.0 -9999.0 -9999.0 -9999.0 -9999.0 -9999.0 -9999.0 -9999.0 -9999.0 -9999.0 -9999.0 -9999.0 -9999.0 -9999.0 -9999.0
-9999.0 -9999.0 -9999.0 -9999.0 -9999.0 -9999.0 -9999.0 -9999.0 -9999.0 -9999.0 -9999.0 -9999.0 -9999.0 -9999.0 -9999.0 -9999.0 -9999.0 -9999.0 -9999.0 -9999.0 -9999.0 -9999.0 -9999.0 -9999.0 -9999.0 -9999.0 -9999.0 -9999.0 -9999.0 -9999.0 -9999.0 -9999.0 -9999.0 -9999.0 -9999.0 -9999.0 -9999.0 -9999.0 -9999.0 -9999.0 -9999.0 -9999.0 -9999.0 -9999.0 -9999.0 -9999.0 -9999.0 -9999.0 -9999.0 -9999.0 -9999.0 -9999.0 -9999.0 -9999.0 -9999.0 -9999.0 -9999.0 -9999.0 -9999.0 -9999.0 -9999.0 -9999.0 -9999.0 -9999.0 -9999.0 -9999.0 -9999.0 -9999.0 -9999.0 -9999.0 -9999.0 -9999.0 -9999.0 -9999.0 -9999.0 -9999.0 -9999.0 -9999.0 -9999.0 -9999.0 -9999.0 -9999.0 -9999.0 -9999.0 -9999.0 -9999.0 -9999.0 -9999.0 -9999.0 -9999.0 -9999.0 -9999.0 -9999.0 -9999.0 -9999.0 -9999.0 -9999.0 -9999.0 -9999.0 -9999.0 -9999.0 -9999.0 -9999.0 -9999.0