inst/processing_geotop_simulation/geotop_simulation/out/maps3D/PwL0000N0239.asc
ncols         104
nrows         10
xllcorner     -2.000000
yllcorner     0.000000
cellsize      1.000000
NODATA_value  -9999.0
-9999.0 -9999.0 -9999.0 -9999.0 -9999.0 -9999.0 -9999.0 -9999.0 -9999.0 -9999.0 -9999.0 -9999.0 -9999.0 -9999.0 -9999.0 -9999.0 -9999.0 -9999.0 -9999.0 -9999.0 -9999.0 -9999.0 -9999.0 -9999.0 -9999.0 -9999.0 -9999.0 -9999.0 -9999.0 -9999.0 -9999.0 -9999.0 -9999.0 -9999.0 -9999.0 -9999.0 -9999.0 -9999.0 -9999.0 -9999.0 -9999.0 -9999.0 -9999.0 -9999.0 -9999.0 -9999.0 -9999.0 -9999.0 -9999.0 -9999.0 -9999.0 -9999.0 -9999.0 -9999.0 -9999.0 -9999.0 -9999.0 -9999.0 -9999.0 -9999.0 -9999.0 -9999.0 -9999.0 -9999.0 -9999.0 -9999.0 -9999.0 -9999.0 -9999.0 -9999.0 -9999.0 -9999.0 -9999.0 -9999.0 -9999.0 -9999.0 -9999.0 -9999.0 -9999.0 -9999.0 -9999.0 -9999.0 -9999.0 -9999.0 -9999.0 -9999.0 -9999.0 -9999.0 -9999.0 -9999.0 -9999.0 -9999.0 -9999.0 -9999.0 -9999.0 -9999.0 -9999.0 -9999.0 -9999.0 -9999.0 -9999.0 -9999.0 -9999.0 -9999.0
-9999.0 -9999.0 -9999.0 -9999.0 -9999.0 -9999.0 -9999.0 -9999.0 -9999.0 -9999.0 -9999.0 -9999.0 -9999.0 -9999.0 -9999.0 -9999.0 -9999.0 -9999.0 -9999.0 -9999.0 -9999.0 -9999.0 -9999.0 -9999.0 -9999.0 -9999.0 -9999.0 -9999.0 -9999.0 -9999.0 -9999.0 -9999.0 -9999.0 -9999.0 -9999.0 -9999.0 -9999.0 -9999.0 -9999.0 -9999.0 -9999.0 -9999.0 -9999.0 -9999.0 -9999.0 -9999.0 -9999.0 -9999.0 -9999.0 -9999.0 -9999.0 -9999.0 -9999.0 -9999.0 -9999.0 -9999.0 -9999.0 -9999.0 -9999.0 -9999.0 -9999.0 -9999.0 -9999.0 -9999.0 -9999.0 -9999.0 -9999.0 -9999.0 -9999.0 -9999.0 -9999.0 -9999.0 -9999.0 -9999.0 -9999.0 -9999.0 -9999.0 -9999.0 -9999.0 -9999.0 -9999.0 -9999.0 -9999.0 -9999.0 -9999.0 -9999.0 -9999.0 -9999.0 -9999.0 -9999.0 -9999.0 -9999.0 -9999.0 -9999.0 -9999.0 -9999.0 -9999.0 -9999.0 -9999.0 -9999.0 -9999.0 -9999.0 -9999.0 -9999.0
-9999.0 -9999.0 0.031069 -90.037514 -187.058651 -284.850626 -382.920477 -481.076925 -579.220559 -677.262704 -775.027808 -872.372856 -969.185246 -1065.296728 -1161.270992 -1256.970062 -1351.174218 -1443.313664 -1532.909214 -1618.169356 -1694.447970 -1757.376040 -1805.574747 -1840.515339 -1864.972957 -1881.763323 -1893.179081 -1900.898386 -1906.091692 -1909.563776 -1911.868632 -1913.387807 -1914.382853 -1915.031350 -1915.452731 -1915.728408 -1915.921173 -1916.113012 -1916.578982 -1918.565840 -1925.019391 -1903.704393 -1189.904577 -1186.553051 -1176.136305 -1169.473428 -1166.344123 -1165.875336 -1165.825979 -1165.832141 -1165.846546 -1165.861973 -1165.876796 -1165.890520 -1165.903226 -1165.917704 -1165.960473 -1166.242654 -1167.916425 -1171.659627 -1177.236372 -1173.196820 -1882.253335 -1919.673884 -1917.397952 -1916.505439 -1916.342317 -1916.316516 -1916.313066 -1916.313295 -1916.314036 -1916.314716 -1916.315252 -1916.315662 -1916.315975 -1916.316218 -1916.316411 -1916.316566 -1916.316696 -1916.316812 -1916.316926 -1916.317052 -1916.317212 -1916.317434 -1916.317764 -1916.318270 -1916.319068 -1916.320347 -1916.322427 -1916.325872 -1916.331706 -1916.341848 -1916.360001 -1916.393475 -1916.456907 -1916.580108 -1916.825736 -1917.333469 -1918.441535 -1921.052849 -1927.951411 -1950.078798 -9999.0 -9999.0
-9999.0 -9999.0 0.103197 -90.035368 -187.058116 -284.850470 -382.920428 -481.076908 -579.220553 -677.262702 -775.027808 -872.372855 -969.185246 -1065.296728 -1161.270992 -1256.970062 -1351.174218 -1443.313664 -1532.909215 -1618.169356 -1694.447970 -1757.376040 -1805.574747 -1840.515339 -1864.972957 -1881.763323 -1893.179081 -1900.898386 -1906.091692 -1909.563776 -1911.868632 -1913.387807 -1914.382853 -1915.031350 -1915.452731 -1915.728408 -1915.921173 -1916.113012 -1916.578982 -1918.565840 -1925.019391 -1903.704393 -1189.904577 -1186.553051 -1176.136304 -1169.473428 -1166.344123 -1165.875336 -1165.825979 -1165.832141 -1165.846546 -1165.861973 -1165.876796 -1165.890520 -1165.903226 -1165.917704 -1165.960473 -1166.242654 -1167.916425 -1171.659627 -1177.236372 -1173.196820 -1882.253335 -1919.673884 -1917.397952 -1916.505439 -1916.342317 -1916.316516 -1916.313066 -1916.313295 -1916.314036 -1916.314716 -1916.315252 -1916.315662 -1916.315975 -1916.316218 -1916.316411 -1916.316566 -1916.316696 -1916.316812 -1916.316926 -1916.317052 -1916.317212 -1916.317434 -1916.317764 -1916.318270 -1916.319068 -1916.320347 -1916.322427 -1916.325872 -1916.331706 -1916.341848 -1916.360001 -1916.393475 -1916.456907 -1916.580108 -1916.825736 -1917.333469 -1918.441535 -1921.052849 -1927.951411 -1950.078798 -9999.0 -9999.0
-9999.0 -9999.0 0.103203 -90.034512 -187.057778 -284.850348 -382.920384 -481.076893 -579.220547 -677.262700 -775.027807 -872.372855 -969.185245 -1065.296728 -1161.270992 -1256.970062 -1351.174218 -1443.313664 -1532.909215 -1618.169357 -1694.447970 -1757.376040 -1805.574747 -1840.515339 -1864.972957 -1881.763323 -1893.179081 -1900.898386 -1906.091692 -1909.563776 -1911.868632 -1913.387807 -1914.382853 -1915.031350 -1915.452731 -1915.728408 -1915.921173 -1916.113012 -1916.578982 -1918.565840 -1925.019391 -1903.704393 -1189.904577 -1186.553051 -1176.136304 -1169.473428 -1166.344123 -1165.875336 -1165.825979 -1165.832141 -1165.846546 -1165.861973 -1165.876796 -1165.890520 -1165.903226 -1165.917704 -1165.960473 -1166.242654 -1167.916425 -1171.659627 -1177.236372 -1173.196820 -1882.253335 -1919.673884 -1917.397952 -1916.505439 -1916.342317 -1916.316516 -1916.313066 -1916.313295 -1916.314036 -1916.314716 -1916.315252 -1916.315662 -1916.315975 -1916.316218 -1916.316411 -1916.316566 -1916.316696 -1916.316812 -1916.316926 -1916.317052 -1916.317212 -1916.317434 -1916.317764 -1916.318270 -1916.319068 -1916.320347 -1916.322427 -1916.325872 -1916.331706 -1916.341848 -1916.360001 -1916.393475 -1916.456907 -1916.580108 -1916.825736 -1917.333469 -1918.441535 -1921.052849 -1927.951411 -1950.078798 -9999.0 -9999.0
-9999.0 -9999.0 0.103203 -90.034512 -187.057778 -284.850348 -382.920384 -481.076893 -579.220547 -677.262700 -775.027807 -872.372855 -969.185245 -1065.296728 -1161.270992 -1256.970062 -1351.174218 -1443.313664 -1532.909215 -1618.169357 -1694.447970 -1757.376040 -1805.574747 -1840.515339 -1864.972957 -1881.763323 -1893.179081 -1900.898386 -1906.091692 -1909.563776 -1911.868632 -1913.387807 -1914.382853 -1915.031350 -1915.452731 -1915.728408 -1915.921173 -1916.113012 -1916.578982 -1918.565840 -1925.019391 -1903.704393 -1189.904577 -1186.553051 -1176.136304 -1169.473428 -1166.344123 -1165.875336 -1165.825979 -1165.832141 -1165.846546 -1165.861973 -1165.876796 -1165.890520 -1165.903226 -1165.917704 -1165.960473 -1166.242654 -1167.916425 -1171.659627 -1177.236372 -1173.196820 -1882.253335 -1919.673884 -1917.397952 -1916.505439 -1916.342317 -1916.316516 -1916.313066 -1916.313295 -1916.314036 -1916.314716 -1916.315252 -1916.315662 -1916.315975 -1916.316218 -1916.316411 -1916.316566 -1916.316696 -1916.316812 -1916.316926 -1916.317052 -1916.317212 -1916.317434 -1916.317764 -1916.318270 -1916.319068 -1916.320347 -1916.322427 -1916.325872 -1916.331706 -1916.341848 -1916.360001 -1916.393475 -1916.456907 -1916.580108 -1916.825736 -1917.333469 -1918.441535 -1921.052849 -1927.951411 -1950.078798 -9999.0 -9999.0
-9999.0 -9999.0 0.103197 -90.035368 -187.058116 -284.850470 -382.920428 -481.076908 -579.220553 -677.262702 -775.027807 -872.372855 -969.185246 -1065.296728 -1161.270992 -1256.970062 -1351.174218 -1443.313664 -1532.909215 -1618.169356 -1694.447970 -1757.376040 -1805.574747 -1840.515339 -1864.972957 -1881.763323 -1893.179081 -1900.898386 -1906.091692 -1909.563776 -1911.868632 -1913.387807 -1914.382853 -1915.031350 -1915.452731 -1915.728408 -1915.921173 -1916.113012 -1916.578982 -1918.565840 -1925.019391 -1903.704393 -1189.904577 -1186.553051 -1176.136304 -1169.473428 -1166.344123 -1165.875336 -1165.825979 -1165.832141 -1165.846546 -1165.861973 -1165.876796 -1165.890520 -1165.903226 -1165.917704 -1165.960473 -1166.242654 -1167.916425 -1171.659627 -1177.236372 -1173.196820 -1882.253335 -1919.673884 -1917.397952 -1916.505439 -1916.342317 -1916.316516 -1916.313066 -1916.313295 -1916.314036 -1916.314716 -1916.315252 -1916.315662 -1916.315975 -1916.316218 -1916.316411 -1916.316566 -1916.316696 -1916.316812 -1916.316926 -1916.317052 -1916.317212 -1916.317434 -1916.317764 -1916.318270 -1916.319068 -1916.320347 -1916.322427 -1916.325872 -1916.331706 -1916.341848 -1916.360001 -1916.393475 -1916.456907 -1916.580108 -1916.825736 -1917.333469 -1918.441535 -1921.052849 -1927.951411 -1950.078798 -9999.0 -9999.0
-9999.0 -9999.0 0.031069 -90.037514 -187.058651 -284.850626 -382.920477 -481.076925 -579.220559 -677.262704 -775.027808 -872.372856 -969.185246 -1065.296728 -1161.270992 -1256.970062 -1351.174218 -1443.313664 -1532.909214 -1618.169356 -1694.447970 -1757.376040 -1805.574747 -1840.515339 -1864.972957 -1881.763323 -1893.179081 -1900.898386 -1906.091692 -1909.563776 -1911.868632 -1913.387807 -1914.382853 -1915.031350 -1915.452731 -1915.728408 -1915.921173 -1916.113012 -1916.578982 -1918.565840 -1925.019391 -1903.704393 -1189.904577 -1186.553051 -1176.136305 -1169.473428 -1166.344123 -1165.875336 -1165.825979 -1165.832141 -1165.846546 -1165.861973 -1165.876796 -1165.890520 -1165.903226 -1165.917704 -1165.960473 -1166.242654 -1167.916425 -1171.659627 -1177.236372 -1173.196820 -1882.253335 -1919.673884 -1917.397952 -1916.505439 -1916.342317 -1916.316516 -1916.313066 -1916.313295 -1916.314036 -1916.314716 -1916.315252 -1916.315662 -1916.315975 -1916.316218 -1916.316411 -1916.316566 -1916.316696 -1916.316812 -1916.316926 -1916.317052 -1916.317212 -1916.317434 -1916.317764 -1916.318270 -1916.319068 -1916.320347 -1916.322427 -1916.325872 -1916.331706 -1916.341848 -1916.360001 -1916.393475 -1916.456907 -1916.580108 -1916.825736 -1917.333469 -1918.441535 -1921.052849 -1927.951411 -1950.078798 -9999.0 -9999.0
-9999.0 -9999.0 -9999.0 -9999.0 -9999.0 -9999.0 -9999.0 -9999.0 -9999.0 -9999.0 -9999.0 -9999.0 -9999.0 -9999.0 -9999.0 -9999.0 -9999.0 -9999.0 -9999.0 -9999.0 -9999.0 -9999.0 -9999.0 -9999.0 -9999.0 -9999.0 -9999.0 -9999.0 -9999.0 -9999.0 -9999.0 -9999.0 -9999.0 -9999.0 -9999.0 -9999.0 -9999.0 -9999.0 -9999.0 -9999.0 -9999.0 -9999.0 -9999.0 -9999.0 -9999.0 -9999.0 -9999.0 -9999.0 -9999.0 -9999.0 -9999.0 -9999.0 -9999.0 -9999.0 -9999.0 -9999.0 -9999.0 -9999.0 -9999.0 -9999.0 -9999.0 -9999.0 -9999.0 -9999.0 -9999.0 -9999.0 -9999.0 -9999.0 -9999.0 -9999.0 -9999.0 -9999.0 -9999.0 -9999.0 -9999.0 -9999.0 -9999.0 -9999.0 -9999.0 -9999.0 -9999.0 -9999.0 -9999.0 -9999.0 -9999.0 -9999.0 -9999.0 -9999.0 -9999.0 -9999.0 -9999.0 -9999.0 -9999.0 -9999.0 -9999.0 -9999.0 -9999.0 -9999.0 -9999.0 -9999.0 -9999.0 -9999.0 -9999.0 -9999.0
-9999.0 -9999.0 -9999.0 -9999.0 -9999.0 -9999.0 -9999.0 -9999.0 -9999.0 -9999.0 -9999.0 -9999.0 -9999.0 -9999.0 -9999.0 -9999.0 -9999.0 -9999.0 -9999.0 -9999.0 -9999.0 -9999.0 -9999.0 -9999.0 -9999.0 -9999.0 -9999.0 -9999.0 -9999.0 -9999.0 -9999.0 -9999.0 -9999.0 -9999.0 -9999.0 -9999.0 -9999.0 -9999.0 -9999.0 -9999.0 -9999.0 -9999.0 -9999.0 -9999.0 -9999.0 -9999.0 -9999.0 -9999.0 -9999.0 -9999.0 -9999.0 -9999.0 -9999.0 -9999.0 -9999.0 -9999.0 -9999.0 -9999.0 -9999.0 -9999.0 -9999.0 -9999.0 -9999.0 -9999.0 -9999.0 -9999.0 -9999.0 -9999.0 -9999.0 -9999.0 -9999.0 -9999.0 -9999.0 -9999.0 -9999.0 -9999.0 -9999.0 -9999.0 -9999.0 -9999.0 -9999.0 -9999.0 -9999.0 -9999.0 -9999.0 -9999.0 -9999.0 -9999.0 -9999.0 -9999.0 -9999.0 -9999.0 -9999.0 -9999.0 -9999.0 -9999.0 -9999.0 -9999.0 -9999.0 -9999.0 -9999.0 -9999.0 -9999.0 -9999.0