inst/processing_geotop_simulation/geotop_simulation/out/maps3D/PwL0002N0124.asc
ncols         104
nrows         10
xllcorner     -2.000000
yllcorner     0.000000
cellsize      1.000000
NODATA_value  -9999.0
-9999.0 -9999.0 -9999.0 -9999.0 -9999.0 -9999.0 -9999.0 -9999.0 -9999.0 -9999.0 -9999.0 -9999.0 -9999.0 -9999.0 -9999.0 -9999.0 -9999.0 -9999.0 -9999.0 -9999.0 -9999.0 -9999.0 -9999.0 -9999.0 -9999.0 -9999.0 -9999.0 -9999.0 -9999.0 -9999.0 -9999.0 -9999.0 -9999.0 -9999.0 -9999.0 -9999.0 -9999.0 -9999.0 -9999.0 -9999.0 -9999.0 -9999.0 -9999.0 -9999.0 -9999.0 -9999.0 -9999.0 -9999.0 -9999.0 -9999.0 -9999.0 -9999.0 -9999.0 -9999.0 -9999.0 -9999.0 -9999.0 -9999.0 -9999.0 -9999.0 -9999.0 -9999.0 -9999.0 -9999.0 -9999.0 -9999.0 -9999.0 -9999.0 -9999.0 -9999.0 -9999.0 -9999.0 -9999.0 -9999.0 -9999.0 -9999.0 -9999.0 -9999.0 -9999.0 -9999.0 -9999.0 -9999.0 -9999.0 -9999.0 -9999.0 -9999.0 -9999.0 -9999.0 -9999.0 -9999.0 -9999.0 -9999.0 -9999.0 -9999.0 -9999.0 -9999.0 -9999.0 -9999.0 -9999.0 -9999.0 -9999.0 -9999.0 -9999.0 -9999.0
-9999.0 -9999.0 -9999.0 -9999.0 -9999.0 -9999.0 -9999.0 -9999.0 -9999.0 -9999.0 -9999.0 -9999.0 -9999.0 -9999.0 -9999.0 -9999.0 -9999.0 -9999.0 -9999.0 -9999.0 -9999.0 -9999.0 -9999.0 -9999.0 -9999.0 -9999.0 -9999.0 -9999.0 -9999.0 -9999.0 -9999.0 -9999.0 -9999.0 -9999.0 -9999.0 -9999.0 -9999.0 -9999.0 -9999.0 -9999.0 -9999.0 -9999.0 -9999.0 -9999.0 -9999.0 -9999.0 -9999.0 -9999.0 -9999.0 -9999.0 -9999.0 -9999.0 -9999.0 -9999.0 -9999.0 -9999.0 -9999.0 -9999.0 -9999.0 -9999.0 -9999.0 -9999.0 -9999.0 -9999.0 -9999.0 -9999.0 -9999.0 -9999.0 -9999.0 -9999.0 -9999.0 -9999.0 -9999.0 -9999.0 -9999.0 -9999.0 -9999.0 -9999.0 -9999.0 -9999.0 -9999.0 -9999.0 -9999.0 -9999.0 -9999.0 -9999.0 -9999.0 -9999.0 -9999.0 -9999.0 -9999.0 -9999.0 -9999.0 -9999.0 -9999.0 -9999.0 -9999.0 -9999.0 -9999.0 -9999.0 -9999.0 -9999.0 -9999.0 -9999.0
-9999.0 -9999.0 85.192192 2.734048 -88.735065 -182.398021 -276.874746 -371.650109 -466.461999 -561.138634 -655.485792 -749.809045 -845.523317 -945.728756 -1046.981371 -1144.733556 -1247.843209 -1351.435647 -1434.127891 -1482.247800 -1505.194124 -1515.491199 -1519.827725 -1521.855709 -1523.303733 -1524.818553 -1526.498551 -1528.217662 -1529.815123 -1531.182818 -1532.280931 -1533.119964 -1533.736932 -1534.176796 -1534.482041 -1534.690041 -1534.839010 -1534.980129 -1535.217420 -1536.288114 -1542.945026 -1558.018264 -982.306402 -979.006243 -967.157509 -959.793730 -956.346859 -955.861321 -955.812550 -955.821932 -955.840403 -955.860014 -955.878835 -955.896248 -955.912266 -955.929529 -955.974080 -956.264157 -958.100101 -962.274776 -969.022878 -964.229209 -1539.480383 -1539.730145 -1535.941613 -1535.310200 -1535.210416 -1535.193651 -1535.192143 -1535.193458 -1535.195017 -1535.196312 -1535.197306 -1535.198057 -1535.198629 -1535.199072 -1535.199421 -1535.199703 -1535.199936 -1535.200141 -1535.200339 -1535.200557 -1535.200829 -1535.201204 -1535.201758 -1535.202607 -1535.203940 -1535.206066 -1535.209504 -1535.215152 -1535.224614 -1535.240859 -1535.269556 -1535.321802 -1535.419636 -1535.607087 -1535.972743 -1536.699560 -1538.190070 -1541.417537 -1549.033003 -1570.538219 -9999.0 -9999.0
-9999.0 -9999.0 85.205271 2.736433 -88.734468 -182.397847 -276.874692 -371.650091 -466.461992 -561.138632 -655.485791 -749.809045 -845.523317 -945.728756 -1046.981371 -1144.733556 -1247.843209 -1351.435648 -1434.127891 -1482.247800 -1505.194124 -1515.491199 -1519.827725 -1521.855709 -1523.303733 -1524.818553 -1526.498551 -1528.217662 -1529.815123 -1531.182818 -1532.280931 -1533.119964 -1533.736932 -1534.176796 -1534.482041 -1534.690041 -1534.839010 -1534.980129 -1535.217420 -1536.288114 -1542.945026 -1558.018264 -982.306402 -979.006243 -967.157509 -959.793730 -956.346859 -955.861321 -955.812550 -955.821932 -955.840403 -955.860014 -955.878835 -955.896248 -955.912266 -955.929529 -955.974080 -956.264157 -958.100101 -962.274776 -969.022878 -964.229209 -1539.480383 -1539.730145 -1535.941613 -1535.310200 -1535.210416 -1535.193651 -1535.192143 -1535.193458 -1535.195017 -1535.196312 -1535.197306 -1535.198057 -1535.198629 -1535.199072 -1535.199421 -1535.199703 -1535.199936 -1535.200141 -1535.200339 -1535.200557 -1535.200829 -1535.201204 -1535.201758 -1535.202607 -1535.203940 -1535.206066 -1535.209504 -1535.215152 -1535.224614 -1535.240859 -1535.269556 -1535.321802 -1535.419636 -1535.607087 -1535.972743 -1536.699560 -1538.190070 -1541.417537 -1549.033003 -1570.538219 -9999.0 -9999.0
-9999.0 -9999.0 85.206691 2.737379 -88.734093 -182.397712 -276.874644 -371.650074 -466.461986 -561.138630 -655.485790 -749.809045 -845.523317 -945.728756 -1046.981371 -1144.733556 -1247.843209 -1351.435648 -1434.127891 -1482.247800 -1505.194124 -1515.491199 -1519.827725 -1521.855709 -1523.303733 -1524.818553 -1526.498551 -1528.217662 -1529.815123 -1531.182818 -1532.280931 -1533.119964 -1533.736932 -1534.176796 -1534.482041 -1534.690041 -1534.839010 -1534.980129 -1535.217420 -1536.288114 -1542.945026 -1558.018264 -982.306402 -979.006243 -967.157509 -959.793730 -956.346859 -955.861321 -955.812550 -955.821932 -955.840403 -955.860014 -955.878835 -955.896248 -955.912266 -955.929529 -955.974080 -956.264157 -958.100101 -962.274776 -969.022878 -964.229209 -1539.480383 -1539.730145 -1535.941613 -1535.310200 -1535.210416 -1535.193651 -1535.192143 -1535.193458 -1535.195017 -1535.196312 -1535.197306 -1535.198057 -1535.198629 -1535.199072 -1535.199421 -1535.199703 -1535.199936 -1535.200141 -1535.200339 -1535.200557 -1535.200829 -1535.201204 -1535.201758 -1535.202607 -1535.203940 -1535.206066 -1535.209504 -1535.215152 -1535.224614 -1535.240859 -1535.269556 -1535.321802 -1535.419636 -1535.607087 -1535.972743 -1536.699560 -1538.190070 -1541.417537 -1549.033003 -1570.538219 -9999.0 -9999.0
-9999.0 -9999.0 85.206691 2.737379 -88.734093 -182.397711 -276.874644 -371.650074 -466.461986 -561.138630 -655.485790 -749.809045 -845.523317 -945.728756 -1046.981371 -1144.733556 -1247.843209 -1351.435648 -1434.127891 -1482.247800 -1505.194124 -1515.491199 -1519.827725 -1521.855709 -1523.303733 -1524.818553 -1526.498551 -1528.217662 -1529.815123 -1531.182818 -1532.280931 -1533.119964 -1533.736932 -1534.176796 -1534.482041 -1534.690041 -1534.839010 -1534.980129 -1535.217420 -1536.288114 -1542.945026 -1558.018264 -982.306402 -979.006243 -967.157509 -959.793730 -956.346859 -955.861321 -955.812550 -955.821932 -955.840403 -955.860014 -955.878835 -955.896248 -955.912266 -955.929529 -955.974080 -956.264157 -958.100101 -962.274776 -969.022878 -964.229209 -1539.480383 -1539.730145 -1535.941613 -1535.310200 -1535.210416 -1535.193651 -1535.192143 -1535.193458 -1535.195017 -1535.196312 -1535.197306 -1535.198057 -1535.198629 -1535.199072 -1535.199421 -1535.199703 -1535.199936 -1535.200141 -1535.200339 -1535.200557 -1535.200829 -1535.201204 -1535.201758 -1535.202607 -1535.203940 -1535.206066 -1535.209504 -1535.215152 -1535.224614 -1535.240859 -1535.269556 -1535.321802 -1535.419636 -1535.607087 -1535.972743 -1536.699560 -1538.190070 -1541.417537 -1549.033003 -1570.538219 -9999.0 -9999.0
-9999.0 -9999.0 85.205271 2.736433 -88.734468 -182.397847 -276.874692 -371.650091 -466.461992 -561.138632 -655.485791 -749.809045 -845.523317 -945.728756 -1046.981371 -1144.733556 -1247.843209 -1351.435648 -1434.127891 -1482.247800 -1505.194124 -1515.491199 -1519.827725 -1521.855709 -1523.303733 -1524.818553 -1526.498551 -1528.217662 -1529.815123 -1531.182818 -1532.280931 -1533.119964 -1533.736932 -1534.176796 -1534.482041 -1534.690041 -1534.839010 -1534.980129 -1535.217420 -1536.288114 -1542.945026 -1558.018264 -982.306402 -979.006243 -967.157509 -959.793730 -956.346859 -955.861321 -955.812550 -955.821932 -955.840403 -955.860014 -955.878835 -955.896248 -955.912266 -955.929529 -955.974080 -956.264157 -958.100101 -962.274776 -969.022878 -964.229209 -1539.480383 -1539.730145 -1535.941613 -1535.310200 -1535.210416 -1535.193651 -1535.192143 -1535.193458 -1535.195017 -1535.196312 -1535.197306 -1535.198057 -1535.198629 -1535.199072 -1535.199421 -1535.199703 -1535.199936 -1535.200141 -1535.200339 -1535.200557 -1535.200829 -1535.201204 -1535.201758 -1535.202607 -1535.203940 -1535.206066 -1535.209504 -1535.215152 -1535.224614 -1535.240859 -1535.269556 -1535.321802 -1535.419636 -1535.607087 -1535.972743 -1536.699560 -1538.190070 -1541.417537 -1549.033003 -1570.538219 -9999.0 -9999.0
-9999.0 -9999.0 85.192192 2.734048 -88.735065 -182.398021 -276.874746 -371.650109 -466.461999 -561.138634 -655.485792 -749.809045 -845.523317 -945.728756 -1046.981371 -1144.733556 -1247.843209 -1351.435647 -1434.127891 -1482.247800 -1505.194124 -1515.491199 -1519.827725 -1521.855709 -1523.303733 -1524.818553 -1526.498551 -1528.217662 -1529.815123 -1531.182818 -1532.280931 -1533.119964 -1533.736932 -1534.176796 -1534.482041 -1534.690041 -1534.839010 -1534.980129 -1535.217420 -1536.288114 -1542.945026 -1558.018264 -982.306402 -979.006243 -967.157509 -959.793730 -956.346859 -955.861321 -955.812550 -955.821932 -955.840403 -955.860014 -955.878835 -955.896248 -955.912266 -955.929529 -955.974080 -956.264157 -958.100101 -962.274776 -969.022878 -964.229209 -1539.480383 -1539.730145 -1535.941613 -1535.310200 -1535.210416 -1535.193651 -1535.192143 -1535.193458 -1535.195017 -1535.196312 -1535.197306 -1535.198057 -1535.198629 -1535.199072 -1535.199421 -1535.199703 -1535.199936 -1535.200141 -1535.200339 -1535.200557 -1535.200829 -1535.201204 -1535.201758 -1535.202607 -1535.203940 -1535.206066 -1535.209504 -1535.215152 -1535.224614 -1535.240859 -1535.269556 -1535.321802 -1535.419636 -1535.607087 -1535.972743 -1536.699560 -1538.190070 -1541.417537 -1549.033003 -1570.538219 -9999.0 -9999.0
-9999.0 -9999.0 -9999.0 -9999.0 -9999.0 -9999.0 -9999.0 -9999.0 -9999.0 -9999.0 -9999.0 -9999.0 -9999.0 -9999.0 -9999.0 -9999.0 -9999.0 -9999.0 -9999.0 -9999.0 -9999.0 -9999.0 -9999.0 -9999.0 -9999.0 -9999.0 -9999.0 -9999.0 -9999.0 -9999.0 -9999.0 -9999.0 -9999.0 -9999.0 -9999.0 -9999.0 -9999.0 -9999.0 -9999.0 -9999.0 -9999.0 -9999.0 -9999.0 -9999.0 -9999.0 -9999.0 -9999.0 -9999.0 -9999.0 -9999.0 -9999.0 -9999.0 -9999.0 -9999.0 -9999.0 -9999.0 -9999.0 -9999.0 -9999.0 -9999.0 -9999.0 -9999.0 -9999.0 -9999.0 -9999.0 -9999.0 -9999.0 -9999.0 -9999.0 -9999.0 -9999.0 -9999.0 -9999.0 -9999.0 -9999.0 -9999.0 -9999.0 -9999.0 -9999.0 -9999.0 -9999.0 -9999.0 -9999.0 -9999.0 -9999.0 -9999.0 -9999.0 -9999.0 -9999.0 -9999.0 -9999.0 -9999.0 -9999.0 -9999.0 -9999.0 -9999.0 -9999.0 -9999.0 -9999.0 -9999.0 -9999.0 -9999.0 -9999.0 -9999.0
-9999.0 -9999.0 -9999.0 -9999.0 -9999.0 -9999.0 -9999.0 -9999.0 -9999.0 -9999.0 -9999.0 -9999.0 -9999.0 -9999.0 -9999.0 -9999.0 -9999.0 -9999.0 -9999.0 -9999.0 -9999.0 -9999.0 -9999.0 -9999.0 -9999.0 -9999.0 -9999.0 -9999.0 -9999.0 -9999.0 -9999.0 -9999.0 -9999.0 -9999.0 -9999.0 -9999.0 -9999.0 -9999.0 -9999.0 -9999.0 -9999.0 -9999.0 -9999.0 -9999.0 -9999.0 -9999.0 -9999.0 -9999.0 -9999.0 -9999.0 -9999.0 -9999.0 -9999.0 -9999.0 -9999.0 -9999.0 -9999.0 -9999.0 -9999.0 -9999.0 -9999.0 -9999.0 -9999.0 -9999.0 -9999.0 -9999.0 -9999.0 -9999.0 -9999.0 -9999.0 -9999.0 -9999.0 -9999.0 -9999.0 -9999.0 -9999.0 -9999.0 -9999.0 -9999.0 -9999.0 -9999.0 -9999.0 -9999.0 -9999.0 -9999.0 -9999.0 -9999.0 -9999.0 -9999.0 -9999.0 -9999.0 -9999.0 -9999.0 -9999.0 -9999.0 -9999.0 -9999.0 -9999.0 -9999.0 -9999.0 -9999.0 -9999.0 -9999.0 -9999.0