inst/processing_geotop_simulation/geotop_simulation/out/maps3D/PwL0008N0461.asc
ncols         104
nrows         10
xllcorner     -2.000000
yllcorner     0.000000
cellsize      1.000000
NODATA_value  -9999.0
-9999.0 -9999.0 -9999.0 -9999.0 -9999.0 -9999.0 -9999.0 -9999.0 -9999.0 -9999.0 -9999.0 -9999.0 -9999.0 -9999.0 -9999.0 -9999.0 -9999.0 -9999.0 -9999.0 -9999.0 -9999.0 -9999.0 -9999.0 -9999.0 -9999.0 -9999.0 -9999.0 -9999.0 -9999.0 -9999.0 -9999.0 -9999.0 -9999.0 -9999.0 -9999.0 -9999.0 -9999.0 -9999.0 -9999.0 -9999.0 -9999.0 -9999.0 -9999.0 -9999.0 -9999.0 -9999.0 -9999.0 -9999.0 -9999.0 -9999.0 -9999.0 -9999.0 -9999.0 -9999.0 -9999.0 -9999.0 -9999.0 -9999.0 -9999.0 -9999.0 -9999.0 -9999.0 -9999.0 -9999.0 -9999.0 -9999.0 -9999.0 -9999.0 -9999.0 -9999.0 -9999.0 -9999.0 -9999.0 -9999.0 -9999.0 -9999.0 -9999.0 -9999.0 -9999.0 -9999.0 -9999.0 -9999.0 -9999.0 -9999.0 -9999.0 -9999.0 -9999.0 -9999.0 -9999.0 -9999.0 -9999.0 -9999.0 -9999.0 -9999.0 -9999.0 -9999.0 -9999.0 -9999.0 -9999.0 -9999.0 -9999.0 -9999.0 -9999.0 -9999.0
-9999.0 -9999.0 -9999.0 -9999.0 -9999.0 -9999.0 -9999.0 -9999.0 -9999.0 -9999.0 -9999.0 -9999.0 -9999.0 -9999.0 -9999.0 -9999.0 -9999.0 -9999.0 -9999.0 -9999.0 -9999.0 -9999.0 -9999.0 -9999.0 -9999.0 -9999.0 -9999.0 -9999.0 -9999.0 -9999.0 -9999.0 -9999.0 -9999.0 -9999.0 -9999.0 -9999.0 -9999.0 -9999.0 -9999.0 -9999.0 -9999.0 -9999.0 -9999.0 -9999.0 -9999.0 -9999.0 -9999.0 -9999.0 -9999.0 -9999.0 -9999.0 -9999.0 -9999.0 -9999.0 -9999.0 -9999.0 -9999.0 -9999.0 -9999.0 -9999.0 -9999.0 -9999.0 -9999.0 -9999.0 -9999.0 -9999.0 -9999.0 -9999.0 -9999.0 -9999.0 -9999.0 -9999.0 -9999.0 -9999.0 -9999.0 -9999.0 -9999.0 -9999.0 -9999.0 -9999.0 -9999.0 -9999.0 -9999.0 -9999.0 -9999.0 -9999.0 -9999.0 -9999.0 -9999.0 -9999.0 -9999.0 -9999.0 -9999.0 -9999.0 -9999.0 -9999.0 -9999.0 -9999.0 -9999.0 -9999.0 -9999.0 -9999.0 -9999.0 -9999.0
-9999.0 -9999.0 373.069923 274.455156 175.328907 75.999572 -23.410472 -122.852188 -222.304343 -321.753173 -421.185018 -520.579428 -619.895565 -719.058648 -818.236842 -917.379552 -1016.459983 -1115.479587 -1213.931740 -1311.633886 -1407.832150 -1501.043900 -1588.912006 -1668.667698 -1738.011553 -1795.777757 -1842.059344 -1877.914591 -1904.926833 -1924.819413 -1939.203875 -1949.455425 -1956.678102 -1961.721109 -1965.218332 -1967.635828 -1969.327147 -1970.629111 -1972.094461 -1974.705673 -1975.517072 -1924.316454 -1263.268869 -1323.412031 -1301.155962 -1286.066478 -1279.049675 -1277.995182 -1277.881782 -1277.890894 -1277.917391 -1277.945999 -1277.973506 -1277.998986 -1278.022723 -1278.051114 -1278.143953 -1278.769553 -1282.479150 -1290.706631 -1299.584401 -1226.356406 -1892.412268 -1968.981194 -1973.625553 -1973.178727 -1972.959238 -1972.909508 -1972.900727 -1972.899681 -1972.899918 -1972.900296 -1972.900629 -1972.900897 -1972.901114 -1972.901292 -1972.901442 -1972.901572 -1972.901689 -1972.901800 -1972.901912 -1972.902035 -1972.902181 -1972.902368 -1972.902625 -1972.902998 -1972.903560 -1972.904435 -1972.905838 -1972.908155 -1972.912096 -1972.919020 -1972.931589 -1972.955155 -1973.000769 -1973.092173 -1973.283399 -1973.706681 -1974.713353 -1977.331698 -1984.939225 -2010.063779 -9999.0 -9999.0
-9999.0 -9999.0 373.076205 274.456749 175.329337 75.999700 -23.410431 -122.852174 -222.304338 -321.753170 -421.185017 -520.579427 -619.895565 -719.058648 -818.236842 -917.379552 -1016.459984 -1115.479587 -1213.931740 -1311.633886 -1407.832151 -1501.043900 -1588.912007 -1668.667698 -1738.011554 -1795.777757 -1842.059344 -1877.914591 -1904.926833 -1924.819413 -1939.203875 -1949.455425 -1956.678102 -1961.721109 -1965.218332 -1967.635828 -1969.327147 -1970.629111 -1972.094461 -1974.705673 -1975.517072 -1924.316454 -1263.268869 -1323.412031 -1301.155961 -1286.066478 -1279.049675 -1277.995182 -1277.881782 -1277.890894 -1277.917391 -1277.945999 -1277.973506 -1277.998986 -1278.022723 -1278.051114 -1278.143953 -1278.769553 -1282.479150 -1290.706631 -1299.584401 -1226.356406 -1892.412268 -1968.981194 -1973.625553 -1973.178727 -1972.959238 -1972.909508 -1972.900727 -1972.899681 -1972.899918 -1972.900296 -1972.900629 -1972.900897 -1972.901114 -1972.901292 -1972.901442 -1972.901572 -1972.901689 -1972.901800 -1972.901912 -1972.902035 -1972.902181 -1972.902368 -1972.902625 -1972.902998 -1972.903560 -1972.904435 -1972.905838 -1972.908155 -1972.912096 -1972.919020 -1972.931589 -1972.955155 -1973.000769 -1973.092173 -1973.283399 -1973.706681 -1974.713353 -1977.331698 -1984.939225 -2010.063779 -9999.0 -9999.0
-9999.0 -9999.0 373.077495 274.457440 175.329612 75.999801 -23.410395 -122.852161 -222.304333 -321.753169 -421.185016 -520.579427 -619.895565 -719.058648 -818.236842 -917.379552 -1016.459984 -1115.479587 -1213.931740 -1311.633886 -1407.832151 -1501.043900 -1588.912007 -1668.667698 -1738.011554 -1795.777757 -1842.059344 -1877.914591 -1904.926834 -1924.819413 -1939.203875 -1949.455425 -1956.678102 -1961.721109 -1965.218332 -1967.635828 -1969.327147 -1970.629111 -1972.094461 -1974.705673 -1975.517072 -1924.316454 -1263.268869 -1323.412031 -1301.155961 -1286.066478 -1279.049675 -1277.995182 -1277.881782 -1277.890894 -1277.917391 -1277.945999 -1277.973506 -1277.998986 -1278.022723 -1278.051114 -1278.143953 -1278.769553 -1282.479150 -1290.706631 -1299.584401 -1226.356406 -1892.412268 -1968.981194 -1973.625553 -1973.178727 -1972.959238 -1972.909508 -1972.900727 -1972.899681 -1972.899918 -1972.900296 -1972.900629 -1972.900897 -1972.901114 -1972.901292 -1972.901442 -1972.901572 -1972.901689 -1972.901800 -1972.901912 -1972.902035 -1972.902181 -1972.902368 -1972.902625 -1972.902998 -1972.903560 -1972.904435 -1972.905838 -1972.908155 -1972.912096 -1972.919020 -1972.931589 -1972.955155 -1973.000769 -1973.092173 -1973.283399 -1973.706681 -1974.713353 -1977.331698 -1984.939225 -2010.063779 -9999.0 -9999.0
-9999.0 -9999.0 373.077495 274.457440 175.329612 75.999801 -23.410395 -122.852161 -222.304333 -321.753169 -421.185016 -520.579427 -619.895565 -719.058648 -818.236842 -917.379552 -1016.459984 -1115.479587 -1213.931740 -1311.633886 -1407.832151 -1501.043900 -1588.912007 -1668.667698 -1738.011554 -1795.777757 -1842.059344 -1877.914591 -1904.926834 -1924.819413 -1939.203875 -1949.455425 -1956.678102 -1961.721109 -1965.218332 -1967.635828 -1969.327147 -1970.629111 -1972.094461 -1974.705673 -1975.517072 -1924.316454 -1263.268869 -1323.412031 -1301.155961 -1286.066478 -1279.049675 -1277.995182 -1277.881782 -1277.890894 -1277.917391 -1277.945999 -1277.973506 -1277.998986 -1278.022723 -1278.051114 -1278.143953 -1278.769553 -1282.479150 -1290.706631 -1299.584401 -1226.356406 -1892.412268 -1968.981194 -1973.625553 -1973.178727 -1972.959238 -1972.909508 -1972.900727 -1972.899681 -1972.899918 -1972.900296 -1972.900629 -1972.900897 -1972.901114 -1972.901292 -1972.901442 -1972.901572 -1972.901689 -1972.901800 -1972.901912 -1972.902035 -1972.902181 -1972.902368 -1972.902625 -1972.902998 -1972.903560 -1972.904435 -1972.905838 -1972.908155 -1972.912096 -1972.919020 -1972.931589 -1972.955155 -1973.000769 -1973.092173 -1973.283399 -1973.706681 -1974.713353 -1977.331698 -1984.939225 -2010.063779 -9999.0 -9999.0
-9999.0 -9999.0 373.076205 274.456749 175.329337 75.999700 -23.410431 -122.852174 -222.304338 -321.753170 -421.185017 -520.579427 -619.895565 -719.058648 -818.236842 -917.379552 -1016.459984 -1115.479587 -1213.931740 -1311.633886 -1407.832151 -1501.043900 -1588.912007 -1668.667698 -1738.011554 -1795.777757 -1842.059344 -1877.914591 -1904.926833 -1924.819413 -1939.203875 -1949.455425 -1956.678102 -1961.721109 -1965.218332 -1967.635828 -1969.327147 -1970.629111 -1972.094461 -1974.705673 -1975.517072 -1924.316454 -1263.268869 -1323.412031 -1301.155961 -1286.066478 -1279.049675 -1277.995182 -1277.881782 -1277.890894 -1277.917391 -1277.945999 -1277.973506 -1277.998986 -1278.022723 -1278.051114 -1278.143953 -1278.769553 -1282.479150 -1290.706631 -1299.584401 -1226.356406 -1892.412268 -1968.981194 -1973.625553 -1973.178727 -1972.959238 -1972.909508 -1972.900727 -1972.899681 -1972.899918 -1972.900296 -1972.900629 -1972.900897 -1972.901114 -1972.901292 -1972.901442 -1972.901572 -1972.901689 -1972.901800 -1972.901912 -1972.902035 -1972.902181 -1972.902368 -1972.902625 -1972.902998 -1972.903560 -1972.904435 -1972.905838 -1972.908155 -1972.912096 -1972.919020 -1972.931589 -1972.955155 -1973.000769 -1973.092173 -1973.283399 -1973.706681 -1974.713353 -1977.331698 -1984.939225 -2010.063779 -9999.0 -9999.0
-9999.0 -9999.0 373.069923 274.455156 175.328907 75.999572 -23.410472 -122.852188 -222.304343 -321.753173 -421.185018 -520.579428 -619.895565 -719.058648 -818.236842 -917.379552 -1016.459983 -1115.479587 -1213.931740 -1311.633886 -1407.832150 -1501.043900 -1588.912006 -1668.667698 -1738.011553 -1795.777757 -1842.059344 -1877.914591 -1904.926833 -1924.819413 -1939.203875 -1949.455425 -1956.678102 -1961.721109 -1965.218332 -1967.635828 -1969.327147 -1970.629111 -1972.094461 -1974.705673 -1975.517072 -1924.316454 -1263.268869 -1323.412031 -1301.155962 -1286.066478 -1279.049675 -1277.995182 -1277.881782 -1277.890894 -1277.917391 -1277.945999 -1277.973506 -1277.998986 -1278.022723 -1278.051114 -1278.143953 -1278.769553 -1282.479150 -1290.706631 -1299.584401 -1226.356406 -1892.412268 -1968.981194 -1973.625553 -1973.178727 -1972.959238 -1972.909508 -1972.900727 -1972.899681 -1972.899918 -1972.900296 -1972.900629 -1972.900897 -1972.901114 -1972.901292 -1972.901442 -1972.901572 -1972.901689 -1972.901800 -1972.901912 -1972.902035 -1972.902181 -1972.902368 -1972.902625 -1972.902998 -1972.903560 -1972.904435 -1972.905838 -1972.908155 -1972.912096 -1972.919020 -1972.931589 -1972.955155 -1973.000769 -1973.092173 -1973.283399 -1973.706681 -1974.713353 -1977.331698 -1984.939225 -2010.063779 -9999.0 -9999.0
-9999.0 -9999.0 -9999.0 -9999.0 -9999.0 -9999.0 -9999.0 -9999.0 -9999.0 -9999.0 -9999.0 -9999.0 -9999.0 -9999.0 -9999.0 -9999.0 -9999.0 -9999.0 -9999.0 -9999.0 -9999.0 -9999.0 -9999.0 -9999.0 -9999.0 -9999.0 -9999.0 -9999.0 -9999.0 -9999.0 -9999.0 -9999.0 -9999.0 -9999.0 -9999.0 -9999.0 -9999.0 -9999.0 -9999.0 -9999.0 -9999.0 -9999.0 -9999.0 -9999.0 -9999.0 -9999.0 -9999.0 -9999.0 -9999.0 -9999.0 -9999.0 -9999.0 -9999.0 -9999.0 -9999.0 -9999.0 -9999.0 -9999.0 -9999.0 -9999.0 -9999.0 -9999.0 -9999.0 -9999.0 -9999.0 -9999.0 -9999.0 -9999.0 -9999.0 -9999.0 -9999.0 -9999.0 -9999.0 -9999.0 -9999.0 -9999.0 -9999.0 -9999.0 -9999.0 -9999.0 -9999.0 -9999.0 -9999.0 -9999.0 -9999.0 -9999.0 -9999.0 -9999.0 -9999.0 -9999.0 -9999.0 -9999.0 -9999.0 -9999.0 -9999.0 -9999.0 -9999.0 -9999.0 -9999.0 -9999.0 -9999.0 -9999.0 -9999.0 -9999.0
-9999.0 -9999.0 -9999.0 -9999.0 -9999.0 -9999.0 -9999.0 -9999.0 -9999.0 -9999.0 -9999.0 -9999.0 -9999.0 -9999.0 -9999.0 -9999.0 -9999.0 -9999.0 -9999.0 -9999.0 -9999.0 -9999.0 -9999.0 -9999.0 -9999.0 -9999.0 -9999.0 -9999.0 -9999.0 -9999.0 -9999.0 -9999.0 -9999.0 -9999.0 -9999.0 -9999.0 -9999.0 -9999.0 -9999.0 -9999.0 -9999.0 -9999.0 -9999.0 -9999.0 -9999.0 -9999.0 -9999.0 -9999.0 -9999.0 -9999.0 -9999.0 -9999.0 -9999.0 -9999.0 -9999.0 -9999.0 -9999.0 -9999.0 -9999.0 -9999.0 -9999.0 -9999.0 -9999.0 -9999.0 -9999.0 -9999.0 -9999.0 -9999.0 -9999.0 -9999.0 -9999.0 -9999.0 -9999.0 -9999.0 -9999.0 -9999.0 -9999.0 -9999.0 -9999.0 -9999.0 -9999.0 -9999.0 -9999.0 -9999.0 -9999.0 -9999.0 -9999.0 -9999.0 -9999.0 -9999.0 -9999.0 -9999.0 -9999.0 -9999.0 -9999.0 -9999.0 -9999.0 -9999.0 -9999.0 -9999.0 -9999.0 -9999.0 -9999.0 -9999.0