inst/processing_geotop_simulation/geotop_simulation/out/maps3D/PwL0010N0133.asc
ncols         104
nrows         10
xllcorner     -2.000000
yllcorner     0.000000
cellsize      1.000000
NODATA_value  -9999.0
-9999.0 -9999.0 -9999.0 -9999.0 -9999.0 -9999.0 -9999.0 -9999.0 -9999.0 -9999.0 -9999.0 -9999.0 -9999.0 -9999.0 -9999.0 -9999.0 -9999.0 -9999.0 -9999.0 -9999.0 -9999.0 -9999.0 -9999.0 -9999.0 -9999.0 -9999.0 -9999.0 -9999.0 -9999.0 -9999.0 -9999.0 -9999.0 -9999.0 -9999.0 -9999.0 -9999.0 -9999.0 -9999.0 -9999.0 -9999.0 -9999.0 -9999.0 -9999.0 -9999.0 -9999.0 -9999.0 -9999.0 -9999.0 -9999.0 -9999.0 -9999.0 -9999.0 -9999.0 -9999.0 -9999.0 -9999.0 -9999.0 -9999.0 -9999.0 -9999.0 -9999.0 -9999.0 -9999.0 -9999.0 -9999.0 -9999.0 -9999.0 -9999.0 -9999.0 -9999.0 -9999.0 -9999.0 -9999.0 -9999.0 -9999.0 -9999.0 -9999.0 -9999.0 -9999.0 -9999.0 -9999.0 -9999.0 -9999.0 -9999.0 -9999.0 -9999.0 -9999.0 -9999.0 -9999.0 -9999.0 -9999.0 -9999.0 -9999.0 -9999.0 -9999.0 -9999.0 -9999.0 -9999.0 -9999.0 -9999.0 -9999.0 -9999.0 -9999.0 -9999.0
-9999.0 -9999.0 -9999.0 -9999.0 -9999.0 -9999.0 -9999.0 -9999.0 -9999.0 -9999.0 -9999.0 -9999.0 -9999.0 -9999.0 -9999.0 -9999.0 -9999.0 -9999.0 -9999.0 -9999.0 -9999.0 -9999.0 -9999.0 -9999.0 -9999.0 -9999.0 -9999.0 -9999.0 -9999.0 -9999.0 -9999.0 -9999.0 -9999.0 -9999.0 -9999.0 -9999.0 -9999.0 -9999.0 -9999.0 -9999.0 -9999.0 -9999.0 -9999.0 -9999.0 -9999.0 -9999.0 -9999.0 -9999.0 -9999.0 -9999.0 -9999.0 -9999.0 -9999.0 -9999.0 -9999.0 -9999.0 -9999.0 -9999.0 -9999.0 -9999.0 -9999.0 -9999.0 -9999.0 -9999.0 -9999.0 -9999.0 -9999.0 -9999.0 -9999.0 -9999.0 -9999.0 -9999.0 -9999.0 -9999.0 -9999.0 -9999.0 -9999.0 -9999.0 -9999.0 -9999.0 -9999.0 -9999.0 -9999.0 -9999.0 -9999.0 -9999.0 -9999.0 -9999.0 -9999.0 -9999.0 -9999.0 -9999.0 -9999.0 -9999.0 -9999.0 -9999.0 -9999.0 -9999.0 -9999.0 -9999.0 -9999.0 -9999.0 -9999.0 -9999.0
-9999.0 -9999.0 487.158159 397.866119 305.229740 211.006123 116.103783 20.917484 -74.348640 -169.609139 -264.771044 -359.718419 -454.356068 -548.978562 -644.115516 -739.055142 -833.795676 -927.785776 -1019.737402 -1106.767682 -1178.823759 -1232.755663 -1269.779337 -1293.643878 -1308.517390 -1317.738409 -1323.547419 -1327.298494 -1329.773444 -1331.427890 -1332.540741 -1333.290756 -1333.796341 -1334.136907 -1334.365861 -1334.521057 -1334.636882 -1334.763214 -1335.057504 -1336.612037 -1346.299688 -1401.373182 -1614.125491 -2278.691482 -2052.607490 -1933.109472 -1881.495168 -1875.230305 -1874.607668 -1874.672333 -1874.833524 -1875.006035 -1875.171576 -1875.324730 -1875.466243 -1875.625510 -1876.097430 -1879.513825 -1905.371421 -1966.260219 -2072.748211 -1449.411947 -1374.832974 -1341.915627 -1335.936536 -1335.086012 -1334.964320 -1334.945296 -1334.943260 -1334.944258 -1334.945582 -1334.946703 -1334.947569 -1334.948226 -1334.948727 -1334.949115 -1334.949421 -1334.949669 -1334.949874 -1334.950055 -1334.950232 -1334.950426 -1334.950670 -1334.951008 -1334.951506 -1334.952271 -1334.953473 -1334.955392 -1334.958502 -1334.963623 -1334.972228 -1334.987055 -1335.013353 -1335.061419 -1335.151761 -1335.325603 -1335.667225 -1336.356503 -1337.808657 -1341.073041 -1349.061213 -1371.856532 -9999.0 -9999.0
-9999.0 -9999.0 487.165176 397.868087 305.230290 211.006289 116.103836 20.917502 -74.348634 -169.609137 -264.771044 -359.718419 -454.356068 -548.978562 -644.115516 -739.055143 -833.795676 -927.785776 -1019.737402 -1106.767683 -1178.823759 -1232.755663 -1269.779337 -1293.643878 -1308.517390 -1317.738409 -1323.547419 -1327.298494 -1329.773444 -1331.427890 -1332.540741 -1333.290756 -1333.796341 -1334.136907 -1334.365861 -1334.521057 -1334.636882 -1334.763214 -1335.057504 -1336.612037 -1346.299688 -1401.373182 -1614.125490 -2278.691480 -2052.607488 -1933.109469 -1881.495168 -1875.230305 -1874.607668 -1874.672333 -1874.833524 -1875.006035 -1875.171576 -1875.324730 -1875.466243 -1875.625510 -1876.097430 -1879.513825 -1905.371421 -1966.260219 -2072.748211 -1449.411947 -1374.832974 -1341.915627 -1335.936536 -1335.086012 -1334.964320 -1334.945296 -1334.943260 -1334.944258 -1334.945582 -1334.946703 -1334.947569 -1334.948226 -1334.948727 -1334.949115 -1334.949421 -1334.949669 -1334.949874 -1334.950055 -1334.950232 -1334.950426 -1334.950670 -1334.951008 -1334.951506 -1334.952271 -1334.953473 -1334.955392 -1334.958502 -1334.963623 -1334.972228 -1334.987055 -1335.013353 -1335.061419 -1335.151761 -1335.325603 -1335.667225 -1336.356503 -1337.808657 -1341.073041 -1349.061213 -1371.856532 -9999.0 -9999.0
-9999.0 -9999.0 487.166841 397.868968 305.230646 211.006420 116.103883 20.917519 -74.348628 -169.609135 -264.771043 -359.718419 -454.356068 -548.978562 -644.115516 -739.055143 -833.795676 -927.785776 -1019.737402 -1106.767683 -1178.823759 -1232.755663 -1269.779337 -1293.643878 -1308.517390 -1317.738409 -1323.547419 -1327.298494 -1329.773444 -1331.427890 -1332.540741 -1333.290756 -1333.796341 -1334.136907 -1334.365861 -1334.521057 -1334.636882 -1334.763214 -1335.057504 -1336.612037 -1346.299688 -1401.373182 -1614.125490 -2278.691480 -2052.607488 -1933.109468 -1881.495168 -1875.230305 -1874.607668 -1874.672333 -1874.833524 -1875.006035 -1875.171576 -1875.324730 -1875.466243 -1875.625510 -1876.097430 -1879.513825 -1905.371421 -1966.260219 -2072.748211 -1449.411947 -1374.832974 -1341.915627 -1335.936536 -1335.086012 -1334.964320 -1334.945296 -1334.943260 -1334.944258 -1334.945582 -1334.946703 -1334.947569 -1334.948226 -1334.948727 -1334.949115 -1334.949421 -1334.949669 -1334.949874 -1334.950055 -1334.950232 -1334.950426 -1334.950670 -1334.951008 -1334.951506 -1334.952271 -1334.953473 -1334.955392 -1334.958502 -1334.963623 -1334.972228 -1334.987055 -1335.013353 -1335.061419 -1335.151761 -1335.325603 -1335.667225 -1336.356503 -1337.808657 -1341.073041 -1349.061213 -1371.856532 -9999.0 -9999.0
-9999.0 -9999.0 487.166841 397.868968 305.230646 211.006420 116.103883 20.917519 -74.348628 -169.609135 -264.771043 -359.718419 -454.356068 -548.978562 -644.115516 -739.055143 -833.795676 -927.785776 -1019.737402 -1106.767683 -1178.823759 -1232.755663 -1269.779337 -1293.643878 -1308.517390 -1317.738409 -1323.547419 -1327.298494 -1329.773444 -1331.427890 -1332.540741 -1333.290756 -1333.796341 -1334.136907 -1334.365861 -1334.521057 -1334.636882 -1334.763214 -1335.057504 -1336.612037 -1346.299688 -1401.373182 -1614.125490 -2278.691480 -2052.607488 -1933.109468 -1881.495168 -1875.230305 -1874.607668 -1874.672333 -1874.833524 -1875.006035 -1875.171576 -1875.324730 -1875.466243 -1875.625510 -1876.097430 -1879.513825 -1905.371421 -1966.260219 -2072.748211 -1449.411947 -1374.832974 -1341.915627 -1335.936536 -1335.086012 -1334.964320 -1334.945296 -1334.943260 -1334.944258 -1334.945582 -1334.946703 -1334.947569 -1334.948226 -1334.948727 -1334.949115 -1334.949421 -1334.949669 -1334.949874 -1334.950055 -1334.950232 -1334.950426 -1334.950670 -1334.951008 -1334.951506 -1334.952271 -1334.953473 -1334.955392 -1334.958502 -1334.963623 -1334.972228 -1334.987055 -1335.013353 -1335.061419 -1335.151761 -1335.325603 -1335.667225 -1336.356503 -1337.808657 -1341.073041 -1349.061213 -1371.856532 -9999.0 -9999.0
-9999.0 -9999.0 487.165176 397.868087 305.230290 211.006289 116.103836 20.917502 -74.348634 -169.609137 -264.771044 -359.718419 -454.356068 -548.978562 -644.115516 -739.055143 -833.795676 -927.785776 -1019.737402 -1106.767683 -1178.823759 -1232.755663 -1269.779337 -1293.643878 -1308.517390 -1317.738409 -1323.547419 -1327.298494 -1329.773444 -1331.427890 -1332.540741 -1333.290756 -1333.796341 -1334.136907 -1334.365861 -1334.521057 -1334.636882 -1334.763214 -1335.057504 -1336.612037 -1346.299688 -1401.373182 -1614.125490 -2278.691480 -2052.607488 -1933.109469 -1881.495168 -1875.230305 -1874.607668 -1874.672333 -1874.833524 -1875.006035 -1875.171576 -1875.324730 -1875.466243 -1875.625510 -1876.097430 -1879.513825 -1905.371421 -1966.260219 -2072.748211 -1449.411947 -1374.832974 -1341.915627 -1335.936536 -1335.086012 -1334.964320 -1334.945296 -1334.943260 -1334.944258 -1334.945582 -1334.946703 -1334.947569 -1334.948226 -1334.948727 -1334.949115 -1334.949421 -1334.949669 -1334.949874 -1334.950055 -1334.950232 -1334.950426 -1334.950670 -1334.951008 -1334.951506 -1334.952271 -1334.953473 -1334.955392 -1334.958502 -1334.963623 -1334.972228 -1334.987055 -1335.013353 -1335.061419 -1335.151761 -1335.325603 -1335.667225 -1336.356503 -1337.808657 -1341.073041 -1349.061213 -1371.856532 -9999.0 -9999.0
-9999.0 -9999.0 487.158159 397.866119 305.229740 211.006123 116.103783 20.917485 -74.348640 -169.609139 -264.771044 -359.718419 -454.356068 -548.978562 -644.115516 -739.055142 -833.795676 -927.785775 -1019.737402 -1106.767682 -1178.823759 -1232.755663 -1269.779337 -1293.643878 -1308.517390 -1317.738409 -1323.547419 -1327.298494 -1329.773444 -1331.427890 -1332.540741 -1333.290756 -1333.796341 -1334.136907 -1334.365861 -1334.521057 -1334.636882 -1334.763214 -1335.057504 -1336.612037 -1346.299688 -1401.373182 -1614.125491 -2278.691482 -2052.607490 -1933.109472 -1881.495168 -1875.230305 -1874.607668 -1874.672333 -1874.833524 -1875.006035 -1875.171576 -1875.324730 -1875.466243 -1875.625510 -1876.097430 -1879.513825 -1905.371421 -1966.260219 -2072.748211 -1449.411947 -1374.832974 -1341.915627 -1335.936536 -1335.086012 -1334.964320 -1334.945296 -1334.943260 -1334.944258 -1334.945582 -1334.946703 -1334.947569 -1334.948226 -1334.948727 -1334.949115 -1334.949421 -1334.949669 -1334.949874 -1334.950055 -1334.950232 -1334.950426 -1334.950670 -1334.951008 -1334.951506 -1334.952271 -1334.953473 -1334.955392 -1334.958502 -1334.963623 -1334.972228 -1334.987055 -1335.013353 -1335.061419 -1335.151761 -1335.325603 -1335.667225 -1336.356503 -1337.808657 -1341.073041 -1349.061213 -1371.856532 -9999.0 -9999.0
-9999.0 -9999.0 -9999.0 -9999.0 -9999.0 -9999.0 -9999.0 -9999.0 -9999.0 -9999.0 -9999.0 -9999.0 -9999.0 -9999.0 -9999.0 -9999.0 -9999.0 -9999.0 -9999.0 -9999.0 -9999.0 -9999.0 -9999.0 -9999.0 -9999.0 -9999.0 -9999.0 -9999.0 -9999.0 -9999.0 -9999.0 -9999.0 -9999.0 -9999.0 -9999.0 -9999.0 -9999.0 -9999.0 -9999.0 -9999.0 -9999.0 -9999.0 -9999.0 -9999.0 -9999.0 -9999.0 -9999.0 -9999.0 -9999.0 -9999.0 -9999.0 -9999.0 -9999.0 -9999.0 -9999.0 -9999.0 -9999.0 -9999.0 -9999.0 -9999.0 -9999.0 -9999.0 -9999.0 -9999.0 -9999.0 -9999.0 -9999.0 -9999.0 -9999.0 -9999.0 -9999.0 -9999.0 -9999.0 -9999.0 -9999.0 -9999.0 -9999.0 -9999.0 -9999.0 -9999.0 -9999.0 -9999.0 -9999.0 -9999.0 -9999.0 -9999.0 -9999.0 -9999.0 -9999.0 -9999.0 -9999.0 -9999.0 -9999.0 -9999.0 -9999.0 -9999.0 -9999.0 -9999.0 -9999.0 -9999.0 -9999.0 -9999.0 -9999.0 -9999.0
-9999.0 -9999.0 -9999.0 -9999.0 -9999.0 -9999.0 -9999.0 -9999.0 -9999.0 -9999.0 -9999.0 -9999.0 -9999.0 -9999.0 -9999.0 -9999.0 -9999.0 -9999.0 -9999.0 -9999.0 -9999.0 -9999.0 -9999.0 -9999.0 -9999.0 -9999.0 -9999.0 -9999.0 -9999.0 -9999.0 -9999.0 -9999.0 -9999.0 -9999.0 -9999.0 -9999.0 -9999.0 -9999.0 -9999.0 -9999.0 -9999.0 -9999.0 -9999.0 -9999.0 -9999.0 -9999.0 -9999.0 -9999.0 -9999.0 -9999.0 -9999.0 -9999.0 -9999.0 -9999.0 -9999.0 -9999.0 -9999.0 -9999.0 -9999.0 -9999.0 -9999.0 -9999.0 -9999.0 -9999.0 -9999.0 -9999.0 -9999.0 -9999.0 -9999.0 -9999.0 -9999.0 -9999.0 -9999.0 -9999.0 -9999.0 -9999.0 -9999.0 -9999.0 -9999.0 -9999.0 -9999.0 -9999.0 -9999.0 -9999.0 -9999.0 -9999.0 -9999.0 -9999.0 -9999.0 -9999.0 -9999.0 -9999.0 -9999.0 -9999.0 -9999.0 -9999.0 -9999.0 -9999.0 -9999.0 -9999.0 -9999.0 -9999.0 -9999.0 -9999.0