inst/processing_geotop_simulation/geotop_simulation/out/maps3D/PwL0015N0480.asc
ncols         104
nrows         10
xllcorner     -2.000000
yllcorner     0.000000
cellsize      1.000000
NODATA_value  -9999.0
-9999.0 -9999.0 -9999.0 -9999.0 -9999.0 -9999.0 -9999.0 -9999.0 -9999.0 -9999.0 -9999.0 -9999.0 -9999.0 -9999.0 -9999.0 -9999.0 -9999.0 -9999.0 -9999.0 -9999.0 -9999.0 -9999.0 -9999.0 -9999.0 -9999.0 -9999.0 -9999.0 -9999.0 -9999.0 -9999.0 -9999.0 -9999.0 -9999.0 -9999.0 -9999.0 -9999.0 -9999.0 -9999.0 -9999.0 -9999.0 -9999.0 -9999.0 -9999.0 -9999.0 -9999.0 -9999.0 -9999.0 -9999.0 -9999.0 -9999.0 -9999.0 -9999.0 -9999.0 -9999.0 -9999.0 -9999.0 -9999.0 -9999.0 -9999.0 -9999.0 -9999.0 -9999.0 -9999.0 -9999.0 -9999.0 -9999.0 -9999.0 -9999.0 -9999.0 -9999.0 -9999.0 -9999.0 -9999.0 -9999.0 -9999.0 -9999.0 -9999.0 -9999.0 -9999.0 -9999.0 -9999.0 -9999.0 -9999.0 -9999.0 -9999.0 -9999.0 -9999.0 -9999.0 -9999.0 -9999.0 -9999.0 -9999.0 -9999.0 -9999.0 -9999.0 -9999.0 -9999.0 -9999.0 -9999.0 -9999.0 -9999.0 -9999.0 -9999.0 -9999.0
-9999.0 -9999.0 -9999.0 -9999.0 -9999.0 -9999.0 -9999.0 -9999.0 -9999.0 -9999.0 -9999.0 -9999.0 -9999.0 -9999.0 -9999.0 -9999.0 -9999.0 -9999.0 -9999.0 -9999.0 -9999.0 -9999.0 -9999.0 -9999.0 -9999.0 -9999.0 -9999.0 -9999.0 -9999.0 -9999.0 -9999.0 -9999.0 -9999.0 -9999.0 -9999.0 -9999.0 -9999.0 -9999.0 -9999.0 -9999.0 -9999.0 -9999.0 -9999.0 -9999.0 -9999.0 -9999.0 -9999.0 -9999.0 -9999.0 -9999.0 -9999.0 -9999.0 -9999.0 -9999.0 -9999.0 -9999.0 -9999.0 -9999.0 -9999.0 -9999.0 -9999.0 -9999.0 -9999.0 -9999.0 -9999.0 -9999.0 -9999.0 -9999.0 -9999.0 -9999.0 -9999.0 -9999.0 -9999.0 -9999.0 -9999.0 -9999.0 -9999.0 -9999.0 -9999.0 -9999.0 -9999.0 -9999.0 -9999.0 -9999.0 -9999.0 -9999.0 -9999.0 -9999.0 -9999.0 -9999.0 -9999.0 -9999.0 -9999.0 -9999.0 -9999.0 -9999.0 -9999.0 -9999.0 -9999.0 -9999.0 -9999.0 -9999.0 -9999.0 -9999.0
-9999.0 -9999.0 720.007121 620.922484 521.660850 422.267893 322.812340 223.329990 123.839005 24.349297 -75.131606 -174.602050 -274.057790 -373.486851 -472.869617 -572.175958 -671.352083 -770.451311 -869.547547 -968.522249 -1067.313273 -1165.203819 -1260.688743 -1352.389947 -1438.172336 -1515.905952 -1583.919130 -1641.322867 -1688.114209 -1725.056070 -1753.416257 -1774.679024 -1790.313413 -1801.630491 -1809.721850 -1815.456630 -1819.522166 -1822.530063 -1825.279724 -1829.114274 -1833.925444 -1824.650201 -1772.338678 -4006.527578 -3960.668444 -3759.559166 -3643.356948 -3626.804653 -3625.101092 -3625.270000 -3625.704145 -3626.169600 -3626.616213 -3627.029279 -3627.411290 -3627.848079 -3629.181926 -3638.533816 -3700.243511 -3826.646495 -3730.876209 -1581.186872 -1782.028418 -1826.384707 -1829.448973 -1828.908004 -1828.661438 -1828.603036 -1828.592226 -1828.590816 -1828.591029 -1828.591452 -1828.591848 -1828.592190 -1828.592486 -1828.592748 -1828.592986 -1828.593209 -1828.593424 -1828.593635 -1828.593852 -1828.594084 -1828.594341 -1828.594644 -1828.595019 -1828.595511 -1828.596192 -1828.597182 -1828.598692 -1828.601098 -1828.605100 -1828.612038 -1828.624552 -1828.647995 -1828.693563 -1828.785771 -1828.981620 -1829.423219 -1830.492195 -1833.304035 -1841.449479 -1867.713679 -9999.0 -9999.0
-9999.0 -9999.0 720.010794 620.923710 521.661223 422.268010 322.812379 223.330004 123.839010 24.349299 -75.131605 -174.602050 -274.057790 -373.486851 -472.869617 -572.175958 -671.352083 -770.451311 -869.547548 -968.522249 -1067.313273 -1165.203820 -1260.688743 -1352.389947 -1438.172336 -1515.905952 -1583.919130 -1641.322867 -1688.114209 -1725.056070 -1753.416257 -1774.679024 -1790.313413 -1801.630491 -1809.721850 -1815.456630 -1819.522166 -1822.530063 -1825.279724 -1829.114274 -1833.925444 -1824.650201 -1772.338677 -4006.527577 -3960.668441 -3759.559160 -3643.356948 -3626.804653 -3625.101092 -3625.270000 -3625.704145 -3626.169600 -3626.616213 -3627.029279 -3627.411290 -3627.848079 -3629.181926 -3638.533816 -3700.243511 -3826.646495 -3730.876209 -1581.186872 -1782.028418 -1826.384707 -1829.448973 -1828.908004 -1828.661438 -1828.603036 -1828.592226 -1828.590816 -1828.591029 -1828.591452 -1828.591848 -1828.592190 -1828.592486 -1828.592748 -1828.592986 -1828.593209 -1828.593424 -1828.593635 -1828.593852 -1828.594083 -1828.594341 -1828.594644 -1828.595019 -1828.595511 -1828.596192 -1828.597182 -1828.598692 -1828.601098 -1828.605100 -1828.612038 -1828.624552 -1828.647995 -1828.693563 -1828.785771 -1828.981620 -1829.423219 -1830.492194 -1833.304035 -1841.449479 -1867.713679 -9999.0 -9999.0
-9999.0 -9999.0 720.011951 620.924317 521.661472 422.268103 322.812413 223.330016 123.839015 24.349301 -75.131604 -174.602049 -274.057790 -373.486851 -472.869617 -572.175958 -671.352083 -770.451311 -869.547548 -968.522249 -1067.313273 -1165.203820 -1260.688743 -1352.389947 -1438.172336 -1515.905952 -1583.919130 -1641.322867 -1688.114209 -1725.056070 -1753.416257 -1774.679024 -1790.313413 -1801.630491 -1809.721850 -1815.456630 -1819.522166 -1822.530063 -1825.279724 -1829.114274 -1833.925444 -1824.650201 -1772.338677 -4006.527577 -3960.668441 -3759.559157 -3643.356948 -3626.804652 -3625.101092 -3625.270000 -3625.704145 -3626.169600 -3626.616213 -3627.029279 -3627.411290 -3627.848079 -3629.181926 -3638.533816 -3700.243511 -3826.646495 -3730.876209 -1581.186872 -1782.028418 -1826.384707 -1829.448973 -1828.908004 -1828.661438 -1828.603036 -1828.592226 -1828.590816 -1828.591029 -1828.591452 -1828.591848 -1828.592190 -1828.592486 -1828.592748 -1828.592986 -1828.593209 -1828.593424 -1828.593635 -1828.593852 -1828.594083 -1828.594341 -1828.594644 -1828.595019 -1828.595511 -1828.596192 -1828.597182 -1828.598692 -1828.601098 -1828.605100 -1828.612038 -1828.624552 -1828.647995 -1828.693563 -1828.785771 -1828.981620 -1829.423219 -1830.492194 -1833.304035 -1841.449479 -1867.713679 -9999.0 -9999.0
-9999.0 -9999.0 720.011951 620.924317 521.661472 422.268103 322.812413 223.330016 123.839015 24.349301 -75.131604 -174.602049 -274.057790 -373.486851 -472.869617 -572.175958 -671.352083 -770.451311 -869.547548 -968.522249 -1067.313273 -1165.203820 -1260.688743 -1352.389947 -1438.172336 -1515.905952 -1583.919130 -1641.322867 -1688.114209 -1725.056070 -1753.416257 -1774.679024 -1790.313413 -1801.630491 -1809.721850 -1815.456630 -1819.522166 -1822.530063 -1825.279724 -1829.114274 -1833.925444 -1824.650201 -1772.338677 -4006.527577 -3960.668441 -3759.559157 -3643.356948 -3626.804652 -3625.101092 -3625.270000 -3625.704145 -3626.169600 -3626.616213 -3627.029279 -3627.411290 -3627.848079 -3629.181926 -3638.533816 -3700.243511 -3826.646495 -3730.876209 -1581.186872 -1782.028418 -1826.384707 -1829.448973 -1828.908004 -1828.661438 -1828.603036 -1828.592226 -1828.590816 -1828.591029 -1828.591452 -1828.591848 -1828.592190 -1828.592486 -1828.592748 -1828.592986 -1828.593209 -1828.593424 -1828.593635 -1828.593852 -1828.594083 -1828.594341 -1828.594644 -1828.595019 -1828.595511 -1828.596192 -1828.597182 -1828.598692 -1828.601098 -1828.605100 -1828.612038 -1828.624552 -1828.647995 -1828.693563 -1828.785771 -1828.981620 -1829.423219 -1830.492194 -1833.304035 -1841.449479 -1867.713679 -9999.0 -9999.0
-9999.0 -9999.0 720.010794 620.923710 521.661223 422.268010 322.812379 223.330004 123.839010 24.349299 -75.131605 -174.602050 -274.057790 -373.486851 -472.869617 -572.175958 -671.352083 -770.451311 -869.547548 -968.522249 -1067.313273 -1165.203820 -1260.688743 -1352.389947 -1438.172336 -1515.905952 -1583.919130 -1641.322867 -1688.114209 -1725.056070 -1753.416257 -1774.679024 -1790.313413 -1801.630491 -1809.721850 -1815.456630 -1819.522166 -1822.530063 -1825.279724 -1829.114274 -1833.925444 -1824.650201 -1772.338677 -4006.527577 -3960.668441 -3759.559160 -3643.356948 -3626.804653 -3625.101092 -3625.270000 -3625.704145 -3626.169600 -3626.616213 -3627.029279 -3627.411290 -3627.848079 -3629.181926 -3638.533816 -3700.243511 -3826.646495 -3730.876209 -1581.186872 -1782.028418 -1826.384707 -1829.448973 -1828.908004 -1828.661438 -1828.603036 -1828.592226 -1828.590816 -1828.591029 -1828.591452 -1828.591848 -1828.592190 -1828.592486 -1828.592748 -1828.592986 -1828.593209 -1828.593424 -1828.593635 -1828.593852 -1828.594083 -1828.594341 -1828.594644 -1828.595019 -1828.595511 -1828.596192 -1828.597182 -1828.598692 -1828.601098 -1828.605100 -1828.612038 -1828.624552 -1828.647995 -1828.693563 -1828.785771 -1828.981620 -1829.423219 -1830.492194 -1833.304035 -1841.449479 -1867.713679 -9999.0 -9999.0
-9999.0 -9999.0 720.007121 620.922484 521.660850 422.267893 322.812340 223.329990 123.839005 24.349297 -75.131606 -174.602050 -274.057790 -373.486852 -472.869617 -572.175958 -671.352083 -770.451311 -869.547547 -968.522249 -1067.313273 -1165.203819 -1260.688743 -1352.389947 -1438.172336 -1515.905952 -1583.919130 -1641.322867 -1688.114209 -1725.056070 -1753.416257 -1774.679024 -1790.313413 -1801.630491 -1809.721850 -1815.456630 -1819.522166 -1822.530063 -1825.279724 -1829.114274 -1833.925444 -1824.650201 -1772.338678 -4006.527578 -3960.668444 -3759.559166 -3643.356948 -3626.804653 -3625.101092 -3625.270000 -3625.704145 -3626.169600 -3626.616213 -3627.029279 -3627.411290 -3627.848079 -3629.181926 -3638.533816 -3700.243511 -3826.646495 -3730.876209 -1581.186872 -1782.028418 -1826.384707 -1829.448973 -1828.908004 -1828.661438 -1828.603036 -1828.592226 -1828.590816 -1828.591029 -1828.591452 -1828.591848 -1828.592190 -1828.592486 -1828.592748 -1828.592986 -1828.593209 -1828.593424 -1828.593635 -1828.593852 -1828.594084 -1828.594341 -1828.594644 -1828.595019 -1828.595511 -1828.596192 -1828.597182 -1828.598692 -1828.601098 -1828.605100 -1828.612038 -1828.624552 -1828.647995 -1828.693563 -1828.785771 -1828.981620 -1829.423219 -1830.492195 -1833.304035 -1841.449479 -1867.713679 -9999.0 -9999.0
-9999.0 -9999.0 -9999.0 -9999.0 -9999.0 -9999.0 -9999.0 -9999.0 -9999.0 -9999.0 -9999.0 -9999.0 -9999.0 -9999.0 -9999.0 -9999.0 -9999.0 -9999.0 -9999.0 -9999.0 -9999.0 -9999.0 -9999.0 -9999.0 -9999.0 -9999.0 -9999.0 -9999.0 -9999.0 -9999.0 -9999.0 -9999.0 -9999.0 -9999.0 -9999.0 -9999.0 -9999.0 -9999.0 -9999.0 -9999.0 -9999.0 -9999.0 -9999.0 -9999.0 -9999.0 -9999.0 -9999.0 -9999.0 -9999.0 -9999.0 -9999.0 -9999.0 -9999.0 -9999.0 -9999.0 -9999.0 -9999.0 -9999.0 -9999.0 -9999.0 -9999.0 -9999.0 -9999.0 -9999.0 -9999.0 -9999.0 -9999.0 -9999.0 -9999.0 -9999.0 -9999.0 -9999.0 -9999.0 -9999.0 -9999.0 -9999.0 -9999.0 -9999.0 -9999.0 -9999.0 -9999.0 -9999.0 -9999.0 -9999.0 -9999.0 -9999.0 -9999.0 -9999.0 -9999.0 -9999.0 -9999.0 -9999.0 -9999.0 -9999.0 -9999.0 -9999.0 -9999.0 -9999.0 -9999.0 -9999.0 -9999.0 -9999.0 -9999.0 -9999.0
-9999.0 -9999.0 -9999.0 -9999.0 -9999.0 -9999.0 -9999.0 -9999.0 -9999.0 -9999.0 -9999.0 -9999.0 -9999.0 -9999.0 -9999.0 -9999.0 -9999.0 -9999.0 -9999.0 -9999.0 -9999.0 -9999.0 -9999.0 -9999.0 -9999.0 -9999.0 -9999.0 -9999.0 -9999.0 -9999.0 -9999.0 -9999.0 -9999.0 -9999.0 -9999.0 -9999.0 -9999.0 -9999.0 -9999.0 -9999.0 -9999.0 -9999.0 -9999.0 -9999.0 -9999.0 -9999.0 -9999.0 -9999.0 -9999.0 -9999.0 -9999.0 -9999.0 -9999.0 -9999.0 -9999.0 -9999.0 -9999.0 -9999.0 -9999.0 -9999.0 -9999.0 -9999.0 -9999.0 -9999.0 -9999.0 -9999.0 -9999.0 -9999.0 -9999.0 -9999.0 -9999.0 -9999.0 -9999.0 -9999.0 -9999.0 -9999.0 -9999.0 -9999.0 -9999.0 -9999.0 -9999.0 -9999.0 -9999.0 -9999.0 -9999.0 -9999.0 -9999.0 -9999.0 -9999.0 -9999.0 -9999.0 -9999.0 -9999.0 -9999.0 -9999.0 -9999.0 -9999.0 -9999.0 -9999.0 -9999.0 -9999.0 -9999.0 -9999.0 -9999.0