inst/processing_geotop_simulation/geotop_simulation/out/maps3D/PwL0017N0431.asc
ncols         104
nrows         10
xllcorner     -2.000000
yllcorner     0.000000
cellsize      1.000000
NODATA_value  -9999.0
-9999.0 -9999.0 -9999.0 -9999.0 -9999.0 -9999.0 -9999.0 -9999.0 -9999.0 -9999.0 -9999.0 -9999.0 -9999.0 -9999.0 -9999.0 -9999.0 -9999.0 -9999.0 -9999.0 -9999.0 -9999.0 -9999.0 -9999.0 -9999.0 -9999.0 -9999.0 -9999.0 -9999.0 -9999.0 -9999.0 -9999.0 -9999.0 -9999.0 -9999.0 -9999.0 -9999.0 -9999.0 -9999.0 -9999.0 -9999.0 -9999.0 -9999.0 -9999.0 -9999.0 -9999.0 -9999.0 -9999.0 -9999.0 -9999.0 -9999.0 -9999.0 -9999.0 -9999.0 -9999.0 -9999.0 -9999.0 -9999.0 -9999.0 -9999.0 -9999.0 -9999.0 -9999.0 -9999.0 -9999.0 -9999.0 -9999.0 -9999.0 -9999.0 -9999.0 -9999.0 -9999.0 -9999.0 -9999.0 -9999.0 -9999.0 -9999.0 -9999.0 -9999.0 -9999.0 -9999.0 -9999.0 -9999.0 -9999.0 -9999.0 -9999.0 -9999.0 -9999.0 -9999.0 -9999.0 -9999.0 -9999.0 -9999.0 -9999.0 -9999.0 -9999.0 -9999.0 -9999.0 -9999.0 -9999.0 -9999.0 -9999.0 -9999.0 -9999.0 -9999.0
-9999.0 -9999.0 -9999.0 -9999.0 -9999.0 -9999.0 -9999.0 -9999.0 -9999.0 -9999.0 -9999.0 -9999.0 -9999.0 -9999.0 -9999.0 -9999.0 -9999.0 -9999.0 -9999.0 -9999.0 -9999.0 -9999.0 -9999.0 -9999.0 -9999.0 -9999.0 -9999.0 -9999.0 -9999.0 -9999.0 -9999.0 -9999.0 -9999.0 -9999.0 -9999.0 -9999.0 -9999.0 -9999.0 -9999.0 -9999.0 -9999.0 -9999.0 -9999.0 -9999.0 -9999.0 -9999.0 -9999.0 -9999.0 -9999.0 -9999.0 -9999.0 -9999.0 -9999.0 -9999.0 -9999.0 -9999.0 -9999.0 -9999.0 -9999.0 -9999.0 -9999.0 -9999.0 -9999.0 -9999.0 -9999.0 -9999.0 -9999.0 -9999.0 -9999.0 -9999.0 -9999.0 -9999.0 -9999.0 -9999.0 -9999.0 -9999.0 -9999.0 -9999.0 -9999.0 -9999.0 -9999.0 -9999.0 -9999.0 -9999.0 -9999.0 -9999.0 -9999.0 -9999.0 -9999.0 -9999.0 -9999.0 -9999.0 -9999.0 -9999.0 -9999.0 -9999.0 -9999.0 -9999.0 -9999.0 -9999.0 -9999.0 -9999.0 -9999.0 -9999.0
-9999.0 -9999.0 819.577058 720.568096 621.416610 522.129424 422.773811 323.388425 223.993580 124.600142 25.214522 -74.157033 -173.513810 -272.849375 -372.147402 -471.380892 -570.500512 -669.421611 -768.218728 -866.996716 -965.548998 -1063.743048 -1160.183989 -1252.371994 -1338.929011 -1417.729470 -1487.019473 -1545.768250 -1593.825825 -1631.848876 -1661.057584 -1682.939094 -1698.995914 -1710.583911 -1718.837967 -1724.662659 -1728.770703 -1731.790687 -1734.561194 -1738.746404 -1746.599752 -1756.321493 -1946.547157 -4047.025759 -4133.643302 -4133.648597 -4133.639866 -4133.633425 -4133.611912 -4133.548430 -4133.388711 -4132.966364 -4132.314906 -4131.512014 -4130.236581 -4127.882721 -4123.039621 -4112.331823 -4087.891510 -4032.631215 -3742.303234 -1709.517234 -1712.856828 -1738.557838 -1739.010825 -1738.169812 -1737.900298 -1737.842341 -1737.832158 -1737.830930 -1737.831199 -1737.831647 -1737.832056 -1737.832404 -1737.832702 -1737.832962 -1737.833197 -1737.833414 -1737.833620 -1737.833823 -1737.834031 -1737.834252 -1737.834500 -1737.834795 -1737.835165 -1737.835658 -1737.836349 -1737.837366 -1737.838931 -1737.841440 -1737.845627 -1737.852898 -1737.866017 -1737.890575 -1737.938230 -1738.034400 -1738.237887 -1738.694343 -1739.790911 -1742.643027 -1750.799850 -1776.903646 -9999.0 -9999.0
-9999.0 -9999.0 819.580336 720.569262 621.416976 522.129542 422.773850 323.388439 223.993586 124.600144 25.214523 -74.157032 -173.513810 -272.849375 -372.147402 -471.380892 -570.500513 -669.421612 -768.218728 -866.996716 -965.548998 -1063.743048 -1160.183989 -1252.371994 -1338.929011 -1417.729470 -1487.019473 -1545.768250 -1593.825825 -1631.848876 -1661.057584 -1682.939094 -1698.995914 -1710.583911 -1718.837967 -1724.662659 -1728.770703 -1731.790687 -1734.561193 -1738.746404 -1746.599752 -1756.321492 -1946.547157 -4047.025759 -4133.643302 -4133.648597 -4133.639866 -4133.633425 -4133.611912 -4133.548430 -4133.388711 -4132.966364 -4132.314906 -4131.512014 -4130.236581 -4127.882721 -4123.039621 -4112.331823 -4087.891510 -4032.631215 -3742.303234 -1709.517235 -1712.856828 -1738.557838 -1739.010825 -1738.169812 -1737.900298 -1737.842341 -1737.832158 -1737.830930 -1737.831199 -1737.831647 -1737.832056 -1737.832404 -1737.832702 -1737.832962 -1737.833197 -1737.833414 -1737.833620 -1737.833823 -1737.834031 -1737.834252 -1737.834500 -1737.834795 -1737.835165 -1737.835658 -1737.836349 -1737.837366 -1737.838931 -1737.841440 -1737.845627 -1737.852897 -1737.866017 -1737.890575 -1737.938230 -1738.034400 -1738.237887 -1738.694343 -1739.790911 -1742.643027 -1750.799850 -1776.903646 -9999.0 -9999.0
-9999.0 -9999.0 819.581468 720.569861 621.417225 522.129636 422.773885 323.388451 223.993590 124.600146 25.214523 -74.157032 -173.513809 -272.849375 -372.147402 -471.380892 -570.500513 -669.421612 -768.218728 -866.996717 -965.548998 -1063.743048 -1160.183989 -1252.371995 -1338.929011 -1417.729471 -1487.019473 -1545.768250 -1593.825825 -1631.848876 -1661.057584 -1682.939094 -1698.995914 -1710.583911 -1718.837967 -1724.662659 -1728.770703 -1731.790687 -1734.561193 -1738.746404 -1746.599752 -1756.321492 -1946.547157 -4047.025759 -4133.643302 -4133.648597 -4133.639866 -4133.633425 -4133.611912 -4133.548430 -4133.388711 -4132.966364 -4132.314906 -4131.512014 -4130.236581 -4127.882721 -4123.039621 -4112.331823 -4087.891510 -4032.631215 -3742.303234 -1709.517234 -1712.856828 -1738.557838 -1739.010825 -1738.169812 -1737.900298 -1737.842341 -1737.832158 -1737.830930 -1737.831199 -1737.831647 -1737.832056 -1737.832404 -1737.832702 -1737.832962 -1737.833197 -1737.833414 -1737.833620 -1737.833823 -1737.834031 -1737.834252 -1737.834500 -1737.834795 -1737.835165 -1737.835658 -1737.836349 -1737.837366 -1737.838931 -1737.841440 -1737.845627 -1737.852897 -1737.866017 -1737.890575 -1737.938230 -1738.034400 -1738.237887 -1738.694343 -1739.790911 -1742.643027 -1750.799850 -1776.903646 -9999.0 -9999.0
-9999.0 -9999.0 819.581468 720.569861 621.417225 522.129636 422.773885 323.388451 223.993590 124.600146 25.214523 -74.157032 -173.513809 -272.849375 -372.147402 -471.380892 -570.500513 -669.421612 -768.218728 -866.996717 -965.548998 -1063.743048 -1160.183989 -1252.371995 -1338.929011 -1417.729471 -1487.019473 -1545.768250 -1593.825825 -1631.848876 -1661.057584 -1682.939094 -1698.995914 -1710.583911 -1718.837967 -1724.662659 -1728.770703 -1731.790687 -1734.561193 -1738.746404 -1746.599752 -1756.321492 -1946.547157 -4047.025759 -4133.643302 -4133.648597 -4133.639866 -4133.633425 -4133.611912 -4133.548430 -4133.388711 -4132.966364 -4132.314906 -4131.512014 -4130.236581 -4127.882721 -4123.039621 -4112.331823 -4087.891510 -4032.631215 -3742.303234 -1709.517234 -1712.856828 -1738.557838 -1739.010825 -1738.169812 -1737.900298 -1737.842341 -1737.832158 -1737.830930 -1737.831199 -1737.831647 -1737.832056 -1737.832404 -1737.832702 -1737.832962 -1737.833197 -1737.833414 -1737.833620 -1737.833823 -1737.834031 -1737.834252 -1737.834500 -1737.834795 -1737.835165 -1737.835658 -1737.836349 -1737.837366 -1737.838931 -1737.841440 -1737.845627 -1737.852897 -1737.866017 -1737.890575 -1737.938230 -1738.034400 -1738.237887 -1738.694343 -1739.790911 -1742.643027 -1750.799850 -1776.903646 -9999.0 -9999.0
-9999.0 -9999.0 819.580336 720.569262 621.416976 522.129542 422.773851 323.388439 223.993586 124.600144 25.214523 -74.157032 -173.513810 -272.849375 -372.147402 -471.380892 -570.500513 -669.421611 -768.218728 -866.996716 -965.548998 -1063.743048 -1160.183989 -1252.371994 -1338.929011 -1417.729470 -1487.019473 -1545.768250 -1593.825825 -1631.848876 -1661.057584 -1682.939094 -1698.995914 -1710.583911 -1718.837967 -1724.662659 -1728.770703 -1731.790687 -1734.561193 -1738.746404 -1746.599752 -1756.321492 -1946.547157 -4047.025759 -4133.643302 -4133.648597 -4133.639866 -4133.633425 -4133.611912 -4133.548430 -4133.388711 -4132.966364 -4132.314906 -4131.512014 -4130.236581 -4127.882721 -4123.039621 -4112.331823 -4087.891510 -4032.631215 -3742.303234 -1709.517234 -1712.856828 -1738.557838 -1739.010825 -1738.169812 -1737.900298 -1737.842341 -1737.832158 -1737.830930 -1737.831199 -1737.831647 -1737.832056 -1737.832404 -1737.832702 -1737.832962 -1737.833197 -1737.833414 -1737.833620 -1737.833823 -1737.834031 -1737.834252 -1737.834500 -1737.834795 -1737.835165 -1737.835658 -1737.836349 -1737.837366 -1737.838931 -1737.841440 -1737.845627 -1737.852897 -1737.866017 -1737.890575 -1737.938230 -1738.034400 -1738.237887 -1738.694343 -1739.790911 -1742.643027 -1750.799850 -1776.903646 -9999.0 -9999.0
-9999.0 -9999.0 819.577058 720.568096 621.416610 522.129424 422.773811 323.388425 223.993580 124.600142 25.214522 -74.157033 -173.513810 -272.849375 -372.147402 -471.380892 -570.500512 -669.421611 -768.218728 -866.996716 -965.548998 -1063.743048 -1160.183989 -1252.371994 -1338.929011 -1417.729470 -1487.019473 -1545.768250 -1593.825825 -1631.848876 -1661.057584 -1682.939094 -1698.995914 -1710.583911 -1718.837967 -1724.662659 -1728.770703 -1731.790687 -1734.561194 -1738.746404 -1746.599752 -1756.321493 -1946.547157 -4047.025759 -4133.643302 -4133.648597 -4133.639866 -4133.633425 -4133.611912 -4133.548430 -4133.388711 -4132.966364 -4132.314906 -4131.512014 -4130.236581 -4127.882721 -4123.039621 -4112.331823 -4087.891510 -4032.631216 -3742.303235 -1709.517235 -1712.856828 -1738.557838 -1739.010825 -1738.169812 -1737.900298 -1737.842341 -1737.832158 -1737.830930 -1737.831199 -1737.831647 -1737.832056 -1737.832404 -1737.832702 -1737.832962 -1737.833197 -1737.833414 -1737.833620 -1737.833823 -1737.834031 -1737.834252 -1737.834500 -1737.834795 -1737.835165 -1737.835658 -1737.836349 -1737.837366 -1737.838931 -1737.841440 -1737.845627 -1737.852898 -1737.866017 -1737.890575 -1737.938230 -1738.034400 -1738.237887 -1738.694343 -1739.790911 -1742.643027 -1750.799850 -1776.903646 -9999.0 -9999.0
-9999.0 -9999.0 -9999.0 -9999.0 -9999.0 -9999.0 -9999.0 -9999.0 -9999.0 -9999.0 -9999.0 -9999.0 -9999.0 -9999.0 -9999.0 -9999.0 -9999.0 -9999.0 -9999.0 -9999.0 -9999.0 -9999.0 -9999.0 -9999.0 -9999.0 -9999.0 -9999.0 -9999.0 -9999.0 -9999.0 -9999.0 -9999.0 -9999.0 -9999.0 -9999.0 -9999.0 -9999.0 -9999.0 -9999.0 -9999.0 -9999.0 -9999.0 -9999.0 -9999.0 -9999.0 -9999.0 -9999.0 -9999.0 -9999.0 -9999.0 -9999.0 -9999.0 -9999.0 -9999.0 -9999.0 -9999.0 -9999.0 -9999.0 -9999.0 -9999.0 -9999.0 -9999.0 -9999.0 -9999.0 -9999.0 -9999.0 -9999.0 -9999.0 -9999.0 -9999.0 -9999.0 -9999.0 -9999.0 -9999.0 -9999.0 -9999.0 -9999.0 -9999.0 -9999.0 -9999.0 -9999.0 -9999.0 -9999.0 -9999.0 -9999.0 -9999.0 -9999.0 -9999.0 -9999.0 -9999.0 -9999.0 -9999.0 -9999.0 -9999.0 -9999.0 -9999.0 -9999.0 -9999.0 -9999.0 -9999.0 -9999.0 -9999.0 -9999.0 -9999.0
-9999.0 -9999.0 -9999.0 -9999.0 -9999.0 -9999.0 -9999.0 -9999.0 -9999.0 -9999.0 -9999.0 -9999.0 -9999.0 -9999.0 -9999.0 -9999.0 -9999.0 -9999.0 -9999.0 -9999.0 -9999.0 -9999.0 -9999.0 -9999.0 -9999.0 -9999.0 -9999.0 -9999.0 -9999.0 -9999.0 -9999.0 -9999.0 -9999.0 -9999.0 -9999.0 -9999.0 -9999.0 -9999.0 -9999.0 -9999.0 -9999.0 -9999.0 -9999.0 -9999.0 -9999.0 -9999.0 -9999.0 -9999.0 -9999.0 -9999.0 -9999.0 -9999.0 -9999.0 -9999.0 -9999.0 -9999.0 -9999.0 -9999.0 -9999.0 -9999.0 -9999.0 -9999.0 -9999.0 -9999.0 -9999.0 -9999.0 -9999.0 -9999.0 -9999.0 -9999.0 -9999.0 -9999.0 -9999.0 -9999.0 -9999.0 -9999.0 -9999.0 -9999.0 -9999.0 -9999.0 -9999.0 -9999.0 -9999.0 -9999.0 -9999.0 -9999.0 -9999.0 -9999.0 -9999.0 -9999.0 -9999.0 -9999.0 -9999.0 -9999.0 -9999.0 -9999.0 -9999.0 -9999.0 -9999.0 -9999.0 -9999.0 -9999.0 -9999.0 -9999.0