inst/processing_geotop_simulation/geotop_simulation/out/maps3D/PwL0020N0380.asc
ncols         104
nrows         10
xllcorner     -2.000000
yllcorner     0.000000
cellsize      1.000000
NODATA_value  -9999.0
-9999.0 -9999.0 -9999.0 -9999.0 -9999.0 -9999.0 -9999.0 -9999.0 -9999.0 -9999.0 -9999.0 -9999.0 -9999.0 -9999.0 -9999.0 -9999.0 -9999.0 -9999.0 -9999.0 -9999.0 -9999.0 -9999.0 -9999.0 -9999.0 -9999.0 -9999.0 -9999.0 -9999.0 -9999.0 -9999.0 -9999.0 -9999.0 -9999.0 -9999.0 -9999.0 -9999.0 -9999.0 -9999.0 -9999.0 -9999.0 -9999.0 -9999.0 -9999.0 -9999.0 -9999.0 -9999.0 -9999.0 -9999.0 -9999.0 -9999.0 -9999.0 -9999.0 -9999.0 -9999.0 -9999.0 -9999.0 -9999.0 -9999.0 -9999.0 -9999.0 -9999.0 -9999.0 -9999.0 -9999.0 -9999.0 -9999.0 -9999.0 -9999.0 -9999.0 -9999.0 -9999.0 -9999.0 -9999.0 -9999.0 -9999.0 -9999.0 -9999.0 -9999.0 -9999.0 -9999.0 -9999.0 -9999.0 -9999.0 -9999.0 -9999.0 -9999.0 -9999.0 -9999.0 -9999.0 -9999.0 -9999.0 -9999.0 -9999.0 -9999.0 -9999.0 -9999.0 -9999.0 -9999.0 -9999.0 -9999.0 -9999.0 -9999.0 -9999.0 -9999.0
-9999.0 -9999.0 -9999.0 -9999.0 -9999.0 -9999.0 -9999.0 -9999.0 -9999.0 -9999.0 -9999.0 -9999.0 -9999.0 -9999.0 -9999.0 -9999.0 -9999.0 -9999.0 -9999.0 -9999.0 -9999.0 -9999.0 -9999.0 -9999.0 -9999.0 -9999.0 -9999.0 -9999.0 -9999.0 -9999.0 -9999.0 -9999.0 -9999.0 -9999.0 -9999.0 -9999.0 -9999.0 -9999.0 -9999.0 -9999.0 -9999.0 -9999.0 -9999.0 -9999.0 -9999.0 -9999.0 -9999.0 -9999.0 -9999.0 -9999.0 -9999.0 -9999.0 -9999.0 -9999.0 -9999.0 -9999.0 -9999.0 -9999.0 -9999.0 -9999.0 -9999.0 -9999.0 -9999.0 -9999.0 -9999.0 -9999.0 -9999.0 -9999.0 -9999.0 -9999.0 -9999.0 -9999.0 -9999.0 -9999.0 -9999.0 -9999.0 -9999.0 -9999.0 -9999.0 -9999.0 -9999.0 -9999.0 -9999.0 -9999.0 -9999.0 -9999.0 -9999.0 -9999.0 -9999.0 -9999.0 -9999.0 -9999.0 -9999.0 -9999.0 -9999.0 -9999.0 -9999.0 -9999.0 -9999.0 -9999.0 -9999.0 -9999.0 -9999.0 -9999.0
-9999.0 -9999.0 968.986533 870.054938 771.047701 671.909350 572.698268 473.454722 374.201219 274.950146 175.708453 76.480162 -22.729990 -121.918897 -221.083442 -320.205612 -419.251599 -518.156985 -616.804906 -714.992786 -813.302286 -911.235343 -1008.599970 -1105.132373 -1194.433239 -1276.905591 -1350.589159 -1414.074588 -1466.777322 -1508.992221 -1541.725438 -1566.402441 -1584.574952 -1597.706085 -1607.053824 -1613.636471 -1618.259726 -1621.623387 -1624.647100 -1629.354203 -1640.445441 -1669.092195 -1788.841447 -3608.189134 -3984.248190 -3984.161313 -3963.696829 -3832.730402 -3576.020865 -3299.929629 -3061.951152 -2852.637071 -2725.836849 -2644.717589 -2569.881415 -2491.845462 -2407.801459 -2319.023062 -2229.004616 -2140.361522 -2033.047689 -1541.604514 -1625.171057 -1632.252500 -1629.901233 -1628.746975 -1628.454016 -1628.396312 -1628.386683 -1628.385634 -1628.385975 -1628.386466 -1628.386907 -1628.387280 -1628.387596 -1628.387872 -1628.388119 -1628.388346 -1628.388561 -1628.388772 -1628.388986 -1628.389215 -1628.389472 -1628.389779 -1628.390165 -1628.390682 -1628.391411 -1628.392489 -1628.394151 -1628.396819 -1628.401275 -1628.409009 -1628.422953 -1628.449022 -1628.499538 -1628.601312 -1628.816257 -1629.297183 -1630.446375 -1633.400922 -1641.700637 -1667.834444 -9999.0 -9999.0
-9999.0 -9999.0 968.989273 870.055998 771.048051 671.909466 572.698307 473.454736 374.201224 274.950148 175.708454 76.480162 -22.729990 -121.918897 -221.083442 -320.205613 -419.251599 -518.156985 -616.804906 -714.992787 -813.302286 -911.235343 -1008.599970 -1105.132373 -1194.433239 -1276.905591 -1350.589159 -1414.074588 -1466.777322 -1508.992221 -1541.725438 -1566.402441 -1584.574952 -1597.706085 -1607.053824 -1613.636471 -1618.259726 -1621.623387 -1624.647100 -1629.354203 -1640.445441 -1669.092195 -1788.841446 -3608.189133 -3984.248190 -3984.161313 -3963.696829 -3832.730402 -3576.020865 -3299.929627 -3061.951149 -2852.637070 -2725.836849 -2644.717589 -2569.881415 -2491.845462 -2407.801458 -2319.023062 -2229.004616 -2140.361522 -2033.047689 -1541.604514 -1625.171057 -1632.252500 -1629.901233 -1628.746975 -1628.454016 -1628.396312 -1628.386683 -1628.385634 -1628.385975 -1628.386466 -1628.386907 -1628.387279 -1628.387596 -1628.387872 -1628.388119 -1628.388346 -1628.388561 -1628.388772 -1628.388986 -1628.389215 -1628.389472 -1628.389778 -1628.390165 -1628.390682 -1628.391411 -1628.392489 -1628.394151 -1628.396819 -1628.401275 -1628.409009 -1628.422953 -1628.449022 -1628.499538 -1628.601312 -1628.816257 -1629.297183 -1630.446374 -1633.400922 -1641.700637 -1667.834444 -9999.0 -9999.0
-9999.0 -9999.0 968.990341 870.056573 771.048295 671.909559 572.698342 473.454748 374.201229 274.950150 175.708455 76.480163 -22.729990 -121.918897 -221.083442 -320.205612 -419.251600 -518.156985 -616.804907 -714.992787 -813.302286 -911.235343 -1008.599971 -1105.132373 -1194.433239 -1276.905591 -1350.589160 -1414.074588 -1466.777322 -1508.992221 -1541.725439 -1566.402441 -1584.574952 -1597.706085 -1607.053824 -1613.636471 -1618.259726 -1621.623387 -1624.647100 -1629.354203 -1640.445441 -1669.092195 -1788.841446 -3608.189133 -3984.248190 -3984.161313 -3963.696829 -3832.730401 -3576.020864 -3299.929625 -3061.951147 -2852.637070 -2725.836849 -2644.717589 -2569.881415 -2491.845462 -2407.801458 -2319.023061 -2229.004616 -2140.361522 -2033.047689 -1541.604514 -1625.171057 -1632.252500 -1629.901233 -1628.746975 -1628.454016 -1628.396312 -1628.386683 -1628.385634 -1628.385975 -1628.386466 -1628.386907 -1628.387279 -1628.387596 -1628.387872 -1628.388119 -1628.388346 -1628.388561 -1628.388772 -1628.388986 -1628.389215 -1628.389472 -1628.389778 -1628.390165 -1628.390682 -1628.391411 -1628.392489 -1628.394151 -1628.396819 -1628.401275 -1628.409009 -1628.422953 -1628.449022 -1628.499538 -1628.601312 -1628.816257 -1629.297183 -1630.446374 -1633.400922 -1641.700637 -1667.834444 -9999.0 -9999.0
-9999.0 -9999.0 968.990341 870.056573 771.048295 671.909559 572.698342 473.454748 374.201229 274.950150 175.708455 76.480163 -22.729990 -121.918897 -221.083442 -320.205613 -419.251599 -518.156985 -616.804906 -714.992787 -813.302286 -911.235343 -1008.599971 -1105.132373 -1194.433239 -1276.905591 -1350.589160 -1414.074588 -1466.777322 -1508.992221 -1541.725439 -1566.402441 -1584.574952 -1597.706085 -1607.053824 -1613.636471 -1618.259726 -1621.623387 -1624.647100 -1629.354203 -1640.445441 -1669.092195 -1788.841446 -3608.189133 -3984.248190 -3984.161313 -3963.696829 -3832.730401 -3576.020864 -3299.929626 -3061.951147 -2852.637070 -2725.836849 -2644.717589 -2569.881415 -2491.845462 -2407.801458 -2319.023062 -2229.004615 -2140.361522 -2033.047689 -1541.604514 -1625.171057 -1632.252500 -1629.901233 -1628.746975 -1628.454016 -1628.396312 -1628.386683 -1628.385634 -1628.385975 -1628.386466 -1628.386907 -1628.387279 -1628.387596 -1628.387872 -1628.388119 -1628.388346 -1628.388561 -1628.388772 -1628.388986 -1628.389215 -1628.389472 -1628.389778 -1628.390165 -1628.390682 -1628.391411 -1628.392489 -1628.394151 -1628.396819 -1628.401275 -1628.409009 -1628.422953 -1628.449022 -1628.499538 -1628.601312 -1628.816257 -1629.297183 -1630.446374 -1633.400922 -1641.700637 -1667.834444 -9999.0 -9999.0
-9999.0 -9999.0 968.989273 870.055998 771.048052 671.909465 572.698307 473.454735 374.201224 274.950148 175.708454 76.480162 -22.729990 -121.918897 -221.083442 -320.205612 -419.251599 -518.156985 -616.804906 -714.992787 -813.302286 -911.235343 -1008.599970 -1105.132373 -1194.433239 -1276.905591 -1350.589160 -1414.074588 -1466.777322 -1508.992221 -1541.725438 -1566.402441 -1584.574952 -1597.706085 -1607.053824 -1613.636471 -1618.259726 -1621.623387 -1624.647100 -1629.354203 -1640.445441 -1669.092195 -1788.841446 -3608.189133 -3984.248190 -3984.161313 -3963.696829 -3832.730402 -3576.020865 -3299.929626 -3061.951148 -2852.637070 -2725.836849 -2644.717589 -2569.881415 -2491.845462 -2407.801458 -2319.023062 -2229.004616 -2140.361522 -2033.047689 -1541.604514 -1625.171057 -1632.252500 -1629.901233 -1628.746975 -1628.454016 -1628.396312 -1628.386683 -1628.385634 -1628.385975 -1628.386466 -1628.386907 -1628.387279 -1628.387596 -1628.387872 -1628.388119 -1628.388346 -1628.388561 -1628.388772 -1628.388986 -1628.389215 -1628.389472 -1628.389778 -1628.390165 -1628.390682 -1628.391411 -1628.392489 -1628.394151 -1628.396819 -1628.401275 -1628.409009 -1628.422953 -1628.449022 -1628.499538 -1628.601312 -1628.816257 -1629.297183 -1630.446374 -1633.400922 -1641.700637 -1667.834444 -9999.0 -9999.0
-9999.0 -9999.0 968.986533 870.054939 771.047701 671.909350 572.698268 473.454722 374.201219 274.950146 175.708453 76.480162 -22.729990 -121.918897 -221.083442 -320.205612 -419.251599 -518.156985 -616.804906 -714.992786 -813.302286 -911.235343 -1008.599970 -1105.132373 -1194.433239 -1276.905591 -1350.589159 -1414.074588 -1466.777322 -1508.992221 -1541.725438 -1566.402441 -1584.574952 -1597.706085 -1607.053824 -1613.636471 -1618.259726 -1621.623387 -1624.647100 -1629.354203 -1640.445441 -1669.092195 -1788.841447 -3608.189134 -3984.248190 -3984.161313 -3963.696829 -3832.730402 -3576.020865 -3299.929630 -3061.951152 -2852.637071 -2725.836849 -2644.717589 -2569.881415 -2491.845462 -2407.801459 -2319.023062 -2229.004616 -2140.361523 -2033.047690 -1541.604514 -1625.171057 -1632.252500 -1629.901233 -1628.746975 -1628.454016 -1628.396312 -1628.386683 -1628.385634 -1628.385975 -1628.386466 -1628.386907 -1628.387280 -1628.387596 -1628.387872 -1628.388119 -1628.388346 -1628.388561 -1628.388772 -1628.388986 -1628.389215 -1628.389472 -1628.389779 -1628.390165 -1628.390682 -1628.391411 -1628.392489 -1628.394151 -1628.396819 -1628.401275 -1628.409009 -1628.422953 -1628.449022 -1628.499538 -1628.601312 -1628.816257 -1629.297183 -1630.446375 -1633.400922 -1641.700637 -1667.834444 -9999.0 -9999.0
-9999.0 -9999.0 -9999.0 -9999.0 -9999.0 -9999.0 -9999.0 -9999.0 -9999.0 -9999.0 -9999.0 -9999.0 -9999.0 -9999.0 -9999.0 -9999.0 -9999.0 -9999.0 -9999.0 -9999.0 -9999.0 -9999.0 -9999.0 -9999.0 -9999.0 -9999.0 -9999.0 -9999.0 -9999.0 -9999.0 -9999.0 -9999.0 -9999.0 -9999.0 -9999.0 -9999.0 -9999.0 -9999.0 -9999.0 -9999.0 -9999.0 -9999.0 -9999.0 -9999.0 -9999.0 -9999.0 -9999.0 -9999.0 -9999.0 -9999.0 -9999.0 -9999.0 -9999.0 -9999.0 -9999.0 -9999.0 -9999.0 -9999.0 -9999.0 -9999.0 -9999.0 -9999.0 -9999.0 -9999.0 -9999.0 -9999.0 -9999.0 -9999.0 -9999.0 -9999.0 -9999.0 -9999.0 -9999.0 -9999.0 -9999.0 -9999.0 -9999.0 -9999.0 -9999.0 -9999.0 -9999.0 -9999.0 -9999.0 -9999.0 -9999.0 -9999.0 -9999.0 -9999.0 -9999.0 -9999.0 -9999.0 -9999.0 -9999.0 -9999.0 -9999.0 -9999.0 -9999.0 -9999.0 -9999.0 -9999.0 -9999.0 -9999.0 -9999.0 -9999.0
-9999.0 -9999.0 -9999.0 -9999.0 -9999.0 -9999.0 -9999.0 -9999.0 -9999.0 -9999.0 -9999.0 -9999.0 -9999.0 -9999.0 -9999.0 -9999.0 -9999.0 -9999.0 -9999.0 -9999.0 -9999.0 -9999.0 -9999.0 -9999.0 -9999.0 -9999.0 -9999.0 -9999.0 -9999.0 -9999.0 -9999.0 -9999.0 -9999.0 -9999.0 -9999.0 -9999.0 -9999.0 -9999.0 -9999.0 -9999.0 -9999.0 -9999.0 -9999.0 -9999.0 -9999.0 -9999.0 -9999.0 -9999.0 -9999.0 -9999.0 -9999.0 -9999.0 -9999.0 -9999.0 -9999.0 -9999.0 -9999.0 -9999.0 -9999.0 -9999.0 -9999.0 -9999.0 -9999.0 -9999.0 -9999.0 -9999.0 -9999.0 -9999.0 -9999.0 -9999.0 -9999.0 -9999.0 -9999.0 -9999.0 -9999.0 -9999.0 -9999.0 -9999.0 -9999.0 -9999.0 -9999.0 -9999.0 -9999.0 -9999.0 -9999.0 -9999.0 -9999.0 -9999.0 -9999.0 -9999.0 -9999.0 -9999.0 -9999.0 -9999.0 -9999.0 -9999.0 -9999.0 -9999.0 -9999.0 -9999.0 -9999.0 -9999.0 -9999.0 -9999.0