inst/processing_geotop_simulation/geotop_simulation/out/maps3D/PwL0016N0288.asc
ncols         104
nrows         10
xllcorner     -2.000000
yllcorner     0.000000
cellsize      1.000000
NODATA_value  -9999.0
-9999.0 -9999.0 -9999.0 -9999.0 -9999.0 -9999.0 -9999.0 -9999.0 -9999.0 -9999.0 -9999.0 -9999.0 -9999.0 -9999.0 -9999.0 -9999.0 -9999.0 -9999.0 -9999.0 -9999.0 -9999.0 -9999.0 -9999.0 -9999.0 -9999.0 -9999.0 -9999.0 -9999.0 -9999.0 -9999.0 -9999.0 -9999.0 -9999.0 -9999.0 -9999.0 -9999.0 -9999.0 -9999.0 -9999.0 -9999.0 -9999.0 -9999.0 -9999.0 -9999.0 -9999.0 -9999.0 -9999.0 -9999.0 -9999.0 -9999.0 -9999.0 -9999.0 -9999.0 -9999.0 -9999.0 -9999.0 -9999.0 -9999.0 -9999.0 -9999.0 -9999.0 -9999.0 -9999.0 -9999.0 -9999.0 -9999.0 -9999.0 -9999.0 -9999.0 -9999.0 -9999.0 -9999.0 -9999.0 -9999.0 -9999.0 -9999.0 -9999.0 -9999.0 -9999.0 -9999.0 -9999.0 -9999.0 -9999.0 -9999.0 -9999.0 -9999.0 -9999.0 -9999.0 -9999.0 -9999.0 -9999.0 -9999.0 -9999.0 -9999.0 -9999.0 -9999.0 -9999.0 -9999.0 -9999.0 -9999.0 -9999.0 -9999.0 -9999.0 -9999.0
-9999.0 -9999.0 -9999.0 -9999.0 -9999.0 -9999.0 -9999.0 -9999.0 -9999.0 -9999.0 -9999.0 -9999.0 -9999.0 -9999.0 -9999.0 -9999.0 -9999.0 -9999.0 -9999.0 -9999.0 -9999.0 -9999.0 -9999.0 -9999.0 -9999.0 -9999.0 -9999.0 -9999.0 -9999.0 -9999.0 -9999.0 -9999.0 -9999.0 -9999.0 -9999.0 -9999.0 -9999.0 -9999.0 -9999.0 -9999.0 -9999.0 -9999.0 -9999.0 -9999.0 -9999.0 -9999.0 -9999.0 -9999.0 -9999.0 -9999.0 -9999.0 -9999.0 -9999.0 -9999.0 -9999.0 -9999.0 -9999.0 -9999.0 -9999.0 -9999.0 -9999.0 -9999.0 -9999.0 -9999.0 -9999.0 -9999.0 -9999.0 -9999.0 -9999.0 -9999.0 -9999.0 -9999.0 -9999.0 -9999.0 -9999.0 -9999.0 -9999.0 -9999.0 -9999.0 -9999.0 -9999.0 -9999.0 -9999.0 -9999.0 -9999.0 -9999.0 -9999.0 -9999.0 -9999.0 -9999.0 -9999.0 -9999.0 -9999.0 -9999.0 -9999.0 -9999.0 -9999.0 -9999.0 -9999.0 -9999.0 -9999.0 -9999.0 -9999.0 -9999.0
-9999.0 -9999.0 772.742256 674.848647 576.602519 478.061036 379.374319 280.624457 181.853817 83.084841 -15.667184 -114.391954 -213.082186 -311.703207 -410.188485 -508.425827 -606.211438 -703.224345 -800.566015 -897.486434 -993.803455 -1089.259210 -1176.856779 -1256.776422 -1326.818533 -1385.680274 -1433.171480 -1470.087666 -1497.865894 -1518.203842 -1532.764657 -1543.004553 -1550.105730 -1554.977907 -1558.294855 -1560.544290 -1562.084669 -1563.238194 -1564.582196 -1567.983942 -1579.432221 -1619.104314 -1998.793980 -4131.728391 -4183.162543 -4183.166543 -4183.165544 -4183.165378 -4183.165354 -4183.165332 -4183.165268 -4183.165071 -4183.164739 -4183.164302 -4183.163567 -4183.162122 -4183.158919 -4183.151153 -4183.131044 -4183.062671 -4094.266396 -1838.328903 -1579.960115 -1571.338183 -1566.820874 -1565.567285 -1565.319414 -1565.277642 -1565.271474 -1565.271109 -1565.271612 -1565.272150 -1565.272592 -1565.272938 -1565.273209 -1565.273425 -1565.273601 -1565.273748 -1565.273876 -1565.273992 -1565.274108 -1565.274236 -1565.274392 -1565.274601 -1565.274900 -1565.275348 -1565.276041 -1565.277139 -1565.278919 -1565.281868 -1565.286882 -1565.295659 -1565.311501 -1565.340994 -1565.397572 -1565.509543 -1565.739767 -1566.237896 -1567.386943 -1570.242179 -1578.044742 -1602.623051 -9999.0 -9999.0
-9999.0 -9999.0 772.746194 674.850005 576.602939 478.061169 379.374363 280.624472 181.853823 83.084843 -15.667183 -114.391954 -213.082185 -311.703207 -410.188485 -508.425827 -606.211438 -703.224346 -800.566015 -897.486435 -993.803456 -1089.259211 -1176.856780 -1256.776422 -1326.818534 -1385.680274 -1433.171480 -1470.087666 -1497.865894 -1518.203842 -1532.764657 -1543.004553 -1550.105730 -1554.977907 -1558.294855 -1560.544290 -1562.084669 -1563.238195 -1564.582196 -1567.983942 -1579.432221 -1619.104314 -1998.793980 -4131.728391 -4183.162543 -4183.166543 -4183.165544 -4183.165378 -4183.165354 -4183.165332 -4183.165268 -4183.165071 -4183.164739 -4183.164302 -4183.163567 -4183.162122 -4183.158919 -4183.151153 -4183.131044 -4183.062671 -4094.266396 -1838.328903 -1579.960115 -1571.338183 -1566.820874 -1565.567285 -1565.319414 -1565.277642 -1565.271474 -1565.271109 -1565.271612 -1565.272150 -1565.272592 -1565.272938 -1565.273209 -1565.273425 -1565.273601 -1565.273748 -1565.273876 -1565.273992 -1565.274108 -1565.274236 -1565.274392 -1565.274601 -1565.274900 -1565.275348 -1565.276041 -1565.277139 -1565.278919 -1565.281868 -1565.286882 -1565.295659 -1565.311501 -1565.340994 -1565.397572 -1565.509543 -1565.739767 -1566.237896 -1567.386943 -1570.242179 -1578.044742 -1602.623051 -9999.0 -9999.0
-9999.0 -9999.0 772.747495 674.850691 576.603222 478.061276 379.374402 280.624486 181.853828 83.084845 -15.667182 -114.391953 -213.082185 -311.703207 -410.188485 -508.425827 -606.211438 -703.224346 -800.566015 -897.486435 -993.803456 -1089.259211 -1176.856780 -1256.776422 -1326.818534 -1385.680274 -1433.171480 -1470.087666 -1497.865895 -1518.203842 -1532.764657 -1543.004553 -1550.105730 -1554.977907 -1558.294855 -1560.544290 -1562.084669 -1563.238195 -1564.582196 -1567.983942 -1579.432221 -1619.104314 -1998.793980 -4131.728391 -4183.162543 -4183.166543 -4183.165544 -4183.165378 -4183.165354 -4183.165332 -4183.165268 -4183.165071 -4183.164739 -4183.164302 -4183.163567 -4183.162122 -4183.158919 -4183.151153 -4183.131044 -4183.062671 -4094.266396 -1838.328903 -1579.960115 -1571.338183 -1566.820874 -1565.567285 -1565.319414 -1565.277642 -1565.271474 -1565.271109 -1565.271612 -1565.272150 -1565.272592 -1565.272938 -1565.273209 -1565.273425 -1565.273601 -1565.273748 -1565.273876 -1565.273992 -1565.274108 -1565.274236 -1565.274392 -1565.274601 -1565.274900 -1565.275348 -1565.276041 -1565.277139 -1565.278919 -1565.281868 -1565.286882 -1565.295659 -1565.311501 -1565.340994 -1565.397572 -1565.509543 -1565.739767 -1566.237896 -1567.386943 -1570.242179 -1578.044742 -1602.623051 -9999.0 -9999.0
-9999.0 -9999.0 772.747495 674.850690 576.603222 478.061275 379.374402 280.624486 181.853828 83.084845 -15.667182 -114.391954 -213.082185 -311.703207 -410.188485 -508.425827 -606.211438 -703.224346 -800.566015 -897.486435 -993.803456 -1089.259211 -1176.856780 -1256.776422 -1326.818534 -1385.680274 -1433.171480 -1470.087666 -1497.865895 -1518.203842 -1532.764657 -1543.004553 -1550.105730 -1554.977907 -1558.294855 -1560.544290 -1562.084669 -1563.238195 -1564.582196 -1567.983942 -1579.432221 -1619.104314 -1998.793980 -4131.728391 -4183.162543 -4183.166543 -4183.165544 -4183.165378 -4183.165354 -4183.165332 -4183.165268 -4183.165071 -4183.164739 -4183.164302 -4183.163567 -4183.162122 -4183.158919 -4183.151153 -4183.131044 -4183.062671 -4094.266396 -1838.328903 -1579.960115 -1571.338183 -1566.820874 -1565.567285 -1565.319414 -1565.277642 -1565.271474 -1565.271109 -1565.271612 -1565.272150 -1565.272592 -1565.272938 -1565.273209 -1565.273425 -1565.273601 -1565.273748 -1565.273876 -1565.273992 -1565.274108 -1565.274236 -1565.274392 -1565.274601 -1565.274900 -1565.275348 -1565.276041 -1565.277139 -1565.278919 -1565.281868 -1565.286882 -1565.295659 -1565.311501 -1565.340994 -1565.397572 -1565.509543 -1565.739767 -1566.237896 -1567.386943 -1570.242179 -1578.044742 -1602.623051 -9999.0 -9999.0
-9999.0 -9999.0 772.746194 674.850006 576.602939 478.061169 379.374363 280.624472 181.853822 83.084843 -15.667183 -114.391954 -213.082185 -311.703207 -410.188485 -508.425827 -606.211438 -703.224345 -800.566015 -897.486435 -993.803456 -1089.259211 -1176.856780 -1256.776422 -1326.818534 -1385.680274 -1433.171480 -1470.087666 -1497.865894 -1518.203842 -1532.764657 -1543.004553 -1550.105730 -1554.977907 -1558.294855 -1560.544290 -1562.084669 -1563.238195 -1564.582196 -1567.983942 -1579.432221 -1619.104314 -1998.793980 -4131.728391 -4183.162543 -4183.166543 -4183.165544 -4183.165378 -4183.165354 -4183.165332 -4183.165268 -4183.165071 -4183.164739 -4183.164302 -4183.163567 -4183.162122 -4183.158919 -4183.151153 -4183.131044 -4183.062671 -4094.266396 -1838.328903 -1579.960115 -1571.338183 -1566.820874 -1565.567285 -1565.319414 -1565.277642 -1565.271474 -1565.271109 -1565.271612 -1565.272150 -1565.272592 -1565.272938 -1565.273209 -1565.273425 -1565.273601 -1565.273748 -1565.273876 -1565.273992 -1565.274108 -1565.274236 -1565.274392 -1565.274601 -1565.274900 -1565.275348 -1565.276041 -1565.277139 -1565.278919 -1565.281868 -1565.286882 -1565.295659 -1565.311501 -1565.340994 -1565.397572 -1565.509543 -1565.739767 -1566.237896 -1567.386943 -1570.242179 -1578.044742 -1602.623051 -9999.0 -9999.0
-9999.0 -9999.0 772.742256 674.848646 576.602519 478.061036 379.374319 280.624457 181.853817 83.084841 -15.667184 -114.391954 -213.082186 -311.703207 -410.188485 -508.425827 -606.211438 -703.224345 -800.566015 -897.486434 -993.803455 -1089.259210 -1176.856779 -1256.776422 -1326.818533 -1385.680274 -1433.171480 -1470.087666 -1497.865894 -1518.203842 -1532.764657 -1543.004553 -1550.105730 -1554.977907 -1558.294855 -1560.544290 -1562.084669 -1563.238194 -1564.582196 -1567.983942 -1579.432221 -1619.104314 -1998.793980 -4131.728391 -4183.162543 -4183.166543 -4183.165544 -4183.165378 -4183.165354 -4183.165332 -4183.165268 -4183.165071 -4183.164739 -4183.164302 -4183.163567 -4183.162122 -4183.158919 -4183.151153 -4183.131044 -4183.062671 -4094.266396 -1838.328903 -1579.960115 -1571.338183 -1566.820874 -1565.567285 -1565.319414 -1565.277642 -1565.271474 -1565.271109 -1565.271612 -1565.272150 -1565.272592 -1565.272938 -1565.273209 -1565.273425 -1565.273601 -1565.273748 -1565.273876 -1565.273992 -1565.274108 -1565.274236 -1565.274392 -1565.274601 -1565.274900 -1565.275348 -1565.276041 -1565.277139 -1565.278919 -1565.281868 -1565.286882 -1565.295659 -1565.311501 -1565.340994 -1565.397572 -1565.509543 -1565.739767 -1566.237896 -1567.386943 -1570.242179 -1578.044742 -1602.623051 -9999.0 -9999.0
-9999.0 -9999.0 -9999.0 -9999.0 -9999.0 -9999.0 -9999.0 -9999.0 -9999.0 -9999.0 -9999.0 -9999.0 -9999.0 -9999.0 -9999.0 -9999.0 -9999.0 -9999.0 -9999.0 -9999.0 -9999.0 -9999.0 -9999.0 -9999.0 -9999.0 -9999.0 -9999.0 -9999.0 -9999.0 -9999.0 -9999.0 -9999.0 -9999.0 -9999.0 -9999.0 -9999.0 -9999.0 -9999.0 -9999.0 -9999.0 -9999.0 -9999.0 -9999.0 -9999.0 -9999.0 -9999.0 -9999.0 -9999.0 -9999.0 -9999.0 -9999.0 -9999.0 -9999.0 -9999.0 -9999.0 -9999.0 -9999.0 -9999.0 -9999.0 -9999.0 -9999.0 -9999.0 -9999.0 -9999.0 -9999.0 -9999.0 -9999.0 -9999.0 -9999.0 -9999.0 -9999.0 -9999.0 -9999.0 -9999.0 -9999.0 -9999.0 -9999.0 -9999.0 -9999.0 -9999.0 -9999.0 -9999.0 -9999.0 -9999.0 -9999.0 -9999.0 -9999.0 -9999.0 -9999.0 -9999.0 -9999.0 -9999.0 -9999.0 -9999.0 -9999.0 -9999.0 -9999.0 -9999.0 -9999.0 -9999.0 -9999.0 -9999.0 -9999.0 -9999.0
-9999.0 -9999.0 -9999.0 -9999.0 -9999.0 -9999.0 -9999.0 -9999.0 -9999.0 -9999.0 -9999.0 -9999.0 -9999.0 -9999.0 -9999.0 -9999.0 -9999.0 -9999.0 -9999.0 -9999.0 -9999.0 -9999.0 -9999.0 -9999.0 -9999.0 -9999.0 -9999.0 -9999.0 -9999.0 -9999.0 -9999.0 -9999.0 -9999.0 -9999.0 -9999.0 -9999.0 -9999.0 -9999.0 -9999.0 -9999.0 -9999.0 -9999.0 -9999.0 -9999.0 -9999.0 -9999.0 -9999.0 -9999.0 -9999.0 -9999.0 -9999.0 -9999.0 -9999.0 -9999.0 -9999.0 -9999.0 -9999.0 -9999.0 -9999.0 -9999.0 -9999.0 -9999.0 -9999.0 -9999.0 -9999.0 -9999.0 -9999.0 -9999.0 -9999.0 -9999.0 -9999.0 -9999.0 -9999.0 -9999.0 -9999.0 -9999.0 -9999.0 -9999.0 -9999.0 -9999.0 -9999.0 -9999.0 -9999.0 -9999.0 -9999.0 -9999.0 -9999.0 -9999.0 -9999.0 -9999.0 -9999.0 -9999.0 -9999.0 -9999.0 -9999.0 -9999.0 -9999.0 -9999.0 -9999.0 -9999.0 -9999.0 -9999.0 -9999.0 -9999.0