inst/processing_geotop_simulation/geotop_simulation/out/maps3D/PwL0019N0157.asc
ncols         104
nrows         10
xllcorner     -2.000000
yllcorner     0.000000
cellsize      1.000000
NODATA_value  -9999.0
-9999.0 -9999.0 -9999.0 -9999.0 -9999.0 -9999.0 -9999.0 -9999.0 -9999.0 -9999.0 -9999.0 -9999.0 -9999.0 -9999.0 -9999.0 -9999.0 -9999.0 -9999.0 -9999.0 -9999.0 -9999.0 -9999.0 -9999.0 -9999.0 -9999.0 -9999.0 -9999.0 -9999.0 -9999.0 -9999.0 -9999.0 -9999.0 -9999.0 -9999.0 -9999.0 -9999.0 -9999.0 -9999.0 -9999.0 -9999.0 -9999.0 -9999.0 -9999.0 -9999.0 -9999.0 -9999.0 -9999.0 -9999.0 -9999.0 -9999.0 -9999.0 -9999.0 -9999.0 -9999.0 -9999.0 -9999.0 -9999.0 -9999.0 -9999.0 -9999.0 -9999.0 -9999.0 -9999.0 -9999.0 -9999.0 -9999.0 -9999.0 -9999.0 -9999.0 -9999.0 -9999.0 -9999.0 -9999.0 -9999.0 -9999.0 -9999.0 -9999.0 -9999.0 -9999.0 -9999.0 -9999.0 -9999.0 -9999.0 -9999.0 -9999.0 -9999.0 -9999.0 -9999.0 -9999.0 -9999.0 -9999.0 -9999.0 -9999.0 -9999.0 -9999.0 -9999.0 -9999.0 -9999.0 -9999.0 -9999.0 -9999.0 -9999.0 -9999.0 -9999.0
-9999.0 -9999.0 -9999.0 -9999.0 -9999.0 -9999.0 -9999.0 -9999.0 -9999.0 -9999.0 -9999.0 -9999.0 -9999.0 -9999.0 -9999.0 -9999.0 -9999.0 -9999.0 -9999.0 -9999.0 -9999.0 -9999.0 -9999.0 -9999.0 -9999.0 -9999.0 -9999.0 -9999.0 -9999.0 -9999.0 -9999.0 -9999.0 -9999.0 -9999.0 -9999.0 -9999.0 -9999.0 -9999.0 -9999.0 -9999.0 -9999.0 -9999.0 -9999.0 -9999.0 -9999.0 -9999.0 -9999.0 -9999.0 -9999.0 -9999.0 -9999.0 -9999.0 -9999.0 -9999.0 -9999.0 -9999.0 -9999.0 -9999.0 -9999.0 -9999.0 -9999.0 -9999.0 -9999.0 -9999.0 -9999.0 -9999.0 -9999.0 -9999.0 -9999.0 -9999.0 -9999.0 -9999.0 -9999.0 -9999.0 -9999.0 -9999.0 -9999.0 -9999.0 -9999.0 -9999.0 -9999.0 -9999.0 -9999.0 -9999.0 -9999.0 -9999.0 -9999.0 -9999.0 -9999.0 -9999.0 -9999.0 -9999.0 -9999.0 -9999.0 -9999.0 -9999.0 -9999.0 -9999.0 -9999.0 -9999.0 -9999.0 -9999.0 -9999.0 -9999.0
-9999.0 -9999.0 933.627006 839.192595 744.249922 648.603941 552.575916 456.375071 360.116199 263.861743 167.646268 71.489167 -24.587853 -120.569653 -216.411832 -312.002738 -407.153446 -501.561042 -594.634532 -686.511722 -777.820530 -867.575113 -955.542455 -1033.761234 -1094.423418 -1142.368668 -1178.448138 -1204.448689 -1222.511455 -1234.685057 -1242.691869 -1247.858889 -1251.146480 -1253.218156 -1254.516537 -1255.331730 -1255.858981 -1256.263789 -1256.894735 -1259.479989 -1273.196191 -1356.815744 -1996.446834 -4016.264496 -4034.652515 -4034.653455 -4034.652918 -4034.645684 -4034.606065 -4034.462128 -4034.032041 -4032.700007 -4030.386823 -4027.286476 -4021.992618 -4011.536643 -3988.819260 -3938.043651 -3831.043799 -3636.460315 -3308.391201 -1689.939525 -1319.222279 -1266.825916 -1258.361208 -1257.102727 -1256.924339 -1256.898308 -1256.895076 -1256.895585 -1256.896587 -1256.897477 -1256.898176 -1256.898712 -1256.899123 -1256.899444 -1256.899699 -1256.899906 -1256.900079 -1256.900233 -1256.900384 -1256.900550 -1256.900758 -1256.901045 -1256.901466 -1256.902113 -1256.903127 -1256.904749 -1256.907384 -1256.911741 -1256.919105 -1256.931882 -1256.954715 -1256.996769 -1257.076460 -1257.231576 -1257.542835 -1258.195424 -1259.652817 -1263.150514 -1272.128497 -1297.633719 -9999.0 -9999.0
-9999.0 -9999.0 933.630564 839.193939 744.250361 648.604084 552.575963 456.375087 360.116205 263.861745 167.646269 71.489167 -24.587853 -120.569654 -216.411832 -312.002738 -407.153446 -501.561042 -594.634532 -686.511722 -777.820531 -867.575114 -955.542456 -1033.761234 -1094.423419 -1142.368668 -1178.448138 -1204.448689 -1222.511456 -1234.685057 -1242.691869 -1247.858889 -1251.146481 -1253.218156 -1254.516537 -1255.331730 -1255.858981 -1256.263789 -1256.894735 -1259.479989 -1273.196191 -1356.815744 -1996.446834 -4016.264496 -4034.652515 -4034.653455 -4034.652918 -4034.645684 -4034.606065 -4034.462128 -4034.032041 -4032.700007 -4030.386823 -4027.286476 -4021.992618 -4011.536643 -3988.819259 -3938.043651 -3831.043798 -3636.460315 -3308.391201 -1689.939525 -1319.222279 -1266.825916 -1258.361208 -1257.102727 -1256.924339 -1256.898308 -1256.895076 -1256.895585 -1256.896587 -1256.897477 -1256.898176 -1256.898712 -1256.899123 -1256.899444 -1256.899699 -1256.899906 -1256.900079 -1256.900233 -1256.900384 -1256.900550 -1256.900758 -1256.901045 -1256.901466 -1256.902113 -1256.903127 -1256.904749 -1256.907384 -1256.911741 -1256.919105 -1256.931882 -1256.954715 -1256.996769 -1257.076460 -1257.231576 -1257.542835 -1258.195424 -1259.652817 -1263.150514 -1272.128497 -1297.633719 -9999.0 -9999.0
-9999.0 -9999.0 933.631899 839.194654 744.250663 648.604199 552.576006 456.375103 360.116211 263.861747 167.646270 71.489167 -24.587853 -120.569654 -216.411833 -312.002738 -407.153447 -501.561042 -594.634533 -686.511723 -777.820531 -867.575114 -955.542456 -1033.761234 -1094.423419 -1142.368668 -1178.448138 -1204.448689 -1222.511456 -1234.685057 -1242.691869 -1247.858889 -1251.146481 -1253.218156 -1254.516537 -1255.331730 -1255.858981 -1256.263789 -1256.894735 -1259.479989 -1273.196191 -1356.815744 -1996.446834 -4016.264496 -4034.652515 -4034.653455 -4034.652918 -4034.645684 -4034.606065 -4034.462128 -4034.032041 -4032.700007 -4030.386823 -4027.286476 -4021.992618 -4011.536643 -3988.819259 -3938.043650 -3831.043798 -3636.460314 -3308.391200 -1689.939525 -1319.222279 -1266.825916 -1258.361208 -1257.102727 -1256.924339 -1256.898308 -1256.895076 -1256.895585 -1256.896587 -1256.897477 -1256.898176 -1256.898712 -1256.899123 -1256.899444 -1256.899699 -1256.899906 -1256.900079 -1256.900233 -1256.900384 -1256.900550 -1256.900758 -1256.901045 -1256.901466 -1256.902113 -1256.903127 -1256.904749 -1256.907384 -1256.911741 -1256.919105 -1256.931882 -1256.954715 -1256.996769 -1257.076460 -1257.231576 -1257.542835 -1258.195424 -1259.652817 -1263.150514 -1272.128497 -1297.633719 -9999.0 -9999.0
-9999.0 -9999.0 933.631899 839.194654 744.250663 648.604199 552.576006 456.375103 360.116211 263.861747 167.646270 71.489167 -24.587853 -120.569654 -216.411832 -312.002739 -407.153447 -501.561042 -594.634532 -686.511723 -777.820531 -867.575114 -955.542456 -1033.761234 -1094.423419 -1142.368668 -1178.448138 -1204.448689 -1222.511456 -1234.685057 -1242.691869 -1247.858889 -1251.146481 -1253.218156 -1254.516537 -1255.331730 -1255.858981 -1256.263789 -1256.894735 -1259.479989 -1273.196191 -1356.815744 -1996.446834 -4016.264496 -4034.652515 -4034.653455 -4034.652918 -4034.645684 -4034.606065 -4034.462128 -4034.032041 -4032.700007 -4030.386823 -4027.286476 -4021.992618 -4011.536643 -3988.819259 -3938.043650 -3831.043798 -3636.460314 -3308.391200 -1689.939525 -1319.222279 -1266.825916 -1258.361208 -1257.102727 -1256.924339 -1256.898308 -1256.895076 -1256.895585 -1256.896587 -1256.897477 -1256.898176 -1256.898712 -1256.899123 -1256.899444 -1256.899699 -1256.899906 -1256.900079 -1256.900233 -1256.900384 -1256.900550 -1256.900758 -1256.901045 -1256.901466 -1256.902113 -1256.903127 -1256.904749 -1256.907384 -1256.911741 -1256.919105 -1256.931882 -1256.954715 -1256.996769 -1257.076460 -1257.231576 -1257.542835 -1258.195424 -1259.652817 -1263.150514 -1272.128497 -1297.633719 -9999.0 -9999.0
-9999.0 -9999.0 933.630564 839.193939 744.250361 648.604084 552.575963 456.375087 360.116205 263.861745 167.646269 71.489167 -24.587853 -120.569654 -216.411832 -312.002738 -407.153446 -501.561042 -594.634532 -686.511722 -777.820531 -867.575114 -955.542456 -1033.761234 -1094.423419 -1142.368668 -1178.448138 -1204.448689 -1222.511456 -1234.685057 -1242.691869 -1247.858889 -1251.146481 -1253.218156 -1254.516537 -1255.331730 -1255.858981 -1256.263789 -1256.894735 -1259.479989 -1273.196191 -1356.815744 -1996.446834 -4016.264496 -4034.652515 -4034.653455 -4034.652918 -4034.645684 -4034.606065 -4034.462128 -4034.032041 -4032.700007 -4030.386823 -4027.286476 -4021.992618 -4011.536643 -3988.819259 -3938.043650 -3831.043798 -3636.460314 -3308.391201 -1689.939525 -1319.222279 -1266.825916 -1258.361208 -1257.102727 -1256.924339 -1256.898308 -1256.895076 -1256.895585 -1256.896587 -1256.897477 -1256.898176 -1256.898712 -1256.899123 -1256.899444 -1256.899699 -1256.899906 -1256.900079 -1256.900233 -1256.900384 -1256.900550 -1256.900758 -1256.901045 -1256.901466 -1256.902113 -1256.903127 -1256.904749 -1256.907384 -1256.911741 -1256.919105 -1256.931882 -1256.954715 -1256.996769 -1257.076460 -1257.231576 -1257.542835 -1258.195424 -1259.652817 -1263.150514 -1272.128497 -1297.633719 -9999.0 -9999.0
-9999.0 -9999.0 933.627006 839.192595 744.249922 648.603941 552.575916 456.375071 360.116199 263.861743 167.646268 71.489167 -24.587853 -120.569654 -216.411832 -312.002738 -407.153446 -501.561042 -594.634532 -686.511722 -777.820530 -867.575113 -955.542455 -1033.761234 -1094.423418 -1142.368668 -1178.448138 -1204.448689 -1222.511455 -1234.685057 -1242.691869 -1247.858889 -1251.146480 -1253.218156 -1254.516537 -1255.331730 -1255.858981 -1256.263789 -1256.894735 -1259.479989 -1273.196191 -1356.815744 -1996.446834 -4016.264496 -4034.652515 -4034.653455 -4034.652918 -4034.645684 -4034.606065 -4034.462128 -4034.032041 -4032.700007 -4030.386823 -4027.286476 -4021.992618 -4011.536643 -3988.819260 -3938.043651 -3831.043799 -3636.460315 -3308.391202 -1689.939525 -1319.222279 -1266.825916 -1258.361208 -1257.102727 -1256.924339 -1256.898308 -1256.895076 -1256.895585 -1256.896587 -1256.897477 -1256.898176 -1256.898712 -1256.899123 -1256.899444 -1256.899699 -1256.899906 -1256.900079 -1256.900233 -1256.900384 -1256.900550 -1256.900758 -1256.901045 -1256.901466 -1256.902113 -1256.903127 -1256.904749 -1256.907384 -1256.911741 -1256.919105 -1256.931882 -1256.954715 -1256.996769 -1257.076460 -1257.231576 -1257.542835 -1258.195424 -1259.652817 -1263.150514 -1272.128497 -1297.633719 -9999.0 -9999.0
-9999.0 -9999.0 -9999.0 -9999.0 -9999.0 -9999.0 -9999.0 -9999.0 -9999.0 -9999.0 -9999.0 -9999.0 -9999.0 -9999.0 -9999.0 -9999.0 -9999.0 -9999.0 -9999.0 -9999.0 -9999.0 -9999.0 -9999.0 -9999.0 -9999.0 -9999.0 -9999.0 -9999.0 -9999.0 -9999.0 -9999.0 -9999.0 -9999.0 -9999.0 -9999.0 -9999.0 -9999.0 -9999.0 -9999.0 -9999.0 -9999.0 -9999.0 -9999.0 -9999.0 -9999.0 -9999.0 -9999.0 -9999.0 -9999.0 -9999.0 -9999.0 -9999.0 -9999.0 -9999.0 -9999.0 -9999.0 -9999.0 -9999.0 -9999.0 -9999.0 -9999.0 -9999.0 -9999.0 -9999.0 -9999.0 -9999.0 -9999.0 -9999.0 -9999.0 -9999.0 -9999.0 -9999.0 -9999.0 -9999.0 -9999.0 -9999.0 -9999.0 -9999.0 -9999.0 -9999.0 -9999.0 -9999.0 -9999.0 -9999.0 -9999.0 -9999.0 -9999.0 -9999.0 -9999.0 -9999.0 -9999.0 -9999.0 -9999.0 -9999.0 -9999.0 -9999.0 -9999.0 -9999.0 -9999.0 -9999.0 -9999.0 -9999.0 -9999.0 -9999.0
-9999.0 -9999.0 -9999.0 -9999.0 -9999.0 -9999.0 -9999.0 -9999.0 -9999.0 -9999.0 -9999.0 -9999.0 -9999.0 -9999.0 -9999.0 -9999.0 -9999.0 -9999.0 -9999.0 -9999.0 -9999.0 -9999.0 -9999.0 -9999.0 -9999.0 -9999.0 -9999.0 -9999.0 -9999.0 -9999.0 -9999.0 -9999.0 -9999.0 -9999.0 -9999.0 -9999.0 -9999.0 -9999.0 -9999.0 -9999.0 -9999.0 -9999.0 -9999.0 -9999.0 -9999.0 -9999.0 -9999.0 -9999.0 -9999.0 -9999.0 -9999.0 -9999.0 -9999.0 -9999.0 -9999.0 -9999.0 -9999.0 -9999.0 -9999.0 -9999.0 -9999.0 -9999.0 -9999.0 -9999.0 -9999.0 -9999.0 -9999.0 -9999.0 -9999.0 -9999.0 -9999.0 -9999.0 -9999.0 -9999.0 -9999.0 -9999.0 -9999.0 -9999.0 -9999.0 -9999.0 -9999.0 -9999.0 -9999.0 -9999.0 -9999.0 -9999.0 -9999.0 -9999.0 -9999.0 -9999.0 -9999.0 -9999.0 -9999.0 -9999.0 -9999.0 -9999.0 -9999.0 -9999.0 -9999.0 -9999.0 -9999.0 -9999.0 -9999.0 -9999.0