inst/processing_geotop_simulation/geotop_simulation/out/maps3D/PwL0004N0026.asc
ncols         104
nrows         10
xllcorner     -2.000000
yllcorner     0.000000
cellsize      1.000000
NODATA_value  -9999.0
-9999.0 -9999.0 -9999.0 -9999.0 -9999.0 -9999.0 -9999.0 -9999.0 -9999.0 -9999.0 -9999.0 -9999.0 -9999.0 -9999.0 -9999.0 -9999.0 -9999.0 -9999.0 -9999.0 -9999.0 -9999.0 -9999.0 -9999.0 -9999.0 -9999.0 -9999.0 -9999.0 -9999.0 -9999.0 -9999.0 -9999.0 -9999.0 -9999.0 -9999.0 -9999.0 -9999.0 -9999.0 -9999.0 -9999.0 -9999.0 -9999.0 -9999.0 -9999.0 -9999.0 -9999.0 -9999.0 -9999.0 -9999.0 -9999.0 -9999.0 -9999.0 -9999.0 -9999.0 -9999.0 -9999.0 -9999.0 -9999.0 -9999.0 -9999.0 -9999.0 -9999.0 -9999.0 -9999.0 -9999.0 -9999.0 -9999.0 -9999.0 -9999.0 -9999.0 -9999.0 -9999.0 -9999.0 -9999.0 -9999.0 -9999.0 -9999.0 -9999.0 -9999.0 -9999.0 -9999.0 -9999.0 -9999.0 -9999.0 -9999.0 -9999.0 -9999.0 -9999.0 -9999.0 -9999.0 -9999.0 -9999.0 -9999.0 -9999.0 -9999.0 -9999.0 -9999.0 -9999.0 -9999.0 -9999.0 -9999.0 -9999.0 -9999.0 -9999.0 -9999.0
-9999.0 -9999.0 -9999.0 -9999.0 -9999.0 -9999.0 -9999.0 -9999.0 -9999.0 -9999.0 -9999.0 -9999.0 -9999.0 -9999.0 -9999.0 -9999.0 -9999.0 -9999.0 -9999.0 -9999.0 -9999.0 -9999.0 -9999.0 -9999.0 -9999.0 -9999.0 -9999.0 -9999.0 -9999.0 -9999.0 -9999.0 -9999.0 -9999.0 -9999.0 -9999.0 -9999.0 -9999.0 -9999.0 -9999.0 -9999.0 -9999.0 -9999.0 -9999.0 -9999.0 -9999.0 -9999.0 -9999.0 -9999.0 -9999.0 -9999.0 -9999.0 -9999.0 -9999.0 -9999.0 -9999.0 -9999.0 -9999.0 -9999.0 -9999.0 -9999.0 -9999.0 -9999.0 -9999.0 -9999.0 -9999.0 -9999.0 -9999.0 -9999.0 -9999.0 -9999.0 -9999.0 -9999.0 -9999.0 -9999.0 -9999.0 -9999.0 -9999.0 -9999.0 -9999.0 -9999.0 -9999.0 -9999.0 -9999.0 -9999.0 -9999.0 -9999.0 -9999.0 -9999.0 -9999.0 -9999.0 -9999.0 -9999.0 -9999.0 -9999.0 -9999.0 -9999.0 -9999.0 -9999.0 -9999.0 -9999.0 -9999.0 -9999.0 -9999.0 -9999.0
-9999.0 -9999.0 115.511089 17.337108 -80.200647 -171.178119 -239.891029 -277.445230 -286.590930 -272.667874 -356.555046 -379.757842 -287.742239 -224.274879 -148.780952 10.595584 88.147165 58.797618 19.896005 -26.237941 -78.637007 -136.072506 -194.334712 -246.309506 -286.452207 -313.709908 -330.627021 -340.632220 -346.433120 -349.747660 -351.587749 -352.501539 -352.758221 -352.432419 -351.452610 -349.587822 -346.370521 -341.073185 -334.366457 -320.425239 -270.718548 -244.328094 -703.887833 -659.506688 -604.425256 -569.928612 -553.455123 -551.592375 -551.399555 -551.380931 -551.379890 -551.380573 -551.381386 -551.382263 -551.384178 -551.397003 -551.518296 -552.668600 -563.199048 -585.457019 -621.813139 -639.671824 -263.989779 -299.153984 -321.004531 -334.369890 -342.495951 -347.497152 -350.607308 -352.553140 -353.776731 -354.548493 -355.036340 -355.345919 -355.542997 -355.669228 -355.751031 -355.805429 -355.843582 -355.873227 -355.900370 -355.930567 -355.970176 -356.027409 -356.114398 -356.249541 -356.461475 -356.795110 -357.320834 -358.149013 -359.451997 -361.497240 -364.695604 -369.668448 -377.333379 -388.998204 -406.433068 -431.866517 -467.848899 -517.020252 -582.245116 -667.327116 -9999.0 -9999.0
-9999.0 -9999.0 115.696876 17.385967 -80.186742 -171.173705 -239.889618 -277.444791 -286.590796 -272.667829 -356.555040 -379.757840 -287.742238 -224.274879 -148.780951 10.595584 88.147165 58.797618 19.896005 -26.237941 -78.637007 -136.072506 -194.334712 -246.309506 -286.452207 -313.709908 -330.627021 -340.632220 -346.433120 -349.747660 -351.587749 -352.501539 -352.758221 -352.432419 -351.452610 -349.587822 -346.370521 -341.073185 -334.366457 -320.425239 -270.718548 -244.328095 -703.887833 -659.506687 -604.425256 -569.928611 -553.455123 -551.592375 -551.399555 -551.380931 -551.379890 -551.380573 -551.381386 -551.382263 -551.384178 -551.397003 -551.518296 -552.668600 -563.199048 -585.457019 -621.813139 -639.671824 -263.989780 -299.153984 -321.004531 -334.369890 -342.495951 -347.497152 -350.607308 -352.553140 -353.776731 -354.548493 -355.036340 -355.345919 -355.542997 -355.669228 -355.751031 -355.805429 -355.843582 -355.873227 -355.900370 -355.930567 -355.970176 -356.027409 -356.114398 -356.249541 -356.461475 -356.795110 -357.320834 -358.149013 -359.451997 -361.497240 -364.695604 -369.668448 -377.333379 -388.998205 -406.433068 -431.866517 -467.848899 -517.020252 -582.245116 -667.327116 -9999.0 -9999.0
-9999.0 -9999.0 115.759352 17.413171 -80.176534 -171.170011 -239.888356 -277.444381 -286.590666 -272.667785 -356.555033 -379.757839 -287.742237 -224.274878 -148.780951 10.595584 88.147165 58.797618 19.896005 -26.237941 -78.637007 -136.072506 -194.334712 -246.309506 -286.452207 -313.709908 -330.627021 -340.632220 -346.433120 -349.747660 -351.587749 -352.501539 -352.758221 -352.432419 -351.452610 -349.587822 -346.370521 -341.073185 -334.366457 -320.425239 -270.718548 -244.328095 -703.887833 -659.506687 -604.425255 -569.928610 -553.455123 -551.592375 -551.399555 -551.380931 -551.379890 -551.380573 -551.381386 -551.382263 -551.384178 -551.397003 -551.518296 -552.668600 -563.199048 -585.457019 -621.813139 -639.671824 -263.989779 -299.153984 -321.004531 -334.369890 -342.495951 -347.497152 -350.607308 -352.553140 -353.776731 -354.548493 -355.036340 -355.345919 -355.542997 -355.669228 -355.751031 -355.805429 -355.843582 -355.873227 -355.900370 -355.930567 -355.970176 -356.027409 -356.114398 -356.249541 -356.461475 -356.795110 -357.320834 -358.149013 -359.451997 -361.497240 -364.695604 -369.668448 -377.333379 -388.998204 -406.433068 -431.866517 -467.848899 -517.020252 -582.245116 -667.327116 -9999.0 -9999.0
-9999.0 -9999.0 115.759352 17.413171 -80.176534 -171.170011 -239.888356 -277.444381 -286.590666 -272.667785 -356.555033 -379.757839 -287.742237 -224.274878 -148.780951 10.595584 88.147165 58.797618 19.896005 -26.237941 -78.637007 -136.072506 -194.334712 -246.309506 -286.452207 -313.709908 -330.627021 -340.632220 -346.433120 -349.747660 -351.587749 -352.501539 -352.758221 -352.432419 -351.452610 -349.587822 -346.370521 -341.073185 -334.366457 -320.425239 -270.718548 -244.328095 -703.887833 -659.506687 -604.425255 -569.928610 -553.455123 -551.592375 -551.399555 -551.380931 -551.379890 -551.380573 -551.381386 -551.382263 -551.384178 -551.397003 -551.518296 -552.668600 -563.199048 -585.457019 -621.813139 -639.671824 -263.989779 -299.153984 -321.004531 -334.369890 -342.495951 -347.497152 -350.607308 -352.553140 -353.776731 -354.548493 -355.036340 -355.345919 -355.542997 -355.669228 -355.751031 -355.805429 -355.843582 -355.873227 -355.900370 -355.930567 -355.970176 -356.027409 -356.114398 -356.249541 -356.461475 -356.795110 -357.320834 -358.149013 -359.451997 -361.497240 -364.695604 -369.668448 -377.333379 -388.998205 -406.433068 -431.866517 -467.848899 -517.020252 -582.245116 -667.327116 -9999.0 -9999.0
-9999.0 -9999.0 115.696876 17.385967 -80.186742 -171.173705 -239.889618 -277.444791 -286.590796 -272.667829 -356.555040 -379.757840 -287.742238 -224.274879 -148.780951 10.595584 88.147165 58.797618 19.896005 -26.237941 -78.637007 -136.072506 -194.334712 -246.309506 -286.452207 -313.709908 -330.627021 -340.632220 -346.433120 -349.747660 -351.587749 -352.501539 -352.758221 -352.432419 -351.452610 -349.587822 -346.370521 -341.073185 -334.366457 -320.425239 -270.718548 -244.328095 -703.887833 -659.506687 -604.425256 -569.928611 -553.455123 -551.592375 -551.399555 -551.380931 -551.379890 -551.380573 -551.381386 -551.382263 -551.384178 -551.397003 -551.518296 -552.668600 -563.199048 -585.457019 -621.813139 -639.671824 -263.989780 -299.153984 -321.004531 -334.369890 -342.495951 -347.497152 -350.607308 -352.553140 -353.776731 -354.548493 -355.036340 -355.345919 -355.542997 -355.669228 -355.751031 -355.805429 -355.843582 -355.873227 -355.900370 -355.930567 -355.970176 -356.027409 -356.114398 -356.249541 -356.461475 -356.795110 -357.320834 -358.149013 -359.451997 -361.497240 -364.695604 -369.668448 -377.333379 -388.998204 -406.433068 -431.866517 -467.848899 -517.020252 -582.245116 -667.327116 -9999.0 -9999.0
-9999.0 -9999.0 115.511089 17.337108 -80.200647 -171.178119 -239.891029 -277.445230 -286.590930 -272.667874 -356.555046 -379.757842 -287.742239 -224.274879 -148.780952 10.595584 88.147165 58.797618 19.896005 -26.237941 -78.637007 -136.072506 -194.334712 -246.309506 -286.452207 -313.709908 -330.627021 -340.632220 -346.433120 -349.747660 -351.587749 -352.501539 -352.758221 -352.432419 -351.452610 -349.587822 -346.370521 -341.073185 -334.366457 -320.425239 -270.718548 -244.328094 -703.887833 -659.506688 -604.425256 -569.928612 -553.455123 -551.592375 -551.399555 -551.380931 -551.379890 -551.380573 -551.381386 -551.382263 -551.384178 -551.397003 -551.518296 -552.668600 -563.199048 -585.457019 -621.813139 -639.671824 -263.989780 -299.153984 -321.004531 -334.369890 -342.495951 -347.497152 -350.607308 -352.553140 -353.776731 -354.548493 -355.036340 -355.345919 -355.542997 -355.669228 -355.751031 -355.805429 -355.843582 -355.873227 -355.900370 -355.930567 -355.970176 -356.027409 -356.114398 -356.249541 -356.461475 -356.795110 -357.320834 -358.149013 -359.451997 -361.497240 -364.695604 -369.668448 -377.333379 -388.998205 -406.433068 -431.866517 -467.848899 -517.020252 -582.245116 -667.327116 -9999.0 -9999.0
-9999.0 -9999.0 -9999.0 -9999.0 -9999.0 -9999.0 -9999.0 -9999.0 -9999.0 -9999.0 -9999.0 -9999.0 -9999.0 -9999.0 -9999.0 -9999.0 -9999.0 -9999.0 -9999.0 -9999.0 -9999.0 -9999.0 -9999.0 -9999.0 -9999.0 -9999.0 -9999.0 -9999.0 -9999.0 -9999.0 -9999.0 -9999.0 -9999.0 -9999.0 -9999.0 -9999.0 -9999.0 -9999.0 -9999.0 -9999.0 -9999.0 -9999.0 -9999.0 -9999.0 -9999.0 -9999.0 -9999.0 -9999.0 -9999.0 -9999.0 -9999.0 -9999.0 -9999.0 -9999.0 -9999.0 -9999.0 -9999.0 -9999.0 -9999.0 -9999.0 -9999.0 -9999.0 -9999.0 -9999.0 -9999.0 -9999.0 -9999.0 -9999.0 -9999.0 -9999.0 -9999.0 -9999.0 -9999.0 -9999.0 -9999.0 -9999.0 -9999.0 -9999.0 -9999.0 -9999.0 -9999.0 -9999.0 -9999.0 -9999.0 -9999.0 -9999.0 -9999.0 -9999.0 -9999.0 -9999.0 -9999.0 -9999.0 -9999.0 -9999.0 -9999.0 -9999.0 -9999.0 -9999.0 -9999.0 -9999.0 -9999.0 -9999.0 -9999.0 -9999.0
-9999.0 -9999.0 -9999.0 -9999.0 -9999.0 -9999.0 -9999.0 -9999.0 -9999.0 -9999.0 -9999.0 -9999.0 -9999.0 -9999.0 -9999.0 -9999.0 -9999.0 -9999.0 -9999.0 -9999.0 -9999.0 -9999.0 -9999.0 -9999.0 -9999.0 -9999.0 -9999.0 -9999.0 -9999.0 -9999.0 -9999.0 -9999.0 -9999.0 -9999.0 -9999.0 -9999.0 -9999.0 -9999.0 -9999.0 -9999.0 -9999.0 -9999.0 -9999.0 -9999.0 -9999.0 -9999.0 -9999.0 -9999.0 -9999.0 -9999.0 -9999.0 -9999.0 -9999.0 -9999.0 -9999.0 -9999.0 -9999.0 -9999.0 -9999.0 -9999.0 -9999.0 -9999.0 -9999.0 -9999.0 -9999.0 -9999.0 -9999.0 -9999.0 -9999.0 -9999.0 -9999.0 -9999.0 -9999.0 -9999.0 -9999.0 -9999.0 -9999.0 -9999.0 -9999.0 -9999.0 -9999.0 -9999.0 -9999.0 -9999.0 -9999.0 -9999.0 -9999.0 -9999.0 -9999.0 -9999.0 -9999.0 -9999.0 -9999.0 -9999.0 -9999.0 -9999.0 -9999.0 -9999.0 -9999.0 -9999.0 -9999.0 -9999.0 -9999.0 -9999.0