inst/processing_geotop_simulation/geotop_simulation/out/maps3D/PwL0001N0425.asc
ncols         104
nrows         10
xllcorner     -2.000000
yllcorner     0.000000
cellsize      1.000000
NODATA_value  -9999.0
-9999.0 -9999.0 -9999.0 -9999.0 -9999.0 -9999.0 -9999.0 -9999.0 -9999.0 -9999.0 -9999.0 -9999.0 -9999.0 -9999.0 -9999.0 -9999.0 -9999.0 -9999.0 -9999.0 -9999.0 -9999.0 -9999.0 -9999.0 -9999.0 -9999.0 -9999.0 -9999.0 -9999.0 -9999.0 -9999.0 -9999.0 -9999.0 -9999.0 -9999.0 -9999.0 -9999.0 -9999.0 -9999.0 -9999.0 -9999.0 -9999.0 -9999.0 -9999.0 -9999.0 -9999.0 -9999.0 -9999.0 -9999.0 -9999.0 -9999.0 -9999.0 -9999.0 -9999.0 -9999.0 -9999.0 -9999.0 -9999.0 -9999.0 -9999.0 -9999.0 -9999.0 -9999.0 -9999.0 -9999.0 -9999.0 -9999.0 -9999.0 -9999.0 -9999.0 -9999.0 -9999.0 -9999.0 -9999.0 -9999.0 -9999.0 -9999.0 -9999.0 -9999.0 -9999.0 -9999.0 -9999.0 -9999.0 -9999.0 -9999.0 -9999.0 -9999.0 -9999.0 -9999.0 -9999.0 -9999.0 -9999.0 -9999.0 -9999.0 -9999.0 -9999.0 -9999.0 -9999.0 -9999.0 -9999.0 -9999.0 -9999.0 -9999.0 -9999.0 -9999.0
-9999.0 -9999.0 -9999.0 -9999.0 -9999.0 -9999.0 -9999.0 -9999.0 -9999.0 -9999.0 -9999.0 -9999.0 -9999.0 -9999.0 -9999.0 -9999.0 -9999.0 -9999.0 -9999.0 -9999.0 -9999.0 -9999.0 -9999.0 -9999.0 -9999.0 -9999.0 -9999.0 -9999.0 -9999.0 -9999.0 -9999.0 -9999.0 -9999.0 -9999.0 -9999.0 -9999.0 -9999.0 -9999.0 -9999.0 -9999.0 -9999.0 -9999.0 -9999.0 -9999.0 -9999.0 -9999.0 -9999.0 -9999.0 -9999.0 -9999.0 -9999.0 -9999.0 -9999.0 -9999.0 -9999.0 -9999.0 -9999.0 -9999.0 -9999.0 -9999.0 -9999.0 -9999.0 -9999.0 -9999.0 -9999.0 -9999.0 -9999.0 -9999.0 -9999.0 -9999.0 -9999.0 -9999.0 -9999.0 -9999.0 -9999.0 -9999.0 -9999.0 -9999.0 -9999.0 -9999.0 -9999.0 -9999.0 -9999.0 -9999.0 -9999.0 -9999.0 -9999.0 -9999.0 -9999.0 -9999.0 -9999.0 -9999.0 -9999.0 -9999.0 -9999.0 -9999.0 -9999.0 -9999.0 -9999.0 -9999.0 -9999.0 -9999.0 -9999.0 -9999.0
-9999.0 -9999.0 25.968541 -71.712615 -170.659842 -269.880666 -369.201350 -468.557763 -567.917586 -667.255741 -766.537529 -865.738614 -964.837130 -1063.804401 -1162.733594 -1261.598096 -1360.169207 -1458.257164 -1555.499578 -1651.175566 -1743.887160 -1831.191879 -1909.878587 -1977.173284 -2031.844860 -2074.356122 -2106.290167 -2129.657377 -2146.418283 -2158.256229 -2166.515668 -2172.222403 -2176.134834 -2178.800840 -2180.609786 -2181.837588 -2182.691730 -2183.390426 -2184.382575 -2186.617196 -2186.669853 -2115.647361 -1301.044303 -1296.994238 -1287.178529 -1280.676778 -1277.614154 -1277.126114 -1277.072395 -1277.076854 -1277.089695 -1277.103570 -1277.116916 -1277.129283 -1277.140819 -1277.154721 -1277.200303 -1277.498277 -1279.149760 -1282.778583 -1287.575956 -1284.510029 -2091.422896 -2180.951481 -2185.210364 -2184.681952 -2184.473003 -2184.429506 -2184.422286 -2184.421565 -2184.421878 -2184.422280 -2184.422620 -2184.422886 -2184.423095 -2184.423260 -2184.423393 -2184.423504 -2184.423600 -2184.423688 -2184.423776 -2184.423874 -2184.423995 -2184.424160 -2184.424397 -2184.424756 -2184.425315 -2184.426205 -2184.427654 -2184.430066 -2184.434185 -2184.441428 -2184.454561 -2184.479108 -2184.526371 -2184.620264 -2184.814169 -2185.236225 -2186.221377 -2188.739886 -2195.995443 -2220.231821 -9999.0 -9999.0
-9999.0 -9999.0 25.979643 -71.710775 -170.659384 -269.880532 -369.201307 -468.557749 -567.917580 -667.255739 -766.537528 -865.738613 -964.837130 -1063.804401 -1162.733594 -1261.598096 -1360.169207 -1458.257164 -1555.499579 -1651.175566 -1743.887160 -1831.191880 -1909.878587 -1977.173284 -2031.844860 -2074.356122 -2106.290167 -2129.657377 -2146.418283 -2158.256229 -2166.515668 -2172.222403 -2176.134834 -2178.800840 -2180.609786 -2181.837588 -2182.691730 -2183.390426 -2184.382575 -2186.617196 -2186.669853 -2115.647361 -1301.044303 -1296.994238 -1287.178529 -1280.676778 -1277.614154 -1277.126114 -1277.072395 -1277.076854 -1277.089695 -1277.103570 -1277.116916 -1277.129283 -1277.140819 -1277.154721 -1277.200303 -1277.498277 -1279.149760 -1282.778583 -1287.575956 -1284.510029 -2091.422896 -2180.951481 -2185.210364 -2184.681952 -2184.473003 -2184.429506 -2184.422286 -2184.421565 -2184.421878 -2184.422280 -2184.422620 -2184.422886 -2184.423095 -2184.423260 -2184.423393 -2184.423504 -2184.423600 -2184.423688 -2184.423776 -2184.423874 -2184.423995 -2184.424160 -2184.424397 -2184.424756 -2184.425315 -2184.426205 -2184.427654 -2184.430066 -2184.434185 -2184.441428 -2184.454561 -2184.479108 -2184.526371 -2184.620264 -2184.814169 -2185.236225 -2186.221377 -2188.739886 -2195.995443 -2220.231821 -9999.0 -9999.0
-9999.0 -9999.0 25.980669 -71.710038 -170.659094 -269.880427 -369.201270 -468.557735 -567.917575 -667.255737 -766.537527 -865.738613 -964.837130 -1063.804401 -1162.733594 -1261.598096 -1360.169207 -1458.257164 -1555.499579 -1651.175566 -1743.887161 -1831.191880 -1909.878587 -1977.173285 -2031.844860 -2074.356122 -2106.290167 -2129.657377 -2146.418283 -2158.256229 -2166.515668 -2172.222403 -2176.134834 -2178.800840 -2180.609786 -2181.837588 -2182.691730 -2183.390426 -2184.382575 -2186.617196 -2186.669853 -2115.647361 -1301.044303 -1296.994238 -1287.178529 -1280.676778 -1277.614154 -1277.126114 -1277.072395 -1277.076854 -1277.089695 -1277.103570 -1277.116916 -1277.129283 -1277.140819 -1277.154721 -1277.200303 -1277.498277 -1279.149760 -1282.778583 -1287.575956 -1284.510029 -2091.422896 -2180.951481 -2185.210364 -2184.681952 -2184.473003 -2184.429506 -2184.422286 -2184.421565 -2184.421878 -2184.422280 -2184.422620 -2184.422886 -2184.423095 -2184.423260 -2184.423393 -2184.423504 -2184.423600 -2184.423688 -2184.423776 -2184.423874 -2184.423995 -2184.424160 -2184.424397 -2184.424756 -2184.425315 -2184.426205 -2184.427654 -2184.430066 -2184.434185 -2184.441428 -2184.454561 -2184.479108 -2184.526371 -2184.620264 -2184.814169 -2185.236225 -2186.221377 -2188.739886 -2195.995443 -2220.231821 -9999.0 -9999.0
-9999.0 -9999.0 25.980669 -71.710038 -170.659094 -269.880427 -369.201270 -468.557735 -567.917575 -667.255737 -766.537527 -865.738613 -964.837130 -1063.804401 -1162.733594 -1261.598096 -1360.169207 -1458.257164 -1555.499579 -1651.175566 -1743.887161 -1831.191880 -1909.878587 -1977.173285 -2031.844860 -2074.356122 -2106.290167 -2129.657377 -2146.418283 -2158.256229 -2166.515668 -2172.222403 -2176.134834 -2178.800840 -2180.609786 -2181.837588 -2182.691730 -2183.390426 -2184.382575 -2186.617196 -2186.669853 -2115.647361 -1301.044303 -1296.994238 -1287.178529 -1280.676778 -1277.614154 -1277.126114 -1277.072395 -1277.076854 -1277.089695 -1277.103570 -1277.116916 -1277.129283 -1277.140819 -1277.154721 -1277.200303 -1277.498277 -1279.149760 -1282.778583 -1287.575956 -1284.510029 -2091.422896 -2180.951481 -2185.210364 -2184.681952 -2184.473003 -2184.429506 -2184.422286 -2184.421565 -2184.421878 -2184.422280 -2184.422620 -2184.422886 -2184.423095 -2184.423260 -2184.423393 -2184.423504 -2184.423600 -2184.423688 -2184.423776 -2184.423874 -2184.423995 -2184.424160 -2184.424397 -2184.424756 -2184.425315 -2184.426205 -2184.427654 -2184.430066 -2184.434185 -2184.441428 -2184.454561 -2184.479108 -2184.526371 -2184.620264 -2184.814169 -2185.236225 -2186.221377 -2188.739886 -2195.995443 -2220.231821 -9999.0 -9999.0
-9999.0 -9999.0 25.979643 -71.710775 -170.659384 -269.880532 -369.201307 -468.557749 -567.917580 -667.255739 -766.537528 -865.738613 -964.837130 -1063.804401 -1162.733594 -1261.598096 -1360.169207 -1458.257164 -1555.499579 -1651.175566 -1743.887160 -1831.191880 -1909.878587 -1977.173284 -2031.844860 -2074.356122 -2106.290167 -2129.657377 -2146.418283 -2158.256229 -2166.515668 -2172.222403 -2176.134834 -2178.800840 -2180.609786 -2181.837588 -2182.691730 -2183.390426 -2184.382575 -2186.617196 -2186.669853 -2115.647361 -1301.044303 -1296.994238 -1287.178529 -1280.676778 -1277.614154 -1277.126114 -1277.072395 -1277.076854 -1277.089695 -1277.103570 -1277.116916 -1277.129283 -1277.140819 -1277.154721 -1277.200303 -1277.498277 -1279.149760 -1282.778583 -1287.575956 -1284.510029 -2091.422896 -2180.951481 -2185.210364 -2184.681952 -2184.473003 -2184.429506 -2184.422286 -2184.421565 -2184.421878 -2184.422280 -2184.422620 -2184.422886 -2184.423095 -2184.423260 -2184.423393 -2184.423504 -2184.423600 -2184.423688 -2184.423776 -2184.423874 -2184.423995 -2184.424160 -2184.424397 -2184.424756 -2184.425315 -2184.426205 -2184.427654 -2184.430066 -2184.434185 -2184.441428 -2184.454561 -2184.479108 -2184.526371 -2184.620264 -2184.814169 -2185.236225 -2186.221377 -2188.739886 -2195.995443 -2220.231821 -9999.0 -9999.0
-9999.0 -9999.0 25.968541 -71.712615 -170.659842 -269.880666 -369.201350 -468.557763 -567.917586 -667.255741 -766.537529 -865.738614 -964.837130 -1063.804401 -1162.733594 -1261.598096 -1360.169207 -1458.257164 -1555.499578 -1651.175566 -1743.887160 -1831.191879 -1909.878587 -1977.173284 -2031.844860 -2074.356122 -2106.290167 -2129.657377 -2146.418283 -2158.256229 -2166.515668 -2172.222403 -2176.134834 -2178.800840 -2180.609786 -2181.837588 -2182.691730 -2183.390426 -2184.382575 -2186.617196 -2186.669853 -2115.647362 -1301.044303 -1296.994238 -1287.178529 -1280.676778 -1277.614154 -1277.126114 -1277.072395 -1277.076854 -1277.089695 -1277.103570 -1277.116916 -1277.129283 -1277.140819 -1277.154721 -1277.200303 -1277.498277 -1279.149760 -1282.778583 -1287.575956 -1284.510029 -2091.422896 -2180.951481 -2185.210364 -2184.681952 -2184.473003 -2184.429506 -2184.422286 -2184.421565 -2184.421878 -2184.422280 -2184.422620 -2184.422886 -2184.423095 -2184.423260 -2184.423393 -2184.423504 -2184.423600 -2184.423688 -2184.423776 -2184.423874 -2184.423995 -2184.424160 -2184.424397 -2184.424756 -2184.425315 -2184.426205 -2184.427654 -2184.430066 -2184.434185 -2184.441428 -2184.454561 -2184.479108 -2184.526371 -2184.620264 -2184.814169 -2185.236225 -2186.221377 -2188.739886 -2195.995443 -2220.231821 -9999.0 -9999.0
-9999.0 -9999.0 -9999.0 -9999.0 -9999.0 -9999.0 -9999.0 -9999.0 -9999.0 -9999.0 -9999.0 -9999.0 -9999.0 -9999.0 -9999.0 -9999.0 -9999.0 -9999.0 -9999.0 -9999.0 -9999.0 -9999.0 -9999.0 -9999.0 -9999.0 -9999.0 -9999.0 -9999.0 -9999.0 -9999.0 -9999.0 -9999.0 -9999.0 -9999.0 -9999.0 -9999.0 -9999.0 -9999.0 -9999.0 -9999.0 -9999.0 -9999.0 -9999.0 -9999.0 -9999.0 -9999.0 -9999.0 -9999.0 -9999.0 -9999.0 -9999.0 -9999.0 -9999.0 -9999.0 -9999.0 -9999.0 -9999.0 -9999.0 -9999.0 -9999.0 -9999.0 -9999.0 -9999.0 -9999.0 -9999.0 -9999.0 -9999.0 -9999.0 -9999.0 -9999.0 -9999.0 -9999.0 -9999.0 -9999.0 -9999.0 -9999.0 -9999.0 -9999.0 -9999.0 -9999.0 -9999.0 -9999.0 -9999.0 -9999.0 -9999.0 -9999.0 -9999.0 -9999.0 -9999.0 -9999.0 -9999.0 -9999.0 -9999.0 -9999.0 -9999.0 -9999.0 -9999.0 -9999.0 -9999.0 -9999.0 -9999.0 -9999.0 -9999.0 -9999.0
-9999.0 -9999.0 -9999.0 -9999.0 -9999.0 -9999.0 -9999.0 -9999.0 -9999.0 -9999.0 -9999.0 -9999.0 -9999.0 -9999.0 -9999.0 -9999.0 -9999.0 -9999.0 -9999.0 -9999.0 -9999.0 -9999.0 -9999.0 -9999.0 -9999.0 -9999.0 -9999.0 -9999.0 -9999.0 -9999.0 -9999.0 -9999.0 -9999.0 -9999.0 -9999.0 -9999.0 -9999.0 -9999.0 -9999.0 -9999.0 -9999.0 -9999.0 -9999.0 -9999.0 -9999.0 -9999.0 -9999.0 -9999.0 -9999.0 -9999.0 -9999.0 -9999.0 -9999.0 -9999.0 -9999.0 -9999.0 -9999.0 -9999.0 -9999.0 -9999.0 -9999.0 -9999.0 -9999.0 -9999.0 -9999.0 -9999.0 -9999.0 -9999.0 -9999.0 -9999.0 -9999.0 -9999.0 -9999.0 -9999.0 -9999.0 -9999.0 -9999.0 -9999.0 -9999.0 -9999.0 -9999.0 -9999.0 -9999.0 -9999.0 -9999.0 -9999.0 -9999.0 -9999.0 -9999.0 -9999.0 -9999.0 -9999.0 -9999.0 -9999.0 -9999.0 -9999.0 -9999.0 -9999.0 -9999.0 -9999.0 -9999.0 -9999.0 -9999.0 -9999.0