inst/processing_geotop_simulation/geotop_simulation/out/maps3D/PwL0022N0383.asc
ncols         104
nrows         10
xllcorner     -2.000000
yllcorner     0.000000
cellsize      1.000000
NODATA_value  -9999.0
-9999.0 -9999.0 -9999.0 -9999.0 -9999.0 -9999.0 -9999.0 -9999.0 -9999.0 -9999.0 -9999.0 -9999.0 -9999.0 -9999.0 -9999.0 -9999.0 -9999.0 -9999.0 -9999.0 -9999.0 -9999.0 -9999.0 -9999.0 -9999.0 -9999.0 -9999.0 -9999.0 -9999.0 -9999.0 -9999.0 -9999.0 -9999.0 -9999.0 -9999.0 -9999.0 -9999.0 -9999.0 -9999.0 -9999.0 -9999.0 -9999.0 -9999.0 -9999.0 -9999.0 -9999.0 -9999.0 -9999.0 -9999.0 -9999.0 -9999.0 -9999.0 -9999.0 -9999.0 -9999.0 -9999.0 -9999.0 -9999.0 -9999.0 -9999.0 -9999.0 -9999.0 -9999.0 -9999.0 -9999.0 -9999.0 -9999.0 -9999.0 -9999.0 -9999.0 -9999.0 -9999.0 -9999.0 -9999.0 -9999.0 -9999.0 -9999.0 -9999.0 -9999.0 -9999.0 -9999.0 -9999.0 -9999.0 -9999.0 -9999.0 -9999.0 -9999.0 -9999.0 -9999.0 -9999.0 -9999.0 -9999.0 -9999.0 -9999.0 -9999.0 -9999.0 -9999.0 -9999.0 -9999.0 -9999.0 -9999.0 -9999.0 -9999.0 -9999.0 -9999.0
-9999.0 -9999.0 -9999.0 -9999.0 -9999.0 -9999.0 -9999.0 -9999.0 -9999.0 -9999.0 -9999.0 -9999.0 -9999.0 -9999.0 -9999.0 -9999.0 -9999.0 -9999.0 -9999.0 -9999.0 -9999.0 -9999.0 -9999.0 -9999.0 -9999.0 -9999.0 -9999.0 -9999.0 -9999.0 -9999.0 -9999.0 -9999.0 -9999.0 -9999.0 -9999.0 -9999.0 -9999.0 -9999.0 -9999.0 -9999.0 -9999.0 -9999.0 -9999.0 -9999.0 -9999.0 -9999.0 -9999.0 -9999.0 -9999.0 -9999.0 -9999.0 -9999.0 -9999.0 -9999.0 -9999.0 -9999.0 -9999.0 -9999.0 -9999.0 -9999.0 -9999.0 -9999.0 -9999.0 -9999.0 -9999.0 -9999.0 -9999.0 -9999.0 -9999.0 -9999.0 -9999.0 -9999.0 -9999.0 -9999.0 -9999.0 -9999.0 -9999.0 -9999.0 -9999.0 -9999.0 -9999.0 -9999.0 -9999.0 -9999.0 -9999.0 -9999.0 -9999.0 -9999.0 -9999.0 -9999.0 -9999.0 -9999.0 -9999.0 -9999.0 -9999.0 -9999.0 -9999.0 -9999.0 -9999.0 -9999.0 -9999.0 -9999.0 -9999.0 -9999.0
-9999.0 -9999.0 1068.100165 969.066295 870.009898 770.846725 671.619800 572.363953 473.099617 373.838289 274.586505 175.348088 76.125373 -23.077747 -122.258616 -221.413750 -320.524115 -419.553192 -518.429905 -617.021273 -715.085475 -813.253745 -910.965983 -1008.012460 -1104.108441 -1191.558152 -1271.610715 -1342.473002 -1402.966427 -1452.748758 -1492.314289 -1522.791239 -1545.645914 -1562.408859 -1574.487406 -1583.075062 -1589.145148 -1593.544780 -1597.326195 -1602.670365 -1614.747480 -1646.506921 -1641.662104 -2343.211771 -3488.597341 -3453.957703 -2809.742127 -2467.702597 -2287.674960 -2172.331961 -2088.140282 -2015.623710 -1970.109317 -1940.033936 -1911.659784 -1881.406902 -1848.054877 -1811.851821 -1773.833972 -1734.537165 -1684.367114 -1447.718484 -1602.729783 -1607.011846 -1604.236342 -1603.019603 -1602.712551 -1602.651611 -1602.641357 -1602.640225 -1602.640584 -1602.641114 -1602.641598 -1602.642017 -1602.642382 -1602.642708 -1602.643007 -1602.643289 -1602.643559 -1602.643828 -1602.644102 -1602.644393 -1602.644714 -1602.645087 -1602.645542 -1602.646130 -1602.646933 -1602.648085 -1602.649824 -1602.652570 -1602.657104 -1602.664919 -1602.678952 -1602.705151 -1602.755956 -1602.858623 -1603.076558 -1603.567156 -1604.745541 -1607.781424 -1616.283448 -1642.805348 -9999.0 -9999.0
-9999.0 -9999.0 1068.102537 969.067259 870.010228 770.846836 671.619838 572.363967 473.099622 373.838292 274.586506 175.348088 76.125373 -23.077747 -122.258616 -221.413751 -320.524115 -419.553192 -518.429905 -617.021274 -715.085475 -813.253745 -910.965984 -1008.012461 -1104.108442 -1191.558152 -1271.610715 -1342.473002 -1402.966427 -1452.748758 -1492.314289 -1522.791239 -1545.645914 -1562.408859 -1574.487406 -1583.075062 -1589.145148 -1593.544780 -1597.326195 -1602.670365 -1614.747480 -1646.506921 -1641.662104 -2343.211770 -3488.597340 -3453.957703 -2809.742126 -2467.702596 -2287.674960 -2172.331961 -2088.140281 -2015.623710 -1970.109317 -1940.033936 -1911.659784 -1881.406902 -1848.054877 -1811.851821 -1773.833972 -1734.537165 -1684.367114 -1447.718484 -1602.729783 -1607.011846 -1604.236342 -1603.019603 -1602.712551 -1602.651611 -1602.641357 -1602.640225 -1602.640584 -1602.641114 -1602.641598 -1602.642017 -1602.642382 -1602.642708 -1602.643007 -1602.643288 -1602.643559 -1602.643828 -1602.644102 -1602.644393 -1602.644714 -1602.645087 -1602.645542 -1602.646130 -1602.646933 -1602.648085 -1602.649824 -1602.652570 -1602.657104 -1602.664919 -1602.678952 -1602.705151 -1602.755956 -1602.858623 -1603.076558 -1603.567156 -1604.745541 -1607.781424 -1616.283448 -1642.805348 -9999.0 -9999.0
-9999.0 -9999.0 1068.103530 969.067801 870.010461 770.846927 671.619872 572.363979 473.099627 373.838293 274.586507 175.348089 76.125373 -23.077747 -122.258616 -221.413751 -320.524115 -419.553192 -518.429905 -617.021274 -715.085475 -813.253746 -910.965984 -1008.012461 -1104.108442 -1191.558152 -1271.610715 -1342.473002 -1402.966427 -1452.748758 -1492.314289 -1522.791239 -1545.645914 -1562.408859 -1574.487406 -1583.075062 -1589.145148 -1593.544780 -1597.326195 -1602.670365 -1614.747480 -1646.506921 -1641.662104 -2343.211770 -3488.597340 -3453.957702 -2809.742126 -2467.702596 -2287.674960 -2172.331960 -2088.140281 -2015.623710 -1970.109317 -1940.033936 -1911.659784 -1881.406901 -1848.054877 -1811.851820 -1773.833972 -1734.537165 -1684.367114 -1447.718484 -1602.729783 -1607.011846 -1604.236342 -1603.019603 -1602.712551 -1602.651611 -1602.641357 -1602.640225 -1602.640584 -1602.641114 -1602.641598 -1602.642017 -1602.642382 -1602.642708 -1602.643007 -1602.643288 -1602.643559 -1602.643828 -1602.644102 -1602.644393 -1602.644714 -1602.645087 -1602.645542 -1602.646130 -1602.646933 -1602.648085 -1602.649824 -1602.652570 -1602.657104 -1602.664919 -1602.678952 -1602.705151 -1602.755956 -1602.858623 -1603.076558 -1603.567156 -1604.745541 -1607.781424 -1616.283448 -1642.805348 -9999.0 -9999.0
-9999.0 -9999.0 1068.103530 969.067801 870.010461 770.846927 671.619872 572.363979 473.099627 373.838293 274.586507 175.348088 76.125373 -23.077747 -122.258616 -221.413751 -320.524115 -419.553193 -518.429905 -617.021274 -715.085475 -813.253746 -910.965984 -1008.012461 -1104.108442 -1191.558152 -1271.610715 -1342.473002 -1402.966427 -1452.748758 -1492.314289 -1522.791239 -1545.645914 -1562.408859 -1574.487406 -1583.075062 -1589.145148 -1593.544780 -1597.326195 -1602.670365 -1614.747480 -1646.506921 -1641.662104 -2343.211770 -3488.597340 -3453.957702 -2809.742126 -2467.702596 -2287.674960 -2172.331960 -2088.140281 -2015.623710 -1970.109317 -1940.033936 -1911.659784 -1881.406901 -1848.054877 -1811.851820 -1773.833972 -1734.537165 -1684.367114 -1447.718484 -1602.729783 -1607.011846 -1604.236342 -1603.019603 -1602.712551 -1602.651611 -1602.641357 -1602.640225 -1602.640584 -1602.641114 -1602.641598 -1602.642017 -1602.642382 -1602.642708 -1602.643007 -1602.643288 -1602.643559 -1602.643828 -1602.644102 -1602.644393 -1602.644714 -1602.645087 -1602.645542 -1602.646130 -1602.646933 -1602.648085 -1602.649824 -1602.652570 -1602.657104 -1602.664919 -1602.678952 -1602.705151 -1602.755956 -1602.858623 -1603.076558 -1603.567156 -1604.745541 -1607.781424 -1616.283448 -1642.805348 -9999.0 -9999.0
-9999.0 -9999.0 1068.102537 969.067259 870.010228 770.846836 671.619838 572.363967 473.099622 373.838292 274.586506 175.348088 76.125373 -23.077747 -122.258616 -221.413751 -320.524115 -419.553192 -518.429905 -617.021274 -715.085475 -813.253745 -910.965984 -1008.012461 -1104.108442 -1191.558152 -1271.610715 -1342.473002 -1402.966427 -1452.748758 -1492.314289 -1522.791239 -1545.645914 -1562.408859 -1574.487406 -1583.075062 -1589.145148 -1593.544780 -1597.326195 -1602.670365 -1614.747480 -1646.506921 -1641.662104 -2343.211770 -3488.597340 -3453.957703 -2809.742126 -2467.702596 -2287.674960 -2172.331960 -2088.140281 -2015.623710 -1970.109317 -1940.033936 -1911.659784 -1881.406901 -1848.054877 -1811.851820 -1773.833972 -1734.537165 -1684.367114 -1447.718484 -1602.729783 -1607.011846 -1604.236342 -1603.019603 -1602.712551 -1602.651611 -1602.641357 -1602.640225 -1602.640584 -1602.641114 -1602.641598 -1602.642017 -1602.642382 -1602.642708 -1602.643007 -1602.643288 -1602.643559 -1602.643828 -1602.644102 -1602.644393 -1602.644714 -1602.645087 -1602.645542 -1602.646130 -1602.646933 -1602.648085 -1602.649824 -1602.652570 -1602.657104 -1602.664919 -1602.678952 -1602.705151 -1602.755956 -1602.858623 -1603.076558 -1603.567156 -1604.745541 -1607.781424 -1616.283448 -1642.805348 -9999.0 -9999.0
-9999.0 -9999.0 1068.100165 969.066295 870.009898 770.846725 671.619800 572.363953 473.099617 373.838289 274.586505 175.348088 76.125373 -23.077747 -122.258616 -221.413751 -320.524115 -419.553192 -518.429905 -617.021273 -715.085475 -813.253745 -910.965983 -1008.012460 -1104.108441 -1191.558152 -1271.610715 -1342.473002 -1402.966427 -1452.748758 -1492.314289 -1522.791239 -1545.645914 -1562.408859 -1574.487406 -1583.075062 -1589.145148 -1593.544780 -1597.326195 -1602.670365 -1614.747480 -1646.506921 -1641.662104 -2343.211771 -3488.597341 -3453.957703 -2809.742127 -2467.702597 -2287.674960 -2172.331961 -2088.140282 -2015.623711 -1970.109317 -1940.033936 -1911.659784 -1881.406902 -1848.054877 -1811.851821 -1773.833972 -1734.537165 -1684.367114 -1447.718484 -1602.729783 -1607.011846 -1604.236342 -1603.019603 -1602.712551 -1602.651611 -1602.641357 -1602.640225 -1602.640584 -1602.641114 -1602.641598 -1602.642017 -1602.642382 -1602.642708 -1602.643007 -1602.643289 -1602.643559 -1602.643828 -1602.644102 -1602.644393 -1602.644714 -1602.645087 -1602.645542 -1602.646130 -1602.646933 -1602.648085 -1602.649824 -1602.652570 -1602.657104 -1602.664919 -1602.678952 -1602.705151 -1602.755956 -1602.858623 -1603.076558 -1603.567156 -1604.745541 -1607.781424 -1616.283448 -1642.805348 -9999.0 -9999.0
-9999.0 -9999.0 -9999.0 -9999.0 -9999.0 -9999.0 -9999.0 -9999.0 -9999.0 -9999.0 -9999.0 -9999.0 -9999.0 -9999.0 -9999.0 -9999.0 -9999.0 -9999.0 -9999.0 -9999.0 -9999.0 -9999.0 -9999.0 -9999.0 -9999.0 -9999.0 -9999.0 -9999.0 -9999.0 -9999.0 -9999.0 -9999.0 -9999.0 -9999.0 -9999.0 -9999.0 -9999.0 -9999.0 -9999.0 -9999.0 -9999.0 -9999.0 -9999.0 -9999.0 -9999.0 -9999.0 -9999.0 -9999.0 -9999.0 -9999.0 -9999.0 -9999.0 -9999.0 -9999.0 -9999.0 -9999.0 -9999.0 -9999.0 -9999.0 -9999.0 -9999.0 -9999.0 -9999.0 -9999.0 -9999.0 -9999.0 -9999.0 -9999.0 -9999.0 -9999.0 -9999.0 -9999.0 -9999.0 -9999.0 -9999.0 -9999.0 -9999.0 -9999.0 -9999.0 -9999.0 -9999.0 -9999.0 -9999.0 -9999.0 -9999.0 -9999.0 -9999.0 -9999.0 -9999.0 -9999.0 -9999.0 -9999.0 -9999.0 -9999.0 -9999.0 -9999.0 -9999.0 -9999.0 -9999.0 -9999.0 -9999.0 -9999.0 -9999.0 -9999.0
-9999.0 -9999.0 -9999.0 -9999.0 -9999.0 -9999.0 -9999.0 -9999.0 -9999.0 -9999.0 -9999.0 -9999.0 -9999.0 -9999.0 -9999.0 -9999.0 -9999.0 -9999.0 -9999.0 -9999.0 -9999.0 -9999.0 -9999.0 -9999.0 -9999.0 -9999.0 -9999.0 -9999.0 -9999.0 -9999.0 -9999.0 -9999.0 -9999.0 -9999.0 -9999.0 -9999.0 -9999.0 -9999.0 -9999.0 -9999.0 -9999.0 -9999.0 -9999.0 -9999.0 -9999.0 -9999.0 -9999.0 -9999.0 -9999.0 -9999.0 -9999.0 -9999.0 -9999.0 -9999.0 -9999.0 -9999.0 -9999.0 -9999.0 -9999.0 -9999.0 -9999.0 -9999.0 -9999.0 -9999.0 -9999.0 -9999.0 -9999.0 -9999.0 -9999.0 -9999.0 -9999.0 -9999.0 -9999.0 -9999.0 -9999.0 -9999.0 -9999.0 -9999.0 -9999.0 -9999.0 -9999.0 -9999.0 -9999.0 -9999.0 -9999.0 -9999.0 -9999.0 -9999.0 -9999.0 -9999.0 -9999.0 -9999.0 -9999.0 -9999.0 -9999.0 -9999.0 -9999.0 -9999.0 -9999.0 -9999.0 -9999.0 -9999.0 -9999.0 -9999.0