inst/processing_geotop_simulation/geotop_simulation/out/maps3D/PwL0010N0199.asc
ncols         104
nrows         10
xllcorner     -2.000000
yllcorner     0.000000
cellsize      1.000000
NODATA_value  -9999.0
-9999.0 -9999.0 -9999.0 -9999.0 -9999.0 -9999.0 -9999.0 -9999.0 -9999.0 -9999.0 -9999.0 -9999.0 -9999.0 -9999.0 -9999.0 -9999.0 -9999.0 -9999.0 -9999.0 -9999.0 -9999.0 -9999.0 -9999.0 -9999.0 -9999.0 -9999.0 -9999.0 -9999.0 -9999.0 -9999.0 -9999.0 -9999.0 -9999.0 -9999.0 -9999.0 -9999.0 -9999.0 -9999.0 -9999.0 -9999.0 -9999.0 -9999.0 -9999.0 -9999.0 -9999.0 -9999.0 -9999.0 -9999.0 -9999.0 -9999.0 -9999.0 -9999.0 -9999.0 -9999.0 -9999.0 -9999.0 -9999.0 -9999.0 -9999.0 -9999.0 -9999.0 -9999.0 -9999.0 -9999.0 -9999.0 -9999.0 -9999.0 -9999.0 -9999.0 -9999.0 -9999.0 -9999.0 -9999.0 -9999.0 -9999.0 -9999.0 -9999.0 -9999.0 -9999.0 -9999.0 -9999.0 -9999.0 -9999.0 -9999.0 -9999.0 -9999.0 -9999.0 -9999.0 -9999.0 -9999.0 -9999.0 -9999.0 -9999.0 -9999.0 -9999.0 -9999.0 -9999.0 -9999.0 -9999.0 -9999.0 -9999.0 -9999.0 -9999.0 -9999.0
-9999.0 -9999.0 -9999.0 -9999.0 -9999.0 -9999.0 -9999.0 -9999.0 -9999.0 -9999.0 -9999.0 -9999.0 -9999.0 -9999.0 -9999.0 -9999.0 -9999.0 -9999.0 -9999.0 -9999.0 -9999.0 -9999.0 -9999.0 -9999.0 -9999.0 -9999.0 -9999.0 -9999.0 -9999.0 -9999.0 -9999.0 -9999.0 -9999.0 -9999.0 -9999.0 -9999.0 -9999.0 -9999.0 -9999.0 -9999.0 -9999.0 -9999.0 -9999.0 -9999.0 -9999.0 -9999.0 -9999.0 -9999.0 -9999.0 -9999.0 -9999.0 -9999.0 -9999.0 -9999.0 -9999.0 -9999.0 -9999.0 -9999.0 -9999.0 -9999.0 -9999.0 -9999.0 -9999.0 -9999.0 -9999.0 -9999.0 -9999.0 -9999.0 -9999.0 -9999.0 -9999.0 -9999.0 -9999.0 -9999.0 -9999.0 -9999.0 -9999.0 -9999.0 -9999.0 -9999.0 -9999.0 -9999.0 -9999.0 -9999.0 -9999.0 -9999.0 -9999.0 -9999.0 -9999.0 -9999.0 -9999.0 -9999.0 -9999.0 -9999.0 -9999.0 -9999.0 -9999.0 -9999.0 -9999.0 -9999.0 -9999.0 -9999.0 -9999.0 -9999.0
-9999.0 -9999.0 479.190000 384.873149 288.761529 191.806122 94.491563 -2.970937 -100.473649 -197.968644 -295.387281 -392.623949 -489.454098 -585.425785 -680.026063 -775.286262 -870.119113 -964.624641 -1058.949722 -1147.913573 -1230.127833 -1301.626759 -1360.080226 -1405.328463 -1438.855334 -1462.902990 -1479.754468 -1491.360082 -1499.239580 -1504.521502 -1508.021984 -1510.319189 -1511.814892 -1512.783106 -1513.407727 -1513.812460 -1514.087586 -1514.332201 -1514.837041 -1517.049130 -1527.099281 -1560.876682 -1419.918016 -1755.510407 -1650.852638 -1590.690369 -1564.006651 -1560.600721 -1560.258455 -1560.295454 -1560.386343 -1560.483635 -1560.577024 -1560.663440 -1560.743325 -1560.833491 -1561.100803 -1562.999729 -1576.562931 -1608.043762 -1657.331561 -1314.740327 -1530.943764 -1521.090638 -1515.889960 -1514.842431 -1514.675213 -1514.649809 -1514.646532 -1514.646887 -1514.647733 -1514.648496 -1514.649095 -1514.649552 -1514.649902 -1514.650175 -1514.650390 -1514.650564 -1514.650710 -1514.650840 -1514.650967 -1514.651108 -1514.651285 -1514.651532 -1514.651896 -1514.652456 -1514.653336 -1514.654746 -1514.657038 -1514.660830 -1514.667243 -1514.678378 -1514.698284 -1514.734949 -1514.804377 -1514.939172 -1515.207940 -1515.763885 -1516.978159 -1519.829768 -1527.218461 -1549.964918 -9999.0 -9999.0
-9999.0 -9999.0 479.196661 384.875003 288.762046 191.806278 94.491613 -2.970920 -100.473643 -197.968642 -295.387280 -392.623948 -489.454098 -585.425784 -680.026063 -775.286262 -870.119113 -964.624641 -1058.949722 -1147.913573 -1230.127833 -1301.626759 -1360.080226 -1405.328464 -1438.855334 -1462.902990 -1479.754468 -1491.360082 -1499.239581 -1504.521502 -1508.021984 -1510.319189 -1511.814892 -1512.783106 -1513.407727 -1513.812460 -1514.087586 -1514.332201 -1514.837041 -1517.049130 -1527.099281 -1560.876682 -1419.918016 -1755.510407 -1650.852637 -1590.690367 -1564.006651 -1560.600721 -1560.258455 -1560.295454 -1560.386343 -1560.483635 -1560.577024 -1560.663440 -1560.743325 -1560.833491 -1561.100803 -1562.999729 -1576.562930 -1608.043762 -1657.331561 -1314.740328 -1530.943764 -1521.090638 -1515.889960 -1514.842431 -1514.675213 -1514.649809 -1514.646532 -1514.646887 -1514.647733 -1514.648496 -1514.649095 -1514.649552 -1514.649902 -1514.650175 -1514.650390 -1514.650564 -1514.650710 -1514.650840 -1514.650967 -1514.651108 -1514.651285 -1514.651532 -1514.651896 -1514.652456 -1514.653336 -1514.654746 -1514.657038 -1514.660830 -1514.667243 -1514.678378 -1514.698284 -1514.734949 -1514.804377 -1514.939172 -1515.207940 -1515.763885 -1516.978159 -1519.829768 -1527.218461 -1549.964918 -9999.0 -9999.0
-9999.0 -9999.0 479.198240 384.875834 288.762380 191.806402 94.491657 -2.970905 -100.473638 -197.968639 -295.387279 -392.623948 -489.454098 -585.425784 -680.026063 -775.286262 -870.119113 -964.624641 -1058.949722 -1147.913573 -1230.127833 -1301.626759 -1360.080226 -1405.328464 -1438.855334 -1462.902990 -1479.754468 -1491.360082 -1499.239581 -1504.521502 -1508.021984 -1510.319189 -1511.814892 -1512.783106 -1513.407727 -1513.812460 -1514.087586 -1514.332201 -1514.837041 -1517.049130 -1527.099281 -1560.876682 -1419.918016 -1755.510407 -1650.852637 -1590.690366 -1564.006651 -1560.600721 -1560.258455 -1560.295454 -1560.386343 -1560.483635 -1560.577024 -1560.663440 -1560.743325 -1560.833491 -1561.100803 -1562.999729 -1576.562930 -1608.043762 -1657.331561 -1314.740328 -1530.943764 -1521.090638 -1515.889960 -1514.842431 -1514.675213 -1514.649809 -1514.646532 -1514.646887 -1514.647733 -1514.648496 -1514.649095 -1514.649552 -1514.649902 -1514.650175 -1514.650390 -1514.650564 -1514.650710 -1514.650840 -1514.650967 -1514.651108 -1514.651285 -1514.651532 -1514.651896 -1514.652456 -1514.653336 -1514.654746 -1514.657038 -1514.660830 -1514.667243 -1514.678378 -1514.698284 -1514.734949 -1514.804377 -1514.939172 -1515.207940 -1515.763885 -1516.978159 -1519.829768 -1527.218461 -1549.964918 -9999.0 -9999.0
-9999.0 -9999.0 479.198240 384.875834 288.762380 191.806401 94.491657 -2.970905 -100.473637 -197.968639 -295.387279 -392.623948 -489.454098 -585.425784 -680.026063 -775.286262 -870.119113 -964.624641 -1058.949722 -1147.913573 -1230.127834 -1301.626759 -1360.080226 -1405.328464 -1438.855334 -1462.902990 -1479.754468 -1491.360082 -1499.239581 -1504.521502 -1508.021984 -1510.319189 -1511.814892 -1512.783106 -1513.407727 -1513.812460 -1514.087586 -1514.332201 -1514.837041 -1517.049130 -1527.099281 -1560.876682 -1419.918016 -1755.510407 -1650.852637 -1590.690366 -1564.006651 -1560.600721 -1560.258455 -1560.295454 -1560.386343 -1560.483635 -1560.577024 -1560.663440 -1560.743325 -1560.833491 -1561.100803 -1562.999729 -1576.562930 -1608.043762 -1657.331561 -1314.740328 -1530.943764 -1521.090638 -1515.889960 -1514.842431 -1514.675213 -1514.649809 -1514.646532 -1514.646887 -1514.647733 -1514.648496 -1514.649095 -1514.649552 -1514.649902 -1514.650175 -1514.650390 -1514.650564 -1514.650710 -1514.650840 -1514.650967 -1514.651108 -1514.651285 -1514.651532 -1514.651896 -1514.652456 -1514.653336 -1514.654746 -1514.657038 -1514.660830 -1514.667243 -1514.678378 -1514.698284 -1514.734949 -1514.804377 -1514.939172 -1515.207940 -1515.763885 -1516.978159 -1519.829768 -1527.218461 -1549.964918 -9999.0 -9999.0
-9999.0 -9999.0 479.196661 384.875003 288.762046 191.806278 94.491613 -2.970920 -100.473643 -197.968642 -295.387280 -392.623948 -489.454098 -585.425784 -680.026063 -775.286262 -870.119113 -964.624641 -1058.949722 -1147.913573 -1230.127833 -1301.626759 -1360.080226 -1405.328464 -1438.855334 -1462.902990 -1479.754468 -1491.360082 -1499.239581 -1504.521502 -1508.021984 -1510.319189 -1511.814892 -1512.783106 -1513.407727 -1513.812460 -1514.087586 -1514.332201 -1514.837041 -1517.049130 -1527.099281 -1560.876682 -1419.918016 -1755.510407 -1650.852637 -1590.690367 -1564.006651 -1560.600721 -1560.258455 -1560.295454 -1560.386343 -1560.483635 -1560.577024 -1560.663440 -1560.743325 -1560.833491 -1561.100803 -1562.999729 -1576.562930 -1608.043762 -1657.331561 -1314.740328 -1530.943764 -1521.090638 -1515.889960 -1514.842431 -1514.675213 -1514.649809 -1514.646532 -1514.646887 -1514.647733 -1514.648496 -1514.649095 -1514.649552 -1514.649902 -1514.650175 -1514.650390 -1514.650564 -1514.650710 -1514.650840 -1514.650967 -1514.651108 -1514.651285 -1514.651532 -1514.651896 -1514.652456 -1514.653336 -1514.654746 -1514.657038 -1514.660830 -1514.667243 -1514.678378 -1514.698284 -1514.734949 -1514.804377 -1514.939172 -1515.207940 -1515.763885 -1516.978159 -1519.829768 -1527.218461 -1549.964918 -9999.0 -9999.0
-9999.0 -9999.0 479.190000 384.873149 288.761529 191.806122 94.491563 -2.970937 -100.473649 -197.968644 -295.387281 -392.623949 -489.454098 -585.425784 -680.026063 -775.286262 -870.119113 -964.624641 -1058.949722 -1147.913573 -1230.127833 -1301.626759 -1360.080226 -1405.328463 -1438.855334 -1462.902990 -1479.754468 -1491.360082 -1499.239580 -1504.521502 -1508.021984 -1510.319189 -1511.814892 -1512.783106 -1513.407727 -1513.812460 -1514.087586 -1514.332201 -1514.837041 -1517.049130 -1527.099281 -1560.876682 -1419.918016 -1755.510407 -1650.852638 -1590.690369 -1564.006651 -1560.600721 -1560.258455 -1560.295454 -1560.386343 -1560.483635 -1560.577024 -1560.663440 -1560.743325 -1560.833491 -1561.100803 -1562.999729 -1576.562931 -1608.043762 -1657.331561 -1314.740327 -1530.943764 -1521.090638 -1515.889960 -1514.842431 -1514.675213 -1514.649809 -1514.646532 -1514.646887 -1514.647733 -1514.648496 -1514.649095 -1514.649552 -1514.649902 -1514.650175 -1514.650390 -1514.650564 -1514.650710 -1514.650840 -1514.650967 -1514.651108 -1514.651285 -1514.651532 -1514.651896 -1514.652456 -1514.653336 -1514.654746 -1514.657038 -1514.660830 -1514.667243 -1514.678378 -1514.698284 -1514.734949 -1514.804377 -1514.939172 -1515.207940 -1515.763885 -1516.978159 -1519.829768 -1527.218461 -1549.964918 -9999.0 -9999.0
-9999.0 -9999.0 -9999.0 -9999.0 -9999.0 -9999.0 -9999.0 -9999.0 -9999.0 -9999.0 -9999.0 -9999.0 -9999.0 -9999.0 -9999.0 -9999.0 -9999.0 -9999.0 -9999.0 -9999.0 -9999.0 -9999.0 -9999.0 -9999.0 -9999.0 -9999.0 -9999.0 -9999.0 -9999.0 -9999.0 -9999.0 -9999.0 -9999.0 -9999.0 -9999.0 -9999.0 -9999.0 -9999.0 -9999.0 -9999.0 -9999.0 -9999.0 -9999.0 -9999.0 -9999.0 -9999.0 -9999.0 -9999.0 -9999.0 -9999.0 -9999.0 -9999.0 -9999.0 -9999.0 -9999.0 -9999.0 -9999.0 -9999.0 -9999.0 -9999.0 -9999.0 -9999.0 -9999.0 -9999.0 -9999.0 -9999.0 -9999.0 -9999.0 -9999.0 -9999.0 -9999.0 -9999.0 -9999.0 -9999.0 -9999.0 -9999.0 -9999.0 -9999.0 -9999.0 -9999.0 -9999.0 -9999.0 -9999.0 -9999.0 -9999.0 -9999.0 -9999.0 -9999.0 -9999.0 -9999.0 -9999.0 -9999.0 -9999.0 -9999.0 -9999.0 -9999.0 -9999.0 -9999.0 -9999.0 -9999.0 -9999.0 -9999.0 -9999.0 -9999.0
-9999.0 -9999.0 -9999.0 -9999.0 -9999.0 -9999.0 -9999.0 -9999.0 -9999.0 -9999.0 -9999.0 -9999.0 -9999.0 -9999.0 -9999.0 -9999.0 -9999.0 -9999.0 -9999.0 -9999.0 -9999.0 -9999.0 -9999.0 -9999.0 -9999.0 -9999.0 -9999.0 -9999.0 -9999.0 -9999.0 -9999.0 -9999.0 -9999.0 -9999.0 -9999.0 -9999.0 -9999.0 -9999.0 -9999.0 -9999.0 -9999.0 -9999.0 -9999.0 -9999.0 -9999.0 -9999.0 -9999.0 -9999.0 -9999.0 -9999.0 -9999.0 -9999.0 -9999.0 -9999.0 -9999.0 -9999.0 -9999.0 -9999.0 -9999.0 -9999.0 -9999.0 -9999.0 -9999.0 -9999.0 -9999.0 -9999.0 -9999.0 -9999.0 -9999.0 -9999.0 -9999.0 -9999.0 -9999.0 -9999.0 -9999.0 -9999.0 -9999.0 -9999.0 -9999.0 -9999.0 -9999.0 -9999.0 -9999.0 -9999.0 -9999.0 -9999.0 -9999.0 -9999.0 -9999.0 -9999.0 -9999.0 -9999.0 -9999.0 -9999.0 -9999.0 -9999.0 -9999.0 -9999.0 -9999.0 -9999.0 -9999.0 -9999.0 -9999.0 -9999.0