inst/processing_geotop_simulation/geotop_simulation/out/maps3D/PwL0016N0444.asc
ncols         104
nrows         10
xllcorner     -2.000000
yllcorner     0.000000
cellsize      1.000000
NODATA_value  -9999.0
-9999.0 -9999.0 -9999.0 -9999.0 -9999.0 -9999.0 -9999.0 -9999.0 -9999.0 -9999.0 -9999.0 -9999.0 -9999.0 -9999.0 -9999.0 -9999.0 -9999.0 -9999.0 -9999.0 -9999.0 -9999.0 -9999.0 -9999.0 -9999.0 -9999.0 -9999.0 -9999.0 -9999.0 -9999.0 -9999.0 -9999.0 -9999.0 -9999.0 -9999.0 -9999.0 -9999.0 -9999.0 -9999.0 -9999.0 -9999.0 -9999.0 -9999.0 -9999.0 -9999.0 -9999.0 -9999.0 -9999.0 -9999.0 -9999.0 -9999.0 -9999.0 -9999.0 -9999.0 -9999.0 -9999.0 -9999.0 -9999.0 -9999.0 -9999.0 -9999.0 -9999.0 -9999.0 -9999.0 -9999.0 -9999.0 -9999.0 -9999.0 -9999.0 -9999.0 -9999.0 -9999.0 -9999.0 -9999.0 -9999.0 -9999.0 -9999.0 -9999.0 -9999.0 -9999.0 -9999.0 -9999.0 -9999.0 -9999.0 -9999.0 -9999.0 -9999.0 -9999.0 -9999.0 -9999.0 -9999.0 -9999.0 -9999.0 -9999.0 -9999.0 -9999.0 -9999.0 -9999.0 -9999.0 -9999.0 -9999.0 -9999.0 -9999.0 -9999.0 -9999.0
-9999.0 -9999.0 -9999.0 -9999.0 -9999.0 -9999.0 -9999.0 -9999.0 -9999.0 -9999.0 -9999.0 -9999.0 -9999.0 -9999.0 -9999.0 -9999.0 -9999.0 -9999.0 -9999.0 -9999.0 -9999.0 -9999.0 -9999.0 -9999.0 -9999.0 -9999.0 -9999.0 -9999.0 -9999.0 -9999.0 -9999.0 -9999.0 -9999.0 -9999.0 -9999.0 -9999.0 -9999.0 -9999.0 -9999.0 -9999.0 -9999.0 -9999.0 -9999.0 -9999.0 -9999.0 -9999.0 -9999.0 -9999.0 -9999.0 -9999.0 -9999.0 -9999.0 -9999.0 -9999.0 -9999.0 -9999.0 -9999.0 -9999.0 -9999.0 -9999.0 -9999.0 -9999.0 -9999.0 -9999.0 -9999.0 -9999.0 -9999.0 -9999.0 -9999.0 -9999.0 -9999.0 -9999.0 -9999.0 -9999.0 -9999.0 -9999.0 -9999.0 -9999.0 -9999.0 -9999.0 -9999.0 -9999.0 -9999.0 -9999.0 -9999.0 -9999.0 -9999.0 -9999.0 -9999.0 -9999.0 -9999.0 -9999.0 -9999.0 -9999.0 -9999.0 -9999.0 -9999.0 -9999.0 -9999.0 -9999.0 -9999.0 -9999.0 -9999.0 -9999.0
-9999.0 -9999.0 769.873501 670.862781 571.685401 472.369041 372.984578 273.570715 174.147432 74.725317 -24.688025 -124.088438 -223.474231 -322.834842 -422.151099 -521.391965 -620.501506 -719.389750 -818.354637 -917.172145 -1015.768879 -1114.007722 -1209.306471 -1300.730913 -1386.142816 -1463.421258 -1530.907244 -1587.729202 -1633.909203 -1670.240790 -1698.021956 -1718.760660 -1733.940095 -1744.876061 -1752.657551 -1758.146283 -1762.019070 -1764.875629 -1767.522446 -1771.506071 -1778.273468 -1781.044456 -1909.972133 -4088.168417 -4182.004713 -4180.302087 -4178.724359 -4178.454762 -4178.425967 -4178.427480 -4178.431270 -4178.429555 -4178.421950 -4178.409753 -4178.384765 -4178.332055 -4178.227655 -4178.089358 -4178.292071 -4177.804893 -3988.513250 -1683.461798 -1738.101129 -1770.343341 -1771.637797 -1770.890152 -1770.629008 -1770.571468 -1770.561232 -1770.559972 -1770.560223 -1770.560658 -1770.561056 -1770.561394 -1770.561683 -1770.561936 -1770.562163 -1770.562372 -1770.562572 -1770.562767 -1770.562967 -1770.563181 -1770.563421 -1770.563707 -1770.564067 -1770.564547 -1770.565222 -1770.566219 -1770.567754 -1770.570219 -1770.574338 -1770.581497 -1770.594422 -1770.618627 -1770.665611 -1770.760441 -1770.961109 -1771.411350 -1772.494147 -1775.318184 -1783.430065 -1809.500045 -9999.0 -9999.0
-9999.0 -9999.0 769.876996 670.863986 571.685774 472.369160 372.984617 273.570729 174.147437 74.725320 -24.688024 -124.088437 -223.474231 -322.834842 -422.151098 -521.391965 -620.501506 -719.389750 -818.354637 -917.172145 -1015.768879 -1114.007722 -1209.306471 -1300.730913 -1386.142816 -1463.421258 -1530.907244 -1587.729202 -1633.909203 -1670.240790 -1698.021956 -1718.760660 -1733.940095 -1744.876061 -1752.657551 -1758.146283 -1762.019070 -1764.875629 -1767.522446 -1771.506071 -1778.273468 -1781.044456 -1909.972133 -4088.168417 -4182.004713 -4180.302087 -4178.724359 -4178.454762 -4178.425967 -4178.427480 -4178.431270 -4178.429555 -4178.421950 -4178.409753 -4178.384765 -4178.332055 -4178.227655 -4178.089358 -4178.292071 -4177.804893 -3988.513250 -1683.461798 -1738.101129 -1770.343341 -1771.637797 -1770.890152 -1770.629008 -1770.571468 -1770.561232 -1770.559972 -1770.560223 -1770.560658 -1770.561056 -1770.561394 -1770.561683 -1770.561936 -1770.562163 -1770.562372 -1770.562572 -1770.562767 -1770.562967 -1770.563181 -1770.563421 -1770.563707 -1770.564067 -1770.564547 -1770.565222 -1770.566219 -1770.567754 -1770.570219 -1770.574338 -1770.581497 -1770.594422 -1770.618626 -1770.665610 -1770.760441 -1770.961109 -1771.411350 -1772.494147 -1775.318184 -1783.430065 -1809.500045 -9999.0 -9999.0
-9999.0 -9999.0 769.878150 670.864594 571.686025 472.369254 372.984652 273.570742 174.147442 74.725322 -24.688023 -124.088437 -223.474231 -322.834842 -422.151098 -521.391965 -620.501506 -719.389750 -818.354637 -917.172145 -1015.768879 -1114.007723 -1209.306471 -1300.730913 -1386.142816 -1463.421258 -1530.907244 -1587.729202 -1633.909203 -1670.240790 -1698.021956 -1718.760660 -1733.940095 -1744.876061 -1752.657551 -1758.146283 -1762.019070 -1764.875629 -1767.522446 -1771.506071 -1778.273468 -1781.044456 -1909.972133 -4088.168417 -4182.004713 -4180.302087 -4178.724359 -4178.454762 -4178.425967 -4178.427480 -4178.431270 -4178.429555 -4178.421950 -4178.409753 -4178.384765 -4178.332055 -4178.227655 -4178.089358 -4178.292071 -4177.804893 -3988.513250 -1683.461798 -1738.101129 -1770.343341 -1771.637797 -1770.890152 -1770.629008 -1770.571468 -1770.561232 -1770.559972 -1770.560223 -1770.560658 -1770.561056 -1770.561394 -1770.561683 -1770.561936 -1770.562163 -1770.562372 -1770.562572 -1770.562767 -1770.562967 -1770.563181 -1770.563421 -1770.563707 -1770.564067 -1770.564547 -1770.565222 -1770.566219 -1770.567754 -1770.570219 -1770.574338 -1770.581497 -1770.594422 -1770.618626 -1770.665610 -1770.760441 -1770.961109 -1771.411350 -1772.494147 -1775.318184 -1783.430065 -1809.500045 -9999.0 -9999.0
-9999.0 -9999.0 769.878150 670.864594 571.686025 472.369254 372.984651 273.570742 174.147442 74.725322 -24.688023 -124.088437 -223.474231 -322.834842 -422.151098 -521.391965 -620.501506 -719.389750 -818.354637 -917.172145 -1015.768879 -1114.007723 -1209.306471 -1300.730913 -1386.142816 -1463.421258 -1530.907244 -1587.729202 -1633.909203 -1670.240790 -1698.021956 -1718.760660 -1733.940095 -1744.876061 -1752.657551 -1758.146283 -1762.019070 -1764.875629 -1767.522446 -1771.506071 -1778.273468 -1781.044456 -1909.972133 -4088.168417 -4182.004713 -4180.302087 -4178.724359 -4178.454762 -4178.425967 -4178.427480 -4178.431270 -4178.429555 -4178.421950 -4178.409753 -4178.384765 -4178.332055 -4178.227655 -4178.089358 -4178.292071 -4177.804893 -3988.513250 -1683.461798 -1738.101129 -1770.343341 -1771.637797 -1770.890152 -1770.629008 -1770.571468 -1770.561232 -1770.559972 -1770.560223 -1770.560658 -1770.561056 -1770.561394 -1770.561683 -1770.561936 -1770.562163 -1770.562372 -1770.562572 -1770.562767 -1770.562967 -1770.563181 -1770.563421 -1770.563707 -1770.564067 -1770.564547 -1770.565222 -1770.566219 -1770.567754 -1770.570219 -1770.574338 -1770.581497 -1770.594422 -1770.618626 -1770.665610 -1770.760441 -1770.961109 -1771.411350 -1772.494147 -1775.318184 -1783.430065 -1809.500045 -9999.0 -9999.0
-9999.0 -9999.0 769.876996 670.863986 571.685774 472.369160 372.984617 273.570729 174.147437 74.725320 -24.688024 -124.088437 -223.474231 -322.834842 -422.151098 -521.391965 -620.501506 -719.389750 -818.354637 -917.172145 -1015.768879 -1114.007722 -1209.306471 -1300.730913 -1386.142816 -1463.421258 -1530.907244 -1587.729202 -1633.909203 -1670.240790 -1698.021956 -1718.760660 -1733.940095 -1744.876061 -1752.657551 -1758.146283 -1762.019070 -1764.875629 -1767.522446 -1771.506071 -1778.273468 -1781.044456 -1909.972133 -4088.168417 -4182.004713 -4180.302087 -4178.724359 -4178.454762 -4178.425967 -4178.427480 -4178.431270 -4178.429555 -4178.421950 -4178.409753 -4178.384765 -4178.332055 -4178.227655 -4178.089358 -4178.292071 -4177.804893 -3988.513250 -1683.461798 -1738.101129 -1770.343341 -1771.637797 -1770.890152 -1770.629008 -1770.571468 -1770.561232 -1770.559972 -1770.560223 -1770.560658 -1770.561056 -1770.561394 -1770.561683 -1770.561936 -1770.562163 -1770.562372 -1770.562572 -1770.562767 -1770.562967 -1770.563181 -1770.563421 -1770.563707 -1770.564067 -1770.564547 -1770.565222 -1770.566219 -1770.567754 -1770.570219 -1770.574338 -1770.581497 -1770.594422 -1770.618626 -1770.665610 -1770.760441 -1770.961109 -1771.411350 -1772.494147 -1775.318184 -1783.430065 -1809.500045 -9999.0 -9999.0
-9999.0 -9999.0 769.873501 670.862781 571.685401 472.369042 372.984577 273.570715 174.147432 74.725317 -24.688025 -124.088438 -223.474231 -322.834842 -422.151099 -521.391965 -620.501506 -719.389750 -818.354637 -917.172145 -1015.768879 -1114.007722 -1209.306471 -1300.730913 -1386.142816 -1463.421258 -1530.907244 -1587.729202 -1633.909203 -1670.240790 -1698.021956 -1718.760660 -1733.940095 -1744.876061 -1752.657551 -1758.146283 -1762.019070 -1764.875629 -1767.522446 -1771.506071 -1778.273468 -1781.044456 -1909.972133 -4088.168417 -4182.004713 -4180.302087 -4178.724359 -4178.454762 -4178.425967 -4178.427480 -4178.431270 -4178.429555 -4178.421950 -4178.409753 -4178.384765 -4178.332055 -4178.227655 -4178.089358 -4178.292071 -4177.804893 -3988.513250 -1683.461798 -1738.101129 -1770.343341 -1771.637797 -1770.890152 -1770.629008 -1770.571468 -1770.561232 -1770.559972 -1770.560223 -1770.560658 -1770.561056 -1770.561394 -1770.561683 -1770.561936 -1770.562163 -1770.562372 -1770.562572 -1770.562767 -1770.562967 -1770.563181 -1770.563421 -1770.563707 -1770.564067 -1770.564547 -1770.565222 -1770.566219 -1770.567754 -1770.570219 -1770.574338 -1770.581497 -1770.594422 -1770.618627 -1770.665611 -1770.760441 -1770.961109 -1771.411350 -1772.494147 -1775.318184 -1783.430065 -1809.500045 -9999.0 -9999.0
-9999.0 -9999.0 -9999.0 -9999.0 -9999.0 -9999.0 -9999.0 -9999.0 -9999.0 -9999.0 -9999.0 -9999.0 -9999.0 -9999.0 -9999.0 -9999.0 -9999.0 -9999.0 -9999.0 -9999.0 -9999.0 -9999.0 -9999.0 -9999.0 -9999.0 -9999.0 -9999.0 -9999.0 -9999.0 -9999.0 -9999.0 -9999.0 -9999.0 -9999.0 -9999.0 -9999.0 -9999.0 -9999.0 -9999.0 -9999.0 -9999.0 -9999.0 -9999.0 -9999.0 -9999.0 -9999.0 -9999.0 -9999.0 -9999.0 -9999.0 -9999.0 -9999.0 -9999.0 -9999.0 -9999.0 -9999.0 -9999.0 -9999.0 -9999.0 -9999.0 -9999.0 -9999.0 -9999.0 -9999.0 -9999.0 -9999.0 -9999.0 -9999.0 -9999.0 -9999.0 -9999.0 -9999.0 -9999.0 -9999.0 -9999.0 -9999.0 -9999.0 -9999.0 -9999.0 -9999.0 -9999.0 -9999.0 -9999.0 -9999.0 -9999.0 -9999.0 -9999.0 -9999.0 -9999.0 -9999.0 -9999.0 -9999.0 -9999.0 -9999.0 -9999.0 -9999.0 -9999.0 -9999.0 -9999.0 -9999.0 -9999.0 -9999.0 -9999.0 -9999.0
-9999.0 -9999.0 -9999.0 -9999.0 -9999.0 -9999.0 -9999.0 -9999.0 -9999.0 -9999.0 -9999.0 -9999.0 -9999.0 -9999.0 -9999.0 -9999.0 -9999.0 -9999.0 -9999.0 -9999.0 -9999.0 -9999.0 -9999.0 -9999.0 -9999.0 -9999.0 -9999.0 -9999.0 -9999.0 -9999.0 -9999.0 -9999.0 -9999.0 -9999.0 -9999.0 -9999.0 -9999.0 -9999.0 -9999.0 -9999.0 -9999.0 -9999.0 -9999.0 -9999.0 -9999.0 -9999.0 -9999.0 -9999.0 -9999.0 -9999.0 -9999.0 -9999.0 -9999.0 -9999.0 -9999.0 -9999.0 -9999.0 -9999.0 -9999.0 -9999.0 -9999.0 -9999.0 -9999.0 -9999.0 -9999.0 -9999.0 -9999.0 -9999.0 -9999.0 -9999.0 -9999.0 -9999.0 -9999.0 -9999.0 -9999.0 -9999.0 -9999.0 -9999.0 -9999.0 -9999.0 -9999.0 -9999.0 -9999.0 -9999.0 -9999.0 -9999.0 -9999.0 -9999.0 -9999.0 -9999.0 -9999.0 -9999.0 -9999.0 -9999.0 -9999.0 -9999.0 -9999.0 -9999.0 -9999.0 -9999.0 -9999.0 -9999.0 -9999.0 -9999.0