inst/processing_geotop_simulation/geotop_simulation/out/maps3D/PwL0008N0384.asc
ncols         104
nrows         10
xllcorner     -2.000000
yllcorner     0.000000
cellsize      1.000000
NODATA_value  -9999.0
-9999.0 -9999.0 -9999.0 -9999.0 -9999.0 -9999.0 -9999.0 -9999.0 -9999.0 -9999.0 -9999.0 -9999.0 -9999.0 -9999.0 -9999.0 -9999.0 -9999.0 -9999.0 -9999.0 -9999.0 -9999.0 -9999.0 -9999.0 -9999.0 -9999.0 -9999.0 -9999.0 -9999.0 -9999.0 -9999.0 -9999.0 -9999.0 -9999.0 -9999.0 -9999.0 -9999.0 -9999.0 -9999.0 -9999.0 -9999.0 -9999.0 -9999.0 -9999.0 -9999.0 -9999.0 -9999.0 -9999.0 -9999.0 -9999.0 -9999.0 -9999.0 -9999.0 -9999.0 -9999.0 -9999.0 -9999.0 -9999.0 -9999.0 -9999.0 -9999.0 -9999.0 -9999.0 -9999.0 -9999.0 -9999.0 -9999.0 -9999.0 -9999.0 -9999.0 -9999.0 -9999.0 -9999.0 -9999.0 -9999.0 -9999.0 -9999.0 -9999.0 -9999.0 -9999.0 -9999.0 -9999.0 -9999.0 -9999.0 -9999.0 -9999.0 -9999.0 -9999.0 -9999.0 -9999.0 -9999.0 -9999.0 -9999.0 -9999.0 -9999.0 -9999.0 -9999.0 -9999.0 -9999.0 -9999.0 -9999.0 -9999.0 -9999.0 -9999.0 -9999.0
-9999.0 -9999.0 -9999.0 -9999.0 -9999.0 -9999.0 -9999.0 -9999.0 -9999.0 -9999.0 -9999.0 -9999.0 -9999.0 -9999.0 -9999.0 -9999.0 -9999.0 -9999.0 -9999.0 -9999.0 -9999.0 -9999.0 -9999.0 -9999.0 -9999.0 -9999.0 -9999.0 -9999.0 -9999.0 -9999.0 -9999.0 -9999.0 -9999.0 -9999.0 -9999.0 -9999.0 -9999.0 -9999.0 -9999.0 -9999.0 -9999.0 -9999.0 -9999.0 -9999.0 -9999.0 -9999.0 -9999.0 -9999.0 -9999.0 -9999.0 -9999.0 -9999.0 -9999.0 -9999.0 -9999.0 -9999.0 -9999.0 -9999.0 -9999.0 -9999.0 -9999.0 -9999.0 -9999.0 -9999.0 -9999.0 -9999.0 -9999.0 -9999.0 -9999.0 -9999.0 -9999.0 -9999.0 -9999.0 -9999.0 -9999.0 -9999.0 -9999.0 -9999.0 -9999.0 -9999.0 -9999.0 -9999.0 -9999.0 -9999.0 -9999.0 -9999.0 -9999.0 -9999.0 -9999.0 -9999.0 -9999.0 -9999.0 -9999.0 -9999.0 -9999.0 -9999.0 -9999.0 -9999.0 -9999.0 -9999.0 -9999.0 -9999.0 -9999.0 -9999.0
-9999.0 -9999.0 373.695888 275.569380 176.751904 77.659845 -21.541554 -120.785809 -220.044103 -319.296362 -418.522082 -517.687449 -616.721961 -715.491755 -814.287860 -913.027371 -1011.659968 -1110.184912 -1207.664194 -1303.797812 -1397.410553 -1486.406866 -1567.936750 -1639.316823 -1698.969183 -1746.739158 -1783.624385 -1811.265112 -1831.484252 -1845.990970 -1856.239255 -1863.390392 -1868.331923 -1871.720731 -1874.031922 -1875.605870 -1876.696990 -1877.558024 -1878.684813 -1881.333303 -1885.316192 -1852.598986 -1241.731764 -1307.462114 -1282.692448 -1266.342793 -1258.759675 -1257.650164 -1257.532612 -1257.543049 -1257.571712 -1257.602585 -1257.632257 -1257.659737 -1257.685281 -1257.715361 -1257.811262 -1258.463478 -1262.451244 -1271.359957 -1282.011379 -1202.087674 -1821.619005 -1878.434668 -1879.971709 -1879.215351 -1878.990898 -1878.947028 -1878.939953 -1878.939298 -1878.939651 -1878.940084 -1878.940446 -1878.940732 -1878.940956 -1878.941134 -1878.941280 -1878.941401 -1878.941507 -1878.941605 -1878.941702 -1878.941810 -1878.941942 -1878.942120 -1878.942374 -1878.942756 -1878.943348 -1878.944286 -1878.945809 -1878.948339 -1878.952652 -1878.960225 -1878.973939 -1878.999548 -1879.048821 -1879.146646 -1879.348526 -1879.787358 -1880.808398 -1883.399448 -1890.772062 -1915.083177 -9999.0 -9999.0
-9999.0 -9999.0 373.702516 275.571062 176.752358 77.659980 -21.541510 -120.785794 -220.044098 -319.296360 -418.522081 -517.687449 -616.721960 -715.491755 -814.287860 -913.027371 -1011.659968 -1110.184912 -1207.664195 -1303.797812 -1397.410553 -1486.406867 -1567.936750 -1639.316823 -1698.969183 -1746.739159 -1783.624385 -1811.265112 -1831.484252 -1845.990970 -1856.239255 -1863.390392 -1868.331923 -1871.720731 -1874.031922 -1875.605870 -1876.696990 -1877.558024 -1878.684813 -1881.333303 -1885.316192 -1852.598986 -1241.731764 -1307.462114 -1282.692448 -1266.342792 -1258.759675 -1257.650164 -1257.532612 -1257.543049 -1257.571712 -1257.602585 -1257.632257 -1257.659737 -1257.685281 -1257.715361 -1257.811262 -1258.463478 -1262.451244 -1271.359957 -1282.011379 -1202.087674 -1821.619005 -1878.434668 -1879.971709 -1879.215351 -1878.990898 -1878.947028 -1878.939953 -1878.939298 -1878.939651 -1878.940084 -1878.940446 -1878.940732 -1878.940956 -1878.941134 -1878.941280 -1878.941401 -1878.941507 -1878.941605 -1878.941702 -1878.941810 -1878.941942 -1878.942120 -1878.942374 -1878.942756 -1878.943348 -1878.944286 -1878.945809 -1878.948339 -1878.952652 -1878.960225 -1878.973939 -1878.999548 -1879.048821 -1879.146646 -1879.348526 -1879.787358 -1880.808398 -1883.399448 -1890.772062 -1915.083177 -9999.0 -9999.0
-9999.0 -9999.0 373.703877 275.571791 176.752648 77.660086 -21.541472 -120.785780 -220.044093 -319.296358 -418.522080 -517.687448 -616.721960 -715.491755 -814.287861 -913.027371 -1011.659969 -1110.184912 -1207.664195 -1303.797812 -1397.410553 -1486.406867 -1567.936750 -1639.316823 -1698.969183 -1746.739159 -1783.624385 -1811.265112 -1831.484252 -1845.990970 -1856.239255 -1863.390392 -1868.331923 -1871.720731 -1874.031922 -1875.605870 -1876.696990 -1877.558024 -1878.684813 -1881.333303 -1885.316192 -1852.598986 -1241.731764 -1307.462114 -1282.692448 -1266.342792 -1258.759675 -1257.650164 -1257.532612 -1257.543049 -1257.571712 -1257.602585 -1257.632257 -1257.659737 -1257.685281 -1257.715361 -1257.811262 -1258.463478 -1262.451244 -1271.359957 -1282.011379 -1202.087674 -1821.619005 -1878.434668 -1879.971709 -1879.215351 -1878.990898 -1878.947028 -1878.939953 -1878.939298 -1878.939651 -1878.940084 -1878.940446 -1878.940732 -1878.940956 -1878.941134 -1878.941280 -1878.941401 -1878.941507 -1878.941605 -1878.941702 -1878.941810 -1878.941942 -1878.942120 -1878.942374 -1878.942756 -1878.943348 -1878.944286 -1878.945809 -1878.948339 -1878.952652 -1878.960225 -1878.973939 -1878.999548 -1879.048821 -1879.146646 -1879.348526 -1879.787358 -1880.808398 -1883.399448 -1890.772062 -1915.083177 -9999.0 -9999.0
-9999.0 -9999.0 373.703877 275.571791 176.752648 77.660086 -21.541472 -120.785780 -220.044092 -319.296358 -418.522080 -517.687448 -616.721960 -715.491755 -814.287860 -913.027371 -1011.659968 -1110.184912 -1207.664195 -1303.797812 -1397.410553 -1486.406867 -1567.936750 -1639.316823 -1698.969183 -1746.739159 -1783.624385 -1811.265112 -1831.484252 -1845.990970 -1856.239255 -1863.390392 -1868.331923 -1871.720731 -1874.031922 -1875.605870 -1876.696990 -1877.558024 -1878.684813 -1881.333303 -1885.316192 -1852.598986 -1241.731764 -1307.462114 -1282.692448 -1266.342792 -1258.759675 -1257.650164 -1257.532612 -1257.543049 -1257.571712 -1257.602585 -1257.632257 -1257.659737 -1257.685281 -1257.715361 -1257.811262 -1258.463478 -1262.451244 -1271.359957 -1282.011379 -1202.087674 -1821.619005 -1878.434668 -1879.971709 -1879.215351 -1878.990898 -1878.947028 -1878.939953 -1878.939298 -1878.939651 -1878.940084 -1878.940446 -1878.940732 -1878.940956 -1878.941134 -1878.941280 -1878.941401 -1878.941507 -1878.941605 -1878.941702 -1878.941810 -1878.941942 -1878.942120 -1878.942374 -1878.942756 -1878.943348 -1878.944286 -1878.945809 -1878.948339 -1878.952652 -1878.960225 -1878.973939 -1878.999548 -1879.048821 -1879.146646 -1879.348526 -1879.787358 -1880.808398 -1883.399448 -1890.772062 -1915.083177 -9999.0 -9999.0
-9999.0 -9999.0 373.702516 275.571062 176.752358 77.659980 -21.541510 -120.785794 -220.044098 -319.296360 -418.522081 -517.687449 -616.721960 -715.491755 -814.287861 -913.027371 -1011.659968 -1110.184912 -1207.664195 -1303.797812 -1397.410553 -1486.406867 -1567.936750 -1639.316823 -1698.969183 -1746.739159 -1783.624385 -1811.265112 -1831.484252 -1845.990970 -1856.239255 -1863.390392 -1868.331923 -1871.720731 -1874.031922 -1875.605870 -1876.696990 -1877.558024 -1878.684813 -1881.333303 -1885.316192 -1852.598986 -1241.731764 -1307.462114 -1282.692448 -1266.342792 -1258.759675 -1257.650164 -1257.532612 -1257.543049 -1257.571712 -1257.602585 -1257.632257 -1257.659737 -1257.685281 -1257.715361 -1257.811262 -1258.463478 -1262.451244 -1271.359957 -1282.011379 -1202.087674 -1821.619005 -1878.434668 -1879.971709 -1879.215351 -1878.990898 -1878.947028 -1878.939953 -1878.939298 -1878.939651 -1878.940084 -1878.940446 -1878.940732 -1878.940956 -1878.941134 -1878.941280 -1878.941401 -1878.941507 -1878.941605 -1878.941702 -1878.941810 -1878.941942 -1878.942120 -1878.942374 -1878.942756 -1878.943348 -1878.944286 -1878.945809 -1878.948339 -1878.952652 -1878.960225 -1878.973939 -1878.999548 -1879.048821 -1879.146646 -1879.348526 -1879.787358 -1880.808398 -1883.399448 -1890.772062 -1915.083177 -9999.0 -9999.0
-9999.0 -9999.0 373.695888 275.569380 176.751904 77.659845 -21.541554 -120.785809 -220.044103 -319.296362 -418.522082 -517.687449 -616.721961 -715.491755 -814.287860 -913.027371 -1011.659968 -1110.184912 -1207.664194 -1303.797812 -1397.410553 -1486.406866 -1567.936750 -1639.316823 -1698.969183 -1746.739158 -1783.624385 -1811.265112 -1831.484252 -1845.990970 -1856.239255 -1863.390392 -1868.331923 -1871.720731 -1874.031922 -1875.605870 -1876.696990 -1877.558024 -1878.684813 -1881.333303 -1885.316192 -1852.598986 -1241.731764 -1307.462114 -1282.692448 -1266.342793 -1258.759675 -1257.650164 -1257.532612 -1257.543049 -1257.571712 -1257.602585 -1257.632257 -1257.659737 -1257.685281 -1257.715361 -1257.811262 -1258.463478 -1262.451244 -1271.359957 -1282.011379 -1202.087674 -1821.619005 -1878.434668 -1879.971709 -1879.215351 -1878.990898 -1878.947028 -1878.939953 -1878.939298 -1878.939651 -1878.940084 -1878.940446 -1878.940732 -1878.940956 -1878.941134 -1878.941280 -1878.941401 -1878.941507 -1878.941605 -1878.941702 -1878.941810 -1878.941942 -1878.942120 -1878.942374 -1878.942756 -1878.943348 -1878.944286 -1878.945809 -1878.948339 -1878.952652 -1878.960225 -1878.973939 -1878.999548 -1879.048821 -1879.146646 -1879.348526 -1879.787358 -1880.808398 -1883.399448 -1890.772062 -1915.083177 -9999.0 -9999.0
-9999.0 -9999.0 -9999.0 -9999.0 -9999.0 -9999.0 -9999.0 -9999.0 -9999.0 -9999.0 -9999.0 -9999.0 -9999.0 -9999.0 -9999.0 -9999.0 -9999.0 -9999.0 -9999.0 -9999.0 -9999.0 -9999.0 -9999.0 -9999.0 -9999.0 -9999.0 -9999.0 -9999.0 -9999.0 -9999.0 -9999.0 -9999.0 -9999.0 -9999.0 -9999.0 -9999.0 -9999.0 -9999.0 -9999.0 -9999.0 -9999.0 -9999.0 -9999.0 -9999.0 -9999.0 -9999.0 -9999.0 -9999.0 -9999.0 -9999.0 -9999.0 -9999.0 -9999.0 -9999.0 -9999.0 -9999.0 -9999.0 -9999.0 -9999.0 -9999.0 -9999.0 -9999.0 -9999.0 -9999.0 -9999.0 -9999.0 -9999.0 -9999.0 -9999.0 -9999.0 -9999.0 -9999.0 -9999.0 -9999.0 -9999.0 -9999.0 -9999.0 -9999.0 -9999.0 -9999.0 -9999.0 -9999.0 -9999.0 -9999.0 -9999.0 -9999.0 -9999.0 -9999.0 -9999.0 -9999.0 -9999.0 -9999.0 -9999.0 -9999.0 -9999.0 -9999.0 -9999.0 -9999.0 -9999.0 -9999.0 -9999.0 -9999.0 -9999.0 -9999.0
-9999.0 -9999.0 -9999.0 -9999.0 -9999.0 -9999.0 -9999.0 -9999.0 -9999.0 -9999.0 -9999.0 -9999.0 -9999.0 -9999.0 -9999.0 -9999.0 -9999.0 -9999.0 -9999.0 -9999.0 -9999.0 -9999.0 -9999.0 -9999.0 -9999.0 -9999.0 -9999.0 -9999.0 -9999.0 -9999.0 -9999.0 -9999.0 -9999.0 -9999.0 -9999.0 -9999.0 -9999.0 -9999.0 -9999.0 -9999.0 -9999.0 -9999.0 -9999.0 -9999.0 -9999.0 -9999.0 -9999.0 -9999.0 -9999.0 -9999.0 -9999.0 -9999.0 -9999.0 -9999.0 -9999.0 -9999.0 -9999.0 -9999.0 -9999.0 -9999.0 -9999.0 -9999.0 -9999.0 -9999.0 -9999.0 -9999.0 -9999.0 -9999.0 -9999.0 -9999.0 -9999.0 -9999.0 -9999.0 -9999.0 -9999.0 -9999.0 -9999.0 -9999.0 -9999.0 -9999.0 -9999.0 -9999.0 -9999.0 -9999.0 -9999.0 -9999.0 -9999.0 -9999.0 -9999.0 -9999.0 -9999.0 -9999.0 -9999.0 -9999.0 -9999.0 -9999.0 -9999.0 -9999.0 -9999.0 -9999.0 -9999.0 -9999.0 -9999.0 -9999.0