inst/processing_geotop_simulation/geotop_simulation/out/maps3D/PwL0005N0305.asc
ncols         104
nrows         10
xllcorner     -2.000000
yllcorner     0.000000
cellsize      1.000000
NODATA_value  -9999.0
-9999.0 -9999.0 -9999.0 -9999.0 -9999.0 -9999.0 -9999.0 -9999.0 -9999.0 -9999.0 -9999.0 -9999.0 -9999.0 -9999.0 -9999.0 -9999.0 -9999.0 -9999.0 -9999.0 -9999.0 -9999.0 -9999.0 -9999.0 -9999.0 -9999.0 -9999.0 -9999.0 -9999.0 -9999.0 -9999.0 -9999.0 -9999.0 -9999.0 -9999.0 -9999.0 -9999.0 -9999.0 -9999.0 -9999.0 -9999.0 -9999.0 -9999.0 -9999.0 -9999.0 -9999.0 -9999.0 -9999.0 -9999.0 -9999.0 -9999.0 -9999.0 -9999.0 -9999.0 -9999.0 -9999.0 -9999.0 -9999.0 -9999.0 -9999.0 -9999.0 -9999.0 -9999.0 -9999.0 -9999.0 -9999.0 -9999.0 -9999.0 -9999.0 -9999.0 -9999.0 -9999.0 -9999.0 -9999.0 -9999.0 -9999.0 -9999.0 -9999.0 -9999.0 -9999.0 -9999.0 -9999.0 -9999.0 -9999.0 -9999.0 -9999.0 -9999.0 -9999.0 -9999.0 -9999.0 -9999.0 -9999.0 -9999.0 -9999.0 -9999.0 -9999.0 -9999.0 -9999.0 -9999.0 -9999.0 -9999.0 -9999.0 -9999.0 -9999.0 -9999.0
-9999.0 -9999.0 -9999.0 -9999.0 -9999.0 -9999.0 -9999.0 -9999.0 -9999.0 -9999.0 -9999.0 -9999.0 -9999.0 -9999.0 -9999.0 -9999.0 -9999.0 -9999.0 -9999.0 -9999.0 -9999.0 -9999.0 -9999.0 -9999.0 -9999.0 -9999.0 -9999.0 -9999.0 -9999.0 -9999.0 -9999.0 -9999.0 -9999.0 -9999.0 -9999.0 -9999.0 -9999.0 -9999.0 -9999.0 -9999.0 -9999.0 -9999.0 -9999.0 -9999.0 -9999.0 -9999.0 -9999.0 -9999.0 -9999.0 -9999.0 -9999.0 -9999.0 -9999.0 -9999.0 -9999.0 -9999.0 -9999.0 -9999.0 -9999.0 -9999.0 -9999.0 -9999.0 -9999.0 -9999.0 -9999.0 -9999.0 -9999.0 -9999.0 -9999.0 -9999.0 -9999.0 -9999.0 -9999.0 -9999.0 -9999.0 -9999.0 -9999.0 -9999.0 -9999.0 -9999.0 -9999.0 -9999.0 -9999.0 -9999.0 -9999.0 -9999.0 -9999.0 -9999.0 -9999.0 -9999.0 -9999.0 -9999.0 -9999.0 -9999.0 -9999.0 -9999.0 -9999.0 -9999.0 -9999.0 -9999.0 -9999.0 -9999.0 -9999.0 -9999.0
-9999.0 -9999.0 225.817746 129.122499 30.959742 -67.654816 -166.444621 -265.302674 -364.170339 -463.007104 -561.755600 -660.272681 -758.474562 -856.445144 -954.232290 -1052.048134 -1149.397804 -1245.402329 -1339.588291 -1430.860680 -1517.009488 -1594.636567 -1660.637952 -1713.671381 -1754.327289 -1784.400977 -1806.075145 -1821.398769 -1832.071887 -1839.414632 -1844.413581 -1847.787038 -1850.047310 -1851.553402 -1852.553463 -1853.219170 -1853.678344 -1854.074478 -1854.785520 -1857.126497 -1862.630294 -1833.612003 -1156.843093 -1171.485578 -1156.526714 -1146.796970 -1142.244872 -1141.566725 -1141.494741 -1141.501905 -1141.520507 -1141.540508 -1141.559731 -1141.577533 -1141.594063 -1141.613350 -1141.673494 -1142.077088 -1144.492256 -1149.874855 -1157.214923 -1132.074253 -1808.140135 -1856.427010 -1855.726676 -1854.830905 -1854.632342 -1854.598356 -1854.593400 -1854.593222 -1854.593751 -1854.594286 -1854.594717 -1854.595049 -1854.595305 -1854.595504 -1854.595663 -1854.595792 -1854.595901 -1854.595999 -1854.596096 -1854.596205 -1854.596341 -1854.596529 -1854.596807 -1854.597234 -1854.597905 -1854.598979 -1854.600730 -1854.603641 -1854.608592 -1854.617249 -1854.632840 -1854.661768 -1854.716965 -1854.825209 -1855.044393 -1855.508407 -1856.553728 -1859.112597 -1866.159221 -1889.266316 -9999.0 -9999.0
-9999.0 -9999.0 225.826636 129.124432 30.960240 -67.654671 -166.444575 -265.302658 -364.170334 -463.007102 -561.755599 -660.272680 -758.474561 -856.445144 -954.232290 -1052.048134 -1149.397804 -1245.402329 -1339.588291 -1430.860680 -1517.009488 -1594.636567 -1660.637952 -1713.671381 -1754.327289 -1784.400977 -1806.075145 -1821.398769 -1832.071887 -1839.414632 -1844.413581 -1847.787038 -1850.047310 -1851.553402 -1852.553463 -1853.219170 -1853.678344 -1854.074478 -1854.785520 -1857.126497 -1862.630294 -1833.612003 -1156.843093 -1171.485578 -1156.526714 -1146.796970 -1142.244872 -1141.566725 -1141.494741 -1141.501905 -1141.520507 -1141.540508 -1141.559731 -1141.577533 -1141.594063 -1141.613350 -1141.673494 -1142.077088 -1144.492256 -1149.874855 -1157.214923 -1132.074253 -1808.140135 -1856.427010 -1855.726676 -1854.830905 -1854.632342 -1854.598356 -1854.593400 -1854.593222 -1854.593751 -1854.594286 -1854.594717 -1854.595049 -1854.595305 -1854.595504 -1854.595663 -1854.595792 -1854.595901 -1854.595999 -1854.596096 -1854.596205 -1854.596341 -1854.596529 -1854.596807 -1854.597234 -1854.597905 -1854.598979 -1854.600730 -1854.603641 -1854.608592 -1854.617249 -1854.632840 -1854.661768 -1854.716965 -1854.825209 -1855.044393 -1855.508407 -1856.553728 -1859.112597 -1866.159221 -1889.266316 -9999.0 -9999.0
-9999.0 -9999.0 225.828033 129.125229 30.960556 -67.654557 -166.444534 -265.302644 -364.170329 -463.007100 -561.755599 -660.272680 -758.474561 -856.445144 -954.232290 -1052.048134 -1149.397804 -1245.402329 -1339.588291 -1430.860680 -1517.009489 -1594.636567 -1660.637952 -1713.671381 -1754.327289 -1784.400977 -1806.075145 -1821.398769 -1832.071887 -1839.414632 -1844.413581 -1847.787038 -1850.047310 -1851.553402 -1852.553463 -1853.219170 -1853.678344 -1854.074478 -1854.785520 -1857.126497 -1862.630294 -1833.612003 -1156.843093 -1171.485578 -1156.526714 -1146.796970 -1142.244872 -1141.566725 -1141.494741 -1141.501905 -1141.520507 -1141.540508 -1141.559731 -1141.577533 -1141.594063 -1141.613350 -1141.673494 -1142.077088 -1144.492256 -1149.874855 -1157.214923 -1132.074253 -1808.140135 -1856.427010 -1855.726676 -1854.830905 -1854.632342 -1854.598356 -1854.593400 -1854.593222 -1854.593751 -1854.594286 -1854.594717 -1854.595049 -1854.595305 -1854.595504 -1854.595663 -1854.595792 -1854.595901 -1854.595999 -1854.596096 -1854.596205 -1854.596341 -1854.596529 -1854.596807 -1854.597234 -1854.597905 -1854.598979 -1854.600730 -1854.603641 -1854.608592 -1854.617249 -1854.632840 -1854.661768 -1854.716965 -1854.825209 -1855.044393 -1855.508407 -1856.553728 -1859.112597 -1866.159221 -1889.266316 -9999.0 -9999.0
-9999.0 -9999.0 225.828033 129.125229 30.960556 -67.654557 -166.444534 -265.302644 -364.170329 -463.007100 -561.755599 -660.272680 -758.474561 -856.445144 -954.232290 -1052.048134 -1149.397804 -1245.402329 -1339.588291 -1430.860680 -1517.009489 -1594.636567 -1660.637952 -1713.671381 -1754.327289 -1784.400977 -1806.075145 -1821.398769 -1832.071887 -1839.414632 -1844.413581 -1847.787038 -1850.047310 -1851.553402 -1852.553463 -1853.219170 -1853.678344 -1854.074478 -1854.785520 -1857.126497 -1862.630294 -1833.612003 -1156.843093 -1171.485578 -1156.526714 -1146.796970 -1142.244872 -1141.566725 -1141.494741 -1141.501905 -1141.520507 -1141.540508 -1141.559731 -1141.577533 -1141.594063 -1141.613350 -1141.673494 -1142.077088 -1144.492256 -1149.874855 -1157.214923 -1132.074253 -1808.140135 -1856.427010 -1855.726676 -1854.830905 -1854.632342 -1854.598356 -1854.593400 -1854.593222 -1854.593751 -1854.594286 -1854.594717 -1854.595049 -1854.595305 -1854.595504 -1854.595663 -1854.595792 -1854.595901 -1854.595999 -1854.596096 -1854.596205 -1854.596341 -1854.596529 -1854.596807 -1854.597234 -1854.597905 -1854.598979 -1854.600730 -1854.603641 -1854.608592 -1854.617249 -1854.632840 -1854.661768 -1854.716965 -1854.825209 -1855.044393 -1855.508407 -1856.553728 -1859.112597 -1866.159221 -1889.266316 -9999.0 -9999.0
-9999.0 -9999.0 225.826636 129.124432 30.960240 -67.654671 -166.444575 -265.302658 -364.170334 -463.007102 -561.755599 -660.272680 -758.474561 -856.445144 -954.232290 -1052.048134 -1149.397804 -1245.402329 -1339.588291 -1430.860680 -1517.009488 -1594.636567 -1660.637952 -1713.671381 -1754.327289 -1784.400977 -1806.075145 -1821.398769 -1832.071887 -1839.414632 -1844.413581 -1847.787038 -1850.047310 -1851.553402 -1852.553463 -1853.219170 -1853.678344 -1854.074478 -1854.785520 -1857.126497 -1862.630294 -1833.612003 -1156.843093 -1171.485578 -1156.526714 -1146.796970 -1142.244872 -1141.566725 -1141.494741 -1141.501905 -1141.520507 -1141.540508 -1141.559731 -1141.577533 -1141.594063 -1141.613350 -1141.673494 -1142.077088 -1144.492256 -1149.874855 -1157.214923 -1132.074253 -1808.140135 -1856.427010 -1855.726676 -1854.830905 -1854.632342 -1854.598356 -1854.593400 -1854.593222 -1854.593751 -1854.594286 -1854.594717 -1854.595049 -1854.595305 -1854.595504 -1854.595663 -1854.595792 -1854.595901 -1854.595999 -1854.596096 -1854.596205 -1854.596341 -1854.596529 -1854.596807 -1854.597234 -1854.597905 -1854.598979 -1854.600730 -1854.603641 -1854.608592 -1854.617249 -1854.632840 -1854.661768 -1854.716965 -1854.825209 -1855.044393 -1855.508407 -1856.553728 -1859.112597 -1866.159221 -1889.266316 -9999.0 -9999.0
-9999.0 -9999.0 225.817746 129.122499 30.959742 -67.654816 -166.444621 -265.302674 -364.170339 -463.007104 -561.755600 -660.272681 -758.474561 -856.445144 -954.232290 -1052.048134 -1149.397804 -1245.402329 -1339.588291 -1430.860680 -1517.009488 -1594.636567 -1660.637952 -1713.671381 -1754.327289 -1784.400977 -1806.075145 -1821.398769 -1832.071887 -1839.414632 -1844.413581 -1847.787038 -1850.047310 -1851.553402 -1852.553463 -1853.219170 -1853.678344 -1854.074478 -1854.785520 -1857.126497 -1862.630294 -1833.612003 -1156.843093 -1171.485578 -1156.526714 -1146.796970 -1142.244872 -1141.566725 -1141.494741 -1141.501905 -1141.520507 -1141.540508 -1141.559731 -1141.577533 -1141.594063 -1141.613350 -1141.673494 -1142.077088 -1144.492256 -1149.874855 -1157.214923 -1132.074253 -1808.140135 -1856.427010 -1855.726676 -1854.830905 -1854.632342 -1854.598356 -1854.593400 -1854.593222 -1854.593751 -1854.594286 -1854.594717 -1854.595049 -1854.595305 -1854.595504 -1854.595663 -1854.595792 -1854.595901 -1854.595999 -1854.596096 -1854.596205 -1854.596341 -1854.596529 -1854.596807 -1854.597234 -1854.597905 -1854.598979 -1854.600730 -1854.603641 -1854.608592 -1854.617249 -1854.632840 -1854.661768 -1854.716965 -1854.825209 -1855.044393 -1855.508407 -1856.553728 -1859.112597 -1866.159221 -1889.266316 -9999.0 -9999.0
-9999.0 -9999.0 -9999.0 -9999.0 -9999.0 -9999.0 -9999.0 -9999.0 -9999.0 -9999.0 -9999.0 -9999.0 -9999.0 -9999.0 -9999.0 -9999.0 -9999.0 -9999.0 -9999.0 -9999.0 -9999.0 -9999.0 -9999.0 -9999.0 -9999.0 -9999.0 -9999.0 -9999.0 -9999.0 -9999.0 -9999.0 -9999.0 -9999.0 -9999.0 -9999.0 -9999.0 -9999.0 -9999.0 -9999.0 -9999.0 -9999.0 -9999.0 -9999.0 -9999.0 -9999.0 -9999.0 -9999.0 -9999.0 -9999.0 -9999.0 -9999.0 -9999.0 -9999.0 -9999.0 -9999.0 -9999.0 -9999.0 -9999.0 -9999.0 -9999.0 -9999.0 -9999.0 -9999.0 -9999.0 -9999.0 -9999.0 -9999.0 -9999.0 -9999.0 -9999.0 -9999.0 -9999.0 -9999.0 -9999.0 -9999.0 -9999.0 -9999.0 -9999.0 -9999.0 -9999.0 -9999.0 -9999.0 -9999.0 -9999.0 -9999.0 -9999.0 -9999.0 -9999.0 -9999.0 -9999.0 -9999.0 -9999.0 -9999.0 -9999.0 -9999.0 -9999.0 -9999.0 -9999.0 -9999.0 -9999.0 -9999.0 -9999.0 -9999.0 -9999.0
-9999.0 -9999.0 -9999.0 -9999.0 -9999.0 -9999.0 -9999.0 -9999.0 -9999.0 -9999.0 -9999.0 -9999.0 -9999.0 -9999.0 -9999.0 -9999.0 -9999.0 -9999.0 -9999.0 -9999.0 -9999.0 -9999.0 -9999.0 -9999.0 -9999.0 -9999.0 -9999.0 -9999.0 -9999.0 -9999.0 -9999.0 -9999.0 -9999.0 -9999.0 -9999.0 -9999.0 -9999.0 -9999.0 -9999.0 -9999.0 -9999.0 -9999.0 -9999.0 -9999.0 -9999.0 -9999.0 -9999.0 -9999.0 -9999.0 -9999.0 -9999.0 -9999.0 -9999.0 -9999.0 -9999.0 -9999.0 -9999.0 -9999.0 -9999.0 -9999.0 -9999.0 -9999.0 -9999.0 -9999.0 -9999.0 -9999.0 -9999.0 -9999.0 -9999.0 -9999.0 -9999.0 -9999.0 -9999.0 -9999.0 -9999.0 -9999.0 -9999.0 -9999.0 -9999.0 -9999.0 -9999.0 -9999.0 -9999.0 -9999.0 -9999.0 -9999.0 -9999.0 -9999.0 -9999.0 -9999.0 -9999.0 -9999.0 -9999.0 -9999.0 -9999.0 -9999.0 -9999.0 -9999.0 -9999.0 -9999.0 -9999.0 -9999.0 -9999.0 -9999.0