inst/processing_geotop_simulation/geotop_simulation/out/maps3D/PwL0006N0396.asc
ncols         104
nrows         10
xllcorner     -2.000000
yllcorner     0.000000
cellsize      1.000000
NODATA_value  -9999.0
-9999.0 -9999.0 -9999.0 -9999.0 -9999.0 -9999.0 -9999.0 -9999.0 -9999.0 -9999.0 -9999.0 -9999.0 -9999.0 -9999.0 -9999.0 -9999.0 -9999.0 -9999.0 -9999.0 -9999.0 -9999.0 -9999.0 -9999.0 -9999.0 -9999.0 -9999.0 -9999.0 -9999.0 -9999.0 -9999.0 -9999.0 -9999.0 -9999.0 -9999.0 -9999.0 -9999.0 -9999.0 -9999.0 -9999.0 -9999.0 -9999.0 -9999.0 -9999.0 -9999.0 -9999.0 -9999.0 -9999.0 -9999.0 -9999.0 -9999.0 -9999.0 -9999.0 -9999.0 -9999.0 -9999.0 -9999.0 -9999.0 -9999.0 -9999.0 -9999.0 -9999.0 -9999.0 -9999.0 -9999.0 -9999.0 -9999.0 -9999.0 -9999.0 -9999.0 -9999.0 -9999.0 -9999.0 -9999.0 -9999.0 -9999.0 -9999.0 -9999.0 -9999.0 -9999.0 -9999.0 -9999.0 -9999.0 -9999.0 -9999.0 -9999.0 -9999.0 -9999.0 -9999.0 -9999.0 -9999.0 -9999.0 -9999.0 -9999.0 -9999.0 -9999.0 -9999.0 -9999.0 -9999.0 -9999.0 -9999.0 -9999.0 -9999.0 -9999.0 -9999.0
-9999.0 -9999.0 -9999.0 -9999.0 -9999.0 -9999.0 -9999.0 -9999.0 -9999.0 -9999.0 -9999.0 -9999.0 -9999.0 -9999.0 -9999.0 -9999.0 -9999.0 -9999.0 -9999.0 -9999.0 -9999.0 -9999.0 -9999.0 -9999.0 -9999.0 -9999.0 -9999.0 -9999.0 -9999.0 -9999.0 -9999.0 -9999.0 -9999.0 -9999.0 -9999.0 -9999.0 -9999.0 -9999.0 -9999.0 -9999.0 -9999.0 -9999.0 -9999.0 -9999.0 -9999.0 -9999.0 -9999.0 -9999.0 -9999.0 -9999.0 -9999.0 -9999.0 -9999.0 -9999.0 -9999.0 -9999.0 -9999.0 -9999.0 -9999.0 -9999.0 -9999.0 -9999.0 -9999.0 -9999.0 -9999.0 -9999.0 -9999.0 -9999.0 -9999.0 -9999.0 -9999.0 -9999.0 -9999.0 -9999.0 -9999.0 -9999.0 -9999.0 -9999.0 -9999.0 -9999.0 -9999.0 -9999.0 -9999.0 -9999.0 -9999.0 -9999.0 -9999.0 -9999.0 -9999.0 -9999.0 -9999.0 -9999.0 -9999.0 -9999.0 -9999.0 -9999.0 -9999.0 -9999.0 -9999.0 -9999.0 -9999.0 -9999.0 -9999.0 -9999.0
-9999.0 -9999.0 274.326522 176.303131 77.450315 -21.680579 -120.918689 -220.200569 -319.493528 -418.774641 -518.019532 -617.176767 -716.145723 -815.048499 -913.863255 -1012.655043 -1111.387448 -1209.488016 -1306.766722 -1402.546720 -1495.525082 -1583.415308 -1663.196118 -1732.181877 -1789.013320 -1833.869270 -1868.046234 -1893.366273 -1911.714464 -1924.779667 -1933.954042 -1940.324903 -1944.710010 -1947.707557 -1949.746519 -1951.132527 -1952.094466 -1952.865711 -1953.918680 -1956.395308 -1958.928880 -1910.879282 -1210.424347 -1234.936706 -1218.731295 -1207.937969 -1202.890652 -1202.123978 -1202.041401 -1202.048441 -1202.068288 -1202.089699 -1202.110284 -1202.129354 -1202.147108 -1202.168250 -1202.236683 -1202.694719 -1205.377113 -1211.318784 -1218.618685 -1183.025841 -1882.853688 -1952.497793 -1955.004006 -1954.327853 -1954.110032 -1954.066690 -1954.059651 -1954.058990 -1954.059333 -1954.059756 -1954.060111 -1954.060390 -1954.060608 -1954.060782 -1954.060922 -1954.061040 -1954.061141 -1954.061235 -1954.061328 -1954.061431 -1954.061559 -1954.061731 -1954.061979 -1954.062353 -1954.062933 -1954.063856 -1954.065355 -1954.067849 -1954.072102 -1954.079574 -1954.093109 -1954.118387 -1954.167018 -1954.263540 -1954.462617 -1954.895083 -1955.901209 -1958.458360 -1965.763706 -1989.986284 -9999.0 -9999.0
-9999.0 -9999.0 274.334183 176.304889 77.450775 -21.680444 -120.918646 -220.200554 -319.493523 -418.774638 -518.019531 -617.176767 -716.145722 -815.048499 -913.863255 -1012.655043 -1111.387448 -1209.488017 -1306.766722 -1402.546720 -1495.525082 -1583.415308 -1663.196118 -1732.181877 -1789.013320 -1833.869270 -1868.046234 -1893.366273 -1911.714464 -1924.779667 -1933.954042 -1940.324903 -1944.710010 -1947.707557 -1949.746519 -1951.132527 -1952.094466 -1952.865711 -1953.918680 -1956.395308 -1958.928880 -1910.879282 -1210.424347 -1234.936706 -1218.731295 -1207.937969 -1202.890652 -1202.123978 -1202.041401 -1202.048441 -1202.068288 -1202.089699 -1202.110284 -1202.129354 -1202.147108 -1202.168250 -1202.236683 -1202.694719 -1205.377113 -1211.318784 -1218.618685 -1183.025841 -1882.853688 -1952.497793 -1955.004006 -1954.327853 -1954.110032 -1954.066690 -1954.059651 -1954.058989 -1954.059333 -1954.059756 -1954.060111 -1954.060390 -1954.060608 -1954.060782 -1954.060922 -1954.061040 -1954.061141 -1954.061235 -1954.061328 -1954.061431 -1954.061559 -1954.061731 -1954.061979 -1954.062353 -1954.062933 -1954.063856 -1954.065355 -1954.067849 -1954.072102 -1954.079574 -1954.093109 -1954.118387 -1954.167018 -1954.263540 -1954.462617 -1954.895083 -1955.901209 -1958.458360 -1965.763706 -1989.986284 -9999.0 -9999.0
-9999.0 -9999.0 274.335511 176.305626 77.451067 -21.680338 -120.918608 -220.200541 -319.493518 -418.774636 -518.019530 -617.176766 -716.145722 -815.048499 -913.863255 -1012.655043 -1111.387448 -1209.488017 -1306.766722 -1402.546721 -1495.525082 -1583.415308 -1663.196118 -1732.181877 -1789.013320 -1833.869270 -1868.046234 -1893.366273 -1911.714464 -1924.779667 -1933.954042 -1940.324903 -1944.710010 -1947.707557 -1949.746519 -1951.132527 -1952.094466 -1952.865711 -1953.918680 -1956.395308 -1958.928880 -1910.879282 -1210.424347 -1234.936706 -1218.731295 -1207.937968 -1202.890652 -1202.123978 -1202.041401 -1202.048441 -1202.068288 -1202.089699 -1202.110284 -1202.129354 -1202.147108 -1202.168250 -1202.236683 -1202.694719 -1205.377113 -1211.318784 -1218.618685 -1183.025841 -1882.853688 -1952.497793 -1955.004006 -1954.327853 -1954.110032 -1954.066690 -1954.059651 -1954.058989 -1954.059333 -1954.059756 -1954.060111 -1954.060390 -1954.060608 -1954.060782 -1954.060922 -1954.061040 -1954.061141 -1954.061235 -1954.061328 -1954.061431 -1954.061559 -1954.061731 -1954.061979 -1954.062353 -1954.062933 -1954.063856 -1954.065355 -1954.067849 -1954.072102 -1954.079574 -1954.093109 -1954.118387 -1954.167018 -1954.263540 -1954.462617 -1954.895083 -1955.901209 -1958.458360 -1965.763706 -1989.986284 -9999.0 -9999.0
-9999.0 -9999.0 274.335510 176.305626 77.451067 -21.680338 -120.918608 -220.200541 -319.493518 -418.774637 -518.019530 -617.176766 -716.145722 -815.048499 -913.863255 -1012.655043 -1111.387448 -1209.488017 -1306.766722 -1402.546721 -1495.525082 -1583.415308 -1663.196118 -1732.181877 -1789.013320 -1833.869270 -1868.046234 -1893.366273 -1911.714464 -1924.779667 -1933.954042 -1940.324903 -1944.710010 -1947.707557 -1949.746519 -1951.132527 -1952.094466 -1952.865711 -1953.918680 -1956.395308 -1958.928880 -1910.879282 -1210.424347 -1234.936706 -1218.731295 -1207.937968 -1202.890652 -1202.123978 -1202.041401 -1202.048441 -1202.068288 -1202.089699 -1202.110284 -1202.129354 -1202.147108 -1202.168250 -1202.236683 -1202.694719 -1205.377113 -1211.318784 -1218.618685 -1183.025841 -1882.853688 -1952.497793 -1955.004006 -1954.327853 -1954.110032 -1954.066690 -1954.059651 -1954.058989 -1954.059333 -1954.059756 -1954.060111 -1954.060390 -1954.060608 -1954.060782 -1954.060922 -1954.061040 -1954.061141 -1954.061235 -1954.061328 -1954.061431 -1954.061559 -1954.061731 -1954.061979 -1954.062353 -1954.062933 -1954.063856 -1954.065355 -1954.067849 -1954.072102 -1954.079574 -1954.093109 -1954.118387 -1954.167018 -1954.263540 -1954.462617 -1954.895083 -1955.901209 -1958.458360 -1965.763706 -1989.986284 -9999.0 -9999.0
-9999.0 -9999.0 274.334183 176.304889 77.450775 -21.680444 -120.918646 -220.200554 -319.493523 -418.774638 -518.019531 -617.176767 -716.145722 -815.048499 -913.863255 -1012.655043 -1111.387448 -1209.488017 -1306.766722 -1402.546720 -1495.525082 -1583.415308 -1663.196118 -1732.181877 -1789.013320 -1833.869270 -1868.046234 -1893.366273 -1911.714464 -1924.779667 -1933.954042 -1940.324903 -1944.710010 -1947.707557 -1949.746519 -1951.132527 -1952.094466 -1952.865711 -1953.918680 -1956.395308 -1958.928880 -1910.879282 -1210.424347 -1234.936706 -1218.731295 -1207.937969 -1202.890652 -1202.123978 -1202.041401 -1202.048441 -1202.068288 -1202.089699 -1202.110284 -1202.129354 -1202.147108 -1202.168250 -1202.236683 -1202.694719 -1205.377113 -1211.318784 -1218.618685 -1183.025841 -1882.853688 -1952.497793 -1955.004006 -1954.327853 -1954.110032 -1954.066690 -1954.059651 -1954.058989 -1954.059333 -1954.059756 -1954.060111 -1954.060390 -1954.060608 -1954.060782 -1954.060922 -1954.061040 -1954.061141 -1954.061235 -1954.061328 -1954.061431 -1954.061559 -1954.061731 -1954.061979 -1954.062353 -1954.062933 -1954.063856 -1954.065355 -1954.067849 -1954.072102 -1954.079574 -1954.093109 -1954.118387 -1954.167018 -1954.263540 -1954.462617 -1954.895083 -1955.901209 -1958.458360 -1965.763706 -1989.986284 -9999.0 -9999.0
-9999.0 -9999.0 274.326522 176.303131 77.450315 -21.680579 -120.918689 -220.200569 -319.493528 -418.774641 -518.019532 -617.176767 -716.145723 -815.048499 -913.863255 -1012.655043 -1111.387448 -1209.488017 -1306.766722 -1402.546720 -1495.525082 -1583.415308 -1663.196118 -1732.181877 -1789.013320 -1833.869270 -1868.046234 -1893.366273 -1911.714464 -1924.779667 -1933.954042 -1940.324903 -1944.710010 -1947.707557 -1949.746519 -1951.132527 -1952.094466 -1952.865711 -1953.918680 -1956.395308 -1958.928880 -1910.879282 -1210.424347 -1234.936706 -1218.731295 -1207.937969 -1202.890652 -1202.123978 -1202.041401 -1202.048441 -1202.068288 -1202.089699 -1202.110284 -1202.129354 -1202.147108 -1202.168250 -1202.236683 -1202.694719 -1205.377113 -1211.318784 -1218.618685 -1183.025841 -1882.853688 -1952.497793 -1955.004006 -1954.327853 -1954.110032 -1954.066690 -1954.059651 -1954.058990 -1954.059333 -1954.059756 -1954.060111 -1954.060390 -1954.060608 -1954.060782 -1954.060922 -1954.061040 -1954.061141 -1954.061235 -1954.061328 -1954.061431 -1954.061559 -1954.061731 -1954.061979 -1954.062353 -1954.062933 -1954.063856 -1954.065355 -1954.067849 -1954.072102 -1954.079574 -1954.093109 -1954.118387 -1954.167018 -1954.263540 -1954.462617 -1954.895083 -1955.901209 -1958.458360 -1965.763706 -1989.986284 -9999.0 -9999.0
-9999.0 -9999.0 -9999.0 -9999.0 -9999.0 -9999.0 -9999.0 -9999.0 -9999.0 -9999.0 -9999.0 -9999.0 -9999.0 -9999.0 -9999.0 -9999.0 -9999.0 -9999.0 -9999.0 -9999.0 -9999.0 -9999.0 -9999.0 -9999.0 -9999.0 -9999.0 -9999.0 -9999.0 -9999.0 -9999.0 -9999.0 -9999.0 -9999.0 -9999.0 -9999.0 -9999.0 -9999.0 -9999.0 -9999.0 -9999.0 -9999.0 -9999.0 -9999.0 -9999.0 -9999.0 -9999.0 -9999.0 -9999.0 -9999.0 -9999.0 -9999.0 -9999.0 -9999.0 -9999.0 -9999.0 -9999.0 -9999.0 -9999.0 -9999.0 -9999.0 -9999.0 -9999.0 -9999.0 -9999.0 -9999.0 -9999.0 -9999.0 -9999.0 -9999.0 -9999.0 -9999.0 -9999.0 -9999.0 -9999.0 -9999.0 -9999.0 -9999.0 -9999.0 -9999.0 -9999.0 -9999.0 -9999.0 -9999.0 -9999.0 -9999.0 -9999.0 -9999.0 -9999.0 -9999.0 -9999.0 -9999.0 -9999.0 -9999.0 -9999.0 -9999.0 -9999.0 -9999.0 -9999.0 -9999.0 -9999.0 -9999.0 -9999.0 -9999.0 -9999.0
-9999.0 -9999.0 -9999.0 -9999.0 -9999.0 -9999.0 -9999.0 -9999.0 -9999.0 -9999.0 -9999.0 -9999.0 -9999.0 -9999.0 -9999.0 -9999.0 -9999.0 -9999.0 -9999.0 -9999.0 -9999.0 -9999.0 -9999.0 -9999.0 -9999.0 -9999.0 -9999.0 -9999.0 -9999.0 -9999.0 -9999.0 -9999.0 -9999.0 -9999.0 -9999.0 -9999.0 -9999.0 -9999.0 -9999.0 -9999.0 -9999.0 -9999.0 -9999.0 -9999.0 -9999.0 -9999.0 -9999.0 -9999.0 -9999.0 -9999.0 -9999.0 -9999.0 -9999.0 -9999.0 -9999.0 -9999.0 -9999.0 -9999.0 -9999.0 -9999.0 -9999.0 -9999.0 -9999.0 -9999.0 -9999.0 -9999.0 -9999.0 -9999.0 -9999.0 -9999.0 -9999.0 -9999.0 -9999.0 -9999.0 -9999.0 -9999.0 -9999.0 -9999.0 -9999.0 -9999.0 -9999.0 -9999.0 -9999.0 -9999.0 -9999.0 -9999.0 -9999.0 -9999.0 -9999.0 -9999.0 -9999.0 -9999.0 -9999.0 -9999.0 -9999.0 -9999.0 -9999.0 -9999.0 -9999.0 -9999.0 -9999.0 -9999.0 -9999.0 -9999.0