inst/processing_geotop_simulation/geotop_simulation/out/maps3D/PwL0001N0142.asc
ncols         104
nrows         10
xllcorner     -2.000000
yllcorner     0.000000
cellsize      1.000000
NODATA_value  -9999.0
-9999.0 -9999.0 -9999.0 -9999.0 -9999.0 -9999.0 -9999.0 -9999.0 -9999.0 -9999.0 -9999.0 -9999.0 -9999.0 -9999.0 -9999.0 -9999.0 -9999.0 -9999.0 -9999.0 -9999.0 -9999.0 -9999.0 -9999.0 -9999.0 -9999.0 -9999.0 -9999.0 -9999.0 -9999.0 -9999.0 -9999.0 -9999.0 -9999.0 -9999.0 -9999.0 -9999.0 -9999.0 -9999.0 -9999.0 -9999.0 -9999.0 -9999.0 -9999.0 -9999.0 -9999.0 -9999.0 -9999.0 -9999.0 -9999.0 -9999.0 -9999.0 -9999.0 -9999.0 -9999.0 -9999.0 -9999.0 -9999.0 -9999.0 -9999.0 -9999.0 -9999.0 -9999.0 -9999.0 -9999.0 -9999.0 -9999.0 -9999.0 -9999.0 -9999.0 -9999.0 -9999.0 -9999.0 -9999.0 -9999.0 -9999.0 -9999.0 -9999.0 -9999.0 -9999.0 -9999.0 -9999.0 -9999.0 -9999.0 -9999.0 -9999.0 -9999.0 -9999.0 -9999.0 -9999.0 -9999.0 -9999.0 -9999.0 -9999.0 -9999.0 -9999.0 -9999.0 -9999.0 -9999.0 -9999.0 -9999.0 -9999.0 -9999.0 -9999.0 -9999.0
-9999.0 -9999.0 -9999.0 -9999.0 -9999.0 -9999.0 -9999.0 -9999.0 -9999.0 -9999.0 -9999.0 -9999.0 -9999.0 -9999.0 -9999.0 -9999.0 -9999.0 -9999.0 -9999.0 -9999.0 -9999.0 -9999.0 -9999.0 -9999.0 -9999.0 -9999.0 -9999.0 -9999.0 -9999.0 -9999.0 -9999.0 -9999.0 -9999.0 -9999.0 -9999.0 -9999.0 -9999.0 -9999.0 -9999.0 -9999.0 -9999.0 -9999.0 -9999.0 -9999.0 -9999.0 -9999.0 -9999.0 -9999.0 -9999.0 -9999.0 -9999.0 -9999.0 -9999.0 -9999.0 -9999.0 -9999.0 -9999.0 -9999.0 -9999.0 -9999.0 -9999.0 -9999.0 -9999.0 -9999.0 -9999.0 -9999.0 -9999.0 -9999.0 -9999.0 -9999.0 -9999.0 -9999.0 -9999.0 -9999.0 -9999.0 -9999.0 -9999.0 -9999.0 -9999.0 -9999.0 -9999.0 -9999.0 -9999.0 -9999.0 -9999.0 -9999.0 -9999.0 -9999.0 -9999.0 -9999.0 -9999.0 -9999.0 -9999.0 -9999.0 -9999.0 -9999.0 -9999.0 -9999.0 -9999.0 -9999.0 -9999.0 -9999.0 -9999.0 -9999.0
-9999.0 -9999.0 33.275256 -50.661773 -143.278705 -237.797946 -333.009919 -428.444730 -523.861141 -619.056129 -713.722269 -807.731579 -901.331578 -995.514162 -1090.900450 -1185.754808 -1281.511316 -1379.699221 -1472.152639 -1541.190989 -1582.461086 -1605.855878 -1618.556739 -1625.517593 -1629.659332 -1632.497210 -1634.710579 -1636.544121 -1638.061622 -1639.280901 -1640.225657 -1640.933245 -1641.448049 -1641.813416 -1642.067009 -1642.240949 -1642.368215 -1642.496252 -1642.754579 -1644.018676 -1650.982962 -1659.561691 -1042.369988 -1038.083132 -1027.179695 -1020.365030 -1017.171119 -1016.714048 -1016.667692 -1016.676043 -1016.692877 -1016.710775 -1016.727956 -1016.743854 -1016.758492 -1016.774411 -1016.816468 -1017.090550 -1018.795690 -1022.660415 -1028.830678 -1025.626381 -1640.595588 -1647.297000 -1643.499589 -1642.803337 -1642.695242 -1642.677690 -1642.675877 -1642.676925 -1642.678265 -1642.679393 -1642.680263 -1642.680921 -1642.681422 -1642.681810 -1642.682117 -1642.682364 -1642.682569 -1642.682749 -1642.682924 -1642.683118 -1642.683359 -1642.683694 -1642.684188 -1642.684945 -1642.686136 -1642.688037 -1642.691113 -1642.696176 -1642.704675 -1642.719299 -1642.745199 -1642.792468 -1642.881169 -1643.051472 -1643.384704 -1644.051095 -1645.432690 -1648.472915 -1655.811513 -1677.215387 -9999.0 -9999.0
-9999.0 -9999.0 33.289273 -50.659417 -143.278116 -237.797775 -333.009865 -428.444712 -523.861135 -619.056127 -713.722268 -807.731579 -901.331578 -995.514162 -1090.900450 -1185.754808 -1281.511316 -1379.699221 -1472.152639 -1541.190989 -1582.461086 -1605.855878 -1618.556739 -1625.517593 -1629.659332 -1632.497210 -1634.710579 -1636.544121 -1638.061622 -1639.280901 -1640.225657 -1640.933245 -1641.448049 -1641.813416 -1642.067009 -1642.240949 -1642.368215 -1642.496252 -1642.754579 -1644.018676 -1650.982962 -1659.561691 -1042.369988 -1038.083132 -1027.179695 -1020.365030 -1017.171119 -1016.714048 -1016.667692 -1016.676043 -1016.692877 -1016.710775 -1016.727956 -1016.743854 -1016.758492 -1016.774411 -1016.816468 -1017.090550 -1018.795690 -1022.660415 -1028.830678 -1025.626381 -1640.595588 -1647.297000 -1643.499589 -1642.803337 -1642.695242 -1642.677690 -1642.675877 -1642.676925 -1642.678265 -1642.679393 -1642.680263 -1642.680921 -1642.681422 -1642.681810 -1642.682117 -1642.682364 -1642.682569 -1642.682749 -1642.682924 -1642.683118 -1642.683359 -1642.683694 -1642.684188 -1642.684945 -1642.686136 -1642.688037 -1642.691113 -1642.696176 -1642.704675 -1642.719299 -1642.745199 -1642.792468 -1642.881169 -1643.051472 -1643.384704 -1644.051095 -1645.432690 -1648.472915 -1655.811513 -1677.215387 -9999.0 -9999.0
-9999.0 -9999.0 33.290568 -50.658486 -143.277746 -237.797641 -333.009818 -428.444696 -523.861129 -619.056125 -713.722268 -807.731578 -901.331578 -995.514162 -1090.900450 -1185.754808 -1281.511316 -1379.699221 -1472.152639 -1541.190989 -1582.461086 -1605.855878 -1618.556739 -1625.517593 -1629.659332 -1632.497210 -1634.710579 -1636.544121 -1638.061622 -1639.280901 -1640.225657 -1640.933245 -1641.448049 -1641.813416 -1642.067009 -1642.240949 -1642.368215 -1642.496252 -1642.754579 -1644.018676 -1650.982962 -1659.561691 -1042.369988 -1038.083132 -1027.179695 -1020.365030 -1017.171119 -1016.714048 -1016.667692 -1016.676043 -1016.692877 -1016.710775 -1016.727956 -1016.743854 -1016.758492 -1016.774411 -1016.816468 -1017.090550 -1018.795690 -1022.660415 -1028.830678 -1025.626381 -1640.595588 -1647.297000 -1643.499589 -1642.803337 -1642.695242 -1642.677690 -1642.675877 -1642.676925 -1642.678265 -1642.679393 -1642.680263 -1642.680921 -1642.681422 -1642.681810 -1642.682117 -1642.682364 -1642.682569 -1642.682749 -1642.682924 -1642.683118 -1642.683359 -1642.683694 -1642.684188 -1642.684945 -1642.686136 -1642.688037 -1642.691113 -1642.696176 -1642.704675 -1642.719299 -1642.745199 -1642.792468 -1642.881169 -1643.051472 -1643.384704 -1644.051095 -1645.432690 -1648.472915 -1655.811513 -1677.215387 -9999.0 -9999.0
-9999.0 -9999.0 33.290568 -50.658486 -143.277746 -237.797641 -333.009818 -428.444696 -523.861129 -619.056125 -713.722267 -807.731578 -901.331578 -995.514162 -1090.900450 -1185.754808 -1281.511316 -1379.699221 -1472.152639 -1541.190989 -1582.461086 -1605.855878 -1618.556739 -1625.517593 -1629.659332 -1632.497210 -1634.710579 -1636.544121 -1638.061622 -1639.280901 -1640.225657 -1640.933245 -1641.448049 -1641.813416 -1642.067009 -1642.240949 -1642.368215 -1642.496252 -1642.754579 -1644.018676 -1650.982962 -1659.561691 -1042.369988 -1038.083132 -1027.179695 -1020.365030 -1017.171119 -1016.714048 -1016.667692 -1016.676043 -1016.692877 -1016.710775 -1016.727956 -1016.743854 -1016.758492 -1016.774411 -1016.816468 -1017.090550 -1018.795690 -1022.660415 -1028.830678 -1025.626381 -1640.595588 -1647.297000 -1643.499589 -1642.803337 -1642.695242 -1642.677690 -1642.675877 -1642.676925 -1642.678265 -1642.679393 -1642.680263 -1642.680921 -1642.681422 -1642.681810 -1642.682117 -1642.682364 -1642.682569 -1642.682749 -1642.682924 -1642.683118 -1642.683359 -1642.683694 -1642.684188 -1642.684945 -1642.686136 -1642.688037 -1642.691113 -1642.696176 -1642.704675 -1642.719299 -1642.745199 -1642.792468 -1642.881169 -1643.051472 -1643.384704 -1644.051095 -1645.432690 -1648.472915 -1655.811513 -1677.215387 -9999.0 -9999.0
-9999.0 -9999.0 33.289273 -50.659417 -143.278116 -237.797775 -333.009865 -428.444712 -523.861135 -619.056127 -713.722268 -807.731579 -901.331578 -995.514162 -1090.900450 -1185.754808 -1281.511316 -1379.699221 -1472.152639 -1541.190989 -1582.461086 -1605.855878 -1618.556739 -1625.517593 -1629.659332 -1632.497210 -1634.710579 -1636.544121 -1638.061622 -1639.280901 -1640.225657 -1640.933245 -1641.448049 -1641.813416 -1642.067009 -1642.240949 -1642.368215 -1642.496252 -1642.754579 -1644.018676 -1650.982962 -1659.561691 -1042.369988 -1038.083132 -1027.179695 -1020.365030 -1017.171119 -1016.714048 -1016.667692 -1016.676043 -1016.692877 -1016.710775 -1016.727956 -1016.743854 -1016.758492 -1016.774411 -1016.816468 -1017.090550 -1018.795690 -1022.660415 -1028.830678 -1025.626381 -1640.595588 -1647.297000 -1643.499589 -1642.803337 -1642.695242 -1642.677690 -1642.675877 -1642.676925 -1642.678265 -1642.679393 -1642.680263 -1642.680921 -1642.681422 -1642.681810 -1642.682117 -1642.682364 -1642.682569 -1642.682749 -1642.682924 -1642.683118 -1642.683359 -1642.683694 -1642.684188 -1642.684945 -1642.686136 -1642.688037 -1642.691113 -1642.696176 -1642.704675 -1642.719299 -1642.745199 -1642.792468 -1642.881169 -1643.051472 -1643.384704 -1644.051095 -1645.432690 -1648.472915 -1655.811513 -1677.215387 -9999.0 -9999.0
-9999.0 -9999.0 33.275256 -50.661773 -143.278705 -237.797946 -333.009919 -428.444730 -523.861141 -619.056129 -713.722269 -807.731579 -901.331578 -995.514162 -1090.900450 -1185.754808 -1281.511316 -1379.699221 -1472.152639 -1541.190989 -1582.461086 -1605.855878 -1618.556739 -1625.517593 -1629.659332 -1632.497210 -1634.710579 -1636.544121 -1638.061622 -1639.280901 -1640.225657 -1640.933245 -1641.448049 -1641.813416 -1642.067009 -1642.240949 -1642.368215 -1642.496252 -1642.754579 -1644.018676 -1650.982962 -1659.561691 -1042.369988 -1038.083132 -1027.179695 -1020.365030 -1017.171119 -1016.714048 -1016.667692 -1016.676043 -1016.692877 -1016.710775 -1016.727956 -1016.743854 -1016.758492 -1016.774411 -1016.816468 -1017.090550 -1018.795690 -1022.660415 -1028.830678 -1025.626381 -1640.595588 -1647.297000 -1643.499589 -1642.803337 -1642.695242 -1642.677690 -1642.675877 -1642.676925 -1642.678265 -1642.679393 -1642.680263 -1642.680921 -1642.681422 -1642.681810 -1642.682117 -1642.682364 -1642.682569 -1642.682749 -1642.682924 -1642.683118 -1642.683359 -1642.683694 -1642.684188 -1642.684945 -1642.686136 -1642.688037 -1642.691113 -1642.696176 -1642.704675 -1642.719299 -1642.745199 -1642.792468 -1642.881169 -1643.051472 -1643.384704 -1644.051095 -1645.432690 -1648.472915 -1655.811513 -1677.215387 -9999.0 -9999.0
-9999.0 -9999.0 -9999.0 -9999.0 -9999.0 -9999.0 -9999.0 -9999.0 -9999.0 -9999.0 -9999.0 -9999.0 -9999.0 -9999.0 -9999.0 -9999.0 -9999.0 -9999.0 -9999.0 -9999.0 -9999.0 -9999.0 -9999.0 -9999.0 -9999.0 -9999.0 -9999.0 -9999.0 -9999.0 -9999.0 -9999.0 -9999.0 -9999.0 -9999.0 -9999.0 -9999.0 -9999.0 -9999.0 -9999.0 -9999.0 -9999.0 -9999.0 -9999.0 -9999.0 -9999.0 -9999.0 -9999.0 -9999.0 -9999.0 -9999.0 -9999.0 -9999.0 -9999.0 -9999.0 -9999.0 -9999.0 -9999.0 -9999.0 -9999.0 -9999.0 -9999.0 -9999.0 -9999.0 -9999.0 -9999.0 -9999.0 -9999.0 -9999.0 -9999.0 -9999.0 -9999.0 -9999.0 -9999.0 -9999.0 -9999.0 -9999.0 -9999.0 -9999.0 -9999.0 -9999.0 -9999.0 -9999.0 -9999.0 -9999.0 -9999.0 -9999.0 -9999.0 -9999.0 -9999.0 -9999.0 -9999.0 -9999.0 -9999.0 -9999.0 -9999.0 -9999.0 -9999.0 -9999.0 -9999.0 -9999.0 -9999.0 -9999.0 -9999.0 -9999.0
-9999.0 -9999.0 -9999.0 -9999.0 -9999.0 -9999.0 -9999.0 -9999.0 -9999.0 -9999.0 -9999.0 -9999.0 -9999.0 -9999.0 -9999.0 -9999.0 -9999.0 -9999.0 -9999.0 -9999.0 -9999.0 -9999.0 -9999.0 -9999.0 -9999.0 -9999.0 -9999.0 -9999.0 -9999.0 -9999.0 -9999.0 -9999.0 -9999.0 -9999.0 -9999.0 -9999.0 -9999.0 -9999.0 -9999.0 -9999.0 -9999.0 -9999.0 -9999.0 -9999.0 -9999.0 -9999.0 -9999.0 -9999.0 -9999.0 -9999.0 -9999.0 -9999.0 -9999.0 -9999.0 -9999.0 -9999.0 -9999.0 -9999.0 -9999.0 -9999.0 -9999.0 -9999.0 -9999.0 -9999.0 -9999.0 -9999.0 -9999.0 -9999.0 -9999.0 -9999.0 -9999.0 -9999.0 -9999.0 -9999.0 -9999.0 -9999.0 -9999.0 -9999.0 -9999.0 -9999.0 -9999.0 -9999.0 -9999.0 -9999.0 -9999.0 -9999.0 -9999.0 -9999.0 -9999.0 -9999.0 -9999.0 -9999.0 -9999.0 -9999.0 -9999.0 -9999.0 -9999.0 -9999.0 -9999.0 -9999.0 -9999.0 -9999.0 -9999.0 -9999.0