inst/processing_geotop_simulation/geotop_simulation/out/maps3D/PwL0018N0217.asc
ncols         104
nrows         10
xllcorner     -2.000000
yllcorner     0.000000
cellsize      1.000000
NODATA_value  -9999.0
-9999.0 -9999.0 -9999.0 -9999.0 -9999.0 -9999.0 -9999.0 -9999.0 -9999.0 -9999.0 -9999.0 -9999.0 -9999.0 -9999.0 -9999.0 -9999.0 -9999.0 -9999.0 -9999.0 -9999.0 -9999.0 -9999.0 -9999.0 -9999.0 -9999.0 -9999.0 -9999.0 -9999.0 -9999.0 -9999.0 -9999.0 -9999.0 -9999.0 -9999.0 -9999.0 -9999.0 -9999.0 -9999.0 -9999.0 -9999.0 -9999.0 -9999.0 -9999.0 -9999.0 -9999.0 -9999.0 -9999.0 -9999.0 -9999.0 -9999.0 -9999.0 -9999.0 -9999.0 -9999.0 -9999.0 -9999.0 -9999.0 -9999.0 -9999.0 -9999.0 -9999.0 -9999.0 -9999.0 -9999.0 -9999.0 -9999.0 -9999.0 -9999.0 -9999.0 -9999.0 -9999.0 -9999.0 -9999.0 -9999.0 -9999.0 -9999.0 -9999.0 -9999.0 -9999.0 -9999.0 -9999.0 -9999.0 -9999.0 -9999.0 -9999.0 -9999.0 -9999.0 -9999.0 -9999.0 -9999.0 -9999.0 -9999.0 -9999.0 -9999.0 -9999.0 -9999.0 -9999.0 -9999.0 -9999.0 -9999.0 -9999.0 -9999.0 -9999.0 -9999.0
-9999.0 -9999.0 -9999.0 -9999.0 -9999.0 -9999.0 -9999.0 -9999.0 -9999.0 -9999.0 -9999.0 -9999.0 -9999.0 -9999.0 -9999.0 -9999.0 -9999.0 -9999.0 -9999.0 -9999.0 -9999.0 -9999.0 -9999.0 -9999.0 -9999.0 -9999.0 -9999.0 -9999.0 -9999.0 -9999.0 -9999.0 -9999.0 -9999.0 -9999.0 -9999.0 -9999.0 -9999.0 -9999.0 -9999.0 -9999.0 -9999.0 -9999.0 -9999.0 -9999.0 -9999.0 -9999.0 -9999.0 -9999.0 -9999.0 -9999.0 -9999.0 -9999.0 -9999.0 -9999.0 -9999.0 -9999.0 -9999.0 -9999.0 -9999.0 -9999.0 -9999.0 -9999.0 -9999.0 -9999.0 -9999.0 -9999.0 -9999.0 -9999.0 -9999.0 -9999.0 -9999.0 -9999.0 -9999.0 -9999.0 -9999.0 -9999.0 -9999.0 -9999.0 -9999.0 -9999.0 -9999.0 -9999.0 -9999.0 -9999.0 -9999.0 -9999.0 -9999.0 -9999.0 -9999.0 -9999.0 -9999.0 -9999.0 -9999.0 -9999.0 -9999.0 -9999.0 -9999.0 -9999.0 -9999.0 -9999.0 -9999.0 -9999.0 -9999.0 -9999.0
-9999.0 -9999.0 876.105619 779.391086 682.291198 584.756957 486.995444 389.132786 291.236563 193.343158 95.472659 -2.360772 -100.141295 -197.854132 -295.430669 -392.744384 -489.560754 -585.503486 -680.014009 -775.142236 -869.325317 -962.295552 -1053.839559 -1130.986105 -1197.500330 -1252.338577 -1295.662852 -1328.598385 -1352.816856 -1370.136161 -1382.244125 -1390.558330 -1396.189357 -1399.964543 -1402.478057 -1404.147497 -1405.270877 -1406.108358 -1407.153146 -1410.333006 -1423.818940 -1488.716918 -1987.460638 -4051.920273 -4084.155992 -4084.158414 -4084.158330 -4084.157307 -4084.152092 -4084.134140 -4084.083162 -4083.931452 -4083.674159 -4083.334813 -4082.762566 -4081.637177 -4079.140075 -4073.071307 -4057.461301 -4016.843643 -3847.066145 -1750.967682 -1449.834583 -1416.324321 -1409.167309 -1407.808655 -1407.586395 -1407.552438 -1407.547831 -1407.547876 -1407.548582 -1407.549257 -1407.549797 -1407.550214 -1407.550538 -1407.550792 -1407.550995 -1407.551162 -1407.551303 -1407.551430 -1407.551555 -1407.551693 -1407.551864 -1407.552098 -1407.552439 -1407.552959 -1407.553771 -1407.555069 -1407.557177 -1407.560672 -1407.566604 -1407.576949 -1407.595543 -1407.629992 -1407.695692 -1407.824684 -1408.086927 -1408.646438 -1409.917796 -1413.015344 -1421.189206 -1445.818241 -9999.0 -9999.0
-9999.0 -9999.0 876.109248 779.392416 682.291624 584.757094 486.995490 389.132802 291.236568 193.343160 95.472659 -2.360771 -100.141295 -197.854132 -295.430669 -392.744384 -489.560754 -585.503486 -680.014010 -775.142237 -869.325318 -962.295552 -1053.839560 -1130.986105 -1197.500330 -1252.338577 -1295.662853 -1328.598385 -1352.816856 -1370.136161 -1382.244125 -1390.558330 -1396.189357 -1399.964543 -1402.478057 -1404.147497 -1405.270877 -1406.108358 -1407.153146 -1410.333006 -1423.818940 -1488.716918 -1987.460638 -4051.920273 -4084.155992 -4084.158414 -4084.158330 -4084.157307 -4084.152092 -4084.134140 -4084.083162 -4083.931452 -4083.674159 -4083.334813 -4082.762566 -4081.637177 -4079.140075 -4073.071307 -4057.461301 -4016.843643 -3847.066145 -1750.967682 -1449.834583 -1416.324321 -1409.167309 -1407.808655 -1407.586395 -1407.552438 -1407.547831 -1407.547876 -1407.548582 -1407.549257 -1407.549797 -1407.550214 -1407.550538 -1407.550792 -1407.550995 -1407.551162 -1407.551303 -1407.551430 -1407.551555 -1407.551693 -1407.551864 -1407.552098 -1407.552439 -1407.552959 -1407.553771 -1407.555069 -1407.557177 -1407.560672 -1407.566604 -1407.576949 -1407.595543 -1407.629992 -1407.695692 -1407.824684 -1408.086927 -1408.646438 -1409.917796 -1413.015344 -1421.189206 -1445.818241 -9999.0 -9999.0
-9999.0 -9999.0 876.110556 779.393112 682.291916 584.757205 486.995531 389.132816 291.236574 193.343162 95.472660 -2.360771 -100.141295 -197.854132 -295.430669 -392.744384 -489.560754 -585.503486 -680.014010 -775.142237 -869.325318 -962.295552 -1053.839560 -1130.986105 -1197.500330 -1252.338577 -1295.662853 -1328.598385 -1352.816856 -1370.136161 -1382.244125 -1390.558330 -1396.189358 -1399.964543 -1402.478058 -1404.147497 -1405.270877 -1406.108358 -1407.153146 -1410.333006 -1423.818940 -1488.716918 -1987.460638 -4051.920273 -4084.155992 -4084.158414 -4084.158330 -4084.157307 -4084.152092 -4084.134140 -4084.083162 -4083.931452 -4083.674159 -4083.334813 -4082.762566 -4081.637177 -4079.140075 -4073.071307 -4057.461301 -4016.843643 -3847.066145 -1750.967682 -1449.834583 -1416.324321 -1409.167309 -1407.808655 -1407.586395 -1407.552438 -1407.547831 -1407.547876 -1407.548582 -1407.549257 -1407.549797 -1407.550214 -1407.550538 -1407.550792 -1407.550995 -1407.551162 -1407.551303 -1407.551430 -1407.551555 -1407.551693 -1407.551864 -1407.552098 -1407.552439 -1407.552959 -1407.553771 -1407.555069 -1407.557177 -1407.560672 -1407.566604 -1407.576949 -1407.595543 -1407.629992 -1407.695692 -1407.824684 -1408.086927 -1408.646438 -1409.917796 -1413.015344 -1421.189206 -1445.818241 -9999.0 -9999.0
-9999.0 -9999.0 876.110556 779.393112 682.291915 584.757205 486.995531 389.132816 291.236574 193.343162 95.472660 -2.360771 -100.141295 -197.854132 -295.430669 -392.744384 -489.560754 -585.503486 -680.014010 -775.142237 -869.325318 -962.295552 -1053.839560 -1130.986105 -1197.500330 -1252.338577 -1295.662853 -1328.598385 -1352.816856 -1370.136161 -1382.244125 -1390.558330 -1396.189358 -1399.964543 -1402.478058 -1404.147497 -1405.270877 -1406.108358 -1407.153146 -1410.333006 -1423.818940 -1488.716918 -1987.460638 -4051.920273 -4084.155992 -4084.158414 -4084.158330 -4084.157307 -4084.152092 -4084.134140 -4084.083162 -4083.931452 -4083.674159 -4083.334813 -4082.762566 -4081.637177 -4079.140075 -4073.071307 -4057.461301 -4016.843643 -3847.066145 -1750.967682 -1449.834583 -1416.324321 -1409.167309 -1407.808655 -1407.586395 -1407.552438 -1407.547831 -1407.547876 -1407.548582 -1407.549257 -1407.549797 -1407.550214 -1407.550538 -1407.550792 -1407.550995 -1407.551162 -1407.551303 -1407.551430 -1407.551555 -1407.551693 -1407.551864 -1407.552098 -1407.552439 -1407.552959 -1407.553771 -1407.555069 -1407.557177 -1407.560672 -1407.566604 -1407.576949 -1407.595543 -1407.629992 -1407.695692 -1407.824684 -1408.086927 -1408.646438 -1409.917796 -1413.015344 -1421.189206 -1445.818241 -9999.0 -9999.0
-9999.0 -9999.0 876.109248 779.392416 682.291624 584.757094 486.995490 389.132802 291.236568 193.343160 95.472659 -2.360771 -100.141295 -197.854132 -295.430669 -392.744384 -489.560754 -585.503486 -680.014010 -775.142237 -869.325318 -962.295552 -1053.839560 -1130.986105 -1197.500330 -1252.338577 -1295.662853 -1328.598385 -1352.816856 -1370.136161 -1382.244125 -1390.558330 -1396.189357 -1399.964543 -1402.478057 -1404.147497 -1405.270877 -1406.108358 -1407.153146 -1410.333006 -1423.818940 -1488.716918 -1987.460638 -4051.920273 -4084.155992 -4084.158414 -4084.158330 -4084.157307 -4084.152092 -4084.134140 -4084.083162 -4083.931452 -4083.674159 -4083.334813 -4082.762566 -4081.637177 -4079.140075 -4073.071307 -4057.461301 -4016.843643 -3847.066145 -1750.967682 -1449.834583 -1416.324321 -1409.167309 -1407.808655 -1407.586395 -1407.552438 -1407.547831 -1407.547876 -1407.548582 -1407.549257 -1407.549797 -1407.550214 -1407.550538 -1407.550792 -1407.550995 -1407.551162 -1407.551303 -1407.551430 -1407.551555 -1407.551693 -1407.551864 -1407.552098 -1407.552439 -1407.552959 -1407.553771 -1407.555069 -1407.557177 -1407.560672 -1407.566604 -1407.576949 -1407.595543 -1407.629992 -1407.695692 -1407.824684 -1408.086927 -1408.646438 -1409.917796 -1413.015344 -1421.189206 -1445.818241 -9999.0 -9999.0
-9999.0 -9999.0 876.105619 779.391086 682.291198 584.756957 486.995444 389.132786 291.236563 193.343158 95.472659 -2.360772 -100.141295 -197.854132 -295.430669 -392.744384 -489.560754 -585.503486 -680.014009 -775.142236 -869.325317 -962.295552 -1053.839559 -1130.986105 -1197.500330 -1252.338577 -1295.662852 -1328.598385 -1352.816856 -1370.136161 -1382.244125 -1390.558330 -1396.189357 -1399.964543 -1402.478057 -1404.147497 -1405.270877 -1406.108358 -1407.153146 -1410.333006 -1423.818940 -1488.716918 -1987.460638 -4051.920273 -4084.155992 -4084.158414 -4084.158330 -4084.157307 -4084.152092 -4084.134140 -4084.083162 -4083.931452 -4083.674159 -4083.334813 -4082.762566 -4081.637177 -4079.140075 -4073.071307 -4057.461301 -4016.843643 -3847.066146 -1750.967682 -1449.834583 -1416.324321 -1409.167309 -1407.808655 -1407.586395 -1407.552438 -1407.547831 -1407.547876 -1407.548582 -1407.549257 -1407.549797 -1407.550214 -1407.550538 -1407.550792 -1407.550995 -1407.551162 -1407.551303 -1407.551430 -1407.551555 -1407.551693 -1407.551864 -1407.552098 -1407.552439 -1407.552959 -1407.553771 -1407.555069 -1407.557177 -1407.560672 -1407.566604 -1407.576949 -1407.595543 -1407.629992 -1407.695692 -1407.824684 -1408.086927 -1408.646438 -1409.917796 -1413.015344 -1421.189206 -1445.818241 -9999.0 -9999.0
-9999.0 -9999.0 -9999.0 -9999.0 -9999.0 -9999.0 -9999.0 -9999.0 -9999.0 -9999.0 -9999.0 -9999.0 -9999.0 -9999.0 -9999.0 -9999.0 -9999.0 -9999.0 -9999.0 -9999.0 -9999.0 -9999.0 -9999.0 -9999.0 -9999.0 -9999.0 -9999.0 -9999.0 -9999.0 -9999.0 -9999.0 -9999.0 -9999.0 -9999.0 -9999.0 -9999.0 -9999.0 -9999.0 -9999.0 -9999.0 -9999.0 -9999.0 -9999.0 -9999.0 -9999.0 -9999.0 -9999.0 -9999.0 -9999.0 -9999.0 -9999.0 -9999.0 -9999.0 -9999.0 -9999.0 -9999.0 -9999.0 -9999.0 -9999.0 -9999.0 -9999.0 -9999.0 -9999.0 -9999.0 -9999.0 -9999.0 -9999.0 -9999.0 -9999.0 -9999.0 -9999.0 -9999.0 -9999.0 -9999.0 -9999.0 -9999.0 -9999.0 -9999.0 -9999.0 -9999.0 -9999.0 -9999.0 -9999.0 -9999.0 -9999.0 -9999.0 -9999.0 -9999.0 -9999.0 -9999.0 -9999.0 -9999.0 -9999.0 -9999.0 -9999.0 -9999.0 -9999.0 -9999.0 -9999.0 -9999.0 -9999.0 -9999.0 -9999.0 -9999.0
-9999.0 -9999.0 -9999.0 -9999.0 -9999.0 -9999.0 -9999.0 -9999.0 -9999.0 -9999.0 -9999.0 -9999.0 -9999.0 -9999.0 -9999.0 -9999.0 -9999.0 -9999.0 -9999.0 -9999.0 -9999.0 -9999.0 -9999.0 -9999.0 -9999.0 -9999.0 -9999.0 -9999.0 -9999.0 -9999.0 -9999.0 -9999.0 -9999.0 -9999.0 -9999.0 -9999.0 -9999.0 -9999.0 -9999.0 -9999.0 -9999.0 -9999.0 -9999.0 -9999.0 -9999.0 -9999.0 -9999.0 -9999.0 -9999.0 -9999.0 -9999.0 -9999.0 -9999.0 -9999.0 -9999.0 -9999.0 -9999.0 -9999.0 -9999.0 -9999.0 -9999.0 -9999.0 -9999.0 -9999.0 -9999.0 -9999.0 -9999.0 -9999.0 -9999.0 -9999.0 -9999.0 -9999.0 -9999.0 -9999.0 -9999.0 -9999.0 -9999.0 -9999.0 -9999.0 -9999.0 -9999.0 -9999.0 -9999.0 -9999.0 -9999.0 -9999.0 -9999.0 -9999.0 -9999.0 -9999.0 -9999.0 -9999.0 -9999.0 -9999.0 -9999.0 -9999.0 -9999.0 -9999.0 -9999.0 -9999.0 -9999.0 -9999.0 -9999.0 -9999.0