inst/processing_geotop_simulation/geotop_simulation/out/maps3D/PwL0005N0056.asc
ncols         104
nrows         10
xllcorner     -2.000000
yllcorner     0.000000
cellsize      1.000000
NODATA_value  -9999.0
-9999.0 -9999.0 -9999.0 -9999.0 -9999.0 -9999.0 -9999.0 -9999.0 -9999.0 -9999.0 -9999.0 -9999.0 -9999.0 -9999.0 -9999.0 -9999.0 -9999.0 -9999.0 -9999.0 -9999.0 -9999.0 -9999.0 -9999.0 -9999.0 -9999.0 -9999.0 -9999.0 -9999.0 -9999.0 -9999.0 -9999.0 -9999.0 -9999.0 -9999.0 -9999.0 -9999.0 -9999.0 -9999.0 -9999.0 -9999.0 -9999.0 -9999.0 -9999.0 -9999.0 -9999.0 -9999.0 -9999.0 -9999.0 -9999.0 -9999.0 -9999.0 -9999.0 -9999.0 -9999.0 -9999.0 -9999.0 -9999.0 -9999.0 -9999.0 -9999.0 -9999.0 -9999.0 -9999.0 -9999.0 -9999.0 -9999.0 -9999.0 -9999.0 -9999.0 -9999.0 -9999.0 -9999.0 -9999.0 -9999.0 -9999.0 -9999.0 -9999.0 -9999.0 -9999.0 -9999.0 -9999.0 -9999.0 -9999.0 -9999.0 -9999.0 -9999.0 -9999.0 -9999.0 -9999.0 -9999.0 -9999.0 -9999.0 -9999.0 -9999.0 -9999.0 -9999.0 -9999.0 -9999.0 -9999.0 -9999.0 -9999.0 -9999.0 -9999.0 -9999.0
-9999.0 -9999.0 -9999.0 -9999.0 -9999.0 -9999.0 -9999.0 -9999.0 -9999.0 -9999.0 -9999.0 -9999.0 -9999.0 -9999.0 -9999.0 -9999.0 -9999.0 -9999.0 -9999.0 -9999.0 -9999.0 -9999.0 -9999.0 -9999.0 -9999.0 -9999.0 -9999.0 -9999.0 -9999.0 -9999.0 -9999.0 -9999.0 -9999.0 -9999.0 -9999.0 -9999.0 -9999.0 -9999.0 -9999.0 -9999.0 -9999.0 -9999.0 -9999.0 -9999.0 -9999.0 -9999.0 -9999.0 -9999.0 -9999.0 -9999.0 -9999.0 -9999.0 -9999.0 -9999.0 -9999.0 -9999.0 -9999.0 -9999.0 -9999.0 -9999.0 -9999.0 -9999.0 -9999.0 -9999.0 -9999.0 -9999.0 -9999.0 -9999.0 -9999.0 -9999.0 -9999.0 -9999.0 -9999.0 -9999.0 -9999.0 -9999.0 -9999.0 -9999.0 -9999.0 -9999.0 -9999.0 -9999.0 -9999.0 -9999.0 -9999.0 -9999.0 -9999.0 -9999.0 -9999.0 -9999.0 -9999.0 -9999.0 -9999.0 -9999.0 -9999.0 -9999.0 -9999.0 -9999.0 -9999.0 -9999.0 -9999.0 -9999.0 -9999.0 -9999.0
-9999.0 -9999.0 -856.981907 -963.061418 -1010.779310 -1028.924174 -1036.912054 -1040.725407 -1042.247845 -1036.842510 -994.063050 -942.376728 -927.277886 -944.219657 -969.378331 -1006.130984 -1028.288457 -1017.687111 -1000.359178 -986.269005 -978.440999 -976.649695 -979.667645 -986.111167 -994.652928 -1004.070975 -1013.280686 -1021.454424 -1028.137562 -1033.243608 -1036.936143 -1039.491021 -1041.196841 -1042.301433 -1042.994581 -1043.412167 -1043.662704 -1043.892873 -1044.204292 -1044.201582 -1046.372691 -1075.219936 -884.566977 -888.040984 -859.072266 -841.863528 -833.922624 -832.924631 -832.828431 -832.849360 -832.888639 -832.930166 -832.969977 -833.006787 -833.040541 -833.075997 -833.161709 -833.733415 -837.866084 -847.398501 -864.003311 -841.992824 -1061.018030 -1046.993508 -1044.859869 -1044.362815 -1044.248724 -1044.229749 -1044.231139 -1044.235884 -1044.240327 -1044.243831 -1044.246468 -1044.248445 -1044.249946 -1044.251106 -1044.252021 -1044.252754 -1044.253356 -1044.253877 -1044.254373 -1044.254906 -1044.255559 -1044.256449 -1044.257752 -1044.259738 -1044.262841 -1044.267766 -1044.275684 -1044.288587 -1044.309974 -1044.346209 -1044.409278 -1044.522433 -1044.731659 -1045.128421 -1045.893611 -1047.381732 -1050.292355 -1056.079638 -1068.066867 -1094.896071 -9999.0 -9999.0
-9999.0 -9999.0 -856.981874 -963.061366 -1010.779266 -1028.924153 -1036.912048 -1040.725406 -1042.247846 -1036.842511 -994.063051 -942.376728 -927.277886 -944.219657 -969.378331 -1006.130984 -1028.288457 -1017.687111 -1000.359178 -986.269005 -978.440999 -976.649695 -979.667645 -986.111167 -994.652928 -1004.070975 -1013.280686 -1021.454424 -1028.137562 -1033.243608 -1036.936143 -1039.491021 -1041.196841 -1042.301433 -1042.994581 -1043.412167 -1043.662704 -1043.892873 -1044.204292 -1044.201582 -1046.372691 -1075.219936 -884.566977 -888.040984 -859.072266 -841.863527 -833.922624 -832.924631 -832.828431 -832.849360 -832.888639 -832.930166 -832.969977 -833.006787 -833.040541 -833.075997 -833.161709 -833.733415 -837.866084 -847.398501 -864.003311 -841.992824 -1061.018030 -1046.993508 -1044.859869 -1044.362815 -1044.248724 -1044.229749 -1044.231139 -1044.235884 -1044.240327 -1044.243831 -1044.246468 -1044.248445 -1044.249946 -1044.251106 -1044.252021 -1044.252754 -1044.253356 -1044.253877 -1044.254373 -1044.254906 -1044.255559 -1044.256449 -1044.257752 -1044.259738 -1044.262841 -1044.267766 -1044.275684 -1044.288587 -1044.309974 -1044.346209 -1044.409278 -1044.522433 -1044.731659 -1045.128421 -1045.893611 -1047.381732 -1050.292355 -1056.079638 -1068.066867 -1094.896071 -9999.0 -9999.0
-9999.0 -9999.0 -856.981857 -963.061335 -1010.779236 -1028.924137 -1036.912043 -1040.725406 -1042.247847 -1036.842511 -994.063051 -942.376728 -927.277886 -944.219657 -969.378331 -1006.130984 -1028.288457 -1017.687111 -1000.359178 -986.269005 -978.440999 -976.649695 -979.667645 -986.111167 -994.652928 -1004.070975 -1013.280686 -1021.454424 -1028.137562 -1033.243608 -1036.936143 -1039.491021 -1041.196841 -1042.301433 -1042.994581 -1043.412167 -1043.662704 -1043.892873 -1044.204292 -1044.201582 -1046.372691 -1075.219936 -884.566977 -888.040984 -859.072266 -841.863527 -833.922624 -832.924631 -832.828430 -832.849360 -832.888639 -832.930166 -832.969977 -833.006787 -833.040541 -833.075997 -833.161709 -833.733415 -837.866084 -847.398501 -864.003311 -841.992824 -1061.018030 -1046.993508 -1044.859869 -1044.362815 -1044.248724 -1044.229749 -1044.231139 -1044.235884 -1044.240327 -1044.243831 -1044.246468 -1044.248445 -1044.249946 -1044.251106 -1044.252021 -1044.252754 -1044.253356 -1044.253877 -1044.254373 -1044.254906 -1044.255559 -1044.256449 -1044.257752 -1044.259738 -1044.262841 -1044.267766 -1044.275684 -1044.288587 -1044.309974 -1044.346209 -1044.409278 -1044.522433 -1044.731659 -1045.128421 -1045.893611 -1047.381732 -1050.292355 -1056.079638 -1068.066867 -1094.896071 -9999.0 -9999.0
-9999.0 -9999.0 -856.981858 -963.061335 -1010.779236 -1028.924137 -1036.912043 -1040.725406 -1042.247847 -1036.842511 -994.063051 -942.376728 -927.277886 -944.219657 -969.378331 -1006.130984 -1028.288457 -1017.687111 -1000.359178 -986.269005 -978.440999 -976.649695 -979.667645 -986.111167 -994.652928 -1004.070975 -1013.280686 -1021.454424 -1028.137562 -1033.243608 -1036.936143 -1039.491021 -1041.196841 -1042.301433 -1042.994581 -1043.412167 -1043.662704 -1043.892873 -1044.204292 -1044.201582 -1046.372691 -1075.219936 -884.566977 -888.040984 -859.072266 -841.863527 -833.922624 -832.924631 -832.828430 -832.849360 -832.888639 -832.930166 -832.969977 -833.006787 -833.040541 -833.075997 -833.161709 -833.733415 -837.866084 -847.398501 -864.003311 -841.992824 -1061.018030 -1046.993508 -1044.859869 -1044.362815 -1044.248724 -1044.229749 -1044.231139 -1044.235884 -1044.240327 -1044.243831 -1044.246468 -1044.248445 -1044.249946 -1044.251106 -1044.252021 -1044.252754 -1044.253356 -1044.253877 -1044.254373 -1044.254906 -1044.255559 -1044.256449 -1044.257752 -1044.259738 -1044.262841 -1044.267766 -1044.275684 -1044.288587 -1044.309974 -1044.346209 -1044.409278 -1044.522433 -1044.731659 -1045.128421 -1045.893611 -1047.381732 -1050.292355 -1056.079638 -1068.066867 -1094.896071 -9999.0 -9999.0
-9999.0 -9999.0 -856.981873 -963.061366 -1010.779266 -1028.924153 -1036.912048 -1040.725406 -1042.247846 -1036.842511 -994.063051 -942.376728 -927.277886 -944.219657 -969.378331 -1006.130984 -1028.288457 -1017.687111 -1000.359178 -986.269005 -978.440999 -976.649695 -979.667645 -986.111167 -994.652928 -1004.070975 -1013.280686 -1021.454424 -1028.137562 -1033.243608 -1036.936143 -1039.491021 -1041.196841 -1042.301433 -1042.994581 -1043.412167 -1043.662704 -1043.892873 -1044.204292 -1044.201582 -1046.372691 -1075.219936 -884.566977 -888.040984 -859.072266 -841.863527 -833.922624 -832.924631 -832.828431 -832.849360 -832.888639 -832.930166 -832.969977 -833.006787 -833.040541 -833.075997 -833.161709 -833.733415 -837.866084 -847.398501 -864.003311 -841.992824 -1061.018030 -1046.993508 -1044.859869 -1044.362815 -1044.248724 -1044.229749 -1044.231139 -1044.235884 -1044.240327 -1044.243831 -1044.246468 -1044.248445 -1044.249946 -1044.251106 -1044.252021 -1044.252754 -1044.253356 -1044.253877 -1044.254373 -1044.254906 -1044.255559 -1044.256449 -1044.257752 -1044.259738 -1044.262841 -1044.267766 -1044.275684 -1044.288587 -1044.309974 -1044.346209 -1044.409278 -1044.522433 -1044.731659 -1045.128421 -1045.893611 -1047.381732 -1050.292355 -1056.079638 -1068.066867 -1094.896071 -9999.0 -9999.0
-9999.0 -9999.0 -856.981907 -963.061418 -1010.779310 -1028.924174 -1036.912054 -1040.725407 -1042.247845 -1036.842510 -994.063050 -942.376728 -927.277886 -944.219657 -969.378331 -1006.130984 -1028.288457 -1017.687111 -1000.359178 -986.269005 -978.440999 -976.649695 -979.667645 -986.111167 -994.652928 -1004.070975 -1013.280686 -1021.454424 -1028.137562 -1033.243608 -1036.936143 -1039.491021 -1041.196841 -1042.301433 -1042.994581 -1043.412167 -1043.662704 -1043.892873 -1044.204292 -1044.201582 -1046.372691 -1075.219936 -884.566977 -888.040984 -859.072266 -841.863528 -833.922624 -832.924631 -832.828431 -832.849360 -832.888639 -832.930166 -832.969977 -833.006787 -833.040541 -833.075997 -833.161709 -833.733415 -837.866084 -847.398501 -864.003311 -841.992824 -1061.018030 -1046.993508 -1044.859869 -1044.362815 -1044.248724 -1044.229749 -1044.231139 -1044.235884 -1044.240327 -1044.243831 -1044.246468 -1044.248445 -1044.249946 -1044.251106 -1044.252021 -1044.252754 -1044.253356 -1044.253877 -1044.254373 -1044.254906 -1044.255559 -1044.256449 -1044.257752 -1044.259738 -1044.262841 -1044.267766 -1044.275684 -1044.288587 -1044.309974 -1044.346209 -1044.409278 -1044.522433 -1044.731659 -1045.128421 -1045.893611 -1047.381732 -1050.292355 -1056.079638 -1068.066867 -1094.896071 -9999.0 -9999.0
-9999.0 -9999.0 -9999.0 -9999.0 -9999.0 -9999.0 -9999.0 -9999.0 -9999.0 -9999.0 -9999.0 -9999.0 -9999.0 -9999.0 -9999.0 -9999.0 -9999.0 -9999.0 -9999.0 -9999.0 -9999.0 -9999.0 -9999.0 -9999.0 -9999.0 -9999.0 -9999.0 -9999.0 -9999.0 -9999.0 -9999.0 -9999.0 -9999.0 -9999.0 -9999.0 -9999.0 -9999.0 -9999.0 -9999.0 -9999.0 -9999.0 -9999.0 -9999.0 -9999.0 -9999.0 -9999.0 -9999.0 -9999.0 -9999.0 -9999.0 -9999.0 -9999.0 -9999.0 -9999.0 -9999.0 -9999.0 -9999.0 -9999.0 -9999.0 -9999.0 -9999.0 -9999.0 -9999.0 -9999.0 -9999.0 -9999.0 -9999.0 -9999.0 -9999.0 -9999.0 -9999.0 -9999.0 -9999.0 -9999.0 -9999.0 -9999.0 -9999.0 -9999.0 -9999.0 -9999.0 -9999.0 -9999.0 -9999.0 -9999.0 -9999.0 -9999.0 -9999.0 -9999.0 -9999.0 -9999.0 -9999.0 -9999.0 -9999.0 -9999.0 -9999.0 -9999.0 -9999.0 -9999.0 -9999.0 -9999.0 -9999.0 -9999.0 -9999.0 -9999.0
-9999.0 -9999.0 -9999.0 -9999.0 -9999.0 -9999.0 -9999.0 -9999.0 -9999.0 -9999.0 -9999.0 -9999.0 -9999.0 -9999.0 -9999.0 -9999.0 -9999.0 -9999.0 -9999.0 -9999.0 -9999.0 -9999.0 -9999.0 -9999.0 -9999.0 -9999.0 -9999.0 -9999.0 -9999.0 -9999.0 -9999.0 -9999.0 -9999.0 -9999.0 -9999.0 -9999.0 -9999.0 -9999.0 -9999.0 -9999.0 -9999.0 -9999.0 -9999.0 -9999.0 -9999.0 -9999.0 -9999.0 -9999.0 -9999.0 -9999.0 -9999.0 -9999.0 -9999.0 -9999.0 -9999.0 -9999.0 -9999.0 -9999.0 -9999.0 -9999.0 -9999.0 -9999.0 -9999.0 -9999.0 -9999.0 -9999.0 -9999.0 -9999.0 -9999.0 -9999.0 -9999.0 -9999.0 -9999.0 -9999.0 -9999.0 -9999.0 -9999.0 -9999.0 -9999.0 -9999.0 -9999.0 -9999.0 -9999.0 -9999.0 -9999.0 -9999.0 -9999.0 -9999.0 -9999.0 -9999.0 -9999.0 -9999.0 -9999.0 -9999.0 -9999.0 -9999.0 -9999.0 -9999.0 -9999.0 -9999.0 -9999.0 -9999.0 -9999.0 -9999.0