inst/processing_geotop_simulation/geotop_simulation/out/maps3D/PwL0005N0329.asc
ncols         104
nrows         10
xllcorner     -2.000000
yllcorner     0.000000
cellsize      1.000000
NODATA_value  -9999.0
-9999.0 -9999.0 -9999.0 -9999.0 -9999.0 -9999.0 -9999.0 -9999.0 -9999.0 -9999.0 -9999.0 -9999.0 -9999.0 -9999.0 -9999.0 -9999.0 -9999.0 -9999.0 -9999.0 -9999.0 -9999.0 -9999.0 -9999.0 -9999.0 -9999.0 -9999.0 -9999.0 -9999.0 -9999.0 -9999.0 -9999.0 -9999.0 -9999.0 -9999.0 -9999.0 -9999.0 -9999.0 -9999.0 -9999.0 -9999.0 -9999.0 -9999.0 -9999.0 -9999.0 -9999.0 -9999.0 -9999.0 -9999.0 -9999.0 -9999.0 -9999.0 -9999.0 -9999.0 -9999.0 -9999.0 -9999.0 -9999.0 -9999.0 -9999.0 -9999.0 -9999.0 -9999.0 -9999.0 -9999.0 -9999.0 -9999.0 -9999.0 -9999.0 -9999.0 -9999.0 -9999.0 -9999.0 -9999.0 -9999.0 -9999.0 -9999.0 -9999.0 -9999.0 -9999.0 -9999.0 -9999.0 -9999.0 -9999.0 -9999.0 -9999.0 -9999.0 -9999.0 -9999.0 -9999.0 -9999.0 -9999.0 -9999.0 -9999.0 -9999.0 -9999.0 -9999.0 -9999.0 -9999.0 -9999.0 -9999.0 -9999.0 -9999.0 -9999.0 -9999.0
-9999.0 -9999.0 -9999.0 -9999.0 -9999.0 -9999.0 -9999.0 -9999.0 -9999.0 -9999.0 -9999.0 -9999.0 -9999.0 -9999.0 -9999.0 -9999.0 -9999.0 -9999.0 -9999.0 -9999.0 -9999.0 -9999.0 -9999.0 -9999.0 -9999.0 -9999.0 -9999.0 -9999.0 -9999.0 -9999.0 -9999.0 -9999.0 -9999.0 -9999.0 -9999.0 -9999.0 -9999.0 -9999.0 -9999.0 -9999.0 -9999.0 -9999.0 -9999.0 -9999.0 -9999.0 -9999.0 -9999.0 -9999.0 -9999.0 -9999.0 -9999.0 -9999.0 -9999.0 -9999.0 -9999.0 -9999.0 -9999.0 -9999.0 -9999.0 -9999.0 -9999.0 -9999.0 -9999.0 -9999.0 -9999.0 -9999.0 -9999.0 -9999.0 -9999.0 -9999.0 -9999.0 -9999.0 -9999.0 -9999.0 -9999.0 -9999.0 -9999.0 -9999.0 -9999.0 -9999.0 -9999.0 -9999.0 -9999.0 -9999.0 -9999.0 -9999.0 -9999.0 -9999.0 -9999.0 -9999.0 -9999.0 -9999.0 -9999.0 -9999.0 -9999.0 -9999.0 -9999.0 -9999.0 -9999.0 -9999.0 -9999.0 -9999.0 -9999.0 -9999.0
-9999.0 -9999.0 225.427892 128.309519 29.910914 -68.881656 -167.827047 -266.832193 -365.846755 -464.836432 -563.754261 -662.486209 -760.967126 -859.264116 -957.412915 -1055.579186 -1153.371187 -1250.078834 -1345.252331 -1437.876236 -1526.017101 -1606.570313 -1676.333977 -1733.494883 -1778.119296 -1811.652057 -1836.137419 -1853.636290 -1865.935775 -1874.465260 -1880.314879 -1884.289940 -1886.971213 -1888.769466 -1889.970992 -1890.775173 -1891.330530 -1891.799939 -1892.585895 -1894.968068 -1899.663721 -1863.933563 -1171.184873 -1185.585098 -1170.944134 -1161.360989 -1156.875080 -1156.200614 -1156.128618 -1156.135477 -1156.153702 -1156.173319 -1156.192174 -1156.209637 -1156.225866 -1156.244925 -1156.305046 -1156.707574 -1159.091416 -1164.392198 -1171.465977 -1146.763990 -1838.118919 -1893.386976 -1893.539540 -1892.688584 -1892.483179 -1892.446733 -1892.441270 -1892.440968 -1892.441443 -1892.441942 -1892.442348 -1892.442662 -1892.442905 -1892.443094 -1892.443246 -1892.443370 -1892.443474 -1892.443569 -1892.443663 -1892.443768 -1892.443899 -1892.444080 -1892.444347 -1892.444754 -1892.445395 -1892.446419 -1892.448090 -1892.450868 -1892.455600 -1892.463886 -1892.478833 -1892.506616 -1892.559740 -1892.664230 -1892.876802 -1893.329861 -1894.359352 -1896.905921 -1903.998168 -1927.378311 -9999.0 -9999.0
-9999.0 -9999.0 225.436608 128.311413 29.911401 -68.881513 -167.827001 -266.832177 -365.846749 -464.836430 -563.754260 -662.486209 -760.967126 -859.264116 -957.412915 -1055.579186 -1153.371187 -1250.078834 -1345.252331 -1437.876236 -1526.017102 -1606.570313 -1676.333978 -1733.494883 -1778.119296 -1811.652057 -1836.137419 -1853.636290 -1865.935775 -1874.465260 -1880.314879 -1884.289940 -1886.971213 -1888.769466 -1889.970993 -1890.775173 -1891.330530 -1891.799939 -1892.585895 -1894.968068 -1899.663721 -1863.933563 -1171.184873 -1185.585098 -1170.944134 -1161.360989 -1156.875080 -1156.200614 -1156.128618 -1156.135477 -1156.153702 -1156.173319 -1156.192174 -1156.209637 -1156.225866 -1156.244925 -1156.305046 -1156.707574 -1159.091416 -1164.392198 -1171.465977 -1146.763990 -1838.118919 -1893.386976 -1893.539540 -1892.688584 -1892.483179 -1892.446733 -1892.441270 -1892.440968 -1892.441443 -1892.441942 -1892.442348 -1892.442662 -1892.442905 -1892.443094 -1892.443246 -1892.443370 -1892.443474 -1892.443569 -1892.443663 -1892.443768 -1892.443899 -1892.444080 -1892.444347 -1892.444754 -1892.445395 -1892.446419 -1892.448090 -1892.450868 -1892.455600 -1892.463886 -1892.478833 -1892.506616 -1892.559740 -1892.664230 -1892.876802 -1893.329861 -1894.359352 -1896.905921 -1903.998168 -1927.378311 -9999.0 -9999.0
-9999.0 -9999.0 225.437978 128.312194 29.911711 -68.881401 -167.826961 -266.832163 -365.846744 -464.836428 -563.754259 -662.486208 -760.967126 -859.264116 -957.412915 -1055.579186 -1153.371187 -1250.078834 -1345.252331 -1437.876236 -1526.017102 -1606.570313 -1676.333978 -1733.494883 -1778.119296 -1811.652057 -1836.137419 -1853.636290 -1865.935775 -1874.465260 -1880.314879 -1884.289940 -1886.971213 -1888.769466 -1889.970993 -1890.775173 -1891.330530 -1891.799939 -1892.585895 -1894.968068 -1899.663721 -1863.933563 -1171.184873 -1185.585098 -1170.944133 -1161.360989 -1156.875080 -1156.200614 -1156.128618 -1156.135477 -1156.153702 -1156.173319 -1156.192174 -1156.209637 -1156.225866 -1156.244925 -1156.305046 -1156.707574 -1159.091416 -1164.392198 -1171.465977 -1146.763990 -1838.118919 -1893.386976 -1893.539540 -1892.688584 -1892.483179 -1892.446733 -1892.441270 -1892.440968 -1892.441443 -1892.441942 -1892.442348 -1892.442662 -1892.442905 -1892.443094 -1892.443246 -1892.443370 -1892.443474 -1892.443569 -1892.443663 -1892.443768 -1892.443899 -1892.444080 -1892.444347 -1892.444754 -1892.445395 -1892.446419 -1892.448090 -1892.450868 -1892.455600 -1892.463886 -1892.478833 -1892.506616 -1892.559740 -1892.664230 -1892.876802 -1893.329861 -1894.359352 -1896.905921 -1903.998168 -1927.378311 -9999.0 -9999.0
-9999.0 -9999.0 225.437978 128.312194 29.911711 -68.881401 -167.826961 -266.832163 -365.846744 -464.836428 -563.754259 -662.486208 -760.967126 -859.264116 -957.412915 -1055.579186 -1153.371187 -1250.078834 -1345.252331 -1437.876236 -1526.017102 -1606.570313 -1676.333978 -1733.494883 -1778.119296 -1811.652057 -1836.137419 -1853.636290 -1865.935775 -1874.465260 -1880.314879 -1884.289940 -1886.971213 -1888.769466 -1889.970993 -1890.775173 -1891.330530 -1891.799939 -1892.585895 -1894.968068 -1899.663721 -1863.933563 -1171.184873 -1185.585098 -1170.944133 -1161.360989 -1156.875080 -1156.200614 -1156.128618 -1156.135477 -1156.153702 -1156.173319 -1156.192174 -1156.209637 -1156.225866 -1156.244925 -1156.305046 -1156.707574 -1159.091416 -1164.392198 -1171.465977 -1146.763990 -1838.118919 -1893.386976 -1893.539540 -1892.688584 -1892.483179 -1892.446733 -1892.441270 -1892.440968 -1892.441443 -1892.441942 -1892.442348 -1892.442662 -1892.442905 -1892.443094 -1892.443246 -1892.443370 -1892.443474 -1892.443569 -1892.443663 -1892.443768 -1892.443899 -1892.444080 -1892.444347 -1892.444754 -1892.445395 -1892.446419 -1892.448090 -1892.450868 -1892.455600 -1892.463886 -1892.478833 -1892.506616 -1892.559740 -1892.664230 -1892.876802 -1893.329861 -1894.359352 -1896.905921 -1903.998168 -1927.378311 -9999.0 -9999.0
-9999.0 -9999.0 225.436608 128.311413 29.911401 -68.881513 -167.827001 -266.832177 -365.846749 -464.836430 -563.754260 -662.486209 -760.967126 -859.264116 -957.412915 -1055.579186 -1153.371187 -1250.078834 -1345.252331 -1437.876236 -1526.017102 -1606.570313 -1676.333978 -1733.494883 -1778.119296 -1811.652057 -1836.137419 -1853.636290 -1865.935775 -1874.465260 -1880.314879 -1884.289940 -1886.971213 -1888.769466 -1889.970992 -1890.775173 -1891.330530 -1891.799939 -1892.585895 -1894.968068 -1899.663721 -1863.933563 -1171.184873 -1185.585098 -1170.944134 -1161.360989 -1156.875080 -1156.200614 -1156.128618 -1156.135477 -1156.153702 -1156.173319 -1156.192174 -1156.209637 -1156.225866 -1156.244925 -1156.305046 -1156.707574 -1159.091416 -1164.392198 -1171.465977 -1146.763990 -1838.118919 -1893.386976 -1893.539540 -1892.688584 -1892.483179 -1892.446733 -1892.441270 -1892.440968 -1892.441443 -1892.441942 -1892.442348 -1892.442662 -1892.442905 -1892.443094 -1892.443246 -1892.443370 -1892.443474 -1892.443569 -1892.443663 -1892.443768 -1892.443899 -1892.444080 -1892.444347 -1892.444754 -1892.445395 -1892.446419 -1892.448090 -1892.450868 -1892.455600 -1892.463886 -1892.478833 -1892.506616 -1892.559740 -1892.664230 -1892.876802 -1893.329861 -1894.359352 -1896.905921 -1903.998168 -1927.378311 -9999.0 -9999.0
-9999.0 -9999.0 225.427892 128.309519 29.910914 -68.881656 -167.827047 -266.832193 -365.846755 -464.836432 -563.754261 -662.486209 -760.967126 -859.264116 -957.412915 -1055.579186 -1153.371187 -1250.078834 -1345.252331 -1437.876236 -1526.017101 -1606.570313 -1676.333977 -1733.494883 -1778.119296 -1811.652057 -1836.137419 -1853.636290 -1865.935775 -1874.465260 -1880.314879 -1884.289940 -1886.971213 -1888.769466 -1889.970992 -1890.775173 -1891.330530 -1891.799939 -1892.585895 -1894.968068 -1899.663721 -1863.933563 -1171.184873 -1185.585098 -1170.944134 -1161.360989 -1156.875080 -1156.200614 -1156.128618 -1156.135477 -1156.153702 -1156.173319 -1156.192174 -1156.209637 -1156.225866 -1156.244925 -1156.305046 -1156.707574 -1159.091416 -1164.392198 -1171.465977 -1146.763990 -1838.118919 -1893.386976 -1893.539540 -1892.688584 -1892.483179 -1892.446733 -1892.441270 -1892.440968 -1892.441443 -1892.441942 -1892.442348 -1892.442662 -1892.442905 -1892.443094 -1892.443246 -1892.443370 -1892.443474 -1892.443569 -1892.443663 -1892.443768 -1892.443899 -1892.444080 -1892.444347 -1892.444754 -1892.445395 -1892.446419 -1892.448090 -1892.450868 -1892.455600 -1892.463886 -1892.478833 -1892.506616 -1892.559740 -1892.664230 -1892.876802 -1893.329861 -1894.359352 -1896.905921 -1903.998168 -1927.378311 -9999.0 -9999.0
-9999.0 -9999.0 -9999.0 -9999.0 -9999.0 -9999.0 -9999.0 -9999.0 -9999.0 -9999.0 -9999.0 -9999.0 -9999.0 -9999.0 -9999.0 -9999.0 -9999.0 -9999.0 -9999.0 -9999.0 -9999.0 -9999.0 -9999.0 -9999.0 -9999.0 -9999.0 -9999.0 -9999.0 -9999.0 -9999.0 -9999.0 -9999.0 -9999.0 -9999.0 -9999.0 -9999.0 -9999.0 -9999.0 -9999.0 -9999.0 -9999.0 -9999.0 -9999.0 -9999.0 -9999.0 -9999.0 -9999.0 -9999.0 -9999.0 -9999.0 -9999.0 -9999.0 -9999.0 -9999.0 -9999.0 -9999.0 -9999.0 -9999.0 -9999.0 -9999.0 -9999.0 -9999.0 -9999.0 -9999.0 -9999.0 -9999.0 -9999.0 -9999.0 -9999.0 -9999.0 -9999.0 -9999.0 -9999.0 -9999.0 -9999.0 -9999.0 -9999.0 -9999.0 -9999.0 -9999.0 -9999.0 -9999.0 -9999.0 -9999.0 -9999.0 -9999.0 -9999.0 -9999.0 -9999.0 -9999.0 -9999.0 -9999.0 -9999.0 -9999.0 -9999.0 -9999.0 -9999.0 -9999.0 -9999.0 -9999.0 -9999.0 -9999.0 -9999.0 -9999.0
-9999.0 -9999.0 -9999.0 -9999.0 -9999.0 -9999.0 -9999.0 -9999.0 -9999.0 -9999.0 -9999.0 -9999.0 -9999.0 -9999.0 -9999.0 -9999.0 -9999.0 -9999.0 -9999.0 -9999.0 -9999.0 -9999.0 -9999.0 -9999.0 -9999.0 -9999.0 -9999.0 -9999.0 -9999.0 -9999.0 -9999.0 -9999.0 -9999.0 -9999.0 -9999.0 -9999.0 -9999.0 -9999.0 -9999.0 -9999.0 -9999.0 -9999.0 -9999.0 -9999.0 -9999.0 -9999.0 -9999.0 -9999.0 -9999.0 -9999.0 -9999.0 -9999.0 -9999.0 -9999.0 -9999.0 -9999.0 -9999.0 -9999.0 -9999.0 -9999.0 -9999.0 -9999.0 -9999.0 -9999.0 -9999.0 -9999.0 -9999.0 -9999.0 -9999.0 -9999.0 -9999.0 -9999.0 -9999.0 -9999.0 -9999.0 -9999.0 -9999.0 -9999.0 -9999.0 -9999.0 -9999.0 -9999.0 -9999.0 -9999.0 -9999.0 -9999.0 -9999.0 -9999.0 -9999.0 -9999.0 -9999.0 -9999.0 -9999.0 -9999.0 -9999.0 -9999.0 -9999.0 -9999.0 -9999.0 -9999.0 -9999.0 -9999.0 -9999.0 -9999.0