inst/processing_geotop_simulation/geotop_simulation/out/maps3D/PwL0002N0275.asc
ncols         104
nrows         10
xllcorner     -2.000000
yllcorner     0.000000
cellsize      1.000000
NODATA_value  -9999.0
-9999.0 -9999.0 -9999.0 -9999.0 -9999.0 -9999.0 -9999.0 -9999.0 -9999.0 -9999.0 -9999.0 -9999.0 -9999.0 -9999.0 -9999.0 -9999.0 -9999.0 -9999.0 -9999.0 -9999.0 -9999.0 -9999.0 -9999.0 -9999.0 -9999.0 -9999.0 -9999.0 -9999.0 -9999.0 -9999.0 -9999.0 -9999.0 -9999.0 -9999.0 -9999.0 -9999.0 -9999.0 -9999.0 -9999.0 -9999.0 -9999.0 -9999.0 -9999.0 -9999.0 -9999.0 -9999.0 -9999.0 -9999.0 -9999.0 -9999.0 -9999.0 -9999.0 -9999.0 -9999.0 -9999.0 -9999.0 -9999.0 -9999.0 -9999.0 -9999.0 -9999.0 -9999.0 -9999.0 -9999.0 -9999.0 -9999.0 -9999.0 -9999.0 -9999.0 -9999.0 -9999.0 -9999.0 -9999.0 -9999.0 -9999.0 -9999.0 -9999.0 -9999.0 -9999.0 -9999.0 -9999.0 -9999.0 -9999.0 -9999.0 -9999.0 -9999.0 -9999.0 -9999.0 -9999.0 -9999.0 -9999.0 -9999.0 -9999.0 -9999.0 -9999.0 -9999.0 -9999.0 -9999.0 -9999.0 -9999.0 -9999.0 -9999.0 -9999.0 -9999.0
-9999.0 -9999.0 -9999.0 -9999.0 -9999.0 -9999.0 -9999.0 -9999.0 -9999.0 -9999.0 -9999.0 -9999.0 -9999.0 -9999.0 -9999.0 -9999.0 -9999.0 -9999.0 -9999.0 -9999.0 -9999.0 -9999.0 -9999.0 -9999.0 -9999.0 -9999.0 -9999.0 -9999.0 -9999.0 -9999.0 -9999.0 -9999.0 -9999.0 -9999.0 -9999.0 -9999.0 -9999.0 -9999.0 -9999.0 -9999.0 -9999.0 -9999.0 -9999.0 -9999.0 -9999.0 -9999.0 -9999.0 -9999.0 -9999.0 -9999.0 -9999.0 -9999.0 -9999.0 -9999.0 -9999.0 -9999.0 -9999.0 -9999.0 -9999.0 -9999.0 -9999.0 -9999.0 -9999.0 -9999.0 -9999.0 -9999.0 -9999.0 -9999.0 -9999.0 -9999.0 -9999.0 -9999.0 -9999.0 -9999.0 -9999.0 -9999.0 -9999.0 -9999.0 -9999.0 -9999.0 -9999.0 -9999.0 -9999.0 -9999.0 -9999.0 -9999.0 -9999.0 -9999.0 -9999.0 -9999.0 -9999.0 -9999.0 -9999.0 -9999.0 -9999.0 -9999.0 -9999.0 -9999.0 -9999.0 -9999.0 -9999.0 -9999.0 -9999.0 -9999.0
-9999.0 -9999.0 77.163900 -18.104463 -115.827623 -214.139168 -312.665415 -411.262193 -509.855159 -608.383740 -706.708852 -804.758291 -902.445426 -999.646267 -1096.739042 -1193.631646 -1289.433494 -1383.541079 -1475.216750 -1563.144757 -1644.199292 -1714.308920 -1770.908557 -1814.006532 -1845.456118 -1867.768158 -1883.315769 -1894.018408 -1901.314426 -1906.243761 -1909.546079 -1911.741530 -1913.191698 -1914.144787 -1914.769342 -1915.180631 -1915.465607 -1915.730690 -1916.298790 -1918.442732 -1924.109615 -1893.335899 -1165.357585 -1163.664667 -1152.867758 -1145.903800 -1142.632861 -1142.137608 -1142.084966 -1142.090852 -1142.105333 -1142.120878 -1142.135816 -1142.149649 -1142.162480 -1142.177304 -1142.222412 -1142.520700 -1144.270338 -1148.168906 -1153.803674 -1147.773462 -1870.949040 -1918.418869 -1917.137546 -1916.245856 -1916.065134 -1916.035476 -1916.031325 -1916.031345 -1916.031967 -1916.032562 -1916.033037 -1916.033400 -1916.033679 -1916.033896 -1916.034068 -1916.034207 -1916.034324 -1916.034429 -1916.034532 -1916.034646 -1916.034791 -1916.034993 -1916.035291 -1916.035750 -1916.036473 -1916.037632 -1916.039519 -1916.042652 -1916.047970 -1916.057243 -1916.073895 -1916.104696 -1916.163261 -1916.277526 -1916.507024 -1916.986973 -1918.051273 -1920.609895 -1927.530804 -1950.090370 -9999.0 -9999.0
-9999.0 -9999.0 77.175442 -18.102396 -115.827106 -214.139018 -312.665367 -411.262177 -509.855153 -608.383738 -706.708851 -804.758290 -902.445426 -999.646267 -1096.739042 -1193.631646 -1289.433494 -1383.541079 -1475.216750 -1563.144757 -1644.199292 -1714.308920 -1770.908557 -1814.006532 -1845.456118 -1867.768158 -1883.315769 -1894.018408 -1901.314426 -1906.243761 -1909.546079 -1911.741530 -1913.191698 -1914.144787 -1914.769342 -1915.180631 -1915.465607 -1915.730690 -1916.298790 -1918.442732 -1924.109615 -1893.335899 -1165.357585 -1163.664667 -1152.867758 -1145.903799 -1142.632861 -1142.137608 -1142.084966 -1142.090852 -1142.105333 -1142.120878 -1142.135816 -1142.149649 -1142.162480 -1142.177304 -1142.222412 -1142.520700 -1144.270338 -1148.168906 -1153.803674 -1147.773462 -1870.949040 -1918.418869 -1917.137546 -1916.245856 -1916.065134 -1916.035476 -1916.031325 -1916.031345 -1916.031967 -1916.032562 -1916.033037 -1916.033400 -1916.033679 -1916.033896 -1916.034068 -1916.034207 -1916.034324 -1916.034429 -1916.034532 -1916.034646 -1916.034791 -1916.034993 -1916.035291 -1916.035750 -1916.036473 -1916.037632 -1916.039519 -1916.042652 -1916.047970 -1916.057243 -1916.073895 -1916.104696 -1916.163261 -1916.277526 -1916.507024 -1916.986973 -1918.051273 -1920.609895 -1927.530804 -1950.090370 -9999.0 -9999.0
-9999.0 -9999.0 77.176694 -18.101568 -115.826780 -214.138900 -312.665325 -411.262162 -509.855148 -608.383736 -706.708850 -804.758290 -902.445426 -999.646267 -1096.739042 -1193.631646 -1289.433494 -1383.541079 -1475.216750 -1563.144757 -1644.199293 -1714.308920 -1770.908557 -1814.006532 -1845.456118 -1867.768158 -1883.315769 -1894.018408 -1901.314426 -1906.243761 -1909.546079 -1911.741530 -1913.191698 -1914.144787 -1914.769342 -1915.180631 -1915.465607 -1915.730690 -1916.298790 -1918.442732 -1924.109615 -1893.335899 -1165.357585 -1163.664667 -1152.867758 -1145.903799 -1142.632861 -1142.137608 -1142.084966 -1142.090852 -1142.105333 -1142.120878 -1142.135816 -1142.149649 -1142.162480 -1142.177304 -1142.222412 -1142.520700 -1144.270338 -1148.168906 -1153.803674 -1147.773462 -1870.949040 -1918.418869 -1917.137546 -1916.245856 -1916.065134 -1916.035476 -1916.031325 -1916.031345 -1916.031967 -1916.032562 -1916.033037 -1916.033400 -1916.033679 -1916.033896 -1916.034068 -1916.034207 -1916.034324 -1916.034429 -1916.034532 -1916.034646 -1916.034791 -1916.034993 -1916.035291 -1916.035750 -1916.036473 -1916.037632 -1916.039519 -1916.042652 -1916.047970 -1916.057243 -1916.073895 -1916.104696 -1916.163261 -1916.277526 -1916.507024 -1916.986973 -1918.051273 -1920.609895 -1927.530804 -1950.090370 -9999.0 -9999.0
-9999.0 -9999.0 77.176694 -18.101568 -115.826780 -214.138900 -312.665325 -411.262162 -509.855148 -608.383736 -706.708850 -804.758290 -902.445426 -999.646267 -1096.739042 -1193.631646 -1289.433494 -1383.541079 -1475.216750 -1563.144757 -1644.199293 -1714.308920 -1770.908557 -1814.006532 -1845.456118 -1867.768158 -1883.315769 -1894.018408 -1901.314426 -1906.243761 -1909.546079 -1911.741530 -1913.191698 -1914.144787 -1914.769342 -1915.180631 -1915.465607 -1915.730690 -1916.298790 -1918.442732 -1924.109615 -1893.335899 -1165.357585 -1163.664667 -1152.867758 -1145.903799 -1142.632861 -1142.137608 -1142.084966 -1142.090852 -1142.105333 -1142.120878 -1142.135816 -1142.149649 -1142.162480 -1142.177304 -1142.222412 -1142.520700 -1144.270338 -1148.168906 -1153.803674 -1147.773462 -1870.949040 -1918.418869 -1917.137546 -1916.245856 -1916.065134 -1916.035476 -1916.031325 -1916.031345 -1916.031967 -1916.032562 -1916.033037 -1916.033400 -1916.033679 -1916.033896 -1916.034068 -1916.034207 -1916.034324 -1916.034429 -1916.034532 -1916.034646 -1916.034791 -1916.034993 -1916.035291 -1916.035750 -1916.036473 -1916.037632 -1916.039519 -1916.042652 -1916.047970 -1916.057243 -1916.073895 -1916.104696 -1916.163261 -1916.277526 -1916.507024 -1916.986973 -1918.051273 -1920.609895 -1927.530804 -1950.090370 -9999.0 -9999.0
-9999.0 -9999.0 77.175442 -18.102396 -115.827106 -214.139018 -312.665367 -411.262177 -509.855153 -608.383738 -706.708851 -804.758290 -902.445426 -999.646267 -1096.739042 -1193.631646 -1289.433494 -1383.541079 -1475.216750 -1563.144757 -1644.199292 -1714.308920 -1770.908557 -1814.006532 -1845.456118 -1867.768158 -1883.315769 -1894.018408 -1901.314426 -1906.243761 -1909.546079 -1911.741530 -1913.191698 -1914.144787 -1914.769342 -1915.180631 -1915.465607 -1915.730690 -1916.298790 -1918.442732 -1924.109615 -1893.335899 -1165.357585 -1163.664667 -1152.867758 -1145.903799 -1142.632861 -1142.137608 -1142.084966 -1142.090852 -1142.105333 -1142.120878 -1142.135816 -1142.149649 -1142.162480 -1142.177304 -1142.222412 -1142.520700 -1144.270338 -1148.168906 -1153.803674 -1147.773462 -1870.949040 -1918.418869 -1917.137546 -1916.245856 -1916.065134 -1916.035476 -1916.031325 -1916.031345 -1916.031967 -1916.032562 -1916.033037 -1916.033400 -1916.033679 -1916.033896 -1916.034068 -1916.034207 -1916.034324 -1916.034429 -1916.034532 -1916.034646 -1916.034791 -1916.034993 -1916.035291 -1916.035750 -1916.036473 -1916.037632 -1916.039519 -1916.042652 -1916.047970 -1916.057243 -1916.073895 -1916.104696 -1916.163261 -1916.277526 -1916.507024 -1916.986973 -1918.051273 -1920.609895 -1927.530804 -1950.090370 -9999.0 -9999.0
-9999.0 -9999.0 77.163900 -18.104463 -115.827623 -214.139168 -312.665415 -411.262193 -509.855159 -608.383740 -706.708851 -804.758291 -902.445426 -999.646267 -1096.739042 -1193.631646 -1289.433494 -1383.541079 -1475.216750 -1563.144757 -1644.199292 -1714.308920 -1770.908557 -1814.006532 -1845.456118 -1867.768158 -1883.315769 -1894.018408 -1901.314426 -1906.243761 -1909.546079 -1911.741530 -1913.191698 -1914.144787 -1914.769342 -1915.180631 -1915.465607 -1915.730690 -1916.298790 -1918.442732 -1924.109615 -1893.335899 -1165.357585 -1163.664667 -1152.867758 -1145.903800 -1142.632861 -1142.137608 -1142.084966 -1142.090852 -1142.105333 -1142.120878 -1142.135816 -1142.149649 -1142.162480 -1142.177304 -1142.222412 -1142.520700 -1144.270338 -1148.168906 -1153.803674 -1147.773462 -1870.949040 -1918.418869 -1917.137546 -1916.245856 -1916.065134 -1916.035476 -1916.031325 -1916.031345 -1916.031967 -1916.032562 -1916.033037 -1916.033400 -1916.033679 -1916.033896 -1916.034068 -1916.034207 -1916.034324 -1916.034429 -1916.034532 -1916.034646 -1916.034791 -1916.034993 -1916.035291 -1916.035750 -1916.036473 -1916.037632 -1916.039519 -1916.042652 -1916.047970 -1916.057243 -1916.073895 -1916.104696 -1916.163261 -1916.277526 -1916.507024 -1916.986973 -1918.051273 -1920.609895 -1927.530804 -1950.090370 -9999.0 -9999.0
-9999.0 -9999.0 -9999.0 -9999.0 -9999.0 -9999.0 -9999.0 -9999.0 -9999.0 -9999.0 -9999.0 -9999.0 -9999.0 -9999.0 -9999.0 -9999.0 -9999.0 -9999.0 -9999.0 -9999.0 -9999.0 -9999.0 -9999.0 -9999.0 -9999.0 -9999.0 -9999.0 -9999.0 -9999.0 -9999.0 -9999.0 -9999.0 -9999.0 -9999.0 -9999.0 -9999.0 -9999.0 -9999.0 -9999.0 -9999.0 -9999.0 -9999.0 -9999.0 -9999.0 -9999.0 -9999.0 -9999.0 -9999.0 -9999.0 -9999.0 -9999.0 -9999.0 -9999.0 -9999.0 -9999.0 -9999.0 -9999.0 -9999.0 -9999.0 -9999.0 -9999.0 -9999.0 -9999.0 -9999.0 -9999.0 -9999.0 -9999.0 -9999.0 -9999.0 -9999.0 -9999.0 -9999.0 -9999.0 -9999.0 -9999.0 -9999.0 -9999.0 -9999.0 -9999.0 -9999.0 -9999.0 -9999.0 -9999.0 -9999.0 -9999.0 -9999.0 -9999.0 -9999.0 -9999.0 -9999.0 -9999.0 -9999.0 -9999.0 -9999.0 -9999.0 -9999.0 -9999.0 -9999.0 -9999.0 -9999.0 -9999.0 -9999.0 -9999.0 -9999.0
-9999.0 -9999.0 -9999.0 -9999.0 -9999.0 -9999.0 -9999.0 -9999.0 -9999.0 -9999.0 -9999.0 -9999.0 -9999.0 -9999.0 -9999.0 -9999.0 -9999.0 -9999.0 -9999.0 -9999.0 -9999.0 -9999.0 -9999.0 -9999.0 -9999.0 -9999.0 -9999.0 -9999.0 -9999.0 -9999.0 -9999.0 -9999.0 -9999.0 -9999.0 -9999.0 -9999.0 -9999.0 -9999.0 -9999.0 -9999.0 -9999.0 -9999.0 -9999.0 -9999.0 -9999.0 -9999.0 -9999.0 -9999.0 -9999.0 -9999.0 -9999.0 -9999.0 -9999.0 -9999.0 -9999.0 -9999.0 -9999.0 -9999.0 -9999.0 -9999.0 -9999.0 -9999.0 -9999.0 -9999.0 -9999.0 -9999.0 -9999.0 -9999.0 -9999.0 -9999.0 -9999.0 -9999.0 -9999.0 -9999.0 -9999.0 -9999.0 -9999.0 -9999.0 -9999.0 -9999.0 -9999.0 -9999.0 -9999.0 -9999.0 -9999.0 -9999.0 -9999.0 -9999.0 -9999.0 -9999.0 -9999.0 -9999.0 -9999.0 -9999.0 -9999.0 -9999.0 -9999.0 -9999.0 -9999.0 -9999.0 -9999.0 -9999.0 -9999.0 -9999.0