inst/processing_geotop_simulation/geotop_simulation/out/maps3D/PwL0010N0232.asc
ncols         104
nrows         10
xllcorner     -2.000000
yllcorner     0.000000
cellsize      1.000000
NODATA_value  -9999.0
-9999.0 -9999.0 -9999.0 -9999.0 -9999.0 -9999.0 -9999.0 -9999.0 -9999.0 -9999.0 -9999.0 -9999.0 -9999.0 -9999.0 -9999.0 -9999.0 -9999.0 -9999.0 -9999.0 -9999.0 -9999.0 -9999.0 -9999.0 -9999.0 -9999.0 -9999.0 -9999.0 -9999.0 -9999.0 -9999.0 -9999.0 -9999.0 -9999.0 -9999.0 -9999.0 -9999.0 -9999.0 -9999.0 -9999.0 -9999.0 -9999.0 -9999.0 -9999.0 -9999.0 -9999.0 -9999.0 -9999.0 -9999.0 -9999.0 -9999.0 -9999.0 -9999.0 -9999.0 -9999.0 -9999.0 -9999.0 -9999.0 -9999.0 -9999.0 -9999.0 -9999.0 -9999.0 -9999.0 -9999.0 -9999.0 -9999.0 -9999.0 -9999.0 -9999.0 -9999.0 -9999.0 -9999.0 -9999.0 -9999.0 -9999.0 -9999.0 -9999.0 -9999.0 -9999.0 -9999.0 -9999.0 -9999.0 -9999.0 -9999.0 -9999.0 -9999.0 -9999.0 -9999.0 -9999.0 -9999.0 -9999.0 -9999.0 -9999.0 -9999.0 -9999.0 -9999.0 -9999.0 -9999.0 -9999.0 -9999.0 -9999.0 -9999.0 -9999.0 -9999.0
-9999.0 -9999.0 -9999.0 -9999.0 -9999.0 -9999.0 -9999.0 -9999.0 -9999.0 -9999.0 -9999.0 -9999.0 -9999.0 -9999.0 -9999.0 -9999.0 -9999.0 -9999.0 -9999.0 -9999.0 -9999.0 -9999.0 -9999.0 -9999.0 -9999.0 -9999.0 -9999.0 -9999.0 -9999.0 -9999.0 -9999.0 -9999.0 -9999.0 -9999.0 -9999.0 -9999.0 -9999.0 -9999.0 -9999.0 -9999.0 -9999.0 -9999.0 -9999.0 -9999.0 -9999.0 -9999.0 -9999.0 -9999.0 -9999.0 -9999.0 -9999.0 -9999.0 -9999.0 -9999.0 -9999.0 -9999.0 -9999.0 -9999.0 -9999.0 -9999.0 -9999.0 -9999.0 -9999.0 -9999.0 -9999.0 -9999.0 -9999.0 -9999.0 -9999.0 -9999.0 -9999.0 -9999.0 -9999.0 -9999.0 -9999.0 -9999.0 -9999.0 -9999.0 -9999.0 -9999.0 -9999.0 -9999.0 -9999.0 -9999.0 -9999.0 -9999.0 -9999.0 -9999.0 -9999.0 -9999.0 -9999.0 -9999.0 -9999.0 -9999.0 -9999.0 -9999.0 -9999.0 -9999.0 -9999.0 -9999.0 -9999.0 -9999.0 -9999.0 -9999.0
-9999.0 -9999.0 476.947212 381.202448 284.110751 186.386817 88.394314 -9.707250 -107.838551 -205.963202 -304.032506 -401.968348 -499.603330 -596.587357 -692.497442 -788.892053 -884.896403 -980.528982 -1075.913223 -1166.659062 -1252.154503 -1328.866541 -1393.941197 -1446.269317 -1486.469216 -1516.251485 -1537.711706 -1552.847606 -1563.339987 -1570.508051 -1575.344592 -1578.574346 -1580.713362 -1582.121258 -1583.044359 -1583.651015 -1584.063812 -1584.412349 -1585.044505 -1587.478053 -1597.094403 -1620.531642 -1380.938430 -1657.110887 -1574.568741 -1525.599291 -1503.617876 -1500.749586 -1500.459442 -1500.490353 -1500.566951 -1500.648995 -1500.727761 -1500.800653 -1500.868074 -1500.944516 -1501.172950 -1502.785411 -1514.024966 -1539.914465 -1578.165185 -1289.901127 -1589.438113 -1590.567211 -1586.190131 -1585.112269 -1584.925056 -1584.895837 -1584.891883 -1584.892015 -1584.892723 -1584.893386 -1584.893912 -1584.894315 -1584.894625 -1584.894866 -1584.895057 -1584.895212 -1584.895342 -1584.895459 -1584.895573 -1584.895700 -1584.895860 -1584.896082 -1584.896410 -1584.896912 -1584.897703 -1584.898969 -1584.901030 -1584.904446 -1584.910238 -1584.920323 -1584.938411 -1584.971834 -1585.035334 -1585.159173 -1585.407872 -1585.928066 -1587.081045 -1589.836649 -1597.140752 -1620.135464 -9999.0 -9999.0
-9999.0 -9999.0 476.953676 381.204245 284.111252 186.386968 88.394363 -9.707233 -107.838545 -205.963200 -304.032505 -401.968347 -499.603329 -596.587357 -692.497442 -788.892053 -884.896403 -980.528982 -1075.913223 -1166.659062 -1252.154504 -1328.866541 -1393.941198 -1446.269317 -1486.469216 -1516.251485 -1537.711706 -1552.847606 -1563.339987 -1570.508052 -1575.344592 -1578.574346 -1580.713362 -1582.121258 -1583.044359 -1583.651015 -1584.063812 -1584.412349 -1585.044505 -1587.478053 -1597.094403 -1620.531642 -1380.938430 -1657.110886 -1574.568740 -1525.599290 -1503.617876 -1500.749586 -1500.459442 -1500.490353 -1500.566951 -1500.648995 -1500.727761 -1500.800653 -1500.868074 -1500.944516 -1501.172950 -1502.785411 -1514.024966 -1539.914465 -1578.165185 -1289.901127 -1589.438113 -1590.567211 -1586.190131 -1585.112269 -1584.925056 -1584.895837 -1584.891883 -1584.892015 -1584.892723 -1584.893386 -1584.893912 -1584.894315 -1584.894625 -1584.894866 -1584.895057 -1584.895212 -1584.895342 -1584.895459 -1584.895573 -1584.895700 -1584.895860 -1584.896082 -1584.896410 -1584.896912 -1584.897703 -1584.898969 -1584.901030 -1584.904446 -1584.910238 -1584.920323 -1584.938411 -1584.971834 -1585.035334 -1585.159173 -1585.407872 -1585.928066 -1587.081045 -1589.836649 -1597.140752 -1620.135464 -9999.0 -9999.0
-9999.0 -9999.0 476.955209 381.205051 284.111576 186.387087 88.394406 -9.707218 -107.838539 -205.963198 -304.032504 -401.968347 -499.603329 -596.587357 -692.497442 -788.892053 -884.896403 -980.528982 -1075.913223 -1166.659062 -1252.154504 -1328.866542 -1393.941198 -1446.269317 -1486.469216 -1516.251485 -1537.711706 -1552.847606 -1563.339987 -1570.508052 -1575.344592 -1578.574346 -1580.713362 -1582.121258 -1583.044359 -1583.651015 -1584.063812 -1584.412349 -1585.044505 -1587.478053 -1597.094403 -1620.531642 -1380.938430 -1657.110886 -1574.568740 -1525.599290 -1503.617876 -1500.749586 -1500.459442 -1500.490353 -1500.566951 -1500.648995 -1500.727761 -1500.800653 -1500.868074 -1500.944516 -1501.172950 -1502.785411 -1514.024966 -1539.914465 -1578.165185 -1289.901127 -1589.438113 -1590.567211 -1586.190131 -1585.112269 -1584.925056 -1584.895837 -1584.891883 -1584.892015 -1584.892723 -1584.893386 -1584.893912 -1584.894315 -1584.894625 -1584.894866 -1584.895057 -1584.895212 -1584.895342 -1584.895459 -1584.895573 -1584.895700 -1584.895860 -1584.896082 -1584.896410 -1584.896912 -1584.897703 -1584.898969 -1584.901030 -1584.904446 -1584.910238 -1584.920323 -1584.938411 -1584.971834 -1585.035334 -1585.159173 -1585.407872 -1585.928066 -1587.081045 -1589.836649 -1597.140752 -1620.135464 -9999.0 -9999.0
-9999.0 -9999.0 476.955209 381.205051 284.111576 186.387087 88.394406 -9.707218 -107.838539 -205.963198 -304.032504 -401.968347 -499.603329 -596.587357 -692.497442 -788.892053 -884.896403 -980.528982 -1075.913223 -1166.659062 -1252.154504 -1328.866542 -1393.941198 -1446.269317 -1486.469216 -1516.251485 -1537.711706 -1552.847606 -1563.339987 -1570.508052 -1575.344592 -1578.574346 -1580.713362 -1582.121258 -1583.044359 -1583.651015 -1584.063812 -1584.412349 -1585.044505 -1587.478053 -1597.094403 -1620.531642 -1380.938430 -1657.110886 -1574.568740 -1525.599290 -1503.617876 -1500.749586 -1500.459442 -1500.490353 -1500.566951 -1500.648995 -1500.727761 -1500.800653 -1500.868074 -1500.944516 -1501.172950 -1502.785411 -1514.024966 -1539.914465 -1578.165185 -1289.901127 -1589.438113 -1590.567211 -1586.190131 -1585.112269 -1584.925056 -1584.895837 -1584.891883 -1584.892015 -1584.892723 -1584.893386 -1584.893912 -1584.894315 -1584.894625 -1584.894866 -1584.895057 -1584.895212 -1584.895342 -1584.895459 -1584.895573 -1584.895700 -1584.895860 -1584.896082 -1584.896410 -1584.896912 -1584.897703 -1584.898969 -1584.901030 -1584.904446 -1584.910238 -1584.920323 -1584.938411 -1584.971834 -1585.035334 -1585.159173 -1585.407872 -1585.928066 -1587.081045 -1589.836649 -1597.140752 -1620.135464 -9999.0 -9999.0
-9999.0 -9999.0 476.953676 381.204245 284.111252 186.386968 88.394363 -9.707233 -107.838545 -205.963200 -304.032505 -401.968347 -499.603329 -596.587357 -692.497442 -788.892053 -884.896403 -980.528982 -1075.913223 -1166.659062 -1252.154504 -1328.866541 -1393.941198 -1446.269317 -1486.469216 -1516.251485 -1537.711706 -1552.847606 -1563.339987 -1570.508052 -1575.344592 -1578.574346 -1580.713362 -1582.121258 -1583.044359 -1583.651015 -1584.063812 -1584.412349 -1585.044505 -1587.478053 -1597.094403 -1620.531642 -1380.938430 -1657.110886 -1574.568740 -1525.599290 -1503.617876 -1500.749586 -1500.459442 -1500.490353 -1500.566951 -1500.648995 -1500.727761 -1500.800653 -1500.868074 -1500.944516 -1501.172950 -1502.785411 -1514.024966 -1539.914465 -1578.165185 -1289.901127 -1589.438113 -1590.567211 -1586.190131 -1585.112269 -1584.925056 -1584.895837 -1584.891883 -1584.892015 -1584.892723 -1584.893386 -1584.893912 -1584.894315 -1584.894625 -1584.894866 -1584.895057 -1584.895212 -1584.895342 -1584.895459 -1584.895573 -1584.895700 -1584.895860 -1584.896082 -1584.896410 -1584.896912 -1584.897703 -1584.898969 -1584.901030 -1584.904446 -1584.910238 -1584.920323 -1584.938411 -1584.971834 -1585.035334 -1585.159173 -1585.407872 -1585.928066 -1587.081045 -1589.836649 -1597.140752 -1620.135464 -9999.0 -9999.0
-9999.0 -9999.0 476.947212 381.202447 284.110751 186.386817 88.394315 -9.707250 -107.838550 -205.963202 -304.032506 -401.968348 -499.603330 -596.587357 -692.497442 -788.892053 -884.896403 -980.528982 -1075.913223 -1166.659062 -1252.154503 -1328.866541 -1393.941197 -1446.269317 -1486.469216 -1516.251485 -1537.711706 -1552.847606 -1563.339987 -1570.508051 -1575.344592 -1578.574346 -1580.713362 -1582.121258 -1583.044359 -1583.651015 -1584.063812 -1584.412349 -1585.044505 -1587.478053 -1597.094403 -1620.531642 -1380.938430 -1657.110887 -1574.568741 -1525.599291 -1503.617876 -1500.749586 -1500.459442 -1500.490353 -1500.566951 -1500.648995 -1500.727761 -1500.800653 -1500.868074 -1500.944516 -1501.172950 -1502.785411 -1514.024966 -1539.914465 -1578.165185 -1289.901127 -1589.438113 -1590.567211 -1586.190131 -1585.112269 -1584.925056 -1584.895837 -1584.891883 -1584.892015 -1584.892723 -1584.893386 -1584.893912 -1584.894315 -1584.894625 -1584.894866 -1584.895057 -1584.895212 -1584.895342 -1584.895459 -1584.895573 -1584.895700 -1584.895860 -1584.896082 -1584.896410 -1584.896912 -1584.897703 -1584.898969 -1584.901030 -1584.904446 -1584.910238 -1584.920323 -1584.938411 -1584.971834 -1585.035334 -1585.159173 -1585.407872 -1585.928066 -1587.081045 -1589.836649 -1597.140752 -1620.135464 -9999.0 -9999.0
-9999.0 -9999.0 -9999.0 -9999.0 -9999.0 -9999.0 -9999.0 -9999.0 -9999.0 -9999.0 -9999.0 -9999.0 -9999.0 -9999.0 -9999.0 -9999.0 -9999.0 -9999.0 -9999.0 -9999.0 -9999.0 -9999.0 -9999.0 -9999.0 -9999.0 -9999.0 -9999.0 -9999.0 -9999.0 -9999.0 -9999.0 -9999.0 -9999.0 -9999.0 -9999.0 -9999.0 -9999.0 -9999.0 -9999.0 -9999.0 -9999.0 -9999.0 -9999.0 -9999.0 -9999.0 -9999.0 -9999.0 -9999.0 -9999.0 -9999.0 -9999.0 -9999.0 -9999.0 -9999.0 -9999.0 -9999.0 -9999.0 -9999.0 -9999.0 -9999.0 -9999.0 -9999.0 -9999.0 -9999.0 -9999.0 -9999.0 -9999.0 -9999.0 -9999.0 -9999.0 -9999.0 -9999.0 -9999.0 -9999.0 -9999.0 -9999.0 -9999.0 -9999.0 -9999.0 -9999.0 -9999.0 -9999.0 -9999.0 -9999.0 -9999.0 -9999.0 -9999.0 -9999.0 -9999.0 -9999.0 -9999.0 -9999.0 -9999.0 -9999.0 -9999.0 -9999.0 -9999.0 -9999.0 -9999.0 -9999.0 -9999.0 -9999.0 -9999.0 -9999.0
-9999.0 -9999.0 -9999.0 -9999.0 -9999.0 -9999.0 -9999.0 -9999.0 -9999.0 -9999.0 -9999.0 -9999.0 -9999.0 -9999.0 -9999.0 -9999.0 -9999.0 -9999.0 -9999.0 -9999.0 -9999.0 -9999.0 -9999.0 -9999.0 -9999.0 -9999.0 -9999.0 -9999.0 -9999.0 -9999.0 -9999.0 -9999.0 -9999.0 -9999.0 -9999.0 -9999.0 -9999.0 -9999.0 -9999.0 -9999.0 -9999.0 -9999.0 -9999.0 -9999.0 -9999.0 -9999.0 -9999.0 -9999.0 -9999.0 -9999.0 -9999.0 -9999.0 -9999.0 -9999.0 -9999.0 -9999.0 -9999.0 -9999.0 -9999.0 -9999.0 -9999.0 -9999.0 -9999.0 -9999.0 -9999.0 -9999.0 -9999.0 -9999.0 -9999.0 -9999.0 -9999.0 -9999.0 -9999.0 -9999.0 -9999.0 -9999.0 -9999.0 -9999.0 -9999.0 -9999.0 -9999.0 -9999.0 -9999.0 -9999.0 -9999.0 -9999.0 -9999.0 -9999.0 -9999.0 -9999.0 -9999.0 -9999.0 -9999.0 -9999.0 -9999.0 -9999.0 -9999.0 -9999.0 -9999.0 -9999.0 -9999.0 -9999.0 -9999.0 -9999.0