inst/processing_geotop_simulation/geotop_simulation/out/maps3D/PwL0022N0018.asc
ncols         104
nrows         10
xllcorner     -2.000000
yllcorner     0.000000
cellsize      1.000000
NODATA_value  -9999.0
-9999.0 -9999.0 -9999.0 -9999.0 -9999.0 -9999.0 -9999.0 -9999.0 -9999.0 -9999.0 -9999.0 -9999.0 -9999.0 -9999.0 -9999.0 -9999.0 -9999.0 -9999.0 -9999.0 -9999.0 -9999.0 -9999.0 -9999.0 -9999.0 -9999.0 -9999.0 -9999.0 -9999.0 -9999.0 -9999.0 -9999.0 -9999.0 -9999.0 -9999.0 -9999.0 -9999.0 -9999.0 -9999.0 -9999.0 -9999.0 -9999.0 -9999.0 -9999.0 -9999.0 -9999.0 -9999.0 -9999.0 -9999.0 -9999.0 -9999.0 -9999.0 -9999.0 -9999.0 -9999.0 -9999.0 -9999.0 -9999.0 -9999.0 -9999.0 -9999.0 -9999.0 -9999.0 -9999.0 -9999.0 -9999.0 -9999.0 -9999.0 -9999.0 -9999.0 -9999.0 -9999.0 -9999.0 -9999.0 -9999.0 -9999.0 -9999.0 -9999.0 -9999.0 -9999.0 -9999.0 -9999.0 -9999.0 -9999.0 -9999.0 -9999.0 -9999.0 -9999.0 -9999.0 -9999.0 -9999.0 -9999.0 -9999.0 -9999.0 -9999.0 -9999.0 -9999.0 -9999.0 -9999.0 -9999.0 -9999.0 -9999.0 -9999.0 -9999.0 -9999.0
-9999.0 -9999.0 -9999.0 -9999.0 -9999.0 -9999.0 -9999.0 -9999.0 -9999.0 -9999.0 -9999.0 -9999.0 -9999.0 -9999.0 -9999.0 -9999.0 -9999.0 -9999.0 -9999.0 -9999.0 -9999.0 -9999.0 -9999.0 -9999.0 -9999.0 -9999.0 -9999.0 -9999.0 -9999.0 -9999.0 -9999.0 -9999.0 -9999.0 -9999.0 -9999.0 -9999.0 -9999.0 -9999.0 -9999.0 -9999.0 -9999.0 -9999.0 -9999.0 -9999.0 -9999.0 -9999.0 -9999.0 -9999.0 -9999.0 -9999.0 -9999.0 -9999.0 -9999.0 -9999.0 -9999.0 -9999.0 -9999.0 -9999.0 -9999.0 -9999.0 -9999.0 -9999.0 -9999.0 -9999.0 -9999.0 -9999.0 -9999.0 -9999.0 -9999.0 -9999.0 -9999.0 -9999.0 -9999.0 -9999.0 -9999.0 -9999.0 -9999.0 -9999.0 -9999.0 -9999.0 -9999.0 -9999.0 -9999.0 -9999.0 -9999.0 -9999.0 -9999.0 -9999.0 -9999.0 -9999.0 -9999.0 -9999.0 -9999.0 -9999.0 -9999.0 -9999.0 -9999.0 -9999.0 -9999.0 -9999.0 -9999.0 -9999.0 -9999.0 -9999.0
-9999.0 -9999.0 1061.314611 964.119743 867.425813 769.085145 667.962385 564.012266 457.073863 345.683072 226.138647 106.906051 -10.074683 -121.666291 -219.977471 -286.704837 -320.240988 -334.549467 -339.217108 -339.563521 -338.654911 -133.703309 66.468303 281.000567 504.347366 582.103598 511.057194 437.857426 362.941907 286.896313 210.151914 132.658440 54.890393 -19.846456 -90.105741 -154.660431 -211.198144 -256.506429 -287.433173 -301.060139 -283.789587 -190.961903 -3240.916832 -3886.131855 -3886.138614 -3886.138614 -3886.138614 -3886.138614 -3886.138614 -3886.138614 -3886.138614 -3886.138614 -3886.138614 -3886.138614 -3886.138614 -3886.138614 -3886.138614 -3886.138612 -3886.138592 -3886.138410 -3886.122303 -3079.875321 581.250580 533.223067 481.982668 427.761031 371.676648 314.353777 256.254716 197.781784 139.574954 81.972946 25.332777 -29.967404 -83.133158 -133.113012 -178.723273 -218.761377 -252.262830 -278.996731 -299.571574 -315.202188 -326.538171 -334.814027 -340.970089 -345.344370 -348.705554 -351.248715 -353.410490 -355.405450 -357.574992 -360.285926 -364.009767 -369.459943 -377.646729 -389.987506 -408.606873 -437.246723 -500.046475 -789.299316 -3493.624202 -3886.359688 -9999.0 -9999.0
-9999.0 -9999.0 1061.342796 964.133249 867.431266 769.087277 667.963221 564.012600 457.073999 345.683129 226.138671 106.906061 -10.074679 -121.666289 -219.977470 -286.704837 -320.240988 -334.549467 -339.217108 -339.563521 -338.654911 -133.703309 66.468303 281.000567 504.347366 582.103598 511.057194 437.857426 362.941907 286.896313 210.151914 132.658440 54.890393 -19.846456 -90.105741 -154.660431 -211.198144 -256.506428 -287.433172 -301.060137 -283.789584 -190.961909 -3240.916832 -3886.131855 -3886.138614 -3886.138614 -3886.138614 -3886.138614 -3886.138614 -3886.138614 -3886.138614 -3886.138614 -3886.138614 -3886.138614 -3886.138614 -3886.138614 -3886.138614 -3886.138612 -3886.138592 -3886.138410 -3886.122303 -3079.875321 581.250580 533.223067 481.982667 427.761031 371.676647 314.353776 256.254716 197.781784 139.574954 81.972946 25.332777 -29.967404 -83.133158 -133.113012 -178.723273 -218.761377 -252.262830 -278.996731 -299.571574 -315.202188 -326.538171 -334.814027 -340.970089 -345.344370 -348.705554 -351.248715 -353.410490 -355.405450 -357.574992 -360.285926 -364.009767 -369.459943 -377.646729 -389.987506 -408.606873 -437.246723 -500.046475 -789.299316 -3493.624199 -3886.359688 -9999.0 -9999.0
-9999.0 -9999.0 1061.357249 964.141940 867.435457 769.089114 667.963991 564.012919 457.074133 345.683185 226.138695 106.906072 -10.074674 -121.666287 -219.977469 -286.704837 -320.240988 -334.549467 -339.217108 -339.563521 -338.654911 -133.703309 66.468303 281.000567 504.347366 582.103598 511.057194 437.857426 362.941907 286.896313 210.151914 132.658440 54.890393 -19.846456 -90.105741 -154.660431 -211.198144 -256.506428 -287.433172 -301.060136 -283.789583 -190.961912 -3240.916832 -3886.131855 -3886.138614 -3886.138614 -3886.138614 -3886.138614 -3886.138614 -3886.138614 -3886.138614 -3886.138614 -3886.138614 -3886.138614 -3886.138614 -3886.138614 -3886.138614 -3886.138612 -3886.138592 -3886.138410 -3886.122303 -3079.875321 581.250580 533.223067 481.982667 427.761031 371.676647 314.353776 256.254716 197.781784 139.574954 81.972946 25.332777 -29.967405 -83.133158 -133.113012 -178.723273 -218.761377 -252.262830 -278.996731 -299.571574 -315.202188 -326.538171 -334.814027 -340.970089 -345.344370 -348.705554 -351.248715 -353.410490 -355.405450 -357.574992 -360.285926 -364.009767 -369.459943 -377.646729 -389.987506 -408.606873 -437.246723 -500.046475 -789.299314 -3493.624193 -3886.359688 -9999.0 -9999.0
-9999.0 -9999.0 1061.357249 964.141940 867.435457 769.089114 667.963991 564.012919 457.074133 345.683185 226.138695 106.906072 -10.074674 -121.666287 -219.977469 -286.704837 -320.240988 -334.549467 -339.217108 -339.563521 -338.654911 -133.703309 66.468303 281.000567 504.347366 582.103598 511.057194 437.857426 362.941907 286.896313 210.151914 132.658440 54.890393 -19.846456 -90.105741 -154.660431 -211.198144 -256.506428 -287.433172 -301.060136 -283.789583 -190.961912 -3240.916832 -3886.131855 -3886.138614 -3886.138614 -3886.138614 -3886.138614 -3886.138614 -3886.138614 -3886.138614 -3886.138614 -3886.138614 -3886.138614 -3886.138614 -3886.138614 -3886.138614 -3886.138612 -3886.138592 -3886.138410 -3886.122303 -3079.875321 581.250580 533.223067 481.982667 427.761031 371.676647 314.353776 256.254716 197.781784 139.574954 81.972946 25.332777 -29.967405 -83.133158 -133.113012 -178.723273 -218.761377 -252.262830 -278.996731 -299.571574 -315.202188 -326.538171 -334.814027 -340.970089 -345.344370 -348.705554 -351.248715 -353.410490 -355.405450 -357.574992 -360.285926 -364.009767 -369.459943 -377.646729 -389.987506 -408.606873 -437.246723 -500.046475 -789.299315 -3493.624195 -3886.359688 -9999.0 -9999.0
-9999.0 -9999.0 1061.342796 964.133249 867.431266 769.087277 667.963221 564.012600 457.073999 345.683129 226.138671 106.906061 -10.074679 -121.666289 -219.977470 -286.704837 -320.240988 -334.549467 -339.217108 -339.563521 -338.654911 -133.703309 66.468303 281.000567 504.347366 582.103598 511.057194 437.857426 362.941907 286.896313 210.151914 132.658440 54.890393 -19.846456 -90.105741 -154.660431 -211.198144 -256.506428 -287.433172 -301.060137 -283.789584 -190.961909 -3240.916832 -3886.131855 -3886.138614 -3886.138614 -3886.138614 -3886.138614 -3886.138614 -3886.138614 -3886.138614 -3886.138614 -3886.138614 -3886.138614 -3886.138614 -3886.138614 -3886.138614 -3886.138612 -3886.138592 -3886.138410 -3886.122303 -3079.875321 581.250580 533.223067 481.982668 427.761031 371.676647 314.353776 256.254716 197.781784 139.574954 81.972946 25.332777 -29.967404 -83.133158 -133.113012 -178.723273 -218.761377 -252.262830 -278.996731 -299.571574 -315.202188 -326.538171 -334.814027 -340.970089 -345.344370 -348.705554 -351.248715 -353.410490 -355.405450 -357.574992 -360.285926 -364.009767 -369.459943 -377.646729 -389.987506 -408.606873 -437.246723 -500.046475 -789.299315 -3493.624197 -3886.359688 -9999.0 -9999.0
-9999.0 -9999.0 1061.314611 964.119743 867.425813 769.085145 667.962385 564.012266 457.073863 345.683072 226.138647 106.906051 -10.074683 -121.666291 -219.977471 -286.704837 -320.240988 -334.549467 -339.217108 -339.563521 -338.654911 -133.703309 66.468303 281.000567 504.347366 582.103597 511.057194 437.857426 362.941907 286.896313 210.151914 132.658440 54.890393 -19.846456 -90.105741 -154.660431 -211.198144 -256.506429 -287.433173 -301.060139 -283.789587 -190.961903 -3240.916832 -3886.131855 -3886.138614 -3886.138614 -3886.138614 -3886.138614 -3886.138614 -3886.138614 -3886.138614 -3886.138614 -3886.138614 -3886.138614 -3886.138614 -3886.138614 -3886.138614 -3886.138612 -3886.138592 -3886.138410 -3886.122303 -3079.875321 581.250580 533.223067 481.982668 427.761031 371.676648 314.353777 256.254716 197.781785 139.574954 81.972946 25.332777 -29.967404 -83.133158 -133.113012 -178.723273 -218.761377 -252.262830 -278.996731 -299.571574 -315.202188 -326.538171 -334.814027 -340.970089 -345.344370 -348.705554 -351.248715 -353.410490 -355.405450 -357.574992 -360.285926 -364.009767 -369.459943 -377.646729 -389.987506 -408.606873 -437.246723 -500.046475 -789.299317 -3493.624204 -3886.359688 -9999.0 -9999.0
-9999.0 -9999.0 -9999.0 -9999.0 -9999.0 -9999.0 -9999.0 -9999.0 -9999.0 -9999.0 -9999.0 -9999.0 -9999.0 -9999.0 -9999.0 -9999.0 -9999.0 -9999.0 -9999.0 -9999.0 -9999.0 -9999.0 -9999.0 -9999.0 -9999.0 -9999.0 -9999.0 -9999.0 -9999.0 -9999.0 -9999.0 -9999.0 -9999.0 -9999.0 -9999.0 -9999.0 -9999.0 -9999.0 -9999.0 -9999.0 -9999.0 -9999.0 -9999.0 -9999.0 -9999.0 -9999.0 -9999.0 -9999.0 -9999.0 -9999.0 -9999.0 -9999.0 -9999.0 -9999.0 -9999.0 -9999.0 -9999.0 -9999.0 -9999.0 -9999.0 -9999.0 -9999.0 -9999.0 -9999.0 -9999.0 -9999.0 -9999.0 -9999.0 -9999.0 -9999.0 -9999.0 -9999.0 -9999.0 -9999.0 -9999.0 -9999.0 -9999.0 -9999.0 -9999.0 -9999.0 -9999.0 -9999.0 -9999.0 -9999.0 -9999.0 -9999.0 -9999.0 -9999.0 -9999.0 -9999.0 -9999.0 -9999.0 -9999.0 -9999.0 -9999.0 -9999.0 -9999.0 -9999.0 -9999.0 -9999.0 -9999.0 -9999.0 -9999.0 -9999.0
-9999.0 -9999.0 -9999.0 -9999.0 -9999.0 -9999.0 -9999.0 -9999.0 -9999.0 -9999.0 -9999.0 -9999.0 -9999.0 -9999.0 -9999.0 -9999.0 -9999.0 -9999.0 -9999.0 -9999.0 -9999.0 -9999.0 -9999.0 -9999.0 -9999.0 -9999.0 -9999.0 -9999.0 -9999.0 -9999.0 -9999.0 -9999.0 -9999.0 -9999.0 -9999.0 -9999.0 -9999.0 -9999.0 -9999.0 -9999.0 -9999.0 -9999.0 -9999.0 -9999.0 -9999.0 -9999.0 -9999.0 -9999.0 -9999.0 -9999.0 -9999.0 -9999.0 -9999.0 -9999.0 -9999.0 -9999.0 -9999.0 -9999.0 -9999.0 -9999.0 -9999.0 -9999.0 -9999.0 -9999.0 -9999.0 -9999.0 -9999.0 -9999.0 -9999.0 -9999.0 -9999.0 -9999.0 -9999.0 -9999.0 -9999.0 -9999.0 -9999.0 -9999.0 -9999.0 -9999.0 -9999.0 -9999.0 -9999.0 -9999.0 -9999.0 -9999.0 -9999.0 -9999.0 -9999.0 -9999.0 -9999.0 -9999.0 -9999.0 -9999.0 -9999.0 -9999.0 -9999.0 -9999.0 -9999.0 -9999.0 -9999.0 -9999.0 -9999.0 -9999.0