inst/processing_geotop_simulation/geotop_simulation/out/maps3D/PwL0012N0028.asc
ncols         104
nrows         10
xllcorner     -2.000000
yllcorner     0.000000
cellsize      1.000000
NODATA_value  -9999.0
-9999.0 -9999.0 -9999.0 -9999.0 -9999.0 -9999.0 -9999.0 -9999.0 -9999.0 -9999.0 -9999.0 -9999.0 -9999.0 -9999.0 -9999.0 -9999.0 -9999.0 -9999.0 -9999.0 -9999.0 -9999.0 -9999.0 -9999.0 -9999.0 -9999.0 -9999.0 -9999.0 -9999.0 -9999.0 -9999.0 -9999.0 -9999.0 -9999.0 -9999.0 -9999.0 -9999.0 -9999.0 -9999.0 -9999.0 -9999.0 -9999.0 -9999.0 -9999.0 -9999.0 -9999.0 -9999.0 -9999.0 -9999.0 -9999.0 -9999.0 -9999.0 -9999.0 -9999.0 -9999.0 -9999.0 -9999.0 -9999.0 -9999.0 -9999.0 -9999.0 -9999.0 -9999.0 -9999.0 -9999.0 -9999.0 -9999.0 -9999.0 -9999.0 -9999.0 -9999.0 -9999.0 -9999.0 -9999.0 -9999.0 -9999.0 -9999.0 -9999.0 -9999.0 -9999.0 -9999.0 -9999.0 -9999.0 -9999.0 -9999.0 -9999.0 -9999.0 -9999.0 -9999.0 -9999.0 -9999.0 -9999.0 -9999.0 -9999.0 -9999.0 -9999.0 -9999.0 -9999.0 -9999.0 -9999.0 -9999.0 -9999.0 -9999.0 -9999.0 -9999.0
-9999.0 -9999.0 -9999.0 -9999.0 -9999.0 -9999.0 -9999.0 -9999.0 -9999.0 -9999.0 -9999.0 -9999.0 -9999.0 -9999.0 -9999.0 -9999.0 -9999.0 -9999.0 -9999.0 -9999.0 -9999.0 -9999.0 -9999.0 -9999.0 -9999.0 -9999.0 -9999.0 -9999.0 -9999.0 -9999.0 -9999.0 -9999.0 -9999.0 -9999.0 -9999.0 -9999.0 -9999.0 -9999.0 -9999.0 -9999.0 -9999.0 -9999.0 -9999.0 -9999.0 -9999.0 -9999.0 -9999.0 -9999.0 -9999.0 -9999.0 -9999.0 -9999.0 -9999.0 -9999.0 -9999.0 -9999.0 -9999.0 -9999.0 -9999.0 -9999.0 -9999.0 -9999.0 -9999.0 -9999.0 -9999.0 -9999.0 -9999.0 -9999.0 -9999.0 -9999.0 -9999.0 -9999.0 -9999.0 -9999.0 -9999.0 -9999.0 -9999.0 -9999.0 -9999.0 -9999.0 -9999.0 -9999.0 -9999.0 -9999.0 -9999.0 -9999.0 -9999.0 -9999.0 -9999.0 -9999.0 -9999.0 -9999.0 -9999.0 -9999.0 -9999.0 -9999.0 -9999.0 -9999.0 -9999.0 -9999.0 -9999.0 -9999.0 -9999.0 -9999.0
-9999.0 -9999.0 425.630632 326.499693 225.845334 123.185881 18.979127 -85.034036 -180.074555 -242.292816 -321.620762 -361.709230 -381.465655 -391.411366 -391.316498 -378.555217 -235.619661 -93.644671 61.351952 234.579061 297.977188 234.215404 163.149628 85.872256 4.087951 -79.988310 -162.141633 -234.264678 -287.541639 -320.200747 -337.490210 -345.799568 -349.473410 -350.785490 -350.701996 -349.496242 -347.130474 -341.263849 -313.502046 -308.733415 -383.787248 -327.424103 -2716.827704 -4380.972048 -4381.188118 -4381.188119 -4381.188119 -4381.188119 -4381.188119 -4381.188119 -4381.188119 -4381.188119 -4381.188119 -4381.188119 -4381.188119 -4381.188119 -4381.188119 -4381.188119 -4381.188119 -4381.188117 -4380.815981 -2594.496334 -216.419353 -286.089754 -317.939955 -333.544355 -342.244626 -347.467970 -350.664905 -352.642344 -353.870049 -354.634665 -355.111806 -355.409189 -355.594786 -355.710948 -355.784407 -355.831820 -355.864231 -355.889351 -355.913252 -355.941443 -355.979811 -356.037027 -356.125352 -356.263703 -356.481536 -356.824904 -357.366308 -358.219157 -359.560248 -361.663240 -364.946865 -370.041012 -377.869517 -389.738740 -407.403286 -433.061540 -469.265286 -519.242883 -591.694991 -709.452555 -9999.0 -9999.0
-9999.0 -9999.0 425.733189 326.535788 225.857539 123.190101 18.980678 -85.033467 -180.074357 -242.292759 -321.620746 -361.709226 -381.465654 -391.411366 -391.316498 -378.555217 -235.619661 -93.644671 61.351952 234.579061 297.977188 234.215405 163.149628 85.872256 4.087951 -79.988310 -162.141633 -234.264678 -287.541639 -320.200747 -337.490210 -345.799568 -349.473410 -350.785490 -350.701996 -349.496242 -347.130474 -341.263848 -313.502046 -308.733416 -383.787248 -327.424102 -2716.827703 -4380.972048 -4381.188118 -4381.188119 -4381.188119 -4381.188119 -4381.188119 -4381.188119 -4381.188119 -4381.188119 -4381.188119 -4381.188119 -4381.188119 -4381.188119 -4381.188119 -4381.188119 -4381.188119 -4381.188117 -4380.815981 -2594.496334 -216.419351 -286.089754 -317.939955 -333.544355 -342.244627 -347.467970 -350.664905 -352.642344 -353.870049 -354.634665 -355.111806 -355.409189 -355.594786 -355.710948 -355.784407 -355.831820 -355.864231 -355.889351 -355.913252 -355.941443 -355.979811 -356.037027 -356.125352 -356.263703 -356.481536 -356.824904 -357.366308 -358.219157 -359.560248 -361.663240 -364.946865 -370.041012 -377.869517 -389.738740 -407.403286 -433.061540 -469.265286 -519.242883 -591.694991 -709.452556 -9999.0 -9999.0
-9999.0 -9999.0 425.780574 326.558332 225.866862 123.193735 18.982106 -85.032923 -180.074164 -242.292704 -321.620730 -361.709223 -381.465653 -391.411366 -391.316498 -378.555217 -235.619661 -93.644671 61.351952 234.579061 297.977188 234.215405 163.149628 85.872256 4.087951 -79.988310 -162.141633 -234.264678 -287.541639 -320.200747 -337.490210 -345.799568 -349.473410 -350.785490 -350.701996 -349.496242 -347.130474 -341.263848 -313.502046 -308.733417 -383.787248 -327.424101 -2716.827703 -4380.972048 -4381.188118 -4381.188119 -4381.188119 -4381.188119 -4381.188119 -4381.188119 -4381.188119 -4381.188119 -4381.188119 -4381.188119 -4381.188119 -4381.188119 -4381.188119 -4381.188119 -4381.188119 -4381.188117 -4380.815981 -2594.496334 -216.419354 -286.089754 -317.939955 -333.544355 -342.244627 -347.467970 -350.664905 -352.642344 -353.870049 -354.634665 -355.111806 -355.409189 -355.594786 -355.710948 -355.784407 -355.831820 -355.864231 -355.889351 -355.913252 -355.941443 -355.979811 -356.037027 -356.125352 -356.263703 -356.481536 -356.824904 -357.366308 -358.219157 -359.560248 -361.663240 -364.946865 -370.041012 -377.869517 -389.738740 -407.403286 -433.061540 -469.265286 -519.242883 -591.694991 -709.452555 -9999.0 -9999.0
-9999.0 -9999.0 425.780574 326.558332 225.866862 123.193735 18.982106 -85.032922 -180.074164 -242.292704 -321.620730 -361.709223 -381.465653 -391.411366 -391.316498 -378.555217 -235.619661 -93.644671 61.351952 234.579061 297.977188 234.215405 163.149628 85.872256 4.087951 -79.988310 -162.141633 -234.264678 -287.541639 -320.200747 -337.490210 -345.799568 -349.473410 -350.785490 -350.701996 -349.496242 -347.130474 -341.263848 -313.502046 -308.733417 -383.787248 -327.424101 -2716.827703 -4380.972048 -4381.188118 -4381.188119 -4381.188119 -4381.188119 -4381.188119 -4381.188119 -4381.188119 -4381.188119 -4381.188119 -4381.188119 -4381.188119 -4381.188119 -4381.188119 -4381.188119 -4381.188119 -4381.188117 -4380.815981 -2594.496334 -216.419352 -286.089754 -317.939955 -333.544355 -342.244627 -347.467970 -350.664905 -352.642344 -353.870049 -354.634665 -355.111806 -355.409189 -355.594786 -355.710948 -355.784407 -355.831820 -355.864231 -355.889351 -355.913252 -355.941443 -355.979811 -356.037027 -356.125352 -356.263703 -356.481536 -356.824904 -357.366308 -358.219157 -359.560248 -361.663240 -364.946865 -370.041012 -377.869517 -389.738740 -407.403286 -433.061540 -469.265286 -519.242883 -591.694991 -709.452555 -9999.0 -9999.0
-9999.0 -9999.0 425.733190 326.535788 225.857539 123.190101 18.980678 -85.033467 -180.074357 -242.292759 -321.620746 -361.709226 -381.465654 -391.411366 -391.316498 -378.555217 -235.619661 -93.644671 61.351952 234.579061 297.977188 234.215405 163.149628 85.872256 4.087951 -79.988310 -162.141633 -234.264678 -287.541639 -320.200747 -337.490210 -345.799568 -349.473410 -350.785490 -350.701996 -349.496242 -347.130474 -341.263848 -313.502046 -308.733416 -383.787248 -327.424102 -2716.827703 -4380.972048 -4381.188118 -4381.188119 -4381.188119 -4381.188119 -4381.188119 -4381.188119 -4381.188119 -4381.188119 -4381.188119 -4381.188119 -4381.188119 -4381.188119 -4381.188119 -4381.188119 -4381.188119 -4381.188117 -4380.815981 -2594.496334 -216.419350 -286.089753 -317.939955 -333.544355 -342.244627 -347.467970 -350.664905 -352.642344 -353.870049 -354.634665 -355.111806 -355.409189 -355.594786 -355.710948 -355.784407 -355.831820 -355.864231 -355.889351 -355.913252 -355.941443 -355.979811 -356.037027 -356.125352 -356.263703 -356.481536 -356.824904 -357.366308 -358.219157 -359.560248 -361.663240 -364.946865 -370.041012 -377.869517 -389.738740 -407.403286 -433.061540 -469.265286 -519.242883 -591.694991 -709.452555 -9999.0 -9999.0
-9999.0 -9999.0 425.630632 326.499693 225.845334 123.185881 18.979127 -85.034036 -180.074555 -242.292816 -321.620762 -361.709230 -381.465655 -391.411366 -391.316498 -378.555217 -235.619661 -93.644671 61.351952 234.579061 297.977188 234.215404 163.149628 85.872256 4.087951 -79.988310 -162.141633 -234.264678 -287.541639 -320.200747 -337.490210 -345.799568 -349.473410 -350.785490 -350.701996 -349.496242 -347.130474 -341.263849 -313.502046 -308.733415 -383.787248 -327.424103 -2716.827704 -4380.972048 -4381.188118 -4381.188119 -4381.188119 -4381.188119 -4381.188119 -4381.188119 -4381.188119 -4381.188119 -4381.188119 -4381.188119 -4381.188119 -4381.188119 -4381.188119 -4381.188119 -4381.188119 -4381.188117 -4380.815981 -2594.496334 -216.419348 -286.089753 -317.939955 -333.544354 -342.244626 -347.467970 -350.664905 -352.642344 -353.870049 -354.634665 -355.111806 -355.409189 -355.594786 -355.710948 -355.784407 -355.831820 -355.864231 -355.889351 -355.913252 -355.941443 -355.979811 -356.037027 -356.125352 -356.263703 -356.481536 -356.824904 -357.366308 -358.219157 -359.560248 -361.663240 -364.946865 -370.041012 -377.869517 -389.738740 -407.403286 -433.061540 -469.265286 -519.242883 -591.694991 -709.452556 -9999.0 -9999.0
-9999.0 -9999.0 -9999.0 -9999.0 -9999.0 -9999.0 -9999.0 -9999.0 -9999.0 -9999.0 -9999.0 -9999.0 -9999.0 -9999.0 -9999.0 -9999.0 -9999.0 -9999.0 -9999.0 -9999.0 -9999.0 -9999.0 -9999.0 -9999.0 -9999.0 -9999.0 -9999.0 -9999.0 -9999.0 -9999.0 -9999.0 -9999.0 -9999.0 -9999.0 -9999.0 -9999.0 -9999.0 -9999.0 -9999.0 -9999.0 -9999.0 -9999.0 -9999.0 -9999.0 -9999.0 -9999.0 -9999.0 -9999.0 -9999.0 -9999.0 -9999.0 -9999.0 -9999.0 -9999.0 -9999.0 -9999.0 -9999.0 -9999.0 -9999.0 -9999.0 -9999.0 -9999.0 -9999.0 -9999.0 -9999.0 -9999.0 -9999.0 -9999.0 -9999.0 -9999.0 -9999.0 -9999.0 -9999.0 -9999.0 -9999.0 -9999.0 -9999.0 -9999.0 -9999.0 -9999.0 -9999.0 -9999.0 -9999.0 -9999.0 -9999.0 -9999.0 -9999.0 -9999.0 -9999.0 -9999.0 -9999.0 -9999.0 -9999.0 -9999.0 -9999.0 -9999.0 -9999.0 -9999.0 -9999.0 -9999.0 -9999.0 -9999.0 -9999.0 -9999.0
-9999.0 -9999.0 -9999.0 -9999.0 -9999.0 -9999.0 -9999.0 -9999.0 -9999.0 -9999.0 -9999.0 -9999.0 -9999.0 -9999.0 -9999.0 -9999.0 -9999.0 -9999.0 -9999.0 -9999.0 -9999.0 -9999.0 -9999.0 -9999.0 -9999.0 -9999.0 -9999.0 -9999.0 -9999.0 -9999.0 -9999.0 -9999.0 -9999.0 -9999.0 -9999.0 -9999.0 -9999.0 -9999.0 -9999.0 -9999.0 -9999.0 -9999.0 -9999.0 -9999.0 -9999.0 -9999.0 -9999.0 -9999.0 -9999.0 -9999.0 -9999.0 -9999.0 -9999.0 -9999.0 -9999.0 -9999.0 -9999.0 -9999.0 -9999.0 -9999.0 -9999.0 -9999.0 -9999.0 -9999.0 -9999.0 -9999.0 -9999.0 -9999.0 -9999.0 -9999.0 -9999.0 -9999.0 -9999.0 -9999.0 -9999.0 -9999.0 -9999.0 -9999.0 -9999.0 -9999.0 -9999.0 -9999.0 -9999.0 -9999.0 -9999.0 -9999.0 -9999.0 -9999.0 -9999.0 -9999.0 -9999.0 -9999.0 -9999.0 -9999.0 -9999.0 -9999.0 -9999.0 -9999.0 -9999.0 -9999.0 -9999.0 -9999.0 -9999.0 -9999.0