inst/processing_geotop_simulation/geotop_simulation/out/maps3D/PwL0004N0419.asc
ncols         104
nrows         10
xllcorner     -2.000000
yllcorner     0.000000
cellsize      1.000000
NODATA_value  -9999.0
-9999.0 -9999.0 -9999.0 -9999.0 -9999.0 -9999.0 -9999.0 -9999.0 -9999.0 -9999.0 -9999.0 -9999.0 -9999.0 -9999.0 -9999.0 -9999.0 -9999.0 -9999.0 -9999.0 -9999.0 -9999.0 -9999.0 -9999.0 -9999.0 -9999.0 -9999.0 -9999.0 -9999.0 -9999.0 -9999.0 -9999.0 -9999.0 -9999.0 -9999.0 -9999.0 -9999.0 -9999.0 -9999.0 -9999.0 -9999.0 -9999.0 -9999.0 -9999.0 -9999.0 -9999.0 -9999.0 -9999.0 -9999.0 -9999.0 -9999.0 -9999.0 -9999.0 -9999.0 -9999.0 -9999.0 -9999.0 -9999.0 -9999.0 -9999.0 -9999.0 -9999.0 -9999.0 -9999.0 -9999.0 -9999.0 -9999.0 -9999.0 -9999.0 -9999.0 -9999.0 -9999.0 -9999.0 -9999.0 -9999.0 -9999.0 -9999.0 -9999.0 -9999.0 -9999.0 -9999.0 -9999.0 -9999.0 -9999.0 -9999.0 -9999.0 -9999.0 -9999.0 -9999.0 -9999.0 -9999.0 -9999.0 -9999.0 -9999.0 -9999.0 -9999.0 -9999.0 -9999.0 -9999.0 -9999.0 -9999.0 -9999.0 -9999.0 -9999.0 -9999.0
-9999.0 -9999.0 -9999.0 -9999.0 -9999.0 -9999.0 -9999.0 -9999.0 -9999.0 -9999.0 -9999.0 -9999.0 -9999.0 -9999.0 -9999.0 -9999.0 -9999.0 -9999.0 -9999.0 -9999.0 -9999.0 -9999.0 -9999.0 -9999.0 -9999.0 -9999.0 -9999.0 -9999.0 -9999.0 -9999.0 -9999.0 -9999.0 -9999.0 -9999.0 -9999.0 -9999.0 -9999.0 -9999.0 -9999.0 -9999.0 -9999.0 -9999.0 -9999.0 -9999.0 -9999.0 -9999.0 -9999.0 -9999.0 -9999.0 -9999.0 -9999.0 -9999.0 -9999.0 -9999.0 -9999.0 -9999.0 -9999.0 -9999.0 -9999.0 -9999.0 -9999.0 -9999.0 -9999.0 -9999.0 -9999.0 -9999.0 -9999.0 -9999.0 -9999.0 -9999.0 -9999.0 -9999.0 -9999.0 -9999.0 -9999.0 -9999.0 -9999.0 -9999.0 -9999.0 -9999.0 -9999.0 -9999.0 -9999.0 -9999.0 -9999.0 -9999.0 -9999.0 -9999.0 -9999.0 -9999.0 -9999.0 -9999.0 -9999.0 -9999.0 -9999.0 -9999.0 -9999.0 -9999.0 -9999.0 -9999.0 -9999.0 -9999.0 -9999.0 -9999.0
-9999.0 -9999.0 174.899171 76.903876 -22.032355 -121.236248 -220.542267 -319.887389 -419.238986 -518.575414 -617.866519 -717.043684 -816.147637 -915.127306 -1014.041765 -1112.988690 -1211.615521 -1309.788332 -1407.169005 -1503.084658 -1596.223877 -1684.273006 -1764.135706 -1833.034160 -1889.581201 -1934.011311 -1967.711785 -1992.580930 -2010.546520 -2023.310518 -2032.260051 -2038.469406 -2042.741716 -2045.662097 -2047.649086 -2049.000612 -2049.940490 -2050.699652 -2051.741721 -2054.075300 -2054.909814 -1991.810602 -1224.639051 -1230.446226 -1218.353146 -1210.282809 -1206.491072 -1205.897129 -1205.832217 -1205.837541 -1205.852935 -1205.869565 -1205.885560 -1205.900380 -1205.914198 -1205.930818 -1205.985304 -1206.344882 -1208.377636 -1212.853357 -1218.501309 -1203.988054 -1965.936960 -2048.905629 -2052.687132 -2052.120777 -2051.908056 -2051.864071 -2051.856780 -2051.856050 -2051.856365 -2051.856770 -2051.857113 -2051.857382 -2051.857593 -2051.857761 -2051.857897 -2051.858011 -2051.858109 -2051.858200 -2051.858291 -2051.858391 -2051.858515 -2051.858683 -2051.858924 -2051.859287 -2051.859851 -2051.860748 -2051.862205 -2051.864629 -2051.868768 -2051.876044 -2051.889234 -2051.913891 -2051.961376 -2052.055749 -2052.250778 -2052.675629 -2053.667933 -2056.204362 -2063.500703 -2087.803237 -9999.0 -9999.0
-9999.0 -9999.0 174.907975 76.905677 -22.031897 -121.236114 -220.542224 -319.887374 -419.238980 -518.575412 -617.866518 -717.043684 -816.147636 -915.127306 -1014.041765 -1112.988691 -1211.615522 -1309.788332 -1407.169006 -1503.084658 -1596.223877 -1684.273006 -1764.135706 -1833.034160 -1889.581201 -1934.011311 -1967.711785 -1992.580930 -2010.546520 -2023.310518 -2032.260051 -2038.469406 -2042.741716 -2045.662097 -2047.649086 -2049.000612 -2049.940490 -2050.699652 -2051.741721 -2054.075300 -2054.909814 -1991.810602 -1224.639051 -1230.446226 -1218.353146 -1210.282809 -1206.491072 -1205.897129 -1205.832217 -1205.837541 -1205.852935 -1205.869565 -1205.885560 -1205.900380 -1205.914198 -1205.930818 -1205.985304 -1206.344882 -1208.377636 -1212.853357 -1218.501309 -1203.988054 -1965.936960 -2048.905629 -2052.687132 -2052.120777 -2051.908056 -2051.864071 -2051.856780 -2051.856050 -2051.856365 -2051.856770 -2051.857113 -2051.857382 -2051.857593 -2051.857761 -2051.857897 -2051.858011 -2051.858109 -2051.858200 -2051.858291 -2051.858391 -2051.858515 -2051.858683 -2051.858924 -2051.859287 -2051.859851 -2051.860748 -2051.862205 -2051.864629 -2051.868768 -2051.876044 -2051.889234 -2051.913891 -2051.961376 -2052.055749 -2052.250778 -2052.675629 -2053.667933 -2056.204362 -2063.500703 -2087.803237 -9999.0 -9999.0
-9999.0 -9999.0 174.909216 76.906412 -22.031607 -121.236009 -220.542187 -319.887361 -419.238975 -518.575410 -617.866517 -717.043683 -816.147636 -915.127306 -1014.041766 -1112.988691 -1211.615522 -1309.788333 -1407.169006 -1503.084658 -1596.223877 -1684.273006 -1764.135706 -1833.034160 -1889.581201 -1934.011311 -1967.711785 -1992.580930 -2010.546520 -2023.310518 -2032.260051 -2038.469406 -2042.741716 -2045.662097 -2047.649086 -2049.000612 -2049.940490 -2050.699652 -2051.741721 -2054.075300 -2054.909814 -1991.810602 -1224.639051 -1230.446226 -1218.353146 -1210.282809 -1206.491072 -1205.897129 -1205.832217 -1205.837541 -1205.852935 -1205.869565 -1205.885560 -1205.900380 -1205.914198 -1205.930818 -1205.985304 -1206.344882 -1208.377636 -1212.853357 -1218.501309 -1203.988054 -1965.936960 -2048.905629 -2052.687132 -2052.120777 -2051.908056 -2051.864071 -2051.856780 -2051.856050 -2051.856365 -2051.856770 -2051.857113 -2051.857382 -2051.857593 -2051.857761 -2051.857897 -2051.858011 -2051.858109 -2051.858200 -2051.858291 -2051.858391 -2051.858515 -2051.858683 -2051.858924 -2051.859287 -2051.859851 -2051.860748 -2051.862205 -2051.864629 -2051.868768 -2051.876044 -2051.889234 -2051.913891 -2051.961376 -2052.055749 -2052.250778 -2052.675629 -2053.667933 -2056.204362 -2063.500703 -2087.803237 -9999.0 -9999.0
-9999.0 -9999.0 174.909216 76.906412 -22.031607 -121.236009 -220.542187 -319.887361 -419.238975 -518.575410 -617.866517 -717.043683 -816.147636 -915.127306 -1014.041766 -1112.988691 -1211.615522 -1309.788333 -1407.169006 -1503.084658 -1596.223877 -1684.273006 -1764.135706 -1833.034160 -1889.581201 -1934.011311 -1967.711785 -1992.580930 -2010.546520 -2023.310518 -2032.260051 -2038.469406 -2042.741716 -2045.662097 -2047.649086 -2049.000612 -2049.940490 -2050.699652 -2051.741721 -2054.075300 -2054.909814 -1991.810602 -1224.639051 -1230.446226 -1218.353146 -1210.282809 -1206.491072 -1205.897129 -1205.832217 -1205.837541 -1205.852935 -1205.869565 -1205.885560 -1205.900380 -1205.914198 -1205.930818 -1205.985304 -1206.344882 -1208.377636 -1212.853357 -1218.501309 -1203.988054 -1965.936960 -2048.905629 -2052.687132 -2052.120777 -2051.908056 -2051.864071 -2051.856780 -2051.856050 -2051.856365 -2051.856770 -2051.857113 -2051.857382 -2051.857593 -2051.857761 -2051.857897 -2051.858011 -2051.858109 -2051.858200 -2051.858291 -2051.858391 -2051.858515 -2051.858683 -2051.858924 -2051.859287 -2051.859851 -2051.860748 -2051.862205 -2051.864629 -2051.868768 -2051.876044 -2051.889234 -2051.913891 -2051.961376 -2052.055749 -2052.250778 -2052.675629 -2053.667933 -2056.204362 -2063.500703 -2087.803237 -9999.0 -9999.0
-9999.0 -9999.0 174.907975 76.905677 -22.031897 -121.236114 -220.542224 -319.887374 -419.238980 -518.575412 -617.866518 -717.043684 -816.147636 -915.127306 -1014.041766 -1112.988690 -1211.615522 -1309.788332 -1407.169006 -1503.084658 -1596.223877 -1684.273006 -1764.135706 -1833.034160 -1889.581201 -1934.011311 -1967.711785 -1992.580930 -2010.546520 -2023.310518 -2032.260051 -2038.469406 -2042.741716 -2045.662097 -2047.649086 -2049.000612 -2049.940490 -2050.699652 -2051.741721 -2054.075300 -2054.909814 -1991.810602 -1224.639051 -1230.446226 -1218.353146 -1210.282809 -1206.491072 -1205.897129 -1205.832217 -1205.837541 -1205.852935 -1205.869565 -1205.885560 -1205.900380 -1205.914198 -1205.930818 -1205.985304 -1206.344882 -1208.377636 -1212.853357 -1218.501309 -1203.988054 -1965.936960 -2048.905629 -2052.687132 -2052.120777 -2051.908056 -2051.864071 -2051.856780 -2051.856050 -2051.856365 -2051.856770 -2051.857113 -2051.857382 -2051.857593 -2051.857761 -2051.857897 -2051.858011 -2051.858109 -2051.858200 -2051.858291 -2051.858391 -2051.858515 -2051.858683 -2051.858924 -2051.859287 -2051.859851 -2051.860748 -2051.862205 -2051.864629 -2051.868768 -2051.876044 -2051.889234 -2051.913891 -2051.961376 -2052.055749 -2052.250778 -2052.675629 -2053.667933 -2056.204362 -2063.500703 -2087.803237 -9999.0 -9999.0
-9999.0 -9999.0 174.899171 76.903876 -22.032355 -121.236247 -220.542267 -319.887389 -419.238986 -518.575414 -617.866519 -717.043684 -816.147637 -915.127306 -1014.041765 -1112.988690 -1211.615521 -1309.788332 -1407.169005 -1503.084658 -1596.223876 -1684.273006 -1764.135706 -1833.034160 -1889.581201 -1934.011311 -1967.711785 -1992.580930 -2010.546520 -2023.310518 -2032.260051 -2038.469406 -2042.741716 -2045.662097 -2047.649086 -2049.000612 -2049.940490 -2050.699652 -2051.741721 -2054.075300 -2054.909814 -1991.810602 -1224.639051 -1230.446226 -1218.353146 -1210.282809 -1206.491072 -1205.897129 -1205.832217 -1205.837541 -1205.852935 -1205.869565 -1205.885560 -1205.900380 -1205.914198 -1205.930818 -1205.985304 -1206.344882 -1208.377636 -1212.853357 -1218.501309 -1203.988054 -1965.936960 -2048.905629 -2052.687132 -2052.120777 -2051.908056 -2051.864071 -2051.856780 -2051.856050 -2051.856365 -2051.856770 -2051.857113 -2051.857382 -2051.857593 -2051.857761 -2051.857897 -2051.858011 -2051.858109 -2051.858200 -2051.858291 -2051.858391 -2051.858515 -2051.858683 -2051.858924 -2051.859287 -2051.859851 -2051.860748 -2051.862205 -2051.864629 -2051.868768 -2051.876044 -2051.889234 -2051.913891 -2051.961376 -2052.055749 -2052.250778 -2052.675629 -2053.667933 -2056.204362 -2063.500703 -2087.803237 -9999.0 -9999.0
-9999.0 -9999.0 -9999.0 -9999.0 -9999.0 -9999.0 -9999.0 -9999.0 -9999.0 -9999.0 -9999.0 -9999.0 -9999.0 -9999.0 -9999.0 -9999.0 -9999.0 -9999.0 -9999.0 -9999.0 -9999.0 -9999.0 -9999.0 -9999.0 -9999.0 -9999.0 -9999.0 -9999.0 -9999.0 -9999.0 -9999.0 -9999.0 -9999.0 -9999.0 -9999.0 -9999.0 -9999.0 -9999.0 -9999.0 -9999.0 -9999.0 -9999.0 -9999.0 -9999.0 -9999.0 -9999.0 -9999.0 -9999.0 -9999.0 -9999.0 -9999.0 -9999.0 -9999.0 -9999.0 -9999.0 -9999.0 -9999.0 -9999.0 -9999.0 -9999.0 -9999.0 -9999.0 -9999.0 -9999.0 -9999.0 -9999.0 -9999.0 -9999.0 -9999.0 -9999.0 -9999.0 -9999.0 -9999.0 -9999.0 -9999.0 -9999.0 -9999.0 -9999.0 -9999.0 -9999.0 -9999.0 -9999.0 -9999.0 -9999.0 -9999.0 -9999.0 -9999.0 -9999.0 -9999.0 -9999.0 -9999.0 -9999.0 -9999.0 -9999.0 -9999.0 -9999.0 -9999.0 -9999.0 -9999.0 -9999.0 -9999.0 -9999.0 -9999.0 -9999.0
-9999.0 -9999.0 -9999.0 -9999.0 -9999.0 -9999.0 -9999.0 -9999.0 -9999.0 -9999.0 -9999.0 -9999.0 -9999.0 -9999.0 -9999.0 -9999.0 -9999.0 -9999.0 -9999.0 -9999.0 -9999.0 -9999.0 -9999.0 -9999.0 -9999.0 -9999.0 -9999.0 -9999.0 -9999.0 -9999.0 -9999.0 -9999.0 -9999.0 -9999.0 -9999.0 -9999.0 -9999.0 -9999.0 -9999.0 -9999.0 -9999.0 -9999.0 -9999.0 -9999.0 -9999.0 -9999.0 -9999.0 -9999.0 -9999.0 -9999.0 -9999.0 -9999.0 -9999.0 -9999.0 -9999.0 -9999.0 -9999.0 -9999.0 -9999.0 -9999.0 -9999.0 -9999.0 -9999.0 -9999.0 -9999.0 -9999.0 -9999.0 -9999.0 -9999.0 -9999.0 -9999.0 -9999.0 -9999.0 -9999.0 -9999.0 -9999.0 -9999.0 -9999.0 -9999.0 -9999.0 -9999.0 -9999.0 -9999.0 -9999.0 -9999.0 -9999.0 -9999.0 -9999.0 -9999.0 -9999.0 -9999.0 -9999.0 -9999.0 -9999.0 -9999.0 -9999.0 -9999.0 -9999.0 -9999.0 -9999.0 -9999.0 -9999.0 -9999.0 -9999.0