inst/processing_geotop_simulation/geotop_simulation/out/maps3D/PwL0022N0281.asc
ncols         104
nrows         10
xllcorner     -2.000000
yllcorner     0.000000
cellsize      1.000000
NODATA_value  -9999.0
-9999.0 -9999.0 -9999.0 -9999.0 -9999.0 -9999.0 -9999.0 -9999.0 -9999.0 -9999.0 -9999.0 -9999.0 -9999.0 -9999.0 -9999.0 -9999.0 -9999.0 -9999.0 -9999.0 -9999.0 -9999.0 -9999.0 -9999.0 -9999.0 -9999.0 -9999.0 -9999.0 -9999.0 -9999.0 -9999.0 -9999.0 -9999.0 -9999.0 -9999.0 -9999.0 -9999.0 -9999.0 -9999.0 -9999.0 -9999.0 -9999.0 -9999.0 -9999.0 -9999.0 -9999.0 -9999.0 -9999.0 -9999.0 -9999.0 -9999.0 -9999.0 -9999.0 -9999.0 -9999.0 -9999.0 -9999.0 -9999.0 -9999.0 -9999.0 -9999.0 -9999.0 -9999.0 -9999.0 -9999.0 -9999.0 -9999.0 -9999.0 -9999.0 -9999.0 -9999.0 -9999.0 -9999.0 -9999.0 -9999.0 -9999.0 -9999.0 -9999.0 -9999.0 -9999.0 -9999.0 -9999.0 -9999.0 -9999.0 -9999.0 -9999.0 -9999.0 -9999.0 -9999.0 -9999.0 -9999.0 -9999.0 -9999.0 -9999.0 -9999.0 -9999.0 -9999.0 -9999.0 -9999.0 -9999.0 -9999.0 -9999.0 -9999.0 -9999.0 -9999.0
-9999.0 -9999.0 -9999.0 -9999.0 -9999.0 -9999.0 -9999.0 -9999.0 -9999.0 -9999.0 -9999.0 -9999.0 -9999.0 -9999.0 -9999.0 -9999.0 -9999.0 -9999.0 -9999.0 -9999.0 -9999.0 -9999.0 -9999.0 -9999.0 -9999.0 -9999.0 -9999.0 -9999.0 -9999.0 -9999.0 -9999.0 -9999.0 -9999.0 -9999.0 -9999.0 -9999.0 -9999.0 -9999.0 -9999.0 -9999.0 -9999.0 -9999.0 -9999.0 -9999.0 -9999.0 -9999.0 -9999.0 -9999.0 -9999.0 -9999.0 -9999.0 -9999.0 -9999.0 -9999.0 -9999.0 -9999.0 -9999.0 -9999.0 -9999.0 -9999.0 -9999.0 -9999.0 -9999.0 -9999.0 -9999.0 -9999.0 -9999.0 -9999.0 -9999.0 -9999.0 -9999.0 -9999.0 -9999.0 -9999.0 -9999.0 -9999.0 -9999.0 -9999.0 -9999.0 -9999.0 -9999.0 -9999.0 -9999.0 -9999.0 -9999.0 -9999.0 -9999.0 -9999.0 -9999.0 -9999.0 -9999.0 -9999.0 -9999.0 -9999.0 -9999.0 -9999.0 -9999.0 -9999.0 -9999.0 -9999.0 -9999.0 -9999.0 -9999.0 -9999.0
-9999.0 -9999.0 1070.880027 972.564703 874.211434 775.672424 677.022122 578.320975 479.604447 380.892474 282.196363 183.522676 84.875314 -13.740134 -112.317648 -210.846846 -309.284985 -407.545580 -505.464911 -602.750776 -698.891224 -795.366291 -891.025015 -985.604925 -1078.797175 -1157.769289 -1226.909712 -1285.063096 -1332.062718 -1368.657789 -1396.229294 -1416.435267 -1430.915664 -1441.112644 -1448.198708 -1453.079030 -1456.440051 -1458.859980 -1461.151127 -1465.564195 -1479.622772 -1530.540274 -1611.974973 -2400.537398 -3704.667349 -3679.197299 -2993.614098 -2550.364993 -2327.734962 -2186.960210 -2085.484499 -1999.672404 -1946.824836 -1912.258965 -1879.787011 -1845.296157 -1807.433586 -1766.587931 -1724.084667 -1680.709440 -1628.654146 -1394.742545 -1488.349530 -1471.475186 -1465.374609 -1463.896877 -1463.612071 -1463.564082 -1463.556936 -1463.556442 -1463.556949 -1463.557514 -1463.557989 -1463.558370 -1463.558677 -1463.558930 -1463.559143 -1463.559327 -1463.559492 -1463.559648 -1463.559804 -1463.559972 -1463.560169 -1463.560421 -1463.560764 -1463.561258 -1463.561999 -1463.563149 -1463.564987 -1463.568006 -1463.573115 -1463.582040 -1463.598151 -1463.628201 -1463.686090 -1463.801585 -1464.042282 -1464.572772 -1465.819345 -1468.946968 -1477.414516 -1503.210090 -9999.0 -9999.0
-9999.0 -9999.0 1070.882603 972.565750 874.211792 775.672544 677.022163 578.320989 479.604453 380.892476 282.196365 183.522676 84.875314 -13.740134 -112.317648 -210.846846 -309.284985 -407.545581 -505.464911 -602.750776 -698.891224 -795.366291 -891.025015 -985.604925 -1078.797175 -1157.769289 -1226.909712 -1285.063097 -1332.062718 -1368.657789 -1396.229295 -1416.435267 -1430.915664 -1441.112644 -1448.198708 -1453.079030 -1456.440051 -1458.859980 -1461.151127 -1465.564195 -1479.622772 -1530.540274 -1611.974973 -2400.537397 -3704.667349 -3679.197299 -2993.614098 -2550.364992 -2327.734961 -2186.960210 -2085.484498 -1999.672404 -1946.824836 -1912.258965 -1879.787010 -1845.296157 -1807.433585 -1766.587931 -1724.084667 -1680.709440 -1628.654146 -1394.742545 -1488.349530 -1471.475186 -1465.374609 -1463.896877 -1463.612071 -1463.564082 -1463.556936 -1463.556442 -1463.556949 -1463.557514 -1463.557989 -1463.558370 -1463.558677 -1463.558930 -1463.559143 -1463.559327 -1463.559492 -1463.559648 -1463.559804 -1463.559972 -1463.560169 -1463.560421 -1463.560764 -1463.561258 -1463.561999 -1463.563149 -1463.564987 -1463.568006 -1463.573115 -1463.582040 -1463.598151 -1463.628201 -1463.686090 -1463.801585 -1464.042282 -1464.572772 -1465.819345 -1468.946968 -1477.414516 -1503.210090 -9999.0 -9999.0
-9999.0 -9999.0 1070.883680 972.566338 874.212045 775.672642 677.022199 578.321003 479.604458 380.892479 282.196365 183.522677 84.875314 -13.740134 -112.317648 -210.846846 -309.284985 -407.545581 -505.464911 -602.750776 -698.891225 -795.366291 -891.025015 -985.604925 -1078.797175 -1157.769289 -1226.909713 -1285.063097 -1332.062718 -1368.657789 -1396.229295 -1416.435267 -1430.915664 -1441.112644 -1448.198708 -1453.079030 -1456.440051 -1458.859980 -1461.151127 -1465.564195 -1479.622772 -1530.540274 -1611.974973 -2400.537396 -3704.667348 -3679.197299 -2993.614097 -2550.364991 -2327.734961 -2186.960209 -2085.484497 -1999.672404 -1946.824836 -1912.258964 -1879.787010 -1845.296157 -1807.433585 -1766.587931 -1724.084667 -1680.709440 -1628.654146 -1394.742545 -1488.349530 -1471.475186 -1465.374609 -1463.896877 -1463.612071 -1463.564082 -1463.556936 -1463.556442 -1463.556949 -1463.557514 -1463.557989 -1463.558370 -1463.558677 -1463.558930 -1463.559143 -1463.559327 -1463.559492 -1463.559648 -1463.559804 -1463.559972 -1463.560169 -1463.560421 -1463.560764 -1463.561258 -1463.561999 -1463.563149 -1463.564987 -1463.568006 -1463.573115 -1463.582040 -1463.598151 -1463.628201 -1463.686090 -1463.801585 -1464.042282 -1464.572772 -1465.819345 -1468.946968 -1477.414516 -1503.210090 -9999.0 -9999.0
-9999.0 -9999.0 1070.883680 972.566338 874.212045 775.672642 677.022199 578.321002 479.604458 380.892478 282.196365 183.522677 84.875314 -13.740134 -112.317648 -210.846846 -309.284985 -407.545581 -505.464911 -602.750776 -698.891225 -795.366291 -891.025015 -985.604925 -1078.797175 -1157.769289 -1226.909713 -1285.063097 -1332.062718 -1368.657789 -1396.229295 -1416.435267 -1430.915664 -1441.112644 -1448.198708 -1453.079030 -1456.440051 -1458.859980 -1461.151127 -1465.564195 -1479.622772 -1530.540274 -1611.974973 -2400.537396 -3704.667348 -3679.197299 -2993.614097 -2550.364991 -2327.734961 -2186.960209 -2085.484497 -1999.672404 -1946.824836 -1912.258964 -1879.787010 -1845.296157 -1807.433585 -1766.587931 -1724.084667 -1680.709440 -1628.654146 -1394.742545 -1488.349530 -1471.475186 -1465.374609 -1463.896877 -1463.612071 -1463.564082 -1463.556936 -1463.556442 -1463.556949 -1463.557514 -1463.557989 -1463.558370 -1463.558677 -1463.558930 -1463.559143 -1463.559327 -1463.559492 -1463.559648 -1463.559804 -1463.559972 -1463.560169 -1463.560421 -1463.560764 -1463.561258 -1463.561999 -1463.563149 -1463.564987 -1463.568006 -1463.573115 -1463.582040 -1463.598151 -1463.628201 -1463.686090 -1463.801585 -1464.042282 -1464.572772 -1465.819345 -1468.946968 -1477.414516 -1503.210090 -9999.0 -9999.0
-9999.0 -9999.0 1070.882603 972.565750 874.211792 775.672544 677.022163 578.320989 479.604453 380.892477 282.196364 183.522677 84.875314 -13.740134 -112.317648 -210.846846 -309.284985 -407.545581 -505.464911 -602.750776 -698.891224 -795.366291 -891.025015 -985.604925 -1078.797175 -1157.769289 -1226.909712 -1285.063096 -1332.062718 -1368.657789 -1396.229295 -1416.435267 -1430.915664 -1441.112644 -1448.198708 -1453.079030 -1456.440051 -1458.859980 -1461.151127 -1465.564195 -1479.622772 -1530.540274 -1611.974973 -2400.537397 -3704.667349 -3679.197299 -2993.614098 -2550.364992 -2327.734961 -2186.960209 -2085.484498 -1999.672404 -1946.824836 -1912.258964 -1879.787011 -1845.296157 -1807.433585 -1766.587931 -1724.084667 -1680.709440 -1628.654147 -1394.742545 -1488.349530 -1471.475186 -1465.374609 -1463.896877 -1463.612071 -1463.564082 -1463.556936 -1463.556442 -1463.556949 -1463.557514 -1463.557989 -1463.558370 -1463.558677 -1463.558930 -1463.559143 -1463.559327 -1463.559492 -1463.559648 -1463.559804 -1463.559972 -1463.560169 -1463.560421 -1463.560764 -1463.561258 -1463.561999 -1463.563149 -1463.564987 -1463.568006 -1463.573115 -1463.582040 -1463.598151 -1463.628201 -1463.686090 -1463.801585 -1464.042282 -1464.572772 -1465.819345 -1468.946968 -1477.414516 -1503.210090 -9999.0 -9999.0
-9999.0 -9999.0 1070.880028 972.564703 874.211434 775.672424 677.022122 578.320974 479.604448 380.892474 282.196364 183.522676 84.875314 -13.740134 -112.317648 -210.846846 -309.284985 -407.545580 -505.464911 -602.750776 -698.891224 -795.366291 -891.025015 -985.604925 -1078.797175 -1157.769289 -1226.909712 -1285.063096 -1332.062718 -1368.657789 -1396.229294 -1416.435267 -1430.915664 -1441.112644 -1448.198708 -1453.079030 -1456.440051 -1458.859980 -1461.151127 -1465.564195 -1479.622772 -1530.540274 -1611.974973 -2400.537398 -3704.667349 -3679.197299 -2993.614098 -2550.364993 -2327.734962 -2186.960211 -2085.484499 -1999.672404 -1946.824836 -1912.258965 -1879.787011 -1845.296157 -1807.433586 -1766.587931 -1724.084667 -1680.709440 -1628.654147 -1394.742545 -1488.349530 -1471.475186 -1465.374609 -1463.896877 -1463.612071 -1463.564082 -1463.556936 -1463.556442 -1463.556949 -1463.557514 -1463.557989 -1463.558370 -1463.558677 -1463.558930 -1463.559143 -1463.559327 -1463.559492 -1463.559648 -1463.559804 -1463.559972 -1463.560169 -1463.560421 -1463.560764 -1463.561258 -1463.561999 -1463.563149 -1463.564987 -1463.568006 -1463.573115 -1463.582040 -1463.598151 -1463.628201 -1463.686090 -1463.801585 -1464.042282 -1464.572772 -1465.819345 -1468.946968 -1477.414516 -1503.210090 -9999.0 -9999.0
-9999.0 -9999.0 -9999.0 -9999.0 -9999.0 -9999.0 -9999.0 -9999.0 -9999.0 -9999.0 -9999.0 -9999.0 -9999.0 -9999.0 -9999.0 -9999.0 -9999.0 -9999.0 -9999.0 -9999.0 -9999.0 -9999.0 -9999.0 -9999.0 -9999.0 -9999.0 -9999.0 -9999.0 -9999.0 -9999.0 -9999.0 -9999.0 -9999.0 -9999.0 -9999.0 -9999.0 -9999.0 -9999.0 -9999.0 -9999.0 -9999.0 -9999.0 -9999.0 -9999.0 -9999.0 -9999.0 -9999.0 -9999.0 -9999.0 -9999.0 -9999.0 -9999.0 -9999.0 -9999.0 -9999.0 -9999.0 -9999.0 -9999.0 -9999.0 -9999.0 -9999.0 -9999.0 -9999.0 -9999.0 -9999.0 -9999.0 -9999.0 -9999.0 -9999.0 -9999.0 -9999.0 -9999.0 -9999.0 -9999.0 -9999.0 -9999.0 -9999.0 -9999.0 -9999.0 -9999.0 -9999.0 -9999.0 -9999.0 -9999.0 -9999.0 -9999.0 -9999.0 -9999.0 -9999.0 -9999.0 -9999.0 -9999.0 -9999.0 -9999.0 -9999.0 -9999.0 -9999.0 -9999.0 -9999.0 -9999.0 -9999.0 -9999.0 -9999.0 -9999.0
-9999.0 -9999.0 -9999.0 -9999.0 -9999.0 -9999.0 -9999.0 -9999.0 -9999.0 -9999.0 -9999.0 -9999.0 -9999.0 -9999.0 -9999.0 -9999.0 -9999.0 -9999.0 -9999.0 -9999.0 -9999.0 -9999.0 -9999.0 -9999.0 -9999.0 -9999.0 -9999.0 -9999.0 -9999.0 -9999.0 -9999.0 -9999.0 -9999.0 -9999.0 -9999.0 -9999.0 -9999.0 -9999.0 -9999.0 -9999.0 -9999.0 -9999.0 -9999.0 -9999.0 -9999.0 -9999.0 -9999.0 -9999.0 -9999.0 -9999.0 -9999.0 -9999.0 -9999.0 -9999.0 -9999.0 -9999.0 -9999.0 -9999.0 -9999.0 -9999.0 -9999.0 -9999.0 -9999.0 -9999.0 -9999.0 -9999.0 -9999.0 -9999.0 -9999.0 -9999.0 -9999.0 -9999.0 -9999.0 -9999.0 -9999.0 -9999.0 -9999.0 -9999.0 -9999.0 -9999.0 -9999.0 -9999.0 -9999.0 -9999.0 -9999.0 -9999.0 -9999.0 -9999.0 -9999.0 -9999.0 -9999.0 -9999.0 -9999.0 -9999.0 -9999.0 -9999.0 -9999.0 -9999.0 -9999.0 -9999.0 -9999.0 -9999.0 -9999.0 -9999.0