inst/processing_geotop_simulation/geotop_simulation/out/maps3D/PwL0001N0295.asc
ncols         104
nrows         10
xllcorner     -2.000000
yllcorner     0.000000
cellsize      1.000000
NODATA_value  -9999.0
-9999.0 -9999.0 -9999.0 -9999.0 -9999.0 -9999.0 -9999.0 -9999.0 -9999.0 -9999.0 -9999.0 -9999.0 -9999.0 -9999.0 -9999.0 -9999.0 -9999.0 -9999.0 -9999.0 -9999.0 -9999.0 -9999.0 -9999.0 -9999.0 -9999.0 -9999.0 -9999.0 -9999.0 -9999.0 -9999.0 -9999.0 -9999.0 -9999.0 -9999.0 -9999.0 -9999.0 -9999.0 -9999.0 -9999.0 -9999.0 -9999.0 -9999.0 -9999.0 -9999.0 -9999.0 -9999.0 -9999.0 -9999.0 -9999.0 -9999.0 -9999.0 -9999.0 -9999.0 -9999.0 -9999.0 -9999.0 -9999.0 -9999.0 -9999.0 -9999.0 -9999.0 -9999.0 -9999.0 -9999.0 -9999.0 -9999.0 -9999.0 -9999.0 -9999.0 -9999.0 -9999.0 -9999.0 -9999.0 -9999.0 -9999.0 -9999.0 -9999.0 -9999.0 -9999.0 -9999.0 -9999.0 -9999.0 -9999.0 -9999.0 -9999.0 -9999.0 -9999.0 -9999.0 -9999.0 -9999.0 -9999.0 -9999.0 -9999.0 -9999.0 -9999.0 -9999.0 -9999.0 -9999.0 -9999.0 -9999.0 -9999.0 -9999.0 -9999.0 -9999.0
-9999.0 -9999.0 -9999.0 -9999.0 -9999.0 -9999.0 -9999.0 -9999.0 -9999.0 -9999.0 -9999.0 -9999.0 -9999.0 -9999.0 -9999.0 -9999.0 -9999.0 -9999.0 -9999.0 -9999.0 -9999.0 -9999.0 -9999.0 -9999.0 -9999.0 -9999.0 -9999.0 -9999.0 -9999.0 -9999.0 -9999.0 -9999.0 -9999.0 -9999.0 -9999.0 -9999.0 -9999.0 -9999.0 -9999.0 -9999.0 -9999.0 -9999.0 -9999.0 -9999.0 -9999.0 -9999.0 -9999.0 -9999.0 -9999.0 -9999.0 -9999.0 -9999.0 -9999.0 -9999.0 -9999.0 -9999.0 -9999.0 -9999.0 -9999.0 -9999.0 -9999.0 -9999.0 -9999.0 -9999.0 -9999.0 -9999.0 -9999.0 -9999.0 -9999.0 -9999.0 -9999.0 -9999.0 -9999.0 -9999.0 -9999.0 -9999.0 -9999.0 -9999.0 -9999.0 -9999.0 -9999.0 -9999.0 -9999.0 -9999.0 -9999.0 -9999.0 -9999.0 -9999.0 -9999.0 -9999.0 -9999.0 -9999.0 -9999.0 -9999.0 -9999.0 -9999.0 -9999.0 -9999.0 -9999.0 -9999.0 -9999.0 -9999.0 -9999.0 -9999.0
-9999.0 -9999.0 27.053699 -68.553228 -166.554265 -265.073459 -363.780460 -462.548897 -561.314480 -660.021720 -758.570645 -856.881634 -954.887108 -1052.484977 -1149.977392 -1247.291682 -1343.679721 -1438.581465 -1531.225885 -1620.356872 -1703.263697 -1776.096389 -1835.974916 -1882.369589 -1916.732164 -1941.403924 -1958.756305 -1970.787880 -1979.037975 -1984.640426 -1988.411650 -1990.930586 -1992.602198 -1993.705956 -1994.432598 -1994.913021 -1995.245666 -1995.548737 -1996.164916 -1998.349707 -2003.340265 -1965.629855 -1214.466685 -1211.109282 -1200.900111 -1194.295269 -1191.190372 -1190.715260 -1190.664456 -1190.669946 -1190.683689 -1190.698453 -1190.712644 -1190.725786 -1190.737984 -1190.752158 -1190.795730 -1191.082943 -1192.747590 -1196.448832 -1201.761687 -1197.804781 -1943.235594 -1997.583225 -1996.995203 -1996.127236 -1995.939641 -1995.908075 -1995.903557 -1995.903477 -1995.904047 -1995.904606 -1995.905054 -1995.905399 -1995.905663 -1995.905869 -1995.906033 -1995.906165 -1995.906276 -1995.906376 -1995.906475 -1995.906585 -1995.906723 -1995.906916 -1995.907202 -1995.907640 -1995.908331 -1995.909438 -1995.911242 -1995.914240 -1995.919334 -1995.928230 -1995.944227 -1995.973864 -1996.030305 -1996.140677 -1996.363155 -1996.830977 -1997.876038 -2000.411760 -2007.346338 -2030.110096 -9999.0 -9999.0
-9999.0 -9999.0 27.065973 -68.551189 -166.553757 -265.073311 -363.780413 -462.548881 -561.314474 -660.021718 -758.570644 -856.881633 -954.887107 -1052.484977 -1149.977392 -1247.291682 -1343.679721 -1438.581465 -1531.225885 -1620.356872 -1703.263697 -1776.096389 -1835.974916 -1882.369589 -1916.732164 -1941.403924 -1958.756305 -1970.787880 -1979.037975 -1984.640426 -1988.411650 -1990.930586 -1992.602198 -1993.705956 -1994.432598 -1994.913021 -1995.245666 -1995.548737 -1996.164916 -1998.349707 -2003.340265 -1965.629855 -1214.466685 -1211.109282 -1200.900111 -1194.295269 -1191.190372 -1190.715260 -1190.664456 -1190.669946 -1190.683689 -1190.698453 -1190.712644 -1190.725786 -1190.737984 -1190.752158 -1190.795730 -1191.082943 -1192.747590 -1196.448832 -1201.761687 -1197.804781 -1943.235594 -1997.583225 -1996.995203 -1996.127236 -1995.939641 -1995.908075 -1995.903557 -1995.903477 -1995.904047 -1995.904606 -1995.905054 -1995.905399 -1995.905663 -1995.905869 -1995.906033 -1995.906165 -1995.906276 -1995.906376 -1995.906475 -1995.906585 -1995.906723 -1995.906916 -1995.907202 -1995.907640 -1995.908331 -1995.909438 -1995.911242 -1995.914240 -1995.919334 -1995.928230 -1995.944227 -1995.973864 -1996.030305 -1996.140677 -1996.363155 -1996.830977 -1997.876038 -2000.411760 -2007.346338 -2030.110096 -9999.0 -9999.0
-9999.0 -9999.0 27.067106 -68.550374 -166.553436 -265.073195 -363.780372 -462.548866 -561.314469 -660.021716 -758.570643 -856.881633 -954.887107 -1052.484977 -1149.977392 -1247.291682 -1343.679721 -1438.581465 -1531.225885 -1620.356872 -1703.263697 -1776.096389 -1835.974916 -1882.369589 -1916.732164 -1941.403924 -1958.756305 -1970.787880 -1979.037975 -1984.640426 -1988.411650 -1990.930586 -1992.602198 -1993.705956 -1994.432598 -1994.913021 -1995.245666 -1995.548737 -1996.164916 -1998.349707 -2003.340265 -1965.629855 -1214.466685 -1211.109282 -1200.900111 -1194.295269 -1191.190372 -1190.715260 -1190.664456 -1190.669946 -1190.683689 -1190.698453 -1190.712644 -1190.725786 -1190.737984 -1190.752158 -1190.795730 -1191.082943 -1192.747590 -1196.448832 -1201.761687 -1197.804781 -1943.235594 -1997.583225 -1996.995203 -1996.127236 -1995.939641 -1995.908075 -1995.903557 -1995.903477 -1995.904047 -1995.904606 -1995.905054 -1995.905399 -1995.905663 -1995.905869 -1995.906033 -1995.906165 -1995.906276 -1995.906376 -1995.906475 -1995.906585 -1995.906723 -1995.906916 -1995.907202 -1995.907640 -1995.908331 -1995.909438 -1995.911242 -1995.914240 -1995.919334 -1995.928230 -1995.944227 -1995.973864 -1996.030305 -1996.140677 -1996.363155 -1996.830977 -1997.876038 -2000.411760 -2007.346338 -2030.110096 -9999.0 -9999.0
-9999.0 -9999.0 27.067106 -68.550374 -166.553436 -265.073195 -363.780372 -462.548866 -561.314469 -660.021716 -758.570643 -856.881633 -954.887107 -1052.484977 -1149.977392 -1247.291682 -1343.679721 -1438.581465 -1531.225885 -1620.356872 -1703.263697 -1776.096389 -1835.974916 -1882.369589 -1916.732164 -1941.403924 -1958.756305 -1970.787880 -1979.037975 -1984.640426 -1988.411650 -1990.930586 -1992.602198 -1993.705956 -1994.432598 -1994.913021 -1995.245666 -1995.548737 -1996.164916 -1998.349707 -2003.340265 -1965.629855 -1214.466685 -1211.109282 -1200.900111 -1194.295269 -1191.190372 -1190.715260 -1190.664456 -1190.669946 -1190.683689 -1190.698453 -1190.712644 -1190.725786 -1190.737984 -1190.752158 -1190.795730 -1191.082943 -1192.747590 -1196.448832 -1201.761687 -1197.804781 -1943.235594 -1997.583225 -1996.995203 -1996.127236 -1995.939641 -1995.908075 -1995.903557 -1995.903477 -1995.904047 -1995.904606 -1995.905054 -1995.905399 -1995.905663 -1995.905869 -1995.906033 -1995.906165 -1995.906276 -1995.906376 -1995.906475 -1995.906585 -1995.906723 -1995.906916 -1995.907202 -1995.907640 -1995.908331 -1995.909438 -1995.911242 -1995.914240 -1995.919334 -1995.928230 -1995.944227 -1995.973864 -1996.030305 -1996.140677 -1996.363155 -1996.830977 -1997.876038 -2000.411760 -2007.346338 -2030.110096 -9999.0 -9999.0
-9999.0 -9999.0 27.065973 -68.551189 -166.553757 -265.073311 -363.780413 -462.548881 -561.314474 -660.021718 -758.570644 -856.881633 -954.887107 -1052.484977 -1149.977392 -1247.291682 -1343.679721 -1438.581465 -1531.225885 -1620.356872 -1703.263697 -1776.096389 -1835.974916 -1882.369589 -1916.732164 -1941.403924 -1958.756305 -1970.787880 -1979.037975 -1984.640426 -1988.411650 -1990.930586 -1992.602198 -1993.705956 -1994.432598 -1994.913021 -1995.245666 -1995.548737 -1996.164916 -1998.349707 -2003.340265 -1965.629855 -1214.466685 -1211.109282 -1200.900111 -1194.295269 -1191.190372 -1190.715260 -1190.664456 -1190.669946 -1190.683689 -1190.698453 -1190.712644 -1190.725786 -1190.737984 -1190.752158 -1190.795730 -1191.082943 -1192.747590 -1196.448832 -1201.761687 -1197.804781 -1943.235594 -1997.583225 -1996.995203 -1996.127236 -1995.939641 -1995.908075 -1995.903557 -1995.903477 -1995.904047 -1995.904606 -1995.905054 -1995.905399 -1995.905663 -1995.905869 -1995.906033 -1995.906165 -1995.906276 -1995.906376 -1995.906475 -1995.906585 -1995.906723 -1995.906916 -1995.907202 -1995.907640 -1995.908331 -1995.909438 -1995.911242 -1995.914240 -1995.919334 -1995.928230 -1995.944227 -1995.973864 -1996.030305 -1996.140677 -1996.363155 -1996.830977 -1997.876038 -2000.411760 -2007.346338 -2030.110096 -9999.0 -9999.0
-9999.0 -9999.0 27.053699 -68.553228 -166.554265 -265.073459 -363.780460 -462.548897 -561.314480 -660.021720 -758.570645 -856.881634 -954.887108 -1052.484977 -1149.977392 -1247.291682 -1343.679721 -1438.581465 -1531.225885 -1620.356872 -1703.263697 -1776.096389 -1835.974916 -1882.369589 -1916.732164 -1941.403924 -1958.756305 -1970.787880 -1979.037975 -1984.640426 -1988.411650 -1990.930586 -1992.602198 -1993.705956 -1994.432598 -1994.913021 -1995.245666 -1995.548737 -1996.164916 -1998.349707 -2003.340265 -1965.629855 -1214.466685 -1211.109282 -1200.900111 -1194.295269 -1191.190372 -1190.715260 -1190.664456 -1190.669946 -1190.683689 -1190.698453 -1190.712644 -1190.725786 -1190.737984 -1190.752158 -1190.795730 -1191.082943 -1192.747590 -1196.448832 -1201.761687 -1197.804781 -1943.235594 -1997.583225 -1996.995203 -1996.127236 -1995.939641 -1995.908075 -1995.903557 -1995.903477 -1995.904047 -1995.904606 -1995.905054 -1995.905399 -1995.905663 -1995.905869 -1995.906033 -1995.906165 -1995.906276 -1995.906376 -1995.906475 -1995.906585 -1995.906723 -1995.906916 -1995.907202 -1995.907640 -1995.908331 -1995.909438 -1995.911242 -1995.914240 -1995.919334 -1995.928230 -1995.944227 -1995.973864 -1996.030305 -1996.140677 -1996.363155 -1996.830977 -1997.876038 -2000.411760 -2007.346338 -2030.110096 -9999.0 -9999.0
-9999.0 -9999.0 -9999.0 -9999.0 -9999.0 -9999.0 -9999.0 -9999.0 -9999.0 -9999.0 -9999.0 -9999.0 -9999.0 -9999.0 -9999.0 -9999.0 -9999.0 -9999.0 -9999.0 -9999.0 -9999.0 -9999.0 -9999.0 -9999.0 -9999.0 -9999.0 -9999.0 -9999.0 -9999.0 -9999.0 -9999.0 -9999.0 -9999.0 -9999.0 -9999.0 -9999.0 -9999.0 -9999.0 -9999.0 -9999.0 -9999.0 -9999.0 -9999.0 -9999.0 -9999.0 -9999.0 -9999.0 -9999.0 -9999.0 -9999.0 -9999.0 -9999.0 -9999.0 -9999.0 -9999.0 -9999.0 -9999.0 -9999.0 -9999.0 -9999.0 -9999.0 -9999.0 -9999.0 -9999.0 -9999.0 -9999.0 -9999.0 -9999.0 -9999.0 -9999.0 -9999.0 -9999.0 -9999.0 -9999.0 -9999.0 -9999.0 -9999.0 -9999.0 -9999.0 -9999.0 -9999.0 -9999.0 -9999.0 -9999.0 -9999.0 -9999.0 -9999.0 -9999.0 -9999.0 -9999.0 -9999.0 -9999.0 -9999.0 -9999.0 -9999.0 -9999.0 -9999.0 -9999.0 -9999.0 -9999.0 -9999.0 -9999.0 -9999.0 -9999.0
-9999.0 -9999.0 -9999.0 -9999.0 -9999.0 -9999.0 -9999.0 -9999.0 -9999.0 -9999.0 -9999.0 -9999.0 -9999.0 -9999.0 -9999.0 -9999.0 -9999.0 -9999.0 -9999.0 -9999.0 -9999.0 -9999.0 -9999.0 -9999.0 -9999.0 -9999.0 -9999.0 -9999.0 -9999.0 -9999.0 -9999.0 -9999.0 -9999.0 -9999.0 -9999.0 -9999.0 -9999.0 -9999.0 -9999.0 -9999.0 -9999.0 -9999.0 -9999.0 -9999.0 -9999.0 -9999.0 -9999.0 -9999.0 -9999.0 -9999.0 -9999.0 -9999.0 -9999.0 -9999.0 -9999.0 -9999.0 -9999.0 -9999.0 -9999.0 -9999.0 -9999.0 -9999.0 -9999.0 -9999.0 -9999.0 -9999.0 -9999.0 -9999.0 -9999.0 -9999.0 -9999.0 -9999.0 -9999.0 -9999.0 -9999.0 -9999.0 -9999.0 -9999.0 -9999.0 -9999.0 -9999.0 -9999.0 -9999.0 -9999.0 -9999.0 -9999.0 -9999.0 -9999.0 -9999.0 -9999.0 -9999.0 -9999.0 -9999.0 -9999.0 -9999.0 -9999.0 -9999.0 -9999.0 -9999.0 -9999.0 -9999.0 -9999.0 -9999.0 -9999.0