inst/processing_geotop_simulation/geotop_simulation/out/maps3D/PwL0009N0078.asc
ncols         104
nrows         10
xllcorner     -2.000000
yllcorner     0.000000
cellsize      1.000000
NODATA_value  -9999.0
-9999.0 -9999.0 -9999.0 -9999.0 -9999.0 -9999.0 -9999.0 -9999.0 -9999.0 -9999.0 -9999.0 -9999.0 -9999.0 -9999.0 -9999.0 -9999.0 -9999.0 -9999.0 -9999.0 -9999.0 -9999.0 -9999.0 -9999.0 -9999.0 -9999.0 -9999.0 -9999.0 -9999.0 -9999.0 -9999.0 -9999.0 -9999.0 -9999.0 -9999.0 -9999.0 -9999.0 -9999.0 -9999.0 -9999.0 -9999.0 -9999.0 -9999.0 -9999.0 -9999.0 -9999.0 -9999.0 -9999.0 -9999.0 -9999.0 -9999.0 -9999.0 -9999.0 -9999.0 -9999.0 -9999.0 -9999.0 -9999.0 -9999.0 -9999.0 -9999.0 -9999.0 -9999.0 -9999.0 -9999.0 -9999.0 -9999.0 -9999.0 -9999.0 -9999.0 -9999.0 -9999.0 -9999.0 -9999.0 -9999.0 -9999.0 -9999.0 -9999.0 -9999.0 -9999.0 -9999.0 -9999.0 -9999.0 -9999.0 -9999.0 -9999.0 -9999.0 -9999.0 -9999.0 -9999.0 -9999.0 -9999.0 -9999.0 -9999.0 -9999.0 -9999.0 -9999.0 -9999.0 -9999.0 -9999.0 -9999.0 -9999.0 -9999.0 -9999.0 -9999.0
-9999.0 -9999.0 -9999.0 -9999.0 -9999.0 -9999.0 -9999.0 -9999.0 -9999.0 -9999.0 -9999.0 -9999.0 -9999.0 -9999.0 -9999.0 -9999.0 -9999.0 -9999.0 -9999.0 -9999.0 -9999.0 -9999.0 -9999.0 -9999.0 -9999.0 -9999.0 -9999.0 -9999.0 -9999.0 -9999.0 -9999.0 -9999.0 -9999.0 -9999.0 -9999.0 -9999.0 -9999.0 -9999.0 -9999.0 -9999.0 -9999.0 -9999.0 -9999.0 -9999.0 -9999.0 -9999.0 -9999.0 -9999.0 -9999.0 -9999.0 -9999.0 -9999.0 -9999.0 -9999.0 -9999.0 -9999.0 -9999.0 -9999.0 -9999.0 -9999.0 -9999.0 -9999.0 -9999.0 -9999.0 -9999.0 -9999.0 -9999.0 -9999.0 -9999.0 -9999.0 -9999.0 -9999.0 -9999.0 -9999.0 -9999.0 -9999.0 -9999.0 -9999.0 -9999.0 -9999.0 -9999.0 -9999.0 -9999.0 -9999.0 -9999.0 -9999.0 -9999.0 -9999.0 -9999.0 -9999.0 -9999.0 -9999.0 -9999.0 -9999.0 -9999.0 -9999.0 -9999.0 -9999.0 -9999.0 -9999.0 -9999.0 -9999.0 -9999.0 -9999.0
-9999.0 -9999.0 269.965348 169.841681 69.853414 -29.854794 -129.413249 -229.600587 -332.541015 -441.652244 -558.465380 -678.117304 -787.335120 -865.965368 -921.870697 -982.515467 -1038.785303 -1092.839640 -1124.149002 -1121.921684 -1113.573721 -1105.252199 -1099.482021 -1096.752744 -1096.635649 -1098.370763 -1101.147878 -1104.269120 -1107.243205 -1109.802111 -1111.853956 -1113.416421 -1114.560419 -1115.371940 -1115.931566 -1116.307989 -1116.567097 -1116.792295 -1117.051838 -1117.682976 -1123.997641 -1184.279986 -1739.307470 -2402.140242 -2109.085078 -1959.956216 -1896.773873 -1889.418536 -1888.689148 -1888.750322 -1888.919402 -1889.100873 -1889.274993 -1889.436074 -1889.585137 -1889.755377 -1890.281263 -1894.194330 -1925.367077 -1999.396738 -2139.284513 -1524.003707 -1164.037713 -1122.135731 -1117.825980 -1117.284312 -1117.186681 -1117.169216 -1117.168573 -1117.171017 -1117.173548 -1117.175597 -1117.177154 -1117.178328 -1117.179222 -1117.179914 -1117.180461 -1117.180900 -1117.181263 -1117.181580 -1117.181885 -1117.182217 -1117.182629 -1117.183193 -1117.184023 -1117.185293 -1117.187282 -1117.190447 -1117.195552 -1117.203906 -1117.217835 -1117.241608 -1117.283333 -1117.358836 -1117.499509 -1117.767951 -1118.289083 -1119.315253 -1121.382165 -1125.740590 -1135.602352 -1160.451793 -9999.0 -9999.0
-9999.0 -9999.0 269.965347 169.841680 69.853413 -29.854794 -129.413249 -229.600588 -332.541015 -441.652244 -558.465381 -678.117304 -787.335120 -865.965368 -921.870697 -982.515467 -1038.785303 -1092.839640 -1124.149002 -1121.921684 -1113.573721 -1105.252199 -1099.482021 -1096.752744 -1096.635649 -1098.370763 -1101.147878 -1104.269120 -1107.243205 -1109.802111 -1111.853956 -1113.416421 -1114.560419 -1115.371940 -1115.931566 -1116.307989 -1116.567097 -1116.792295 -1117.051838 -1117.682976 -1123.997641 -1184.279986 -1739.307470 -2402.140240 -2109.085076 -1959.956212 -1896.773874 -1889.418536 -1888.689148 -1888.750322 -1888.919402 -1889.100873 -1889.274993 -1889.436074 -1889.585137 -1889.755377 -1890.281263 -1894.194330 -1925.367077 -1999.396738 -2139.284513 -1524.003707 -1164.037713 -1122.135731 -1117.825980 -1117.284312 -1117.186681 -1117.169216 -1117.168573 -1117.171017 -1117.173548 -1117.175597 -1117.177154 -1117.178328 -1117.179222 -1117.179914 -1117.180461 -1117.180900 -1117.181263 -1117.181580 -1117.181885 -1117.182217 -1117.182629 -1117.183193 -1117.184023 -1117.185293 -1117.187282 -1117.190447 -1117.195552 -1117.203906 -1117.217835 -1117.241608 -1117.283333 -1117.358836 -1117.499509 -1117.767951 -1118.289083 -1119.315253 -1121.382165 -1125.740590 -1135.602352 -1160.451793 -9999.0 -9999.0
-9999.0 -9999.0 269.965347 169.841680 69.853413 -29.854795 -129.413249 -229.600588 -332.541015 -441.652245 -558.465381 -678.117304 -787.335120 -865.965368 -921.870697 -982.515467 -1038.785303 -1092.839640 -1124.149002 -1121.921684 -1113.573721 -1105.252199 -1099.482021 -1096.752744 -1096.635649 -1098.370763 -1101.147878 -1104.269120 -1107.243205 -1109.802111 -1111.853956 -1113.416421 -1114.560419 -1115.371940 -1115.931566 -1116.307989 -1116.567097 -1116.792295 -1117.051838 -1117.682976 -1123.997641 -1184.279986 -1739.307469 -2402.140241 -2109.085075 -1959.956210 -1896.773873 -1889.418536 -1888.689148 -1888.750322 -1888.919402 -1889.100873 -1889.274993 -1889.436074 -1889.585137 -1889.755377 -1890.281263 -1894.194330 -1925.367077 -1999.396738 -2139.284513 -1524.003707 -1164.037713 -1122.135731 -1117.825980 -1117.284312 -1117.186681 -1117.169216 -1117.168573 -1117.171017 -1117.173548 -1117.175597 -1117.177154 -1117.178328 -1117.179222 -1117.179914 -1117.180461 -1117.180900 -1117.181263 -1117.181580 -1117.181885 -1117.182217 -1117.182629 -1117.183193 -1117.184023 -1117.185293 -1117.187282 -1117.190447 -1117.195552 -1117.203906 -1117.217835 -1117.241608 -1117.283333 -1117.358836 -1117.499509 -1117.767951 -1118.289083 -1119.315253 -1121.382165 -1125.740590 -1135.602352 -1160.451793 -9999.0 -9999.0
-9999.0 -9999.0 269.965347 169.841680 69.853413 -29.854795 -129.413249 -229.600588 -332.541015 -441.652245 -558.465381 -678.117304 -787.335120 -865.965368 -921.870697 -982.515467 -1038.785303 -1092.839640 -1124.149002 -1121.921684 -1113.573721 -1105.252199 -1099.482021 -1096.752744 -1096.635649 -1098.370763 -1101.147878 -1104.269120 -1107.243205 -1109.802111 -1111.853956 -1113.416421 -1114.560419 -1115.371940 -1115.931566 -1116.307989 -1116.567097 -1116.792295 -1117.051838 -1117.682976 -1123.997641 -1184.279986 -1739.307469 -2402.140240 -2109.085075 -1959.956210 -1896.773873 -1889.418536 -1888.689148 -1888.750322 -1888.919402 -1889.100873 -1889.274993 -1889.436074 -1889.585137 -1889.755377 -1890.281263 -1894.194330 -1925.367077 -1999.396738 -2139.284513 -1524.003707 -1164.037713 -1122.135731 -1117.825980 -1117.284312 -1117.186681 -1117.169216 -1117.168573 -1117.171017 -1117.173548 -1117.175597 -1117.177154 -1117.178328 -1117.179222 -1117.179914 -1117.180461 -1117.180900 -1117.181263 -1117.181580 -1117.181885 -1117.182217 -1117.182629 -1117.183193 -1117.184023 -1117.185293 -1117.187282 -1117.190447 -1117.195552 -1117.203906 -1117.217835 -1117.241608 -1117.283333 -1117.358836 -1117.499509 -1117.767951 -1118.289083 -1119.315253 -1121.382165 -1125.740590 -1135.602352 -1160.451793 -9999.0 -9999.0
-9999.0 -9999.0 269.965347 169.841680 69.853413 -29.854794 -129.413249 -229.600588 -332.541015 -441.652244 -558.465381 -678.117304 -787.335120 -865.965368 -921.870697 -982.515467 -1038.785303 -1092.839640 -1124.149002 -1121.921684 -1113.573721 -1105.252199 -1099.482021 -1096.752744 -1096.635649 -1098.370763 -1101.147878 -1104.269120 -1107.243205 -1109.802111 -1111.853956 -1113.416421 -1114.560419 -1115.371940 -1115.931566 -1116.307989 -1116.567097 -1116.792295 -1117.051838 -1117.682976 -1123.997641 -1184.279986 -1739.307470 -2402.140240 -2109.085076 -1959.956212 -1896.773874 -1889.418536 -1888.689148 -1888.750322 -1888.919402 -1889.100873 -1889.274993 -1889.436074 -1889.585137 -1889.755377 -1890.281263 -1894.194330 -1925.367077 -1999.396738 -2139.284513 -1524.003707 -1164.037713 -1122.135731 -1117.825980 -1117.284312 -1117.186681 -1117.169216 -1117.168573 -1117.171017 -1117.173548 -1117.175597 -1117.177154 -1117.178328 -1117.179222 -1117.179914 -1117.180461 -1117.180900 -1117.181263 -1117.181580 -1117.181885 -1117.182217 -1117.182629 -1117.183193 -1117.184023 -1117.185293 -1117.187282 -1117.190447 -1117.195552 -1117.203906 -1117.217835 -1117.241608 -1117.283333 -1117.358836 -1117.499509 -1117.767951 -1118.289083 -1119.315253 -1121.382165 -1125.740590 -1135.602352 -1160.451793 -9999.0 -9999.0
-9999.0 -9999.0 269.965348 169.841681 69.853414 -29.854794 -129.413249 -229.600587 -332.541015 -441.652244 -558.465380 -678.117304 -787.335120 -865.965368 -921.870697 -982.515467 -1038.785303 -1092.839640 -1124.149002 -1121.921684 -1113.573721 -1105.252199 -1099.482021 -1096.752744 -1096.635649 -1098.370763 -1101.147878 -1104.269120 -1107.243205 -1109.802111 -1111.853956 -1113.416421 -1114.560419 -1115.371940 -1115.931566 -1116.307989 -1116.567097 -1116.792295 -1117.051838 -1117.682976 -1123.997641 -1184.279986 -1739.307470 -2402.140242 -2109.085078 -1959.956216 -1896.773873 -1889.418536 -1888.689148 -1888.750322 -1888.919402 -1889.100873 -1889.274993 -1889.436074 -1889.585137 -1889.755377 -1890.281263 -1894.194330 -1925.367077 -1999.396738 -2139.284513 -1524.003707 -1164.037713 -1122.135731 -1117.825980 -1117.284312 -1117.186681 -1117.169216 -1117.168573 -1117.171017 -1117.173548 -1117.175597 -1117.177154 -1117.178328 -1117.179222 -1117.179914 -1117.180461 -1117.180900 -1117.181263 -1117.181580 -1117.181885 -1117.182217 -1117.182629 -1117.183193 -1117.184023 -1117.185293 -1117.187282 -1117.190447 -1117.195552 -1117.203906 -1117.217835 -1117.241608 -1117.283333 -1117.358836 -1117.499509 -1117.767951 -1118.289083 -1119.315253 -1121.382165 -1125.740590 -1135.602352 -1160.451793 -9999.0 -9999.0
-9999.0 -9999.0 -9999.0 -9999.0 -9999.0 -9999.0 -9999.0 -9999.0 -9999.0 -9999.0 -9999.0 -9999.0 -9999.0 -9999.0 -9999.0 -9999.0 -9999.0 -9999.0 -9999.0 -9999.0 -9999.0 -9999.0 -9999.0 -9999.0 -9999.0 -9999.0 -9999.0 -9999.0 -9999.0 -9999.0 -9999.0 -9999.0 -9999.0 -9999.0 -9999.0 -9999.0 -9999.0 -9999.0 -9999.0 -9999.0 -9999.0 -9999.0 -9999.0 -9999.0 -9999.0 -9999.0 -9999.0 -9999.0 -9999.0 -9999.0 -9999.0 -9999.0 -9999.0 -9999.0 -9999.0 -9999.0 -9999.0 -9999.0 -9999.0 -9999.0 -9999.0 -9999.0 -9999.0 -9999.0 -9999.0 -9999.0 -9999.0 -9999.0 -9999.0 -9999.0 -9999.0 -9999.0 -9999.0 -9999.0 -9999.0 -9999.0 -9999.0 -9999.0 -9999.0 -9999.0 -9999.0 -9999.0 -9999.0 -9999.0 -9999.0 -9999.0 -9999.0 -9999.0 -9999.0 -9999.0 -9999.0 -9999.0 -9999.0 -9999.0 -9999.0 -9999.0 -9999.0 -9999.0 -9999.0 -9999.0 -9999.0 -9999.0 -9999.0 -9999.0
-9999.0 -9999.0 -9999.0 -9999.0 -9999.0 -9999.0 -9999.0 -9999.0 -9999.0 -9999.0 -9999.0 -9999.0 -9999.0 -9999.0 -9999.0 -9999.0 -9999.0 -9999.0 -9999.0 -9999.0 -9999.0 -9999.0 -9999.0 -9999.0 -9999.0 -9999.0 -9999.0 -9999.0 -9999.0 -9999.0 -9999.0 -9999.0 -9999.0 -9999.0 -9999.0 -9999.0 -9999.0 -9999.0 -9999.0 -9999.0 -9999.0 -9999.0 -9999.0 -9999.0 -9999.0 -9999.0 -9999.0 -9999.0 -9999.0 -9999.0 -9999.0 -9999.0 -9999.0 -9999.0 -9999.0 -9999.0 -9999.0 -9999.0 -9999.0 -9999.0 -9999.0 -9999.0 -9999.0 -9999.0 -9999.0 -9999.0 -9999.0 -9999.0 -9999.0 -9999.0 -9999.0 -9999.0 -9999.0 -9999.0 -9999.0 -9999.0 -9999.0 -9999.0 -9999.0 -9999.0 -9999.0 -9999.0 -9999.0 -9999.0 -9999.0 -9999.0 -9999.0 -9999.0 -9999.0 -9999.0 -9999.0 -9999.0 -9999.0 -9999.0 -9999.0 -9999.0 -9999.0 -9999.0 -9999.0 -9999.0 -9999.0 -9999.0 -9999.0 -9999.0