inst/processing_geotop_simulation/geotop_simulation/out/maps3D/PwL0008N0239.asc
ncols         104
nrows         10
xllcorner     -2.000000
yllcorner     0.000000
cellsize      1.000000
NODATA_value  -9999.0
-9999.0 -9999.0 -9999.0 -9999.0 -9999.0 -9999.0 -9999.0 -9999.0 -9999.0 -9999.0 -9999.0 -9999.0 -9999.0 -9999.0 -9999.0 -9999.0 -9999.0 -9999.0 -9999.0 -9999.0 -9999.0 -9999.0 -9999.0 -9999.0 -9999.0 -9999.0 -9999.0 -9999.0 -9999.0 -9999.0 -9999.0 -9999.0 -9999.0 -9999.0 -9999.0 -9999.0 -9999.0 -9999.0 -9999.0 -9999.0 -9999.0 -9999.0 -9999.0 -9999.0 -9999.0 -9999.0 -9999.0 -9999.0 -9999.0 -9999.0 -9999.0 -9999.0 -9999.0 -9999.0 -9999.0 -9999.0 -9999.0 -9999.0 -9999.0 -9999.0 -9999.0 -9999.0 -9999.0 -9999.0 -9999.0 -9999.0 -9999.0 -9999.0 -9999.0 -9999.0 -9999.0 -9999.0 -9999.0 -9999.0 -9999.0 -9999.0 -9999.0 -9999.0 -9999.0 -9999.0 -9999.0 -9999.0 -9999.0 -9999.0 -9999.0 -9999.0 -9999.0 -9999.0 -9999.0 -9999.0 -9999.0 -9999.0 -9999.0 -9999.0 -9999.0 -9999.0 -9999.0 -9999.0 -9999.0 -9999.0 -9999.0 -9999.0 -9999.0 -9999.0
-9999.0 -9999.0 -9999.0 -9999.0 -9999.0 -9999.0 -9999.0 -9999.0 -9999.0 -9999.0 -9999.0 -9999.0 -9999.0 -9999.0 -9999.0 -9999.0 -9999.0 -9999.0 -9999.0 -9999.0 -9999.0 -9999.0 -9999.0 -9999.0 -9999.0 -9999.0 -9999.0 -9999.0 -9999.0 -9999.0 -9999.0 -9999.0 -9999.0 -9999.0 -9999.0 -9999.0 -9999.0 -9999.0 -9999.0 -9999.0 -9999.0 -9999.0 -9999.0 -9999.0 -9999.0 -9999.0 -9999.0 -9999.0 -9999.0 -9999.0 -9999.0 -9999.0 -9999.0 -9999.0 -9999.0 -9999.0 -9999.0 -9999.0 -9999.0 -9999.0 -9999.0 -9999.0 -9999.0 -9999.0 -9999.0 -9999.0 -9999.0 -9999.0 -9999.0 -9999.0 -9999.0 -9999.0 -9999.0 -9999.0 -9999.0 -9999.0 -9999.0 -9999.0 -9999.0 -9999.0 -9999.0 -9999.0 -9999.0 -9999.0 -9999.0 -9999.0 -9999.0 -9999.0 -9999.0 -9999.0 -9999.0 -9999.0 -9999.0 -9999.0 -9999.0 -9999.0 -9999.0 -9999.0 -9999.0 -9999.0 -9999.0 -9999.0 -9999.0 -9999.0
-9999.0 -9999.0 377.019130 281.476431 184.296655 86.464326 -11.630268 -109.826980 -208.056200 -306.260705 -404.378896 -502.286156 -599.712507 -696.136291 -792.682877 -889.073151 -985.147548 -1081.015878 -1173.603597 -1263.006065 -1346.262351 -1419.565525 -1480.286479 -1527.909509 -1563.662544 -1589.645674 -1608.091043 -1620.958784 -1629.809691 -1635.823360 -1639.865275 -1642.556796 -1644.335576 -1645.504423 -1646.269779 -1646.772593 -1647.116733 -1647.417967 -1648.006226 -1650.314987 -1658.828470 -1667.096933 -1205.460012 -1287.211270 -1253.613417 -1232.690884 -1223.061468 -1221.740967 -1221.605437 -1221.620000 -1221.656102 -1221.694799 -1221.731962 -1221.766359 -1221.798202 -1221.834535 -1221.943968 -1222.702382 -1227.699965 -1239.028290 -1255.365389 -1155.994200 -1638.577336 -1652.588212 -1649.038265 -1648.021290 -1647.839423 -1647.810772 -1647.806882 -1647.807013 -1647.807713 -1647.808367 -1647.808886 -1647.809283 -1647.809588 -1647.809825 -1647.810013 -1647.810166 -1647.810293 -1647.810407 -1647.810520 -1647.810645 -1647.810802 -1647.811020 -1647.811343 -1647.811839 -1647.812619 -1647.813869 -1647.815903 -1647.819276 -1647.824995 -1647.834951 -1647.852805 -1647.885789 -1647.948430 -1648.070504 -1648.315310 -1648.826147 -1649.954993 -1652.647916 -1659.804980 -1682.551013 -9999.0 -9999.0
-9999.0 -9999.0 377.026607 281.478332 184.297168 86.464479 -11.630219 -109.826964 -208.056194 -306.260703 -404.378895 -502.286156 -599.712507 -696.136291 -792.682877 -889.073151 -985.147548 -1081.015878 -1173.603597 -1263.006065 -1346.262351 -1419.565525 -1480.286479 -1527.909509 -1563.662544 -1589.645674 -1608.091043 -1620.958784 -1629.809691 -1635.823360 -1639.865275 -1642.556796 -1644.335576 -1645.504423 -1646.269779 -1646.772593 -1647.116733 -1647.417967 -1648.006226 -1650.314987 -1658.828470 -1667.096933 -1205.460012 -1287.211270 -1253.613417 -1232.690883 -1223.061468 -1221.740967 -1221.605437 -1221.620000 -1221.656102 -1221.694799 -1221.731962 -1221.766359 -1221.798202 -1221.834535 -1221.943968 -1222.702382 -1227.699964 -1239.028290 -1255.365389 -1155.994200 -1638.577336 -1652.588212 -1649.038265 -1648.021290 -1647.839423 -1647.810772 -1647.806882 -1647.807013 -1647.807713 -1647.808367 -1647.808886 -1647.809283 -1647.809588 -1647.809825 -1647.810013 -1647.810166 -1647.810293 -1647.810407 -1647.810520 -1647.810645 -1647.810802 -1647.811020 -1647.811343 -1647.811839 -1647.812619 -1647.813869 -1647.815903 -1647.819276 -1647.824995 -1647.834951 -1647.852805 -1647.885789 -1647.948430 -1648.070504 -1648.315310 -1648.826147 -1649.954993 -1652.647916 -1659.804980 -1682.551013 -9999.0 -9999.0
-9999.0 -9999.0 377.028142 281.479155 184.297496 86.464599 -11.630176 -109.826949 -208.056188 -306.260701 -404.378894 -502.286156 -599.712506 -696.136291 -792.682877 -889.073151 -985.147548 -1081.015878 -1173.603597 -1263.006066 -1346.262351 -1419.565525 -1480.286479 -1527.909509 -1563.662544 -1589.645674 -1608.091043 -1620.958784 -1629.809691 -1635.823360 -1639.865275 -1642.556796 -1644.335576 -1645.504423 -1646.269779 -1646.772593 -1647.116733 -1647.417967 -1648.006226 -1650.314987 -1658.828470 -1667.096933 -1205.460012 -1287.211270 -1253.613416 -1232.690883 -1223.061468 -1221.740967 -1221.605437 -1221.620000 -1221.656102 -1221.694799 -1221.731962 -1221.766359 -1221.798202 -1221.834535 -1221.943968 -1222.702382 -1227.699964 -1239.028290 -1255.365389 -1155.994200 -1638.577336 -1652.588212 -1649.038265 -1648.021290 -1647.839423 -1647.810772 -1647.806882 -1647.807013 -1647.807713 -1647.808367 -1647.808886 -1647.809283 -1647.809588 -1647.809825 -1647.810013 -1647.810166 -1647.810293 -1647.810407 -1647.810520 -1647.810645 -1647.810802 -1647.811020 -1647.811343 -1647.811839 -1647.812619 -1647.813869 -1647.815903 -1647.819276 -1647.824995 -1647.834951 -1647.852805 -1647.885789 -1647.948430 -1648.070504 -1648.315310 -1648.826147 -1649.954993 -1652.647916 -1659.804980 -1682.551013 -9999.0 -9999.0
-9999.0 -9999.0 377.028142 281.479155 184.297496 86.464599 -11.630176 -109.826949 -208.056188 -306.260701 -404.378894 -502.286156 -599.712506 -696.136291 -792.682877 -889.073151 -985.147548 -1081.015878 -1173.603597 -1263.006066 -1346.262351 -1419.565525 -1480.286479 -1527.909509 -1563.662544 -1589.645674 -1608.091043 -1620.958784 -1629.809691 -1635.823360 -1639.865275 -1642.556796 -1644.335576 -1645.504423 -1646.269779 -1646.772593 -1647.116733 -1647.417967 -1648.006226 -1650.314987 -1658.828470 -1667.096933 -1205.460012 -1287.211270 -1253.613416 -1232.690883 -1223.061468 -1221.740967 -1221.605437 -1221.620000 -1221.656102 -1221.694799 -1221.731962 -1221.766359 -1221.798202 -1221.834535 -1221.943968 -1222.702382 -1227.699964 -1239.028290 -1255.365389 -1155.994200 -1638.577336 -1652.588212 -1649.038265 -1648.021290 -1647.839423 -1647.810772 -1647.806882 -1647.807013 -1647.807713 -1647.808367 -1647.808886 -1647.809283 -1647.809588 -1647.809825 -1647.810013 -1647.810166 -1647.810293 -1647.810407 -1647.810520 -1647.810645 -1647.810802 -1647.811020 -1647.811343 -1647.811839 -1647.812619 -1647.813869 -1647.815903 -1647.819276 -1647.824995 -1647.834951 -1647.852805 -1647.885789 -1647.948430 -1648.070504 -1648.315310 -1648.826147 -1649.954993 -1652.647916 -1659.804980 -1682.551013 -9999.0 -9999.0
-9999.0 -9999.0 377.026607 281.478332 184.297168 86.464479 -11.630219 -109.826964 -208.056194 -306.260703 -404.378895 -502.286156 -599.712506 -696.136291 -792.682877 -889.073151 -985.147548 -1081.015878 -1173.603597 -1263.006065 -1346.262351 -1419.565525 -1480.286479 -1527.909509 -1563.662544 -1589.645674 -1608.091043 -1620.958784 -1629.809691 -1635.823360 -1639.865275 -1642.556796 -1644.335576 -1645.504423 -1646.269779 -1646.772593 -1647.116733 -1647.417967 -1648.006226 -1650.314987 -1658.828470 -1667.096933 -1205.460012 -1287.211270 -1253.613416 -1232.690883 -1223.061468 -1221.740967 -1221.605437 -1221.620000 -1221.656102 -1221.694799 -1221.731962 -1221.766359 -1221.798202 -1221.834535 -1221.943968 -1222.702382 -1227.699964 -1239.028290 -1255.365389 -1155.994200 -1638.577336 -1652.588212 -1649.038265 -1648.021290 -1647.839423 -1647.810772 -1647.806882 -1647.807013 -1647.807713 -1647.808367 -1647.808886 -1647.809283 -1647.809588 -1647.809825 -1647.810013 -1647.810166 -1647.810293 -1647.810407 -1647.810520 -1647.810645 -1647.810802 -1647.811020 -1647.811343 -1647.811839 -1647.812619 -1647.813869 -1647.815903 -1647.819276 -1647.824995 -1647.834951 -1647.852805 -1647.885789 -1647.948430 -1648.070504 -1648.315310 -1648.826147 -1649.954993 -1652.647916 -1659.804980 -1682.551013 -9999.0 -9999.0
-9999.0 -9999.0 377.019130 281.476431 184.296655 86.464326 -11.630268 -109.826980 -208.056200 -306.260705 -404.378896 -502.286156 -599.712507 -696.136291 -792.682877 -889.073151 -985.147548 -1081.015878 -1173.603597 -1263.006065 -1346.262351 -1419.565525 -1480.286479 -1527.909509 -1563.662544 -1589.645674 -1608.091043 -1620.958784 -1629.809691 -1635.823360 -1639.865275 -1642.556796 -1644.335576 -1645.504423 -1646.269779 -1646.772593 -1647.116733 -1647.417967 -1648.006226 -1650.314987 -1658.828470 -1667.096933 -1205.460012 -1287.211270 -1253.613417 -1232.690884 -1223.061468 -1221.740967 -1221.605437 -1221.620000 -1221.656102 -1221.694799 -1221.731962 -1221.766359 -1221.798202 -1221.834535 -1221.943968 -1222.702382 -1227.699965 -1239.028290 -1255.365389 -1155.994200 -1638.577336 -1652.588212 -1649.038265 -1648.021290 -1647.839423 -1647.810772 -1647.806882 -1647.807013 -1647.807713 -1647.808367 -1647.808886 -1647.809283 -1647.809588 -1647.809825 -1647.810013 -1647.810166 -1647.810293 -1647.810407 -1647.810520 -1647.810645 -1647.810802 -1647.811020 -1647.811343 -1647.811839 -1647.812619 -1647.813869 -1647.815903 -1647.819276 -1647.824995 -1647.834951 -1647.852805 -1647.885789 -1647.948430 -1648.070504 -1648.315310 -1648.826147 -1649.954993 -1652.647916 -1659.804980 -1682.551013 -9999.0 -9999.0
-9999.0 -9999.0 -9999.0 -9999.0 -9999.0 -9999.0 -9999.0 -9999.0 -9999.0 -9999.0 -9999.0 -9999.0 -9999.0 -9999.0 -9999.0 -9999.0 -9999.0 -9999.0 -9999.0 -9999.0 -9999.0 -9999.0 -9999.0 -9999.0 -9999.0 -9999.0 -9999.0 -9999.0 -9999.0 -9999.0 -9999.0 -9999.0 -9999.0 -9999.0 -9999.0 -9999.0 -9999.0 -9999.0 -9999.0 -9999.0 -9999.0 -9999.0 -9999.0 -9999.0 -9999.0 -9999.0 -9999.0 -9999.0 -9999.0 -9999.0 -9999.0 -9999.0 -9999.0 -9999.0 -9999.0 -9999.0 -9999.0 -9999.0 -9999.0 -9999.0 -9999.0 -9999.0 -9999.0 -9999.0 -9999.0 -9999.0 -9999.0 -9999.0 -9999.0 -9999.0 -9999.0 -9999.0 -9999.0 -9999.0 -9999.0 -9999.0 -9999.0 -9999.0 -9999.0 -9999.0 -9999.0 -9999.0 -9999.0 -9999.0 -9999.0 -9999.0 -9999.0 -9999.0 -9999.0 -9999.0 -9999.0 -9999.0 -9999.0 -9999.0 -9999.0 -9999.0 -9999.0 -9999.0 -9999.0 -9999.0 -9999.0 -9999.0 -9999.0 -9999.0
-9999.0 -9999.0 -9999.0 -9999.0 -9999.0 -9999.0 -9999.0 -9999.0 -9999.0 -9999.0 -9999.0 -9999.0 -9999.0 -9999.0 -9999.0 -9999.0 -9999.0 -9999.0 -9999.0 -9999.0 -9999.0 -9999.0 -9999.0 -9999.0 -9999.0 -9999.0 -9999.0 -9999.0 -9999.0 -9999.0 -9999.0 -9999.0 -9999.0 -9999.0 -9999.0 -9999.0 -9999.0 -9999.0 -9999.0 -9999.0 -9999.0 -9999.0 -9999.0 -9999.0 -9999.0 -9999.0 -9999.0 -9999.0 -9999.0 -9999.0 -9999.0 -9999.0 -9999.0 -9999.0 -9999.0 -9999.0 -9999.0 -9999.0 -9999.0 -9999.0 -9999.0 -9999.0 -9999.0 -9999.0 -9999.0 -9999.0 -9999.0 -9999.0 -9999.0 -9999.0 -9999.0 -9999.0 -9999.0 -9999.0 -9999.0 -9999.0 -9999.0 -9999.0 -9999.0 -9999.0 -9999.0 -9999.0 -9999.0 -9999.0 -9999.0 -9999.0 -9999.0 -9999.0 -9999.0 -9999.0 -9999.0 -9999.0 -9999.0 -9999.0 -9999.0 -9999.0 -9999.0 -9999.0 -9999.0 -9999.0 -9999.0 -9999.0 -9999.0 -9999.0