inst/processing_geotop_simulation/geotop_simulation/out/maps3D/PwL0010N0299.asc
ncols         104
nrows         10
xllcorner     -2.000000
yllcorner     0.000000
cellsize      1.000000
NODATA_value  -9999.0
-9999.0 -9999.0 -9999.0 -9999.0 -9999.0 -9999.0 -9999.0 -9999.0 -9999.0 -9999.0 -9999.0 -9999.0 -9999.0 -9999.0 -9999.0 -9999.0 -9999.0 -9999.0 -9999.0 -9999.0 -9999.0 -9999.0 -9999.0 -9999.0 -9999.0 -9999.0 -9999.0 -9999.0 -9999.0 -9999.0 -9999.0 -9999.0 -9999.0 -9999.0 -9999.0 -9999.0 -9999.0 -9999.0 -9999.0 -9999.0 -9999.0 -9999.0 -9999.0 -9999.0 -9999.0 -9999.0 -9999.0 -9999.0 -9999.0 -9999.0 -9999.0 -9999.0 -9999.0 -9999.0 -9999.0 -9999.0 -9999.0 -9999.0 -9999.0 -9999.0 -9999.0 -9999.0 -9999.0 -9999.0 -9999.0 -9999.0 -9999.0 -9999.0 -9999.0 -9999.0 -9999.0 -9999.0 -9999.0 -9999.0 -9999.0 -9999.0 -9999.0 -9999.0 -9999.0 -9999.0 -9999.0 -9999.0 -9999.0 -9999.0 -9999.0 -9999.0 -9999.0 -9999.0 -9999.0 -9999.0 -9999.0 -9999.0 -9999.0 -9999.0 -9999.0 -9999.0 -9999.0 -9999.0 -9999.0 -9999.0 -9999.0 -9999.0 -9999.0 -9999.0
-9999.0 -9999.0 -9999.0 -9999.0 -9999.0 -9999.0 -9999.0 -9999.0 -9999.0 -9999.0 -9999.0 -9999.0 -9999.0 -9999.0 -9999.0 -9999.0 -9999.0 -9999.0 -9999.0 -9999.0 -9999.0 -9999.0 -9999.0 -9999.0 -9999.0 -9999.0 -9999.0 -9999.0 -9999.0 -9999.0 -9999.0 -9999.0 -9999.0 -9999.0 -9999.0 -9999.0 -9999.0 -9999.0 -9999.0 -9999.0 -9999.0 -9999.0 -9999.0 -9999.0 -9999.0 -9999.0 -9999.0 -9999.0 -9999.0 -9999.0 -9999.0 -9999.0 -9999.0 -9999.0 -9999.0 -9999.0 -9999.0 -9999.0 -9999.0 -9999.0 -9999.0 -9999.0 -9999.0 -9999.0 -9999.0 -9999.0 -9999.0 -9999.0 -9999.0 -9999.0 -9999.0 -9999.0 -9999.0 -9999.0 -9999.0 -9999.0 -9999.0 -9999.0 -9999.0 -9999.0 -9999.0 -9999.0 -9999.0 -9999.0 -9999.0 -9999.0 -9999.0 -9999.0 -9999.0 -9999.0 -9999.0 -9999.0 -9999.0 -9999.0 -9999.0 -9999.0 -9999.0 -9999.0 -9999.0 -9999.0 -9999.0 -9999.0 -9999.0 -9999.0
-9999.0 -9999.0 474.412922 377.048552 278.847398 180.254287 81.495108 -17.330434 -116.174256 -215.014428 -313.823943 -412.561447 -511.139559 -609.375213 -707.038509 -804.942805 -902.608513 -1000.001712 -1097.130610 -1191.295509 -1281.998261 -1366.648259 -1442.244799 -1506.542397 -1558.731522 -1599.390708 -1630.007614 -1652.437328 -1668.509456 -1679.821347 -1687.667928 -1693.047452 -1696.701671 -1699.166446 -1700.820886 -1701.931143 -1702.692891 -1703.303160 -1704.206101 -1706.924870 -1714.929316 -1718.471804 -1343.084614 -1554.763085 -1494.929982 -1457.889036 -1441.130122 -1438.865109 -1438.632936 -1438.656395 -1438.716229 -1438.780423 -1438.842074 -1438.899139 -1438.951996 -1439.012593 -1439.197400 -1440.488366 -1449.125869 -1468.869037 -1495.135718 -1269.210927 -1685.721523 -1707.770440 -1705.525702 -1704.496347 -1704.279095 -1704.242071 -1704.236631 -1704.236372 -1704.236884 -1704.237414 -1704.237844 -1704.238177 -1704.238435 -1704.238637 -1704.238799 -1704.238932 -1704.239045 -1704.239148 -1704.239249 -1704.239362 -1704.239502 -1704.239695 -1704.239977 -1704.240407 -1704.241080 -1704.242155 -1704.243905 -1704.246813 -1704.251762 -1704.260419 -1704.276030 -1704.305036 -1704.360500 -1704.469642 -1704.691915 -1705.166382 -1706.245258 -1708.904065 -1716.217840 -1739.874389 -9999.0 -9999.0
-9999.0 -9999.0 474.419013 377.050244 278.847869 180.254429 81.495154 -17.330419 -116.174250 -215.014426 -313.823942 -412.561446 -511.139559 -609.375213 -707.038510 -804.942805 -902.608513 -1000.001712 -1097.130610 -1191.295509 -1281.998261 -1366.648259 -1442.244799 -1506.542397 -1558.731522 -1599.390708 -1630.007614 -1652.437328 -1668.509456 -1679.821347 -1687.667928 -1693.047452 -1696.701671 -1699.166446 -1700.820886 -1701.931143 -1702.692891 -1703.303160 -1704.206101 -1706.924870 -1714.929316 -1718.471804 -1343.084614 -1554.763084 -1494.929982 -1457.889035 -1441.130122 -1438.865109 -1438.632936 -1438.656395 -1438.716229 -1438.780423 -1438.842074 -1438.899139 -1438.951996 -1439.012593 -1439.197400 -1440.488366 -1449.125869 -1468.869037 -1495.135718 -1269.210927 -1685.721523 -1707.770440 -1705.525702 -1704.496347 -1704.279095 -1704.242071 -1704.236631 -1704.236372 -1704.236884 -1704.237414 -1704.237844 -1704.238177 -1704.238435 -1704.238637 -1704.238799 -1704.238932 -1704.239045 -1704.239148 -1704.239249 -1704.239362 -1704.239502 -1704.239695 -1704.239977 -1704.240407 -1704.241080 -1704.242155 -1704.243905 -1704.246813 -1704.251762 -1704.260419 -1704.276030 -1704.305036 -1704.360500 -1704.469642 -1704.691915 -1705.166382 -1706.245258 -1708.904065 -1716.217840 -1739.874389 -9999.0 -9999.0
-9999.0 -9999.0 474.420458 377.051003 278.848174 180.254541 81.495194 -17.330404 -116.174245 -215.014424 -313.823942 -412.561446 -511.139559 -609.375213 -707.038510 -804.942805 -902.608513 -1000.001712 -1097.130610 -1191.295509 -1281.998261 -1366.648259 -1442.244799 -1506.542397 -1558.731522 -1599.390708 -1630.007614 -1652.437328 -1668.509456 -1679.821347 -1687.667928 -1693.047452 -1696.701671 -1699.166446 -1700.820886 -1701.931143 -1702.692891 -1703.303160 -1704.206101 -1706.924870 -1714.929316 -1718.471804 -1343.084614 -1554.763084 -1494.929981 -1457.889035 -1441.130122 -1438.865109 -1438.632936 -1438.656395 -1438.716229 -1438.780423 -1438.842074 -1438.899139 -1438.951996 -1439.012593 -1439.197400 -1440.488366 -1449.125869 -1468.869037 -1495.135718 -1269.210927 -1685.721523 -1707.770440 -1705.525702 -1704.496347 -1704.279095 -1704.242071 -1704.236631 -1704.236372 -1704.236884 -1704.237414 -1704.237844 -1704.238177 -1704.238435 -1704.238637 -1704.238799 -1704.238932 -1704.239045 -1704.239148 -1704.239249 -1704.239362 -1704.239502 -1704.239695 -1704.239977 -1704.240407 -1704.241080 -1704.242155 -1704.243905 -1704.246813 -1704.251762 -1704.260419 -1704.276030 -1704.305036 -1704.360500 -1704.469642 -1704.691915 -1705.166382 -1706.245258 -1708.904065 -1716.217840 -1739.874389 -9999.0 -9999.0
-9999.0 -9999.0 474.420458 377.051003 278.848174 180.254541 81.495194 -17.330404 -116.174245 -215.014424 -313.823942 -412.561446 -511.139559 -609.375213 -707.038510 -804.942805 -902.608513 -1000.001712 -1097.130610 -1191.295509 -1281.998261 -1366.648259 -1442.244799 -1506.542397 -1558.731522 -1599.390708 -1630.007614 -1652.437328 -1668.509456 -1679.821347 -1687.667928 -1693.047452 -1696.701671 -1699.166446 -1700.820886 -1701.931143 -1702.692891 -1703.303160 -1704.206101 -1706.924870 -1714.929316 -1718.471804 -1343.084614 -1554.763084 -1494.929981 -1457.889035 -1441.130122 -1438.865109 -1438.632936 -1438.656395 -1438.716229 -1438.780423 -1438.842074 -1438.899139 -1438.951996 -1439.012593 -1439.197400 -1440.488366 -1449.125869 -1468.869037 -1495.135718 -1269.210927 -1685.721523 -1707.770440 -1705.525702 -1704.496347 -1704.279095 -1704.242071 -1704.236631 -1704.236372 -1704.236884 -1704.237414 -1704.237844 -1704.238177 -1704.238435 -1704.238637 -1704.238799 -1704.238932 -1704.239045 -1704.239148 -1704.239249 -1704.239362 -1704.239502 -1704.239695 -1704.239977 -1704.240407 -1704.241080 -1704.242155 -1704.243905 -1704.246813 -1704.251762 -1704.260419 -1704.276030 -1704.305036 -1704.360500 -1704.469642 -1704.691915 -1705.166382 -1706.245258 -1708.904065 -1716.217840 -1739.874389 -9999.0 -9999.0
-9999.0 -9999.0 474.419013 377.050244 278.847869 180.254429 81.495154 -17.330419 -116.174250 -215.014426 -313.823942 -412.561446 -511.139559 -609.375213 -707.038510 -804.942805 -902.608513 -1000.001712 -1097.130610 -1191.295509 -1281.998261 -1366.648259 -1442.244799 -1506.542397 -1558.731522 -1599.390708 -1630.007614 -1652.437328 -1668.509456 -1679.821347 -1687.667928 -1693.047452 -1696.701671 -1699.166446 -1700.820886 -1701.931143 -1702.692891 -1703.303160 -1704.206101 -1706.924870 -1714.929316 -1718.471804 -1343.084614 -1554.763084 -1494.929982 -1457.889035 -1441.130122 -1438.865109 -1438.632936 -1438.656395 -1438.716229 -1438.780423 -1438.842074 -1438.899139 -1438.951996 -1439.012593 -1439.197400 -1440.488366 -1449.125869 -1468.869037 -1495.135718 -1269.210927 -1685.721523 -1707.770440 -1705.525702 -1704.496347 -1704.279095 -1704.242071 -1704.236631 -1704.236372 -1704.236884 -1704.237414 -1704.237844 -1704.238177 -1704.238435 -1704.238637 -1704.238799 -1704.238932 -1704.239045 -1704.239148 -1704.239249 -1704.239362 -1704.239502 -1704.239695 -1704.239977 -1704.240407 -1704.241080 -1704.242155 -1704.243905 -1704.246813 -1704.251762 -1704.260419 -1704.276030 -1704.305036 -1704.360500 -1704.469642 -1704.691915 -1705.166382 -1706.245258 -1708.904065 -1716.217840 -1739.874389 -9999.0 -9999.0
-9999.0 -9999.0 474.412922 377.048552 278.847398 180.254287 81.495108 -17.330434 -116.174256 -215.014428 -313.823943 -412.561447 -511.139559 -609.375213 -707.038509 -804.942805 -902.608513 -1000.001712 -1097.130610 -1191.295509 -1281.998261 -1366.648259 -1442.244799 -1506.542397 -1558.731522 -1599.390708 -1630.007614 -1652.437328 -1668.509456 -1679.821347 -1687.667928 -1693.047452 -1696.701671 -1699.166446 -1700.820886 -1701.931143 -1702.692891 -1703.303160 -1704.206101 -1706.924870 -1714.929316 -1718.471804 -1343.084614 -1554.763085 -1494.929982 -1457.889036 -1441.130122 -1438.865109 -1438.632936 -1438.656395 -1438.716229 -1438.780423 -1438.842074 -1438.899139 -1438.951996 -1439.012593 -1439.197400 -1440.488366 -1449.125869 -1468.869037 -1495.135718 -1269.210927 -1685.721523 -1707.770440 -1705.525702 -1704.496347 -1704.279095 -1704.242071 -1704.236631 -1704.236372 -1704.236884 -1704.237414 -1704.237844 -1704.238177 -1704.238435 -1704.238637 -1704.238799 -1704.238932 -1704.239045 -1704.239148 -1704.239249 -1704.239362 -1704.239502 -1704.239695 -1704.239977 -1704.240407 -1704.241080 -1704.242155 -1704.243905 -1704.246813 -1704.251762 -1704.260419 -1704.276030 -1704.305036 -1704.360500 -1704.469642 -1704.691915 -1705.166382 -1706.245258 -1708.904065 -1716.217840 -1739.874389 -9999.0 -9999.0
-9999.0 -9999.0 -9999.0 -9999.0 -9999.0 -9999.0 -9999.0 -9999.0 -9999.0 -9999.0 -9999.0 -9999.0 -9999.0 -9999.0 -9999.0 -9999.0 -9999.0 -9999.0 -9999.0 -9999.0 -9999.0 -9999.0 -9999.0 -9999.0 -9999.0 -9999.0 -9999.0 -9999.0 -9999.0 -9999.0 -9999.0 -9999.0 -9999.0 -9999.0 -9999.0 -9999.0 -9999.0 -9999.0 -9999.0 -9999.0 -9999.0 -9999.0 -9999.0 -9999.0 -9999.0 -9999.0 -9999.0 -9999.0 -9999.0 -9999.0 -9999.0 -9999.0 -9999.0 -9999.0 -9999.0 -9999.0 -9999.0 -9999.0 -9999.0 -9999.0 -9999.0 -9999.0 -9999.0 -9999.0 -9999.0 -9999.0 -9999.0 -9999.0 -9999.0 -9999.0 -9999.0 -9999.0 -9999.0 -9999.0 -9999.0 -9999.0 -9999.0 -9999.0 -9999.0 -9999.0 -9999.0 -9999.0 -9999.0 -9999.0 -9999.0 -9999.0 -9999.0 -9999.0 -9999.0 -9999.0 -9999.0 -9999.0 -9999.0 -9999.0 -9999.0 -9999.0 -9999.0 -9999.0 -9999.0 -9999.0 -9999.0 -9999.0 -9999.0 -9999.0
-9999.0 -9999.0 -9999.0 -9999.0 -9999.0 -9999.0 -9999.0 -9999.0 -9999.0 -9999.0 -9999.0 -9999.0 -9999.0 -9999.0 -9999.0 -9999.0 -9999.0 -9999.0 -9999.0 -9999.0 -9999.0 -9999.0 -9999.0 -9999.0 -9999.0 -9999.0 -9999.0 -9999.0 -9999.0 -9999.0 -9999.0 -9999.0 -9999.0 -9999.0 -9999.0 -9999.0 -9999.0 -9999.0 -9999.0 -9999.0 -9999.0 -9999.0 -9999.0 -9999.0 -9999.0 -9999.0 -9999.0 -9999.0 -9999.0 -9999.0 -9999.0 -9999.0 -9999.0 -9999.0 -9999.0 -9999.0 -9999.0 -9999.0 -9999.0 -9999.0 -9999.0 -9999.0 -9999.0 -9999.0 -9999.0 -9999.0 -9999.0 -9999.0 -9999.0 -9999.0 -9999.0 -9999.0 -9999.0 -9999.0 -9999.0 -9999.0 -9999.0 -9999.0 -9999.0 -9999.0 -9999.0 -9999.0 -9999.0 -9999.0 -9999.0 -9999.0 -9999.0 -9999.0 -9999.0 -9999.0 -9999.0 -9999.0 -9999.0 -9999.0 -9999.0 -9999.0 -9999.0 -9999.0 -9999.0 -9999.0 -9999.0 -9999.0 -9999.0 -9999.0