inst/processing_geotop_simulation/geotop_simulation/out/maps3D/PwL0003N0237.asc
ncols         104
nrows         10
xllcorner     -2.000000
yllcorner     0.000000
cellsize      1.000000
NODATA_value  -9999.0
-9999.0 -9999.0 -9999.0 -9999.0 -9999.0 -9999.0 -9999.0 -9999.0 -9999.0 -9999.0 -9999.0 -9999.0 -9999.0 -9999.0 -9999.0 -9999.0 -9999.0 -9999.0 -9999.0 -9999.0 -9999.0 -9999.0 -9999.0 -9999.0 -9999.0 -9999.0 -9999.0 -9999.0 -9999.0 -9999.0 -9999.0 -9999.0 -9999.0 -9999.0 -9999.0 -9999.0 -9999.0 -9999.0 -9999.0 -9999.0 -9999.0 -9999.0 -9999.0 -9999.0 -9999.0 -9999.0 -9999.0 -9999.0 -9999.0 -9999.0 -9999.0 -9999.0 -9999.0 -9999.0 -9999.0 -9999.0 -9999.0 -9999.0 -9999.0 -9999.0 -9999.0 -9999.0 -9999.0 -9999.0 -9999.0 -9999.0 -9999.0 -9999.0 -9999.0 -9999.0 -9999.0 -9999.0 -9999.0 -9999.0 -9999.0 -9999.0 -9999.0 -9999.0 -9999.0 -9999.0 -9999.0 -9999.0 -9999.0 -9999.0 -9999.0 -9999.0 -9999.0 -9999.0 -9999.0 -9999.0 -9999.0 -9999.0 -9999.0 -9999.0 -9999.0 -9999.0 -9999.0 -9999.0 -9999.0 -9999.0 -9999.0 -9999.0 -9999.0 -9999.0
-9999.0 -9999.0 -9999.0 -9999.0 -9999.0 -9999.0 -9999.0 -9999.0 -9999.0 -9999.0 -9999.0 -9999.0 -9999.0 -9999.0 -9999.0 -9999.0 -9999.0 -9999.0 -9999.0 -9999.0 -9999.0 -9999.0 -9999.0 -9999.0 -9999.0 -9999.0 -9999.0 -9999.0 -9999.0 -9999.0 -9999.0 -9999.0 -9999.0 -9999.0 -9999.0 -9999.0 -9999.0 -9999.0 -9999.0 -9999.0 -9999.0 -9999.0 -9999.0 -9999.0 -9999.0 -9999.0 -9999.0 -9999.0 -9999.0 -9999.0 -9999.0 -9999.0 -9999.0 -9999.0 -9999.0 -9999.0 -9999.0 -9999.0 -9999.0 -9999.0 -9999.0 -9999.0 -9999.0 -9999.0 -9999.0 -9999.0 -9999.0 -9999.0 -9999.0 -9999.0 -9999.0 -9999.0 -9999.0 -9999.0 -9999.0 -9999.0 -9999.0 -9999.0 -9999.0 -9999.0 -9999.0 -9999.0 -9999.0 -9999.0 -9999.0 -9999.0 -9999.0 -9999.0 -9999.0 -9999.0 -9999.0 -9999.0 -9999.0 -9999.0 -9999.0 -9999.0 -9999.0 -9999.0 -9999.0 -9999.0 -9999.0 -9999.0 -9999.0 -9999.0
-9999.0 -9999.0 127.982045 33.910130 -63.080771 -160.840350 -258.885778 -357.026928 -455.162574 -553.213932 -651.012313 -748.316538 -845.171297 -941.353728 -1037.319565 -1133.306694 -1227.719315 -1320.134536 -1410.071403 -1495.798487 -1572.829666 -1636.845346 -1686.323222 -1722.523299 -1748.071519 -1765.727191 -1777.790510 -1785.975663 -1791.494990 -1795.190702 -1797.646639 -1799.266703 -1800.328530 -1801.020955 -1801.471120 -1801.765645 -1801.970867 -1802.171554 -1802.647196 -1804.666384 -1811.424770 -1794.474720 -1112.987408 -1114.510845 -1102.458710 -1094.745030 -1091.128141 -1090.592535 -1090.536303 -1090.543068 -1090.559125 -1090.576329 -1090.592858 -1090.608161 -1090.622333 -1090.638512 -1090.686645 -1091.006803 -1092.932558 -1097.242636 -1103.592315 -1093.499150 -1772.124290 -1805.975001 -1803.489185 -1802.581467 -1802.416835 -1802.390849 -1802.387374 -1802.387600 -1802.388342 -1802.389022 -1802.389559 -1802.389969 -1802.390283 -1802.390527 -1802.390720 -1802.390876 -1802.391006 -1802.391122 -1802.391236 -1802.391363 -1802.391523 -1802.391746 -1802.392076 -1802.392584 -1802.393383 -1802.394664 -1802.396747 -1802.400199 -1802.406043 -1802.416204 -1802.434393 -1802.467936 -1802.531507 -1802.655004 -1802.901321 -1803.410811 -1804.523673 -1807.148078 -1814.079282 -1836.265745 -9999.0 -9999.0
-9999.0 -9999.0 127.993081 33.912254 -63.080237 -160.840195 -258.885729 -357.026911 -455.162568 -553.213929 -651.012312 -748.316538 -845.171297 -941.353728 -1037.319565 -1133.306694 -1227.719315 -1320.134536 -1410.071403 -1495.798487 -1572.829667 -1636.845346 -1686.323222 -1722.523299 -1748.071519 -1765.727191 -1777.790510 -1785.975663 -1791.494990 -1795.190702 -1797.646639 -1799.266703 -1800.328530 -1801.020955 -1801.471120 -1801.765645 -1801.970867 -1802.171554 -1802.647196 -1804.666384 -1811.424770 -1794.474720 -1112.987408 -1114.510845 -1102.458709 -1094.745030 -1091.128141 -1090.592535 -1090.536303 -1090.543068 -1090.559125 -1090.576329 -1090.592858 -1090.608161 -1090.622333 -1090.638512 -1090.686645 -1091.006803 -1092.932558 -1097.242636 -1103.592315 -1093.499150 -1772.124290 -1805.975001 -1803.489185 -1802.581467 -1802.416835 -1802.390849 -1802.387374 -1802.387600 -1802.388342 -1802.389022 -1802.389559 -1802.389969 -1802.390283 -1802.390527 -1802.390720 -1802.390876 -1802.391006 -1802.391122 -1802.391236 -1802.391363 -1802.391523 -1802.391746 -1802.392076 -1802.392584 -1802.393383 -1802.394664 -1802.396747 -1802.400199 -1802.406043 -1802.416204 -1802.434393 -1802.467936 -1802.531507 -1802.655004 -1802.901321 -1803.410811 -1804.523673 -1807.148078 -1814.079282 -1836.265745 -9999.0 -9999.0
-9999.0 -9999.0 127.994458 33.913109 -63.079900 -160.840073 -258.885686 -357.026896 -455.162562 -553.213927 -651.012311 -748.316538 -845.171297 -941.353728 -1037.319565 -1133.306694 -1227.719315 -1320.134536 -1410.071403 -1495.798487 -1572.829667 -1636.845346 -1686.323222 -1722.523299 -1748.071519 -1765.727191 -1777.790510 -1785.975663 -1791.494990 -1795.190702 -1797.646639 -1799.266703 -1800.328530 -1801.020955 -1801.471120 -1801.765645 -1801.970867 -1802.171554 -1802.647196 -1804.666384 -1811.424770 -1794.474720 -1112.987408 -1114.510845 -1102.458709 -1094.745030 -1091.128141 -1090.592535 -1090.536303 -1090.543068 -1090.559125 -1090.576329 -1090.592858 -1090.608161 -1090.622333 -1090.638512 -1090.686645 -1091.006803 -1092.932558 -1097.242636 -1103.592315 -1093.499150 -1772.124290 -1805.975001 -1803.489185 -1802.581467 -1802.416835 -1802.390849 -1802.387374 -1802.387600 -1802.388342 -1802.389022 -1802.389559 -1802.389969 -1802.390283 -1802.390527 -1802.390720 -1802.390876 -1802.391006 -1802.391122 -1802.391236 -1802.391363 -1802.391523 -1802.391746 -1802.392076 -1802.392584 -1802.393383 -1802.394664 -1802.396747 -1802.400199 -1802.406043 -1802.416204 -1802.434393 -1802.467936 -1802.531507 -1802.655004 -1802.901321 -1803.410811 -1804.523673 -1807.148078 -1814.079282 -1836.265745 -9999.0 -9999.0
-9999.0 -9999.0 127.994458 33.913109 -63.079900 -160.840073 -258.885685 -357.026896 -455.162562 -553.213927 -651.012311 -748.316538 -845.171297 -941.353728 -1037.319565 -1133.306694 -1227.719315 -1320.134536 -1410.071403 -1495.798487 -1572.829667 -1636.845346 -1686.323222 -1722.523299 -1748.071519 -1765.727191 -1777.790510 -1785.975663 -1791.494990 -1795.190702 -1797.646639 -1799.266703 -1800.328530 -1801.020955 -1801.471120 -1801.765645 -1801.970867 -1802.171554 -1802.647196 -1804.666384 -1811.424770 -1794.474720 -1112.987408 -1114.510845 -1102.458709 -1094.745030 -1091.128141 -1090.592535 -1090.536303 -1090.543068 -1090.559125 -1090.576329 -1090.592858 -1090.608161 -1090.622333 -1090.638512 -1090.686645 -1091.006803 -1092.932558 -1097.242636 -1103.592315 -1093.499150 -1772.124290 -1805.975001 -1803.489185 -1802.581467 -1802.416835 -1802.390849 -1802.387374 -1802.387600 -1802.388342 -1802.389022 -1802.389559 -1802.389969 -1802.390283 -1802.390527 -1802.390720 -1802.390876 -1802.391006 -1802.391122 -1802.391236 -1802.391363 -1802.391523 -1802.391746 -1802.392076 -1802.392584 -1802.393383 -1802.394664 -1802.396747 -1802.400199 -1802.406043 -1802.416204 -1802.434393 -1802.467936 -1802.531507 -1802.655004 -1802.901321 -1803.410811 -1804.523673 -1807.148078 -1814.079282 -1836.265745 -9999.0 -9999.0
-9999.0 -9999.0 127.993081 33.912254 -63.080237 -160.840195 -258.885729 -357.026911 -455.162568 -553.213929 -651.012312 -748.316538 -845.171297 -941.353728 -1037.319565 -1133.306694 -1227.719315 -1320.134536 -1410.071403 -1495.798487 -1572.829667 -1636.845346 -1686.323222 -1722.523299 -1748.071519 -1765.727191 -1777.790510 -1785.975663 -1791.494990 -1795.190702 -1797.646639 -1799.266703 -1800.328530 -1801.020955 -1801.471120 -1801.765645 -1801.970867 -1802.171554 -1802.647196 -1804.666384 -1811.424770 -1794.474720 -1112.987408 -1114.510845 -1102.458709 -1094.745030 -1091.128141 -1090.592535 -1090.536303 -1090.543068 -1090.559125 -1090.576329 -1090.592858 -1090.608161 -1090.622333 -1090.638512 -1090.686645 -1091.006803 -1092.932558 -1097.242636 -1103.592315 -1093.499150 -1772.124290 -1805.975001 -1803.489185 -1802.581467 -1802.416835 -1802.390849 -1802.387374 -1802.387600 -1802.388342 -1802.389022 -1802.389559 -1802.389969 -1802.390283 -1802.390527 -1802.390720 -1802.390876 -1802.391006 -1802.391122 -1802.391236 -1802.391363 -1802.391523 -1802.391746 -1802.392076 -1802.392584 -1802.393383 -1802.394664 -1802.396747 -1802.400199 -1802.406043 -1802.416204 -1802.434393 -1802.467936 -1802.531507 -1802.655004 -1802.901321 -1803.410811 -1804.523673 -1807.148078 -1814.079282 -1836.265745 -9999.0 -9999.0
-9999.0 -9999.0 127.982045 33.910130 -63.080771 -160.840350 -258.885778 -357.026928 -455.162574 -553.213932 -651.012313 -748.316538 -845.171297 -941.353728 -1037.319565 -1133.306694 -1227.719315 -1320.134536 -1410.071403 -1495.798487 -1572.829666 -1636.845346 -1686.323222 -1722.523299 -1748.071519 -1765.727191 -1777.790510 -1785.975663 -1791.494990 -1795.190702 -1797.646639 -1799.266703 -1800.328530 -1801.020955 -1801.471120 -1801.765645 -1801.970867 -1802.171554 -1802.647196 -1804.666384 -1811.424770 -1794.474720 -1112.987408 -1114.510845 -1102.458710 -1094.745030 -1091.128141 -1090.592535 -1090.536303 -1090.543068 -1090.559125 -1090.576329 -1090.592858 -1090.608161 -1090.622333 -1090.638512 -1090.686645 -1091.006803 -1092.932558 -1097.242636 -1103.592315 -1093.499150 -1772.124290 -1805.975001 -1803.489185 -1802.581467 -1802.416835 -1802.390849 -1802.387374 -1802.387600 -1802.388342 -1802.389022 -1802.389559 -1802.389969 -1802.390283 -1802.390527 -1802.390720 -1802.390876 -1802.391006 -1802.391122 -1802.391236 -1802.391363 -1802.391523 -1802.391746 -1802.392076 -1802.392584 -1802.393383 -1802.394664 -1802.396747 -1802.400199 -1802.406043 -1802.416204 -1802.434393 -1802.467936 -1802.531507 -1802.655004 -1802.901321 -1803.410811 -1804.523673 -1807.148078 -1814.079282 -1836.265745 -9999.0 -9999.0
-9999.0 -9999.0 -9999.0 -9999.0 -9999.0 -9999.0 -9999.0 -9999.0 -9999.0 -9999.0 -9999.0 -9999.0 -9999.0 -9999.0 -9999.0 -9999.0 -9999.0 -9999.0 -9999.0 -9999.0 -9999.0 -9999.0 -9999.0 -9999.0 -9999.0 -9999.0 -9999.0 -9999.0 -9999.0 -9999.0 -9999.0 -9999.0 -9999.0 -9999.0 -9999.0 -9999.0 -9999.0 -9999.0 -9999.0 -9999.0 -9999.0 -9999.0 -9999.0 -9999.0 -9999.0 -9999.0 -9999.0 -9999.0 -9999.0 -9999.0 -9999.0 -9999.0 -9999.0 -9999.0 -9999.0 -9999.0 -9999.0 -9999.0 -9999.0 -9999.0 -9999.0 -9999.0 -9999.0 -9999.0 -9999.0 -9999.0 -9999.0 -9999.0 -9999.0 -9999.0 -9999.0 -9999.0 -9999.0 -9999.0 -9999.0 -9999.0 -9999.0 -9999.0 -9999.0 -9999.0 -9999.0 -9999.0 -9999.0 -9999.0 -9999.0 -9999.0 -9999.0 -9999.0 -9999.0 -9999.0 -9999.0 -9999.0 -9999.0 -9999.0 -9999.0 -9999.0 -9999.0 -9999.0 -9999.0 -9999.0 -9999.0 -9999.0 -9999.0 -9999.0
-9999.0 -9999.0 -9999.0 -9999.0 -9999.0 -9999.0 -9999.0 -9999.0 -9999.0 -9999.0 -9999.0 -9999.0 -9999.0 -9999.0 -9999.0 -9999.0 -9999.0 -9999.0 -9999.0 -9999.0 -9999.0 -9999.0 -9999.0 -9999.0 -9999.0 -9999.0 -9999.0 -9999.0 -9999.0 -9999.0 -9999.0 -9999.0 -9999.0 -9999.0 -9999.0 -9999.0 -9999.0 -9999.0 -9999.0 -9999.0 -9999.0 -9999.0 -9999.0 -9999.0 -9999.0 -9999.0 -9999.0 -9999.0 -9999.0 -9999.0 -9999.0 -9999.0 -9999.0 -9999.0 -9999.0 -9999.0 -9999.0 -9999.0 -9999.0 -9999.0 -9999.0 -9999.0 -9999.0 -9999.0 -9999.0 -9999.0 -9999.0 -9999.0 -9999.0 -9999.0 -9999.0 -9999.0 -9999.0 -9999.0 -9999.0 -9999.0 -9999.0 -9999.0 -9999.0 -9999.0 -9999.0 -9999.0 -9999.0 -9999.0 -9999.0 -9999.0 -9999.0 -9999.0 -9999.0 -9999.0 -9999.0 -9999.0 -9999.0 -9999.0 -9999.0 -9999.0 -9999.0 -9999.0 -9999.0 -9999.0 -9999.0 -9999.0 -9999.0 -9999.0