inst/processing_geotop_simulation/geotop_simulation/out/maps3D/PwL0009N0004.asc
ncols         104
nrows         10
xllcorner     -2.000000
yllcorner     0.000000
cellsize      1.000000
NODATA_value  -9999.0
-9999.0 -9999.0 -9999.0 -9999.0 -9999.0 -9999.0 -9999.0 -9999.0 -9999.0 -9999.0 -9999.0 -9999.0 -9999.0 -9999.0 -9999.0 -9999.0 -9999.0 -9999.0 -9999.0 -9999.0 -9999.0 -9999.0 -9999.0 -9999.0 -9999.0 -9999.0 -9999.0 -9999.0 -9999.0 -9999.0 -9999.0 -9999.0 -9999.0 -9999.0 -9999.0 -9999.0 -9999.0 -9999.0 -9999.0 -9999.0 -9999.0 -9999.0 -9999.0 -9999.0 -9999.0 -9999.0 -9999.0 -9999.0 -9999.0 -9999.0 -9999.0 -9999.0 -9999.0 -9999.0 -9999.0 -9999.0 -9999.0 -9999.0 -9999.0 -9999.0 -9999.0 -9999.0 -9999.0 -9999.0 -9999.0 -9999.0 -9999.0 -9999.0 -9999.0 -9999.0 -9999.0 -9999.0 -9999.0 -9999.0 -9999.0 -9999.0 -9999.0 -9999.0 -9999.0 -9999.0 -9999.0 -9999.0 -9999.0 -9999.0 -9999.0 -9999.0 -9999.0 -9999.0 -9999.0 -9999.0 -9999.0 -9999.0 -9999.0 -9999.0 -9999.0 -9999.0 -9999.0 -9999.0 -9999.0 -9999.0 -9999.0 -9999.0 -9999.0 -9999.0
-9999.0 -9999.0 -9999.0 -9999.0 -9999.0 -9999.0 -9999.0 -9999.0 -9999.0 -9999.0 -9999.0 -9999.0 -9999.0 -9999.0 -9999.0 -9999.0 -9999.0 -9999.0 -9999.0 -9999.0 -9999.0 -9999.0 -9999.0 -9999.0 -9999.0 -9999.0 -9999.0 -9999.0 -9999.0 -9999.0 -9999.0 -9999.0 -9999.0 -9999.0 -9999.0 -9999.0 -9999.0 -9999.0 -9999.0 -9999.0 -9999.0 -9999.0 -9999.0 -9999.0 -9999.0 -9999.0 -9999.0 -9999.0 -9999.0 -9999.0 -9999.0 -9999.0 -9999.0 -9999.0 -9999.0 -9999.0 -9999.0 -9999.0 -9999.0 -9999.0 -9999.0 -9999.0 -9999.0 -9999.0 -9999.0 -9999.0 -9999.0 -9999.0 -9999.0 -9999.0 -9999.0 -9999.0 -9999.0 -9999.0 -9999.0 -9999.0 -9999.0 -9999.0 -9999.0 -9999.0 -9999.0 -9999.0 -9999.0 -9999.0 -9999.0 -9999.0 -9999.0 -9999.0 -9999.0 -9999.0 -9999.0 -9999.0 -9999.0 -9999.0 -9999.0 -9999.0 -9999.0 -9999.0 -9999.0 -9999.0 -9999.0 -9999.0 -9999.0 -9999.0
-9999.0 -9999.0 -4411.480094 -4413.371056 -4415.021329 -4416.481816 -4417.750096 -4418.816306 -4419.732620 -4420.803814 -4424.148626 -4428.939944 -4440.231462 -4475.996597 -4521.425698 -4518.280355 -4516.997352 -4515.161605 -4421.551101 -4421.857627 -4422.031804 -4422.130106 -4422.183737 -4422.206928 -4422.206635 -4422.185457 -4422.142736 -4422.074901 -4421.975359 -4421.834176 -4421.638190 -4421.373738 -4421.037614 -4420.660664 -4420.321462 -4419.951619 -4419.605294 -4419.305932 -4419.017328 -4418.749263 -4418.553100 -4418.717727 -4529.702917 -4529.702970 -4529.702970 -4529.702970 -4529.702970 -4529.702970 -4529.702970 -4529.702970 -4529.702970 -4529.702970 -4529.702970 -4529.702970 -4529.702970 -4529.702970 -4529.702970 -4529.702970 -4529.702970 -4529.702970 -4529.702970 -4529.679874 -4414.176539 -4415.948762 -4417.508006 -4418.848239 -4419.921077 -4420.731212 -4421.284210 -4421.662035 -4421.921982 -4422.103614 -4422.232799 -4422.326588 -4422.396487 -4422.450460 -4422.494177 -4422.531802 -4422.566531 -4422.600955 -4422.637325 -4422.677751 -4422.724372 -4422.779507 -4422.845825 -4422.926539 -4423.025680 -4423.148467 -4423.301888 -4423.495571 -4423.743218 -4424.064979 -4424.491660 -4425.072550 -4425.891104 -4427.099390 -4429.005447 -4432.379617 -4439.776214 -4465.331459 -4521.054990 -4528.883551 -9999.0 -9999.0
-9999.0 -9999.0 -4411.476738 -4413.369903 -4415.020931 -4416.481671 -4417.750041 -4418.816284 -4419.732611 -4420.803810 -4424.148623 -4428.939943 -4440.231461 -4475.996597 -4521.425698 -4518.280355 -4516.997352 -4515.161605 -4421.551101 -4421.857627 -4422.031804 -4422.130106 -4422.183737 -4422.206928 -4422.206635 -4422.185457 -4422.142736 -4422.074901 -4421.975359 -4421.834176 -4421.638190 -4421.373738 -4421.037614 -4420.660664 -4420.321462 -4419.951619 -4419.605294 -4419.305932 -4419.017328 -4418.749263 -4418.553100 -4418.717727 -4529.702917 -4529.702970 -4529.702970 -4529.702970 -4529.702970 -4529.702970 -4529.702970 -4529.702970 -4529.702970 -4529.702970 -4529.702970 -4529.702970 -4529.702970 -4529.702970 -4529.702970 -4529.702970 -4529.702970 -4529.702970 -4529.702970 -4529.679874 -4414.176539 -4415.948762 -4417.508006 -4418.848239 -4419.921077 -4420.731212 -4421.284210 -4421.662035 -4421.921982 -4422.103614 -4422.232799 -4422.326588 -4422.396487 -4422.450460 -4422.494177 -4422.531802 -4422.566531 -4422.600955 -4422.637325 -4422.677751 -4422.724372 -4422.779507 -4422.845825 -4422.926539 -4423.025680 -4423.148467 -4423.301888 -4423.495571 -4423.743218 -4424.064979 -4424.491660 -4425.072550 -4425.891104 -4427.099390 -4429.005447 -4432.379617 -4439.776214 -4465.331459 -4521.054990 -4528.883551 -9999.0 -9999.0
-9999.0 -9999.0 -4411.475980 -4413.369366 -4415.020665 -4416.481554 -4417.749993 -4418.816264 -4419.732603 -4420.803807 -4424.148621 -4428.939941 -4440.231461 -4475.996596 -4521.425698 -4518.280355 -4516.997352 -4515.161605 -4421.551101 -4421.857627 -4422.031804 -4422.130106 -4422.183737 -4422.206928 -4422.206635 -4422.185457 -4422.142736 -4422.074901 -4421.975359 -4421.834176 -4421.638190 -4421.373738 -4421.037614 -4420.660664 -4420.321462 -4419.951619 -4419.605294 -4419.305932 -4419.017328 -4418.749263 -4418.553100 -4418.717727 -4529.702917 -4529.702970 -4529.702970 -4529.702970 -4529.702970 -4529.702970 -4529.702970 -4529.702970 -4529.702970 -4529.702970 -4529.702970 -4529.702970 -4529.702970 -4529.702970 -4529.702970 -4529.702970 -4529.702970 -4529.702970 -4529.702970 -4529.679874 -4414.176539 -4415.948762 -4417.508006 -4418.848239 -4419.921077 -4420.731212 -4421.284210 -4421.662035 -4421.921982 -4422.103614 -4422.232799 -4422.326588 -4422.396487 -4422.450460 -4422.494177 -4422.531802 -4422.566531 -4422.600955 -4422.637325 -4422.677751 -4422.724372 -4422.779507 -4422.845825 -4422.926539 -4423.025680 -4423.148467 -4423.301888 -4423.495571 -4423.743218 -4424.064979 -4424.491660 -4425.072550 -4425.891104 -4427.099390 -4429.005447 -4432.379617 -4439.776214 -4465.331458 -4521.054989 -4528.883551 -9999.0 -9999.0
-9999.0 -9999.0 -4411.475980 -4413.369366 -4415.020665 -4416.481554 -4417.749993 -4418.816264 -4419.732603 -4420.803807 -4424.148621 -4428.939941 -4440.231461 -4475.996596 -4521.425698 -4518.280355 -4516.997352 -4515.161605 -4421.551101 -4421.857627 -4422.031804 -4422.130106 -4422.183737 -4422.206928 -4422.206635 -4422.185457 -4422.142736 -4422.074901 -4421.975359 -4421.834176 -4421.638190 -4421.373738 -4421.037614 -4420.660664 -4420.321462 -4419.951619 -4419.605294 -4419.305932 -4419.017328 -4418.749263 -4418.553100 -4418.717727 -4529.702917 -4529.702970 -4529.702970 -4529.702970 -4529.702970 -4529.702970 -4529.702970 -4529.702970 -4529.702970 -4529.702970 -4529.702970 -4529.702970 -4529.702970 -4529.702970 -4529.702970 -4529.702970 -4529.702970 -4529.702970 -4529.702970 -4529.679874 -4414.176539 -4415.948762 -4417.508006 -4418.848239 -4419.921077 -4420.731212 -4421.284210 -4421.662035 -4421.921982 -4422.103614 -4422.232799 -4422.326588 -4422.396487 -4422.450460 -4422.494177 -4422.531802 -4422.566531 -4422.600955 -4422.637325 -4422.677751 -4422.724372 -4422.779507 -4422.845825 -4422.926539 -4423.025680 -4423.148467 -4423.301888 -4423.495571 -4423.743218 -4424.064979 -4424.491660 -4425.072550 -4425.891104 -4427.099390 -4429.005447 -4432.379617 -4439.776214 -4465.331458 -4521.054989 -4528.883551 -9999.0 -9999.0
-9999.0 -9999.0 -4411.476738 -4413.369903 -4415.020931 -4416.481671 -4417.750041 -4418.816284 -4419.732611 -4420.803810 -4424.148623 -4428.939943 -4440.231461 -4475.996597 -4521.425698 -4518.280355 -4516.997352 -4515.161605 -4421.551101 -4421.857627 -4422.031804 -4422.130106 -4422.183737 -4422.206928 -4422.206635 -4422.185457 -4422.142736 -4422.074901 -4421.975359 -4421.834176 -4421.638190 -4421.373738 -4421.037614 -4420.660664 -4420.321462 -4419.951619 -4419.605294 -4419.305932 -4419.017328 -4418.749263 -4418.553100 -4418.717727 -4529.702917 -4529.702970 -4529.702970 -4529.702970 -4529.702970 -4529.702970 -4529.702970 -4529.702970 -4529.702970 -4529.702970 -4529.702970 -4529.702970 -4529.702970 -4529.702970 -4529.702970 -4529.702970 -4529.702970 -4529.702970 -4529.702970 -4529.679874 -4414.176539 -4415.948762 -4417.508006 -4418.848239 -4419.921077 -4420.731212 -4421.284210 -4421.662035 -4421.921982 -4422.103614 -4422.232799 -4422.326588 -4422.396487 -4422.450460 -4422.494177 -4422.531802 -4422.566531 -4422.600955 -4422.637325 -4422.677751 -4422.724372 -4422.779507 -4422.845825 -4422.926539 -4423.025680 -4423.148467 -4423.301888 -4423.495571 -4423.743218 -4424.064979 -4424.491660 -4425.072550 -4425.891104 -4427.099390 -4429.005447 -4432.379617 -4439.776214 -4465.331459 -4521.054990 -4528.883551 -9999.0 -9999.0
-9999.0 -9999.0 -4411.480094 -4413.371056 -4415.021329 -4416.481816 -4417.750096 -4418.816306 -4419.732620 -4420.803814 -4424.148626 -4428.939944 -4440.231462 -4475.996597 -4521.425698 -4518.280355 -4516.997352 -4515.161605 -4421.551101 -4421.857627 -4422.031804 -4422.130106 -4422.183737 -4422.206928 -4422.206635 -4422.185457 -4422.142736 -4422.074901 -4421.975359 -4421.834176 -4421.638190 -4421.373738 -4421.037614 -4420.660664 -4420.321462 -4419.951619 -4419.605294 -4419.305932 -4419.017328 -4418.749263 -4418.553100 -4418.717727 -4529.702917 -4529.702970 -4529.702970 -4529.702970 -4529.702970 -4529.702970 -4529.702970 -4529.702970 -4529.702970 -4529.702970 -4529.702970 -4529.702970 -4529.702970 -4529.702970 -4529.702970 -4529.702970 -4529.702970 -4529.702970 -4529.702970 -4529.679874 -4414.176539 -4415.948762 -4417.508006 -4418.848239 -4419.921077 -4420.731212 -4421.284210 -4421.662035 -4421.921982 -4422.103614 -4422.232799 -4422.326588 -4422.396487 -4422.450460 -4422.494177 -4422.531802 -4422.566531 -4422.600955 -4422.637325 -4422.677751 -4422.724372 -4422.779507 -4422.845825 -4422.926539 -4423.025680 -4423.148467 -4423.301888 -4423.495571 -4423.743218 -4424.064979 -4424.491660 -4425.072550 -4425.891104 -4427.099390 -4429.005447 -4432.379617 -4439.776214 -4465.331459 -4521.054990 -4528.883551 -9999.0 -9999.0
-9999.0 -9999.0 -9999.0 -9999.0 -9999.0 -9999.0 -9999.0 -9999.0 -9999.0 -9999.0 -9999.0 -9999.0 -9999.0 -9999.0 -9999.0 -9999.0 -9999.0 -9999.0 -9999.0 -9999.0 -9999.0 -9999.0 -9999.0 -9999.0 -9999.0 -9999.0 -9999.0 -9999.0 -9999.0 -9999.0 -9999.0 -9999.0 -9999.0 -9999.0 -9999.0 -9999.0 -9999.0 -9999.0 -9999.0 -9999.0 -9999.0 -9999.0 -9999.0 -9999.0 -9999.0 -9999.0 -9999.0 -9999.0 -9999.0 -9999.0 -9999.0 -9999.0 -9999.0 -9999.0 -9999.0 -9999.0 -9999.0 -9999.0 -9999.0 -9999.0 -9999.0 -9999.0 -9999.0 -9999.0 -9999.0 -9999.0 -9999.0 -9999.0 -9999.0 -9999.0 -9999.0 -9999.0 -9999.0 -9999.0 -9999.0 -9999.0 -9999.0 -9999.0 -9999.0 -9999.0 -9999.0 -9999.0 -9999.0 -9999.0 -9999.0 -9999.0 -9999.0 -9999.0 -9999.0 -9999.0 -9999.0 -9999.0 -9999.0 -9999.0 -9999.0 -9999.0 -9999.0 -9999.0 -9999.0 -9999.0 -9999.0 -9999.0 -9999.0 -9999.0
-9999.0 -9999.0 -9999.0 -9999.0 -9999.0 -9999.0 -9999.0 -9999.0 -9999.0 -9999.0 -9999.0 -9999.0 -9999.0 -9999.0 -9999.0 -9999.0 -9999.0 -9999.0 -9999.0 -9999.0 -9999.0 -9999.0 -9999.0 -9999.0 -9999.0 -9999.0 -9999.0 -9999.0 -9999.0 -9999.0 -9999.0 -9999.0 -9999.0 -9999.0 -9999.0 -9999.0 -9999.0 -9999.0 -9999.0 -9999.0 -9999.0 -9999.0 -9999.0 -9999.0 -9999.0 -9999.0 -9999.0 -9999.0 -9999.0 -9999.0 -9999.0 -9999.0 -9999.0 -9999.0 -9999.0 -9999.0 -9999.0 -9999.0 -9999.0 -9999.0 -9999.0 -9999.0 -9999.0 -9999.0 -9999.0 -9999.0 -9999.0 -9999.0 -9999.0 -9999.0 -9999.0 -9999.0 -9999.0 -9999.0 -9999.0 -9999.0 -9999.0 -9999.0 -9999.0 -9999.0 -9999.0 -9999.0 -9999.0 -9999.0 -9999.0 -9999.0 -9999.0 -9999.0 -9999.0 -9999.0 -9999.0 -9999.0 -9999.0 -9999.0 -9999.0 -9999.0 -9999.0 -9999.0 -9999.0 -9999.0 -9999.0 -9999.0 -9999.0 -9999.0