inst/processing_geotop_simulation/geotop_simulation/out/maps3D/PwL0001N0002.asc
ncols         104
nrows         10
xllcorner     -2.000000
yllcorner     0.000000
cellsize      1.000000
NODATA_value  -9999.0
-9999.0 -9999.0 -9999.0 -9999.0 -9999.0 -9999.0 -9999.0 -9999.0 -9999.0 -9999.0 -9999.0 -9999.0 -9999.0 -9999.0 -9999.0 -9999.0 -9999.0 -9999.0 -9999.0 -9999.0 -9999.0 -9999.0 -9999.0 -9999.0 -9999.0 -9999.0 -9999.0 -9999.0 -9999.0 -9999.0 -9999.0 -9999.0 -9999.0 -9999.0 -9999.0 -9999.0 -9999.0 -9999.0 -9999.0 -9999.0 -9999.0 -9999.0 -9999.0 -9999.0 -9999.0 -9999.0 -9999.0 -9999.0 -9999.0 -9999.0 -9999.0 -9999.0 -9999.0 -9999.0 -9999.0 -9999.0 -9999.0 -9999.0 -9999.0 -9999.0 -9999.0 -9999.0 -9999.0 -9999.0 -9999.0 -9999.0 -9999.0 -9999.0 -9999.0 -9999.0 -9999.0 -9999.0 -9999.0 -9999.0 -9999.0 -9999.0 -9999.0 -9999.0 -9999.0 -9999.0 -9999.0 -9999.0 -9999.0 -9999.0 -9999.0 -9999.0 -9999.0 -9999.0 -9999.0 -9999.0 -9999.0 -9999.0 -9999.0 -9999.0 -9999.0 -9999.0 -9999.0 -9999.0 -9999.0 -9999.0 -9999.0 -9999.0 -9999.0 -9999.0
-9999.0 -9999.0 -9999.0 -9999.0 -9999.0 -9999.0 -9999.0 -9999.0 -9999.0 -9999.0 -9999.0 -9999.0 -9999.0 -9999.0 -9999.0 -9999.0 -9999.0 -9999.0 -9999.0 -9999.0 -9999.0 -9999.0 -9999.0 -9999.0 -9999.0 -9999.0 -9999.0 -9999.0 -9999.0 -9999.0 -9999.0 -9999.0 -9999.0 -9999.0 -9999.0 -9999.0 -9999.0 -9999.0 -9999.0 -9999.0 -9999.0 -9999.0 -9999.0 -9999.0 -9999.0 -9999.0 -9999.0 -9999.0 -9999.0 -9999.0 -9999.0 -9999.0 -9999.0 -9999.0 -9999.0 -9999.0 -9999.0 -9999.0 -9999.0 -9999.0 -9999.0 -9999.0 -9999.0 -9999.0 -9999.0 -9999.0 -9999.0 -9999.0 -9999.0 -9999.0 -9999.0 -9999.0 -9999.0 -9999.0 -9999.0 -9999.0 -9999.0 -9999.0 -9999.0 -9999.0 -9999.0 -9999.0 -9999.0 -9999.0 -9999.0 -9999.0 -9999.0 -9999.0 -9999.0 -9999.0 -9999.0 -9999.0 -9999.0 -9999.0 -9999.0 -9999.0 -9999.0 -9999.0 -9999.0 -9999.0 -9999.0 -9999.0 -9999.0 -9999.0
-9999.0 -9999.0 30.287424 -34.278801 -88.302599 -130.391648 -161.585455 -183.941134 -199.237434 -208.548339 -250.283098 -249.664374 -284.413817 -292.695510 -237.892044 -243.371798 -246.977632 -249.128436 -250.361636 -251.018701 -251.312882 -251.373460 -251.274048 -251.050470 -250.711680 -250.245910 -249.623392 -248.796426 -247.697190 -246.233394 -244.281707 -241.678790 -238.209930 -233.595904 -227.480540 -219.426139 -208.935018 -195.539393 -179.040930 -159.984977 -140.163541 -121.557221 -428.881438 -399.582202 -379.217857 -368.732698 -367.282408 -366.929116 -366.862481 -366.856431 -366.856462 -366.857067 -366.857694 -366.858334 -366.859482 -366.866135 -366.927310 -367.216734 -368.025252 -372.220825 -386.427391 -409.605661 -78.878598 -126.484818 -161.806078 -187.374275 -205.759671 -219.011071 -228.616074 -235.625601 -240.779552 -244.601669 -247.465963 -249.642398 -251.328370 -252.670613 -253.780660 -254.745945 -255.637962 -256.518445 -257.444265 -258.471522 -259.659239 -261.072968 -262.788632 -264.896922 -267.508674 -270.761738 -274.830029 -279.935691 -286.365477 -294.492608 -304.805118 -317.940796 -334.726671 -356.217334 -383.721501 -418.802036 -463.234599 -518.917199 -587.737778 -671.425096 -9999.0 -9999.0
-9999.0 -9999.0 30.447685 -34.228798 -88.286061 -130.386060 -161.583516 -183.940451 -199.237191 -208.548253 -250.283063 -249.664362 -284.413812 -292.695509 -237.892043 -243.371798 -246.977631 -249.128436 -250.361636 -251.018701 -251.312882 -251.373460 -251.274048 -251.050470 -250.711680 -250.245910 -249.623392 -248.796426 -247.697190 -246.233394 -244.281707 -241.678790 -238.209930 -233.595904 -227.480540 -219.426139 -208.935018 -195.539393 -179.040930 -159.984977 -140.163541 -121.557221 -428.881438 -399.582202 -379.217856 -368.732698 -367.282408 -366.929116 -366.862481 -366.856431 -366.856462 -366.857067 -366.857694 -366.858334 -366.859482 -366.866135 -366.927310 -367.216734 -368.025252 -372.220825 -386.427391 -409.605661 -78.878598 -126.484818 -161.806078 -187.374275 -205.759671 -219.011071 -228.616074 -235.625601 -240.779552 -244.601669 -247.465963 -249.642398 -251.328370 -252.670613 -253.780660 -254.745945 -255.637962 -256.518445 -257.444264 -258.471522 -259.659239 -261.072968 -262.788632 -264.896922 -267.508674 -270.761738 -274.830029 -279.935691 -286.365477 -294.492608 -304.805119 -317.940798 -334.726672 -356.217335 -383.721504 -418.802037 -463.234601 -518.917201 -587.737781 -671.425097 -9999.0 -9999.0
-9999.0 -9999.0 30.472257 -34.207319 -88.275438 -130.381677 -161.581823 -183.939818 -199.236958 -208.548169 -250.283029 -249.664350 -284.413808 -292.695507 -237.892043 -243.371797 -246.977631 -249.128435 -250.361636 -251.018701 -251.312882 -251.373460 -251.274048 -251.050470 -250.711680 -250.245910 -249.623392 -248.796426 -247.697190 -246.233394 -244.281707 -241.678790 -238.209930 -233.595904 -227.480540 -219.426139 -208.935018 -195.539393 -179.040930 -159.984977 -140.163541 -121.557221 -428.881438 -399.582202 -379.217857 -368.732698 -367.282408 -366.929117 -366.862481 -366.856431 -366.856462 -366.857067 -366.857694 -366.858334 -366.859482 -366.866135 -366.927310 -367.216734 -368.025252 -372.220825 -386.427391 -409.605661 -78.878598 -126.484818 -161.806078 -187.374275 -205.759671 -219.011071 -228.616074 -235.625601 -240.779552 -244.601669 -247.465963 -249.642398 -251.328370 -252.670613 -253.780660 -254.745945 -255.637962 -256.518445 -257.444264 -258.471521 -259.659238 -261.072968 -262.788632 -264.896921 -267.508674 -270.761738 -274.830030 -279.935691 -286.365477 -294.492609 -304.805120 -317.940798 -334.726673 -356.217336 -383.721504 -418.802039 -463.234602 -518.917202 -587.737781 -671.425100 -9999.0 -9999.0
-9999.0 -9999.0 30.472257 -34.207319 -88.275437 -130.381677 -161.581823 -183.939818 -199.236958 -208.548169 -250.283028 -249.664350 -284.413807 -292.695507 -237.892042 -243.371798 -246.977631 -249.128436 -250.361636 -251.018701 -251.312882 -251.373460 -251.274048 -251.050470 -250.711680 -250.245910 -249.623392 -248.796426 -247.697190 -246.233394 -244.281707 -241.678790 -238.209930 -233.595904 -227.480540 -219.426139 -208.935018 -195.539393 -179.040930 -159.984977 -140.163541 -121.557221 -428.881438 -399.582202 -379.217857 -368.732698 -367.282408 -366.929117 -366.862481 -366.856431 -366.856462 -366.857067 -366.857694 -366.858334 -366.859482 -366.866135 -366.927310 -367.216734 -368.025252 -372.220825 -386.427391 -409.605661 -78.878598 -126.484818 -161.806078 -187.374275 -205.759671 -219.011071 -228.616074 -235.625601 -240.779552 -244.601669 -247.465963 -249.642398 -251.328370 -252.670613 -253.780660 -254.745945 -255.637962 -256.518445 -257.444264 -258.471521 -259.659238 -261.072968 -262.788632 -264.896921 -267.508674 -270.761738 -274.830030 -279.935691 -286.365477 -294.492609 -304.805120 -317.940798 -334.726673 -356.217336 -383.721504 -418.802039 -463.234603 -518.917202 -587.737782 -671.425100 -9999.0 -9999.0
-9999.0 -9999.0 30.447685 -34.228798 -88.286061 -130.386060 -161.583517 -183.940451 -199.237191 -208.548253 -250.283063 -249.664362 -284.413812 -292.695509 -237.892044 -243.371798 -246.977631 -249.128435 -250.361636 -251.018701 -251.312882 -251.373460 -251.274048 -251.050470 -250.711680 -250.245910 -249.623392 -248.796426 -247.697190 -246.233394 -244.281707 -241.678790 -238.209930 -233.595904 -227.480540 -219.426139 -208.935018 -195.539393 -179.040930 -159.984977 -140.163541 -121.557221 -428.881438 -399.582202 -379.217856 -368.732698 -367.282408 -366.929116 -366.862481 -366.856431 -366.856462 -366.857067 -366.857694 -366.858334 -366.859482 -366.866135 -366.927310 -367.216734 -368.025252 -372.220825 -386.427391 -409.605661 -78.878598 -126.484818 -161.806078 -187.374275 -205.759671 -219.011071 -228.616074 -235.625601 -240.779552 -244.601669 -247.465963 -249.642398 -251.328370 -252.670613 -253.780660 -254.745945 -255.637962 -256.518445 -257.444264 -258.471522 -259.659239 -261.072968 -262.788632 -264.896922 -267.508674 -270.761738 -274.830029 -279.935691 -286.365477 -294.492608 -304.805119 -317.940798 -334.726672 -356.217336 -383.721504 -418.802038 -463.234601 -518.917202 -587.737780 -671.425098 -9999.0 -9999.0
-9999.0 -9999.0 30.287424 -34.278801 -88.302599 -130.391648 -161.585455 -183.941135 -199.237434 -208.548340 -250.283098 -249.664374 -284.413816 -292.695511 -237.892044 -243.371798 -246.977631 -249.128436 -250.361636 -251.018701 -251.312882 -251.373460 -251.274048 -251.050470 -250.711680 -250.245910 -249.623392 -248.796426 -247.697190 -246.233394 -244.281707 -241.678790 -238.209930 -233.595904 -227.480540 -219.426139 -208.935018 -195.539393 -179.040930 -159.984977 -140.163541 -121.557221 -428.881438 -399.582202 -379.217857 -368.732698 -367.282408 -366.929116 -366.862481 -366.856431 -366.856462 -366.857067 -366.857694 -366.858334 -366.859482 -366.866135 -366.927310 -367.216734 -368.025252 -372.220825 -386.427391 -409.605661 -78.878598 -126.484818 -161.806078 -187.374275 -205.759671 -219.011071 -228.616074 -235.625601 -240.779552 -244.601669 -247.465963 -249.642398 -251.328370 -252.670613 -253.780660 -254.745945 -255.637962 -256.518445 -257.444265 -258.471522 -259.659239 -261.072968 -262.788632 -264.896922 -267.508674 -270.761738 -274.830029 -279.935691 -286.365477 -294.492608 -304.805118 -317.940796 -334.726671 -356.217333 -383.721502 -418.802036 -463.234599 -518.917198 -587.737779 -671.425096 -9999.0 -9999.0
-9999.0 -9999.0 -9999.0 -9999.0 -9999.0 -9999.0 -9999.0 -9999.0 -9999.0 -9999.0 -9999.0 -9999.0 -9999.0 -9999.0 -9999.0 -9999.0 -9999.0 -9999.0 -9999.0 -9999.0 -9999.0 -9999.0 -9999.0 -9999.0 -9999.0 -9999.0 -9999.0 -9999.0 -9999.0 -9999.0 -9999.0 -9999.0 -9999.0 -9999.0 -9999.0 -9999.0 -9999.0 -9999.0 -9999.0 -9999.0 -9999.0 -9999.0 -9999.0 -9999.0 -9999.0 -9999.0 -9999.0 -9999.0 -9999.0 -9999.0 -9999.0 -9999.0 -9999.0 -9999.0 -9999.0 -9999.0 -9999.0 -9999.0 -9999.0 -9999.0 -9999.0 -9999.0 -9999.0 -9999.0 -9999.0 -9999.0 -9999.0 -9999.0 -9999.0 -9999.0 -9999.0 -9999.0 -9999.0 -9999.0 -9999.0 -9999.0 -9999.0 -9999.0 -9999.0 -9999.0 -9999.0 -9999.0 -9999.0 -9999.0 -9999.0 -9999.0 -9999.0 -9999.0 -9999.0 -9999.0 -9999.0 -9999.0 -9999.0 -9999.0 -9999.0 -9999.0 -9999.0 -9999.0 -9999.0 -9999.0 -9999.0 -9999.0 -9999.0 -9999.0
-9999.0 -9999.0 -9999.0 -9999.0 -9999.0 -9999.0 -9999.0 -9999.0 -9999.0 -9999.0 -9999.0 -9999.0 -9999.0 -9999.0 -9999.0 -9999.0 -9999.0 -9999.0 -9999.0 -9999.0 -9999.0 -9999.0 -9999.0 -9999.0 -9999.0 -9999.0 -9999.0 -9999.0 -9999.0 -9999.0 -9999.0 -9999.0 -9999.0 -9999.0 -9999.0 -9999.0 -9999.0 -9999.0 -9999.0 -9999.0 -9999.0 -9999.0 -9999.0 -9999.0 -9999.0 -9999.0 -9999.0 -9999.0 -9999.0 -9999.0 -9999.0 -9999.0 -9999.0 -9999.0 -9999.0 -9999.0 -9999.0 -9999.0 -9999.0 -9999.0 -9999.0 -9999.0 -9999.0 -9999.0 -9999.0 -9999.0 -9999.0 -9999.0 -9999.0 -9999.0 -9999.0 -9999.0 -9999.0 -9999.0 -9999.0 -9999.0 -9999.0 -9999.0 -9999.0 -9999.0 -9999.0 -9999.0 -9999.0 -9999.0 -9999.0 -9999.0 -9999.0 -9999.0 -9999.0 -9999.0 -9999.0 -9999.0 -9999.0 -9999.0 -9999.0 -9999.0 -9999.0 -9999.0 -9999.0 -9999.0 -9999.0 -9999.0 -9999.0 -9999.0