inst/processing_geotop_simulation/geotop_simulation/out/maps3D/PwL0018N0094.asc
ncols         104
nrows         10
xllcorner     -2.000000
yllcorner     0.000000
cellsize      1.000000
NODATA_value  -9999.0
-9999.0 -9999.0 -9999.0 -9999.0 -9999.0 -9999.0 -9999.0 -9999.0 -9999.0 -9999.0 -9999.0 -9999.0 -9999.0 -9999.0 -9999.0 -9999.0 -9999.0 -9999.0 -9999.0 -9999.0 -9999.0 -9999.0 -9999.0 -9999.0 -9999.0 -9999.0 -9999.0 -9999.0 -9999.0 -9999.0 -9999.0 -9999.0 -9999.0 -9999.0 -9999.0 -9999.0 -9999.0 -9999.0 -9999.0 -9999.0 -9999.0 -9999.0 -9999.0 -9999.0 -9999.0 -9999.0 -9999.0 -9999.0 -9999.0 -9999.0 -9999.0 -9999.0 -9999.0 -9999.0 -9999.0 -9999.0 -9999.0 -9999.0 -9999.0 -9999.0 -9999.0 -9999.0 -9999.0 -9999.0 -9999.0 -9999.0 -9999.0 -9999.0 -9999.0 -9999.0 -9999.0 -9999.0 -9999.0 -9999.0 -9999.0 -9999.0 -9999.0 -9999.0 -9999.0 -9999.0 -9999.0 -9999.0 -9999.0 -9999.0 -9999.0 -9999.0 -9999.0 -9999.0 -9999.0 -9999.0 -9999.0 -9999.0 -9999.0 -9999.0 -9999.0 -9999.0 -9999.0 -9999.0 -9999.0 -9999.0 -9999.0 -9999.0 -9999.0 -9999.0
-9999.0 -9999.0 -9999.0 -9999.0 -9999.0 -9999.0 -9999.0 -9999.0 -9999.0 -9999.0 -9999.0 -9999.0 -9999.0 -9999.0 -9999.0 -9999.0 -9999.0 -9999.0 -9999.0 -9999.0 -9999.0 -9999.0 -9999.0 -9999.0 -9999.0 -9999.0 -9999.0 -9999.0 -9999.0 -9999.0 -9999.0 -9999.0 -9999.0 -9999.0 -9999.0 -9999.0 -9999.0 -9999.0 -9999.0 -9999.0 -9999.0 -9999.0 -9999.0 -9999.0 -9999.0 -9999.0 -9999.0 -9999.0 -9999.0 -9999.0 -9999.0 -9999.0 -9999.0 -9999.0 -9999.0 -9999.0 -9999.0 -9999.0 -9999.0 -9999.0 -9999.0 -9999.0 -9999.0 -9999.0 -9999.0 -9999.0 -9999.0 -9999.0 -9999.0 -9999.0 -9999.0 -9999.0 -9999.0 -9999.0 -9999.0 -9999.0 -9999.0 -9999.0 -9999.0 -9999.0 -9999.0 -9999.0 -9999.0 -9999.0 -9999.0 -9999.0 -9999.0 -9999.0 -9999.0 -9999.0 -9999.0 -9999.0 -9999.0 -9999.0 -9999.0 -9999.0 -9999.0 -9999.0 -9999.0 -9999.0 -9999.0 -9999.0 -9999.0 -9999.0
-9999.0 -9999.0 885.243126 791.566130 697.150974 601.905754 506.236567 410.394567 314.516134 218.673329 122.896616 27.214419 -68.232020 -163.521324 -258.992759 -355.424095 -454.148331 -557.016250 -666.135152 -773.683682 -870.708032 -960.978728 -1039.567764 -1060.482669 -1066.251686 -1065.817813 -1063.656788 -1061.539982 -1059.974969 -1058.978980 -1058.424612 -1058.169211 -1058.096833 -1058.124840 -1058.199300 -1058.289823 -1058.390760 -1058.529856 -1058.818518 -1060.260354 -1071.273619 -1171.254926 -2090.270361 -4077.476823 -4084.158252 -4084.158416 -4084.158416 -4084.158416 -4084.158414 -4084.158409 -4084.158391 -4084.158325 -4084.158195 -4084.158005 -4084.157650 -4084.156873 -4084.154927 -4084.149489 -4084.132759 -4084.076011 -4072.901945 -1967.673830 -1140.522301 -1067.488730 -1059.838410 -1058.991761 -1058.873943 -1058.854562 -1058.852761 -1058.854230 -1058.855995 -1058.857470 -1058.858604 -1058.859465 -1058.860122 -1058.860633 -1058.861037 -1058.861363 -1058.861634 -1058.861872 -1058.862104 -1058.862359 -1058.862678 -1058.863118 -1058.863767 -1058.864762 -1058.866325 -1058.868817 -1058.872849 -1058.879479 -1058.890597 -1058.909710 -1058.943529 -1059.005222 -1059.121045 -1059.343890 -1059.782413 -1060.671851 -1062.575082 -1066.990535 -1078.063206 -1107.243634 -9999.0 -9999.0
-9999.0 -9999.0 885.246967 791.567540 697.151426 601.905899 506.236615 410.394583 314.516139 218.673331 122.896616 27.214419 -68.232020 -163.521324 -258.992760 -355.424095 -454.148331 -557.016250 -666.135152 -773.683682 -870.708032 -960.978728 -1039.567764 -1060.482669 -1066.251686 -1065.817813 -1063.656788 -1061.539982 -1059.974969 -1058.978980 -1058.424612 -1058.169211 -1058.096833 -1058.124840 -1058.199300 -1058.289823 -1058.390760 -1058.529856 -1058.818518 -1060.260354 -1071.273619 -1171.254926 -2090.270361 -4077.476822 -4084.158252 -4084.158416 -4084.158416 -4084.158416 -4084.158414 -4084.158409 -4084.158391 -4084.158325 -4084.158195 -4084.158005 -4084.157650 -4084.156873 -4084.154927 -4084.149489 -4084.132759 -4084.076011 -4072.901945 -1967.673830 -1140.522301 -1067.488730 -1059.838410 -1058.991761 -1058.873943 -1058.854562 -1058.852761 -1058.854230 -1058.855995 -1058.857470 -1058.858604 -1058.859465 -1058.860122 -1058.860633 -1058.861037 -1058.861363 -1058.861634 -1058.861872 -1058.862104 -1058.862359 -1058.862678 -1058.863118 -1058.863767 -1058.864762 -1058.866325 -1058.868817 -1058.872849 -1058.879479 -1058.890597 -1058.909710 -1058.943529 -1059.005222 -1059.121045 -1059.343890 -1059.782413 -1060.671851 -1062.575082 -1066.990535 -1078.063206 -1107.243634 -9999.0 -9999.0
-9999.0 -9999.0 885.248350 791.568277 697.151735 601.906017 506.236658 410.394598 314.516144 218.673333 122.896617 27.214419 -68.232020 -163.521324 -258.992760 -355.424096 -454.148332 -557.016250 -666.135152 -773.683682 -870.708032 -960.978728 -1039.567764 -1060.482669 -1066.251686 -1065.817813 -1063.656788 -1061.539982 -1059.974969 -1058.978980 -1058.424612 -1058.169211 -1058.096833 -1058.124840 -1058.199300 -1058.289823 -1058.390760 -1058.529856 -1058.818518 -1060.260354 -1071.273619 -1171.254926 -2090.270361 -4077.476822 -4084.158252 -4084.158416 -4084.158416 -4084.158416 -4084.158414 -4084.158409 -4084.158391 -4084.158325 -4084.158195 -4084.158005 -4084.157650 -4084.156873 -4084.154927 -4084.149489 -4084.132759 -4084.076011 -4072.901945 -1967.673830 -1140.522301 -1067.488730 -1059.838410 -1058.991761 -1058.873943 -1058.854562 -1058.852761 -1058.854230 -1058.855995 -1058.857470 -1058.858604 -1058.859465 -1058.860122 -1058.860633 -1058.861037 -1058.861363 -1058.861634 -1058.861872 -1058.862104 -1058.862359 -1058.862678 -1058.863118 -1058.863767 -1058.864762 -1058.866325 -1058.868817 -1058.872849 -1058.879479 -1058.890597 -1058.909710 -1058.943529 -1059.005222 -1059.121045 -1059.343890 -1059.782413 -1060.671851 -1062.575082 -1066.990535 -1078.063206 -1107.243634 -9999.0 -9999.0
-9999.0 -9999.0 885.248350 791.568277 697.151735 601.906017 506.236658 410.394598 314.516144 218.673333 122.896617 27.214419 -68.232020 -163.521324 -258.992760 -355.424096 -454.148332 -557.016250 -666.135152 -773.683682 -870.708032 -960.978728 -1039.567764 -1060.482669 -1066.251686 -1065.817813 -1063.656788 -1061.539982 -1059.974969 -1058.978980 -1058.424612 -1058.169211 -1058.096833 -1058.124840 -1058.199300 -1058.289823 -1058.390760 -1058.529856 -1058.818518 -1060.260354 -1071.273619 -1171.254926 -2090.270361 -4077.476822 -4084.158252 -4084.158416 -4084.158416 -4084.158416 -4084.158414 -4084.158409 -4084.158391 -4084.158325 -4084.158195 -4084.158005 -4084.157650 -4084.156873 -4084.154927 -4084.149489 -4084.132759 -4084.076011 -4072.901945 -1967.673830 -1140.522301 -1067.488730 -1059.838410 -1058.991761 -1058.873943 -1058.854562 -1058.852761 -1058.854230 -1058.855995 -1058.857470 -1058.858604 -1058.859465 -1058.860122 -1058.860633 -1058.861037 -1058.861363 -1058.861634 -1058.861872 -1058.862104 -1058.862359 -1058.862678 -1058.863118 -1058.863767 -1058.864762 -1058.866325 -1058.868817 -1058.872849 -1058.879479 -1058.890597 -1058.909710 -1058.943529 -1059.005222 -1059.121045 -1059.343890 -1059.782413 -1060.671851 -1062.575082 -1066.990535 -1078.063206 -1107.243634 -9999.0 -9999.0
-9999.0 -9999.0 885.246967 791.567540 697.151426 601.905899 506.236615 410.394583 314.516139 218.673331 122.896616 27.214419 -68.232020 -163.521324 -258.992760 -355.424095 -454.148331 -557.016250 -666.135152 -773.683682 -870.708032 -960.978728 -1039.567764 -1060.482669 -1066.251686 -1065.817813 -1063.656788 -1061.539982 -1059.974969 -1058.978980 -1058.424612 -1058.169211 -1058.096833 -1058.124840 -1058.199300 -1058.289823 -1058.390760 -1058.529856 -1058.818518 -1060.260354 -1071.273619 -1171.254926 -2090.270361 -4077.476822 -4084.158252 -4084.158416 -4084.158416 -4084.158416 -4084.158414 -4084.158409 -4084.158391 -4084.158325 -4084.158195 -4084.158005 -4084.157650 -4084.156873 -4084.154927 -4084.149489 -4084.132759 -4084.076011 -4072.901945 -1967.673830 -1140.522301 -1067.488730 -1059.838410 -1058.991761 -1058.873943 -1058.854562 -1058.852761 -1058.854230 -1058.855995 -1058.857470 -1058.858604 -1058.859465 -1058.860122 -1058.860633 -1058.861037 -1058.861363 -1058.861634 -1058.861872 -1058.862104 -1058.862359 -1058.862678 -1058.863118 -1058.863767 -1058.864762 -1058.866325 -1058.868817 -1058.872849 -1058.879479 -1058.890597 -1058.909710 -1058.943529 -1059.005222 -1059.121045 -1059.343890 -1059.782413 -1060.671851 -1062.575082 -1066.990535 -1078.063206 -1107.243634 -9999.0 -9999.0
-9999.0 -9999.0 885.243127 791.566130 697.150974 601.905754 506.236567 410.394567 314.516134 218.673329 122.896616 27.214419 -68.232020 -163.521324 -258.992759 -355.424095 -454.148331 -557.016250 -666.135152 -773.683682 -870.708032 -960.978728 -1039.567764 -1060.482669 -1066.251686 -1065.817813 -1063.656788 -1061.539982 -1059.974969 -1058.978980 -1058.424612 -1058.169211 -1058.096833 -1058.124840 -1058.199300 -1058.289823 -1058.390760 -1058.529856 -1058.818518 -1060.260354 -1071.273619 -1171.254926 -2090.270361 -4077.476823 -4084.158252 -4084.158416 -4084.158416 -4084.158416 -4084.158414 -4084.158409 -4084.158391 -4084.158325 -4084.158195 -4084.158005 -4084.157650 -4084.156873 -4084.154927 -4084.149489 -4084.132759 -4084.076011 -4072.901945 -1967.673830 -1140.522301 -1067.488730 -1059.838410 -1058.991761 -1058.873943 -1058.854562 -1058.852761 -1058.854230 -1058.855995 -1058.857470 -1058.858604 -1058.859465 -1058.860122 -1058.860633 -1058.861037 -1058.861363 -1058.861634 -1058.861872 -1058.862104 -1058.862359 -1058.862678 -1058.863118 -1058.863767 -1058.864762 -1058.866325 -1058.868817 -1058.872849 -1058.879479 -1058.890597 -1058.909710 -1058.943529 -1059.005222 -1059.121045 -1059.343890 -1059.782413 -1060.671851 -1062.575082 -1066.990535 -1078.063206 -1107.243634 -9999.0 -9999.0
-9999.0 -9999.0 -9999.0 -9999.0 -9999.0 -9999.0 -9999.0 -9999.0 -9999.0 -9999.0 -9999.0 -9999.0 -9999.0 -9999.0 -9999.0 -9999.0 -9999.0 -9999.0 -9999.0 -9999.0 -9999.0 -9999.0 -9999.0 -9999.0 -9999.0 -9999.0 -9999.0 -9999.0 -9999.0 -9999.0 -9999.0 -9999.0 -9999.0 -9999.0 -9999.0 -9999.0 -9999.0 -9999.0 -9999.0 -9999.0 -9999.0 -9999.0 -9999.0 -9999.0 -9999.0 -9999.0 -9999.0 -9999.0 -9999.0 -9999.0 -9999.0 -9999.0 -9999.0 -9999.0 -9999.0 -9999.0 -9999.0 -9999.0 -9999.0 -9999.0 -9999.0 -9999.0 -9999.0 -9999.0 -9999.0 -9999.0 -9999.0 -9999.0 -9999.0 -9999.0 -9999.0 -9999.0 -9999.0 -9999.0 -9999.0 -9999.0 -9999.0 -9999.0 -9999.0 -9999.0 -9999.0 -9999.0 -9999.0 -9999.0 -9999.0 -9999.0 -9999.0 -9999.0 -9999.0 -9999.0 -9999.0 -9999.0 -9999.0 -9999.0 -9999.0 -9999.0 -9999.0 -9999.0 -9999.0 -9999.0 -9999.0 -9999.0 -9999.0 -9999.0
-9999.0 -9999.0 -9999.0 -9999.0 -9999.0 -9999.0 -9999.0 -9999.0 -9999.0 -9999.0 -9999.0 -9999.0 -9999.0 -9999.0 -9999.0 -9999.0 -9999.0 -9999.0 -9999.0 -9999.0 -9999.0 -9999.0 -9999.0 -9999.0 -9999.0 -9999.0 -9999.0 -9999.0 -9999.0 -9999.0 -9999.0 -9999.0 -9999.0 -9999.0 -9999.0 -9999.0 -9999.0 -9999.0 -9999.0 -9999.0 -9999.0 -9999.0 -9999.0 -9999.0 -9999.0 -9999.0 -9999.0 -9999.0 -9999.0 -9999.0 -9999.0 -9999.0 -9999.0 -9999.0 -9999.0 -9999.0 -9999.0 -9999.0 -9999.0 -9999.0 -9999.0 -9999.0 -9999.0 -9999.0 -9999.0 -9999.0 -9999.0 -9999.0 -9999.0 -9999.0 -9999.0 -9999.0 -9999.0 -9999.0 -9999.0 -9999.0 -9999.0 -9999.0 -9999.0 -9999.0 -9999.0 -9999.0 -9999.0 -9999.0 -9999.0 -9999.0 -9999.0 -9999.0 -9999.0 -9999.0 -9999.0 -9999.0 -9999.0 -9999.0 -9999.0 -9999.0 -9999.0 -9999.0 -9999.0 -9999.0 -9999.0 -9999.0 -9999.0 -9999.0