inst/processing_geotop_simulation/geotop_simulation/out/maps3D/PwL0005N0330.asc
ncols         104
nrows         10
xllcorner     -2.000000
yllcorner     0.000000
cellsize      1.000000
NODATA_value  -9999.0
-9999.0 -9999.0 -9999.0 -9999.0 -9999.0 -9999.0 -9999.0 -9999.0 -9999.0 -9999.0 -9999.0 -9999.0 -9999.0 -9999.0 -9999.0 -9999.0 -9999.0 -9999.0 -9999.0 -9999.0 -9999.0 -9999.0 -9999.0 -9999.0 -9999.0 -9999.0 -9999.0 -9999.0 -9999.0 -9999.0 -9999.0 -9999.0 -9999.0 -9999.0 -9999.0 -9999.0 -9999.0 -9999.0 -9999.0 -9999.0 -9999.0 -9999.0 -9999.0 -9999.0 -9999.0 -9999.0 -9999.0 -9999.0 -9999.0 -9999.0 -9999.0 -9999.0 -9999.0 -9999.0 -9999.0 -9999.0 -9999.0 -9999.0 -9999.0 -9999.0 -9999.0 -9999.0 -9999.0 -9999.0 -9999.0 -9999.0 -9999.0 -9999.0 -9999.0 -9999.0 -9999.0 -9999.0 -9999.0 -9999.0 -9999.0 -9999.0 -9999.0 -9999.0 -9999.0 -9999.0 -9999.0 -9999.0 -9999.0 -9999.0 -9999.0 -9999.0 -9999.0 -9999.0 -9999.0 -9999.0 -9999.0 -9999.0 -9999.0 -9999.0 -9999.0 -9999.0 -9999.0 -9999.0 -9999.0 -9999.0 -9999.0 -9999.0 -9999.0 -9999.0
-9999.0 -9999.0 -9999.0 -9999.0 -9999.0 -9999.0 -9999.0 -9999.0 -9999.0 -9999.0 -9999.0 -9999.0 -9999.0 -9999.0 -9999.0 -9999.0 -9999.0 -9999.0 -9999.0 -9999.0 -9999.0 -9999.0 -9999.0 -9999.0 -9999.0 -9999.0 -9999.0 -9999.0 -9999.0 -9999.0 -9999.0 -9999.0 -9999.0 -9999.0 -9999.0 -9999.0 -9999.0 -9999.0 -9999.0 -9999.0 -9999.0 -9999.0 -9999.0 -9999.0 -9999.0 -9999.0 -9999.0 -9999.0 -9999.0 -9999.0 -9999.0 -9999.0 -9999.0 -9999.0 -9999.0 -9999.0 -9999.0 -9999.0 -9999.0 -9999.0 -9999.0 -9999.0 -9999.0 -9999.0 -9999.0 -9999.0 -9999.0 -9999.0 -9999.0 -9999.0 -9999.0 -9999.0 -9999.0 -9999.0 -9999.0 -9999.0 -9999.0 -9999.0 -9999.0 -9999.0 -9999.0 -9999.0 -9999.0 -9999.0 -9999.0 -9999.0 -9999.0 -9999.0 -9999.0 -9999.0 -9999.0 -9999.0 -9999.0 -9999.0 -9999.0 -9999.0 -9999.0 -9999.0 -9999.0 -9999.0 -9999.0 -9999.0 -9999.0 -9999.0
-9999.0 -9999.0 225.413485 128.279467 29.872144 -68.927004 -167.878145 -266.888724 -365.908699 -464.903995 -563.828002 -662.567711 -761.058680 -859.367478 -957.529400 -1055.708439 -1153.516615 -1250.250233 -1345.461208 -1438.137739 -1526.356297 -1607.023861 -1676.936434 -1734.263432 -1779.050077 -1812.726165 -1837.329308 -1854.920143 -1867.288897 -1875.869239 -1881.755506 -1885.756605 -1888.456175 -1890.267174 -1891.477519 -1892.287778 -1892.847368 -1893.319985 -1894.109097 -1896.492580 -1901.153083 -1865.148527 -1171.764024 -1186.153352 -1171.524945 -1161.947558 -1157.464249 -1156.789922 -1156.717925 -1156.724772 -1156.742982 -1156.762583 -1156.781424 -1156.798874 -1156.815092 -1156.834141 -1156.894263 -1157.296753 -1159.679368 -1164.976927 -1172.040059 -1147.356817 -1839.319744 -1894.874309 -1895.063264 -1894.214463 -1894.008812 -1893.972265 -1893.966781 -1893.966474 -1893.966947 -1893.967445 -1893.967850 -1893.968163 -1893.968405 -1893.968595 -1893.968746 -1893.968869 -1893.968974 -1893.969069 -1893.969162 -1893.969267 -1893.969398 -1893.969579 -1893.969845 -1893.970252 -1893.970891 -1893.971914 -1893.973582 -1893.976355 -1893.981079 -1893.989349 -1894.004272 -1894.032010 -1894.085054 -1894.189400 -1894.401720 -1894.854366 -1895.883277 -1898.429482 -1905.523852 -1928.915355 -9999.0 -9999.0
-9999.0 -9999.0 225.422194 128.281359 29.872631 -68.926862 -167.878099 -266.888708 -365.908694 -464.903992 -563.828001 -662.567711 -761.058679 -859.367478 -957.529400 -1055.708439 -1153.516615 -1250.250234 -1345.461208 -1438.137739 -1526.356297 -1607.023861 -1676.936434 -1734.263432 -1779.050077 -1812.726165 -1837.329308 -1854.920143 -1867.288897 -1875.869239 -1881.755506 -1885.756605 -1888.456175 -1890.267174 -1891.477519 -1892.287778 -1892.847368 -1893.319985 -1894.109097 -1896.492580 -1901.153083 -1865.148527 -1171.764024 -1186.153352 -1171.524945 -1161.947558 -1157.464249 -1156.789922 -1156.717925 -1156.724772 -1156.742982 -1156.762583 -1156.781424 -1156.798874 -1156.815092 -1156.834141 -1156.894263 -1157.296753 -1159.679368 -1164.976927 -1172.040059 -1147.356817 -1839.319744 -1894.874309 -1895.063264 -1894.214463 -1894.008812 -1893.972265 -1893.966781 -1893.966474 -1893.966947 -1893.967445 -1893.967850 -1893.968163 -1893.968405 -1893.968595 -1893.968746 -1893.968869 -1893.968974 -1893.969069 -1893.969162 -1893.969267 -1893.969398 -1893.969579 -1893.969845 -1893.970252 -1893.970891 -1893.971914 -1893.973582 -1893.976355 -1893.981079 -1893.989349 -1894.004272 -1894.032010 -1894.085054 -1894.189400 -1894.401720 -1894.854366 -1895.883277 -1898.429482 -1905.523852 -1928.915355 -9999.0 -9999.0
-9999.0 -9999.0 225.423562 128.282139 29.872940 -68.926750 -167.878060 -266.888694 -365.908689 -464.903990 -563.828000 -662.567711 -761.058679 -859.367478 -957.529400 -1055.708439 -1153.516615 -1250.250234 -1345.461208 -1438.137739 -1526.356297 -1607.023861 -1676.936434 -1734.263432 -1779.050077 -1812.726165 -1837.329308 -1854.920143 -1867.288897 -1875.869239 -1881.755506 -1885.756605 -1888.456175 -1890.267174 -1891.477519 -1892.287778 -1892.847368 -1893.319985 -1894.109097 -1896.492580 -1901.153083 -1865.148527 -1171.764024 -1186.153352 -1171.524945 -1161.947558 -1157.464249 -1156.789922 -1156.717925 -1156.724772 -1156.742982 -1156.762583 -1156.781424 -1156.798874 -1156.815092 -1156.834141 -1156.894263 -1157.296753 -1159.679368 -1164.976927 -1172.040059 -1147.356817 -1839.319744 -1894.874309 -1895.063264 -1894.214463 -1894.008812 -1893.972265 -1893.966781 -1893.966474 -1893.966947 -1893.967445 -1893.967850 -1893.968163 -1893.968405 -1893.968595 -1893.968746 -1893.968869 -1893.968974 -1893.969069 -1893.969162 -1893.969267 -1893.969398 -1893.969579 -1893.969845 -1893.970252 -1893.970891 -1893.971914 -1893.973582 -1893.976355 -1893.981079 -1893.989349 -1894.004272 -1894.032010 -1894.085054 -1894.189400 -1894.401720 -1894.854366 -1895.883277 -1898.429482 -1905.523852 -1928.915355 -9999.0 -9999.0
-9999.0 -9999.0 225.423562 128.282139 29.872940 -68.926750 -167.878060 -266.888694 -365.908689 -464.903990 -563.828000 -662.567711 -761.058679 -859.367478 -957.529400 -1055.708439 -1153.516615 -1250.250234 -1345.461208 -1438.137739 -1526.356297 -1607.023861 -1676.936434 -1734.263432 -1779.050077 -1812.726165 -1837.329308 -1854.920143 -1867.288897 -1875.869239 -1881.755506 -1885.756605 -1888.456175 -1890.267174 -1891.477519 -1892.287778 -1892.847368 -1893.319985 -1894.109097 -1896.492580 -1901.153083 -1865.148527 -1171.764024 -1186.153352 -1171.524945 -1161.947558 -1157.464249 -1156.789922 -1156.717925 -1156.724772 -1156.742982 -1156.762583 -1156.781424 -1156.798874 -1156.815092 -1156.834141 -1156.894263 -1157.296753 -1159.679368 -1164.976927 -1172.040059 -1147.356817 -1839.319744 -1894.874309 -1895.063264 -1894.214463 -1894.008812 -1893.972265 -1893.966781 -1893.966474 -1893.966947 -1893.967445 -1893.967850 -1893.968163 -1893.968405 -1893.968595 -1893.968746 -1893.968869 -1893.968974 -1893.969069 -1893.969162 -1893.969267 -1893.969398 -1893.969579 -1893.969845 -1893.970252 -1893.970891 -1893.971914 -1893.973582 -1893.976355 -1893.981079 -1893.989349 -1894.004272 -1894.032010 -1894.085054 -1894.189400 -1894.401720 -1894.854366 -1895.883277 -1898.429482 -1905.523852 -1928.915355 -9999.0 -9999.0
-9999.0 -9999.0 225.422194 128.281359 29.872631 -68.926862 -167.878099 -266.888708 -365.908694 -464.903992 -563.828001 -662.567711 -761.058679 -859.367478 -957.529400 -1055.708439 -1153.516615 -1250.250234 -1345.461208 -1438.137739 -1526.356297 -1607.023861 -1676.936434 -1734.263432 -1779.050077 -1812.726165 -1837.329308 -1854.920143 -1867.288897 -1875.869239 -1881.755506 -1885.756605 -1888.456175 -1890.267174 -1891.477519 -1892.287778 -1892.847368 -1893.319985 -1894.109097 -1896.492580 -1901.153083 -1865.148527 -1171.764024 -1186.153352 -1171.524945 -1161.947558 -1157.464249 -1156.789922 -1156.717925 -1156.724772 -1156.742982 -1156.762583 -1156.781424 -1156.798874 -1156.815092 -1156.834141 -1156.894263 -1157.296753 -1159.679368 -1164.976927 -1172.040059 -1147.356817 -1839.319744 -1894.874309 -1895.063264 -1894.214463 -1894.008812 -1893.972265 -1893.966781 -1893.966474 -1893.966947 -1893.967445 -1893.967850 -1893.968163 -1893.968405 -1893.968595 -1893.968746 -1893.968869 -1893.968974 -1893.969069 -1893.969162 -1893.969267 -1893.969398 -1893.969579 -1893.969845 -1893.970252 -1893.970891 -1893.971914 -1893.973582 -1893.976355 -1893.981079 -1893.989349 -1894.004272 -1894.032010 -1894.085054 -1894.189400 -1894.401720 -1894.854366 -1895.883277 -1898.429482 -1905.523852 -1928.915355 -9999.0 -9999.0
-9999.0 -9999.0 225.413485 128.279467 29.872144 -68.927004 -167.878145 -266.888724 -365.908699 -464.903995 -563.828002 -662.567711 -761.058680 -859.367478 -957.529400 -1055.708439 -1153.516615 -1250.250234 -1345.461208 -1438.137739 -1526.356297 -1607.023861 -1676.936434 -1734.263432 -1779.050077 -1812.726165 -1837.329308 -1854.920143 -1867.288897 -1875.869239 -1881.755506 -1885.756605 -1888.456175 -1890.267174 -1891.477519 -1892.287778 -1892.847368 -1893.319985 -1894.109097 -1896.492580 -1901.153083 -1865.148527 -1171.764024 -1186.153352 -1171.524945 -1161.947558 -1157.464249 -1156.789922 -1156.717925 -1156.724772 -1156.742982 -1156.762583 -1156.781424 -1156.798874 -1156.815092 -1156.834141 -1156.894263 -1157.296753 -1159.679368 -1164.976927 -1172.040059 -1147.356817 -1839.319744 -1894.874309 -1895.063264 -1894.214463 -1894.008812 -1893.972265 -1893.966781 -1893.966474 -1893.966947 -1893.967445 -1893.967850 -1893.968163 -1893.968405 -1893.968595 -1893.968746 -1893.968869 -1893.968974 -1893.969069 -1893.969162 -1893.969267 -1893.969398 -1893.969579 -1893.969845 -1893.970252 -1893.970891 -1893.971914 -1893.973582 -1893.976355 -1893.981079 -1893.989349 -1894.004272 -1894.032010 -1894.085054 -1894.189400 -1894.401720 -1894.854366 -1895.883277 -1898.429482 -1905.523852 -1928.915355 -9999.0 -9999.0
-9999.0 -9999.0 -9999.0 -9999.0 -9999.0 -9999.0 -9999.0 -9999.0 -9999.0 -9999.0 -9999.0 -9999.0 -9999.0 -9999.0 -9999.0 -9999.0 -9999.0 -9999.0 -9999.0 -9999.0 -9999.0 -9999.0 -9999.0 -9999.0 -9999.0 -9999.0 -9999.0 -9999.0 -9999.0 -9999.0 -9999.0 -9999.0 -9999.0 -9999.0 -9999.0 -9999.0 -9999.0 -9999.0 -9999.0 -9999.0 -9999.0 -9999.0 -9999.0 -9999.0 -9999.0 -9999.0 -9999.0 -9999.0 -9999.0 -9999.0 -9999.0 -9999.0 -9999.0 -9999.0 -9999.0 -9999.0 -9999.0 -9999.0 -9999.0 -9999.0 -9999.0 -9999.0 -9999.0 -9999.0 -9999.0 -9999.0 -9999.0 -9999.0 -9999.0 -9999.0 -9999.0 -9999.0 -9999.0 -9999.0 -9999.0 -9999.0 -9999.0 -9999.0 -9999.0 -9999.0 -9999.0 -9999.0 -9999.0 -9999.0 -9999.0 -9999.0 -9999.0 -9999.0 -9999.0 -9999.0 -9999.0 -9999.0 -9999.0 -9999.0 -9999.0 -9999.0 -9999.0 -9999.0 -9999.0 -9999.0 -9999.0 -9999.0 -9999.0 -9999.0
-9999.0 -9999.0 -9999.0 -9999.0 -9999.0 -9999.0 -9999.0 -9999.0 -9999.0 -9999.0 -9999.0 -9999.0 -9999.0 -9999.0 -9999.0 -9999.0 -9999.0 -9999.0 -9999.0 -9999.0 -9999.0 -9999.0 -9999.0 -9999.0 -9999.0 -9999.0 -9999.0 -9999.0 -9999.0 -9999.0 -9999.0 -9999.0 -9999.0 -9999.0 -9999.0 -9999.0 -9999.0 -9999.0 -9999.0 -9999.0 -9999.0 -9999.0 -9999.0 -9999.0 -9999.0 -9999.0 -9999.0 -9999.0 -9999.0 -9999.0 -9999.0 -9999.0 -9999.0 -9999.0 -9999.0 -9999.0 -9999.0 -9999.0 -9999.0 -9999.0 -9999.0 -9999.0 -9999.0 -9999.0 -9999.0 -9999.0 -9999.0 -9999.0 -9999.0 -9999.0 -9999.0 -9999.0 -9999.0 -9999.0 -9999.0 -9999.0 -9999.0 -9999.0 -9999.0 -9999.0 -9999.0 -9999.0 -9999.0 -9999.0 -9999.0 -9999.0 -9999.0 -9999.0 -9999.0 -9999.0 -9999.0 -9999.0 -9999.0 -9999.0 -9999.0 -9999.0 -9999.0 -9999.0 -9999.0 -9999.0 -9999.0 -9999.0 -9999.0 -9999.0