inst/processing_geotop_simulation/geotop_simulation/out/maps3D/PwL0013N0379.asc
ncols         104
nrows         10
xllcorner     -2.000000
yllcorner     0.000000
cellsize      1.000000
NODATA_value  -9999.0
-9999.0 -9999.0 -9999.0 -9999.0 -9999.0 -9999.0 -9999.0 -9999.0 -9999.0 -9999.0 -9999.0 -9999.0 -9999.0 -9999.0 -9999.0 -9999.0 -9999.0 -9999.0 -9999.0 -9999.0 -9999.0 -9999.0 -9999.0 -9999.0 -9999.0 -9999.0 -9999.0 -9999.0 -9999.0 -9999.0 -9999.0 -9999.0 -9999.0 -9999.0 -9999.0 -9999.0 -9999.0 -9999.0 -9999.0 -9999.0 -9999.0 -9999.0 -9999.0 -9999.0 -9999.0 -9999.0 -9999.0 -9999.0 -9999.0 -9999.0 -9999.0 -9999.0 -9999.0 -9999.0 -9999.0 -9999.0 -9999.0 -9999.0 -9999.0 -9999.0 -9999.0 -9999.0 -9999.0 -9999.0 -9999.0 -9999.0 -9999.0 -9999.0 -9999.0 -9999.0 -9999.0 -9999.0 -9999.0 -9999.0 -9999.0 -9999.0 -9999.0 -9999.0 -9999.0 -9999.0 -9999.0 -9999.0 -9999.0 -9999.0 -9999.0 -9999.0 -9999.0 -9999.0 -9999.0 -9999.0 -9999.0 -9999.0 -9999.0 -9999.0 -9999.0 -9999.0 -9999.0 -9999.0 -9999.0 -9999.0 -9999.0 -9999.0 -9999.0 -9999.0
-9999.0 -9999.0 -9999.0 -9999.0 -9999.0 -9999.0 -9999.0 -9999.0 -9999.0 -9999.0 -9999.0 -9999.0 -9999.0 -9999.0 -9999.0 -9999.0 -9999.0 -9999.0 -9999.0 -9999.0 -9999.0 -9999.0 -9999.0 -9999.0 -9999.0 -9999.0 -9999.0 -9999.0 -9999.0 -9999.0 -9999.0 -9999.0 -9999.0 -9999.0 -9999.0 -9999.0 -9999.0 -9999.0 -9999.0 -9999.0 -9999.0 -9999.0 -9999.0 -9999.0 -9999.0 -9999.0 -9999.0 -9999.0 -9999.0 -9999.0 -9999.0 -9999.0 -9999.0 -9999.0 -9999.0 -9999.0 -9999.0 -9999.0 -9999.0 -9999.0 -9999.0 -9999.0 -9999.0 -9999.0 -9999.0 -9999.0 -9999.0 -9999.0 -9999.0 -9999.0 -9999.0 -9999.0 -9999.0 -9999.0 -9999.0 -9999.0 -9999.0 -9999.0 -9999.0 -9999.0 -9999.0 -9999.0 -9999.0 -9999.0 -9999.0 -9999.0 -9999.0 -9999.0 -9999.0 -9999.0 -9999.0 -9999.0 -9999.0 -9999.0 -9999.0 -9999.0 -9999.0 -9999.0 -9999.0 -9999.0 -9999.0 -9999.0 -9999.0 -9999.0
-9999.0 -9999.0 621.835125 523.322619 424.449131 325.356371 226.164185 126.929913 27.682214 -71.560966 -170.793404 -270.006323 -369.179746 -468.274282 -567.224947 -665.944637 -764.526572 -863.115516 -961.514851 -1059.666861 -1156.584750 -1250.344455 -1339.401979 -1421.259213 -1493.652202 -1555.134704 -1605.338090 -1644.883116 -1675.068613 -1697.506844 -1713.827032 -1725.491325 -1733.713181 -1739.446099 -1743.410953 -1746.140530 -1748.035781 -1749.465206 -1751.042562 -1754.303223 -1761.405675 -1762.770489 -1623.735274 -2751.043275 -2498.975861 -2344.783595 -2278.917677 -2270.350802 -2269.480272 -2269.567914 -2269.791363 -2270.031037 -2270.261201 -2270.474249 -2270.671516 -2270.896960 -2271.581787 -2276.410548 -2309.858856 -2388.696281 -2467.461133 -1482.347442 -1724.200644 -1753.476959 -1753.243583 -1752.331063 -1752.082511 -1752.034025 -1752.026115 -1752.025324 -1752.025662 -1752.026101 -1752.026476 -1752.026777 -1752.027018 -1752.027215 -1752.027379 -1752.027521 -1752.027647 -1752.027766 -1752.027886 -1752.028017 -1752.028172 -1752.028374 -1752.028653 -1752.029060 -1752.029676 -1752.030639 -1752.032186 -1752.034739 -1752.039077 -1752.046682 -1752.060456 -1752.086210 -1752.135900 -1752.235050 -1752.441274 -1752.894074 -1753.957878 -1756.671773 -1764.363657 -1789.314404 -9999.0 -9999.0
-9999.0 -9999.0 621.839690 523.324043 424.449548 325.356501 226.164227 126.929927 27.682219 -71.560964 -170.793403 -270.006323 -369.179746 -468.274282 -567.224947 -665.944637 -764.526572 -863.115516 -961.514851 -1059.666861 -1156.584751 -1250.344456 -1339.401979 -1421.259213 -1493.652202 -1555.134704 -1605.338090 -1644.883116 -1675.068613 -1697.506844 -1713.827032 -1725.491325 -1733.713181 -1739.446099 -1743.410953 -1746.140530 -1748.035781 -1749.465206 -1751.042562 -1754.303223 -1761.405675 -1762.770489 -1623.735274 -2751.043273 -2498.975858 -2344.783591 -2278.917677 -2270.350802 -2269.480272 -2269.567914 -2269.791363 -2270.031037 -2270.261201 -2270.474249 -2270.671516 -2270.896960 -2271.581787 -2276.410548 -2309.858855 -2388.696281 -2467.461133 -1482.347442 -1724.200644 -1753.476959 -1753.243583 -1752.331063 -1752.082511 -1752.034025 -1752.026115 -1752.025324 -1752.025662 -1752.026101 -1752.026476 -1752.026777 -1752.027018 -1752.027215 -1752.027379 -1752.027521 -1752.027647 -1752.027766 -1752.027886 -1752.028017 -1752.028172 -1752.028374 -1752.028653 -1752.029060 -1752.029676 -1752.030639 -1752.032186 -1752.034739 -1752.039077 -1752.046682 -1752.060456 -1752.086210 -1752.135900 -1752.235050 -1752.441274 -1752.894074 -1753.957878 -1756.671773 -1764.363657 -1789.314404 -9999.0 -9999.0
-9999.0 -9999.0 621.840987 523.324721 424.449824 325.356603 226.164264 126.929941 27.682224 -71.560962 -170.793402 -270.006322 -369.179746 -468.274281 -567.224947 -665.944637 -764.526573 -863.115516 -961.514851 -1059.666862 -1156.584751 -1250.344456 -1339.401979 -1421.259213 -1493.652203 -1555.134704 -1605.338090 -1644.883116 -1675.068613 -1697.506844 -1713.827032 -1725.491325 -1733.713181 -1739.446099 -1743.410953 -1746.140530 -1748.035781 -1749.465206 -1751.042562 -1754.303223 -1761.405675 -1762.770489 -1623.735274 -2751.043273 -2498.975858 -2344.783589 -2278.917677 -2270.350802 -2269.480272 -2269.567914 -2269.791363 -2270.031037 -2270.261201 -2270.474249 -2270.671516 -2270.896960 -2271.581787 -2276.410548 -2309.858855 -2388.696281 -2467.461133 -1482.347442 -1724.200644 -1753.476959 -1753.243583 -1752.331063 -1752.082511 -1752.034025 -1752.026115 -1752.025324 -1752.025662 -1752.026101 -1752.026476 -1752.026777 -1752.027018 -1752.027215 -1752.027379 -1752.027521 -1752.027647 -1752.027766 -1752.027886 -1752.028017 -1752.028172 -1752.028374 -1752.028653 -1752.029060 -1752.029676 -1752.030639 -1752.032186 -1752.034739 -1752.039077 -1752.046682 -1752.060456 -1752.086210 -1752.135900 -1752.235050 -1752.441274 -1752.894074 -1753.957878 -1756.671773 -1764.363657 -1789.314404 -9999.0 -9999.0
-9999.0 -9999.0 621.840987 523.324721 424.449824 325.356603 226.164264 126.929941 27.682224 -71.560962 -170.793402 -270.006322 -369.179746 -468.274282 -567.224947 -665.944637 -764.526573 -863.115516 -961.514851 -1059.666862 -1156.584751 -1250.344456 -1339.401979 -1421.259213 -1493.652203 -1555.134704 -1605.338090 -1644.883116 -1675.068613 -1697.506844 -1713.827032 -1725.491325 -1733.713181 -1739.446099 -1743.410953 -1746.140530 -1748.035781 -1749.465206 -1751.042562 -1754.303223 -1761.405675 -1762.770489 -1623.735274 -2751.043273 -2498.975858 -2344.783589 -2278.917677 -2270.350802 -2269.480272 -2269.567914 -2269.791363 -2270.031037 -2270.261201 -2270.474249 -2270.671516 -2270.896960 -2271.581787 -2276.410548 -2309.858855 -2388.696281 -2467.461133 -1482.347442 -1724.200644 -1753.476959 -1753.243583 -1752.331063 -1752.082511 -1752.034025 -1752.026115 -1752.025324 -1752.025662 -1752.026101 -1752.026476 -1752.026777 -1752.027018 -1752.027215 -1752.027379 -1752.027521 -1752.027647 -1752.027766 -1752.027886 -1752.028017 -1752.028172 -1752.028374 -1752.028653 -1752.029060 -1752.029676 -1752.030639 -1752.032186 -1752.034739 -1752.039077 -1752.046682 -1752.060456 -1752.086210 -1752.135900 -1752.235050 -1752.441274 -1752.894074 -1753.957878 -1756.671773 -1764.363657 -1789.314404 -9999.0 -9999.0
-9999.0 -9999.0 621.839690 523.324043 424.449549 325.356500 226.164227 126.929927 27.682219 -71.560964 -170.793403 -270.006323 -369.179746 -468.274282 -567.224947 -665.944637 -764.526573 -863.115516 -961.514851 -1059.666861 -1156.584751 -1250.344456 -1339.401979 -1421.259213 -1493.652202 -1555.134704 -1605.338090 -1644.883116 -1675.068613 -1697.506844 -1713.827032 -1725.491325 -1733.713181 -1739.446099 -1743.410953 -1746.140530 -1748.035781 -1749.465206 -1751.042562 -1754.303223 -1761.405675 -1762.770489 -1623.735274 -2751.043273 -2498.975858 -2344.783591 -2278.917677 -2270.350802 -2269.480272 -2269.567914 -2269.791363 -2270.031037 -2270.261201 -2270.474249 -2270.671516 -2270.896960 -2271.581787 -2276.410548 -2309.858855 -2388.696281 -2467.461133 -1482.347442 -1724.200644 -1753.476959 -1753.243583 -1752.331063 -1752.082511 -1752.034025 -1752.026115 -1752.025324 -1752.025662 -1752.026101 -1752.026476 -1752.026777 -1752.027018 -1752.027215 -1752.027379 -1752.027521 -1752.027647 -1752.027766 -1752.027886 -1752.028017 -1752.028172 -1752.028374 -1752.028653 -1752.029060 -1752.029676 -1752.030639 -1752.032186 -1752.034739 -1752.039077 -1752.046682 -1752.060456 -1752.086210 -1752.135900 -1752.235050 -1752.441274 -1752.894074 -1753.957878 -1756.671773 -1764.363657 -1789.314404 -9999.0 -9999.0
-9999.0 -9999.0 621.835125 523.322619 424.449131 325.356371 226.164185 126.929913 27.682214 -71.560966 -170.793404 -270.006323 -369.179746 -468.274282 -567.224947 -665.944637 -764.526572 -863.115516 -961.514851 -1059.666861 -1156.584750 -1250.344455 -1339.401979 -1421.259213 -1493.652202 -1555.134704 -1605.338090 -1644.883116 -1675.068613 -1697.506844 -1713.827032 -1725.491325 -1733.713181 -1739.446099 -1743.410953 -1746.140530 -1748.035781 -1749.465206 -1751.042562 -1754.303223 -1761.405675 -1762.770489 -1623.735274 -2751.043274 -2498.975861 -2344.783595 -2278.917677 -2270.350802 -2269.480272 -2269.567914 -2269.791363 -2270.031037 -2270.261201 -2270.474249 -2270.671516 -2270.896960 -2271.581787 -2276.410548 -2309.858856 -2388.696281 -2467.461133 -1482.347442 -1724.200644 -1753.476959 -1753.243583 -1752.331063 -1752.082511 -1752.034025 -1752.026115 -1752.025324 -1752.025662 -1752.026101 -1752.026476 -1752.026777 -1752.027018 -1752.027215 -1752.027379 -1752.027521 -1752.027647 -1752.027766 -1752.027886 -1752.028017 -1752.028172 -1752.028374 -1752.028653 -1752.029060 -1752.029676 -1752.030639 -1752.032186 -1752.034739 -1752.039077 -1752.046682 -1752.060456 -1752.086210 -1752.135900 -1752.235050 -1752.441274 -1752.894074 -1753.957878 -1756.671773 -1764.363657 -1789.314404 -9999.0 -9999.0
-9999.0 -9999.0 -9999.0 -9999.0 -9999.0 -9999.0 -9999.0 -9999.0 -9999.0 -9999.0 -9999.0 -9999.0 -9999.0 -9999.0 -9999.0 -9999.0 -9999.0 -9999.0 -9999.0 -9999.0 -9999.0 -9999.0 -9999.0 -9999.0 -9999.0 -9999.0 -9999.0 -9999.0 -9999.0 -9999.0 -9999.0 -9999.0 -9999.0 -9999.0 -9999.0 -9999.0 -9999.0 -9999.0 -9999.0 -9999.0 -9999.0 -9999.0 -9999.0 -9999.0 -9999.0 -9999.0 -9999.0 -9999.0 -9999.0 -9999.0 -9999.0 -9999.0 -9999.0 -9999.0 -9999.0 -9999.0 -9999.0 -9999.0 -9999.0 -9999.0 -9999.0 -9999.0 -9999.0 -9999.0 -9999.0 -9999.0 -9999.0 -9999.0 -9999.0 -9999.0 -9999.0 -9999.0 -9999.0 -9999.0 -9999.0 -9999.0 -9999.0 -9999.0 -9999.0 -9999.0 -9999.0 -9999.0 -9999.0 -9999.0 -9999.0 -9999.0 -9999.0 -9999.0 -9999.0 -9999.0 -9999.0 -9999.0 -9999.0 -9999.0 -9999.0 -9999.0 -9999.0 -9999.0 -9999.0 -9999.0 -9999.0 -9999.0 -9999.0 -9999.0
-9999.0 -9999.0 -9999.0 -9999.0 -9999.0 -9999.0 -9999.0 -9999.0 -9999.0 -9999.0 -9999.0 -9999.0 -9999.0 -9999.0 -9999.0 -9999.0 -9999.0 -9999.0 -9999.0 -9999.0 -9999.0 -9999.0 -9999.0 -9999.0 -9999.0 -9999.0 -9999.0 -9999.0 -9999.0 -9999.0 -9999.0 -9999.0 -9999.0 -9999.0 -9999.0 -9999.0 -9999.0 -9999.0 -9999.0 -9999.0 -9999.0 -9999.0 -9999.0 -9999.0 -9999.0 -9999.0 -9999.0 -9999.0 -9999.0 -9999.0 -9999.0 -9999.0 -9999.0 -9999.0 -9999.0 -9999.0 -9999.0 -9999.0 -9999.0 -9999.0 -9999.0 -9999.0 -9999.0 -9999.0 -9999.0 -9999.0 -9999.0 -9999.0 -9999.0 -9999.0 -9999.0 -9999.0 -9999.0 -9999.0 -9999.0 -9999.0 -9999.0 -9999.0 -9999.0 -9999.0 -9999.0 -9999.0 -9999.0 -9999.0 -9999.0 -9999.0 -9999.0 -9999.0 -9999.0 -9999.0 -9999.0 -9999.0 -9999.0 -9999.0 -9999.0 -9999.0 -9999.0 -9999.0 -9999.0 -9999.0 -9999.0 -9999.0 -9999.0 -9999.0