inst/processing_geotop_simulation/geotop_simulation/out/maps3D/PwL0001N0051.asc
ncols         104
nrows         10
xllcorner     -2.000000
yllcorner     0.000000
cellsize      1.000000
NODATA_value  -9999.0
-9999.0 -9999.0 -9999.0 -9999.0 -9999.0 -9999.0 -9999.0 -9999.0 -9999.0 -9999.0 -9999.0 -9999.0 -9999.0 -9999.0 -9999.0 -9999.0 -9999.0 -9999.0 -9999.0 -9999.0 -9999.0 -9999.0 -9999.0 -9999.0 -9999.0 -9999.0 -9999.0 -9999.0 -9999.0 -9999.0 -9999.0 -9999.0 -9999.0 -9999.0 -9999.0 -9999.0 -9999.0 -9999.0 -9999.0 -9999.0 -9999.0 -9999.0 -9999.0 -9999.0 -9999.0 -9999.0 -9999.0 -9999.0 -9999.0 -9999.0 -9999.0 -9999.0 -9999.0 -9999.0 -9999.0 -9999.0 -9999.0 -9999.0 -9999.0 -9999.0 -9999.0 -9999.0 -9999.0 -9999.0 -9999.0 -9999.0 -9999.0 -9999.0 -9999.0 -9999.0 -9999.0 -9999.0 -9999.0 -9999.0 -9999.0 -9999.0 -9999.0 -9999.0 -9999.0 -9999.0 -9999.0 -9999.0 -9999.0 -9999.0 -9999.0 -9999.0 -9999.0 -9999.0 -9999.0 -9999.0 -9999.0 -9999.0 -9999.0 -9999.0 -9999.0 -9999.0 -9999.0 -9999.0 -9999.0 -9999.0 -9999.0 -9999.0 -9999.0 -9999.0
-9999.0 -9999.0 -9999.0 -9999.0 -9999.0 -9999.0 -9999.0 -9999.0 -9999.0 -9999.0 -9999.0 -9999.0 -9999.0 -9999.0 -9999.0 -9999.0 -9999.0 -9999.0 -9999.0 -9999.0 -9999.0 -9999.0 -9999.0 -9999.0 -9999.0 -9999.0 -9999.0 -9999.0 -9999.0 -9999.0 -9999.0 -9999.0 -9999.0 -9999.0 -9999.0 -9999.0 -9999.0 -9999.0 -9999.0 -9999.0 -9999.0 -9999.0 -9999.0 -9999.0 -9999.0 -9999.0 -9999.0 -9999.0 -9999.0 -9999.0 -9999.0 -9999.0 -9999.0 -9999.0 -9999.0 -9999.0 -9999.0 -9999.0 -9999.0 -9999.0 -9999.0 -9999.0 -9999.0 -9999.0 -9999.0 -9999.0 -9999.0 -9999.0 -9999.0 -9999.0 -9999.0 -9999.0 -9999.0 -9999.0 -9999.0 -9999.0 -9999.0 -9999.0 -9999.0 -9999.0 -9999.0 -9999.0 -9999.0 -9999.0 -9999.0 -9999.0 -9999.0 -9999.0 -9999.0 -9999.0 -9999.0 -9999.0 -9999.0 -9999.0 -9999.0 -9999.0 -9999.0 -9999.0 -9999.0 -9999.0 -9999.0 -9999.0 -9999.0 -9999.0
-9999.0 -9999.0 -1102.114933 -1114.659855 -1118.678533 -1121.779794 -1124.268517 -1125.981603 -1126.757063 -1118.956535 -1062.559016 -1043.407710 -1052.086791 -1065.099615 -1086.703323 -1101.276362 -1089.094315 -1066.185434 -1046.934498 -1035.959458 -1032.973805 -1036.402362 -1044.555467 -1055.847114 -1068.760498 -1081.865049 -1093.901159 -1103.989864 -1111.784941 -1117.411219 -1121.256623 -1123.774513 -1125.368061 -1126.346953 -1126.927877 -1127.253179 -1127.428664 -1127.618125 -1127.969409 -1127.785390 -1128.532410 -1143.894173 -755.432288 -745.489236 -733.150651 -725.754926 -722.320228 -721.852512 -721.810839 -721.833722 -721.868961 -721.905839 -721.941180 -721.973851 -722.003614 -722.032847 -722.086609 -722.387163 -724.281076 -728.782649 -736.590369 -739.043319 -1132.782917 -1130.334924 -1128.589865 -1128.046907 -1127.921759 -1127.902492 -1127.905290 -1127.911477 -1127.917085 -1127.921462 -1127.924740 -1127.927191 -1127.929049 -1127.930480 -1127.931607 -1127.932509 -1127.933247 -1127.933884 -1127.934485 -1127.935129 -1127.935915 -1127.936982 -1127.938541 -1127.940915 -1127.944621 -1127.950499 -1127.959937 -1127.975292 -1128.000689 -1128.043594 -1128.118017 -1128.251055 -1128.496188 -1128.959647 -1129.850994 -1131.577641 -1134.925237 -1141.447159 -1154.449705 -1181.978141 -9999.0 -9999.0
-9999.0 -9999.0 -1102.114860 -1114.659773 -1118.678473 -1121.779767 -1124.268509 -1125.981603 -1126.757064 -1118.956536 -1062.559016 -1043.407710 -1052.086791 -1065.099615 -1086.703323 -1101.276362 -1089.094315 -1066.185434 -1046.934498 -1035.959458 -1032.973805 -1036.402362 -1044.555467 -1055.847114 -1068.760498 -1081.865049 -1093.901159 -1103.989864 -1111.784941 -1117.411219 -1121.256623 -1123.774513 -1125.368061 -1126.346953 -1126.927877 -1127.253179 -1127.428664 -1127.618125 -1127.969409 -1127.785390 -1128.532410 -1143.894173 -755.432288 -745.489236 -733.150651 -725.754926 -722.320228 -721.852512 -721.810839 -721.833722 -721.868961 -721.905839 -721.941180 -721.973851 -722.003614 -722.032847 -722.086609 -722.387163 -724.281076 -728.782649 -736.590369 -739.043319 -1132.782917 -1130.334924 -1128.589865 -1128.046907 -1127.921759 -1127.902492 -1127.905290 -1127.911477 -1127.917085 -1127.921462 -1127.924740 -1127.927191 -1127.929049 -1127.930480 -1127.931607 -1127.932509 -1127.933247 -1127.933884 -1127.934485 -1127.935129 -1127.935915 -1127.936982 -1127.938541 -1127.940915 -1127.944621 -1127.950499 -1127.959937 -1127.975292 -1128.000689 -1128.043594 -1128.118017 -1128.251055 -1128.496188 -1128.959647 -1129.850994 -1131.577641 -1134.925237 -1141.447159 -1154.449705 -1181.978141 -9999.0 -9999.0
-9999.0 -9999.0 -1102.114825 -1114.659727 -1118.678434 -1121.779747 -1124.268503 -1125.981603 -1126.757066 -1118.956537 -1062.559017 -1043.407710 -1052.086791 -1065.099615 -1086.703323 -1101.276362 -1089.094315 -1066.185434 -1046.934498 -1035.959458 -1032.973805 -1036.402362 -1044.555467 -1055.847114 -1068.760498 -1081.865049 -1093.901159 -1103.989864 -1111.784941 -1117.411219 -1121.256623 -1123.774513 -1125.368061 -1126.346953 -1126.927877 -1127.253179 -1127.428664 -1127.618125 -1127.969409 -1127.785390 -1128.532410 -1143.894173 -755.432288 -745.489236 -733.150651 -725.754925 -722.320228 -721.852512 -721.810839 -721.833722 -721.868961 -721.905839 -721.941180 -721.973851 -722.003614 -722.032847 -722.086609 -722.387163 -724.281076 -728.782649 -736.590369 -739.043319 -1132.782917 -1130.334924 -1128.589865 -1128.046907 -1127.921759 -1127.902492 -1127.905290 -1127.911477 -1127.917085 -1127.921462 -1127.924740 -1127.927191 -1127.929049 -1127.930480 -1127.931607 -1127.932509 -1127.933247 -1127.933884 -1127.934485 -1127.935129 -1127.935915 -1127.936982 -1127.938541 -1127.940915 -1127.944621 -1127.950499 -1127.959937 -1127.975292 -1128.000689 -1128.043594 -1128.118017 -1128.251055 -1128.496188 -1128.959647 -1129.850994 -1131.577641 -1134.925237 -1141.447159 -1154.449705 -1181.978141 -9999.0 -9999.0
-9999.0 -9999.0 -1102.114825 -1114.659727 -1118.678434 -1121.779747 -1124.268503 -1125.981603 -1126.757066 -1118.956537 -1062.559017 -1043.407710 -1052.086791 -1065.099615 -1086.703323 -1101.276362 -1089.094315 -1066.185434 -1046.934498 -1035.959458 -1032.973805 -1036.402362 -1044.555467 -1055.847114 -1068.760498 -1081.865049 -1093.901159 -1103.989864 -1111.784941 -1117.411219 -1121.256623 -1123.774513 -1125.368061 -1126.346953 -1126.927877 -1127.253179 -1127.428664 -1127.618125 -1127.969409 -1127.785390 -1128.532410 -1143.894173 -755.432288 -745.489236 -733.150651 -725.754925 -722.320228 -721.852512 -721.810839 -721.833722 -721.868961 -721.905839 -721.941180 -721.973851 -722.003614 -722.032847 -722.086609 -722.387163 -724.281076 -728.782649 -736.590369 -739.043319 -1132.782917 -1130.334924 -1128.589865 -1128.046907 -1127.921759 -1127.902492 -1127.905290 -1127.911477 -1127.917085 -1127.921462 -1127.924740 -1127.927191 -1127.929049 -1127.930480 -1127.931607 -1127.932509 -1127.933247 -1127.933884 -1127.934485 -1127.935129 -1127.935915 -1127.936982 -1127.938541 -1127.940915 -1127.944621 -1127.950499 -1127.959937 -1127.975292 -1128.000689 -1128.043594 -1128.118017 -1128.251055 -1128.496188 -1128.959647 -1129.850994 -1131.577641 -1134.925237 -1141.447159 -1154.449705 -1181.978141 -9999.0 -9999.0
-9999.0 -9999.0 -1102.114860 -1114.659773 -1118.678473 -1121.779767 -1124.268509 -1125.981603 -1126.757064 -1118.956536 -1062.559016 -1043.407710 -1052.086791 -1065.099615 -1086.703323 -1101.276362 -1089.094315 -1066.185434 -1046.934498 -1035.959458 -1032.973805 -1036.402362 -1044.555467 -1055.847114 -1068.760498 -1081.865049 -1093.901159 -1103.989864 -1111.784941 -1117.411219 -1121.256623 -1123.774513 -1125.368061 -1126.346953 -1126.927877 -1127.253179 -1127.428664 -1127.618125 -1127.969409 -1127.785390 -1128.532410 -1143.894173 -755.432288 -745.489236 -733.150651 -725.754926 -722.320228 -721.852512 -721.810839 -721.833722 -721.868961 -721.905839 -721.941180 -721.973851 -722.003614 -722.032847 -722.086609 -722.387163 -724.281076 -728.782649 -736.590369 -739.043319 -1132.782917 -1130.334924 -1128.589865 -1128.046907 -1127.921759 -1127.902492 -1127.905290 -1127.911477 -1127.917085 -1127.921462 -1127.924740 -1127.927191 -1127.929049 -1127.930480 -1127.931607 -1127.932509 -1127.933247 -1127.933884 -1127.934485 -1127.935129 -1127.935915 -1127.936982 -1127.938541 -1127.940915 -1127.944621 -1127.950499 -1127.959937 -1127.975292 -1128.000689 -1128.043594 -1128.118017 -1128.251055 -1128.496188 -1128.959647 -1129.850994 -1131.577641 -1134.925237 -1141.447159 -1154.449705 -1181.978141 -9999.0 -9999.0
-9999.0 -9999.0 -1102.114933 -1114.659855 -1118.678533 -1121.779794 -1124.268517 -1125.981603 -1126.757063 -1118.956535 -1062.559016 -1043.407710 -1052.086791 -1065.099615 -1086.703323 -1101.276362 -1089.094315 -1066.185434 -1046.934498 -1035.959458 -1032.973805 -1036.402362 -1044.555467 -1055.847114 -1068.760498 -1081.865049 -1093.901159 -1103.989864 -1111.784941 -1117.411219 -1121.256623 -1123.774513 -1125.368061 -1126.346953 -1126.927877 -1127.253179 -1127.428664 -1127.618125 -1127.969409 -1127.785390 -1128.532410 -1143.894173 -755.432288 -745.489236 -733.150651 -725.754926 -722.320228 -721.852512 -721.810839 -721.833722 -721.868961 -721.905839 -721.941180 -721.973851 -722.003614 -722.032847 -722.086609 -722.387163 -724.281076 -728.782649 -736.590369 -739.043319 -1132.782917 -1130.334924 -1128.589865 -1128.046907 -1127.921759 -1127.902492 -1127.905290 -1127.911477 -1127.917085 -1127.921462 -1127.924740 -1127.927191 -1127.929049 -1127.930480 -1127.931607 -1127.932509 -1127.933247 -1127.933884 -1127.934485 -1127.935129 -1127.935915 -1127.936982 -1127.938541 -1127.940915 -1127.944621 -1127.950499 -1127.959937 -1127.975292 -1128.000689 -1128.043594 -1128.118017 -1128.251055 -1128.496188 -1128.959647 -1129.850994 -1131.577641 -1134.925237 -1141.447159 -1154.449705 -1181.978141 -9999.0 -9999.0
-9999.0 -9999.0 -9999.0 -9999.0 -9999.0 -9999.0 -9999.0 -9999.0 -9999.0 -9999.0 -9999.0 -9999.0 -9999.0 -9999.0 -9999.0 -9999.0 -9999.0 -9999.0 -9999.0 -9999.0 -9999.0 -9999.0 -9999.0 -9999.0 -9999.0 -9999.0 -9999.0 -9999.0 -9999.0 -9999.0 -9999.0 -9999.0 -9999.0 -9999.0 -9999.0 -9999.0 -9999.0 -9999.0 -9999.0 -9999.0 -9999.0 -9999.0 -9999.0 -9999.0 -9999.0 -9999.0 -9999.0 -9999.0 -9999.0 -9999.0 -9999.0 -9999.0 -9999.0 -9999.0 -9999.0 -9999.0 -9999.0 -9999.0 -9999.0 -9999.0 -9999.0 -9999.0 -9999.0 -9999.0 -9999.0 -9999.0 -9999.0 -9999.0 -9999.0 -9999.0 -9999.0 -9999.0 -9999.0 -9999.0 -9999.0 -9999.0 -9999.0 -9999.0 -9999.0 -9999.0 -9999.0 -9999.0 -9999.0 -9999.0 -9999.0 -9999.0 -9999.0 -9999.0 -9999.0 -9999.0 -9999.0 -9999.0 -9999.0 -9999.0 -9999.0 -9999.0 -9999.0 -9999.0 -9999.0 -9999.0 -9999.0 -9999.0 -9999.0 -9999.0
-9999.0 -9999.0 -9999.0 -9999.0 -9999.0 -9999.0 -9999.0 -9999.0 -9999.0 -9999.0 -9999.0 -9999.0 -9999.0 -9999.0 -9999.0 -9999.0 -9999.0 -9999.0 -9999.0 -9999.0 -9999.0 -9999.0 -9999.0 -9999.0 -9999.0 -9999.0 -9999.0 -9999.0 -9999.0 -9999.0 -9999.0 -9999.0 -9999.0 -9999.0 -9999.0 -9999.0 -9999.0 -9999.0 -9999.0 -9999.0 -9999.0 -9999.0 -9999.0 -9999.0 -9999.0 -9999.0 -9999.0 -9999.0 -9999.0 -9999.0 -9999.0 -9999.0 -9999.0 -9999.0 -9999.0 -9999.0 -9999.0 -9999.0 -9999.0 -9999.0 -9999.0 -9999.0 -9999.0 -9999.0 -9999.0 -9999.0 -9999.0 -9999.0 -9999.0 -9999.0 -9999.0 -9999.0 -9999.0 -9999.0 -9999.0 -9999.0 -9999.0 -9999.0 -9999.0 -9999.0 -9999.0 -9999.0 -9999.0 -9999.0 -9999.0 -9999.0 -9999.0 -9999.0 -9999.0 -9999.0 -9999.0 -9999.0 -9999.0 -9999.0 -9999.0 -9999.0 -9999.0 -9999.0 -9999.0 -9999.0 -9999.0 -9999.0 -9999.0 -9999.0