inst/processing_geotop_simulation/geotop_simulation/out/maps3D/PwL0005N0337.asc
ncols         104
nrows         10
xllcorner     -2.000000
yllcorner     0.000000
cellsize      1.000000
NODATA_value  -9999.0
-9999.0 -9999.0 -9999.0 -9999.0 -9999.0 -9999.0 -9999.0 -9999.0 -9999.0 -9999.0 -9999.0 -9999.0 -9999.0 -9999.0 -9999.0 -9999.0 -9999.0 -9999.0 -9999.0 -9999.0 -9999.0 -9999.0 -9999.0 -9999.0 -9999.0 -9999.0 -9999.0 -9999.0 -9999.0 -9999.0 -9999.0 -9999.0 -9999.0 -9999.0 -9999.0 -9999.0 -9999.0 -9999.0 -9999.0 -9999.0 -9999.0 -9999.0 -9999.0 -9999.0 -9999.0 -9999.0 -9999.0 -9999.0 -9999.0 -9999.0 -9999.0 -9999.0 -9999.0 -9999.0 -9999.0 -9999.0 -9999.0 -9999.0 -9999.0 -9999.0 -9999.0 -9999.0 -9999.0 -9999.0 -9999.0 -9999.0 -9999.0 -9999.0 -9999.0 -9999.0 -9999.0 -9999.0 -9999.0 -9999.0 -9999.0 -9999.0 -9999.0 -9999.0 -9999.0 -9999.0 -9999.0 -9999.0 -9999.0 -9999.0 -9999.0 -9999.0 -9999.0 -9999.0 -9999.0 -9999.0 -9999.0 -9999.0 -9999.0 -9999.0 -9999.0 -9999.0 -9999.0 -9999.0 -9999.0 -9999.0 -9999.0 -9999.0 -9999.0 -9999.0
-9999.0 -9999.0 -9999.0 -9999.0 -9999.0 -9999.0 -9999.0 -9999.0 -9999.0 -9999.0 -9999.0 -9999.0 -9999.0 -9999.0 -9999.0 -9999.0 -9999.0 -9999.0 -9999.0 -9999.0 -9999.0 -9999.0 -9999.0 -9999.0 -9999.0 -9999.0 -9999.0 -9999.0 -9999.0 -9999.0 -9999.0 -9999.0 -9999.0 -9999.0 -9999.0 -9999.0 -9999.0 -9999.0 -9999.0 -9999.0 -9999.0 -9999.0 -9999.0 -9999.0 -9999.0 -9999.0 -9999.0 -9999.0 -9999.0 -9999.0 -9999.0 -9999.0 -9999.0 -9999.0 -9999.0 -9999.0 -9999.0 -9999.0 -9999.0 -9999.0 -9999.0 -9999.0 -9999.0 -9999.0 -9999.0 -9999.0 -9999.0 -9999.0 -9999.0 -9999.0 -9999.0 -9999.0 -9999.0 -9999.0 -9999.0 -9999.0 -9999.0 -9999.0 -9999.0 -9999.0 -9999.0 -9999.0 -9999.0 -9999.0 -9999.0 -9999.0 -9999.0 -9999.0 -9999.0 -9999.0 -9999.0 -9999.0 -9999.0 -9999.0 -9999.0 -9999.0 -9999.0 -9999.0 -9999.0 -9999.0 -9999.0 -9999.0 -9999.0 -9999.0
-9999.0 -9999.0 225.316200 128.076530 29.610339 -69.233238 -168.223208 -267.270486 -366.327049 -465.360333 -564.326084 -663.117996 -761.676298 -860.064176 -958.314025 -1056.578723 -1154.495456 -1251.403797 -1346.868841 -1439.905032 -1528.655671 -1610.107493 -1681.045493 -1739.522191 -1785.437402 -1820.114813 -1845.543729 -1863.781199 -1876.638169 -1885.577667 -1891.723176 -1895.908733 -1898.738091 -1900.639606 -1901.912648 -1902.766172 -1903.355898 -1903.851331 -1904.662617 -1907.054400 -1911.465810 -1873.552100 -1175.779238 -1190.090634 -1175.548736 -1166.010943 -1161.545508 -1160.872132 -1160.800122 -1160.806886 -1160.824995 -1160.844493 -1160.863235 -1160.880594 -1160.896731 -1160.915721 -1160.975846 -1161.378086 -1163.752272 -1169.027651 -1176.017166 -1151.466071 -1847.625115 -1905.175059 -1905.620483 -1904.787383 -1904.580099 -1904.542855 -1904.537221 -1904.536878 -1904.537336 -1904.537825 -1904.538223 -1904.538532 -1904.538771 -1904.538958 -1904.539107 -1904.539229 -1904.539333 -1904.539427 -1904.539520 -1904.539624 -1904.539754 -1904.539933 -1904.540196 -1904.540598 -1904.541230 -1904.542240 -1904.543886 -1904.546625 -1904.551290 -1904.559463 -1904.574215 -1904.601652 -1904.654149 -1904.757511 -1904.968110 -1905.417948 -1906.442960 -1908.986919 -1916.096599 -1939.567539 -9999.0 -9999.0
-9999.0 -9999.0 225.324860 128.078412 29.610823 -69.233096 -168.223163 -267.270470 -366.327044 -465.360331 -564.326083 -663.117995 -761.676298 -860.064176 -958.314025 -1056.578723 -1154.495456 -1251.403798 -1346.868841 -1439.905032 -1528.655671 -1610.107493 -1681.045493 -1739.522191 -1785.437402 -1820.114813 -1845.543730 -1863.781199 -1876.638169 -1885.577667 -1891.723176 -1895.908733 -1898.738091 -1900.639606 -1901.912648 -1902.766172 -1903.355898 -1903.851331 -1904.662617 -1907.054400 -1911.465810 -1873.552100 -1175.779238 -1190.090633 -1175.548736 -1166.010943 -1161.545508 -1160.872132 -1160.800122 -1160.806886 -1160.824995 -1160.844493 -1160.863235 -1160.880594 -1160.896731 -1160.915721 -1160.975846 -1161.378086 -1163.752272 -1169.027651 -1176.017166 -1151.466071 -1847.625115 -1905.175059 -1905.620483 -1904.787383 -1904.580099 -1904.542855 -1904.537221 -1904.536878 -1904.537336 -1904.537825 -1904.538223 -1904.538532 -1904.538771 -1904.538958 -1904.539107 -1904.539229 -1904.539333 -1904.539427 -1904.539520 -1904.539624 -1904.539754 -1904.539933 -1904.540196 -1904.540598 -1904.541230 -1904.542240 -1904.543886 -1904.546625 -1904.551290 -1904.559463 -1904.574215 -1904.601652 -1904.654149 -1904.757511 -1904.968110 -1905.417948 -1906.442960 -1908.986919 -1916.096599 -1939.567539 -9999.0 -9999.0
-9999.0 -9999.0 225.326221 128.079188 29.611131 -69.232984 -168.223123 -267.270456 -366.327039 -465.360329 -564.326082 -663.117995 -761.676298 -860.064176 -958.314025 -1056.578723 -1154.495456 -1251.403798 -1346.868841 -1439.905032 -1528.655671 -1610.107493 -1681.045494 -1739.522191 -1785.437402 -1820.114813 -1845.543730 -1863.781199 -1876.638169 -1885.577667 -1891.723176 -1895.908733 -1898.738091 -1900.639606 -1901.912648 -1902.766172 -1903.355898 -1903.851331 -1904.662617 -1907.054400 -1911.465810 -1873.552100 -1175.779238 -1190.090633 -1175.548736 -1166.010942 -1161.545508 -1160.872132 -1160.800122 -1160.806886 -1160.824995 -1160.844493 -1160.863235 -1160.880594 -1160.896731 -1160.915721 -1160.975846 -1161.378086 -1163.752272 -1169.027651 -1176.017166 -1151.466071 -1847.625115 -1905.175059 -1905.620483 -1904.787383 -1904.580099 -1904.542855 -1904.537221 -1904.536878 -1904.537336 -1904.537825 -1904.538223 -1904.538532 -1904.538771 -1904.538958 -1904.539107 -1904.539229 -1904.539333 -1904.539427 -1904.539520 -1904.539624 -1904.539754 -1904.539933 -1904.540196 -1904.540598 -1904.541230 -1904.542240 -1904.543886 -1904.546625 -1904.551290 -1904.559463 -1904.574215 -1904.601652 -1904.654149 -1904.757511 -1904.968110 -1905.417948 -1906.442960 -1908.986919 -1916.096599 -1939.567539 -9999.0 -9999.0
-9999.0 -9999.0 225.326221 128.079188 29.611131 -69.232984 -168.223123 -267.270456 -366.327038 -465.360329 -564.326082 -663.117995 -761.676298 -860.064176 -958.314025 -1056.578723 -1154.495456 -1251.403798 -1346.868841 -1439.905032 -1528.655671 -1610.107493 -1681.045494 -1739.522191 -1785.437402 -1820.114813 -1845.543730 -1863.781199 -1876.638169 -1885.577667 -1891.723176 -1895.908733 -1898.738091 -1900.639606 -1901.912648 -1902.766172 -1903.355898 -1903.851331 -1904.662617 -1907.054400 -1911.465810 -1873.552100 -1175.779238 -1190.090633 -1175.548736 -1166.010942 -1161.545508 -1160.872132 -1160.800122 -1160.806886 -1160.824995 -1160.844493 -1160.863235 -1160.880594 -1160.896731 -1160.915721 -1160.975846 -1161.378086 -1163.752272 -1169.027651 -1176.017166 -1151.466071 -1847.625115 -1905.175059 -1905.620483 -1904.787383 -1904.580099 -1904.542855 -1904.537221 -1904.536878 -1904.537336 -1904.537825 -1904.538223 -1904.538532 -1904.538771 -1904.538958 -1904.539107 -1904.539229 -1904.539333 -1904.539427 -1904.539520 -1904.539624 -1904.539754 -1904.539933 -1904.540196 -1904.540598 -1904.541230 -1904.542240 -1904.543886 -1904.546625 -1904.551290 -1904.559463 -1904.574215 -1904.601652 -1904.654149 -1904.757511 -1904.968110 -1905.417948 -1906.442960 -1908.986919 -1916.096599 -1939.567539 -9999.0 -9999.0
-9999.0 -9999.0 225.324860 128.078412 29.610823 -69.233096 -168.223163 -267.270470 -366.327044 -465.360331 -564.326083 -663.117995 -761.676298 -860.064176 -958.314025 -1056.578723 -1154.495456 -1251.403798 -1346.868841 -1439.905032 -1528.655671 -1610.107493 -1681.045493 -1739.522191 -1785.437402 -1820.114813 -1845.543730 -1863.781199 -1876.638169 -1885.577667 -1891.723176 -1895.908733 -1898.738091 -1900.639606 -1901.912648 -1902.766172 -1903.355898 -1903.851331 -1904.662617 -1907.054400 -1911.465810 -1873.552100 -1175.779238 -1190.090633 -1175.548736 -1166.010943 -1161.545508 -1160.872132 -1160.800122 -1160.806886 -1160.824995 -1160.844493 -1160.863235 -1160.880594 -1160.896731 -1160.915721 -1160.975846 -1161.378086 -1163.752272 -1169.027651 -1176.017166 -1151.466071 -1847.625115 -1905.175059 -1905.620483 -1904.787383 -1904.580099 -1904.542855 -1904.537221 -1904.536878 -1904.537336 -1904.537825 -1904.538223 -1904.538532 -1904.538771 -1904.538958 -1904.539107 -1904.539229 -1904.539333 -1904.539427 -1904.539520 -1904.539624 -1904.539754 -1904.539933 -1904.540196 -1904.540598 -1904.541230 -1904.542240 -1904.543886 -1904.546625 -1904.551290 -1904.559463 -1904.574215 -1904.601652 -1904.654149 -1904.757511 -1904.968110 -1905.417948 -1906.442960 -1908.986919 -1916.096599 -1939.567539 -9999.0 -9999.0
-9999.0 -9999.0 225.316200 128.076530 29.610339 -69.233238 -168.223208 -267.270486 -366.327049 -465.360333 -564.326084 -663.117996 -761.676298 -860.064176 -958.314025 -1056.578723 -1154.495456 -1251.403797 -1346.868841 -1439.905032 -1528.655671 -1610.107493 -1681.045493 -1739.522191 -1785.437402 -1820.114813 -1845.543729 -1863.781199 -1876.638169 -1885.577667 -1891.723176 -1895.908733 -1898.738091 -1900.639606 -1901.912648 -1902.766172 -1903.355898 -1903.851331 -1904.662617 -1907.054400 -1911.465810 -1873.552100 -1175.779238 -1190.090634 -1175.548736 -1166.010943 -1161.545508 -1160.872132 -1160.800122 -1160.806886 -1160.824995 -1160.844493 -1160.863235 -1160.880594 -1160.896731 -1160.915721 -1160.975846 -1161.378086 -1163.752272 -1169.027651 -1176.017166 -1151.466071 -1847.625115 -1905.175059 -1905.620483 -1904.787383 -1904.580099 -1904.542855 -1904.537221 -1904.536878 -1904.537336 -1904.537825 -1904.538223 -1904.538532 -1904.538771 -1904.538958 -1904.539107 -1904.539229 -1904.539333 -1904.539427 -1904.539520 -1904.539624 -1904.539754 -1904.539933 -1904.540196 -1904.540598 -1904.541230 -1904.542240 -1904.543886 -1904.546625 -1904.551290 -1904.559463 -1904.574215 -1904.601652 -1904.654149 -1904.757511 -1904.968110 -1905.417948 -1906.442960 -1908.986919 -1916.096599 -1939.567539 -9999.0 -9999.0
-9999.0 -9999.0 -9999.0 -9999.0 -9999.0 -9999.0 -9999.0 -9999.0 -9999.0 -9999.0 -9999.0 -9999.0 -9999.0 -9999.0 -9999.0 -9999.0 -9999.0 -9999.0 -9999.0 -9999.0 -9999.0 -9999.0 -9999.0 -9999.0 -9999.0 -9999.0 -9999.0 -9999.0 -9999.0 -9999.0 -9999.0 -9999.0 -9999.0 -9999.0 -9999.0 -9999.0 -9999.0 -9999.0 -9999.0 -9999.0 -9999.0 -9999.0 -9999.0 -9999.0 -9999.0 -9999.0 -9999.0 -9999.0 -9999.0 -9999.0 -9999.0 -9999.0 -9999.0 -9999.0 -9999.0 -9999.0 -9999.0 -9999.0 -9999.0 -9999.0 -9999.0 -9999.0 -9999.0 -9999.0 -9999.0 -9999.0 -9999.0 -9999.0 -9999.0 -9999.0 -9999.0 -9999.0 -9999.0 -9999.0 -9999.0 -9999.0 -9999.0 -9999.0 -9999.0 -9999.0 -9999.0 -9999.0 -9999.0 -9999.0 -9999.0 -9999.0 -9999.0 -9999.0 -9999.0 -9999.0 -9999.0 -9999.0 -9999.0 -9999.0 -9999.0 -9999.0 -9999.0 -9999.0 -9999.0 -9999.0 -9999.0 -9999.0 -9999.0 -9999.0
-9999.0 -9999.0 -9999.0 -9999.0 -9999.0 -9999.0 -9999.0 -9999.0 -9999.0 -9999.0 -9999.0 -9999.0 -9999.0 -9999.0 -9999.0 -9999.0 -9999.0 -9999.0 -9999.0 -9999.0 -9999.0 -9999.0 -9999.0 -9999.0 -9999.0 -9999.0 -9999.0 -9999.0 -9999.0 -9999.0 -9999.0 -9999.0 -9999.0 -9999.0 -9999.0 -9999.0 -9999.0 -9999.0 -9999.0 -9999.0 -9999.0 -9999.0 -9999.0 -9999.0 -9999.0 -9999.0 -9999.0 -9999.0 -9999.0 -9999.0 -9999.0 -9999.0 -9999.0 -9999.0 -9999.0 -9999.0 -9999.0 -9999.0 -9999.0 -9999.0 -9999.0 -9999.0 -9999.0 -9999.0 -9999.0 -9999.0 -9999.0 -9999.0 -9999.0 -9999.0 -9999.0 -9999.0 -9999.0 -9999.0 -9999.0 -9999.0 -9999.0 -9999.0 -9999.0 -9999.0 -9999.0 -9999.0 -9999.0 -9999.0 -9999.0 -9999.0 -9999.0 -9999.0 -9999.0 -9999.0 -9999.0 -9999.0 -9999.0 -9999.0 -9999.0 -9999.0 -9999.0 -9999.0 -9999.0 -9999.0 -9999.0 -9999.0 -9999.0 -9999.0