inst/processing_geotop_simulation/geotop_simulation/out/maps3D/PwL0008N0062.asc
ncols         104
nrows         10
xllcorner     -2.000000
yllcorner     0.000000
cellsize      1.000000
NODATA_value  -9999.0
-9999.0 -9999.0 -9999.0 -9999.0 -9999.0 -9999.0 -9999.0 -9999.0 -9999.0 -9999.0 -9999.0 -9999.0 -9999.0 -9999.0 -9999.0 -9999.0 -9999.0 -9999.0 -9999.0 -9999.0 -9999.0 -9999.0 -9999.0 -9999.0 -9999.0 -9999.0 -9999.0 -9999.0 -9999.0 -9999.0 -9999.0 -9999.0 -9999.0 -9999.0 -9999.0 -9999.0 -9999.0 -9999.0 -9999.0 -9999.0 -9999.0 -9999.0 -9999.0 -9999.0 -9999.0 -9999.0 -9999.0 -9999.0 -9999.0 -9999.0 -9999.0 -9999.0 -9999.0 -9999.0 -9999.0 -9999.0 -9999.0 -9999.0 -9999.0 -9999.0 -9999.0 -9999.0 -9999.0 -9999.0 -9999.0 -9999.0 -9999.0 -9999.0 -9999.0 -9999.0 -9999.0 -9999.0 -9999.0 -9999.0 -9999.0 -9999.0 -9999.0 -9999.0 -9999.0 -9999.0 -9999.0 -9999.0 -9999.0 -9999.0 -9999.0 -9999.0 -9999.0 -9999.0 -9999.0 -9999.0 -9999.0 -9999.0 -9999.0 -9999.0 -9999.0 -9999.0 -9999.0 -9999.0 -9999.0 -9999.0 -9999.0 -9999.0 -9999.0 -9999.0
-9999.0 -9999.0 -9999.0 -9999.0 -9999.0 -9999.0 -9999.0 -9999.0 -9999.0 -9999.0 -9999.0 -9999.0 -9999.0 -9999.0 -9999.0 -9999.0 -9999.0 -9999.0 -9999.0 -9999.0 -9999.0 -9999.0 -9999.0 -9999.0 -9999.0 -9999.0 -9999.0 -9999.0 -9999.0 -9999.0 -9999.0 -9999.0 -9999.0 -9999.0 -9999.0 -9999.0 -9999.0 -9999.0 -9999.0 -9999.0 -9999.0 -9999.0 -9999.0 -9999.0 -9999.0 -9999.0 -9999.0 -9999.0 -9999.0 -9999.0 -9999.0 -9999.0 -9999.0 -9999.0 -9999.0 -9999.0 -9999.0 -9999.0 -9999.0 -9999.0 -9999.0 -9999.0 -9999.0 -9999.0 -9999.0 -9999.0 -9999.0 -9999.0 -9999.0 -9999.0 -9999.0 -9999.0 -9999.0 -9999.0 -9999.0 -9999.0 -9999.0 -9999.0 -9999.0 -9999.0 -9999.0 -9999.0 -9999.0 -9999.0 -9999.0 -9999.0 -9999.0 -9999.0 -9999.0 -9999.0 -9999.0 -9999.0 -9999.0 -9999.0 -9999.0 -9999.0 -9999.0 -9999.0 -9999.0 -9999.0 -9999.0 -9999.0 -9999.0 -9999.0
-9999.0 -9999.0 -265.455141 -376.808871 -501.615010 -643.239112 -791.275493 -911.686116 -979.758050 -1001.651522 -978.554424 -939.841883 -905.529851 -874.741257 -905.895629 -945.323780 -985.809254 -1028.728309 -1019.799727 -1005.102008 -992.781438 -985.470807 -983.104693 -984.679329 -988.977618 -994.828288 -1001.194886 -1007.265431 -1012.528662 -1016.772979 -1020.007517 -1022.364322 -1024.020666 -1025.149711 -1025.897193 -1026.376889 -1026.687255 -1026.953415 -1027.252654 -1027.490467 -1031.482841 -1081.581880 -1528.059524 -1788.822989 -1624.565510 -1536.403272 -1497.647669 -1493.108248 -1492.657521 -1492.693644 -1492.795850 -1492.905602 -1493.010895 -1493.108294 -1493.198450 -1493.301739 -1493.623564 -1496.029209 -1515.247981 -1559.999108 -1642.414743 -1350.939405 -1064.493869 -1031.014214 -1027.985764 -1027.492987 -1027.386753 -1027.368103 -1027.368452 -1027.372112 -1027.375672 -1027.378510 -1027.380656 -1027.382270 -1027.383497 -1027.384447 -1027.385197 -1027.385799 -1027.386295 -1027.386727 -1027.387139 -1027.387584 -1027.388133 -1027.388883 -1027.389982 -1027.391661 -1027.394286 -1027.398457 -1027.405170 -1027.416130 -1027.434340 -1027.465284 -1027.519335 -1027.616670 -1027.797261 -1028.140727 -1028.805071 -1030.103590 -1032.674160 -1037.922764 -1049.286324 -1076.089804 -9999.0 -9999.0
-9999.0 -9999.0 -265.455140 -376.808870 -501.615008 -643.239108 -791.275490 -911.686115 -979.758051 -1001.651523 -978.554424 -939.841883 -905.529851 -874.741257 -905.895629 -945.323780 -985.809254 -1028.728309 -1019.799727 -1005.102008 -992.781438 -985.470807 -983.104693 -984.679329 -988.977618 -994.828288 -1001.194886 -1007.265431 -1012.528662 -1016.772979 -1020.007517 -1022.364322 -1024.020666 -1025.149711 -1025.897193 -1026.376889 -1026.687255 -1026.953415 -1027.252654 -1027.490467 -1031.482841 -1081.581880 -1528.059524 -1788.822988 -1624.565508 -1536.403269 -1497.647670 -1493.108248 -1492.657521 -1492.693644 -1492.795850 -1492.905602 -1493.010895 -1493.108294 -1493.198450 -1493.301739 -1493.623564 -1496.029209 -1515.247981 -1559.999108 -1642.414743 -1350.939405 -1064.493869 -1031.014214 -1027.985764 -1027.492987 -1027.386753 -1027.368103 -1027.368452 -1027.372112 -1027.375672 -1027.378510 -1027.380656 -1027.382270 -1027.383497 -1027.384447 -1027.385197 -1027.385799 -1027.386295 -1027.386727 -1027.387139 -1027.387584 -1027.388133 -1027.388883 -1027.389982 -1027.391661 -1027.394286 -1027.398457 -1027.405170 -1027.416130 -1027.434340 -1027.465284 -1027.519335 -1027.616670 -1027.797261 -1028.140727 -1028.805071 -1030.103590 -1032.674160 -1037.922764 -1049.286324 -1076.089804 -9999.0 -9999.0
-9999.0 -9999.0 -265.455140 -376.808869 -501.615007 -643.239106 -791.275488 -911.686115 -979.758051 -1001.651523 -978.554424 -939.841883 -905.529851 -874.741257 -905.895629 -945.323780 -985.809254 -1028.728309 -1019.799727 -1005.102008 -992.781438 -985.470807 -983.104693 -984.679329 -988.977618 -994.828288 -1001.194886 -1007.265431 -1012.528662 -1016.772979 -1020.007517 -1022.364322 -1024.020666 -1025.149711 -1025.897193 -1026.376889 -1026.687255 -1026.953415 -1027.252654 -1027.490467 -1031.482841 -1081.581880 -1528.059524 -1788.822988 -1624.565508 -1536.403268 -1497.647670 -1493.108248 -1492.657521 -1492.693644 -1492.795850 -1492.905602 -1493.010895 -1493.108294 -1493.198450 -1493.301739 -1493.623564 -1496.029209 -1515.247981 -1559.999108 -1642.414743 -1350.939405 -1064.493869 -1031.014214 -1027.985764 -1027.492987 -1027.386753 -1027.368103 -1027.368452 -1027.372112 -1027.375672 -1027.378510 -1027.380656 -1027.382270 -1027.383497 -1027.384447 -1027.385197 -1027.385799 -1027.386295 -1027.386727 -1027.387139 -1027.387584 -1027.388133 -1027.388883 -1027.389982 -1027.391661 -1027.394286 -1027.398457 -1027.405170 -1027.416130 -1027.434340 -1027.465284 -1027.519335 -1027.616670 -1027.797261 -1028.140727 -1028.805071 -1030.103590 -1032.674160 -1037.922764 -1049.286324 -1076.089804 -9999.0 -9999.0
-9999.0 -9999.0 -265.455140 -376.808869 -501.615006 -643.239106 -791.275488 -911.686115 -979.758051 -1001.651523 -978.554424 -939.841883 -905.529851 -874.741257 -905.895629 -945.323780 -985.809254 -1028.728309 -1019.799727 -1005.102008 -992.781438 -985.470807 -983.104693 -984.679329 -988.977618 -994.828288 -1001.194886 -1007.265431 -1012.528662 -1016.772979 -1020.007517 -1022.364322 -1024.020666 -1025.149711 -1025.897193 -1026.376889 -1026.687255 -1026.953415 -1027.252654 -1027.490467 -1031.482841 -1081.581880 -1528.059524 -1788.822988 -1624.565508 -1536.403268 -1497.647670 -1493.108248 -1492.657521 -1492.693644 -1492.795850 -1492.905602 -1493.010895 -1493.108294 -1493.198450 -1493.301739 -1493.623564 -1496.029209 -1515.247981 -1559.999108 -1642.414743 -1350.939405 -1064.493869 -1031.014214 -1027.985764 -1027.492987 -1027.386753 -1027.368103 -1027.368452 -1027.372112 -1027.375672 -1027.378510 -1027.380656 -1027.382270 -1027.383497 -1027.384447 -1027.385197 -1027.385799 -1027.386295 -1027.386727 -1027.387139 -1027.387584 -1027.388133 -1027.388883 -1027.389982 -1027.391661 -1027.394286 -1027.398457 -1027.405170 -1027.416130 -1027.434340 -1027.465284 -1027.519335 -1027.616670 -1027.797261 -1028.140727 -1028.805071 -1030.103590 -1032.674160 -1037.922764 -1049.286324 -1076.089804 -9999.0 -9999.0
-9999.0 -9999.0 -265.455140 -376.808870 -501.615008 -643.239109 -791.275490 -911.686115 -979.758051 -1001.651523 -978.554424 -939.841883 -905.529851 -874.741257 -905.895629 -945.323780 -985.809254 -1028.728309 -1019.799727 -1005.102008 -992.781438 -985.470807 -983.104693 -984.679329 -988.977618 -994.828288 -1001.194886 -1007.265431 -1012.528662 -1016.772979 -1020.007517 -1022.364322 -1024.020666 -1025.149711 -1025.897193 -1026.376889 -1026.687255 -1026.953415 -1027.252654 -1027.490467 -1031.482841 -1081.581880 -1528.059524 -1788.822988 -1624.565508 -1536.403269 -1497.647670 -1493.108248 -1492.657521 -1492.693644 -1492.795850 -1492.905602 -1493.010895 -1493.108294 -1493.198450 -1493.301739 -1493.623564 -1496.029209 -1515.247981 -1559.999108 -1642.414743 -1350.939405 -1064.493869 -1031.014214 -1027.985764 -1027.492987 -1027.386753 -1027.368103 -1027.368452 -1027.372112 -1027.375672 -1027.378510 -1027.380656 -1027.382270 -1027.383497 -1027.384447 -1027.385197 -1027.385799 -1027.386295 -1027.386727 -1027.387139 -1027.387584 -1027.388133 -1027.388883 -1027.389982 -1027.391661 -1027.394286 -1027.398457 -1027.405170 -1027.416130 -1027.434340 -1027.465284 -1027.519335 -1027.616670 -1027.797261 -1028.140727 -1028.805071 -1030.103590 -1032.674160 -1037.922764 -1049.286324 -1076.089804 -9999.0 -9999.0
-9999.0 -9999.0 -265.455141 -376.808871 -501.615010 -643.239112 -791.275493 -911.686116 -979.758050 -1001.651522 -978.554424 -939.841883 -905.529851 -874.741257 -905.895629 -945.323780 -985.809254 -1028.728309 -1019.799727 -1005.102008 -992.781438 -985.470807 -983.104693 -984.679329 -988.977618 -994.828288 -1001.194886 -1007.265431 -1012.528662 -1016.772979 -1020.007517 -1022.364322 -1024.020666 -1025.149711 -1025.897193 -1026.376889 -1026.687255 -1026.953415 -1027.252654 -1027.490467 -1031.482841 -1081.581880 -1528.059524 -1788.822989 -1624.565510 -1536.403272 -1497.647669 -1493.108248 -1492.657521 -1492.693644 -1492.795850 -1492.905602 -1493.010895 -1493.108294 -1493.198450 -1493.301739 -1493.623564 -1496.029209 -1515.247981 -1559.999108 -1642.414743 -1350.939405 -1064.493869 -1031.014214 -1027.985764 -1027.492987 -1027.386753 -1027.368103 -1027.368452 -1027.372112 -1027.375672 -1027.378510 -1027.380656 -1027.382270 -1027.383497 -1027.384447 -1027.385197 -1027.385799 -1027.386295 -1027.386727 -1027.387139 -1027.387584 -1027.388133 -1027.388883 -1027.389982 -1027.391661 -1027.394286 -1027.398457 -1027.405170 -1027.416130 -1027.434340 -1027.465284 -1027.519335 -1027.616670 -1027.797261 -1028.140727 -1028.805071 -1030.103590 -1032.674160 -1037.922764 -1049.286324 -1076.089804 -9999.0 -9999.0
-9999.0 -9999.0 -9999.0 -9999.0 -9999.0 -9999.0 -9999.0 -9999.0 -9999.0 -9999.0 -9999.0 -9999.0 -9999.0 -9999.0 -9999.0 -9999.0 -9999.0 -9999.0 -9999.0 -9999.0 -9999.0 -9999.0 -9999.0 -9999.0 -9999.0 -9999.0 -9999.0 -9999.0 -9999.0 -9999.0 -9999.0 -9999.0 -9999.0 -9999.0 -9999.0 -9999.0 -9999.0 -9999.0 -9999.0 -9999.0 -9999.0 -9999.0 -9999.0 -9999.0 -9999.0 -9999.0 -9999.0 -9999.0 -9999.0 -9999.0 -9999.0 -9999.0 -9999.0 -9999.0 -9999.0 -9999.0 -9999.0 -9999.0 -9999.0 -9999.0 -9999.0 -9999.0 -9999.0 -9999.0 -9999.0 -9999.0 -9999.0 -9999.0 -9999.0 -9999.0 -9999.0 -9999.0 -9999.0 -9999.0 -9999.0 -9999.0 -9999.0 -9999.0 -9999.0 -9999.0 -9999.0 -9999.0 -9999.0 -9999.0 -9999.0 -9999.0 -9999.0 -9999.0 -9999.0 -9999.0 -9999.0 -9999.0 -9999.0 -9999.0 -9999.0 -9999.0 -9999.0 -9999.0 -9999.0 -9999.0 -9999.0 -9999.0 -9999.0 -9999.0
-9999.0 -9999.0 -9999.0 -9999.0 -9999.0 -9999.0 -9999.0 -9999.0 -9999.0 -9999.0 -9999.0 -9999.0 -9999.0 -9999.0 -9999.0 -9999.0 -9999.0 -9999.0 -9999.0 -9999.0 -9999.0 -9999.0 -9999.0 -9999.0 -9999.0 -9999.0 -9999.0 -9999.0 -9999.0 -9999.0 -9999.0 -9999.0 -9999.0 -9999.0 -9999.0 -9999.0 -9999.0 -9999.0 -9999.0 -9999.0 -9999.0 -9999.0 -9999.0 -9999.0 -9999.0 -9999.0 -9999.0 -9999.0 -9999.0 -9999.0 -9999.0 -9999.0 -9999.0 -9999.0 -9999.0 -9999.0 -9999.0 -9999.0 -9999.0 -9999.0 -9999.0 -9999.0 -9999.0 -9999.0 -9999.0 -9999.0 -9999.0 -9999.0 -9999.0 -9999.0 -9999.0 -9999.0 -9999.0 -9999.0 -9999.0 -9999.0 -9999.0 -9999.0 -9999.0 -9999.0 -9999.0 -9999.0 -9999.0 -9999.0 -9999.0 -9999.0 -9999.0 -9999.0 -9999.0 -9999.0 -9999.0 -9999.0 -9999.0 -9999.0 -9999.0 -9999.0 -9999.0 -9999.0 -9999.0 -9999.0 -9999.0 -9999.0 -9999.0 -9999.0