inst/processing_geotop_simulation/geotop_simulation/out/maps3D/PwL0009N0033.asc
ncols         104
nrows         10
xllcorner     -2.000000
yllcorner     0.000000
cellsize      1.000000
NODATA_value  -9999.0
-9999.0 -9999.0 -9999.0 -9999.0 -9999.0 -9999.0 -9999.0 -9999.0 -9999.0 -9999.0 -9999.0 -9999.0 -9999.0 -9999.0 -9999.0 -9999.0 -9999.0 -9999.0 -9999.0 -9999.0 -9999.0 -9999.0 -9999.0 -9999.0 -9999.0 -9999.0 -9999.0 -9999.0 -9999.0 -9999.0 -9999.0 -9999.0 -9999.0 -9999.0 -9999.0 -9999.0 -9999.0 -9999.0 -9999.0 -9999.0 -9999.0 -9999.0 -9999.0 -9999.0 -9999.0 -9999.0 -9999.0 -9999.0 -9999.0 -9999.0 -9999.0 -9999.0 -9999.0 -9999.0 -9999.0 -9999.0 -9999.0 -9999.0 -9999.0 -9999.0 -9999.0 -9999.0 -9999.0 -9999.0 -9999.0 -9999.0 -9999.0 -9999.0 -9999.0 -9999.0 -9999.0 -9999.0 -9999.0 -9999.0 -9999.0 -9999.0 -9999.0 -9999.0 -9999.0 -9999.0 -9999.0 -9999.0 -9999.0 -9999.0 -9999.0 -9999.0 -9999.0 -9999.0 -9999.0 -9999.0 -9999.0 -9999.0 -9999.0 -9999.0 -9999.0 -9999.0 -9999.0 -9999.0 -9999.0 -9999.0 -9999.0 -9999.0 -9999.0 -9999.0
-9999.0 -9999.0 -9999.0 -9999.0 -9999.0 -9999.0 -9999.0 -9999.0 -9999.0 -9999.0 -9999.0 -9999.0 -9999.0 -9999.0 -9999.0 -9999.0 -9999.0 -9999.0 -9999.0 -9999.0 -9999.0 -9999.0 -9999.0 -9999.0 -9999.0 -9999.0 -9999.0 -9999.0 -9999.0 -9999.0 -9999.0 -9999.0 -9999.0 -9999.0 -9999.0 -9999.0 -9999.0 -9999.0 -9999.0 -9999.0 -9999.0 -9999.0 -9999.0 -9999.0 -9999.0 -9999.0 -9999.0 -9999.0 -9999.0 -9999.0 -9999.0 -9999.0 -9999.0 -9999.0 -9999.0 -9999.0 -9999.0 -9999.0 -9999.0 -9999.0 -9999.0 -9999.0 -9999.0 -9999.0 -9999.0 -9999.0 -9999.0 -9999.0 -9999.0 -9999.0 -9999.0 -9999.0 -9999.0 -9999.0 -9999.0 -9999.0 -9999.0 -9999.0 -9999.0 -9999.0 -9999.0 -9999.0 -9999.0 -9999.0 -9999.0 -9999.0 -9999.0 -9999.0 -9999.0 -9999.0 -9999.0 -9999.0 -9999.0 -9999.0 -9999.0 -9999.0 -9999.0 -9999.0 -9999.0 -9999.0 -9999.0 -9999.0 -9999.0 -9999.0
-9999.0 -9999.0 -571.553676 -554.495984 -541.890086 -540.887581 -545.970747 -551.792873 -556.419437 -560.479123 -560.334197 -559.564366 -553.572490 -536.150401 -467.993854 -329.610297 -212.239003 -105.192277 6.523923 -53.470978 -118.266077 -184.826881 -250.868685 -314.843274 -373.909625 -426.184388 -469.322946 -502.244470 -525.216895 -539.980780 -548.863264 -553.939477 -556.731007 -558.209636 -558.943967 -559.232743 -559.202054 -559.419823 -561.839400 -560.696615 -552.312134 -568.579678 -2561.436998 -4529.135435 -4529.596696 -4529.449927 -4529.315423 -4529.295851 -4529.293736 -4529.293534 -4529.293526 -4529.293537 -4529.293550 -4529.293563 -4529.293582 -4529.293681 -4529.294564 -4529.302311 -4529.363444 -4529.465645 -4528.718868 -2459.572327 -576.155443 -569.756548 -562.762497 -560.736452 -560.325838 -560.255147 -560.255233 -560.269541 -560.284428 -560.296758 -560.306361 -560.313798 -560.319628 -560.324272 -560.328040 -560.331143 -560.333741 -560.336011 -560.338183 -560.340495 -560.343274 -560.346998 -560.352356 -560.360442 -560.372988 -560.392818 -560.424596 -560.476195 -560.561358 -560.704891 -560.953313 -561.396918 -562.215277 -563.768844 -566.774692 -572.618111 -583.837167 -604.758440 -642.672384 -709.627655 -9999.0 -9999.0
-9999.0 -9999.0 -571.553417 -554.495665 -541.889876 -540.887495 -545.970727 -551.792876 -556.419444 -560.479130 -560.334198 -559.564366 -553.572490 -536.150401 -467.993854 -329.610297 -212.239003 -105.192277 6.523923 -53.470978 -118.266077 -184.826881 -250.868685 -314.843274 -373.909625 -426.184388 -469.322946 -502.244470 -525.216895 -539.980780 -548.863264 -553.939477 -556.731007 -558.209636 -558.943967 -559.232743 -559.202054 -559.419823 -561.839400 -560.696615 -552.312134 -568.579678 -2561.436997 -4529.135435 -4529.596696 -4529.449927 -4529.315423 -4529.295851 -4529.293736 -4529.293534 -4529.293526 -4529.293537 -4529.293550 -4529.293563 -4529.293582 -4529.293681 -4529.294564 -4529.302311 -4529.363444 -4529.465645 -4528.718868 -2459.572327 -576.155444 -569.756548 -562.762497 -560.736452 -560.325838 -560.255147 -560.255233 -560.269541 -560.284428 -560.296758 -560.306361 -560.313798 -560.319628 -560.324272 -560.328040 -560.331143 -560.333741 -560.336011 -560.338183 -560.340495 -560.343274 -560.346998 -560.352356 -560.360442 -560.372988 -560.392818 -560.424596 -560.476195 -560.561358 -560.704891 -560.953313 -561.396918 -562.215277 -563.768844 -566.774692 -572.618111 -583.837167 -604.758440 -642.672384 -709.627655 -9999.0 -9999.0
-9999.0 -9999.0 -571.553282 -554.495496 -541.889747 -540.887436 -545.970713 -551.792880 -556.419451 -560.479136 -560.334199 -559.564366 -553.572490 -536.150401 -467.993854 -329.610297 -212.239003 -105.192277 6.523923 -53.470978 -118.266077 -184.826881 -250.868685 -314.843274 -373.909625 -426.184388 -469.322946 -502.244470 -525.216895 -539.980780 -548.863264 -553.939477 -556.731007 -558.209636 -558.943967 -559.232743 -559.202054 -559.419823 -561.839401 -560.696615 -552.312134 -568.579678 -2561.436997 -4529.135435 -4529.596696 -4529.449927 -4529.315423 -4529.295851 -4529.293736 -4529.293534 -4529.293526 -4529.293537 -4529.293550 -4529.293563 -4529.293582 -4529.293681 -4529.294564 -4529.302311 -4529.363444 -4529.465645 -4528.718868 -2459.572327 -576.155443 -569.756548 -562.762497 -560.736452 -560.325838 -560.255147 -560.255233 -560.269541 -560.284428 -560.296758 -560.306361 -560.313798 -560.319628 -560.324272 -560.328040 -560.331143 -560.333741 -560.336011 -560.338183 -560.340495 -560.343274 -560.346998 -560.352356 -560.360442 -560.372988 -560.392818 -560.424596 -560.476195 -560.561358 -560.704891 -560.953313 -561.396918 -562.215277 -563.768844 -566.774692 -572.618111 -583.837167 -604.758440 -642.672384 -709.627655 -9999.0 -9999.0
-9999.0 -9999.0 -571.553282 -554.495496 -541.889747 -540.887436 -545.970713 -551.792880 -556.419451 -560.479136 -560.334199 -559.564366 -553.572490 -536.150401 -467.993854 -329.610297 -212.239003 -105.192277 6.523923 -53.470978 -118.266077 -184.826881 -250.868685 -314.843274 -373.909625 -426.184388 -469.322946 -502.244470 -525.216895 -539.980780 -548.863264 -553.939477 -556.731007 -558.209636 -558.943967 -559.232743 -559.202054 -559.419823 -561.839401 -560.696615 -552.312134 -568.579678 -2561.436997 -4529.135435 -4529.596696 -4529.449927 -4529.315423 -4529.295851 -4529.293736 -4529.293534 -4529.293526 -4529.293537 -4529.293550 -4529.293563 -4529.293582 -4529.293681 -4529.294564 -4529.302311 -4529.363444 -4529.465645 -4528.718868 -2459.572327 -576.155443 -569.756548 -562.762497 -560.736452 -560.325838 -560.255147 -560.255233 -560.269541 -560.284428 -560.296758 -560.306361 -560.313798 -560.319628 -560.324272 -560.328040 -560.331143 -560.333741 -560.336011 -560.338183 -560.340495 -560.343274 -560.346998 -560.352356 -560.360442 -560.372988 -560.392818 -560.424596 -560.476195 -560.561358 -560.704891 -560.953313 -561.396918 -562.215277 -563.768844 -566.774692 -572.618111 -583.837167 -604.758440 -642.672384 -709.627655 -9999.0 -9999.0
-9999.0 -9999.0 -571.553417 -554.495665 -541.889876 -540.887495 -545.970727 -551.792876 -556.419444 -560.479130 -560.334198 -559.564366 -553.572490 -536.150401 -467.993854 -329.610297 -212.239003 -105.192277 6.523923 -53.470978 -118.266077 -184.826881 -250.868685 -314.843274 -373.909625 -426.184388 -469.322946 -502.244470 -525.216895 -539.980780 -548.863264 -553.939477 -556.731007 -558.209636 -558.943967 -559.232743 -559.202054 -559.419823 -561.839400 -560.696615 -552.312134 -568.579678 -2561.436997 -4529.135435 -4529.596696 -4529.449927 -4529.315423 -4529.295851 -4529.293736 -4529.293534 -4529.293526 -4529.293537 -4529.293550 -4529.293563 -4529.293582 -4529.293681 -4529.294564 -4529.302311 -4529.363444 -4529.465645 -4528.718868 -2459.572327 -576.155444 -569.756548 -562.762497 -560.736452 -560.325838 -560.255147 -560.255233 -560.269541 -560.284428 -560.296758 -560.306361 -560.313798 -560.319628 -560.324272 -560.328040 -560.331143 -560.333741 -560.336011 -560.338183 -560.340495 -560.343274 -560.346998 -560.352356 -560.360442 -560.372988 -560.392818 -560.424596 -560.476195 -560.561358 -560.704891 -560.953313 -561.396918 -562.215277 -563.768844 -566.774692 -572.618111 -583.837167 -604.758440 -642.672384 -709.627655 -9999.0 -9999.0
-9999.0 -9999.0 -571.553676 -554.495984 -541.890086 -540.887581 -545.970747 -551.792873 -556.419437 -560.479123 -560.334197 -559.564366 -553.572490 -536.150401 -467.993854 -329.610297 -212.239003 -105.192277 6.523923 -53.470978 -118.266077 -184.826881 -250.868685 -314.843274 -373.909625 -426.184388 -469.322946 -502.244470 -525.216895 -539.980780 -548.863264 -553.939477 -556.731007 -558.209636 -558.943967 -559.232743 -559.202054 -559.419823 -561.839400 -560.696615 -552.312134 -568.579678 -2561.436998 -4529.135435 -4529.596696 -4529.449927 -4529.315423 -4529.295851 -4529.293736 -4529.293534 -4529.293526 -4529.293537 -4529.293550 -4529.293563 -4529.293582 -4529.293681 -4529.294564 -4529.302311 -4529.363444 -4529.465645 -4528.718868 -2459.572327 -576.155444 -569.756548 -562.762497 -560.736452 -560.325838 -560.255147 -560.255233 -560.269541 -560.284428 -560.296758 -560.306361 -560.313798 -560.319628 -560.324272 -560.328040 -560.331143 -560.333741 -560.336011 -560.338183 -560.340495 -560.343274 -560.346998 -560.352356 -560.360442 -560.372988 -560.392818 -560.424596 -560.476195 -560.561358 -560.704891 -560.953313 -561.396918 -562.215277 -563.768844 -566.774692 -572.618111 -583.837167 -604.758440 -642.672384 -709.627655 -9999.0 -9999.0
-9999.0 -9999.0 -9999.0 -9999.0 -9999.0 -9999.0 -9999.0 -9999.0 -9999.0 -9999.0 -9999.0 -9999.0 -9999.0 -9999.0 -9999.0 -9999.0 -9999.0 -9999.0 -9999.0 -9999.0 -9999.0 -9999.0 -9999.0 -9999.0 -9999.0 -9999.0 -9999.0 -9999.0 -9999.0 -9999.0 -9999.0 -9999.0 -9999.0 -9999.0 -9999.0 -9999.0 -9999.0 -9999.0 -9999.0 -9999.0 -9999.0 -9999.0 -9999.0 -9999.0 -9999.0 -9999.0 -9999.0 -9999.0 -9999.0 -9999.0 -9999.0 -9999.0 -9999.0 -9999.0 -9999.0 -9999.0 -9999.0 -9999.0 -9999.0 -9999.0 -9999.0 -9999.0 -9999.0 -9999.0 -9999.0 -9999.0 -9999.0 -9999.0 -9999.0 -9999.0 -9999.0 -9999.0 -9999.0 -9999.0 -9999.0 -9999.0 -9999.0 -9999.0 -9999.0 -9999.0 -9999.0 -9999.0 -9999.0 -9999.0 -9999.0 -9999.0 -9999.0 -9999.0 -9999.0 -9999.0 -9999.0 -9999.0 -9999.0 -9999.0 -9999.0 -9999.0 -9999.0 -9999.0 -9999.0 -9999.0 -9999.0 -9999.0 -9999.0 -9999.0
-9999.0 -9999.0 -9999.0 -9999.0 -9999.0 -9999.0 -9999.0 -9999.0 -9999.0 -9999.0 -9999.0 -9999.0 -9999.0 -9999.0 -9999.0 -9999.0 -9999.0 -9999.0 -9999.0 -9999.0 -9999.0 -9999.0 -9999.0 -9999.0 -9999.0 -9999.0 -9999.0 -9999.0 -9999.0 -9999.0 -9999.0 -9999.0 -9999.0 -9999.0 -9999.0 -9999.0 -9999.0 -9999.0 -9999.0 -9999.0 -9999.0 -9999.0 -9999.0 -9999.0 -9999.0 -9999.0 -9999.0 -9999.0 -9999.0 -9999.0 -9999.0 -9999.0 -9999.0 -9999.0 -9999.0 -9999.0 -9999.0 -9999.0 -9999.0 -9999.0 -9999.0 -9999.0 -9999.0 -9999.0 -9999.0 -9999.0 -9999.0 -9999.0 -9999.0 -9999.0 -9999.0 -9999.0 -9999.0 -9999.0 -9999.0 -9999.0 -9999.0 -9999.0 -9999.0 -9999.0 -9999.0 -9999.0 -9999.0 -9999.0 -9999.0 -9999.0 -9999.0 -9999.0 -9999.0 -9999.0 -9999.0 -9999.0 -9999.0 -9999.0 -9999.0 -9999.0 -9999.0 -9999.0 -9999.0 -9999.0 -9999.0 -9999.0 -9999.0 -9999.0