inst/processing_geotop_simulation/geotop_simulation/out/maps3D/PwL0021N0123.asc
ncols         104
nrows         10
xllcorner     -2.000000
yllcorner     0.000000
cellsize      1.000000
NODATA_value  -9999.0
-9999.0 -9999.0 -9999.0 -9999.0 -9999.0 -9999.0 -9999.0 -9999.0 -9999.0 -9999.0 -9999.0 -9999.0 -9999.0 -9999.0 -9999.0 -9999.0 -9999.0 -9999.0 -9999.0 -9999.0 -9999.0 -9999.0 -9999.0 -9999.0 -9999.0 -9999.0 -9999.0 -9999.0 -9999.0 -9999.0 -9999.0 -9999.0 -9999.0 -9999.0 -9999.0 -9999.0 -9999.0 -9999.0 -9999.0 -9999.0 -9999.0 -9999.0 -9999.0 -9999.0 -9999.0 -9999.0 -9999.0 -9999.0 -9999.0 -9999.0 -9999.0 -9999.0 -9999.0 -9999.0 -9999.0 -9999.0 -9999.0 -9999.0 -9999.0 -9999.0 -9999.0 -9999.0 -9999.0 -9999.0 -9999.0 -9999.0 -9999.0 -9999.0 -9999.0 -9999.0 -9999.0 -9999.0 -9999.0 -9999.0 -9999.0 -9999.0 -9999.0 -9999.0 -9999.0 -9999.0 -9999.0 -9999.0 -9999.0 -9999.0 -9999.0 -9999.0 -9999.0 -9999.0 -9999.0 -9999.0 -9999.0 -9999.0 -9999.0 -9999.0 -9999.0 -9999.0 -9999.0 -9999.0 -9999.0 -9999.0 -9999.0 -9999.0 -9999.0 -9999.0
-9999.0 -9999.0 -9999.0 -9999.0 -9999.0 -9999.0 -9999.0 -9999.0 -9999.0 -9999.0 -9999.0 -9999.0 -9999.0 -9999.0 -9999.0 -9999.0 -9999.0 -9999.0 -9999.0 -9999.0 -9999.0 -9999.0 -9999.0 -9999.0 -9999.0 -9999.0 -9999.0 -9999.0 -9999.0 -9999.0 -9999.0 -9999.0 -9999.0 -9999.0 -9999.0 -9999.0 -9999.0 -9999.0 -9999.0 -9999.0 -9999.0 -9999.0 -9999.0 -9999.0 -9999.0 -9999.0 -9999.0 -9999.0 -9999.0 -9999.0 -9999.0 -9999.0 -9999.0 -9999.0 -9999.0 -9999.0 -9999.0 -9999.0 -9999.0 -9999.0 -9999.0 -9999.0 -9999.0 -9999.0 -9999.0 -9999.0 -9999.0 -9999.0 -9999.0 -9999.0 -9999.0 -9999.0 -9999.0 -9999.0 -9999.0 -9999.0 -9999.0 -9999.0 -9999.0 -9999.0 -9999.0 -9999.0 -9999.0 -9999.0 -9999.0 -9999.0 -9999.0 -9999.0 -9999.0 -9999.0 -9999.0 -9999.0 -9999.0 -9999.0 -9999.0 -9999.0 -9999.0 -9999.0 -9999.0 -9999.0 -9999.0 -9999.0 -9999.0 -9999.0
-9999.0 -9999.0 1039.905834 946.761733 853.332311 759.114071 664.435916 569.546500 474.588700 379.641765 284.749669 189.936551 95.214394 0.596575 -93.866181 -188.187577 -282.376472 -376.435664 -470.268075 -563.454429 -655.357546 -745.854502 -834.312567 -919.888918 -991.597599 -1040.693219 -1075.404363 -1098.393674 -1112.815279 -1121.466153 -1126.469443 -1129.276504 -1130.812163 -1131.636395 -1132.074157 -1132.310384 -1132.455681 -1132.604295 -1132.999811 -1135.162756 -1148.484364 -1240.041392 -1817.835409 -3856.889764 -3935.619872 -3935.616632 -3934.234772 -3916.066734 -3832.318338 -3642.439695 -3375.052990 -3063.871048 -2852.695639 -2714.269103 -2587.158602 -2458.122913 -2325.402750 -2193.043652 -2065.864438 -1945.904807 -1824.751617 -1403.188116 -1202.518104 -1142.922450 -1134.167845 -1133.026433 -1132.873397 -1132.850636 -1132.848001 -1132.848852 -1132.850124 -1132.851223 -1132.852080 -1132.852733 -1132.853235 -1132.853625 -1132.853935 -1132.854186 -1132.854396 -1132.854582 -1132.854763 -1132.854963 -1132.855213 -1132.855557 -1132.856064 -1132.856841 -1132.858062 -1132.860012 -1132.863174 -1132.868393 -1132.877189 -1132.892399 -1132.919486 -1132.969212 -1133.063143 -1133.245306 -1133.608934 -1134.366656 -1136.055081 -1140.132747 -1150.613414 -1178.966920 -9999.0 -9999.0
-9999.0 -9999.0 1039.908986 946.762991 853.332735 759.114212 664.435963 569.546517 474.588706 379.641767 284.749669 189.936552 95.214393 0.596575 -93.866181 -188.187577 -282.376473 -376.435664 -470.268076 -563.454430 -655.357546 -745.854503 -834.312567 -919.888918 -991.597599 -1040.693219 -1075.404363 -1098.393674 -1112.815279 -1121.466153 -1126.469443 -1129.276504 -1130.812163 -1131.636395 -1132.074157 -1132.310384 -1132.455681 -1132.604295 -1132.999811 -1135.162756 -1148.484364 -1240.041392 -1817.835408 -3856.889764 -3935.619872 -3935.616632 -3934.234772 -3916.066734 -3832.318337 -3642.439693 -3375.052986 -3063.871047 -2852.695638 -2714.269103 -2587.158601 -2458.122913 -2325.402749 -2193.043652 -2065.864438 -1945.904807 -1824.751617 -1403.188116 -1202.518104 -1142.922450 -1134.167845 -1133.026433 -1132.873397 -1132.850636 -1132.848001 -1132.848852 -1132.850124 -1132.851223 -1132.852080 -1132.852733 -1132.853235 -1132.853625 -1132.853935 -1132.854186 -1132.854396 -1132.854582 -1132.854763 -1132.854963 -1132.855213 -1132.855557 -1132.856064 -1132.856841 -1132.858062 -1132.860012 -1132.863174 -1132.868393 -1132.877189 -1132.892399 -1132.919486 -1132.969212 -1133.063143 -1133.245306 -1133.608934 -1134.366656 -1136.055081 -1140.132747 -1150.613414 -1178.966920 -9999.0 -9999.0
-9999.0 -9999.0 1039.910261 946.763685 853.333032 759.114327 664.436006 569.546532 474.588712 379.641769 284.749670 189.936552 95.214394 0.596575 -93.866181 -188.187577 -282.376472 -376.435665 -470.268076 -563.454430 -655.357546 -745.854503 -834.312567 -919.888918 -991.597600 -1040.693219 -1075.404363 -1098.393674 -1112.815279 -1121.466153 -1126.469443 -1129.276504 -1130.812163 -1131.636395 -1132.074157 -1132.310384 -1132.455681 -1132.604295 -1132.999811 -1135.162756 -1148.484364 -1240.041392 -1817.835408 -3856.889764 -3935.619872 -3935.616632 -3934.234772 -3916.066733 -3832.318337 -3642.439691 -3375.052984 -3063.871046 -2852.695638 -2714.269103 -2587.158601 -2458.122912 -2325.402749 -2193.043651 -2065.864438 -1945.904807 -1824.751616 -1403.188116 -1202.518104 -1142.922450 -1134.167845 -1133.026433 -1132.873397 -1132.850636 -1132.848001 -1132.848852 -1132.850124 -1132.851223 -1132.852080 -1132.852733 -1132.853235 -1132.853625 -1132.853935 -1132.854186 -1132.854396 -1132.854582 -1132.854763 -1132.854963 -1132.855213 -1132.855557 -1132.856064 -1132.856841 -1132.858062 -1132.860012 -1132.863174 -1132.868393 -1132.877189 -1132.892399 -1132.919486 -1132.969212 -1133.063143 -1133.245306 -1133.608934 -1134.366656 -1136.055081 -1140.132747 -1150.613414 -1178.966920 -9999.0 -9999.0
-9999.0 -9999.0 1039.910261 946.763685 853.333032 759.114327 664.436006 569.546532 474.588712 379.641769 284.749670 189.936552 95.214394 0.596575 -93.866181 -188.187577 -282.376473 -376.435664 -470.268076 -563.454430 -655.357546 -745.854503 -834.312567 -919.888918 -991.597600 -1040.693219 -1075.404363 -1098.393674 -1112.815279 -1121.466153 -1126.469443 -1129.276504 -1130.812163 -1131.636395 -1132.074157 -1132.310384 -1132.455681 -1132.604295 -1132.999811 -1135.162756 -1148.484364 -1240.041392 -1817.835408 -3856.889764 -3935.619872 -3935.616632 -3934.234772 -3916.066734 -3832.318337 -3642.439692 -3375.052984 -3063.871046 -2852.695638 -2714.269103 -2587.158600 -2458.122912 -2325.402749 -2193.043651 -2065.864438 -1945.904807 -1824.751616 -1403.188116 -1202.518104 -1142.922450 -1134.167845 -1133.026433 -1132.873397 -1132.850636 -1132.848001 -1132.848852 -1132.850124 -1132.851223 -1132.852080 -1132.852733 -1132.853235 -1132.853625 -1132.853935 -1132.854186 -1132.854396 -1132.854582 -1132.854763 -1132.854963 -1132.855213 -1132.855557 -1132.856064 -1132.856841 -1132.858062 -1132.860012 -1132.863174 -1132.868393 -1132.877189 -1132.892399 -1132.919486 -1132.969212 -1133.063143 -1133.245306 -1133.608934 -1134.366656 -1136.055081 -1140.132747 -1150.613414 -1178.966920 -9999.0 -9999.0
-9999.0 -9999.0 1039.908986 946.762991 853.332735 759.114212 664.435963 569.546516 474.588706 379.641767 284.749669 189.936552 95.214394 0.596575 -93.866181 -188.187577 -282.376472 -376.435664 -470.268076 -563.454430 -655.357546 -745.854503 -834.312567 -919.888918 -991.597599 -1040.693219 -1075.404363 -1098.393674 -1112.815279 -1121.466153 -1126.469443 -1129.276504 -1130.812163 -1131.636395 -1132.074157 -1132.310384 -1132.455681 -1132.604295 -1132.999811 -1135.162756 -1148.484364 -1240.041392 -1817.835408 -3856.889764 -3935.619872 -3935.616632 -3934.234772 -3916.066734 -3832.318337 -3642.439692 -3375.052986 -3063.871046 -2852.695638 -2714.269103 -2587.158601 -2458.122912 -2325.402749 -2193.043651 -2065.864438 -1945.904807 -1824.751617 -1403.188116 -1202.518104 -1142.922450 -1134.167845 -1133.026433 -1132.873397 -1132.850636 -1132.848001 -1132.848852 -1132.850124 -1132.851223 -1132.852080 -1132.852733 -1132.853235 -1132.853625 -1132.853935 -1132.854186 -1132.854396 -1132.854582 -1132.854763 -1132.854963 -1132.855213 -1132.855557 -1132.856064 -1132.856841 -1132.858062 -1132.860012 -1132.863174 -1132.868393 -1132.877189 -1132.892399 -1132.919486 -1132.969212 -1133.063143 -1133.245306 -1133.608934 -1134.366656 -1136.055081 -1140.132747 -1150.613414 -1178.966920 -9999.0 -9999.0
-9999.0 -9999.0 1039.905834 946.761733 853.332311 759.114071 664.435916 569.546500 474.588700 379.641765 284.749669 189.936552 95.214393 0.596576 -93.866181 -188.187577 -282.376472 -376.435664 -470.268076 -563.454429 -655.357546 -745.854502 -834.312567 -919.888918 -991.597599 -1040.693219 -1075.404363 -1098.393674 -1112.815279 -1121.466153 -1126.469443 -1129.276504 -1130.812163 -1131.636395 -1132.074157 -1132.310384 -1132.455681 -1132.604295 -1132.999811 -1135.162756 -1148.484364 -1240.041392 -1817.835409 -3856.889764 -3935.619872 -3935.616632 -3934.234772 -3916.066734 -3832.318338 -3642.439695 -3375.052990 -3063.871048 -2852.695639 -2714.269104 -2587.158601 -2458.122913 -2325.402749 -2193.043652 -2065.864438 -1945.904808 -1824.751617 -1403.188116 -1202.518104 -1142.922450 -1134.167845 -1133.026433 -1132.873397 -1132.850636 -1132.848001 -1132.848852 -1132.850124 -1132.851223 -1132.852080 -1132.852733 -1132.853235 -1132.853625 -1132.853935 -1132.854186 -1132.854396 -1132.854582 -1132.854763 -1132.854963 -1132.855213 -1132.855557 -1132.856064 -1132.856841 -1132.858062 -1132.860012 -1132.863174 -1132.868393 -1132.877189 -1132.892399 -1132.919486 -1132.969212 -1133.063143 -1133.245306 -1133.608934 -1134.366656 -1136.055081 -1140.132747 -1150.613414 -1178.966920 -9999.0 -9999.0
-9999.0 -9999.0 -9999.0 -9999.0 -9999.0 -9999.0 -9999.0 -9999.0 -9999.0 -9999.0 -9999.0 -9999.0 -9999.0 -9999.0 -9999.0 -9999.0 -9999.0 -9999.0 -9999.0 -9999.0 -9999.0 -9999.0 -9999.0 -9999.0 -9999.0 -9999.0 -9999.0 -9999.0 -9999.0 -9999.0 -9999.0 -9999.0 -9999.0 -9999.0 -9999.0 -9999.0 -9999.0 -9999.0 -9999.0 -9999.0 -9999.0 -9999.0 -9999.0 -9999.0 -9999.0 -9999.0 -9999.0 -9999.0 -9999.0 -9999.0 -9999.0 -9999.0 -9999.0 -9999.0 -9999.0 -9999.0 -9999.0 -9999.0 -9999.0 -9999.0 -9999.0 -9999.0 -9999.0 -9999.0 -9999.0 -9999.0 -9999.0 -9999.0 -9999.0 -9999.0 -9999.0 -9999.0 -9999.0 -9999.0 -9999.0 -9999.0 -9999.0 -9999.0 -9999.0 -9999.0 -9999.0 -9999.0 -9999.0 -9999.0 -9999.0 -9999.0 -9999.0 -9999.0 -9999.0 -9999.0 -9999.0 -9999.0 -9999.0 -9999.0 -9999.0 -9999.0 -9999.0 -9999.0 -9999.0 -9999.0 -9999.0 -9999.0 -9999.0 -9999.0
-9999.0 -9999.0 -9999.0 -9999.0 -9999.0 -9999.0 -9999.0 -9999.0 -9999.0 -9999.0 -9999.0 -9999.0 -9999.0 -9999.0 -9999.0 -9999.0 -9999.0 -9999.0 -9999.0 -9999.0 -9999.0 -9999.0 -9999.0 -9999.0 -9999.0 -9999.0 -9999.0 -9999.0 -9999.0 -9999.0 -9999.0 -9999.0 -9999.0 -9999.0 -9999.0 -9999.0 -9999.0 -9999.0 -9999.0 -9999.0 -9999.0 -9999.0 -9999.0 -9999.0 -9999.0 -9999.0 -9999.0 -9999.0 -9999.0 -9999.0 -9999.0 -9999.0 -9999.0 -9999.0 -9999.0 -9999.0 -9999.0 -9999.0 -9999.0 -9999.0 -9999.0 -9999.0 -9999.0 -9999.0 -9999.0 -9999.0 -9999.0 -9999.0 -9999.0 -9999.0 -9999.0 -9999.0 -9999.0 -9999.0 -9999.0 -9999.0 -9999.0 -9999.0 -9999.0 -9999.0 -9999.0 -9999.0 -9999.0 -9999.0 -9999.0 -9999.0 -9999.0 -9999.0 -9999.0 -9999.0 -9999.0 -9999.0 -9999.0 -9999.0 -9999.0 -9999.0 -9999.0 -9999.0 -9999.0 -9999.0 -9999.0 -9999.0 -9999.0 -9999.0