inst/processing_geotop_simulation/geotop_simulation/out/maps3D/PwL0020N0133.asc
ncols         104
nrows         10
xllcorner     -2.000000
yllcorner     0.000000
cellsize      1.000000
NODATA_value  -9999.0
-9999.0 -9999.0 -9999.0 -9999.0 -9999.0 -9999.0 -9999.0 -9999.0 -9999.0 -9999.0 -9999.0 -9999.0 -9999.0 -9999.0 -9999.0 -9999.0 -9999.0 -9999.0 -9999.0 -9999.0 -9999.0 -9999.0 -9999.0 -9999.0 -9999.0 -9999.0 -9999.0 -9999.0 -9999.0 -9999.0 -9999.0 -9999.0 -9999.0 -9999.0 -9999.0 -9999.0 -9999.0 -9999.0 -9999.0 -9999.0 -9999.0 -9999.0 -9999.0 -9999.0 -9999.0 -9999.0 -9999.0 -9999.0 -9999.0 -9999.0 -9999.0 -9999.0 -9999.0 -9999.0 -9999.0 -9999.0 -9999.0 -9999.0 -9999.0 -9999.0 -9999.0 -9999.0 -9999.0 -9999.0 -9999.0 -9999.0 -9999.0 -9999.0 -9999.0 -9999.0 -9999.0 -9999.0 -9999.0 -9999.0 -9999.0 -9999.0 -9999.0 -9999.0 -9999.0 -9999.0 -9999.0 -9999.0 -9999.0 -9999.0 -9999.0 -9999.0 -9999.0 -9999.0 -9999.0 -9999.0 -9999.0 -9999.0 -9999.0 -9999.0 -9999.0 -9999.0 -9999.0 -9999.0 -9999.0 -9999.0 -9999.0 -9999.0 -9999.0 -9999.0
-9999.0 -9999.0 -9999.0 -9999.0 -9999.0 -9999.0 -9999.0 -9999.0 -9999.0 -9999.0 -9999.0 -9999.0 -9999.0 -9999.0 -9999.0 -9999.0 -9999.0 -9999.0 -9999.0 -9999.0 -9999.0 -9999.0 -9999.0 -9999.0 -9999.0 -9999.0 -9999.0 -9999.0 -9999.0 -9999.0 -9999.0 -9999.0 -9999.0 -9999.0 -9999.0 -9999.0 -9999.0 -9999.0 -9999.0 -9999.0 -9999.0 -9999.0 -9999.0 -9999.0 -9999.0 -9999.0 -9999.0 -9999.0 -9999.0 -9999.0 -9999.0 -9999.0 -9999.0 -9999.0 -9999.0 -9999.0 -9999.0 -9999.0 -9999.0 -9999.0 -9999.0 -9999.0 -9999.0 -9999.0 -9999.0 -9999.0 -9999.0 -9999.0 -9999.0 -9999.0 -9999.0 -9999.0 -9999.0 -9999.0 -9999.0 -9999.0 -9999.0 -9999.0 -9999.0 -9999.0 -9999.0 -9999.0 -9999.0 -9999.0 -9999.0 -9999.0 -9999.0 -9999.0 -9999.0 -9999.0 -9999.0 -9999.0 -9999.0 -9999.0 -9999.0 -9999.0 -9999.0 -9999.0 -9999.0 -9999.0 -9999.0 -9999.0 -9999.0 -9999.0
-9999.0 -9999.0 988.153773 894.815834 801.042813 706.463512 611.430351 516.189959 420.880704 325.578534 230.325503 135.145017 40.050504 -54.931211 -149.796873 -244.496373 -338.972814 -433.117445 -526.553245 -618.475895 -709.588390 -799.113873 -886.583140 -971.425338 -1032.566822 -1079.568381 -1113.527045 -1136.774703 -1151.992493 -1161.595693 -1167.481719 -1171.008536 -1173.086373 -1174.297185 -1174.999535 -1175.410950 -1175.669018 -1175.890175 -1176.348817 -1178.626786 -1192.077951 -1282.384808 -1962.320004 -3970.335978 -3985.147632 -3985.148171 -3985.129927 -3984.876953 -3983.465665 -3978.340830 -3963.323324 -3920.473629 -3857.516246 -3788.839037 -3696.942220 -3566.051119 -3383.605145 -3151.776737 -2892.803538 -2636.432279 -2386.536570 -1555.392126 -1244.976187 -1186.296594 -1177.588375 -1176.413100 -1176.253690 -1176.230229 -1176.227455 -1176.228201 -1176.229384 -1176.230413 -1176.231216 -1176.231829 -1176.232299 -1176.232666 -1176.232956 -1176.233192 -1176.233389 -1176.233564 -1176.233734 -1176.233922 -1176.234157 -1176.234481 -1176.234959 -1176.235691 -1176.236840 -1176.238677 -1176.241658 -1176.246580 -1176.254881 -1176.269249 -1176.294859 -1176.341910 -1176.430850 -1176.603448 -1176.948224 -1177.666787 -1179.264335 -1183.098582 -1192.904559 -1219.858110 -9999.0 -9999.0
-9999.0 -9999.0 988.157141 894.817144 801.043248 706.463656 611.430399 516.189976 420.880709 325.578536 230.325504 135.145018 40.050504 -54.931211 -149.796873 -244.496373 -338.972814 -433.117445 -526.553245 -618.475896 -709.588391 -799.113873 -886.583141 -971.425339 -1032.566822 -1079.568381 -1113.527045 -1136.774703 -1151.992493 -1161.595693 -1167.481719 -1171.008536 -1173.086373 -1174.297185 -1174.999535 -1175.410950 -1175.669018 -1175.890175 -1176.348817 -1178.626786 -1192.077951 -1282.384808 -1962.320004 -3970.335978 -3985.147632 -3985.148171 -3985.129927 -3984.876953 -3983.465665 -3978.340830 -3963.323323 -3920.473628 -3857.516245 -3788.839037 -3696.942219 -3566.051119 -3383.605143 -3151.776736 -2892.803537 -2636.432279 -2386.536570 -1555.392126 -1244.976187 -1186.296594 -1177.588375 -1176.413100 -1176.253690 -1176.230229 -1176.227455 -1176.228201 -1176.229384 -1176.230413 -1176.231216 -1176.231829 -1176.232299 -1176.232666 -1176.232956 -1176.233192 -1176.233389 -1176.233564 -1176.233734 -1176.233922 -1176.234157 -1176.234481 -1176.234959 -1176.235691 -1176.236840 -1176.238677 -1176.241658 -1176.246580 -1176.254881 -1176.269249 -1176.294859 -1176.341910 -1176.430850 -1176.603448 -1176.948224 -1177.666787 -1179.264335 -1183.098582 -1192.904559 -1219.858110 -9999.0 -9999.0
-9999.0 -9999.0 988.158454 894.817854 801.043550 706.463772 611.430442 516.189991 420.880715 325.578538 230.325505 135.145018 40.050504 -54.931211 -149.796873 -244.496373 -338.972814 -433.117446 -526.553245 -618.475896 -709.588391 -799.113873 -886.583141 -971.425339 -1032.566822 -1079.568381 -1113.527045 -1136.774703 -1151.992493 -1161.595693 -1167.481719 -1171.008536 -1173.086373 -1174.297185 -1174.999535 -1175.410950 -1175.669018 -1175.890175 -1176.348817 -1178.626786 -1192.077951 -1282.384808 -1962.320004 -3970.335978 -3985.147632 -3985.148171 -3985.129927 -3984.876953 -3983.465665 -3978.340830 -3963.323323 -3920.473628 -3857.516245 -3788.839036 -3696.942219 -3566.051118 -3383.605144 -3151.776735 -2892.803537 -2636.432278 -2386.536569 -1555.392126 -1244.976187 -1186.296594 -1177.588375 -1176.413100 -1176.253690 -1176.230229 -1176.227455 -1176.228201 -1176.229384 -1176.230413 -1176.231216 -1176.231829 -1176.232299 -1176.232666 -1176.232956 -1176.233192 -1176.233389 -1176.233564 -1176.233734 -1176.233922 -1176.234157 -1176.234481 -1176.234959 -1176.235691 -1176.236840 -1176.238677 -1176.241658 -1176.246580 -1176.254881 -1176.269249 -1176.294859 -1176.341910 -1176.430850 -1176.603448 -1176.948224 -1177.666787 -1179.264335 -1183.098582 -1192.904559 -1219.858110 -9999.0 -9999.0
-9999.0 -9999.0 988.158454 894.817854 801.043550 706.463772 611.430442 516.189991 420.880715 325.578538 230.325505 135.145018 40.050504 -54.931211 -149.796873 -244.496373 -338.972814 -433.117446 -526.553245 -618.475896 -709.588391 -799.113873 -886.583141 -971.425339 -1032.566822 -1079.568381 -1113.527045 -1136.774703 -1151.992493 -1161.595693 -1167.481719 -1171.008536 -1173.086373 -1174.297185 -1174.999535 -1175.410950 -1175.669018 -1175.890175 -1176.348817 -1178.626786 -1192.077951 -1282.384808 -1962.320004 -3970.335978 -3985.147632 -3985.148171 -3985.129927 -3984.876953 -3983.465665 -3978.340830 -3963.323323 -3920.473628 -3857.516245 -3788.839037 -3696.942219 -3566.051118 -3383.605143 -3151.776736 -2892.803536 -2636.432278 -2386.536569 -1555.392126 -1244.976187 -1186.296594 -1177.588375 -1176.413100 -1176.253690 -1176.230229 -1176.227455 -1176.228201 -1176.229384 -1176.230413 -1176.231216 -1176.231829 -1176.232299 -1176.232666 -1176.232956 -1176.233192 -1176.233389 -1176.233564 -1176.233734 -1176.233922 -1176.234157 -1176.234481 -1176.234959 -1176.235691 -1176.236840 -1176.238677 -1176.241658 -1176.246580 -1176.254881 -1176.269249 -1176.294859 -1176.341910 -1176.430850 -1176.603448 -1176.948224 -1177.666787 -1179.264335 -1183.098582 -1192.904559 -1219.858110 -9999.0 -9999.0
-9999.0 -9999.0 988.157141 894.817144 801.043248 706.463655 611.430399 516.189976 420.880709 325.578536 230.325504 135.145018 40.050504 -54.931211 -149.796873 -244.496373 -338.972814 -433.117445 -526.553245 -618.475896 -709.588391 -799.113873 -886.583141 -971.425339 -1032.566822 -1079.568381 -1113.527045 -1136.774703 -1151.992493 -1161.595693 -1167.481719 -1171.008536 -1173.086373 -1174.297185 -1174.999535 -1175.410950 -1175.669018 -1175.890175 -1176.348817 -1178.626786 -1192.077951 -1282.384808 -1962.320004 -3970.335978 -3985.147632 -3985.148171 -3985.129927 -3984.876953 -3983.465665 -3978.340830 -3963.323323 -3920.473628 -3857.516245 -3788.839037 -3696.942219 -3566.051118 -3383.605144 -3151.776736 -2892.803537 -2636.432278 -2386.536570 -1555.392126 -1244.976187 -1186.296594 -1177.588375 -1176.413100 -1176.253690 -1176.230229 -1176.227455 -1176.228201 -1176.229384 -1176.230413 -1176.231216 -1176.231829 -1176.232299 -1176.232666 -1176.232956 -1176.233192 -1176.233389 -1176.233564 -1176.233734 -1176.233922 -1176.234157 -1176.234481 -1176.234959 -1176.235691 -1176.236840 -1176.238677 -1176.241658 -1176.246580 -1176.254881 -1176.269249 -1176.294859 -1176.341910 -1176.430850 -1176.603448 -1176.948224 -1177.666787 -1179.264335 -1183.098582 -1192.904559 -1219.858110 -9999.0 -9999.0
-9999.0 -9999.0 988.153773 894.815834 801.042813 706.463512 611.430351 516.189959 420.880703 325.578534 230.325503 135.145017 40.050504 -54.931211 -149.796873 -244.496373 -338.972814 -433.117445 -526.553245 -618.475895 -709.588390 -799.113872 -886.583140 -971.425338 -1032.566822 -1079.568381 -1113.527045 -1136.774703 -1151.992493 -1161.595693 -1167.481719 -1171.008536 -1173.086373 -1174.297185 -1174.999535 -1175.410950 -1175.669018 -1175.890175 -1176.348817 -1178.626786 -1192.077951 -1282.384808 -1962.320004 -3970.335978 -3985.147632 -3985.148171 -3985.129927 -3984.876953 -3983.465665 -3978.340830 -3963.323324 -3920.473629 -3857.516246 -3788.839037 -3696.942219 -3566.051120 -3383.605144 -3151.776737 -2892.803538 -2636.432279 -2386.536570 -1555.392126 -1244.976187 -1186.296594 -1177.588375 -1176.413100 -1176.253690 -1176.230229 -1176.227455 -1176.228201 -1176.229384 -1176.230413 -1176.231216 -1176.231829 -1176.232299 -1176.232666 -1176.232956 -1176.233192 -1176.233389 -1176.233564 -1176.233734 -1176.233922 -1176.234157 -1176.234481 -1176.234959 -1176.235691 -1176.236840 -1176.238677 -1176.241658 -1176.246580 -1176.254881 -1176.269249 -1176.294859 -1176.341910 -1176.430850 -1176.603448 -1176.948224 -1177.666787 -1179.264335 -1183.098582 -1192.904559 -1219.858110 -9999.0 -9999.0
-9999.0 -9999.0 -9999.0 -9999.0 -9999.0 -9999.0 -9999.0 -9999.0 -9999.0 -9999.0 -9999.0 -9999.0 -9999.0 -9999.0 -9999.0 -9999.0 -9999.0 -9999.0 -9999.0 -9999.0 -9999.0 -9999.0 -9999.0 -9999.0 -9999.0 -9999.0 -9999.0 -9999.0 -9999.0 -9999.0 -9999.0 -9999.0 -9999.0 -9999.0 -9999.0 -9999.0 -9999.0 -9999.0 -9999.0 -9999.0 -9999.0 -9999.0 -9999.0 -9999.0 -9999.0 -9999.0 -9999.0 -9999.0 -9999.0 -9999.0 -9999.0 -9999.0 -9999.0 -9999.0 -9999.0 -9999.0 -9999.0 -9999.0 -9999.0 -9999.0 -9999.0 -9999.0 -9999.0 -9999.0 -9999.0 -9999.0 -9999.0 -9999.0 -9999.0 -9999.0 -9999.0 -9999.0 -9999.0 -9999.0 -9999.0 -9999.0 -9999.0 -9999.0 -9999.0 -9999.0 -9999.0 -9999.0 -9999.0 -9999.0 -9999.0 -9999.0 -9999.0 -9999.0 -9999.0 -9999.0 -9999.0 -9999.0 -9999.0 -9999.0 -9999.0 -9999.0 -9999.0 -9999.0 -9999.0 -9999.0 -9999.0 -9999.0 -9999.0 -9999.0
-9999.0 -9999.0 -9999.0 -9999.0 -9999.0 -9999.0 -9999.0 -9999.0 -9999.0 -9999.0 -9999.0 -9999.0 -9999.0 -9999.0 -9999.0 -9999.0 -9999.0 -9999.0 -9999.0 -9999.0 -9999.0 -9999.0 -9999.0 -9999.0 -9999.0 -9999.0 -9999.0 -9999.0 -9999.0 -9999.0 -9999.0 -9999.0 -9999.0 -9999.0 -9999.0 -9999.0 -9999.0 -9999.0 -9999.0 -9999.0 -9999.0 -9999.0 -9999.0 -9999.0 -9999.0 -9999.0 -9999.0 -9999.0 -9999.0 -9999.0 -9999.0 -9999.0 -9999.0 -9999.0 -9999.0 -9999.0 -9999.0 -9999.0 -9999.0 -9999.0 -9999.0 -9999.0 -9999.0 -9999.0 -9999.0 -9999.0 -9999.0 -9999.0 -9999.0 -9999.0 -9999.0 -9999.0 -9999.0 -9999.0 -9999.0 -9999.0 -9999.0 -9999.0 -9999.0 -9999.0 -9999.0 -9999.0 -9999.0 -9999.0 -9999.0 -9999.0 -9999.0 -9999.0 -9999.0 -9999.0 -9999.0 -9999.0 -9999.0 -9999.0 -9999.0 -9999.0 -9999.0 -9999.0 -9999.0 -9999.0 -9999.0 -9999.0 -9999.0 -9999.0