inst/processing_geotop_simulation/geotop_simulation/out/maps3D/PwL0012N0044.asc
ncols         104
nrows         10
xllcorner     -2.000000
yllcorner     0.000000
cellsize      1.000000
NODATA_value  -9999.0
-9999.0 -9999.0 -9999.0 -9999.0 -9999.0 -9999.0 -9999.0 -9999.0 -9999.0 -9999.0 -9999.0 -9999.0 -9999.0 -9999.0 -9999.0 -9999.0 -9999.0 -9999.0 -9999.0 -9999.0 -9999.0 -9999.0 -9999.0 -9999.0 -9999.0 -9999.0 -9999.0 -9999.0 -9999.0 -9999.0 -9999.0 -9999.0 -9999.0 -9999.0 -9999.0 -9999.0 -9999.0 -9999.0 -9999.0 -9999.0 -9999.0 -9999.0 -9999.0 -9999.0 -9999.0 -9999.0 -9999.0 -9999.0 -9999.0 -9999.0 -9999.0 -9999.0 -9999.0 -9999.0 -9999.0 -9999.0 -9999.0 -9999.0 -9999.0 -9999.0 -9999.0 -9999.0 -9999.0 -9999.0 -9999.0 -9999.0 -9999.0 -9999.0 -9999.0 -9999.0 -9999.0 -9999.0 -9999.0 -9999.0 -9999.0 -9999.0 -9999.0 -9999.0 -9999.0 -9999.0 -9999.0 -9999.0 -9999.0 -9999.0 -9999.0 -9999.0 -9999.0 -9999.0 -9999.0 -9999.0 -9999.0 -9999.0 -9999.0 -9999.0 -9999.0 -9999.0 -9999.0 -9999.0 -9999.0 -9999.0 -9999.0 -9999.0 -9999.0 -9999.0
-9999.0 -9999.0 -9999.0 -9999.0 -9999.0 -9999.0 -9999.0 -9999.0 -9999.0 -9999.0 -9999.0 -9999.0 -9999.0 -9999.0 -9999.0 -9999.0 -9999.0 -9999.0 -9999.0 -9999.0 -9999.0 -9999.0 -9999.0 -9999.0 -9999.0 -9999.0 -9999.0 -9999.0 -9999.0 -9999.0 -9999.0 -9999.0 -9999.0 -9999.0 -9999.0 -9999.0 -9999.0 -9999.0 -9999.0 -9999.0 -9999.0 -9999.0 -9999.0 -9999.0 -9999.0 -9999.0 -9999.0 -9999.0 -9999.0 -9999.0 -9999.0 -9999.0 -9999.0 -9999.0 -9999.0 -9999.0 -9999.0 -9999.0 -9999.0 -9999.0 -9999.0 -9999.0 -9999.0 -9999.0 -9999.0 -9999.0 -9999.0 -9999.0 -9999.0 -9999.0 -9999.0 -9999.0 -9999.0 -9999.0 -9999.0 -9999.0 -9999.0 -9999.0 -9999.0 -9999.0 -9999.0 -9999.0 -9999.0 -9999.0 -9999.0 -9999.0 -9999.0 -9999.0 -9999.0 -9999.0 -9999.0 -9999.0 -9999.0 -9999.0 -9999.0 -9999.0 -9999.0 -9999.0 -9999.0 -9999.0 -9999.0 -9999.0 -9999.0 -9999.0
-9999.0 -9999.0 -732.925839 -751.527580 -759.174033 -764.277947 -767.892961 -770.253013 -771.644054 -771.036475 -760.398502 -743.945156 -725.233311 -701.464518 -673.481943 -648.975689 -660.698298 -665.759368 -668.215080 -672.633425 -646.812683 -639.411720 -643.232957 -654.055456 -669.198430 -686.643078 -704.550102 -721.271305 -735.616584 -747.034923 -755.556009 -761.580162 -765.656004 -768.315612 -769.994620 -771.016373 -771.626648 -772.115676 -772.721964 -772.549733 -773.707094 -814.113592 -2389.305884 -4380.065031 -4381.188111 -4381.188119 -4381.188119 -4381.188119 -4381.188119 -4381.188119 -4381.188119 -4381.188119 -4381.188119 -4381.188119 -4381.188119 -4381.188119 -4381.188119 -4381.188119 -4381.188119 -4381.188103 -4379.404932 -2289.657053 -800.809540 -776.316602 -773.697403 -772.999260 -772.839897 -772.813337 -772.814712 -772.820868 -772.826768 -772.831474 -772.835044 -772.837741 -772.839805 -772.841410 -772.842687 -772.843715 -772.844565 -772.845304 -772.846007 -772.846765 -772.847692 -772.848955 -772.850798 -772.853606 -772.857990 -772.864944 -772.876117 -772.894316 -772.924468 -772.975532 -773.064392 -773.223884 -773.519201 -774.080772 -775.168471 -777.296259 -781.493042 -789.982867 -808.342545 -849.922940 -9999.0 -9999.0
-9999.0 -9999.0 -732.925757 -751.527484 -759.173963 -764.277916 -767.892953 -770.253013 -771.644055 -771.036476 -760.398503 -743.945156 -725.233311 -701.464518 -673.481943 -648.975689 -660.698298 -665.759368 -668.215080 -672.633425 -646.812683 -639.411720 -643.232957 -654.055456 -669.198430 -686.643078 -704.550102 -721.271305 -735.616584 -747.034923 -755.556009 -761.580162 -765.656004 -768.315612 -769.994620 -771.016373 -771.626648 -772.115676 -772.721964 -772.549733 -773.707094 -814.113592 -2389.305883 -4380.065031 -4381.188111 -4381.188119 -4381.188119 -4381.188119 -4381.188119 -4381.188119 -4381.188119 -4381.188119 -4381.188119 -4381.188119 -4381.188119 -4381.188119 -4381.188119 -4381.188119 -4381.188119 -4381.188103 -4379.404932 -2289.657053 -800.809540 -776.316602 -773.697403 -772.999260 -772.839897 -772.813337 -772.814712 -772.820868 -772.826768 -772.831474 -772.835044 -772.837741 -772.839805 -772.841410 -772.842687 -772.843715 -772.844565 -772.845304 -772.846007 -772.846765 -772.847692 -772.848955 -772.850798 -772.853606 -772.857990 -772.864944 -772.876117 -772.894316 -772.924468 -772.975532 -773.064392 -773.223884 -773.519201 -774.080772 -775.168471 -777.296259 -781.493042 -789.982867 -808.342545 -849.922940 -9999.0 -9999.0
-9999.0 -9999.0 -732.925719 -751.527431 -759.173917 -764.277893 -767.892946 -770.253013 -771.644057 -771.036478 -760.398503 -743.945156 -725.233311 -701.464518 -673.481943 -648.975689 -660.698298 -665.759368 -668.215080 -672.633425 -646.812683 -639.411720 -643.232957 -654.055456 -669.198430 -686.643078 -704.550102 -721.271305 -735.616584 -747.034923 -755.556009 -761.580162 -765.656004 -768.315612 -769.994620 -771.016373 -771.626648 -772.115676 -772.721964 -772.549733 -773.707094 -814.113592 -2389.305883 -4380.065031 -4381.188111 -4381.188119 -4381.188119 -4381.188119 -4381.188119 -4381.188119 -4381.188119 -4381.188119 -4381.188119 -4381.188119 -4381.188119 -4381.188119 -4381.188119 -4381.188119 -4381.188119 -4381.188103 -4379.404932 -2289.657053 -800.809540 -776.316602 -773.697403 -772.999260 -772.839897 -772.813337 -772.814712 -772.820868 -772.826768 -772.831474 -772.835044 -772.837741 -772.839805 -772.841410 -772.842687 -772.843715 -772.844565 -772.845304 -772.846007 -772.846765 -772.847692 -772.848955 -772.850798 -772.853606 -772.857990 -772.864944 -772.876117 -772.894316 -772.924468 -772.975532 -773.064392 -773.223884 -773.519201 -774.080772 -775.168471 -777.296259 -781.493042 -789.982867 -808.342545 -849.922940 -9999.0 -9999.0
-9999.0 -9999.0 -732.925719 -751.527431 -759.173917 -764.277893 -767.892946 -770.253013 -771.644057 -771.036478 -760.398503 -743.945156 -725.233311 -701.464518 -673.481943 -648.975689 -660.698298 -665.759368 -668.215080 -672.633425 -646.812683 -639.411720 -643.232957 -654.055456 -669.198430 -686.643078 -704.550102 -721.271305 -735.616584 -747.034923 -755.556009 -761.580162 -765.656004 -768.315612 -769.994620 -771.016373 -771.626648 -772.115676 -772.721964 -772.549733 -773.707094 -814.113592 -2389.305883 -4380.065031 -4381.188111 -4381.188119 -4381.188119 -4381.188119 -4381.188119 -4381.188119 -4381.188119 -4381.188119 -4381.188119 -4381.188119 -4381.188119 -4381.188119 -4381.188119 -4381.188119 -4381.188119 -4381.188103 -4379.404932 -2289.657053 -800.809540 -776.316602 -773.697403 -772.999260 -772.839897 -772.813337 -772.814712 -772.820868 -772.826768 -772.831474 -772.835044 -772.837741 -772.839805 -772.841410 -772.842687 -772.843715 -772.844565 -772.845304 -772.846007 -772.846765 -772.847692 -772.848955 -772.850798 -772.853606 -772.857990 -772.864944 -772.876117 -772.894316 -772.924468 -772.975532 -773.064392 -773.223884 -773.519201 -774.080772 -775.168471 -777.296259 -781.493042 -789.982867 -808.342545 -849.922940 -9999.0 -9999.0
-9999.0 -9999.0 -732.925757 -751.527484 -759.173963 -764.277916 -767.892953 -770.253013 -771.644055 -771.036476 -760.398503 -743.945156 -725.233311 -701.464518 -673.481943 -648.975689 -660.698298 -665.759368 -668.215080 -672.633425 -646.812683 -639.411720 -643.232957 -654.055456 -669.198430 -686.643078 -704.550102 -721.271305 -735.616584 -747.034923 -755.556009 -761.580162 -765.656004 -768.315612 -769.994620 -771.016373 -771.626648 -772.115676 -772.721964 -772.549733 -773.707094 -814.113592 -2389.305883 -4380.065031 -4381.188111 -4381.188119 -4381.188119 -4381.188119 -4381.188119 -4381.188119 -4381.188119 -4381.188119 -4381.188119 -4381.188119 -4381.188119 -4381.188119 -4381.188119 -4381.188119 -4381.188119 -4381.188103 -4379.404932 -2289.657053 -800.809540 -776.316602 -773.697403 -772.999260 -772.839897 -772.813337 -772.814712 -772.820868 -772.826768 -772.831474 -772.835044 -772.837741 -772.839805 -772.841410 -772.842687 -772.843715 -772.844565 -772.845304 -772.846007 -772.846765 -772.847692 -772.848955 -772.850798 -772.853606 -772.857990 -772.864944 -772.876117 -772.894316 -772.924468 -772.975532 -773.064392 -773.223884 -773.519201 -774.080772 -775.168471 -777.296259 -781.493042 -789.982867 -808.342545 -849.922940 -9999.0 -9999.0
-9999.0 -9999.0 -732.925839 -751.527580 -759.174033 -764.277947 -767.892961 -770.253013 -771.644054 -771.036475 -760.398502 -743.945156 -725.233311 -701.464518 -673.481943 -648.975689 -660.698298 -665.759368 -668.215080 -672.633425 -646.812683 -639.411720 -643.232957 -654.055456 -669.198430 -686.643078 -704.550102 -721.271305 -735.616584 -747.034923 -755.556009 -761.580162 -765.656004 -768.315612 -769.994620 -771.016373 -771.626648 -772.115676 -772.721964 -772.549733 -773.707094 -814.113592 -2389.305884 -4380.065031 -4381.188111 -4381.188119 -4381.188119 -4381.188119 -4381.188119 -4381.188119 -4381.188119 -4381.188119 -4381.188119 -4381.188119 -4381.188119 -4381.188119 -4381.188119 -4381.188119 -4381.188119 -4381.188103 -4379.404932 -2289.657053 -800.809540 -776.316602 -773.697403 -772.999260 -772.839897 -772.813337 -772.814712 -772.820868 -772.826768 -772.831474 -772.835044 -772.837741 -772.839805 -772.841410 -772.842687 -772.843715 -772.844565 -772.845304 -772.846007 -772.846765 -772.847692 -772.848955 -772.850798 -772.853606 -772.857990 -772.864944 -772.876117 -772.894316 -772.924468 -772.975532 -773.064392 -773.223884 -773.519201 -774.080772 -775.168471 -777.296259 -781.493042 -789.982867 -808.342545 -849.922940 -9999.0 -9999.0
-9999.0 -9999.0 -9999.0 -9999.0 -9999.0 -9999.0 -9999.0 -9999.0 -9999.0 -9999.0 -9999.0 -9999.0 -9999.0 -9999.0 -9999.0 -9999.0 -9999.0 -9999.0 -9999.0 -9999.0 -9999.0 -9999.0 -9999.0 -9999.0 -9999.0 -9999.0 -9999.0 -9999.0 -9999.0 -9999.0 -9999.0 -9999.0 -9999.0 -9999.0 -9999.0 -9999.0 -9999.0 -9999.0 -9999.0 -9999.0 -9999.0 -9999.0 -9999.0 -9999.0 -9999.0 -9999.0 -9999.0 -9999.0 -9999.0 -9999.0 -9999.0 -9999.0 -9999.0 -9999.0 -9999.0 -9999.0 -9999.0 -9999.0 -9999.0 -9999.0 -9999.0 -9999.0 -9999.0 -9999.0 -9999.0 -9999.0 -9999.0 -9999.0 -9999.0 -9999.0 -9999.0 -9999.0 -9999.0 -9999.0 -9999.0 -9999.0 -9999.0 -9999.0 -9999.0 -9999.0 -9999.0 -9999.0 -9999.0 -9999.0 -9999.0 -9999.0 -9999.0 -9999.0 -9999.0 -9999.0 -9999.0 -9999.0 -9999.0 -9999.0 -9999.0 -9999.0 -9999.0 -9999.0 -9999.0 -9999.0 -9999.0 -9999.0 -9999.0 -9999.0
-9999.0 -9999.0 -9999.0 -9999.0 -9999.0 -9999.0 -9999.0 -9999.0 -9999.0 -9999.0 -9999.0 -9999.0 -9999.0 -9999.0 -9999.0 -9999.0 -9999.0 -9999.0 -9999.0 -9999.0 -9999.0 -9999.0 -9999.0 -9999.0 -9999.0 -9999.0 -9999.0 -9999.0 -9999.0 -9999.0 -9999.0 -9999.0 -9999.0 -9999.0 -9999.0 -9999.0 -9999.0 -9999.0 -9999.0 -9999.0 -9999.0 -9999.0 -9999.0 -9999.0 -9999.0 -9999.0 -9999.0 -9999.0 -9999.0 -9999.0 -9999.0 -9999.0 -9999.0 -9999.0 -9999.0 -9999.0 -9999.0 -9999.0 -9999.0 -9999.0 -9999.0 -9999.0 -9999.0 -9999.0 -9999.0 -9999.0 -9999.0 -9999.0 -9999.0 -9999.0 -9999.0 -9999.0 -9999.0 -9999.0 -9999.0 -9999.0 -9999.0 -9999.0 -9999.0 -9999.0 -9999.0 -9999.0 -9999.0 -9999.0 -9999.0 -9999.0 -9999.0 -9999.0 -9999.0 -9999.0 -9999.0 -9999.0 -9999.0 -9999.0 -9999.0 -9999.0 -9999.0 -9999.0 -9999.0 -9999.0 -9999.0 -9999.0 -9999.0 -9999.0