inst/processing_geotop_simulation/geotop_simulation/out/maps3D/PwL0005N0183.asc
ncols         104
nrows         10
xllcorner     -2.000000
yllcorner     0.000000
cellsize      1.000000
NODATA_value  -9999.0
-9999.0 -9999.0 -9999.0 -9999.0 -9999.0 -9999.0 -9999.0 -9999.0 -9999.0 -9999.0 -9999.0 -9999.0 -9999.0 -9999.0 -9999.0 -9999.0 -9999.0 -9999.0 -9999.0 -9999.0 -9999.0 -9999.0 -9999.0 -9999.0 -9999.0 -9999.0 -9999.0 -9999.0 -9999.0 -9999.0 -9999.0 -9999.0 -9999.0 -9999.0 -9999.0 -9999.0 -9999.0 -9999.0 -9999.0 -9999.0 -9999.0 -9999.0 -9999.0 -9999.0 -9999.0 -9999.0 -9999.0 -9999.0 -9999.0 -9999.0 -9999.0 -9999.0 -9999.0 -9999.0 -9999.0 -9999.0 -9999.0 -9999.0 -9999.0 -9999.0 -9999.0 -9999.0 -9999.0 -9999.0 -9999.0 -9999.0 -9999.0 -9999.0 -9999.0 -9999.0 -9999.0 -9999.0 -9999.0 -9999.0 -9999.0 -9999.0 -9999.0 -9999.0 -9999.0 -9999.0 -9999.0 -9999.0 -9999.0 -9999.0 -9999.0 -9999.0 -9999.0 -9999.0 -9999.0 -9999.0 -9999.0 -9999.0 -9999.0 -9999.0 -9999.0 -9999.0 -9999.0 -9999.0 -9999.0 -9999.0 -9999.0 -9999.0 -9999.0 -9999.0
-9999.0 -9999.0 -9999.0 -9999.0 -9999.0 -9999.0 -9999.0 -9999.0 -9999.0 -9999.0 -9999.0 -9999.0 -9999.0 -9999.0 -9999.0 -9999.0 -9999.0 -9999.0 -9999.0 -9999.0 -9999.0 -9999.0 -9999.0 -9999.0 -9999.0 -9999.0 -9999.0 -9999.0 -9999.0 -9999.0 -9999.0 -9999.0 -9999.0 -9999.0 -9999.0 -9999.0 -9999.0 -9999.0 -9999.0 -9999.0 -9999.0 -9999.0 -9999.0 -9999.0 -9999.0 -9999.0 -9999.0 -9999.0 -9999.0 -9999.0 -9999.0 -9999.0 -9999.0 -9999.0 -9999.0 -9999.0 -9999.0 -9999.0 -9999.0 -9999.0 -9999.0 -9999.0 -9999.0 -9999.0 -9999.0 -9999.0 -9999.0 -9999.0 -9999.0 -9999.0 -9999.0 -9999.0 -9999.0 -9999.0 -9999.0 -9999.0 -9999.0 -9999.0 -9999.0 -9999.0 -9999.0 -9999.0 -9999.0 -9999.0 -9999.0 -9999.0 -9999.0 -9999.0 -9999.0 -9999.0 -9999.0 -9999.0 -9999.0 -9999.0 -9999.0 -9999.0 -9999.0 -9999.0 -9999.0 -9999.0 -9999.0 -9999.0 -9999.0 -9999.0
-9999.0 -9999.0 230.734788 139.339384 44.140196 -52.235875 -149.069287 -246.076985 -343.095885 -440.009333 -536.634891 -632.513727 -727.419681 -821.757434 -915.806894 -1010.127203 -1103.570344 -1195.083660 -1285.057504 -1368.731250 -1438.718347 -1492.272971 -1530.541694 -1556.688337 -1574.143596 -1585.722966 -1593.432464 -1598.596269 -1602.064973 -1604.390703 -1605.942128 -1606.970392 -1607.647695 -1608.091440 -1608.380969 -1608.571208 -1608.706933 -1608.848942 -1609.208342 -1610.968715 -1618.977457 -1627.298059 -1065.464898 -1080.319619 -1062.931703 -1052.015874 -1046.926355 -1046.210736 -1046.137297 -1046.146801 -1046.168531 -1046.191758 -1046.214061 -1046.234704 -1046.253780 -1046.275202 -1046.337047 -1046.755772 -1049.430805 -1055.468164 -1064.686320 -1037.909582 -1604.176935 -1614.065404 -1610.045298 -1609.171718 -1609.033109 -1609.011748 -1609.009128 -1609.009702 -1609.010683 -1609.011542 -1609.012210 -1609.012719 -1609.013107 -1609.013408 -1609.013646 -1609.013837 -1609.013997 -1609.014139 -1609.014277 -1609.014431 -1609.014624 -1609.014892 -1609.015288 -1609.015898 -1609.016857 -1609.018391 -1609.020881 -1609.024993 -1609.031929 -1609.043929 -1609.065306 -1609.104541 -1609.178554 -1609.321508 -1609.603979 -1610.179197 -1611.407436 -1614.218959 -1621.347340 -1643.213125 -9999.0 -9999.0
-9999.0 -9999.0 230.744698 139.341547 44.140754 -52.235712 -149.069235 -246.076968 -343.095879 -440.009331 -536.634890 -632.513726 -727.419681 -821.757434 -915.806894 -1010.127203 -1103.570344 -1195.083660 -1285.057505 -1368.731250 -1438.718347 -1492.272971 -1530.541694 -1556.688337 -1574.143596 -1585.722966 -1593.432464 -1598.596269 -1602.064973 -1604.390703 -1605.942128 -1606.970392 -1607.647695 -1608.091440 -1608.380969 -1608.571208 -1608.706933 -1608.848942 -1609.208342 -1610.968715 -1618.977457 -1627.298059 -1065.464898 -1080.319619 -1062.931703 -1052.015873 -1046.926355 -1046.210736 -1046.137297 -1046.146801 -1046.168531 -1046.191758 -1046.214061 -1046.234704 -1046.253780 -1046.275202 -1046.337047 -1046.755772 -1049.430805 -1055.468164 -1064.686320 -1037.909582 -1604.176935 -1614.065404 -1610.045298 -1609.171718 -1609.033109 -1609.011748 -1609.009128 -1609.009702 -1609.010683 -1609.011542 -1609.012210 -1609.012719 -1609.013107 -1609.013408 -1609.013646 -1609.013837 -1609.013997 -1609.014139 -1609.014277 -1609.014431 -1609.014624 -1609.014892 -1609.015288 -1609.015898 -1609.016857 -1609.018391 -1609.020881 -1609.024993 -1609.031929 -1609.043929 -1609.065306 -1609.104541 -1609.178554 -1609.321508 -1609.603979 -1610.179197 -1611.407436 -1614.218959 -1621.347340 -1643.213125 -9999.0 -9999.0
-9999.0 -9999.0 230.746255 139.342436 44.141107 -52.235584 -149.069190 -246.076952 -343.095873 -440.009329 -536.634889 -632.513726 -727.419681 -821.757434 -915.806894 -1010.127203 -1103.570344 -1195.083660 -1285.057505 -1368.731251 -1438.718347 -1492.272971 -1530.541695 -1556.688337 -1574.143596 -1585.722966 -1593.432464 -1598.596269 -1602.064973 -1604.390703 -1605.942128 -1606.970392 -1607.647695 -1608.091440 -1608.380969 -1608.571208 -1608.706933 -1608.848942 -1609.208342 -1610.968715 -1618.977457 -1627.298059 -1065.464898 -1080.319619 -1062.931703 -1052.015873 -1046.926355 -1046.210736 -1046.137297 -1046.146801 -1046.168531 -1046.191758 -1046.214061 -1046.234704 -1046.253780 -1046.275202 -1046.337047 -1046.755772 -1049.430805 -1055.468164 -1064.686320 -1037.909582 -1604.176935 -1614.065404 -1610.045298 -1609.171718 -1609.033109 -1609.011748 -1609.009128 -1609.009702 -1609.010683 -1609.011542 -1609.012210 -1609.012719 -1609.013107 -1609.013408 -1609.013646 -1609.013837 -1609.013997 -1609.014139 -1609.014277 -1609.014431 -1609.014624 -1609.014892 -1609.015288 -1609.015898 -1609.016857 -1609.018391 -1609.020881 -1609.024993 -1609.031929 -1609.043929 -1609.065306 -1609.104541 -1609.178554 -1609.321508 -1609.603979 -1610.179197 -1611.407436 -1614.218959 -1621.347340 -1643.213125 -9999.0 -9999.0
-9999.0 -9999.0 230.746255 139.342436 44.141107 -52.235584 -149.069190 -246.076952 -343.095873 -440.009329 -536.634889 -632.513726 -727.419681 -821.757434 -915.806894 -1010.127203 -1103.570344 -1195.083660 -1285.057505 -1368.731251 -1438.718347 -1492.272971 -1530.541695 -1556.688337 -1574.143596 -1585.722966 -1593.432464 -1598.596269 -1602.064973 -1604.390703 -1605.942128 -1606.970392 -1607.647695 -1608.091440 -1608.380969 -1608.571208 -1608.706933 -1608.848942 -1609.208342 -1610.968715 -1618.977457 -1627.298059 -1065.464898 -1080.319619 -1062.931703 -1052.015873 -1046.926355 -1046.210736 -1046.137297 -1046.146801 -1046.168531 -1046.191758 -1046.214061 -1046.234704 -1046.253780 -1046.275202 -1046.337047 -1046.755772 -1049.430805 -1055.468164 -1064.686320 -1037.909582 -1604.176935 -1614.065404 -1610.045298 -1609.171718 -1609.033109 -1609.011748 -1609.009128 -1609.009702 -1609.010683 -1609.011542 -1609.012210 -1609.012719 -1609.013107 -1609.013408 -1609.013646 -1609.013837 -1609.013997 -1609.014139 -1609.014277 -1609.014431 -1609.014624 -1609.014892 -1609.015288 -1609.015898 -1609.016857 -1609.018391 -1609.020881 -1609.024993 -1609.031929 -1609.043929 -1609.065306 -1609.104541 -1609.178554 -1609.321508 -1609.603979 -1610.179197 -1611.407436 -1614.218959 -1621.347340 -1643.213125 -9999.0 -9999.0
-9999.0 -9999.0 230.744698 139.341547 44.140754 -52.235712 -149.069235 -246.076968 -343.095879 -440.009331 -536.634890 -632.513726 -727.419681 -821.757434 -915.806894 -1010.127203 -1103.570344 -1195.083660 -1285.057505 -1368.731250 -1438.718347 -1492.272971 -1530.541694 -1556.688337 -1574.143596 -1585.722966 -1593.432464 -1598.596269 -1602.064973 -1604.390703 -1605.942128 -1606.970392 -1607.647695 -1608.091440 -1608.380969 -1608.571208 -1608.706933 -1608.848942 -1609.208342 -1610.968715 -1618.977457 -1627.298059 -1065.464898 -1080.319619 -1062.931703 -1052.015873 -1046.926355 -1046.210736 -1046.137297 -1046.146801 -1046.168531 -1046.191758 -1046.214061 -1046.234704 -1046.253780 -1046.275202 -1046.337047 -1046.755772 -1049.430805 -1055.468164 -1064.686320 -1037.909582 -1604.176935 -1614.065404 -1610.045298 -1609.171718 -1609.033109 -1609.011748 -1609.009128 -1609.009702 -1609.010683 -1609.011542 -1609.012210 -1609.012719 -1609.013107 -1609.013408 -1609.013646 -1609.013837 -1609.013997 -1609.014139 -1609.014277 -1609.014431 -1609.014624 -1609.014892 -1609.015288 -1609.015898 -1609.016857 -1609.018391 -1609.020881 -1609.024993 -1609.031929 -1609.043929 -1609.065306 -1609.104541 -1609.178554 -1609.321508 -1609.603979 -1610.179197 -1611.407436 -1614.218959 -1621.347340 -1643.213125 -9999.0 -9999.0
-9999.0 -9999.0 230.734788 139.339384 44.140195 -52.235875 -149.069287 -246.076985 -343.095885 -440.009333 -536.634891 -632.513727 -727.419682 -821.757434 -915.806894 -1010.127203 -1103.570344 -1195.083660 -1285.057504 -1368.731250 -1438.718347 -1492.272971 -1530.541694 -1556.688337 -1574.143596 -1585.722966 -1593.432464 -1598.596269 -1602.064973 -1604.390703 -1605.942128 -1606.970392 -1607.647695 -1608.091440 -1608.380969 -1608.571208 -1608.706933 -1608.848942 -1609.208342 -1610.968715 -1618.977457 -1627.298059 -1065.464898 -1080.319619 -1062.931703 -1052.015874 -1046.926355 -1046.210736 -1046.137297 -1046.146801 -1046.168531 -1046.191758 -1046.214061 -1046.234704 -1046.253780 -1046.275202 -1046.337047 -1046.755772 -1049.430805 -1055.468164 -1064.686320 -1037.909582 -1604.176935 -1614.065404 -1610.045298 -1609.171718 -1609.033109 -1609.011748 -1609.009128 -1609.009702 -1609.010683 -1609.011542 -1609.012210 -1609.012719 -1609.013107 -1609.013408 -1609.013646 -1609.013837 -1609.013997 -1609.014139 -1609.014277 -1609.014431 -1609.014624 -1609.014892 -1609.015288 -1609.015898 -1609.016857 -1609.018391 -1609.020881 -1609.024993 -1609.031929 -1609.043929 -1609.065306 -1609.104541 -1609.178554 -1609.321508 -1609.603979 -1610.179197 -1611.407436 -1614.218959 -1621.347340 -1643.213125 -9999.0 -9999.0
-9999.0 -9999.0 -9999.0 -9999.0 -9999.0 -9999.0 -9999.0 -9999.0 -9999.0 -9999.0 -9999.0 -9999.0 -9999.0 -9999.0 -9999.0 -9999.0 -9999.0 -9999.0 -9999.0 -9999.0 -9999.0 -9999.0 -9999.0 -9999.0 -9999.0 -9999.0 -9999.0 -9999.0 -9999.0 -9999.0 -9999.0 -9999.0 -9999.0 -9999.0 -9999.0 -9999.0 -9999.0 -9999.0 -9999.0 -9999.0 -9999.0 -9999.0 -9999.0 -9999.0 -9999.0 -9999.0 -9999.0 -9999.0 -9999.0 -9999.0 -9999.0 -9999.0 -9999.0 -9999.0 -9999.0 -9999.0 -9999.0 -9999.0 -9999.0 -9999.0 -9999.0 -9999.0 -9999.0 -9999.0 -9999.0 -9999.0 -9999.0 -9999.0 -9999.0 -9999.0 -9999.0 -9999.0 -9999.0 -9999.0 -9999.0 -9999.0 -9999.0 -9999.0 -9999.0 -9999.0 -9999.0 -9999.0 -9999.0 -9999.0 -9999.0 -9999.0 -9999.0 -9999.0 -9999.0 -9999.0 -9999.0 -9999.0 -9999.0 -9999.0 -9999.0 -9999.0 -9999.0 -9999.0 -9999.0 -9999.0 -9999.0 -9999.0 -9999.0 -9999.0
-9999.0 -9999.0 -9999.0 -9999.0 -9999.0 -9999.0 -9999.0 -9999.0 -9999.0 -9999.0 -9999.0 -9999.0 -9999.0 -9999.0 -9999.0 -9999.0 -9999.0 -9999.0 -9999.0 -9999.0 -9999.0 -9999.0 -9999.0 -9999.0 -9999.0 -9999.0 -9999.0 -9999.0 -9999.0 -9999.0 -9999.0 -9999.0 -9999.0 -9999.0 -9999.0 -9999.0 -9999.0 -9999.0 -9999.0 -9999.0 -9999.0 -9999.0 -9999.0 -9999.0 -9999.0 -9999.0 -9999.0 -9999.0 -9999.0 -9999.0 -9999.0 -9999.0 -9999.0 -9999.0 -9999.0 -9999.0 -9999.0 -9999.0 -9999.0 -9999.0 -9999.0 -9999.0 -9999.0 -9999.0 -9999.0 -9999.0 -9999.0 -9999.0 -9999.0 -9999.0 -9999.0 -9999.0 -9999.0 -9999.0 -9999.0 -9999.0 -9999.0 -9999.0 -9999.0 -9999.0 -9999.0 -9999.0 -9999.0 -9999.0 -9999.0 -9999.0 -9999.0 -9999.0 -9999.0 -9999.0 -9999.0 -9999.0 -9999.0 -9999.0 -9999.0 -9999.0 -9999.0 -9999.0 -9999.0 -9999.0 -9999.0 -9999.0 -9999.0 -9999.0