inst/processing_geotop_simulation/geotop_simulation/out/maps3D/PwL0003N0123.asc
ncols         104
nrows         10
xllcorner     -2.000000
yllcorner     0.000000
cellsize      1.000000
NODATA_value  -9999.0
-9999.0 -9999.0 -9999.0 -9999.0 -9999.0 -9999.0 -9999.0 -9999.0 -9999.0 -9999.0 -9999.0 -9999.0 -9999.0 -9999.0 -9999.0 -9999.0 -9999.0 -9999.0 -9999.0 -9999.0 -9999.0 -9999.0 -9999.0 -9999.0 -9999.0 -9999.0 -9999.0 -9999.0 -9999.0 -9999.0 -9999.0 -9999.0 -9999.0 -9999.0 -9999.0 -9999.0 -9999.0 -9999.0 -9999.0 -9999.0 -9999.0 -9999.0 -9999.0 -9999.0 -9999.0 -9999.0 -9999.0 -9999.0 -9999.0 -9999.0 -9999.0 -9999.0 -9999.0 -9999.0 -9999.0 -9999.0 -9999.0 -9999.0 -9999.0 -9999.0 -9999.0 -9999.0 -9999.0 -9999.0 -9999.0 -9999.0 -9999.0 -9999.0 -9999.0 -9999.0 -9999.0 -9999.0 -9999.0 -9999.0 -9999.0 -9999.0 -9999.0 -9999.0 -9999.0 -9999.0 -9999.0 -9999.0 -9999.0 -9999.0 -9999.0 -9999.0 -9999.0 -9999.0 -9999.0 -9999.0 -9999.0 -9999.0 -9999.0 -9999.0 -9999.0 -9999.0 -9999.0 -9999.0 -9999.0 -9999.0 -9999.0 -9999.0 -9999.0 -9999.0
-9999.0 -9999.0 -9999.0 -9999.0 -9999.0 -9999.0 -9999.0 -9999.0 -9999.0 -9999.0 -9999.0 -9999.0 -9999.0 -9999.0 -9999.0 -9999.0 -9999.0 -9999.0 -9999.0 -9999.0 -9999.0 -9999.0 -9999.0 -9999.0 -9999.0 -9999.0 -9999.0 -9999.0 -9999.0 -9999.0 -9999.0 -9999.0 -9999.0 -9999.0 -9999.0 -9999.0 -9999.0 -9999.0 -9999.0 -9999.0 -9999.0 -9999.0 -9999.0 -9999.0 -9999.0 -9999.0 -9999.0 -9999.0 -9999.0 -9999.0 -9999.0 -9999.0 -9999.0 -9999.0 -9999.0 -9999.0 -9999.0 -9999.0 -9999.0 -9999.0 -9999.0 -9999.0 -9999.0 -9999.0 -9999.0 -9999.0 -9999.0 -9999.0 -9999.0 -9999.0 -9999.0 -9999.0 -9999.0 -9999.0 -9999.0 -9999.0 -9999.0 -9999.0 -9999.0 -9999.0 -9999.0 -9999.0 -9999.0 -9999.0 -9999.0 -9999.0 -9999.0 -9999.0 -9999.0 -9999.0 -9999.0 -9999.0 -9999.0 -9999.0 -9999.0 -9999.0 -9999.0 -9999.0 -9999.0 -9999.0 -9999.0 -9999.0 -9999.0 -9999.0
-9999.0 -9999.0 135.785723 52.473024 -38.992812 -132.622267 -227.070596 -321.831692 -416.642697 -511.341905 -605.769062 -700.104723 -795.971470 -896.406304 -997.988593 -1094.869795 -1197.258738 -1300.296695 -1383.980685 -1434.599774 -1459.619834 -1471.261196 -1476.359424 -1478.782729 -1480.420165 -1482.016295 -1483.724219 -1485.446979 -1487.038647 -1488.398219 -1489.488934 -1490.322284 -1490.935324 -1491.372698 -1491.676498 -1491.883760 -1492.032472 -1492.173794 -1492.412537 -1493.494814 -1500.302127 -1518.351654 -970.551602 -970.160847 -956.731939 -948.401231 -944.506941 -943.964275 -943.909771 -943.919687 -943.939562 -943.960680 -943.980947 -943.999698 -944.016954 -944.035628 -944.084499 -944.406022 -946.469783 -951.161334 -958.740014 -949.920256 -1499.282509 -1497.054750 -1493.143656 -1492.505435 -1492.405135 -1492.388312 -1492.386798 -1492.388117 -1492.389679 -1492.390978 -1492.391974 -1492.392727 -1492.393300 -1492.393744 -1492.394095 -1492.394377 -1492.394610 -1492.394816 -1492.395015 -1492.395233 -1492.395506 -1492.395883 -1492.396438 -1492.397290 -1492.398627 -1492.400759 -1492.404207 -1492.409871 -1492.419362 -1492.435656 -1492.464439 -1492.516845 -1492.614983 -1492.803030 -1493.169898 -1493.899345 -1495.396142 -1498.640051 -1506.298046 -1527.885453 -9999.0 -9999.0
-9999.0 -9999.0 135.797815 52.475386 -38.992217 -132.622093 -227.070542 -321.831674 -416.642691 -511.341903 -605.769061 -700.104723 -795.971470 -896.406304 -997.988593 -1094.869795 -1197.258738 -1300.296695 -1383.980686 -1434.599774 -1459.619834 -1471.261196 -1476.359424 -1478.782729 -1480.420165 -1482.016295 -1483.724219 -1485.446979 -1487.038647 -1488.398219 -1489.488934 -1490.322284 -1490.935324 -1491.372698 -1491.676498 -1491.883760 -1492.032472 -1492.173794 -1492.412537 -1493.494814 -1500.302127 -1518.351654 -970.551602 -970.160847 -956.731939 -948.401231 -944.506941 -943.964275 -943.909771 -943.919687 -943.939562 -943.960680 -943.980947 -943.999698 -944.016954 -944.035628 -944.084499 -944.406022 -946.469783 -951.161334 -958.740014 -949.920256 -1499.282509 -1497.054750 -1493.143656 -1492.505435 -1492.405135 -1492.388312 -1492.386798 -1492.388117 -1492.389679 -1492.390978 -1492.391974 -1492.392727 -1492.393300 -1492.393744 -1492.394095 -1492.394377 -1492.394610 -1492.394816 -1492.395015 -1492.395233 -1492.395506 -1492.395883 -1492.396438 -1492.397290 -1492.398627 -1492.400759 -1492.404207 -1492.409871 -1492.419362 -1492.435656 -1492.464439 -1492.516845 -1492.614983 -1492.803030 -1493.169898 -1493.899345 -1495.396142 -1498.640051 -1506.298046 -1527.885453 -9999.0 -9999.0
-9999.0 -9999.0 135.799324 52.476330 -38.991842 -132.621958 -227.070494 -321.831657 -416.642685 -511.341901 -605.769060 -700.104722 -795.971470 -896.406304 -997.988593 -1094.869795 -1197.258738 -1300.296696 -1383.980686 -1434.599774 -1459.619834 -1471.261196 -1476.359424 -1478.782729 -1480.420165 -1482.016295 -1483.724219 -1485.446979 -1487.038647 -1488.398219 -1489.488934 -1490.322284 -1490.935324 -1491.372698 -1491.676498 -1491.883760 -1492.032472 -1492.173794 -1492.412537 -1493.494814 -1500.302127 -1518.351654 -970.551602 -970.160847 -956.731939 -948.401231 -944.506941 -943.964275 -943.909771 -943.919687 -943.939562 -943.960680 -943.980947 -943.999698 -944.016954 -944.035628 -944.084499 -944.406022 -946.469783 -951.161334 -958.740014 -949.920256 -1499.282509 -1497.054750 -1493.143656 -1492.505435 -1492.405135 -1492.388312 -1492.386798 -1492.388117 -1492.389679 -1492.390978 -1492.391974 -1492.392727 -1492.393300 -1492.393744 -1492.394095 -1492.394377 -1492.394610 -1492.394816 -1492.395015 -1492.395233 -1492.395506 -1492.395883 -1492.396438 -1492.397290 -1492.398627 -1492.400759 -1492.404207 -1492.409871 -1492.419362 -1492.435656 -1492.464439 -1492.516845 -1492.614983 -1492.803030 -1493.169898 -1493.899345 -1495.396142 -1498.640051 -1506.298046 -1527.885453 -9999.0 -9999.0
-9999.0 -9999.0 135.799324 52.476330 -38.991842 -132.621958 -227.070494 -321.831657 -416.642685 -511.341901 -605.769060 -700.104722 -795.971470 -896.406304 -997.988593 -1094.869795 -1197.258738 -1300.296696 -1383.980686 -1434.599774 -1459.619834 -1471.261196 -1476.359424 -1478.782729 -1480.420165 -1482.016295 -1483.724219 -1485.446979 -1487.038647 -1488.398219 -1489.488934 -1490.322284 -1490.935324 -1491.372698 -1491.676498 -1491.883760 -1492.032472 -1492.173794 -1492.412537 -1493.494814 -1500.302127 -1518.351654 -970.551602 -970.160847 -956.731939 -948.401231 -944.506941 -943.964275 -943.909771 -943.919687 -943.939562 -943.960680 -943.980947 -943.999698 -944.016954 -944.035628 -944.084499 -944.406022 -946.469783 -951.161334 -958.740014 -949.920256 -1499.282509 -1497.054750 -1493.143656 -1492.505435 -1492.405135 -1492.388312 -1492.386798 -1492.388117 -1492.389679 -1492.390978 -1492.391974 -1492.392727 -1492.393300 -1492.393744 -1492.394095 -1492.394377 -1492.394610 -1492.394816 -1492.395015 -1492.395233 -1492.395506 -1492.395883 -1492.396438 -1492.397290 -1492.398627 -1492.400759 -1492.404207 -1492.409871 -1492.419362 -1492.435656 -1492.464439 -1492.516845 -1492.614983 -1492.803030 -1493.169898 -1493.899345 -1495.396142 -1498.640051 -1506.298046 -1527.885453 -9999.0 -9999.0
-9999.0 -9999.0 135.797815 52.475386 -38.992217 -132.622094 -227.070542 -321.831674 -416.642691 -511.341903 -605.769061 -700.104723 -795.971470 -896.406304 -997.988593 -1094.869795 -1197.258738 -1300.296695 -1383.980686 -1434.599774 -1459.619834 -1471.261196 -1476.359424 -1478.782729 -1480.420165 -1482.016295 -1483.724219 -1485.446979 -1487.038647 -1488.398219 -1489.488934 -1490.322284 -1490.935324 -1491.372698 -1491.676498 -1491.883760 -1492.032472 -1492.173794 -1492.412537 -1493.494814 -1500.302127 -1518.351654 -970.551602 -970.160847 -956.731939 -948.401231 -944.506941 -943.964275 -943.909771 -943.919687 -943.939562 -943.960680 -943.980947 -943.999698 -944.016954 -944.035628 -944.084499 -944.406022 -946.469783 -951.161334 -958.740014 -949.920256 -1499.282509 -1497.054750 -1493.143656 -1492.505435 -1492.405135 -1492.388312 -1492.386798 -1492.388117 -1492.389679 -1492.390978 -1492.391974 -1492.392727 -1492.393300 -1492.393744 -1492.394095 -1492.394377 -1492.394610 -1492.394816 -1492.395015 -1492.395233 -1492.395506 -1492.395883 -1492.396438 -1492.397290 -1492.398627 -1492.400759 -1492.404207 -1492.409871 -1492.419362 -1492.435656 -1492.464439 -1492.516845 -1492.614983 -1492.803030 -1493.169898 -1493.899345 -1495.396142 -1498.640051 -1506.298046 -1527.885453 -9999.0 -9999.0
-9999.0 -9999.0 135.785723 52.473024 -38.992812 -132.622267 -227.070596 -321.831692 -416.642698 -511.341905 -605.769062 -700.104723 -795.971470 -896.406304 -997.988593 -1094.869795 -1197.258738 -1300.296695 -1383.980685 -1434.599774 -1459.619834 -1471.261196 -1476.359424 -1478.782729 -1480.420165 -1482.016295 -1483.724219 -1485.446979 -1487.038647 -1488.398219 -1489.488934 -1490.322284 -1490.935324 -1491.372698 -1491.676498 -1491.883760 -1492.032472 -1492.173794 -1492.412537 -1493.494814 -1500.302127 -1518.351654 -970.551602 -970.160847 -956.731939 -948.401231 -944.506941 -943.964275 -943.909771 -943.919687 -943.939562 -943.960680 -943.980947 -943.999698 -944.016954 -944.035628 -944.084499 -944.406022 -946.469783 -951.161334 -958.740014 -949.920256 -1499.282509 -1497.054750 -1493.143656 -1492.505435 -1492.405135 -1492.388312 -1492.386798 -1492.388117 -1492.389679 -1492.390978 -1492.391974 -1492.392727 -1492.393300 -1492.393744 -1492.394095 -1492.394377 -1492.394610 -1492.394816 -1492.395015 -1492.395233 -1492.395506 -1492.395883 -1492.396438 -1492.397290 -1492.398627 -1492.400759 -1492.404207 -1492.409871 -1492.419362 -1492.435656 -1492.464439 -1492.516845 -1492.614983 -1492.803030 -1493.169898 -1493.899345 -1495.396142 -1498.640051 -1506.298046 -1527.885453 -9999.0 -9999.0
-9999.0 -9999.0 -9999.0 -9999.0 -9999.0 -9999.0 -9999.0 -9999.0 -9999.0 -9999.0 -9999.0 -9999.0 -9999.0 -9999.0 -9999.0 -9999.0 -9999.0 -9999.0 -9999.0 -9999.0 -9999.0 -9999.0 -9999.0 -9999.0 -9999.0 -9999.0 -9999.0 -9999.0 -9999.0 -9999.0 -9999.0 -9999.0 -9999.0 -9999.0 -9999.0 -9999.0 -9999.0 -9999.0 -9999.0 -9999.0 -9999.0 -9999.0 -9999.0 -9999.0 -9999.0 -9999.0 -9999.0 -9999.0 -9999.0 -9999.0 -9999.0 -9999.0 -9999.0 -9999.0 -9999.0 -9999.0 -9999.0 -9999.0 -9999.0 -9999.0 -9999.0 -9999.0 -9999.0 -9999.0 -9999.0 -9999.0 -9999.0 -9999.0 -9999.0 -9999.0 -9999.0 -9999.0 -9999.0 -9999.0 -9999.0 -9999.0 -9999.0 -9999.0 -9999.0 -9999.0 -9999.0 -9999.0 -9999.0 -9999.0 -9999.0 -9999.0 -9999.0 -9999.0 -9999.0 -9999.0 -9999.0 -9999.0 -9999.0 -9999.0 -9999.0 -9999.0 -9999.0 -9999.0 -9999.0 -9999.0 -9999.0 -9999.0 -9999.0 -9999.0
-9999.0 -9999.0 -9999.0 -9999.0 -9999.0 -9999.0 -9999.0 -9999.0 -9999.0 -9999.0 -9999.0 -9999.0 -9999.0 -9999.0 -9999.0 -9999.0 -9999.0 -9999.0 -9999.0 -9999.0 -9999.0 -9999.0 -9999.0 -9999.0 -9999.0 -9999.0 -9999.0 -9999.0 -9999.0 -9999.0 -9999.0 -9999.0 -9999.0 -9999.0 -9999.0 -9999.0 -9999.0 -9999.0 -9999.0 -9999.0 -9999.0 -9999.0 -9999.0 -9999.0 -9999.0 -9999.0 -9999.0 -9999.0 -9999.0 -9999.0 -9999.0 -9999.0 -9999.0 -9999.0 -9999.0 -9999.0 -9999.0 -9999.0 -9999.0 -9999.0 -9999.0 -9999.0 -9999.0 -9999.0 -9999.0 -9999.0 -9999.0 -9999.0 -9999.0 -9999.0 -9999.0 -9999.0 -9999.0 -9999.0 -9999.0 -9999.0 -9999.0 -9999.0 -9999.0 -9999.0 -9999.0 -9999.0 -9999.0 -9999.0 -9999.0 -9999.0 -9999.0 -9999.0 -9999.0 -9999.0 -9999.0 -9999.0 -9999.0 -9999.0 -9999.0 -9999.0 -9999.0 -9999.0 -9999.0 -9999.0 -9999.0 -9999.0 -9999.0 -9999.0