inst/processing_geotop_simulation/geotop_simulation/out/maps3D/PwL0002N0377.asc
ncols         104
nrows         10
xllcorner     -2.000000
yllcorner     0.000000
cellsize      1.000000
NODATA_value  -9999.0
-9999.0 -9999.0 -9999.0 -9999.0 -9999.0 -9999.0 -9999.0 -9999.0 -9999.0 -9999.0 -9999.0 -9999.0 -9999.0 -9999.0 -9999.0 -9999.0 -9999.0 -9999.0 -9999.0 -9999.0 -9999.0 -9999.0 -9999.0 -9999.0 -9999.0 -9999.0 -9999.0 -9999.0 -9999.0 -9999.0 -9999.0 -9999.0 -9999.0 -9999.0 -9999.0 -9999.0 -9999.0 -9999.0 -9999.0 -9999.0 -9999.0 -9999.0 -9999.0 -9999.0 -9999.0 -9999.0 -9999.0 -9999.0 -9999.0 -9999.0 -9999.0 -9999.0 -9999.0 -9999.0 -9999.0 -9999.0 -9999.0 -9999.0 -9999.0 -9999.0 -9999.0 -9999.0 -9999.0 -9999.0 -9999.0 -9999.0 -9999.0 -9999.0 -9999.0 -9999.0 -9999.0 -9999.0 -9999.0 -9999.0 -9999.0 -9999.0 -9999.0 -9999.0 -9999.0 -9999.0 -9999.0 -9999.0 -9999.0 -9999.0 -9999.0 -9999.0 -9999.0 -9999.0 -9999.0 -9999.0 -9999.0 -9999.0 -9999.0 -9999.0 -9999.0 -9999.0 -9999.0 -9999.0 -9999.0 -9999.0 -9999.0 -9999.0 -9999.0 -9999.0
-9999.0 -9999.0 -9999.0 -9999.0 -9999.0 -9999.0 -9999.0 -9999.0 -9999.0 -9999.0 -9999.0 -9999.0 -9999.0 -9999.0 -9999.0 -9999.0 -9999.0 -9999.0 -9999.0 -9999.0 -9999.0 -9999.0 -9999.0 -9999.0 -9999.0 -9999.0 -9999.0 -9999.0 -9999.0 -9999.0 -9999.0 -9999.0 -9999.0 -9999.0 -9999.0 -9999.0 -9999.0 -9999.0 -9999.0 -9999.0 -9999.0 -9999.0 -9999.0 -9999.0 -9999.0 -9999.0 -9999.0 -9999.0 -9999.0 -9999.0 -9999.0 -9999.0 -9999.0 -9999.0 -9999.0 -9999.0 -9999.0 -9999.0 -9999.0 -9999.0 -9999.0 -9999.0 -9999.0 -9999.0 -9999.0 -9999.0 -9999.0 -9999.0 -9999.0 -9999.0 -9999.0 -9999.0 -9999.0 -9999.0 -9999.0 -9999.0 -9999.0 -9999.0 -9999.0 -9999.0 -9999.0 -9999.0 -9999.0 -9999.0 -9999.0 -9999.0 -9999.0 -9999.0 -9999.0 -9999.0 -9999.0 -9999.0 -9999.0 -9999.0 -9999.0 -9999.0 -9999.0 -9999.0 -9999.0 -9999.0 -9999.0 -9999.0 -9999.0 -9999.0
-9999.0 -9999.0 75.903225 -21.417315 -120.130757 -219.177399 -318.346133 -417.558243 -516.773293 -615.961654 -715.065465 -814.060396 -912.912066 -1011.575477 -1110.189462 -1208.716190 -1306.816023 -1404.203387 -1500.360740 -1594.350796 -1684.440111 -1767.762206 -1841.006418 -1901.896009 -1950.013988 -1986.520719 -2013.380194 -2032.696754 -2046.350836 -2055.871915 -2062.438255 -2066.926281 -2069.971657 -2072.026484 -2073.407736 -2074.337512 -2074.982268 -2075.523797 -2076.382121 -2078.667500 -2080.806394 -2022.427848 -1238.154612 -1236.059923 -1225.683234 -1218.854901 -1215.642260 -1215.138716 -1215.083879 -1215.088813 -1215.102390 -1215.117033 -1215.131114 -1215.144160 -1215.156307 -1215.170774 -1215.217308 -1215.523171 -1217.250004 -1221.060881 -1226.203130 -1220.793088 -1998.548779 -2074.890654 -2077.222406 -2076.526989 -2076.319238 -2076.279541 -2076.273298 -2076.272803 -2076.273195 -2076.273642 -2076.274011 -2076.274298 -2076.274520 -2076.274695 -2076.274835 -2076.274950 -2076.275048 -2076.275137 -2076.275226 -2076.275325 -2076.275448 -2076.275618 -2076.275867 -2076.276246 -2076.276839 -2076.277789 -2076.279337 -2076.281914 -2076.286312 -2076.294028 -2076.307984 -2076.333994 -2076.383883 -2076.482443 -2076.684290 -2077.118589 -2078.117807 -2080.629657 -2087.755247 -2111.485804 -9999.0 -9999.0
-9999.0 -9999.0 75.913847 -21.415416 -120.130283 -219.177261 -318.346089 -417.558228 -516.773287 -615.961652 -715.065464 -814.060396 -912.912066 -1011.575477 -1110.189462 -1208.716190 -1306.816024 -1404.203387 -1500.360740 -1594.350796 -1684.440111 -1767.762206 -1841.006418 -1901.896010 -1950.013988 -1986.520719 -2013.380194 -2032.696754 -2046.350836 -2055.871915 -2062.438255 -2066.926281 -2069.971657 -2072.026484 -2073.407736 -2074.337512 -2074.982268 -2075.523797 -2076.382121 -2078.667500 -2080.806394 -2022.427848 -1238.154612 -1236.059923 -1225.683234 -1218.854901 -1215.642260 -1215.138716 -1215.083879 -1215.088813 -1215.102390 -1215.117033 -1215.131114 -1215.144160 -1215.156307 -1215.170774 -1215.217308 -1215.523171 -1217.250004 -1221.060881 -1226.203130 -1220.793088 -1998.548779 -2074.890654 -2077.222406 -2076.526989 -2076.319238 -2076.279541 -2076.273298 -2076.272803 -2076.273195 -2076.273642 -2076.274011 -2076.274298 -2076.274520 -2076.274695 -2076.274835 -2076.274950 -2076.275048 -2076.275137 -2076.275226 -2076.275325 -2076.275448 -2076.275618 -2076.275867 -2076.276246 -2076.276839 -2076.277789 -2076.279337 -2076.281914 -2076.286312 -2076.294028 -2076.307984 -2076.333994 -2076.383883 -2076.482443 -2076.684290 -2077.118589 -2078.117807 -2080.629657 -2087.755247 -2111.485804 -9999.0 -9999.0
-9999.0 -9999.0 75.915000 -21.414654 -120.129983 -219.177153 -318.346050 -417.558214 -516.773282 -615.961650 -715.065463 -814.060395 -912.912066 -1011.575477 -1110.189462 -1208.716190 -1306.816024 -1404.203387 -1500.360740 -1594.350796 -1684.440111 -1767.762206 -1841.006418 -1901.896010 -1950.013988 -1986.520719 -2013.380194 -2032.696754 -2046.350836 -2055.871915 -2062.438255 -2066.926281 -2069.971657 -2072.026484 -2073.407736 -2074.337512 -2074.982268 -2075.523797 -2076.382121 -2078.667500 -2080.806394 -2022.427848 -1238.154612 -1236.059923 -1225.683234 -1218.854901 -1215.642260 -1215.138716 -1215.083879 -1215.088813 -1215.102390 -1215.117033 -1215.131114 -1215.144160 -1215.156307 -1215.170774 -1215.217308 -1215.523171 -1217.250004 -1221.060881 -1226.203130 -1220.793088 -1998.548779 -2074.890654 -2077.222406 -2076.526989 -2076.319238 -2076.279541 -2076.273298 -2076.272803 -2076.273195 -2076.273642 -2076.274011 -2076.274298 -2076.274520 -2076.274695 -2076.274835 -2076.274950 -2076.275048 -2076.275137 -2076.275226 -2076.275325 -2076.275448 -2076.275618 -2076.275867 -2076.276246 -2076.276839 -2076.277789 -2076.279337 -2076.281914 -2076.286312 -2076.294028 -2076.307984 -2076.333994 -2076.383883 -2076.482443 -2076.684290 -2077.118589 -2078.117807 -2080.629657 -2087.755247 -2111.485804 -9999.0 -9999.0
-9999.0 -9999.0 75.915000 -21.414654 -120.129983 -219.177152 -318.346050 -417.558214 -516.773282 -615.961650 -715.065463 -814.060395 -912.912066 -1011.575477 -1110.189462 -1208.716190 -1306.816024 -1404.203387 -1500.360740 -1594.350796 -1684.440111 -1767.762206 -1841.006418 -1901.896010 -1950.013988 -1986.520719 -2013.380194 -2032.696754 -2046.350836 -2055.871915 -2062.438255 -2066.926281 -2069.971657 -2072.026484 -2073.407736 -2074.337512 -2074.982268 -2075.523797 -2076.382121 -2078.667500 -2080.806394 -2022.427848 -1238.154612 -1236.059923 -1225.683234 -1218.854901 -1215.642260 -1215.138716 -1215.083879 -1215.088813 -1215.102390 -1215.117033 -1215.131114 -1215.144160 -1215.156307 -1215.170774 -1215.217308 -1215.523171 -1217.250004 -1221.060881 -1226.203130 -1220.793088 -1998.548779 -2074.890654 -2077.222406 -2076.526989 -2076.319238 -2076.279541 -2076.273298 -2076.272803 -2076.273195 -2076.273642 -2076.274011 -2076.274298 -2076.274520 -2076.274695 -2076.274835 -2076.274950 -2076.275048 -2076.275137 -2076.275226 -2076.275325 -2076.275448 -2076.275618 -2076.275867 -2076.276246 -2076.276839 -2076.277789 -2076.279337 -2076.281914 -2076.286312 -2076.294028 -2076.307984 -2076.333994 -2076.383883 -2076.482443 -2076.684290 -2077.118589 -2078.117807 -2080.629657 -2087.755247 -2111.485804 -9999.0 -9999.0
-9999.0 -9999.0 75.913847 -21.415416 -120.130283 -219.177261 -318.346088 -417.558228 -516.773287 -615.961652 -715.065464 -814.060396 -912.912066 -1011.575477 -1110.189462 -1208.716190 -1306.816024 -1404.203387 -1500.360740 -1594.350796 -1684.440111 -1767.762206 -1841.006418 -1901.896010 -1950.013988 -1986.520719 -2013.380194 -2032.696754 -2046.350836 -2055.871915 -2062.438255 -2066.926281 -2069.971657 -2072.026484 -2073.407736 -2074.337512 -2074.982268 -2075.523797 -2076.382121 -2078.667500 -2080.806394 -2022.427848 -1238.154612 -1236.059923 -1225.683234 -1218.854901 -1215.642260 -1215.138716 -1215.083879 -1215.088813 -1215.102390 -1215.117033 -1215.131114 -1215.144160 -1215.156307 -1215.170774 -1215.217308 -1215.523171 -1217.250004 -1221.060881 -1226.203130 -1220.793088 -1998.548779 -2074.890654 -2077.222406 -2076.526989 -2076.319238 -2076.279541 -2076.273298 -2076.272803 -2076.273195 -2076.273642 -2076.274011 -2076.274298 -2076.274520 -2076.274695 -2076.274835 -2076.274950 -2076.275048 -2076.275137 -2076.275226 -2076.275325 -2076.275448 -2076.275618 -2076.275867 -2076.276246 -2076.276839 -2076.277789 -2076.279337 -2076.281914 -2076.286312 -2076.294028 -2076.307984 -2076.333994 -2076.383883 -2076.482443 -2076.684290 -2077.118589 -2078.117807 -2080.629657 -2087.755247 -2111.485804 -9999.0 -9999.0
-9999.0 -9999.0 75.903225 -21.417315 -120.130757 -219.177399 -318.346133 -417.558243 -516.773293 -615.961654 -715.065465 -814.060396 -912.912066 -1011.575477 -1110.189462 -1208.716190 -1306.816023 -1404.203387 -1500.360740 -1594.350796 -1684.440111 -1767.762206 -1841.006418 -1901.896009 -1950.013988 -1986.520719 -2013.380194 -2032.696754 -2046.350836 -2055.871915 -2062.438255 -2066.926281 -2069.971657 -2072.026484 -2073.407736 -2074.337512 -2074.982268 -2075.523797 -2076.382121 -2078.667500 -2080.806394 -2022.427848 -1238.154612 -1236.059923 -1225.683234 -1218.854901 -1215.642260 -1215.138716 -1215.083879 -1215.088813 -1215.102390 -1215.117033 -1215.131114 -1215.144160 -1215.156307 -1215.170774 -1215.217308 -1215.523171 -1217.250004 -1221.060881 -1226.203130 -1220.793088 -1998.548779 -2074.890654 -2077.222406 -2076.526989 -2076.319238 -2076.279541 -2076.273298 -2076.272803 -2076.273195 -2076.273642 -2076.274011 -2076.274298 -2076.274520 -2076.274695 -2076.274835 -2076.274950 -2076.275048 -2076.275137 -2076.275226 -2076.275325 -2076.275448 -2076.275618 -2076.275867 -2076.276246 -2076.276839 -2076.277789 -2076.279337 -2076.281914 -2076.286312 -2076.294028 -2076.307984 -2076.333994 -2076.383883 -2076.482443 -2076.684290 -2077.118589 -2078.117807 -2080.629657 -2087.755247 -2111.485804 -9999.0 -9999.0
-9999.0 -9999.0 -9999.0 -9999.0 -9999.0 -9999.0 -9999.0 -9999.0 -9999.0 -9999.0 -9999.0 -9999.0 -9999.0 -9999.0 -9999.0 -9999.0 -9999.0 -9999.0 -9999.0 -9999.0 -9999.0 -9999.0 -9999.0 -9999.0 -9999.0 -9999.0 -9999.0 -9999.0 -9999.0 -9999.0 -9999.0 -9999.0 -9999.0 -9999.0 -9999.0 -9999.0 -9999.0 -9999.0 -9999.0 -9999.0 -9999.0 -9999.0 -9999.0 -9999.0 -9999.0 -9999.0 -9999.0 -9999.0 -9999.0 -9999.0 -9999.0 -9999.0 -9999.0 -9999.0 -9999.0 -9999.0 -9999.0 -9999.0 -9999.0 -9999.0 -9999.0 -9999.0 -9999.0 -9999.0 -9999.0 -9999.0 -9999.0 -9999.0 -9999.0 -9999.0 -9999.0 -9999.0 -9999.0 -9999.0 -9999.0 -9999.0 -9999.0 -9999.0 -9999.0 -9999.0 -9999.0 -9999.0 -9999.0 -9999.0 -9999.0 -9999.0 -9999.0 -9999.0 -9999.0 -9999.0 -9999.0 -9999.0 -9999.0 -9999.0 -9999.0 -9999.0 -9999.0 -9999.0 -9999.0 -9999.0 -9999.0 -9999.0 -9999.0 -9999.0
-9999.0 -9999.0 -9999.0 -9999.0 -9999.0 -9999.0 -9999.0 -9999.0 -9999.0 -9999.0 -9999.0 -9999.0 -9999.0 -9999.0 -9999.0 -9999.0 -9999.0 -9999.0 -9999.0 -9999.0 -9999.0 -9999.0 -9999.0 -9999.0 -9999.0 -9999.0 -9999.0 -9999.0 -9999.0 -9999.0 -9999.0 -9999.0 -9999.0 -9999.0 -9999.0 -9999.0 -9999.0 -9999.0 -9999.0 -9999.0 -9999.0 -9999.0 -9999.0 -9999.0 -9999.0 -9999.0 -9999.0 -9999.0 -9999.0 -9999.0 -9999.0 -9999.0 -9999.0 -9999.0 -9999.0 -9999.0 -9999.0 -9999.0 -9999.0 -9999.0 -9999.0 -9999.0 -9999.0 -9999.0 -9999.0 -9999.0 -9999.0 -9999.0 -9999.0 -9999.0 -9999.0 -9999.0 -9999.0 -9999.0 -9999.0 -9999.0 -9999.0 -9999.0 -9999.0 -9999.0 -9999.0 -9999.0 -9999.0 -9999.0 -9999.0 -9999.0 -9999.0 -9999.0 -9999.0 -9999.0 -9999.0 -9999.0 -9999.0 -9999.0 -9999.0 -9999.0 -9999.0 -9999.0 -9999.0 -9999.0 -9999.0 -9999.0 -9999.0 -9999.0