inst/processing_geotop_simulation/geotop_simulation/out/maps3D/PwL0020N0067.asc
ncols         104
nrows         10
xllcorner     -2.000000
yllcorner     0.000000
cellsize      1.000000
NODATA_value  -9999.0
-9999.0 -9999.0 -9999.0 -9999.0 -9999.0 -9999.0 -9999.0 -9999.0 -9999.0 -9999.0 -9999.0 -9999.0 -9999.0 -9999.0 -9999.0 -9999.0 -9999.0 -9999.0 -9999.0 -9999.0 -9999.0 -9999.0 -9999.0 -9999.0 -9999.0 -9999.0 -9999.0 -9999.0 -9999.0 -9999.0 -9999.0 -9999.0 -9999.0 -9999.0 -9999.0 -9999.0 -9999.0 -9999.0 -9999.0 -9999.0 -9999.0 -9999.0 -9999.0 -9999.0 -9999.0 -9999.0 -9999.0 -9999.0 -9999.0 -9999.0 -9999.0 -9999.0 -9999.0 -9999.0 -9999.0 -9999.0 -9999.0 -9999.0 -9999.0 -9999.0 -9999.0 -9999.0 -9999.0 -9999.0 -9999.0 -9999.0 -9999.0 -9999.0 -9999.0 -9999.0 -9999.0 -9999.0 -9999.0 -9999.0 -9999.0 -9999.0 -9999.0 -9999.0 -9999.0 -9999.0 -9999.0 -9999.0 -9999.0 -9999.0 -9999.0 -9999.0 -9999.0 -9999.0 -9999.0 -9999.0 -9999.0 -9999.0 -9999.0 -9999.0 -9999.0 -9999.0 -9999.0 -9999.0 -9999.0 -9999.0 -9999.0 -9999.0 -9999.0 -9999.0
-9999.0 -9999.0 -9999.0 -9999.0 -9999.0 -9999.0 -9999.0 -9999.0 -9999.0 -9999.0 -9999.0 -9999.0 -9999.0 -9999.0 -9999.0 -9999.0 -9999.0 -9999.0 -9999.0 -9999.0 -9999.0 -9999.0 -9999.0 -9999.0 -9999.0 -9999.0 -9999.0 -9999.0 -9999.0 -9999.0 -9999.0 -9999.0 -9999.0 -9999.0 -9999.0 -9999.0 -9999.0 -9999.0 -9999.0 -9999.0 -9999.0 -9999.0 -9999.0 -9999.0 -9999.0 -9999.0 -9999.0 -9999.0 -9999.0 -9999.0 -9999.0 -9999.0 -9999.0 -9999.0 -9999.0 -9999.0 -9999.0 -9999.0 -9999.0 -9999.0 -9999.0 -9999.0 -9999.0 -9999.0 -9999.0 -9999.0 -9999.0 -9999.0 -9999.0 -9999.0 -9999.0 -9999.0 -9999.0 -9999.0 -9999.0 -9999.0 -9999.0 -9999.0 -9999.0 -9999.0 -9999.0 -9999.0 -9999.0 -9999.0 -9999.0 -9999.0 -9999.0 -9999.0 -9999.0 -9999.0 -9999.0 -9999.0 -9999.0 -9999.0 -9999.0 -9999.0 -9999.0 -9999.0 -9999.0 -9999.0 -9999.0 -9999.0 -9999.0 -9999.0
-9999.0 -9999.0 513.779628 414.110289 314.901031 216.313216 118.442766 21.304593 -75.157013 -171.594837 -269.294452 -369.790774 -472.969661 -573.091423 -656.918226 -710.745355 -739.097222 -752.402626 -758.477496 -761.897364 -813.128952 -861.481412 -907.917170 -953.729264 -923.746959 -905.463012 -895.085939 -889.800635 -887.626877 -887.238437 -887.779122 -888.718646 -889.748595 -890.706351 -891.520674 -892.175796 -892.697182 -893.154059 -893.618918 -894.573950 -902.870458 -998.527120 -2171.299007 -3982.779709 -3985.148476 -3985.148515 -3985.148497 -3985.148116 -3985.145221 -3985.131900 -3985.082609 -3984.894209 -3984.513088 -3983.944883 -3982.871192 -3980.471399 -3974.301715 -3956.951026 -3907.711813 -3781.802164 -3516.126075 -1858.417799 -968.571737 -900.633186 -894.966365 -894.324162 -894.210585 -894.189604 -894.188179 -894.190489 -894.193041 -894.195145 -894.196760 -894.197985 -894.198923 -894.199653 -894.200233 -894.200702 -894.201091 -894.201434 -894.201765 -894.202128 -894.202580 -894.203202 -894.204118 -894.205520 -894.207718 -894.211218 -894.216870 -894.226137 -894.241625 -894.268142 -894.314862 -894.399772 -894.558738 -894.863918 -895.462305 -896.666781 -899.221057 -905.193179 -920.838273 -962.135480 -9999.0 -9999.0
-9999.0 -9999.0 513.779627 414.110288 314.901031 216.313216 118.442766 21.304592 -75.157013 -171.594838 -269.294452 -369.790774 -472.969661 -573.091423 -656.918226 -710.745355 -739.097222 -752.402626 -758.477496 -761.897364 -813.128952 -861.481412 -907.917170 -953.729264 -923.746959 -905.463012 -895.085939 -889.800635 -887.626877 -887.238437 -887.779122 -888.718646 -889.748595 -890.706351 -891.520674 -892.175796 -892.697182 -893.154059 -893.618918 -894.573950 -902.870458 -998.527120 -2171.299007 -3982.779709 -3985.148476 -3985.148515 -3985.148497 -3985.148116 -3985.145221 -3985.131900 -3985.082609 -3984.894209 -3984.513088 -3983.944883 -3982.871192 -3980.471399 -3974.301715 -3956.951025 -3907.711813 -3781.802164 -3516.126075 -1858.417799 -968.571737 -900.633186 -894.966365 -894.324162 -894.210585 -894.189604 -894.188179 -894.190489 -894.193041 -894.195145 -894.196760 -894.197985 -894.198923 -894.199653 -894.200233 -894.200702 -894.201091 -894.201434 -894.201765 -894.202128 -894.202580 -894.203202 -894.204118 -894.205520 -894.207718 -894.211218 -894.216870 -894.226137 -894.241625 -894.268142 -894.314862 -894.399772 -894.558738 -894.863918 -895.462305 -896.666781 -899.221057 -905.193179 -920.838273 -962.135480 -9999.0 -9999.0
-9999.0 -9999.0 513.779627 414.110288 314.901030 216.313215 118.442765 21.304592 -75.157013 -171.594838 -269.294452 -369.790774 -472.969661 -573.091423 -656.918226 -710.745355 -739.097222 -752.402626 -758.477496 -761.897364 -813.128952 -861.481412 -907.917170 -953.729264 -923.746959 -905.463012 -895.085939 -889.800635 -887.626877 -887.238437 -887.779122 -888.718646 -889.748595 -890.706351 -891.520674 -892.175796 -892.697182 -893.154059 -893.618918 -894.573950 -902.870458 -998.527120 -2171.299007 -3982.779709 -3985.148476 -3985.148515 -3985.148497 -3985.148116 -3985.145221 -3985.131900 -3985.082609 -3984.894209 -3984.513088 -3983.944883 -3982.871192 -3980.471399 -3974.301715 -3956.951025 -3907.711813 -3781.802163 -3516.126074 -1858.417799 -968.571737 -900.633186 -894.966365 -894.324162 -894.210585 -894.189604 -894.188179 -894.190489 -894.193041 -894.195145 -894.196760 -894.197985 -894.198923 -894.199653 -894.200233 -894.200702 -894.201091 -894.201434 -894.201765 -894.202128 -894.202580 -894.203202 -894.204118 -894.205520 -894.207718 -894.211218 -894.216870 -894.226137 -894.241625 -894.268142 -894.314862 -894.399772 -894.558738 -894.863918 -895.462305 -896.666781 -899.221057 -905.193179 -920.838273 -962.135480 -9999.0 -9999.0
-9999.0 -9999.0 513.779627 414.110288 314.901030 216.313215 118.442765 21.304592 -75.157013 -171.594838 -269.294452 -369.790774 -472.969661 -573.091423 -656.918226 -710.745355 -739.097222 -752.402626 -758.477496 -761.897364 -813.128952 -861.481412 -907.917170 -953.729264 -923.746959 -905.463012 -895.085939 -889.800635 -887.626877 -887.238437 -887.779122 -888.718646 -889.748595 -890.706351 -891.520674 -892.175796 -892.697182 -893.154059 -893.618918 -894.573950 -902.870458 -998.527120 -2171.299007 -3982.779709 -3985.148476 -3985.148515 -3985.148497 -3985.148116 -3985.145221 -3985.131900 -3985.082609 -3984.894209 -3984.513088 -3983.944883 -3982.871192 -3980.471399 -3974.301715 -3956.951025 -3907.711813 -3781.802163 -3516.126074 -1858.417799 -968.571737 -900.633186 -894.966365 -894.324162 -894.210585 -894.189604 -894.188179 -894.190489 -894.193041 -894.195145 -894.196760 -894.197985 -894.198923 -894.199653 -894.200233 -894.200702 -894.201091 -894.201434 -894.201765 -894.202128 -894.202580 -894.203202 -894.204118 -894.205520 -894.207718 -894.211218 -894.216870 -894.226137 -894.241625 -894.268142 -894.314862 -894.399772 -894.558738 -894.863918 -895.462305 -896.666781 -899.221057 -905.193179 -920.838273 -962.135480 -9999.0 -9999.0
-9999.0 -9999.0 513.779627 414.110288 314.901031 216.313216 118.442766 21.304592 -75.157013 -171.594838 -269.294452 -369.790774 -472.969661 -573.091423 -656.918226 -710.745355 -739.097222 -752.402626 -758.477496 -761.897364 -813.128952 -861.481412 -907.917170 -953.729264 -923.746959 -905.463012 -895.085939 -889.800635 -887.626877 -887.238437 -887.779122 -888.718646 -889.748595 -890.706351 -891.520674 -892.175796 -892.697182 -893.154059 -893.618918 -894.573950 -902.870458 -998.527120 -2171.299007 -3982.779709 -3985.148476 -3985.148515 -3985.148497 -3985.148116 -3985.145221 -3985.131900 -3985.082609 -3984.894209 -3984.513088 -3983.944883 -3982.871192 -3980.471399 -3974.301715 -3956.951025 -3907.711813 -3781.802163 -3516.126075 -1858.417799 -968.571737 -900.633186 -894.966365 -894.324162 -894.210585 -894.189604 -894.188179 -894.190489 -894.193041 -894.195145 -894.196760 -894.197985 -894.198923 -894.199653 -894.200233 -894.200702 -894.201091 -894.201434 -894.201765 -894.202128 -894.202580 -894.203202 -894.204118 -894.205520 -894.207718 -894.211218 -894.216870 -894.226137 -894.241625 -894.268142 -894.314862 -894.399772 -894.558738 -894.863918 -895.462305 -896.666781 -899.221057 -905.193179 -920.838273 -962.135480 -9999.0 -9999.0
-9999.0 -9999.0 513.779628 414.110289 314.901031 216.313216 118.442766 21.304593 -75.157013 -171.594837 -269.294452 -369.790774 -472.969661 -573.091423 -656.918226 -710.745355 -739.097222 -752.402626 -758.477496 -761.897364 -813.128952 -861.481412 -907.917170 -953.729264 -923.746959 -905.463012 -895.085939 -889.800635 -887.626877 -887.238437 -887.779122 -888.718646 -889.748595 -890.706351 -891.520674 -892.175796 -892.697182 -893.154059 -893.618918 -894.573950 -902.870458 -998.527120 -2171.299007 -3982.779709 -3985.148476 -3985.148515 -3985.148497 -3985.148116 -3985.145221 -3985.131900 -3985.082609 -3984.894209 -3984.513088 -3983.944883 -3982.871192 -3980.471399 -3974.301715 -3956.951026 -3907.711813 -3781.802164 -3516.126076 -1858.417799 -968.571737 -900.633186 -894.966365 -894.324162 -894.210585 -894.189604 -894.188179 -894.190489 -894.193041 -894.195145 -894.196760 -894.197985 -894.198923 -894.199653 -894.200233 -894.200702 -894.201091 -894.201434 -894.201765 -894.202128 -894.202580 -894.203202 -894.204118 -894.205520 -894.207718 -894.211218 -894.216870 -894.226137 -894.241625 -894.268142 -894.314862 -894.399772 -894.558738 -894.863918 -895.462305 -896.666781 -899.221057 -905.193179 -920.838273 -962.135480 -9999.0 -9999.0
-9999.0 -9999.0 -9999.0 -9999.0 -9999.0 -9999.0 -9999.0 -9999.0 -9999.0 -9999.0 -9999.0 -9999.0 -9999.0 -9999.0 -9999.0 -9999.0 -9999.0 -9999.0 -9999.0 -9999.0 -9999.0 -9999.0 -9999.0 -9999.0 -9999.0 -9999.0 -9999.0 -9999.0 -9999.0 -9999.0 -9999.0 -9999.0 -9999.0 -9999.0 -9999.0 -9999.0 -9999.0 -9999.0 -9999.0 -9999.0 -9999.0 -9999.0 -9999.0 -9999.0 -9999.0 -9999.0 -9999.0 -9999.0 -9999.0 -9999.0 -9999.0 -9999.0 -9999.0 -9999.0 -9999.0 -9999.0 -9999.0 -9999.0 -9999.0 -9999.0 -9999.0 -9999.0 -9999.0 -9999.0 -9999.0 -9999.0 -9999.0 -9999.0 -9999.0 -9999.0 -9999.0 -9999.0 -9999.0 -9999.0 -9999.0 -9999.0 -9999.0 -9999.0 -9999.0 -9999.0 -9999.0 -9999.0 -9999.0 -9999.0 -9999.0 -9999.0 -9999.0 -9999.0 -9999.0 -9999.0 -9999.0 -9999.0 -9999.0 -9999.0 -9999.0 -9999.0 -9999.0 -9999.0 -9999.0 -9999.0 -9999.0 -9999.0 -9999.0 -9999.0
-9999.0 -9999.0 -9999.0 -9999.0 -9999.0 -9999.0 -9999.0 -9999.0 -9999.0 -9999.0 -9999.0 -9999.0 -9999.0 -9999.0 -9999.0 -9999.0 -9999.0 -9999.0 -9999.0 -9999.0 -9999.0 -9999.0 -9999.0 -9999.0 -9999.0 -9999.0 -9999.0 -9999.0 -9999.0 -9999.0 -9999.0 -9999.0 -9999.0 -9999.0 -9999.0 -9999.0 -9999.0 -9999.0 -9999.0 -9999.0 -9999.0 -9999.0 -9999.0 -9999.0 -9999.0 -9999.0 -9999.0 -9999.0 -9999.0 -9999.0 -9999.0 -9999.0 -9999.0 -9999.0 -9999.0 -9999.0 -9999.0 -9999.0 -9999.0 -9999.0 -9999.0 -9999.0 -9999.0 -9999.0 -9999.0 -9999.0 -9999.0 -9999.0 -9999.0 -9999.0 -9999.0 -9999.0 -9999.0 -9999.0 -9999.0 -9999.0 -9999.0 -9999.0 -9999.0 -9999.0 -9999.0 -9999.0 -9999.0 -9999.0 -9999.0 -9999.0 -9999.0 -9999.0 -9999.0 -9999.0 -9999.0 -9999.0 -9999.0 -9999.0 -9999.0 -9999.0 -9999.0 -9999.0 -9999.0 -9999.0 -9999.0 -9999.0 -9999.0 -9999.0