inst/processing_geotop_simulation/geotop_simulation/out/maps3D/PwL0008N0315.asc
ncols         104
nrows         10
xllcorner     -2.000000
yllcorner     0.000000
cellsize      1.000000
NODATA_value  -9999.0
-9999.0 -9999.0 -9999.0 -9999.0 -9999.0 -9999.0 -9999.0 -9999.0 -9999.0 -9999.0 -9999.0 -9999.0 -9999.0 -9999.0 -9999.0 -9999.0 -9999.0 -9999.0 -9999.0 -9999.0 -9999.0 -9999.0 -9999.0 -9999.0 -9999.0 -9999.0 -9999.0 -9999.0 -9999.0 -9999.0 -9999.0 -9999.0 -9999.0 -9999.0 -9999.0 -9999.0 -9999.0 -9999.0 -9999.0 -9999.0 -9999.0 -9999.0 -9999.0 -9999.0 -9999.0 -9999.0 -9999.0 -9999.0 -9999.0 -9999.0 -9999.0 -9999.0 -9999.0 -9999.0 -9999.0 -9999.0 -9999.0 -9999.0 -9999.0 -9999.0 -9999.0 -9999.0 -9999.0 -9999.0 -9999.0 -9999.0 -9999.0 -9999.0 -9999.0 -9999.0 -9999.0 -9999.0 -9999.0 -9999.0 -9999.0 -9999.0 -9999.0 -9999.0 -9999.0 -9999.0 -9999.0 -9999.0 -9999.0 -9999.0 -9999.0 -9999.0 -9999.0 -9999.0 -9999.0 -9999.0 -9999.0 -9999.0 -9999.0 -9999.0 -9999.0 -9999.0 -9999.0 -9999.0 -9999.0 -9999.0 -9999.0 -9999.0 -9999.0 -9999.0
-9999.0 -9999.0 -9999.0 -9999.0 -9999.0 -9999.0 -9999.0 -9999.0 -9999.0 -9999.0 -9999.0 -9999.0 -9999.0 -9999.0 -9999.0 -9999.0 -9999.0 -9999.0 -9999.0 -9999.0 -9999.0 -9999.0 -9999.0 -9999.0 -9999.0 -9999.0 -9999.0 -9999.0 -9999.0 -9999.0 -9999.0 -9999.0 -9999.0 -9999.0 -9999.0 -9999.0 -9999.0 -9999.0 -9999.0 -9999.0 -9999.0 -9999.0 -9999.0 -9999.0 -9999.0 -9999.0 -9999.0 -9999.0 -9999.0 -9999.0 -9999.0 -9999.0 -9999.0 -9999.0 -9999.0 -9999.0 -9999.0 -9999.0 -9999.0 -9999.0 -9999.0 -9999.0 -9999.0 -9999.0 -9999.0 -9999.0 -9999.0 -9999.0 -9999.0 -9999.0 -9999.0 -9999.0 -9999.0 -9999.0 -9999.0 -9999.0 -9999.0 -9999.0 -9999.0 -9999.0 -9999.0 -9999.0 -9999.0 -9999.0 -9999.0 -9999.0 -9999.0 -9999.0 -9999.0 -9999.0 -9999.0 -9999.0 -9999.0 -9999.0 -9999.0 -9999.0 -9999.0 -9999.0 -9999.0 -9999.0 -9999.0 -9999.0 -9999.0 -9999.0
-9999.0 -9999.0 374.701095 277.357699 179.035951 80.324996 -18.541394 -117.468592 -216.415603 -315.351030 -414.243084 -513.032378 -611.590739 -709.669535 -807.795411 -905.828142 -1003.674496 -1101.342049 -1197.125772 -1290.734435 -1380.484646 -1463.581854 -1536.929728 -1598.428097 -1647.601309 -1685.379730 -1713.491768 -1733.892787 -1748.406681 -1758.568025 -1765.589741 -1770.390756 -1773.645820 -1775.838473 -1777.308986 -1778.295659 -1778.974711 -1779.529723 -1780.388878 -1782.962904 -1789.433830 -1775.195423 -1222.809710 -1294.851984 -1266.875005 -1248.878727 -1240.559352 -1239.375740 -1239.252138 -1239.264158 -1239.295561 -1239.329308 -1239.361730 -1239.391749 -1239.419600 -1239.451917 -1239.552354 -1240.241344 -1244.591572 -1254.377277 -1267.179223 -1179.615509 -1745.231438 -1782.617501 -1781.543970 -1780.600360 -1780.387568 -1780.350480 -1780.344961 -1780.344666 -1780.345154 -1780.345665 -1780.346080 -1780.346403 -1780.346652 -1780.346847 -1780.347003 -1780.347132 -1780.347240 -1780.347339 -1780.347436 -1780.347545 -1780.347681 -1780.347868 -1780.348141 -1780.348558 -1780.349213 -1780.350258 -1780.351962 -1780.354793 -1780.359613 -1780.368051 -1780.383272 -1780.411564 -1780.465676 -1780.572174 -1780.789073 -1781.252072 -1782.305461 -1784.908763 -1792.120616 -1815.673769 -9999.0 -9999.0
-9999.0 -9999.0 374.708092 277.359476 179.036430 80.325138 -18.541349 -117.468576 -216.415598 -315.351028 -414.243083 -513.032378 -611.590739 -709.669535 -807.795411 -905.828142 -1003.674497 -1101.342049 -1197.125772 -1290.734435 -1380.484646 -1463.581854 -1536.929728 -1598.428097 -1647.601309 -1685.379731 -1713.491768 -1733.892787 -1748.406681 -1758.568025 -1765.589741 -1770.390756 -1773.645820 -1775.838473 -1777.308986 -1778.295659 -1778.974711 -1779.529723 -1780.388878 -1782.962904 -1789.433830 -1775.195423 -1222.809710 -1294.851984 -1266.875005 -1248.878726 -1240.559352 -1239.375740 -1239.252138 -1239.264158 -1239.295561 -1239.329308 -1239.361730 -1239.391749 -1239.419600 -1239.451917 -1239.552354 -1240.241344 -1244.591572 -1254.377277 -1267.179223 -1179.615509 -1745.231438 -1782.617501 -1781.543970 -1780.600360 -1780.387568 -1780.350480 -1780.344961 -1780.344666 -1780.345154 -1780.345665 -1780.346080 -1780.346403 -1780.346652 -1780.346847 -1780.347003 -1780.347132 -1780.347240 -1780.347339 -1780.347436 -1780.347545 -1780.347681 -1780.347868 -1780.348141 -1780.348558 -1780.349213 -1780.350258 -1780.351962 -1780.354793 -1780.359613 -1780.368051 -1780.383272 -1780.411564 -1780.465676 -1780.572174 -1780.789073 -1781.252072 -1782.305461 -1784.908763 -1792.120616 -1815.673769 -9999.0 -9999.0
-9999.0 -9999.0 374.709528 277.360245 179.036736 80.325251 -18.541309 -117.468562 -216.415593 -315.351026 -414.243082 -513.032377 -611.590738 -709.669535 -807.795411 -905.828142 -1003.674497 -1101.342049 -1197.125772 -1290.734435 -1380.484647 -1463.581854 -1536.929728 -1598.428097 -1647.601309 -1685.379731 -1713.491768 -1733.892787 -1748.406681 -1758.568025 -1765.589741 -1770.390756 -1773.645820 -1775.838473 -1777.308986 -1778.295659 -1778.974711 -1779.529723 -1780.388878 -1782.962904 -1789.433830 -1775.195423 -1222.809710 -1294.851984 -1266.875005 -1248.878726 -1240.559352 -1239.375740 -1239.252138 -1239.264158 -1239.295561 -1239.329308 -1239.361730 -1239.391749 -1239.419600 -1239.451917 -1239.552354 -1240.241344 -1244.591572 -1254.377277 -1267.179223 -1179.615509 -1745.231438 -1782.617501 -1781.543970 -1780.600360 -1780.387568 -1780.350480 -1780.344961 -1780.344666 -1780.345154 -1780.345665 -1780.346080 -1780.346403 -1780.346652 -1780.346847 -1780.347003 -1780.347132 -1780.347240 -1780.347339 -1780.347436 -1780.347545 -1780.347681 -1780.347868 -1780.348141 -1780.348558 -1780.349213 -1780.350258 -1780.351962 -1780.354793 -1780.359613 -1780.368051 -1780.383272 -1780.411564 -1780.465676 -1780.572174 -1780.789073 -1781.252072 -1782.305461 -1784.908763 -1792.120616 -1815.673769 -9999.0 -9999.0
-9999.0 -9999.0 374.709528 277.360245 179.036737 80.325251 -18.541309 -117.468562 -216.415593 -315.351026 -414.243082 -513.032377 -611.590738 -709.669535 -807.795411 -905.828142 -1003.674497 -1101.342049 -1197.125772 -1290.734435 -1380.484647 -1463.581854 -1536.929728 -1598.428097 -1647.601309 -1685.379731 -1713.491768 -1733.892787 -1748.406681 -1758.568025 -1765.589741 -1770.390756 -1773.645820 -1775.838473 -1777.308986 -1778.295659 -1778.974711 -1779.529723 -1780.388878 -1782.962904 -1789.433830 -1775.195423 -1222.809710 -1294.851984 -1266.875005 -1248.878726 -1240.559352 -1239.375740 -1239.252138 -1239.264158 -1239.295561 -1239.329308 -1239.361730 -1239.391749 -1239.419600 -1239.451917 -1239.552354 -1240.241344 -1244.591572 -1254.377277 -1267.179223 -1179.615509 -1745.231438 -1782.617501 -1781.543970 -1780.600360 -1780.387568 -1780.350480 -1780.344961 -1780.344666 -1780.345154 -1780.345665 -1780.346080 -1780.346403 -1780.346652 -1780.346847 -1780.347003 -1780.347132 -1780.347240 -1780.347339 -1780.347436 -1780.347545 -1780.347681 -1780.347868 -1780.348141 -1780.348558 -1780.349213 -1780.350258 -1780.351962 -1780.354793 -1780.359613 -1780.368051 -1780.383272 -1780.411564 -1780.465676 -1780.572174 -1780.789073 -1781.252072 -1782.305461 -1784.908763 -1792.120616 -1815.673769 -9999.0 -9999.0
-9999.0 -9999.0 374.708092 277.359476 179.036430 80.325138 -18.541349 -117.468576 -216.415598 -315.351028 -414.243083 -513.032378 -611.590739 -709.669535 -807.795411 -905.828142 -1003.674497 -1101.342049 -1197.125772 -1290.734435 -1380.484646 -1463.581854 -1536.929728 -1598.428097 -1647.601309 -1685.379731 -1713.491768 -1733.892787 -1748.406681 -1758.568025 -1765.589741 -1770.390756 -1773.645820 -1775.838473 -1777.308986 -1778.295659 -1778.974711 -1779.529723 -1780.388878 -1782.962904 -1789.433830 -1775.195423 -1222.809710 -1294.851984 -1266.875005 -1248.878726 -1240.559352 -1239.375740 -1239.252138 -1239.264158 -1239.295561 -1239.329308 -1239.361730 -1239.391749 -1239.419600 -1239.451917 -1239.552354 -1240.241344 -1244.591572 -1254.377277 -1267.179223 -1179.615509 -1745.231438 -1782.617501 -1781.543970 -1780.600360 -1780.387568 -1780.350480 -1780.344961 -1780.344666 -1780.345154 -1780.345665 -1780.346080 -1780.346403 -1780.346652 -1780.346847 -1780.347003 -1780.347132 -1780.347240 -1780.347339 -1780.347436 -1780.347545 -1780.347681 -1780.347868 -1780.348141 -1780.348558 -1780.349213 -1780.350258 -1780.351962 -1780.354793 -1780.359613 -1780.368051 -1780.383272 -1780.411564 -1780.465676 -1780.572174 -1780.789073 -1781.252072 -1782.305461 -1784.908763 -1792.120616 -1815.673769 -9999.0 -9999.0
-9999.0 -9999.0 374.701095 277.357699 179.035951 80.324996 -18.541394 -117.468592 -216.415603 -315.351030 -414.243084 -513.032378 -611.590739 -709.669535 -807.795411 -905.828142 -1003.674496 -1101.342049 -1197.125772 -1290.734435 -1380.484646 -1463.581854 -1536.929728 -1598.428097 -1647.601309 -1685.379730 -1713.491768 -1733.892787 -1748.406681 -1758.568025 -1765.589741 -1770.390756 -1773.645820 -1775.838473 -1777.308986 -1778.295659 -1778.974711 -1779.529723 -1780.388878 -1782.962904 -1789.433830 -1775.195423 -1222.809710 -1294.851984 -1266.875005 -1248.878727 -1240.559352 -1239.375740 -1239.252138 -1239.264158 -1239.295561 -1239.329308 -1239.361730 -1239.391749 -1239.419600 -1239.451917 -1239.552354 -1240.241344 -1244.591572 -1254.377277 -1267.179223 -1179.615509 -1745.231438 -1782.617501 -1781.543970 -1780.600360 -1780.387568 -1780.350480 -1780.344961 -1780.344666 -1780.345154 -1780.345665 -1780.346080 -1780.346403 -1780.346652 -1780.346847 -1780.347003 -1780.347132 -1780.347240 -1780.347339 -1780.347436 -1780.347545 -1780.347681 -1780.347868 -1780.348141 -1780.348558 -1780.349213 -1780.350258 -1780.351962 -1780.354793 -1780.359613 -1780.368051 -1780.383272 -1780.411564 -1780.465676 -1780.572174 -1780.789073 -1781.252072 -1782.305461 -1784.908763 -1792.120616 -1815.673769 -9999.0 -9999.0
-9999.0 -9999.0 -9999.0 -9999.0 -9999.0 -9999.0 -9999.0 -9999.0 -9999.0 -9999.0 -9999.0 -9999.0 -9999.0 -9999.0 -9999.0 -9999.0 -9999.0 -9999.0 -9999.0 -9999.0 -9999.0 -9999.0 -9999.0 -9999.0 -9999.0 -9999.0 -9999.0 -9999.0 -9999.0 -9999.0 -9999.0 -9999.0 -9999.0 -9999.0 -9999.0 -9999.0 -9999.0 -9999.0 -9999.0 -9999.0 -9999.0 -9999.0 -9999.0 -9999.0 -9999.0 -9999.0 -9999.0 -9999.0 -9999.0 -9999.0 -9999.0 -9999.0 -9999.0 -9999.0 -9999.0 -9999.0 -9999.0 -9999.0 -9999.0 -9999.0 -9999.0 -9999.0 -9999.0 -9999.0 -9999.0 -9999.0 -9999.0 -9999.0 -9999.0 -9999.0 -9999.0 -9999.0 -9999.0 -9999.0 -9999.0 -9999.0 -9999.0 -9999.0 -9999.0 -9999.0 -9999.0 -9999.0 -9999.0 -9999.0 -9999.0 -9999.0 -9999.0 -9999.0 -9999.0 -9999.0 -9999.0 -9999.0 -9999.0 -9999.0 -9999.0 -9999.0 -9999.0 -9999.0 -9999.0 -9999.0 -9999.0 -9999.0 -9999.0 -9999.0
-9999.0 -9999.0 -9999.0 -9999.0 -9999.0 -9999.0 -9999.0 -9999.0 -9999.0 -9999.0 -9999.0 -9999.0 -9999.0 -9999.0 -9999.0 -9999.0 -9999.0 -9999.0 -9999.0 -9999.0 -9999.0 -9999.0 -9999.0 -9999.0 -9999.0 -9999.0 -9999.0 -9999.0 -9999.0 -9999.0 -9999.0 -9999.0 -9999.0 -9999.0 -9999.0 -9999.0 -9999.0 -9999.0 -9999.0 -9999.0 -9999.0 -9999.0 -9999.0 -9999.0 -9999.0 -9999.0 -9999.0 -9999.0 -9999.0 -9999.0 -9999.0 -9999.0 -9999.0 -9999.0 -9999.0 -9999.0 -9999.0 -9999.0 -9999.0 -9999.0 -9999.0 -9999.0 -9999.0 -9999.0 -9999.0 -9999.0 -9999.0 -9999.0 -9999.0 -9999.0 -9999.0 -9999.0 -9999.0 -9999.0 -9999.0 -9999.0 -9999.0 -9999.0 -9999.0 -9999.0 -9999.0 -9999.0 -9999.0 -9999.0 -9999.0 -9999.0 -9999.0 -9999.0 -9999.0 -9999.0 -9999.0 -9999.0 -9999.0 -9999.0 -9999.0 -9999.0 -9999.0 -9999.0 -9999.0 -9999.0 -9999.0 -9999.0 -9999.0 -9999.0