inst/processing_geotop_simulation/geotop_simulation/out/maps3D/PwL0013N0266.asc
ncols         104
nrows         10
xllcorner     -2.000000
yllcorner     0.000000
cellsize      1.000000
NODATA_value  -9999.0
-9999.0 -9999.0 -9999.0 -9999.0 -9999.0 -9999.0 -9999.0 -9999.0 -9999.0 -9999.0 -9999.0 -9999.0 -9999.0 -9999.0 -9999.0 -9999.0 -9999.0 -9999.0 -9999.0 -9999.0 -9999.0 -9999.0 -9999.0 -9999.0 -9999.0 -9999.0 -9999.0 -9999.0 -9999.0 -9999.0 -9999.0 -9999.0 -9999.0 -9999.0 -9999.0 -9999.0 -9999.0 -9999.0 -9999.0 -9999.0 -9999.0 -9999.0 -9999.0 -9999.0 -9999.0 -9999.0 -9999.0 -9999.0 -9999.0 -9999.0 -9999.0 -9999.0 -9999.0 -9999.0 -9999.0 -9999.0 -9999.0 -9999.0 -9999.0 -9999.0 -9999.0 -9999.0 -9999.0 -9999.0 -9999.0 -9999.0 -9999.0 -9999.0 -9999.0 -9999.0 -9999.0 -9999.0 -9999.0 -9999.0 -9999.0 -9999.0 -9999.0 -9999.0 -9999.0 -9999.0 -9999.0 -9999.0 -9999.0 -9999.0 -9999.0 -9999.0 -9999.0 -9999.0 -9999.0 -9999.0 -9999.0 -9999.0 -9999.0 -9999.0 -9999.0 -9999.0 -9999.0 -9999.0 -9999.0 -9999.0 -9999.0 -9999.0 -9999.0 -9999.0
-9999.0 -9999.0 -9999.0 -9999.0 -9999.0 -9999.0 -9999.0 -9999.0 -9999.0 -9999.0 -9999.0 -9999.0 -9999.0 -9999.0 -9999.0 -9999.0 -9999.0 -9999.0 -9999.0 -9999.0 -9999.0 -9999.0 -9999.0 -9999.0 -9999.0 -9999.0 -9999.0 -9999.0 -9999.0 -9999.0 -9999.0 -9999.0 -9999.0 -9999.0 -9999.0 -9999.0 -9999.0 -9999.0 -9999.0 -9999.0 -9999.0 -9999.0 -9999.0 -9999.0 -9999.0 -9999.0 -9999.0 -9999.0 -9999.0 -9999.0 -9999.0 -9999.0 -9999.0 -9999.0 -9999.0 -9999.0 -9999.0 -9999.0 -9999.0 -9999.0 -9999.0 -9999.0 -9999.0 -9999.0 -9999.0 -9999.0 -9999.0 -9999.0 -9999.0 -9999.0 -9999.0 -9999.0 -9999.0 -9999.0 -9999.0 -9999.0 -9999.0 -9999.0 -9999.0 -9999.0 -9999.0 -9999.0 -9999.0 -9999.0 -9999.0 -9999.0 -9999.0 -9999.0 -9999.0 -9999.0 -9999.0 -9999.0 -9999.0 -9999.0 -9999.0 -9999.0 -9999.0 -9999.0 -9999.0 -9999.0 -9999.0 -9999.0 -9999.0 -9999.0
-9999.0 -9999.0 624.550552 527.375186 429.517316 331.243637 232.780838 134.237465 35.667444 -62.895336 -161.437695 -259.936443 -358.341479 -456.544063 -554.362323 -651.557977 -748.392939 -845.301877 -941.812435 -1037.848828 -1131.104674 -1217.813558 -1296.436909 -1364.553825 -1420.917119 -1465.613233 -1499.768939 -1525.072020 -1543.343753 -1556.265251 -1565.249887 -1571.413373 -1575.597232 -1578.414801 -1580.301918 -1581.564584 -1582.425287 -1583.097115 -1584.039672 -1586.950789 -1597.409408 -1628.992219 -1824.991191 -4051.514902 -3797.958888 -3526.645427 -3388.666843 -3370.650912 -3368.837400 -3369.028386 -3369.502923 -3370.010944 -3370.498489 -3370.949555 -3371.366507 -3371.837566 -3373.239358 -3383.229221 -3454.390610 -3610.649974 -3740.299786 -1632.494834 -1593.443523 -1589.942069 -1585.607555 -1584.435504 -1584.215019 -1584.179146 -1584.174035 -1584.173886 -1584.174464 -1584.175042 -1584.175508 -1584.175869 -1584.176148 -1584.176367 -1584.176542 -1584.176686 -1584.176808 -1584.176918 -1584.177027 -1584.177148 -1584.177299 -1584.177505 -1584.177806 -1584.178266 -1584.178985 -1584.180134 -1584.182003 -1584.185106 -1584.190380 -1584.199596 -1584.216192 -1584.246992 -1584.305817 -1584.421433 -1584.656557 -1585.157611 -1586.293862 -1589.074370 -1596.600340 -1620.425017 -9999.0 -9999.0
-9999.0 -9999.0 624.555559 527.376750 429.517774 331.243778 232.780884 134.237481 35.667450 -62.895334 -161.437694 -259.936443 -358.341479 -456.544063 -554.362323 -651.557977 -748.392939 -845.301877 -941.812435 -1037.848828 -1131.104674 -1217.813558 -1296.436909 -1364.553825 -1420.917119 -1465.613233 -1499.768939 -1525.072020 -1543.343753 -1556.265251 -1565.249887 -1571.413373 -1575.597232 -1578.414801 -1580.301918 -1581.564584 -1582.425287 -1583.097115 -1584.039672 -1586.950789 -1597.409408 -1628.992219 -1824.991190 -4051.514901 -3797.958884 -3526.645418 -3388.666843 -3370.650912 -3368.837400 -3369.028386 -3369.502923 -3370.010944 -3370.498489 -3370.949555 -3371.366507 -3371.837566 -3373.239358 -3383.229221 -3454.390610 -3610.649974 -3740.299786 -1632.494835 -1593.443523 -1589.942069 -1585.607555 -1584.435504 -1584.215019 -1584.179146 -1584.174035 -1584.173886 -1584.174464 -1584.175042 -1584.175508 -1584.175869 -1584.176148 -1584.176367 -1584.176542 -1584.176686 -1584.176808 -1584.176918 -1584.177027 -1584.177148 -1584.177299 -1584.177505 -1584.177806 -1584.178266 -1584.178985 -1584.180134 -1584.182003 -1584.185106 -1584.190380 -1584.199596 -1584.216192 -1584.246992 -1584.305817 -1584.421433 -1584.656557 -1585.157611 -1586.293862 -1589.074370 -1596.600340 -1620.425017 -9999.0 -9999.0
-9999.0 -9999.0 624.556982 527.377493 429.518077 331.243891 232.780924 134.237496 35.667455 -62.895332 -161.437693 -259.936443 -358.341478 -456.544063 -554.362323 -651.557977 -748.392939 -845.301877 -941.812435 -1037.848828 -1131.104674 -1217.813558 -1296.436909 -1364.553825 -1420.917119 -1465.613233 -1499.768940 -1525.072020 -1543.343753 -1556.265251 -1565.249887 -1571.413373 -1575.597232 -1578.414801 -1580.301918 -1581.564584 -1582.425287 -1583.097115 -1584.039672 -1586.950789 -1597.409408 -1628.992219 -1824.991190 -4051.514901 -3797.958884 -3526.645415 -3388.666843 -3370.650912 -3368.837400 -3369.028386 -3369.502923 -3370.010944 -3370.498489 -3370.949555 -3371.366507 -3371.837566 -3373.239358 -3383.229221 -3454.390610 -3610.649974 -3740.299786 -1632.494835 -1593.443523 -1589.942069 -1585.607555 -1584.435504 -1584.215019 -1584.179146 -1584.174035 -1584.173886 -1584.174464 -1584.175042 -1584.175508 -1584.175869 -1584.176148 -1584.176367 -1584.176542 -1584.176686 -1584.176808 -1584.176918 -1584.177027 -1584.177148 -1584.177299 -1584.177505 -1584.177806 -1584.178266 -1584.178985 -1584.180134 -1584.182003 -1584.185106 -1584.190380 -1584.199596 -1584.216192 -1584.246992 -1584.305817 -1584.421433 -1584.656557 -1585.157611 -1586.293862 -1589.074370 -1596.600340 -1620.425017 -9999.0 -9999.0
-9999.0 -9999.0 624.556982 527.377493 429.518077 331.243891 232.780924 134.237496 35.667455 -62.895332 -161.437693 -259.936443 -358.341478 -456.544063 -554.362323 -651.557977 -748.392939 -845.301877 -941.812435 -1037.848828 -1131.104674 -1217.813558 -1296.436909 -1364.553825 -1420.917119 -1465.613233 -1499.768940 -1525.072020 -1543.343753 -1556.265251 -1565.249887 -1571.413373 -1575.597232 -1578.414801 -1580.301918 -1581.564584 -1582.425287 -1583.097115 -1584.039672 -1586.950789 -1597.409408 -1628.992219 -1824.991190 -4051.514901 -3797.958884 -3526.645414 -3388.666843 -3370.650912 -3368.837400 -3369.028386 -3369.502923 -3370.010944 -3370.498489 -3370.949555 -3371.366507 -3371.837566 -3373.239358 -3383.229221 -3454.390610 -3610.649974 -3740.299786 -1632.494835 -1593.443523 -1589.942069 -1585.607555 -1584.435504 -1584.215019 -1584.179146 -1584.174035 -1584.173886 -1584.174464 -1584.175042 -1584.175508 -1584.175869 -1584.176148 -1584.176367 -1584.176542 -1584.176686 -1584.176808 -1584.176918 -1584.177027 -1584.177148 -1584.177299 -1584.177505 -1584.177806 -1584.178266 -1584.178985 -1584.180134 -1584.182003 -1584.185106 -1584.190380 -1584.199596 -1584.216192 -1584.246992 -1584.305817 -1584.421433 -1584.656557 -1585.157611 -1586.293862 -1589.074370 -1596.600340 -1620.425017 -9999.0 -9999.0
-9999.0 -9999.0 624.555559 527.376750 429.517774 331.243778 232.780884 134.237481 35.667450 -62.895334 -161.437694 -259.936443 -358.341479 -456.544063 -554.362323 -651.557977 -748.392939 -845.301877 -941.812435 -1037.848828 -1131.104674 -1217.813558 -1296.436909 -1364.553825 -1420.917119 -1465.613233 -1499.768939 -1525.072020 -1543.343753 -1556.265251 -1565.249887 -1571.413373 -1575.597232 -1578.414801 -1580.301918 -1581.564584 -1582.425287 -1583.097115 -1584.039672 -1586.950789 -1597.409408 -1628.992219 -1824.991190 -4051.514901 -3797.958884 -3526.645418 -3388.666843 -3370.650912 -3368.837400 -3369.028386 -3369.502923 -3370.010944 -3370.498489 -3370.949555 -3371.366507 -3371.837566 -3373.239358 -3383.229221 -3454.390610 -3610.649974 -3740.299786 -1632.494835 -1593.443523 -1589.942069 -1585.607555 -1584.435504 -1584.215019 -1584.179146 -1584.174035 -1584.173886 -1584.174464 -1584.175042 -1584.175508 -1584.175869 -1584.176148 -1584.176367 -1584.176542 -1584.176686 -1584.176808 -1584.176918 -1584.177027 -1584.177148 -1584.177299 -1584.177505 -1584.177806 -1584.178266 -1584.178985 -1584.180134 -1584.182003 -1584.185106 -1584.190380 -1584.199596 -1584.216192 -1584.246992 -1584.305817 -1584.421433 -1584.656557 -1585.157611 -1586.293862 -1589.074370 -1596.600340 -1620.425017 -9999.0 -9999.0
-9999.0 -9999.0 624.550552 527.375186 429.517316 331.243637 232.780838 134.237465 35.667444 -62.895336 -161.437695 -259.936443 -358.341479 -456.544063 -554.362323 -651.557977 -748.392939 -845.301877 -941.812435 -1037.848828 -1131.104674 -1217.813558 -1296.436909 -1364.553825 -1420.917119 -1465.613233 -1499.768939 -1525.072020 -1543.343753 -1556.265251 -1565.249887 -1571.413373 -1575.597232 -1578.414801 -1580.301918 -1581.564584 -1582.425287 -1583.097115 -1584.039672 -1586.950789 -1597.409408 -1628.992219 -1824.991191 -4051.514902 -3797.958888 -3526.645427 -3388.666843 -3370.650912 -3368.837400 -3369.028386 -3369.502923 -3370.010944 -3370.498489 -3370.949555 -3371.366507 -3371.837566 -3373.239358 -3383.229221 -3454.390610 -3610.649974 -3740.299786 -1632.494835 -1593.443523 -1589.942069 -1585.607555 -1584.435504 -1584.215019 -1584.179146 -1584.174035 -1584.173886 -1584.174464 -1584.175042 -1584.175508 -1584.175869 -1584.176148 -1584.176367 -1584.176542 -1584.176686 -1584.176808 -1584.176918 -1584.177027 -1584.177148 -1584.177299 -1584.177505 -1584.177806 -1584.178266 -1584.178985 -1584.180134 -1584.182003 -1584.185106 -1584.190380 -1584.199596 -1584.216192 -1584.246992 -1584.305817 -1584.421433 -1584.656557 -1585.157611 -1586.293862 -1589.074370 -1596.600340 -1620.425017 -9999.0 -9999.0
-9999.0 -9999.0 -9999.0 -9999.0 -9999.0 -9999.0 -9999.0 -9999.0 -9999.0 -9999.0 -9999.0 -9999.0 -9999.0 -9999.0 -9999.0 -9999.0 -9999.0 -9999.0 -9999.0 -9999.0 -9999.0 -9999.0 -9999.0 -9999.0 -9999.0 -9999.0 -9999.0 -9999.0 -9999.0 -9999.0 -9999.0 -9999.0 -9999.0 -9999.0 -9999.0 -9999.0 -9999.0 -9999.0 -9999.0 -9999.0 -9999.0 -9999.0 -9999.0 -9999.0 -9999.0 -9999.0 -9999.0 -9999.0 -9999.0 -9999.0 -9999.0 -9999.0 -9999.0 -9999.0 -9999.0 -9999.0 -9999.0 -9999.0 -9999.0 -9999.0 -9999.0 -9999.0 -9999.0 -9999.0 -9999.0 -9999.0 -9999.0 -9999.0 -9999.0 -9999.0 -9999.0 -9999.0 -9999.0 -9999.0 -9999.0 -9999.0 -9999.0 -9999.0 -9999.0 -9999.0 -9999.0 -9999.0 -9999.0 -9999.0 -9999.0 -9999.0 -9999.0 -9999.0 -9999.0 -9999.0 -9999.0 -9999.0 -9999.0 -9999.0 -9999.0 -9999.0 -9999.0 -9999.0 -9999.0 -9999.0 -9999.0 -9999.0 -9999.0 -9999.0
-9999.0 -9999.0 -9999.0 -9999.0 -9999.0 -9999.0 -9999.0 -9999.0 -9999.0 -9999.0 -9999.0 -9999.0 -9999.0 -9999.0 -9999.0 -9999.0 -9999.0 -9999.0 -9999.0 -9999.0 -9999.0 -9999.0 -9999.0 -9999.0 -9999.0 -9999.0 -9999.0 -9999.0 -9999.0 -9999.0 -9999.0 -9999.0 -9999.0 -9999.0 -9999.0 -9999.0 -9999.0 -9999.0 -9999.0 -9999.0 -9999.0 -9999.0 -9999.0 -9999.0 -9999.0 -9999.0 -9999.0 -9999.0 -9999.0 -9999.0 -9999.0 -9999.0 -9999.0 -9999.0 -9999.0 -9999.0 -9999.0 -9999.0 -9999.0 -9999.0 -9999.0 -9999.0 -9999.0 -9999.0 -9999.0 -9999.0 -9999.0 -9999.0 -9999.0 -9999.0 -9999.0 -9999.0 -9999.0 -9999.0 -9999.0 -9999.0 -9999.0 -9999.0 -9999.0 -9999.0 -9999.0 -9999.0 -9999.0 -9999.0 -9999.0 -9999.0 -9999.0 -9999.0 -9999.0 -9999.0 -9999.0 -9999.0 -9999.0 -9999.0 -9999.0 -9999.0 -9999.0 -9999.0 -9999.0 -9999.0 -9999.0 -9999.0 -9999.0 -9999.0