inst/processing_geotop_simulation/geotop_simulation/out/maps3D/PwL0007N0062.asc
ncols         104
nrows         10
xllcorner     -2.000000
yllcorner     0.000000
cellsize      1.000000
NODATA_value  -9999.0
-9999.0 -9999.0 -9999.0 -9999.0 -9999.0 -9999.0 -9999.0 -9999.0 -9999.0 -9999.0 -9999.0 -9999.0 -9999.0 -9999.0 -9999.0 -9999.0 -9999.0 -9999.0 -9999.0 -9999.0 -9999.0 -9999.0 -9999.0 -9999.0 -9999.0 -9999.0 -9999.0 -9999.0 -9999.0 -9999.0 -9999.0 -9999.0 -9999.0 -9999.0 -9999.0 -9999.0 -9999.0 -9999.0 -9999.0 -9999.0 -9999.0 -9999.0 -9999.0 -9999.0 -9999.0 -9999.0 -9999.0 -9999.0 -9999.0 -9999.0 -9999.0 -9999.0 -9999.0 -9999.0 -9999.0 -9999.0 -9999.0 -9999.0 -9999.0 -9999.0 -9999.0 -9999.0 -9999.0 -9999.0 -9999.0 -9999.0 -9999.0 -9999.0 -9999.0 -9999.0 -9999.0 -9999.0 -9999.0 -9999.0 -9999.0 -9999.0 -9999.0 -9999.0 -9999.0 -9999.0 -9999.0 -9999.0 -9999.0 -9999.0 -9999.0 -9999.0 -9999.0 -9999.0 -9999.0 -9999.0 -9999.0 -9999.0 -9999.0 -9999.0 -9999.0 -9999.0 -9999.0 -9999.0 -9999.0 -9999.0 -9999.0 -9999.0 -9999.0 -9999.0
-9999.0 -9999.0 -9999.0 -9999.0 -9999.0 -9999.0 -9999.0 -9999.0 -9999.0 -9999.0 -9999.0 -9999.0 -9999.0 -9999.0 -9999.0 -9999.0 -9999.0 -9999.0 -9999.0 -9999.0 -9999.0 -9999.0 -9999.0 -9999.0 -9999.0 -9999.0 -9999.0 -9999.0 -9999.0 -9999.0 -9999.0 -9999.0 -9999.0 -9999.0 -9999.0 -9999.0 -9999.0 -9999.0 -9999.0 -9999.0 -9999.0 -9999.0 -9999.0 -9999.0 -9999.0 -9999.0 -9999.0 -9999.0 -9999.0 -9999.0 -9999.0 -9999.0 -9999.0 -9999.0 -9999.0 -9999.0 -9999.0 -9999.0 -9999.0 -9999.0 -9999.0 -9999.0 -9999.0 -9999.0 -9999.0 -9999.0 -9999.0 -9999.0 -9999.0 -9999.0 -9999.0 -9999.0 -9999.0 -9999.0 -9999.0 -9999.0 -9999.0 -9999.0 -9999.0 -9999.0 -9999.0 -9999.0 -9999.0 -9999.0 -9999.0 -9999.0 -9999.0 -9999.0 -9999.0 -9999.0 -9999.0 -9999.0 -9999.0 -9999.0 -9999.0 -9999.0 -9999.0 -9999.0 -9999.0 -9999.0 -9999.0 -9999.0 -9999.0 -9999.0
-9999.0 -9999.0 -319.384678 -437.461240 -573.146268 -725.482987 -871.188437 -971.316269 -1018.134822 -1029.551301 -998.398124 -954.007813 -916.618046 -910.812191 -940.868451 -980.509830 -1022.337477 -1044.460239 -1034.023125 -1020.007913 -1009.105243 -1003.207722 -1002.016905 -1004.505472 -1009.493314 -1015.850046 -1022.569560 -1028.863755 -1034.246392 -1038.534001 -1041.763544 -1044.090201 -1045.707452 -1046.798020 -1047.512152 -1047.964871 -1048.254176 -1048.505288 -1048.795399 -1048.995811 -1052.652312 -1095.653894 -1192.695879 -1264.502833 -1192.002511 -1151.005841 -1132.538869 -1130.318138 -1130.099054 -1130.124229 -1130.183985 -1130.247780 -1130.308967 -1130.365557 -1130.417760 -1130.475752 -1130.642400 -1131.847402 -1141.154308 -1162.640988 -1201.091817 -1094.516040 -1079.233873 -1052.296467 -1049.498429 -1049.013873 -1048.908052 -1048.889579 -1048.890049 -1048.893797 -1048.897421 -1048.900305 -1048.902484 -1048.904122 -1048.905367 -1048.906330 -1048.907090 -1048.907700 -1048.908202 -1048.908639 -1048.909056 -1048.909506 -1048.910060 -1048.910817 -1048.911926 -1048.913620 -1048.916268 -1048.920475 -1048.927246 -1048.938296 -1048.956650 -1048.987827 -1049.042257 -1049.140222 -1049.321887 -1049.667221 -1050.334780 -1051.638151 -1054.211668 -1059.436563 -1070.644020 -1096.916657 -9999.0 -9999.0
-9999.0 -9999.0 -319.384677 -437.461238 -573.146264 -725.482982 -871.188433 -971.316269 -1018.134823 -1029.551301 -998.398124 -954.007813 -916.618046 -910.812191 -940.868451 -980.509830 -1022.337477 -1044.460239 -1034.023125 -1020.007913 -1009.105243 -1003.207722 -1002.016905 -1004.505472 -1009.493314 -1015.850046 -1022.569560 -1028.863755 -1034.246392 -1038.534001 -1041.763544 -1044.090201 -1045.707452 -1046.798020 -1047.512152 -1047.964871 -1048.254176 -1048.505288 -1048.795399 -1048.995811 -1052.652312 -1095.653894 -1192.695879 -1264.502833 -1192.002510 -1151.005840 -1132.538869 -1130.318138 -1130.099054 -1130.124229 -1130.183985 -1130.247780 -1130.308967 -1130.365557 -1130.417760 -1130.475752 -1130.642400 -1131.847402 -1141.154308 -1162.640988 -1201.091817 -1094.516040 -1079.233873 -1052.296467 -1049.498429 -1049.013873 -1048.908052 -1048.889579 -1048.890049 -1048.893797 -1048.897421 -1048.900305 -1048.902484 -1048.904122 -1048.905367 -1048.906330 -1048.907090 -1048.907700 -1048.908202 -1048.908639 -1048.909056 -1048.909506 -1048.910060 -1048.910817 -1048.911926 -1048.913620 -1048.916268 -1048.920475 -1048.927246 -1048.938296 -1048.956650 -1048.987827 -1049.042257 -1049.140222 -1049.321887 -1049.667221 -1050.334780 -1051.638151 -1054.211668 -1059.436563 -1070.644020 -1096.916657 -9999.0 -9999.0
-9999.0 -9999.0 -319.384677 -437.461237 -573.146262 -725.482979 -871.188431 -971.316268 -1018.134823 -1029.551302 -998.398124 -954.007813 -916.618046 -910.812191 -940.868451 -980.509830 -1022.337477 -1044.460239 -1034.023125 -1020.007913 -1009.105243 -1003.207722 -1002.016905 -1004.505472 -1009.493314 -1015.850046 -1022.569560 -1028.863755 -1034.246392 -1038.534001 -1041.763544 -1044.090201 -1045.707452 -1046.798020 -1047.512152 -1047.964871 -1048.254176 -1048.505288 -1048.795399 -1048.995811 -1052.652312 -1095.653894 -1192.695879 -1264.502833 -1192.002510 -1151.005840 -1132.538869 -1130.318138 -1130.099054 -1130.124229 -1130.183985 -1130.247780 -1130.308967 -1130.365557 -1130.417760 -1130.475752 -1130.642400 -1131.847402 -1141.154308 -1162.640988 -1201.091817 -1094.516040 -1079.233873 -1052.296467 -1049.498429 -1049.013873 -1048.908052 -1048.889579 -1048.890049 -1048.893797 -1048.897421 -1048.900305 -1048.902484 -1048.904122 -1048.905367 -1048.906330 -1048.907090 -1048.907700 -1048.908202 -1048.908639 -1048.909056 -1048.909506 -1048.910060 -1048.910817 -1048.911926 -1048.913620 -1048.916268 -1048.920475 -1048.927246 -1048.938296 -1048.956650 -1048.987827 -1049.042257 -1049.140222 -1049.321887 -1049.667221 -1050.334780 -1051.638151 -1054.211668 -1059.436563 -1070.644020 -1096.916657 -9999.0 -9999.0
-9999.0 -9999.0 -319.384677 -437.461237 -573.146262 -725.482978 -871.188431 -971.316268 -1018.134823 -1029.551302 -998.398124 -954.007813 -916.618046 -910.812191 -940.868451 -980.509830 -1022.337477 -1044.460239 -1034.023125 -1020.007913 -1009.105243 -1003.207722 -1002.016905 -1004.505472 -1009.493314 -1015.850046 -1022.569560 -1028.863755 -1034.246392 -1038.534001 -1041.763544 -1044.090201 -1045.707452 -1046.798020 -1047.512152 -1047.964871 -1048.254176 -1048.505288 -1048.795399 -1048.995811 -1052.652312 -1095.653894 -1192.695879 -1264.502833 -1192.002510 -1151.005840 -1132.538869 -1130.318138 -1130.099054 -1130.124229 -1130.183985 -1130.247780 -1130.308967 -1130.365557 -1130.417760 -1130.475752 -1130.642400 -1131.847402 -1141.154308 -1162.640988 -1201.091817 -1094.516040 -1079.233873 -1052.296467 -1049.498429 -1049.013873 -1048.908052 -1048.889579 -1048.890049 -1048.893797 -1048.897421 -1048.900305 -1048.902484 -1048.904122 -1048.905367 -1048.906330 -1048.907090 -1048.907700 -1048.908202 -1048.908639 -1048.909056 -1048.909506 -1048.910060 -1048.910817 -1048.911926 -1048.913620 -1048.916268 -1048.920475 -1048.927246 -1048.938296 -1048.956650 -1048.987827 -1049.042257 -1049.140222 -1049.321887 -1049.667221 -1050.334780 -1051.638151 -1054.211668 -1059.436563 -1070.644020 -1096.916657 -9999.0 -9999.0
-9999.0 -9999.0 -319.384677 -437.461238 -573.146264 -725.482982 -871.188433 -971.316269 -1018.134823 -1029.551301 -998.398124 -954.007813 -916.618046 -910.812191 -940.868451 -980.509830 -1022.337477 -1044.460239 -1034.023125 -1020.007913 -1009.105243 -1003.207722 -1002.016905 -1004.505472 -1009.493314 -1015.850046 -1022.569560 -1028.863755 -1034.246392 -1038.534001 -1041.763544 -1044.090201 -1045.707452 -1046.798020 -1047.512152 -1047.964871 -1048.254176 -1048.505288 -1048.795399 -1048.995811 -1052.652312 -1095.653894 -1192.695879 -1264.502833 -1192.002510 -1151.005840 -1132.538869 -1130.318138 -1130.099054 -1130.124229 -1130.183985 -1130.247780 -1130.308967 -1130.365557 -1130.417760 -1130.475752 -1130.642400 -1131.847402 -1141.154308 -1162.640988 -1201.091817 -1094.516040 -1079.233873 -1052.296467 -1049.498429 -1049.013873 -1048.908052 -1048.889579 -1048.890049 -1048.893797 -1048.897421 -1048.900305 -1048.902484 -1048.904122 -1048.905367 -1048.906330 -1048.907090 -1048.907700 -1048.908202 -1048.908639 -1048.909056 -1048.909506 -1048.910060 -1048.910817 -1048.911926 -1048.913620 -1048.916268 -1048.920475 -1048.927246 -1048.938296 -1048.956650 -1048.987827 -1049.042257 -1049.140222 -1049.321887 -1049.667221 -1050.334780 -1051.638151 -1054.211668 -1059.436563 -1070.644020 -1096.916657 -9999.0 -9999.0
-9999.0 -9999.0 -319.384678 -437.461240 -573.146268 -725.482987 -871.188437 -971.316269 -1018.134822 -1029.551301 -998.398124 -954.007813 -916.618046 -910.812191 -940.868451 -980.509830 -1022.337477 -1044.460239 -1034.023125 -1020.007913 -1009.105243 -1003.207722 -1002.016905 -1004.505472 -1009.493314 -1015.850046 -1022.569560 -1028.863755 -1034.246392 -1038.534001 -1041.763544 -1044.090201 -1045.707452 -1046.798020 -1047.512152 -1047.964871 -1048.254176 -1048.505288 -1048.795399 -1048.995811 -1052.652312 -1095.653894 -1192.695879 -1264.502833 -1192.002511 -1151.005841 -1132.538869 -1130.318138 -1130.099054 -1130.124229 -1130.183985 -1130.247780 -1130.308967 -1130.365557 -1130.417760 -1130.475752 -1130.642400 -1131.847402 -1141.154308 -1162.640988 -1201.091817 -1094.516040 -1079.233873 -1052.296467 -1049.498429 -1049.013873 -1048.908052 -1048.889579 -1048.890049 -1048.893797 -1048.897421 -1048.900305 -1048.902484 -1048.904122 -1048.905367 -1048.906330 -1048.907090 -1048.907700 -1048.908202 -1048.908639 -1048.909056 -1048.909506 -1048.910060 -1048.910817 -1048.911926 -1048.913620 -1048.916268 -1048.920475 -1048.927246 -1048.938296 -1048.956650 -1048.987827 -1049.042257 -1049.140222 -1049.321887 -1049.667221 -1050.334780 -1051.638151 -1054.211668 -1059.436563 -1070.644020 -1096.916657 -9999.0 -9999.0
-9999.0 -9999.0 -9999.0 -9999.0 -9999.0 -9999.0 -9999.0 -9999.0 -9999.0 -9999.0 -9999.0 -9999.0 -9999.0 -9999.0 -9999.0 -9999.0 -9999.0 -9999.0 -9999.0 -9999.0 -9999.0 -9999.0 -9999.0 -9999.0 -9999.0 -9999.0 -9999.0 -9999.0 -9999.0 -9999.0 -9999.0 -9999.0 -9999.0 -9999.0 -9999.0 -9999.0 -9999.0 -9999.0 -9999.0 -9999.0 -9999.0 -9999.0 -9999.0 -9999.0 -9999.0 -9999.0 -9999.0 -9999.0 -9999.0 -9999.0 -9999.0 -9999.0 -9999.0 -9999.0 -9999.0 -9999.0 -9999.0 -9999.0 -9999.0 -9999.0 -9999.0 -9999.0 -9999.0 -9999.0 -9999.0 -9999.0 -9999.0 -9999.0 -9999.0 -9999.0 -9999.0 -9999.0 -9999.0 -9999.0 -9999.0 -9999.0 -9999.0 -9999.0 -9999.0 -9999.0 -9999.0 -9999.0 -9999.0 -9999.0 -9999.0 -9999.0 -9999.0 -9999.0 -9999.0 -9999.0 -9999.0 -9999.0 -9999.0 -9999.0 -9999.0 -9999.0 -9999.0 -9999.0 -9999.0 -9999.0 -9999.0 -9999.0 -9999.0 -9999.0
-9999.0 -9999.0 -9999.0 -9999.0 -9999.0 -9999.0 -9999.0 -9999.0 -9999.0 -9999.0 -9999.0 -9999.0 -9999.0 -9999.0 -9999.0 -9999.0 -9999.0 -9999.0 -9999.0 -9999.0 -9999.0 -9999.0 -9999.0 -9999.0 -9999.0 -9999.0 -9999.0 -9999.0 -9999.0 -9999.0 -9999.0 -9999.0 -9999.0 -9999.0 -9999.0 -9999.0 -9999.0 -9999.0 -9999.0 -9999.0 -9999.0 -9999.0 -9999.0 -9999.0 -9999.0 -9999.0 -9999.0 -9999.0 -9999.0 -9999.0 -9999.0 -9999.0 -9999.0 -9999.0 -9999.0 -9999.0 -9999.0 -9999.0 -9999.0 -9999.0 -9999.0 -9999.0 -9999.0 -9999.0 -9999.0 -9999.0 -9999.0 -9999.0 -9999.0 -9999.0 -9999.0 -9999.0 -9999.0 -9999.0 -9999.0 -9999.0 -9999.0 -9999.0 -9999.0 -9999.0 -9999.0 -9999.0 -9999.0 -9999.0 -9999.0 -9999.0 -9999.0 -9999.0 -9999.0 -9999.0 -9999.0 -9999.0 -9999.0 -9999.0 -9999.0 -9999.0 -9999.0 -9999.0 -9999.0 -9999.0 -9999.0 -9999.0 -9999.0 -9999.0