inst/processing_geotop_simulation/geotop_simulation/out/maps3D/PwL0008N0018.asc
ncols         104
nrows         10
xllcorner     -2.000000
yllcorner     0.000000
cellsize      1.000000
NODATA_value  -9999.0
-9999.0 -9999.0 -9999.0 -9999.0 -9999.0 -9999.0 -9999.0 -9999.0 -9999.0 -9999.0 -9999.0 -9999.0 -9999.0 -9999.0 -9999.0 -9999.0 -9999.0 -9999.0 -9999.0 -9999.0 -9999.0 -9999.0 -9999.0 -9999.0 -9999.0 -9999.0 -9999.0 -9999.0 -9999.0 -9999.0 -9999.0 -9999.0 -9999.0 -9999.0 -9999.0 -9999.0 -9999.0 -9999.0 -9999.0 -9999.0 -9999.0 -9999.0 -9999.0 -9999.0 -9999.0 -9999.0 -9999.0 -9999.0 -9999.0 -9999.0 -9999.0 -9999.0 -9999.0 -9999.0 -9999.0 -9999.0 -9999.0 -9999.0 -9999.0 -9999.0 -9999.0 -9999.0 -9999.0 -9999.0 -9999.0 -9999.0 -9999.0 -9999.0 -9999.0 -9999.0 -9999.0 -9999.0 -9999.0 -9999.0 -9999.0 -9999.0 -9999.0 -9999.0 -9999.0 -9999.0 -9999.0 -9999.0 -9999.0 -9999.0 -9999.0 -9999.0 -9999.0 -9999.0 -9999.0 -9999.0 -9999.0 -9999.0 -9999.0 -9999.0 -9999.0 -9999.0 -9999.0 -9999.0 -9999.0 -9999.0 -9999.0 -9999.0 -9999.0 -9999.0
-9999.0 -9999.0 -9999.0 -9999.0 -9999.0 -9999.0 -9999.0 -9999.0 -9999.0 -9999.0 -9999.0 -9999.0 -9999.0 -9999.0 -9999.0 -9999.0 -9999.0 -9999.0 -9999.0 -9999.0 -9999.0 -9999.0 -9999.0 -9999.0 -9999.0 -9999.0 -9999.0 -9999.0 -9999.0 -9999.0 -9999.0 -9999.0 -9999.0 -9999.0 -9999.0 -9999.0 -9999.0 -9999.0 -9999.0 -9999.0 -9999.0 -9999.0 -9999.0 -9999.0 -9999.0 -9999.0 -9999.0 -9999.0 -9999.0 -9999.0 -9999.0 -9999.0 -9999.0 -9999.0 -9999.0 -9999.0 -9999.0 -9999.0 -9999.0 -9999.0 -9999.0 -9999.0 -9999.0 -9999.0 -9999.0 -9999.0 -9999.0 -9999.0 -9999.0 -9999.0 -9999.0 -9999.0 -9999.0 -9999.0 -9999.0 -9999.0 -9999.0 -9999.0 -9999.0 -9999.0 -9999.0 -9999.0 -9999.0 -9999.0 -9999.0 -9999.0 -9999.0 -9999.0 -9999.0 -9999.0 -9999.0 -9999.0 -9999.0 -9999.0 -9999.0 -9999.0 -9999.0 -9999.0 -9999.0 -9999.0 -9999.0 -9999.0 -9999.0 -9999.0
-9999.0 -9999.0 372.384047 276.796173 181.604452 84.068274 -16.867716 -116.639087 -199.465779 -239.171880 -325.545305 -361.217851 -376.968038 -384.509570 -273.842753 -131.956794 24.604342 204.418920 283.506813 240.966092 193.799637 142.374460 86.449241 25.925693 -38.611767 -105.394070 -170.656048 -229.461693 -276.222719 -308.848960 -329.015627 -340.424591 -346.520457 -349.239582 -349.835881 -348.871826 -346.283573 -341.440692 -332.892685 -317.487928 -298.013429 -302.157345 -3069.587836 -4579.143850 -4579.207609 -4579.207357 -4579.207166 -4579.207139 -4579.207136 -4579.207136 -4579.207136 -4579.207136 -4579.207136 -4579.207136 -4579.207136 -4579.207136 -4579.207137 -4579.207139 -4579.207144 -4579.207170 -4579.101664 -2930.440215 -83.376049 -145.296350 -195.735412 -241.340166 -279.869536 -309.047478 -328.637252 -340.613164 -347.412768 -351.161972 -353.218266 -354.364063 -355.014194 -355.383803 -355.599493 -355.731399 -355.803948 -355.842629 -355.883992 -355.924933 -355.963402 -356.024808 -356.117070 -356.256254 -356.472760 -356.811334 -357.346713 -358.189468 -359.515562 -361.595360 -364.845702 -369.893633 -377.662573 -389.463351 -407.064446 -432.702496 -469.135407 -520.926930 -599.482770 -722.474306 -9999.0 -9999.0
-9999.0 -9999.0 372.451437 276.817631 181.611361 84.070721 -16.866804 -116.638746 -199.465666 -239.171852 -325.545297 -361.217849 -376.968037 -384.509569 -273.842753 -131.956794 24.604342 204.418920 283.506813 240.966092 193.799637 142.374460 86.449242 25.925693 -38.611767 -105.394070 -170.656048 -229.461693 -276.222719 -308.848960 -329.015627 -340.424592 -346.520457 -349.239583 -349.835881 -348.871827 -346.283574 -341.440693 -332.892686 -317.487930 -298.013433 -302.157340 -3069.587834 -4579.143850 -4579.207609 -4579.207357 -4579.207166 -4579.207139 -4579.207136 -4579.207136 -4579.207136 -4579.207136 -4579.207136 -4579.207136 -4579.207136 -4579.207136 -4579.207137 -4579.207139 -4579.207144 -4579.207170 -4579.101664 -2930.440215 -83.376049 -145.296350 -195.735412 -241.340166 -279.869536 -309.047478 -328.637252 -340.613164 -347.412769 -351.161972 -353.218267 -354.364063 -355.014194 -355.383803 -355.599493 -355.731399 -355.803948 -355.842629 -355.883992 -355.924933 -355.963402 -356.024808 -356.117070 -356.256254 -356.472760 -356.811334 -357.346713 -358.189468 -359.515562 -361.595361 -364.845702 -369.893633 -377.662572 -389.463351 -407.064446 -432.702496 -469.135407 -520.926930 -599.482770 -722.474306 -9999.0 -9999.0
-9999.0 -9999.0 372.470253 276.828305 181.616174 84.072757 -16.865974 -116.638421 -199.465557 -239.171825 -325.545289 -361.217848 -376.968037 -384.509569 -273.842753 -131.956794 24.604342 204.418921 283.506813 240.966092 193.799637 142.374460 86.449242 25.925693 -38.611767 -105.394070 -170.656048 -229.461693 -276.222720 -308.848960 -329.015627 -340.424592 -346.520457 -349.239583 -349.835881 -348.871827 -346.283574 -341.440694 -332.892686 -317.487930 -298.013434 -302.157338 -3069.587834 -4579.143850 -4579.207609 -4579.207357 -4579.207166 -4579.207139 -4579.207136 -4579.207136 -4579.207136 -4579.207136 -4579.207136 -4579.207136 -4579.207136 -4579.207136 -4579.207137 -4579.207139 -4579.207144 -4579.207170 -4579.101664 -2930.440215 -83.376049 -145.296350 -195.735413 -241.340167 -279.869536 -309.047478 -328.637252 -340.613164 -347.412769 -351.161972 -353.218267 -354.364064 -355.014194 -355.383803 -355.599493 -355.731399 -355.803948 -355.842629 -355.883992 -355.924933 -355.963402 -356.024808 -356.117070 -356.256254 -356.472760 -356.811334 -357.346713 -358.189468 -359.515562 -361.595360 -364.845702 -369.893633 -377.662573 -389.463351 -407.064446 -432.702496 -469.135407 -520.926930 -599.482770 -722.474306 -9999.0 -9999.0
-9999.0 -9999.0 372.470253 276.828305 181.616174 84.072758 -16.865974 -116.638421 -199.465557 -239.171825 -325.545289 -361.217848 -376.968037 -384.509569 -273.842753 -131.956794 24.604342 204.418920 283.506813 240.966092 193.799637 142.374460 86.449242 25.925693 -38.611767 -105.394070 -170.656048 -229.461693 -276.222720 -308.848960 -329.015627 -340.424592 -346.520457 -349.239583 -349.835881 -348.871827 -346.283574 -341.440694 -332.892686 -317.487930 -298.013434 -302.157338 -3069.587834 -4579.143850 -4579.207609 -4579.207357 -4579.207166 -4579.207139 -4579.207136 -4579.207136 -4579.207136 -4579.207136 -4579.207136 -4579.207136 -4579.207136 -4579.207136 -4579.207137 -4579.207139 -4579.207144 -4579.207170 -4579.101664 -2930.440215 -83.376049 -145.296350 -195.735413 -241.340167 -279.869536 -309.047478 -328.637252 -340.613164 -347.412769 -351.161972 -353.218267 -354.364063 -355.014194 -355.383803 -355.599493 -355.731399 -355.803948 -355.842629 -355.883992 -355.924933 -355.963402 -356.024808 -356.117070 -356.256254 -356.472760 -356.811334 -357.346713 -358.189468 -359.515562 -361.595361 -364.845702 -369.893633 -377.662572 -389.463351 -407.064446 -432.702496 -469.135407 -520.926930 -599.482770 -722.474306 -9999.0 -9999.0
-9999.0 -9999.0 372.451437 276.817631 181.611361 84.070721 -16.866804 -116.638746 -199.465666 -239.171852 -325.545297 -361.217849 -376.968037 -384.509569 -273.842753 -131.956794 24.604342 204.418921 283.506813 240.966092 193.799637 142.374460 86.449242 25.925693 -38.611767 -105.394070 -170.656048 -229.461693 -276.222719 -308.848960 -329.015627 -340.424592 -346.520457 -349.239583 -349.835881 -348.871827 -346.283574 -341.440693 -332.892685 -317.487930 -298.013432 -302.157340 -3069.587834 -4579.143850 -4579.207609 -4579.207357 -4579.207166 -4579.207139 -4579.207136 -4579.207136 -4579.207136 -4579.207136 -4579.207136 -4579.207136 -4579.207136 -4579.207136 -4579.207137 -4579.207139 -4579.207144 -4579.207170 -4579.101664 -2930.440215 -83.376049 -145.296350 -195.735412 -241.340166 -279.869536 -309.047478 -328.637252 -340.613164 -347.412769 -351.161972 -353.218267 -354.364063 -355.014194 -355.383803 -355.599493 -355.731399 -355.803948 -355.842629 -355.883992 -355.924933 -355.963402 -356.024808 -356.117070 -356.256254 -356.472760 -356.811334 -357.346713 -358.189468 -359.515562 -361.595360 -364.845702 -369.893633 -377.662573 -389.463351 -407.064446 -432.702496 -469.135407 -520.926930 -599.482770 -722.474306 -9999.0 -9999.0
-9999.0 -9999.0 372.384047 276.796173 181.604451 84.068274 -16.867716 -116.639087 -199.465779 -239.171880 -325.545305 -361.217851 -376.968038 -384.509570 -273.842753 -131.956794 24.604342 204.418920 283.506813 240.966092 193.799637 142.374460 86.449241 25.925693 -38.611767 -105.394070 -170.656048 -229.461693 -276.222719 -308.848960 -329.015627 -340.424591 -346.520457 -349.239582 -349.835881 -348.871826 -346.283573 -341.440692 -332.892685 -317.487928 -298.013429 -302.157345 -3069.587836 -4579.143850 -4579.207609 -4579.207357 -4579.207166 -4579.207139 -4579.207136 -4579.207136 -4579.207136 -4579.207136 -4579.207136 -4579.207136 -4579.207136 -4579.207136 -4579.207137 -4579.207139 -4579.207144 -4579.207170 -4579.101664 -2930.440215 -83.376049 -145.296350 -195.735412 -241.340166 -279.869536 -309.047478 -328.637252 -340.613164 -347.412769 -351.161972 -353.218266 -354.364063 -355.014194 -355.383803 -355.599493 -355.731399 -355.803948 -355.842629 -355.883992 -355.924933 -355.963402 -356.024808 -356.117070 -356.256254 -356.472760 -356.811334 -357.346713 -358.189468 -359.515562 -361.595361 -364.845702 -369.893633 -377.662572 -389.463351 -407.064446 -432.702496 -469.135407 -520.926930 -599.482770 -722.474306 -9999.0 -9999.0
-9999.0 -9999.0 -9999.0 -9999.0 -9999.0 -9999.0 -9999.0 -9999.0 -9999.0 -9999.0 -9999.0 -9999.0 -9999.0 -9999.0 -9999.0 -9999.0 -9999.0 -9999.0 -9999.0 -9999.0 -9999.0 -9999.0 -9999.0 -9999.0 -9999.0 -9999.0 -9999.0 -9999.0 -9999.0 -9999.0 -9999.0 -9999.0 -9999.0 -9999.0 -9999.0 -9999.0 -9999.0 -9999.0 -9999.0 -9999.0 -9999.0 -9999.0 -9999.0 -9999.0 -9999.0 -9999.0 -9999.0 -9999.0 -9999.0 -9999.0 -9999.0 -9999.0 -9999.0 -9999.0 -9999.0 -9999.0 -9999.0 -9999.0 -9999.0 -9999.0 -9999.0 -9999.0 -9999.0 -9999.0 -9999.0 -9999.0 -9999.0 -9999.0 -9999.0 -9999.0 -9999.0 -9999.0 -9999.0 -9999.0 -9999.0 -9999.0 -9999.0 -9999.0 -9999.0 -9999.0 -9999.0 -9999.0 -9999.0 -9999.0 -9999.0 -9999.0 -9999.0 -9999.0 -9999.0 -9999.0 -9999.0 -9999.0 -9999.0 -9999.0 -9999.0 -9999.0 -9999.0 -9999.0 -9999.0 -9999.0 -9999.0 -9999.0 -9999.0 -9999.0
-9999.0 -9999.0 -9999.0 -9999.0 -9999.0 -9999.0 -9999.0 -9999.0 -9999.0 -9999.0 -9999.0 -9999.0 -9999.0 -9999.0 -9999.0 -9999.0 -9999.0 -9999.0 -9999.0 -9999.0 -9999.0 -9999.0 -9999.0 -9999.0 -9999.0 -9999.0 -9999.0 -9999.0 -9999.0 -9999.0 -9999.0 -9999.0 -9999.0 -9999.0 -9999.0 -9999.0 -9999.0 -9999.0 -9999.0 -9999.0 -9999.0 -9999.0 -9999.0 -9999.0 -9999.0 -9999.0 -9999.0 -9999.0 -9999.0 -9999.0 -9999.0 -9999.0 -9999.0 -9999.0 -9999.0 -9999.0 -9999.0 -9999.0 -9999.0 -9999.0 -9999.0 -9999.0 -9999.0 -9999.0 -9999.0 -9999.0 -9999.0 -9999.0 -9999.0 -9999.0 -9999.0 -9999.0 -9999.0 -9999.0 -9999.0 -9999.0 -9999.0 -9999.0 -9999.0 -9999.0 -9999.0 -9999.0 -9999.0 -9999.0 -9999.0 -9999.0 -9999.0 -9999.0 -9999.0 -9999.0 -9999.0 -9999.0 -9999.0 -9999.0 -9999.0 -9999.0 -9999.0 -9999.0 -9999.0 -9999.0 -9999.0 -9999.0 -9999.0 -9999.0