inst/processing_geotop_simulation/geotop_simulation/out/maps3D/PwL0016N0200.asc
ncols         104
nrows         10
xllcorner     -2.000000
yllcorner     0.000000
cellsize      1.000000
NODATA_value  -9999.0
-9999.0 -9999.0 -9999.0 -9999.0 -9999.0 -9999.0 -9999.0 -9999.0 -9999.0 -9999.0 -9999.0 -9999.0 -9999.0 -9999.0 -9999.0 -9999.0 -9999.0 -9999.0 -9999.0 -9999.0 -9999.0 -9999.0 -9999.0 -9999.0 -9999.0 -9999.0 -9999.0 -9999.0 -9999.0 -9999.0 -9999.0 -9999.0 -9999.0 -9999.0 -9999.0 -9999.0 -9999.0 -9999.0 -9999.0 -9999.0 -9999.0 -9999.0 -9999.0 -9999.0 -9999.0 -9999.0 -9999.0 -9999.0 -9999.0 -9999.0 -9999.0 -9999.0 -9999.0 -9999.0 -9999.0 -9999.0 -9999.0 -9999.0 -9999.0 -9999.0 -9999.0 -9999.0 -9999.0 -9999.0 -9999.0 -9999.0 -9999.0 -9999.0 -9999.0 -9999.0 -9999.0 -9999.0 -9999.0 -9999.0 -9999.0 -9999.0 -9999.0 -9999.0 -9999.0 -9999.0 -9999.0 -9999.0 -9999.0 -9999.0 -9999.0 -9999.0 -9999.0 -9999.0 -9999.0 -9999.0 -9999.0 -9999.0 -9999.0 -9999.0 -9999.0 -9999.0 -9999.0 -9999.0 -9999.0 -9999.0 -9999.0 -9999.0 -9999.0 -9999.0
-9999.0 -9999.0 -9999.0 -9999.0 -9999.0 -9999.0 -9999.0 -9999.0 -9999.0 -9999.0 -9999.0 -9999.0 -9999.0 -9999.0 -9999.0 -9999.0 -9999.0 -9999.0 -9999.0 -9999.0 -9999.0 -9999.0 -9999.0 -9999.0 -9999.0 -9999.0 -9999.0 -9999.0 -9999.0 -9999.0 -9999.0 -9999.0 -9999.0 -9999.0 -9999.0 -9999.0 -9999.0 -9999.0 -9999.0 -9999.0 -9999.0 -9999.0 -9999.0 -9999.0 -9999.0 -9999.0 -9999.0 -9999.0 -9999.0 -9999.0 -9999.0 -9999.0 -9999.0 -9999.0 -9999.0 -9999.0 -9999.0 -9999.0 -9999.0 -9999.0 -9999.0 -9999.0 -9999.0 -9999.0 -9999.0 -9999.0 -9999.0 -9999.0 -9999.0 -9999.0 -9999.0 -9999.0 -9999.0 -9999.0 -9999.0 -9999.0 -9999.0 -9999.0 -9999.0 -9999.0 -9999.0 -9999.0 -9999.0 -9999.0 -9999.0 -9999.0 -9999.0 -9999.0 -9999.0 -9999.0 -9999.0 -9999.0 -9999.0 -9999.0 -9999.0 -9999.0 -9999.0 -9999.0 -9999.0 -9999.0 -9999.0 -9999.0 -9999.0 -9999.0
-9999.0 -9999.0 778.137227 682.336179 585.838648 488.753925 391.379109 293.876873 196.331060 98.785430 1.269207 -96.192886 -193.585450 -290.834074 -387.795123 -484.232110 -579.750738 -673.806702 -768.620905 -862.615406 -955.433064 -1046.872299 -1125.318157 -1193.056188 -1248.796896 -1292.637024 -1325.766398 -1349.966228 -1367.150453 -1379.071483 -1387.186051 -1392.627134 -1396.233791 -1398.604631 -1400.154844 -1401.168445 -1401.845819 -1402.369580 -1403.140415 -1405.927416 -1418.755151 -1484.126609 -2020.526548 -4152.976726 -4183.166419 -4183.168314 -4183.168313 -4183.168313 -4183.168313 -4183.168312 -4183.168310 -4183.168305 -4183.168297 -4183.168284 -4183.168263 -4183.168220 -4183.168121 -4183.167865 -4183.167154 -4183.161202 -4132.961555 -1890.587769 -1448.232609 -1411.787384 -1404.698642 -1403.432292 -1403.233742 -1403.203933 -1403.200006 -1403.200219 -1403.201009 -1403.201738 -1403.202316 -1403.202760 -1403.203102 -1403.203369 -1403.203581 -1403.203754 -1403.203900 -1403.204029 -1403.204157 -1403.204298 -1403.204474 -1403.204718 -1403.205075 -1403.205623 -1403.206483 -1403.207858 -1403.210094 -1403.213799 -1403.220078 -1403.231004 -1403.250594 -1403.286788 -1403.355582 -1403.489953 -1403.760795 -1404.331308 -1405.608180 -1408.676382 -1416.689844 -1440.787450 -9999.0 -9999.0
-9999.0 -9999.0 778.141489 682.337653 585.839104 488.754069 391.379157 293.876890 196.331066 98.785432 1.269207 -96.192885 -193.585450 -290.834074 -387.795122 -484.232110 -579.750738 -673.806702 -768.620905 -862.615407 -955.433064 -1046.872299 -1125.318158 -1193.056189 -1248.796896 -1292.637024 -1325.766398 -1349.966228 -1367.150453 -1379.071484 -1387.186051 -1392.627134 -1396.233791 -1398.604631 -1400.154844 -1401.168445 -1401.845819 -1402.369580 -1403.140415 -1405.927416 -1418.755151 -1484.126609 -2020.526548 -4152.976726 -4183.166419 -4183.168314 -4183.168313 -4183.168313 -4183.168313 -4183.168312 -4183.168310 -4183.168305 -4183.168297 -4183.168284 -4183.168263 -4183.168220 -4183.168121 -4183.167865 -4183.167154 -4183.161202 -4132.961555 -1890.587769 -1448.232609 -1411.787384 -1404.698642 -1403.432292 -1403.233742 -1403.203933 -1403.200006 -1403.200219 -1403.201009 -1403.201738 -1403.202316 -1403.202760 -1403.203102 -1403.203369 -1403.203581 -1403.203754 -1403.203900 -1403.204029 -1403.204157 -1403.204298 -1403.204474 -1403.204718 -1403.205075 -1403.205623 -1403.206483 -1403.207858 -1403.210094 -1403.213799 -1403.220078 -1403.231004 -1403.250594 -1403.286788 -1403.355582 -1403.489953 -1403.760795 -1404.331308 -1405.608180 -1408.676382 -1416.689844 -1440.787450 -9999.0 -9999.0
-9999.0 -9999.0 778.142896 682.338394 585.839411 488.754185 391.379199 293.876905 196.331072 98.785434 1.269208 -96.192885 -193.585450 -290.834074 -387.795122 -484.232110 -579.750738 -673.806702 -768.620905 -862.615407 -955.433065 -1046.872299 -1125.318158 -1193.056189 -1248.796896 -1292.637024 -1325.766398 -1349.966228 -1367.150453 -1379.071484 -1387.186051 -1392.627134 -1396.233791 -1398.604631 -1400.154844 -1401.168445 -1401.845819 -1402.369580 -1403.140415 -1405.927416 -1418.755151 -1484.126609 -2020.526548 -4152.976726 -4183.166419 -4183.168314 -4183.168313 -4183.168313 -4183.168313 -4183.168312 -4183.168310 -4183.168305 -4183.168297 -4183.168284 -4183.168263 -4183.168220 -4183.168121 -4183.167865 -4183.167154 -4183.161202 -4132.961555 -1890.587769 -1448.232609 -1411.787384 -1404.698642 -1403.432292 -1403.233742 -1403.203933 -1403.200006 -1403.200219 -1403.201009 -1403.201738 -1403.202316 -1403.202760 -1403.203102 -1403.203369 -1403.203581 -1403.203754 -1403.203900 -1403.204029 -1403.204157 -1403.204298 -1403.204474 -1403.204718 -1403.205075 -1403.205623 -1403.206483 -1403.207858 -1403.210094 -1403.213799 -1403.220078 -1403.231004 -1403.250594 -1403.286788 -1403.355582 -1403.489953 -1403.760795 -1404.331308 -1405.608180 -1408.676382 -1416.689844 -1440.787450 -9999.0 -9999.0
-9999.0 -9999.0 778.142896 682.338394 585.839410 488.754185 391.379199 293.876905 196.331072 98.785434 1.269208 -96.192885 -193.585450 -290.834074 -387.795122 -484.232110 -579.750738 -673.806702 -768.620905 -862.615407 -955.433065 -1046.872299 -1125.318158 -1193.056189 -1248.796896 -1292.637024 -1325.766398 -1349.966228 -1367.150453 -1379.071484 -1387.186051 -1392.627134 -1396.233791 -1398.604631 -1400.154844 -1401.168445 -1401.845819 -1402.369580 -1403.140415 -1405.927416 -1418.755151 -1484.126609 -2020.526548 -4152.976726 -4183.166419 -4183.168314 -4183.168313 -4183.168313 -4183.168313 -4183.168312 -4183.168310 -4183.168305 -4183.168297 -4183.168284 -4183.168263 -4183.168220 -4183.168121 -4183.167865 -4183.167154 -4183.161202 -4132.961555 -1890.587769 -1448.232609 -1411.787384 -1404.698642 -1403.432292 -1403.233742 -1403.203933 -1403.200006 -1403.200219 -1403.201009 -1403.201738 -1403.202316 -1403.202760 -1403.203102 -1403.203369 -1403.203581 -1403.203754 -1403.203900 -1403.204029 -1403.204157 -1403.204298 -1403.204474 -1403.204718 -1403.205075 -1403.205623 -1403.206483 -1403.207858 -1403.210094 -1403.213799 -1403.220078 -1403.231004 -1403.250594 -1403.286788 -1403.355582 -1403.489953 -1403.760795 -1404.331308 -1405.608180 -1408.676382 -1416.689844 -1440.787450 -9999.0 -9999.0
-9999.0 -9999.0 778.141489 682.337653 585.839104 488.754069 391.379157 293.876889 196.331066 98.785432 1.269207 -96.192885 -193.585450 -290.834074 -387.795122 -484.232110 -579.750738 -673.806702 -768.620905 -862.615407 -955.433064 -1046.872299 -1125.318158 -1193.056189 -1248.796896 -1292.637024 -1325.766398 -1349.966228 -1367.150453 -1379.071484 -1387.186051 -1392.627134 -1396.233791 -1398.604631 -1400.154844 -1401.168445 -1401.845819 -1402.369580 -1403.140415 -1405.927416 -1418.755151 -1484.126609 -2020.526548 -4152.976726 -4183.166419 -4183.168314 -4183.168313 -4183.168313 -4183.168313 -4183.168312 -4183.168310 -4183.168305 -4183.168297 -4183.168284 -4183.168263 -4183.168220 -4183.168121 -4183.167865 -4183.167154 -4183.161202 -4132.961555 -1890.587769 -1448.232609 -1411.787384 -1404.698642 -1403.432292 -1403.233742 -1403.203933 -1403.200006 -1403.200219 -1403.201009 -1403.201738 -1403.202316 -1403.202760 -1403.203102 -1403.203369 -1403.203581 -1403.203754 -1403.203900 -1403.204029 -1403.204157 -1403.204298 -1403.204474 -1403.204718 -1403.205075 -1403.205623 -1403.206483 -1403.207858 -1403.210094 -1403.213799 -1403.220078 -1403.231004 -1403.250594 -1403.286788 -1403.355582 -1403.489953 -1403.760795 -1404.331308 -1405.608180 -1408.676382 -1416.689844 -1440.787450 -9999.0 -9999.0
-9999.0 -9999.0 778.137227 682.336180 585.838648 488.753925 391.379109 293.876873 196.331060 98.785430 1.269206 -96.192886 -193.585450 -290.834074 -387.795123 -484.232110 -579.750738 -673.806702 -768.620905 -862.615406 -955.433064 -1046.872299 -1125.318157 -1193.056188 -1248.796896 -1292.637024 -1325.766398 -1349.966228 -1367.150453 -1379.071483 -1387.186051 -1392.627134 -1396.233791 -1398.604631 -1400.154844 -1401.168445 -1401.845819 -1402.369580 -1403.140415 -1405.927416 -1418.755151 -1484.126609 -2020.526548 -4152.976726 -4183.166419 -4183.168314 -4183.168313 -4183.168313 -4183.168313 -4183.168312 -4183.168310 -4183.168305 -4183.168297 -4183.168284 -4183.168263 -4183.168220 -4183.168121 -4183.167865 -4183.167154 -4183.161202 -4132.961555 -1890.587769 -1448.232609 -1411.787384 -1404.698642 -1403.432292 -1403.233742 -1403.203933 -1403.200006 -1403.200219 -1403.201009 -1403.201738 -1403.202316 -1403.202760 -1403.203102 -1403.203369 -1403.203581 -1403.203754 -1403.203900 -1403.204029 -1403.204157 -1403.204298 -1403.204474 -1403.204718 -1403.205075 -1403.205623 -1403.206483 -1403.207858 -1403.210094 -1403.213799 -1403.220078 -1403.231004 -1403.250594 -1403.286788 -1403.355582 -1403.489953 -1403.760795 -1404.331308 -1405.608180 -1408.676382 -1416.689844 -1440.787450 -9999.0 -9999.0
-9999.0 -9999.0 -9999.0 -9999.0 -9999.0 -9999.0 -9999.0 -9999.0 -9999.0 -9999.0 -9999.0 -9999.0 -9999.0 -9999.0 -9999.0 -9999.0 -9999.0 -9999.0 -9999.0 -9999.0 -9999.0 -9999.0 -9999.0 -9999.0 -9999.0 -9999.0 -9999.0 -9999.0 -9999.0 -9999.0 -9999.0 -9999.0 -9999.0 -9999.0 -9999.0 -9999.0 -9999.0 -9999.0 -9999.0 -9999.0 -9999.0 -9999.0 -9999.0 -9999.0 -9999.0 -9999.0 -9999.0 -9999.0 -9999.0 -9999.0 -9999.0 -9999.0 -9999.0 -9999.0 -9999.0 -9999.0 -9999.0 -9999.0 -9999.0 -9999.0 -9999.0 -9999.0 -9999.0 -9999.0 -9999.0 -9999.0 -9999.0 -9999.0 -9999.0 -9999.0 -9999.0 -9999.0 -9999.0 -9999.0 -9999.0 -9999.0 -9999.0 -9999.0 -9999.0 -9999.0 -9999.0 -9999.0 -9999.0 -9999.0 -9999.0 -9999.0 -9999.0 -9999.0 -9999.0 -9999.0 -9999.0 -9999.0 -9999.0 -9999.0 -9999.0 -9999.0 -9999.0 -9999.0 -9999.0 -9999.0 -9999.0 -9999.0 -9999.0 -9999.0
-9999.0 -9999.0 -9999.0 -9999.0 -9999.0 -9999.0 -9999.0 -9999.0 -9999.0 -9999.0 -9999.0 -9999.0 -9999.0 -9999.0 -9999.0 -9999.0 -9999.0 -9999.0 -9999.0 -9999.0 -9999.0 -9999.0 -9999.0 -9999.0 -9999.0 -9999.0 -9999.0 -9999.0 -9999.0 -9999.0 -9999.0 -9999.0 -9999.0 -9999.0 -9999.0 -9999.0 -9999.0 -9999.0 -9999.0 -9999.0 -9999.0 -9999.0 -9999.0 -9999.0 -9999.0 -9999.0 -9999.0 -9999.0 -9999.0 -9999.0 -9999.0 -9999.0 -9999.0 -9999.0 -9999.0 -9999.0 -9999.0 -9999.0 -9999.0 -9999.0 -9999.0 -9999.0 -9999.0 -9999.0 -9999.0 -9999.0 -9999.0 -9999.0 -9999.0 -9999.0 -9999.0 -9999.0 -9999.0 -9999.0 -9999.0 -9999.0 -9999.0 -9999.0 -9999.0 -9999.0 -9999.0 -9999.0 -9999.0 -9999.0 -9999.0 -9999.0 -9999.0 -9999.0 -9999.0 -9999.0 -9999.0 -9999.0 -9999.0 -9999.0 -9999.0 -9999.0 -9999.0 -9999.0 -9999.0 -9999.0 -9999.0 -9999.0 -9999.0 -9999.0