inst/processing_geotop_simulation/geotop_simulation/out/maps3D/PwL0018N0115.asc
ncols         104
nrows         10
xllcorner     -2.000000
yllcorner     0.000000
cellsize      1.000000
NODATA_value  -9999.0
-9999.0 -9999.0 -9999.0 -9999.0 -9999.0 -9999.0 -9999.0 -9999.0 -9999.0 -9999.0 -9999.0 -9999.0 -9999.0 -9999.0 -9999.0 -9999.0 -9999.0 -9999.0 -9999.0 -9999.0 -9999.0 -9999.0 -9999.0 -9999.0 -9999.0 -9999.0 -9999.0 -9999.0 -9999.0 -9999.0 -9999.0 -9999.0 -9999.0 -9999.0 -9999.0 -9999.0 -9999.0 -9999.0 -9999.0 -9999.0 -9999.0 -9999.0 -9999.0 -9999.0 -9999.0 -9999.0 -9999.0 -9999.0 -9999.0 -9999.0 -9999.0 -9999.0 -9999.0 -9999.0 -9999.0 -9999.0 -9999.0 -9999.0 -9999.0 -9999.0 -9999.0 -9999.0 -9999.0 -9999.0 -9999.0 -9999.0 -9999.0 -9999.0 -9999.0 -9999.0 -9999.0 -9999.0 -9999.0 -9999.0 -9999.0 -9999.0 -9999.0 -9999.0 -9999.0 -9999.0 -9999.0 -9999.0 -9999.0 -9999.0 -9999.0 -9999.0 -9999.0 -9999.0 -9999.0 -9999.0 -9999.0 -9999.0 -9999.0 -9999.0 -9999.0 -9999.0 -9999.0 -9999.0 -9999.0 -9999.0 -9999.0 -9999.0 -9999.0 -9999.0
-9999.0 -9999.0 -9999.0 -9999.0 -9999.0 -9999.0 -9999.0 -9999.0 -9999.0 -9999.0 -9999.0 -9999.0 -9999.0 -9999.0 -9999.0 -9999.0 -9999.0 -9999.0 -9999.0 -9999.0 -9999.0 -9999.0 -9999.0 -9999.0 -9999.0 -9999.0 -9999.0 -9999.0 -9999.0 -9999.0 -9999.0 -9999.0 -9999.0 -9999.0 -9999.0 -9999.0 -9999.0 -9999.0 -9999.0 -9999.0 -9999.0 -9999.0 -9999.0 -9999.0 -9999.0 -9999.0 -9999.0 -9999.0 -9999.0 -9999.0 -9999.0 -9999.0 -9999.0 -9999.0 -9999.0 -9999.0 -9999.0 -9999.0 -9999.0 -9999.0 -9999.0 -9999.0 -9999.0 -9999.0 -9999.0 -9999.0 -9999.0 -9999.0 -9999.0 -9999.0 -9999.0 -9999.0 -9999.0 -9999.0 -9999.0 -9999.0 -9999.0 -9999.0 -9999.0 -9999.0 -9999.0 -9999.0 -9999.0 -9999.0 -9999.0 -9999.0 -9999.0 -9999.0 -9999.0 -9999.0 -9999.0 -9999.0 -9999.0 -9999.0 -9999.0 -9999.0 -9999.0 -9999.0 -9999.0 -9999.0 -9999.0 -9999.0 -9999.0 -9999.0
-9999.0 -9999.0 890.584970 798.693961 705.880349 612.003101 517.566869 422.881671 328.114323 233.354571 138.650993 44.028707 -50.482923 -144.869648 -239.161868 -333.482188 -428.092301 -523.228612 -618.844164 -713.182735 -805.085026 -894.641491 -979.917870 -1039.366589 -1080.719147 -1107.067449 -1122.757827 -1131.642649 -1136.479814 -1139.024761 -1140.324229 -1140.971683 -1141.290679 -1141.450794 -1141.536931 -1141.591741 -1141.644467 -1141.739987 -1142.051728 -1143.873612 -1156.121272 -1251.453572 -2057.138690 -4073.762440 -4084.158077 -4084.158416 -4084.158416 -4084.158414 -4084.158402 -4084.158353 -4084.158194 -4084.157648 -4084.156614 -4084.155137 -4084.152468 -4084.146815 -4084.133115 -4084.095906 -4083.984775 -4083.625879 -4064.766090 -1915.647905 -1218.271592 -1151.322499 -1143.080962 -1142.075607 -1141.940878 -1141.920216 -1141.917978 -1141.919027 -1141.920438 -1141.921638 -1141.922567 -1141.923273 -1141.923813 -1141.924232 -1141.924564 -1141.924832 -1141.925056 -1141.925253 -1141.925446 -1141.925658 -1141.925923 -1141.926290 -1141.926832 -1141.927663 -1141.928968 -1141.931053 -1141.934430 -1141.939995 -1141.949355 -1141.965499 -1141.994167 -1142.046641 -1142.145457 -1142.336238 -1142.713846 -1143.487912 -1145.168818 -1149.111692 -1159.037343 -1185.927552 -9999.0 -9999.0
-9999.0 -9999.0 890.588887 798.695405 705.880813 612.003251 517.566920 422.881688 328.114329 233.354573 138.650994 44.028707 -50.482923 -144.869648 -239.161868 -333.482188 -428.092301 -523.228612 -618.844164 -713.182735 -805.085026 -894.641491 -979.917870 -1039.366589 -1080.719147 -1107.067449 -1122.757827 -1131.642649 -1136.479814 -1139.024761 -1140.324229 -1140.971683 -1141.290679 -1141.450794 -1141.536931 -1141.591741 -1141.644467 -1141.739987 -1142.051728 -1143.873612 -1156.121272 -1251.453572 -2057.138690 -4073.762440 -4084.158077 -4084.158416 -4084.158416 -4084.158414 -4084.158402 -4084.158353 -4084.158194 -4084.157648 -4084.156614 -4084.155137 -4084.152468 -4084.146815 -4084.133115 -4084.095906 -4083.984775 -4083.625879 -4064.766090 -1915.647905 -1218.271593 -1151.322499 -1143.080962 -1142.075607 -1141.940878 -1141.920216 -1141.917978 -1141.919027 -1141.920438 -1141.921638 -1141.922567 -1141.923273 -1141.923813 -1141.924232 -1141.924564 -1141.924832 -1141.925056 -1141.925253 -1141.925446 -1141.925658 -1141.925923 -1141.926290 -1141.926832 -1141.927663 -1141.928968 -1141.931053 -1141.934430 -1141.939995 -1141.949355 -1141.965499 -1141.994167 -1142.046641 -1142.145457 -1142.336238 -1142.713846 -1143.487912 -1145.168818 -1149.111692 -1159.037343 -1185.927552 -9999.0 -9999.0
-9999.0 -9999.0 890.590298 798.696159 705.881130 612.003372 517.566964 422.881705 328.114335 233.354575 138.650995 44.028707 -50.482923 -144.869648 -239.161868 -333.482188 -428.092301 -523.228612 -618.844164 -713.182735 -805.085026 -894.641491 -979.917871 -1039.366589 -1080.719147 -1107.067449 -1122.757827 -1131.642649 -1136.479814 -1139.024761 -1140.324229 -1140.971683 -1141.290679 -1141.450794 -1141.536931 -1141.591741 -1141.644467 -1141.739987 -1142.051728 -1143.873612 -1156.121272 -1251.453572 -2057.138690 -4073.762440 -4084.158077 -4084.158416 -4084.158416 -4084.158414 -4084.158402 -4084.158353 -4084.158194 -4084.157648 -4084.156614 -4084.155137 -4084.152468 -4084.146815 -4084.133115 -4084.095906 -4083.984775 -4083.625879 -4064.766090 -1915.647905 -1218.271592 -1151.322499 -1143.080962 -1142.075607 -1141.940878 -1141.920216 -1141.917978 -1141.919027 -1141.920438 -1141.921638 -1141.922567 -1141.923273 -1141.923813 -1141.924232 -1141.924564 -1141.924832 -1141.925056 -1141.925253 -1141.925446 -1141.925658 -1141.925923 -1141.926290 -1141.926832 -1141.927663 -1141.928968 -1141.931053 -1141.934430 -1141.939995 -1141.949355 -1141.965499 -1141.994167 -1142.046641 -1142.145457 -1142.336238 -1142.713846 -1143.487912 -1145.168818 -1149.111692 -1159.037343 -1185.927552 -9999.0 -9999.0
-9999.0 -9999.0 890.590298 798.696159 705.881130 612.003372 517.566964 422.881704 328.114335 233.354575 138.650995 44.028707 -50.482923 -144.869648 -239.161868 -333.482188 -428.092301 -523.228612 -618.844164 -713.182735 -805.085026 -894.641491 -979.917871 -1039.366589 -1080.719147 -1107.067449 -1122.757827 -1131.642649 -1136.479814 -1139.024761 -1140.324229 -1140.971683 -1141.290679 -1141.450794 -1141.536931 -1141.591741 -1141.644467 -1141.739987 -1142.051728 -1143.873612 -1156.121272 -1251.453572 -2057.138690 -4073.762440 -4084.158077 -4084.158416 -4084.158416 -4084.158414 -4084.158402 -4084.158353 -4084.158194 -4084.157648 -4084.156614 -4084.155137 -4084.152468 -4084.146815 -4084.133115 -4084.095906 -4083.984775 -4083.625879 -4064.766090 -1915.647905 -1218.271592 -1151.322499 -1143.080962 -1142.075607 -1141.940878 -1141.920216 -1141.917978 -1141.919027 -1141.920438 -1141.921638 -1141.922567 -1141.923273 -1141.923813 -1141.924232 -1141.924564 -1141.924832 -1141.925056 -1141.925253 -1141.925446 -1141.925658 -1141.925923 -1141.926290 -1141.926832 -1141.927663 -1141.928968 -1141.931053 -1141.934430 -1141.939995 -1141.949355 -1141.965499 -1141.994167 -1142.046641 -1142.145457 -1142.336238 -1142.713846 -1143.487912 -1145.168818 -1149.111692 -1159.037343 -1185.927552 -9999.0 -9999.0
-9999.0 -9999.0 890.588887 798.695405 705.880813 612.003251 517.566919 422.881689 328.114329 233.354573 138.650994 44.028707 -50.482923 -144.869648 -239.161868 -333.482188 -428.092301 -523.228612 -618.844164 -713.182735 -805.085026 -894.641491 -979.917870 -1039.366589 -1080.719147 -1107.067449 -1122.757827 -1131.642649 -1136.479814 -1139.024761 -1140.324229 -1140.971683 -1141.290679 -1141.450794 -1141.536931 -1141.591741 -1141.644467 -1141.739987 -1142.051728 -1143.873612 -1156.121272 -1251.453572 -2057.138690 -4073.762440 -4084.158077 -4084.158416 -4084.158416 -4084.158414 -4084.158402 -4084.158353 -4084.158194 -4084.157648 -4084.156614 -4084.155137 -4084.152468 -4084.146815 -4084.133115 -4084.095906 -4083.984775 -4083.625879 -4064.766090 -1915.647905 -1218.271593 -1151.322499 -1143.080962 -1142.075607 -1141.940878 -1141.920216 -1141.917978 -1141.919027 -1141.920438 -1141.921638 -1141.922567 -1141.923273 -1141.923813 -1141.924232 -1141.924564 -1141.924832 -1141.925056 -1141.925253 -1141.925446 -1141.925658 -1141.925923 -1141.926290 -1141.926832 -1141.927663 -1141.928968 -1141.931053 -1141.934430 -1141.939995 -1141.949355 -1141.965499 -1141.994167 -1142.046641 -1142.145457 -1142.336238 -1142.713846 -1143.487912 -1145.168818 -1149.111692 -1159.037343 -1185.927552 -9999.0 -9999.0
-9999.0 -9999.0 890.584971 798.693961 705.880349 612.003101 517.566870 422.881671 328.114323 233.354571 138.650993 44.028706 -50.482923 -144.869648 -239.161868 -333.482188 -428.092301 -523.228612 -618.844164 -713.182735 -805.085026 -894.641491 -979.917870 -1039.366589 -1080.719147 -1107.067449 -1122.757827 -1131.642649 -1136.479814 -1139.024761 -1140.324229 -1140.971683 -1141.290679 -1141.450794 -1141.536931 -1141.591741 -1141.644467 -1141.739987 -1142.051728 -1143.873612 -1156.121272 -1251.453572 -2057.138690 -4073.762440 -4084.158077 -4084.158416 -4084.158416 -4084.158414 -4084.158402 -4084.158353 -4084.158194 -4084.157648 -4084.156614 -4084.155137 -4084.152468 -4084.146815 -4084.133115 -4084.095906 -4083.984775 -4083.625879 -4064.766090 -1915.647905 -1218.271593 -1151.322499 -1143.080962 -1142.075607 -1141.940878 -1141.920216 -1141.917978 -1141.919027 -1141.920438 -1141.921638 -1141.922567 -1141.923273 -1141.923813 -1141.924232 -1141.924564 -1141.924832 -1141.925056 -1141.925253 -1141.925446 -1141.925658 -1141.925923 -1141.926290 -1141.926832 -1141.927663 -1141.928968 -1141.931053 -1141.934430 -1141.939995 -1141.949355 -1141.965499 -1141.994167 -1142.046641 -1142.145457 -1142.336238 -1142.713846 -1143.487912 -1145.168818 -1149.111692 -1159.037343 -1185.927552 -9999.0 -9999.0
-9999.0 -9999.0 -9999.0 -9999.0 -9999.0 -9999.0 -9999.0 -9999.0 -9999.0 -9999.0 -9999.0 -9999.0 -9999.0 -9999.0 -9999.0 -9999.0 -9999.0 -9999.0 -9999.0 -9999.0 -9999.0 -9999.0 -9999.0 -9999.0 -9999.0 -9999.0 -9999.0 -9999.0 -9999.0 -9999.0 -9999.0 -9999.0 -9999.0 -9999.0 -9999.0 -9999.0 -9999.0 -9999.0 -9999.0 -9999.0 -9999.0 -9999.0 -9999.0 -9999.0 -9999.0 -9999.0 -9999.0 -9999.0 -9999.0 -9999.0 -9999.0 -9999.0 -9999.0 -9999.0 -9999.0 -9999.0 -9999.0 -9999.0 -9999.0 -9999.0 -9999.0 -9999.0 -9999.0 -9999.0 -9999.0 -9999.0 -9999.0 -9999.0 -9999.0 -9999.0 -9999.0 -9999.0 -9999.0 -9999.0 -9999.0 -9999.0 -9999.0 -9999.0 -9999.0 -9999.0 -9999.0 -9999.0 -9999.0 -9999.0 -9999.0 -9999.0 -9999.0 -9999.0 -9999.0 -9999.0 -9999.0 -9999.0 -9999.0 -9999.0 -9999.0 -9999.0 -9999.0 -9999.0 -9999.0 -9999.0 -9999.0 -9999.0 -9999.0 -9999.0
-9999.0 -9999.0 -9999.0 -9999.0 -9999.0 -9999.0 -9999.0 -9999.0 -9999.0 -9999.0 -9999.0 -9999.0 -9999.0 -9999.0 -9999.0 -9999.0 -9999.0 -9999.0 -9999.0 -9999.0 -9999.0 -9999.0 -9999.0 -9999.0 -9999.0 -9999.0 -9999.0 -9999.0 -9999.0 -9999.0 -9999.0 -9999.0 -9999.0 -9999.0 -9999.0 -9999.0 -9999.0 -9999.0 -9999.0 -9999.0 -9999.0 -9999.0 -9999.0 -9999.0 -9999.0 -9999.0 -9999.0 -9999.0 -9999.0 -9999.0 -9999.0 -9999.0 -9999.0 -9999.0 -9999.0 -9999.0 -9999.0 -9999.0 -9999.0 -9999.0 -9999.0 -9999.0 -9999.0 -9999.0 -9999.0 -9999.0 -9999.0 -9999.0 -9999.0 -9999.0 -9999.0 -9999.0 -9999.0 -9999.0 -9999.0 -9999.0 -9999.0 -9999.0 -9999.0 -9999.0 -9999.0 -9999.0 -9999.0 -9999.0 -9999.0 -9999.0 -9999.0 -9999.0 -9999.0 -9999.0 -9999.0 -9999.0 -9999.0 -9999.0 -9999.0 -9999.0 -9999.0 -9999.0 -9999.0 -9999.0 -9999.0 -9999.0 -9999.0 -9999.0