inst/processing_geotop_simulation/geotop_simulation/out/maps3D/PwL0004N0433.asc
ncols         104
nrows         10
xllcorner     -2.000000
yllcorner     0.000000
cellsize      1.000000
NODATA_value  -9999.0
-9999.0 -9999.0 -9999.0 -9999.0 -9999.0 -9999.0 -9999.0 -9999.0 -9999.0 -9999.0 -9999.0 -9999.0 -9999.0 -9999.0 -9999.0 -9999.0 -9999.0 -9999.0 -9999.0 -9999.0 -9999.0 -9999.0 -9999.0 -9999.0 -9999.0 -9999.0 -9999.0 -9999.0 -9999.0 -9999.0 -9999.0 -9999.0 -9999.0 -9999.0 -9999.0 -9999.0 -9999.0 -9999.0 -9999.0 -9999.0 -9999.0 -9999.0 -9999.0 -9999.0 -9999.0 -9999.0 -9999.0 -9999.0 -9999.0 -9999.0 -9999.0 -9999.0 -9999.0 -9999.0 -9999.0 -9999.0 -9999.0 -9999.0 -9999.0 -9999.0 -9999.0 -9999.0 -9999.0 -9999.0 -9999.0 -9999.0 -9999.0 -9999.0 -9999.0 -9999.0 -9999.0 -9999.0 -9999.0 -9999.0 -9999.0 -9999.0 -9999.0 -9999.0 -9999.0 -9999.0 -9999.0 -9999.0 -9999.0 -9999.0 -9999.0 -9999.0 -9999.0 -9999.0 -9999.0 -9999.0 -9999.0 -9999.0 -9999.0 -9999.0 -9999.0 -9999.0 -9999.0 -9999.0 -9999.0 -9999.0 -9999.0 -9999.0 -9999.0 -9999.0
-9999.0 -9999.0 -9999.0 -9999.0 -9999.0 -9999.0 -9999.0 -9999.0 -9999.0 -9999.0 -9999.0 -9999.0 -9999.0 -9999.0 -9999.0 -9999.0 -9999.0 -9999.0 -9999.0 -9999.0 -9999.0 -9999.0 -9999.0 -9999.0 -9999.0 -9999.0 -9999.0 -9999.0 -9999.0 -9999.0 -9999.0 -9999.0 -9999.0 -9999.0 -9999.0 -9999.0 -9999.0 -9999.0 -9999.0 -9999.0 -9999.0 -9999.0 -9999.0 -9999.0 -9999.0 -9999.0 -9999.0 -9999.0 -9999.0 -9999.0 -9999.0 -9999.0 -9999.0 -9999.0 -9999.0 -9999.0 -9999.0 -9999.0 -9999.0 -9999.0 -9999.0 -9999.0 -9999.0 -9999.0 -9999.0 -9999.0 -9999.0 -9999.0 -9999.0 -9999.0 -9999.0 -9999.0 -9999.0 -9999.0 -9999.0 -9999.0 -9999.0 -9999.0 -9999.0 -9999.0 -9999.0 -9999.0 -9999.0 -9999.0 -9999.0 -9999.0 -9999.0 -9999.0 -9999.0 -9999.0 -9999.0 -9999.0 -9999.0 -9999.0 -9999.0 -9999.0 -9999.0 -9999.0 -9999.0 -9999.0 -9999.0 -9999.0 -9999.0 -9999.0
-9999.0 -9999.0 174.813707 76.713023 -22.279263 -121.525161 -220.867821 -320.247618 -419.633874 -519.006222 -618.337021 -717.564104 -816.724813 -915.773217 -1014.762587 -1113.780307 -1212.510232 -1310.834700 -1408.452648 -1504.751513 -1598.513774 -1687.550931 -1768.836352 -1839.510819 -1897.983826 -1944.273561 -1979.617544 -2005.847828 -2024.888988 -2038.474553 -2048.036262 -2054.693399 -2059.288632 -2062.439320 -2064.589136 -2066.055127 -2067.075837 -2067.894820 -2068.984290 -2071.301620 -2071.534574 -2005.144606 -1231.746845 -1237.401208 -1225.396298 -1217.361094 -1213.584850 -1212.990874 -1212.925778 -1212.930995 -1212.946281 -1212.962804 -1212.978696 -1212.993422 -1213.007159 -1213.023735 -1213.078365 -1213.438402 -1215.464315 -1219.919407 -1225.479713 -1211.177278 -1979.099653 -2065.597007 -2069.942537 -2069.430936 -2069.218868 -2069.173828 -2069.166238 -2069.165440 -2069.165733 -2069.166128 -2069.166463 -2069.166728 -2069.166937 -2069.167103 -2069.167238 -2069.167352 -2069.167451 -2069.167543 -2069.167634 -2069.167736 -2069.167861 -2069.168028 -2069.168268 -2069.168627 -2069.169183 -2069.170066 -2069.171499 -2069.173882 -2069.177951 -2069.185105 -2069.198084 -2069.222365 -2069.269178 -2069.362372 -2069.555444 -2069.977445 -2070.967151 -2073.508716 -2080.848550 -2105.301688 -9999.0 -9999.0
-9999.0 -9999.0 174.822426 76.714806 -22.278810 -121.525029 -220.867778 -320.247604 -419.633868 -519.006219 -618.337020 -717.564104 -816.724813 -915.773217 -1014.762587 -1113.780307 -1212.510232 -1310.834701 -1408.452649 -1504.751513 -1598.513774 -1687.550931 -1768.836352 -1839.510819 -1897.983826 -1944.273561 -1979.617544 -2005.847829 -2024.888988 -2038.474553 -2048.036262 -2054.693399 -2059.288632 -2062.439320 -2064.589136 -2066.055127 -2067.075837 -2067.894820 -2068.984290 -2071.301620 -2071.534574 -2005.144606 -1231.746845 -1237.401208 -1225.396298 -1217.361094 -1213.584850 -1212.990874 -1212.925778 -1212.930995 -1212.946281 -1212.962804 -1212.978696 -1212.993422 -1213.007159 -1213.023735 -1213.078365 -1213.438402 -1215.464315 -1219.919407 -1225.479713 -1211.177278 -1979.099653 -2065.597007 -2069.942537 -2069.430936 -2069.218868 -2069.173828 -2069.166238 -2069.165440 -2069.165733 -2069.166128 -2069.166463 -2069.166728 -2069.166937 -2069.167103 -2069.167238 -2069.167352 -2069.167451 -2069.167543 -2069.167634 -2069.167736 -2069.167861 -2069.168028 -2069.168268 -2069.168627 -2069.169183 -2069.170066 -2069.171499 -2069.173882 -2069.177951 -2069.185105 -2069.198084 -2069.222365 -2069.269178 -2069.362372 -2069.555444 -2069.977445 -2070.967151 -2073.508716 -2080.848550 -2105.301688 -9999.0 -9999.0
-9999.0 -9999.0 174.823655 76.715534 -22.278522 -121.524925 -220.867742 -320.247590 -419.633864 -519.006217 -618.337019 -717.564103 -816.724813 -915.773216 -1014.762587 -1113.780307 -1212.510232 -1310.834701 -1408.452649 -1504.751514 -1598.513775 -1687.550931 -1768.836353 -1839.510819 -1897.983826 -1944.273561 -1979.617544 -2005.847829 -2024.888988 -2038.474553 -2048.036262 -2054.693399 -2059.288632 -2062.439320 -2064.589136 -2066.055127 -2067.075837 -2067.894820 -2068.984290 -2071.301620 -2071.534574 -2005.144606 -1231.746845 -1237.401208 -1225.396298 -1217.361094 -1213.584850 -1212.990874 -1212.925778 -1212.930995 -1212.946281 -1212.962804 -1212.978696 -1212.993422 -1213.007159 -1213.023735 -1213.078365 -1213.438402 -1215.464315 -1219.919407 -1225.479713 -1211.177278 -1979.099653 -2065.597007 -2069.942537 -2069.430936 -2069.218868 -2069.173828 -2069.166238 -2069.165440 -2069.165733 -2069.166128 -2069.166463 -2069.166728 -2069.166937 -2069.167103 -2069.167238 -2069.167352 -2069.167451 -2069.167543 -2069.167634 -2069.167736 -2069.167861 -2069.168028 -2069.168268 -2069.168627 -2069.169183 -2069.170066 -2069.171499 -2069.173882 -2069.177951 -2069.185105 -2069.198084 -2069.222365 -2069.269178 -2069.362372 -2069.555444 -2069.977445 -2070.967151 -2073.508716 -2080.848550 -2105.301688 -9999.0 -9999.0
-9999.0 -9999.0 174.823655 76.715534 -22.278522 -121.524925 -220.867742 -320.247590 -419.633863 -519.006217 -618.337019 -717.564104 -816.724813 -915.773216 -1014.762587 -1113.780307 -1212.510232 -1310.834701 -1408.452649 -1504.751514 -1598.513775 -1687.550931 -1768.836353 -1839.510819 -1897.983826 -1944.273561 -1979.617544 -2005.847829 -2024.888988 -2038.474553 -2048.036262 -2054.693399 -2059.288632 -2062.439320 -2064.589136 -2066.055127 -2067.075837 -2067.894820 -2068.984290 -2071.301620 -2071.534574 -2005.144606 -1231.746845 -1237.401208 -1225.396298 -1217.361094 -1213.584850 -1212.990874 -1212.925778 -1212.930995 -1212.946281 -1212.962804 -1212.978696 -1212.993422 -1213.007159 -1213.023735 -1213.078365 -1213.438402 -1215.464315 -1219.919407 -1225.479713 -1211.177278 -1979.099653 -2065.597007 -2069.942537 -2069.430936 -2069.218868 -2069.173828 -2069.166238 -2069.165440 -2069.165733 -2069.166128 -2069.166463 -2069.166728 -2069.166937 -2069.167103 -2069.167238 -2069.167352 -2069.167451 -2069.167543 -2069.167634 -2069.167736 -2069.167861 -2069.168028 -2069.168268 -2069.168627 -2069.169183 -2069.170066 -2069.171499 -2069.173882 -2069.177951 -2069.185105 -2069.198084 -2069.222365 -2069.269178 -2069.362372 -2069.555444 -2069.977445 -2070.967151 -2073.508716 -2080.848550 -2105.301688 -9999.0 -9999.0
-9999.0 -9999.0 174.822426 76.714806 -22.278810 -121.525029 -220.867778 -320.247604 -419.633868 -519.006219 -618.337020 -717.564104 -816.724813 -915.773216 -1014.762587 -1113.780307 -1212.510232 -1310.834701 -1408.452649 -1504.751513 -1598.513774 -1687.550931 -1768.836352 -1839.510819 -1897.983826 -1944.273561 -1979.617544 -2005.847829 -2024.888988 -2038.474553 -2048.036262 -2054.693399 -2059.288632 -2062.439320 -2064.589136 -2066.055127 -2067.075837 -2067.894820 -2068.984290 -2071.301620 -2071.534574 -2005.144606 -1231.746845 -1237.401208 -1225.396298 -1217.361094 -1213.584850 -1212.990874 -1212.925778 -1212.930995 -1212.946281 -1212.962804 -1212.978696 -1212.993422 -1213.007159 -1213.023735 -1213.078365 -1213.438402 -1215.464315 -1219.919407 -1225.479713 -1211.177278 -1979.099653 -2065.597007 -2069.942537 -2069.430936 -2069.218868 -2069.173828 -2069.166238 -2069.165440 -2069.165733 -2069.166128 -2069.166463 -2069.166728 -2069.166937 -2069.167103 -2069.167238 -2069.167352 -2069.167451 -2069.167543 -2069.167634 -2069.167736 -2069.167861 -2069.168028 -2069.168268 -2069.168627 -2069.169183 -2069.170066 -2069.171499 -2069.173882 -2069.177951 -2069.185105 -2069.198084 -2069.222365 -2069.269178 -2069.362372 -2069.555444 -2069.977445 -2070.967151 -2073.508716 -2080.848550 -2105.301688 -9999.0 -9999.0
-9999.0 -9999.0 174.813707 76.713023 -22.279263 -121.525161 -220.867821 -320.247618 -419.633874 -519.006222 -618.337021 -717.564104 -816.724813 -915.773217 -1014.762587 -1113.780307 -1212.510232 -1310.834700 -1408.452648 -1504.751513 -1598.513774 -1687.550931 -1768.836352 -1839.510819 -1897.983826 -1944.273561 -1979.617544 -2005.847828 -2024.888988 -2038.474553 -2048.036262 -2054.693399 -2059.288632 -2062.439320 -2064.589136 -2066.055127 -2067.075837 -2067.894820 -2068.984290 -2071.301620 -2071.534574 -2005.144606 -1231.746845 -1237.401208 -1225.396298 -1217.361094 -1213.584850 -1212.990874 -1212.925778 -1212.930995 -1212.946281 -1212.962804 -1212.978696 -1212.993422 -1213.007159 -1213.023735 -1213.078365 -1213.438402 -1215.464315 -1219.919407 -1225.479713 -1211.177278 -1979.099653 -2065.597007 -2069.942537 -2069.430936 -2069.218868 -2069.173828 -2069.166238 -2069.165440 -2069.165733 -2069.166128 -2069.166463 -2069.166728 -2069.166937 -2069.167103 -2069.167238 -2069.167352 -2069.167451 -2069.167543 -2069.167634 -2069.167736 -2069.167861 -2069.168028 -2069.168268 -2069.168627 -2069.169183 -2069.170066 -2069.171499 -2069.173882 -2069.177951 -2069.185105 -2069.198084 -2069.222365 -2069.269178 -2069.362372 -2069.555444 -2069.977445 -2070.967151 -2073.508716 -2080.848550 -2105.301688 -9999.0 -9999.0
-9999.0 -9999.0 -9999.0 -9999.0 -9999.0 -9999.0 -9999.0 -9999.0 -9999.0 -9999.0 -9999.0 -9999.0 -9999.0 -9999.0 -9999.0 -9999.0 -9999.0 -9999.0 -9999.0 -9999.0 -9999.0 -9999.0 -9999.0 -9999.0 -9999.0 -9999.0 -9999.0 -9999.0 -9999.0 -9999.0 -9999.0 -9999.0 -9999.0 -9999.0 -9999.0 -9999.0 -9999.0 -9999.0 -9999.0 -9999.0 -9999.0 -9999.0 -9999.0 -9999.0 -9999.0 -9999.0 -9999.0 -9999.0 -9999.0 -9999.0 -9999.0 -9999.0 -9999.0 -9999.0 -9999.0 -9999.0 -9999.0 -9999.0 -9999.0 -9999.0 -9999.0 -9999.0 -9999.0 -9999.0 -9999.0 -9999.0 -9999.0 -9999.0 -9999.0 -9999.0 -9999.0 -9999.0 -9999.0 -9999.0 -9999.0 -9999.0 -9999.0 -9999.0 -9999.0 -9999.0 -9999.0 -9999.0 -9999.0 -9999.0 -9999.0 -9999.0 -9999.0 -9999.0 -9999.0 -9999.0 -9999.0 -9999.0 -9999.0 -9999.0 -9999.0 -9999.0 -9999.0 -9999.0 -9999.0 -9999.0 -9999.0 -9999.0 -9999.0 -9999.0
-9999.0 -9999.0 -9999.0 -9999.0 -9999.0 -9999.0 -9999.0 -9999.0 -9999.0 -9999.0 -9999.0 -9999.0 -9999.0 -9999.0 -9999.0 -9999.0 -9999.0 -9999.0 -9999.0 -9999.0 -9999.0 -9999.0 -9999.0 -9999.0 -9999.0 -9999.0 -9999.0 -9999.0 -9999.0 -9999.0 -9999.0 -9999.0 -9999.0 -9999.0 -9999.0 -9999.0 -9999.0 -9999.0 -9999.0 -9999.0 -9999.0 -9999.0 -9999.0 -9999.0 -9999.0 -9999.0 -9999.0 -9999.0 -9999.0 -9999.0 -9999.0 -9999.0 -9999.0 -9999.0 -9999.0 -9999.0 -9999.0 -9999.0 -9999.0 -9999.0 -9999.0 -9999.0 -9999.0 -9999.0 -9999.0 -9999.0 -9999.0 -9999.0 -9999.0 -9999.0 -9999.0 -9999.0 -9999.0 -9999.0 -9999.0 -9999.0 -9999.0 -9999.0 -9999.0 -9999.0 -9999.0 -9999.0 -9999.0 -9999.0 -9999.0 -9999.0 -9999.0 -9999.0 -9999.0 -9999.0 -9999.0 -9999.0 -9999.0 -9999.0 -9999.0 -9999.0 -9999.0 -9999.0 -9999.0 -9999.0 -9999.0 -9999.0 -9999.0 -9999.0