inst/processing_geotop_simulation/geotop_simulation/out/maps3D/PwL0004N0244.asc
ncols         104
nrows         10
xllcorner     -2.000000
yllcorner     0.000000
cellsize      1.000000
NODATA_value  -9999.0
-9999.0 -9999.0 -9999.0 -9999.0 -9999.0 -9999.0 -9999.0 -9999.0 -9999.0 -9999.0 -9999.0 -9999.0 -9999.0 -9999.0 -9999.0 -9999.0 -9999.0 -9999.0 -9999.0 -9999.0 -9999.0 -9999.0 -9999.0 -9999.0 -9999.0 -9999.0 -9999.0 -9999.0 -9999.0 -9999.0 -9999.0 -9999.0 -9999.0 -9999.0 -9999.0 -9999.0 -9999.0 -9999.0 -9999.0 -9999.0 -9999.0 -9999.0 -9999.0 -9999.0 -9999.0 -9999.0 -9999.0 -9999.0 -9999.0 -9999.0 -9999.0 -9999.0 -9999.0 -9999.0 -9999.0 -9999.0 -9999.0 -9999.0 -9999.0 -9999.0 -9999.0 -9999.0 -9999.0 -9999.0 -9999.0 -9999.0 -9999.0 -9999.0 -9999.0 -9999.0 -9999.0 -9999.0 -9999.0 -9999.0 -9999.0 -9999.0 -9999.0 -9999.0 -9999.0 -9999.0 -9999.0 -9999.0 -9999.0 -9999.0 -9999.0 -9999.0 -9999.0 -9999.0 -9999.0 -9999.0 -9999.0 -9999.0 -9999.0 -9999.0 -9999.0 -9999.0 -9999.0 -9999.0 -9999.0 -9999.0 -9999.0 -9999.0 -9999.0 -9999.0
-9999.0 -9999.0 -9999.0 -9999.0 -9999.0 -9999.0 -9999.0 -9999.0 -9999.0 -9999.0 -9999.0 -9999.0 -9999.0 -9999.0 -9999.0 -9999.0 -9999.0 -9999.0 -9999.0 -9999.0 -9999.0 -9999.0 -9999.0 -9999.0 -9999.0 -9999.0 -9999.0 -9999.0 -9999.0 -9999.0 -9999.0 -9999.0 -9999.0 -9999.0 -9999.0 -9999.0 -9999.0 -9999.0 -9999.0 -9999.0 -9999.0 -9999.0 -9999.0 -9999.0 -9999.0 -9999.0 -9999.0 -9999.0 -9999.0 -9999.0 -9999.0 -9999.0 -9999.0 -9999.0 -9999.0 -9999.0 -9999.0 -9999.0 -9999.0 -9999.0 -9999.0 -9999.0 -9999.0 -9999.0 -9999.0 -9999.0 -9999.0 -9999.0 -9999.0 -9999.0 -9999.0 -9999.0 -9999.0 -9999.0 -9999.0 -9999.0 -9999.0 -9999.0 -9999.0 -9999.0 -9999.0 -9999.0 -9999.0 -9999.0 -9999.0 -9999.0 -9999.0 -9999.0 -9999.0 -9999.0 -9999.0 -9999.0 -9999.0 -9999.0 -9999.0 -9999.0 -9999.0 -9999.0 -9999.0 -9999.0 -9999.0 -9999.0 -9999.0 -9999.0
-9999.0 -9999.0 177.587045 82.894067 -14.282326 -112.165647 -210.319518 -308.570900 -406.823859 -505.009476 -603.001482 -700.467001 -797.584269 -894.104676 -990.353820 -1086.859471 -1181.831672 -1274.926147 -1365.581264 -1452.288162 -1531.120705 -1597.837599 -1650.474323 -1689.750478 -1717.943379 -1737.691181 -1751.319973 -1760.633406 -1766.945171 -1771.187268 -1774.014787 -1775.884905 -1777.113649 -1777.916842 -1778.440258 -1778.783240 -1779.021000 -1779.246563 -1779.755399 -1781.845984 -1788.704847 -1773.212403 -1112.031963 -1118.880715 -1105.280243 -1096.564025 -1092.483109 -1091.883087 -1091.820137 -1091.827383 -1091.844912 -1091.863706 -1091.881762 -1091.898479 -1091.913967 -1091.931713 -1091.985018 -1092.341848 -1094.507310 -1099.354918 -1106.398245 -1089.919282 -1749.846643 -1783.069447 -1780.624966 -1779.700632 -1779.530174 -1779.503113 -1779.499453 -1779.499625 -1779.500336 -1779.500995 -1779.501516 -1779.501915 -1779.502220 -1779.502457 -1779.502645 -1779.502796 -1779.502924 -1779.503037 -1779.503148 -1779.503272 -1779.503429 -1779.503647 -1779.503969 -1779.504465 -1779.505245 -1779.506496 -1779.508532 -1779.511906 -1779.517623 -1779.527569 -1779.545392 -1779.578285 -1779.640683 -1779.762054 -1780.004641 -1780.508119 -1781.612963 -1784.232709 -1791.191116 -1813.526759 -9999.0 -9999.0
-9999.0 -9999.0 177.597184 82.896147 -14.281797 -112.165493 -210.319469 -308.570883 -406.823853 -505.009474 -603.001481 -700.467000 -797.584269 -894.104675 -990.353820 -1086.859471 -1181.831673 -1274.926147 -1365.581264 -1452.288162 -1531.120706 -1597.837599 -1650.474323 -1689.750478 -1717.943380 -1737.691181 -1751.319973 -1760.633406 -1766.945171 -1771.187268 -1774.014787 -1775.884905 -1777.113649 -1777.916842 -1778.440258 -1778.783240 -1779.021000 -1779.246563 -1779.755399 -1781.845984 -1788.704847 -1773.212403 -1112.031962 -1118.880715 -1105.280243 -1096.564025 -1092.483109 -1091.883087 -1091.820137 -1091.827383 -1091.844912 -1091.863706 -1091.881762 -1091.898479 -1091.913967 -1091.931713 -1091.985018 -1092.341848 -1094.507310 -1099.354918 -1106.398245 -1089.919282 -1749.846643 -1783.069447 -1780.624966 -1779.700632 -1779.530174 -1779.503113 -1779.499453 -1779.499625 -1779.500336 -1779.500995 -1779.501516 -1779.501915 -1779.502220 -1779.502457 -1779.502645 -1779.502796 -1779.502924 -1779.503037 -1779.503148 -1779.503272 -1779.503429 -1779.503647 -1779.503969 -1779.504465 -1779.505245 -1779.506496 -1779.508532 -1779.511906 -1779.517623 -1779.527569 -1779.545392 -1779.578285 -1779.640683 -1779.762054 -1780.004641 -1780.508119 -1781.612963 -1784.232709 -1791.191116 -1813.526759 -9999.0 -9999.0
-9999.0 -9999.0 177.598613 82.896993 -14.281463 -112.165372 -210.319426 -308.570868 -406.823848 -505.009472 -603.001480 -700.467000 -797.584268 -894.104675 -990.353820 -1086.859471 -1181.831673 -1274.926147 -1365.581264 -1452.288162 -1531.120706 -1597.837599 -1650.474323 -1689.750478 -1717.943380 -1737.691181 -1751.319973 -1760.633406 -1766.945171 -1771.187268 -1774.014788 -1775.884905 -1777.113649 -1777.916842 -1778.440258 -1778.783240 -1779.021000 -1779.246563 -1779.755399 -1781.845984 -1788.704847 -1773.212403 -1112.031962 -1118.880715 -1105.280243 -1096.564025 -1092.483109 -1091.883087 -1091.820137 -1091.827383 -1091.844912 -1091.863706 -1091.881762 -1091.898479 -1091.913967 -1091.931713 -1091.985018 -1092.341848 -1094.507310 -1099.354918 -1106.398245 -1089.919282 -1749.846643 -1783.069447 -1780.624966 -1779.700632 -1779.530174 -1779.503113 -1779.499453 -1779.499625 -1779.500336 -1779.500995 -1779.501516 -1779.501915 -1779.502220 -1779.502457 -1779.502645 -1779.502796 -1779.502924 -1779.503037 -1779.503148 -1779.503272 -1779.503429 -1779.503647 -1779.503969 -1779.504465 -1779.505245 -1779.506496 -1779.508532 -1779.511906 -1779.517623 -1779.527569 -1779.545392 -1779.578285 -1779.640683 -1779.762054 -1780.004641 -1780.508119 -1781.612963 -1784.232709 -1791.191116 -1813.526759 -9999.0 -9999.0
-9999.0 -9999.0 177.598613 82.896993 -14.281462 -112.165372 -210.319426 -308.570868 -406.823847 -505.009472 -603.001480 -700.467000 -797.584268 -894.104675 -990.353820 -1086.859471 -1181.831673 -1274.926147 -1365.581264 -1452.288162 -1531.120706 -1597.837599 -1650.474323 -1689.750478 -1717.943380 -1737.691181 -1751.319973 -1760.633406 -1766.945171 -1771.187268 -1774.014788 -1775.884905 -1777.113649 -1777.916842 -1778.440258 -1778.783240 -1779.021000 -1779.246563 -1779.755399 -1781.845984 -1788.704847 -1773.212403 -1112.031962 -1118.880715 -1105.280243 -1096.564025 -1092.483109 -1091.883087 -1091.820137 -1091.827383 -1091.844912 -1091.863706 -1091.881762 -1091.898479 -1091.913967 -1091.931713 -1091.985018 -1092.341848 -1094.507310 -1099.354918 -1106.398245 -1089.919282 -1749.846643 -1783.069447 -1780.624966 -1779.700632 -1779.530174 -1779.503113 -1779.499453 -1779.499625 -1779.500336 -1779.500995 -1779.501516 -1779.501915 -1779.502220 -1779.502457 -1779.502645 -1779.502796 -1779.502924 -1779.503037 -1779.503148 -1779.503272 -1779.503429 -1779.503647 -1779.503969 -1779.504465 -1779.505245 -1779.506496 -1779.508532 -1779.511906 -1779.517623 -1779.527569 -1779.545392 -1779.578285 -1779.640683 -1779.762054 -1780.004641 -1780.508119 -1781.612963 -1784.232709 -1791.191116 -1813.526759 -9999.0 -9999.0
-9999.0 -9999.0 177.597184 82.896147 -14.281797 -112.165493 -210.319469 -308.570883 -406.823853 -505.009474 -603.001481 -700.467000 -797.584269 -894.104675 -990.353820 -1086.859471 -1181.831673 -1274.926147 -1365.581264 -1452.288162 -1531.120706 -1597.837599 -1650.474323 -1689.750478 -1717.943380 -1737.691181 -1751.319973 -1760.633406 -1766.945171 -1771.187268 -1774.014787 -1775.884905 -1777.113649 -1777.916842 -1778.440258 -1778.783240 -1779.021000 -1779.246563 -1779.755399 -1781.845984 -1788.704847 -1773.212403 -1112.031962 -1118.880715 -1105.280243 -1096.564025 -1092.483109 -1091.883087 -1091.820137 -1091.827383 -1091.844912 -1091.863706 -1091.881762 -1091.898479 -1091.913967 -1091.931713 -1091.985018 -1092.341848 -1094.507310 -1099.354918 -1106.398245 -1089.919282 -1749.846643 -1783.069447 -1780.624966 -1779.700632 -1779.530174 -1779.503113 -1779.499453 -1779.499625 -1779.500336 -1779.500995 -1779.501516 -1779.501915 -1779.502220 -1779.502457 -1779.502645 -1779.502796 -1779.502924 -1779.503037 -1779.503148 -1779.503272 -1779.503429 -1779.503647 -1779.503969 -1779.504465 -1779.505245 -1779.506496 -1779.508532 -1779.511906 -1779.517623 -1779.527569 -1779.545392 -1779.578285 -1779.640683 -1779.762054 -1780.004641 -1780.508119 -1781.612963 -1784.232709 -1791.191116 -1813.526759 -9999.0 -9999.0
-9999.0 -9999.0 177.587045 82.894067 -14.282326 -112.165647 -210.319518 -308.570900 -406.823859 -505.009476 -603.001482 -700.467001 -797.584269 -894.104675 -990.353820 -1086.859471 -1181.831672 -1274.926147 -1365.581264 -1452.288162 -1531.120705 -1597.837599 -1650.474323 -1689.750478 -1717.943379 -1737.691181 -1751.319973 -1760.633406 -1766.945171 -1771.187268 -1774.014787 -1775.884905 -1777.113649 -1777.916842 -1778.440258 -1778.783240 -1779.021000 -1779.246563 -1779.755399 -1781.845984 -1788.704847 -1773.212403 -1112.031963 -1118.880715 -1105.280243 -1096.564025 -1092.483109 -1091.883087 -1091.820137 -1091.827383 -1091.844912 -1091.863706 -1091.881762 -1091.898479 -1091.913967 -1091.931713 -1091.985018 -1092.341848 -1094.507310 -1099.354918 -1106.398245 -1089.919282 -1749.846643 -1783.069447 -1780.624966 -1779.700632 -1779.530174 -1779.503113 -1779.499453 -1779.499625 -1779.500336 -1779.500995 -1779.501516 -1779.501915 -1779.502220 -1779.502457 -1779.502645 -1779.502796 -1779.502924 -1779.503037 -1779.503148 -1779.503272 -1779.503429 -1779.503647 -1779.503969 -1779.504465 -1779.505245 -1779.506496 -1779.508532 -1779.511906 -1779.517623 -1779.527569 -1779.545392 -1779.578285 -1779.640683 -1779.762054 -1780.004641 -1780.508119 -1781.612963 -1784.232709 -1791.191116 -1813.526759 -9999.0 -9999.0
-9999.0 -9999.0 -9999.0 -9999.0 -9999.0 -9999.0 -9999.0 -9999.0 -9999.0 -9999.0 -9999.0 -9999.0 -9999.0 -9999.0 -9999.0 -9999.0 -9999.0 -9999.0 -9999.0 -9999.0 -9999.0 -9999.0 -9999.0 -9999.0 -9999.0 -9999.0 -9999.0 -9999.0 -9999.0 -9999.0 -9999.0 -9999.0 -9999.0 -9999.0 -9999.0 -9999.0 -9999.0 -9999.0 -9999.0 -9999.0 -9999.0 -9999.0 -9999.0 -9999.0 -9999.0 -9999.0 -9999.0 -9999.0 -9999.0 -9999.0 -9999.0 -9999.0 -9999.0 -9999.0 -9999.0 -9999.0 -9999.0 -9999.0 -9999.0 -9999.0 -9999.0 -9999.0 -9999.0 -9999.0 -9999.0 -9999.0 -9999.0 -9999.0 -9999.0 -9999.0 -9999.0 -9999.0 -9999.0 -9999.0 -9999.0 -9999.0 -9999.0 -9999.0 -9999.0 -9999.0 -9999.0 -9999.0 -9999.0 -9999.0 -9999.0 -9999.0 -9999.0 -9999.0 -9999.0 -9999.0 -9999.0 -9999.0 -9999.0 -9999.0 -9999.0 -9999.0 -9999.0 -9999.0 -9999.0 -9999.0 -9999.0 -9999.0 -9999.0 -9999.0
-9999.0 -9999.0 -9999.0 -9999.0 -9999.0 -9999.0 -9999.0 -9999.0 -9999.0 -9999.0 -9999.0 -9999.0 -9999.0 -9999.0 -9999.0 -9999.0 -9999.0 -9999.0 -9999.0 -9999.0 -9999.0 -9999.0 -9999.0 -9999.0 -9999.0 -9999.0 -9999.0 -9999.0 -9999.0 -9999.0 -9999.0 -9999.0 -9999.0 -9999.0 -9999.0 -9999.0 -9999.0 -9999.0 -9999.0 -9999.0 -9999.0 -9999.0 -9999.0 -9999.0 -9999.0 -9999.0 -9999.0 -9999.0 -9999.0 -9999.0 -9999.0 -9999.0 -9999.0 -9999.0 -9999.0 -9999.0 -9999.0 -9999.0 -9999.0 -9999.0 -9999.0 -9999.0 -9999.0 -9999.0 -9999.0 -9999.0 -9999.0 -9999.0 -9999.0 -9999.0 -9999.0 -9999.0 -9999.0 -9999.0 -9999.0 -9999.0 -9999.0 -9999.0 -9999.0 -9999.0 -9999.0 -9999.0 -9999.0 -9999.0 -9999.0 -9999.0 -9999.0 -9999.0 -9999.0 -9999.0 -9999.0 -9999.0 -9999.0 -9999.0 -9999.0 -9999.0 -9999.0 -9999.0 -9999.0 -9999.0 -9999.0 -9999.0 -9999.0 -9999.0