inst/processing_geotop_simulation/geotop_simulation/out/maps3D/PwL0007N0412.asc
ncols         104
nrows         10
xllcorner     -2.000000
yllcorner     0.000000
cellsize      1.000000
NODATA_value  -9999.0
-9999.0 -9999.0 -9999.0 -9999.0 -9999.0 -9999.0 -9999.0 -9999.0 -9999.0 -9999.0 -9999.0 -9999.0 -9999.0 -9999.0 -9999.0 -9999.0 -9999.0 -9999.0 -9999.0 -9999.0 -9999.0 -9999.0 -9999.0 -9999.0 -9999.0 -9999.0 -9999.0 -9999.0 -9999.0 -9999.0 -9999.0 -9999.0 -9999.0 -9999.0 -9999.0 -9999.0 -9999.0 -9999.0 -9999.0 -9999.0 -9999.0 -9999.0 -9999.0 -9999.0 -9999.0 -9999.0 -9999.0 -9999.0 -9999.0 -9999.0 -9999.0 -9999.0 -9999.0 -9999.0 -9999.0 -9999.0 -9999.0 -9999.0 -9999.0 -9999.0 -9999.0 -9999.0 -9999.0 -9999.0 -9999.0 -9999.0 -9999.0 -9999.0 -9999.0 -9999.0 -9999.0 -9999.0 -9999.0 -9999.0 -9999.0 -9999.0 -9999.0 -9999.0 -9999.0 -9999.0 -9999.0 -9999.0 -9999.0 -9999.0 -9999.0 -9999.0 -9999.0 -9999.0 -9999.0 -9999.0 -9999.0 -9999.0 -9999.0 -9999.0 -9999.0 -9999.0 -9999.0 -9999.0 -9999.0 -9999.0 -9999.0 -9999.0 -9999.0 -9999.0
-9999.0 -9999.0 -9999.0 -9999.0 -9999.0 -9999.0 -9999.0 -9999.0 -9999.0 -9999.0 -9999.0 -9999.0 -9999.0 -9999.0 -9999.0 -9999.0 -9999.0 -9999.0 -9999.0 -9999.0 -9999.0 -9999.0 -9999.0 -9999.0 -9999.0 -9999.0 -9999.0 -9999.0 -9999.0 -9999.0 -9999.0 -9999.0 -9999.0 -9999.0 -9999.0 -9999.0 -9999.0 -9999.0 -9999.0 -9999.0 -9999.0 -9999.0 -9999.0 -9999.0 -9999.0 -9999.0 -9999.0 -9999.0 -9999.0 -9999.0 -9999.0 -9999.0 -9999.0 -9999.0 -9999.0 -9999.0 -9999.0 -9999.0 -9999.0 -9999.0 -9999.0 -9999.0 -9999.0 -9999.0 -9999.0 -9999.0 -9999.0 -9999.0 -9999.0 -9999.0 -9999.0 -9999.0 -9999.0 -9999.0 -9999.0 -9999.0 -9999.0 -9999.0 -9999.0 -9999.0 -9999.0 -9999.0 -9999.0 -9999.0 -9999.0 -9999.0 -9999.0 -9999.0 -9999.0 -9999.0 -9999.0 -9999.0 -9999.0 -9999.0 -9999.0 -9999.0 -9999.0 -9999.0 -9999.0 -9999.0 -9999.0 -9999.0 -9999.0 -9999.0
-9999.0 -9999.0 323.813485 225.567341 126.629576 27.438827 -71.849621 -171.178216 -270.518789 -369.851629 -469.157528 -568.400722 -667.508491 -766.468355 -865.406614 -964.307697 -1063.135552 -1161.660628 -1259.398480 -1355.924776 -1450.134542 -1540.023000 -1622.768670 -1695.591602 -1756.747643 -1805.933728 -1844.057918 -1872.727304 -1893.769205 -1908.916375 -1919.653064 -1927.170629 -1932.383370 -1935.970592 -1938.425516 -1940.102912 -1941.269128 -1942.188560 -1943.361315 -1945.912749 -1948.256658 -1902.146834 -1228.625254 -1268.578119 -1249.438210 -1236.640750 -1230.672989 -1229.775420 -1229.679072 -1229.687176 -1229.710162 -1229.734959 -1229.758799 -1229.780882 -1229.801441 -1229.825912 -1229.905209 -1230.438715 -1233.599147 -1240.611528 -1248.883267 -1196.599667 -1872.426948 -1941.672584 -1944.584918 -1943.950069 -1943.728920 -1943.683514 -1943.675975 -1943.675206 -1943.675519 -1943.675928 -1943.676275 -1943.676550 -1943.676767 -1943.676940 -1943.677082 -1943.677202 -1943.677307 -1943.677404 -1943.677501 -1943.677609 -1943.677740 -1943.677915 -1943.678164 -1943.678535 -1943.679108 -1943.680015 -1943.681485 -1943.683925 -1943.688087 -1943.695399 -1943.708656 -1943.733445 -1943.781222 -1943.876314 -1944.073271 -1944.503542 -1945.511123 -1948.089222 -1955.489605 -1979.988754 -9999.0 -9999.0
-9999.0 -9999.0 323.820497 225.569036 126.630026 27.438960 -71.849579 -171.178201 -270.518784 -369.851627 -469.157527 -568.400721 -667.508491 -766.468355 -865.406614 -964.307697 -1063.135552 -1161.660628 -1259.398480 -1355.924777 -1450.134542 -1540.023000 -1622.768670 -1695.591602 -1756.747643 -1805.933728 -1844.057918 -1872.727304 -1893.769205 -1908.916375 -1919.653064 -1927.170629 -1932.383370 -1935.970592 -1938.425516 -1940.102912 -1941.269128 -1942.188560 -1943.361315 -1945.912749 -1948.256658 -1902.146834 -1228.625254 -1268.578118 -1249.438210 -1236.640749 -1230.672989 -1229.775420 -1229.679072 -1229.687176 -1229.710162 -1229.734959 -1229.758799 -1229.780882 -1229.801441 -1229.825912 -1229.905209 -1230.438715 -1233.599147 -1240.611528 -1248.883267 -1196.599667 -1872.426948 -1941.672584 -1944.584918 -1943.950068 -1943.728920 -1943.683514 -1943.675975 -1943.675206 -1943.675519 -1943.675928 -1943.676275 -1943.676550 -1943.676767 -1943.676940 -1943.677082 -1943.677202 -1943.677307 -1943.677404 -1943.677501 -1943.677609 -1943.677740 -1943.677915 -1943.678164 -1943.678535 -1943.679108 -1943.680015 -1943.681485 -1943.683925 -1943.688087 -1943.695399 -1943.708656 -1943.733445 -1943.781221 -1943.876314 -1944.073271 -1944.503542 -1945.511123 -1948.089222 -1955.489605 -1979.988754 -9999.0 -9999.0
-9999.0 -9999.0 323.821825 225.569757 126.630313 27.439065 -71.849542 -171.178188 -270.518779 -369.851625 -469.157526 -568.400721 -667.508491 -766.468355 -865.406614 -964.307697 -1063.135552 -1161.660628 -1259.398480 -1355.924777 -1450.134543 -1540.023001 -1622.768670 -1695.591602 -1756.747643 -1805.933728 -1844.057919 -1872.727304 -1893.769205 -1908.916375 -1919.653064 -1927.170629 -1932.383370 -1935.970592 -1938.425516 -1940.102912 -1941.269128 -1942.188560 -1943.361315 -1945.912749 -1948.256658 -1902.146834 -1228.625254 -1268.578118 -1249.438210 -1236.640749 -1230.672989 -1229.775420 -1229.679072 -1229.687176 -1229.710162 -1229.734959 -1229.758799 -1229.780882 -1229.801441 -1229.825912 -1229.905209 -1230.438715 -1233.599147 -1240.611528 -1248.883267 -1196.599667 -1872.426948 -1941.672584 -1944.584918 -1943.950068 -1943.728920 -1943.683514 -1943.675975 -1943.675206 -1943.675519 -1943.675928 -1943.676275 -1943.676550 -1943.676767 -1943.676940 -1943.677082 -1943.677202 -1943.677307 -1943.677404 -1943.677501 -1943.677609 -1943.677740 -1943.677915 -1943.678164 -1943.678535 -1943.679108 -1943.680015 -1943.681485 -1943.683925 -1943.688087 -1943.695399 -1943.708656 -1943.733445 -1943.781221 -1943.876314 -1944.073271 -1944.503542 -1945.511123 -1948.089222 -1955.489605 -1979.988754 -9999.0 -9999.0
-9999.0 -9999.0 323.821824 225.569758 126.630313 27.439065 -71.849542 -171.178188 -270.518779 -369.851625 -469.157526 -568.400721 -667.508491 -766.468355 -865.406614 -964.307697 -1063.135552 -1161.660628 -1259.398480 -1355.924777 -1450.134542 -1540.023001 -1622.768670 -1695.591602 -1756.747643 -1805.933728 -1844.057919 -1872.727304 -1893.769205 -1908.916375 -1919.653064 -1927.170629 -1932.383370 -1935.970592 -1938.425516 -1940.102912 -1941.269128 -1942.188560 -1943.361315 -1945.912749 -1948.256658 -1902.146834 -1228.625254 -1268.578118 -1249.438210 -1236.640749 -1230.672989 -1229.775420 -1229.679072 -1229.687176 -1229.710162 -1229.734959 -1229.758799 -1229.780882 -1229.801441 -1229.825912 -1229.905209 -1230.438715 -1233.599147 -1240.611528 -1248.883267 -1196.599667 -1872.426948 -1941.672584 -1944.584918 -1943.950068 -1943.728920 -1943.683514 -1943.675975 -1943.675206 -1943.675519 -1943.675928 -1943.676275 -1943.676550 -1943.676767 -1943.676940 -1943.677082 -1943.677202 -1943.677307 -1943.677404 -1943.677501 -1943.677609 -1943.677740 -1943.677915 -1943.678164 -1943.678535 -1943.679108 -1943.680015 -1943.681485 -1943.683925 -1943.688087 -1943.695399 -1943.708656 -1943.733445 -1943.781221 -1943.876314 -1944.073271 -1944.503542 -1945.511123 -1948.089222 -1955.489605 -1979.988754 -9999.0 -9999.0
-9999.0 -9999.0 323.820497 225.569036 126.630026 27.438960 -71.849579 -171.178201 -270.518784 -369.851627 -469.157527 -568.400721 -667.508491 -766.468355 -865.406614 -964.307697 -1063.135552 -1161.660628 -1259.398480 -1355.924777 -1450.134542 -1540.023000 -1622.768670 -1695.591602 -1756.747643 -1805.933728 -1844.057918 -1872.727304 -1893.769205 -1908.916375 -1919.653064 -1927.170629 -1932.383370 -1935.970592 -1938.425516 -1940.102912 -1941.269128 -1942.188560 -1943.361315 -1945.912749 -1948.256658 -1902.146834 -1228.625254 -1268.578118 -1249.438210 -1236.640749 -1230.672989 -1229.775420 -1229.679072 -1229.687176 -1229.710162 -1229.734959 -1229.758799 -1229.780882 -1229.801441 -1229.825912 -1229.905209 -1230.438715 -1233.599147 -1240.611528 -1248.883267 -1196.599667 -1872.426948 -1941.672584 -1944.584918 -1943.950068 -1943.728920 -1943.683514 -1943.675975 -1943.675206 -1943.675519 -1943.675928 -1943.676275 -1943.676550 -1943.676767 -1943.676940 -1943.677082 -1943.677202 -1943.677307 -1943.677404 -1943.677501 -1943.677609 -1943.677740 -1943.677915 -1943.678164 -1943.678535 -1943.679108 -1943.680015 -1943.681485 -1943.683925 -1943.688087 -1943.695399 -1943.708656 -1943.733445 -1943.781221 -1943.876314 -1944.073271 -1944.503542 -1945.511123 -1948.089222 -1955.489605 -1979.988754 -9999.0 -9999.0
-9999.0 -9999.0 323.813485 225.567341 126.629576 27.438827 -71.849622 -171.178216 -270.518789 -369.851629 -469.157528 -568.400722 -667.508491 -766.468355 -865.406614 -964.307697 -1063.135552 -1161.660628 -1259.398480 -1355.924776 -1450.134542 -1540.023000 -1622.768670 -1695.591602 -1756.747643 -1805.933728 -1844.057918 -1872.727304 -1893.769205 -1908.916375 -1919.653064 -1927.170629 -1932.383370 -1935.970592 -1938.425516 -1940.102912 -1941.269128 -1942.188560 -1943.361315 -1945.912749 -1948.256658 -1902.146834 -1228.625254 -1268.578119 -1249.438210 -1236.640750 -1230.672989 -1229.775420 -1229.679072 -1229.687176 -1229.710162 -1229.734959 -1229.758799 -1229.780882 -1229.801441 -1229.825912 -1229.905209 -1230.438715 -1233.599147 -1240.611528 -1248.883267 -1196.599667 -1872.426948 -1941.672584 -1944.584918 -1943.950069 -1943.728920 -1943.683514 -1943.675975 -1943.675206 -1943.675519 -1943.675928 -1943.676275 -1943.676550 -1943.676767 -1943.676940 -1943.677082 -1943.677202 -1943.677307 -1943.677404 -1943.677501 -1943.677609 -1943.677740 -1943.677915 -1943.678164 -1943.678535 -1943.679108 -1943.680015 -1943.681485 -1943.683925 -1943.688087 -1943.695399 -1943.708656 -1943.733445 -1943.781222 -1943.876314 -1944.073271 -1944.503542 -1945.511123 -1948.089222 -1955.489605 -1979.988754 -9999.0 -9999.0
-9999.0 -9999.0 -9999.0 -9999.0 -9999.0 -9999.0 -9999.0 -9999.0 -9999.0 -9999.0 -9999.0 -9999.0 -9999.0 -9999.0 -9999.0 -9999.0 -9999.0 -9999.0 -9999.0 -9999.0 -9999.0 -9999.0 -9999.0 -9999.0 -9999.0 -9999.0 -9999.0 -9999.0 -9999.0 -9999.0 -9999.0 -9999.0 -9999.0 -9999.0 -9999.0 -9999.0 -9999.0 -9999.0 -9999.0 -9999.0 -9999.0 -9999.0 -9999.0 -9999.0 -9999.0 -9999.0 -9999.0 -9999.0 -9999.0 -9999.0 -9999.0 -9999.0 -9999.0 -9999.0 -9999.0 -9999.0 -9999.0 -9999.0 -9999.0 -9999.0 -9999.0 -9999.0 -9999.0 -9999.0 -9999.0 -9999.0 -9999.0 -9999.0 -9999.0 -9999.0 -9999.0 -9999.0 -9999.0 -9999.0 -9999.0 -9999.0 -9999.0 -9999.0 -9999.0 -9999.0 -9999.0 -9999.0 -9999.0 -9999.0 -9999.0 -9999.0 -9999.0 -9999.0 -9999.0 -9999.0 -9999.0 -9999.0 -9999.0 -9999.0 -9999.0 -9999.0 -9999.0 -9999.0 -9999.0 -9999.0 -9999.0 -9999.0 -9999.0 -9999.0
-9999.0 -9999.0 -9999.0 -9999.0 -9999.0 -9999.0 -9999.0 -9999.0 -9999.0 -9999.0 -9999.0 -9999.0 -9999.0 -9999.0 -9999.0 -9999.0 -9999.0 -9999.0 -9999.0 -9999.0 -9999.0 -9999.0 -9999.0 -9999.0 -9999.0 -9999.0 -9999.0 -9999.0 -9999.0 -9999.0 -9999.0 -9999.0 -9999.0 -9999.0 -9999.0 -9999.0 -9999.0 -9999.0 -9999.0 -9999.0 -9999.0 -9999.0 -9999.0 -9999.0 -9999.0 -9999.0 -9999.0 -9999.0 -9999.0 -9999.0 -9999.0 -9999.0 -9999.0 -9999.0 -9999.0 -9999.0 -9999.0 -9999.0 -9999.0 -9999.0 -9999.0 -9999.0 -9999.0 -9999.0 -9999.0 -9999.0 -9999.0 -9999.0 -9999.0 -9999.0 -9999.0 -9999.0 -9999.0 -9999.0 -9999.0 -9999.0 -9999.0 -9999.0 -9999.0 -9999.0 -9999.0 -9999.0 -9999.0 -9999.0 -9999.0 -9999.0 -9999.0 -9999.0 -9999.0 -9999.0 -9999.0 -9999.0 -9999.0 -9999.0 -9999.0 -9999.0 -9999.0 -9999.0 -9999.0 -9999.0 -9999.0 -9999.0 -9999.0 -9999.0