inst/processing_geotop_simulation/geotop_simulation/out/maps3D/PwL0018N0159.asc
ncols         104
nrows         10
xllcorner     -2.000000
yllcorner     0.000000
cellsize      1.000000
NODATA_value  -9999.0
-9999.0 -9999.0 -9999.0 -9999.0 -9999.0 -9999.0 -9999.0 -9999.0 -9999.0 -9999.0 -9999.0 -9999.0 -9999.0 -9999.0 -9999.0 -9999.0 -9999.0 -9999.0 -9999.0 -9999.0 -9999.0 -9999.0 -9999.0 -9999.0 -9999.0 -9999.0 -9999.0 -9999.0 -9999.0 -9999.0 -9999.0 -9999.0 -9999.0 -9999.0 -9999.0 -9999.0 -9999.0 -9999.0 -9999.0 -9999.0 -9999.0 -9999.0 -9999.0 -9999.0 -9999.0 -9999.0 -9999.0 -9999.0 -9999.0 -9999.0 -9999.0 -9999.0 -9999.0 -9999.0 -9999.0 -9999.0 -9999.0 -9999.0 -9999.0 -9999.0 -9999.0 -9999.0 -9999.0 -9999.0 -9999.0 -9999.0 -9999.0 -9999.0 -9999.0 -9999.0 -9999.0 -9999.0 -9999.0 -9999.0 -9999.0 -9999.0 -9999.0 -9999.0 -9999.0 -9999.0 -9999.0 -9999.0 -9999.0 -9999.0 -9999.0 -9999.0 -9999.0 -9999.0 -9999.0 -9999.0 -9999.0 -9999.0 -9999.0 -9999.0 -9999.0 -9999.0 -9999.0 -9999.0 -9999.0 -9999.0 -9999.0 -9999.0 -9999.0 -9999.0
-9999.0 -9999.0 -9999.0 -9999.0 -9999.0 -9999.0 -9999.0 -9999.0 -9999.0 -9999.0 -9999.0 -9999.0 -9999.0 -9999.0 -9999.0 -9999.0 -9999.0 -9999.0 -9999.0 -9999.0 -9999.0 -9999.0 -9999.0 -9999.0 -9999.0 -9999.0 -9999.0 -9999.0 -9999.0 -9999.0 -9999.0 -9999.0 -9999.0 -9999.0 -9999.0 -9999.0 -9999.0 -9999.0 -9999.0 -9999.0 -9999.0 -9999.0 -9999.0 -9999.0 -9999.0 -9999.0 -9999.0 -9999.0 -9999.0 -9999.0 -9999.0 -9999.0 -9999.0 -9999.0 -9999.0 -9999.0 -9999.0 -9999.0 -9999.0 -9999.0 -9999.0 -9999.0 -9999.0 -9999.0 -9999.0 -9999.0 -9999.0 -9999.0 -9999.0 -9999.0 -9999.0 -9999.0 -9999.0 -9999.0 -9999.0 -9999.0 -9999.0 -9999.0 -9999.0 -9999.0 -9999.0 -9999.0 -9999.0 -9999.0 -9999.0 -9999.0 -9999.0 -9999.0 -9999.0 -9999.0 -9999.0 -9999.0 -9999.0 -9999.0 -9999.0 -9999.0 -9999.0 -9999.0 -9999.0 -9999.0 -9999.0 -9999.0 -9999.0 -9999.0
-9999.0 -9999.0 883.359080 789.067210 694.114598 598.413511 502.318650 406.047200 309.715894 213.387630 117.097059 20.866212 -75.277884 -171.319539 -267.176110 -362.700792 -457.653909 -551.666324 -644.030432 -736.497466 -827.541423 -916.960886 -1004.563967 -1073.651296 -1130.168104 -1174.063092 -1206.595231 -1229.755324 -1245.699014 -1256.375710 -1263.368063 -1267.868553 -1270.727999 -1272.528938 -1273.657808 -1274.367291 -1274.828305 -1275.190083 -1275.785517 -1278.303148 -1291.738308 -1374.078660 -2018.138468 -4064.930042 -4084.157445 -4084.158416 -4084.158412 -4084.158356 -4084.158039 -4084.156864 -4084.153277 -4084.141871 -4084.121597 -4084.093900 -4084.045525 -4083.946389 -4083.715278 -4083.120245 -4081.465959 -4076.518541 -4023.991095 -1826.069806 -1337.694667 -1285.440478 -1277.178197 -1275.945294 -1275.769896 -1275.744236 -1275.741052 -1275.741564 -1275.742560 -1275.743445 -1275.744140 -1275.744671 -1275.745079 -1275.745396 -1275.745649 -1275.745853 -1275.746025 -1275.746177 -1275.746326 -1275.746491 -1275.746697 -1275.746981 -1275.747399 -1275.748041 -1275.749049 -1275.750661 -1275.753279 -1275.757608 -1275.764923 -1275.777613 -1275.800283 -1275.842025 -1275.921090 -1276.074862 -1276.382909 -1277.026716 -1278.457462 -1281.873255 -1290.625346 -1315.680208 -9999.0 -9999.0
-9999.0 -9999.0 883.362898 789.068612 694.115047 598.413656 502.318698 406.047217 309.715900 213.387632 117.097060 20.866212 -75.277883 -171.319539 -267.176110 -362.700792 -457.653909 -551.666324 -644.030432 -736.497466 -827.541423 -916.960886 -1004.563967 -1073.651297 -1130.168104 -1174.063093 -1206.595231 -1229.755324 -1245.699014 -1256.375710 -1263.368063 -1267.868553 -1270.727999 -1272.528938 -1273.657808 -1274.367291 -1274.828305 -1275.190083 -1275.785517 -1278.303148 -1291.738308 -1374.078660 -2018.138468 -4064.930042 -4084.157445 -4084.158416 -4084.158412 -4084.158356 -4084.158039 -4084.156864 -4084.153277 -4084.141871 -4084.121597 -4084.093900 -4084.045525 -4083.946389 -4083.715278 -4083.120245 -4081.465959 -4076.518541 -4023.991095 -1826.069807 -1337.694667 -1285.440478 -1277.178197 -1275.945294 -1275.769896 -1275.744236 -1275.741052 -1275.741564 -1275.742560 -1275.743445 -1275.744140 -1275.744671 -1275.745079 -1275.745396 -1275.745649 -1275.745853 -1275.746025 -1275.746177 -1275.746326 -1275.746491 -1275.746697 -1275.746981 -1275.747399 -1275.748041 -1275.749049 -1275.750661 -1275.753279 -1275.757608 -1275.764923 -1275.777613 -1275.800283 -1275.842025 -1275.921090 -1276.074862 -1276.382909 -1277.026716 -1278.457462 -1281.873255 -1290.625346 -1315.680208 -9999.0 -9999.0
-9999.0 -9999.0 883.364273 789.069345 694.115355 598.413773 502.318741 406.047232 309.715905 213.387634 117.097060 20.866212 -75.277883 -171.319539 -267.176110 -362.700792 -457.653909 -551.666324 -644.030432 -736.497467 -827.541423 -916.960887 -1004.563967 -1073.651297 -1130.168104 -1174.063093 -1206.595231 -1229.755324 -1245.699015 -1256.375710 -1263.368063 -1267.868553 -1270.727999 -1272.528938 -1273.657808 -1274.367291 -1274.828305 -1275.190083 -1275.785517 -1278.303148 -1291.738308 -1374.078660 -2018.138468 -4064.930042 -4084.157445 -4084.158416 -4084.158412 -4084.158356 -4084.158039 -4084.156864 -4084.153277 -4084.141871 -4084.121597 -4084.093900 -4084.045525 -4083.946389 -4083.715278 -4083.120245 -4081.465959 -4076.518541 -4023.991095 -1826.069806 -1337.694667 -1285.440478 -1277.178197 -1275.945294 -1275.769896 -1275.744236 -1275.741052 -1275.741564 -1275.742560 -1275.743445 -1275.744140 -1275.744671 -1275.745079 -1275.745396 -1275.745649 -1275.745853 -1275.746025 -1275.746177 -1275.746326 -1275.746491 -1275.746697 -1275.746981 -1275.747399 -1275.748041 -1275.749049 -1275.750661 -1275.753279 -1275.757608 -1275.764923 -1275.777613 -1275.800283 -1275.842025 -1275.921090 -1276.074862 -1276.382909 -1277.026716 -1278.457462 -1281.873255 -1290.625346 -1315.680208 -9999.0 -9999.0
-9999.0 -9999.0 883.364273 789.069345 694.115355 598.413773 502.318741 406.047232 309.715905 213.387634 117.097060 20.866212 -75.277883 -171.319539 -267.176110 -362.700792 -457.653909 -551.666324 -644.030432 -736.497467 -827.541423 -916.960887 -1004.563967 -1073.651297 -1130.168104 -1174.063093 -1206.595231 -1229.755324 -1245.699015 -1256.375710 -1263.368063 -1267.868553 -1270.727999 -1272.528938 -1273.657808 -1274.367291 -1274.828305 -1275.190083 -1275.785517 -1278.303148 -1291.738308 -1374.078660 -2018.138468 -4064.930042 -4084.157445 -4084.158416 -4084.158412 -4084.158356 -4084.158039 -4084.156864 -4084.153277 -4084.141871 -4084.121597 -4084.093900 -4084.045525 -4083.946389 -4083.715278 -4083.120245 -4081.465959 -4076.518541 -4023.991095 -1826.069806 -1337.694667 -1285.440478 -1277.178197 -1275.945294 -1275.769896 -1275.744236 -1275.741052 -1275.741564 -1275.742560 -1275.743445 -1275.744140 -1275.744671 -1275.745079 -1275.745396 -1275.745649 -1275.745853 -1275.746025 -1275.746177 -1275.746326 -1275.746491 -1275.746697 -1275.746981 -1275.747399 -1275.748041 -1275.749049 -1275.750661 -1275.753279 -1275.757608 -1275.764923 -1275.777613 -1275.800283 -1275.842025 -1275.921090 -1276.074862 -1276.382909 -1277.026716 -1278.457462 -1281.873255 -1290.625346 -1315.680208 -9999.0 -9999.0
-9999.0 -9999.0 883.362898 789.068612 694.115047 598.413656 502.318698 406.047217 309.715899 213.387632 117.097060 20.866212 -75.277884 -171.319539 -267.176110 -362.700792 -457.653909 -551.666324 -644.030432 -736.497466 -827.541423 -916.960886 -1004.563967 -1073.651297 -1130.168104 -1174.063093 -1206.595231 -1229.755324 -1245.699014 -1256.375710 -1263.368063 -1267.868553 -1270.727999 -1272.528938 -1273.657808 -1274.367291 -1274.828305 -1275.190083 -1275.785517 -1278.303148 -1291.738308 -1374.078660 -2018.138468 -4064.930042 -4084.157445 -4084.158416 -4084.158412 -4084.158356 -4084.158039 -4084.156864 -4084.153277 -4084.141871 -4084.121597 -4084.093900 -4084.045525 -4083.946389 -4083.715278 -4083.120245 -4081.465959 -4076.518541 -4023.991095 -1826.069806 -1337.694667 -1285.440478 -1277.178197 -1275.945294 -1275.769896 -1275.744236 -1275.741052 -1275.741564 -1275.742560 -1275.743445 -1275.744140 -1275.744671 -1275.745079 -1275.745396 -1275.745649 -1275.745853 -1275.746025 -1275.746177 -1275.746326 -1275.746491 -1275.746697 -1275.746981 -1275.747399 -1275.748041 -1275.749049 -1275.750661 -1275.753279 -1275.757608 -1275.764923 -1275.777613 -1275.800283 -1275.842025 -1275.921090 -1276.074862 -1276.382909 -1277.026716 -1278.457462 -1281.873255 -1290.625346 -1315.680208 -9999.0 -9999.0
-9999.0 -9999.0 883.359080 789.067210 694.114598 598.413510 502.318650 406.047200 309.715894 213.387630 117.097059 20.866212 -75.277884 -171.319539 -267.176110 -362.700792 -457.653909 -551.666324 -644.030431 -736.497466 -827.541423 -916.960886 -1004.563967 -1073.651296 -1130.168104 -1174.063092 -1206.595231 -1229.755324 -1245.699014 -1256.375710 -1263.368063 -1267.868553 -1270.727999 -1272.528938 -1273.657808 -1274.367291 -1274.828305 -1275.190083 -1275.785517 -1278.303148 -1291.738308 -1374.078660 -2018.138468 -4064.930042 -4084.157445 -4084.158416 -4084.158412 -4084.158356 -4084.158039 -4084.156864 -4084.153277 -4084.141871 -4084.121597 -4084.093900 -4084.045525 -4083.946389 -4083.715278 -4083.120245 -4081.465959 -4076.518541 -4023.991095 -1826.069807 -1337.694667 -1285.440478 -1277.178197 -1275.945294 -1275.769896 -1275.744236 -1275.741052 -1275.741564 -1275.742560 -1275.743445 -1275.744140 -1275.744671 -1275.745079 -1275.745396 -1275.745649 -1275.745853 -1275.746025 -1275.746177 -1275.746326 -1275.746491 -1275.746697 -1275.746981 -1275.747399 -1275.748041 -1275.749049 -1275.750661 -1275.753279 -1275.757608 -1275.764923 -1275.777613 -1275.800283 -1275.842025 -1275.921090 -1276.074862 -1276.382909 -1277.026716 -1278.457462 -1281.873255 -1290.625346 -1315.680208 -9999.0 -9999.0
-9999.0 -9999.0 -9999.0 -9999.0 -9999.0 -9999.0 -9999.0 -9999.0 -9999.0 -9999.0 -9999.0 -9999.0 -9999.0 -9999.0 -9999.0 -9999.0 -9999.0 -9999.0 -9999.0 -9999.0 -9999.0 -9999.0 -9999.0 -9999.0 -9999.0 -9999.0 -9999.0 -9999.0 -9999.0 -9999.0 -9999.0 -9999.0 -9999.0 -9999.0 -9999.0 -9999.0 -9999.0 -9999.0 -9999.0 -9999.0 -9999.0 -9999.0 -9999.0 -9999.0 -9999.0 -9999.0 -9999.0 -9999.0 -9999.0 -9999.0 -9999.0 -9999.0 -9999.0 -9999.0 -9999.0 -9999.0 -9999.0 -9999.0 -9999.0 -9999.0 -9999.0 -9999.0 -9999.0 -9999.0 -9999.0 -9999.0 -9999.0 -9999.0 -9999.0 -9999.0 -9999.0 -9999.0 -9999.0 -9999.0 -9999.0 -9999.0 -9999.0 -9999.0 -9999.0 -9999.0 -9999.0 -9999.0 -9999.0 -9999.0 -9999.0 -9999.0 -9999.0 -9999.0 -9999.0 -9999.0 -9999.0 -9999.0 -9999.0 -9999.0 -9999.0 -9999.0 -9999.0 -9999.0 -9999.0 -9999.0 -9999.0 -9999.0 -9999.0 -9999.0
-9999.0 -9999.0 -9999.0 -9999.0 -9999.0 -9999.0 -9999.0 -9999.0 -9999.0 -9999.0 -9999.0 -9999.0 -9999.0 -9999.0 -9999.0 -9999.0 -9999.0 -9999.0 -9999.0 -9999.0 -9999.0 -9999.0 -9999.0 -9999.0 -9999.0 -9999.0 -9999.0 -9999.0 -9999.0 -9999.0 -9999.0 -9999.0 -9999.0 -9999.0 -9999.0 -9999.0 -9999.0 -9999.0 -9999.0 -9999.0 -9999.0 -9999.0 -9999.0 -9999.0 -9999.0 -9999.0 -9999.0 -9999.0 -9999.0 -9999.0 -9999.0 -9999.0 -9999.0 -9999.0 -9999.0 -9999.0 -9999.0 -9999.0 -9999.0 -9999.0 -9999.0 -9999.0 -9999.0 -9999.0 -9999.0 -9999.0 -9999.0 -9999.0 -9999.0 -9999.0 -9999.0 -9999.0 -9999.0 -9999.0 -9999.0 -9999.0 -9999.0 -9999.0 -9999.0 -9999.0 -9999.0 -9999.0 -9999.0 -9999.0 -9999.0 -9999.0 -9999.0 -9999.0 -9999.0 -9999.0 -9999.0 -9999.0 -9999.0 -9999.0 -9999.0 -9999.0 -9999.0 -9999.0 -9999.0 -9999.0 -9999.0 -9999.0 -9999.0 -9999.0