inst/processing_geotop_simulation/geotop_simulation/out/maps3D/PwL0016N0343.asc
ncols         104
nrows         10
xllcorner     -2.000000
yllcorner     0.000000
cellsize      1.000000
NODATA_value  -9999.0
-9999.0 -9999.0 -9999.0 -9999.0 -9999.0 -9999.0 -9999.0 -9999.0 -9999.0 -9999.0 -9999.0 -9999.0 -9999.0 -9999.0 -9999.0 -9999.0 -9999.0 -9999.0 -9999.0 -9999.0 -9999.0 -9999.0 -9999.0 -9999.0 -9999.0 -9999.0 -9999.0 -9999.0 -9999.0 -9999.0 -9999.0 -9999.0 -9999.0 -9999.0 -9999.0 -9999.0 -9999.0 -9999.0 -9999.0 -9999.0 -9999.0 -9999.0 -9999.0 -9999.0 -9999.0 -9999.0 -9999.0 -9999.0 -9999.0 -9999.0 -9999.0 -9999.0 -9999.0 -9999.0 -9999.0 -9999.0 -9999.0 -9999.0 -9999.0 -9999.0 -9999.0 -9999.0 -9999.0 -9999.0 -9999.0 -9999.0 -9999.0 -9999.0 -9999.0 -9999.0 -9999.0 -9999.0 -9999.0 -9999.0 -9999.0 -9999.0 -9999.0 -9999.0 -9999.0 -9999.0 -9999.0 -9999.0 -9999.0 -9999.0 -9999.0 -9999.0 -9999.0 -9999.0 -9999.0 -9999.0 -9999.0 -9999.0 -9999.0 -9999.0 -9999.0 -9999.0 -9999.0 -9999.0 -9999.0 -9999.0 -9999.0 -9999.0 -9999.0 -9999.0
-9999.0 -9999.0 -9999.0 -9999.0 -9999.0 -9999.0 -9999.0 -9999.0 -9999.0 -9999.0 -9999.0 -9999.0 -9999.0 -9999.0 -9999.0 -9999.0 -9999.0 -9999.0 -9999.0 -9999.0 -9999.0 -9999.0 -9999.0 -9999.0 -9999.0 -9999.0 -9999.0 -9999.0 -9999.0 -9999.0 -9999.0 -9999.0 -9999.0 -9999.0 -9999.0 -9999.0 -9999.0 -9999.0 -9999.0 -9999.0 -9999.0 -9999.0 -9999.0 -9999.0 -9999.0 -9999.0 -9999.0 -9999.0 -9999.0 -9999.0 -9999.0 -9999.0 -9999.0 -9999.0 -9999.0 -9999.0 -9999.0 -9999.0 -9999.0 -9999.0 -9999.0 -9999.0 -9999.0 -9999.0 -9999.0 -9999.0 -9999.0 -9999.0 -9999.0 -9999.0 -9999.0 -9999.0 -9999.0 -9999.0 -9999.0 -9999.0 -9999.0 -9999.0 -9999.0 -9999.0 -9999.0 -9999.0 -9999.0 -9999.0 -9999.0 -9999.0 -9999.0 -9999.0 -9999.0 -9999.0 -9999.0 -9999.0 -9999.0 -9999.0 -9999.0 -9999.0 -9999.0 -9999.0 -9999.0 -9999.0 -9999.0 -9999.0 -9999.0 -9999.0
-9999.0 -9999.0 771.269321 672.802471 574.078264 475.138894 376.093893 277.003125 177.897483 78.793343 -20.297829 -119.369057 -218.416278 -317.417508 -416.332409 -515.093190 -613.575752 -711.578987 -809.762058 -907.653016 -1005.124096 -1101.962271 -1193.252618 -1278.461591 -1355.257685 -1421.839404 -1477.320352 -1521.827085 -1556.320574 -1582.266775 -1601.302542 -1614.988235 -1624.670455 -1631.434928 -1636.116321 -1639.337440 -1641.566428 -1643.220575 -1644.967799 -1648.613313 -1658.602372 -1684.002144 -1980.531851 -4117.786543 -4183.145674 -4183.131308 -4183.110649 -4183.107185 -4183.106786 -4183.106697 -4183.106440 -4183.105502 -4183.103900 -4183.101809 -4183.098296 -4183.091459 -4183.076675 -4183.042739 -4182.963004 -4182.712063 -4065.118745 -1790.484872 -1643.270458 -1650.277778 -1647.714872 -1646.584705 -1646.321802 -1646.273402 -1646.265763 -1646.265071 -1646.265461 -1646.265936 -1646.266340 -1646.266663 -1646.266922 -1646.267134 -1646.267312 -1646.267465 -1646.267602 -1646.267730 -1646.267859 -1646.268000 -1646.268167 -1646.268383 -1646.268680 -1646.269112 -1646.269765 -1646.270783 -1646.272417 -1646.275111 -1646.279681 -1646.287685 -1646.302164 -1646.329209 -1646.381349 -1646.485320 -1646.701467 -1647.175744 -1648.287298 -1651.101529 -1658.961291 -1684.043088 -9999.0 -9999.0
-9999.0 -9999.0 771.273084 672.803769 574.078665 475.139021 376.093936 277.003139 177.897489 78.793345 -20.297828 -119.369056 -218.416278 -317.417507 -416.332409 -515.093190 -613.575752 -711.578988 -809.762058 -907.653017 -1005.124096 -1101.962272 -1193.252618 -1278.461591 -1355.257685 -1421.839404 -1477.320352 -1521.827085 -1556.320574 -1582.266775 -1601.302542 -1614.988235 -1624.670455 -1631.434928 -1636.116321 -1639.337440 -1641.566428 -1643.220575 -1644.967799 -1648.613313 -1658.602372 -1684.002144 -1980.531851 -4117.786543 -4183.145674 -4183.131308 -4183.110649 -4183.107185 -4183.106786 -4183.106697 -4183.106440 -4183.105502 -4183.103900 -4183.101809 -4183.098296 -4183.091459 -4183.076675 -4183.042739 -4182.963004 -4182.712063 -4065.118745 -1790.484872 -1643.270458 -1650.277778 -1647.714872 -1646.584705 -1646.321802 -1646.273402 -1646.265763 -1646.265071 -1646.265461 -1646.265936 -1646.266340 -1646.266663 -1646.266922 -1646.267134 -1646.267312 -1646.267465 -1646.267602 -1646.267730 -1646.267859 -1646.268000 -1646.268167 -1646.268383 -1646.268680 -1646.269112 -1646.269765 -1646.270783 -1646.272417 -1646.275111 -1646.279681 -1646.287685 -1646.302164 -1646.329209 -1646.381349 -1646.485320 -1646.701467 -1647.175744 -1648.287298 -1651.101529 -1658.961291 -1684.043088 -9999.0 -9999.0
-9999.0 -9999.0 771.274326 672.804424 574.078935 475.139123 376.093973 277.003153 177.897493 78.793347 -20.297827 -119.369056 -218.416278 -317.417507 -416.332409 -515.093190 -613.575752 -711.578988 -809.762058 -907.653017 -1005.124096 -1101.962272 -1193.252618 -1278.461591 -1355.257685 -1421.839404 -1477.320352 -1521.827085 -1556.320574 -1582.266775 -1601.302542 -1614.988235 -1624.670455 -1631.434928 -1636.116321 -1639.337440 -1641.566428 -1643.220575 -1644.967799 -1648.613313 -1658.602372 -1684.002144 -1980.531851 -4117.786543 -4183.145674 -4183.131308 -4183.110649 -4183.107185 -4183.106786 -4183.106697 -4183.106440 -4183.105502 -4183.103900 -4183.101809 -4183.098296 -4183.091459 -4183.076675 -4183.042739 -4182.963004 -4182.712063 -4065.118745 -1790.484872 -1643.270458 -1650.277778 -1647.714872 -1646.584705 -1646.321802 -1646.273402 -1646.265763 -1646.265071 -1646.265461 -1646.265936 -1646.266340 -1646.266663 -1646.266922 -1646.267134 -1646.267312 -1646.267465 -1646.267602 -1646.267730 -1646.267859 -1646.268000 -1646.268167 -1646.268383 -1646.268680 -1646.269112 -1646.269765 -1646.270783 -1646.272417 -1646.275111 -1646.279681 -1646.287685 -1646.302164 -1646.329209 -1646.381349 -1646.485320 -1646.701467 -1647.175744 -1648.287298 -1651.101529 -1658.961291 -1684.043088 -9999.0 -9999.0
-9999.0 -9999.0 771.274326 672.804423 574.078935 475.139123 376.093973 277.003153 177.897494 78.793347 -20.297827 -119.369056 -218.416278 -317.417507 -416.332409 -515.093190 -613.575752 -711.578988 -809.762058 -907.653017 -1005.124096 -1101.962272 -1193.252618 -1278.461591 -1355.257685 -1421.839404 -1477.320352 -1521.827085 -1556.320574 -1582.266775 -1601.302542 -1614.988235 -1624.670455 -1631.434928 -1636.116321 -1639.337440 -1641.566428 -1643.220575 -1644.967799 -1648.613313 -1658.602372 -1684.002144 -1980.531851 -4117.786543 -4183.145674 -4183.131308 -4183.110649 -4183.107185 -4183.106786 -4183.106697 -4183.106440 -4183.105502 -4183.103900 -4183.101809 -4183.098296 -4183.091459 -4183.076675 -4183.042739 -4182.963004 -4182.712063 -4065.118745 -1790.484872 -1643.270458 -1650.277778 -1647.714872 -1646.584705 -1646.321802 -1646.273402 -1646.265763 -1646.265071 -1646.265461 -1646.265936 -1646.266340 -1646.266663 -1646.266922 -1646.267134 -1646.267312 -1646.267465 -1646.267602 -1646.267730 -1646.267859 -1646.268000 -1646.268167 -1646.268383 -1646.268680 -1646.269112 -1646.269765 -1646.270783 -1646.272417 -1646.275111 -1646.279681 -1646.287685 -1646.302164 -1646.329209 -1646.381349 -1646.485320 -1646.701467 -1647.175744 -1648.287298 -1651.101529 -1658.961291 -1684.043088 -9999.0 -9999.0
-9999.0 -9999.0 771.273084 672.803769 574.078665 475.139021 376.093935 277.003139 177.897488 78.793345 -20.297828 -119.369056 -218.416278 -317.417507 -416.332409 -515.093190 -613.575752 -711.578987 -809.762058 -907.653017 -1005.124096 -1101.962272 -1193.252618 -1278.461591 -1355.257685 -1421.839404 -1477.320352 -1521.827085 -1556.320574 -1582.266775 -1601.302542 -1614.988235 -1624.670455 -1631.434928 -1636.116321 -1639.337440 -1641.566428 -1643.220575 -1644.967799 -1648.613313 -1658.602372 -1684.002144 -1980.531851 -4117.786543 -4183.145674 -4183.131308 -4183.110649 -4183.107185 -4183.106786 -4183.106697 -4183.106440 -4183.105502 -4183.103900 -4183.101809 -4183.098296 -4183.091459 -4183.076675 -4183.042739 -4182.963004 -4182.712063 -4065.118745 -1790.484872 -1643.270458 -1650.277778 -1647.714872 -1646.584705 -1646.321802 -1646.273402 -1646.265763 -1646.265071 -1646.265461 -1646.265936 -1646.266340 -1646.266663 -1646.266922 -1646.267134 -1646.267312 -1646.267465 -1646.267602 -1646.267730 -1646.267859 -1646.268000 -1646.268167 -1646.268383 -1646.268680 -1646.269112 -1646.269765 -1646.270783 -1646.272417 -1646.275111 -1646.279681 -1646.287685 -1646.302164 -1646.329209 -1646.381349 -1646.485320 -1646.701467 -1647.175744 -1648.287298 -1651.101529 -1658.961291 -1684.043088 -9999.0 -9999.0
-9999.0 -9999.0 771.269321 672.802471 574.078264 475.138893 376.093893 277.003124 177.897483 78.793343 -20.297829 -119.369057 -218.416278 -317.417508 -416.332409 -515.093190 -613.575752 -711.578987 -809.762058 -907.653016 -1005.124096 -1101.962271 -1193.252618 -1278.461591 -1355.257685 -1421.839404 -1477.320352 -1521.827085 -1556.320574 -1582.266775 -1601.302542 -1614.988235 -1624.670455 -1631.434928 -1636.116321 -1639.337440 -1641.566428 -1643.220575 -1644.967799 -1648.613313 -1658.602372 -1684.002144 -1980.531851 -4117.786543 -4183.145674 -4183.131308 -4183.110649 -4183.107185 -4183.106786 -4183.106697 -4183.106440 -4183.105502 -4183.103900 -4183.101809 -4183.098296 -4183.091459 -4183.076675 -4183.042739 -4182.963004 -4182.712063 -4065.118745 -1790.484872 -1643.270458 -1650.277778 -1647.714872 -1646.584705 -1646.321802 -1646.273402 -1646.265763 -1646.265071 -1646.265461 -1646.265936 -1646.266340 -1646.266663 -1646.266922 -1646.267134 -1646.267312 -1646.267465 -1646.267602 -1646.267730 -1646.267859 -1646.268000 -1646.268167 -1646.268383 -1646.268680 -1646.269112 -1646.269765 -1646.270783 -1646.272417 -1646.275111 -1646.279681 -1646.287685 -1646.302164 -1646.329209 -1646.381349 -1646.485320 -1646.701467 -1647.175744 -1648.287298 -1651.101529 -1658.961291 -1684.043088 -9999.0 -9999.0
-9999.0 -9999.0 -9999.0 -9999.0 -9999.0 -9999.0 -9999.0 -9999.0 -9999.0 -9999.0 -9999.0 -9999.0 -9999.0 -9999.0 -9999.0 -9999.0 -9999.0 -9999.0 -9999.0 -9999.0 -9999.0 -9999.0 -9999.0 -9999.0 -9999.0 -9999.0 -9999.0 -9999.0 -9999.0 -9999.0 -9999.0 -9999.0 -9999.0 -9999.0 -9999.0 -9999.0 -9999.0 -9999.0 -9999.0 -9999.0 -9999.0 -9999.0 -9999.0 -9999.0 -9999.0 -9999.0 -9999.0 -9999.0 -9999.0 -9999.0 -9999.0 -9999.0 -9999.0 -9999.0 -9999.0 -9999.0 -9999.0 -9999.0 -9999.0 -9999.0 -9999.0 -9999.0 -9999.0 -9999.0 -9999.0 -9999.0 -9999.0 -9999.0 -9999.0 -9999.0 -9999.0 -9999.0 -9999.0 -9999.0 -9999.0 -9999.0 -9999.0 -9999.0 -9999.0 -9999.0 -9999.0 -9999.0 -9999.0 -9999.0 -9999.0 -9999.0 -9999.0 -9999.0 -9999.0 -9999.0 -9999.0 -9999.0 -9999.0 -9999.0 -9999.0 -9999.0 -9999.0 -9999.0 -9999.0 -9999.0 -9999.0 -9999.0 -9999.0 -9999.0
-9999.0 -9999.0 -9999.0 -9999.0 -9999.0 -9999.0 -9999.0 -9999.0 -9999.0 -9999.0 -9999.0 -9999.0 -9999.0 -9999.0 -9999.0 -9999.0 -9999.0 -9999.0 -9999.0 -9999.0 -9999.0 -9999.0 -9999.0 -9999.0 -9999.0 -9999.0 -9999.0 -9999.0 -9999.0 -9999.0 -9999.0 -9999.0 -9999.0 -9999.0 -9999.0 -9999.0 -9999.0 -9999.0 -9999.0 -9999.0 -9999.0 -9999.0 -9999.0 -9999.0 -9999.0 -9999.0 -9999.0 -9999.0 -9999.0 -9999.0 -9999.0 -9999.0 -9999.0 -9999.0 -9999.0 -9999.0 -9999.0 -9999.0 -9999.0 -9999.0 -9999.0 -9999.0 -9999.0 -9999.0 -9999.0 -9999.0 -9999.0 -9999.0 -9999.0 -9999.0 -9999.0 -9999.0 -9999.0 -9999.0 -9999.0 -9999.0 -9999.0 -9999.0 -9999.0 -9999.0 -9999.0 -9999.0 -9999.0 -9999.0 -9999.0 -9999.0 -9999.0 -9999.0 -9999.0 -9999.0 -9999.0 -9999.0 -9999.0 -9999.0 -9999.0 -9999.0 -9999.0 -9999.0 -9999.0 -9999.0 -9999.0 -9999.0 -9999.0 -9999.0