inst/processing_geotop_simulation/geotop_simulation/out/maps3D/PwL0014N0110.asc
ncols         104
nrows         10
xllcorner     -2.000000
yllcorner     0.000000
cellsize      1.000000
NODATA_value  -9999.0
-9999.0 -9999.0 -9999.0 -9999.0 -9999.0 -9999.0 -9999.0 -9999.0 -9999.0 -9999.0 -9999.0 -9999.0 -9999.0 -9999.0 -9999.0 -9999.0 -9999.0 -9999.0 -9999.0 -9999.0 -9999.0 -9999.0 -9999.0 -9999.0 -9999.0 -9999.0 -9999.0 -9999.0 -9999.0 -9999.0 -9999.0 -9999.0 -9999.0 -9999.0 -9999.0 -9999.0 -9999.0 -9999.0 -9999.0 -9999.0 -9999.0 -9999.0 -9999.0 -9999.0 -9999.0 -9999.0 -9999.0 -9999.0 -9999.0 -9999.0 -9999.0 -9999.0 -9999.0 -9999.0 -9999.0 -9999.0 -9999.0 -9999.0 -9999.0 -9999.0 -9999.0 -9999.0 -9999.0 -9999.0 -9999.0 -9999.0 -9999.0 -9999.0 -9999.0 -9999.0 -9999.0 -9999.0 -9999.0 -9999.0 -9999.0 -9999.0 -9999.0 -9999.0 -9999.0 -9999.0 -9999.0 -9999.0 -9999.0 -9999.0 -9999.0 -9999.0 -9999.0 -9999.0 -9999.0 -9999.0 -9999.0 -9999.0 -9999.0 -9999.0 -9999.0 -9999.0 -9999.0 -9999.0 -9999.0 -9999.0 -9999.0 -9999.0 -9999.0 -9999.0
-9999.0 -9999.0 -9999.0 -9999.0 -9999.0 -9999.0 -9999.0 -9999.0 -9999.0 -9999.0 -9999.0 -9999.0 -9999.0 -9999.0 -9999.0 -9999.0 -9999.0 -9999.0 -9999.0 -9999.0 -9999.0 -9999.0 -9999.0 -9999.0 -9999.0 -9999.0 -9999.0 -9999.0 -9999.0 -9999.0 -9999.0 -9999.0 -9999.0 -9999.0 -9999.0 -9999.0 -9999.0 -9999.0 -9999.0 -9999.0 -9999.0 -9999.0 -9999.0 -9999.0 -9999.0 -9999.0 -9999.0 -9999.0 -9999.0 -9999.0 -9999.0 -9999.0 -9999.0 -9999.0 -9999.0 -9999.0 -9999.0 -9999.0 -9999.0 -9999.0 -9999.0 -9999.0 -9999.0 -9999.0 -9999.0 -9999.0 -9999.0 -9999.0 -9999.0 -9999.0 -9999.0 -9999.0 -9999.0 -9999.0 -9999.0 -9999.0 -9999.0 -9999.0 -9999.0 -9999.0 -9999.0 -9999.0 -9999.0 -9999.0 -9999.0 -9999.0 -9999.0 -9999.0 -9999.0 -9999.0 -9999.0 -9999.0 -9999.0 -9999.0 -9999.0 -9999.0 -9999.0 -9999.0 -9999.0 -9999.0 -9999.0 -9999.0 -9999.0 -9999.0
-9999.0 -9999.0 690.095412 599.905143 507.631415 413.939088 319.581961 224.939252 130.201201 35.468333 -59.187004 -153.757284 -248.313959 -343.183453 -438.975126 -536.531894 -636.954002 -736.627676 -831.811559 -924.231432 -1012.146085 -1079.043397 -1123.187307 -1149.033704 -1162.960502 -1170.162166 -1173.907309 -1175.958745 -1177.179941 -1177.972884 -1178.525453 -1178.928397 -1179.229337 -1179.455875 -1179.625813 -1179.753790 -1179.860522 -1179.987948 -1180.269701 -1181.757786 -1192.389398 -1278.143407 -2091.271550 -4270.654577 -4282.177912 -4282.178211 -4282.178208 -4282.178207 -4282.178207 -4282.178207 -4282.178207 -4282.178207 -4282.178207 -4282.178207 -4282.178207 -4282.178207 -4282.178207 -4282.178208 -4282.178210 -4282.177645 -4263.810498 -1978.422847 -1250.382034 -1188.358119 -1181.207101 -1180.352643 -1180.234362 -1180.215486 -1180.213638 -1180.214895 -1180.216453 -1180.217759 -1180.218764 -1180.219526 -1180.220107 -1180.220558 -1180.220915 -1180.221202 -1180.221441 -1180.221651 -1180.221855 -1180.222080 -1180.222362 -1180.222750 -1180.223324 -1180.224204 -1180.225587 -1180.227793 -1180.231363 -1180.237236 -1180.247093 -1180.264049 -1180.294072 -1180.348866 -1180.451741 -1180.649564 -1181.038155 -1181.822436 -1183.479534 -1187.230129 -1196.397756 -1221.319379 -9999.0 -9999.0
-9999.0 -9999.0 690.100656 599.906852 507.631928 413.939248 319.582013 224.939270 130.201207 35.468336 -59.187003 -153.757283 -248.313959 -343.183453 -438.975126 -536.531894 -636.954002 -736.627676 -831.811559 -924.231432 -1012.146086 -1079.043398 -1123.187307 -1149.033704 -1162.960502 -1170.162166 -1173.907309 -1175.958745 -1177.179941 -1177.972884 -1178.525453 -1178.928397 -1179.229337 -1179.455875 -1179.625813 -1179.753790 -1179.860522 -1179.987948 -1180.269701 -1181.757786 -1192.389398 -1278.143407 -2091.271550 -4270.654577 -4282.177912 -4282.178211 -4282.178208 -4282.178207 -4282.178207 -4282.178207 -4282.178207 -4282.178207 -4282.178207 -4282.178207 -4282.178207 -4282.178207 -4282.178207 -4282.178208 -4282.178210 -4282.177645 -4263.810498 -1978.422847 -1250.382034 -1188.358119 -1181.207101 -1180.352643 -1180.234362 -1180.215486 -1180.213638 -1180.214895 -1180.216453 -1180.217759 -1180.218764 -1180.219526 -1180.220107 -1180.220558 -1180.220915 -1180.221202 -1180.221441 -1180.221651 -1180.221855 -1180.222080 -1180.222362 -1180.222750 -1180.223324 -1180.224204 -1180.225587 -1180.227793 -1180.231363 -1180.237236 -1180.247093 -1180.264049 -1180.294072 -1180.348866 -1180.451741 -1180.649564 -1181.038155 -1181.822436 -1183.479534 -1187.230129 -1196.397756 -1221.319379 -9999.0 -9999.0
-9999.0 -9999.0 690.102228 599.907679 507.632267 413.939375 319.582059 224.939286 130.201213 35.468338 -59.187002 -153.757283 -248.313959 -343.183453 -438.975126 -536.531894 -636.954002 -736.627676 -831.811559 -924.231432 -1012.146086 -1079.043398 -1123.187307 -1149.033704 -1162.960502 -1170.162166 -1173.907309 -1175.958745 -1177.179941 -1177.972884 -1178.525453 -1178.928397 -1179.229337 -1179.455875 -1179.625813 -1179.753790 -1179.860522 -1179.987948 -1180.269701 -1181.757786 -1192.389398 -1278.143407 -2091.271550 -4270.654577 -4282.177912 -4282.178211 -4282.178208 -4282.178207 -4282.178207 -4282.178207 -4282.178207 -4282.178207 -4282.178207 -4282.178207 -4282.178207 -4282.178207 -4282.178207 -4282.178208 -4282.178210 -4282.177645 -4263.810498 -1978.422847 -1250.382034 -1188.358119 -1181.207101 -1180.352643 -1180.234362 -1180.215486 -1180.213638 -1180.214895 -1180.216453 -1180.217759 -1180.218764 -1180.219526 -1180.220107 -1180.220558 -1180.220915 -1180.221202 -1180.221441 -1180.221651 -1180.221855 -1180.222080 -1180.222362 -1180.222750 -1180.223324 -1180.224204 -1180.225587 -1180.227793 -1180.231363 -1180.237236 -1180.247093 -1180.264049 -1180.294072 -1180.348866 -1180.451741 -1180.649564 -1181.038155 -1181.822436 -1183.479534 -1187.230129 -1196.397756 -1221.319379 -9999.0 -9999.0
-9999.0 -9999.0 690.102228 599.907679 507.632267 413.939375 319.582059 224.939286 130.201213 35.468338 -59.187002 -153.757283 -248.313959 -343.183453 -438.975126 -536.531894 -636.954002 -736.627676 -831.811559 -924.231432 -1012.146086 -1079.043398 -1123.187307 -1149.033704 -1162.960502 -1170.162166 -1173.907309 -1175.958745 -1177.179941 -1177.972884 -1178.525453 -1178.928397 -1179.229337 -1179.455875 -1179.625813 -1179.753790 -1179.860522 -1179.987948 -1180.269701 -1181.757786 -1192.389398 -1278.143407 -2091.271550 -4270.654577 -4282.177912 -4282.178211 -4282.178208 -4282.178207 -4282.178207 -4282.178207 -4282.178207 -4282.178207 -4282.178207 -4282.178207 -4282.178207 -4282.178207 -4282.178207 -4282.178208 -4282.178210 -4282.177645 -4263.810498 -1978.422847 -1250.382034 -1188.358119 -1181.207101 -1180.352643 -1180.234362 -1180.215486 -1180.213638 -1180.214895 -1180.216453 -1180.217759 -1180.218764 -1180.219526 -1180.220107 -1180.220558 -1180.220915 -1180.221202 -1180.221441 -1180.221651 -1180.221855 -1180.222080 -1180.222362 -1180.222750 -1180.223324 -1180.224204 -1180.225587 -1180.227793 -1180.231363 -1180.237236 -1180.247093 -1180.264049 -1180.294072 -1180.348866 -1180.451741 -1180.649564 -1181.038155 -1181.822436 -1183.479534 -1187.230129 -1196.397756 -1221.319379 -9999.0 -9999.0
-9999.0 -9999.0 690.100656 599.906852 507.631928 413.939248 319.582013 224.939270 130.201207 35.468336 -59.187003 -153.757283 -248.313959 -343.183453 -438.975126 -536.531894 -636.954002 -736.627676 -831.811559 -924.231432 -1012.146086 -1079.043398 -1123.187307 -1149.033704 -1162.960502 -1170.162166 -1173.907309 -1175.958745 -1177.179941 -1177.972884 -1178.525453 -1178.928397 -1179.229337 -1179.455875 -1179.625813 -1179.753790 -1179.860522 -1179.987948 -1180.269701 -1181.757786 -1192.389398 -1278.143407 -2091.271550 -4270.654577 -4282.177912 -4282.178211 -4282.178208 -4282.178207 -4282.178207 -4282.178207 -4282.178207 -4282.178207 -4282.178207 -4282.178207 -4282.178207 -4282.178207 -4282.178207 -4282.178208 -4282.178210 -4282.177645 -4263.810498 -1978.422847 -1250.382034 -1188.358119 -1181.207101 -1180.352643 -1180.234362 -1180.215486 -1180.213638 -1180.214895 -1180.216453 -1180.217759 -1180.218764 -1180.219526 -1180.220107 -1180.220558 -1180.220915 -1180.221202 -1180.221441 -1180.221651 -1180.221855 -1180.222080 -1180.222362 -1180.222750 -1180.223324 -1180.224204 -1180.225587 -1180.227793 -1180.231363 -1180.237236 -1180.247093 -1180.264049 -1180.294072 -1180.348866 -1180.451741 -1180.649564 -1181.038155 -1181.822436 -1183.479534 -1187.230129 -1196.397756 -1221.319379 -9999.0 -9999.0
-9999.0 -9999.0 690.095412 599.905143 507.631415 413.939088 319.581961 224.939252 130.201201 35.468333 -59.187003 -153.757284 -248.313959 -343.183453 -438.975126 -536.531894 -636.954002 -736.627676 -831.811559 -924.231432 -1012.146085 -1079.043397 -1123.187307 -1149.033704 -1162.960502 -1170.162166 -1173.907309 -1175.958745 -1177.179941 -1177.972884 -1178.525453 -1178.928397 -1179.229337 -1179.455875 -1179.625813 -1179.753790 -1179.860522 -1179.987948 -1180.269701 -1181.757786 -1192.389398 -1278.143407 -2091.271550 -4270.654577 -4282.177912 -4282.178211 -4282.178208 -4282.178207 -4282.178207 -4282.178207 -4282.178207 -4282.178207 -4282.178207 -4282.178207 -4282.178207 -4282.178207 -4282.178207 -4282.178208 -4282.178210 -4282.177645 -4263.810498 -1978.422847 -1250.382034 -1188.358119 -1181.207101 -1180.352643 -1180.234362 -1180.215486 -1180.213638 -1180.214895 -1180.216453 -1180.217759 -1180.218764 -1180.219526 -1180.220107 -1180.220558 -1180.220915 -1180.221202 -1180.221441 -1180.221651 -1180.221855 -1180.222080 -1180.222362 -1180.222750 -1180.223324 -1180.224204 -1180.225587 -1180.227793 -1180.231363 -1180.237236 -1180.247093 -1180.264049 -1180.294072 -1180.348866 -1180.451741 -1180.649564 -1181.038155 -1181.822436 -1183.479534 -1187.230129 -1196.397756 -1221.319379 -9999.0 -9999.0
-9999.0 -9999.0 -9999.0 -9999.0 -9999.0 -9999.0 -9999.0 -9999.0 -9999.0 -9999.0 -9999.0 -9999.0 -9999.0 -9999.0 -9999.0 -9999.0 -9999.0 -9999.0 -9999.0 -9999.0 -9999.0 -9999.0 -9999.0 -9999.0 -9999.0 -9999.0 -9999.0 -9999.0 -9999.0 -9999.0 -9999.0 -9999.0 -9999.0 -9999.0 -9999.0 -9999.0 -9999.0 -9999.0 -9999.0 -9999.0 -9999.0 -9999.0 -9999.0 -9999.0 -9999.0 -9999.0 -9999.0 -9999.0 -9999.0 -9999.0 -9999.0 -9999.0 -9999.0 -9999.0 -9999.0 -9999.0 -9999.0 -9999.0 -9999.0 -9999.0 -9999.0 -9999.0 -9999.0 -9999.0 -9999.0 -9999.0 -9999.0 -9999.0 -9999.0 -9999.0 -9999.0 -9999.0 -9999.0 -9999.0 -9999.0 -9999.0 -9999.0 -9999.0 -9999.0 -9999.0 -9999.0 -9999.0 -9999.0 -9999.0 -9999.0 -9999.0 -9999.0 -9999.0 -9999.0 -9999.0 -9999.0 -9999.0 -9999.0 -9999.0 -9999.0 -9999.0 -9999.0 -9999.0 -9999.0 -9999.0 -9999.0 -9999.0 -9999.0 -9999.0
-9999.0 -9999.0 -9999.0 -9999.0 -9999.0 -9999.0 -9999.0 -9999.0 -9999.0 -9999.0 -9999.0 -9999.0 -9999.0 -9999.0 -9999.0 -9999.0 -9999.0 -9999.0 -9999.0 -9999.0 -9999.0 -9999.0 -9999.0 -9999.0 -9999.0 -9999.0 -9999.0 -9999.0 -9999.0 -9999.0 -9999.0 -9999.0 -9999.0 -9999.0 -9999.0 -9999.0 -9999.0 -9999.0 -9999.0 -9999.0 -9999.0 -9999.0 -9999.0 -9999.0 -9999.0 -9999.0 -9999.0 -9999.0 -9999.0 -9999.0 -9999.0 -9999.0 -9999.0 -9999.0 -9999.0 -9999.0 -9999.0 -9999.0 -9999.0 -9999.0 -9999.0 -9999.0 -9999.0 -9999.0 -9999.0 -9999.0 -9999.0 -9999.0 -9999.0 -9999.0 -9999.0 -9999.0 -9999.0 -9999.0 -9999.0 -9999.0 -9999.0 -9999.0 -9999.0 -9999.0 -9999.0 -9999.0 -9999.0 -9999.0 -9999.0 -9999.0 -9999.0 -9999.0 -9999.0 -9999.0 -9999.0 -9999.0 -9999.0 -9999.0 -9999.0 -9999.0 -9999.0 -9999.0 -9999.0 -9999.0 -9999.0 -9999.0 -9999.0 -9999.0