inst/processing_geotop_simulation/geotop_simulation/out/maps3D/PwL0005N0218.asc
ncols         104
nrows         10
xllcorner     -2.000000
yllcorner     0.000000
cellsize      1.000000
NODATA_value  -9999.0
-9999.0 -9999.0 -9999.0 -9999.0 -9999.0 -9999.0 -9999.0 -9999.0 -9999.0 -9999.0 -9999.0 -9999.0 -9999.0 -9999.0 -9999.0 -9999.0 -9999.0 -9999.0 -9999.0 -9999.0 -9999.0 -9999.0 -9999.0 -9999.0 -9999.0 -9999.0 -9999.0 -9999.0 -9999.0 -9999.0 -9999.0 -9999.0 -9999.0 -9999.0 -9999.0 -9999.0 -9999.0 -9999.0 -9999.0 -9999.0 -9999.0 -9999.0 -9999.0 -9999.0 -9999.0 -9999.0 -9999.0 -9999.0 -9999.0 -9999.0 -9999.0 -9999.0 -9999.0 -9999.0 -9999.0 -9999.0 -9999.0 -9999.0 -9999.0 -9999.0 -9999.0 -9999.0 -9999.0 -9999.0 -9999.0 -9999.0 -9999.0 -9999.0 -9999.0 -9999.0 -9999.0 -9999.0 -9999.0 -9999.0 -9999.0 -9999.0 -9999.0 -9999.0 -9999.0 -9999.0 -9999.0 -9999.0 -9999.0 -9999.0 -9999.0 -9999.0 -9999.0 -9999.0 -9999.0 -9999.0 -9999.0 -9999.0 -9999.0 -9999.0 -9999.0 -9999.0 -9999.0 -9999.0 -9999.0 -9999.0 -9999.0 -9999.0 -9999.0 -9999.0
-9999.0 -9999.0 -9999.0 -9999.0 -9999.0 -9999.0 -9999.0 -9999.0 -9999.0 -9999.0 -9999.0 -9999.0 -9999.0 -9999.0 -9999.0 -9999.0 -9999.0 -9999.0 -9999.0 -9999.0 -9999.0 -9999.0 -9999.0 -9999.0 -9999.0 -9999.0 -9999.0 -9999.0 -9999.0 -9999.0 -9999.0 -9999.0 -9999.0 -9999.0 -9999.0 -9999.0 -9999.0 -9999.0 -9999.0 -9999.0 -9999.0 -9999.0 -9999.0 -9999.0 -9999.0 -9999.0 -9999.0 -9999.0 -9999.0 -9999.0 -9999.0 -9999.0 -9999.0 -9999.0 -9999.0 -9999.0 -9999.0 -9999.0 -9999.0 -9999.0 -9999.0 -9999.0 -9999.0 -9999.0 -9999.0 -9999.0 -9999.0 -9999.0 -9999.0 -9999.0 -9999.0 -9999.0 -9999.0 -9999.0 -9999.0 -9999.0 -9999.0 -9999.0 -9999.0 -9999.0 -9999.0 -9999.0 -9999.0 -9999.0 -9999.0 -9999.0 -9999.0 -9999.0 -9999.0 -9999.0 -9999.0 -9999.0 -9999.0 -9999.0 -9999.0 -9999.0 -9999.0 -9999.0 -9999.0 -9999.0 -9999.0 -9999.0 -9999.0 -9999.0
-9999.0 -9999.0 228.522715 134.751790 38.222302 -59.158799 -156.870119 -254.708359 -352.555987 -450.329859 -547.897903 -644.919779 -741.199688 -836.965713 -932.379367 -1027.949982 -1122.601697 -1214.859003 -1304.881847 -1390.627527 -1467.112643 -1530.169791 -1578.629013 -1613.956778 -1638.831251 -1655.992972 -1667.704424 -1675.642875 -1680.990490 -1684.566944 -1686.940150 -1688.502941 -1689.525263 -1690.190555 -1690.622116 -1690.903814 -1691.099803 -1691.290799 -1691.743196 -1693.745239 -1701.402348 -1698.580622 -1095.766483 -1110.822042 -1094.335454 -1083.869507 -1078.983931 -1078.283832 -1078.211203 -1078.219836 -1078.240363 -1078.262344 -1078.283458 -1078.303003 -1078.321091 -1078.341654 -1078.402598 -1078.814467 -1081.389886 -1087.179906 -1095.731904 -1069.269286 -1674.619006 -1695.933256 -1692.619621 -1691.690551 -1691.531141 -1691.506366 -1691.503126 -1691.503445 -1691.504249 -1691.504976 -1691.505548 -1691.505984 -1691.506318 -1691.506577 -1691.506781 -1691.506947 -1691.507085 -1691.507208 -1691.507329 -1691.507463 -1691.507632 -1691.507867 -1691.508215 -1691.508750 -1691.509593 -1691.510942 -1691.513136 -1691.516767 -1691.522908 -1691.533572 -1691.552638 -1691.587755 -1691.654228 -1691.783175 -1692.039779 -1692.568615 -1693.717718 -1696.407521 -1703.428030 -1725.590040 -9999.0 -9999.0
-9999.0 -9999.0 228.532319 134.753883 38.222841 -59.158641 -156.870069 -254.708342 -352.555981 -450.329857 -547.897902 -644.919778 -741.199688 -836.965713 -932.379367 -1027.949982 -1122.601697 -1214.859003 -1304.881848 -1390.627527 -1467.112644 -1530.169792 -1578.629013 -1613.956779 -1638.831251 -1655.992972 -1667.704424 -1675.642875 -1680.990490 -1684.566945 -1686.940150 -1688.502941 -1689.525263 -1690.190555 -1690.622116 -1690.903814 -1691.099803 -1691.290799 -1691.743196 -1693.745239 -1701.402348 -1698.580622 -1095.766483 -1110.822042 -1094.335454 -1083.869507 -1078.983931 -1078.283832 -1078.211203 -1078.219836 -1078.240363 -1078.262344 -1078.283458 -1078.303003 -1078.321091 -1078.341654 -1078.402598 -1078.814467 -1081.389886 -1087.179906 -1095.731904 -1069.269286 -1674.619006 -1695.933256 -1692.619621 -1691.690551 -1691.531141 -1691.506366 -1691.503126 -1691.503445 -1691.504249 -1691.504976 -1691.505548 -1691.505984 -1691.506318 -1691.506577 -1691.506781 -1691.506947 -1691.507085 -1691.507208 -1691.507329 -1691.507463 -1691.507632 -1691.507867 -1691.508215 -1691.508750 -1691.509593 -1691.510942 -1691.513136 -1691.516767 -1691.522908 -1691.533572 -1691.552638 -1691.587755 -1691.654228 -1691.783175 -1692.039779 -1692.568615 -1693.717718 -1696.407521 -1703.428030 -1725.590040 -9999.0 -9999.0
-9999.0 -9999.0 228.533827 134.754744 38.223183 -59.158517 -156.870025 -254.708327 -352.555975 -450.329855 -547.897901 -644.919778 -741.199688 -836.965713 -932.379367 -1027.949982 -1122.601697 -1214.859003 -1304.881848 -1390.627527 -1467.112644 -1530.169792 -1578.629014 -1613.956779 -1638.831251 -1655.992972 -1667.704424 -1675.642875 -1680.990490 -1684.566945 -1686.940150 -1688.502941 -1689.525263 -1690.190555 -1690.622116 -1690.903814 -1691.099803 -1691.290799 -1691.743196 -1693.745239 -1701.402348 -1698.580622 -1095.766483 -1110.822042 -1094.335454 -1083.869507 -1078.983931 -1078.283832 -1078.211203 -1078.219836 -1078.240363 -1078.262344 -1078.283458 -1078.303003 -1078.321091 -1078.341654 -1078.402598 -1078.814467 -1081.389886 -1087.179906 -1095.731904 -1069.269286 -1674.619006 -1695.933256 -1692.619621 -1691.690551 -1691.531141 -1691.506366 -1691.503126 -1691.503445 -1691.504249 -1691.504976 -1691.505548 -1691.505984 -1691.506318 -1691.506577 -1691.506781 -1691.506947 -1691.507085 -1691.507208 -1691.507329 -1691.507463 -1691.507632 -1691.507867 -1691.508215 -1691.508750 -1691.509593 -1691.510942 -1691.513136 -1691.516767 -1691.522908 -1691.533572 -1691.552638 -1691.587755 -1691.654228 -1691.783175 -1692.039779 -1692.568615 -1693.717718 -1696.407521 -1703.428030 -1725.590040 -9999.0 -9999.0
-9999.0 -9999.0 228.533827 134.754744 38.223183 -59.158517 -156.870025 -254.708327 -352.555975 -450.329855 -547.897901 -644.919778 -741.199688 -836.965713 -932.379367 -1027.949982 -1122.601697 -1214.859003 -1304.881848 -1390.627527 -1467.112644 -1530.169792 -1578.629014 -1613.956779 -1638.831251 -1655.992972 -1667.704424 -1675.642875 -1680.990490 -1684.566945 -1686.940150 -1688.502941 -1689.525263 -1690.190555 -1690.622116 -1690.903814 -1691.099803 -1691.290799 -1691.743196 -1693.745239 -1701.402348 -1698.580622 -1095.766483 -1110.822042 -1094.335454 -1083.869507 -1078.983931 -1078.283832 -1078.211203 -1078.219836 -1078.240363 -1078.262344 -1078.283458 -1078.303003 -1078.321091 -1078.341654 -1078.402598 -1078.814467 -1081.389886 -1087.179906 -1095.731904 -1069.269286 -1674.619006 -1695.933256 -1692.619621 -1691.690551 -1691.531141 -1691.506366 -1691.503126 -1691.503445 -1691.504249 -1691.504976 -1691.505548 -1691.505984 -1691.506318 -1691.506577 -1691.506781 -1691.506947 -1691.507085 -1691.507208 -1691.507329 -1691.507463 -1691.507632 -1691.507867 -1691.508215 -1691.508750 -1691.509593 -1691.510942 -1691.513136 -1691.516767 -1691.522908 -1691.533572 -1691.552638 -1691.587755 -1691.654228 -1691.783175 -1692.039779 -1692.568615 -1693.717718 -1696.407521 -1703.428030 -1725.590040 -9999.0 -9999.0
-9999.0 -9999.0 228.532319 134.753883 38.222841 -59.158641 -156.870069 -254.708342 -352.555981 -450.329857 -547.897902 -644.919778 -741.199688 -836.965713 -932.379367 -1027.949982 -1122.601697 -1214.859003 -1304.881848 -1390.627527 -1467.112644 -1530.169792 -1578.629013 -1613.956779 -1638.831251 -1655.992972 -1667.704424 -1675.642875 -1680.990490 -1684.566945 -1686.940150 -1688.502941 -1689.525263 -1690.190555 -1690.622116 -1690.903814 -1691.099803 -1691.290799 -1691.743196 -1693.745239 -1701.402348 -1698.580622 -1095.766483 -1110.822042 -1094.335454 -1083.869507 -1078.983931 -1078.283832 -1078.211203 -1078.219836 -1078.240363 -1078.262344 -1078.283458 -1078.303003 -1078.321091 -1078.341654 -1078.402598 -1078.814467 -1081.389886 -1087.179906 -1095.731904 -1069.269286 -1674.619006 -1695.933256 -1692.619621 -1691.690551 -1691.531141 -1691.506366 -1691.503126 -1691.503445 -1691.504249 -1691.504976 -1691.505548 -1691.505984 -1691.506318 -1691.506577 -1691.506781 -1691.506947 -1691.507085 -1691.507208 -1691.507329 -1691.507463 -1691.507632 -1691.507867 -1691.508215 -1691.508750 -1691.509593 -1691.510942 -1691.513136 -1691.516767 -1691.522908 -1691.533572 -1691.552638 -1691.587755 -1691.654228 -1691.783175 -1692.039779 -1692.568615 -1693.717718 -1696.407521 -1703.428030 -1725.590040 -9999.0 -9999.0
-9999.0 -9999.0 228.522715 134.751790 38.222302 -59.158799 -156.870119 -254.708359 -352.555987 -450.329859 -547.897903 -644.919779 -741.199688 -836.965713 -932.379367 -1027.949982 -1122.601697 -1214.859003 -1304.881847 -1390.627527 -1467.112643 -1530.169791 -1578.629013 -1613.956778 -1638.831251 -1655.992972 -1667.704424 -1675.642875 -1680.990490 -1684.566944 -1686.940150 -1688.502941 -1689.525263 -1690.190555 -1690.622116 -1690.903814 -1691.099803 -1691.290799 -1691.743196 -1693.745239 -1701.402348 -1698.580622 -1095.766483 -1110.822042 -1094.335454 -1083.869507 -1078.983931 -1078.283832 -1078.211203 -1078.219836 -1078.240363 -1078.262344 -1078.283458 -1078.303003 -1078.321091 -1078.341654 -1078.402598 -1078.814467 -1081.389886 -1087.179906 -1095.731904 -1069.269286 -1674.619006 -1695.933256 -1692.619621 -1691.690551 -1691.531141 -1691.506366 -1691.503126 -1691.503445 -1691.504249 -1691.504976 -1691.505548 -1691.505984 -1691.506318 -1691.506577 -1691.506781 -1691.506947 -1691.507085 -1691.507208 -1691.507329 -1691.507463 -1691.507632 -1691.507867 -1691.508215 -1691.508750 -1691.509593 -1691.510942 -1691.513136 -1691.516767 -1691.522908 -1691.533572 -1691.552638 -1691.587755 -1691.654228 -1691.783175 -1692.039779 -1692.568615 -1693.717718 -1696.407521 -1703.428030 -1725.590040 -9999.0 -9999.0
-9999.0 -9999.0 -9999.0 -9999.0 -9999.0 -9999.0 -9999.0 -9999.0 -9999.0 -9999.0 -9999.0 -9999.0 -9999.0 -9999.0 -9999.0 -9999.0 -9999.0 -9999.0 -9999.0 -9999.0 -9999.0 -9999.0 -9999.0 -9999.0 -9999.0 -9999.0 -9999.0 -9999.0 -9999.0 -9999.0 -9999.0 -9999.0 -9999.0 -9999.0 -9999.0 -9999.0 -9999.0 -9999.0 -9999.0 -9999.0 -9999.0 -9999.0 -9999.0 -9999.0 -9999.0 -9999.0 -9999.0 -9999.0 -9999.0 -9999.0 -9999.0 -9999.0 -9999.0 -9999.0 -9999.0 -9999.0 -9999.0 -9999.0 -9999.0 -9999.0 -9999.0 -9999.0 -9999.0 -9999.0 -9999.0 -9999.0 -9999.0 -9999.0 -9999.0 -9999.0 -9999.0 -9999.0 -9999.0 -9999.0 -9999.0 -9999.0 -9999.0 -9999.0 -9999.0 -9999.0 -9999.0 -9999.0 -9999.0 -9999.0 -9999.0 -9999.0 -9999.0 -9999.0 -9999.0 -9999.0 -9999.0 -9999.0 -9999.0 -9999.0 -9999.0 -9999.0 -9999.0 -9999.0 -9999.0 -9999.0 -9999.0 -9999.0 -9999.0 -9999.0
-9999.0 -9999.0 -9999.0 -9999.0 -9999.0 -9999.0 -9999.0 -9999.0 -9999.0 -9999.0 -9999.0 -9999.0 -9999.0 -9999.0 -9999.0 -9999.0 -9999.0 -9999.0 -9999.0 -9999.0 -9999.0 -9999.0 -9999.0 -9999.0 -9999.0 -9999.0 -9999.0 -9999.0 -9999.0 -9999.0 -9999.0 -9999.0 -9999.0 -9999.0 -9999.0 -9999.0 -9999.0 -9999.0 -9999.0 -9999.0 -9999.0 -9999.0 -9999.0 -9999.0 -9999.0 -9999.0 -9999.0 -9999.0 -9999.0 -9999.0 -9999.0 -9999.0 -9999.0 -9999.0 -9999.0 -9999.0 -9999.0 -9999.0 -9999.0 -9999.0 -9999.0 -9999.0 -9999.0 -9999.0 -9999.0 -9999.0 -9999.0 -9999.0 -9999.0 -9999.0 -9999.0 -9999.0 -9999.0 -9999.0 -9999.0 -9999.0 -9999.0 -9999.0 -9999.0 -9999.0 -9999.0 -9999.0 -9999.0 -9999.0 -9999.0 -9999.0 -9999.0 -9999.0 -9999.0 -9999.0 -9999.0 -9999.0 -9999.0 -9999.0 -9999.0 -9999.0 -9999.0 -9999.0 -9999.0 -9999.0 -9999.0 -9999.0 -9999.0 -9999.0