inst/processing_geotop_simulation/geotop_simulation/out/maps3D/PwL0012N0203.asc
ncols         104
nrows         10
xllcorner     -2.000000
yllcorner     0.000000
cellsize      1.000000
NODATA_value  -9999.0
-9999.0 -9999.0 -9999.0 -9999.0 -9999.0 -9999.0 -9999.0 -9999.0 -9999.0 -9999.0 -9999.0 -9999.0 -9999.0 -9999.0 -9999.0 -9999.0 -9999.0 -9999.0 -9999.0 -9999.0 -9999.0 -9999.0 -9999.0 -9999.0 -9999.0 -9999.0 -9999.0 -9999.0 -9999.0 -9999.0 -9999.0 -9999.0 -9999.0 -9999.0 -9999.0 -9999.0 -9999.0 -9999.0 -9999.0 -9999.0 -9999.0 -9999.0 -9999.0 -9999.0 -9999.0 -9999.0 -9999.0 -9999.0 -9999.0 -9999.0 -9999.0 -9999.0 -9999.0 -9999.0 -9999.0 -9999.0 -9999.0 -9999.0 -9999.0 -9999.0 -9999.0 -9999.0 -9999.0 -9999.0 -9999.0 -9999.0 -9999.0 -9999.0 -9999.0 -9999.0 -9999.0 -9999.0 -9999.0 -9999.0 -9999.0 -9999.0 -9999.0 -9999.0 -9999.0 -9999.0 -9999.0 -9999.0 -9999.0 -9999.0 -9999.0 -9999.0 -9999.0 -9999.0 -9999.0 -9999.0 -9999.0 -9999.0 -9999.0 -9999.0 -9999.0 -9999.0 -9999.0 -9999.0 -9999.0 -9999.0 -9999.0 -9999.0 -9999.0 -9999.0
-9999.0 -9999.0 -9999.0 -9999.0 -9999.0 -9999.0 -9999.0 -9999.0 -9999.0 -9999.0 -9999.0 -9999.0 -9999.0 -9999.0 -9999.0 -9999.0 -9999.0 -9999.0 -9999.0 -9999.0 -9999.0 -9999.0 -9999.0 -9999.0 -9999.0 -9999.0 -9999.0 -9999.0 -9999.0 -9999.0 -9999.0 -9999.0 -9999.0 -9999.0 -9999.0 -9999.0 -9999.0 -9999.0 -9999.0 -9999.0 -9999.0 -9999.0 -9999.0 -9999.0 -9999.0 -9999.0 -9999.0 -9999.0 -9999.0 -9999.0 -9999.0 -9999.0 -9999.0 -9999.0 -9999.0 -9999.0 -9999.0 -9999.0 -9999.0 -9999.0 -9999.0 -9999.0 -9999.0 -9999.0 -9999.0 -9999.0 -9999.0 -9999.0 -9999.0 -9999.0 -9999.0 -9999.0 -9999.0 -9999.0 -9999.0 -9999.0 -9999.0 -9999.0 -9999.0 -9999.0 -9999.0 -9999.0 -9999.0 -9999.0 -9999.0 -9999.0 -9999.0 -9999.0 -9999.0 -9999.0 -9999.0 -9999.0 -9999.0 -9999.0 -9999.0 -9999.0 -9999.0 -9999.0 -9999.0 -9999.0 -9999.0 -9999.0 -9999.0 -9999.0
-9999.0 -9999.0 578.571043 483.524361 387.162444 290.066905 192.644628 95.083111 -2.523679 -100.119582 -197.678308 -295.135314 -392.371071 -489.127675 -585.029349 -679.656265 -774.923772 -869.747928 -964.133285 -1057.867538 -1143.927832 -1221.437036 -1287.477964 -1340.804767 -1381.879709 -1412.320758 -1434.210129 -1449.582165 -1460.171586 -1467.348809 -1472.146953 -1475.318491 -1477.396294 -1478.748749 -1479.625637 -1480.195703 -1480.579980 -1480.901958 -1481.490244 -1483.905197 -1494.896632 -1540.186919 -1815.603013 -3779.799076 -3369.244860 -3079.883871 -2949.010316 -2932.775260 -2931.155072 -2931.325272 -2931.747931 -2932.200346 -2932.634544 -2933.036289 -2933.407581 -2933.826064 -2935.067443 -2943.992579 -3010.046548 -3163.423659 -3374.125175 -1619.182538 -1507.992035 -1488.475631 -1482.684975 -1481.561413 -1481.382020 -1481.354837 -1481.351284 -1481.351566 -1481.352375 -1481.353113 -1481.353695 -1481.354140 -1481.354481 -1481.354747 -1481.354957 -1481.355128 -1481.355271 -1481.355398 -1481.355523 -1481.355662 -1481.355836 -1481.356078 -1481.356435 -1481.356982 -1481.357844 -1481.359223 -1481.361465 -1481.365177 -1481.371462 -1481.382387 -1481.401942 -1481.438009 -1481.506407 -1481.639509 -1481.905966 -1482.460832 -1483.683831 -1486.582500 -1494.135190 -1517.301251 -9999.0 -9999.0
-9999.0 -9999.0 578.576754 483.526082 387.162940 290.067057 192.644677 95.083127 -2.523673 -100.119579 -197.678308 -295.135313 -392.371071 -489.127675 -585.029349 -679.656266 -774.923772 -869.747928 -964.133285 -1057.867539 -1143.927832 -1221.437036 -1287.477964 -1340.804768 -1381.879710 -1412.320758 -1434.210129 -1449.582165 -1460.171586 -1467.348809 -1472.146953 -1475.318491 -1477.396294 -1478.748749 -1479.625637 -1480.195703 -1480.579980 -1480.901958 -1481.490244 -1483.905197 -1494.896632 -1540.186919 -1815.603013 -3779.799074 -3369.244856 -3079.883863 -2949.010316 -2932.775260 -2931.155072 -2931.325272 -2931.747931 -2932.200346 -2932.634544 -2933.036289 -2933.407581 -2933.826064 -2935.067443 -2943.992579 -3010.046548 -3163.423659 -3374.125175 -1619.182538 -1507.992035 -1488.475631 -1482.684975 -1481.561413 -1481.382020 -1481.354837 -1481.351284 -1481.351566 -1481.352375 -1481.353113 -1481.353695 -1481.354140 -1481.354481 -1481.354747 -1481.354957 -1481.355128 -1481.355271 -1481.355398 -1481.355523 -1481.355662 -1481.355836 -1481.356078 -1481.356435 -1481.356982 -1481.357844 -1481.359223 -1481.361465 -1481.365177 -1481.371462 -1481.382387 -1481.401942 -1481.438009 -1481.506407 -1481.639509 -1481.905966 -1482.460832 -1483.683831 -1486.582500 -1494.135190 -1517.301251 -9999.0 -9999.0
-9999.0 -9999.0 578.578288 483.526884 387.163266 290.067177 192.644721 95.083143 -2.523668 -100.119577 -197.678307 -295.135313 -392.371071 -489.127675 -585.029349 -679.656266 -774.923772 -869.747928 -964.133285 -1057.867539 -1143.927832 -1221.437036 -1287.477964 -1340.804768 -1381.879710 -1412.320758 -1434.210129 -1449.582165 -1460.171586 -1467.348809 -1472.146953 -1475.318491 -1477.396294 -1478.748749 -1479.625637 -1480.195703 -1480.579980 -1480.901958 -1481.490244 -1483.905197 -1494.896632 -1540.186919 -1815.603013 -3779.799074 -3369.244855 -3079.883859 -2949.010316 -2932.775260 -2931.155072 -2931.325272 -2931.747931 -2932.200346 -2932.634544 -2933.036289 -2933.407581 -2933.826064 -2935.067443 -2943.992579 -3010.046548 -3163.423659 -3374.125175 -1619.182538 -1507.992035 -1488.475631 -1482.684975 -1481.561413 -1481.382020 -1481.354837 -1481.351284 -1481.351566 -1481.352375 -1481.353113 -1481.353695 -1481.354140 -1481.354481 -1481.354747 -1481.354957 -1481.355128 -1481.355271 -1481.355398 -1481.355523 -1481.355662 -1481.355836 -1481.356078 -1481.356435 -1481.356982 -1481.357844 -1481.359223 -1481.361465 -1481.365177 -1481.371462 -1481.382387 -1481.401942 -1481.438009 -1481.506407 -1481.639509 -1481.905966 -1482.460832 -1483.683831 -1486.582500 -1494.135190 -1517.301251 -9999.0 -9999.0
-9999.0 -9999.0 578.578288 483.526884 387.163266 290.067177 192.644721 95.083143 -2.523668 -100.119577 -197.678307 -295.135313 -392.371071 -489.127675 -585.029349 -679.656266 -774.923773 -869.747928 -964.133285 -1057.867539 -1143.927832 -1221.437036 -1287.477964 -1340.804768 -1381.879710 -1412.320758 -1434.210129 -1449.582165 -1460.171586 -1467.348809 -1472.146953 -1475.318491 -1477.396294 -1478.748749 -1479.625637 -1480.195703 -1480.579980 -1480.901958 -1481.490244 -1483.905197 -1494.896632 -1540.186919 -1815.603013 -3779.799074 -3369.244855 -3079.883859 -2949.010316 -2932.775260 -2931.155072 -2931.325272 -2931.747931 -2932.200346 -2932.634544 -2933.036289 -2933.407581 -2933.826064 -2935.067443 -2943.992579 -3010.046548 -3163.423659 -3374.125175 -1619.182538 -1507.992035 -1488.475631 -1482.684975 -1481.561413 -1481.382020 -1481.354837 -1481.351284 -1481.351566 -1481.352375 -1481.353113 -1481.353695 -1481.354140 -1481.354481 -1481.354747 -1481.354957 -1481.355128 -1481.355271 -1481.355398 -1481.355523 -1481.355662 -1481.355836 -1481.356078 -1481.356435 -1481.356982 -1481.357844 -1481.359223 -1481.361465 -1481.365177 -1481.371462 -1481.382387 -1481.401942 -1481.438009 -1481.506407 -1481.639509 -1481.905966 -1482.460832 -1483.683831 -1486.582500 -1494.135190 -1517.301251 -9999.0 -9999.0
-9999.0 -9999.0 578.576754 483.526082 387.162940 290.067057 192.644677 95.083127 -2.523673 -100.119579 -197.678308 -295.135313 -392.371071 -489.127675 -585.029349 -679.656266 -774.923772 -869.747928 -964.133285 -1057.867539 -1143.927832 -1221.437036 -1287.477964 -1340.804768 -1381.879710 -1412.320758 -1434.210129 -1449.582165 -1460.171586 -1467.348809 -1472.146953 -1475.318491 -1477.396294 -1478.748749 -1479.625637 -1480.195703 -1480.579980 -1480.901958 -1481.490244 -1483.905197 -1494.896632 -1540.186919 -1815.603013 -3779.799074 -3369.244856 -3079.883863 -2949.010316 -2932.775260 -2931.155072 -2931.325272 -2931.747931 -2932.200346 -2932.634544 -2933.036289 -2933.407581 -2933.826064 -2935.067443 -2943.992579 -3010.046548 -3163.423659 -3374.125175 -1619.182538 -1507.992035 -1488.475631 -1482.684975 -1481.561413 -1481.382020 -1481.354837 -1481.351284 -1481.351566 -1481.352375 -1481.353113 -1481.353695 -1481.354140 -1481.354481 -1481.354747 -1481.354957 -1481.355128 -1481.355271 -1481.355398 -1481.355523 -1481.355662 -1481.355836 -1481.356078 -1481.356435 -1481.356982 -1481.357844 -1481.359223 -1481.361465 -1481.365177 -1481.371462 -1481.382387 -1481.401942 -1481.438009 -1481.506407 -1481.639509 -1481.905966 -1482.460832 -1483.683831 -1486.582500 -1494.135190 -1517.301251 -9999.0 -9999.0
-9999.0 -9999.0 578.571043 483.524361 387.162444 290.066905 192.644628 95.083111 -2.523679 -100.119582 -197.678309 -295.135314 -392.371071 -489.127675 -585.029349 -679.656265 -774.923772 -869.747928 -964.133285 -1057.867538 -1143.927832 -1221.437036 -1287.477964 -1340.804767 -1381.879709 -1412.320758 -1434.210129 -1449.582165 -1460.171586 -1467.348809 -1472.146953 -1475.318491 -1477.396294 -1478.748749 -1479.625637 -1480.195703 -1480.579980 -1480.901958 -1481.490244 -1483.905197 -1494.896632 -1540.186919 -1815.603013 -3779.799076 -3369.244860 -3079.883871 -2949.010316 -2932.775260 -2931.155072 -2931.325272 -2931.747931 -2932.200346 -2932.634544 -2933.036289 -2933.407581 -2933.826064 -2935.067443 -2943.992579 -3010.046548 -3163.423659 -3374.125175 -1619.182538 -1507.992035 -1488.475631 -1482.684975 -1481.561413 -1481.382020 -1481.354837 -1481.351284 -1481.351566 -1481.352375 -1481.353113 -1481.353695 -1481.354140 -1481.354481 -1481.354747 -1481.354957 -1481.355128 -1481.355271 -1481.355398 -1481.355523 -1481.355662 -1481.355836 -1481.356078 -1481.356435 -1481.356982 -1481.357844 -1481.359223 -1481.361465 -1481.365177 -1481.371462 -1481.382387 -1481.401942 -1481.438009 -1481.506407 -1481.639509 -1481.905966 -1482.460832 -1483.683831 -1486.582500 -1494.135191 -1517.301251 -9999.0 -9999.0
-9999.0 -9999.0 -9999.0 -9999.0 -9999.0 -9999.0 -9999.0 -9999.0 -9999.0 -9999.0 -9999.0 -9999.0 -9999.0 -9999.0 -9999.0 -9999.0 -9999.0 -9999.0 -9999.0 -9999.0 -9999.0 -9999.0 -9999.0 -9999.0 -9999.0 -9999.0 -9999.0 -9999.0 -9999.0 -9999.0 -9999.0 -9999.0 -9999.0 -9999.0 -9999.0 -9999.0 -9999.0 -9999.0 -9999.0 -9999.0 -9999.0 -9999.0 -9999.0 -9999.0 -9999.0 -9999.0 -9999.0 -9999.0 -9999.0 -9999.0 -9999.0 -9999.0 -9999.0 -9999.0 -9999.0 -9999.0 -9999.0 -9999.0 -9999.0 -9999.0 -9999.0 -9999.0 -9999.0 -9999.0 -9999.0 -9999.0 -9999.0 -9999.0 -9999.0 -9999.0 -9999.0 -9999.0 -9999.0 -9999.0 -9999.0 -9999.0 -9999.0 -9999.0 -9999.0 -9999.0 -9999.0 -9999.0 -9999.0 -9999.0 -9999.0 -9999.0 -9999.0 -9999.0 -9999.0 -9999.0 -9999.0 -9999.0 -9999.0 -9999.0 -9999.0 -9999.0 -9999.0 -9999.0 -9999.0 -9999.0 -9999.0 -9999.0 -9999.0 -9999.0
-9999.0 -9999.0 -9999.0 -9999.0 -9999.0 -9999.0 -9999.0 -9999.0 -9999.0 -9999.0 -9999.0 -9999.0 -9999.0 -9999.0 -9999.0 -9999.0 -9999.0 -9999.0 -9999.0 -9999.0 -9999.0 -9999.0 -9999.0 -9999.0 -9999.0 -9999.0 -9999.0 -9999.0 -9999.0 -9999.0 -9999.0 -9999.0 -9999.0 -9999.0 -9999.0 -9999.0 -9999.0 -9999.0 -9999.0 -9999.0 -9999.0 -9999.0 -9999.0 -9999.0 -9999.0 -9999.0 -9999.0 -9999.0 -9999.0 -9999.0 -9999.0 -9999.0 -9999.0 -9999.0 -9999.0 -9999.0 -9999.0 -9999.0 -9999.0 -9999.0 -9999.0 -9999.0 -9999.0 -9999.0 -9999.0 -9999.0 -9999.0 -9999.0 -9999.0 -9999.0 -9999.0 -9999.0 -9999.0 -9999.0 -9999.0 -9999.0 -9999.0 -9999.0 -9999.0 -9999.0 -9999.0 -9999.0 -9999.0 -9999.0 -9999.0 -9999.0 -9999.0 -9999.0 -9999.0 -9999.0 -9999.0 -9999.0 -9999.0 -9999.0 -9999.0 -9999.0 -9999.0 -9999.0 -9999.0 -9999.0 -9999.0 -9999.0 -9999.0 -9999.0