inst/processing_geotop_simulation/geotop_simulation/out/maps3D/PwL0017N0321.asc
ncols         104
nrows         10
xllcorner     -2.000000
yllcorner     0.000000
cellsize      1.000000
NODATA_value  -9999.0
-9999.0 -9999.0 -9999.0 -9999.0 -9999.0 -9999.0 -9999.0 -9999.0 -9999.0 -9999.0 -9999.0 -9999.0 -9999.0 -9999.0 -9999.0 -9999.0 -9999.0 -9999.0 -9999.0 -9999.0 -9999.0 -9999.0 -9999.0 -9999.0 -9999.0 -9999.0 -9999.0 -9999.0 -9999.0 -9999.0 -9999.0 -9999.0 -9999.0 -9999.0 -9999.0 -9999.0 -9999.0 -9999.0 -9999.0 -9999.0 -9999.0 -9999.0 -9999.0 -9999.0 -9999.0 -9999.0 -9999.0 -9999.0 -9999.0 -9999.0 -9999.0 -9999.0 -9999.0 -9999.0 -9999.0 -9999.0 -9999.0 -9999.0 -9999.0 -9999.0 -9999.0 -9999.0 -9999.0 -9999.0 -9999.0 -9999.0 -9999.0 -9999.0 -9999.0 -9999.0 -9999.0 -9999.0 -9999.0 -9999.0 -9999.0 -9999.0 -9999.0 -9999.0 -9999.0 -9999.0 -9999.0 -9999.0 -9999.0 -9999.0 -9999.0 -9999.0 -9999.0 -9999.0 -9999.0 -9999.0 -9999.0 -9999.0 -9999.0 -9999.0 -9999.0 -9999.0 -9999.0 -9999.0 -9999.0 -9999.0 -9999.0 -9999.0 -9999.0 -9999.0
-9999.0 -9999.0 -9999.0 -9999.0 -9999.0 -9999.0 -9999.0 -9999.0 -9999.0 -9999.0 -9999.0 -9999.0 -9999.0 -9999.0 -9999.0 -9999.0 -9999.0 -9999.0 -9999.0 -9999.0 -9999.0 -9999.0 -9999.0 -9999.0 -9999.0 -9999.0 -9999.0 -9999.0 -9999.0 -9999.0 -9999.0 -9999.0 -9999.0 -9999.0 -9999.0 -9999.0 -9999.0 -9999.0 -9999.0 -9999.0 -9999.0 -9999.0 -9999.0 -9999.0 -9999.0 -9999.0 -9999.0 -9999.0 -9999.0 -9999.0 -9999.0 -9999.0 -9999.0 -9999.0 -9999.0 -9999.0 -9999.0 -9999.0 -9999.0 -9999.0 -9999.0 -9999.0 -9999.0 -9999.0 -9999.0 -9999.0 -9999.0 -9999.0 -9999.0 -9999.0 -9999.0 -9999.0 -9999.0 -9999.0 -9999.0 -9999.0 -9999.0 -9999.0 -9999.0 -9999.0 -9999.0 -9999.0 -9999.0 -9999.0 -9999.0 -9999.0 -9999.0 -9999.0 -9999.0 -9999.0 -9999.0 -9999.0 -9999.0 -9999.0 -9999.0 -9999.0 -9999.0 -9999.0 -9999.0 -9999.0 -9999.0 -9999.0 -9999.0 -9999.0
-9999.0 -9999.0 821.391565 723.039372 624.451370 525.638042 426.710831 327.733837 228.740748 129.749571 30.770768 -68.185353 -167.116629 -266.007077 -364.820165 -463.491037 -561.898752 -659.837386 -757.493884 -855.150503 -952.346510 -1048.862695 -1141.942252 -1227.508718 -1304.771007 -1371.880066 -1427.882454 -1472.844625 -1507.692803 -1533.886452 -1553.076037 -1566.844542 -1576.561662 -1583.332169 -1588.004400 -1591.209842 -1593.420982 -1595.055006 -1596.781698 -1600.503439 -1611.616688 -1646.090091 -1979.945725 -4075.499892 -4133.656542 -4133.663293 -4133.663218 -4133.662829 -4133.661046 -4133.655349 -4133.640083 -4133.597161 -4133.527714 -4133.439021 -4133.293271 -4133.013703 -4132.410069 -4130.986725 -4127.405234 -4117.838105 -3976.295563 -1772.384002 -1605.024039 -1603.259385 -1599.609861 -1598.385733 -1598.120955 -1598.073873 -1598.066614 -1598.066019 -1598.066447 -1598.066946 -1598.067365 -1598.067700 -1598.067966 -1598.068183 -1598.068364 -1598.068519 -1598.068656 -1598.068784 -1598.068913 -1598.069053 -1598.069221 -1598.069438 -1598.069741 -1598.070182 -1598.070854 -1598.071904 -1598.073593 -1598.076380 -1598.081112 -1598.089394 -1598.104367 -1598.132313 -1598.186128 -1598.293275 -1598.515574 -1599.002161 -1600.138861 -1603.000543 -1610.920346 -1635.976047 -9999.0 -9999.0
-9999.0 -9999.0 821.395126 723.040638 624.451769 525.638170 426.710874 327.733852 228.740754 129.749573 30.770769 -68.185353 -167.116628 -266.007077 -364.820165 -463.491038 -561.898752 -659.837386 -757.493884 -855.150503 -952.346510 -1048.862695 -1141.942252 -1227.508718 -1304.771007 -1371.880066 -1427.882454 -1472.844625 -1507.692803 -1533.886452 -1553.076037 -1566.844542 -1576.561662 -1583.332169 -1588.004400 -1591.209843 -1593.420982 -1595.055006 -1596.781698 -1600.503439 -1611.616688 -1646.090091 -1979.945725 -4075.499892 -4133.656542 -4133.663293 -4133.663218 -4133.662829 -4133.661046 -4133.655349 -4133.640083 -4133.597161 -4133.527714 -4133.439021 -4133.293271 -4133.013703 -4132.410069 -4130.986725 -4127.405234 -4117.838105 -3976.295563 -1772.384002 -1605.024039 -1603.259385 -1599.609861 -1598.385733 -1598.120955 -1598.073873 -1598.066614 -1598.066019 -1598.066447 -1598.066946 -1598.067365 -1598.067700 -1598.067966 -1598.068183 -1598.068364 -1598.068519 -1598.068656 -1598.068784 -1598.068913 -1598.069053 -1598.069221 -1598.069438 -1598.069741 -1598.070182 -1598.070854 -1598.071904 -1598.073593 -1598.076380 -1598.081112 -1598.089394 -1598.104367 -1598.132313 -1598.186128 -1598.293275 -1598.515574 -1599.002161 -1600.138861 -1603.000543 -1610.920346 -1635.976047 -9999.0 -9999.0
-9999.0 -9999.0 821.396356 723.041289 624.452039 525.638272 426.710911 327.733865 228.740759 129.749575 30.770769 -68.185352 -167.116628 -266.007077 -364.820165 -463.491038 -561.898752 -659.837386 -757.493884 -855.150503 -952.346510 -1048.862695 -1141.942252 -1227.508718 -1304.771007 -1371.880066 -1427.882454 -1472.844625 -1507.692803 -1533.886452 -1553.076037 -1566.844542 -1576.561662 -1583.332169 -1588.004400 -1591.209843 -1593.420982 -1595.055006 -1596.781698 -1600.503439 -1611.616688 -1646.090091 -1979.945725 -4075.499892 -4133.656542 -4133.663293 -4133.663218 -4133.662829 -4133.661046 -4133.655349 -4133.640083 -4133.597161 -4133.527714 -4133.439021 -4133.293271 -4133.013703 -4132.410069 -4130.986725 -4127.405234 -4117.838105 -3976.295562 -1772.384002 -1605.024039 -1603.259385 -1599.609861 -1598.385733 -1598.120955 -1598.073873 -1598.066614 -1598.066019 -1598.066447 -1598.066946 -1598.067365 -1598.067700 -1598.067966 -1598.068183 -1598.068364 -1598.068519 -1598.068656 -1598.068784 -1598.068913 -1598.069053 -1598.069221 -1598.069438 -1598.069741 -1598.070182 -1598.070854 -1598.071904 -1598.073593 -1598.076380 -1598.081112 -1598.089394 -1598.104367 -1598.132313 -1598.186128 -1598.293275 -1598.515574 -1599.002161 -1600.138861 -1603.000543 -1610.920346 -1635.976047 -9999.0 -9999.0
-9999.0 -9999.0 821.396356 723.041289 624.452039 525.638272 426.710911 327.733865 228.740759 129.749575 30.770769 -68.185352 -167.116628 -266.007077 -364.820165 -463.491038 -561.898752 -659.837386 -757.493884 -855.150503 -952.346510 -1048.862695 -1141.942252 -1227.508718 -1304.771007 -1371.880066 -1427.882454 -1472.844625 -1507.692803 -1533.886452 -1553.076037 -1566.844542 -1576.561662 -1583.332169 -1588.004400 -1591.209843 -1593.420982 -1595.055006 -1596.781698 -1600.503439 -1611.616688 -1646.090091 -1979.945725 -4075.499892 -4133.656542 -4133.663293 -4133.663218 -4133.662829 -4133.661046 -4133.655349 -4133.640083 -4133.597161 -4133.527714 -4133.439021 -4133.293271 -4133.013703 -4132.410069 -4130.986725 -4127.405234 -4117.838105 -3976.295562 -1772.384002 -1605.024039 -1603.259385 -1599.609861 -1598.385733 -1598.120955 -1598.073873 -1598.066614 -1598.066019 -1598.066447 -1598.066946 -1598.067365 -1598.067700 -1598.067966 -1598.068183 -1598.068364 -1598.068519 -1598.068656 -1598.068784 -1598.068913 -1598.069053 -1598.069221 -1598.069438 -1598.069741 -1598.070182 -1598.070854 -1598.071904 -1598.073593 -1598.076380 -1598.081112 -1598.089394 -1598.104367 -1598.132313 -1598.186128 -1598.293275 -1598.515574 -1599.002161 -1600.138861 -1603.000543 -1610.920346 -1635.976047 -9999.0 -9999.0
-9999.0 -9999.0 821.395126 723.040638 624.451769 525.638170 426.710874 327.733852 228.740754 129.749573 30.770769 -68.185353 -167.116628 -266.007077 -364.820165 -463.491038 -561.898752 -659.837386 -757.493884 -855.150503 -952.346510 -1048.862695 -1141.942252 -1227.508718 -1304.771007 -1371.880066 -1427.882454 -1472.844625 -1507.692803 -1533.886452 -1553.076037 -1566.844542 -1576.561662 -1583.332169 -1588.004400 -1591.209843 -1593.420982 -1595.055006 -1596.781698 -1600.503439 -1611.616688 -1646.090091 -1979.945725 -4075.499892 -4133.656542 -4133.663293 -4133.663218 -4133.662829 -4133.661046 -4133.655349 -4133.640083 -4133.597161 -4133.527714 -4133.439021 -4133.293271 -4133.013703 -4132.410069 -4130.986725 -4127.405234 -4117.838105 -3976.295563 -1772.384002 -1605.024039 -1603.259385 -1599.609861 -1598.385733 -1598.120955 -1598.073873 -1598.066614 -1598.066019 -1598.066447 -1598.066946 -1598.067365 -1598.067700 -1598.067966 -1598.068183 -1598.068364 -1598.068519 -1598.068656 -1598.068784 -1598.068913 -1598.069053 -1598.069221 -1598.069438 -1598.069741 -1598.070182 -1598.070854 -1598.071904 -1598.073593 -1598.076380 -1598.081112 -1598.089394 -1598.104367 -1598.132313 -1598.186128 -1598.293275 -1598.515574 -1599.002161 -1600.138861 -1603.000543 -1610.920346 -1635.976047 -9999.0 -9999.0
-9999.0 -9999.0 821.391565 723.039372 624.451370 525.638042 426.710831 327.733837 228.740748 129.749571 30.770768 -68.185353 -167.116629 -266.007077 -364.820165 -463.491037 -561.898752 -659.837386 -757.493884 -855.150503 -952.346510 -1048.862695 -1141.942252 -1227.508718 -1304.771007 -1371.880066 -1427.882454 -1472.844625 -1507.692803 -1533.886452 -1553.076037 -1566.844542 -1576.561662 -1583.332169 -1588.004400 -1591.209842 -1593.420982 -1595.055006 -1596.781698 -1600.503439 -1611.616688 -1646.090091 -1979.945725 -4075.499892 -4133.656542 -4133.663293 -4133.663218 -4133.662829 -4133.661046 -4133.655349 -4133.640083 -4133.597161 -4133.527714 -4133.439021 -4133.293271 -4133.013703 -4132.410069 -4130.986725 -4127.405234 -4117.838105 -3976.295563 -1772.384002 -1605.024039 -1603.259385 -1599.609861 -1598.385733 -1598.120955 -1598.073873 -1598.066614 -1598.066019 -1598.066447 -1598.066946 -1598.067365 -1598.067700 -1598.067966 -1598.068183 -1598.068364 -1598.068519 -1598.068656 -1598.068784 -1598.068913 -1598.069053 -1598.069221 -1598.069438 -1598.069741 -1598.070182 -1598.070854 -1598.071904 -1598.073593 -1598.076380 -1598.081112 -1598.089394 -1598.104367 -1598.132313 -1598.186128 -1598.293275 -1598.515574 -1599.002161 -1600.138861 -1603.000543 -1610.920346 -1635.976047 -9999.0 -9999.0
-9999.0 -9999.0 -9999.0 -9999.0 -9999.0 -9999.0 -9999.0 -9999.0 -9999.0 -9999.0 -9999.0 -9999.0 -9999.0 -9999.0 -9999.0 -9999.0 -9999.0 -9999.0 -9999.0 -9999.0 -9999.0 -9999.0 -9999.0 -9999.0 -9999.0 -9999.0 -9999.0 -9999.0 -9999.0 -9999.0 -9999.0 -9999.0 -9999.0 -9999.0 -9999.0 -9999.0 -9999.0 -9999.0 -9999.0 -9999.0 -9999.0 -9999.0 -9999.0 -9999.0 -9999.0 -9999.0 -9999.0 -9999.0 -9999.0 -9999.0 -9999.0 -9999.0 -9999.0 -9999.0 -9999.0 -9999.0 -9999.0 -9999.0 -9999.0 -9999.0 -9999.0 -9999.0 -9999.0 -9999.0 -9999.0 -9999.0 -9999.0 -9999.0 -9999.0 -9999.0 -9999.0 -9999.0 -9999.0 -9999.0 -9999.0 -9999.0 -9999.0 -9999.0 -9999.0 -9999.0 -9999.0 -9999.0 -9999.0 -9999.0 -9999.0 -9999.0 -9999.0 -9999.0 -9999.0 -9999.0 -9999.0 -9999.0 -9999.0 -9999.0 -9999.0 -9999.0 -9999.0 -9999.0 -9999.0 -9999.0 -9999.0 -9999.0 -9999.0 -9999.0
-9999.0 -9999.0 -9999.0 -9999.0 -9999.0 -9999.0 -9999.0 -9999.0 -9999.0 -9999.0 -9999.0 -9999.0 -9999.0 -9999.0 -9999.0 -9999.0 -9999.0 -9999.0 -9999.0 -9999.0 -9999.0 -9999.0 -9999.0 -9999.0 -9999.0 -9999.0 -9999.0 -9999.0 -9999.0 -9999.0 -9999.0 -9999.0 -9999.0 -9999.0 -9999.0 -9999.0 -9999.0 -9999.0 -9999.0 -9999.0 -9999.0 -9999.0 -9999.0 -9999.0 -9999.0 -9999.0 -9999.0 -9999.0 -9999.0 -9999.0 -9999.0 -9999.0 -9999.0 -9999.0 -9999.0 -9999.0 -9999.0 -9999.0 -9999.0 -9999.0 -9999.0 -9999.0 -9999.0 -9999.0 -9999.0 -9999.0 -9999.0 -9999.0 -9999.0 -9999.0 -9999.0 -9999.0 -9999.0 -9999.0 -9999.0 -9999.0 -9999.0 -9999.0 -9999.0 -9999.0 -9999.0 -9999.0 -9999.0 -9999.0 -9999.0 -9999.0 -9999.0 -9999.0 -9999.0 -9999.0 -9999.0 -9999.0 -9999.0 -9999.0 -9999.0 -9999.0 -9999.0 -9999.0 -9999.0 -9999.0 -9999.0 -9999.0 -9999.0 -9999.0