inst/processing_geotop_simulation/geotop_simulation/out/maps3D/PwL0005N0316.asc
ncols         104
nrows         10
xllcorner     -2.000000
yllcorner     0.000000
cellsize      1.000000
NODATA_value  -9999.0
-9999.0 -9999.0 -9999.0 -9999.0 -9999.0 -9999.0 -9999.0 -9999.0 -9999.0 -9999.0 -9999.0 -9999.0 -9999.0 -9999.0 -9999.0 -9999.0 -9999.0 -9999.0 -9999.0 -9999.0 -9999.0 -9999.0 -9999.0 -9999.0 -9999.0 -9999.0 -9999.0 -9999.0 -9999.0 -9999.0 -9999.0 -9999.0 -9999.0 -9999.0 -9999.0 -9999.0 -9999.0 -9999.0 -9999.0 -9999.0 -9999.0 -9999.0 -9999.0 -9999.0 -9999.0 -9999.0 -9999.0 -9999.0 -9999.0 -9999.0 -9999.0 -9999.0 -9999.0 -9999.0 -9999.0 -9999.0 -9999.0 -9999.0 -9999.0 -9999.0 -9999.0 -9999.0 -9999.0 -9999.0 -9999.0 -9999.0 -9999.0 -9999.0 -9999.0 -9999.0 -9999.0 -9999.0 -9999.0 -9999.0 -9999.0 -9999.0 -9999.0 -9999.0 -9999.0 -9999.0 -9999.0 -9999.0 -9999.0 -9999.0 -9999.0 -9999.0 -9999.0 -9999.0 -9999.0 -9999.0 -9999.0 -9999.0 -9999.0 -9999.0 -9999.0 -9999.0 -9999.0 -9999.0 -9999.0 -9999.0 -9999.0 -9999.0 -9999.0 -9999.0
-9999.0 -9999.0 -9999.0 -9999.0 -9999.0 -9999.0 -9999.0 -9999.0 -9999.0 -9999.0 -9999.0 -9999.0 -9999.0 -9999.0 -9999.0 -9999.0 -9999.0 -9999.0 -9999.0 -9999.0 -9999.0 -9999.0 -9999.0 -9999.0 -9999.0 -9999.0 -9999.0 -9999.0 -9999.0 -9999.0 -9999.0 -9999.0 -9999.0 -9999.0 -9999.0 -9999.0 -9999.0 -9999.0 -9999.0 -9999.0 -9999.0 -9999.0 -9999.0 -9999.0 -9999.0 -9999.0 -9999.0 -9999.0 -9999.0 -9999.0 -9999.0 -9999.0 -9999.0 -9999.0 -9999.0 -9999.0 -9999.0 -9999.0 -9999.0 -9999.0 -9999.0 -9999.0 -9999.0 -9999.0 -9999.0 -9999.0 -9999.0 -9999.0 -9999.0 -9999.0 -9999.0 -9999.0 -9999.0 -9999.0 -9999.0 -9999.0 -9999.0 -9999.0 -9999.0 -9999.0 -9999.0 -9999.0 -9999.0 -9999.0 -9999.0 -9999.0 -9999.0 -9999.0 -9999.0 -9999.0 -9999.0 -9999.0 -9999.0 -9999.0 -9999.0 -9999.0 -9999.0 -9999.0 -9999.0 -9999.0 -9999.0 -9999.0 -9999.0 -9999.0
-9999.0 -9999.0 225.627621 128.726070 30.448303 -68.253066 -167.118748 -266.048551 -364.987948 -463.899426 -562.730851 -661.353482 -759.692526 -857.823322 -955.787762 -1053.775089 -1151.340848 -1247.687109 -1342.346551 -1434.258868 -1521.351241 -1600.363696 -1668.135198 -1723.094375 -1765.587000 -1797.250525 -1820.209312 -1836.522246 -1847.932150 -1855.810753 -1861.192725 -1864.836384 -1867.285316 -1868.922064 -1870.012052 -1870.739466 -1871.241451 -1871.670286 -1872.415475 -1874.777717 -1879.919878 -1847.795197 -1163.524616 -1178.060840 -1163.251794 -1153.591347 -1149.070529 -1148.394151 -1148.322167 -1148.329188 -1148.347611 -1148.367430 -1148.386479 -1148.404120 -1148.420508 -1148.439685 -1148.499812 -1148.902877 -1151.303221 -1156.647205 -1163.862553 -1138.920153 -1822.165663 -1873.676910 -1873.362391 -1872.485485 -1872.283563 -1872.248438 -1872.243251 -1872.243016 -1872.243519 -1872.244037 -1872.244456 -1872.244780 -1872.245029 -1872.245224 -1872.245379 -1872.245505 -1872.245613 -1872.245709 -1872.245804 -1872.245911 -1872.246044 -1872.246229 -1872.246502 -1872.246919 -1872.247575 -1872.248626 -1872.250339 -1872.253186 -1872.258033 -1872.266513 -1872.281797 -1872.310179 -1872.364387 -1872.470838 -1872.686854 -1873.145592 -1874.183182 -1876.735527 -1883.801720 -1907.034003 -9999.0 -9999.0
-9999.0 -9999.0 225.636430 128.727984 30.448796 -68.252922 -167.118702 -266.048535 -364.987942 -463.899423 -562.730850 -661.353482 -759.692526 -857.823322 -955.787762 -1053.775089 -1151.340848 -1247.687110 -1342.346552 -1434.258869 -1521.351241 -1600.363696 -1668.135199 -1723.094375 -1765.587000 -1797.250525 -1820.209312 -1836.522246 -1847.932150 -1855.810753 -1861.192725 -1864.836384 -1867.285316 -1868.922064 -1870.012052 -1870.739466 -1871.241451 -1871.670286 -1872.415475 -1874.777717 -1879.919878 -1847.795197 -1163.524616 -1178.060840 -1163.251794 -1153.591347 -1149.070529 -1148.394151 -1148.322167 -1148.329188 -1148.347611 -1148.367430 -1148.386479 -1148.404120 -1148.420508 -1148.439685 -1148.499812 -1148.902877 -1151.303221 -1156.647205 -1163.862553 -1138.920153 -1822.165663 -1873.676910 -1873.362391 -1872.485485 -1872.283563 -1872.248438 -1872.243251 -1872.243016 -1872.243519 -1872.244037 -1872.244456 -1872.244780 -1872.245029 -1872.245224 -1872.245379 -1872.245505 -1872.245613 -1872.245709 -1872.245804 -1872.245911 -1872.246044 -1872.246229 -1872.246502 -1872.246919 -1872.247575 -1872.248626 -1872.250339 -1872.253186 -1872.258033 -1872.266513 -1872.281797 -1872.310179 -1872.364387 -1872.470838 -1872.686854 -1873.145592 -1874.183182 -1876.735527 -1883.801720 -1907.034003 -9999.0 -9999.0
-9999.0 -9999.0 225.637814 128.728774 30.449108 -68.252809 -167.118662 -266.048521 -364.987937 -463.899422 -562.730849 -661.353481 -759.692526 -857.823322 -955.787762 -1053.775089 -1151.340848 -1247.687110 -1342.346552 -1434.258869 -1521.351241 -1600.363696 -1668.135199 -1723.094375 -1765.587000 -1797.250525 -1820.209312 -1836.522246 -1847.932150 -1855.810753 -1861.192725 -1864.836384 -1867.285316 -1868.922064 -1870.012052 -1870.739466 -1871.241451 -1871.670286 -1872.415475 -1874.777717 -1879.919878 -1847.795197 -1163.524616 -1178.060840 -1163.251794 -1153.591347 -1149.070529 -1148.394151 -1148.322167 -1148.329188 -1148.347611 -1148.367430 -1148.386479 -1148.404120 -1148.420508 -1148.439685 -1148.499812 -1148.902877 -1151.303221 -1156.647205 -1163.862553 -1138.920153 -1822.165663 -1873.676910 -1873.362391 -1872.485485 -1872.283563 -1872.248438 -1872.243251 -1872.243016 -1872.243519 -1872.244037 -1872.244456 -1872.244780 -1872.245029 -1872.245224 -1872.245379 -1872.245505 -1872.245613 -1872.245709 -1872.245804 -1872.245911 -1872.246044 -1872.246229 -1872.246502 -1872.246919 -1872.247575 -1872.248626 -1872.250339 -1872.253186 -1872.258033 -1872.266513 -1872.281797 -1872.310179 -1872.364387 -1872.470838 -1872.686854 -1873.145592 -1874.183182 -1876.735527 -1883.801720 -1907.034003 -9999.0 -9999.0
-9999.0 -9999.0 225.637814 128.728774 30.449108 -68.252809 -167.118662 -266.048521 -364.987937 -463.899422 -562.730849 -661.353481 -759.692526 -857.823322 -955.787762 -1053.775089 -1151.340848 -1247.687110 -1342.346552 -1434.258869 -1521.351241 -1600.363696 -1668.135199 -1723.094375 -1765.587000 -1797.250525 -1820.209312 -1836.522246 -1847.932150 -1855.810753 -1861.192725 -1864.836384 -1867.285316 -1868.922064 -1870.012052 -1870.739466 -1871.241451 -1871.670286 -1872.415475 -1874.777717 -1879.919878 -1847.795197 -1163.524616 -1178.060840 -1163.251794 -1153.591347 -1149.070529 -1148.394151 -1148.322167 -1148.329188 -1148.347611 -1148.367430 -1148.386479 -1148.404120 -1148.420508 -1148.439685 -1148.499812 -1148.902877 -1151.303221 -1156.647205 -1163.862553 -1138.920153 -1822.165663 -1873.676910 -1873.362391 -1872.485485 -1872.283563 -1872.248438 -1872.243251 -1872.243016 -1872.243519 -1872.244037 -1872.244456 -1872.244780 -1872.245029 -1872.245224 -1872.245379 -1872.245505 -1872.245613 -1872.245709 -1872.245804 -1872.245911 -1872.246044 -1872.246229 -1872.246502 -1872.246919 -1872.247575 -1872.248626 -1872.250339 -1872.253186 -1872.258033 -1872.266513 -1872.281797 -1872.310179 -1872.364387 -1872.470838 -1872.686854 -1873.145592 -1874.183182 -1876.735527 -1883.801720 -1907.034003 -9999.0 -9999.0
-9999.0 -9999.0 225.636430 128.727984 30.448796 -68.252922 -167.118702 -266.048535 -364.987942 -463.899423 -562.730850 -661.353481 -759.692526 -857.823322 -955.787762 -1053.775089 -1151.340848 -1247.687110 -1342.346552 -1434.258869 -1521.351241 -1600.363696 -1668.135199 -1723.094375 -1765.587000 -1797.250525 -1820.209312 -1836.522246 -1847.932150 -1855.810753 -1861.192725 -1864.836384 -1867.285316 -1868.922064 -1870.012052 -1870.739466 -1871.241451 -1871.670286 -1872.415475 -1874.777717 -1879.919878 -1847.795197 -1163.524616 -1178.060840 -1163.251794 -1153.591347 -1149.070529 -1148.394151 -1148.322167 -1148.329188 -1148.347611 -1148.367430 -1148.386479 -1148.404120 -1148.420508 -1148.439685 -1148.499812 -1148.902877 -1151.303221 -1156.647205 -1163.862553 -1138.920153 -1822.165663 -1873.676910 -1873.362391 -1872.485485 -1872.283563 -1872.248438 -1872.243251 -1872.243016 -1872.243519 -1872.244037 -1872.244456 -1872.244780 -1872.245029 -1872.245224 -1872.245379 -1872.245505 -1872.245613 -1872.245709 -1872.245804 -1872.245911 -1872.246044 -1872.246229 -1872.246502 -1872.246919 -1872.247575 -1872.248626 -1872.250339 -1872.253186 -1872.258033 -1872.266513 -1872.281797 -1872.310179 -1872.364387 -1872.470838 -1872.686854 -1873.145592 -1874.183182 -1876.735527 -1883.801720 -1907.034003 -9999.0 -9999.0
-9999.0 -9999.0 225.627621 128.726070 30.448303 -68.253066 -167.118748 -266.048551 -364.987948 -463.899426 -562.730851 -661.353482 -759.692526 -857.823322 -955.787762 -1053.775089 -1151.340848 -1247.687109 -1342.346551 -1434.258868 -1521.351241 -1600.363696 -1668.135198 -1723.094375 -1765.587000 -1797.250525 -1820.209312 -1836.522246 -1847.932150 -1855.810753 -1861.192725 -1864.836384 -1867.285316 -1868.922064 -1870.012052 -1870.739466 -1871.241451 -1871.670286 -1872.415475 -1874.777717 -1879.919878 -1847.795197 -1163.524616 -1178.060840 -1163.251794 -1153.591347 -1149.070529 -1148.394151 -1148.322167 -1148.329188 -1148.347611 -1148.367430 -1148.386479 -1148.404120 -1148.420508 -1148.439685 -1148.499812 -1148.902877 -1151.303221 -1156.647205 -1163.862553 -1138.920153 -1822.165663 -1873.676910 -1873.362391 -1872.485485 -1872.283563 -1872.248438 -1872.243251 -1872.243016 -1872.243519 -1872.244037 -1872.244456 -1872.244780 -1872.245029 -1872.245224 -1872.245379 -1872.245505 -1872.245613 -1872.245709 -1872.245804 -1872.245911 -1872.246044 -1872.246229 -1872.246502 -1872.246919 -1872.247575 -1872.248626 -1872.250339 -1872.253186 -1872.258033 -1872.266513 -1872.281797 -1872.310179 -1872.364387 -1872.470838 -1872.686854 -1873.145592 -1874.183182 -1876.735527 -1883.801720 -1907.034003 -9999.0 -9999.0
-9999.0 -9999.0 -9999.0 -9999.0 -9999.0 -9999.0 -9999.0 -9999.0 -9999.0 -9999.0 -9999.0 -9999.0 -9999.0 -9999.0 -9999.0 -9999.0 -9999.0 -9999.0 -9999.0 -9999.0 -9999.0 -9999.0 -9999.0 -9999.0 -9999.0 -9999.0 -9999.0 -9999.0 -9999.0 -9999.0 -9999.0 -9999.0 -9999.0 -9999.0 -9999.0 -9999.0 -9999.0 -9999.0 -9999.0 -9999.0 -9999.0 -9999.0 -9999.0 -9999.0 -9999.0 -9999.0 -9999.0 -9999.0 -9999.0 -9999.0 -9999.0 -9999.0 -9999.0 -9999.0 -9999.0 -9999.0 -9999.0 -9999.0 -9999.0 -9999.0 -9999.0 -9999.0 -9999.0 -9999.0 -9999.0 -9999.0 -9999.0 -9999.0 -9999.0 -9999.0 -9999.0 -9999.0 -9999.0 -9999.0 -9999.0 -9999.0 -9999.0 -9999.0 -9999.0 -9999.0 -9999.0 -9999.0 -9999.0 -9999.0 -9999.0 -9999.0 -9999.0 -9999.0 -9999.0 -9999.0 -9999.0 -9999.0 -9999.0 -9999.0 -9999.0 -9999.0 -9999.0 -9999.0 -9999.0 -9999.0 -9999.0 -9999.0 -9999.0 -9999.0
-9999.0 -9999.0 -9999.0 -9999.0 -9999.0 -9999.0 -9999.0 -9999.0 -9999.0 -9999.0 -9999.0 -9999.0 -9999.0 -9999.0 -9999.0 -9999.0 -9999.0 -9999.0 -9999.0 -9999.0 -9999.0 -9999.0 -9999.0 -9999.0 -9999.0 -9999.0 -9999.0 -9999.0 -9999.0 -9999.0 -9999.0 -9999.0 -9999.0 -9999.0 -9999.0 -9999.0 -9999.0 -9999.0 -9999.0 -9999.0 -9999.0 -9999.0 -9999.0 -9999.0 -9999.0 -9999.0 -9999.0 -9999.0 -9999.0 -9999.0 -9999.0 -9999.0 -9999.0 -9999.0 -9999.0 -9999.0 -9999.0 -9999.0 -9999.0 -9999.0 -9999.0 -9999.0 -9999.0 -9999.0 -9999.0 -9999.0 -9999.0 -9999.0 -9999.0 -9999.0 -9999.0 -9999.0 -9999.0 -9999.0 -9999.0 -9999.0 -9999.0 -9999.0 -9999.0 -9999.0 -9999.0 -9999.0 -9999.0 -9999.0 -9999.0 -9999.0 -9999.0 -9999.0 -9999.0 -9999.0 -9999.0 -9999.0 -9999.0 -9999.0 -9999.0 -9999.0 -9999.0 -9999.0 -9999.0 -9999.0 -9999.0 -9999.0 -9999.0 -9999.0