inst/processing_geotop_simulation/geotop_simulation/out/maps3D/PwL0008N0242.asc
ncols         104
nrows         10
xllcorner     -2.000000
yllcorner     0.000000
cellsize      1.000000
NODATA_value  -9999.0
-9999.0 -9999.0 -9999.0 -9999.0 -9999.0 -9999.0 -9999.0 -9999.0 -9999.0 -9999.0 -9999.0 -9999.0 -9999.0 -9999.0 -9999.0 -9999.0 -9999.0 -9999.0 -9999.0 -9999.0 -9999.0 -9999.0 -9999.0 -9999.0 -9999.0 -9999.0 -9999.0 -9999.0 -9999.0 -9999.0 -9999.0 -9999.0 -9999.0 -9999.0 -9999.0 -9999.0 -9999.0 -9999.0 -9999.0 -9999.0 -9999.0 -9999.0 -9999.0 -9999.0 -9999.0 -9999.0 -9999.0 -9999.0 -9999.0 -9999.0 -9999.0 -9999.0 -9999.0 -9999.0 -9999.0 -9999.0 -9999.0 -9999.0 -9999.0 -9999.0 -9999.0 -9999.0 -9999.0 -9999.0 -9999.0 -9999.0 -9999.0 -9999.0 -9999.0 -9999.0 -9999.0 -9999.0 -9999.0 -9999.0 -9999.0 -9999.0 -9999.0 -9999.0 -9999.0 -9999.0 -9999.0 -9999.0 -9999.0 -9999.0 -9999.0 -9999.0 -9999.0 -9999.0 -9999.0 -9999.0 -9999.0 -9999.0 -9999.0 -9999.0 -9999.0 -9999.0 -9999.0 -9999.0 -9999.0 -9999.0 -9999.0 -9999.0 -9999.0 -9999.0
-9999.0 -9999.0 -9999.0 -9999.0 -9999.0 -9999.0 -9999.0 -9999.0 -9999.0 -9999.0 -9999.0 -9999.0 -9999.0 -9999.0 -9999.0 -9999.0 -9999.0 -9999.0 -9999.0 -9999.0 -9999.0 -9999.0 -9999.0 -9999.0 -9999.0 -9999.0 -9999.0 -9999.0 -9999.0 -9999.0 -9999.0 -9999.0 -9999.0 -9999.0 -9999.0 -9999.0 -9999.0 -9999.0 -9999.0 -9999.0 -9999.0 -9999.0 -9999.0 -9999.0 -9999.0 -9999.0 -9999.0 -9999.0 -9999.0 -9999.0 -9999.0 -9999.0 -9999.0 -9999.0 -9999.0 -9999.0 -9999.0 -9999.0 -9999.0 -9999.0 -9999.0 -9999.0 -9999.0 -9999.0 -9999.0 -9999.0 -9999.0 -9999.0 -9999.0 -9999.0 -9999.0 -9999.0 -9999.0 -9999.0 -9999.0 -9999.0 -9999.0 -9999.0 -9999.0 -9999.0 -9999.0 -9999.0 -9999.0 -9999.0 -9999.0 -9999.0 -9999.0 -9999.0 -9999.0 -9999.0 -9999.0 -9999.0 -9999.0 -9999.0 -9999.0 -9999.0 -9999.0 -9999.0 -9999.0 -9999.0 -9999.0 -9999.0 -9999.0 -9999.0
-9999.0 -9999.0 376.884113 281.236739 183.990503 86.107014 -12.032498 -110.271727 -208.542714 -306.789755 -404.953027 -502.911584 -600.403281 -696.920738 -793.555476 -890.036345 -986.205604 -1082.164654 -1174.895077 -1264.478085 -1348.041685 -1421.817487 -1483.127038 -1531.366683 -1567.689131 -1594.152754 -1612.978514 -1626.134206 -1635.196336 -1641.361493 -1645.510253 -1648.276167 -1650.106222 -1651.310128 -1652.099318 -1652.618297 -1652.973518 -1653.283244 -1653.881851 -1656.205794 -1664.658543 -1671.996351 -1205.984818 -1287.258766 -1253.956113 -1233.188248 -1223.627295 -1222.314029 -1222.179145 -1222.193583 -1222.229446 -1222.267891 -1222.304812 -1222.338987 -1222.370626 -1222.406751 -1222.515696 -1223.270411 -1228.234196 -1239.481906 -1255.639297 -1156.843993 -1643.413370 -1658.383644 -1654.919156 -1653.901871 -1653.718440 -1653.689451 -1653.685500 -1653.685613 -1653.686302 -1653.686949 -1653.687462 -1653.687856 -1653.688158 -1653.688393 -1653.688579 -1653.688730 -1653.688856 -1653.688969 -1653.689081 -1653.689205 -1653.689361 -1653.689577 -1653.689897 -1653.690389 -1653.691163 -1653.692402 -1653.694419 -1653.697764 -1653.703437 -1653.713316 -1653.731036 -1653.763780 -1653.825984 -1653.947254 -1654.190601 -1654.698880 -1655.823500 -1658.510503 -1665.665625 -1688.441145 -9999.0 -9999.0
-9999.0 -9999.0 376.891570 281.238635 183.991014 86.107166 -12.032450 -110.271711 -208.542708 -306.789753 -404.953026 -502.911583 -600.403280 -696.920738 -793.555476 -890.036345 -986.205604 -1082.164654 -1174.895078 -1264.478086 -1348.041685 -1421.817488 -1483.127038 -1531.366683 -1567.689132 -1594.152754 -1612.978514 -1626.134206 -1635.196336 -1641.361493 -1645.510253 -1648.276167 -1650.106222 -1651.310128 -1652.099318 -1652.618297 -1652.973518 -1653.283244 -1653.881851 -1656.205794 -1664.658543 -1671.996351 -1205.984818 -1287.258766 -1253.956113 -1233.188248 -1223.627295 -1222.314029 -1222.179145 -1222.193583 -1222.229446 -1222.267891 -1222.304812 -1222.338987 -1222.370626 -1222.406751 -1222.515696 -1223.270411 -1228.234196 -1239.481906 -1255.639297 -1156.843993 -1643.413370 -1658.383644 -1654.919156 -1653.901871 -1653.718440 -1653.689451 -1653.685500 -1653.685613 -1653.686302 -1653.686949 -1653.687462 -1653.687856 -1653.688158 -1653.688393 -1653.688579 -1653.688730 -1653.688856 -1653.688969 -1653.689081 -1653.689205 -1653.689361 -1653.689577 -1653.689897 -1653.690389 -1653.691163 -1653.692402 -1653.694419 -1653.697764 -1653.703437 -1653.713316 -1653.731036 -1653.763780 -1653.825984 -1653.947254 -1654.190601 -1654.698880 -1655.823500 -1658.510503 -1665.665625 -1688.441145 -9999.0 -9999.0
-9999.0 -9999.0 376.893101 281.239455 183.991342 86.107286 -12.032407 -110.271696 -208.542703 -306.789751 -404.953025 -502.911583 -600.403280 -696.920738 -793.555476 -890.036345 -986.205604 -1082.164654 -1174.895078 -1264.478086 -1348.041685 -1421.817488 -1483.127038 -1531.366683 -1567.689132 -1594.152754 -1612.978514 -1626.134206 -1635.196336 -1641.361493 -1645.510253 -1648.276167 -1650.106222 -1651.310128 -1652.099318 -1652.618297 -1652.973518 -1653.283244 -1653.881851 -1656.205794 -1664.658543 -1671.996351 -1205.984818 -1287.258766 -1253.956113 -1233.188247 -1223.627295 -1222.314029 -1222.179145 -1222.193583 -1222.229446 -1222.267891 -1222.304812 -1222.338987 -1222.370626 -1222.406751 -1222.515696 -1223.270411 -1228.234196 -1239.481906 -1255.639297 -1156.843993 -1643.413370 -1658.383644 -1654.919156 -1653.901871 -1653.718440 -1653.689451 -1653.685500 -1653.685613 -1653.686302 -1653.686949 -1653.687462 -1653.687856 -1653.688158 -1653.688393 -1653.688579 -1653.688730 -1653.688856 -1653.688969 -1653.689081 -1653.689205 -1653.689361 -1653.689577 -1653.689897 -1653.690389 -1653.691163 -1653.692402 -1653.694419 -1653.697764 -1653.703437 -1653.713316 -1653.731036 -1653.763780 -1653.825984 -1653.947254 -1654.190601 -1654.698880 -1655.823500 -1658.510503 -1665.665625 -1688.441145 -9999.0 -9999.0
-9999.0 -9999.0 376.893101 281.239455 183.991342 86.107286 -12.032407 -110.271696 -208.542703 -306.789751 -404.953025 -502.911583 -600.403280 -696.920738 -793.555476 -890.036345 -986.205604 -1082.164654 -1174.895078 -1264.478086 -1348.041685 -1421.817488 -1483.127038 -1531.366683 -1567.689132 -1594.152754 -1612.978514 -1626.134206 -1635.196336 -1641.361493 -1645.510253 -1648.276167 -1650.106222 -1651.310128 -1652.099318 -1652.618297 -1652.973518 -1653.283244 -1653.881851 -1656.205794 -1664.658543 -1671.996351 -1205.984818 -1287.258766 -1253.956113 -1233.188247 -1223.627295 -1222.314029 -1222.179145 -1222.193583 -1222.229446 -1222.267891 -1222.304812 -1222.338987 -1222.370626 -1222.406751 -1222.515696 -1223.270411 -1228.234196 -1239.481906 -1255.639297 -1156.843993 -1643.413370 -1658.383644 -1654.919156 -1653.901871 -1653.718440 -1653.689451 -1653.685500 -1653.685613 -1653.686302 -1653.686949 -1653.687462 -1653.687856 -1653.688158 -1653.688393 -1653.688579 -1653.688730 -1653.688856 -1653.688969 -1653.689081 -1653.689205 -1653.689361 -1653.689577 -1653.689897 -1653.690389 -1653.691163 -1653.692402 -1653.694419 -1653.697764 -1653.703437 -1653.713316 -1653.731036 -1653.763780 -1653.825984 -1653.947254 -1654.190601 -1654.698880 -1655.823500 -1658.510503 -1665.665625 -1688.441145 -9999.0 -9999.0
-9999.0 -9999.0 376.891570 281.238635 183.991014 86.107166 -12.032450 -110.271711 -208.542708 -306.789753 -404.953026 -502.911583 -600.403280 -696.920738 -793.555476 -890.036345 -986.205604 -1082.164654 -1174.895078 -1264.478086 -1348.041685 -1421.817488 -1483.127038 -1531.366683 -1567.689132 -1594.152754 -1612.978514 -1626.134206 -1635.196336 -1641.361493 -1645.510253 -1648.276167 -1650.106222 -1651.310128 -1652.099318 -1652.618297 -1652.973518 -1653.283244 -1653.881851 -1656.205794 -1664.658543 -1671.996351 -1205.984818 -1287.258766 -1253.956113 -1233.188248 -1223.627295 -1222.314029 -1222.179145 -1222.193583 -1222.229446 -1222.267891 -1222.304812 -1222.338987 -1222.370626 -1222.406751 -1222.515696 -1223.270411 -1228.234196 -1239.481906 -1255.639297 -1156.843993 -1643.413370 -1658.383644 -1654.919156 -1653.901871 -1653.718440 -1653.689451 -1653.685500 -1653.685613 -1653.686302 -1653.686949 -1653.687462 -1653.687856 -1653.688158 -1653.688393 -1653.688579 -1653.688730 -1653.688856 -1653.688969 -1653.689081 -1653.689205 -1653.689361 -1653.689577 -1653.689897 -1653.690389 -1653.691163 -1653.692402 -1653.694419 -1653.697764 -1653.703437 -1653.713316 -1653.731036 -1653.763780 -1653.825984 -1653.947254 -1654.190601 -1654.698880 -1655.823500 -1658.510503 -1665.665625 -1688.441145 -9999.0 -9999.0
-9999.0 -9999.0 376.884113 281.236739 183.990503 86.107014 -12.032498 -110.271727 -208.542714 -306.789755 -404.953027 -502.911584 -600.403281 -696.920738 -793.555476 -890.036345 -986.205604 -1082.164654 -1174.895077 -1264.478085 -1348.041685 -1421.817487 -1483.127038 -1531.366683 -1567.689131 -1594.152754 -1612.978514 -1626.134206 -1635.196336 -1641.361493 -1645.510253 -1648.276167 -1650.106222 -1651.310128 -1652.099318 -1652.618297 -1652.973518 -1653.283244 -1653.881851 -1656.205794 -1664.658543 -1671.996351 -1205.984818 -1287.258766 -1253.956113 -1233.188248 -1223.627295 -1222.314029 -1222.179145 -1222.193583 -1222.229446 -1222.267891 -1222.304812 -1222.338987 -1222.370626 -1222.406751 -1222.515696 -1223.270411 -1228.234196 -1239.481906 -1255.639297 -1156.843993 -1643.413370 -1658.383644 -1654.919156 -1653.901871 -1653.718440 -1653.689451 -1653.685500 -1653.685613 -1653.686302 -1653.686949 -1653.687462 -1653.687856 -1653.688158 -1653.688393 -1653.688579 -1653.688730 -1653.688856 -1653.688969 -1653.689081 -1653.689205 -1653.689361 -1653.689577 -1653.689897 -1653.690389 -1653.691163 -1653.692402 -1653.694419 -1653.697764 -1653.703437 -1653.713316 -1653.731036 -1653.763780 -1653.825984 -1653.947254 -1654.190601 -1654.698880 -1655.823500 -1658.510503 -1665.665625 -1688.441145 -9999.0 -9999.0
-9999.0 -9999.0 -9999.0 -9999.0 -9999.0 -9999.0 -9999.0 -9999.0 -9999.0 -9999.0 -9999.0 -9999.0 -9999.0 -9999.0 -9999.0 -9999.0 -9999.0 -9999.0 -9999.0 -9999.0 -9999.0 -9999.0 -9999.0 -9999.0 -9999.0 -9999.0 -9999.0 -9999.0 -9999.0 -9999.0 -9999.0 -9999.0 -9999.0 -9999.0 -9999.0 -9999.0 -9999.0 -9999.0 -9999.0 -9999.0 -9999.0 -9999.0 -9999.0 -9999.0 -9999.0 -9999.0 -9999.0 -9999.0 -9999.0 -9999.0 -9999.0 -9999.0 -9999.0 -9999.0 -9999.0 -9999.0 -9999.0 -9999.0 -9999.0 -9999.0 -9999.0 -9999.0 -9999.0 -9999.0 -9999.0 -9999.0 -9999.0 -9999.0 -9999.0 -9999.0 -9999.0 -9999.0 -9999.0 -9999.0 -9999.0 -9999.0 -9999.0 -9999.0 -9999.0 -9999.0 -9999.0 -9999.0 -9999.0 -9999.0 -9999.0 -9999.0 -9999.0 -9999.0 -9999.0 -9999.0 -9999.0 -9999.0 -9999.0 -9999.0 -9999.0 -9999.0 -9999.0 -9999.0 -9999.0 -9999.0 -9999.0 -9999.0 -9999.0 -9999.0
-9999.0 -9999.0 -9999.0 -9999.0 -9999.0 -9999.0 -9999.0 -9999.0 -9999.0 -9999.0 -9999.0 -9999.0 -9999.0 -9999.0 -9999.0 -9999.0 -9999.0 -9999.0 -9999.0 -9999.0 -9999.0 -9999.0 -9999.0 -9999.0 -9999.0 -9999.0 -9999.0 -9999.0 -9999.0 -9999.0 -9999.0 -9999.0 -9999.0 -9999.0 -9999.0 -9999.0 -9999.0 -9999.0 -9999.0 -9999.0 -9999.0 -9999.0 -9999.0 -9999.0 -9999.0 -9999.0 -9999.0 -9999.0 -9999.0 -9999.0 -9999.0 -9999.0 -9999.0 -9999.0 -9999.0 -9999.0 -9999.0 -9999.0 -9999.0 -9999.0 -9999.0 -9999.0 -9999.0 -9999.0 -9999.0 -9999.0 -9999.0 -9999.0 -9999.0 -9999.0 -9999.0 -9999.0 -9999.0 -9999.0 -9999.0 -9999.0 -9999.0 -9999.0 -9999.0 -9999.0 -9999.0 -9999.0 -9999.0 -9999.0 -9999.0 -9999.0 -9999.0 -9999.0 -9999.0 -9999.0 -9999.0 -9999.0 -9999.0 -9999.0 -9999.0 -9999.0 -9999.0 -9999.0 -9999.0 -9999.0 -9999.0 -9999.0 -9999.0 -9999.0