inst/processing_geotop_simulation/geotop_simulation/out/maps3D/PwL0008N0236.asc
ncols         104
nrows         10
xllcorner     -2.000000
yllcorner     0.000000
cellsize      1.000000
NODATA_value  -9999.0
-9999.0 -9999.0 -9999.0 -9999.0 -9999.0 -9999.0 -9999.0 -9999.0 -9999.0 -9999.0 -9999.0 -9999.0 -9999.0 -9999.0 -9999.0 -9999.0 -9999.0 -9999.0 -9999.0 -9999.0 -9999.0 -9999.0 -9999.0 -9999.0 -9999.0 -9999.0 -9999.0 -9999.0 -9999.0 -9999.0 -9999.0 -9999.0 -9999.0 -9999.0 -9999.0 -9999.0 -9999.0 -9999.0 -9999.0 -9999.0 -9999.0 -9999.0 -9999.0 -9999.0 -9999.0 -9999.0 -9999.0 -9999.0 -9999.0 -9999.0 -9999.0 -9999.0 -9999.0 -9999.0 -9999.0 -9999.0 -9999.0 -9999.0 -9999.0 -9999.0 -9999.0 -9999.0 -9999.0 -9999.0 -9999.0 -9999.0 -9999.0 -9999.0 -9999.0 -9999.0 -9999.0 -9999.0 -9999.0 -9999.0 -9999.0 -9999.0 -9999.0 -9999.0 -9999.0 -9999.0 -9999.0 -9999.0 -9999.0 -9999.0 -9999.0 -9999.0 -9999.0 -9999.0 -9999.0 -9999.0 -9999.0 -9999.0 -9999.0 -9999.0 -9999.0 -9999.0 -9999.0 -9999.0 -9999.0 -9999.0 -9999.0 -9999.0 -9999.0 -9999.0
-9999.0 -9999.0 -9999.0 -9999.0 -9999.0 -9999.0 -9999.0 -9999.0 -9999.0 -9999.0 -9999.0 -9999.0 -9999.0 -9999.0 -9999.0 -9999.0 -9999.0 -9999.0 -9999.0 -9999.0 -9999.0 -9999.0 -9999.0 -9999.0 -9999.0 -9999.0 -9999.0 -9999.0 -9999.0 -9999.0 -9999.0 -9999.0 -9999.0 -9999.0 -9999.0 -9999.0 -9999.0 -9999.0 -9999.0 -9999.0 -9999.0 -9999.0 -9999.0 -9999.0 -9999.0 -9999.0 -9999.0 -9999.0 -9999.0 -9999.0 -9999.0 -9999.0 -9999.0 -9999.0 -9999.0 -9999.0 -9999.0 -9999.0 -9999.0 -9999.0 -9999.0 -9999.0 -9999.0 -9999.0 -9999.0 -9999.0 -9999.0 -9999.0 -9999.0 -9999.0 -9999.0 -9999.0 -9999.0 -9999.0 -9999.0 -9999.0 -9999.0 -9999.0 -9999.0 -9999.0 -9999.0 -9999.0 -9999.0 -9999.0 -9999.0 -9999.0 -9999.0 -9999.0 -9999.0 -9999.0 -9999.0 -9999.0 -9999.0 -9999.0 -9999.0 -9999.0 -9999.0 -9999.0 -9999.0 -9999.0 -9999.0 -9999.0 -9999.0 -9999.0
-9999.0 -9999.0 377.159333 281.725300 184.614528 86.835319 -11.212638 -109.365207 -207.551065 -305.711420 -403.782838 -501.636953 -598.995804 -695.323263 -791.779309 -888.076688 -984.054204 -1079.830604 -1172.276513 -1261.498936 -1344.442925 -1417.264497 -1477.387775 -1524.387445 -1559.567167 -1585.068181 -1603.132981 -1615.713340 -1624.353887 -1630.216966 -1634.152852 -1636.770664 -1638.498719 -1639.632933 -1640.374775 -1640.861662 -1641.194896 -1641.487765 -1642.065707 -1644.358842 -1652.931014 -1662.131956 -1204.955994 -1287.195283 -1253.294280 -1232.212380 -1222.512416 -1221.184447 -1221.048250 -1221.062940 -1221.099287 -1221.138244 -1221.175654 -1221.210281 -1221.242333 -1221.278881 -1221.388817 -1222.151054 -1227.183465 -1238.594839 -1255.116305 -1155.156411 -1633.677710 -1646.726535 -1643.092422 -1642.076051 -1641.895775 -1641.867461 -1641.863631 -1641.863781 -1641.864491 -1641.865153 -1641.865677 -1641.866079 -1641.866387 -1641.866626 -1641.866816 -1641.866970 -1641.867099 -1641.867214 -1641.867327 -1641.867453 -1641.867611 -1641.867832 -1641.868157 -1641.868657 -1641.869445 -1641.870705 -1641.872757 -1641.876158 -1641.881924 -1641.891960 -1641.909952 -1641.943181 -1642.006269 -1642.129168 -1642.375474 -1642.888942 -1644.022151 -1646.721254 -1653.880724 -1676.597619 -9999.0 -9999.0
-9999.0 -9999.0 377.166830 281.727207 184.615042 86.835472 -11.212589 -109.365191 -207.551059 -305.711418 -403.782837 -501.636952 -598.995804 -695.323263 -791.779309 -888.076688 -984.054204 -1079.830604 -1172.276513 -1261.498936 -1344.442925 -1417.264497 -1477.387776 -1524.387445 -1559.567167 -1585.068181 -1603.132981 -1615.713340 -1624.353887 -1630.216966 -1634.152852 -1636.770664 -1638.498719 -1639.632933 -1640.374775 -1640.861662 -1641.194896 -1641.487765 -1642.065707 -1644.358842 -1652.931014 -1662.131956 -1204.955994 -1287.195283 -1253.294280 -1232.212379 -1222.512416 -1221.184447 -1221.048250 -1221.062940 -1221.099287 -1221.138244 -1221.175654 -1221.210281 -1221.242333 -1221.278881 -1221.388817 -1222.151054 -1227.183465 -1238.594839 -1255.116305 -1155.156411 -1633.677710 -1646.726535 -1643.092422 -1642.076051 -1641.895775 -1641.867461 -1641.863631 -1641.863781 -1641.864491 -1641.865153 -1641.865677 -1641.866079 -1641.866387 -1641.866626 -1641.866816 -1641.866970 -1641.867099 -1641.867214 -1641.867327 -1641.867453 -1641.867611 -1641.867832 -1641.868157 -1641.868657 -1641.869445 -1641.870705 -1641.872757 -1641.876158 -1641.881924 -1641.891960 -1641.909952 -1641.943181 -1642.006269 -1642.129168 -1642.375474 -1642.888942 -1644.022151 -1646.721254 -1653.880724 -1676.597619 -9999.0 -9999.0
-9999.0 -9999.0 377.168369 281.728032 184.615371 86.835593 -11.212546 -109.365175 -207.551053 -305.711416 -403.782836 -501.636952 -598.995804 -695.323263 -791.779309 -888.076688 -984.054204 -1079.830604 -1172.276513 -1261.498936 -1344.442925 -1417.264497 -1477.387776 -1524.387445 -1559.567167 -1585.068182 -1603.132981 -1615.713340 -1624.353887 -1630.216966 -1634.152852 -1636.770664 -1638.498719 -1639.632933 -1640.374775 -1640.861662 -1641.194896 -1641.487765 -1642.065707 -1644.358842 -1652.931014 -1662.131956 -1204.955994 -1287.195283 -1253.294280 -1232.212379 -1222.512416 -1221.184447 -1221.048250 -1221.062940 -1221.099287 -1221.138244 -1221.175654 -1221.210281 -1221.242333 -1221.278881 -1221.388817 -1222.151054 -1227.183465 -1238.594839 -1255.116305 -1155.156411 -1633.677710 -1646.726535 -1643.092422 -1642.076051 -1641.895775 -1641.867461 -1641.863631 -1641.863781 -1641.864491 -1641.865153 -1641.865677 -1641.866079 -1641.866387 -1641.866626 -1641.866816 -1641.866970 -1641.867099 -1641.867214 -1641.867327 -1641.867453 -1641.867611 -1641.867832 -1641.868157 -1641.868657 -1641.869445 -1641.870705 -1641.872757 -1641.876158 -1641.881924 -1641.891960 -1641.909952 -1641.943181 -1642.006269 -1642.129168 -1642.375474 -1642.888942 -1644.022151 -1646.721254 -1653.880724 -1676.597619 -9999.0 -9999.0
-9999.0 -9999.0 377.168369 281.728032 184.615371 86.835593 -11.212546 -109.365175 -207.551053 -305.711416 -403.782836 -501.636952 -598.995804 -695.323263 -791.779309 -888.076688 -984.054205 -1079.830604 -1172.276513 -1261.498936 -1344.442925 -1417.264497 -1477.387776 -1524.387445 -1559.567167 -1585.068182 -1603.132981 -1615.713340 -1624.353887 -1630.216966 -1634.152852 -1636.770664 -1638.498719 -1639.632933 -1640.374775 -1640.861662 -1641.194896 -1641.487765 -1642.065707 -1644.358842 -1652.931014 -1662.131956 -1204.955994 -1287.195283 -1253.294280 -1232.212379 -1222.512416 -1221.184447 -1221.048250 -1221.062940 -1221.099287 -1221.138244 -1221.175654 -1221.210281 -1221.242333 -1221.278881 -1221.388817 -1222.151054 -1227.183465 -1238.594839 -1255.116305 -1155.156411 -1633.677710 -1646.726535 -1643.092422 -1642.076051 -1641.895775 -1641.867461 -1641.863631 -1641.863781 -1641.864491 -1641.865153 -1641.865677 -1641.866079 -1641.866387 -1641.866626 -1641.866816 -1641.866970 -1641.867099 -1641.867214 -1641.867327 -1641.867453 -1641.867611 -1641.867832 -1641.868157 -1641.868657 -1641.869445 -1641.870705 -1641.872757 -1641.876158 -1641.881924 -1641.891960 -1641.909952 -1641.943181 -1642.006269 -1642.129168 -1642.375474 -1642.888942 -1644.022151 -1646.721254 -1653.880724 -1676.597619 -9999.0 -9999.0
-9999.0 -9999.0 377.166830 281.727207 184.615042 86.835472 -11.212589 -109.365191 -207.551059 -305.711418 -403.782837 -501.636953 -598.995804 -695.323263 -791.779309 -888.076688 -984.054204 -1079.830604 -1172.276513 -1261.498936 -1344.442925 -1417.264497 -1477.387776 -1524.387445 -1559.567167 -1585.068181 -1603.132981 -1615.713340 -1624.353887 -1630.216966 -1634.152852 -1636.770664 -1638.498719 -1639.632933 -1640.374775 -1640.861662 -1641.194896 -1641.487765 -1642.065707 -1644.358842 -1652.931014 -1662.131956 -1204.955994 -1287.195283 -1253.294280 -1232.212379 -1222.512416 -1221.184447 -1221.048250 -1221.062940 -1221.099287 -1221.138244 -1221.175654 -1221.210281 -1221.242333 -1221.278881 -1221.388817 -1222.151054 -1227.183465 -1238.594839 -1255.116305 -1155.156411 -1633.677710 -1646.726535 -1643.092422 -1642.076051 -1641.895775 -1641.867461 -1641.863631 -1641.863781 -1641.864491 -1641.865153 -1641.865677 -1641.866079 -1641.866387 -1641.866626 -1641.866816 -1641.866970 -1641.867099 -1641.867214 -1641.867327 -1641.867453 -1641.867611 -1641.867832 -1641.868157 -1641.868657 -1641.869445 -1641.870705 -1641.872757 -1641.876158 -1641.881924 -1641.891960 -1641.909952 -1641.943181 -1642.006269 -1642.129168 -1642.375474 -1642.888942 -1644.022151 -1646.721254 -1653.880724 -1676.597619 -9999.0 -9999.0
-9999.0 -9999.0 377.159333 281.725300 184.614528 86.835319 -11.212638 -109.365207 -207.551065 -305.711420 -403.782838 -501.636953 -598.995805 -695.323263 -791.779309 -888.076688 -984.054204 -1079.830604 -1172.276513 -1261.498936 -1344.442925 -1417.264497 -1477.387775 -1524.387445 -1559.567167 -1585.068181 -1603.132981 -1615.713340 -1624.353887 -1630.216966 -1634.152852 -1636.770664 -1638.498719 -1639.632933 -1640.374775 -1640.861662 -1641.194896 -1641.487765 -1642.065707 -1644.358842 -1652.931014 -1662.131956 -1204.955994 -1287.195283 -1253.294280 -1232.212380 -1222.512416 -1221.184447 -1221.048250 -1221.062940 -1221.099287 -1221.138244 -1221.175654 -1221.210281 -1221.242333 -1221.278881 -1221.388817 -1222.151054 -1227.183465 -1238.594839 -1255.116305 -1155.156411 -1633.677710 -1646.726535 -1643.092422 -1642.076051 -1641.895775 -1641.867461 -1641.863631 -1641.863781 -1641.864491 -1641.865153 -1641.865677 -1641.866079 -1641.866387 -1641.866626 -1641.866816 -1641.866970 -1641.867099 -1641.867214 -1641.867327 -1641.867453 -1641.867611 -1641.867832 -1641.868157 -1641.868657 -1641.869445 -1641.870705 -1641.872757 -1641.876158 -1641.881924 -1641.891960 -1641.909952 -1641.943181 -1642.006269 -1642.129168 -1642.375474 -1642.888942 -1644.022151 -1646.721254 -1653.880724 -1676.597619 -9999.0 -9999.0
-9999.0 -9999.0 -9999.0 -9999.0 -9999.0 -9999.0 -9999.0 -9999.0 -9999.0 -9999.0 -9999.0 -9999.0 -9999.0 -9999.0 -9999.0 -9999.0 -9999.0 -9999.0 -9999.0 -9999.0 -9999.0 -9999.0 -9999.0 -9999.0 -9999.0 -9999.0 -9999.0 -9999.0 -9999.0 -9999.0 -9999.0 -9999.0 -9999.0 -9999.0 -9999.0 -9999.0 -9999.0 -9999.0 -9999.0 -9999.0 -9999.0 -9999.0 -9999.0 -9999.0 -9999.0 -9999.0 -9999.0 -9999.0 -9999.0 -9999.0 -9999.0 -9999.0 -9999.0 -9999.0 -9999.0 -9999.0 -9999.0 -9999.0 -9999.0 -9999.0 -9999.0 -9999.0 -9999.0 -9999.0 -9999.0 -9999.0 -9999.0 -9999.0 -9999.0 -9999.0 -9999.0 -9999.0 -9999.0 -9999.0 -9999.0 -9999.0 -9999.0 -9999.0 -9999.0 -9999.0 -9999.0 -9999.0 -9999.0 -9999.0 -9999.0 -9999.0 -9999.0 -9999.0 -9999.0 -9999.0 -9999.0 -9999.0 -9999.0 -9999.0 -9999.0 -9999.0 -9999.0 -9999.0 -9999.0 -9999.0 -9999.0 -9999.0 -9999.0 -9999.0
-9999.0 -9999.0 -9999.0 -9999.0 -9999.0 -9999.0 -9999.0 -9999.0 -9999.0 -9999.0 -9999.0 -9999.0 -9999.0 -9999.0 -9999.0 -9999.0 -9999.0 -9999.0 -9999.0 -9999.0 -9999.0 -9999.0 -9999.0 -9999.0 -9999.0 -9999.0 -9999.0 -9999.0 -9999.0 -9999.0 -9999.0 -9999.0 -9999.0 -9999.0 -9999.0 -9999.0 -9999.0 -9999.0 -9999.0 -9999.0 -9999.0 -9999.0 -9999.0 -9999.0 -9999.0 -9999.0 -9999.0 -9999.0 -9999.0 -9999.0 -9999.0 -9999.0 -9999.0 -9999.0 -9999.0 -9999.0 -9999.0 -9999.0 -9999.0 -9999.0 -9999.0 -9999.0 -9999.0 -9999.0 -9999.0 -9999.0 -9999.0 -9999.0 -9999.0 -9999.0 -9999.0 -9999.0 -9999.0 -9999.0 -9999.0 -9999.0 -9999.0 -9999.0 -9999.0 -9999.0 -9999.0 -9999.0 -9999.0 -9999.0 -9999.0 -9999.0 -9999.0 -9999.0 -9999.0 -9999.0 -9999.0 -9999.0 -9999.0 -9999.0 -9999.0 -9999.0 -9999.0 -9999.0 -9999.0 -9999.0 -9999.0 -9999.0 -9999.0 -9999.0