inst/processing_geotop_simulation/geotop_simulation/out/maps3D/PwL0021N0177.asc
ncols         104
nrows         10
xllcorner     -2.000000
yllcorner     0.000000
cellsize      1.000000
NODATA_value  -9999.0
-9999.0 -9999.0 -9999.0 -9999.0 -9999.0 -9999.0 -9999.0 -9999.0 -9999.0 -9999.0 -9999.0 -9999.0 -9999.0 -9999.0 -9999.0 -9999.0 -9999.0 -9999.0 -9999.0 -9999.0 -9999.0 -9999.0 -9999.0 -9999.0 -9999.0 -9999.0 -9999.0 -9999.0 -9999.0 -9999.0 -9999.0 -9999.0 -9999.0 -9999.0 -9999.0 -9999.0 -9999.0 -9999.0 -9999.0 -9999.0 -9999.0 -9999.0 -9999.0 -9999.0 -9999.0 -9999.0 -9999.0 -9999.0 -9999.0 -9999.0 -9999.0 -9999.0 -9999.0 -9999.0 -9999.0 -9999.0 -9999.0 -9999.0 -9999.0 -9999.0 -9999.0 -9999.0 -9999.0 -9999.0 -9999.0 -9999.0 -9999.0 -9999.0 -9999.0 -9999.0 -9999.0 -9999.0 -9999.0 -9999.0 -9999.0 -9999.0 -9999.0 -9999.0 -9999.0 -9999.0 -9999.0 -9999.0 -9999.0 -9999.0 -9999.0 -9999.0 -9999.0 -9999.0 -9999.0 -9999.0 -9999.0 -9999.0 -9999.0 -9999.0 -9999.0 -9999.0 -9999.0 -9999.0 -9999.0 -9999.0 -9999.0 -9999.0 -9999.0 -9999.0
-9999.0 -9999.0 -9999.0 -9999.0 -9999.0 -9999.0 -9999.0 -9999.0 -9999.0 -9999.0 -9999.0 -9999.0 -9999.0 -9999.0 -9999.0 -9999.0 -9999.0 -9999.0 -9999.0 -9999.0 -9999.0 -9999.0 -9999.0 -9999.0 -9999.0 -9999.0 -9999.0 -9999.0 -9999.0 -9999.0 -9999.0 -9999.0 -9999.0 -9999.0 -9999.0 -9999.0 -9999.0 -9999.0 -9999.0 -9999.0 -9999.0 -9999.0 -9999.0 -9999.0 -9999.0 -9999.0 -9999.0 -9999.0 -9999.0 -9999.0 -9999.0 -9999.0 -9999.0 -9999.0 -9999.0 -9999.0 -9999.0 -9999.0 -9999.0 -9999.0 -9999.0 -9999.0 -9999.0 -9999.0 -9999.0 -9999.0 -9999.0 -9999.0 -9999.0 -9999.0 -9999.0 -9999.0 -9999.0 -9999.0 -9999.0 -9999.0 -9999.0 -9999.0 -9999.0 -9999.0 -9999.0 -9999.0 -9999.0 -9999.0 -9999.0 -9999.0 -9999.0 -9999.0 -9999.0 -9999.0 -9999.0 -9999.0 -9999.0 -9999.0 -9999.0 -9999.0 -9999.0 -9999.0 -9999.0 -9999.0 -9999.0 -9999.0 -9999.0 -9999.0
-9999.0 -9999.0 1030.060913 934.237311 838.228835 741.735701 644.961821 548.059808 451.116441 354.179894 257.277221 160.423813 63.628373 -33.092905 -129.728905 -226.229262 -322.472128 -418.237195 -513.137724 -606.439424 -698.509273 -790.298328 -880.593758 -969.163991 -1047.380692 -1107.865843 -1156.323795 -1193.463575 -1220.820086 -1240.296730 -1253.781500 -1262.914114 -1268.996548 -1272.998940 -1275.611784 -1277.312922 -1278.434801 -1279.249302 -1280.230039 -1283.330122 -1297.803641 -1374.458024 -1734.311913 -3597.195999 -3935.291288 -3935.230880 -3920.775997 -3793.209419 -3497.942623 -3165.505566 -2880.822015 -2636.012012 -2492.486254 -2403.017587 -2322.018863 -2239.121816 -2151.384290 -2060.045000 -1968.485063 -1879.499558 -1784.977306 -1411.185285 -1334.716240 -1290.786026 -1282.289363 -1280.899308 -1280.692060 -1280.661637 -1280.657703 -1280.657991 -1280.658860 -1280.659657 -1280.660289 -1280.660776 -1280.661153 -1280.661449 -1280.661685 -1280.661878 -1280.662041 -1280.662186 -1280.662329 -1280.662485 -1280.662680 -1280.662945 -1280.663333 -1280.663925 -1280.664853 -1280.666334 -1280.668740 -1280.672724 -1280.679472 -1280.691216 -1280.712270 -1280.751184 -1280.825224 -1280.970216 -1281.264185 -1281.890504 -1283.316328 -1286.794915 -1295.829755 -1321.717313 -9999.0 -9999.0
-9999.0 -9999.0 1030.063947 934.238517 838.229241 741.735836 644.961867 548.059824 451.116446 354.179896 257.277222 160.423813 63.628373 -33.092905 -129.728905 -226.229262 -322.472128 -418.237195 -513.137724 -606.439425 -698.509273 -790.298329 -880.593758 -969.163992 -1047.380692 -1107.865844 -1156.323796 -1193.463576 -1220.820086 -1240.296730 -1253.781500 -1262.914114 -1268.996549 -1272.998940 -1275.611784 -1277.312922 -1278.434801 -1279.249302 -1280.230039 -1283.330122 -1297.803641 -1374.458024 -1734.311913 -3597.195998 -3935.291288 -3935.230880 -3920.775997 -3793.209418 -3497.942623 -3165.505564 -2880.822012 -2636.012011 -2492.486253 -2403.017587 -2322.018862 -2239.121816 -2151.384290 -2060.045000 -1968.485062 -1879.499558 -1784.977306 -1411.185285 -1334.716240 -1290.786026 -1282.289363 -1280.899308 -1280.692060 -1280.661637 -1280.657703 -1280.657991 -1280.658860 -1280.659657 -1280.660289 -1280.660776 -1280.661153 -1280.661449 -1280.661685 -1280.661878 -1280.662041 -1280.662186 -1280.662329 -1280.662485 -1280.662680 -1280.662945 -1280.663333 -1280.663925 -1280.664853 -1280.666334 -1280.668740 -1280.672724 -1280.679472 -1280.691216 -1280.712270 -1280.751184 -1280.825224 -1280.970216 -1281.264185 -1281.890504 -1283.316328 -1286.794915 -1295.829755 -1321.717313 -9999.0 -9999.0
-9999.0 -9999.0 1030.065174 934.239182 838.229525 741.735946 644.961908 548.059838 451.116452 354.179898 257.277223 160.423813 63.628373 -33.092905 -129.728905 -226.229262 -322.472128 -418.237196 -513.137724 -606.439425 -698.509273 -790.298329 -880.593759 -969.163992 -1047.380692 -1107.865844 -1156.323796 -1193.463576 -1220.820087 -1240.296730 -1253.781501 -1262.914114 -1268.996549 -1272.998940 -1275.611784 -1277.312922 -1278.434801 -1279.249302 -1280.230039 -1283.330122 -1297.803641 -1374.458024 -1734.311913 -3597.195998 -3935.291288 -3935.230880 -3920.775997 -3793.209418 -3497.942622 -3165.505562 -2880.822009 -2636.012011 -2492.486253 -2403.017586 -2322.018862 -2239.121816 -2151.384290 -2060.044999 -1968.485062 -1879.499557 -1784.977306 -1411.185285 -1334.716240 -1290.786026 -1282.289363 -1280.899308 -1280.692060 -1280.661637 -1280.657703 -1280.657991 -1280.658860 -1280.659657 -1280.660289 -1280.660776 -1280.661153 -1280.661449 -1280.661685 -1280.661878 -1280.662041 -1280.662186 -1280.662329 -1280.662485 -1280.662680 -1280.662945 -1280.663333 -1280.663925 -1280.664853 -1280.666334 -1280.668740 -1280.672724 -1280.679472 -1280.691216 -1280.712270 -1280.751184 -1280.825224 -1280.970216 -1281.264185 -1281.890504 -1283.316328 -1286.794915 -1295.829755 -1321.717313 -9999.0 -9999.0
-9999.0 -9999.0 1030.065174 934.239182 838.229525 741.735946 644.961907 548.059838 451.116452 354.179898 257.277223 160.423813 63.628373 -33.092905 -129.728905 -226.229262 -322.472128 -418.237196 -513.137725 -606.439425 -698.509274 -790.298329 -880.593759 -969.163992 -1047.380692 -1107.865844 -1156.323796 -1193.463576 -1220.820087 -1240.296730 -1253.781501 -1262.914114 -1268.996549 -1272.998940 -1275.611784 -1277.312922 -1278.434801 -1279.249302 -1280.230039 -1283.330122 -1297.803641 -1374.458024 -1734.311913 -3597.195998 -3935.291288 -3935.230880 -3920.775997 -3793.209418 -3497.942622 -3165.505563 -2880.822010 -2636.012011 -2492.486253 -2403.017587 -2322.018862 -2239.121816 -2151.384290 -2060.044999 -1968.485062 -1879.499557 -1784.977306 -1411.185285 -1334.716240 -1290.786026 -1282.289363 -1280.899308 -1280.692060 -1280.661637 -1280.657703 -1280.657991 -1280.658860 -1280.659657 -1280.660289 -1280.660776 -1280.661153 -1280.661449 -1280.661685 -1280.661878 -1280.662041 -1280.662186 -1280.662329 -1280.662485 -1280.662680 -1280.662945 -1280.663333 -1280.663925 -1280.664853 -1280.666334 -1280.668740 -1280.672724 -1280.679472 -1280.691216 -1280.712270 -1280.751184 -1280.825224 -1280.970216 -1281.264185 -1281.890504 -1283.316328 -1286.794915 -1295.829755 -1321.717313 -9999.0 -9999.0
-9999.0 -9999.0 1030.063947 934.238516 838.229241 741.735836 644.961867 548.059824 451.116446 354.179896 257.277222 160.423813 63.628373 -33.092905 -129.728905 -226.229262 -322.472128 -418.237196 -513.137724 -606.439425 -698.509273 -790.298329 -880.593758 -969.163992 -1047.380692 -1107.865844 -1156.323796 -1193.463576 -1220.820086 -1240.296730 -1253.781500 -1262.914114 -1268.996549 -1272.998940 -1275.611784 -1277.312922 -1278.434801 -1279.249302 -1280.230039 -1283.330122 -1297.803641 -1374.458024 -1734.311913 -3597.195998 -3935.291288 -3935.230880 -3920.775997 -3793.209418 -3497.942622 -3165.505563 -2880.822011 -2636.012011 -2492.486253 -2403.017587 -2322.018862 -2239.121816 -2151.384290 -2060.044999 -1968.485062 -1879.499557 -1784.977306 -1411.185285 -1334.716240 -1290.786026 -1282.289363 -1280.899308 -1280.692060 -1280.661637 -1280.657703 -1280.657991 -1280.658860 -1280.659657 -1280.660289 -1280.660776 -1280.661153 -1280.661449 -1280.661685 -1280.661878 -1280.662041 -1280.662186 -1280.662329 -1280.662485 -1280.662680 -1280.662945 -1280.663333 -1280.663925 -1280.664853 -1280.666334 -1280.668740 -1280.672724 -1280.679472 -1280.691216 -1280.712270 -1280.751184 -1280.825224 -1280.970216 -1281.264185 -1281.890504 -1283.316328 -1286.794915 -1295.829755 -1321.717313 -9999.0 -9999.0
-9999.0 -9999.0 1030.060913 934.237311 838.228835 741.735701 644.961821 548.059808 451.116441 354.179894 257.277221 160.423813 63.628373 -33.092905 -129.728905 -226.229262 -322.472128 -418.237195 -513.137724 -606.439424 -698.509273 -790.298328 -880.593758 -969.163991 -1047.380692 -1107.865843 -1156.323795 -1193.463575 -1220.820086 -1240.296730 -1253.781500 -1262.914114 -1268.996548 -1272.998940 -1275.611784 -1277.312922 -1278.434801 -1279.249302 -1280.230039 -1283.330122 -1297.803641 -1374.458024 -1734.311913 -3597.195999 -3935.291288 -3935.230880 -3920.775997 -3793.209419 -3497.942623 -3165.505567 -2880.822016 -2636.012012 -2492.486254 -2403.017587 -2322.018863 -2239.121816 -2151.384290 -2060.045000 -1968.485063 -1879.499558 -1784.977306 -1411.185285 -1334.716240 -1290.786026 -1282.289363 -1280.899308 -1280.692060 -1280.661637 -1280.657703 -1280.657991 -1280.658860 -1280.659657 -1280.660289 -1280.660776 -1280.661153 -1280.661449 -1280.661685 -1280.661878 -1280.662041 -1280.662186 -1280.662329 -1280.662485 -1280.662680 -1280.662945 -1280.663333 -1280.663925 -1280.664853 -1280.666334 -1280.668740 -1280.672724 -1280.679472 -1280.691216 -1280.712270 -1280.751184 -1280.825224 -1280.970216 -1281.264185 -1281.890504 -1283.316328 -1286.794915 -1295.829755 -1321.717313 -9999.0 -9999.0
-9999.0 -9999.0 -9999.0 -9999.0 -9999.0 -9999.0 -9999.0 -9999.0 -9999.0 -9999.0 -9999.0 -9999.0 -9999.0 -9999.0 -9999.0 -9999.0 -9999.0 -9999.0 -9999.0 -9999.0 -9999.0 -9999.0 -9999.0 -9999.0 -9999.0 -9999.0 -9999.0 -9999.0 -9999.0 -9999.0 -9999.0 -9999.0 -9999.0 -9999.0 -9999.0 -9999.0 -9999.0 -9999.0 -9999.0 -9999.0 -9999.0 -9999.0 -9999.0 -9999.0 -9999.0 -9999.0 -9999.0 -9999.0 -9999.0 -9999.0 -9999.0 -9999.0 -9999.0 -9999.0 -9999.0 -9999.0 -9999.0 -9999.0 -9999.0 -9999.0 -9999.0 -9999.0 -9999.0 -9999.0 -9999.0 -9999.0 -9999.0 -9999.0 -9999.0 -9999.0 -9999.0 -9999.0 -9999.0 -9999.0 -9999.0 -9999.0 -9999.0 -9999.0 -9999.0 -9999.0 -9999.0 -9999.0 -9999.0 -9999.0 -9999.0 -9999.0 -9999.0 -9999.0 -9999.0 -9999.0 -9999.0 -9999.0 -9999.0 -9999.0 -9999.0 -9999.0 -9999.0 -9999.0 -9999.0 -9999.0 -9999.0 -9999.0 -9999.0 -9999.0
-9999.0 -9999.0 -9999.0 -9999.0 -9999.0 -9999.0 -9999.0 -9999.0 -9999.0 -9999.0 -9999.0 -9999.0 -9999.0 -9999.0 -9999.0 -9999.0 -9999.0 -9999.0 -9999.0 -9999.0 -9999.0 -9999.0 -9999.0 -9999.0 -9999.0 -9999.0 -9999.0 -9999.0 -9999.0 -9999.0 -9999.0 -9999.0 -9999.0 -9999.0 -9999.0 -9999.0 -9999.0 -9999.0 -9999.0 -9999.0 -9999.0 -9999.0 -9999.0 -9999.0 -9999.0 -9999.0 -9999.0 -9999.0 -9999.0 -9999.0 -9999.0 -9999.0 -9999.0 -9999.0 -9999.0 -9999.0 -9999.0 -9999.0 -9999.0 -9999.0 -9999.0 -9999.0 -9999.0 -9999.0 -9999.0 -9999.0 -9999.0 -9999.0 -9999.0 -9999.0 -9999.0 -9999.0 -9999.0 -9999.0 -9999.0 -9999.0 -9999.0 -9999.0 -9999.0 -9999.0 -9999.0 -9999.0 -9999.0 -9999.0 -9999.0 -9999.0 -9999.0 -9999.0 -9999.0 -9999.0 -9999.0 -9999.0 -9999.0 -9999.0 -9999.0 -9999.0 -9999.0 -9999.0 -9999.0 -9999.0 -9999.0 -9999.0 -9999.0 -9999.0