inst/processing_geotop_simulation/geotop_simulation/out/maps3D/PwL0010N0207.asc
ncols         104
nrows         10
xllcorner     -2.000000
yllcorner     0.000000
cellsize      1.000000
NODATA_value  -9999.0
-9999.0 -9999.0 -9999.0 -9999.0 -9999.0 -9999.0 -9999.0 -9999.0 -9999.0 -9999.0 -9999.0 -9999.0 -9999.0 -9999.0 -9999.0 -9999.0 -9999.0 -9999.0 -9999.0 -9999.0 -9999.0 -9999.0 -9999.0 -9999.0 -9999.0 -9999.0 -9999.0 -9999.0 -9999.0 -9999.0 -9999.0 -9999.0 -9999.0 -9999.0 -9999.0 -9999.0 -9999.0 -9999.0 -9999.0 -9999.0 -9999.0 -9999.0 -9999.0 -9999.0 -9999.0 -9999.0 -9999.0 -9999.0 -9999.0 -9999.0 -9999.0 -9999.0 -9999.0 -9999.0 -9999.0 -9999.0 -9999.0 -9999.0 -9999.0 -9999.0 -9999.0 -9999.0 -9999.0 -9999.0 -9999.0 -9999.0 -9999.0 -9999.0 -9999.0 -9999.0 -9999.0 -9999.0 -9999.0 -9999.0 -9999.0 -9999.0 -9999.0 -9999.0 -9999.0 -9999.0 -9999.0 -9999.0 -9999.0 -9999.0 -9999.0 -9999.0 -9999.0 -9999.0 -9999.0 -9999.0 -9999.0 -9999.0 -9999.0 -9999.0 -9999.0 -9999.0 -9999.0 -9999.0 -9999.0 -9999.0 -9999.0 -9999.0 -9999.0 -9999.0
-9999.0 -9999.0 -9999.0 -9999.0 -9999.0 -9999.0 -9999.0 -9999.0 -9999.0 -9999.0 -9999.0 -9999.0 -9999.0 -9999.0 -9999.0 -9999.0 -9999.0 -9999.0 -9999.0 -9999.0 -9999.0 -9999.0 -9999.0 -9999.0 -9999.0 -9999.0 -9999.0 -9999.0 -9999.0 -9999.0 -9999.0 -9999.0 -9999.0 -9999.0 -9999.0 -9999.0 -9999.0 -9999.0 -9999.0 -9999.0 -9999.0 -9999.0 -9999.0 -9999.0 -9999.0 -9999.0 -9999.0 -9999.0 -9999.0 -9999.0 -9999.0 -9999.0 -9999.0 -9999.0 -9999.0 -9999.0 -9999.0 -9999.0 -9999.0 -9999.0 -9999.0 -9999.0 -9999.0 -9999.0 -9999.0 -9999.0 -9999.0 -9999.0 -9999.0 -9999.0 -9999.0 -9999.0 -9999.0 -9999.0 -9999.0 -9999.0 -9999.0 -9999.0 -9999.0 -9999.0 -9999.0 -9999.0 -9999.0 -9999.0 -9999.0 -9999.0 -9999.0 -9999.0 -9999.0 -9999.0 -9999.0 -9999.0 -9999.0 -9999.0 -9999.0 -9999.0 -9999.0 -9999.0 -9999.0 -9999.0 -9999.0 -9999.0 -9999.0 -9999.0
-9999.0 -9999.0 478.557190 383.837977 287.450014 190.277856 92.772114 -4.870442 -102.550061 -200.221913 -297.824757 -395.258763 -492.312622 -588.557138 -683.494564 -779.048378 -874.175759 -968.954625 -1063.539828 -1152.910878 -1235.969808 -1308.834311 -1369.004923 -1416.063333 -1451.273029 -1476.749040 -1494.735926 -1507.202830 -1515.714186 -1521.448456 -1525.266789 -1527.784076 -1529.430383 -1530.500700 -1531.194082 -1531.644975 -1531.951335 -1532.219488 -1532.754695 -1535.026286 -1544.999468 -1576.246304 -1408.505278 -1726.719971 -1628.524220 -1571.695126 -1546.408241 -1543.161832 -1542.835070 -1542.870310 -1542.957014 -1543.049838 -1543.138942 -1543.221395 -1543.297626 -1543.383753 -1543.639524 -1545.453412 -1558.327475 -1588.145216 -1634.177121 -1307.296362 -1545.988637 -1538.850568 -1533.830656 -1532.772006 -1532.599669 -1532.573357 -1532.569920 -1532.570218 -1532.571027 -1532.571762 -1532.572341 -1532.572784 -1532.573123 -1532.573387 -1532.573595 -1532.573764 -1532.573906 -1532.574031 -1532.574155 -1532.574292 -1532.574465 -1532.574704 -1532.575059 -1532.575603 -1532.576459 -1532.577829 -1532.580058 -1532.583748 -1532.589993 -1532.600843 -1532.620255 -1532.656041 -1532.723858 -1532.855670 -1533.118949 -1533.665055 -1534.862282 -1537.686379 -1545.046486 -1567.844610 -9999.0 -9999.0
-9999.0 -9999.0 478.563803 383.839818 287.450527 190.278011 92.772163 -4.870425 -102.550056 -200.221910 -297.824756 -395.258763 -492.312621 -588.557138 -683.494564 -779.048378 -874.175759 -968.954626 -1063.539828 -1152.910878 -1235.969808 -1308.834311 -1369.004923 -1416.063333 -1451.273029 -1476.749040 -1494.735927 -1507.202830 -1515.714186 -1521.448456 -1525.266789 -1527.784076 -1529.430383 -1530.500700 -1531.194082 -1531.644975 -1531.951335 -1532.219488 -1532.754695 -1535.026286 -1544.999468 -1576.246304 -1408.505278 -1726.719971 -1628.524219 -1571.695124 -1546.408241 -1543.161832 -1542.835070 -1542.870310 -1542.957014 -1543.049838 -1543.138942 -1543.221395 -1543.297626 -1543.383753 -1543.639524 -1545.453412 -1558.327475 -1588.145215 -1634.177121 -1307.296362 -1545.988637 -1538.850568 -1533.830656 -1532.772006 -1532.599669 -1532.573357 -1532.569920 -1532.570218 -1532.571027 -1532.571762 -1532.572341 -1532.572784 -1532.573123 -1532.573387 -1532.573595 -1532.573764 -1532.573906 -1532.574031 -1532.574155 -1532.574292 -1532.574465 -1532.574704 -1532.575059 -1532.575603 -1532.576459 -1532.577829 -1532.580058 -1532.583748 -1532.589993 -1532.600843 -1532.620255 -1532.656041 -1532.723858 -1532.855670 -1533.118949 -1533.665055 -1534.862282 -1537.686379 -1545.046486 -1567.844610 -9999.0 -9999.0
-9999.0 -9999.0 478.565371 383.840643 287.450858 190.278133 92.772207 -4.870410 -102.550050 -200.221908 -297.824755 -395.258763 -492.312621 -588.557137 -683.494564 -779.048379 -874.175759 -968.954626 -1063.539828 -1152.910879 -1235.969808 -1308.834311 -1369.004923 -1416.063334 -1451.273029 -1476.749040 -1494.735927 -1507.202830 -1515.714186 -1521.448456 -1525.266789 -1527.784076 -1529.430383 -1530.500700 -1531.194082 -1531.644975 -1531.951335 -1532.219488 -1532.754695 -1535.026286 -1544.999468 -1576.246304 -1408.505277 -1726.719971 -1628.524219 -1571.695124 -1546.408241 -1543.161832 -1542.835070 -1542.870310 -1542.957014 -1543.049838 -1543.138942 -1543.221395 -1543.297626 -1543.383753 -1543.639524 -1545.453412 -1558.327475 -1588.145215 -1634.177121 -1307.296362 -1545.988637 -1538.850568 -1533.830656 -1532.772006 -1532.599669 -1532.573357 -1532.569920 -1532.570218 -1532.571027 -1532.571762 -1532.572341 -1532.572784 -1532.573123 -1532.573387 -1532.573595 -1532.573764 -1532.573906 -1532.574031 -1532.574155 -1532.574292 -1532.574465 -1532.574704 -1532.575059 -1532.575603 -1532.576459 -1532.577829 -1532.580058 -1532.583748 -1532.589993 -1532.600843 -1532.620255 -1532.656041 -1532.723858 -1532.855670 -1533.118949 -1533.665055 -1534.862282 -1537.686379 -1545.046486 -1567.844610 -9999.0 -9999.0
-9999.0 -9999.0 478.565371 383.840643 287.450858 190.278133 92.772207 -4.870410 -102.550050 -200.221908 -297.824755 -395.258763 -492.312621 -588.557137 -683.494564 -779.048379 -874.175759 -968.954626 -1063.539828 -1152.910879 -1235.969808 -1308.834311 -1369.004923 -1416.063334 -1451.273029 -1476.749040 -1494.735927 -1507.202830 -1515.714186 -1521.448456 -1525.266789 -1527.784076 -1529.430383 -1530.500700 -1531.194082 -1531.644975 -1531.951335 -1532.219488 -1532.754695 -1535.026286 -1544.999468 -1576.246304 -1408.505277 -1726.719971 -1628.524219 -1571.695124 -1546.408241 -1543.161832 -1542.835070 -1542.870310 -1542.957014 -1543.049838 -1543.138942 -1543.221395 -1543.297626 -1543.383753 -1543.639524 -1545.453412 -1558.327475 -1588.145215 -1634.177121 -1307.296362 -1545.988637 -1538.850568 -1533.830656 -1532.772006 -1532.599669 -1532.573357 -1532.569920 -1532.570218 -1532.571027 -1532.571762 -1532.572341 -1532.572784 -1532.573123 -1532.573387 -1532.573595 -1532.573764 -1532.573906 -1532.574031 -1532.574155 -1532.574292 -1532.574465 -1532.574704 -1532.575059 -1532.575603 -1532.576459 -1532.577829 -1532.580058 -1532.583748 -1532.589993 -1532.600843 -1532.620255 -1532.656041 -1532.723858 -1532.855670 -1533.118949 -1533.665055 -1534.862282 -1537.686379 -1545.046486 -1567.844610 -9999.0 -9999.0
-9999.0 -9999.0 478.563803 383.839818 287.450527 190.278011 92.772163 -4.870425 -102.550055 -200.221910 -297.824756 -395.258763 -492.312621 -588.557138 -683.494564 -779.048379 -874.175759 -968.954626 -1063.539828 -1152.910878 -1235.969808 -1308.834311 -1369.004923 -1416.063333 -1451.273029 -1476.749040 -1494.735927 -1507.202830 -1515.714186 -1521.448456 -1525.266789 -1527.784076 -1529.430383 -1530.500700 -1531.194082 -1531.644975 -1531.951335 -1532.219488 -1532.754695 -1535.026286 -1544.999468 -1576.246304 -1408.505277 -1726.719971 -1628.524219 -1571.695124 -1546.408241 -1543.161832 -1542.835070 -1542.870310 -1542.957014 -1543.049838 -1543.138942 -1543.221395 -1543.297626 -1543.383753 -1543.639524 -1545.453412 -1558.327475 -1588.145215 -1634.177121 -1307.296362 -1545.988637 -1538.850568 -1533.830656 -1532.772006 -1532.599669 -1532.573357 -1532.569920 -1532.570218 -1532.571027 -1532.571762 -1532.572341 -1532.572784 -1532.573123 -1532.573387 -1532.573595 -1532.573764 -1532.573906 -1532.574031 -1532.574155 -1532.574292 -1532.574465 -1532.574704 -1532.575059 -1532.575603 -1532.576459 -1532.577829 -1532.580058 -1532.583748 -1532.589993 -1532.600843 -1532.620255 -1532.656041 -1532.723858 -1532.855670 -1533.118949 -1533.665055 -1534.862282 -1537.686379 -1545.046486 -1567.844610 -9999.0 -9999.0
-9999.0 -9999.0 478.557190 383.837977 287.450014 190.277856 92.772114 -4.870442 -102.550061 -200.221913 -297.824757 -395.258763 -492.312622 -588.557138 -683.494564 -779.048378 -874.175759 -968.954625 -1063.539828 -1152.910878 -1235.969808 -1308.834311 -1369.004923 -1416.063333 -1451.273029 -1476.749040 -1494.735926 -1507.202830 -1515.714186 -1521.448456 -1525.266789 -1527.784076 -1529.430383 -1530.500700 -1531.194082 -1531.644975 -1531.951335 -1532.219488 -1532.754695 -1535.026286 -1544.999468 -1576.246304 -1408.505278 -1726.719971 -1628.524220 -1571.695126 -1546.408241 -1543.161832 -1542.835070 -1542.870310 -1542.957014 -1543.049838 -1543.138942 -1543.221395 -1543.297626 -1543.383753 -1543.639524 -1545.453412 -1558.327475 -1588.145216 -1634.177121 -1307.296362 -1545.988637 -1538.850568 -1533.830656 -1532.772006 -1532.599669 -1532.573357 -1532.569920 -1532.570218 -1532.571027 -1532.571762 -1532.572341 -1532.572784 -1532.573123 -1532.573387 -1532.573595 -1532.573764 -1532.573906 -1532.574031 -1532.574155 -1532.574292 -1532.574465 -1532.574704 -1532.575059 -1532.575603 -1532.576459 -1532.577829 -1532.580058 -1532.583748 -1532.589993 -1532.600843 -1532.620255 -1532.656041 -1532.723858 -1532.855670 -1533.118949 -1533.665055 -1534.862282 -1537.686379 -1545.046486 -1567.844610 -9999.0 -9999.0
-9999.0 -9999.0 -9999.0 -9999.0 -9999.0 -9999.0 -9999.0 -9999.0 -9999.0 -9999.0 -9999.0 -9999.0 -9999.0 -9999.0 -9999.0 -9999.0 -9999.0 -9999.0 -9999.0 -9999.0 -9999.0 -9999.0 -9999.0 -9999.0 -9999.0 -9999.0 -9999.0 -9999.0 -9999.0 -9999.0 -9999.0 -9999.0 -9999.0 -9999.0 -9999.0 -9999.0 -9999.0 -9999.0 -9999.0 -9999.0 -9999.0 -9999.0 -9999.0 -9999.0 -9999.0 -9999.0 -9999.0 -9999.0 -9999.0 -9999.0 -9999.0 -9999.0 -9999.0 -9999.0 -9999.0 -9999.0 -9999.0 -9999.0 -9999.0 -9999.0 -9999.0 -9999.0 -9999.0 -9999.0 -9999.0 -9999.0 -9999.0 -9999.0 -9999.0 -9999.0 -9999.0 -9999.0 -9999.0 -9999.0 -9999.0 -9999.0 -9999.0 -9999.0 -9999.0 -9999.0 -9999.0 -9999.0 -9999.0 -9999.0 -9999.0 -9999.0 -9999.0 -9999.0 -9999.0 -9999.0 -9999.0 -9999.0 -9999.0 -9999.0 -9999.0 -9999.0 -9999.0 -9999.0 -9999.0 -9999.0 -9999.0 -9999.0 -9999.0 -9999.0
-9999.0 -9999.0 -9999.0 -9999.0 -9999.0 -9999.0 -9999.0 -9999.0 -9999.0 -9999.0 -9999.0 -9999.0 -9999.0 -9999.0 -9999.0 -9999.0 -9999.0 -9999.0 -9999.0 -9999.0 -9999.0 -9999.0 -9999.0 -9999.0 -9999.0 -9999.0 -9999.0 -9999.0 -9999.0 -9999.0 -9999.0 -9999.0 -9999.0 -9999.0 -9999.0 -9999.0 -9999.0 -9999.0 -9999.0 -9999.0 -9999.0 -9999.0 -9999.0 -9999.0 -9999.0 -9999.0 -9999.0 -9999.0 -9999.0 -9999.0 -9999.0 -9999.0 -9999.0 -9999.0 -9999.0 -9999.0 -9999.0 -9999.0 -9999.0 -9999.0 -9999.0 -9999.0 -9999.0 -9999.0 -9999.0 -9999.0 -9999.0 -9999.0 -9999.0 -9999.0 -9999.0 -9999.0 -9999.0 -9999.0 -9999.0 -9999.0 -9999.0 -9999.0 -9999.0 -9999.0 -9999.0 -9999.0 -9999.0 -9999.0 -9999.0 -9999.0 -9999.0 -9999.0 -9999.0 -9999.0 -9999.0 -9999.0 -9999.0 -9999.0 -9999.0 -9999.0 -9999.0 -9999.0 -9999.0 -9999.0 -9999.0 -9999.0 -9999.0 -9999.0