inst/processing_geotop_simulation/geotop_simulation/out/maps3D/PwL0005N0422.asc
ncols         104
nrows         10
xllcorner     -2.000000
yllcorner     0.000000
cellsize      1.000000
NODATA_value  -9999.0
-9999.0 -9999.0 -9999.0 -9999.0 -9999.0 -9999.0 -9999.0 -9999.0 -9999.0 -9999.0 -9999.0 -9999.0 -9999.0 -9999.0 -9999.0 -9999.0 -9999.0 -9999.0 -9999.0 -9999.0 -9999.0 -9999.0 -9999.0 -9999.0 -9999.0 -9999.0 -9999.0 -9999.0 -9999.0 -9999.0 -9999.0 -9999.0 -9999.0 -9999.0 -9999.0 -9999.0 -9999.0 -9999.0 -9999.0 -9999.0 -9999.0 -9999.0 -9999.0 -9999.0 -9999.0 -9999.0 -9999.0 -9999.0 -9999.0 -9999.0 -9999.0 -9999.0 -9999.0 -9999.0 -9999.0 -9999.0 -9999.0 -9999.0 -9999.0 -9999.0 -9999.0 -9999.0 -9999.0 -9999.0 -9999.0 -9999.0 -9999.0 -9999.0 -9999.0 -9999.0 -9999.0 -9999.0 -9999.0 -9999.0 -9999.0 -9999.0 -9999.0 -9999.0 -9999.0 -9999.0 -9999.0 -9999.0 -9999.0 -9999.0 -9999.0 -9999.0 -9999.0 -9999.0 -9999.0 -9999.0 -9999.0 -9999.0 -9999.0 -9999.0 -9999.0 -9999.0 -9999.0 -9999.0 -9999.0 -9999.0 -9999.0 -9999.0 -9999.0 -9999.0
-9999.0 -9999.0 -9999.0 -9999.0 -9999.0 -9999.0 -9999.0 -9999.0 -9999.0 -9999.0 -9999.0 -9999.0 -9999.0 -9999.0 -9999.0 -9999.0 -9999.0 -9999.0 -9999.0 -9999.0 -9999.0 -9999.0 -9999.0 -9999.0 -9999.0 -9999.0 -9999.0 -9999.0 -9999.0 -9999.0 -9999.0 -9999.0 -9999.0 -9999.0 -9999.0 -9999.0 -9999.0 -9999.0 -9999.0 -9999.0 -9999.0 -9999.0 -9999.0 -9999.0 -9999.0 -9999.0 -9999.0 -9999.0 -9999.0 -9999.0 -9999.0 -9999.0 -9999.0 -9999.0 -9999.0 -9999.0 -9999.0 -9999.0 -9999.0 -9999.0 -9999.0 -9999.0 -9999.0 -9999.0 -9999.0 -9999.0 -9999.0 -9999.0 -9999.0 -9999.0 -9999.0 -9999.0 -9999.0 -9999.0 -9999.0 -9999.0 -9999.0 -9999.0 -9999.0 -9999.0 -9999.0 -9999.0 -9999.0 -9999.0 -9999.0 -9999.0 -9999.0 -9999.0 -9999.0 -9999.0 -9999.0 -9999.0 -9999.0 -9999.0 -9999.0 -9999.0 -9999.0 -9999.0 -9999.0 -9999.0 -9999.0 -9999.0 -9999.0 -9999.0
-9999.0 -9999.0 224.502873 126.379018 27.420494 -71.794563 -171.109146 -270.462952 -369.825230 -469.175039 -568.487895 -667.709022 -766.810874 -865.828204 -964.775408 -1063.724146 -1162.501273 -1260.793776 -1358.365150 -1454.597972 -1548.274502 -1637.215201 -1718.426313 -1789.096077 -1847.657205 -1894.110413 -1929.653597 -1956.081560 -1975.295722 -1989.020524 -1998.687946 -2005.422075 -2010.071719 -2013.260022 -2015.435416 -2016.918526 -2017.950294 -2018.775523 -2019.871179 -2022.260195 -2023.305250 -1963.760032 -1219.888084 -1233.073669 -1219.429399 -1210.292320 -1206.006588 -1205.341561 -1205.269155 -1205.275058 -1205.292159 -1205.310632 -1205.328398 -1205.344858 -1205.360202 -1205.378635 -1205.439054 -1205.839800 -1208.130101 -1213.179450 -1219.380242 -1196.527836 -1936.743197 -2017.155380 -2020.898065 -2020.332438 -2020.117557 -2020.072780 -2020.065308 -2020.064542 -2020.064848 -2020.065251 -2020.065592 -2020.065861 -2020.066073 -2020.066241 -2020.066379 -2020.066494 -2020.066595 -2020.066687 -2020.066780 -2020.066883 -2020.067009 -2020.067179 -2020.067422 -2020.067786 -2020.068349 -2020.069243 -2020.070695 -2020.073108 -2020.077227 -2020.084467 -2020.097596 -2020.122148 -2020.169460 -2020.263587 -2020.458408 -2020.883670 -2021.879170 -2024.428902 -2031.770014 -2056.182669 -9999.0 -9999.0
-9999.0 -9999.0 224.511000 126.380783 27.420948 -71.794430 -171.109104 -270.462937 -369.825225 -469.175037 -568.487894 -667.709022 -766.810874 -865.828204 -964.775408 -1063.724147 -1162.501274 -1260.793776 -1358.365150 -1454.597972 -1548.274502 -1637.215202 -1718.426313 -1789.096077 -1847.657205 -1894.110413 -1929.653597 -1956.081560 -1975.295722 -1989.020524 -1998.687946 -2005.422075 -2010.071719 -2013.260022 -2015.435416 -2016.918526 -2017.950294 -2018.775523 -2019.871179 -2022.260195 -2023.305250 -1963.760032 -1219.888084 -1233.073669 -1219.429399 -1210.292320 -1206.006588 -1205.341561 -1205.269155 -1205.275058 -1205.292159 -1205.310632 -1205.328398 -1205.344858 -1205.360202 -1205.378635 -1205.439054 -1205.839800 -1208.130101 -1213.179450 -1219.380242 -1196.527836 -1936.743197 -2017.155380 -2020.898065 -2020.332438 -2020.117557 -2020.072780 -2020.065308 -2020.064542 -2020.064848 -2020.065251 -2020.065592 -2020.065861 -2020.066072 -2020.066241 -2020.066379 -2020.066494 -2020.066595 -2020.066687 -2020.066780 -2020.066883 -2020.067009 -2020.067179 -2020.067422 -2020.067786 -2020.068349 -2020.069243 -2020.070695 -2020.073108 -2020.077227 -2020.084467 -2020.097596 -2020.122148 -2020.169460 -2020.263587 -2020.458408 -2020.883670 -2021.879170 -2024.428902 -2031.770014 -2056.182669 -9999.0 -9999.0
-9999.0 -9999.0 224.512277 126.381511 27.421236 -71.794326 -171.109067 -270.462924 -369.825220 -469.175035 -568.487893 -667.709021 -766.810873 -865.828204 -964.775408 -1063.724147 -1162.501274 -1260.793776 -1358.365150 -1454.597972 -1548.274502 -1637.215202 -1718.426313 -1789.096078 -1847.657205 -1894.110413 -1929.653597 -1956.081560 -1975.295722 -1989.020524 -1998.687946 -2005.422075 -2010.071719 -2013.260022 -2015.435416 -2016.918526 -2017.950294 -2018.775523 -2019.871179 -2022.260195 -2023.305250 -1963.760032 -1219.888084 -1233.073669 -1219.429399 -1210.292320 -1206.006588 -1205.341561 -1205.269155 -1205.275058 -1205.292159 -1205.310632 -1205.328398 -1205.344858 -1205.360202 -1205.378635 -1205.439054 -1205.839800 -1208.130101 -1213.179450 -1219.380242 -1196.527836 -1936.743197 -2017.155380 -2020.898065 -2020.332438 -2020.117557 -2020.072780 -2020.065308 -2020.064542 -2020.064848 -2020.065251 -2020.065592 -2020.065861 -2020.066072 -2020.066241 -2020.066379 -2020.066494 -2020.066595 -2020.066687 -2020.066780 -2020.066883 -2020.067009 -2020.067179 -2020.067422 -2020.067786 -2020.068349 -2020.069243 -2020.070695 -2020.073108 -2020.077227 -2020.084467 -2020.097596 -2020.122148 -2020.169460 -2020.263587 -2020.458408 -2020.883670 -2021.879170 -2024.428902 -2031.770014 -2056.182669 -9999.0 -9999.0
-9999.0 -9999.0 224.512277 126.381511 27.421236 -71.794326 -171.109067 -270.462924 -369.825220 -469.175035 -568.487893 -667.709022 -766.810873 -865.828204 -964.775408 -1063.724147 -1162.501274 -1260.793776 -1358.365150 -1454.597972 -1548.274502 -1637.215202 -1718.426313 -1789.096078 -1847.657205 -1894.110413 -1929.653597 -1956.081560 -1975.295722 -1989.020524 -1998.687946 -2005.422075 -2010.071719 -2013.260022 -2015.435416 -2016.918526 -2017.950294 -2018.775523 -2019.871179 -2022.260195 -2023.305250 -1963.760032 -1219.888084 -1233.073669 -1219.429399 -1210.292320 -1206.006588 -1205.341561 -1205.269155 -1205.275058 -1205.292159 -1205.310632 -1205.328398 -1205.344858 -1205.360202 -1205.378635 -1205.439054 -1205.839800 -1208.130101 -1213.179450 -1219.380242 -1196.527836 -1936.743197 -2017.155380 -2020.898065 -2020.332438 -2020.117557 -2020.072780 -2020.065308 -2020.064542 -2020.064848 -2020.065251 -2020.065592 -2020.065861 -2020.066072 -2020.066241 -2020.066379 -2020.066494 -2020.066595 -2020.066687 -2020.066780 -2020.066883 -2020.067009 -2020.067179 -2020.067422 -2020.067786 -2020.068349 -2020.069243 -2020.070695 -2020.073108 -2020.077227 -2020.084467 -2020.097596 -2020.122148 -2020.169460 -2020.263587 -2020.458408 -2020.883670 -2021.879170 -2024.428902 -2031.770014 -2056.182669 -9999.0 -9999.0
-9999.0 -9999.0 224.511000 126.380783 27.420948 -71.794431 -171.109104 -270.462938 -369.825225 -469.175037 -568.487894 -667.709022 -766.810874 -865.828204 -964.775408 -1063.724147 -1162.501274 -1260.793776 -1358.365150 -1454.597972 -1548.274502 -1637.215202 -1718.426313 -1789.096077 -1847.657205 -1894.110413 -1929.653597 -1956.081560 -1975.295722 -1989.020524 -1998.687946 -2005.422075 -2010.071719 -2013.260022 -2015.435416 -2016.918526 -2017.950294 -2018.775523 -2019.871179 -2022.260195 -2023.305250 -1963.760032 -1219.888084 -1233.073669 -1219.429399 -1210.292320 -1206.006588 -1205.341561 -1205.269155 -1205.275058 -1205.292159 -1205.310632 -1205.328398 -1205.344858 -1205.360202 -1205.378635 -1205.439054 -1205.839800 -1208.130101 -1213.179450 -1219.380242 -1196.527836 -1936.743197 -2017.155380 -2020.898065 -2020.332438 -2020.117557 -2020.072780 -2020.065308 -2020.064542 -2020.064848 -2020.065251 -2020.065592 -2020.065861 -2020.066072 -2020.066241 -2020.066379 -2020.066494 -2020.066595 -2020.066687 -2020.066780 -2020.066883 -2020.067009 -2020.067179 -2020.067422 -2020.067786 -2020.068349 -2020.069243 -2020.070695 -2020.073108 -2020.077227 -2020.084467 -2020.097596 -2020.122148 -2020.169460 -2020.263587 -2020.458408 -2020.883670 -2021.879170 -2024.428902 -2031.770014 -2056.182669 -9999.0 -9999.0
-9999.0 -9999.0 224.502873 126.379018 27.420493 -71.794563 -171.109146 -270.462952 -369.825230 -469.175040 -568.487895 -667.709022 -766.810874 -865.828204 -964.775408 -1063.724146 -1162.501273 -1260.793776 -1358.365150 -1454.597972 -1548.274502 -1637.215201 -1718.426313 -1789.096077 -1847.657205 -1894.110413 -1929.653597 -1956.081560 -1975.295722 -1989.020524 -1998.687946 -2005.422075 -2010.071719 -2013.260022 -2015.435416 -2016.918526 -2017.950294 -2018.775523 -2019.871179 -2022.260195 -2023.305250 -1963.760032 -1219.888084 -1233.073669 -1219.429399 -1210.292320 -1206.006588 -1205.341561 -1205.269155 -1205.275058 -1205.292159 -1205.310632 -1205.328398 -1205.344858 -1205.360202 -1205.378635 -1205.439054 -1205.839800 -1208.130101 -1213.179450 -1219.380242 -1196.527836 -1936.743197 -2017.155380 -2020.898065 -2020.332438 -2020.117557 -2020.072780 -2020.065308 -2020.064542 -2020.064848 -2020.065251 -2020.065592 -2020.065861 -2020.066073 -2020.066241 -2020.066379 -2020.066494 -2020.066595 -2020.066687 -2020.066780 -2020.066883 -2020.067009 -2020.067179 -2020.067422 -2020.067786 -2020.068349 -2020.069243 -2020.070695 -2020.073108 -2020.077227 -2020.084467 -2020.097596 -2020.122148 -2020.169460 -2020.263587 -2020.458408 -2020.883670 -2021.879170 -2024.428902 -2031.770014 -2056.182669 -9999.0 -9999.0
-9999.0 -9999.0 -9999.0 -9999.0 -9999.0 -9999.0 -9999.0 -9999.0 -9999.0 -9999.0 -9999.0 -9999.0 -9999.0 -9999.0 -9999.0 -9999.0 -9999.0 -9999.0 -9999.0 -9999.0 -9999.0 -9999.0 -9999.0 -9999.0 -9999.0 -9999.0 -9999.0 -9999.0 -9999.0 -9999.0 -9999.0 -9999.0 -9999.0 -9999.0 -9999.0 -9999.0 -9999.0 -9999.0 -9999.0 -9999.0 -9999.0 -9999.0 -9999.0 -9999.0 -9999.0 -9999.0 -9999.0 -9999.0 -9999.0 -9999.0 -9999.0 -9999.0 -9999.0 -9999.0 -9999.0 -9999.0 -9999.0 -9999.0 -9999.0 -9999.0 -9999.0 -9999.0 -9999.0 -9999.0 -9999.0 -9999.0 -9999.0 -9999.0 -9999.0 -9999.0 -9999.0 -9999.0 -9999.0 -9999.0 -9999.0 -9999.0 -9999.0 -9999.0 -9999.0 -9999.0 -9999.0 -9999.0 -9999.0 -9999.0 -9999.0 -9999.0 -9999.0 -9999.0 -9999.0 -9999.0 -9999.0 -9999.0 -9999.0 -9999.0 -9999.0 -9999.0 -9999.0 -9999.0 -9999.0 -9999.0 -9999.0 -9999.0 -9999.0 -9999.0
-9999.0 -9999.0 -9999.0 -9999.0 -9999.0 -9999.0 -9999.0 -9999.0 -9999.0 -9999.0 -9999.0 -9999.0 -9999.0 -9999.0 -9999.0 -9999.0 -9999.0 -9999.0 -9999.0 -9999.0 -9999.0 -9999.0 -9999.0 -9999.0 -9999.0 -9999.0 -9999.0 -9999.0 -9999.0 -9999.0 -9999.0 -9999.0 -9999.0 -9999.0 -9999.0 -9999.0 -9999.0 -9999.0 -9999.0 -9999.0 -9999.0 -9999.0 -9999.0 -9999.0 -9999.0 -9999.0 -9999.0 -9999.0 -9999.0 -9999.0 -9999.0 -9999.0 -9999.0 -9999.0 -9999.0 -9999.0 -9999.0 -9999.0 -9999.0 -9999.0 -9999.0 -9999.0 -9999.0 -9999.0 -9999.0 -9999.0 -9999.0 -9999.0 -9999.0 -9999.0 -9999.0 -9999.0 -9999.0 -9999.0 -9999.0 -9999.0 -9999.0 -9999.0 -9999.0 -9999.0 -9999.0 -9999.0 -9999.0 -9999.0 -9999.0 -9999.0 -9999.0 -9999.0 -9999.0 -9999.0 -9999.0 -9999.0 -9999.0 -9999.0 -9999.0 -9999.0 -9999.0 -9999.0 -9999.0 -9999.0 -9999.0 -9999.0 -9999.0 -9999.0