inst/processing_geotop_simulation/geotop_simulation/out/maps3D/PwL0003N0276.asc
ncols         104
nrows         10
xllcorner     -2.000000
yllcorner     0.000000
cellsize      1.000000
NODATA_value  -9999.0
-9999.0 -9999.0 -9999.0 -9999.0 -9999.0 -9999.0 -9999.0 -9999.0 -9999.0 -9999.0 -9999.0 -9999.0 -9999.0 -9999.0 -9999.0 -9999.0 -9999.0 -9999.0 -9999.0 -9999.0 -9999.0 -9999.0 -9999.0 -9999.0 -9999.0 -9999.0 -9999.0 -9999.0 -9999.0 -9999.0 -9999.0 -9999.0 -9999.0 -9999.0 -9999.0 -9999.0 -9999.0 -9999.0 -9999.0 -9999.0 -9999.0 -9999.0 -9999.0 -9999.0 -9999.0 -9999.0 -9999.0 -9999.0 -9999.0 -9999.0 -9999.0 -9999.0 -9999.0 -9999.0 -9999.0 -9999.0 -9999.0 -9999.0 -9999.0 -9999.0 -9999.0 -9999.0 -9999.0 -9999.0 -9999.0 -9999.0 -9999.0 -9999.0 -9999.0 -9999.0 -9999.0 -9999.0 -9999.0 -9999.0 -9999.0 -9999.0 -9999.0 -9999.0 -9999.0 -9999.0 -9999.0 -9999.0 -9999.0 -9999.0 -9999.0 -9999.0 -9999.0 -9999.0 -9999.0 -9999.0 -9999.0 -9999.0 -9999.0 -9999.0 -9999.0 -9999.0 -9999.0 -9999.0 -9999.0 -9999.0 -9999.0 -9999.0 -9999.0 -9999.0
-9999.0 -9999.0 -9999.0 -9999.0 -9999.0 -9999.0 -9999.0 -9999.0 -9999.0 -9999.0 -9999.0 -9999.0 -9999.0 -9999.0 -9999.0 -9999.0 -9999.0 -9999.0 -9999.0 -9999.0 -9999.0 -9999.0 -9999.0 -9999.0 -9999.0 -9999.0 -9999.0 -9999.0 -9999.0 -9999.0 -9999.0 -9999.0 -9999.0 -9999.0 -9999.0 -9999.0 -9999.0 -9999.0 -9999.0 -9999.0 -9999.0 -9999.0 -9999.0 -9999.0 -9999.0 -9999.0 -9999.0 -9999.0 -9999.0 -9999.0 -9999.0 -9999.0 -9999.0 -9999.0 -9999.0 -9999.0 -9999.0 -9999.0 -9999.0 -9999.0 -9999.0 -9999.0 -9999.0 -9999.0 -9999.0 -9999.0 -9999.0 -9999.0 -9999.0 -9999.0 -9999.0 -9999.0 -9999.0 -9999.0 -9999.0 -9999.0 -9999.0 -9999.0 -9999.0 -9999.0 -9999.0 -9999.0 -9999.0 -9999.0 -9999.0 -9999.0 -9999.0 -9999.0 -9999.0 -9999.0 -9999.0 -9999.0 -9999.0 -9999.0 -9999.0 -9999.0 -9999.0 -9999.0 -9999.0 -9999.0 -9999.0 -9999.0 -9999.0 -9999.0
-9999.0 -9999.0 126.920101 31.360825 -66.387542 -164.712018 -263.250636 -361.862992 -460.474871 -559.030172 -657.414108 -755.466336 -853.213351 -950.497640 -1047.610328 -1144.715596 -1240.693258 -1335.046215 -1427.043428 -1515.404227 -1597.128022 -1668.221123 -1726.033240 -1770.390075 -1802.984988 -1826.245890 -1842.530542 -1853.781016 -1861.471999 -1866.679971 -1870.175738 -1872.503876 -1874.044217 -1875.058162 -1875.723591 -1876.162285 -1876.465807 -1876.744544 -1877.327559 -1879.502438 -1885.313808 -1856.667943 -1146.201838 -1147.772499 -1136.010036 -1128.413994 -1124.849690 -1124.313328 -1124.256402 -1124.262627 -1124.278092 -1124.294696 -1124.310652 -1124.325428 -1124.339135 -1124.354993 -1124.403448 -1124.725287 -1126.627082 -1130.866389 -1136.930966 -1126.944358 -1833.651539 -1879.532193 -1878.185984 -1877.285641 -1877.102862 -1877.072817 -1877.068600 -1877.068605 -1877.069220 -1877.069811 -1877.070283 -1877.070645 -1877.070922 -1877.071138 -1877.071309 -1877.071448 -1877.071564 -1877.071668 -1877.071770 -1877.071885 -1877.072029 -1877.072230 -1877.072527 -1877.072984 -1877.073704 -1877.074857 -1877.076736 -1877.079854 -1877.085149 -1877.094384 -1877.110971 -1877.141660 -1877.200029 -1877.313964 -1877.542969 -1878.022433 -1879.087215 -1881.650885 -1888.593182 -1911.214227 -9999.0 -9999.0
-9999.0 -9999.0 126.930758 31.362873 -66.387027 -164.711868 -263.250588 -361.862976 -460.474866 -559.030169 -657.414107 -755.466336 -853.213351 -950.497640 -1047.610328 -1144.715596 -1240.693258 -1335.046215 -1427.043428 -1515.404227 -1597.128022 -1668.221123 -1726.033240 -1770.390075 -1802.984988 -1826.245890 -1842.530542 -1853.781016 -1861.471999 -1866.679971 -1870.175738 -1872.503876 -1874.044217 -1875.058162 -1875.723591 -1876.162285 -1876.465807 -1876.744544 -1877.327559 -1879.502438 -1885.313808 -1856.667943 -1146.201838 -1147.772499 -1136.010036 -1128.413994 -1124.849690 -1124.313328 -1124.256402 -1124.262627 -1124.278092 -1124.294696 -1124.310652 -1124.325428 -1124.339135 -1124.354993 -1124.403448 -1124.725287 -1126.627082 -1130.866389 -1136.930966 -1126.944358 -1833.651539 -1879.532193 -1878.185984 -1877.285641 -1877.102862 -1877.072817 -1877.068600 -1877.068605 -1877.069220 -1877.069811 -1877.070283 -1877.070645 -1877.070922 -1877.071138 -1877.071309 -1877.071448 -1877.071564 -1877.071668 -1877.071770 -1877.071885 -1877.072029 -1877.072230 -1877.072527 -1877.072984 -1877.073704 -1877.074857 -1877.076736 -1877.079854 -1877.085149 -1877.094384 -1877.110971 -1877.141660 -1877.200029 -1877.313964 -1877.542969 -1878.022433 -1879.087215 -1881.650885 -1888.593182 -1911.214227 -9999.0 -9999.0
-9999.0 -9999.0 126.932087 31.363699 -66.386702 -164.711750 -263.250546 -361.862961 -460.474860 -559.030167 -657.414107 -755.466335 -853.213351 -950.497640 -1047.610328 -1144.715596 -1240.693258 -1335.046215 -1427.043429 -1515.404227 -1597.128022 -1668.221123 -1726.033240 -1770.390075 -1802.984988 -1826.245890 -1842.530542 -1853.781016 -1861.471999 -1866.679971 -1870.175738 -1872.503876 -1874.044217 -1875.058162 -1875.723591 -1876.162285 -1876.465807 -1876.744544 -1877.327559 -1879.502438 -1885.313808 -1856.667943 -1146.201838 -1147.772499 -1136.010036 -1128.413994 -1124.849690 -1124.313328 -1124.256402 -1124.262627 -1124.278092 -1124.294696 -1124.310652 -1124.325428 -1124.339135 -1124.354993 -1124.403448 -1124.725287 -1126.627082 -1130.866389 -1136.930966 -1126.944358 -1833.651539 -1879.532193 -1878.185984 -1877.285641 -1877.102862 -1877.072817 -1877.068600 -1877.068605 -1877.069220 -1877.069811 -1877.070283 -1877.070645 -1877.070922 -1877.071138 -1877.071309 -1877.071448 -1877.071564 -1877.071668 -1877.071770 -1877.071885 -1877.072029 -1877.072230 -1877.072527 -1877.072984 -1877.073704 -1877.074857 -1877.076736 -1877.079854 -1877.085149 -1877.094384 -1877.110971 -1877.141660 -1877.200029 -1877.313964 -1877.542969 -1878.022433 -1879.087215 -1881.650885 -1888.593182 -1911.214227 -9999.0 -9999.0
-9999.0 -9999.0 126.932087 31.363699 -66.386702 -164.711750 -263.250546 -361.862961 -460.474860 -559.030167 -657.414106 -755.466335 -853.213351 -950.497640 -1047.610328 -1144.715596 -1240.693258 -1335.046215 -1427.043429 -1515.404227 -1597.128022 -1668.221123 -1726.033240 -1770.390075 -1802.984988 -1826.245890 -1842.530542 -1853.781016 -1861.471999 -1866.679971 -1870.175738 -1872.503876 -1874.044217 -1875.058162 -1875.723591 -1876.162285 -1876.465807 -1876.744544 -1877.327559 -1879.502438 -1885.313808 -1856.667943 -1146.201838 -1147.772499 -1136.010036 -1128.413994 -1124.849690 -1124.313328 -1124.256402 -1124.262627 -1124.278092 -1124.294696 -1124.310652 -1124.325428 -1124.339135 -1124.354993 -1124.403448 -1124.725287 -1126.627082 -1130.866389 -1136.930966 -1126.944358 -1833.651539 -1879.532193 -1878.185984 -1877.285641 -1877.102862 -1877.072817 -1877.068600 -1877.068605 -1877.069220 -1877.069811 -1877.070283 -1877.070645 -1877.070922 -1877.071138 -1877.071309 -1877.071448 -1877.071564 -1877.071668 -1877.071770 -1877.071885 -1877.072029 -1877.072230 -1877.072527 -1877.072984 -1877.073704 -1877.074857 -1877.076736 -1877.079854 -1877.085149 -1877.094384 -1877.110971 -1877.141660 -1877.200029 -1877.313964 -1877.542969 -1878.022433 -1879.087215 -1881.650885 -1888.593182 -1911.214227 -9999.0 -9999.0
-9999.0 -9999.0 126.930758 31.362873 -66.387027 -164.711868 -263.250588 -361.862976 -460.474866 -559.030169 -657.414107 -755.466336 -853.213351 -950.497640 -1047.610328 -1144.715596 -1240.693258 -1335.046215 -1427.043428 -1515.404227 -1597.128022 -1668.221123 -1726.033240 -1770.390075 -1802.984988 -1826.245890 -1842.530542 -1853.781016 -1861.471999 -1866.679971 -1870.175738 -1872.503876 -1874.044217 -1875.058162 -1875.723591 -1876.162285 -1876.465807 -1876.744544 -1877.327559 -1879.502438 -1885.313808 -1856.667943 -1146.201838 -1147.772499 -1136.010036 -1128.413994 -1124.849690 -1124.313328 -1124.256402 -1124.262627 -1124.278092 -1124.294696 -1124.310652 -1124.325428 -1124.339135 -1124.354993 -1124.403448 -1124.725287 -1126.627082 -1130.866389 -1136.930966 -1126.944358 -1833.651539 -1879.532193 -1878.185984 -1877.285641 -1877.102862 -1877.072817 -1877.068600 -1877.068605 -1877.069220 -1877.069811 -1877.070283 -1877.070645 -1877.070922 -1877.071138 -1877.071309 -1877.071448 -1877.071564 -1877.071668 -1877.071770 -1877.071885 -1877.072029 -1877.072230 -1877.072527 -1877.072984 -1877.073704 -1877.074857 -1877.076736 -1877.079854 -1877.085149 -1877.094384 -1877.110971 -1877.141660 -1877.200029 -1877.313964 -1877.542969 -1878.022433 -1879.087215 -1881.650885 -1888.593182 -1911.214227 -9999.0 -9999.0
-9999.0 -9999.0 126.920101 31.360825 -66.387542 -164.712018 -263.250636 -361.862992 -460.474871 -559.030172 -657.414108 -755.466336 -853.213351 -950.497640 -1047.610328 -1144.715596 -1240.693258 -1335.046215 -1427.043428 -1515.404227 -1597.128022 -1668.221123 -1726.033240 -1770.390075 -1802.984988 -1826.245890 -1842.530542 -1853.781016 -1861.471999 -1866.679971 -1870.175738 -1872.503876 -1874.044217 -1875.058162 -1875.723591 -1876.162285 -1876.465807 -1876.744544 -1877.327559 -1879.502438 -1885.313808 -1856.667943 -1146.201838 -1147.772499 -1136.010036 -1128.413994 -1124.849690 -1124.313328 -1124.256402 -1124.262627 -1124.278092 -1124.294696 -1124.310652 -1124.325428 -1124.339135 -1124.354993 -1124.403448 -1124.725287 -1126.627082 -1130.866389 -1136.930966 -1126.944358 -1833.651539 -1879.532193 -1878.185984 -1877.285641 -1877.102862 -1877.072817 -1877.068600 -1877.068605 -1877.069220 -1877.069811 -1877.070283 -1877.070645 -1877.070922 -1877.071138 -1877.071309 -1877.071448 -1877.071564 -1877.071668 -1877.071770 -1877.071885 -1877.072029 -1877.072230 -1877.072527 -1877.072984 -1877.073704 -1877.074857 -1877.076736 -1877.079854 -1877.085149 -1877.094384 -1877.110971 -1877.141660 -1877.200029 -1877.313964 -1877.542969 -1878.022433 -1879.087215 -1881.650885 -1888.593182 -1911.214227 -9999.0 -9999.0
-9999.0 -9999.0 -9999.0 -9999.0 -9999.0 -9999.0 -9999.0 -9999.0 -9999.0 -9999.0 -9999.0 -9999.0 -9999.0 -9999.0 -9999.0 -9999.0 -9999.0 -9999.0 -9999.0 -9999.0 -9999.0 -9999.0 -9999.0 -9999.0 -9999.0 -9999.0 -9999.0 -9999.0 -9999.0 -9999.0 -9999.0 -9999.0 -9999.0 -9999.0 -9999.0 -9999.0 -9999.0 -9999.0 -9999.0 -9999.0 -9999.0 -9999.0 -9999.0 -9999.0 -9999.0 -9999.0 -9999.0 -9999.0 -9999.0 -9999.0 -9999.0 -9999.0 -9999.0 -9999.0 -9999.0 -9999.0 -9999.0 -9999.0 -9999.0 -9999.0 -9999.0 -9999.0 -9999.0 -9999.0 -9999.0 -9999.0 -9999.0 -9999.0 -9999.0 -9999.0 -9999.0 -9999.0 -9999.0 -9999.0 -9999.0 -9999.0 -9999.0 -9999.0 -9999.0 -9999.0 -9999.0 -9999.0 -9999.0 -9999.0 -9999.0 -9999.0 -9999.0 -9999.0 -9999.0 -9999.0 -9999.0 -9999.0 -9999.0 -9999.0 -9999.0 -9999.0 -9999.0 -9999.0 -9999.0 -9999.0 -9999.0 -9999.0 -9999.0 -9999.0
-9999.0 -9999.0 -9999.0 -9999.0 -9999.0 -9999.0 -9999.0 -9999.0 -9999.0 -9999.0 -9999.0 -9999.0 -9999.0 -9999.0 -9999.0 -9999.0 -9999.0 -9999.0 -9999.0 -9999.0 -9999.0 -9999.0 -9999.0 -9999.0 -9999.0 -9999.0 -9999.0 -9999.0 -9999.0 -9999.0 -9999.0 -9999.0 -9999.0 -9999.0 -9999.0 -9999.0 -9999.0 -9999.0 -9999.0 -9999.0 -9999.0 -9999.0 -9999.0 -9999.0 -9999.0 -9999.0 -9999.0 -9999.0 -9999.0 -9999.0 -9999.0 -9999.0 -9999.0 -9999.0 -9999.0 -9999.0 -9999.0 -9999.0 -9999.0 -9999.0 -9999.0 -9999.0 -9999.0 -9999.0 -9999.0 -9999.0 -9999.0 -9999.0 -9999.0 -9999.0 -9999.0 -9999.0 -9999.0 -9999.0 -9999.0 -9999.0 -9999.0 -9999.0 -9999.0 -9999.0 -9999.0 -9999.0 -9999.0 -9999.0 -9999.0 -9999.0 -9999.0 -9999.0 -9999.0 -9999.0 -9999.0 -9999.0 -9999.0 -9999.0 -9999.0 -9999.0 -9999.0 -9999.0 -9999.0 -9999.0 -9999.0 -9999.0 -9999.0 -9999.0