inst/processing_geotop_simulation/geotop_simulation/out/maps3D/PwL0008N0174.asc
ncols         104
nrows         10
xllcorner     -2.000000
yllcorner     0.000000
cellsize      1.000000
NODATA_value  -9999.0
-9999.0 -9999.0 -9999.0 -9999.0 -9999.0 -9999.0 -9999.0 -9999.0 -9999.0 -9999.0 -9999.0 -9999.0 -9999.0 -9999.0 -9999.0 -9999.0 -9999.0 -9999.0 -9999.0 -9999.0 -9999.0 -9999.0 -9999.0 -9999.0 -9999.0 -9999.0 -9999.0 -9999.0 -9999.0 -9999.0 -9999.0 -9999.0 -9999.0 -9999.0 -9999.0 -9999.0 -9999.0 -9999.0 -9999.0 -9999.0 -9999.0 -9999.0 -9999.0 -9999.0 -9999.0 -9999.0 -9999.0 -9999.0 -9999.0 -9999.0 -9999.0 -9999.0 -9999.0 -9999.0 -9999.0 -9999.0 -9999.0 -9999.0 -9999.0 -9999.0 -9999.0 -9999.0 -9999.0 -9999.0 -9999.0 -9999.0 -9999.0 -9999.0 -9999.0 -9999.0 -9999.0 -9999.0 -9999.0 -9999.0 -9999.0 -9999.0 -9999.0 -9999.0 -9999.0 -9999.0 -9999.0 -9999.0 -9999.0 -9999.0 -9999.0 -9999.0 -9999.0 -9999.0 -9999.0 -9999.0 -9999.0 -9999.0 -9999.0 -9999.0 -9999.0 -9999.0 -9999.0 -9999.0 -9999.0 -9999.0 -9999.0 -9999.0 -9999.0 -9999.0
-9999.0 -9999.0 -9999.0 -9999.0 -9999.0 -9999.0 -9999.0 -9999.0 -9999.0 -9999.0 -9999.0 -9999.0 -9999.0 -9999.0 -9999.0 -9999.0 -9999.0 -9999.0 -9999.0 -9999.0 -9999.0 -9999.0 -9999.0 -9999.0 -9999.0 -9999.0 -9999.0 -9999.0 -9999.0 -9999.0 -9999.0 -9999.0 -9999.0 -9999.0 -9999.0 -9999.0 -9999.0 -9999.0 -9999.0 -9999.0 -9999.0 -9999.0 -9999.0 -9999.0 -9999.0 -9999.0 -9999.0 -9999.0 -9999.0 -9999.0 -9999.0 -9999.0 -9999.0 -9999.0 -9999.0 -9999.0 -9999.0 -9999.0 -9999.0 -9999.0 -9999.0 -9999.0 -9999.0 -9999.0 -9999.0 -9999.0 -9999.0 -9999.0 -9999.0 -9999.0 -9999.0 -9999.0 -9999.0 -9999.0 -9999.0 -9999.0 -9999.0 -9999.0 -9999.0 -9999.0 -9999.0 -9999.0 -9999.0 -9999.0 -9999.0 -9999.0 -9999.0 -9999.0 -9999.0 -9999.0 -9999.0 -9999.0 -9999.0 -9999.0 -9999.0 -9999.0 -9999.0 -9999.0 -9999.0 -9999.0 -9999.0 -9999.0 -9999.0 -9999.0
-9999.0 -9999.0 381.629607 289.644433 194.727687 98.637111 2.073630 -94.672342 -191.477923 -288.238548 -384.841192 -481.067100 -576.475718 -670.335737 -764.612019 -858.730361 -952.629283 -1046.653194 -1137.517153 -1223.398163 -1297.985688 -1357.838649 -1402.705900 -1434.647955 -1456.632238 -1471.487840 -1481.447614 -1488.101958 -1492.531542 -1495.463387 -1497.390410 -1498.648119 -1499.464087 -1499.991077 -1500.330481 -1500.550775 -1500.705128 -1500.860282 -1501.237191 -1503.095620 -1512.318744 -1541.156963 -1202.324194 -1297.958433 -1255.278857 -1229.513366 -1217.717396 -1216.162742 -1216.005710 -1216.023900 -1216.067290 -1216.113699 -1216.158249 -1216.199472 -1216.237566 -1216.280418 -1216.405948 -1217.285140 -1223.355492 -1237.212602 -1258.921508 -1142.723316 -1514.540250 -1507.139027 -1502.143036 -1501.211623 -1501.069086 -1501.047359 -1501.044711 -1501.045307 -1501.046313 -1501.047192 -1501.047877 -1501.048397 -1501.048795 -1501.049104 -1501.049347 -1501.049544 -1501.049708 -1501.049854 -1501.049996 -1501.050153 -1501.050351 -1501.050626 -1501.051032 -1501.051656 -1501.052638 -1501.054209 -1501.056758 -1501.060968 -1501.068068 -1501.080353 -1501.102239 -1501.142410 -1501.218203 -1501.364665 -1501.654376 -1502.245597 -1503.512290 -1506.420985 -1513.779458 -1536.034112 -9999.0 -9999.0
-9999.0 -9999.0 381.637532 289.646455 194.728233 98.637274 2.073682 -94.672325 -191.477917 -288.238546 -384.841191 -481.067099 -576.475718 -670.335737 -764.612019 -858.730361 -952.629283 -1046.653194 -1137.517153 -1223.398163 -1297.985688 -1357.838649 -1402.705900 -1434.647955 -1456.632239 -1471.487840 -1481.447614 -1488.101958 -1492.531542 -1495.463387 -1497.390410 -1498.648119 -1499.464087 -1499.991077 -1500.330481 -1500.550775 -1500.705128 -1500.860282 -1501.237191 -1503.095620 -1512.318744 -1541.156963 -1202.324194 -1297.958433 -1255.278857 -1229.513366 -1217.717396 -1216.162742 -1216.005710 -1216.023900 -1216.067290 -1216.113699 -1216.158249 -1216.199472 -1216.237566 -1216.280418 -1216.405948 -1217.285140 -1223.355492 -1237.212602 -1258.921508 -1142.723316 -1514.540250 -1507.139027 -1502.143036 -1501.211623 -1501.069086 -1501.047359 -1501.044711 -1501.045307 -1501.046313 -1501.047192 -1501.047877 -1501.048397 -1501.048795 -1501.049104 -1501.049347 -1501.049544 -1501.049708 -1501.049854 -1501.049996 -1501.050153 -1501.050351 -1501.050626 -1501.051032 -1501.051656 -1501.052638 -1501.054209 -1501.056758 -1501.060968 -1501.068068 -1501.080353 -1501.102239 -1501.142410 -1501.218203 -1501.364665 -1501.654376 -1502.245597 -1503.512290 -1506.420985 -1513.779458 -1536.034112 -9999.0 -9999.0
-9999.0 -9999.0 381.639160 289.647327 194.728582 98.637402 2.073728 -94.672308 -191.477911 -288.238544 -384.841190 -481.067099 -576.475718 -670.335737 -764.612019 -858.730361 -952.629283 -1046.653194 -1137.517153 -1223.398164 -1297.985688 -1357.838649 -1402.705900 -1434.647955 -1456.632239 -1471.487840 -1481.447614 -1488.101958 -1492.531542 -1495.463387 -1497.390410 -1498.648119 -1499.464087 -1499.991077 -1500.330481 -1500.550775 -1500.705128 -1500.860282 -1501.237191 -1503.095620 -1512.318744 -1541.156963 -1202.324194 -1297.958433 -1255.278857 -1229.513365 -1217.717396 -1216.162742 -1216.005710 -1216.023900 -1216.067290 -1216.113699 -1216.158249 -1216.199472 -1216.237566 -1216.280418 -1216.405948 -1217.285140 -1223.355492 -1237.212602 -1258.921508 -1142.723316 -1514.540250 -1507.139027 -1502.143036 -1501.211623 -1501.069086 -1501.047359 -1501.044711 -1501.045307 -1501.046313 -1501.047192 -1501.047877 -1501.048397 -1501.048795 -1501.049104 -1501.049347 -1501.049544 -1501.049708 -1501.049854 -1501.049996 -1501.050153 -1501.050351 -1501.050626 -1501.051032 -1501.051656 -1501.052638 -1501.054209 -1501.056758 -1501.060968 -1501.068068 -1501.080353 -1501.102239 -1501.142410 -1501.218203 -1501.364665 -1501.654376 -1502.245597 -1503.512290 -1506.420985 -1513.779458 -1536.034112 -9999.0 -9999.0
-9999.0 -9999.0 381.639160 289.647327 194.728582 98.637402 2.073728 -94.672308 -191.477911 -288.238544 -384.841190 -481.067099 -576.475718 -670.335737 -764.612019 -858.730361 -952.629283 -1046.653194 -1137.517153 -1223.398164 -1297.985688 -1357.838649 -1402.705900 -1434.647955 -1456.632239 -1471.487840 -1481.447614 -1488.101958 -1492.531542 -1495.463387 -1497.390410 -1498.648119 -1499.464087 -1499.991077 -1500.330481 -1500.550775 -1500.705128 -1500.860282 -1501.237191 -1503.095620 -1512.318744 -1541.156963 -1202.324194 -1297.958433 -1255.278857 -1229.513365 -1217.717396 -1216.162742 -1216.005710 -1216.023900 -1216.067290 -1216.113699 -1216.158249 -1216.199472 -1216.237566 -1216.280418 -1216.405948 -1217.285140 -1223.355492 -1237.212602 -1258.921508 -1142.723316 -1514.540250 -1507.139027 -1502.143036 -1501.211623 -1501.069086 -1501.047359 -1501.044711 -1501.045307 -1501.046313 -1501.047192 -1501.047877 -1501.048397 -1501.048795 -1501.049104 -1501.049347 -1501.049544 -1501.049708 -1501.049854 -1501.049996 -1501.050153 -1501.050351 -1501.050626 -1501.051032 -1501.051656 -1501.052638 -1501.054209 -1501.056758 -1501.060968 -1501.068068 -1501.080353 -1501.102239 -1501.142410 -1501.218203 -1501.364665 -1501.654376 -1502.245597 -1503.512290 -1506.420985 -1513.779458 -1536.034112 -9999.0 -9999.0
-9999.0 -9999.0 381.637532 289.646455 194.728233 98.637274 2.073682 -94.672325 -191.477917 -288.238546 -384.841191 -481.067099 -576.475718 -670.335737 -764.612019 -858.730361 -952.629283 -1046.653194 -1137.517153 -1223.398163 -1297.985688 -1357.838649 -1402.705900 -1434.647955 -1456.632239 -1471.487840 -1481.447614 -1488.101958 -1492.531542 -1495.463387 -1497.390410 -1498.648119 -1499.464087 -1499.991077 -1500.330481 -1500.550775 -1500.705128 -1500.860282 -1501.237191 -1503.095620 -1512.318744 -1541.156963 -1202.324194 -1297.958433 -1255.278857 -1229.513366 -1217.717396 -1216.162742 -1216.005710 -1216.023900 -1216.067290 -1216.113699 -1216.158249 -1216.199472 -1216.237566 -1216.280418 -1216.405948 -1217.285140 -1223.355492 -1237.212602 -1258.921508 -1142.723316 -1514.540250 -1507.139027 -1502.143036 -1501.211623 -1501.069086 -1501.047359 -1501.044711 -1501.045307 -1501.046313 -1501.047192 -1501.047877 -1501.048397 -1501.048795 -1501.049104 -1501.049347 -1501.049544 -1501.049708 -1501.049854 -1501.049996 -1501.050153 -1501.050351 -1501.050626 -1501.051032 -1501.051656 -1501.052638 -1501.054209 -1501.056758 -1501.060968 -1501.068068 -1501.080353 -1501.102239 -1501.142410 -1501.218203 -1501.364665 -1501.654376 -1502.245597 -1503.512290 -1506.420985 -1513.779458 -1536.034112 -9999.0 -9999.0
-9999.0 -9999.0 381.629607 289.644433 194.727687 98.637111 2.073630 -94.672342 -191.477923 -288.238548 -384.841192 -481.067100 -576.475718 -670.335737 -764.612019 -858.730361 -952.629283 -1046.653194 -1137.517153 -1223.398163 -1297.985688 -1357.838649 -1402.705900 -1434.647955 -1456.632238 -1471.487840 -1481.447614 -1488.101958 -1492.531542 -1495.463387 -1497.390410 -1498.648119 -1499.464087 -1499.991077 -1500.330481 -1500.550775 -1500.705128 -1500.860282 -1501.237191 -1503.095620 -1512.318744 -1541.156963 -1202.324194 -1297.958433 -1255.278857 -1229.513366 -1217.717396 -1216.162742 -1216.005710 -1216.023900 -1216.067290 -1216.113699 -1216.158249 -1216.199472 -1216.237566 -1216.280418 -1216.405948 -1217.285140 -1223.355492 -1237.212602 -1258.921508 -1142.723316 -1514.540250 -1507.139027 -1502.143036 -1501.211623 -1501.069086 -1501.047359 -1501.044711 -1501.045307 -1501.046313 -1501.047192 -1501.047877 -1501.048397 -1501.048795 -1501.049104 -1501.049347 -1501.049544 -1501.049708 -1501.049854 -1501.049996 -1501.050153 -1501.050351 -1501.050626 -1501.051032 -1501.051656 -1501.052638 -1501.054209 -1501.056758 -1501.060968 -1501.068068 -1501.080353 -1501.102239 -1501.142410 -1501.218203 -1501.364665 -1501.654376 -1502.245597 -1503.512290 -1506.420985 -1513.779458 -1536.034112 -9999.0 -9999.0
-9999.0 -9999.0 -9999.0 -9999.0 -9999.0 -9999.0 -9999.0 -9999.0 -9999.0 -9999.0 -9999.0 -9999.0 -9999.0 -9999.0 -9999.0 -9999.0 -9999.0 -9999.0 -9999.0 -9999.0 -9999.0 -9999.0 -9999.0 -9999.0 -9999.0 -9999.0 -9999.0 -9999.0 -9999.0 -9999.0 -9999.0 -9999.0 -9999.0 -9999.0 -9999.0 -9999.0 -9999.0 -9999.0 -9999.0 -9999.0 -9999.0 -9999.0 -9999.0 -9999.0 -9999.0 -9999.0 -9999.0 -9999.0 -9999.0 -9999.0 -9999.0 -9999.0 -9999.0 -9999.0 -9999.0 -9999.0 -9999.0 -9999.0 -9999.0 -9999.0 -9999.0 -9999.0 -9999.0 -9999.0 -9999.0 -9999.0 -9999.0 -9999.0 -9999.0 -9999.0 -9999.0 -9999.0 -9999.0 -9999.0 -9999.0 -9999.0 -9999.0 -9999.0 -9999.0 -9999.0 -9999.0 -9999.0 -9999.0 -9999.0 -9999.0 -9999.0 -9999.0 -9999.0 -9999.0 -9999.0 -9999.0 -9999.0 -9999.0 -9999.0 -9999.0 -9999.0 -9999.0 -9999.0 -9999.0 -9999.0 -9999.0 -9999.0 -9999.0 -9999.0
-9999.0 -9999.0 -9999.0 -9999.0 -9999.0 -9999.0 -9999.0 -9999.0 -9999.0 -9999.0 -9999.0 -9999.0 -9999.0 -9999.0 -9999.0 -9999.0 -9999.0 -9999.0 -9999.0 -9999.0 -9999.0 -9999.0 -9999.0 -9999.0 -9999.0 -9999.0 -9999.0 -9999.0 -9999.0 -9999.0 -9999.0 -9999.0 -9999.0 -9999.0 -9999.0 -9999.0 -9999.0 -9999.0 -9999.0 -9999.0 -9999.0 -9999.0 -9999.0 -9999.0 -9999.0 -9999.0 -9999.0 -9999.0 -9999.0 -9999.0 -9999.0 -9999.0 -9999.0 -9999.0 -9999.0 -9999.0 -9999.0 -9999.0 -9999.0 -9999.0 -9999.0 -9999.0 -9999.0 -9999.0 -9999.0 -9999.0 -9999.0 -9999.0 -9999.0 -9999.0 -9999.0 -9999.0 -9999.0 -9999.0 -9999.0 -9999.0 -9999.0 -9999.0 -9999.0 -9999.0 -9999.0 -9999.0 -9999.0 -9999.0 -9999.0 -9999.0 -9999.0 -9999.0 -9999.0 -9999.0 -9999.0 -9999.0 -9999.0 -9999.0 -9999.0 -9999.0 -9999.0 -9999.0 -9999.0 -9999.0 -9999.0 -9999.0 -9999.0 -9999.0