inst/processing_geotop_simulation/geotop_simulation/out/maps3D/PwL0013N0103.asc
ncols         104
nrows         10
xllcorner     -2.000000
yllcorner     0.000000
cellsize      1.000000
NODATA_value  -9999.0
-9999.0 -9999.0 -9999.0 -9999.0 -9999.0 -9999.0 -9999.0 -9999.0 -9999.0 -9999.0 -9999.0 -9999.0 -9999.0 -9999.0 -9999.0 -9999.0 -9999.0 -9999.0 -9999.0 -9999.0 -9999.0 -9999.0 -9999.0 -9999.0 -9999.0 -9999.0 -9999.0 -9999.0 -9999.0 -9999.0 -9999.0 -9999.0 -9999.0 -9999.0 -9999.0 -9999.0 -9999.0 -9999.0 -9999.0 -9999.0 -9999.0 -9999.0 -9999.0 -9999.0 -9999.0 -9999.0 -9999.0 -9999.0 -9999.0 -9999.0 -9999.0 -9999.0 -9999.0 -9999.0 -9999.0 -9999.0 -9999.0 -9999.0 -9999.0 -9999.0 -9999.0 -9999.0 -9999.0 -9999.0 -9999.0 -9999.0 -9999.0 -9999.0 -9999.0 -9999.0 -9999.0 -9999.0 -9999.0 -9999.0 -9999.0 -9999.0 -9999.0 -9999.0 -9999.0 -9999.0 -9999.0 -9999.0 -9999.0 -9999.0 -9999.0 -9999.0 -9999.0 -9999.0 -9999.0 -9999.0 -9999.0 -9999.0 -9999.0 -9999.0 -9999.0 -9999.0 -9999.0 -9999.0 -9999.0 -9999.0 -9999.0 -9999.0 -9999.0 -9999.0
-9999.0 -9999.0 -9999.0 -9999.0 -9999.0 -9999.0 -9999.0 -9999.0 -9999.0 -9999.0 -9999.0 -9999.0 -9999.0 -9999.0 -9999.0 -9999.0 -9999.0 -9999.0 -9999.0 -9999.0 -9999.0 -9999.0 -9999.0 -9999.0 -9999.0 -9999.0 -9999.0 -9999.0 -9999.0 -9999.0 -9999.0 -9999.0 -9999.0 -9999.0 -9999.0 -9999.0 -9999.0 -9999.0 -9999.0 -9999.0 -9999.0 -9999.0 -9999.0 -9999.0 -9999.0 -9999.0 -9999.0 -9999.0 -9999.0 -9999.0 -9999.0 -9999.0 -9999.0 -9999.0 -9999.0 -9999.0 -9999.0 -9999.0 -9999.0 -9999.0 -9999.0 -9999.0 -9999.0 -9999.0 -9999.0 -9999.0 -9999.0 -9999.0 -9999.0 -9999.0 -9999.0 -9999.0 -9999.0 -9999.0 -9999.0 -9999.0 -9999.0 -9999.0 -9999.0 -9999.0 -9999.0 -9999.0 -9999.0 -9999.0 -9999.0 -9999.0 -9999.0 -9999.0 -9999.0 -9999.0 -9999.0 -9999.0 -9999.0 -9999.0 -9999.0 -9999.0 -9999.0 -9999.0 -9999.0 -9999.0 -9999.0 -9999.0 -9999.0 -9999.0
-9999.0 -9999.0 639.124859 549.044398 456.606569 362.714943 268.161799 173.330237 78.409944 -16.489963 -111.315580 -206.120473 -301.244829 -397.570351 -496.274790 -599.326207 -709.091117 -808.834634 -905.947204 -997.889535 -1074.723221 -1121.384123 -1145.632647 -1156.498242 -1160.846402 -1162.553388 -1163.413842 -1164.093795 -1164.757875 -1165.399441 -1165.981169 -1166.477647 -1166.881410 -1167.197369 -1167.436711 -1167.614601 -1167.755337 -1167.904412 -1168.176035 -1169.488076 -1179.353801 -1262.095341 -2106.315307 -4321.091122 -4331.682492 -4331.682068 -4331.681444 -4331.681347 -4331.681337 -4331.681338 -4331.681340 -4331.681342 -4331.681345 -4331.681347 -4331.681349 -4331.681351 -4331.681358 -4331.681410 -4331.681766 -4331.681868 -4314.962124 -1995.300993 -1236.005945 -1175.756306 -1169.083899 -1168.303096 -1168.191958 -1168.173708 -1168.172077 -1168.173513 -1168.175214 -1168.176629 -1168.177715 -1168.178537 -1168.179165 -1168.179651 -1168.180035 -1168.180344 -1168.180601 -1168.180827 -1168.181046 -1168.181287 -1168.181588 -1168.182003 -1168.182615 -1168.183554 -1168.185028 -1168.187379 -1168.191181 -1168.197430 -1168.207902 -1168.225890 -1168.257685 -1168.315617 -1168.424217 -1168.632690 -1169.041015 -1169.860290 -1171.573516 -1175.399468 -1184.632568 -1209.453916 -9999.0 -9999.0
-9999.0 -9999.0 639.130490 549.046170 456.607091 362.715104 268.161851 173.330254 78.409950 -16.489961 -111.315580 -206.120473 -301.244829 -397.570351 -496.274790 -599.326208 -709.091118 -808.834635 -905.947204 -997.889535 -1074.723221 -1121.384123 -1145.632647 -1156.498242 -1160.846402 -1162.553388 -1163.413842 -1164.093795 -1164.757875 -1165.399441 -1165.981169 -1166.477647 -1166.881410 -1167.197369 -1167.436711 -1167.614601 -1167.755337 -1167.904412 -1168.176035 -1169.488076 -1179.353801 -1262.095341 -2106.315307 -4321.091122 -4331.682492 -4331.682068 -4331.681444 -4331.681347 -4331.681337 -4331.681338 -4331.681340 -4331.681342 -4331.681345 -4331.681347 -4331.681349 -4331.681351 -4331.681358 -4331.681410 -4331.681766 -4331.681868 -4314.962124 -1995.300993 -1236.005945 -1175.756306 -1169.083899 -1168.303096 -1168.191958 -1168.173708 -1168.172077 -1168.173513 -1168.175214 -1168.176629 -1168.177715 -1168.178537 -1168.179165 -1168.179651 -1168.180035 -1168.180344 -1168.180601 -1168.180827 -1168.181046 -1168.181287 -1168.181588 -1168.182003 -1168.182615 -1168.183554 -1168.185028 -1168.187379 -1168.191181 -1168.197430 -1168.207902 -1168.225890 -1168.257685 -1168.315617 -1168.424217 -1168.632690 -1169.041015 -1169.860290 -1171.573516 -1175.399468 -1184.632568 -1209.453916 -9999.0 -9999.0
-9999.0 -9999.0 639.132091 549.047011 456.607434 362.715232 268.161897 173.330271 78.409956 -16.489959 -111.315579 -206.120473 -301.244829 -397.570351 -496.274790 -599.326208 -709.091118 -808.834635 -905.947205 -997.889535 -1074.723221 -1121.384123 -1145.632647 -1156.498242 -1160.846402 -1162.553388 -1163.413842 -1164.093795 -1164.757875 -1165.399441 -1165.981169 -1166.477647 -1166.881410 -1167.197369 -1167.436711 -1167.614601 -1167.755337 -1167.904412 -1168.176035 -1169.488076 -1179.353801 -1262.095341 -2106.315307 -4321.091122 -4331.682492 -4331.682068 -4331.681444 -4331.681347 -4331.681337 -4331.681338 -4331.681340 -4331.681342 -4331.681345 -4331.681347 -4331.681349 -4331.681351 -4331.681358 -4331.681410 -4331.681766 -4331.681868 -4314.962124 -1995.300993 -1236.005945 -1175.756306 -1169.083899 -1168.303096 -1168.191958 -1168.173708 -1168.172077 -1168.173513 -1168.175214 -1168.176629 -1168.177715 -1168.178537 -1168.179165 -1168.179651 -1168.180035 -1168.180344 -1168.180601 -1168.180827 -1168.181046 -1168.181287 -1168.181588 -1168.182003 -1168.182615 -1168.183554 -1168.185028 -1168.187379 -1168.191181 -1168.197430 -1168.207902 -1168.225890 -1168.257685 -1168.315617 -1168.424217 -1168.632690 -1169.041015 -1169.860290 -1171.573516 -1175.399468 -1184.632568 -1209.453916 -9999.0 -9999.0
-9999.0 -9999.0 639.132091 549.047011 456.607434 362.715232 268.161897 173.330271 78.409956 -16.489959 -111.315579 -206.120473 -301.244829 -397.570351 -496.274790 -599.326208 -709.091118 -808.834635 -905.947205 -997.889535 -1074.723221 -1121.384123 -1145.632647 -1156.498242 -1160.846402 -1162.553388 -1163.413842 -1164.093795 -1164.757875 -1165.399441 -1165.981169 -1166.477647 -1166.881410 -1167.197369 -1167.436711 -1167.614601 -1167.755337 -1167.904412 -1168.176035 -1169.488076 -1179.353801 -1262.095341 -2106.315307 -4321.091122 -4331.682492 -4331.682068 -4331.681444 -4331.681347 -4331.681337 -4331.681338 -4331.681340 -4331.681342 -4331.681345 -4331.681347 -4331.681349 -4331.681351 -4331.681358 -4331.681410 -4331.681766 -4331.681868 -4314.962124 -1995.300993 -1236.005945 -1175.756306 -1169.083899 -1168.303096 -1168.191958 -1168.173708 -1168.172077 -1168.173513 -1168.175214 -1168.176629 -1168.177715 -1168.178537 -1168.179165 -1168.179651 -1168.180035 -1168.180344 -1168.180601 -1168.180827 -1168.181046 -1168.181287 -1168.181588 -1168.182003 -1168.182615 -1168.183554 -1168.185028 -1168.187379 -1168.191181 -1168.197430 -1168.207902 -1168.225890 -1168.257685 -1168.315617 -1168.424217 -1168.632690 -1169.041015 -1169.860290 -1171.573516 -1175.399468 -1184.632568 -1209.453916 -9999.0 -9999.0
-9999.0 -9999.0 639.130490 549.046170 456.607091 362.715104 268.161851 173.330254 78.409950 -16.489961 -111.315580 -206.120473 -301.244829 -397.570351 -496.274790 -599.326208 -709.091118 -808.834635 -905.947204 -997.889535 -1074.723221 -1121.384123 -1145.632647 -1156.498242 -1160.846402 -1162.553388 -1163.413842 -1164.093795 -1164.757875 -1165.399441 -1165.981169 -1166.477647 -1166.881410 -1167.197369 -1167.436711 -1167.614601 -1167.755337 -1167.904412 -1168.176035 -1169.488076 -1179.353801 -1262.095341 -2106.315307 -4321.091122 -4331.682492 -4331.682068 -4331.681444 -4331.681347 -4331.681337 -4331.681338 -4331.681340 -4331.681342 -4331.681345 -4331.681347 -4331.681349 -4331.681351 -4331.681358 -4331.681410 -4331.681766 -4331.681868 -4314.962124 -1995.300993 -1236.005945 -1175.756306 -1169.083899 -1168.303096 -1168.191958 -1168.173708 -1168.172077 -1168.173513 -1168.175214 -1168.176629 -1168.177715 -1168.178537 -1168.179165 -1168.179651 -1168.180035 -1168.180344 -1168.180601 -1168.180827 -1168.181046 -1168.181287 -1168.181588 -1168.182003 -1168.182615 -1168.183554 -1168.185028 -1168.187379 -1168.191181 -1168.197430 -1168.207902 -1168.225890 -1168.257685 -1168.315617 -1168.424217 -1168.632690 -1169.041015 -1169.860290 -1171.573516 -1175.399468 -1184.632568 -1209.453916 -9999.0 -9999.0
-9999.0 -9999.0 639.124859 549.044398 456.606569 362.714943 268.161799 173.330237 78.409944 -16.489963 -111.315580 -206.120473 -301.244829 -397.570351 -496.274790 -599.326207 -709.091117 -808.834634 -905.947204 -997.889535 -1074.723221 -1121.384123 -1145.632647 -1156.498242 -1160.846402 -1162.553388 -1163.413842 -1164.093795 -1164.757875 -1165.399441 -1165.981169 -1166.477647 -1166.881410 -1167.197369 -1167.436711 -1167.614601 -1167.755337 -1167.904412 -1168.176035 -1169.488076 -1179.353801 -1262.095341 -2106.315307 -4321.091122 -4331.682492 -4331.682068 -4331.681444 -4331.681347 -4331.681337 -4331.681338 -4331.681340 -4331.681342 -4331.681345 -4331.681347 -4331.681349 -4331.681351 -4331.681358 -4331.681410 -4331.681766 -4331.681868 -4314.962124 -1995.300993 -1236.005945 -1175.756306 -1169.083899 -1168.303096 -1168.191958 -1168.173708 -1168.172077 -1168.173513 -1168.175214 -1168.176629 -1168.177715 -1168.178537 -1168.179165 -1168.179651 -1168.180035 -1168.180344 -1168.180601 -1168.180827 -1168.181046 -1168.181287 -1168.181588 -1168.182003 -1168.182615 -1168.183554 -1168.185028 -1168.187379 -1168.191181 -1168.197430 -1168.207902 -1168.225890 -1168.257685 -1168.315617 -1168.424217 -1168.632690 -1169.041015 -1169.860290 -1171.573516 -1175.399468 -1184.632568 -1209.453916 -9999.0 -9999.0
-9999.0 -9999.0 -9999.0 -9999.0 -9999.0 -9999.0 -9999.0 -9999.0 -9999.0 -9999.0 -9999.0 -9999.0 -9999.0 -9999.0 -9999.0 -9999.0 -9999.0 -9999.0 -9999.0 -9999.0 -9999.0 -9999.0 -9999.0 -9999.0 -9999.0 -9999.0 -9999.0 -9999.0 -9999.0 -9999.0 -9999.0 -9999.0 -9999.0 -9999.0 -9999.0 -9999.0 -9999.0 -9999.0 -9999.0 -9999.0 -9999.0 -9999.0 -9999.0 -9999.0 -9999.0 -9999.0 -9999.0 -9999.0 -9999.0 -9999.0 -9999.0 -9999.0 -9999.0 -9999.0 -9999.0 -9999.0 -9999.0 -9999.0 -9999.0 -9999.0 -9999.0 -9999.0 -9999.0 -9999.0 -9999.0 -9999.0 -9999.0 -9999.0 -9999.0 -9999.0 -9999.0 -9999.0 -9999.0 -9999.0 -9999.0 -9999.0 -9999.0 -9999.0 -9999.0 -9999.0 -9999.0 -9999.0 -9999.0 -9999.0 -9999.0 -9999.0 -9999.0 -9999.0 -9999.0 -9999.0 -9999.0 -9999.0 -9999.0 -9999.0 -9999.0 -9999.0 -9999.0 -9999.0 -9999.0 -9999.0 -9999.0 -9999.0 -9999.0 -9999.0
-9999.0 -9999.0 -9999.0 -9999.0 -9999.0 -9999.0 -9999.0 -9999.0 -9999.0 -9999.0 -9999.0 -9999.0 -9999.0 -9999.0 -9999.0 -9999.0 -9999.0 -9999.0 -9999.0 -9999.0 -9999.0 -9999.0 -9999.0 -9999.0 -9999.0 -9999.0 -9999.0 -9999.0 -9999.0 -9999.0 -9999.0 -9999.0 -9999.0 -9999.0 -9999.0 -9999.0 -9999.0 -9999.0 -9999.0 -9999.0 -9999.0 -9999.0 -9999.0 -9999.0 -9999.0 -9999.0 -9999.0 -9999.0 -9999.0 -9999.0 -9999.0 -9999.0 -9999.0 -9999.0 -9999.0 -9999.0 -9999.0 -9999.0 -9999.0 -9999.0 -9999.0 -9999.0 -9999.0 -9999.0 -9999.0 -9999.0 -9999.0 -9999.0 -9999.0 -9999.0 -9999.0 -9999.0 -9999.0 -9999.0 -9999.0 -9999.0 -9999.0 -9999.0 -9999.0 -9999.0 -9999.0 -9999.0 -9999.0 -9999.0 -9999.0 -9999.0 -9999.0 -9999.0 -9999.0 -9999.0 -9999.0 -9999.0 -9999.0 -9999.0 -9999.0 -9999.0 -9999.0 -9999.0 -9999.0 -9999.0 -9999.0 -9999.0 -9999.0 -9999.0