inst/processing_geotop_simulation/geotop_simulation/out/maps3D/PwL0021N0470.asc
ncols         104
nrows         10
xllcorner     -2.000000
yllcorner     0.000000
cellsize      1.000000
NODATA_value  -9999.0
-9999.0 -9999.0 -9999.0 -9999.0 -9999.0 -9999.0 -9999.0 -9999.0 -9999.0 -9999.0 -9999.0 -9999.0 -9999.0 -9999.0 -9999.0 -9999.0 -9999.0 -9999.0 -9999.0 -9999.0 -9999.0 -9999.0 -9999.0 -9999.0 -9999.0 -9999.0 -9999.0 -9999.0 -9999.0 -9999.0 -9999.0 -9999.0 -9999.0 -9999.0 -9999.0 -9999.0 -9999.0 -9999.0 -9999.0 -9999.0 -9999.0 -9999.0 -9999.0 -9999.0 -9999.0 -9999.0 -9999.0 -9999.0 -9999.0 -9999.0 -9999.0 -9999.0 -9999.0 -9999.0 -9999.0 -9999.0 -9999.0 -9999.0 -9999.0 -9999.0 -9999.0 -9999.0 -9999.0 -9999.0 -9999.0 -9999.0 -9999.0 -9999.0 -9999.0 -9999.0 -9999.0 -9999.0 -9999.0 -9999.0 -9999.0 -9999.0 -9999.0 -9999.0 -9999.0 -9999.0 -9999.0 -9999.0 -9999.0 -9999.0 -9999.0 -9999.0 -9999.0 -9999.0 -9999.0 -9999.0 -9999.0 -9999.0 -9999.0 -9999.0 -9999.0 -9999.0 -9999.0 -9999.0 -9999.0 -9999.0 -9999.0 -9999.0 -9999.0 -9999.0
-9999.0 -9999.0 -9999.0 -9999.0 -9999.0 -9999.0 -9999.0 -9999.0 -9999.0 -9999.0 -9999.0 -9999.0 -9999.0 -9999.0 -9999.0 -9999.0 -9999.0 -9999.0 -9999.0 -9999.0 -9999.0 -9999.0 -9999.0 -9999.0 -9999.0 -9999.0 -9999.0 -9999.0 -9999.0 -9999.0 -9999.0 -9999.0 -9999.0 -9999.0 -9999.0 -9999.0 -9999.0 -9999.0 -9999.0 -9999.0 -9999.0 -9999.0 -9999.0 -9999.0 -9999.0 -9999.0 -9999.0 -9999.0 -9999.0 -9999.0 -9999.0 -9999.0 -9999.0 -9999.0 -9999.0 -9999.0 -9999.0 -9999.0 -9999.0 -9999.0 -9999.0 -9999.0 -9999.0 -9999.0 -9999.0 -9999.0 -9999.0 -9999.0 -9999.0 -9999.0 -9999.0 -9999.0 -9999.0 -9999.0 -9999.0 -9999.0 -9999.0 -9999.0 -9999.0 -9999.0 -9999.0 -9999.0 -9999.0 -9999.0 -9999.0 -9999.0 -9999.0 -9999.0 -9999.0 -9999.0 -9999.0 -9999.0 -9999.0 -9999.0 -9999.0 -9999.0 -9999.0 -9999.0 -9999.0 -9999.0 -9999.0 -9999.0 -9999.0 -9999.0
-9999.0 -9999.0 1017.471969 918.191759 818.877451 719.478910 620.032038 520.563487 421.088504 321.615575 222.149493 122.693059 23.248404 -76.180738 -175.594696 -274.987605 -374.345250 -473.641533 -572.828194 -671.816059 -770.656744 -869.426045 -967.874092 -1065.818634 -1161.285488 -1251.274907 -1334.927262 -1410.408400 -1476.302274 -1531.880930 -1577.205902 -1613.033099 -1640.582968 -1661.277766 -1676.526984 -1687.596584 -1695.568119 -1701.409635 -1706.258042 -1712.010165 -1721.415316 -1737.250322 -1721.015366 -2733.836976 -3861.651634 -3852.488940 -3393.707028 -2930.557234 -2673.702230 -2509.500582 -2389.712246 -2287.678228 -2224.658486 -2183.458913 -2144.856048 -2103.949530 -2059.132639 -2010.849470 -1960.656023 -1909.423909 -1842.289834 -1515.129933 -1692.418947 -1714.699435 -1715.280643 -1714.472244 -1714.185391 -1714.119085 -1714.106789 -1714.105218 -1714.105526 -1714.106095 -1714.106650 -1714.107157 -1714.107623 -1714.108060 -1714.108480 -1714.108889 -1714.109296 -1714.109707 -1714.110131 -1714.110576 -1714.111057 -1714.111592 -1714.112211 -1714.112958 -1714.113907 -1714.115183 -1714.116998 -1714.119738 -1714.124116 -1714.131501 -1714.144602 -1714.168944 -1714.216201 -1714.312297 -1714.518374 -1714.988279 -1716.134991 -1719.150359 -1727.775539 -1754.901392 -9999.0 -9999.0
-9999.0 -9999.0 1017.474366 918.192710 818.877770 719.479016 620.032074 520.563500 421.088509 321.615577 222.149494 122.693060 23.248405 -76.180738 -175.594696 -274.987605 -374.345250 -473.641533 -572.828194 -671.816059 -770.656744 -869.426045 -967.874092 -1065.818635 -1161.285488 -1251.274907 -1334.927262 -1410.408400 -1476.302274 -1531.880930 -1577.205902 -1613.033099 -1640.582968 -1661.277766 -1676.526984 -1687.596584 -1695.568119 -1701.409635 -1706.258042 -1712.010165 -1721.415316 -1737.250322 -1721.015365 -2733.836975 -3861.651634 -3852.488940 -3393.707027 -2930.557234 -2673.702229 -2509.500582 -2389.712245 -2287.678227 -2224.658486 -2183.458913 -2144.856048 -2103.949530 -2059.132638 -2010.849470 -1960.656023 -1909.423909 -1842.289834 -1515.129933 -1692.418947 -1714.699435 -1715.280643 -1714.472244 -1714.185391 -1714.119085 -1714.106789 -1714.105218 -1714.105526 -1714.106095 -1714.106650 -1714.107157 -1714.107623 -1714.108060 -1714.108480 -1714.108889 -1714.109296 -1714.109707 -1714.110131 -1714.110576 -1714.111057 -1714.111592 -1714.112211 -1714.112958 -1714.113907 -1714.115183 -1714.116998 -1714.119738 -1714.124116 -1714.131501 -1714.144602 -1714.168944 -1714.216201 -1714.312297 -1714.518374 -1714.988279 -1716.134991 -1719.150359 -1727.775539 -1754.901392 -9999.0 -9999.0
-9999.0 -9999.0 1017.475335 918.193235 818.877994 719.479103 620.032107 520.563512 421.088514 321.615579 222.149495 122.693061 23.248405 -76.180738 -175.594696 -274.987605 -374.345250 -473.641533 -572.828194 -671.816059 -770.656745 -869.426045 -967.874092 -1065.818635 -1161.285488 -1251.274907 -1334.927262 -1410.408400 -1476.302274 -1531.880930 -1577.205902 -1613.033099 -1640.582968 -1661.277766 -1676.526984 -1687.596584 -1695.568119 -1701.409635 -1706.258042 -1712.010165 -1721.415316 -1737.250322 -1721.015365 -2733.836975 -3861.651634 -3852.488940 -3393.707027 -2930.557233 -2673.702229 -2509.500581 -2389.712244 -2287.678227 -2224.658486 -2183.458913 -2144.856048 -2103.949529 -2059.132639 -2010.849469 -1960.656023 -1909.423908 -1842.289833 -1515.129933 -1692.418947 -1714.699435 -1715.280643 -1714.472244 -1714.185391 -1714.119085 -1714.106789 -1714.105218 -1714.105526 -1714.106095 -1714.106650 -1714.107157 -1714.107623 -1714.108060 -1714.108480 -1714.108889 -1714.109296 -1714.109707 -1714.110131 -1714.110576 -1714.111057 -1714.111592 -1714.112211 -1714.112958 -1714.113907 -1714.115183 -1714.116998 -1714.119738 -1714.124116 -1714.131501 -1714.144602 -1714.168944 -1714.216201 -1714.312297 -1714.518374 -1714.988279 -1716.134991 -1719.150359 -1727.775539 -1754.901392 -9999.0 -9999.0
-9999.0 -9999.0 1017.475335 918.193235 818.877994 719.479103 620.032107 520.563512 421.088514 321.615579 222.149495 122.693060 23.248405 -76.180738 -175.594696 -274.987605 -374.345250 -473.641533 -572.828194 -671.816060 -770.656745 -869.426045 -967.874092 -1065.818635 -1161.285488 -1251.274907 -1334.927262 -1410.408400 -1476.302274 -1531.880930 -1577.205902 -1613.033099 -1640.582968 -1661.277766 -1676.526984 -1687.596584 -1695.568119 -1701.409635 -1706.258042 -1712.010165 -1721.415316 -1737.250322 -1721.015365 -2733.836975 -3861.651634 -3852.488940 -3393.707027 -2930.557233 -2673.702229 -2509.500581 -2389.712244 -2287.678227 -2224.658486 -2183.458913 -2144.856048 -2103.949529 -2059.132638 -2010.849469 -1960.656023 -1909.423909 -1842.289833 -1515.129933 -1692.418947 -1714.699435 -1715.280643 -1714.472244 -1714.185391 -1714.119085 -1714.106789 -1714.105218 -1714.105526 -1714.106095 -1714.106650 -1714.107157 -1714.107623 -1714.108060 -1714.108480 -1714.108889 -1714.109296 -1714.109707 -1714.110131 -1714.110576 -1714.111057 -1714.111592 -1714.112211 -1714.112958 -1714.113907 -1714.115183 -1714.116998 -1714.119738 -1714.124116 -1714.131501 -1714.144602 -1714.168944 -1714.216201 -1714.312297 -1714.518374 -1714.988279 -1716.134991 -1719.150359 -1727.775539 -1754.901392 -9999.0 -9999.0
-9999.0 -9999.0 1017.474366 918.192710 818.877771 719.479016 620.032074 520.563500 421.088509 321.615577 222.149494 122.693060 23.248405 -76.180738 -175.594696 -274.987605 -374.345250 -473.641533 -572.828194 -671.816059 -770.656744 -869.426045 -967.874092 -1065.818635 -1161.285488 -1251.274907 -1334.927262 -1410.408400 -1476.302274 -1531.880930 -1577.205902 -1613.033099 -1640.582968 -1661.277766 -1676.526984 -1687.596584 -1695.568119 -1701.409635 -1706.258042 -1712.010165 -1721.415316 -1737.250322 -1721.015365 -2733.836975 -3861.651634 -3852.488940 -3393.707027 -2930.557234 -2673.702229 -2509.500581 -2389.712245 -2287.678227 -2224.658486 -2183.458913 -2144.856048 -2103.949529 -2059.132639 -2010.849469 -1960.656023 -1909.423909 -1842.289834 -1515.129933 -1692.418947 -1714.699435 -1715.280643 -1714.472244 -1714.185391 -1714.119085 -1714.106789 -1714.105218 -1714.105526 -1714.106095 -1714.106650 -1714.107157 -1714.107623 -1714.108060 -1714.108480 -1714.108889 -1714.109296 -1714.109707 -1714.110131 -1714.110576 -1714.111057 -1714.111592 -1714.112211 -1714.112958 -1714.113907 -1714.115183 -1714.116998 -1714.119738 -1714.124116 -1714.131501 -1714.144602 -1714.168944 -1714.216201 -1714.312297 -1714.518374 -1714.988279 -1716.134991 -1719.150359 -1727.775539 -1754.901392 -9999.0 -9999.0
-9999.0 -9999.0 1017.471969 918.191759 818.877451 719.478910 620.032038 520.563487 421.088504 321.615575 222.149493 122.693059 23.248404 -76.180738 -175.594696 -274.987605 -374.345250 -473.641533 -572.828194 -671.816059 -770.656744 -869.426045 -967.874092 -1065.818634 -1161.285488 -1251.274907 -1334.927262 -1410.408400 -1476.302274 -1531.880930 -1577.205902 -1613.033099 -1640.582968 -1661.277766 -1676.526984 -1687.596584 -1695.568119 -1701.409635 -1706.258042 -1712.010165 -1721.415316 -1737.250322 -1721.015366 -2733.836976 -3861.651634 -3852.488940 -3393.707028 -2930.557235 -2673.702230 -2509.500583 -2389.712246 -2287.678228 -2224.658486 -2183.458914 -2144.856048 -2103.949530 -2059.132639 -2010.849470 -1960.656023 -1909.423909 -1842.289834 -1515.129933 -1692.418947 -1714.699435 -1715.280643 -1714.472244 -1714.185391 -1714.119085 -1714.106789 -1714.105218 -1714.105526 -1714.106095 -1714.106650 -1714.107157 -1714.107623 -1714.108060 -1714.108480 -1714.108889 -1714.109296 -1714.109707 -1714.110131 -1714.110576 -1714.111057 -1714.111592 -1714.112211 -1714.112958 -1714.113907 -1714.115183 -1714.116998 -1714.119738 -1714.124116 -1714.131501 -1714.144602 -1714.168944 -1714.216201 -1714.312297 -1714.518374 -1714.988279 -1716.134991 -1719.150359 -1727.775539 -1754.901392 -9999.0 -9999.0
-9999.0 -9999.0 -9999.0 -9999.0 -9999.0 -9999.0 -9999.0 -9999.0 -9999.0 -9999.0 -9999.0 -9999.0 -9999.0 -9999.0 -9999.0 -9999.0 -9999.0 -9999.0 -9999.0 -9999.0 -9999.0 -9999.0 -9999.0 -9999.0 -9999.0 -9999.0 -9999.0 -9999.0 -9999.0 -9999.0 -9999.0 -9999.0 -9999.0 -9999.0 -9999.0 -9999.0 -9999.0 -9999.0 -9999.0 -9999.0 -9999.0 -9999.0 -9999.0 -9999.0 -9999.0 -9999.0 -9999.0 -9999.0 -9999.0 -9999.0 -9999.0 -9999.0 -9999.0 -9999.0 -9999.0 -9999.0 -9999.0 -9999.0 -9999.0 -9999.0 -9999.0 -9999.0 -9999.0 -9999.0 -9999.0 -9999.0 -9999.0 -9999.0 -9999.0 -9999.0 -9999.0 -9999.0 -9999.0 -9999.0 -9999.0 -9999.0 -9999.0 -9999.0 -9999.0 -9999.0 -9999.0 -9999.0 -9999.0 -9999.0 -9999.0 -9999.0 -9999.0 -9999.0 -9999.0 -9999.0 -9999.0 -9999.0 -9999.0 -9999.0 -9999.0 -9999.0 -9999.0 -9999.0 -9999.0 -9999.0 -9999.0 -9999.0 -9999.0 -9999.0
-9999.0 -9999.0 -9999.0 -9999.0 -9999.0 -9999.0 -9999.0 -9999.0 -9999.0 -9999.0 -9999.0 -9999.0 -9999.0 -9999.0 -9999.0 -9999.0 -9999.0 -9999.0 -9999.0 -9999.0 -9999.0 -9999.0 -9999.0 -9999.0 -9999.0 -9999.0 -9999.0 -9999.0 -9999.0 -9999.0 -9999.0 -9999.0 -9999.0 -9999.0 -9999.0 -9999.0 -9999.0 -9999.0 -9999.0 -9999.0 -9999.0 -9999.0 -9999.0 -9999.0 -9999.0 -9999.0 -9999.0 -9999.0 -9999.0 -9999.0 -9999.0 -9999.0 -9999.0 -9999.0 -9999.0 -9999.0 -9999.0 -9999.0 -9999.0 -9999.0 -9999.0 -9999.0 -9999.0 -9999.0 -9999.0 -9999.0 -9999.0 -9999.0 -9999.0 -9999.0 -9999.0 -9999.0 -9999.0 -9999.0 -9999.0 -9999.0 -9999.0 -9999.0 -9999.0 -9999.0 -9999.0 -9999.0 -9999.0 -9999.0 -9999.0 -9999.0 -9999.0 -9999.0 -9999.0 -9999.0 -9999.0 -9999.0 -9999.0 -9999.0 -9999.0 -9999.0 -9999.0 -9999.0 -9999.0 -9999.0 -9999.0 -9999.0 -9999.0 -9999.0