inst/processing_geotop_simulation/geotop_simulation/out/maps3D/PwL0015N0289.asc
ncols         104
nrows         10
xllcorner     -2.000000
yllcorner     0.000000
cellsize      1.000000
NODATA_value  -9999.0
-9999.0 -9999.0 -9999.0 -9999.0 -9999.0 -9999.0 -9999.0 -9999.0 -9999.0 -9999.0 -9999.0 -9999.0 -9999.0 -9999.0 -9999.0 -9999.0 -9999.0 -9999.0 -9999.0 -9999.0 -9999.0 -9999.0 -9999.0 -9999.0 -9999.0 -9999.0 -9999.0 -9999.0 -9999.0 -9999.0 -9999.0 -9999.0 -9999.0 -9999.0 -9999.0 -9999.0 -9999.0 -9999.0 -9999.0 -9999.0 -9999.0 -9999.0 -9999.0 -9999.0 -9999.0 -9999.0 -9999.0 -9999.0 -9999.0 -9999.0 -9999.0 -9999.0 -9999.0 -9999.0 -9999.0 -9999.0 -9999.0 -9999.0 -9999.0 -9999.0 -9999.0 -9999.0 -9999.0 -9999.0 -9999.0 -9999.0 -9999.0 -9999.0 -9999.0 -9999.0 -9999.0 -9999.0 -9999.0 -9999.0 -9999.0 -9999.0 -9999.0 -9999.0 -9999.0 -9999.0 -9999.0 -9999.0 -9999.0 -9999.0 -9999.0 -9999.0 -9999.0 -9999.0 -9999.0 -9999.0 -9999.0 -9999.0 -9999.0 -9999.0 -9999.0 -9999.0 -9999.0 -9999.0 -9999.0 -9999.0 -9999.0 -9999.0 -9999.0 -9999.0
-9999.0 -9999.0 -9999.0 -9999.0 -9999.0 -9999.0 -9999.0 -9999.0 -9999.0 -9999.0 -9999.0 -9999.0 -9999.0 -9999.0 -9999.0 -9999.0 -9999.0 -9999.0 -9999.0 -9999.0 -9999.0 -9999.0 -9999.0 -9999.0 -9999.0 -9999.0 -9999.0 -9999.0 -9999.0 -9999.0 -9999.0 -9999.0 -9999.0 -9999.0 -9999.0 -9999.0 -9999.0 -9999.0 -9999.0 -9999.0 -9999.0 -9999.0 -9999.0 -9999.0 -9999.0 -9999.0 -9999.0 -9999.0 -9999.0 -9999.0 -9999.0 -9999.0 -9999.0 -9999.0 -9999.0 -9999.0 -9999.0 -9999.0 -9999.0 -9999.0 -9999.0 -9999.0 -9999.0 -9999.0 -9999.0 -9999.0 -9999.0 -9999.0 -9999.0 -9999.0 -9999.0 -9999.0 -9999.0 -9999.0 -9999.0 -9999.0 -9999.0 -9999.0 -9999.0 -9999.0 -9999.0 -9999.0 -9999.0 -9999.0 -9999.0 -9999.0 -9999.0 -9999.0 -9999.0 -9999.0 -9999.0 -9999.0 -9999.0 -9999.0 -9999.0 -9999.0 -9999.0 -9999.0 -9999.0 -9999.0 -9999.0 -9999.0 -9999.0 -9999.0
-9999.0 -9999.0 723.050759 625.244900 527.017568 428.476080 329.784283 231.027634 132.249490 33.473179 -65.283377 -164.014572 -262.701005 -361.296117 -459.711631 -557.810230 -655.344603 -752.552366 -849.808112 -946.632038 -1042.844697 -1135.824027 -1221.512898 -1298.802158 -1365.653294 -1421.068815 -1465.197597 -1499.100875 -1524.359395 -1542.701786 -1555.747364 -1564.873088 -1571.174598 -1575.483116 -1578.408023 -1580.387335 -1581.742373 -1582.766723 -1584.009018 -1587.276072 -1598.208589 -1633.502367 -1990.644368 -4178.808892 -4232.531437 -4232.327094 -4232.132840 -4232.100746 -4232.097414 -4232.097765 -4232.098637 -4232.099567 -4232.100457 -4232.101278 -4232.102032 -4232.102877 -4232.105392 -4232.123161 -4232.235392 -4232.398927 -4140.478109 -1821.351373 -1595.293337 -1590.231393 -1586.039954 -1584.824172 -1584.582172 -1584.541374 -1584.535361 -1584.535019 -1584.535525 -1584.536061 -1584.536501 -1584.536844 -1584.537113 -1584.537326 -1584.537499 -1584.537642 -1584.537766 -1584.537880 -1584.537992 -1584.538116 -1584.538269 -1584.538474 -1584.538769 -1584.539213 -1584.539902 -1584.540996 -1584.542772 -1584.545717 -1584.550725 -1584.559489 -1584.575308 -1584.604746 -1584.661178 -1584.772729 -1585.001632 -1585.495531 -1586.631513 -1589.449406 -1597.157864 -1621.555956 -9999.0 -9999.0
-9999.0 -9999.0 723.054992 625.246315 527.017998 428.476215 329.784328 231.027649 132.249496 33.473182 -65.283376 -164.014571 -262.701005 -361.296117 -459.711631 -557.810230 -655.344603 -752.552366 -849.808112 -946.632038 -1042.844697 -1135.824027 -1221.512898 -1298.802158 -1365.653294 -1421.068816 -1465.197597 -1499.100876 -1524.359395 -1542.701786 -1555.747364 -1564.873088 -1571.174598 -1575.483116 -1578.408023 -1580.387335 -1581.742373 -1582.766723 -1584.009018 -1587.276072 -1598.208589 -1633.502367 -1990.644368 -4178.808892 -4232.531437 -4232.327094 -4232.132840 -4232.100746 -4232.097414 -4232.097765 -4232.098637 -4232.099567 -4232.100457 -4232.101278 -4232.102032 -4232.102877 -4232.105392 -4232.123161 -4232.235392 -4232.398927 -4140.478109 -1821.351373 -1595.293337 -1590.231393 -1586.039954 -1584.824172 -1584.582172 -1584.541374 -1584.535361 -1584.535019 -1584.535525 -1584.536061 -1584.536501 -1584.536844 -1584.537113 -1584.537326 -1584.537499 -1584.537642 -1584.537766 -1584.537880 -1584.537992 -1584.538116 -1584.538269 -1584.538474 -1584.538769 -1584.539213 -1584.539902 -1584.540996 -1584.542772 -1584.545717 -1584.550725 -1584.559489 -1584.575308 -1584.604746 -1584.661178 -1584.772729 -1585.001632 -1585.495531 -1586.631513 -1589.449406 -1597.157864 -1621.555956 -9999.0 -9999.0
-9999.0 -9999.0 723.056326 625.247015 527.018286 428.476323 329.784367 231.027664 132.249501 33.473184 -65.283375 -164.014571 -262.701005 -361.296116 -459.711631 -557.810230 -655.344603 -752.552366 -849.808112 -946.632038 -1042.844697 -1135.824027 -1221.512898 -1298.802159 -1365.653295 -1421.068816 -1465.197597 -1499.100876 -1524.359395 -1542.701786 -1555.747364 -1564.873088 -1571.174598 -1575.483116 -1578.408023 -1580.387335 -1581.742373 -1582.766723 -1584.009018 -1587.276072 -1598.208589 -1633.502367 -1990.644368 -4178.808892 -4232.531437 -4232.327094 -4232.132840 -4232.100746 -4232.097414 -4232.097765 -4232.098637 -4232.099567 -4232.100457 -4232.101278 -4232.102032 -4232.102877 -4232.105392 -4232.123161 -4232.235392 -4232.398927 -4140.478109 -1821.351373 -1595.293337 -1590.231393 -1586.039954 -1584.824172 -1584.582172 -1584.541374 -1584.535361 -1584.535019 -1584.535525 -1584.536061 -1584.536501 -1584.536844 -1584.537113 -1584.537326 -1584.537499 -1584.537642 -1584.537766 -1584.537880 -1584.537992 -1584.538116 -1584.538269 -1584.538474 -1584.538769 -1584.539213 -1584.539902 -1584.540996 -1584.542772 -1584.545717 -1584.550725 -1584.559489 -1584.575308 -1584.604746 -1584.661178 -1584.772729 -1585.001632 -1585.495531 -1586.631513 -1589.449406 -1597.157864 -1621.555956 -9999.0 -9999.0
-9999.0 -9999.0 723.056326 625.247015 527.018286 428.476323 329.784367 231.027664 132.249501 33.473184 -65.283375 -164.014571 -262.701005 -361.296116 -459.711631 -557.810230 -655.344603 -752.552366 -849.808112 -946.632038 -1042.844697 -1135.824027 -1221.512898 -1298.802159 -1365.653295 -1421.068816 -1465.197597 -1499.100876 -1524.359395 -1542.701786 -1555.747364 -1564.873088 -1571.174598 -1575.483116 -1578.408023 -1580.387335 -1581.742373 -1582.766723 -1584.009018 -1587.276072 -1598.208589 -1633.502367 -1990.644368 -4178.808892 -4232.531437 -4232.327094 -4232.132840 -4232.100746 -4232.097414 -4232.097765 -4232.098637 -4232.099567 -4232.100457 -4232.101278 -4232.102032 -4232.102877 -4232.105392 -4232.123161 -4232.235392 -4232.398927 -4140.478109 -1821.351373 -1595.293337 -1590.231393 -1586.039954 -1584.824172 -1584.582172 -1584.541374 -1584.535361 -1584.535019 -1584.535525 -1584.536061 -1584.536501 -1584.536844 -1584.537113 -1584.537326 -1584.537499 -1584.537642 -1584.537766 -1584.537880 -1584.537992 -1584.538116 -1584.538269 -1584.538474 -1584.538769 -1584.539213 -1584.539902 -1584.540996 -1584.542772 -1584.545717 -1584.550725 -1584.559489 -1584.575308 -1584.604746 -1584.661178 -1584.772729 -1585.001632 -1585.495531 -1586.631513 -1589.449406 -1597.157864 -1621.555956 -9999.0 -9999.0
-9999.0 -9999.0 723.054992 625.246315 527.017998 428.476215 329.784328 231.027650 132.249496 33.473182 -65.283376 -164.014571 -262.701005 -361.296117 -459.711631 -557.810230 -655.344603 -752.552366 -849.808112 -946.632038 -1042.844697 -1135.824027 -1221.512898 -1298.802158 -1365.653294 -1421.068816 -1465.197597 -1499.100876 -1524.359395 -1542.701786 -1555.747364 -1564.873088 -1571.174598 -1575.483116 -1578.408023 -1580.387335 -1581.742373 -1582.766723 -1584.009018 -1587.276072 -1598.208589 -1633.502367 -1990.644368 -4178.808892 -4232.531437 -4232.327094 -4232.132840 -4232.100746 -4232.097414 -4232.097765 -4232.098637 -4232.099567 -4232.100457 -4232.101278 -4232.102032 -4232.102877 -4232.105392 -4232.123161 -4232.235392 -4232.398927 -4140.478109 -1821.351373 -1595.293337 -1590.231393 -1586.039954 -1584.824172 -1584.582172 -1584.541374 -1584.535361 -1584.535019 -1584.535525 -1584.536061 -1584.536501 -1584.536844 -1584.537113 -1584.537326 -1584.537499 -1584.537642 -1584.537766 -1584.537880 -1584.537992 -1584.538116 -1584.538269 -1584.538474 -1584.538769 -1584.539213 -1584.539902 -1584.540996 -1584.542772 -1584.545717 -1584.550725 -1584.559489 -1584.575308 -1584.604746 -1584.661178 -1584.772729 -1585.001632 -1585.495531 -1586.631513 -1589.449406 -1597.157864 -1621.555956 -9999.0 -9999.0
-9999.0 -9999.0 723.050759 625.244900 527.017568 428.476080 329.784283 231.027634 132.249490 33.473179 -65.283377 -164.014572 -262.701005 -361.296117 -459.711631 -557.810230 -655.344603 -752.552366 -849.808112 -946.632038 -1042.844697 -1135.824027 -1221.512898 -1298.802158 -1365.653294 -1421.068815 -1465.197597 -1499.100875 -1524.359395 -1542.701786 -1555.747364 -1564.873088 -1571.174598 -1575.483116 -1578.408023 -1580.387335 -1581.742373 -1582.766723 -1584.009018 -1587.276072 -1598.208589 -1633.502367 -1990.644368 -4178.808892 -4232.531437 -4232.327094 -4232.132840 -4232.100746 -4232.097414 -4232.097765 -4232.098637 -4232.099567 -4232.100457 -4232.101278 -4232.102032 -4232.102877 -4232.105392 -4232.123161 -4232.235392 -4232.398927 -4140.478109 -1821.351373 -1595.293337 -1590.231393 -1586.039954 -1584.824172 -1584.582172 -1584.541374 -1584.535361 -1584.535019 -1584.535525 -1584.536061 -1584.536501 -1584.536844 -1584.537113 -1584.537326 -1584.537499 -1584.537642 -1584.537766 -1584.537880 -1584.537992 -1584.538116 -1584.538269 -1584.538474 -1584.538769 -1584.539213 -1584.539902 -1584.540996 -1584.542772 -1584.545717 -1584.550725 -1584.559489 -1584.575308 -1584.604746 -1584.661178 -1584.772729 -1585.001632 -1585.495531 -1586.631513 -1589.449406 -1597.157864 -1621.555956 -9999.0 -9999.0
-9999.0 -9999.0 -9999.0 -9999.0 -9999.0 -9999.0 -9999.0 -9999.0 -9999.0 -9999.0 -9999.0 -9999.0 -9999.0 -9999.0 -9999.0 -9999.0 -9999.0 -9999.0 -9999.0 -9999.0 -9999.0 -9999.0 -9999.0 -9999.0 -9999.0 -9999.0 -9999.0 -9999.0 -9999.0 -9999.0 -9999.0 -9999.0 -9999.0 -9999.0 -9999.0 -9999.0 -9999.0 -9999.0 -9999.0 -9999.0 -9999.0 -9999.0 -9999.0 -9999.0 -9999.0 -9999.0 -9999.0 -9999.0 -9999.0 -9999.0 -9999.0 -9999.0 -9999.0 -9999.0 -9999.0 -9999.0 -9999.0 -9999.0 -9999.0 -9999.0 -9999.0 -9999.0 -9999.0 -9999.0 -9999.0 -9999.0 -9999.0 -9999.0 -9999.0 -9999.0 -9999.0 -9999.0 -9999.0 -9999.0 -9999.0 -9999.0 -9999.0 -9999.0 -9999.0 -9999.0 -9999.0 -9999.0 -9999.0 -9999.0 -9999.0 -9999.0 -9999.0 -9999.0 -9999.0 -9999.0 -9999.0 -9999.0 -9999.0 -9999.0 -9999.0 -9999.0 -9999.0 -9999.0 -9999.0 -9999.0 -9999.0 -9999.0 -9999.0 -9999.0
-9999.0 -9999.0 -9999.0 -9999.0 -9999.0 -9999.0 -9999.0 -9999.0 -9999.0 -9999.0 -9999.0 -9999.0 -9999.0 -9999.0 -9999.0 -9999.0 -9999.0 -9999.0 -9999.0 -9999.0 -9999.0 -9999.0 -9999.0 -9999.0 -9999.0 -9999.0 -9999.0 -9999.0 -9999.0 -9999.0 -9999.0 -9999.0 -9999.0 -9999.0 -9999.0 -9999.0 -9999.0 -9999.0 -9999.0 -9999.0 -9999.0 -9999.0 -9999.0 -9999.0 -9999.0 -9999.0 -9999.0 -9999.0 -9999.0 -9999.0 -9999.0 -9999.0 -9999.0 -9999.0 -9999.0 -9999.0 -9999.0 -9999.0 -9999.0 -9999.0 -9999.0 -9999.0 -9999.0 -9999.0 -9999.0 -9999.0 -9999.0 -9999.0 -9999.0 -9999.0 -9999.0 -9999.0 -9999.0 -9999.0 -9999.0 -9999.0 -9999.0 -9999.0 -9999.0 -9999.0 -9999.0 -9999.0 -9999.0 -9999.0 -9999.0 -9999.0 -9999.0 -9999.0 -9999.0 -9999.0 -9999.0 -9999.0 -9999.0 -9999.0 -9999.0 -9999.0 -9999.0 -9999.0 -9999.0 -9999.0 -9999.0 -9999.0 -9999.0 -9999.0