inst/processing_geotop_simulation/geotop_simulation/out/maps3D/PwL0007N0271.asc
ncols         104
nrows         10
xllcorner     -2.000000
yllcorner     0.000000
cellsize      1.000000
NODATA_value  -9999.0
-9999.0 -9999.0 -9999.0 -9999.0 -9999.0 -9999.0 -9999.0 -9999.0 -9999.0 -9999.0 -9999.0 -9999.0 -9999.0 -9999.0 -9999.0 -9999.0 -9999.0 -9999.0 -9999.0 -9999.0 -9999.0 -9999.0 -9999.0 -9999.0 -9999.0 -9999.0 -9999.0 -9999.0 -9999.0 -9999.0 -9999.0 -9999.0 -9999.0 -9999.0 -9999.0 -9999.0 -9999.0 -9999.0 -9999.0 -9999.0 -9999.0 -9999.0 -9999.0 -9999.0 -9999.0 -9999.0 -9999.0 -9999.0 -9999.0 -9999.0 -9999.0 -9999.0 -9999.0 -9999.0 -9999.0 -9999.0 -9999.0 -9999.0 -9999.0 -9999.0 -9999.0 -9999.0 -9999.0 -9999.0 -9999.0 -9999.0 -9999.0 -9999.0 -9999.0 -9999.0 -9999.0 -9999.0 -9999.0 -9999.0 -9999.0 -9999.0 -9999.0 -9999.0 -9999.0 -9999.0 -9999.0 -9999.0 -9999.0 -9999.0 -9999.0 -9999.0 -9999.0 -9999.0 -9999.0 -9999.0 -9999.0 -9999.0 -9999.0 -9999.0 -9999.0 -9999.0 -9999.0 -9999.0 -9999.0 -9999.0 -9999.0 -9999.0 -9999.0 -9999.0
-9999.0 -9999.0 -9999.0 -9999.0 -9999.0 -9999.0 -9999.0 -9999.0 -9999.0 -9999.0 -9999.0 -9999.0 -9999.0 -9999.0 -9999.0 -9999.0 -9999.0 -9999.0 -9999.0 -9999.0 -9999.0 -9999.0 -9999.0 -9999.0 -9999.0 -9999.0 -9999.0 -9999.0 -9999.0 -9999.0 -9999.0 -9999.0 -9999.0 -9999.0 -9999.0 -9999.0 -9999.0 -9999.0 -9999.0 -9999.0 -9999.0 -9999.0 -9999.0 -9999.0 -9999.0 -9999.0 -9999.0 -9999.0 -9999.0 -9999.0 -9999.0 -9999.0 -9999.0 -9999.0 -9999.0 -9999.0 -9999.0 -9999.0 -9999.0 -9999.0 -9999.0 -9999.0 -9999.0 -9999.0 -9999.0 -9999.0 -9999.0 -9999.0 -9999.0 -9999.0 -9999.0 -9999.0 -9999.0 -9999.0 -9999.0 -9999.0 -9999.0 -9999.0 -9999.0 -9999.0 -9999.0 -9999.0 -9999.0 -9999.0 -9999.0 -9999.0 -9999.0 -9999.0 -9999.0 -9999.0 -9999.0 -9999.0 -9999.0 -9999.0 -9999.0 -9999.0 -9999.0 -9999.0 -9999.0 -9999.0 -9999.0 -9999.0 -9999.0 -9999.0
-9999.0 -9999.0 326.065806 229.766693 132.012652 33.724895 -64.769788 -163.349178 -261.950760 -360.526049 -459.021541 -557.318896 -655.165364 -752.496192 -849.763460 -946.940298 -1043.904499 -1139.864736 -1233.407515 -1323.948852 -1409.053684 -1485.174538 -1549.384156 -1600.639670 -1639.736286 -1668.543349 -1689.235022 -1703.816990 -1713.939077 -1720.876466 -1725.579527 -1728.738617 -1730.844804 -1732.241023 -1733.163284 -1733.774059 -1734.193492 -1734.554770 -1735.219095 -1737.592660 -1744.901962 -1737.070377 -1172.191632 -1218.402641 -1195.025148 -1180.104418 -1173.179640 -1172.195027 -1172.092531 -1172.103145 -1172.130029 -1172.158887 -1172.186608 -1172.212273 -1172.236063 -1172.263477 -1172.347409 -1172.921592 -1176.549254 -1184.707122 -1196.021042 -1135.253921 -1709.380391 -1738.540116 -1736.240198 -1735.260867 -1735.067908 -1735.036341 -1735.031893 -1735.031859 -1735.032465 -1735.033052 -1735.033523 -1735.033884 -1735.034161 -1735.034378 -1735.034549 -1735.034689 -1735.034807 -1735.034912 -1735.035015 -1735.035131 -1735.035277 -1735.035479 -1735.035777 -1735.036234 -1735.036954 -1735.038107 -1735.039985 -1735.043103 -1735.048398 -1735.057639 -1735.074248 -1735.105005 -1735.163564 -1735.278067 -1735.508905 -1735.994421 -1737.078634 -1739.700653 -1746.800227 -1769.744700 -9999.0 -9999.0
-9999.0 -9999.0 326.073650 229.768592 132.013156 33.725044 -64.769740 -163.349162 -261.950754 -360.526046 -459.021540 -557.318896 -655.165364 -752.496192 -849.763460 -946.940298 -1043.904499 -1139.864736 -1233.407515 -1323.948852 -1409.053685 -1485.174538 -1549.384156 -1600.639670 -1639.736286 -1668.543349 -1689.235022 -1703.816990 -1713.939077 -1720.876466 -1725.579527 -1728.738617 -1730.844804 -1732.241023 -1733.163284 -1733.774059 -1734.193492 -1734.554770 -1735.219095 -1737.592660 -1744.901962 -1737.070377 -1172.191632 -1218.402641 -1195.025148 -1180.104418 -1173.179640 -1172.195027 -1172.092531 -1172.103145 -1172.130029 -1172.158887 -1172.186608 -1172.212273 -1172.236063 -1172.263477 -1172.347409 -1172.921592 -1176.549254 -1184.707122 -1196.021042 -1135.253921 -1709.380391 -1738.540116 -1736.240198 -1735.260867 -1735.067908 -1735.036341 -1735.031893 -1735.031859 -1735.032465 -1735.033052 -1735.033523 -1735.033884 -1735.034161 -1735.034378 -1735.034549 -1735.034689 -1735.034807 -1735.034912 -1735.035015 -1735.035131 -1735.035277 -1735.035479 -1735.035777 -1735.036234 -1735.036954 -1735.038107 -1735.039985 -1735.043103 -1735.048398 -1735.057639 -1735.074248 -1735.105005 -1735.163564 -1735.278067 -1735.508905 -1735.994421 -1737.078634 -1739.700653 -1746.800227 -1769.744700 -9999.0 -9999.0
-9999.0 -9999.0 326.075135 229.769399 132.013477 33.725161 -64.769699 -163.349147 -261.950749 -360.526044 -459.021539 -557.318895 -655.165364 -752.496192 -849.763460 -946.940299 -1043.904500 -1139.864736 -1233.407515 -1323.948852 -1409.053685 -1485.174538 -1549.384156 -1600.639670 -1639.736287 -1668.543349 -1689.235022 -1703.816990 -1713.939077 -1720.876466 -1725.579527 -1728.738617 -1730.844804 -1732.241023 -1733.163284 -1733.774059 -1734.193492 -1734.554770 -1735.219095 -1737.592660 -1744.901962 -1737.070377 -1172.191632 -1218.402641 -1195.025148 -1180.104418 -1173.179640 -1172.195027 -1172.092531 -1172.103145 -1172.130029 -1172.158887 -1172.186608 -1172.212273 -1172.236063 -1172.263477 -1172.347409 -1172.921592 -1176.549254 -1184.707122 -1196.021042 -1135.253921 -1709.380391 -1738.540116 -1736.240198 -1735.260867 -1735.067908 -1735.036341 -1735.031893 -1735.031859 -1735.032465 -1735.033052 -1735.033523 -1735.033884 -1735.034161 -1735.034378 -1735.034549 -1735.034689 -1735.034807 -1735.034912 -1735.035015 -1735.035131 -1735.035277 -1735.035479 -1735.035777 -1735.036234 -1735.036954 -1735.038107 -1735.039985 -1735.043103 -1735.048398 -1735.057639 -1735.074248 -1735.105005 -1735.163564 -1735.278067 -1735.508905 -1735.994421 -1737.078634 -1739.700653 -1746.800227 -1769.744700 -9999.0 -9999.0
-9999.0 -9999.0 326.075135 229.769399 132.013477 33.725161 -64.769699 -163.349147 -261.950749 -360.526044 -459.021539 -557.318895 -655.165364 -752.496192 -849.763460 -946.940299 -1043.904500 -1139.864736 -1233.407515 -1323.948852 -1409.053685 -1485.174538 -1549.384156 -1600.639670 -1639.736287 -1668.543349 -1689.235022 -1703.816990 -1713.939077 -1720.876466 -1725.579527 -1728.738617 -1730.844804 -1732.241023 -1733.163284 -1733.774059 -1734.193492 -1734.554770 -1735.219095 -1737.592660 -1744.901962 -1737.070377 -1172.191632 -1218.402641 -1195.025148 -1180.104418 -1173.179640 -1172.195027 -1172.092531 -1172.103145 -1172.130029 -1172.158887 -1172.186608 -1172.212273 -1172.236063 -1172.263477 -1172.347409 -1172.921592 -1176.549254 -1184.707122 -1196.021042 -1135.253921 -1709.380391 -1738.540116 -1736.240198 -1735.260867 -1735.067908 -1735.036341 -1735.031893 -1735.031859 -1735.032465 -1735.033052 -1735.033523 -1735.033884 -1735.034161 -1735.034378 -1735.034549 -1735.034689 -1735.034807 -1735.034912 -1735.035015 -1735.035131 -1735.035277 -1735.035479 -1735.035777 -1735.036234 -1735.036954 -1735.038107 -1735.039985 -1735.043103 -1735.048398 -1735.057639 -1735.074248 -1735.105005 -1735.163564 -1735.278067 -1735.508905 -1735.994421 -1737.078634 -1739.700653 -1746.800227 -1769.744700 -9999.0 -9999.0
-9999.0 -9999.0 326.073650 229.768592 132.013156 33.725044 -64.769740 -163.349162 -261.950754 -360.526046 -459.021540 -557.318896 -655.165364 -752.496192 -849.763460 -946.940298 -1043.904499 -1139.864736 -1233.407515 -1323.948852 -1409.053685 -1485.174538 -1549.384156 -1600.639670 -1639.736286 -1668.543349 -1689.235022 -1703.816990 -1713.939077 -1720.876466 -1725.579527 -1728.738617 -1730.844804 -1732.241023 -1733.163284 -1733.774059 -1734.193492 -1734.554770 -1735.219095 -1737.592660 -1744.901962 -1737.070377 -1172.191632 -1218.402641 -1195.025148 -1180.104418 -1173.179640 -1172.195027 -1172.092531 -1172.103145 -1172.130029 -1172.158887 -1172.186608 -1172.212273 -1172.236063 -1172.263477 -1172.347409 -1172.921592 -1176.549254 -1184.707122 -1196.021042 -1135.253921 -1709.380391 -1738.540116 -1736.240198 -1735.260867 -1735.067908 -1735.036341 -1735.031893 -1735.031859 -1735.032465 -1735.033052 -1735.033523 -1735.033884 -1735.034161 -1735.034378 -1735.034549 -1735.034689 -1735.034807 -1735.034912 -1735.035015 -1735.035131 -1735.035277 -1735.035479 -1735.035777 -1735.036234 -1735.036954 -1735.038107 -1735.039985 -1735.043103 -1735.048398 -1735.057639 -1735.074248 -1735.105005 -1735.163564 -1735.278067 -1735.508905 -1735.994421 -1737.078634 -1739.700653 -1746.800227 -1769.744700 -9999.0 -9999.0
-9999.0 -9999.0 326.065806 229.766693 132.012652 33.724895 -64.769788 -163.349178 -261.950760 -360.526049 -459.021541 -557.318896 -655.165364 -752.496192 -849.763460 -946.940298 -1043.904499 -1139.864736 -1233.407515 -1323.948852 -1409.053684 -1485.174538 -1549.384156 -1600.639670 -1639.736286 -1668.543349 -1689.235022 -1703.816990 -1713.939077 -1720.876466 -1725.579527 -1728.738617 -1730.844804 -1732.241023 -1733.163284 -1733.774059 -1734.193492 -1734.554770 -1735.219095 -1737.592660 -1744.901962 -1737.070377 -1172.191632 -1218.402641 -1195.025148 -1180.104418 -1173.179640 -1172.195027 -1172.092531 -1172.103145 -1172.130029 -1172.158887 -1172.186608 -1172.212273 -1172.236063 -1172.263477 -1172.347409 -1172.921592 -1176.549254 -1184.707122 -1196.021042 -1135.253921 -1709.380391 -1738.540116 -1736.240198 -1735.260867 -1735.067908 -1735.036341 -1735.031893 -1735.031859 -1735.032465 -1735.033052 -1735.033523 -1735.033884 -1735.034161 -1735.034378 -1735.034549 -1735.034689 -1735.034807 -1735.034912 -1735.035015 -1735.035131 -1735.035277 -1735.035479 -1735.035777 -1735.036234 -1735.036954 -1735.038107 -1735.039985 -1735.043103 -1735.048398 -1735.057639 -1735.074248 -1735.105005 -1735.163564 -1735.278067 -1735.508905 -1735.994421 -1737.078634 -1739.700653 -1746.800227 -1769.744700 -9999.0 -9999.0
-9999.0 -9999.0 -9999.0 -9999.0 -9999.0 -9999.0 -9999.0 -9999.0 -9999.0 -9999.0 -9999.0 -9999.0 -9999.0 -9999.0 -9999.0 -9999.0 -9999.0 -9999.0 -9999.0 -9999.0 -9999.0 -9999.0 -9999.0 -9999.0 -9999.0 -9999.0 -9999.0 -9999.0 -9999.0 -9999.0 -9999.0 -9999.0 -9999.0 -9999.0 -9999.0 -9999.0 -9999.0 -9999.0 -9999.0 -9999.0 -9999.0 -9999.0 -9999.0 -9999.0 -9999.0 -9999.0 -9999.0 -9999.0 -9999.0 -9999.0 -9999.0 -9999.0 -9999.0 -9999.0 -9999.0 -9999.0 -9999.0 -9999.0 -9999.0 -9999.0 -9999.0 -9999.0 -9999.0 -9999.0 -9999.0 -9999.0 -9999.0 -9999.0 -9999.0 -9999.0 -9999.0 -9999.0 -9999.0 -9999.0 -9999.0 -9999.0 -9999.0 -9999.0 -9999.0 -9999.0 -9999.0 -9999.0 -9999.0 -9999.0 -9999.0 -9999.0 -9999.0 -9999.0 -9999.0 -9999.0 -9999.0 -9999.0 -9999.0 -9999.0 -9999.0 -9999.0 -9999.0 -9999.0 -9999.0 -9999.0 -9999.0 -9999.0 -9999.0 -9999.0
-9999.0 -9999.0 -9999.0 -9999.0 -9999.0 -9999.0 -9999.0 -9999.0 -9999.0 -9999.0 -9999.0 -9999.0 -9999.0 -9999.0 -9999.0 -9999.0 -9999.0 -9999.0 -9999.0 -9999.0 -9999.0 -9999.0 -9999.0 -9999.0 -9999.0 -9999.0 -9999.0 -9999.0 -9999.0 -9999.0 -9999.0 -9999.0 -9999.0 -9999.0 -9999.0 -9999.0 -9999.0 -9999.0 -9999.0 -9999.0 -9999.0 -9999.0 -9999.0 -9999.0 -9999.0 -9999.0 -9999.0 -9999.0 -9999.0 -9999.0 -9999.0 -9999.0 -9999.0 -9999.0 -9999.0 -9999.0 -9999.0 -9999.0 -9999.0 -9999.0 -9999.0 -9999.0 -9999.0 -9999.0 -9999.0 -9999.0 -9999.0 -9999.0 -9999.0 -9999.0 -9999.0 -9999.0 -9999.0 -9999.0 -9999.0 -9999.0 -9999.0 -9999.0 -9999.0 -9999.0 -9999.0 -9999.0 -9999.0 -9999.0 -9999.0 -9999.0 -9999.0 -9999.0 -9999.0 -9999.0 -9999.0 -9999.0 -9999.0 -9999.0 -9999.0 -9999.0 -9999.0 -9999.0 -9999.0 -9999.0 -9999.0 -9999.0 -9999.0 -9999.0