inst/processing_geotop_simulation/geotop_simulation/out/maps3D/PwL0021N0107.asc
ncols         104
nrows         10
xllcorner     -2.000000
yllcorner     0.000000
cellsize      1.000000
NODATA_value  -9999.0
-9999.0 -9999.0 -9999.0 -9999.0 -9999.0 -9999.0 -9999.0 -9999.0 -9999.0 -9999.0 -9999.0 -9999.0 -9999.0 -9999.0 -9999.0 -9999.0 -9999.0 -9999.0 -9999.0 -9999.0 -9999.0 -9999.0 -9999.0 -9999.0 -9999.0 -9999.0 -9999.0 -9999.0 -9999.0 -9999.0 -9999.0 -9999.0 -9999.0 -9999.0 -9999.0 -9999.0 -9999.0 -9999.0 -9999.0 -9999.0 -9999.0 -9999.0 -9999.0 -9999.0 -9999.0 -9999.0 -9999.0 -9999.0 -9999.0 -9999.0 -9999.0 -9999.0 -9999.0 -9999.0 -9999.0 -9999.0 -9999.0 -9999.0 -9999.0 -9999.0 -9999.0 -9999.0 -9999.0 -9999.0 -9999.0 -9999.0 -9999.0 -9999.0 -9999.0 -9999.0 -9999.0 -9999.0 -9999.0 -9999.0 -9999.0 -9999.0 -9999.0 -9999.0 -9999.0 -9999.0 -9999.0 -9999.0 -9999.0 -9999.0 -9999.0 -9999.0 -9999.0 -9999.0 -9999.0 -9999.0 -9999.0 -9999.0 -9999.0 -9999.0 -9999.0 -9999.0 -9999.0 -9999.0 -9999.0 -9999.0 -9999.0 -9999.0 -9999.0 -9999.0
-9999.0 -9999.0 -9999.0 -9999.0 -9999.0 -9999.0 -9999.0 -9999.0 -9999.0 -9999.0 -9999.0 -9999.0 -9999.0 -9999.0 -9999.0 -9999.0 -9999.0 -9999.0 -9999.0 -9999.0 -9999.0 -9999.0 -9999.0 -9999.0 -9999.0 -9999.0 -9999.0 -9999.0 -9999.0 -9999.0 -9999.0 -9999.0 -9999.0 -9999.0 -9999.0 -9999.0 -9999.0 -9999.0 -9999.0 -9999.0 -9999.0 -9999.0 -9999.0 -9999.0 -9999.0 -9999.0 -9999.0 -9999.0 -9999.0 -9999.0 -9999.0 -9999.0 -9999.0 -9999.0 -9999.0 -9999.0 -9999.0 -9999.0 -9999.0 -9999.0 -9999.0 -9999.0 -9999.0 -9999.0 -9999.0 -9999.0 -9999.0 -9999.0 -9999.0 -9999.0 -9999.0 -9999.0 -9999.0 -9999.0 -9999.0 -9999.0 -9999.0 -9999.0 -9999.0 -9999.0 -9999.0 -9999.0 -9999.0 -9999.0 -9999.0 -9999.0 -9999.0 -9999.0 -9999.0 -9999.0 -9999.0 -9999.0 -9999.0 -9999.0 -9999.0 -9999.0 -9999.0 -9999.0 -9999.0 -9999.0 -9999.0 -9999.0 -9999.0 -9999.0
-9999.0 -9999.0 1040.662505 947.722448 854.486503 760.438484 665.919883 571.189064 476.394839 381.619747 286.908508 192.283009 97.756306 3.379926 -90.787590 -184.811242 -278.831395 -373.132724 -468.127479 -564.217929 -661.464972 -754.843092 -845.779820 -932.295844 -998.644294 -1035.692730 -1057.202084 -1068.537863 -1073.973007 -1076.282742 -1077.075711 -1077.207242 -1077.099453 -1076.942226 -1076.808464 -1076.719414 -1076.683505 -1076.729150 -1077.018765 -1078.865303 -1091.418185 -1186.898175 -1870.520747 -3897.102559 -3935.636077 -3935.635361 -3935.143180 -3928.057012 -3889.737561 -3778.382780 -3575.545879 -3284.204865 -3060.150917 -2904.301076 -2756.123062 -2601.962342 -2441.220743 -2281.264106 -2130.444483 -1991.958923 -1856.453123 -1408.465343 -1150.528622 -1086.529673 -1078.062491 -1077.038910 -1076.902138 -1076.880986 -1076.878689 -1076.879787 -1076.881261 -1076.882516 -1076.883489 -1076.884230 -1076.884797 -1076.885238 -1076.885588 -1076.885871 -1076.886108 -1076.886316 -1076.886520 -1076.886744 -1076.887024 -1076.887410 -1076.887980 -1076.888854 -1076.890227 -1076.892419 -1076.895971 -1076.901823 -1076.911667 -1076.928651 -1076.958822 -1077.014077 -1077.118213 -1077.319585 -1077.719594 -1078.546510 -1080.373129 -1084.771718 -1096.111002 -1126.299770 -9999.0 -9999.0
-9999.0 -9999.0 1040.665663 947.723707 854.486928 760.438625 665.919931 571.189080 476.394845 381.619749 286.908509 192.283009 97.756306 3.379925 -90.787590 -184.811243 -278.831395 -373.132724 -468.127479 -564.217929 -661.464972 -754.843093 -845.779820 -932.295844 -998.644294 -1035.692730 -1057.202084 -1068.537863 -1073.973007 -1076.282742 -1077.075711 -1077.207242 -1077.099453 -1076.942226 -1076.808464 -1076.719414 -1076.683505 -1076.729150 -1077.018765 -1078.865303 -1091.418185 -1186.898175 -1870.520747 -3897.102559 -3935.636077 -3935.635361 -3935.143180 -3928.057012 -3889.737560 -3778.382779 -3575.545876 -3284.204863 -3060.150917 -2904.301075 -2756.123061 -2601.962342 -2441.220742 -2281.264105 -2130.444482 -1991.958923 -1856.453124 -1408.465344 -1150.528622 -1086.529673 -1078.062491 -1077.038910 -1076.902138 -1076.880986 -1076.878689 -1076.879787 -1076.881261 -1076.882516 -1076.883489 -1076.884230 -1076.884797 -1076.885238 -1076.885588 -1076.885871 -1076.886108 -1076.886316 -1076.886520 -1076.886744 -1076.887024 -1076.887410 -1076.887980 -1076.888854 -1076.890227 -1076.892419 -1076.895971 -1076.901823 -1076.911667 -1076.928651 -1076.958822 -1077.014077 -1077.118213 -1077.319585 -1077.719594 -1078.546510 -1080.373129 -1084.771718 -1096.111002 -1126.299770 -9999.0 -9999.0
-9999.0 -9999.0 1040.666939 947.724402 854.487225 760.438740 665.919973 571.189096 476.394851 381.619751 286.908509 192.283009 97.756306 3.379925 -90.787590 -184.811243 -278.831395 -373.132724 -468.127479 -564.217929 -661.464972 -754.843093 -845.779820 -932.295844 -998.644294 -1035.692730 -1057.202084 -1068.537863 -1073.973007 -1076.282742 -1077.075711 -1077.207242 -1077.099453 -1076.942226 -1076.808464 -1076.719414 -1076.683505 -1076.729150 -1077.018765 -1078.865303 -1091.418185 -1186.898175 -1870.520747 -3897.102559 -3935.636077 -3935.635361 -3935.143180 -3928.057012 -3889.737560 -3778.382777 -3575.545874 -3284.204862 -3060.150916 -2904.301075 -2756.123061 -2601.962341 -2441.220742 -2281.264105 -2130.444482 -1991.958923 -1856.453123 -1408.465343 -1150.528622 -1086.529673 -1078.062491 -1077.038910 -1076.902138 -1076.880986 -1076.878689 -1076.879787 -1076.881261 -1076.882516 -1076.883489 -1076.884230 -1076.884797 -1076.885238 -1076.885588 -1076.885871 -1076.886108 -1076.886316 -1076.886520 -1076.886744 -1076.887024 -1076.887410 -1076.887980 -1076.888854 -1076.890227 -1076.892419 -1076.895971 -1076.901823 -1076.911667 -1076.928651 -1076.958822 -1077.014077 -1077.118213 -1077.319585 -1077.719594 -1078.546510 -1080.373129 -1084.771718 -1096.111002 -1126.299770 -9999.0 -9999.0
-9999.0 -9999.0 1040.666939 947.724402 854.487225 760.438740 665.919973 571.189096 476.394850 381.619751 286.908509 192.283009 97.756306 3.379925 -90.787590 -184.811243 -278.831395 -373.132724 -468.127479 -564.217929 -661.464972 -754.843093 -845.779820 -932.295844 -998.644294 -1035.692730 -1057.202084 -1068.537863 -1073.973007 -1076.282742 -1077.075711 -1077.207242 -1077.099453 -1076.942226 -1076.808464 -1076.719414 -1076.683505 -1076.729150 -1077.018765 -1078.865303 -1091.418185 -1186.898175 -1870.520747 -3897.102559 -3935.636077 -3935.635361 -3935.143180 -3928.057012 -3889.737560 -3778.382778 -3575.545874 -3284.204862 -3060.150916 -2904.301075 -2756.123060 -2601.962342 -2441.220742 -2281.264105 -2130.444482 -1991.958923 -1856.453123 -1408.465343 -1150.528622 -1086.529673 -1078.062491 -1077.038910 -1076.902138 -1076.880986 -1076.878689 -1076.879787 -1076.881261 -1076.882516 -1076.883489 -1076.884230 -1076.884797 -1076.885238 -1076.885588 -1076.885871 -1076.886108 -1076.886316 -1076.886520 -1076.886744 -1076.887024 -1076.887410 -1076.887980 -1076.888854 -1076.890227 -1076.892419 -1076.895971 -1076.901823 -1076.911667 -1076.928651 -1076.958822 -1077.014077 -1077.118213 -1077.319585 -1077.719594 -1078.546510 -1080.373129 -1084.771718 -1096.111002 -1126.299770 -9999.0 -9999.0
-9999.0 -9999.0 1040.665663 947.723707 854.486928 760.438625 665.919931 571.189080 476.394845 381.619749 286.908509 192.283009 97.756306 3.379925 -90.787590 -184.811243 -278.831395 -373.132724 -468.127479 -564.217929 -661.464972 -754.843093 -845.779820 -932.295844 -998.644294 -1035.692730 -1057.202084 -1068.537863 -1073.973007 -1076.282742 -1077.075711 -1077.207242 -1077.099453 -1076.942226 -1076.808464 -1076.719414 -1076.683505 -1076.729150 -1077.018765 -1078.865303 -1091.418185 -1186.898175 -1870.520747 -3897.102559 -3935.636077 -3935.635361 -3935.143180 -3928.057012 -3889.737560 -3778.382778 -3575.545876 -3284.204863 -3060.150917 -2904.301075 -2756.123061 -2601.962342 -2441.220742 -2281.264105 -2130.444483 -1991.958923 -1856.453124 -1408.465343 -1150.528622 -1086.529673 -1078.062491 -1077.038910 -1076.902138 -1076.880986 -1076.878689 -1076.879787 -1076.881261 -1076.882516 -1076.883489 -1076.884230 -1076.884797 -1076.885238 -1076.885588 -1076.885871 -1076.886108 -1076.886316 -1076.886520 -1076.886744 -1076.887024 -1076.887410 -1076.887980 -1076.888854 -1076.890227 -1076.892419 -1076.895971 -1076.901823 -1076.911667 -1076.928651 -1076.958822 -1077.014077 -1077.118213 -1077.319585 -1077.719594 -1078.546510 -1080.373129 -1084.771718 -1096.111002 -1126.299770 -9999.0 -9999.0
-9999.0 -9999.0 1040.662505 947.722448 854.486503 760.438484 665.919883 571.189064 476.394839 381.619747 286.908508 192.283009 97.756306 3.379926 -90.787590 -184.811242 -278.831395 -373.132724 -468.127479 -564.217929 -661.464972 -754.843092 -845.779820 -932.295844 -998.644294 -1035.692730 -1057.202084 -1068.537863 -1073.973007 -1076.282742 -1077.075711 -1077.207242 -1077.099453 -1076.942226 -1076.808464 -1076.719414 -1076.683505 -1076.729150 -1077.018765 -1078.865303 -1091.418185 -1186.898175 -1870.520747 -3897.102559 -3935.636077 -3935.635361 -3935.143180 -3928.057012 -3889.737561 -3778.382780 -3575.545880 -3284.204865 -3060.150917 -2904.301076 -2756.123061 -2601.962343 -2441.220743 -2281.264106 -2130.444483 -1991.958924 -1856.453124 -1408.465343 -1150.528622 -1086.529673 -1078.062491 -1077.038910 -1076.902138 -1076.880986 -1076.878689 -1076.879787 -1076.881261 -1076.882516 -1076.883489 -1076.884230 -1076.884797 -1076.885238 -1076.885588 -1076.885871 -1076.886108 -1076.886316 -1076.886520 -1076.886744 -1076.887024 -1076.887410 -1076.887980 -1076.888854 -1076.890227 -1076.892419 -1076.895971 -1076.901823 -1076.911667 -1076.928651 -1076.958822 -1077.014077 -1077.118213 -1077.319585 -1077.719594 -1078.546510 -1080.373129 -1084.771718 -1096.111002 -1126.299770 -9999.0 -9999.0
-9999.0 -9999.0 -9999.0 -9999.0 -9999.0 -9999.0 -9999.0 -9999.0 -9999.0 -9999.0 -9999.0 -9999.0 -9999.0 -9999.0 -9999.0 -9999.0 -9999.0 -9999.0 -9999.0 -9999.0 -9999.0 -9999.0 -9999.0 -9999.0 -9999.0 -9999.0 -9999.0 -9999.0 -9999.0 -9999.0 -9999.0 -9999.0 -9999.0 -9999.0 -9999.0 -9999.0 -9999.0 -9999.0 -9999.0 -9999.0 -9999.0 -9999.0 -9999.0 -9999.0 -9999.0 -9999.0 -9999.0 -9999.0 -9999.0 -9999.0 -9999.0 -9999.0 -9999.0 -9999.0 -9999.0 -9999.0 -9999.0 -9999.0 -9999.0 -9999.0 -9999.0 -9999.0 -9999.0 -9999.0 -9999.0 -9999.0 -9999.0 -9999.0 -9999.0 -9999.0 -9999.0 -9999.0 -9999.0 -9999.0 -9999.0 -9999.0 -9999.0 -9999.0 -9999.0 -9999.0 -9999.0 -9999.0 -9999.0 -9999.0 -9999.0 -9999.0 -9999.0 -9999.0 -9999.0 -9999.0 -9999.0 -9999.0 -9999.0 -9999.0 -9999.0 -9999.0 -9999.0 -9999.0 -9999.0 -9999.0 -9999.0 -9999.0 -9999.0 -9999.0
-9999.0 -9999.0 -9999.0 -9999.0 -9999.0 -9999.0 -9999.0 -9999.0 -9999.0 -9999.0 -9999.0 -9999.0 -9999.0 -9999.0 -9999.0 -9999.0 -9999.0 -9999.0 -9999.0 -9999.0 -9999.0 -9999.0 -9999.0 -9999.0 -9999.0 -9999.0 -9999.0 -9999.0 -9999.0 -9999.0 -9999.0 -9999.0 -9999.0 -9999.0 -9999.0 -9999.0 -9999.0 -9999.0 -9999.0 -9999.0 -9999.0 -9999.0 -9999.0 -9999.0 -9999.0 -9999.0 -9999.0 -9999.0 -9999.0 -9999.0 -9999.0 -9999.0 -9999.0 -9999.0 -9999.0 -9999.0 -9999.0 -9999.0 -9999.0 -9999.0 -9999.0 -9999.0 -9999.0 -9999.0 -9999.0 -9999.0 -9999.0 -9999.0 -9999.0 -9999.0 -9999.0 -9999.0 -9999.0 -9999.0 -9999.0 -9999.0 -9999.0 -9999.0 -9999.0 -9999.0 -9999.0 -9999.0 -9999.0 -9999.0 -9999.0 -9999.0 -9999.0 -9999.0 -9999.0 -9999.0 -9999.0 -9999.0 -9999.0 -9999.0 -9999.0 -9999.0 -9999.0 -9999.0 -9999.0 -9999.0 -9999.0 -9999.0 -9999.0 -9999.0