inst/processing_geotop_simulation/geotop_simulation/out/maps3D/PwL0011N0222.asc
ncols         104
nrows         10
xllcorner     -2.000000
yllcorner     0.000000
cellsize      1.000000
NODATA_value  -9999.0
-9999.0 -9999.0 -9999.0 -9999.0 -9999.0 -9999.0 -9999.0 -9999.0 -9999.0 -9999.0 -9999.0 -9999.0 -9999.0 -9999.0 -9999.0 -9999.0 -9999.0 -9999.0 -9999.0 -9999.0 -9999.0 -9999.0 -9999.0 -9999.0 -9999.0 -9999.0 -9999.0 -9999.0 -9999.0 -9999.0 -9999.0 -9999.0 -9999.0 -9999.0 -9999.0 -9999.0 -9999.0 -9999.0 -9999.0 -9999.0 -9999.0 -9999.0 -9999.0 -9999.0 -9999.0 -9999.0 -9999.0 -9999.0 -9999.0 -9999.0 -9999.0 -9999.0 -9999.0 -9999.0 -9999.0 -9999.0 -9999.0 -9999.0 -9999.0 -9999.0 -9999.0 -9999.0 -9999.0 -9999.0 -9999.0 -9999.0 -9999.0 -9999.0 -9999.0 -9999.0 -9999.0 -9999.0 -9999.0 -9999.0 -9999.0 -9999.0 -9999.0 -9999.0 -9999.0 -9999.0 -9999.0 -9999.0 -9999.0 -9999.0 -9999.0 -9999.0 -9999.0 -9999.0 -9999.0 -9999.0 -9999.0 -9999.0 -9999.0 -9999.0 -9999.0 -9999.0 -9999.0 -9999.0 -9999.0 -9999.0 -9999.0 -9999.0 -9999.0 -9999.0
-9999.0 -9999.0 -9999.0 -9999.0 -9999.0 -9999.0 -9999.0 -9999.0 -9999.0 -9999.0 -9999.0 -9999.0 -9999.0 -9999.0 -9999.0 -9999.0 -9999.0 -9999.0 -9999.0 -9999.0 -9999.0 -9999.0 -9999.0 -9999.0 -9999.0 -9999.0 -9999.0 -9999.0 -9999.0 -9999.0 -9999.0 -9999.0 -9999.0 -9999.0 -9999.0 -9999.0 -9999.0 -9999.0 -9999.0 -9999.0 -9999.0 -9999.0 -9999.0 -9999.0 -9999.0 -9999.0 -9999.0 -9999.0 -9999.0 -9999.0 -9999.0 -9999.0 -9999.0 -9999.0 -9999.0 -9999.0 -9999.0 -9999.0 -9999.0 -9999.0 -9999.0 -9999.0 -9999.0 -9999.0 -9999.0 -9999.0 -9999.0 -9999.0 -9999.0 -9999.0 -9999.0 -9999.0 -9999.0 -9999.0 -9999.0 -9999.0 -9999.0 -9999.0 -9999.0 -9999.0 -9999.0 -9999.0 -9999.0 -9999.0 -9999.0 -9999.0 -9999.0 -9999.0 -9999.0 -9999.0 -9999.0 -9999.0 -9999.0 -9999.0 -9999.0 -9999.0 -9999.0 -9999.0 -9999.0 -9999.0 -9999.0 -9999.0 -9999.0 -9999.0
-9999.0 -9999.0 527.336842 431.736973 334.856186 237.321166 139.501821 41.562824 -56.408645 -154.374316 -252.295709 -350.105424 -447.666317 -544.684865 -640.761948 -736.404992 -832.198249 -927.574795 -1022.604225 -1115.090980 -1201.197684 -1278.843098 -1345.125578 -1398.780613 -1440.246895 -1471.110612 -1493.419478 -1509.180055 -1520.110124 -1527.573093 -1532.602158 -1535.954412 -1538.169768 -1539.624465 -1540.575889 -1541.199512 -1541.622294 -1541.975632 -1542.606652 -1545.067512 -1555.343827 -1588.272162 -1547.350612 -2185.300018 -2009.476451 -1909.393200 -1865.520121 -1859.967886 -1859.410568 -1859.469819 -1859.616453 -1859.773451 -1859.924155 -1860.063611 -1860.192541 -1860.338208 -1860.771378 -1863.857629 -1886.077852 -1937.991815 -2016.278035 -1413.572689 -1556.303585 -1548.777454 -1543.796487 -1542.689400 -1542.503037 -1542.474279 -1542.470428 -1542.470602 -1542.471340 -1542.472025 -1542.472568 -1542.472984 -1542.473303 -1542.473552 -1542.473749 -1542.473909 -1542.474043 -1542.474163 -1542.474280 -1542.474411 -1542.474576 -1542.474804 -1542.475140 -1542.475656 -1542.476469 -1542.477769 -1542.479884 -1542.483390 -1542.489332 -1542.499674 -1542.518212 -1542.552450 -1542.617471 -1542.744219 -1542.998610 -1543.530329 -1544.707774 -1547.516123 -1554.918823 -1578.009099 -9999.0 -9999.0
-9999.0 -9999.0 527.342891 431.738726 334.856683 237.321317 139.501870 41.562841 -56.408639 -154.374313 -252.295708 -350.105424 -447.666317 -544.684865 -640.761948 -736.404992 -832.198249 -927.574795 -1022.604225 -1115.090981 -1201.197684 -1278.843098 -1345.125578 -1398.780614 -1440.246896 -1471.110612 -1493.419478 -1509.180055 -1520.110124 -1527.573093 -1532.602158 -1535.954412 -1538.169768 -1539.624465 -1540.575889 -1541.199512 -1541.622294 -1541.975632 -1542.606652 -1545.067512 -1555.343827 -1588.272162 -1547.350612 -2185.300017 -2009.476450 -1909.393197 -1865.520121 -1859.967886 -1859.410568 -1859.469819 -1859.616453 -1859.773451 -1859.924155 -1860.063611 -1860.192541 -1860.338208 -1860.771378 -1863.857629 -1886.077852 -1937.991814 -2016.278035 -1413.572689 -1556.303585 -1548.777454 -1543.796487 -1542.689400 -1542.503037 -1542.474279 -1542.470428 -1542.470602 -1542.471340 -1542.472025 -1542.472568 -1542.472984 -1542.473303 -1542.473552 -1542.473749 -1542.473909 -1542.474043 -1542.474163 -1542.474280 -1542.474411 -1542.474576 -1542.474804 -1542.475140 -1542.475656 -1542.476469 -1542.477769 -1542.479884 -1542.483390 -1542.489332 -1542.499674 -1542.518212 -1542.552450 -1542.617471 -1542.744219 -1542.998610 -1543.530329 -1544.707774 -1547.516123 -1554.918823 -1578.009099 -9999.0 -9999.0
-9999.0 -9999.0 527.344422 431.739527 334.857006 237.321437 139.501912 41.562856 -56.408633 -154.374311 -252.295707 -350.105423 -447.666317 -544.684865 -640.761948 -736.404992 -832.198249 -927.574795 -1022.604226 -1115.090981 -1201.197685 -1278.843098 -1345.125579 -1398.780614 -1440.246896 -1471.110612 -1493.419478 -1509.180055 -1520.110124 -1527.573093 -1532.602158 -1535.954412 -1538.169768 -1539.624465 -1540.575889 -1541.199512 -1541.622294 -1541.975632 -1542.606652 -1545.067512 -1555.343827 -1588.272162 -1547.350612 -2185.300017 -2009.476449 -1909.393196 -1865.520121 -1859.967886 -1859.410568 -1859.469819 -1859.616453 -1859.773451 -1859.924155 -1860.063611 -1860.192541 -1860.338208 -1860.771378 -1863.857629 -1886.077852 -1937.991814 -2016.278035 -1413.572689 -1556.303585 -1548.777454 -1543.796487 -1542.689400 -1542.503037 -1542.474279 -1542.470428 -1542.470602 -1542.471340 -1542.472025 -1542.472568 -1542.472984 -1542.473303 -1542.473552 -1542.473749 -1542.473909 -1542.474043 -1542.474163 -1542.474280 -1542.474411 -1542.474576 -1542.474804 -1542.475140 -1542.475656 -1542.476469 -1542.477769 -1542.479884 -1542.483390 -1542.489332 -1542.499674 -1542.518212 -1542.552450 -1542.617471 -1542.744219 -1542.998610 -1543.530329 -1544.707774 -1547.516123 -1554.918823 -1578.009099 -9999.0 -9999.0
-9999.0 -9999.0 527.344422 431.739527 334.857006 237.321437 139.501912 41.562856 -56.408633 -154.374311 -252.295707 -350.105423 -447.666317 -544.684865 -640.761948 -736.404992 -832.198249 -927.574795 -1022.604226 -1115.090981 -1201.197685 -1278.843098 -1345.125579 -1398.780614 -1440.246896 -1471.110612 -1493.419478 -1509.180055 -1520.110124 -1527.573093 -1532.602158 -1535.954412 -1538.169768 -1539.624465 -1540.575889 -1541.199512 -1541.622294 -1541.975632 -1542.606652 -1545.067512 -1555.343827 -1588.272162 -1547.350612 -2185.300017 -2009.476449 -1909.393196 -1865.520121 -1859.967886 -1859.410568 -1859.469819 -1859.616453 -1859.773451 -1859.924155 -1860.063611 -1860.192541 -1860.338208 -1860.771378 -1863.857629 -1886.077852 -1937.991814 -2016.278035 -1413.572689 -1556.303585 -1548.777454 -1543.796487 -1542.689400 -1542.503037 -1542.474279 -1542.470428 -1542.470602 -1542.471340 -1542.472025 -1542.472568 -1542.472984 -1542.473303 -1542.473552 -1542.473749 -1542.473909 -1542.474043 -1542.474163 -1542.474280 -1542.474411 -1542.474576 -1542.474804 -1542.475140 -1542.475656 -1542.476469 -1542.477769 -1542.479884 -1542.483390 -1542.489332 -1542.499674 -1542.518212 -1542.552450 -1542.617471 -1542.744219 -1542.998610 -1543.530329 -1544.707774 -1547.516123 -1554.918823 -1578.009099 -9999.0 -9999.0
-9999.0 -9999.0 527.342891 431.738726 334.856683 237.321317 139.501870 41.562841 -56.408639 -154.374313 -252.295708 -350.105424 -447.666317 -544.684865 -640.761948 -736.404992 -832.198249 -927.574795 -1022.604225 -1115.090981 -1201.197684 -1278.843098 -1345.125578 -1398.780614 -1440.246896 -1471.110612 -1493.419478 -1509.180055 -1520.110124 -1527.573093 -1532.602158 -1535.954412 -1538.169768 -1539.624465 -1540.575889 -1541.199512 -1541.622294 -1541.975632 -1542.606652 -1545.067512 -1555.343827 -1588.272162 -1547.350612 -2185.300017 -2009.476450 -1909.393197 -1865.520121 -1859.967886 -1859.410568 -1859.469819 -1859.616453 -1859.773451 -1859.924155 -1860.063611 -1860.192541 -1860.338208 -1860.771378 -1863.857629 -1886.077852 -1937.991814 -2016.278035 -1413.572689 -1556.303585 -1548.777454 -1543.796487 -1542.689400 -1542.503037 -1542.474279 -1542.470428 -1542.470602 -1542.471340 -1542.472025 -1542.472568 -1542.472984 -1542.473303 -1542.473552 -1542.473749 -1542.473909 -1542.474043 -1542.474163 -1542.474280 -1542.474411 -1542.474576 -1542.474804 -1542.475140 -1542.475656 -1542.476469 -1542.477769 -1542.479884 -1542.483390 -1542.489332 -1542.499674 -1542.518212 -1542.552450 -1542.617471 -1542.744219 -1542.998610 -1543.530329 -1544.707774 -1547.516123 -1554.918823 -1578.009099 -9999.0 -9999.0
-9999.0 -9999.0 527.336842 431.736973 334.856186 237.321166 139.501821 41.562824 -56.408645 -154.374316 -252.295709 -350.105424 -447.666317 -544.684865 -640.761948 -736.404992 -832.198249 -927.574795 -1022.604225 -1115.090980 -1201.197684 -1278.843098 -1345.125578 -1398.780613 -1440.246895 -1471.110612 -1493.419478 -1509.180055 -1520.110124 -1527.573093 -1532.602158 -1535.954412 -1538.169768 -1539.624465 -1540.575889 -1541.199512 -1541.622294 -1541.975632 -1542.606652 -1545.067512 -1555.343827 -1588.272162 -1547.350612 -2185.300018 -2009.476451 -1909.393200 -1865.520121 -1859.967886 -1859.410568 -1859.469819 -1859.616453 -1859.773451 -1859.924155 -1860.063611 -1860.192541 -1860.338208 -1860.771378 -1863.857629 -1886.077852 -1937.991815 -2016.278035 -1413.572689 -1556.303585 -1548.777454 -1543.796487 -1542.689400 -1542.503037 -1542.474279 -1542.470428 -1542.470602 -1542.471340 -1542.472025 -1542.472568 -1542.472984 -1542.473303 -1542.473552 -1542.473749 -1542.473909 -1542.474043 -1542.474163 -1542.474280 -1542.474411 -1542.474576 -1542.474804 -1542.475140 -1542.475656 -1542.476469 -1542.477769 -1542.479884 -1542.483390 -1542.489332 -1542.499674 -1542.518212 -1542.552450 -1542.617471 -1542.744219 -1542.998610 -1543.530329 -1544.707774 -1547.516123 -1554.918823 -1578.009099 -9999.0 -9999.0
-9999.0 -9999.0 -9999.0 -9999.0 -9999.0 -9999.0 -9999.0 -9999.0 -9999.0 -9999.0 -9999.0 -9999.0 -9999.0 -9999.0 -9999.0 -9999.0 -9999.0 -9999.0 -9999.0 -9999.0 -9999.0 -9999.0 -9999.0 -9999.0 -9999.0 -9999.0 -9999.0 -9999.0 -9999.0 -9999.0 -9999.0 -9999.0 -9999.0 -9999.0 -9999.0 -9999.0 -9999.0 -9999.0 -9999.0 -9999.0 -9999.0 -9999.0 -9999.0 -9999.0 -9999.0 -9999.0 -9999.0 -9999.0 -9999.0 -9999.0 -9999.0 -9999.0 -9999.0 -9999.0 -9999.0 -9999.0 -9999.0 -9999.0 -9999.0 -9999.0 -9999.0 -9999.0 -9999.0 -9999.0 -9999.0 -9999.0 -9999.0 -9999.0 -9999.0 -9999.0 -9999.0 -9999.0 -9999.0 -9999.0 -9999.0 -9999.0 -9999.0 -9999.0 -9999.0 -9999.0 -9999.0 -9999.0 -9999.0 -9999.0 -9999.0 -9999.0 -9999.0 -9999.0 -9999.0 -9999.0 -9999.0 -9999.0 -9999.0 -9999.0 -9999.0 -9999.0 -9999.0 -9999.0 -9999.0 -9999.0 -9999.0 -9999.0 -9999.0 -9999.0
-9999.0 -9999.0 -9999.0 -9999.0 -9999.0 -9999.0 -9999.0 -9999.0 -9999.0 -9999.0 -9999.0 -9999.0 -9999.0 -9999.0 -9999.0 -9999.0 -9999.0 -9999.0 -9999.0 -9999.0 -9999.0 -9999.0 -9999.0 -9999.0 -9999.0 -9999.0 -9999.0 -9999.0 -9999.0 -9999.0 -9999.0 -9999.0 -9999.0 -9999.0 -9999.0 -9999.0 -9999.0 -9999.0 -9999.0 -9999.0 -9999.0 -9999.0 -9999.0 -9999.0 -9999.0 -9999.0 -9999.0 -9999.0 -9999.0 -9999.0 -9999.0 -9999.0 -9999.0 -9999.0 -9999.0 -9999.0 -9999.0 -9999.0 -9999.0 -9999.0 -9999.0 -9999.0 -9999.0 -9999.0 -9999.0 -9999.0 -9999.0 -9999.0 -9999.0 -9999.0 -9999.0 -9999.0 -9999.0 -9999.0 -9999.0 -9999.0 -9999.0 -9999.0 -9999.0 -9999.0 -9999.0 -9999.0 -9999.0 -9999.0 -9999.0 -9999.0 -9999.0 -9999.0 -9999.0 -9999.0 -9999.0 -9999.0 -9999.0 -9999.0 -9999.0 -9999.0 -9999.0 -9999.0 -9999.0 -9999.0 -9999.0 -9999.0 -9999.0 -9999.0