inst/processing_geotop_simulation/geotop_simulation/out/maps3D/PwL0020N0073.asc
ncols         104
nrows         10
xllcorner     -2.000000
yllcorner     0.000000
cellsize      1.000000
NODATA_value  -9999.0
-9999.0 -9999.0 -9999.0 -9999.0 -9999.0 -9999.0 -9999.0 -9999.0 -9999.0 -9999.0 -9999.0 -9999.0 -9999.0 -9999.0 -9999.0 -9999.0 -9999.0 -9999.0 -9999.0 -9999.0 -9999.0 -9999.0 -9999.0 -9999.0 -9999.0 -9999.0 -9999.0 -9999.0 -9999.0 -9999.0 -9999.0 -9999.0 -9999.0 -9999.0 -9999.0 -9999.0 -9999.0 -9999.0 -9999.0 -9999.0 -9999.0 -9999.0 -9999.0 -9999.0 -9999.0 -9999.0 -9999.0 -9999.0 -9999.0 -9999.0 -9999.0 -9999.0 -9999.0 -9999.0 -9999.0 -9999.0 -9999.0 -9999.0 -9999.0 -9999.0 -9999.0 -9999.0 -9999.0 -9999.0 -9999.0 -9999.0 -9999.0 -9999.0 -9999.0 -9999.0 -9999.0 -9999.0 -9999.0 -9999.0 -9999.0 -9999.0 -9999.0 -9999.0 -9999.0 -9999.0 -9999.0 -9999.0 -9999.0 -9999.0 -9999.0 -9999.0 -9999.0 -9999.0 -9999.0 -9999.0 -9999.0 -9999.0 -9999.0 -9999.0 -9999.0 -9999.0 -9999.0 -9999.0 -9999.0 -9999.0 -9999.0 -9999.0 -9999.0 -9999.0
-9999.0 -9999.0 -9999.0 -9999.0 -9999.0 -9999.0 -9999.0 -9999.0 -9999.0 -9999.0 -9999.0 -9999.0 -9999.0 -9999.0 -9999.0 -9999.0 -9999.0 -9999.0 -9999.0 -9999.0 -9999.0 -9999.0 -9999.0 -9999.0 -9999.0 -9999.0 -9999.0 -9999.0 -9999.0 -9999.0 -9999.0 -9999.0 -9999.0 -9999.0 -9999.0 -9999.0 -9999.0 -9999.0 -9999.0 -9999.0 -9999.0 -9999.0 -9999.0 -9999.0 -9999.0 -9999.0 -9999.0 -9999.0 -9999.0 -9999.0 -9999.0 -9999.0 -9999.0 -9999.0 -9999.0 -9999.0 -9999.0 -9999.0 -9999.0 -9999.0 -9999.0 -9999.0 -9999.0 -9999.0 -9999.0 -9999.0 -9999.0 -9999.0 -9999.0 -9999.0 -9999.0 -9999.0 -9999.0 -9999.0 -9999.0 -9999.0 -9999.0 -9999.0 -9999.0 -9999.0 -9999.0 -9999.0 -9999.0 -9999.0 -9999.0 -9999.0 -9999.0 -9999.0 -9999.0 -9999.0 -9999.0 -9999.0 -9999.0 -9999.0 -9999.0 -9999.0 -9999.0 -9999.0 -9999.0 -9999.0 -9999.0 -9999.0 -9999.0 -9999.0
-9999.0 -9999.0 690.964534 591.112890 491.536689 392.335076 293.583573 195.378865 97.793104 0.850076 -95.552524 -192.043141 -289.690097 -389.425581 -490.468288 -588.193249 -671.160042 -727.881429 -762.533748 -783.563988 -841.232073 -894.987241 -945.806826 -994.943686 -967.900959 -949.941716 -938.828978 -932.446325 -929.128423 -927.688952 -927.328903 -927.533205 -927.985891 -928.505043 -928.995448 -929.417258 -929.773274 -930.109844 -930.501568 -931.596391 -940.854847 -1039.894237 -2138.936076 -3982.074865 -3985.148458 -3985.148514 -3985.148464 -3985.147439 -3985.140098 -3985.107260 -3984.989224 -3984.555969 -3983.701674 -3982.442389 -3980.085650 -3974.906586 -3962.061675 -3928.347405 -3843.037500 -3657.809617 -3333.934257 -1789.914180 -1009.018856 -938.123224 -931.733518 -931.040016 -930.927522 -930.907247 -930.905713 -930.907755 -930.910056 -930.911958 -930.913419 -930.914527 -930.915375 -930.916034 -930.916558 -930.916980 -930.917331 -930.917640 -930.917939 -930.918268 -930.918677 -930.919241 -930.920072 -930.921344 -930.923340 -930.926520 -930.931657 -930.940088 -930.954192 -930.978369 -931.021021 -931.098627 -931.244046 -931.523421 -932.071947 -933.179819 -935.543726 -941.094898 -955.535004 -993.435996 -9999.0 -9999.0
-9999.0 -9999.0 690.964533 591.112889 491.536689 392.335075 293.583572 195.378864 97.793103 0.850075 -95.552525 -192.043141 -289.690097 -389.425581 -490.468288 -588.193249 -671.160042 -727.881429 -762.533748 -783.563988 -841.232073 -894.987241 -945.806826 -994.943686 -967.900959 -949.941716 -938.828978 -932.446325 -929.128423 -927.688952 -927.328903 -927.533205 -927.985891 -928.505043 -928.995448 -929.417258 -929.773274 -930.109844 -930.501568 -931.596391 -940.854847 -1039.894237 -2138.936076 -3982.074865 -3985.148458 -3985.148514 -3985.148464 -3985.147439 -3985.140098 -3985.107260 -3984.989224 -3984.555969 -3983.701674 -3982.442389 -3980.085650 -3974.906586 -3962.061675 -3928.347405 -3843.037500 -3657.809616 -3333.934257 -1789.914181 -1009.018856 -938.123224 -931.733518 -931.040016 -930.927522 -930.907247 -930.905713 -930.907755 -930.910056 -930.911958 -930.913419 -930.914527 -930.915375 -930.916034 -930.916558 -930.916980 -930.917331 -930.917640 -930.917939 -930.918268 -930.918677 -930.919241 -930.920072 -930.921344 -930.923340 -930.926520 -930.931657 -930.940088 -930.954192 -930.978369 -931.021021 -931.098627 -931.244046 -931.523421 -932.071947 -933.179819 -935.543726 -941.094898 -955.535004 -993.435996 -9999.0 -9999.0
-9999.0 -9999.0 690.964532 591.112889 491.536688 392.335075 293.583572 195.378864 97.793103 0.850075 -95.552525 -192.043141 -289.690097 -389.425581 -490.468288 -588.193249 -671.160042 -727.881429 -762.533748 -783.563988 -841.232073 -894.987241 -945.806826 -994.943686 -967.900959 -949.941716 -938.828978 -932.446325 -929.128423 -927.688952 -927.328903 -927.533205 -927.985891 -928.505043 -928.995448 -929.417258 -929.773274 -930.109844 -930.501568 -931.596391 -940.854847 -1039.894237 -2138.936076 -3982.074865 -3985.148458 -3985.148514 -3985.148464 -3985.147439 -3985.140098 -3985.107260 -3984.989224 -3984.555969 -3983.701674 -3982.442389 -3980.085650 -3974.906586 -3962.061675 -3928.347405 -3843.037500 -3657.809616 -3333.934256 -1789.914180 -1009.018856 -938.123224 -931.733518 -931.040016 -930.927522 -930.907247 -930.905713 -930.907755 -930.910056 -930.911958 -930.913419 -930.914527 -930.915375 -930.916034 -930.916558 -930.916980 -930.917331 -930.917640 -930.917939 -930.918268 -930.918677 -930.919241 -930.920072 -930.921344 -930.923340 -930.926520 -930.931657 -930.940088 -930.954192 -930.978369 -931.021021 -931.098627 -931.244046 -931.523421 -932.071947 -933.179819 -935.543726 -941.094898 -955.535004 -993.435996 -9999.0 -9999.0
-9999.0 -9999.0 690.964532 591.112889 491.536688 392.335075 293.583572 195.378864 97.793103 0.850075 -95.552525 -192.043141 -289.690097 -389.425581 -490.468288 -588.193249 -671.160042 -727.881429 -762.533748 -783.563988 -841.232073 -894.987241 -945.806826 -994.943686 -967.900959 -949.941716 -938.828978 -932.446325 -929.128423 -927.688952 -927.328903 -927.533205 -927.985891 -928.505043 -928.995448 -929.417258 -929.773274 -930.109844 -930.501568 -931.596391 -940.854847 -1039.894237 -2138.936076 -3982.074865 -3985.148458 -3985.148514 -3985.148464 -3985.147439 -3985.140098 -3985.107260 -3984.989224 -3984.555969 -3983.701674 -3982.442389 -3980.085650 -3974.906586 -3962.061675 -3928.347405 -3843.037500 -3657.809616 -3333.934256 -1789.914180 -1009.018856 -938.123224 -931.733518 -931.040016 -930.927522 -930.907247 -930.905713 -930.907755 -930.910056 -930.911958 -930.913419 -930.914527 -930.915375 -930.916034 -930.916558 -930.916980 -930.917331 -930.917640 -930.917939 -930.918268 -930.918677 -930.919241 -930.920072 -930.921344 -930.923340 -930.926520 -930.931657 -930.940088 -930.954192 -930.978369 -931.021021 -931.098627 -931.244046 -931.523421 -932.071947 -933.179819 -935.543726 -941.094898 -955.535004 -993.435996 -9999.0 -9999.0
-9999.0 -9999.0 690.964533 591.112890 491.536689 392.335075 293.583572 195.378864 97.793103 0.850076 -95.552525 -192.043141 -289.690097 -389.425581 -490.468288 -588.193249 -671.160042 -727.881429 -762.533748 -783.563988 -841.232073 -894.987241 -945.806826 -994.943686 -967.900959 -949.941716 -938.828978 -932.446325 -929.128423 -927.688952 -927.328903 -927.533205 -927.985891 -928.505043 -928.995448 -929.417258 -929.773274 -930.109844 -930.501568 -931.596391 -940.854847 -1039.894237 -2138.936076 -3982.074865 -3985.148458 -3985.148514 -3985.148464 -3985.147439 -3985.140098 -3985.107260 -3984.989224 -3984.555969 -3983.701674 -3982.442389 -3980.085650 -3974.906586 -3962.061675 -3928.347405 -3843.037500 -3657.809616 -3333.934257 -1789.914180 -1009.018856 -938.123224 -931.733518 -931.040016 -930.927522 -930.907247 -930.905713 -930.907755 -930.910056 -930.911958 -930.913419 -930.914527 -930.915375 -930.916034 -930.916558 -930.916980 -930.917331 -930.917640 -930.917939 -930.918268 -930.918677 -930.919241 -930.920072 -930.921344 -930.923340 -930.926520 -930.931657 -930.940088 -930.954192 -930.978369 -931.021021 -931.098627 -931.244046 -931.523421 -932.071947 -933.179819 -935.543726 -941.094898 -955.535004 -993.435996 -9999.0 -9999.0
-9999.0 -9999.0 690.964534 591.112890 491.536689 392.335076 293.583573 195.378865 97.793104 0.850076 -95.552524 -192.043141 -289.690097 -389.425581 -490.468288 -588.193249 -671.160042 -727.881429 -762.533748 -783.563988 -841.232073 -894.987241 -945.806826 -994.943686 -967.900959 -949.941716 -938.828978 -932.446325 -929.128423 -927.688952 -927.328903 -927.533205 -927.985891 -928.505043 -928.995448 -929.417258 -929.773274 -930.109844 -930.501568 -931.596391 -940.854847 -1039.894237 -2138.936076 -3982.074865 -3985.148458 -3985.148514 -3985.148464 -3985.147439 -3985.140098 -3985.107260 -3984.989224 -3984.555969 -3983.701674 -3982.442389 -3980.085650 -3974.906586 -3962.061675 -3928.347406 -3843.037500 -3657.809617 -3333.934257 -1789.914180 -1009.018856 -938.123224 -931.733518 -931.040016 -930.927522 -930.907247 -930.905713 -930.907755 -930.910056 -930.911958 -930.913419 -930.914527 -930.915375 -930.916034 -930.916558 -930.916980 -930.917331 -930.917640 -930.917939 -930.918268 -930.918677 -930.919241 -930.920072 -930.921344 -930.923340 -930.926520 -930.931657 -930.940088 -930.954192 -930.978369 -931.021021 -931.098627 -931.244046 -931.523421 -932.071947 -933.179819 -935.543726 -941.094898 -955.535004 -993.435996 -9999.0 -9999.0
-9999.0 -9999.0 -9999.0 -9999.0 -9999.0 -9999.0 -9999.0 -9999.0 -9999.0 -9999.0 -9999.0 -9999.0 -9999.0 -9999.0 -9999.0 -9999.0 -9999.0 -9999.0 -9999.0 -9999.0 -9999.0 -9999.0 -9999.0 -9999.0 -9999.0 -9999.0 -9999.0 -9999.0 -9999.0 -9999.0 -9999.0 -9999.0 -9999.0 -9999.0 -9999.0 -9999.0 -9999.0 -9999.0 -9999.0 -9999.0 -9999.0 -9999.0 -9999.0 -9999.0 -9999.0 -9999.0 -9999.0 -9999.0 -9999.0 -9999.0 -9999.0 -9999.0 -9999.0 -9999.0 -9999.0 -9999.0 -9999.0 -9999.0 -9999.0 -9999.0 -9999.0 -9999.0 -9999.0 -9999.0 -9999.0 -9999.0 -9999.0 -9999.0 -9999.0 -9999.0 -9999.0 -9999.0 -9999.0 -9999.0 -9999.0 -9999.0 -9999.0 -9999.0 -9999.0 -9999.0 -9999.0 -9999.0 -9999.0 -9999.0 -9999.0 -9999.0 -9999.0 -9999.0 -9999.0 -9999.0 -9999.0 -9999.0 -9999.0 -9999.0 -9999.0 -9999.0 -9999.0 -9999.0 -9999.0 -9999.0 -9999.0 -9999.0 -9999.0 -9999.0
-9999.0 -9999.0 -9999.0 -9999.0 -9999.0 -9999.0 -9999.0 -9999.0 -9999.0 -9999.0 -9999.0 -9999.0 -9999.0 -9999.0 -9999.0 -9999.0 -9999.0 -9999.0 -9999.0 -9999.0 -9999.0 -9999.0 -9999.0 -9999.0 -9999.0 -9999.0 -9999.0 -9999.0 -9999.0 -9999.0 -9999.0 -9999.0 -9999.0 -9999.0 -9999.0 -9999.0 -9999.0 -9999.0 -9999.0 -9999.0 -9999.0 -9999.0 -9999.0 -9999.0 -9999.0 -9999.0 -9999.0 -9999.0 -9999.0 -9999.0 -9999.0 -9999.0 -9999.0 -9999.0 -9999.0 -9999.0 -9999.0 -9999.0 -9999.0 -9999.0 -9999.0 -9999.0 -9999.0 -9999.0 -9999.0 -9999.0 -9999.0 -9999.0 -9999.0 -9999.0 -9999.0 -9999.0 -9999.0 -9999.0 -9999.0 -9999.0 -9999.0 -9999.0 -9999.0 -9999.0 -9999.0 -9999.0 -9999.0 -9999.0 -9999.0 -9999.0 -9999.0 -9999.0 -9999.0 -9999.0 -9999.0 -9999.0 -9999.0 -9999.0 -9999.0 -9999.0 -9999.0 -9999.0 -9999.0 -9999.0 -9999.0 -9999.0 -9999.0 -9999.0