inst/processing_geotop_simulation/geotop_simulation/out/maps3D/PwL0000N0019.asc
ncols         104
nrows         10
xllcorner     -2.000000
yllcorner     0.000000
cellsize      1.000000
NODATA_value  -9999.0
-9999.0 -9999.0 -9999.0 -9999.0 -9999.0 -9999.0 -9999.0 -9999.0 -9999.0 -9999.0 -9999.0 -9999.0 -9999.0 -9999.0 -9999.0 -9999.0 -9999.0 -9999.0 -9999.0 -9999.0 -9999.0 -9999.0 -9999.0 -9999.0 -9999.0 -9999.0 -9999.0 -9999.0 -9999.0 -9999.0 -9999.0 -9999.0 -9999.0 -9999.0 -9999.0 -9999.0 -9999.0 -9999.0 -9999.0 -9999.0 -9999.0 -9999.0 -9999.0 -9999.0 -9999.0 -9999.0 -9999.0 -9999.0 -9999.0 -9999.0 -9999.0 -9999.0 -9999.0 -9999.0 -9999.0 -9999.0 -9999.0 -9999.0 -9999.0 -9999.0 -9999.0 -9999.0 -9999.0 -9999.0 -9999.0 -9999.0 -9999.0 -9999.0 -9999.0 -9999.0 -9999.0 -9999.0 -9999.0 -9999.0 -9999.0 -9999.0 -9999.0 -9999.0 -9999.0 -9999.0 -9999.0 -9999.0 -9999.0 -9999.0 -9999.0 -9999.0 -9999.0 -9999.0 -9999.0 -9999.0 -9999.0 -9999.0 -9999.0 -9999.0 -9999.0 -9999.0 -9999.0 -9999.0 -9999.0 -9999.0 -9999.0 -9999.0 -9999.0 -9999.0
-9999.0 -9999.0 -9999.0 -9999.0 -9999.0 -9999.0 -9999.0 -9999.0 -9999.0 -9999.0 -9999.0 -9999.0 -9999.0 -9999.0 -9999.0 -9999.0 -9999.0 -9999.0 -9999.0 -9999.0 -9999.0 -9999.0 -9999.0 -9999.0 -9999.0 -9999.0 -9999.0 -9999.0 -9999.0 -9999.0 -9999.0 -9999.0 -9999.0 -9999.0 -9999.0 -9999.0 -9999.0 -9999.0 -9999.0 -9999.0 -9999.0 -9999.0 -9999.0 -9999.0 -9999.0 -9999.0 -9999.0 -9999.0 -9999.0 -9999.0 -9999.0 -9999.0 -9999.0 -9999.0 -9999.0 -9999.0 -9999.0 -9999.0 -9999.0 -9999.0 -9999.0 -9999.0 -9999.0 -9999.0 -9999.0 -9999.0 -9999.0 -9999.0 -9999.0 -9999.0 -9999.0 -9999.0 -9999.0 -9999.0 -9999.0 -9999.0 -9999.0 -9999.0 -9999.0 -9999.0 -9999.0 -9999.0 -9999.0 -9999.0 -9999.0 -9999.0 -9999.0 -9999.0 -9999.0 -9999.0 -9999.0 -9999.0 -9999.0 -9999.0 -9999.0 -9999.0 -9999.0 -9999.0 -9999.0 -9999.0 -9999.0 -9999.0 -9999.0 -9999.0
-9999.0 -9999.0 1.096401 0.288701 0.281224 0.273811 0.266463 0.259180 0.251963 0.244813 0.237729 0.230714 0.223768 0.216891 0.210085 0.203349 0.196686 0.190095 0.183577 0.177135 0.170767 0.164476 0.158262 0.152127 0.146071 0.140095 0.134201 0.128390 0.122664 0.117022 0.111468 0.106001 0.100625 0.095339 0.090147 0.085049 0.080047 0.075144 0.070341 0.065641 0.061046 0.056558 0.052180 0.047915 0.043766 0.039735 0.035828 0.032047 0.028396 0.024882 0.021509 0.018283 0.015210 0.012300 0.009560 0.007000 0.004631 0.002447 -18.035932 -54.752892 -109.984994 -183.843818 -276.514335 -320.295243 -344.250371 -358.220247 -366.642001 -371.817895 -375.036546 -377.053042 -378.322071 -379.123265 -379.630171 -379.951306 -380.155082 -380.284808 -380.368138 -380.422882 -380.460615 -380.489296 -380.515190 -380.544174 -380.582453 -380.638400 -380.724005 -380.857466 -381.067202 -381.397761 -381.919004 -382.740496 -384.033471 -386.063882 -389.240831 -394.184105 -401.811017 -413.432204 -430.825729 -456.233229 -492.216214 -541.363695 -605.947164 -687.677886 -9999.0 -9999.0
-9999.0 -9999.0 1.863317 0.288701 0.281224 0.273811 0.266463 0.259180 0.251963 0.244813 0.237729 0.230714 0.223768 0.216891 0.210085 0.203349 0.196686 0.190095 0.183577 0.177135 0.170767 0.164476 0.158262 0.152127 0.146071 0.140095 0.134201 0.128390 0.122664 0.117022 0.111468 0.106001 0.100625 0.095339 0.090147 0.085049 0.080047 0.075144 0.070342 0.065641 0.061046 0.056558 0.052180 0.047915 0.043766 0.039735 0.035828 0.032047 0.028396 0.024882 0.021509 0.018283 0.015210 0.012300 0.009560 0.007000 0.004631 0.002447 -18.035932 -54.752893 -109.984995 -183.843818 -276.514336 -320.295243 -344.250372 -358.220248 -366.642001 -371.817896 -375.036547 -377.053042 -378.322073 -379.123265 -379.630171 -379.951306 -380.155083 -380.284808 -380.368139 -380.422882 -380.460615 -380.489297 -380.515190 -380.544175 -380.582453 -380.638400 -380.724005 -380.857466 -381.067202 -381.397761 -381.919003 -382.740496 -384.033470 -386.063883 -389.240830 -394.184105 -401.811016 -413.432205 -430.825729 -456.233230 -492.216213 -541.363696 -605.947164 -687.677887 -9999.0 -9999.0
-9999.0 -9999.0 1.863318 0.288701 0.281224 0.273811 0.266463 0.259180 0.251963 0.244813 0.237729 0.230714 0.223768 0.216891 0.210085 0.203349 0.196686 0.190095 0.183577 0.177135 0.170767 0.164476 0.158262 0.152127 0.146071 0.140095 0.134201 0.128390 0.122664 0.117022 0.111468 0.106001 0.100625 0.095339 0.090147 0.085049 0.080047 0.075144 0.070342 0.065641 0.061046 0.056558 0.052180 0.047915 0.043766 0.039735 0.035828 0.032047 0.028396 0.024882 0.021509 0.018283 0.015210 0.012300 0.009560 0.007000 0.004631 0.002447 -18.035933 -54.752893 -109.984995 -183.843820 -276.514336 -320.295243 -344.250372 -358.220247 -366.642002 -371.817897 -375.036546 -377.053043 -378.322073 -379.123265 -379.630172 -379.951307 -380.155082 -380.284809 -380.368139 -380.422882 -380.460615 -380.489297 -380.515191 -380.544175 -380.582453 -380.638400 -380.724005 -380.857466 -381.067202 -381.397761 -381.919004 -382.740496 -384.033471 -386.063882 -389.240831 -394.184105 -401.811017 -413.432204 -430.825729 -456.233229 -492.216214 -541.363695 -605.947164 -687.677886 -9999.0 -9999.0
-9999.0 -9999.0 1.863318 0.288701 0.281224 0.273811 0.266463 0.259180 0.251963 0.244813 0.237729 0.230714 0.223768 0.216891 0.210085 0.203349 0.196686 0.190095 0.183577 0.177135 0.170767 0.164476 0.158262 0.152127 0.146071 0.140095 0.134201 0.128390 0.122664 0.117022 0.111468 0.106001 0.100625 0.095339 0.090147 0.085049 0.080047 0.075144 0.070342 0.065641 0.061046 0.056558 0.052180 0.047915 0.043766 0.039735 0.035828 0.032047 0.028396 0.024882 0.021509 0.018283 0.015210 0.012300 0.009560 0.007000 0.004631 0.002447 -18.035933 -54.752893 -109.984995 -183.843820 -276.514336 -320.295243 -344.250372 -358.220247 -366.642002 -371.817897 -375.036546 -377.053043 -378.322073 -379.123265 -379.630172 -379.951307 -380.155082 -380.284809 -380.368139 -380.422882 -380.460615 -380.489297 -380.515191 -380.544175 -380.582453 -380.638400 -380.724005 -380.857466 -381.067202 -381.397761 -381.919003 -382.740496 -384.033470 -386.063883 -389.240830 -394.184105 -401.811016 -413.432205 -430.825729 -456.233230 -492.216213 -541.363696 -605.947164 -687.677887 -9999.0 -9999.0
-9999.0 -9999.0 1.863317 0.288701 0.281224 0.273811 0.266463 0.259180 0.251963 0.244813 0.237729 0.230714 0.223768 0.216891 0.210085 0.203349 0.196686 0.190095 0.183577 0.177135 0.170767 0.164476 0.158262 0.152127 0.146071 0.140095 0.134201 0.128390 0.122664 0.117022 0.111468 0.106001 0.100625 0.095339 0.090147 0.085049 0.080047 0.075144 0.070342 0.065641 0.061046 0.056558 0.052180 0.047915 0.043766 0.039735 0.035828 0.032047 0.028396 0.024882 0.021509 0.018283 0.015210 0.012300 0.009560 0.007000 0.004631 0.002447 -18.035932 -54.752893 -109.984996 -183.843818 -276.514336 -320.295243 -344.250372 -358.220248 -366.642001 -371.817896 -375.036547 -377.053042 -378.322072 -379.123265 -379.630171 -379.951306 -380.155083 -380.284808 -380.368139 -380.422882 -380.460615 -380.489296 -380.515190 -380.544175 -380.582453 -380.638400 -380.724005 -380.857466 -381.067202 -381.397761 -381.919004 -382.740496 -384.033471 -386.063882 -389.240831 -394.184105 -401.811017 -413.432204 -430.825729 -456.233229 -492.216214 -541.363695 -605.947164 -687.677886 -9999.0 -9999.0
-9999.0 -9999.0 1.096401 0.288701 0.281224 0.273811 0.266463 0.259180 0.251963 0.244813 0.237729 0.230714 0.223768 0.216891 0.210085 0.203349 0.196686 0.190095 0.183577 0.177135 0.170767 0.164476 0.158262 0.152127 0.146071 0.140095 0.134201 0.128390 0.122664 0.117022 0.111468 0.106001 0.100625 0.095339 0.090147 0.085049 0.080047 0.075144 0.070341 0.065641 0.061046 0.056558 0.052180 0.047915 0.043766 0.039735 0.035828 0.032047 0.028396 0.024882 0.021509 0.018283 0.015210 0.012300 0.009560 0.007000 0.004631 0.002447 -18.035932 -54.752892 -109.984994 -183.843818 -276.514335 -320.295243 -344.250371 -358.220247 -366.642001 -371.817895 -375.036546 -377.053041 -378.322071 -379.123265 -379.630171 -379.951306 -380.155082 -380.284808 -380.368138 -380.422882 -380.460615 -380.489296 -380.515190 -380.544174 -380.582453 -380.638400 -380.724005 -380.857466 -381.067202 -381.397761 -381.919003 -382.740496 -384.033470 -386.063883 -389.240830 -394.184105 -401.811016 -413.432205 -430.825729 -456.233230 -492.216213 -541.363696 -605.947164 -687.677887 -9999.0 -9999.0
-9999.0 -9999.0 -9999.0 -9999.0 -9999.0 -9999.0 -9999.0 -9999.0 -9999.0 -9999.0 -9999.0 -9999.0 -9999.0 -9999.0 -9999.0 -9999.0 -9999.0 -9999.0 -9999.0 -9999.0 -9999.0 -9999.0 -9999.0 -9999.0 -9999.0 -9999.0 -9999.0 -9999.0 -9999.0 -9999.0 -9999.0 -9999.0 -9999.0 -9999.0 -9999.0 -9999.0 -9999.0 -9999.0 -9999.0 -9999.0 -9999.0 -9999.0 -9999.0 -9999.0 -9999.0 -9999.0 -9999.0 -9999.0 -9999.0 -9999.0 -9999.0 -9999.0 -9999.0 -9999.0 -9999.0 -9999.0 -9999.0 -9999.0 -9999.0 -9999.0 -9999.0 -9999.0 -9999.0 -9999.0 -9999.0 -9999.0 -9999.0 -9999.0 -9999.0 -9999.0 -9999.0 -9999.0 -9999.0 -9999.0 -9999.0 -9999.0 -9999.0 -9999.0 -9999.0 -9999.0 -9999.0 -9999.0 -9999.0 -9999.0 -9999.0 -9999.0 -9999.0 -9999.0 -9999.0 -9999.0 -9999.0 -9999.0 -9999.0 -9999.0 -9999.0 -9999.0 -9999.0 -9999.0 -9999.0 -9999.0 -9999.0 -9999.0 -9999.0 -9999.0
-9999.0 -9999.0 -9999.0 -9999.0 -9999.0 -9999.0 -9999.0 -9999.0 -9999.0 -9999.0 -9999.0 -9999.0 -9999.0 -9999.0 -9999.0 -9999.0 -9999.0 -9999.0 -9999.0 -9999.0 -9999.0 -9999.0 -9999.0 -9999.0 -9999.0 -9999.0 -9999.0 -9999.0 -9999.0 -9999.0 -9999.0 -9999.0 -9999.0 -9999.0 -9999.0 -9999.0 -9999.0 -9999.0 -9999.0 -9999.0 -9999.0 -9999.0 -9999.0 -9999.0 -9999.0 -9999.0 -9999.0 -9999.0 -9999.0 -9999.0 -9999.0 -9999.0 -9999.0 -9999.0 -9999.0 -9999.0 -9999.0 -9999.0 -9999.0 -9999.0 -9999.0 -9999.0 -9999.0 -9999.0 -9999.0 -9999.0 -9999.0 -9999.0 -9999.0 -9999.0 -9999.0 -9999.0 -9999.0 -9999.0 -9999.0 -9999.0 -9999.0 -9999.0 -9999.0 -9999.0 -9999.0 -9999.0 -9999.0 -9999.0 -9999.0 -9999.0 -9999.0 -9999.0 -9999.0 -9999.0 -9999.0 -9999.0 -9999.0 -9999.0 -9999.0 -9999.0 -9999.0 -9999.0 -9999.0 -9999.0 -9999.0 -9999.0 -9999.0 -9999.0