inst/processing_geotop_simulation/geotop_simulation/out/maps3D/PwL0008N0209.asc
ncols         104
nrows         10
xllcorner     -2.000000
yllcorner     0.000000
cellsize      1.000000
NODATA_value  -9999.0
-9999.0 -9999.0 -9999.0 -9999.0 -9999.0 -9999.0 -9999.0 -9999.0 -9999.0 -9999.0 -9999.0 -9999.0 -9999.0 -9999.0 -9999.0 -9999.0 -9999.0 -9999.0 -9999.0 -9999.0 -9999.0 -9999.0 -9999.0 -9999.0 -9999.0 -9999.0 -9999.0 -9999.0 -9999.0 -9999.0 -9999.0 -9999.0 -9999.0 -9999.0 -9999.0 -9999.0 -9999.0 -9999.0 -9999.0 -9999.0 -9999.0 -9999.0 -9999.0 -9999.0 -9999.0 -9999.0 -9999.0 -9999.0 -9999.0 -9999.0 -9999.0 -9999.0 -9999.0 -9999.0 -9999.0 -9999.0 -9999.0 -9999.0 -9999.0 -9999.0 -9999.0 -9999.0 -9999.0 -9999.0 -9999.0 -9999.0 -9999.0 -9999.0 -9999.0 -9999.0 -9999.0 -9999.0 -9999.0 -9999.0 -9999.0 -9999.0 -9999.0 -9999.0 -9999.0 -9999.0 -9999.0 -9999.0 -9999.0 -9999.0 -9999.0 -9999.0 -9999.0 -9999.0 -9999.0 -9999.0 -9999.0 -9999.0 -9999.0 -9999.0 -9999.0 -9999.0 -9999.0 -9999.0 -9999.0 -9999.0 -9999.0 -9999.0 -9999.0 -9999.0
-9999.0 -9999.0 -9999.0 -9999.0 -9999.0 -9999.0 -9999.0 -9999.0 -9999.0 -9999.0 -9999.0 -9999.0 -9999.0 -9999.0 -9999.0 -9999.0 -9999.0 -9999.0 -9999.0 -9999.0 -9999.0 -9999.0 -9999.0 -9999.0 -9999.0 -9999.0 -9999.0 -9999.0 -9999.0 -9999.0 -9999.0 -9999.0 -9999.0 -9999.0 -9999.0 -9999.0 -9999.0 -9999.0 -9999.0 -9999.0 -9999.0 -9999.0 -9999.0 -9999.0 -9999.0 -9999.0 -9999.0 -9999.0 -9999.0 -9999.0 -9999.0 -9999.0 -9999.0 -9999.0 -9999.0 -9999.0 -9999.0 -9999.0 -9999.0 -9999.0 -9999.0 -9999.0 -9999.0 -9999.0 -9999.0 -9999.0 -9999.0 -9999.0 -9999.0 -9999.0 -9999.0 -9999.0 -9999.0 -9999.0 -9999.0 -9999.0 -9999.0 -9999.0 -9999.0 -9999.0 -9999.0 -9999.0 -9999.0 -9999.0 -9999.0 -9999.0 -9999.0 -9999.0 -9999.0 -9999.0 -9999.0 -9999.0 -9999.0 -9999.0 -9999.0 -9999.0 -9999.0 -9999.0 -9999.0 -9999.0 -9999.0 -9999.0 -9999.0 -9999.0
-9999.0 -9999.0 378.689081 284.438797 188.080286 90.880401 -6.659120 -104.330401 -202.043869 -299.724256 -397.289540 -494.573252 -591.217062 -686.552935 -782.088770 -877.452008 -972.484084 -1067.407542 -1158.698718 -1246.357448 -1326.218838 -1394.233123 -1448.510235 -1489.553075 -1519.366890 -1540.434466 -1555.051583 -1565.061839 -1571.842442 -1576.387811 -1579.404884 -1581.389899 -1582.686384 -1583.528498 -1584.073668 -1584.428361 -1584.671710 -1584.895465 -1585.382269 -1587.513605 -1596.513364 -1614.179624 -1201.595923 -1288.775840 -1251.747153 -1228.991548 -1218.546074 -1217.138362 -1216.994933 -1217.010928 -1217.049831 -1217.091489 -1217.131487 -1217.168504 -1217.202744 -1217.241550 -1217.356926 -1218.160169 -1223.561138 -1235.846926 -1254.262861 -1148.324556 -1586.435989 -1590.684570 -1586.358403 -1585.361343 -1585.196479 -1585.171153 -1585.167856 -1585.168180 -1585.168999 -1585.169739 -1585.170321 -1585.170765 -1585.171105 -1585.171369 -1585.171578 -1585.171747 -1585.171888 -1585.172014 -1585.172137 -1585.172274 -1585.172446 -1585.172686 -1585.173040 -1585.173585 -1585.174443 -1585.175815 -1585.178047 -1585.181742 -1585.187991 -1585.198843 -1585.218248 -1585.253996 -1585.321689 -1585.453092 -1585.714952 -1586.255976 -1587.435632 -1590.203982 -1597.409626 -1619.884783 -9999.0 -9999.0
-9999.0 -9999.0 378.696765 284.440753 188.080813 90.880558 -6.659069 -104.330385 -202.043863 -299.724254 -397.289539 -494.573252 -591.217062 -686.552934 -782.088770 -877.452008 -972.484084 -1067.407542 -1158.698718 -1246.357448 -1326.218839 -1394.233124 -1448.510235 -1489.553076 -1519.366891 -1540.434466 -1555.051583 -1565.061839 -1571.842442 -1576.387811 -1579.404884 -1581.389899 -1582.686384 -1583.528498 -1584.073668 -1584.428361 -1584.671710 -1584.895465 -1585.382269 -1587.513604 -1596.513364 -1614.179624 -1201.595923 -1288.775840 -1251.747152 -1228.991548 -1218.546074 -1217.138362 -1216.994933 -1217.010928 -1217.049831 -1217.091489 -1217.131487 -1217.168504 -1217.202744 -1217.241550 -1217.356926 -1218.160169 -1223.561138 -1235.846926 -1254.262861 -1148.324556 -1586.435989 -1590.684570 -1586.358403 -1585.361343 -1585.196479 -1585.171153 -1585.167856 -1585.168180 -1585.168999 -1585.169739 -1585.170321 -1585.170765 -1585.171105 -1585.171369 -1585.171578 -1585.171747 -1585.171888 -1585.172014 -1585.172137 -1585.172274 -1585.172446 -1585.172686 -1585.173040 -1585.173585 -1585.174443 -1585.175815 -1585.178047 -1585.181742 -1585.187991 -1585.198843 -1585.218248 -1585.253996 -1585.321689 -1585.453092 -1585.714952 -1586.255976 -1587.435632 -1590.203982 -1597.409626 -1619.884783 -9999.0 -9999.0
-9999.0 -9999.0 378.698343 284.441598 188.081151 90.880682 -6.659025 -104.330369 -202.043858 -299.724252 -397.289538 -494.573252 -591.217062 -686.552934 -782.088770 -877.452008 -972.484084 -1067.407542 -1158.698718 -1246.357448 -1326.218839 -1394.233124 -1448.510235 -1489.553076 -1519.366891 -1540.434466 -1555.051583 -1565.061839 -1571.842442 -1576.387811 -1579.404884 -1581.389899 -1582.686384 -1583.528498 -1584.073668 -1584.428361 -1584.671710 -1584.895465 -1585.382269 -1587.513604 -1596.513364 -1614.179624 -1201.595923 -1288.775840 -1251.747152 -1228.991548 -1218.546074 -1217.138362 -1216.994933 -1217.010928 -1217.049831 -1217.091489 -1217.131487 -1217.168504 -1217.202744 -1217.241550 -1217.356926 -1218.160169 -1223.561138 -1235.846926 -1254.262861 -1148.324556 -1586.435989 -1590.684570 -1586.358403 -1585.361343 -1585.196479 -1585.171153 -1585.167856 -1585.168180 -1585.168999 -1585.169739 -1585.170321 -1585.170765 -1585.171105 -1585.171369 -1585.171578 -1585.171747 -1585.171888 -1585.172014 -1585.172137 -1585.172274 -1585.172446 -1585.172686 -1585.173040 -1585.173585 -1585.174443 -1585.175815 -1585.178047 -1585.181742 -1585.187991 -1585.198843 -1585.218248 -1585.253996 -1585.321689 -1585.453092 -1585.714952 -1586.255976 -1587.435632 -1590.203982 -1597.409626 -1619.884783 -9999.0 -9999.0
-9999.0 -9999.0 378.698343 284.441598 188.081151 90.880682 -6.659025 -104.330369 -202.043858 -299.724252 -397.289538 -494.573252 -591.217062 -686.552934 -782.088770 -877.452008 -972.484084 -1067.407542 -1158.698718 -1246.357448 -1326.218839 -1394.233124 -1448.510235 -1489.553076 -1519.366891 -1540.434466 -1555.051583 -1565.061839 -1571.842442 -1576.387811 -1579.404884 -1581.389899 -1582.686384 -1583.528498 -1584.073668 -1584.428361 -1584.671710 -1584.895465 -1585.382269 -1587.513604 -1596.513364 -1614.179624 -1201.595923 -1288.775840 -1251.747152 -1228.991548 -1218.546074 -1217.138362 -1216.994933 -1217.010928 -1217.049831 -1217.091489 -1217.131487 -1217.168504 -1217.202744 -1217.241550 -1217.356926 -1218.160169 -1223.561138 -1235.846926 -1254.262861 -1148.324556 -1586.435989 -1590.684570 -1586.358403 -1585.361343 -1585.196479 -1585.171153 -1585.167856 -1585.168180 -1585.168999 -1585.169739 -1585.170321 -1585.170765 -1585.171105 -1585.171369 -1585.171578 -1585.171747 -1585.171888 -1585.172014 -1585.172137 -1585.172274 -1585.172446 -1585.172686 -1585.173040 -1585.173585 -1585.174443 -1585.175815 -1585.178047 -1585.181742 -1585.187991 -1585.198843 -1585.218248 -1585.253996 -1585.321689 -1585.453092 -1585.714952 -1586.255976 -1587.435632 -1590.203982 -1597.409626 -1619.884783 -9999.0 -9999.0
-9999.0 -9999.0 378.696765 284.440753 188.080813 90.880558 -6.659069 -104.330385 -202.043863 -299.724254 -397.289539 -494.573252 -591.217062 -686.552934 -782.088770 -877.452008 -972.484084 -1067.407542 -1158.698718 -1246.357448 -1326.218839 -1394.233124 -1448.510235 -1489.553076 -1519.366891 -1540.434466 -1555.051583 -1565.061839 -1571.842442 -1576.387811 -1579.404884 -1581.389899 -1582.686384 -1583.528498 -1584.073668 -1584.428361 -1584.671710 -1584.895465 -1585.382269 -1587.513604 -1596.513364 -1614.179624 -1201.595923 -1288.775840 -1251.747152 -1228.991548 -1218.546074 -1217.138362 -1216.994933 -1217.010928 -1217.049831 -1217.091489 -1217.131487 -1217.168504 -1217.202744 -1217.241550 -1217.356926 -1218.160169 -1223.561138 -1235.846926 -1254.262861 -1148.324556 -1586.435989 -1590.684570 -1586.358403 -1585.361343 -1585.196479 -1585.171153 -1585.167856 -1585.168180 -1585.168999 -1585.169739 -1585.170321 -1585.170765 -1585.171105 -1585.171369 -1585.171578 -1585.171747 -1585.171888 -1585.172014 -1585.172137 -1585.172274 -1585.172446 -1585.172686 -1585.173040 -1585.173585 -1585.174443 -1585.175815 -1585.178047 -1585.181742 -1585.187991 -1585.198843 -1585.218248 -1585.253996 -1585.321689 -1585.453092 -1585.714952 -1586.255976 -1587.435632 -1590.203982 -1597.409626 -1619.884783 -9999.0 -9999.0
-9999.0 -9999.0 378.689081 284.438797 188.080286 90.880401 -6.659120 -104.330401 -202.043869 -299.724256 -397.289540 -494.573252 -591.217062 -686.552934 -782.088770 -877.452008 -972.484084 -1067.407541 -1158.698718 -1246.357448 -1326.218838 -1394.233123 -1448.510235 -1489.553075 -1519.366891 -1540.434466 -1555.051583 -1565.061839 -1571.842442 -1576.387811 -1579.404884 -1581.389899 -1582.686384 -1583.528498 -1584.073668 -1584.428361 -1584.671710 -1584.895465 -1585.382269 -1587.513605 -1596.513364 -1614.179624 -1201.595923 -1288.775840 -1251.747153 -1228.991548 -1218.546074 -1217.138362 -1216.994933 -1217.010928 -1217.049831 -1217.091489 -1217.131487 -1217.168504 -1217.202744 -1217.241550 -1217.356926 -1218.160169 -1223.561138 -1235.846926 -1254.262861 -1148.324556 -1586.435989 -1590.684570 -1586.358403 -1585.361343 -1585.196479 -1585.171153 -1585.167856 -1585.168180 -1585.168999 -1585.169739 -1585.170321 -1585.170765 -1585.171105 -1585.171369 -1585.171578 -1585.171747 -1585.171888 -1585.172014 -1585.172137 -1585.172274 -1585.172446 -1585.172686 -1585.173040 -1585.173585 -1585.174443 -1585.175815 -1585.178047 -1585.181742 -1585.187991 -1585.198843 -1585.218248 -1585.253996 -1585.321689 -1585.453092 -1585.714952 -1586.255976 -1587.435632 -1590.203982 -1597.409626 -1619.884783 -9999.0 -9999.0
-9999.0 -9999.0 -9999.0 -9999.0 -9999.0 -9999.0 -9999.0 -9999.0 -9999.0 -9999.0 -9999.0 -9999.0 -9999.0 -9999.0 -9999.0 -9999.0 -9999.0 -9999.0 -9999.0 -9999.0 -9999.0 -9999.0 -9999.0 -9999.0 -9999.0 -9999.0 -9999.0 -9999.0 -9999.0 -9999.0 -9999.0 -9999.0 -9999.0 -9999.0 -9999.0 -9999.0 -9999.0 -9999.0 -9999.0 -9999.0 -9999.0 -9999.0 -9999.0 -9999.0 -9999.0 -9999.0 -9999.0 -9999.0 -9999.0 -9999.0 -9999.0 -9999.0 -9999.0 -9999.0 -9999.0 -9999.0 -9999.0 -9999.0 -9999.0 -9999.0 -9999.0 -9999.0 -9999.0 -9999.0 -9999.0 -9999.0 -9999.0 -9999.0 -9999.0 -9999.0 -9999.0 -9999.0 -9999.0 -9999.0 -9999.0 -9999.0 -9999.0 -9999.0 -9999.0 -9999.0 -9999.0 -9999.0 -9999.0 -9999.0 -9999.0 -9999.0 -9999.0 -9999.0 -9999.0 -9999.0 -9999.0 -9999.0 -9999.0 -9999.0 -9999.0 -9999.0 -9999.0 -9999.0 -9999.0 -9999.0 -9999.0 -9999.0 -9999.0 -9999.0
-9999.0 -9999.0 -9999.0 -9999.0 -9999.0 -9999.0 -9999.0 -9999.0 -9999.0 -9999.0 -9999.0 -9999.0 -9999.0 -9999.0 -9999.0 -9999.0 -9999.0 -9999.0 -9999.0 -9999.0 -9999.0 -9999.0 -9999.0 -9999.0 -9999.0 -9999.0 -9999.0 -9999.0 -9999.0 -9999.0 -9999.0 -9999.0 -9999.0 -9999.0 -9999.0 -9999.0 -9999.0 -9999.0 -9999.0 -9999.0 -9999.0 -9999.0 -9999.0 -9999.0 -9999.0 -9999.0 -9999.0 -9999.0 -9999.0 -9999.0 -9999.0 -9999.0 -9999.0 -9999.0 -9999.0 -9999.0 -9999.0 -9999.0 -9999.0 -9999.0 -9999.0 -9999.0 -9999.0 -9999.0 -9999.0 -9999.0 -9999.0 -9999.0 -9999.0 -9999.0 -9999.0 -9999.0 -9999.0 -9999.0 -9999.0 -9999.0 -9999.0 -9999.0 -9999.0 -9999.0 -9999.0 -9999.0 -9999.0 -9999.0 -9999.0 -9999.0 -9999.0 -9999.0 -9999.0 -9999.0 -9999.0 -9999.0 -9999.0 -9999.0 -9999.0 -9999.0 -9999.0 -9999.0 -9999.0 -9999.0 -9999.0 -9999.0 -9999.0 -9999.0