inst/processing_geotop_simulation/geotop_simulation/out/maps3D/PwL0010N0177.asc
ncols         104
nrows         10
xllcorner     -2.000000
yllcorner     0.000000
cellsize      1.000000
NODATA_value  -9999.0
-9999.0 -9999.0 -9999.0 -9999.0 -9999.0 -9999.0 -9999.0 -9999.0 -9999.0 -9999.0 -9999.0 -9999.0 -9999.0 -9999.0 -9999.0 -9999.0 -9999.0 -9999.0 -9999.0 -9999.0 -9999.0 -9999.0 -9999.0 -9999.0 -9999.0 -9999.0 -9999.0 -9999.0 -9999.0 -9999.0 -9999.0 -9999.0 -9999.0 -9999.0 -9999.0 -9999.0 -9999.0 -9999.0 -9999.0 -9999.0 -9999.0 -9999.0 -9999.0 -9999.0 -9999.0 -9999.0 -9999.0 -9999.0 -9999.0 -9999.0 -9999.0 -9999.0 -9999.0 -9999.0 -9999.0 -9999.0 -9999.0 -9999.0 -9999.0 -9999.0 -9999.0 -9999.0 -9999.0 -9999.0 -9999.0 -9999.0 -9999.0 -9999.0 -9999.0 -9999.0 -9999.0 -9999.0 -9999.0 -9999.0 -9999.0 -9999.0 -9999.0 -9999.0 -9999.0 -9999.0 -9999.0 -9999.0 -9999.0 -9999.0 -9999.0 -9999.0 -9999.0 -9999.0 -9999.0 -9999.0 -9999.0 -9999.0 -9999.0 -9999.0 -9999.0 -9999.0 -9999.0 -9999.0 -9999.0 -9999.0 -9999.0 -9999.0 -9999.0 -9999.0
-9999.0 -9999.0 -9999.0 -9999.0 -9999.0 -9999.0 -9999.0 -9999.0 -9999.0 -9999.0 -9999.0 -9999.0 -9999.0 -9999.0 -9999.0 -9999.0 -9999.0 -9999.0 -9999.0 -9999.0 -9999.0 -9999.0 -9999.0 -9999.0 -9999.0 -9999.0 -9999.0 -9999.0 -9999.0 -9999.0 -9999.0 -9999.0 -9999.0 -9999.0 -9999.0 -9999.0 -9999.0 -9999.0 -9999.0 -9999.0 -9999.0 -9999.0 -9999.0 -9999.0 -9999.0 -9999.0 -9999.0 -9999.0 -9999.0 -9999.0 -9999.0 -9999.0 -9999.0 -9999.0 -9999.0 -9999.0 -9999.0 -9999.0 -9999.0 -9999.0 -9999.0 -9999.0 -9999.0 -9999.0 -9999.0 -9999.0 -9999.0 -9999.0 -9999.0 -9999.0 -9999.0 -9999.0 -9999.0 -9999.0 -9999.0 -9999.0 -9999.0 -9999.0 -9999.0 -9999.0 -9999.0 -9999.0 -9999.0 -9999.0 -9999.0 -9999.0 -9999.0 -9999.0 -9999.0 -9999.0 -9999.0 -9999.0 -9999.0 -9999.0 -9999.0 -9999.0 -9999.0 -9999.0 -9999.0 -9999.0 -9999.0 -9999.0 -9999.0 -9999.0
-9999.0 -9999.0 481.296226 388.315316 293.121753 196.885695 100.206525 3.345107 -93.565218 -190.465769 -287.276158 -383.869389 -479.988541 -575.151999 -668.867521 -763.335950 -857.418037 -951.256615 -1044.870956 -1132.886603 -1212.561439 -1279.856735 -1333.081595 -1372.902609 -1401.463007 -1421.359086 -1434.958600 -1444.132428 -1450.253123 -1454.293877 -1456.934955 -1458.646011 -1459.746759 -1460.451374 -1460.901226 -1461.190400 -1461.388494 -1461.575399 -1461.999654 -1464.027061 -1474.176553 -1515.074900 -1460.567159 -1858.243803 -1731.227985 -1659.106763 -1627.302435 -1623.307334 -1622.907557 -1622.950804 -1623.056866 -1623.170365 -1623.279300 -1623.380096 -1623.473246 -1623.578148 -1623.888074 -1626.101112 -1642.197268 -1679.725614 -1740.516093 -1341.907178 -1485.991858 -1468.608854 -1462.988714 -1461.985246 -1461.832822 -1461.809813 -1461.806963 -1461.807490 -1461.808455 -1461.809305 -1461.809970 -1461.810475 -1461.810862 -1461.811162 -1461.811400 -1461.811592 -1461.811752 -1461.811894 -1461.812032 -1461.812186 -1461.812380 -1461.812649 -1461.813046 -1461.813656 -1461.814616 -1461.816152 -1461.818646 -1461.822767 -1461.829724 -1461.841775 -1461.863268 -1461.902764 -1461.977376 -1462.121809 -1462.408401 -1462.996550 -1464.267302 -1467.213045 -1474.716131 -1497.362666 -9999.0 -9999.0
-9999.0 -9999.0 481.303017 388.317208 293.122281 196.885854 100.206577 3.345124 -93.565213 -190.465767 -287.276157 -383.869389 -479.988541 -575.151999 -668.867521 -763.335950 -857.418037 -951.256615 -1044.870956 -1132.886603 -1212.561440 -1279.856735 -1333.081595 -1372.902609 -1401.463007 -1421.359086 -1434.958600 -1444.132428 -1450.253123 -1454.293877 -1456.934955 -1458.646011 -1459.746759 -1460.451374 -1460.901226 -1461.190400 -1461.388494 -1461.575399 -1461.999654 -1464.027061 -1474.176553 -1515.074900 -1460.567158 -1858.243802 -1731.227983 -1659.106761 -1627.302435 -1623.307334 -1622.907557 -1622.950804 -1623.056866 -1623.170365 -1623.279300 -1623.380096 -1623.473246 -1623.578148 -1623.888074 -1626.101112 -1642.197268 -1679.725614 -1740.516093 -1341.907178 -1485.991858 -1468.608854 -1462.988714 -1461.985246 -1461.832822 -1461.809813 -1461.806963 -1461.807490 -1461.808455 -1461.809305 -1461.809970 -1461.810475 -1461.810862 -1461.811162 -1461.811400 -1461.811592 -1461.811752 -1461.811894 -1461.812032 -1461.812186 -1461.812380 -1461.812649 -1461.813046 -1461.813656 -1461.814616 -1461.816152 -1461.818646 -1461.822767 -1461.829724 -1461.841775 -1461.863268 -1461.902764 -1461.977376 -1462.121809 -1462.408401 -1462.996550 -1464.267302 -1467.213045 -1474.716131 -1497.362666 -9999.0 -9999.0
-9999.0 -9999.0 481.304628 388.318056 293.122622 196.885980 100.206622 3.345140 -93.565207 -190.465765 -287.276157 -383.869389 -479.988540 -575.151999 -668.867521 -763.335950 -857.418037 -951.256615 -1044.870956 -1132.886603 -1212.561440 -1279.856735 -1333.081596 -1372.902609 -1401.463007 -1421.359086 -1434.958600 -1444.132428 -1450.253123 -1454.293877 -1456.934955 -1458.646011 -1459.746759 -1460.451374 -1460.901226 -1461.190400 -1461.388494 -1461.575399 -1461.999654 -1464.027061 -1474.176553 -1515.074900 -1460.567158 -1858.243802 -1731.227983 -1659.106760 -1627.302435 -1623.307334 -1622.907557 -1622.950804 -1623.056866 -1623.170365 -1623.279300 -1623.380096 -1623.473246 -1623.578148 -1623.888074 -1626.101112 -1642.197268 -1679.725614 -1740.516093 -1341.907178 -1485.991858 -1468.608854 -1462.988714 -1461.985246 -1461.832822 -1461.809813 -1461.806963 -1461.807490 -1461.808455 -1461.809305 -1461.809970 -1461.810475 -1461.810862 -1461.811162 -1461.811400 -1461.811592 -1461.811752 -1461.811894 -1461.812032 -1461.812186 -1461.812380 -1461.812649 -1461.813046 -1461.813656 -1461.814616 -1461.816152 -1461.818646 -1461.822767 -1461.829724 -1461.841775 -1461.863268 -1461.902764 -1461.977376 -1462.121809 -1462.408401 -1462.996550 -1464.267302 -1467.213045 -1474.716131 -1497.362666 -9999.0 -9999.0
-9999.0 -9999.0 481.304628 388.318056 293.122622 196.885980 100.206622 3.345140 -93.565207 -190.465765 -287.276157 -383.869388 -479.988541 -575.151999 -668.867521 -763.335950 -857.418037 -951.256615 -1044.870956 -1132.886603 -1212.561440 -1279.856735 -1333.081596 -1372.902609 -1401.463007 -1421.359086 -1434.958600 -1444.132428 -1450.253123 -1454.293877 -1456.934955 -1458.646011 -1459.746759 -1460.451374 -1460.901226 -1461.190400 -1461.388494 -1461.575399 -1461.999654 -1464.027061 -1474.176553 -1515.074900 -1460.567158 -1858.243802 -1731.227983 -1659.106760 -1627.302435 -1623.307334 -1622.907557 -1622.950804 -1623.056866 -1623.170365 -1623.279300 -1623.380096 -1623.473246 -1623.578148 -1623.888074 -1626.101112 -1642.197268 -1679.725614 -1740.516093 -1341.907178 -1485.991858 -1468.608854 -1462.988714 -1461.985246 -1461.832822 -1461.809813 -1461.806963 -1461.807490 -1461.808455 -1461.809305 -1461.809970 -1461.810475 -1461.810862 -1461.811162 -1461.811400 -1461.811592 -1461.811752 -1461.811894 -1461.812032 -1461.812186 -1461.812380 -1461.812649 -1461.813046 -1461.813656 -1461.814616 -1461.816152 -1461.818646 -1461.822767 -1461.829724 -1461.841775 -1461.863268 -1461.902764 -1461.977376 -1462.121809 -1462.408401 -1462.996550 -1464.267302 -1467.213045 -1474.716131 -1497.362666 -9999.0 -9999.0
-9999.0 -9999.0 481.303017 388.317208 293.122281 196.885854 100.206577 3.345124 -93.565212 -190.465767 -287.276157 -383.869389 -479.988541 -575.151999 -668.867521 -763.335950 -857.418037 -951.256615 -1044.870956 -1132.886603 -1212.561440 -1279.856735 -1333.081595 -1372.902609 -1401.463007 -1421.359086 -1434.958600 -1444.132428 -1450.253123 -1454.293877 -1456.934955 -1458.646011 -1459.746759 -1460.451374 -1460.901226 -1461.190400 -1461.388494 -1461.575399 -1461.999654 -1464.027061 -1474.176553 -1515.074900 -1460.567158 -1858.243802 -1731.227983 -1659.106761 -1627.302435 -1623.307334 -1622.907557 -1622.950804 -1623.056866 -1623.170365 -1623.279300 -1623.380096 -1623.473246 -1623.578148 -1623.888074 -1626.101112 -1642.197268 -1679.725614 -1740.516093 -1341.907178 -1485.991858 -1468.608854 -1462.988714 -1461.985246 -1461.832822 -1461.809813 -1461.806963 -1461.807490 -1461.808455 -1461.809305 -1461.809970 -1461.810475 -1461.810862 -1461.811162 -1461.811400 -1461.811592 -1461.811752 -1461.811894 -1461.812032 -1461.812186 -1461.812380 -1461.812649 -1461.813046 -1461.813656 -1461.814616 -1461.816152 -1461.818646 -1461.822767 -1461.829724 -1461.841775 -1461.863268 -1461.902764 -1461.977376 -1462.121809 -1462.408401 -1462.996550 -1464.267302 -1467.213045 -1474.716131 -1497.362666 -9999.0 -9999.0
-9999.0 -9999.0 481.296226 388.315316 293.121753 196.885695 100.206525 3.345107 -93.565218 -190.465769 -287.276158 -383.869389 -479.988541 -575.151999 -668.867521 -763.335950 -857.418037 -951.256615 -1044.870956 -1132.886603 -1212.561439 -1279.856735 -1333.081595 -1372.902609 -1401.463007 -1421.359086 -1434.958600 -1444.132428 -1450.253123 -1454.293877 -1456.934955 -1458.646011 -1459.746759 -1460.451374 -1460.901226 -1461.190400 -1461.388494 -1461.575399 -1461.999654 -1464.027061 -1474.176553 -1515.074900 -1460.567159 -1858.243803 -1731.227985 -1659.106763 -1627.302435 -1623.307334 -1622.907557 -1622.950804 -1623.056866 -1623.170365 -1623.279300 -1623.380096 -1623.473246 -1623.578148 -1623.888074 -1626.101112 -1642.197268 -1679.725614 -1740.516093 -1341.907178 -1485.991858 -1468.608854 -1462.988714 -1461.985246 -1461.832822 -1461.809813 -1461.806963 -1461.807490 -1461.808455 -1461.809305 -1461.809970 -1461.810475 -1461.810862 -1461.811162 -1461.811400 -1461.811592 -1461.811752 -1461.811894 -1461.812032 -1461.812186 -1461.812380 -1461.812649 -1461.813046 -1461.813656 -1461.814616 -1461.816152 -1461.818646 -1461.822767 -1461.829724 -1461.841775 -1461.863268 -1461.902764 -1461.977376 -1462.121809 -1462.408401 -1462.996550 -1464.267302 -1467.213045 -1474.716131 -1497.362666 -9999.0 -9999.0
-9999.0 -9999.0 -9999.0 -9999.0 -9999.0 -9999.0 -9999.0 -9999.0 -9999.0 -9999.0 -9999.0 -9999.0 -9999.0 -9999.0 -9999.0 -9999.0 -9999.0 -9999.0 -9999.0 -9999.0 -9999.0 -9999.0 -9999.0 -9999.0 -9999.0 -9999.0 -9999.0 -9999.0 -9999.0 -9999.0 -9999.0 -9999.0 -9999.0 -9999.0 -9999.0 -9999.0 -9999.0 -9999.0 -9999.0 -9999.0 -9999.0 -9999.0 -9999.0 -9999.0 -9999.0 -9999.0 -9999.0 -9999.0 -9999.0 -9999.0 -9999.0 -9999.0 -9999.0 -9999.0 -9999.0 -9999.0 -9999.0 -9999.0 -9999.0 -9999.0 -9999.0 -9999.0 -9999.0 -9999.0 -9999.0 -9999.0 -9999.0 -9999.0 -9999.0 -9999.0 -9999.0 -9999.0 -9999.0 -9999.0 -9999.0 -9999.0 -9999.0 -9999.0 -9999.0 -9999.0 -9999.0 -9999.0 -9999.0 -9999.0 -9999.0 -9999.0 -9999.0 -9999.0 -9999.0 -9999.0 -9999.0 -9999.0 -9999.0 -9999.0 -9999.0 -9999.0 -9999.0 -9999.0 -9999.0 -9999.0 -9999.0 -9999.0 -9999.0 -9999.0
-9999.0 -9999.0 -9999.0 -9999.0 -9999.0 -9999.0 -9999.0 -9999.0 -9999.0 -9999.0 -9999.0 -9999.0 -9999.0 -9999.0 -9999.0 -9999.0 -9999.0 -9999.0 -9999.0 -9999.0 -9999.0 -9999.0 -9999.0 -9999.0 -9999.0 -9999.0 -9999.0 -9999.0 -9999.0 -9999.0 -9999.0 -9999.0 -9999.0 -9999.0 -9999.0 -9999.0 -9999.0 -9999.0 -9999.0 -9999.0 -9999.0 -9999.0 -9999.0 -9999.0 -9999.0 -9999.0 -9999.0 -9999.0 -9999.0 -9999.0 -9999.0 -9999.0 -9999.0 -9999.0 -9999.0 -9999.0 -9999.0 -9999.0 -9999.0 -9999.0 -9999.0 -9999.0 -9999.0 -9999.0 -9999.0 -9999.0 -9999.0 -9999.0 -9999.0 -9999.0 -9999.0 -9999.0 -9999.0 -9999.0 -9999.0 -9999.0 -9999.0 -9999.0 -9999.0 -9999.0 -9999.0 -9999.0 -9999.0 -9999.0 -9999.0 -9999.0 -9999.0 -9999.0 -9999.0 -9999.0 -9999.0 -9999.0 -9999.0 -9999.0 -9999.0 -9999.0 -9999.0 -9999.0 -9999.0 -9999.0 -9999.0 -9999.0 -9999.0 -9999.0