inst/processing_geotop_simulation/geotop_simulation/out/maps3D/PwL0017N0149.asc
ncols         104
nrows         10
xllcorner     -2.000000
yllcorner     0.000000
cellsize      1.000000
NODATA_value  -9999.0
-9999.0 -9999.0 -9999.0 -9999.0 -9999.0 -9999.0 -9999.0 -9999.0 -9999.0 -9999.0 -9999.0 -9999.0 -9999.0 -9999.0 -9999.0 -9999.0 -9999.0 -9999.0 -9999.0 -9999.0 -9999.0 -9999.0 -9999.0 -9999.0 -9999.0 -9999.0 -9999.0 -9999.0 -9999.0 -9999.0 -9999.0 -9999.0 -9999.0 -9999.0 -9999.0 -9999.0 -9999.0 -9999.0 -9999.0 -9999.0 -9999.0 -9999.0 -9999.0 -9999.0 -9999.0 -9999.0 -9999.0 -9999.0 -9999.0 -9999.0 -9999.0 -9999.0 -9999.0 -9999.0 -9999.0 -9999.0 -9999.0 -9999.0 -9999.0 -9999.0 -9999.0 -9999.0 -9999.0 -9999.0 -9999.0 -9999.0 -9999.0 -9999.0 -9999.0 -9999.0 -9999.0 -9999.0 -9999.0 -9999.0 -9999.0 -9999.0 -9999.0 -9999.0 -9999.0 -9999.0 -9999.0 -9999.0 -9999.0 -9999.0 -9999.0 -9999.0 -9999.0 -9999.0 -9999.0 -9999.0 -9999.0 -9999.0 -9999.0 -9999.0 -9999.0 -9999.0 -9999.0 -9999.0 -9999.0 -9999.0 -9999.0 -9999.0 -9999.0 -9999.0
-9999.0 -9999.0 -9999.0 -9999.0 -9999.0 -9999.0 -9999.0 -9999.0 -9999.0 -9999.0 -9999.0 -9999.0 -9999.0 -9999.0 -9999.0 -9999.0 -9999.0 -9999.0 -9999.0 -9999.0 -9999.0 -9999.0 -9999.0 -9999.0 -9999.0 -9999.0 -9999.0 -9999.0 -9999.0 -9999.0 -9999.0 -9999.0 -9999.0 -9999.0 -9999.0 -9999.0 -9999.0 -9999.0 -9999.0 -9999.0 -9999.0 -9999.0 -9999.0 -9999.0 -9999.0 -9999.0 -9999.0 -9999.0 -9999.0 -9999.0 -9999.0 -9999.0 -9999.0 -9999.0 -9999.0 -9999.0 -9999.0 -9999.0 -9999.0 -9999.0 -9999.0 -9999.0 -9999.0 -9999.0 -9999.0 -9999.0 -9999.0 -9999.0 -9999.0 -9999.0 -9999.0 -9999.0 -9999.0 -9999.0 -9999.0 -9999.0 -9999.0 -9999.0 -9999.0 -9999.0 -9999.0 -9999.0 -9999.0 -9999.0 -9999.0 -9999.0 -9999.0 -9999.0 -9999.0 -9999.0 -9999.0 -9999.0 -9999.0 -9999.0 -9999.0 -9999.0 -9999.0 -9999.0 -9999.0 -9999.0 -9999.0 -9999.0 -9999.0 -9999.0
-9999.0 -9999.0 835.163101 741.756496 647.432737 552.216312 456.543786 360.668235 264.723066 168.779488 72.876464 -22.953231 -118.689228 -214.291243 -309.662182 -404.645280 -499.014309 -592.393755 -684.852559 -776.635471 -866.829377 -955.216952 -1035.079461 -1098.299954 -1148.067814 -1185.181028 -1211.604771 -1229.717917 -1241.758474 -1249.563726 -1254.522346 -1257.623497 -1259.541048 -1260.718374 -1261.439243 -1261.883827 -1262.173023 -1262.418249 -1262.900257 -1265.186721 -1278.135902 -1361.997101 -2034.964000 -4115.836460 -4133.662571 -4133.663366 -4133.663366 -4133.663366 -4133.663365 -4133.663362 -4133.663350 -4133.663312 -4133.663243 -4133.663146 -4133.662974 -4133.662617 -4133.661766 -4133.659508 -4133.652991 -4133.631164 -4103.851278 -1904.059974 -1327.546163 -1272.257768 -1264.118987 -1262.959672 -1262.797958 -1262.774173 -1262.771301 -1262.771935 -1262.773014 -1262.773959 -1262.774697 -1262.775260 -1262.775692 -1262.776027 -1262.776294 -1262.776509 -1262.776689 -1262.776849 -1262.777005 -1262.777177 -1262.777393 -1262.777692 -1262.778133 -1262.778809 -1262.779871 -1262.781570 -1262.784328 -1262.788883 -1262.796571 -1262.809886 -1262.833631 -1262.877275 -1262.959782 -1263.119816 -1263.438900 -1264.100555 -1265.555827 -1268.995785 -1277.739704 -1302.611945 -9999.0 -9999.0
-9999.0 -9999.0 835.167238 741.757973 647.433203 552.216461 456.543835 360.668252 264.723071 168.779490 72.876464 -22.953231 -118.689228 -214.291243 -309.662183 -404.645280 -499.014309 -592.393755 -684.852559 -776.635471 -866.829378 -955.216952 -1035.079461 -1098.299954 -1148.067815 -1185.181028 -1211.604771 -1229.717917 -1241.758475 -1249.563726 -1254.522346 -1257.623497 -1259.541048 -1260.718374 -1261.439243 -1261.883827 -1262.173023 -1262.418249 -1262.900257 -1265.186721 -1278.135902 -1361.997101 -2034.963999 -4115.836460 -4133.662571 -4133.663366 -4133.663366 -4133.663366 -4133.663365 -4133.663362 -4133.663350 -4133.663312 -4133.663243 -4133.663146 -4133.662974 -4133.662617 -4133.661766 -4133.659508 -4133.652991 -4133.631164 -4103.851278 -1904.059974 -1327.546163 -1272.257768 -1264.118987 -1262.959672 -1262.797958 -1262.774173 -1262.771301 -1262.771935 -1262.773014 -1262.773959 -1262.774697 -1262.775260 -1262.775692 -1262.776027 -1262.776294 -1262.776509 -1262.776689 -1262.776849 -1262.777005 -1262.777177 -1262.777393 -1262.777692 -1262.778133 -1262.778809 -1262.779871 -1262.781570 -1262.784328 -1262.788883 -1262.796571 -1262.809886 -1262.833631 -1262.877275 -1262.959782 -1263.119816 -1263.438900 -1264.100555 -1265.555827 -1268.995785 -1277.739704 -1302.611945 -9999.0 -9999.0
-9999.0 -9999.0 835.168666 741.758730 647.433519 552.216581 456.543879 360.668268 264.723077 168.779492 72.876465 -22.953231 -118.689228 -214.291244 -309.662183 -404.645280 -499.014309 -592.393755 -684.852559 -776.635471 -866.829378 -955.216952 -1035.079462 -1098.299955 -1148.067815 -1185.181028 -1211.604771 -1229.717917 -1241.758475 -1249.563727 -1254.522346 -1257.623498 -1259.541048 -1260.718374 -1261.439243 -1261.883827 -1262.173023 -1262.418249 -1262.900257 -1265.186721 -1278.135902 -1361.997101 -2034.963999 -4115.836460 -4133.662571 -4133.663366 -4133.663366 -4133.663366 -4133.663365 -4133.663362 -4133.663350 -4133.663312 -4133.663243 -4133.663146 -4133.662974 -4133.662617 -4133.661766 -4133.659508 -4133.652991 -4133.631164 -4103.851278 -1904.059973 -1327.546163 -1272.257768 -1264.118987 -1262.959672 -1262.797958 -1262.774173 -1262.771301 -1262.771935 -1262.773014 -1262.773959 -1262.774697 -1262.775260 -1262.775692 -1262.776027 -1262.776294 -1262.776509 -1262.776689 -1262.776849 -1262.777005 -1262.777177 -1262.777393 -1262.777692 -1262.778133 -1262.778809 -1262.779871 -1262.781570 -1262.784328 -1262.788883 -1262.796571 -1262.809886 -1262.833631 -1262.877275 -1262.959782 -1263.119816 -1263.438900 -1264.100555 -1265.555827 -1268.995785 -1277.739704 -1302.611945 -9999.0 -9999.0
-9999.0 -9999.0 835.168666 741.758730 647.433519 552.216581 456.543879 360.668268 264.723077 168.779492 72.876465 -22.953231 -118.689228 -214.291243 -309.662183 -404.645280 -499.014309 -592.393755 -684.852559 -776.635471 -866.829378 -955.216952 -1035.079462 -1098.299955 -1148.067815 -1185.181028 -1211.604771 -1229.717917 -1241.758475 -1249.563727 -1254.522346 -1257.623498 -1259.541048 -1260.718374 -1261.439243 -1261.883827 -1262.173023 -1262.418249 -1262.900257 -1265.186721 -1278.135902 -1361.997101 -2034.963999 -4115.836460 -4133.662571 -4133.663366 -4133.663366 -4133.663366 -4133.663365 -4133.663362 -4133.663350 -4133.663312 -4133.663243 -4133.663146 -4133.662974 -4133.662617 -4133.661766 -4133.659508 -4133.652991 -4133.631164 -4103.851278 -1904.059974 -1327.546163 -1272.257768 -1264.118987 -1262.959672 -1262.797958 -1262.774173 -1262.771301 -1262.771935 -1262.773014 -1262.773959 -1262.774697 -1262.775260 -1262.775692 -1262.776027 -1262.776294 -1262.776509 -1262.776689 -1262.776849 -1262.777005 -1262.777177 -1262.777393 -1262.777692 -1262.778133 -1262.778809 -1262.779871 -1262.781570 -1262.784328 -1262.788883 -1262.796571 -1262.809886 -1262.833631 -1262.877275 -1262.959782 -1263.119816 -1263.438900 -1264.100555 -1265.555827 -1268.995785 -1277.739704 -1302.611945 -9999.0 -9999.0
-9999.0 -9999.0 835.167238 741.757973 647.433203 552.216461 456.543835 360.668252 264.723072 168.779490 72.876464 -22.953231 -118.689228 -214.291243 -309.662183 -404.645280 -499.014309 -592.393755 -684.852559 -776.635471 -866.829378 -955.216952 -1035.079461 -1098.299954 -1148.067815 -1185.181028 -1211.604771 -1229.717917 -1241.758475 -1249.563726 -1254.522346 -1257.623497 -1259.541048 -1260.718374 -1261.439243 -1261.883827 -1262.173023 -1262.418249 -1262.900257 -1265.186721 -1278.135902 -1361.997101 -2034.963999 -4115.836460 -4133.662571 -4133.663366 -4133.663366 -4133.663366 -4133.663365 -4133.663362 -4133.663350 -4133.663312 -4133.663243 -4133.663146 -4133.662974 -4133.662617 -4133.661766 -4133.659508 -4133.652991 -4133.631164 -4103.851278 -1904.059974 -1327.546163 -1272.257768 -1264.118987 -1262.959672 -1262.797958 -1262.774173 -1262.771301 -1262.771935 -1262.773014 -1262.773959 -1262.774697 -1262.775260 -1262.775692 -1262.776027 -1262.776294 -1262.776509 -1262.776689 -1262.776849 -1262.777005 -1262.777177 -1262.777393 -1262.777692 -1262.778133 -1262.778809 -1262.779871 -1262.781570 -1262.784328 -1262.788883 -1262.796571 -1262.809886 -1262.833631 -1262.877275 -1262.959782 -1263.119816 -1263.438900 -1264.100555 -1265.555827 -1268.995785 -1277.739704 -1302.611945 -9999.0 -9999.0
-9999.0 -9999.0 835.163101 741.756496 647.432737 552.216312 456.543786 360.668235 264.723066 168.779488 72.876463 -22.953231 -118.689228 -214.291243 -309.662183 -404.645280 -499.014309 -592.393755 -684.852559 -776.635471 -866.829377 -955.216952 -1035.079461 -1098.299954 -1148.067814 -1185.181028 -1211.604771 -1229.717917 -1241.758474 -1249.563726 -1254.522346 -1257.623497 -1259.541048 -1260.718374 -1261.439243 -1261.883827 -1262.173023 -1262.418249 -1262.900257 -1265.186721 -1278.135902 -1361.997101 -2034.964000 -4115.836460 -4133.662571 -4133.663366 -4133.663366 -4133.663366 -4133.663365 -4133.663362 -4133.663350 -4133.663312 -4133.663243 -4133.663146 -4133.662974 -4133.662617 -4133.661766 -4133.659508 -4133.652991 -4133.631164 -4103.851278 -1904.059974 -1327.546163 -1272.257768 -1264.118987 -1262.959672 -1262.797958 -1262.774173 -1262.771301 -1262.771935 -1262.773014 -1262.773959 -1262.774697 -1262.775260 -1262.775692 -1262.776027 -1262.776294 -1262.776509 -1262.776689 -1262.776849 -1262.777005 -1262.777177 -1262.777393 -1262.777692 -1262.778133 -1262.778809 -1262.779871 -1262.781570 -1262.784328 -1262.788883 -1262.796571 -1262.809886 -1262.833631 -1262.877275 -1262.959782 -1263.119816 -1263.438900 -1264.100555 -1265.555827 -1268.995785 -1277.739704 -1302.611945 -9999.0 -9999.0
-9999.0 -9999.0 -9999.0 -9999.0 -9999.0 -9999.0 -9999.0 -9999.0 -9999.0 -9999.0 -9999.0 -9999.0 -9999.0 -9999.0 -9999.0 -9999.0 -9999.0 -9999.0 -9999.0 -9999.0 -9999.0 -9999.0 -9999.0 -9999.0 -9999.0 -9999.0 -9999.0 -9999.0 -9999.0 -9999.0 -9999.0 -9999.0 -9999.0 -9999.0 -9999.0 -9999.0 -9999.0 -9999.0 -9999.0 -9999.0 -9999.0 -9999.0 -9999.0 -9999.0 -9999.0 -9999.0 -9999.0 -9999.0 -9999.0 -9999.0 -9999.0 -9999.0 -9999.0 -9999.0 -9999.0 -9999.0 -9999.0 -9999.0 -9999.0 -9999.0 -9999.0 -9999.0 -9999.0 -9999.0 -9999.0 -9999.0 -9999.0 -9999.0 -9999.0 -9999.0 -9999.0 -9999.0 -9999.0 -9999.0 -9999.0 -9999.0 -9999.0 -9999.0 -9999.0 -9999.0 -9999.0 -9999.0 -9999.0 -9999.0 -9999.0 -9999.0 -9999.0 -9999.0 -9999.0 -9999.0 -9999.0 -9999.0 -9999.0 -9999.0 -9999.0 -9999.0 -9999.0 -9999.0 -9999.0 -9999.0 -9999.0 -9999.0 -9999.0 -9999.0
-9999.0 -9999.0 -9999.0 -9999.0 -9999.0 -9999.0 -9999.0 -9999.0 -9999.0 -9999.0 -9999.0 -9999.0 -9999.0 -9999.0 -9999.0 -9999.0 -9999.0 -9999.0 -9999.0 -9999.0 -9999.0 -9999.0 -9999.0 -9999.0 -9999.0 -9999.0 -9999.0 -9999.0 -9999.0 -9999.0 -9999.0 -9999.0 -9999.0 -9999.0 -9999.0 -9999.0 -9999.0 -9999.0 -9999.0 -9999.0 -9999.0 -9999.0 -9999.0 -9999.0 -9999.0 -9999.0 -9999.0 -9999.0 -9999.0 -9999.0 -9999.0 -9999.0 -9999.0 -9999.0 -9999.0 -9999.0 -9999.0 -9999.0 -9999.0 -9999.0 -9999.0 -9999.0 -9999.0 -9999.0 -9999.0 -9999.0 -9999.0 -9999.0 -9999.0 -9999.0 -9999.0 -9999.0 -9999.0 -9999.0 -9999.0 -9999.0 -9999.0 -9999.0 -9999.0 -9999.0 -9999.0 -9999.0 -9999.0 -9999.0 -9999.0 -9999.0 -9999.0 -9999.0 -9999.0 -9999.0 -9999.0 -9999.0 -9999.0 -9999.0 -9999.0 -9999.0 -9999.0 -9999.0 -9999.0 -9999.0 -9999.0 -9999.0 -9999.0 -9999.0