inst/processing_geotop_simulation/geotop_simulation/out/maps3D/PwL0001N0469.asc
ncols         104
nrows         10
xllcorner     -2.000000
yllcorner     0.000000
cellsize      1.000000
NODATA_value  -9999.0
-9999.0 -9999.0 -9999.0 -9999.0 -9999.0 -9999.0 -9999.0 -9999.0 -9999.0 -9999.0 -9999.0 -9999.0 -9999.0 -9999.0 -9999.0 -9999.0 -9999.0 -9999.0 -9999.0 -9999.0 -9999.0 -9999.0 -9999.0 -9999.0 -9999.0 -9999.0 -9999.0 -9999.0 -9999.0 -9999.0 -9999.0 -9999.0 -9999.0 -9999.0 -9999.0 -9999.0 -9999.0 -9999.0 -9999.0 -9999.0 -9999.0 -9999.0 -9999.0 -9999.0 -9999.0 -9999.0 -9999.0 -9999.0 -9999.0 -9999.0 -9999.0 -9999.0 -9999.0 -9999.0 -9999.0 -9999.0 -9999.0 -9999.0 -9999.0 -9999.0 -9999.0 -9999.0 -9999.0 -9999.0 -9999.0 -9999.0 -9999.0 -9999.0 -9999.0 -9999.0 -9999.0 -9999.0 -9999.0 -9999.0 -9999.0 -9999.0 -9999.0 -9999.0 -9999.0 -9999.0 -9999.0 -9999.0 -9999.0 -9999.0 -9999.0 -9999.0 -9999.0 -9999.0 -9999.0 -9999.0 -9999.0 -9999.0 -9999.0 -9999.0 -9999.0 -9999.0 -9999.0 -9999.0 -9999.0 -9999.0 -9999.0 -9999.0 -9999.0 -9999.0
-9999.0 -9999.0 -9999.0 -9999.0 -9999.0 -9999.0 -9999.0 -9999.0 -9999.0 -9999.0 -9999.0 -9999.0 -9999.0 -9999.0 -9999.0 -9999.0 -9999.0 -9999.0 -9999.0 -9999.0 -9999.0 -9999.0 -9999.0 -9999.0 -9999.0 -9999.0 -9999.0 -9999.0 -9999.0 -9999.0 -9999.0 -9999.0 -9999.0 -9999.0 -9999.0 -9999.0 -9999.0 -9999.0 -9999.0 -9999.0 -9999.0 -9999.0 -9999.0 -9999.0 -9999.0 -9999.0 -9999.0 -9999.0 -9999.0 -9999.0 -9999.0 -9999.0 -9999.0 -9999.0 -9999.0 -9999.0 -9999.0 -9999.0 -9999.0 -9999.0 -9999.0 -9999.0 -9999.0 -9999.0 -9999.0 -9999.0 -9999.0 -9999.0 -9999.0 -9999.0 -9999.0 -9999.0 -9999.0 -9999.0 -9999.0 -9999.0 -9999.0 -9999.0 -9999.0 -9999.0 -9999.0 -9999.0 -9999.0 -9999.0 -9999.0 -9999.0 -9999.0 -9999.0 -9999.0 -9999.0 -9999.0 -9999.0 -9999.0 -9999.0 -9999.0 -9999.0 -9999.0 -9999.0 -9999.0 -9999.0 -9999.0 -9999.0 -9999.0 -9999.0
-9999.0 -9999.0 25.790265 -72.232526 -171.335304 -270.671392 -370.092705 -469.545126 -569.001307 -668.440664 -767.836858 -867.172390 -966.430797 -1065.592429 -1164.725561 -1263.809462 -1362.680995 -1461.210547 -1559.147072 -1655.959070 -1750.545999 -1840.859198 -1923.917038 -1996.700222 -2057.334315 -2105.593571 -2142.589941 -2170.132741 -2190.180663 -2204.521452 -2214.641341 -2221.706596 -2226.597650 -2229.961161 -2232.263117 -2233.837528 -2234.936561 -2235.816397 -2236.949002 -2239.109639 -2237.215895 -2156.347004 -1324.788003 -1320.374817 -1310.674365 -1304.201665 -1301.150644 -1300.658701 -1300.604095 -1300.608291 -1300.620926 -1300.634603 -1300.647761 -1300.659957 -1300.671348 -1300.685224 -1300.731483 -1301.032780 -1302.681087 -1306.289400 -1310.932617 -1308.299472 -2131.559631 -2231.756094 -2237.800608 -2237.454531 -2237.249758 -2237.203213 -2237.195080 -2237.194146 -2237.194394 -2237.194765 -2237.195084 -2237.195339 -2237.195539 -2237.195700 -2237.195833 -2237.195944 -2237.196042 -2237.196133 -2237.196225 -2237.196326 -2237.196449 -2237.196614 -2237.196848 -2237.197196 -2237.197733 -2237.198584 -2237.199962 -2237.202254 -2237.206169 -2237.213061 -2237.225579 -2237.249036 -2237.294356 -2237.384858 -2237.573201 -2237.987407 -2238.966519 -2241.505063 -2248.901848 -2273.605831 -9999.0 -9999.0
-9999.0 -9999.0 25.801044 -72.230740 -171.334859 -270.671262 -370.092663 -469.545112 -569.001302 -668.440662 -767.836857 -867.172389 -966.430797 -1065.592429 -1164.725560 -1263.809462 -1362.680995 -1461.210547 -1559.147072 -1655.959070 -1750.545999 -1840.859198 -1923.917038 -1996.700223 -2057.334315 -2105.593571 -2142.589941 -2170.132741 -2190.180663 -2204.521452 -2214.641341 -2221.706596 -2226.597650 -2229.961161 -2232.263117 -2233.837528 -2234.936561 -2235.816397 -2236.949002 -2239.109639 -2237.215895 -2156.347004 -1324.788003 -1320.374817 -1310.674365 -1304.201665 -1301.150644 -1300.658701 -1300.604095 -1300.608291 -1300.620926 -1300.634603 -1300.647761 -1300.659957 -1300.671348 -1300.685224 -1300.731483 -1301.032780 -1302.681087 -1306.289400 -1310.932617 -1308.299472 -2131.559631 -2231.756094 -2237.800608 -2237.454531 -2237.249758 -2237.203213 -2237.195080 -2237.194146 -2237.194394 -2237.194765 -2237.195084 -2237.195339 -2237.195539 -2237.195700 -2237.195833 -2237.195944 -2237.196042 -2237.196133 -2237.196225 -2237.196326 -2237.196449 -2237.196614 -2237.196847 -2237.197196 -2237.197733 -2237.198584 -2237.199962 -2237.202254 -2237.206169 -2237.213061 -2237.225579 -2237.249036 -2237.294356 -2237.384858 -2237.573201 -2237.987407 -2238.966519 -2241.505063 -2248.901848 -2273.605831 -9999.0 -9999.0
-9999.0 -9999.0 25.802040 -72.230025 -171.334577 -270.671160 -370.092627 -469.545099 -569.001297 -668.440660 -767.836857 -867.172389 -966.430797 -1065.592429 -1164.725560 -1263.809462 -1362.680995 -1461.210547 -1559.147072 -1655.959070 -1750.545999 -1840.859198 -1923.917038 -1996.700223 -2057.334315 -2105.593571 -2142.589941 -2170.132741 -2190.180663 -2204.521452 -2214.641341 -2221.706596 -2226.597650 -2229.961161 -2232.263117 -2233.837528 -2234.936561 -2235.816397 -2236.949002 -2239.109639 -2237.215895 -2156.347004 -1324.788003 -1320.374817 -1310.674365 -1304.201665 -1301.150644 -1300.658701 -1300.604095 -1300.608291 -1300.620926 -1300.634603 -1300.647761 -1300.659957 -1300.671348 -1300.685224 -1300.731483 -1301.032780 -1302.681087 -1306.289400 -1310.932617 -1308.299472 -2131.559631 -2231.756094 -2237.800608 -2237.454531 -2237.249758 -2237.203213 -2237.195080 -2237.194146 -2237.194394 -2237.194765 -2237.195084 -2237.195339 -2237.195539 -2237.195700 -2237.195833 -2237.195944 -2237.196042 -2237.196133 -2237.196225 -2237.196326 -2237.196449 -2237.196614 -2237.196847 -2237.197196 -2237.197733 -2237.198584 -2237.199962 -2237.202254 -2237.206169 -2237.213061 -2237.225579 -2237.249036 -2237.294356 -2237.384858 -2237.573201 -2237.987407 -2238.966519 -2241.505063 -2248.901848 -2273.605831 -9999.0 -9999.0
-9999.0 -9999.0 25.802040 -72.230025 -171.334577 -270.671160 -370.092627 -469.545099 -569.001297 -668.440660 -767.836857 -867.172389 -966.430796 -1065.592429 -1164.725560 -1263.809462 -1362.680995 -1461.210547 -1559.147072 -1655.959070 -1750.545999 -1840.859198 -1923.917038 -1996.700223 -2057.334315 -2105.593571 -2142.589941 -2170.132741 -2190.180663 -2204.521452 -2214.641341 -2221.706596 -2226.597650 -2229.961161 -2232.263117 -2233.837528 -2234.936561 -2235.816397 -2236.949002 -2239.109639 -2237.215895 -2156.347004 -1324.788003 -1320.374817 -1310.674365 -1304.201665 -1301.150644 -1300.658701 -1300.604095 -1300.608291 -1300.620926 -1300.634603 -1300.647761 -1300.659957 -1300.671348 -1300.685224 -1300.731483 -1301.032780 -1302.681087 -1306.289400 -1310.932617 -1308.299472 -2131.559631 -2231.756094 -2237.800608 -2237.454531 -2237.249758 -2237.203213 -2237.195080 -2237.194146 -2237.194394 -2237.194765 -2237.195084 -2237.195339 -2237.195539 -2237.195700 -2237.195833 -2237.195944 -2237.196042 -2237.196133 -2237.196225 -2237.196326 -2237.196449 -2237.196614 -2237.196847 -2237.197196 -2237.197733 -2237.198584 -2237.199962 -2237.202254 -2237.206169 -2237.213061 -2237.225579 -2237.249036 -2237.294356 -2237.384858 -2237.573201 -2237.987407 -2238.966519 -2241.505063 -2248.901848 -2273.605831 -9999.0 -9999.0
-9999.0 -9999.0 25.801044 -72.230740 -171.334859 -270.671262 -370.092663 -469.545112 -569.001302 -668.440662 -767.836857 -867.172389 -966.430797 -1065.592429 -1164.725560 -1263.809462 -1362.680995 -1461.210547 -1559.147072 -1655.959070 -1750.545999 -1840.859198 -1923.917038 -1996.700223 -2057.334315 -2105.593571 -2142.589941 -2170.132741 -2190.180663 -2204.521452 -2214.641341 -2221.706596 -2226.597650 -2229.961161 -2232.263117 -2233.837528 -2234.936561 -2235.816397 -2236.949002 -2239.109639 -2237.215895 -2156.347004 -1324.788003 -1320.374817 -1310.674365 -1304.201665 -1301.150644 -1300.658701 -1300.604095 -1300.608291 -1300.620926 -1300.634603 -1300.647761 -1300.659957 -1300.671348 -1300.685224 -1300.731483 -1301.032780 -1302.681087 -1306.289400 -1310.932617 -1308.299472 -2131.559631 -2231.756094 -2237.800608 -2237.454531 -2237.249758 -2237.203213 -2237.195080 -2237.194146 -2237.194394 -2237.194765 -2237.195084 -2237.195339 -2237.195539 -2237.195700 -2237.195833 -2237.195944 -2237.196042 -2237.196133 -2237.196225 -2237.196326 -2237.196449 -2237.196614 -2237.196847 -2237.197196 -2237.197733 -2237.198584 -2237.199962 -2237.202254 -2237.206169 -2237.213061 -2237.225579 -2237.249036 -2237.294356 -2237.384858 -2237.573201 -2237.987407 -2238.966519 -2241.505063 -2248.901848 -2273.605831 -9999.0 -9999.0
-9999.0 -9999.0 25.790265 -72.232526 -171.335304 -270.671392 -370.092705 -469.545126 -569.001307 -668.440664 -767.836858 -867.172390 -966.430797 -1065.592429 -1164.725561 -1263.809462 -1362.680995 -1461.210547 -1559.147072 -1655.959070 -1750.545999 -1840.859198 -1923.917038 -1996.700222 -2057.334315 -2105.593571 -2142.589941 -2170.132741 -2190.180663 -2204.521452 -2214.641341 -2221.706596 -2226.597650 -2229.961161 -2232.263117 -2233.837528 -2234.936561 -2235.816397 -2236.949002 -2239.109639 -2237.215895 -2156.347004 -1324.788003 -1320.374817 -1310.674365 -1304.201665 -1301.150644 -1300.658701 -1300.604095 -1300.608291 -1300.620926 -1300.634603 -1300.647761 -1300.659957 -1300.671348 -1300.685224 -1300.731483 -1301.032780 -1302.681087 -1306.289400 -1310.932617 -1308.299472 -2131.559631 -2231.756094 -2237.800608 -2237.454531 -2237.249758 -2237.203213 -2237.195080 -2237.194146 -2237.194394 -2237.194765 -2237.195084 -2237.195339 -2237.195539 -2237.195700 -2237.195833 -2237.195944 -2237.196042 -2237.196133 -2237.196225 -2237.196326 -2237.196449 -2237.196614 -2237.196848 -2237.197196 -2237.197733 -2237.198584 -2237.199962 -2237.202254 -2237.206169 -2237.213061 -2237.225579 -2237.249036 -2237.294356 -2237.384858 -2237.573201 -2237.987407 -2238.966519 -2241.505063 -2248.901848 -2273.605831 -9999.0 -9999.0
-9999.0 -9999.0 -9999.0 -9999.0 -9999.0 -9999.0 -9999.0 -9999.0 -9999.0 -9999.0 -9999.0 -9999.0 -9999.0 -9999.0 -9999.0 -9999.0 -9999.0 -9999.0 -9999.0 -9999.0 -9999.0 -9999.0 -9999.0 -9999.0 -9999.0 -9999.0 -9999.0 -9999.0 -9999.0 -9999.0 -9999.0 -9999.0 -9999.0 -9999.0 -9999.0 -9999.0 -9999.0 -9999.0 -9999.0 -9999.0 -9999.0 -9999.0 -9999.0 -9999.0 -9999.0 -9999.0 -9999.0 -9999.0 -9999.0 -9999.0 -9999.0 -9999.0 -9999.0 -9999.0 -9999.0 -9999.0 -9999.0 -9999.0 -9999.0 -9999.0 -9999.0 -9999.0 -9999.0 -9999.0 -9999.0 -9999.0 -9999.0 -9999.0 -9999.0 -9999.0 -9999.0 -9999.0 -9999.0 -9999.0 -9999.0 -9999.0 -9999.0 -9999.0 -9999.0 -9999.0 -9999.0 -9999.0 -9999.0 -9999.0 -9999.0 -9999.0 -9999.0 -9999.0 -9999.0 -9999.0 -9999.0 -9999.0 -9999.0 -9999.0 -9999.0 -9999.0 -9999.0 -9999.0 -9999.0 -9999.0 -9999.0 -9999.0 -9999.0 -9999.0
-9999.0 -9999.0 -9999.0 -9999.0 -9999.0 -9999.0 -9999.0 -9999.0 -9999.0 -9999.0 -9999.0 -9999.0 -9999.0 -9999.0 -9999.0 -9999.0 -9999.0 -9999.0 -9999.0 -9999.0 -9999.0 -9999.0 -9999.0 -9999.0 -9999.0 -9999.0 -9999.0 -9999.0 -9999.0 -9999.0 -9999.0 -9999.0 -9999.0 -9999.0 -9999.0 -9999.0 -9999.0 -9999.0 -9999.0 -9999.0 -9999.0 -9999.0 -9999.0 -9999.0 -9999.0 -9999.0 -9999.0 -9999.0 -9999.0 -9999.0 -9999.0 -9999.0 -9999.0 -9999.0 -9999.0 -9999.0 -9999.0 -9999.0 -9999.0 -9999.0 -9999.0 -9999.0 -9999.0 -9999.0 -9999.0 -9999.0 -9999.0 -9999.0 -9999.0 -9999.0 -9999.0 -9999.0 -9999.0 -9999.0 -9999.0 -9999.0 -9999.0 -9999.0 -9999.0 -9999.0 -9999.0 -9999.0 -9999.0 -9999.0 -9999.0 -9999.0 -9999.0 -9999.0 -9999.0 -9999.0 -9999.0 -9999.0 -9999.0 -9999.0 -9999.0 -9999.0 -9999.0 -9999.0 -9999.0 -9999.0 -9999.0 -9999.0 -9999.0 -9999.0