inst/processing_geotop_simulation/geotop_simulation/out/maps3D/PwL0000N0042.asc
ncols         104
nrows         10
xllcorner     -2.000000
yllcorner     0.000000
cellsize      1.000000
NODATA_value  -9999.0
-9999.0 -9999.0 -9999.0 -9999.0 -9999.0 -9999.0 -9999.0 -9999.0 -9999.0 -9999.0 -9999.0 -9999.0 -9999.0 -9999.0 -9999.0 -9999.0 -9999.0 -9999.0 -9999.0 -9999.0 -9999.0 -9999.0 -9999.0 -9999.0 -9999.0 -9999.0 -9999.0 -9999.0 -9999.0 -9999.0 -9999.0 -9999.0 -9999.0 -9999.0 -9999.0 -9999.0 -9999.0 -9999.0 -9999.0 -9999.0 -9999.0 -9999.0 -9999.0 -9999.0 -9999.0 -9999.0 -9999.0 -9999.0 -9999.0 -9999.0 -9999.0 -9999.0 -9999.0 -9999.0 -9999.0 -9999.0 -9999.0 -9999.0 -9999.0 -9999.0 -9999.0 -9999.0 -9999.0 -9999.0 -9999.0 -9999.0 -9999.0 -9999.0 -9999.0 -9999.0 -9999.0 -9999.0 -9999.0 -9999.0 -9999.0 -9999.0 -9999.0 -9999.0 -9999.0 -9999.0 -9999.0 -9999.0 -9999.0 -9999.0 -9999.0 -9999.0 -9999.0 -9999.0 -9999.0 -9999.0 -9999.0 -9999.0 -9999.0 -9999.0 -9999.0 -9999.0 -9999.0 -9999.0 -9999.0 -9999.0 -9999.0 -9999.0 -9999.0 -9999.0
-9999.0 -9999.0 -9999.0 -9999.0 -9999.0 -9999.0 -9999.0 -9999.0 -9999.0 -9999.0 -9999.0 -9999.0 -9999.0 -9999.0 -9999.0 -9999.0 -9999.0 -9999.0 -9999.0 -9999.0 -9999.0 -9999.0 -9999.0 -9999.0 -9999.0 -9999.0 -9999.0 -9999.0 -9999.0 -9999.0 -9999.0 -9999.0 -9999.0 -9999.0 -9999.0 -9999.0 -9999.0 -9999.0 -9999.0 -9999.0 -9999.0 -9999.0 -9999.0 -9999.0 -9999.0 -9999.0 -9999.0 -9999.0 -9999.0 -9999.0 -9999.0 -9999.0 -9999.0 -9999.0 -9999.0 -9999.0 -9999.0 -9999.0 -9999.0 -9999.0 -9999.0 -9999.0 -9999.0 -9999.0 -9999.0 -9999.0 -9999.0 -9999.0 -9999.0 -9999.0 -9999.0 -9999.0 -9999.0 -9999.0 -9999.0 -9999.0 -9999.0 -9999.0 -9999.0 -9999.0 -9999.0 -9999.0 -9999.0 -9999.0 -9999.0 -9999.0 -9999.0 -9999.0 -9999.0 -9999.0 -9999.0 -9999.0 -9999.0 -9999.0 -9999.0 -9999.0 -9999.0 -9999.0 -9999.0 -9999.0 -9999.0 -9999.0 -9999.0 -9999.0
-9999.0 -9999.0 -996.679167 -1005.465574 -1009.142837 -1013.091227 -1016.605442 -1019.092371 -1020.594878 -1016.701654 -977.269893 -969.795837 -980.396922 -986.894797 -986.004635 -960.195754 -913.080596 -874.275477 -853.017270 -848.082456 -856.031519 -873.175371 -895.720586 -920.228674 -944.031676 -965.275454 -982.785729 -996.124107 -1005.573367 -1011.871057 -1015.869668 -1018.314361 -1019.763923 -1020.597865 -1021.056190 -1021.280117 -1021.362503 -1021.512027 -1022.067649 -1021.656916 -1020.538559 -1032.029289 -698.411650 -685.884939 -672.793769 -665.057625 -661.483952 -660.991910 -660.951471 -660.985997 -661.036339 -661.088823 -661.139104 -661.185576 -661.227813 -661.268271 -661.333771 -661.667151 -663.671380 -668.573964 -677.194403 -682.115818 -1024.799224 -1024.920368 -1022.756264 -1022.015399 -1021.856642 -1021.836406 -1021.843377 -1021.853873 -1021.862958 -1021.869937 -1021.875121 -1021.878978 -1021.881888 -1021.884122 -1021.885876 -1021.887273 -1021.888410 -1021.889383 -1021.890296 -1021.891263 -1021.892435 -1021.894019 -1021.896326 -1021.899835 -1021.905305 -1021.913968 -1021.927852 -1021.950383 -1021.987516 -1022.049959 -1022.157663 -1022.348996 -1022.699383 -1023.358241 -1024.619265 -1027.047954 -1031.705597 -1040.561196 -1057.383777 -1089.863010 -9999.0 -9999.0
-9999.0 -9999.0 -996.679040 -1005.465428 -1009.142733 -1013.091181 -1016.605430 -1019.092371 -1020.594881 -1016.701656 -977.269893 -969.795837 -980.396922 -986.894797 -986.004635 -960.195754 -913.080596 -874.275477 -853.017270 -848.082456 -856.031519 -873.175371 -895.720586 -920.228674 -944.031676 -965.275454 -982.785729 -996.124107 -1005.573367 -1011.871057 -1015.869668 -1018.314361 -1019.763923 -1020.597865 -1021.056190 -1021.280117 -1021.362503 -1021.512027 -1022.067649 -1021.656916 -1020.538559 -1032.029289 -698.411650 -685.884939 -672.793769 -665.057625 -661.483952 -660.991910 -660.951471 -660.985997 -661.036339 -661.088823 -661.139104 -661.185576 -661.227813 -661.268271 -661.333771 -661.667151 -663.671380 -668.573964 -677.194403 -682.115818 -1024.799224 -1024.920368 -1022.756264 -1022.015399 -1021.856642 -1021.836406 -1021.843377 -1021.853873 -1021.862958 -1021.869937 -1021.875121 -1021.878978 -1021.881888 -1021.884122 -1021.885876 -1021.887273 -1021.888410 -1021.889383 -1021.890296 -1021.891263 -1021.892435 -1021.894019 -1021.896326 -1021.899835 -1021.905305 -1021.913968 -1021.927852 -1021.950383 -1021.987516 -1022.049959 -1022.157663 -1022.348996 -1022.699383 -1023.358241 -1024.619265 -1027.047954 -1031.705597 -1040.561196 -1057.383777 -1089.863010 -9999.0 -9999.0
-9999.0 -9999.0 -996.678988 -1005.465353 -1009.142668 -1013.091148 -1016.605421 -1019.092371 -1020.594883 -1016.701658 -977.269894 -969.795837 -980.396922 -986.894797 -986.004635 -960.195754 -913.080596 -874.275477 -853.017270 -848.082456 -856.031519 -873.175371 -895.720586 -920.228674 -944.031676 -965.275454 -982.785729 -996.124107 -1005.573367 -1011.871057 -1015.869668 -1018.314361 -1019.763923 -1020.597865 -1021.056190 -1021.280117 -1021.362503 -1021.512027 -1022.067649 -1021.656916 -1020.538559 -1032.029289 -698.411650 -685.884939 -672.793769 -665.057625 -661.483952 -660.991910 -660.951471 -660.985997 -661.036339 -661.088823 -661.139104 -661.185576 -661.227813 -661.268271 -661.333771 -661.667151 -663.671380 -668.573964 -677.194403 -682.115818 -1024.799224 -1024.920368 -1022.756264 -1022.015399 -1021.856642 -1021.836406 -1021.843377 -1021.853873 -1021.862958 -1021.869937 -1021.875121 -1021.878978 -1021.881888 -1021.884122 -1021.885876 -1021.887273 -1021.888410 -1021.889383 -1021.890296 -1021.891263 -1021.892435 -1021.894019 -1021.896326 -1021.899835 -1021.905305 -1021.913968 -1021.927852 -1021.950383 -1021.987516 -1022.049959 -1022.157663 -1022.348996 -1022.699383 -1023.358241 -1024.619265 -1027.047954 -1031.705597 -1040.561196 -1057.383777 -1089.863010 -9999.0 -9999.0
-9999.0 -9999.0 -996.678988 -1005.465353 -1009.142668 -1013.091148 -1016.605421 -1019.092371 -1020.594883 -1016.701658 -977.269894 -969.795837 -980.396922 -986.894797 -986.004635 -960.195754 -913.080596 -874.275477 -853.017270 -848.082456 -856.031519 -873.175371 -895.720586 -920.228674 -944.031676 -965.275454 -982.785729 -996.124107 -1005.573367 -1011.871057 -1015.869668 -1018.314361 -1019.763923 -1020.597865 -1021.056190 -1021.280117 -1021.362503 -1021.512027 -1022.067649 -1021.656916 -1020.538559 -1032.029289 -698.411650 -685.884939 -672.793769 -665.057625 -661.483952 -660.991910 -660.951471 -660.985997 -661.036339 -661.088823 -661.139104 -661.185576 -661.227813 -661.268271 -661.333771 -661.667151 -663.671380 -668.573964 -677.194403 -682.115818 -1024.799224 -1024.920368 -1022.756264 -1022.015399 -1021.856642 -1021.836406 -1021.843377 -1021.853873 -1021.862958 -1021.869937 -1021.875121 -1021.878978 -1021.881888 -1021.884122 -1021.885876 -1021.887273 -1021.888410 -1021.889383 -1021.890296 -1021.891263 -1021.892435 -1021.894019 -1021.896326 -1021.899835 -1021.905305 -1021.913968 -1021.927852 -1021.950383 -1021.987516 -1022.049959 -1022.157663 -1022.348996 -1022.699383 -1023.358241 -1024.619265 -1027.047954 -1031.705597 -1040.561196 -1057.383777 -1089.863010 -9999.0 -9999.0
-9999.0 -9999.0 -996.679040 -1005.465428 -1009.142733 -1013.091181 -1016.605430 -1019.092371 -1020.594881 -1016.701656 -977.269893 -969.795837 -980.396922 -986.894797 -986.004635 -960.195754 -913.080596 -874.275477 -853.017270 -848.082456 -856.031519 -873.175371 -895.720586 -920.228674 -944.031676 -965.275454 -982.785729 -996.124107 -1005.573367 -1011.871057 -1015.869668 -1018.314361 -1019.763923 -1020.597865 -1021.056190 -1021.280117 -1021.362503 -1021.512027 -1022.067649 -1021.656916 -1020.538559 -1032.029289 -698.411650 -685.884939 -672.793769 -665.057625 -661.483952 -660.991910 -660.951471 -660.985997 -661.036339 -661.088823 -661.139104 -661.185576 -661.227813 -661.268271 -661.333771 -661.667151 -663.671380 -668.573964 -677.194403 -682.115818 -1024.799224 -1024.920368 -1022.756264 -1022.015399 -1021.856642 -1021.836406 -1021.843377 -1021.853873 -1021.862958 -1021.869937 -1021.875121 -1021.878978 -1021.881888 -1021.884122 -1021.885876 -1021.887273 -1021.888410 -1021.889383 -1021.890296 -1021.891263 -1021.892435 -1021.894019 -1021.896326 -1021.899835 -1021.905305 -1021.913968 -1021.927852 -1021.950383 -1021.987516 -1022.049959 -1022.157663 -1022.348996 -1022.699383 -1023.358241 -1024.619265 -1027.047954 -1031.705597 -1040.561196 -1057.383777 -1089.863010 -9999.0 -9999.0
-9999.0 -9999.0 -996.679167 -1005.465574 -1009.142837 -1013.091227 -1016.605442 -1019.092371 -1020.594878 -1016.701654 -977.269893 -969.795837 -980.396922 -986.894797 -986.004635 -960.195754 -913.080596 -874.275477 -853.017270 -848.082456 -856.031519 -873.175371 -895.720586 -920.228674 -944.031676 -965.275454 -982.785729 -996.124107 -1005.573367 -1011.871057 -1015.869668 -1018.314361 -1019.763923 -1020.597865 -1021.056190 -1021.280117 -1021.362503 -1021.512027 -1022.067649 -1021.656916 -1020.538559 -1032.029289 -698.411650 -685.884939 -672.793769 -665.057625 -661.483952 -660.991910 -660.951471 -660.985997 -661.036339 -661.088823 -661.139104 -661.185576 -661.227813 -661.268271 -661.333771 -661.667151 -663.671380 -668.573964 -677.194403 -682.115818 -1024.799224 -1024.920368 -1022.756264 -1022.015399 -1021.856642 -1021.836406 -1021.843377 -1021.853873 -1021.862958 -1021.869937 -1021.875121 -1021.878978 -1021.881888 -1021.884122 -1021.885876 -1021.887273 -1021.888410 -1021.889383 -1021.890296 -1021.891263 -1021.892435 -1021.894019 -1021.896326 -1021.899835 -1021.905305 -1021.913968 -1021.927852 -1021.950383 -1021.987516 -1022.049959 -1022.157663 -1022.348996 -1022.699383 -1023.358241 -1024.619265 -1027.047954 -1031.705597 -1040.561196 -1057.383777 -1089.863010 -9999.0 -9999.0
-9999.0 -9999.0 -9999.0 -9999.0 -9999.0 -9999.0 -9999.0 -9999.0 -9999.0 -9999.0 -9999.0 -9999.0 -9999.0 -9999.0 -9999.0 -9999.0 -9999.0 -9999.0 -9999.0 -9999.0 -9999.0 -9999.0 -9999.0 -9999.0 -9999.0 -9999.0 -9999.0 -9999.0 -9999.0 -9999.0 -9999.0 -9999.0 -9999.0 -9999.0 -9999.0 -9999.0 -9999.0 -9999.0 -9999.0 -9999.0 -9999.0 -9999.0 -9999.0 -9999.0 -9999.0 -9999.0 -9999.0 -9999.0 -9999.0 -9999.0 -9999.0 -9999.0 -9999.0 -9999.0 -9999.0 -9999.0 -9999.0 -9999.0 -9999.0 -9999.0 -9999.0 -9999.0 -9999.0 -9999.0 -9999.0 -9999.0 -9999.0 -9999.0 -9999.0 -9999.0 -9999.0 -9999.0 -9999.0 -9999.0 -9999.0 -9999.0 -9999.0 -9999.0 -9999.0 -9999.0 -9999.0 -9999.0 -9999.0 -9999.0 -9999.0 -9999.0 -9999.0 -9999.0 -9999.0 -9999.0 -9999.0 -9999.0 -9999.0 -9999.0 -9999.0 -9999.0 -9999.0 -9999.0 -9999.0 -9999.0 -9999.0 -9999.0 -9999.0 -9999.0
-9999.0 -9999.0 -9999.0 -9999.0 -9999.0 -9999.0 -9999.0 -9999.0 -9999.0 -9999.0 -9999.0 -9999.0 -9999.0 -9999.0 -9999.0 -9999.0 -9999.0 -9999.0 -9999.0 -9999.0 -9999.0 -9999.0 -9999.0 -9999.0 -9999.0 -9999.0 -9999.0 -9999.0 -9999.0 -9999.0 -9999.0 -9999.0 -9999.0 -9999.0 -9999.0 -9999.0 -9999.0 -9999.0 -9999.0 -9999.0 -9999.0 -9999.0 -9999.0 -9999.0 -9999.0 -9999.0 -9999.0 -9999.0 -9999.0 -9999.0 -9999.0 -9999.0 -9999.0 -9999.0 -9999.0 -9999.0 -9999.0 -9999.0 -9999.0 -9999.0 -9999.0 -9999.0 -9999.0 -9999.0 -9999.0 -9999.0 -9999.0 -9999.0 -9999.0 -9999.0 -9999.0 -9999.0 -9999.0 -9999.0 -9999.0 -9999.0 -9999.0 -9999.0 -9999.0 -9999.0 -9999.0 -9999.0 -9999.0 -9999.0 -9999.0 -9999.0 -9999.0 -9999.0 -9999.0 -9999.0 -9999.0 -9999.0 -9999.0 -9999.0 -9999.0 -9999.0 -9999.0 -9999.0 -9999.0 -9999.0 -9999.0 -9999.0 -9999.0 -9999.0