inst/processing_geotop_simulation/geotop_simulation/out/maps3D/PwL0020N0017.asc
ncols         104
nrows         10
xllcorner     -2.000000
yllcorner     0.000000
cellsize      1.000000
NODATA_value  -9999.0
-9999.0 -9999.0 -9999.0 -9999.0 -9999.0 -9999.0 -9999.0 -9999.0 -9999.0 -9999.0 -9999.0 -9999.0 -9999.0 -9999.0 -9999.0 -9999.0 -9999.0 -9999.0 -9999.0 -9999.0 -9999.0 -9999.0 -9999.0 -9999.0 -9999.0 -9999.0 -9999.0 -9999.0 -9999.0 -9999.0 -9999.0 -9999.0 -9999.0 -9999.0 -9999.0 -9999.0 -9999.0 -9999.0 -9999.0 -9999.0 -9999.0 -9999.0 -9999.0 -9999.0 -9999.0 -9999.0 -9999.0 -9999.0 -9999.0 -9999.0 -9999.0 -9999.0 -9999.0 -9999.0 -9999.0 -9999.0 -9999.0 -9999.0 -9999.0 -9999.0 -9999.0 -9999.0 -9999.0 -9999.0 -9999.0 -9999.0 -9999.0 -9999.0 -9999.0 -9999.0 -9999.0 -9999.0 -9999.0 -9999.0 -9999.0 -9999.0 -9999.0 -9999.0 -9999.0 -9999.0 -9999.0 -9999.0 -9999.0 -9999.0 -9999.0 -9999.0 -9999.0 -9999.0 -9999.0 -9999.0 -9999.0 -9999.0 -9999.0 -9999.0 -9999.0 -9999.0 -9999.0 -9999.0 -9999.0 -9999.0 -9999.0 -9999.0 -9999.0 -9999.0
-9999.0 -9999.0 -9999.0 -9999.0 -9999.0 -9999.0 -9999.0 -9999.0 -9999.0 -9999.0 -9999.0 -9999.0 -9999.0 -9999.0 -9999.0 -9999.0 -9999.0 -9999.0 -9999.0 -9999.0 -9999.0 -9999.0 -9999.0 -9999.0 -9999.0 -9999.0 -9999.0 -9999.0 -9999.0 -9999.0 -9999.0 -9999.0 -9999.0 -9999.0 -9999.0 -9999.0 -9999.0 -9999.0 -9999.0 -9999.0 -9999.0 -9999.0 -9999.0 -9999.0 -9999.0 -9999.0 -9999.0 -9999.0 -9999.0 -9999.0 -9999.0 -9999.0 -9999.0 -9999.0 -9999.0 -9999.0 -9999.0 -9999.0 -9999.0 -9999.0 -9999.0 -9999.0 -9999.0 -9999.0 -9999.0 -9999.0 -9999.0 -9999.0 -9999.0 -9999.0 -9999.0 -9999.0 -9999.0 -9999.0 -9999.0 -9999.0 -9999.0 -9999.0 -9999.0 -9999.0 -9999.0 -9999.0 -9999.0 -9999.0 -9999.0 -9999.0 -9999.0 -9999.0 -9999.0 -9999.0 -9999.0 -9999.0 -9999.0 -9999.0 -9999.0 -9999.0 -9999.0 -9999.0 -9999.0 -9999.0 -9999.0 -9999.0 -9999.0 -9999.0
-9999.0 -9999.0 963.335220 866.615689 770.508755 672.673223 571.851852 467.990757 360.922639 248.987112 127.512101 6.332395 -110.775458 -216.156810 -293.152010 -329.204384 -341.722346 -344.955054 -344.405798 -342.319031 -144.249076 49.912909 260.803196 483.015731 563.475762 496.594867 427.111274 355.440115 282.519619 208.816355 134.374555 59.726739 -11.540427 -78.352314 -139.691433 -194.120696 -239.621440 -273.926498 -294.483732 -299.031481 -296.660713 -306.599610 -3288.540678 -3985.141454 -3985.148515 -3985.148515 -3985.148515 -3985.148515 -3985.148515 -3985.148515 -3985.148515 -3985.148515 -3985.148515 -3985.148515 -3985.148515 -3985.148515 -3985.148515 -3985.148515 -3985.148515 -3985.148515 -3985.134547 -3126.152808 626.389135 568.061497 508.009394 445.804877 382.301458 318.070341 253.509188 189.320947 125.877570 63.531706 3.025537 -55.122306 -109.811415 -159.786666 -203.664566 -240.383448 -269.704263 -292.376662 -309.457120 -321.829825 -331.124486 -337.753636 -342.808168 -346.487892 -349.374061 -351.635741 -353.616104 -355.517367 -357.618285 -360.280718 -363.969071 -369.385771 -377.533285 -389.825117 -408.375227 -436.646543 -493.850172 -709.924561 -2965.032507 -3984.961202 -9999.0 -9999.0
-9999.0 -9999.0 963.367896 866.630791 770.514720 672.675535 571.852756 467.991118 360.922788 248.987174 127.512128 6.332407 -110.775452 -216.156808 -293.152009 -329.204384 -341.722346 -344.955054 -344.405798 -342.319031 -144.249076 49.912909 260.803196 483.015731 563.475762 496.594867 427.111274 355.440115 282.519619 208.816355 134.374555 59.726739 -11.540427 -78.352314 -139.691433 -194.120695 -239.621440 -273.926498 -294.483732 -299.031480 -296.660709 -306.599611 -3288.540677 -3985.141454 -3985.148515 -3985.148515 -3985.148515 -3985.148515 -3985.148515 -3985.148515 -3985.148515 -3985.148515 -3985.148515 -3985.148515 -3985.148515 -3985.148515 -3985.148515 -3985.148515 -3985.148515 -3985.148515 -3985.134547 -3126.152808 626.389135 568.061497 508.009394 445.804877 382.301458 318.070341 253.509188 189.320948 125.877570 63.531706 3.025537 -55.122306 -109.811415 -159.786666 -203.664566 -240.383448 -269.704263 -292.376662 -309.457120 -321.829825 -331.124486 -337.753636 -342.808168 -346.487892 -349.374061 -351.635741 -353.616104 -355.517367 -357.618285 -360.280718 -363.969071 -369.385771 -377.533285 -389.825117 -408.375227 -436.646543 -493.850171 -709.924561 -2965.032498 -3984.961202 -9999.0 -9999.0
-9999.0 -9999.0 963.383784 866.640259 770.519255 672.677517 571.853587 467.991464 360.922933 248.987236 127.512155 6.332418 -110.775447 -216.156805 -293.152008 -329.204384 -341.722346 -344.955054 -344.405798 -342.319031 -144.249076 49.912909 260.803196 483.015732 563.475762 496.594867 427.111274 355.440115 282.519619 208.816355 134.374555 59.726739 -11.540426 -78.352314 -139.691433 -194.120695 -239.621440 -273.926498 -294.483732 -299.031480 -296.660708 -306.599605 -3288.540677 -3985.141454 -3985.148515 -3985.148515 -3985.148515 -3985.148515 -3985.148515 -3985.148515 -3985.148515 -3985.148515 -3985.148515 -3985.148515 -3985.148515 -3985.148515 -3985.148515 -3985.148515 -3985.148515 -3985.148515 -3985.134547 -3126.152808 626.389135 568.061497 508.009394 445.804877 382.301458 318.070341 253.509188 189.320947 125.877570 63.531706 3.025537 -55.122306 -109.811415 -159.786666 -203.664566 -240.383448 -269.704263 -292.376662 -309.457120 -321.829825 -331.124486 -337.753636 -342.808168 -346.487892 -349.374061 -351.635741 -353.616104 -355.517367 -357.618285 -360.280718 -363.969071 -369.385771 -377.533285 -389.825117 -408.375227 -436.646543 -493.850171 -709.924560 -2965.032489 -3984.961202 -9999.0 -9999.0
-9999.0 -9999.0 963.383784 866.640259 770.519255 672.677518 571.853587 467.991464 360.922933 248.987236 127.512155 6.332418 -110.775447 -216.156805 -293.152008 -329.204384 -341.722346 -344.955054 -344.405798 -342.319031 -144.249076 49.912909 260.803196 483.015731 563.475762 496.594867 427.111274 355.440115 282.519619 208.816355 134.374555 59.726739 -11.540426 -78.352314 -139.691433 -194.120695 -239.621440 -273.926498 -294.483732 -299.031480 -296.660708 -306.599605 -3288.540677 -3985.141454 -3985.148515 -3985.148515 -3985.148515 -3985.148515 -3985.148515 -3985.148515 -3985.148515 -3985.148515 -3985.148515 -3985.148515 -3985.148515 -3985.148515 -3985.148515 -3985.148515 -3985.148515 -3985.148515 -3985.134547 -3126.152808 626.389135 568.061497 508.009394 445.804877 382.301458 318.070341 253.509188 189.320948 125.877570 63.531706 3.025537 -55.122306 -109.811415 -159.786666 -203.664566 -240.383448 -269.704263 -292.376662 -309.457120 -321.829825 -331.124486 -337.753636 -342.808168 -346.487892 -349.374061 -351.635741 -353.616104 -355.517367 -357.618285 -360.280718 -363.969071 -369.385771 -377.533285 -389.825117 -408.375227 -436.646543 -493.850171 -709.924560 -2965.032488 -3984.961202 -9999.0 -9999.0
-9999.0 -9999.0 963.367896 866.630791 770.514720 672.675535 571.852756 467.991118 360.922788 248.987174 127.512128 6.332407 -110.775452 -216.156808 -293.152009 -329.204384 -341.722346 -344.955054 -344.405798 -342.319031 -144.249076 49.912909 260.803196 483.015732 563.475762 496.594867 427.111274 355.440115 282.519619 208.816355 134.374555 59.726739 -11.540427 -78.352314 -139.691433 -194.120695 -239.621440 -273.926498 -294.483732 -299.031480 -296.660709 -306.599611 -3288.540677 -3985.141454 -3985.148515 -3985.148515 -3985.148515 -3985.148515 -3985.148515 -3985.148515 -3985.148515 -3985.148515 -3985.148515 -3985.148515 -3985.148515 -3985.148515 -3985.148515 -3985.148515 -3985.148515 -3985.148515 -3985.134547 -3126.152808 626.389135 568.061497 508.009394 445.804877 382.301458 318.070341 253.509188 189.320947 125.877570 63.531706 3.025537 -55.122306 -109.811415 -159.786666 -203.664566 -240.383448 -269.704263 -292.376662 -309.457120 -321.829825 -331.124486 -337.753636 -342.808168 -346.487892 -349.374061 -351.635741 -353.616104 -355.517367 -357.618285 -360.280718 -363.969071 -369.385771 -377.533285 -389.825117 -408.375227 -436.646543 -493.850171 -709.924561 -2965.032498 -3984.961202 -9999.0 -9999.0
-9999.0 -9999.0 963.335220 866.615689 770.508755 672.673223 571.851852 467.990757 360.922638 248.987112 127.512101 6.332395 -110.775458 -216.156810 -293.152010 -329.204384 -341.722346 -344.955054 -344.405798 -342.319031 -144.249076 49.912909 260.803196 483.015731 563.475762 496.594867 427.111274 355.440115 282.519619 208.816355 134.374555 59.726739 -11.540427 -78.352314 -139.691433 -194.120696 -239.621440 -273.926498 -294.483732 -299.031481 -296.660713 -306.599610 -3288.540678 -3985.141454 -3985.148515 -3985.148515 -3985.148515 -3985.148515 -3985.148515 -3985.148515 -3985.148515 -3985.148515 -3985.148515 -3985.148515 -3985.148515 -3985.148515 -3985.148515 -3985.148515 -3985.148515 -3985.148515 -3985.134547 -3126.152808 626.389135 568.061497 508.009394 445.804877 382.301458 318.070341 253.509188 189.320948 125.877570 63.531706 3.025537 -55.122306 -109.811415 -159.786666 -203.664566 -240.383448 -269.704263 -292.376662 -309.457120 -321.829825 -331.124486 -337.753636 -342.808168 -346.487892 -349.374061 -351.635741 -353.616104 -355.517367 -357.618285 -360.280718 -363.969071 -369.385771 -377.533285 -389.825117 -408.375227 -436.646543 -493.850172 -709.924562 -2965.032507 -3984.961202 -9999.0 -9999.0
-9999.0 -9999.0 -9999.0 -9999.0 -9999.0 -9999.0 -9999.0 -9999.0 -9999.0 -9999.0 -9999.0 -9999.0 -9999.0 -9999.0 -9999.0 -9999.0 -9999.0 -9999.0 -9999.0 -9999.0 -9999.0 -9999.0 -9999.0 -9999.0 -9999.0 -9999.0 -9999.0 -9999.0 -9999.0 -9999.0 -9999.0 -9999.0 -9999.0 -9999.0 -9999.0 -9999.0 -9999.0 -9999.0 -9999.0 -9999.0 -9999.0 -9999.0 -9999.0 -9999.0 -9999.0 -9999.0 -9999.0 -9999.0 -9999.0 -9999.0 -9999.0 -9999.0 -9999.0 -9999.0 -9999.0 -9999.0 -9999.0 -9999.0 -9999.0 -9999.0 -9999.0 -9999.0 -9999.0 -9999.0 -9999.0 -9999.0 -9999.0 -9999.0 -9999.0 -9999.0 -9999.0 -9999.0 -9999.0 -9999.0 -9999.0 -9999.0 -9999.0 -9999.0 -9999.0 -9999.0 -9999.0 -9999.0 -9999.0 -9999.0 -9999.0 -9999.0 -9999.0 -9999.0 -9999.0 -9999.0 -9999.0 -9999.0 -9999.0 -9999.0 -9999.0 -9999.0 -9999.0 -9999.0 -9999.0 -9999.0 -9999.0 -9999.0 -9999.0 -9999.0
-9999.0 -9999.0 -9999.0 -9999.0 -9999.0 -9999.0 -9999.0 -9999.0 -9999.0 -9999.0 -9999.0 -9999.0 -9999.0 -9999.0 -9999.0 -9999.0 -9999.0 -9999.0 -9999.0 -9999.0 -9999.0 -9999.0 -9999.0 -9999.0 -9999.0 -9999.0 -9999.0 -9999.0 -9999.0 -9999.0 -9999.0 -9999.0 -9999.0 -9999.0 -9999.0 -9999.0 -9999.0 -9999.0 -9999.0 -9999.0 -9999.0 -9999.0 -9999.0 -9999.0 -9999.0 -9999.0 -9999.0 -9999.0 -9999.0 -9999.0 -9999.0 -9999.0 -9999.0 -9999.0 -9999.0 -9999.0 -9999.0 -9999.0 -9999.0 -9999.0 -9999.0 -9999.0 -9999.0 -9999.0 -9999.0 -9999.0 -9999.0 -9999.0 -9999.0 -9999.0 -9999.0 -9999.0 -9999.0 -9999.0 -9999.0 -9999.0 -9999.0 -9999.0 -9999.0 -9999.0 -9999.0 -9999.0 -9999.0 -9999.0 -9999.0 -9999.0 -9999.0 -9999.0 -9999.0 -9999.0 -9999.0 -9999.0 -9999.0 -9999.0 -9999.0 -9999.0 -9999.0 -9999.0 -9999.0 -9999.0 -9999.0 -9999.0 -9999.0 -9999.0