inst/processing_geotop_simulation/geotop_simulation/out/maps3D/PwL0000N0103.asc
ncols         104
nrows         10
xllcorner     -2.000000
yllcorner     0.000000
cellsize      1.000000
NODATA_value  -9999.0
-9999.0 -9999.0 -9999.0 -9999.0 -9999.0 -9999.0 -9999.0 -9999.0 -9999.0 -9999.0 -9999.0 -9999.0 -9999.0 -9999.0 -9999.0 -9999.0 -9999.0 -9999.0 -9999.0 -9999.0 -9999.0 -9999.0 -9999.0 -9999.0 -9999.0 -9999.0 -9999.0 -9999.0 -9999.0 -9999.0 -9999.0 -9999.0 -9999.0 -9999.0 -9999.0 -9999.0 -9999.0 -9999.0 -9999.0 -9999.0 -9999.0 -9999.0 -9999.0 -9999.0 -9999.0 -9999.0 -9999.0 -9999.0 -9999.0 -9999.0 -9999.0 -9999.0 -9999.0 -9999.0 -9999.0 -9999.0 -9999.0 -9999.0 -9999.0 -9999.0 -9999.0 -9999.0 -9999.0 -9999.0 -9999.0 -9999.0 -9999.0 -9999.0 -9999.0 -9999.0 -9999.0 -9999.0 -9999.0 -9999.0 -9999.0 -9999.0 -9999.0 -9999.0 -9999.0 -9999.0 -9999.0 -9999.0 -9999.0 -9999.0 -9999.0 -9999.0 -9999.0 -9999.0 -9999.0 -9999.0 -9999.0 -9999.0 -9999.0 -9999.0 -9999.0 -9999.0 -9999.0 -9999.0 -9999.0 -9999.0 -9999.0 -9999.0 -9999.0 -9999.0
-9999.0 -9999.0 -9999.0 -9999.0 -9999.0 -9999.0 -9999.0 -9999.0 -9999.0 -9999.0 -9999.0 -9999.0 -9999.0 -9999.0 -9999.0 -9999.0 -9999.0 -9999.0 -9999.0 -9999.0 -9999.0 -9999.0 -9999.0 -9999.0 -9999.0 -9999.0 -9999.0 -9999.0 -9999.0 -9999.0 -9999.0 -9999.0 -9999.0 -9999.0 -9999.0 -9999.0 -9999.0 -9999.0 -9999.0 -9999.0 -9999.0 -9999.0 -9999.0 -9999.0 -9999.0 -9999.0 -9999.0 -9999.0 -9999.0 -9999.0 -9999.0 -9999.0 -9999.0 -9999.0 -9999.0 -9999.0 -9999.0 -9999.0 -9999.0 -9999.0 -9999.0 -9999.0 -9999.0 -9999.0 -9999.0 -9999.0 -9999.0 -9999.0 -9999.0 -9999.0 -9999.0 -9999.0 -9999.0 -9999.0 -9999.0 -9999.0 -9999.0 -9999.0 -9999.0 -9999.0 -9999.0 -9999.0 -9999.0 -9999.0 -9999.0 -9999.0 -9999.0 -9999.0 -9999.0 -9999.0 -9999.0 -9999.0 -9999.0 -9999.0 -9999.0 -9999.0 -9999.0 -9999.0 -9999.0 -9999.0 -9999.0 -9999.0 -9999.0 -9999.0
-9999.0 -9999.0 0.033743 -71.351163 -162.762869 -256.405408 -350.891921 -445.755523 -540.834382 -636.134375 -732.698272 -838.911618 -966.394271 -1097.977909 -1206.125165 -1310.170395 -1410.595355 -1474.091141 -1499.613406 -1506.296732 -1505.317694 -1502.404513 -1500.100526 -1499.246330 -1499.852461 -1501.561141 -1503.888452 -1506.376991 -1508.691953 -1510.651448 -1512.200672 -1513.364637 -1514.205669 -1514.794512 -1515.195331 -1515.461953 -1515.645705 -1515.809657 -1516.028963 -1516.803621 -1522.539374 -1541.136393 -988.028411 -982.597539 -971.379751 -964.452519 -961.210718 -960.757359 -960.712544 -960.723003 -960.742382 -960.762891 -960.782569 -960.800771 -960.817477 -960.835123 -960.877971 -961.151246 -962.887001 -966.857401 -973.396335 -971.320767 -1523.992088 -1520.094944 -1516.709733 -1516.172854 -1516.080683 -1516.064428 -1516.063383 -1516.065171 -1516.067121 -1516.068715 -1516.069931 -1516.070849 -1516.071547 -1516.072087 -1516.072514 -1516.072857 -1516.073140 -1516.073388 -1516.073628 -1516.073889 -1516.074214 -1516.074662 -1516.075321 -1516.076329 -1516.077911 -1516.080430 -1516.084498 -1516.091166 -1516.102307 -1516.121368 -1516.154917 -1516.215781 -1516.329404 -1516.546506 -1516.968374 -1517.800422 -1519.480922 -1523.033157 -1531.135613 -1552.914355 -9999.0 -9999.0
-9999.0 -9999.0 0.120189 -71.348769 -162.762272 -256.405235 -350.891867 -445.755505 -540.834376 -636.134373 -732.698271 -838.911618 -966.394272 -1097.977910 -1206.125165 -1310.170395 -1410.595355 -1474.091141 -1499.613406 -1506.296732 -1505.317694 -1502.404513 -1500.100526 -1499.246330 -1499.852461 -1501.561141 -1503.888452 -1506.376991 -1508.691953 -1510.651448 -1512.200672 -1513.364637 -1514.205669 -1514.794512 -1515.195331 -1515.461953 -1515.645705 -1515.809657 -1516.028963 -1516.803621 -1522.539374 -1541.136393 -988.028411 -982.597539 -971.379751 -964.452519 -961.210718 -960.757359 -960.712544 -960.723003 -960.742382 -960.762891 -960.782569 -960.800771 -960.817477 -960.835123 -960.877971 -961.151246 -962.887001 -966.857401 -973.396335 -971.320767 -1523.992088 -1520.094944 -1516.709733 -1516.172854 -1516.080683 -1516.064428 -1516.063383 -1516.065171 -1516.067121 -1516.068715 -1516.069931 -1516.070849 -1516.071547 -1516.072087 -1516.072514 -1516.072857 -1516.073140 -1516.073388 -1516.073628 -1516.073889 -1516.074214 -1516.074662 -1516.075321 -1516.076329 -1516.077911 -1516.080430 -1516.084498 -1516.091166 -1516.102307 -1516.121368 -1516.154917 -1516.215781 -1516.329404 -1516.546506 -1516.968374 -1517.800422 -1519.480922 -1523.033157 -1531.135613 -1552.914355 -9999.0 -9999.0
-9999.0 -9999.0 0.120190 -71.347823 -162.761896 -256.405099 -350.891819 -445.755488 -540.834370 -636.134371 -732.698271 -838.911618 -966.394272 -1097.977910 -1206.125165 -1310.170395 -1410.595355 -1474.091141 -1499.613406 -1506.296732 -1505.317694 -1502.404513 -1500.100526 -1499.246330 -1499.852461 -1501.561141 -1503.888452 -1506.376991 -1508.691953 -1510.651448 -1512.200672 -1513.364637 -1514.205669 -1514.794512 -1515.195331 -1515.461953 -1515.645705 -1515.809657 -1516.028963 -1516.803621 -1522.539374 -1541.136393 -988.028411 -982.597539 -971.379751 -964.452519 -961.210718 -960.757359 -960.712544 -960.723003 -960.742382 -960.762891 -960.782569 -960.800771 -960.817477 -960.835123 -960.877971 -961.151246 -962.887001 -966.857401 -973.396335 -971.320767 -1523.992088 -1520.094944 -1516.709733 -1516.172854 -1516.080683 -1516.064428 -1516.063383 -1516.065171 -1516.067121 -1516.068715 -1516.069931 -1516.070849 -1516.071547 -1516.072087 -1516.072514 -1516.072857 -1516.073140 -1516.073388 -1516.073628 -1516.073889 -1516.074214 -1516.074662 -1516.075321 -1516.076329 -1516.077911 -1516.080430 -1516.084498 -1516.091166 -1516.102307 -1516.121368 -1516.154917 -1516.215781 -1516.329404 -1516.546506 -1516.968374 -1517.800422 -1519.480922 -1523.033157 -1531.135613 -1552.914355 -9999.0 -9999.0
-9999.0 -9999.0 0.120190 -71.347823 -162.761896 -256.405099 -350.891819 -445.755488 -540.834370 -636.134371 -732.698271 -838.911618 -966.394272 -1097.977910 -1206.125165 -1310.170395 -1410.595355 -1474.091141 -1499.613406 -1506.296732 -1505.317694 -1502.404513 -1500.100526 -1499.246330 -1499.852461 -1501.561141 -1503.888452 -1506.376991 -1508.691953 -1510.651448 -1512.200672 -1513.364637 -1514.205669 -1514.794512 -1515.195331 -1515.461953 -1515.645705 -1515.809657 -1516.028963 -1516.803621 -1522.539374 -1541.136393 -988.028411 -982.597539 -971.379751 -964.452519 -961.210718 -960.757359 -960.712544 -960.723003 -960.742382 -960.762891 -960.782569 -960.800771 -960.817477 -960.835123 -960.877971 -961.151246 -962.887001 -966.857401 -973.396335 -971.320767 -1523.992088 -1520.094944 -1516.709733 -1516.172854 -1516.080683 -1516.064428 -1516.063383 -1516.065171 -1516.067121 -1516.068715 -1516.069931 -1516.070849 -1516.071547 -1516.072087 -1516.072514 -1516.072857 -1516.073140 -1516.073388 -1516.073628 -1516.073889 -1516.074214 -1516.074662 -1516.075321 -1516.076329 -1516.077911 -1516.080430 -1516.084498 -1516.091166 -1516.102307 -1516.121368 -1516.154917 -1516.215781 -1516.329404 -1516.546506 -1516.968374 -1517.800422 -1519.480922 -1523.033157 -1531.135613 -1552.914355 -9999.0 -9999.0
-9999.0 -9999.0 0.120189 -71.348769 -162.762272 -256.405235 -350.891867 -445.755505 -540.834376 -636.134373 -732.698271 -838.911618 -966.394272 -1097.977910 -1206.125165 -1310.170395 -1410.595355 -1474.091141 -1499.613406 -1506.296732 -1505.317694 -1502.404513 -1500.100526 -1499.246330 -1499.852461 -1501.561141 -1503.888452 -1506.376991 -1508.691953 -1510.651448 -1512.200672 -1513.364637 -1514.205669 -1514.794512 -1515.195331 -1515.461953 -1515.645705 -1515.809657 -1516.028963 -1516.803621 -1522.539374 -1541.136393 -988.028411 -982.597539 -971.379751 -964.452519 -961.210718 -960.757359 -960.712544 -960.723003 -960.742382 -960.762891 -960.782569 -960.800771 -960.817477 -960.835123 -960.877971 -961.151246 -962.887001 -966.857401 -973.396335 -971.320767 -1523.992088 -1520.094944 -1516.709733 -1516.172854 -1516.080683 -1516.064428 -1516.063383 -1516.065171 -1516.067121 -1516.068715 -1516.069931 -1516.070849 -1516.071547 -1516.072087 -1516.072514 -1516.072857 -1516.073140 -1516.073388 -1516.073628 -1516.073889 -1516.074214 -1516.074662 -1516.075321 -1516.076329 -1516.077911 -1516.080430 -1516.084498 -1516.091166 -1516.102307 -1516.121368 -1516.154917 -1516.215781 -1516.329404 -1516.546506 -1516.968374 -1517.800422 -1519.480922 -1523.033157 -1531.135613 -1552.914355 -9999.0 -9999.0
-9999.0 -9999.0 0.033743 -71.351163 -162.762869 -256.405409 -350.891921 -445.755523 -540.834382 -636.134375 -732.698272 -838.911618 -966.394271 -1097.977909 -1206.125165 -1310.170395 -1410.595355 -1474.091141 -1499.613406 -1506.296732 -1505.317694 -1502.404513 -1500.100526 -1499.246330 -1499.852461 -1501.561141 -1503.888452 -1506.376991 -1508.691953 -1510.651448 -1512.200672 -1513.364637 -1514.205669 -1514.794512 -1515.195331 -1515.461953 -1515.645705 -1515.809657 -1516.028963 -1516.803621 -1522.539374 -1541.136393 -988.028411 -982.597539 -971.379751 -964.452519 -961.210718 -960.757359 -960.712544 -960.723003 -960.742382 -960.762891 -960.782569 -960.800771 -960.817477 -960.835123 -960.877971 -961.151246 -962.887001 -966.857401 -973.396335 -971.320767 -1523.992088 -1520.094944 -1516.709733 -1516.172854 -1516.080683 -1516.064428 -1516.063383 -1516.065171 -1516.067121 -1516.068715 -1516.069931 -1516.070849 -1516.071547 -1516.072087 -1516.072514 -1516.072857 -1516.073140 -1516.073388 -1516.073628 -1516.073889 -1516.074214 -1516.074662 -1516.075321 -1516.076329 -1516.077911 -1516.080430 -1516.084498 -1516.091166 -1516.102307 -1516.121368 -1516.154917 -1516.215781 -1516.329404 -1516.546506 -1516.968374 -1517.800422 -1519.480922 -1523.033157 -1531.135613 -1552.914355 -9999.0 -9999.0
-9999.0 -9999.0 -9999.0 -9999.0 -9999.0 -9999.0 -9999.0 -9999.0 -9999.0 -9999.0 -9999.0 -9999.0 -9999.0 -9999.0 -9999.0 -9999.0 -9999.0 -9999.0 -9999.0 -9999.0 -9999.0 -9999.0 -9999.0 -9999.0 -9999.0 -9999.0 -9999.0 -9999.0 -9999.0 -9999.0 -9999.0 -9999.0 -9999.0 -9999.0 -9999.0 -9999.0 -9999.0 -9999.0 -9999.0 -9999.0 -9999.0 -9999.0 -9999.0 -9999.0 -9999.0 -9999.0 -9999.0 -9999.0 -9999.0 -9999.0 -9999.0 -9999.0 -9999.0 -9999.0 -9999.0 -9999.0 -9999.0 -9999.0 -9999.0 -9999.0 -9999.0 -9999.0 -9999.0 -9999.0 -9999.0 -9999.0 -9999.0 -9999.0 -9999.0 -9999.0 -9999.0 -9999.0 -9999.0 -9999.0 -9999.0 -9999.0 -9999.0 -9999.0 -9999.0 -9999.0 -9999.0 -9999.0 -9999.0 -9999.0 -9999.0 -9999.0 -9999.0 -9999.0 -9999.0 -9999.0 -9999.0 -9999.0 -9999.0 -9999.0 -9999.0 -9999.0 -9999.0 -9999.0 -9999.0 -9999.0 -9999.0 -9999.0 -9999.0 -9999.0
-9999.0 -9999.0 -9999.0 -9999.0 -9999.0 -9999.0 -9999.0 -9999.0 -9999.0 -9999.0 -9999.0 -9999.0 -9999.0 -9999.0 -9999.0 -9999.0 -9999.0 -9999.0 -9999.0 -9999.0 -9999.0 -9999.0 -9999.0 -9999.0 -9999.0 -9999.0 -9999.0 -9999.0 -9999.0 -9999.0 -9999.0 -9999.0 -9999.0 -9999.0 -9999.0 -9999.0 -9999.0 -9999.0 -9999.0 -9999.0 -9999.0 -9999.0 -9999.0 -9999.0 -9999.0 -9999.0 -9999.0 -9999.0 -9999.0 -9999.0 -9999.0 -9999.0 -9999.0 -9999.0 -9999.0 -9999.0 -9999.0 -9999.0 -9999.0 -9999.0 -9999.0 -9999.0 -9999.0 -9999.0 -9999.0 -9999.0 -9999.0 -9999.0 -9999.0 -9999.0 -9999.0 -9999.0 -9999.0 -9999.0 -9999.0 -9999.0 -9999.0 -9999.0 -9999.0 -9999.0 -9999.0 -9999.0 -9999.0 -9999.0 -9999.0 -9999.0 -9999.0 -9999.0 -9999.0 -9999.0 -9999.0 -9999.0 -9999.0 -9999.0 -9999.0 -9999.0 -9999.0 -9999.0 -9999.0 -9999.0 -9999.0 -9999.0 -9999.0 -9999.0