inst/processing_geotop_simulation/geotop_simulation/out/maps3D/PwL0009N0055.asc
ncols         104
nrows         10
xllcorner     -2.000000
yllcorner     0.000000
cellsize      1.000000
NODATA_value  -9999.0
-9999.0 -9999.0 -9999.0 -9999.0 -9999.0 -9999.0 -9999.0 -9999.0 -9999.0 -9999.0 -9999.0 -9999.0 -9999.0 -9999.0 -9999.0 -9999.0 -9999.0 -9999.0 -9999.0 -9999.0 -9999.0 -9999.0 -9999.0 -9999.0 -9999.0 -9999.0 -9999.0 -9999.0 -9999.0 -9999.0 -9999.0 -9999.0 -9999.0 -9999.0 -9999.0 -9999.0 -9999.0 -9999.0 -9999.0 -9999.0 -9999.0 -9999.0 -9999.0 -9999.0 -9999.0 -9999.0 -9999.0 -9999.0 -9999.0 -9999.0 -9999.0 -9999.0 -9999.0 -9999.0 -9999.0 -9999.0 -9999.0 -9999.0 -9999.0 -9999.0 -9999.0 -9999.0 -9999.0 -9999.0 -9999.0 -9999.0 -9999.0 -9999.0 -9999.0 -9999.0 -9999.0 -9999.0 -9999.0 -9999.0 -9999.0 -9999.0 -9999.0 -9999.0 -9999.0 -9999.0 -9999.0 -9999.0 -9999.0 -9999.0 -9999.0 -9999.0 -9999.0 -9999.0 -9999.0 -9999.0 -9999.0 -9999.0 -9999.0 -9999.0 -9999.0 -9999.0 -9999.0 -9999.0 -9999.0 -9999.0 -9999.0 -9999.0 -9999.0 -9999.0
-9999.0 -9999.0 -9999.0 -9999.0 -9999.0 -9999.0 -9999.0 -9999.0 -9999.0 -9999.0 -9999.0 -9999.0 -9999.0 -9999.0 -9999.0 -9999.0 -9999.0 -9999.0 -9999.0 -9999.0 -9999.0 -9999.0 -9999.0 -9999.0 -9999.0 -9999.0 -9999.0 -9999.0 -9999.0 -9999.0 -9999.0 -9999.0 -9999.0 -9999.0 -9999.0 -9999.0 -9999.0 -9999.0 -9999.0 -9999.0 -9999.0 -9999.0 -9999.0 -9999.0 -9999.0 -9999.0 -9999.0 -9999.0 -9999.0 -9999.0 -9999.0 -9999.0 -9999.0 -9999.0 -9999.0 -9999.0 -9999.0 -9999.0 -9999.0 -9999.0 -9999.0 -9999.0 -9999.0 -9999.0 -9999.0 -9999.0 -9999.0 -9999.0 -9999.0 -9999.0 -9999.0 -9999.0 -9999.0 -9999.0 -9999.0 -9999.0 -9999.0 -9999.0 -9999.0 -9999.0 -9999.0 -9999.0 -9999.0 -9999.0 -9999.0 -9999.0 -9999.0 -9999.0 -9999.0 -9999.0 -9999.0 -9999.0 -9999.0 -9999.0 -9999.0 -9999.0 -9999.0 -9999.0 -9999.0 -9999.0 -9999.0 -9999.0 -9999.0 -9999.0
-9999.0 -9999.0 -606.485970 -746.469205 -851.355649 -905.151413 -927.943178 -937.960983 -942.214110 -940.063173 -915.112517 -881.323572 -850.802247 -821.360372 -823.775436 -857.255075 -890.024717 -923.770738 -931.344570 -910.366123 -895.420454 -887.959462 -886.820710 -890.294009 -896.747841 -904.767420 -913.159417 -921.007987 -927.744652 -933.145082 -937.240827 -940.208665 -942.279706 -943.678882 -944.595151 -945.174791 -945.540754 -945.850522 -946.208047 -946.305304 -949.442007 -1002.130670 -2186.673615 -4016.096205 -3529.747745 -3190.429081 -3031.872877 -3013.505056 -3011.660490 -3011.725520 -3012.034468 -3012.370330 -3012.692735 -3012.991068 -3013.269163 -3013.607440 -3014.813192 -3024.238606 -3102.014247 -3278.612515 -3581.842337 -1973.500705 -985.683497 -949.741487 -946.981677 -946.460176 -946.342955 -946.322893 -946.323763 -946.328196 -946.332432 -946.335795 -946.338334 -946.340244 -946.341696 -946.342821 -946.343709 -946.344422 -946.345010 -946.345520 -946.346006 -946.346530 -946.347175 -946.348054 -946.349340 -946.351303 -946.354372 -946.359244 -946.367080 -946.379860 -946.401067 -946.437048 -946.499780 -946.612548 -946.821471 -947.218449 -947.985807 -949.483749 -952.438141 -958.426501 -971.274875 -1000.793087 -9999.0 -9999.0
-9999.0 -9999.0 -606.485959 -746.469179 -851.355617 -905.151394 -927.943172 -937.960983 -942.214111 -940.063173 -915.112518 -881.323572 -850.802247 -821.360372 -823.775436 -857.255075 -890.024717 -923.770738 -931.344570 -910.366123 -895.420454 -887.959462 -886.820710 -890.294009 -896.747841 -904.767420 -913.159417 -921.007987 -927.744652 -933.145082 -937.240827 -940.208665 -942.279706 -943.678882 -944.595151 -945.174791 -945.540754 -945.850522 -946.208047 -946.305304 -949.442007 -1002.130670 -2186.673615 -4016.096202 -3529.747740 -3190.429070 -3031.872877 -3013.505056 -3011.660489 -3011.725520 -3012.034468 -3012.370330 -3012.692735 -3012.991068 -3013.269163 -3013.607440 -3014.813192 -3024.238606 -3102.014247 -3278.612515 -3581.842337 -1973.500705 -985.683497 -949.741487 -946.981677 -946.460176 -946.342955 -946.322893 -946.323763 -946.328196 -946.332432 -946.335795 -946.338334 -946.340244 -946.341696 -946.342821 -946.343709 -946.344422 -946.345010 -946.345520 -946.346006 -946.346530 -946.347175 -946.348054 -946.349340 -946.351303 -946.354372 -946.359244 -946.367080 -946.379860 -946.401067 -946.437048 -946.499780 -946.612548 -946.821471 -947.218449 -947.985807 -949.483749 -952.438141 -958.426501 -971.274875 -1000.793087 -9999.0 -9999.0
-9999.0 -9999.0 -606.485954 -746.469164 -851.355595 -905.151379 -927.943167 -937.960983 -942.214112 -940.063174 -915.112518 -881.323572 -850.802247 -821.360372 -823.775436 -857.255075 -890.024717 -923.770738 -931.344570 -910.366123 -895.420454 -887.959462 -886.820710 -890.294009 -896.747841 -904.767420 -913.159417 -921.007987 -927.744652 -933.145082 -937.240827 -940.208665 -942.279706 -943.678882 -944.595151 -945.174791 -945.540754 -945.850522 -946.208047 -946.305304 -949.442007 -1002.130670 -2186.673615 -4016.096202 -3529.747739 -3190.429066 -3031.872877 -3013.505056 -3011.660489 -3011.725520 -3012.034468 -3012.370330 -3012.692735 -3012.991068 -3013.269163 -3013.607440 -3014.813192 -3024.238606 -3102.014247 -3278.612515 -3581.842337 -1973.500705 -985.683497 -949.741487 -946.981677 -946.460176 -946.342955 -946.322893 -946.323763 -946.328196 -946.332432 -946.335795 -946.338334 -946.340244 -946.341696 -946.342821 -946.343709 -946.344422 -946.345010 -946.345520 -946.346006 -946.346530 -946.347175 -946.348054 -946.349340 -946.351303 -946.354372 -946.359244 -946.367080 -946.379860 -946.401067 -946.437048 -946.499780 -946.612548 -946.821471 -947.218449 -947.985807 -949.483749 -952.438141 -958.426501 -971.274875 -1000.793087 -9999.0 -9999.0
-9999.0 -9999.0 -606.485955 -746.469164 -851.355595 -905.151379 -927.943167 -937.960983 -942.214112 -940.063174 -915.112518 -881.323572 -850.802247 -821.360372 -823.775436 -857.255075 -890.024717 -923.770738 -931.344570 -910.366123 -895.420454 -887.959462 -886.820710 -890.294009 -896.747841 -904.767420 -913.159417 -921.007987 -927.744652 -933.145082 -937.240827 -940.208665 -942.279706 -943.678882 -944.595151 -945.174791 -945.540754 -945.850522 -946.208047 -946.305304 -949.442007 -1002.130670 -2186.673615 -4016.096202 -3529.747739 -3190.429066 -3031.872877 -3013.505056 -3011.660489 -3011.725520 -3012.034468 -3012.370330 -3012.692735 -3012.991068 -3013.269163 -3013.607440 -3014.813192 -3024.238606 -3102.014247 -3278.612515 -3581.842337 -1973.500705 -985.683497 -949.741487 -946.981677 -946.460176 -946.342955 -946.322893 -946.323763 -946.328196 -946.332432 -946.335795 -946.338334 -946.340244 -946.341696 -946.342821 -946.343709 -946.344422 -946.345010 -946.345520 -946.346006 -946.346530 -946.347175 -946.348054 -946.349340 -946.351303 -946.354372 -946.359244 -946.367080 -946.379860 -946.401067 -946.437048 -946.499780 -946.612548 -946.821471 -947.218449 -947.985807 -949.483749 -952.438141 -958.426501 -971.274875 -1000.793087 -9999.0 -9999.0
-9999.0 -9999.0 -606.485959 -746.469180 -851.355617 -905.151394 -927.943172 -937.960983 -942.214111 -940.063173 -915.112518 -881.323572 -850.802247 -821.360372 -823.775436 -857.255075 -890.024717 -923.770738 -931.344570 -910.366123 -895.420454 -887.959462 -886.820710 -890.294009 -896.747841 -904.767420 -913.159417 -921.007987 -927.744652 -933.145082 -937.240827 -940.208665 -942.279706 -943.678882 -944.595151 -945.174791 -945.540754 -945.850522 -946.208047 -946.305304 -949.442007 -1002.130670 -2186.673615 -4016.096202 -3529.747740 -3190.429070 -3031.872877 -3013.505056 -3011.660489 -3011.725520 -3012.034468 -3012.370330 -3012.692735 -3012.991068 -3013.269163 -3013.607440 -3014.813192 -3024.238606 -3102.014247 -3278.612515 -3581.842337 -1973.500705 -985.683497 -949.741487 -946.981677 -946.460176 -946.342955 -946.322893 -946.323763 -946.328196 -946.332432 -946.335795 -946.338334 -946.340244 -946.341696 -946.342821 -946.343709 -946.344422 -946.345010 -946.345520 -946.346006 -946.346530 -946.347175 -946.348054 -946.349340 -946.351303 -946.354372 -946.359244 -946.367080 -946.379860 -946.401067 -946.437048 -946.499780 -946.612548 -946.821471 -947.218449 -947.985807 -949.483749 -952.438141 -958.426501 -971.274875 -1000.793087 -9999.0 -9999.0
-9999.0 -9999.0 -606.485971 -746.469205 -851.355649 -905.151413 -927.943178 -937.960983 -942.214110 -940.063173 -915.112517 -881.323572 -850.802247 -821.360372 -823.775436 -857.255075 -890.024717 -923.770738 -931.344570 -910.366123 -895.420454 -887.959462 -886.820710 -890.294009 -896.747841 -904.767420 -913.159417 -921.007987 -927.744652 -933.145082 -937.240827 -940.208665 -942.279706 -943.678882 -944.595151 -945.174791 -945.540754 -945.850522 -946.208047 -946.305304 -949.442007 -1002.130670 -2186.673615 -4016.096205 -3529.747745 -3190.429081 -3031.872877 -3013.505056 -3011.660490 -3011.725520 -3012.034468 -3012.370330 -3012.692735 -3012.991068 -3013.269163 -3013.607440 -3014.813192 -3024.238606 -3102.014247 -3278.612515 -3581.842337 -1973.500705 -985.683497 -949.741487 -946.981677 -946.460176 -946.342955 -946.322893 -946.323763 -946.328196 -946.332432 -946.335795 -946.338334 -946.340244 -946.341696 -946.342821 -946.343709 -946.344422 -946.345010 -946.345520 -946.346006 -946.346530 -946.347175 -946.348054 -946.349340 -946.351303 -946.354372 -946.359244 -946.367080 -946.379860 -946.401067 -946.437048 -946.499780 -946.612548 -946.821471 -947.218449 -947.985807 -949.483749 -952.438141 -958.426501 -971.274875 -1000.793087 -9999.0 -9999.0
-9999.0 -9999.0 -9999.0 -9999.0 -9999.0 -9999.0 -9999.0 -9999.0 -9999.0 -9999.0 -9999.0 -9999.0 -9999.0 -9999.0 -9999.0 -9999.0 -9999.0 -9999.0 -9999.0 -9999.0 -9999.0 -9999.0 -9999.0 -9999.0 -9999.0 -9999.0 -9999.0 -9999.0 -9999.0 -9999.0 -9999.0 -9999.0 -9999.0 -9999.0 -9999.0 -9999.0 -9999.0 -9999.0 -9999.0 -9999.0 -9999.0 -9999.0 -9999.0 -9999.0 -9999.0 -9999.0 -9999.0 -9999.0 -9999.0 -9999.0 -9999.0 -9999.0 -9999.0 -9999.0 -9999.0 -9999.0 -9999.0 -9999.0 -9999.0 -9999.0 -9999.0 -9999.0 -9999.0 -9999.0 -9999.0 -9999.0 -9999.0 -9999.0 -9999.0 -9999.0 -9999.0 -9999.0 -9999.0 -9999.0 -9999.0 -9999.0 -9999.0 -9999.0 -9999.0 -9999.0 -9999.0 -9999.0 -9999.0 -9999.0 -9999.0 -9999.0 -9999.0 -9999.0 -9999.0 -9999.0 -9999.0 -9999.0 -9999.0 -9999.0 -9999.0 -9999.0 -9999.0 -9999.0 -9999.0 -9999.0 -9999.0 -9999.0 -9999.0 -9999.0
-9999.0 -9999.0 -9999.0 -9999.0 -9999.0 -9999.0 -9999.0 -9999.0 -9999.0 -9999.0 -9999.0 -9999.0 -9999.0 -9999.0 -9999.0 -9999.0 -9999.0 -9999.0 -9999.0 -9999.0 -9999.0 -9999.0 -9999.0 -9999.0 -9999.0 -9999.0 -9999.0 -9999.0 -9999.0 -9999.0 -9999.0 -9999.0 -9999.0 -9999.0 -9999.0 -9999.0 -9999.0 -9999.0 -9999.0 -9999.0 -9999.0 -9999.0 -9999.0 -9999.0 -9999.0 -9999.0 -9999.0 -9999.0 -9999.0 -9999.0 -9999.0 -9999.0 -9999.0 -9999.0 -9999.0 -9999.0 -9999.0 -9999.0 -9999.0 -9999.0 -9999.0 -9999.0 -9999.0 -9999.0 -9999.0 -9999.0 -9999.0 -9999.0 -9999.0 -9999.0 -9999.0 -9999.0 -9999.0 -9999.0 -9999.0 -9999.0 -9999.0 -9999.0 -9999.0 -9999.0 -9999.0 -9999.0 -9999.0 -9999.0 -9999.0 -9999.0 -9999.0 -9999.0 -9999.0 -9999.0 -9999.0 -9999.0 -9999.0 -9999.0 -9999.0 -9999.0 -9999.0 -9999.0 -9999.0 -9999.0 -9999.0 -9999.0 -9999.0 -9999.0