inst/processing_geotop_simulation/geotop_simulation/out/maps3D/PwL0014N0473.asc
ncols         104
nrows         10
xllcorner     -2.000000
yllcorner     0.000000
cellsize      1.000000
NODATA_value  -9999.0
-9999.0 -9999.0 -9999.0 -9999.0 -9999.0 -9999.0 -9999.0 -9999.0 -9999.0 -9999.0 -9999.0 -9999.0 -9999.0 -9999.0 -9999.0 -9999.0 -9999.0 -9999.0 -9999.0 -9999.0 -9999.0 -9999.0 -9999.0 -9999.0 -9999.0 -9999.0 -9999.0 -9999.0 -9999.0 -9999.0 -9999.0 -9999.0 -9999.0 -9999.0 -9999.0 -9999.0 -9999.0 -9999.0 -9999.0 -9999.0 -9999.0 -9999.0 -9999.0 -9999.0 -9999.0 -9999.0 -9999.0 -9999.0 -9999.0 -9999.0 -9999.0 -9999.0 -9999.0 -9999.0 -9999.0 -9999.0 -9999.0 -9999.0 -9999.0 -9999.0 -9999.0 -9999.0 -9999.0 -9999.0 -9999.0 -9999.0 -9999.0 -9999.0 -9999.0 -9999.0 -9999.0 -9999.0 -9999.0 -9999.0 -9999.0 -9999.0 -9999.0 -9999.0 -9999.0 -9999.0 -9999.0 -9999.0 -9999.0 -9999.0 -9999.0 -9999.0 -9999.0 -9999.0 -9999.0 -9999.0 -9999.0 -9999.0 -9999.0 -9999.0 -9999.0 -9999.0 -9999.0 -9999.0 -9999.0 -9999.0 -9999.0 -9999.0 -9999.0 -9999.0
-9999.0 -9999.0 -9999.0 -9999.0 -9999.0 -9999.0 -9999.0 -9999.0 -9999.0 -9999.0 -9999.0 -9999.0 -9999.0 -9999.0 -9999.0 -9999.0 -9999.0 -9999.0 -9999.0 -9999.0 -9999.0 -9999.0 -9999.0 -9999.0 -9999.0 -9999.0 -9999.0 -9999.0 -9999.0 -9999.0 -9999.0 -9999.0 -9999.0 -9999.0 -9999.0 -9999.0 -9999.0 -9999.0 -9999.0 -9999.0 -9999.0 -9999.0 -9999.0 -9999.0 -9999.0 -9999.0 -9999.0 -9999.0 -9999.0 -9999.0 -9999.0 -9999.0 -9999.0 -9999.0 -9999.0 -9999.0 -9999.0 -9999.0 -9999.0 -9999.0 -9999.0 -9999.0 -9999.0 -9999.0 -9999.0 -9999.0 -9999.0 -9999.0 -9999.0 -9999.0 -9999.0 -9999.0 -9999.0 -9999.0 -9999.0 -9999.0 -9999.0 -9999.0 -9999.0 -9999.0 -9999.0 -9999.0 -9999.0 -9999.0 -9999.0 -9999.0 -9999.0 -9999.0 -9999.0 -9999.0 -9999.0 -9999.0 -9999.0 -9999.0 -9999.0 -9999.0 -9999.0 -9999.0 -9999.0 -9999.0 -9999.0 -9999.0 -9999.0 -9999.0
-9999.0 -9999.0 670.486449 571.469495 472.238044 372.863272 273.421946 173.952328 74.473522 -25.002901 -124.470853 -223.928090 -323.366402 -422.770083 -522.112912 -621.357178 -720.437564 -819.578375 -918.623524 -1017.538084 -1116.254055 -1213.278187 -1307.789832 -1397.867141 -1481.250943 -1555.846455 -1620.186456 -1673.694725 -1716.692796 -1750.197308 -1775.621459 -1794.492636 -1808.250462 -1818.137368 -1825.163017 -1830.117172 -1833.617525 -1836.216643 -1838.663292 -1842.251852 -1846.595432 -1833.105307 -1656.927472 -3118.650930 -2836.951287 -2636.110165 -2550.958428 -2539.776024 -2538.633173 -2538.744423 -2539.033281 -2539.343410 -2539.641293 -2539.917060 -2540.172596 -2540.466392 -2541.368975 -2547.706466 -2590.954163 -2693.370389 -2750.474591 -1505.202384 -1791.664782 -1839.051039 -1842.198983 -1841.655389 -1841.412222 -1841.355448 -1841.345059 -1841.343725 -1841.343940 -1841.344350 -1841.344728 -1841.345050 -1841.345324 -1841.345563 -1841.345778 -1841.345976 -1841.346164 -1841.346348 -1841.346537 -1841.346739 -1841.346966 -1841.347237 -1841.347581 -1841.348040 -1841.348688 -1841.349647 -1841.351127 -1841.353508 -1841.357494 -1841.364429 -1841.376966 -1841.400465 -1841.446115 -1841.538319 -1841.733583 -1842.172289 -1843.230566 -1846.007556 -1854.052936 -1880.099661 -9999.0 -9999.0
-9999.0 -9999.0 670.490420 571.470778 472.238426 372.863391 273.421985 173.952342 74.473527 -25.002899 -124.470852 -223.928089 -323.366402 -422.770083 -522.112912 -621.357178 -720.437564 -819.578375 -918.623524 -1017.538084 -1116.254055 -1213.278187 -1307.789832 -1397.867141 -1481.250943 -1555.846455 -1620.186456 -1673.694725 -1716.692796 -1750.197308 -1775.621459 -1794.492636 -1808.250462 -1818.137368 -1825.163017 -1830.117172 -1833.617525 -1836.216643 -1838.663292 -1842.251852 -1846.595431 -1833.105307 -1656.927472 -3118.650928 -2836.951284 -2636.110159 -2550.958428 -2539.776024 -2538.633173 -2538.744423 -2539.033281 -2539.343410 -2539.641293 -2539.917060 -2540.172596 -2540.466392 -2541.368975 -2547.706466 -2590.954163 -2693.370389 -2750.474591 -1505.202384 -1791.664782 -1839.051039 -1842.198983 -1841.655389 -1841.412222 -1841.355448 -1841.345059 -1841.343725 -1841.343940 -1841.344350 -1841.344728 -1841.345050 -1841.345324 -1841.345563 -1841.345778 -1841.345976 -1841.346164 -1841.346348 -1841.346537 -1841.346739 -1841.346966 -1841.347237 -1841.347581 -1841.348040 -1841.348688 -1841.349646 -1841.351127 -1841.353508 -1841.357494 -1841.364429 -1841.376966 -1841.400465 -1841.446115 -1841.538319 -1841.733583 -1842.172289 -1843.230566 -1846.007556 -1854.052936 -1880.099661 -9999.0 -9999.0
-9999.0 -9999.0 670.491610 571.471401 472.238681 372.863486 273.422020 173.952354 74.473531 -25.002897 -124.470852 -223.928089 -323.366401 -422.770082 -522.112912 -621.357178 -720.437564 -819.578375 -918.623524 -1017.538084 -1116.254055 -1213.278187 -1307.789832 -1397.867141 -1481.250943 -1555.846455 -1620.186456 -1673.694725 -1716.692796 -1750.197308 -1775.621459 -1794.492636 -1808.250462 -1818.137368 -1825.163017 -1830.117172 -1833.617525 -1836.216643 -1838.663292 -1842.251852 -1846.595431 -1833.105307 -1656.927472 -3118.650928 -2836.951283 -2636.110157 -2550.958428 -2539.776024 -2538.633173 -2538.744423 -2539.033281 -2539.343410 -2539.641293 -2539.917060 -2540.172596 -2540.466392 -2541.368975 -2547.706466 -2590.954163 -2693.370389 -2750.474591 -1505.202384 -1791.664782 -1839.051039 -1842.198983 -1841.655389 -1841.412222 -1841.355448 -1841.345059 -1841.343725 -1841.343940 -1841.344350 -1841.344728 -1841.345050 -1841.345324 -1841.345563 -1841.345778 -1841.345976 -1841.346164 -1841.346348 -1841.346537 -1841.346739 -1841.346966 -1841.347237 -1841.347581 -1841.348040 -1841.348688 -1841.349646 -1841.351127 -1841.353508 -1841.357494 -1841.364429 -1841.376966 -1841.400465 -1841.446115 -1841.538319 -1841.733583 -1842.172289 -1843.230566 -1846.007556 -1854.052936 -1880.099661 -9999.0 -9999.0
-9999.0 -9999.0 670.491610 571.471401 472.238681 372.863486 273.422020 173.952354 74.473532 -25.002897 -124.470851 -223.928089 -323.366401 -422.770082 -522.112912 -621.357178 -720.437564 -819.578375 -918.623524 -1017.538084 -1116.254055 -1213.278187 -1307.789832 -1397.867141 -1481.250943 -1555.846455 -1620.186456 -1673.694725 -1716.692796 -1750.197308 -1775.621459 -1794.492636 -1808.250462 -1818.137368 -1825.163017 -1830.117172 -1833.617525 -1836.216643 -1838.663292 -1842.251852 -1846.595431 -1833.105307 -1656.927472 -3118.650928 -2836.951283 -2636.110157 -2550.958428 -2539.776024 -2538.633173 -2538.744423 -2539.033281 -2539.343410 -2539.641293 -2539.917060 -2540.172596 -2540.466392 -2541.368975 -2547.706466 -2590.954163 -2693.370389 -2750.474591 -1505.202384 -1791.664782 -1839.051039 -1842.198983 -1841.655389 -1841.412222 -1841.355448 -1841.345059 -1841.343725 -1841.343940 -1841.344350 -1841.344728 -1841.345050 -1841.345324 -1841.345563 -1841.345778 -1841.345976 -1841.346164 -1841.346348 -1841.346537 -1841.346739 -1841.346966 -1841.347237 -1841.347581 -1841.348040 -1841.348688 -1841.349646 -1841.351127 -1841.353508 -1841.357494 -1841.364429 -1841.376966 -1841.400465 -1841.446115 -1841.538319 -1841.733583 -1842.172289 -1843.230566 -1846.007556 -1854.052936 -1880.099661 -9999.0 -9999.0
-9999.0 -9999.0 670.490420 571.470778 472.238426 372.863391 273.421985 173.952342 74.473527 -25.002899 -124.470852 -223.928089 -323.366402 -422.770082 -522.112912 -621.357178 -720.437564 -819.578375 -918.623524 -1017.538084 -1116.254055 -1213.278187 -1307.789832 -1397.867141 -1481.250943 -1555.846455 -1620.186456 -1673.694725 -1716.692796 -1750.197308 -1775.621459 -1794.492636 -1808.250462 -1818.137368 -1825.163017 -1830.117172 -1833.617525 -1836.216643 -1838.663292 -1842.251852 -1846.595431 -1833.105307 -1656.927472 -3118.650928 -2836.951284 -2636.110159 -2550.958428 -2539.776024 -2538.633173 -2538.744423 -2539.033281 -2539.343410 -2539.641293 -2539.917060 -2540.172596 -2540.466392 -2541.368975 -2547.706466 -2590.954163 -2693.370389 -2750.474591 -1505.202384 -1791.664782 -1839.051039 -1842.198983 -1841.655389 -1841.412222 -1841.355448 -1841.345059 -1841.343725 -1841.343940 -1841.344350 -1841.344728 -1841.345050 -1841.345324 -1841.345563 -1841.345778 -1841.345976 -1841.346164 -1841.346348 -1841.346537 -1841.346739 -1841.346966 -1841.347237 -1841.347581 -1841.348040 -1841.348688 -1841.349646 -1841.351127 -1841.353508 -1841.357494 -1841.364429 -1841.376966 -1841.400465 -1841.446115 -1841.538319 -1841.733583 -1842.172289 -1843.230566 -1846.007556 -1854.052936 -1880.099661 -9999.0 -9999.0
-9999.0 -9999.0 670.486449 571.469495 472.238044 372.863272 273.421946 173.952328 74.473522 -25.002901 -124.470853 -223.928090 -323.366402 -422.770083 -522.112912 -621.357178 -720.437564 -819.578375 -918.623524 -1017.538084 -1116.254055 -1213.278187 -1307.789832 -1397.867141 -1481.250943 -1555.846455 -1620.186456 -1673.694725 -1716.692796 -1750.197308 -1775.621459 -1794.492636 -1808.250462 -1818.137368 -1825.163017 -1830.117172 -1833.617525 -1836.216643 -1838.663292 -1842.251852 -1846.595432 -1833.105307 -1656.927472 -3118.650930 -2836.951287 -2636.110164 -2550.958428 -2539.776024 -2538.633173 -2538.744423 -2539.033281 -2539.343410 -2539.641293 -2539.917060 -2540.172596 -2540.466392 -2541.368975 -2547.706466 -2590.954163 -2693.370389 -2750.474591 -1505.202384 -1791.664782 -1839.051039 -1842.198983 -1841.655389 -1841.412222 -1841.355448 -1841.345059 -1841.343725 -1841.343940 -1841.344350 -1841.344728 -1841.345050 -1841.345324 -1841.345563 -1841.345778 -1841.345976 -1841.346164 -1841.346348 -1841.346537 -1841.346739 -1841.346966 -1841.347237 -1841.347581 -1841.348040 -1841.348688 -1841.349647 -1841.351127 -1841.353508 -1841.357494 -1841.364429 -1841.376966 -1841.400465 -1841.446115 -1841.538319 -1841.733583 -1842.172289 -1843.230566 -1846.007556 -1854.052936 -1880.099661 -9999.0 -9999.0
-9999.0 -9999.0 -9999.0 -9999.0 -9999.0 -9999.0 -9999.0 -9999.0 -9999.0 -9999.0 -9999.0 -9999.0 -9999.0 -9999.0 -9999.0 -9999.0 -9999.0 -9999.0 -9999.0 -9999.0 -9999.0 -9999.0 -9999.0 -9999.0 -9999.0 -9999.0 -9999.0 -9999.0 -9999.0 -9999.0 -9999.0 -9999.0 -9999.0 -9999.0 -9999.0 -9999.0 -9999.0 -9999.0 -9999.0 -9999.0 -9999.0 -9999.0 -9999.0 -9999.0 -9999.0 -9999.0 -9999.0 -9999.0 -9999.0 -9999.0 -9999.0 -9999.0 -9999.0 -9999.0 -9999.0 -9999.0 -9999.0 -9999.0 -9999.0 -9999.0 -9999.0 -9999.0 -9999.0 -9999.0 -9999.0 -9999.0 -9999.0 -9999.0 -9999.0 -9999.0 -9999.0 -9999.0 -9999.0 -9999.0 -9999.0 -9999.0 -9999.0 -9999.0 -9999.0 -9999.0 -9999.0 -9999.0 -9999.0 -9999.0 -9999.0 -9999.0 -9999.0 -9999.0 -9999.0 -9999.0 -9999.0 -9999.0 -9999.0 -9999.0 -9999.0 -9999.0 -9999.0 -9999.0 -9999.0 -9999.0 -9999.0 -9999.0 -9999.0 -9999.0
-9999.0 -9999.0 -9999.0 -9999.0 -9999.0 -9999.0 -9999.0 -9999.0 -9999.0 -9999.0 -9999.0 -9999.0 -9999.0 -9999.0 -9999.0 -9999.0 -9999.0 -9999.0 -9999.0 -9999.0 -9999.0 -9999.0 -9999.0 -9999.0 -9999.0 -9999.0 -9999.0 -9999.0 -9999.0 -9999.0 -9999.0 -9999.0 -9999.0 -9999.0 -9999.0 -9999.0 -9999.0 -9999.0 -9999.0 -9999.0 -9999.0 -9999.0 -9999.0 -9999.0 -9999.0 -9999.0 -9999.0 -9999.0 -9999.0 -9999.0 -9999.0 -9999.0 -9999.0 -9999.0 -9999.0 -9999.0 -9999.0 -9999.0 -9999.0 -9999.0 -9999.0 -9999.0 -9999.0 -9999.0 -9999.0 -9999.0 -9999.0 -9999.0 -9999.0 -9999.0 -9999.0 -9999.0 -9999.0 -9999.0 -9999.0 -9999.0 -9999.0 -9999.0 -9999.0 -9999.0 -9999.0 -9999.0 -9999.0 -9999.0 -9999.0 -9999.0 -9999.0 -9999.0 -9999.0 -9999.0 -9999.0 -9999.0 -9999.0 -9999.0 -9999.0 -9999.0 -9999.0 -9999.0 -9999.0 -9999.0 -9999.0 -9999.0 -9999.0 -9999.0