inst/processing_geotop_simulation/geotop_simulation/out/maps3D/PwL0016N0188.asc
ncols         104
nrows         10
xllcorner     -2.000000
yllcorner     0.000000
cellsize      1.000000
NODATA_value  -9999.0
-9999.0 -9999.0 -9999.0 -9999.0 -9999.0 -9999.0 -9999.0 -9999.0 -9999.0 -9999.0 -9999.0 -9999.0 -9999.0 -9999.0 -9999.0 -9999.0 -9999.0 -9999.0 -9999.0 -9999.0 -9999.0 -9999.0 -9999.0 -9999.0 -9999.0 -9999.0 -9999.0 -9999.0 -9999.0 -9999.0 -9999.0 -9999.0 -9999.0 -9999.0 -9999.0 -9999.0 -9999.0 -9999.0 -9999.0 -9999.0 -9999.0 -9999.0 -9999.0 -9999.0 -9999.0 -9999.0 -9999.0 -9999.0 -9999.0 -9999.0 -9999.0 -9999.0 -9999.0 -9999.0 -9999.0 -9999.0 -9999.0 -9999.0 -9999.0 -9999.0 -9999.0 -9999.0 -9999.0 -9999.0 -9999.0 -9999.0 -9999.0 -9999.0 -9999.0 -9999.0 -9999.0 -9999.0 -9999.0 -9999.0 -9999.0 -9999.0 -9999.0 -9999.0 -9999.0 -9999.0 -9999.0 -9999.0 -9999.0 -9999.0 -9999.0 -9999.0 -9999.0 -9999.0 -9999.0 -9999.0 -9999.0 -9999.0 -9999.0 -9999.0 -9999.0 -9999.0 -9999.0 -9999.0 -9999.0 -9999.0 -9999.0 -9999.0 -9999.0 -9999.0
-9999.0 -9999.0 -9999.0 -9999.0 -9999.0 -9999.0 -9999.0 -9999.0 -9999.0 -9999.0 -9999.0 -9999.0 -9999.0 -9999.0 -9999.0 -9999.0 -9999.0 -9999.0 -9999.0 -9999.0 -9999.0 -9999.0 -9999.0 -9999.0 -9999.0 -9999.0 -9999.0 -9999.0 -9999.0 -9999.0 -9999.0 -9999.0 -9999.0 -9999.0 -9999.0 -9999.0 -9999.0 -9999.0 -9999.0 -9999.0 -9999.0 -9999.0 -9999.0 -9999.0 -9999.0 -9999.0 -9999.0 -9999.0 -9999.0 -9999.0 -9999.0 -9999.0 -9999.0 -9999.0 -9999.0 -9999.0 -9999.0 -9999.0 -9999.0 -9999.0 -9999.0 -9999.0 -9999.0 -9999.0 -9999.0 -9999.0 -9999.0 -9999.0 -9999.0 -9999.0 -9999.0 -9999.0 -9999.0 -9999.0 -9999.0 -9999.0 -9999.0 -9999.0 -9999.0 -9999.0 -9999.0 -9999.0 -9999.0 -9999.0 -9999.0 -9999.0 -9999.0 -9999.0 -9999.0 -9999.0 -9999.0 -9999.0 -9999.0 -9999.0 -9999.0 -9999.0 -9999.0 -9999.0 -9999.0 -9999.0 -9999.0 -9999.0 -9999.0 -9999.0
-9999.0 -9999.0 779.442969 684.146550 588.071375 491.338732 394.280762 297.079159 199.829935 102.582365 5.366494 -91.789883 -188.869922 -285.793302 -382.407574 -478.463731 -573.557159 -667.139064 -761.483432 -854.904430 -947.029540 -1037.693000 -1114.610922 -1180.353649 -1233.831123 -1275.382642 -1306.402042 -1328.792521 -1344.509332 -1355.290119 -1362.547658 -1367.361206 -1370.517785 -1372.571085 -1373.900100 -1374.761036 -1375.333230 -1375.780606 -1376.474887 -1379.143170 -1392.009749 -1461.136111 -2024.639966 -4155.774980 -4183.166726 -4183.168316 -4183.168316 -4183.168316 -4183.168315 -4183.168315 -4183.168314 -4183.168312 -4183.168307 -4183.168301 -4183.168290 -4183.168267 -4183.168214 -4183.168076 -4183.167688 -4183.163340 -4137.778492 -1897.246635 -1425.773635 -1385.283092 -1377.938297 -1376.693373 -1376.503864 -1376.475688 -1376.472042 -1376.472347 -1376.473193 -1376.473964 -1376.474572 -1376.475038 -1376.475397 -1376.475676 -1376.475898 -1376.476078 -1376.476230 -1376.476365 -1376.476497 -1376.476644 -1376.476827 -1376.477080 -1376.477453 -1376.478025 -1376.478922 -1376.480358 -1376.482693 -1376.486558 -1376.493102 -1376.504478 -1376.524849 -1376.562438 -1376.633788 -1376.772891 -1377.052452 -1377.638841 -1378.944859 -1382.067468 -1390.165993 -1414.277367 -9999.0 -9999.0
-9999.0 -9999.0 779.447277 684.148039 588.071836 491.338878 394.280810 297.079175 199.829941 102.582367 5.366495 -91.789883 -188.869922 -285.793302 -382.407574 -478.463731 -573.557159 -667.139064 -761.483432 -854.904430 -947.029540 -1037.693000 -1114.610922 -1180.353649 -1233.831123 -1275.382642 -1306.402043 -1328.792521 -1344.509333 -1355.290119 -1362.547658 -1367.361206 -1370.517785 -1372.571085 -1373.900100 -1374.761036 -1375.333230 -1375.780606 -1376.474887 -1379.143170 -1392.009749 -1461.136111 -2024.639966 -4155.774980 -4183.166726 -4183.168316 -4183.168316 -4183.168316 -4183.168315 -4183.168315 -4183.168314 -4183.168312 -4183.168307 -4183.168301 -4183.168290 -4183.168267 -4183.168214 -4183.168076 -4183.167688 -4183.163340 -4137.778492 -1897.246635 -1425.773635 -1385.283092 -1377.938297 -1376.693373 -1376.503864 -1376.475688 -1376.472042 -1376.472347 -1376.473193 -1376.473964 -1376.474572 -1376.475038 -1376.475397 -1376.475676 -1376.475898 -1376.476078 -1376.476230 -1376.476365 -1376.476497 -1376.476644 -1376.476827 -1376.477080 -1376.477453 -1376.478025 -1376.478922 -1376.480358 -1376.482693 -1376.486558 -1376.493102 -1376.504478 -1376.524849 -1376.562438 -1376.633788 -1376.772891 -1377.052452 -1377.638841 -1378.944859 -1382.067468 -1390.165993 -1414.277367 -9999.0 -9999.0
-9999.0 -9999.0 779.448700 684.148789 588.072147 491.338995 394.280853 297.079190 199.829946 102.582369 5.366495 -91.789883 -188.869922 -285.793302 -382.407574 -478.463731 -573.557159 -667.139064 -761.483432 -854.904431 -947.029541 -1037.693000 -1114.610922 -1180.353650 -1233.831123 -1275.382642 -1306.402043 -1328.792521 -1344.509333 -1355.290119 -1362.547658 -1367.361206 -1370.517785 -1372.571085 -1373.900100 -1374.761036 -1375.333230 -1375.780606 -1376.474887 -1379.143170 -1392.009749 -1461.136111 -2024.639966 -4155.774980 -4183.166726 -4183.168316 -4183.168316 -4183.168316 -4183.168315 -4183.168315 -4183.168314 -4183.168312 -4183.168307 -4183.168301 -4183.168290 -4183.168267 -4183.168214 -4183.168076 -4183.167688 -4183.163340 -4137.778492 -1897.246635 -1425.773635 -1385.283092 -1377.938297 -1376.693373 -1376.503864 -1376.475688 -1376.472042 -1376.472347 -1376.473193 -1376.473964 -1376.474572 -1376.475038 -1376.475397 -1376.475676 -1376.475898 -1376.476078 -1376.476230 -1376.476365 -1376.476497 -1376.476644 -1376.476827 -1376.477080 -1376.477453 -1376.478025 -1376.478922 -1376.480358 -1376.482693 -1376.486558 -1376.493102 -1376.504478 -1376.524849 -1376.562438 -1376.633788 -1376.772891 -1377.052452 -1377.638841 -1378.944859 -1382.067468 -1390.165993 -1414.277367 -9999.0 -9999.0
-9999.0 -9999.0 779.448700 684.148789 588.072147 491.338995 394.280853 297.079190 199.829946 102.582369 5.366495 -91.789883 -188.869922 -285.793302 -382.407575 -478.463731 -573.557159 -667.139064 -761.483432 -854.904430 -947.029541 -1037.693000 -1114.610922 -1180.353650 -1233.831123 -1275.382642 -1306.402043 -1328.792521 -1344.509333 -1355.290119 -1362.547658 -1367.361206 -1370.517785 -1372.571085 -1373.900100 -1374.761036 -1375.333230 -1375.780606 -1376.474887 -1379.143170 -1392.009749 -1461.136111 -2024.639966 -4155.774980 -4183.166726 -4183.168316 -4183.168316 -4183.168316 -4183.168315 -4183.168315 -4183.168314 -4183.168312 -4183.168307 -4183.168301 -4183.168290 -4183.168267 -4183.168214 -4183.168076 -4183.167688 -4183.163340 -4137.778492 -1897.246635 -1425.773635 -1385.283092 -1377.938297 -1376.693373 -1376.503864 -1376.475688 -1376.472042 -1376.472347 -1376.473193 -1376.473964 -1376.474572 -1376.475038 -1376.475397 -1376.475676 -1376.475898 -1376.476078 -1376.476230 -1376.476365 -1376.476497 -1376.476644 -1376.476827 -1376.477080 -1376.477453 -1376.478025 -1376.478922 -1376.480358 -1376.482693 -1376.486558 -1376.493102 -1376.504478 -1376.524849 -1376.562438 -1376.633788 -1376.772891 -1377.052452 -1377.638841 -1378.944859 -1382.067468 -1390.165993 -1414.277367 -9999.0 -9999.0
-9999.0 -9999.0 779.447277 684.148039 588.071836 491.338878 394.280810 297.079175 199.829941 102.582367 5.366495 -91.789883 -188.869922 -285.793302 -382.407574 -478.463731 -573.557159 -667.139064 -761.483432 -854.904430 -947.029540 -1037.693000 -1114.610922 -1180.353649 -1233.831123 -1275.382642 -1306.402043 -1328.792521 -1344.509333 -1355.290119 -1362.547658 -1367.361206 -1370.517785 -1372.571085 -1373.900100 -1374.761036 -1375.333230 -1375.780606 -1376.474887 -1379.143170 -1392.009749 -1461.136111 -2024.639966 -4155.774980 -4183.166726 -4183.168316 -4183.168316 -4183.168316 -4183.168315 -4183.168315 -4183.168314 -4183.168312 -4183.168307 -4183.168301 -4183.168290 -4183.168267 -4183.168214 -4183.168076 -4183.167688 -4183.163340 -4137.778492 -1897.246635 -1425.773635 -1385.283092 -1377.938297 -1376.693373 -1376.503864 -1376.475688 -1376.472042 -1376.472347 -1376.473193 -1376.473964 -1376.474572 -1376.475038 -1376.475397 -1376.475676 -1376.475898 -1376.476078 -1376.476230 -1376.476365 -1376.476497 -1376.476644 -1376.476827 -1376.477080 -1376.477453 -1376.478025 -1376.478922 -1376.480358 -1376.482693 -1376.486558 -1376.493102 -1376.504478 -1376.524849 -1376.562438 -1376.633788 -1376.772891 -1377.052452 -1377.638841 -1378.944859 -1382.067468 -1390.165993 -1414.277367 -9999.0 -9999.0
-9999.0 -9999.0 779.442969 684.146550 588.071375 491.338732 394.280762 297.079159 199.829935 102.582365 5.366494 -91.789883 -188.869922 -285.793302 -382.407574 -478.463731 -573.557159 -667.139064 -761.483432 -854.904430 -947.029540 -1037.693000 -1114.610922 -1180.353649 -1233.831123 -1275.382642 -1306.402042 -1328.792521 -1344.509332 -1355.290119 -1362.547658 -1367.361206 -1370.517785 -1372.571085 -1373.900100 -1374.761036 -1375.333230 -1375.780606 -1376.474887 -1379.143170 -1392.009749 -1461.136111 -2024.639966 -4155.774980 -4183.166726 -4183.168316 -4183.168316 -4183.168316 -4183.168315 -4183.168315 -4183.168314 -4183.168312 -4183.168307 -4183.168301 -4183.168290 -4183.168267 -4183.168214 -4183.168076 -4183.167688 -4183.163340 -4137.778492 -1897.246635 -1425.773635 -1385.283092 -1377.938297 -1376.693373 -1376.503864 -1376.475688 -1376.472042 -1376.472347 -1376.473193 -1376.473964 -1376.474572 -1376.475038 -1376.475397 -1376.475676 -1376.475898 -1376.476078 -1376.476230 -1376.476365 -1376.476497 -1376.476644 -1376.476827 -1376.477080 -1376.477453 -1376.478025 -1376.478922 -1376.480358 -1376.482693 -1376.486558 -1376.493102 -1376.504478 -1376.524849 -1376.562438 -1376.633788 -1376.772891 -1377.052452 -1377.638841 -1378.944859 -1382.067468 -1390.165993 -1414.277367 -9999.0 -9999.0
-9999.0 -9999.0 -9999.0 -9999.0 -9999.0 -9999.0 -9999.0 -9999.0 -9999.0 -9999.0 -9999.0 -9999.0 -9999.0 -9999.0 -9999.0 -9999.0 -9999.0 -9999.0 -9999.0 -9999.0 -9999.0 -9999.0 -9999.0 -9999.0 -9999.0 -9999.0 -9999.0 -9999.0 -9999.0 -9999.0 -9999.0 -9999.0 -9999.0 -9999.0 -9999.0 -9999.0 -9999.0 -9999.0 -9999.0 -9999.0 -9999.0 -9999.0 -9999.0 -9999.0 -9999.0 -9999.0 -9999.0 -9999.0 -9999.0 -9999.0 -9999.0 -9999.0 -9999.0 -9999.0 -9999.0 -9999.0 -9999.0 -9999.0 -9999.0 -9999.0 -9999.0 -9999.0 -9999.0 -9999.0 -9999.0 -9999.0 -9999.0 -9999.0 -9999.0 -9999.0 -9999.0 -9999.0 -9999.0 -9999.0 -9999.0 -9999.0 -9999.0 -9999.0 -9999.0 -9999.0 -9999.0 -9999.0 -9999.0 -9999.0 -9999.0 -9999.0 -9999.0 -9999.0 -9999.0 -9999.0 -9999.0 -9999.0 -9999.0 -9999.0 -9999.0 -9999.0 -9999.0 -9999.0 -9999.0 -9999.0 -9999.0 -9999.0 -9999.0 -9999.0
-9999.0 -9999.0 -9999.0 -9999.0 -9999.0 -9999.0 -9999.0 -9999.0 -9999.0 -9999.0 -9999.0 -9999.0 -9999.0 -9999.0 -9999.0 -9999.0 -9999.0 -9999.0 -9999.0 -9999.0 -9999.0 -9999.0 -9999.0 -9999.0 -9999.0 -9999.0 -9999.0 -9999.0 -9999.0 -9999.0 -9999.0 -9999.0 -9999.0 -9999.0 -9999.0 -9999.0 -9999.0 -9999.0 -9999.0 -9999.0 -9999.0 -9999.0 -9999.0 -9999.0 -9999.0 -9999.0 -9999.0 -9999.0 -9999.0 -9999.0 -9999.0 -9999.0 -9999.0 -9999.0 -9999.0 -9999.0 -9999.0 -9999.0 -9999.0 -9999.0 -9999.0 -9999.0 -9999.0 -9999.0 -9999.0 -9999.0 -9999.0 -9999.0 -9999.0 -9999.0 -9999.0 -9999.0 -9999.0 -9999.0 -9999.0 -9999.0 -9999.0 -9999.0 -9999.0 -9999.0 -9999.0 -9999.0 -9999.0 -9999.0 -9999.0 -9999.0 -9999.0 -9999.0 -9999.0 -9999.0 -9999.0 -9999.0 -9999.0 -9999.0 -9999.0 -9999.0 -9999.0 -9999.0 -9999.0 -9999.0 -9999.0 -9999.0 -9999.0 -9999.0