inst/processing_geotop_simulation/geotop_simulation/out/maps3D/PwL0012N0231.asc
ncols         104
nrows         10
xllcorner     -2.000000
yllcorner     0.000000
cellsize      1.000000
NODATA_value  -9999.0
-9999.0 -9999.0 -9999.0 -9999.0 -9999.0 -9999.0 -9999.0 -9999.0 -9999.0 -9999.0 -9999.0 -9999.0 -9999.0 -9999.0 -9999.0 -9999.0 -9999.0 -9999.0 -9999.0 -9999.0 -9999.0 -9999.0 -9999.0 -9999.0 -9999.0 -9999.0 -9999.0 -9999.0 -9999.0 -9999.0 -9999.0 -9999.0 -9999.0 -9999.0 -9999.0 -9999.0 -9999.0 -9999.0 -9999.0 -9999.0 -9999.0 -9999.0 -9999.0 -9999.0 -9999.0 -9999.0 -9999.0 -9999.0 -9999.0 -9999.0 -9999.0 -9999.0 -9999.0 -9999.0 -9999.0 -9999.0 -9999.0 -9999.0 -9999.0 -9999.0 -9999.0 -9999.0 -9999.0 -9999.0 -9999.0 -9999.0 -9999.0 -9999.0 -9999.0 -9999.0 -9999.0 -9999.0 -9999.0 -9999.0 -9999.0 -9999.0 -9999.0 -9999.0 -9999.0 -9999.0 -9999.0 -9999.0 -9999.0 -9999.0 -9999.0 -9999.0 -9999.0 -9999.0 -9999.0 -9999.0 -9999.0 -9999.0 -9999.0 -9999.0 -9999.0 -9999.0 -9999.0 -9999.0 -9999.0 -9999.0 -9999.0 -9999.0 -9999.0 -9999.0
-9999.0 -9999.0 -9999.0 -9999.0 -9999.0 -9999.0 -9999.0 -9999.0 -9999.0 -9999.0 -9999.0 -9999.0 -9999.0 -9999.0 -9999.0 -9999.0 -9999.0 -9999.0 -9999.0 -9999.0 -9999.0 -9999.0 -9999.0 -9999.0 -9999.0 -9999.0 -9999.0 -9999.0 -9999.0 -9999.0 -9999.0 -9999.0 -9999.0 -9999.0 -9999.0 -9999.0 -9999.0 -9999.0 -9999.0 -9999.0 -9999.0 -9999.0 -9999.0 -9999.0 -9999.0 -9999.0 -9999.0 -9999.0 -9999.0 -9999.0 -9999.0 -9999.0 -9999.0 -9999.0 -9999.0 -9999.0 -9999.0 -9999.0 -9999.0 -9999.0 -9999.0 -9999.0 -9999.0 -9999.0 -9999.0 -9999.0 -9999.0 -9999.0 -9999.0 -9999.0 -9999.0 -9999.0 -9999.0 -9999.0 -9999.0 -9999.0 -9999.0 -9999.0 -9999.0 -9999.0 -9999.0 -9999.0 -9999.0 -9999.0 -9999.0 -9999.0 -9999.0 -9999.0 -9999.0 -9999.0 -9999.0 -9999.0 -9999.0 -9999.0 -9999.0 -9999.0 -9999.0 -9999.0 -9999.0 -9999.0 -9999.0 -9999.0 -9999.0 -9999.0
-9999.0 -9999.0 576.557417 480.437717 383.285345 285.557835 187.574605 89.482806 -8.642824 -106.759421 -204.846451 -302.855005 -400.691974 -498.152326 -594.926770 -690.663294 -786.885004 -882.677378 -978.048309 -1072.912434 -1161.223435 -1242.326060 -1313.194234 -1372.029670 -1418.627807 -1454.080226 -1480.185714 -1498.911827 -1512.062316 -1521.136755 -1527.308444 -1531.456799 -1534.219514 -1536.046834 -1537.250153 -1538.043406 -1538.580956 -1539.017030 -1539.732017 -1542.344673 -1552.983079 -1589.295326 -1723.599416 -3232.851370 -2844.630293 -2617.434650 -2521.076214 -2509.176034 -2507.986731 -2508.112353 -2508.423898 -2508.757466 -2509.077667 -2509.373981 -2509.647916 -2509.957153 -2510.876171 -2517.456824 -2565.787726 -2681.155762 -2849.014500 -1547.842031 -1555.998762 -1546.109075 -1541.038950 -1539.892285 -1539.695479 -1539.664857 -1539.660695 -1539.660787 -1539.661484 -1539.662141 -1539.662663 -1539.663065 -1539.663373 -1539.663614 -1539.663805 -1539.663961 -1539.664091 -1539.664208 -1539.664324 -1539.664452 -1539.664612 -1539.664834 -1539.665161 -1539.665663 -1539.666451 -1539.667712 -1539.669765 -1539.673169 -1539.678942 -1539.689003 -1539.707059 -1539.740452 -1539.803963 -1539.928043 -1540.177998 -1540.703418 -1541.875321 -1544.691343 -1552.162508 -1575.508772 -9999.0 -9999.0
-9999.0 -9999.0 576.562984 480.439393 383.285828 285.557984 187.574653 89.482822 -8.642818 -106.759419 -204.846450 -302.855004 -400.691974 -498.152326 -594.926770 -690.663294 -786.885004 -882.677378 -978.048309 -1072.912434 -1161.223435 -1242.326060 -1313.194235 -1372.029670 -1418.627807 -1454.080226 -1480.185714 -1498.911827 -1512.062316 -1521.136756 -1527.308444 -1531.456799 -1534.219514 -1536.046834 -1537.250153 -1538.043406 -1538.580956 -1539.017030 -1539.732017 -1542.344673 -1552.983079 -1589.295326 -1723.599416 -3232.851367 -2844.630290 -2617.434644 -2521.076214 -2509.176034 -2507.986731 -2508.112353 -2508.423898 -2508.757466 -2509.077667 -2509.373981 -2509.647916 -2509.957153 -2510.876171 -2517.456824 -2565.787725 -2681.155761 -2849.014500 -1547.842031 -1555.998762 -1546.109075 -1541.038950 -1539.892285 -1539.695479 -1539.664857 -1539.660695 -1539.660787 -1539.661484 -1539.662141 -1539.662663 -1539.663065 -1539.663373 -1539.663614 -1539.663805 -1539.663961 -1539.664091 -1539.664208 -1539.664324 -1539.664452 -1539.664612 -1539.664834 -1539.665161 -1539.665663 -1539.666451 -1539.667712 -1539.669765 -1539.673169 -1539.678942 -1539.689003 -1539.707059 -1539.740452 -1539.803963 -1539.928043 -1540.177998 -1540.703418 -1541.875321 -1544.691343 -1552.162508 -1575.508772 -9999.0 -9999.0
-9999.0 -9999.0 576.564479 480.440175 383.286145 285.558101 187.574695 89.482837 -8.642813 -106.759417 -204.846449 -302.855004 -400.691974 -498.152326 -594.926770 -690.663294 -786.885004 -882.677378 -978.048309 -1072.912434 -1161.223435 -1242.326060 -1313.194235 -1372.029670 -1418.627807 -1454.080226 -1480.185714 -1498.911828 -1512.062316 -1521.136756 -1527.308445 -1531.456799 -1534.219514 -1536.046834 -1537.250153 -1538.043406 -1538.580956 -1539.017030 -1539.732017 -1542.344673 -1552.983079 -1589.295326 -1723.599416 -3232.851367 -2844.630289 -2617.434642 -2521.076214 -2509.176034 -2507.986731 -2508.112353 -2508.423898 -2508.757466 -2509.077667 -2509.373981 -2509.647916 -2509.957153 -2510.876171 -2517.456824 -2565.787726 -2681.155761 -2849.014500 -1547.842031 -1555.998762 -1546.109075 -1541.038950 -1539.892285 -1539.695479 -1539.664857 -1539.660695 -1539.660787 -1539.661484 -1539.662141 -1539.662663 -1539.663065 -1539.663373 -1539.663614 -1539.663805 -1539.663961 -1539.664091 -1539.664208 -1539.664324 -1539.664452 -1539.664612 -1539.664834 -1539.665161 -1539.665663 -1539.666451 -1539.667712 -1539.669765 -1539.673169 -1539.678942 -1539.689003 -1539.707059 -1539.740452 -1539.803963 -1539.928043 -1540.177998 -1540.703418 -1541.875321 -1544.691343 -1552.162508 -1575.508772 -9999.0 -9999.0
-9999.0 -9999.0 576.564479 480.440175 383.286145 285.558101 187.574695 89.482837 -8.642813 -106.759417 -204.846449 -302.855004 -400.691974 -498.152326 -594.926770 -690.663294 -786.885004 -882.677378 -978.048309 -1072.912434 -1161.223435 -1242.326060 -1313.194235 -1372.029670 -1418.627807 -1454.080226 -1480.185714 -1498.911828 -1512.062316 -1521.136756 -1527.308445 -1531.456799 -1534.219514 -1536.046834 -1537.250153 -1538.043406 -1538.580956 -1539.017030 -1539.732017 -1542.344673 -1552.983079 -1589.295326 -1723.599416 -3232.851367 -2844.630289 -2617.434642 -2521.076214 -2509.176034 -2507.986731 -2508.112353 -2508.423898 -2508.757466 -2509.077667 -2509.373981 -2509.647916 -2509.957153 -2510.876171 -2517.456824 -2565.787726 -2681.155761 -2849.014500 -1547.842031 -1555.998762 -1546.109075 -1541.038950 -1539.892285 -1539.695479 -1539.664857 -1539.660695 -1539.660787 -1539.661484 -1539.662141 -1539.662663 -1539.663065 -1539.663373 -1539.663614 -1539.663805 -1539.663961 -1539.664091 -1539.664208 -1539.664324 -1539.664452 -1539.664612 -1539.664834 -1539.665161 -1539.665663 -1539.666451 -1539.667712 -1539.669765 -1539.673169 -1539.678942 -1539.689003 -1539.707059 -1539.740452 -1539.803963 -1539.928043 -1540.177998 -1540.703418 -1541.875321 -1544.691343 -1552.162508 -1575.508772 -9999.0 -9999.0
-9999.0 -9999.0 576.562984 480.439393 383.285828 285.557984 187.574653 89.482822 -8.642818 -106.759419 -204.846450 -302.855004 -400.691974 -498.152326 -594.926770 -690.663294 -786.885004 -882.677378 -978.048309 -1072.912434 -1161.223435 -1242.326060 -1313.194235 -1372.029670 -1418.627807 -1454.080226 -1480.185714 -1498.911827 -1512.062316 -1521.136756 -1527.308444 -1531.456799 -1534.219514 -1536.046834 -1537.250153 -1538.043406 -1538.580956 -1539.017030 -1539.732017 -1542.344673 -1552.983079 -1589.295326 -1723.599416 -3232.851367 -2844.630290 -2617.434644 -2521.076214 -2509.176034 -2507.986731 -2508.112353 -2508.423898 -2508.757466 -2509.077667 -2509.373981 -2509.647916 -2509.957153 -2510.876171 -2517.456824 -2565.787725 -2681.155761 -2849.014500 -1547.842031 -1555.998762 -1546.109075 -1541.038950 -1539.892285 -1539.695479 -1539.664857 -1539.660695 -1539.660787 -1539.661484 -1539.662141 -1539.662663 -1539.663065 -1539.663373 -1539.663614 -1539.663805 -1539.663961 -1539.664091 -1539.664208 -1539.664324 -1539.664452 -1539.664612 -1539.664834 -1539.665161 -1539.665663 -1539.666451 -1539.667712 -1539.669765 -1539.673169 -1539.678942 -1539.689003 -1539.707059 -1539.740452 -1539.803963 -1539.928043 -1540.177998 -1540.703418 -1541.875321 -1544.691343 -1552.162508 -1575.508772 -9999.0 -9999.0
-9999.0 -9999.0 576.557417 480.437717 383.285345 285.557835 187.574605 89.482806 -8.642824 -106.759421 -204.846451 -302.855005 -400.691974 -498.152326 -594.926770 -690.663294 -786.885004 -882.677378 -978.048309 -1072.912434 -1161.223435 -1242.326060 -1313.194234 -1372.029670 -1418.627807 -1454.080226 -1480.185714 -1498.911827 -1512.062316 -1521.136755 -1527.308444 -1531.456799 -1534.219514 -1536.046834 -1537.250153 -1538.043406 -1538.580956 -1539.017030 -1539.732017 -1542.344673 -1552.983079 -1589.295326 -1723.599416 -3232.851370 -2844.630293 -2617.434650 -2521.076214 -2509.176034 -2507.986731 -2508.112353 -2508.423898 -2508.757466 -2509.077667 -2509.373981 -2509.647916 -2509.957153 -2510.876171 -2517.456824 -2565.787726 -2681.155762 -2849.014500 -1547.842031 -1555.998762 -1546.109075 -1541.038950 -1539.892285 -1539.695479 -1539.664857 -1539.660695 -1539.660787 -1539.661484 -1539.662141 -1539.662663 -1539.663065 -1539.663373 -1539.663614 -1539.663805 -1539.663961 -1539.664091 -1539.664208 -1539.664324 -1539.664452 -1539.664612 -1539.664834 -1539.665161 -1539.665663 -1539.666451 -1539.667712 -1539.669765 -1539.673169 -1539.678942 -1539.689003 -1539.707059 -1539.740452 -1539.803963 -1539.928043 -1540.177998 -1540.703418 -1541.875321 -1544.691343 -1552.162508 -1575.508772 -9999.0 -9999.0
-9999.0 -9999.0 -9999.0 -9999.0 -9999.0 -9999.0 -9999.0 -9999.0 -9999.0 -9999.0 -9999.0 -9999.0 -9999.0 -9999.0 -9999.0 -9999.0 -9999.0 -9999.0 -9999.0 -9999.0 -9999.0 -9999.0 -9999.0 -9999.0 -9999.0 -9999.0 -9999.0 -9999.0 -9999.0 -9999.0 -9999.0 -9999.0 -9999.0 -9999.0 -9999.0 -9999.0 -9999.0 -9999.0 -9999.0 -9999.0 -9999.0 -9999.0 -9999.0 -9999.0 -9999.0 -9999.0 -9999.0 -9999.0 -9999.0 -9999.0 -9999.0 -9999.0 -9999.0 -9999.0 -9999.0 -9999.0 -9999.0 -9999.0 -9999.0 -9999.0 -9999.0 -9999.0 -9999.0 -9999.0 -9999.0 -9999.0 -9999.0 -9999.0 -9999.0 -9999.0 -9999.0 -9999.0 -9999.0 -9999.0 -9999.0 -9999.0 -9999.0 -9999.0 -9999.0 -9999.0 -9999.0 -9999.0 -9999.0 -9999.0 -9999.0 -9999.0 -9999.0 -9999.0 -9999.0 -9999.0 -9999.0 -9999.0 -9999.0 -9999.0 -9999.0 -9999.0 -9999.0 -9999.0 -9999.0 -9999.0 -9999.0 -9999.0 -9999.0 -9999.0
-9999.0 -9999.0 -9999.0 -9999.0 -9999.0 -9999.0 -9999.0 -9999.0 -9999.0 -9999.0 -9999.0 -9999.0 -9999.0 -9999.0 -9999.0 -9999.0 -9999.0 -9999.0 -9999.0 -9999.0 -9999.0 -9999.0 -9999.0 -9999.0 -9999.0 -9999.0 -9999.0 -9999.0 -9999.0 -9999.0 -9999.0 -9999.0 -9999.0 -9999.0 -9999.0 -9999.0 -9999.0 -9999.0 -9999.0 -9999.0 -9999.0 -9999.0 -9999.0 -9999.0 -9999.0 -9999.0 -9999.0 -9999.0 -9999.0 -9999.0 -9999.0 -9999.0 -9999.0 -9999.0 -9999.0 -9999.0 -9999.0 -9999.0 -9999.0 -9999.0 -9999.0 -9999.0 -9999.0 -9999.0 -9999.0 -9999.0 -9999.0 -9999.0 -9999.0 -9999.0 -9999.0 -9999.0 -9999.0 -9999.0 -9999.0 -9999.0 -9999.0 -9999.0 -9999.0 -9999.0 -9999.0 -9999.0 -9999.0 -9999.0 -9999.0 -9999.0 -9999.0 -9999.0 -9999.0 -9999.0 -9999.0 -9999.0 -9999.0 -9999.0 -9999.0 -9999.0 -9999.0 -9999.0 -9999.0 -9999.0 -9999.0 -9999.0 -9999.0 -9999.0