inst/processing_geotop_simulation/geotop_simulation/out/maps3D/PwL0013N0469.asc
ncols         104
nrows         10
xllcorner     -2.000000
yllcorner     0.000000
cellsize      1.000000
NODATA_value  -9999.0
-9999.0 -9999.0 -9999.0 -9999.0 -9999.0 -9999.0 -9999.0 -9999.0 -9999.0 -9999.0 -9999.0 -9999.0 -9999.0 -9999.0 -9999.0 -9999.0 -9999.0 -9999.0 -9999.0 -9999.0 -9999.0 -9999.0 -9999.0 -9999.0 -9999.0 -9999.0 -9999.0 -9999.0 -9999.0 -9999.0 -9999.0 -9999.0 -9999.0 -9999.0 -9999.0 -9999.0 -9999.0 -9999.0 -9999.0 -9999.0 -9999.0 -9999.0 -9999.0 -9999.0 -9999.0 -9999.0 -9999.0 -9999.0 -9999.0 -9999.0 -9999.0 -9999.0 -9999.0 -9999.0 -9999.0 -9999.0 -9999.0 -9999.0 -9999.0 -9999.0 -9999.0 -9999.0 -9999.0 -9999.0 -9999.0 -9999.0 -9999.0 -9999.0 -9999.0 -9999.0 -9999.0 -9999.0 -9999.0 -9999.0 -9999.0 -9999.0 -9999.0 -9999.0 -9999.0 -9999.0 -9999.0 -9999.0 -9999.0 -9999.0 -9999.0 -9999.0 -9999.0 -9999.0 -9999.0 -9999.0 -9999.0 -9999.0 -9999.0 -9999.0 -9999.0 -9999.0 -9999.0 -9999.0 -9999.0 -9999.0 -9999.0 -9999.0 -9999.0 -9999.0
-9999.0 -9999.0 -9999.0 -9999.0 -9999.0 -9999.0 -9999.0 -9999.0 -9999.0 -9999.0 -9999.0 -9999.0 -9999.0 -9999.0 -9999.0 -9999.0 -9999.0 -9999.0 -9999.0 -9999.0 -9999.0 -9999.0 -9999.0 -9999.0 -9999.0 -9999.0 -9999.0 -9999.0 -9999.0 -9999.0 -9999.0 -9999.0 -9999.0 -9999.0 -9999.0 -9999.0 -9999.0 -9999.0 -9999.0 -9999.0 -9999.0 -9999.0 -9999.0 -9999.0 -9999.0 -9999.0 -9999.0 -9999.0 -9999.0 -9999.0 -9999.0 -9999.0 -9999.0 -9999.0 -9999.0 -9999.0 -9999.0 -9999.0 -9999.0 -9999.0 -9999.0 -9999.0 -9999.0 -9999.0 -9999.0 -9999.0 -9999.0 -9999.0 -9999.0 -9999.0 -9999.0 -9999.0 -9999.0 -9999.0 -9999.0 -9999.0 -9999.0 -9999.0 -9999.0 -9999.0 -9999.0 -9999.0 -9999.0 -9999.0 -9999.0 -9999.0 -9999.0 -9999.0 -9999.0 -9999.0 -9999.0 -9999.0 -9999.0 -9999.0 -9999.0 -9999.0 -9999.0 -9999.0 -9999.0 -9999.0 -9999.0 -9999.0 -9999.0 -9999.0
-9999.0 -9999.0 620.940449 521.986579 422.778333 323.415780 223.983348 124.521415 25.050197 -74.417668 -173.878017 -273.325945 -372.749824 -472.128796 -571.429140 -670.605518 -769.708922 -868.814687 -967.820473 -1066.692093 -1164.916308 -1261.385614 -1354.892479 -1443.329958 -1524.353627 -1595.947676 -1656.875866 -1706.868006 -1746.532087 -1777.086107 -1800.040892 -1816.934789 -1829.163087 -1837.897985 -1844.073604 -1848.410242 -1851.466587 -1853.746071 -1855.954135 -1859.329590 -1863.110501 -1844.376071 -1546.972891 -2273.475996 -2127.414292 -2029.557462 -1986.674486 -1980.893956 -1980.298755 -1980.355136 -1980.503773 -1980.663474 -1980.816884 -1980.958912 -1981.090611 -1981.242839 -1981.714813 -1985.010605 -2006.986782 -2057.975021 -2097.988514 -1430.174647 -1804.254849 -1855.646913 -1858.992534 -1858.460023 -1858.220969 -1858.165623 -1858.155576 -1858.154303 -1858.154520 -1858.154920 -1858.155286 -1858.155593 -1858.155851 -1858.156074 -1858.156271 -1858.156450 -1858.156619 -1858.156784 -1858.156952 -1858.157132 -1858.157337 -1858.157586 -1858.157906 -1858.158341 -1858.158965 -1858.159900 -1858.161359 -1858.163721 -1858.167692 -1858.174622 -1858.187166 -1858.210685 -1858.256348 -1858.348433 -1858.542963 -1858.978707 -1860.026850 -1862.772295 -1870.730027 -1896.591163 -9999.0 -9999.0
-9999.0 -9999.0 620.944736 521.987916 422.778725 323.415901 223.983388 124.521429 25.050202 -74.417666 -173.878016 -273.325944 -372.749824 -472.128796 -571.429139 -670.605518 -769.708922 -868.814687 -967.820473 -1066.692093 -1164.916308 -1261.385614 -1354.892480 -1443.329958 -1524.353627 -1595.947676 -1656.875866 -1706.868006 -1746.532087 -1777.086107 -1800.040892 -1816.934789 -1829.163087 -1837.897985 -1844.073603 -1848.410242 -1851.466587 -1853.746070 -1855.954135 -1859.329590 -1863.110501 -1844.376071 -1546.972890 -2273.475995 -2127.414291 -2029.557459 -1986.674486 -1980.893956 -1980.298755 -1980.355136 -1980.503773 -1980.663474 -1980.816884 -1980.958912 -1981.090611 -1981.242839 -1981.714813 -1985.010605 -2006.986782 -2057.975021 -2097.988514 -1430.174647 -1804.254849 -1855.646913 -1858.992534 -1858.460023 -1858.220969 -1858.165623 -1858.155576 -1858.154303 -1858.154520 -1858.154920 -1858.155286 -1858.155593 -1858.155851 -1858.156074 -1858.156271 -1858.156450 -1858.156619 -1858.156784 -1858.156952 -1858.157132 -1858.157337 -1858.157586 -1858.157906 -1858.158341 -1858.158965 -1858.159900 -1858.161359 -1858.163721 -1858.167692 -1858.174622 -1858.187166 -1858.210685 -1858.256348 -1858.348433 -1858.542963 -1858.978707 -1860.026850 -1862.772295 -1870.730027 -1896.591163 -9999.0 -9999.0
-9999.0 -9999.0 620.945955 521.988553 422.778984 323.415997 223.983423 124.521441 25.050207 -74.417664 -173.878015 -273.325944 -372.749824 -472.128796 -571.429139 -670.605517 -769.708922 -868.814687 -967.820474 -1066.692093 -1164.916308 -1261.385614 -1354.892480 -1443.329958 -1524.353628 -1595.947676 -1656.875866 -1706.868006 -1746.532087 -1777.086107 -1800.040892 -1816.934789 -1829.163087 -1837.897985 -1844.073604 -1848.410242 -1851.466587 -1853.746070 -1855.954135 -1859.329590 -1863.110501 -1844.376071 -1546.972890 -2273.475995 -2127.414290 -2029.557458 -1986.674486 -1980.893956 -1980.298755 -1980.355136 -1980.503773 -1980.663474 -1980.816884 -1980.958912 -1981.090611 -1981.242839 -1981.714813 -1985.010605 -2006.986782 -2057.975021 -2097.988514 -1430.174647 -1804.254849 -1855.646913 -1858.992534 -1858.460023 -1858.220969 -1858.165623 -1858.155576 -1858.154303 -1858.154520 -1858.154920 -1858.155286 -1858.155593 -1858.155851 -1858.156074 -1858.156271 -1858.156450 -1858.156619 -1858.156784 -1858.156952 -1858.157132 -1858.157337 -1858.157586 -1858.157906 -1858.158341 -1858.158965 -1858.159900 -1858.161359 -1858.163721 -1858.167692 -1858.174622 -1858.187166 -1858.210685 -1858.256348 -1858.348433 -1858.542963 -1858.978707 -1860.026850 -1862.772295 -1870.730027 -1896.591163 -9999.0 -9999.0
-9999.0 -9999.0 620.945955 521.988553 422.778984 323.415998 223.983423 124.521441 25.050207 -74.417664 -173.878015 -273.325944 -372.749824 -472.128796 -571.429139 -670.605518 -769.708922 -868.814687 -967.820474 -1066.692093 -1164.916308 -1261.385614 -1354.892480 -1443.329958 -1524.353628 -1595.947676 -1656.875866 -1706.868006 -1746.532087 -1777.086107 -1800.040892 -1816.934789 -1829.163087 -1837.897985 -1844.073604 -1848.410242 -1851.466587 -1853.746070 -1855.954135 -1859.329590 -1863.110501 -1844.376071 -1546.972890 -2273.475995 -2127.414290 -2029.557458 -1986.674486 -1980.893956 -1980.298755 -1980.355136 -1980.503773 -1980.663474 -1980.816884 -1980.958912 -1981.090611 -1981.242839 -1981.714813 -1985.010605 -2006.986782 -2057.975021 -2097.988514 -1430.174647 -1804.254849 -1855.646913 -1858.992534 -1858.460023 -1858.220969 -1858.165623 -1858.155576 -1858.154303 -1858.154520 -1858.154920 -1858.155286 -1858.155593 -1858.155851 -1858.156074 -1858.156271 -1858.156450 -1858.156619 -1858.156784 -1858.156952 -1858.157132 -1858.157337 -1858.157586 -1858.157906 -1858.158341 -1858.158965 -1858.159900 -1858.161359 -1858.163721 -1858.167692 -1858.174622 -1858.187166 -1858.210685 -1858.256348 -1858.348433 -1858.542963 -1858.978707 -1860.026850 -1862.772295 -1870.730027 -1896.591163 -9999.0 -9999.0
-9999.0 -9999.0 620.944736 521.987916 422.778725 323.415901 223.983388 124.521429 25.050202 -74.417666 -173.878016 -273.325944 -372.749824 -472.128796 -571.429140 -670.605517 -769.708922 -868.814687 -967.820473 -1066.692093 -1164.916308 -1261.385614 -1354.892480 -1443.329958 -1524.353627 -1595.947676 -1656.875866 -1706.868006 -1746.532087 -1777.086107 -1800.040892 -1816.934789 -1829.163087 -1837.897985 -1844.073603 -1848.410242 -1851.466587 -1853.746070 -1855.954135 -1859.329590 -1863.110501 -1844.376071 -1546.972890 -2273.475995 -2127.414291 -2029.557459 -1986.674486 -1980.893956 -1980.298755 -1980.355136 -1980.503773 -1980.663474 -1980.816884 -1980.958912 -1981.090611 -1981.242839 -1981.714813 -1985.010605 -2006.986782 -2057.975021 -2097.988514 -1430.174647 -1804.254849 -1855.646913 -1858.992534 -1858.460023 -1858.220969 -1858.165623 -1858.155576 -1858.154303 -1858.154520 -1858.154920 -1858.155286 -1858.155593 -1858.155851 -1858.156074 -1858.156271 -1858.156450 -1858.156619 -1858.156784 -1858.156952 -1858.157132 -1858.157337 -1858.157586 -1858.157906 -1858.158341 -1858.158965 -1858.159900 -1858.161359 -1858.163721 -1858.167692 -1858.174622 -1858.187166 -1858.210685 -1858.256348 -1858.348433 -1858.542963 -1858.978707 -1860.026850 -1862.772295 -1870.730027 -1896.591163 -9999.0 -9999.0
-9999.0 -9999.0 620.940449 521.986579 422.778333 323.415780 223.983348 124.521415 25.050197 -74.417668 -173.878017 -273.325945 -372.749824 -472.128796 -571.429140 -670.605518 -769.708922 -868.814687 -967.820473 -1066.692093 -1164.916308 -1261.385614 -1354.892479 -1443.329958 -1524.353627 -1595.947676 -1656.875866 -1706.868006 -1746.532087 -1777.086107 -1800.040892 -1816.934789 -1829.163087 -1837.897985 -1844.073604 -1848.410242 -1851.466587 -1853.746071 -1855.954135 -1859.329590 -1863.110501 -1844.376071 -1546.972891 -2273.475996 -2127.414292 -2029.557462 -1986.674486 -1980.893956 -1980.298755 -1980.355136 -1980.503773 -1980.663474 -1980.816884 -1980.958912 -1981.090611 -1981.242839 -1981.714813 -1985.010605 -2006.986782 -2057.975021 -2097.988514 -1430.174647 -1804.254849 -1855.646913 -1858.992534 -1858.460023 -1858.220969 -1858.165623 -1858.155576 -1858.154303 -1858.154520 -1858.154920 -1858.155286 -1858.155593 -1858.155851 -1858.156074 -1858.156271 -1858.156450 -1858.156619 -1858.156784 -1858.156952 -1858.157132 -1858.157337 -1858.157586 -1858.157906 -1858.158341 -1858.158965 -1858.159900 -1858.161359 -1858.163721 -1858.167692 -1858.174622 -1858.187166 -1858.210685 -1858.256348 -1858.348433 -1858.542963 -1858.978707 -1860.026850 -1862.772295 -1870.730027 -1896.591163 -9999.0 -9999.0
-9999.0 -9999.0 -9999.0 -9999.0 -9999.0 -9999.0 -9999.0 -9999.0 -9999.0 -9999.0 -9999.0 -9999.0 -9999.0 -9999.0 -9999.0 -9999.0 -9999.0 -9999.0 -9999.0 -9999.0 -9999.0 -9999.0 -9999.0 -9999.0 -9999.0 -9999.0 -9999.0 -9999.0 -9999.0 -9999.0 -9999.0 -9999.0 -9999.0 -9999.0 -9999.0 -9999.0 -9999.0 -9999.0 -9999.0 -9999.0 -9999.0 -9999.0 -9999.0 -9999.0 -9999.0 -9999.0 -9999.0 -9999.0 -9999.0 -9999.0 -9999.0 -9999.0 -9999.0 -9999.0 -9999.0 -9999.0 -9999.0 -9999.0 -9999.0 -9999.0 -9999.0 -9999.0 -9999.0 -9999.0 -9999.0 -9999.0 -9999.0 -9999.0 -9999.0 -9999.0 -9999.0 -9999.0 -9999.0 -9999.0 -9999.0 -9999.0 -9999.0 -9999.0 -9999.0 -9999.0 -9999.0 -9999.0 -9999.0 -9999.0 -9999.0 -9999.0 -9999.0 -9999.0 -9999.0 -9999.0 -9999.0 -9999.0 -9999.0 -9999.0 -9999.0 -9999.0 -9999.0 -9999.0 -9999.0 -9999.0 -9999.0 -9999.0 -9999.0 -9999.0
-9999.0 -9999.0 -9999.0 -9999.0 -9999.0 -9999.0 -9999.0 -9999.0 -9999.0 -9999.0 -9999.0 -9999.0 -9999.0 -9999.0 -9999.0 -9999.0 -9999.0 -9999.0 -9999.0 -9999.0 -9999.0 -9999.0 -9999.0 -9999.0 -9999.0 -9999.0 -9999.0 -9999.0 -9999.0 -9999.0 -9999.0 -9999.0 -9999.0 -9999.0 -9999.0 -9999.0 -9999.0 -9999.0 -9999.0 -9999.0 -9999.0 -9999.0 -9999.0 -9999.0 -9999.0 -9999.0 -9999.0 -9999.0 -9999.0 -9999.0 -9999.0 -9999.0 -9999.0 -9999.0 -9999.0 -9999.0 -9999.0 -9999.0 -9999.0 -9999.0 -9999.0 -9999.0 -9999.0 -9999.0 -9999.0 -9999.0 -9999.0 -9999.0 -9999.0 -9999.0 -9999.0 -9999.0 -9999.0 -9999.0 -9999.0 -9999.0 -9999.0 -9999.0 -9999.0 -9999.0 -9999.0 -9999.0 -9999.0 -9999.0 -9999.0 -9999.0 -9999.0 -9999.0 -9999.0 -9999.0 -9999.0 -9999.0 -9999.0 -9999.0 -9999.0 -9999.0 -9999.0 -9999.0 -9999.0 -9999.0 -9999.0 -9999.0 -9999.0 -9999.0