inst/processing_geotop_simulation/geotop_simulation/out/maps3D/PwL0002N0361.asc
ncols         104
nrows         10
xllcorner     -2.000000
yllcorner     0.000000
cellsize      1.000000
NODATA_value  -9999.0
-9999.0 -9999.0 -9999.0 -9999.0 -9999.0 -9999.0 -9999.0 -9999.0 -9999.0 -9999.0 -9999.0 -9999.0 -9999.0 -9999.0 -9999.0 -9999.0 -9999.0 -9999.0 -9999.0 -9999.0 -9999.0 -9999.0 -9999.0 -9999.0 -9999.0 -9999.0 -9999.0 -9999.0 -9999.0 -9999.0 -9999.0 -9999.0 -9999.0 -9999.0 -9999.0 -9999.0 -9999.0 -9999.0 -9999.0 -9999.0 -9999.0 -9999.0 -9999.0 -9999.0 -9999.0 -9999.0 -9999.0 -9999.0 -9999.0 -9999.0 -9999.0 -9999.0 -9999.0 -9999.0 -9999.0 -9999.0 -9999.0 -9999.0 -9999.0 -9999.0 -9999.0 -9999.0 -9999.0 -9999.0 -9999.0 -9999.0 -9999.0 -9999.0 -9999.0 -9999.0 -9999.0 -9999.0 -9999.0 -9999.0 -9999.0 -9999.0 -9999.0 -9999.0 -9999.0 -9999.0 -9999.0 -9999.0 -9999.0 -9999.0 -9999.0 -9999.0 -9999.0 -9999.0 -9999.0 -9999.0 -9999.0 -9999.0 -9999.0 -9999.0 -9999.0 -9999.0 -9999.0 -9999.0 -9999.0 -9999.0 -9999.0 -9999.0 -9999.0 -9999.0
-9999.0 -9999.0 -9999.0 -9999.0 -9999.0 -9999.0 -9999.0 -9999.0 -9999.0 -9999.0 -9999.0 -9999.0 -9999.0 -9999.0 -9999.0 -9999.0 -9999.0 -9999.0 -9999.0 -9999.0 -9999.0 -9999.0 -9999.0 -9999.0 -9999.0 -9999.0 -9999.0 -9999.0 -9999.0 -9999.0 -9999.0 -9999.0 -9999.0 -9999.0 -9999.0 -9999.0 -9999.0 -9999.0 -9999.0 -9999.0 -9999.0 -9999.0 -9999.0 -9999.0 -9999.0 -9999.0 -9999.0 -9999.0 -9999.0 -9999.0 -9999.0 -9999.0 -9999.0 -9999.0 -9999.0 -9999.0 -9999.0 -9999.0 -9999.0 -9999.0 -9999.0 -9999.0 -9999.0 -9999.0 -9999.0 -9999.0 -9999.0 -9999.0 -9999.0 -9999.0 -9999.0 -9999.0 -9999.0 -9999.0 -9999.0 -9999.0 -9999.0 -9999.0 -9999.0 -9999.0 -9999.0 -9999.0 -9999.0 -9999.0 -9999.0 -9999.0 -9999.0 -9999.0 -9999.0 -9999.0 -9999.0 -9999.0 -9999.0 -9999.0 -9999.0 -9999.0 -9999.0 -9999.0 -9999.0 -9999.0 -9999.0 -9999.0 -9999.0 -9999.0
-9999.0 -9999.0 76.031183 -21.080591 -119.693443 -218.665450 -317.769021 -416.918905 -516.071231 -615.193541 -714.220515 -813.123485 -911.863169 -1010.387130 -1108.854947 -1207.224080 -1305.101893 -1402.158795 -1497.815775 -1591.061538 -1680.030663 -1761.693106 -1832.740320 -1891.134123 -1936.780362 -1971.083713 -1996.122108 -2014.011045 -2026.586286 -2035.312848 -2041.304871 -2045.383511 -2048.140217 -2049.993243 -2051.234362 -2052.067182 -2052.644208 -2053.134573 -2053.945824 -2056.230288 -2058.997037 -2004.673462 -1228.060278 -1226.064050 -1215.628224 -1208.781508 -1205.561044 -1205.058771 -1205.004262 -1205.009320 -1205.023009 -1205.037762 -1205.051949 -1205.065090 -1205.077321 -1205.091823 -1205.138125 -1205.442825 -1207.172563 -1210.995350 -1216.208500 -1210.666469 -1981.012778 -2053.064077 -2054.786166 -2054.045040 -2053.839444 -2053.801204 -2053.795298 -2053.794882 -2053.795304 -2053.795768 -2053.796149 -2053.796445 -2053.796673 -2053.796852 -2053.796996 -2053.797113 -2053.797212 -2053.797303 -2053.797392 -2053.797492 -2053.797618 -2053.797790 -2053.798044 -2053.798432 -2053.799040 -2053.800014 -2053.801602 -2053.804246 -2053.808754 -2053.816658 -2053.830939 -2053.857526 -2053.908454 -2054.008871 -2054.213912 -2054.653244 -2055.658737 -2058.170695 -2065.253812 -2088.803568 -9999.0 -9999.0
-9999.0 -9999.0 76.041935 -21.078669 -119.692963 -218.665310 -317.768976 -416.918890 -516.071225 -615.193539 -714.220514 -813.123484 -911.863169 -1010.387130 -1108.854947 -1207.224080 -1305.101893 -1402.158795 -1497.815775 -1591.061538 -1680.030663 -1761.693106 -1832.740320 -1891.134123 -1936.780363 -1971.083713 -1996.122108 -2014.011045 -2026.586286 -2035.312848 -2041.304871 -2045.383511 -2048.140217 -2049.993243 -2051.234362 -2052.067182 -2052.644208 -2053.134573 -2053.945824 -2056.230288 -2058.997037 -2004.673462 -1228.060278 -1226.064050 -1215.628224 -1208.781508 -1205.561044 -1205.058771 -1205.004262 -1205.009320 -1205.023009 -1205.037762 -1205.051949 -1205.065090 -1205.077321 -1205.091823 -1205.138125 -1205.442825 -1207.172563 -1210.995350 -1216.208500 -1210.666469 -1981.012778 -2053.064077 -2054.786166 -2054.045040 -2053.839444 -2053.801204 -2053.795298 -2053.794882 -2053.795304 -2053.795768 -2053.796149 -2053.796445 -2053.796673 -2053.796852 -2053.796996 -2053.797113 -2053.797212 -2053.797303 -2053.797392 -2053.797492 -2053.797617 -2053.797790 -2053.798044 -2053.798432 -2053.799040 -2053.800014 -2053.801602 -2053.804246 -2053.808754 -2053.816658 -2053.830939 -2053.857526 -2053.908454 -2054.008871 -2054.213912 -2054.653244 -2055.658737 -2058.170695 -2065.253812 -2088.803568 -9999.0 -9999.0
-9999.0 -9999.0 76.043102 -21.077897 -119.692659 -218.665200 -317.768937 -416.918875 -516.071220 -615.193537 -714.220513 -813.123484 -911.863169 -1010.387130 -1108.854947 -1207.224081 -1305.101893 -1402.158796 -1497.815775 -1591.061539 -1680.030663 -1761.693106 -1832.740320 -1891.134123 -1936.780363 -1971.083713 -1996.122108 -2014.011045 -2026.586286 -2035.312848 -2041.304871 -2045.383511 -2048.140217 -2049.993243 -2051.234362 -2052.067182 -2052.644208 -2053.134573 -2053.945824 -2056.230288 -2058.997037 -2004.673462 -1228.060278 -1226.064050 -1215.628224 -1208.781508 -1205.561044 -1205.058771 -1205.004262 -1205.009320 -1205.023009 -1205.037762 -1205.051949 -1205.065090 -1205.077321 -1205.091823 -1205.138125 -1205.442825 -1207.172563 -1210.995350 -1216.208500 -1210.666469 -1981.012778 -2053.064077 -2054.786166 -2054.045040 -2053.839444 -2053.801204 -2053.795298 -2053.794882 -2053.795304 -2053.795768 -2053.796149 -2053.796445 -2053.796673 -2053.796852 -2053.796996 -2053.797113 -2053.797212 -2053.797303 -2053.797392 -2053.797492 -2053.797617 -2053.797790 -2053.798044 -2053.798432 -2053.799040 -2053.800014 -2053.801602 -2053.804246 -2053.808754 -2053.816658 -2053.830939 -2053.857526 -2053.908454 -2054.008871 -2054.213912 -2054.653244 -2055.658737 -2058.170695 -2065.253812 -2088.803568 -9999.0 -9999.0
-9999.0 -9999.0 76.043102 -21.077897 -119.692659 -218.665200 -317.768937 -416.918876 -516.071220 -615.193537 -714.220513 -813.123484 -911.863169 -1010.387130 -1108.854947 -1207.224081 -1305.101893 -1402.158796 -1497.815775 -1591.061539 -1680.030663 -1761.693106 -1832.740320 -1891.134123 -1936.780363 -1971.083713 -1996.122108 -2014.011045 -2026.586286 -2035.312848 -2041.304871 -2045.383511 -2048.140217 -2049.993243 -2051.234362 -2052.067182 -2052.644208 -2053.134573 -2053.945824 -2056.230288 -2058.997037 -2004.673462 -1228.060278 -1226.064050 -1215.628224 -1208.781508 -1205.561044 -1205.058771 -1205.004262 -1205.009320 -1205.023009 -1205.037762 -1205.051949 -1205.065090 -1205.077321 -1205.091823 -1205.138125 -1205.442825 -1207.172563 -1210.995350 -1216.208500 -1210.666469 -1981.012778 -2053.064077 -2054.786166 -2054.045040 -2053.839444 -2053.801204 -2053.795298 -2053.794882 -2053.795304 -2053.795768 -2053.796149 -2053.796445 -2053.796673 -2053.796852 -2053.796996 -2053.797113 -2053.797212 -2053.797303 -2053.797392 -2053.797492 -2053.797617 -2053.797790 -2053.798044 -2053.798432 -2053.799040 -2053.800014 -2053.801602 -2053.804246 -2053.808754 -2053.816658 -2053.830939 -2053.857526 -2053.908454 -2054.008871 -2054.213912 -2054.653244 -2055.658737 -2058.170695 -2065.253812 -2088.803568 -9999.0 -9999.0
-9999.0 -9999.0 76.041935 -21.078669 -119.692963 -218.665310 -317.768976 -416.918889 -516.071226 -615.193539 -714.220514 -813.123484 -911.863169 -1010.387130 -1108.854947 -1207.224080 -1305.101893 -1402.158795 -1497.815775 -1591.061538 -1680.030663 -1761.693106 -1832.740320 -1891.134123 -1936.780363 -1971.083713 -1996.122108 -2014.011045 -2026.586286 -2035.312848 -2041.304871 -2045.383511 -2048.140217 -2049.993243 -2051.234362 -2052.067182 -2052.644208 -2053.134573 -2053.945824 -2056.230288 -2058.997037 -2004.673462 -1228.060278 -1226.064050 -1215.628224 -1208.781508 -1205.561044 -1205.058771 -1205.004262 -1205.009320 -1205.023009 -1205.037762 -1205.051949 -1205.065090 -1205.077321 -1205.091823 -1205.138125 -1205.442825 -1207.172563 -1210.995350 -1216.208500 -1210.666469 -1981.012778 -2053.064077 -2054.786166 -2054.045040 -2053.839444 -2053.801204 -2053.795298 -2053.794882 -2053.795304 -2053.795768 -2053.796149 -2053.796445 -2053.796673 -2053.796852 -2053.796996 -2053.797113 -2053.797212 -2053.797303 -2053.797392 -2053.797492 -2053.797617 -2053.797790 -2053.798044 -2053.798432 -2053.799040 -2053.800014 -2053.801602 -2053.804246 -2053.808754 -2053.816658 -2053.830939 -2053.857526 -2053.908454 -2054.008871 -2054.213912 -2054.653244 -2055.658737 -2058.170695 -2065.253812 -2088.803568 -9999.0 -9999.0
-9999.0 -9999.0 76.031183 -21.080591 -119.693443 -218.665450 -317.769021 -416.918905 -516.071231 -615.193541 -714.220515 -813.123485 -911.863169 -1010.387130 -1108.854947 -1207.224080 -1305.101893 -1402.158795 -1497.815775 -1591.061538 -1680.030663 -1761.693106 -1832.740320 -1891.134123 -1936.780362 -1971.083713 -1996.122108 -2014.011045 -2026.586286 -2035.312848 -2041.304871 -2045.383511 -2048.140217 -2049.993243 -2051.234362 -2052.067182 -2052.644208 -2053.134573 -2053.945824 -2056.230288 -2058.997037 -2004.673462 -1228.060278 -1226.064050 -1215.628224 -1208.781508 -1205.561044 -1205.058771 -1205.004262 -1205.009320 -1205.023009 -1205.037762 -1205.051949 -1205.065090 -1205.077321 -1205.091823 -1205.138125 -1205.442825 -1207.172563 -1210.995350 -1216.208500 -1210.666469 -1981.012778 -2053.064077 -2054.786166 -2054.045040 -2053.839444 -2053.801204 -2053.795298 -2053.794882 -2053.795304 -2053.795768 -2053.796149 -2053.796445 -2053.796673 -2053.796852 -2053.796996 -2053.797113 -2053.797212 -2053.797303 -2053.797392 -2053.797492 -2053.797618 -2053.797790 -2053.798044 -2053.798432 -2053.799040 -2053.800014 -2053.801602 -2053.804246 -2053.808754 -2053.816658 -2053.830939 -2053.857526 -2053.908454 -2054.008871 -2054.213912 -2054.653244 -2055.658737 -2058.170695 -2065.253812 -2088.803568 -9999.0 -9999.0
-9999.0 -9999.0 -9999.0 -9999.0 -9999.0 -9999.0 -9999.0 -9999.0 -9999.0 -9999.0 -9999.0 -9999.0 -9999.0 -9999.0 -9999.0 -9999.0 -9999.0 -9999.0 -9999.0 -9999.0 -9999.0 -9999.0 -9999.0 -9999.0 -9999.0 -9999.0 -9999.0 -9999.0 -9999.0 -9999.0 -9999.0 -9999.0 -9999.0 -9999.0 -9999.0 -9999.0 -9999.0 -9999.0 -9999.0 -9999.0 -9999.0 -9999.0 -9999.0 -9999.0 -9999.0 -9999.0 -9999.0 -9999.0 -9999.0 -9999.0 -9999.0 -9999.0 -9999.0 -9999.0 -9999.0 -9999.0 -9999.0 -9999.0 -9999.0 -9999.0 -9999.0 -9999.0 -9999.0 -9999.0 -9999.0 -9999.0 -9999.0 -9999.0 -9999.0 -9999.0 -9999.0 -9999.0 -9999.0 -9999.0 -9999.0 -9999.0 -9999.0 -9999.0 -9999.0 -9999.0 -9999.0 -9999.0 -9999.0 -9999.0 -9999.0 -9999.0 -9999.0 -9999.0 -9999.0 -9999.0 -9999.0 -9999.0 -9999.0 -9999.0 -9999.0 -9999.0 -9999.0 -9999.0 -9999.0 -9999.0 -9999.0 -9999.0 -9999.0 -9999.0
-9999.0 -9999.0 -9999.0 -9999.0 -9999.0 -9999.0 -9999.0 -9999.0 -9999.0 -9999.0 -9999.0 -9999.0 -9999.0 -9999.0 -9999.0 -9999.0 -9999.0 -9999.0 -9999.0 -9999.0 -9999.0 -9999.0 -9999.0 -9999.0 -9999.0 -9999.0 -9999.0 -9999.0 -9999.0 -9999.0 -9999.0 -9999.0 -9999.0 -9999.0 -9999.0 -9999.0 -9999.0 -9999.0 -9999.0 -9999.0 -9999.0 -9999.0 -9999.0 -9999.0 -9999.0 -9999.0 -9999.0 -9999.0 -9999.0 -9999.0 -9999.0 -9999.0 -9999.0 -9999.0 -9999.0 -9999.0 -9999.0 -9999.0 -9999.0 -9999.0 -9999.0 -9999.0 -9999.0 -9999.0 -9999.0 -9999.0 -9999.0 -9999.0 -9999.0 -9999.0 -9999.0 -9999.0 -9999.0 -9999.0 -9999.0 -9999.0 -9999.0 -9999.0 -9999.0 -9999.0 -9999.0 -9999.0 -9999.0 -9999.0 -9999.0 -9999.0 -9999.0 -9999.0 -9999.0 -9999.0 -9999.0 -9999.0 -9999.0 -9999.0 -9999.0 -9999.0 -9999.0 -9999.0 -9999.0 -9999.0 -9999.0 -9999.0 -9999.0 -9999.0