inst/processing_geotop_simulation/geotop_simulation/out/maps3D/PwL0019N0081.asc
ncols         104
nrows         10
xllcorner     -2.000000
yllcorner     0.000000
cellsize      1.000000
NODATA_value  -9999.0
-9999.0 -9999.0 -9999.0 -9999.0 -9999.0 -9999.0 -9999.0 -9999.0 -9999.0 -9999.0 -9999.0 -9999.0 -9999.0 -9999.0 -9999.0 -9999.0 -9999.0 -9999.0 -9999.0 -9999.0 -9999.0 -9999.0 -9999.0 -9999.0 -9999.0 -9999.0 -9999.0 -9999.0 -9999.0 -9999.0 -9999.0 -9999.0 -9999.0 -9999.0 -9999.0 -9999.0 -9999.0 -9999.0 -9999.0 -9999.0 -9999.0 -9999.0 -9999.0 -9999.0 -9999.0 -9999.0 -9999.0 -9999.0 -9999.0 -9999.0 -9999.0 -9999.0 -9999.0 -9999.0 -9999.0 -9999.0 -9999.0 -9999.0 -9999.0 -9999.0 -9999.0 -9999.0 -9999.0 -9999.0 -9999.0 -9999.0 -9999.0 -9999.0 -9999.0 -9999.0 -9999.0 -9999.0 -9999.0 -9999.0 -9999.0 -9999.0 -9999.0 -9999.0 -9999.0 -9999.0 -9999.0 -9999.0 -9999.0 -9999.0 -9999.0 -9999.0 -9999.0 -9999.0 -9999.0 -9999.0 -9999.0 -9999.0 -9999.0 -9999.0 -9999.0 -9999.0 -9999.0 -9999.0 -9999.0 -9999.0 -9999.0 -9999.0 -9999.0 -9999.0
-9999.0 -9999.0 -9999.0 -9999.0 -9999.0 -9999.0 -9999.0 -9999.0 -9999.0 -9999.0 -9999.0 -9999.0 -9999.0 -9999.0 -9999.0 -9999.0 -9999.0 -9999.0 -9999.0 -9999.0 -9999.0 -9999.0 -9999.0 -9999.0 -9999.0 -9999.0 -9999.0 -9999.0 -9999.0 -9999.0 -9999.0 -9999.0 -9999.0 -9999.0 -9999.0 -9999.0 -9999.0 -9999.0 -9999.0 -9999.0 -9999.0 -9999.0 -9999.0 -9999.0 -9999.0 -9999.0 -9999.0 -9999.0 -9999.0 -9999.0 -9999.0 -9999.0 -9999.0 -9999.0 -9999.0 -9999.0 -9999.0 -9999.0 -9999.0 -9999.0 -9999.0 -9999.0 -9999.0 -9999.0 -9999.0 -9999.0 -9999.0 -9999.0 -9999.0 -9999.0 -9999.0 -9999.0 -9999.0 -9999.0 -9999.0 -9999.0 -9999.0 -9999.0 -9999.0 -9999.0 -9999.0 -9999.0 -9999.0 -9999.0 -9999.0 -9999.0 -9999.0 -9999.0 -9999.0 -9999.0 -9999.0 -9999.0 -9999.0 -9999.0 -9999.0 -9999.0 -9999.0 -9999.0 -9999.0 -9999.0 -9999.0 -9999.0 -9999.0 -9999.0
-9999.0 -9999.0 830.947061 730.867178 630.863303 531.057404 431.532505 332.337283 233.507823 135.096785 37.170876 -60.243143 -157.493924 -255.327078 -354.805394 -456.642937 -559.560985 -658.533652 -744.522003 -818.247777 -889.163548 -952.998756 -1011.115721 -1029.672205 -1013.650070 -1001.506303 -993.335119 -988.300838 -985.460359 -984.038863 -983.475405 -983.392222 -983.549173 -983.802137 -984.070727 -984.316919 -984.537846 -984.769261 -985.097507 -986.323649 -996.394629 -1097.682369 -2116.661814 -4030.298156 -4034.653376 -4034.653465 -4034.653465 -4034.653455 -4034.653385 -4034.653076 -4034.651972 -4034.647942 -4034.639970 -4034.628170 -4034.605992 -4034.556865 -4034.432073 -4034.079448 -4032.991171 -4029.323970 -4007.974751 -1958.021876 -1067.280532 -993.236434 -986.201544 -985.448900 -985.336178 -985.316596 -985.314993 -985.316793 -985.318860 -985.320574 -985.321890 -985.322887 -985.323650 -985.324242 -985.324712 -985.325090 -985.325405 -985.325682 -985.325950 -985.326245 -985.326613 -985.327120 -985.327868 -985.329014 -985.330811 -985.333677 -985.338309 -985.345916 -985.358653 -985.380509 -985.419106 -985.489394 -985.621171 -985.874407 -986.371805 -987.377207 -989.521171 -994.512871 -1007.213263 -1040.346328 -9999.0 -9999.0
-9999.0 -9999.0 830.947061 730.867178 630.863302 531.057404 431.532505 332.337282 233.507822 135.096785 37.170876 -60.243143 -157.493924 -255.327078 -354.805394 -456.642937 -559.560985 -658.533652 -744.522003 -818.247777 -889.163548 -952.998756 -1011.115721 -1029.672205 -1013.650070 -1001.506303 -993.335119 -988.300838 -985.460359 -984.038863 -983.475405 -983.392222 -983.549173 -983.802137 -984.070727 -984.316919 -984.537846 -984.769261 -985.097507 -986.323649 -996.394629 -1097.682369 -2116.661814 -4030.298156 -4034.653376 -4034.653465 -4034.653465 -4034.653455 -4034.653385 -4034.653076 -4034.651972 -4034.647942 -4034.639970 -4034.628170 -4034.605992 -4034.556865 -4034.432073 -4034.079448 -4032.991171 -4029.323970 -4007.974751 -1958.021876 -1067.280532 -993.236434 -986.201544 -985.448900 -985.336178 -985.316596 -985.314993 -985.316793 -985.318860 -985.320574 -985.321890 -985.322887 -985.323650 -985.324242 -985.324712 -985.325090 -985.325405 -985.325682 -985.325950 -985.326245 -985.326613 -985.327120 -985.327868 -985.329014 -985.330811 -985.333677 -985.338309 -985.345916 -985.358653 -985.380509 -985.419106 -985.489394 -985.621171 -985.874407 -986.371805 -987.377207 -989.521171 -994.512871 -1007.213263 -1040.346328 -9999.0 -9999.0
-9999.0 -9999.0 830.947061 730.867177 630.863303 531.057403 431.532505 332.337282 233.507823 135.096785 37.170876 -60.243143 -157.493924 -255.327078 -354.805394 -456.642937 -559.560985 -658.533652 -744.522003 -818.247777 -889.163548 -952.998756 -1011.115721 -1029.672205 -1013.650070 -1001.506303 -993.335119 -988.300838 -985.460359 -984.038863 -983.475405 -983.392222 -983.549173 -983.802137 -984.070727 -984.316919 -984.537846 -984.769261 -985.097507 -986.323649 -996.394629 -1097.682369 -2116.661814 -4030.298156 -4034.653376 -4034.653465 -4034.653465 -4034.653455 -4034.653385 -4034.653076 -4034.651972 -4034.647942 -4034.639970 -4034.628170 -4034.605992 -4034.556865 -4034.432073 -4034.079448 -4032.991171 -4029.323970 -4007.974751 -1958.021876 -1067.280532 -993.236434 -986.201544 -985.448900 -985.336178 -985.316596 -985.314993 -985.316793 -985.318860 -985.320574 -985.321890 -985.322887 -985.323650 -985.324242 -985.324712 -985.325090 -985.325405 -985.325682 -985.325950 -985.326245 -985.326613 -985.327120 -985.327868 -985.329014 -985.330811 -985.333677 -985.338309 -985.345916 -985.358653 -985.380509 -985.419106 -985.489394 -985.621171 -985.874407 -986.371805 -987.377207 -989.521171 -994.512871 -1007.213263 -1040.346328 -9999.0 -9999.0
-9999.0 -9999.0 830.947061 730.867177 630.863303 531.057403 431.532505 332.337282 233.507823 135.096785 37.170876 -60.243143 -157.493924 -255.327078 -354.805394 -456.642937 -559.560985 -658.533652 -744.522003 -818.247776 -889.163548 -952.998756 -1011.115721 -1029.672205 -1013.650070 -1001.506303 -993.335119 -988.300838 -985.460359 -984.038863 -983.475405 -983.392222 -983.549173 -983.802137 -984.070727 -984.316919 -984.537846 -984.769261 -985.097507 -986.323649 -996.394629 -1097.682369 -2116.661814 -4030.298156 -4034.653376 -4034.653465 -4034.653465 -4034.653455 -4034.653385 -4034.653076 -4034.651972 -4034.647942 -4034.639970 -4034.628170 -4034.605992 -4034.556865 -4034.432073 -4034.079448 -4032.991171 -4029.323970 -4007.974751 -1958.021876 -1067.280532 -993.236434 -986.201544 -985.448900 -985.336178 -985.316596 -985.314993 -985.316793 -985.318860 -985.320574 -985.321890 -985.322887 -985.323650 -985.324242 -985.324712 -985.325090 -985.325405 -985.325682 -985.325950 -985.326245 -985.326613 -985.327120 -985.327868 -985.329014 -985.330811 -985.333677 -985.338309 -985.345916 -985.358653 -985.380509 -985.419106 -985.489394 -985.621171 -985.874407 -986.371805 -987.377207 -989.521171 -994.512871 -1007.213263 -1040.346328 -9999.0 -9999.0
-9999.0 -9999.0 830.947061 730.867177 630.863302 531.057404 431.532505 332.337282 233.507823 135.096785 37.170876 -60.243143 -157.493924 -255.327078 -354.805394 -456.642937 -559.560985 -658.533652 -744.522003 -818.247777 -889.163548 -952.998756 -1011.115721 -1029.672205 -1013.650070 -1001.506303 -993.335119 -988.300838 -985.460359 -984.038863 -983.475405 -983.392222 -983.549173 -983.802137 -984.070727 -984.316919 -984.537846 -984.769261 -985.097507 -986.323649 -996.394629 -1097.682369 -2116.661814 -4030.298156 -4034.653376 -4034.653465 -4034.653465 -4034.653455 -4034.653385 -4034.653076 -4034.651972 -4034.647942 -4034.639970 -4034.628170 -4034.605992 -4034.556865 -4034.432073 -4034.079448 -4032.991171 -4029.323970 -4007.974751 -1958.021876 -1067.280532 -993.236434 -986.201544 -985.448900 -985.336178 -985.316596 -985.314993 -985.316793 -985.318860 -985.320574 -985.321890 -985.322887 -985.323650 -985.324242 -985.324712 -985.325090 -985.325405 -985.325682 -985.325950 -985.326245 -985.326613 -985.327120 -985.327868 -985.329014 -985.330811 -985.333677 -985.338309 -985.345916 -985.358653 -985.380509 -985.419106 -985.489394 -985.621171 -985.874407 -986.371805 -987.377207 -989.521171 -994.512871 -1007.213263 -1040.346328 -9999.0 -9999.0
-9999.0 -9999.0 830.947060 730.867178 630.863303 531.057404 431.532505 332.337283 233.507823 135.096785 37.170876 -60.243143 -157.493924 -255.327078 -354.805394 -456.642937 -559.560985 -658.533652 -744.522003 -818.247777 -889.163548 -952.998756 -1011.115721 -1029.672205 -1013.650070 -1001.506303 -993.335119 -988.300838 -985.460359 -984.038863 -983.475405 -983.392222 -983.549173 -983.802137 -984.070727 -984.316919 -984.537846 -984.769261 -985.097507 -986.323649 -996.394629 -1097.682369 -2116.661814 -4030.298156 -4034.653376 -4034.653465 -4034.653465 -4034.653455 -4034.653385 -4034.653076 -4034.651972 -4034.647942 -4034.639970 -4034.628170 -4034.605992 -4034.556865 -4034.432073 -4034.079449 -4032.991171 -4029.323970 -4007.974751 -1958.021876 -1067.280532 -993.236434 -986.201544 -985.448900 -985.336178 -985.316596 -985.314993 -985.316793 -985.318860 -985.320574 -985.321890 -985.322887 -985.323650 -985.324242 -985.324712 -985.325090 -985.325405 -985.325682 -985.325950 -985.326245 -985.326613 -985.327120 -985.327868 -985.329014 -985.330811 -985.333677 -985.338309 -985.345916 -985.358653 -985.380509 -985.419106 -985.489394 -985.621171 -985.874407 -986.371805 -987.377207 -989.521171 -994.512871 -1007.213263 -1040.346328 -9999.0 -9999.0
-9999.0 -9999.0 -9999.0 -9999.0 -9999.0 -9999.0 -9999.0 -9999.0 -9999.0 -9999.0 -9999.0 -9999.0 -9999.0 -9999.0 -9999.0 -9999.0 -9999.0 -9999.0 -9999.0 -9999.0 -9999.0 -9999.0 -9999.0 -9999.0 -9999.0 -9999.0 -9999.0 -9999.0 -9999.0 -9999.0 -9999.0 -9999.0 -9999.0 -9999.0 -9999.0 -9999.0 -9999.0 -9999.0 -9999.0 -9999.0 -9999.0 -9999.0 -9999.0 -9999.0 -9999.0 -9999.0 -9999.0 -9999.0 -9999.0 -9999.0 -9999.0 -9999.0 -9999.0 -9999.0 -9999.0 -9999.0 -9999.0 -9999.0 -9999.0 -9999.0 -9999.0 -9999.0 -9999.0 -9999.0 -9999.0 -9999.0 -9999.0 -9999.0 -9999.0 -9999.0 -9999.0 -9999.0 -9999.0 -9999.0 -9999.0 -9999.0 -9999.0 -9999.0 -9999.0 -9999.0 -9999.0 -9999.0 -9999.0 -9999.0 -9999.0 -9999.0 -9999.0 -9999.0 -9999.0 -9999.0 -9999.0 -9999.0 -9999.0 -9999.0 -9999.0 -9999.0 -9999.0 -9999.0 -9999.0 -9999.0 -9999.0 -9999.0 -9999.0 -9999.0
-9999.0 -9999.0 -9999.0 -9999.0 -9999.0 -9999.0 -9999.0 -9999.0 -9999.0 -9999.0 -9999.0 -9999.0 -9999.0 -9999.0 -9999.0 -9999.0 -9999.0 -9999.0 -9999.0 -9999.0 -9999.0 -9999.0 -9999.0 -9999.0 -9999.0 -9999.0 -9999.0 -9999.0 -9999.0 -9999.0 -9999.0 -9999.0 -9999.0 -9999.0 -9999.0 -9999.0 -9999.0 -9999.0 -9999.0 -9999.0 -9999.0 -9999.0 -9999.0 -9999.0 -9999.0 -9999.0 -9999.0 -9999.0 -9999.0 -9999.0 -9999.0 -9999.0 -9999.0 -9999.0 -9999.0 -9999.0 -9999.0 -9999.0 -9999.0 -9999.0 -9999.0 -9999.0 -9999.0 -9999.0 -9999.0 -9999.0 -9999.0 -9999.0 -9999.0 -9999.0 -9999.0 -9999.0 -9999.0 -9999.0 -9999.0 -9999.0 -9999.0 -9999.0 -9999.0 -9999.0 -9999.0 -9999.0 -9999.0 -9999.0 -9999.0 -9999.0 -9999.0 -9999.0 -9999.0 -9999.0 -9999.0 -9999.0 -9999.0 -9999.0 -9999.0 -9999.0 -9999.0 -9999.0 -9999.0 -9999.0 -9999.0 -9999.0 -9999.0 -9999.0