inst/processing_geotop_simulation/geotop_simulation/out/maps3D/PwL0002N0140.asc
ncols         104
nrows         10
xllcorner     -2.000000
yllcorner     0.000000
cellsize      1.000000
NODATA_value  -9999.0
-9999.0 -9999.0 -9999.0 -9999.0 -9999.0 -9999.0 -9999.0 -9999.0 -9999.0 -9999.0 -9999.0 -9999.0 -9999.0 -9999.0 -9999.0 -9999.0 -9999.0 -9999.0 -9999.0 -9999.0 -9999.0 -9999.0 -9999.0 -9999.0 -9999.0 -9999.0 -9999.0 -9999.0 -9999.0 -9999.0 -9999.0 -9999.0 -9999.0 -9999.0 -9999.0 -9999.0 -9999.0 -9999.0 -9999.0 -9999.0 -9999.0 -9999.0 -9999.0 -9999.0 -9999.0 -9999.0 -9999.0 -9999.0 -9999.0 -9999.0 -9999.0 -9999.0 -9999.0 -9999.0 -9999.0 -9999.0 -9999.0 -9999.0 -9999.0 -9999.0 -9999.0 -9999.0 -9999.0 -9999.0 -9999.0 -9999.0 -9999.0 -9999.0 -9999.0 -9999.0 -9999.0 -9999.0 -9999.0 -9999.0 -9999.0 -9999.0 -9999.0 -9999.0 -9999.0 -9999.0 -9999.0 -9999.0 -9999.0 -9999.0 -9999.0 -9999.0 -9999.0 -9999.0 -9999.0 -9999.0 -9999.0 -9999.0 -9999.0 -9999.0 -9999.0 -9999.0 -9999.0 -9999.0 -9999.0 -9999.0 -9999.0 -9999.0 -9999.0 -9999.0
-9999.0 -9999.0 -9999.0 -9999.0 -9999.0 -9999.0 -9999.0 -9999.0 -9999.0 -9999.0 -9999.0 -9999.0 -9999.0 -9999.0 -9999.0 -9999.0 -9999.0 -9999.0 -9999.0 -9999.0 -9999.0 -9999.0 -9999.0 -9999.0 -9999.0 -9999.0 -9999.0 -9999.0 -9999.0 -9999.0 -9999.0 -9999.0 -9999.0 -9999.0 -9999.0 -9999.0 -9999.0 -9999.0 -9999.0 -9999.0 -9999.0 -9999.0 -9999.0 -9999.0 -9999.0 -9999.0 -9999.0 -9999.0 -9999.0 -9999.0 -9999.0 -9999.0 -9999.0 -9999.0 -9999.0 -9999.0 -9999.0 -9999.0 -9999.0 -9999.0 -9999.0 -9999.0 -9999.0 -9999.0 -9999.0 -9999.0 -9999.0 -9999.0 -9999.0 -9999.0 -9999.0 -9999.0 -9999.0 -9999.0 -9999.0 -9999.0 -9999.0 -9999.0 -9999.0 -9999.0 -9999.0 -9999.0 -9999.0 -9999.0 -9999.0 -9999.0 -9999.0 -9999.0 -9999.0 -9999.0 -9999.0 -9999.0 -9999.0 -9999.0 -9999.0 -9999.0 -9999.0 -9999.0 -9999.0 -9999.0 -9999.0 -9999.0 -9999.0 -9999.0
-9999.0 -9999.0 83.872241 -0.682663 -93.172235 -187.592409 -282.723106 -378.089998 -473.448332 -568.606044 -663.207685 -757.224778 -850.927166 -945.408194 -1041.114779 -1136.137632 -1232.155248 -1330.713707 -1423.012743 -1491.535205 -1532.407443 -1555.553707 -1568.099680 -1574.965812 -1579.054194 -1581.867254 -1584.074150 -1585.911493 -1587.437319 -1588.665913 -1589.619164 -1590.333726 -1590.853893 -1591.223199 -1591.479577 -1591.655406 -1591.783946 -1591.912839 -1592.170060 -1593.426280 -1600.453464 -1611.026099 -1010.765164 -1007.914959 -996.236848 -988.944249 -985.528733 -985.042972 -984.993744 -985.002412 -985.020015 -985.038735 -985.056705 -985.073333 -985.088647 -985.105323 -985.149613 -985.439670 -987.258329 -991.380738 -997.958633 -992.761577 -1591.818380 -1596.782154 -1592.917101 -1592.221991 -1592.114323 -1592.096814 -1592.095021 -1592.096088 -1592.097445 -1592.098586 -1592.099465 -1592.100130 -1592.100637 -1592.101029 -1592.101339 -1592.101588 -1592.101795 -1592.101978 -1592.102155 -1592.102350 -1592.102594 -1592.102932 -1592.103430 -1592.104196 -1592.105398 -1592.107316 -1592.110422 -1592.115531 -1592.124107 -1592.138863 -1592.164990 -1592.212666 -1592.302119 -1592.473844 -1592.809802 -1593.481429 -1594.873120 -1597.933031 -1605.307617 -1626.747967 -9999.0 -9999.0
-9999.0 -9999.0 83.885209 -0.680313 -93.171646 -187.592238 -282.723052 -378.089980 -473.448325 -568.606042 -663.207684 -757.224778 -850.927166 -945.408194 -1041.114779 -1136.137632 -1232.155248 -1330.713708 -1423.012743 -1491.535205 -1532.407443 -1555.553707 -1568.099680 -1574.965812 -1579.054194 -1581.867254 -1584.074150 -1585.911493 -1587.437319 -1588.665913 -1589.619164 -1590.333726 -1590.853893 -1591.223199 -1591.479577 -1591.655406 -1591.783946 -1591.912839 -1592.170060 -1593.426280 -1600.453464 -1611.026099 -1010.765164 -1007.914958 -996.236848 -988.944249 -985.528733 -985.042972 -984.993744 -985.002412 -985.020015 -985.038735 -985.056705 -985.073333 -985.088647 -985.105323 -985.149613 -985.439670 -987.258329 -991.380738 -997.958633 -992.761577 -1591.818380 -1596.782154 -1592.917101 -1592.221991 -1592.114323 -1592.096814 -1592.095021 -1592.096088 -1592.097445 -1592.098586 -1592.099465 -1592.100130 -1592.100637 -1592.101029 -1592.101339 -1592.101588 -1592.101795 -1592.101978 -1592.102155 -1592.102350 -1592.102594 -1592.102932 -1592.103430 -1592.104196 -1592.105398 -1592.107316 -1592.110422 -1592.115531 -1592.124107 -1592.138863 -1592.164990 -1592.212666 -1592.302119 -1592.473844 -1592.809802 -1593.481429 -1594.873120 -1597.933031 -1605.307617 -1626.747967 -9999.0 -9999.0
-9999.0 -9999.0 83.886618 -0.679381 -93.171276 -187.592104 -282.723005 -378.089964 -473.448319 -568.606040 -663.207683 -757.224778 -850.927166 -945.408194 -1041.114779 -1136.137633 -1232.155248 -1330.713708 -1423.012743 -1491.535205 -1532.407443 -1555.553707 -1568.099680 -1574.965812 -1579.054194 -1581.867254 -1584.074150 -1585.911493 -1587.437319 -1588.665913 -1589.619164 -1590.333726 -1590.853893 -1591.223199 -1591.479577 -1591.655406 -1591.783946 -1591.912839 -1592.170060 -1593.426280 -1600.453464 -1611.026099 -1010.765164 -1007.914958 -996.236848 -988.944249 -985.528733 -985.042972 -984.993744 -985.002412 -985.020015 -985.038735 -985.056705 -985.073333 -985.088647 -985.105323 -985.149613 -985.439670 -987.258329 -991.380738 -997.958633 -992.761577 -1591.818380 -1596.782154 -1592.917101 -1592.221991 -1592.114323 -1592.096814 -1592.095021 -1592.096088 -1592.097445 -1592.098586 -1592.099465 -1592.100130 -1592.100637 -1592.101029 -1592.101339 -1592.101588 -1592.101795 -1592.101978 -1592.102155 -1592.102350 -1592.102594 -1592.102932 -1592.103430 -1592.104196 -1592.105398 -1592.107316 -1592.110422 -1592.115531 -1592.124107 -1592.138863 -1592.164990 -1592.212666 -1592.302119 -1592.473844 -1592.809802 -1593.481429 -1594.873120 -1597.933031 -1605.307617 -1626.747967 -9999.0 -9999.0
-9999.0 -9999.0 83.886618 -0.679381 -93.171276 -187.592104 -282.723005 -378.089964 -473.448319 -568.606040 -663.207683 -757.224778 -850.927166 -945.408194 -1041.114779 -1136.137633 -1232.155248 -1330.713708 -1423.012743 -1491.535205 -1532.407443 -1555.553707 -1568.099680 -1574.965812 -1579.054194 -1581.867254 -1584.074150 -1585.911493 -1587.437319 -1588.665913 -1589.619164 -1590.333726 -1590.853893 -1591.223199 -1591.479577 -1591.655406 -1591.783946 -1591.912839 -1592.170060 -1593.426280 -1600.453464 -1611.026099 -1010.765164 -1007.914958 -996.236848 -988.944249 -985.528733 -985.042972 -984.993744 -985.002412 -985.020015 -985.038735 -985.056705 -985.073333 -985.088647 -985.105323 -985.149613 -985.439670 -987.258329 -991.380738 -997.958633 -992.761577 -1591.818380 -1596.782154 -1592.917101 -1592.221991 -1592.114323 -1592.096814 -1592.095021 -1592.096088 -1592.097445 -1592.098586 -1592.099465 -1592.100130 -1592.100637 -1592.101029 -1592.101339 -1592.101588 -1592.101795 -1592.101978 -1592.102155 -1592.102350 -1592.102594 -1592.102932 -1592.103430 -1592.104196 -1592.105398 -1592.107316 -1592.110422 -1592.115531 -1592.124107 -1592.138863 -1592.164990 -1592.212666 -1592.302119 -1592.473844 -1592.809802 -1593.481429 -1594.873120 -1597.933031 -1605.307617 -1626.747967 -9999.0 -9999.0
-9999.0 -9999.0 83.885209 -0.680313 -93.171646 -187.592238 -282.723052 -378.089980 -473.448325 -568.606042 -663.207684 -757.224778 -850.927166 -945.408194 -1041.114779 -1136.137632 -1232.155248 -1330.713708 -1423.012743 -1491.535205 -1532.407443 -1555.553707 -1568.099680 -1574.965812 -1579.054194 -1581.867254 -1584.074150 -1585.911493 -1587.437319 -1588.665913 -1589.619164 -1590.333726 -1590.853893 -1591.223199 -1591.479577 -1591.655406 -1591.783946 -1591.912839 -1592.170060 -1593.426280 -1600.453464 -1611.026099 -1010.765164 -1007.914958 -996.236848 -988.944249 -985.528733 -985.042972 -984.993744 -985.002412 -985.020015 -985.038735 -985.056705 -985.073333 -985.088647 -985.105323 -985.149613 -985.439670 -987.258329 -991.380738 -997.958633 -992.761577 -1591.818380 -1596.782154 -1592.917101 -1592.221991 -1592.114323 -1592.096814 -1592.095021 -1592.096088 -1592.097445 -1592.098586 -1592.099465 -1592.100130 -1592.100637 -1592.101029 -1592.101339 -1592.101588 -1592.101795 -1592.101978 -1592.102155 -1592.102350 -1592.102594 -1592.102932 -1592.103430 -1592.104196 -1592.105398 -1592.107316 -1592.110422 -1592.115531 -1592.124107 -1592.138863 -1592.164990 -1592.212666 -1592.302119 -1592.473844 -1592.809802 -1593.481429 -1594.873120 -1597.933031 -1605.307617 -1626.747967 -9999.0 -9999.0
-9999.0 -9999.0 83.872241 -0.682663 -93.172235 -187.592409 -282.723106 -378.089998 -473.448331 -568.606044 -663.207685 -757.224778 -850.927166 -945.408194 -1041.114779 -1136.137632 -1232.155248 -1330.713707 -1423.012743 -1491.535205 -1532.407443 -1555.553707 -1568.099680 -1574.965812 -1579.054194 -1581.867254 -1584.074150 -1585.911493 -1587.437319 -1588.665913 -1589.619164 -1590.333726 -1590.853893 -1591.223199 -1591.479577 -1591.655406 -1591.783946 -1591.912839 -1592.170060 -1593.426280 -1600.453464 -1611.026099 -1010.765164 -1007.914959 -996.236848 -988.944249 -985.528733 -985.042972 -984.993744 -985.002412 -985.020015 -985.038735 -985.056705 -985.073333 -985.088647 -985.105323 -985.149613 -985.439670 -987.258329 -991.380738 -997.958633 -992.761577 -1591.818380 -1596.782154 -1592.917101 -1592.221991 -1592.114323 -1592.096814 -1592.095021 -1592.096088 -1592.097445 -1592.098586 -1592.099465 -1592.100130 -1592.100637 -1592.101029 -1592.101339 -1592.101588 -1592.101795 -1592.101978 -1592.102155 -1592.102350 -1592.102594 -1592.102932 -1592.103430 -1592.104196 -1592.105398 -1592.107316 -1592.110422 -1592.115531 -1592.124107 -1592.138863 -1592.164990 -1592.212666 -1592.302119 -1592.473844 -1592.809802 -1593.481429 -1594.873120 -1597.933031 -1605.307617 -1626.747967 -9999.0 -9999.0
-9999.0 -9999.0 -9999.0 -9999.0 -9999.0 -9999.0 -9999.0 -9999.0 -9999.0 -9999.0 -9999.0 -9999.0 -9999.0 -9999.0 -9999.0 -9999.0 -9999.0 -9999.0 -9999.0 -9999.0 -9999.0 -9999.0 -9999.0 -9999.0 -9999.0 -9999.0 -9999.0 -9999.0 -9999.0 -9999.0 -9999.0 -9999.0 -9999.0 -9999.0 -9999.0 -9999.0 -9999.0 -9999.0 -9999.0 -9999.0 -9999.0 -9999.0 -9999.0 -9999.0 -9999.0 -9999.0 -9999.0 -9999.0 -9999.0 -9999.0 -9999.0 -9999.0 -9999.0 -9999.0 -9999.0 -9999.0 -9999.0 -9999.0 -9999.0 -9999.0 -9999.0 -9999.0 -9999.0 -9999.0 -9999.0 -9999.0 -9999.0 -9999.0 -9999.0 -9999.0 -9999.0 -9999.0 -9999.0 -9999.0 -9999.0 -9999.0 -9999.0 -9999.0 -9999.0 -9999.0 -9999.0 -9999.0 -9999.0 -9999.0 -9999.0 -9999.0 -9999.0 -9999.0 -9999.0 -9999.0 -9999.0 -9999.0 -9999.0 -9999.0 -9999.0 -9999.0 -9999.0 -9999.0 -9999.0 -9999.0 -9999.0 -9999.0 -9999.0 -9999.0
-9999.0 -9999.0 -9999.0 -9999.0 -9999.0 -9999.0 -9999.0 -9999.0 -9999.0 -9999.0 -9999.0 -9999.0 -9999.0 -9999.0 -9999.0 -9999.0 -9999.0 -9999.0 -9999.0 -9999.0 -9999.0 -9999.0 -9999.0 -9999.0 -9999.0 -9999.0 -9999.0 -9999.0 -9999.0 -9999.0 -9999.0 -9999.0 -9999.0 -9999.0 -9999.0 -9999.0 -9999.0 -9999.0 -9999.0 -9999.0 -9999.0 -9999.0 -9999.0 -9999.0 -9999.0 -9999.0 -9999.0 -9999.0 -9999.0 -9999.0 -9999.0 -9999.0 -9999.0 -9999.0 -9999.0 -9999.0 -9999.0 -9999.0 -9999.0 -9999.0 -9999.0 -9999.0 -9999.0 -9999.0 -9999.0 -9999.0 -9999.0 -9999.0 -9999.0 -9999.0 -9999.0 -9999.0 -9999.0 -9999.0 -9999.0 -9999.0 -9999.0 -9999.0 -9999.0 -9999.0 -9999.0 -9999.0 -9999.0 -9999.0 -9999.0 -9999.0 -9999.0 -9999.0 -9999.0 -9999.0 -9999.0 -9999.0 -9999.0 -9999.0 -9999.0 -9999.0 -9999.0 -9999.0 -9999.0 -9999.0 -9999.0 -9999.0 -9999.0 -9999.0