inst/processing_geotop_simulation/geotop_simulation/out/maps3D/PwL0000N0233.asc
ncols         104
nrows         10
xllcorner     -2.000000
yllcorner     0.000000
cellsize      1.000000
NODATA_value  -9999.0
-9999.0 -9999.0 -9999.0 -9999.0 -9999.0 -9999.0 -9999.0 -9999.0 -9999.0 -9999.0 -9999.0 -9999.0 -9999.0 -9999.0 -9999.0 -9999.0 -9999.0 -9999.0 -9999.0 -9999.0 -9999.0 -9999.0 -9999.0 -9999.0 -9999.0 -9999.0 -9999.0 -9999.0 -9999.0 -9999.0 -9999.0 -9999.0 -9999.0 -9999.0 -9999.0 -9999.0 -9999.0 -9999.0 -9999.0 -9999.0 -9999.0 -9999.0 -9999.0 -9999.0 -9999.0 -9999.0 -9999.0 -9999.0 -9999.0 -9999.0 -9999.0 -9999.0 -9999.0 -9999.0 -9999.0 -9999.0 -9999.0 -9999.0 -9999.0 -9999.0 -9999.0 -9999.0 -9999.0 -9999.0 -9999.0 -9999.0 -9999.0 -9999.0 -9999.0 -9999.0 -9999.0 -9999.0 -9999.0 -9999.0 -9999.0 -9999.0 -9999.0 -9999.0 -9999.0 -9999.0 -9999.0 -9999.0 -9999.0 -9999.0 -9999.0 -9999.0 -9999.0 -9999.0 -9999.0 -9999.0 -9999.0 -9999.0 -9999.0 -9999.0 -9999.0 -9999.0 -9999.0 -9999.0 -9999.0 -9999.0 -9999.0 -9999.0 -9999.0 -9999.0
-9999.0 -9999.0 -9999.0 -9999.0 -9999.0 -9999.0 -9999.0 -9999.0 -9999.0 -9999.0 -9999.0 -9999.0 -9999.0 -9999.0 -9999.0 -9999.0 -9999.0 -9999.0 -9999.0 -9999.0 -9999.0 -9999.0 -9999.0 -9999.0 -9999.0 -9999.0 -9999.0 -9999.0 -9999.0 -9999.0 -9999.0 -9999.0 -9999.0 -9999.0 -9999.0 -9999.0 -9999.0 -9999.0 -9999.0 -9999.0 -9999.0 -9999.0 -9999.0 -9999.0 -9999.0 -9999.0 -9999.0 -9999.0 -9999.0 -9999.0 -9999.0 -9999.0 -9999.0 -9999.0 -9999.0 -9999.0 -9999.0 -9999.0 -9999.0 -9999.0 -9999.0 -9999.0 -9999.0 -9999.0 -9999.0 -9999.0 -9999.0 -9999.0 -9999.0 -9999.0 -9999.0 -9999.0 -9999.0 -9999.0 -9999.0 -9999.0 -9999.0 -9999.0 -9999.0 -9999.0 -9999.0 -9999.0 -9999.0 -9999.0 -9999.0 -9999.0 -9999.0 -9999.0 -9999.0 -9999.0 -9999.0 -9999.0 -9999.0 -9999.0 -9999.0 -9999.0 -9999.0 -9999.0 -9999.0 -9999.0 -9999.0 -9999.0 -9999.0 -9999.0
-9999.0 -9999.0 0.031216 -89.541805 -186.414239 -284.095815 -382.068865 -480.132308 -578.181372 -676.122167 -773.768006 -870.967682 -967.603265 -1063.499513 -1159.259662 -1254.734123 -1348.652947 -1440.486849 -1529.826496 -1614.706047 -1690.131627 -1751.759864 -1798.494766 -1832.072895 -1855.405109 -1871.333906 -1882.121860 -1889.398436 -1894.286393 -1897.551155 -1899.716879 -1901.143519 -1902.077445 -1902.685771 -1903.080807 -1903.339161 -1903.520276 -1903.702618 -1904.153126 -1906.110551 -1912.683532 -1893.190346 -1183.957678 -1180.590223 -1170.149061 -1163.479138 -1160.346858 -1159.878778 -1159.829585 -1159.835834 -1159.850328 -1159.865845 -1159.880754 -1159.894556 -1159.907333 -1159.921855 -1159.964546 -1160.246180 -1161.921155 -1165.669566 -1171.276897 -1167.245646 -1871.853798 -1907.401854 -1904.969543 -1904.079865 -1903.919838 -1903.894643 -1903.891301 -1903.891566 -1903.892330 -1903.893026 -1903.893574 -1903.893993 -1903.894313 -1903.894561 -1903.894758 -1903.894916 -1903.895049 -1903.895167 -1903.895283 -1903.895412 -1903.895575 -1903.895801 -1903.896137 -1903.896653 -1903.897465 -1903.898767 -1903.900884 -1903.904390 -1903.910324 -1903.920633 -1903.939078 -1903.973070 -1904.037448 -1904.162395 -1904.411212 -1904.924545 -1906.041788 -1908.665636 -1915.567550 -1937.629937 -9999.0 -9999.0
-9999.0 -9999.0 0.104084 -89.539646 -186.413701 -284.095658 -382.068815 -480.132291 -578.181366 -676.122165 -773.768005 -870.967682 -967.603264 -1063.499513 -1159.259662 -1254.734123 -1348.652947 -1440.486849 -1529.826496 -1614.706047 -1690.131628 -1751.759864 -1798.494766 -1832.072895 -1855.405109 -1871.333906 -1882.121860 -1889.398436 -1894.286393 -1897.551155 -1899.716879 -1901.143519 -1902.077445 -1902.685771 -1903.080807 -1903.339161 -1903.520276 -1903.702618 -1904.153126 -1906.110551 -1912.683532 -1893.190346 -1183.957678 -1180.590223 -1170.149060 -1163.479137 -1160.346858 -1159.878778 -1159.829585 -1159.835834 -1159.850328 -1159.865845 -1159.880754 -1159.894556 -1159.907333 -1159.921855 -1159.964546 -1160.246180 -1161.921155 -1165.669566 -1171.276897 -1167.245646 -1871.853798 -1907.401854 -1904.969543 -1904.079865 -1903.919838 -1903.894643 -1903.891301 -1903.891566 -1903.892330 -1903.893026 -1903.893574 -1903.893993 -1903.894313 -1903.894561 -1903.894758 -1903.894916 -1903.895049 -1903.895167 -1903.895283 -1903.895412 -1903.895575 -1903.895801 -1903.896137 -1903.896653 -1903.897465 -1903.898767 -1903.900884 -1903.904390 -1903.910324 -1903.920633 -1903.939078 -1903.973070 -1904.037448 -1904.162395 -1904.411212 -1904.924545 -1906.041788 -1908.665636 -1915.567550 -1937.629937 -9999.0 -9999.0
-9999.0 -9999.0 0.104090 -89.538785 -186.413362 -284.095535 -382.068771 -480.132276 -578.181360 -676.122163 -773.768004 -870.967681 -967.603264 -1063.499513 -1159.259662 -1254.734123 -1348.652947 -1440.486849 -1529.826496 -1614.706047 -1690.131628 -1751.759864 -1798.494766 -1832.072896 -1855.405109 -1871.333906 -1882.121860 -1889.398436 -1894.286393 -1897.551155 -1899.716879 -1901.143519 -1902.077445 -1902.685771 -1903.080807 -1903.339161 -1903.520276 -1903.702618 -1904.153126 -1906.110551 -1912.683532 -1893.190346 -1183.957678 -1180.590223 -1170.149060 -1163.479137 -1160.346858 -1159.878778 -1159.829585 -1159.835834 -1159.850328 -1159.865845 -1159.880754 -1159.894556 -1159.907333 -1159.921855 -1159.964546 -1160.246180 -1161.921155 -1165.669566 -1171.276897 -1167.245646 -1871.853798 -1907.401854 -1904.969543 -1904.079865 -1903.919838 -1903.894643 -1903.891301 -1903.891566 -1903.892330 -1903.893026 -1903.893574 -1903.893993 -1903.894313 -1903.894561 -1903.894758 -1903.894916 -1903.895049 -1903.895167 -1903.895283 -1903.895412 -1903.895575 -1903.895801 -1903.896137 -1903.896653 -1903.897465 -1903.898767 -1903.900884 -1903.904390 -1903.910324 -1903.920633 -1903.939078 -1903.973070 -1904.037448 -1904.162395 -1904.411212 -1904.924545 -1906.041788 -1908.665636 -1915.567550 -1937.629937 -9999.0 -9999.0
-9999.0 -9999.0 0.104090 -89.538785 -186.413362 -284.095535 -382.068771 -480.132276 -578.181360 -676.122163 -773.768004 -870.967681 -967.603264 -1063.499513 -1159.259662 -1254.734123 -1348.652947 -1440.486849 -1529.826496 -1614.706047 -1690.131628 -1751.759864 -1798.494766 -1832.072896 -1855.405109 -1871.333906 -1882.121860 -1889.398436 -1894.286393 -1897.551155 -1899.716879 -1901.143519 -1902.077445 -1902.685771 -1903.080807 -1903.339161 -1903.520276 -1903.702618 -1904.153126 -1906.110551 -1912.683532 -1893.190346 -1183.957678 -1180.590223 -1170.149060 -1163.479137 -1160.346858 -1159.878778 -1159.829585 -1159.835834 -1159.850328 -1159.865845 -1159.880754 -1159.894556 -1159.907333 -1159.921855 -1159.964546 -1160.246180 -1161.921155 -1165.669566 -1171.276897 -1167.245646 -1871.853798 -1907.401854 -1904.969543 -1904.079865 -1903.919838 -1903.894643 -1903.891301 -1903.891566 -1903.892330 -1903.893026 -1903.893574 -1903.893993 -1903.894313 -1903.894561 -1903.894758 -1903.894916 -1903.895049 -1903.895167 -1903.895283 -1903.895412 -1903.895575 -1903.895801 -1903.896137 -1903.896653 -1903.897465 -1903.898767 -1903.900884 -1903.904390 -1903.910324 -1903.920633 -1903.939078 -1903.973070 -1904.037448 -1904.162395 -1904.411212 -1904.924545 -1906.041788 -1908.665636 -1915.567550 -1937.629937 -9999.0 -9999.0
-9999.0 -9999.0 0.104084 -89.539646 -186.413701 -284.095658 -382.068815 -480.132291 -578.181366 -676.122165 -773.768005 -870.967682 -967.603264 -1063.499513 -1159.259662 -1254.734123 -1348.652947 -1440.486849 -1529.826496 -1614.706047 -1690.131628 -1751.759864 -1798.494766 -1832.072895 -1855.405109 -1871.333906 -1882.121860 -1889.398436 -1894.286393 -1897.551155 -1899.716879 -1901.143519 -1902.077445 -1902.685771 -1903.080807 -1903.339161 -1903.520276 -1903.702618 -1904.153126 -1906.110551 -1912.683532 -1893.190346 -1183.957678 -1180.590223 -1170.149060 -1163.479137 -1160.346858 -1159.878778 -1159.829585 -1159.835834 -1159.850328 -1159.865845 -1159.880754 -1159.894556 -1159.907333 -1159.921855 -1159.964546 -1160.246180 -1161.921155 -1165.669566 -1171.276897 -1167.245646 -1871.853798 -1907.401854 -1904.969543 -1904.079865 -1903.919838 -1903.894643 -1903.891301 -1903.891566 -1903.892330 -1903.893026 -1903.893574 -1903.893993 -1903.894313 -1903.894561 -1903.894758 -1903.894916 -1903.895049 -1903.895167 -1903.895283 -1903.895412 -1903.895575 -1903.895801 -1903.896137 -1903.896653 -1903.897465 -1903.898767 -1903.900884 -1903.904390 -1903.910324 -1903.920633 -1903.939078 -1903.973070 -1904.037448 -1904.162395 -1904.411212 -1904.924545 -1906.041788 -1908.665636 -1915.567550 -1937.629937 -9999.0 -9999.0
-9999.0 -9999.0 0.031216 -89.541805 -186.414240 -284.095815 -382.068865 -480.132308 -578.181372 -676.122167 -773.768006 -870.967682 -967.603265 -1063.499513 -1159.259662 -1254.734123 -1348.652947 -1440.486849 -1529.826496 -1614.706047 -1690.131627 -1751.759864 -1798.494766 -1832.072895 -1855.405109 -1871.333906 -1882.121860 -1889.398436 -1894.286393 -1897.551155 -1899.716879 -1901.143519 -1902.077445 -1902.685771 -1903.080807 -1903.339161 -1903.520276 -1903.702618 -1904.153126 -1906.110551 -1912.683532 -1893.190346 -1183.957678 -1180.590223 -1170.149061 -1163.479138 -1160.346858 -1159.878778 -1159.829585 -1159.835834 -1159.850328 -1159.865845 -1159.880754 -1159.894556 -1159.907333 -1159.921855 -1159.964546 -1160.246180 -1161.921155 -1165.669566 -1171.276897 -1167.245646 -1871.853798 -1907.401854 -1904.969543 -1904.079865 -1903.919838 -1903.894643 -1903.891301 -1903.891566 -1903.892330 -1903.893026 -1903.893574 -1903.893993 -1903.894313 -1903.894561 -1903.894758 -1903.894916 -1903.895049 -1903.895167 -1903.895283 -1903.895412 -1903.895575 -1903.895801 -1903.896137 -1903.896653 -1903.897465 -1903.898767 -1903.900884 -1903.904390 -1903.910324 -1903.920633 -1903.939078 -1903.973070 -1904.037448 -1904.162395 -1904.411212 -1904.924545 -1906.041788 -1908.665636 -1915.567550 -1937.629937 -9999.0 -9999.0
-9999.0 -9999.0 -9999.0 -9999.0 -9999.0 -9999.0 -9999.0 -9999.0 -9999.0 -9999.0 -9999.0 -9999.0 -9999.0 -9999.0 -9999.0 -9999.0 -9999.0 -9999.0 -9999.0 -9999.0 -9999.0 -9999.0 -9999.0 -9999.0 -9999.0 -9999.0 -9999.0 -9999.0 -9999.0 -9999.0 -9999.0 -9999.0 -9999.0 -9999.0 -9999.0 -9999.0 -9999.0 -9999.0 -9999.0 -9999.0 -9999.0 -9999.0 -9999.0 -9999.0 -9999.0 -9999.0 -9999.0 -9999.0 -9999.0 -9999.0 -9999.0 -9999.0 -9999.0 -9999.0 -9999.0 -9999.0 -9999.0 -9999.0 -9999.0 -9999.0 -9999.0 -9999.0 -9999.0 -9999.0 -9999.0 -9999.0 -9999.0 -9999.0 -9999.0 -9999.0 -9999.0 -9999.0 -9999.0 -9999.0 -9999.0 -9999.0 -9999.0 -9999.0 -9999.0 -9999.0 -9999.0 -9999.0 -9999.0 -9999.0 -9999.0 -9999.0 -9999.0 -9999.0 -9999.0 -9999.0 -9999.0 -9999.0 -9999.0 -9999.0 -9999.0 -9999.0 -9999.0 -9999.0 -9999.0 -9999.0 -9999.0 -9999.0 -9999.0 -9999.0
-9999.0 -9999.0 -9999.0 -9999.0 -9999.0 -9999.0 -9999.0 -9999.0 -9999.0 -9999.0 -9999.0 -9999.0 -9999.0 -9999.0 -9999.0 -9999.0 -9999.0 -9999.0 -9999.0 -9999.0 -9999.0 -9999.0 -9999.0 -9999.0 -9999.0 -9999.0 -9999.0 -9999.0 -9999.0 -9999.0 -9999.0 -9999.0 -9999.0 -9999.0 -9999.0 -9999.0 -9999.0 -9999.0 -9999.0 -9999.0 -9999.0 -9999.0 -9999.0 -9999.0 -9999.0 -9999.0 -9999.0 -9999.0 -9999.0 -9999.0 -9999.0 -9999.0 -9999.0 -9999.0 -9999.0 -9999.0 -9999.0 -9999.0 -9999.0 -9999.0 -9999.0 -9999.0 -9999.0 -9999.0 -9999.0 -9999.0 -9999.0 -9999.0 -9999.0 -9999.0 -9999.0 -9999.0 -9999.0 -9999.0 -9999.0 -9999.0 -9999.0 -9999.0 -9999.0 -9999.0 -9999.0 -9999.0 -9999.0 -9999.0 -9999.0 -9999.0 -9999.0 -9999.0 -9999.0 -9999.0 -9999.0 -9999.0 -9999.0 -9999.0 -9999.0 -9999.0 -9999.0 -9999.0 -9999.0 -9999.0 -9999.0 -9999.0 -9999.0 -9999.0