inst/processing_geotop_simulation/geotop_simulation/out/maps3D/PwL0001N0411.asc
ncols         104
nrows         10
xllcorner     -2.000000
yllcorner     0.000000
cellsize      1.000000
NODATA_value  -9999.0
-9999.0 -9999.0 -9999.0 -9999.0 -9999.0 -9999.0 -9999.0 -9999.0 -9999.0 -9999.0 -9999.0 -9999.0 -9999.0 -9999.0 -9999.0 -9999.0 -9999.0 -9999.0 -9999.0 -9999.0 -9999.0 -9999.0 -9999.0 -9999.0 -9999.0 -9999.0 -9999.0 -9999.0 -9999.0 -9999.0 -9999.0 -9999.0 -9999.0 -9999.0 -9999.0 -9999.0 -9999.0 -9999.0 -9999.0 -9999.0 -9999.0 -9999.0 -9999.0 -9999.0 -9999.0 -9999.0 -9999.0 -9999.0 -9999.0 -9999.0 -9999.0 -9999.0 -9999.0 -9999.0 -9999.0 -9999.0 -9999.0 -9999.0 -9999.0 -9999.0 -9999.0 -9999.0 -9999.0 -9999.0 -9999.0 -9999.0 -9999.0 -9999.0 -9999.0 -9999.0 -9999.0 -9999.0 -9999.0 -9999.0 -9999.0 -9999.0 -9999.0 -9999.0 -9999.0 -9999.0 -9999.0 -9999.0 -9999.0 -9999.0 -9999.0 -9999.0 -9999.0 -9999.0 -9999.0 -9999.0 -9999.0 -9999.0 -9999.0 -9999.0 -9999.0 -9999.0 -9999.0 -9999.0 -9999.0 -9999.0 -9999.0 -9999.0 -9999.0 -9999.0
-9999.0 -9999.0 -9999.0 -9999.0 -9999.0 -9999.0 -9999.0 -9999.0 -9999.0 -9999.0 -9999.0 -9999.0 -9999.0 -9999.0 -9999.0 -9999.0 -9999.0 -9999.0 -9999.0 -9999.0 -9999.0 -9999.0 -9999.0 -9999.0 -9999.0 -9999.0 -9999.0 -9999.0 -9999.0 -9999.0 -9999.0 -9999.0 -9999.0 -9999.0 -9999.0 -9999.0 -9999.0 -9999.0 -9999.0 -9999.0 -9999.0 -9999.0 -9999.0 -9999.0 -9999.0 -9999.0 -9999.0 -9999.0 -9999.0 -9999.0 -9999.0 -9999.0 -9999.0 -9999.0 -9999.0 -9999.0 -9999.0 -9999.0 -9999.0 -9999.0 -9999.0 -9999.0 -9999.0 -9999.0 -9999.0 -9999.0 -9999.0 -9999.0 -9999.0 -9999.0 -9999.0 -9999.0 -9999.0 -9999.0 -9999.0 -9999.0 -9999.0 -9999.0 -9999.0 -9999.0 -9999.0 -9999.0 -9999.0 -9999.0 -9999.0 -9999.0 -9999.0 -9999.0 -9999.0 -9999.0 -9999.0 -9999.0 -9999.0 -9999.0 -9999.0 -9999.0 -9999.0 -9999.0 -9999.0 -9999.0 -9999.0 -9999.0 -9999.0 -9999.0
-9999.0 -9999.0 26.037474 -71.511644 -170.398728 -269.574975 -368.856733 -468.175953 -567.498360 -666.797147 -766.034006 -865.181779 -964.216215 -1063.104825 -1161.951391 -1260.726845 -1359.174565 -1457.079584 -1554.035689 -1649.255051 -1741.238022 -1827.411839 -1904.514441 -1969.895284 -2022.561017 -2063.197235 -2093.521127 -2115.587003 -2131.340159 -2142.420950 -2150.123794 -2155.427947 -2159.052793 -2161.515367 -2163.181511 -2164.309543 -2165.093510 -2165.739950 -2166.689215 -2168.939515 -2169.590534 -2101.844044 -1293.015134 -1289.069987 -1279.216061 -1272.704589 -1269.638047 -1269.151294 -1269.097866 -1269.102415 -1269.115329 -1269.129275 -1269.142688 -1269.155117 -1269.166704 -1269.180620 -1269.225985 -1269.522869 -1271.175460 -1274.811114 -1279.659332 -1276.466423 -2077.804291 -2163.813287 -2167.514021 -2166.933763 -2166.724669 -2166.682266 -2166.675341 -2166.674687 -2166.675023 -2166.675437 -2166.675784 -2166.676056 -2166.676268 -2166.676435 -2166.676570 -2166.676682 -2166.676778 -2166.676866 -2166.676953 -2166.677051 -2166.677172 -2166.677337 -2166.677577 -2166.677941 -2166.678509 -2166.679415 -2166.680890 -2166.683346 -2166.687541 -2166.694912 -2166.708268 -2166.733211 -2166.781183 -2166.876324 -2167.072316 -2167.497459 -2168.485642 -2170.999762 -2178.212543 -2202.296299 -9999.0 -9999.0
-9999.0 -9999.0 26.048685 -71.509786 -170.398265 -269.574840 -368.856690 -468.175938 -567.498354 -666.797145 -766.034005 -865.181779 -964.216215 -1063.104825 -1161.951391 -1260.726845 -1359.174565 -1457.079584 -1554.035690 -1649.255051 -1741.238022 -1827.411839 -1904.514441 -1969.895284 -2022.561017 -2063.197235 -2093.521127 -2115.587003 -2131.340159 -2142.420950 -2150.123794 -2155.427947 -2159.052793 -2161.515367 -2163.181511 -2164.309543 -2165.093510 -2165.739950 -2166.689215 -2168.939515 -2169.590534 -2101.844044 -1293.015134 -1289.069987 -1279.216061 -1272.704589 -1269.638047 -1269.151294 -1269.097866 -1269.102415 -1269.115329 -1269.129275 -1269.142688 -1269.155117 -1269.166704 -1269.180620 -1269.225985 -1269.522869 -1271.175460 -1274.811114 -1279.659332 -1276.466423 -2077.804291 -2163.813287 -2167.514021 -2166.933763 -2166.724669 -2166.682266 -2166.675341 -2166.674687 -2166.675023 -2166.675437 -2166.675784 -2166.676056 -2166.676268 -2166.676435 -2166.676570 -2166.676682 -2166.676778 -2166.676866 -2166.676953 -2166.677051 -2166.677172 -2166.677337 -2166.677577 -2166.677941 -2166.678509 -2166.679415 -2166.680890 -2166.683346 -2166.687541 -2166.694912 -2166.708268 -2166.733211 -2166.781183 -2166.876324 -2167.072316 -2167.497459 -2168.485642 -2170.999762 -2178.212543 -2202.296299 -9999.0 -9999.0
-9999.0 -9999.0 26.049721 -71.509042 -170.397972 -269.574734 -368.856653 -468.175924 -567.498349 -666.797143 -766.034005 -865.181778 -964.216215 -1063.104825 -1161.951391 -1260.726845 -1359.174566 -1457.079584 -1554.035690 -1649.255051 -1741.238022 -1827.411839 -1904.514441 -1969.895285 -2022.561017 -2063.197235 -2093.521127 -2115.587003 -2131.340159 -2142.420950 -2150.123794 -2155.427947 -2159.052793 -2161.515367 -2163.181511 -2164.309543 -2165.093510 -2165.739950 -2166.689215 -2168.939515 -2169.590534 -2101.844044 -1293.015134 -1289.069987 -1279.216061 -1272.704589 -1269.638047 -1269.151294 -1269.097866 -1269.102415 -1269.115329 -1269.129275 -1269.142688 -1269.155117 -1269.166704 -1269.180620 -1269.225985 -1269.522869 -1271.175460 -1274.811114 -1279.659332 -1276.466423 -2077.804291 -2163.813287 -2167.514021 -2166.933763 -2166.724669 -2166.682266 -2166.675341 -2166.674687 -2166.675023 -2166.675437 -2166.675784 -2166.676056 -2166.676268 -2166.676435 -2166.676570 -2166.676682 -2166.676778 -2166.676866 -2166.676953 -2166.677051 -2166.677172 -2166.677337 -2166.677577 -2166.677941 -2166.678509 -2166.679415 -2166.680890 -2166.683346 -2166.687541 -2166.694912 -2166.708268 -2166.733211 -2166.781183 -2166.876324 -2167.072316 -2167.497459 -2168.485642 -2170.999762 -2178.212543 -2202.296299 -9999.0 -9999.0
-9999.0 -9999.0 26.049721 -71.509041 -170.397972 -269.574734 -368.856653 -468.175924 -567.498349 -666.797143 -766.034005 -865.181778 -964.216215 -1063.104825 -1161.951391 -1260.726845 -1359.174566 -1457.079584 -1554.035690 -1649.255051 -1741.238022 -1827.411839 -1904.514441 -1969.895285 -2022.561017 -2063.197235 -2093.521127 -2115.587003 -2131.340159 -2142.420950 -2150.123794 -2155.427947 -2159.052793 -2161.515367 -2163.181511 -2164.309543 -2165.093510 -2165.739950 -2166.689215 -2168.939515 -2169.590534 -2101.844044 -1293.015134 -1289.069987 -1279.216061 -1272.704589 -1269.638047 -1269.151294 -1269.097866 -1269.102415 -1269.115329 -1269.129275 -1269.142688 -1269.155117 -1269.166704 -1269.180620 -1269.225985 -1269.522869 -1271.175460 -1274.811114 -1279.659332 -1276.466423 -2077.804291 -2163.813287 -2167.514021 -2166.933763 -2166.724669 -2166.682266 -2166.675341 -2166.674687 -2166.675023 -2166.675437 -2166.675784 -2166.676056 -2166.676268 -2166.676435 -2166.676570 -2166.676682 -2166.676778 -2166.676866 -2166.676953 -2166.677051 -2166.677172 -2166.677337 -2166.677577 -2166.677941 -2166.678509 -2166.679415 -2166.680890 -2166.683346 -2166.687541 -2166.694912 -2166.708268 -2166.733211 -2166.781183 -2166.876324 -2167.072316 -2167.497459 -2168.485642 -2170.999762 -2178.212543 -2202.296299 -9999.0 -9999.0
-9999.0 -9999.0 26.048685 -71.509786 -170.398265 -269.574840 -368.856690 -468.175938 -567.498354 -666.797145 -766.034005 -865.181778 -964.216215 -1063.104825 -1161.951391 -1260.726845 -1359.174565 -1457.079584 -1554.035690 -1649.255051 -1741.238022 -1827.411839 -1904.514441 -1969.895284 -2022.561017 -2063.197235 -2093.521127 -2115.587003 -2131.340159 -2142.420950 -2150.123794 -2155.427947 -2159.052793 -2161.515367 -2163.181511 -2164.309543 -2165.093510 -2165.739950 -2166.689215 -2168.939515 -2169.590534 -2101.844044 -1293.015134 -1289.069987 -1279.216061 -1272.704589 -1269.638047 -1269.151294 -1269.097866 -1269.102415 -1269.115329 -1269.129275 -1269.142688 -1269.155117 -1269.166704 -1269.180620 -1269.225985 -1269.522869 -1271.175460 -1274.811114 -1279.659332 -1276.466423 -2077.804291 -2163.813287 -2167.514021 -2166.933763 -2166.724669 -2166.682266 -2166.675341 -2166.674687 -2166.675023 -2166.675437 -2166.675784 -2166.676056 -2166.676268 -2166.676435 -2166.676570 -2166.676682 -2166.676778 -2166.676866 -2166.676953 -2166.677051 -2166.677172 -2166.677337 -2166.677577 -2166.677941 -2166.678509 -2166.679415 -2166.680890 -2166.683346 -2166.687541 -2166.694912 -2166.708268 -2166.733211 -2166.781183 -2166.876324 -2167.072316 -2167.497459 -2168.485642 -2170.999762 -2178.212543 -2202.296299 -9999.0 -9999.0
-9999.0 -9999.0 26.037474 -71.511644 -170.398728 -269.574975 -368.856733 -468.175953 -567.498360 -666.797147 -766.034006 -865.181779 -964.216215 -1063.104825 -1161.951391 -1260.726845 -1359.174565 -1457.079584 -1554.035689 -1649.255051 -1741.238022 -1827.411839 -1904.514441 -1969.895284 -2022.561017 -2063.197235 -2093.521127 -2115.587003 -2131.340159 -2142.420950 -2150.123794 -2155.427947 -2159.052793 -2161.515367 -2163.181511 -2164.309543 -2165.093510 -2165.739950 -2166.689215 -2168.939515 -2169.590534 -2101.844044 -1293.015134 -1289.069987 -1279.216061 -1272.704589 -1269.638047 -1269.151294 -1269.097866 -1269.102415 -1269.115329 -1269.129275 -1269.142688 -1269.155117 -1269.166704 -1269.180620 -1269.225985 -1269.522869 -1271.175460 -1274.811114 -1279.659332 -1276.466423 -2077.804291 -2163.813287 -2167.514021 -2166.933763 -2166.724669 -2166.682266 -2166.675341 -2166.674687 -2166.675023 -2166.675437 -2166.675784 -2166.676056 -2166.676268 -2166.676435 -2166.676570 -2166.676682 -2166.676778 -2166.676866 -2166.676953 -2166.677051 -2166.677172 -2166.677337 -2166.677577 -2166.677941 -2166.678509 -2166.679415 -2166.680890 -2166.683346 -2166.687541 -2166.694912 -2166.708268 -2166.733211 -2166.781183 -2166.876324 -2167.072316 -2167.497459 -2168.485642 -2170.999762 -2178.212543 -2202.296299 -9999.0 -9999.0
-9999.0 -9999.0 -9999.0 -9999.0 -9999.0 -9999.0 -9999.0 -9999.0 -9999.0 -9999.0 -9999.0 -9999.0 -9999.0 -9999.0 -9999.0 -9999.0 -9999.0 -9999.0 -9999.0 -9999.0 -9999.0 -9999.0 -9999.0 -9999.0 -9999.0 -9999.0 -9999.0 -9999.0 -9999.0 -9999.0 -9999.0 -9999.0 -9999.0 -9999.0 -9999.0 -9999.0 -9999.0 -9999.0 -9999.0 -9999.0 -9999.0 -9999.0 -9999.0 -9999.0 -9999.0 -9999.0 -9999.0 -9999.0 -9999.0 -9999.0 -9999.0 -9999.0 -9999.0 -9999.0 -9999.0 -9999.0 -9999.0 -9999.0 -9999.0 -9999.0 -9999.0 -9999.0 -9999.0 -9999.0 -9999.0 -9999.0 -9999.0 -9999.0 -9999.0 -9999.0 -9999.0 -9999.0 -9999.0 -9999.0 -9999.0 -9999.0 -9999.0 -9999.0 -9999.0 -9999.0 -9999.0 -9999.0 -9999.0 -9999.0 -9999.0 -9999.0 -9999.0 -9999.0 -9999.0 -9999.0 -9999.0 -9999.0 -9999.0 -9999.0 -9999.0 -9999.0 -9999.0 -9999.0 -9999.0 -9999.0 -9999.0 -9999.0 -9999.0 -9999.0
-9999.0 -9999.0 -9999.0 -9999.0 -9999.0 -9999.0 -9999.0 -9999.0 -9999.0 -9999.0 -9999.0 -9999.0 -9999.0 -9999.0 -9999.0 -9999.0 -9999.0 -9999.0 -9999.0 -9999.0 -9999.0 -9999.0 -9999.0 -9999.0 -9999.0 -9999.0 -9999.0 -9999.0 -9999.0 -9999.0 -9999.0 -9999.0 -9999.0 -9999.0 -9999.0 -9999.0 -9999.0 -9999.0 -9999.0 -9999.0 -9999.0 -9999.0 -9999.0 -9999.0 -9999.0 -9999.0 -9999.0 -9999.0 -9999.0 -9999.0 -9999.0 -9999.0 -9999.0 -9999.0 -9999.0 -9999.0 -9999.0 -9999.0 -9999.0 -9999.0 -9999.0 -9999.0 -9999.0 -9999.0 -9999.0 -9999.0 -9999.0 -9999.0 -9999.0 -9999.0 -9999.0 -9999.0 -9999.0 -9999.0 -9999.0 -9999.0 -9999.0 -9999.0 -9999.0 -9999.0 -9999.0 -9999.0 -9999.0 -9999.0 -9999.0 -9999.0 -9999.0 -9999.0 -9999.0 -9999.0 -9999.0 -9999.0 -9999.0 -9999.0 -9999.0 -9999.0 -9999.0 -9999.0 -9999.0 -9999.0 -9999.0 -9999.0 -9999.0 -9999.0