inst/processing_geotop_simulation/geotop_simulation/out/maps3D/PwL0017N0109.asc
ncols         104
nrows         10
xllcorner     -2.000000
yllcorner     0.000000
cellsize      1.000000
NODATA_value  -9999.0
-9999.0 -9999.0 -9999.0 -9999.0 -9999.0 -9999.0 -9999.0 -9999.0 -9999.0 -9999.0 -9999.0 -9999.0 -9999.0 -9999.0 -9999.0 -9999.0 -9999.0 -9999.0 -9999.0 -9999.0 -9999.0 -9999.0 -9999.0 -9999.0 -9999.0 -9999.0 -9999.0 -9999.0 -9999.0 -9999.0 -9999.0 -9999.0 -9999.0 -9999.0 -9999.0 -9999.0 -9999.0 -9999.0 -9999.0 -9999.0 -9999.0 -9999.0 -9999.0 -9999.0 -9999.0 -9999.0 -9999.0 -9999.0 -9999.0 -9999.0 -9999.0 -9999.0 -9999.0 -9999.0 -9999.0 -9999.0 -9999.0 -9999.0 -9999.0 -9999.0 -9999.0 -9999.0 -9999.0 -9999.0 -9999.0 -9999.0 -9999.0 -9999.0 -9999.0 -9999.0 -9999.0 -9999.0 -9999.0 -9999.0 -9999.0 -9999.0 -9999.0 -9999.0 -9999.0 -9999.0 -9999.0 -9999.0 -9999.0 -9999.0 -9999.0 -9999.0 -9999.0 -9999.0 -9999.0 -9999.0 -9999.0 -9999.0 -9999.0 -9999.0 -9999.0 -9999.0 -9999.0 -9999.0 -9999.0 -9999.0 -9999.0 -9999.0 -9999.0 -9999.0
-9999.0 -9999.0 -9999.0 -9999.0 -9999.0 -9999.0 -9999.0 -9999.0 -9999.0 -9999.0 -9999.0 -9999.0 -9999.0 -9999.0 -9999.0 -9999.0 -9999.0 -9999.0 -9999.0 -9999.0 -9999.0 -9999.0 -9999.0 -9999.0 -9999.0 -9999.0 -9999.0 -9999.0 -9999.0 -9999.0 -9999.0 -9999.0 -9999.0 -9999.0 -9999.0 -9999.0 -9999.0 -9999.0 -9999.0 -9999.0 -9999.0 -9999.0 -9999.0 -9999.0 -9999.0 -9999.0 -9999.0 -9999.0 -9999.0 -9999.0 -9999.0 -9999.0 -9999.0 -9999.0 -9999.0 -9999.0 -9999.0 -9999.0 -9999.0 -9999.0 -9999.0 -9999.0 -9999.0 -9999.0 -9999.0 -9999.0 -9999.0 -9999.0 -9999.0 -9999.0 -9999.0 -9999.0 -9999.0 -9999.0 -9999.0 -9999.0 -9999.0 -9999.0 -9999.0 -9999.0 -9999.0 -9999.0 -9999.0 -9999.0 -9999.0 -9999.0 -9999.0 -9999.0 -9999.0 -9999.0 -9999.0 -9999.0 -9999.0 -9999.0 -9999.0 -9999.0 -9999.0 -9999.0 -9999.0 -9999.0 -9999.0 -9999.0 -9999.0 -9999.0
-9999.0 -9999.0 840.513847 749.014757 656.339885 562.513722 468.101885 373.433143 278.681195 183.938657 89.254714 -5.340254 -99.822724 -194.215895 -288.652998 -383.498415 -479.369323 -576.883431 -676.334989 -770.958283 -863.504882 -952.311001 -1025.751269 -1072.399634 -1100.732854 -1116.457425 -1124.644115 -1128.718286 -1130.678807 -1131.598876 -1132.029304 -1132.240030 -1132.357425 -1132.436764 -1132.499754 -1132.555644 -1132.617284 -1132.720624 -1133.012972 -1134.670488 -1146.326902 -1241.771223 -2072.391005 -4123.897711 -4133.663082 -4133.663366 -4133.663366 -4133.663366 -4133.663366 -4133.663366 -4133.663366 -4133.663365 -4133.663362 -4133.663359 -4133.663352 -4133.663338 -4133.663304 -4133.663208 -4133.662915 -4133.661395 -4117.739540 -1954.313689 -1210.653003 -1141.939633 -1134.010007 -1133.074304 -1132.947868 -1132.928039 -1132.925999 -1132.927181 -1132.928696 -1132.929974 -1132.930960 -1132.931709 -1132.932281 -1132.932725 -1132.933077 -1132.933360 -1132.933596 -1132.933804 -1132.934007 -1132.934230 -1132.934510 -1132.934896 -1132.935466 -1132.936340 -1132.937713 -1132.939904 -1132.943454 -1132.949297 -1132.959113 -1132.976020 -1133.005997 -1133.060788 -1133.163816 -1133.362361 -1133.754010 -1134.551608 -1136.265538 -1140.238402 -1150.148646 -1176.849236 -9999.0 -9999.0
-9999.0 -9999.0 840.518057 749.016265 656.340361 562.513875 468.101936 373.433160 278.681201 183.938659 89.254715 -5.340254 -99.822724 -194.215895 -288.652998 -383.498415 -479.369323 -576.883431 -676.334989 -770.958283 -863.504882 -952.311001 -1025.751270 -1072.399634 -1100.732854 -1116.457425 -1124.644115 -1128.718286 -1130.678807 -1131.598876 -1132.029304 -1132.240030 -1132.357425 -1132.436764 -1132.499754 -1132.555644 -1132.617284 -1132.720624 -1133.012972 -1134.670488 -1146.326902 -1241.771222 -2072.391004 -4123.897711 -4133.663082 -4133.663366 -4133.663366 -4133.663366 -4133.663366 -4133.663366 -4133.663366 -4133.663365 -4133.663362 -4133.663359 -4133.663352 -4133.663338 -4133.663304 -4133.663208 -4133.662915 -4133.661395 -4117.739540 -1954.313689 -1210.653003 -1141.939633 -1134.010007 -1133.074304 -1132.947868 -1132.928039 -1132.925999 -1132.927181 -1132.928696 -1132.929974 -1132.930960 -1132.931709 -1132.932281 -1132.932725 -1132.933077 -1132.933360 -1132.933596 -1132.933804 -1132.934007 -1132.934230 -1132.934510 -1132.934896 -1132.935466 -1132.936340 -1132.937713 -1132.939904 -1132.943454 -1132.949297 -1132.959113 -1132.976020 -1133.005997 -1133.060788 -1133.163816 -1133.362361 -1133.754010 -1134.551608 -1136.265538 -1140.238402 -1150.148646 -1176.849236 -9999.0 -9999.0
-9999.0 -9999.0 840.519511 749.017038 656.340684 562.513997 468.101980 373.433176 278.681207 183.938661 89.254715 -5.340254 -99.822724 -194.215896 -288.652998 -383.498415 -479.369323 -576.883431 -676.334989 -770.958283 -863.504882 -952.311002 -1025.751270 -1072.399634 -1100.732854 -1116.457425 -1124.644115 -1128.718286 -1130.678807 -1131.598876 -1132.029304 -1132.240030 -1132.357425 -1132.436764 -1132.499754 -1132.555644 -1132.617284 -1132.720624 -1133.012972 -1134.670488 -1146.326902 -1241.771222 -2072.391004 -4123.897711 -4133.663082 -4133.663366 -4133.663366 -4133.663366 -4133.663366 -4133.663366 -4133.663366 -4133.663365 -4133.663362 -4133.663359 -4133.663352 -4133.663338 -4133.663304 -4133.663208 -4133.662915 -4133.661395 -4117.739540 -1954.313689 -1210.653003 -1141.939633 -1134.010007 -1133.074304 -1132.947868 -1132.928039 -1132.925999 -1132.927181 -1132.928696 -1132.929974 -1132.930960 -1132.931709 -1132.932281 -1132.932725 -1132.933077 -1132.933360 -1132.933596 -1132.933804 -1132.934007 -1132.934230 -1132.934510 -1132.934896 -1132.935466 -1132.936340 -1132.937713 -1132.939904 -1132.943454 -1132.949297 -1132.959113 -1132.976020 -1133.005997 -1133.060788 -1133.163816 -1133.362361 -1133.754010 -1134.551608 -1136.265538 -1140.238402 -1150.148646 -1176.849236 -9999.0 -9999.0
-9999.0 -9999.0 840.519511 749.017038 656.340684 562.513997 468.101980 373.433176 278.681207 183.938661 89.254715 -5.340254 -99.822724 -194.215896 -288.652998 -383.498415 -479.369323 -576.883431 -676.334989 -770.958284 -863.504882 -952.311002 -1025.751270 -1072.399634 -1100.732854 -1116.457425 -1124.644115 -1128.718286 -1130.678807 -1131.598876 -1132.029304 -1132.240030 -1132.357425 -1132.436764 -1132.499754 -1132.555644 -1132.617284 -1132.720624 -1133.012972 -1134.670488 -1146.326902 -1241.771222 -2072.391004 -4123.897711 -4133.663082 -4133.663366 -4133.663366 -4133.663366 -4133.663366 -4133.663366 -4133.663366 -4133.663365 -4133.663362 -4133.663359 -4133.663352 -4133.663338 -4133.663304 -4133.663208 -4133.662915 -4133.661395 -4117.739540 -1954.313689 -1210.653003 -1141.939633 -1134.010007 -1133.074304 -1132.947868 -1132.928039 -1132.925999 -1132.927181 -1132.928696 -1132.929974 -1132.930960 -1132.931709 -1132.932281 -1132.932725 -1132.933077 -1132.933360 -1132.933596 -1132.933804 -1132.934007 -1132.934230 -1132.934510 -1132.934896 -1132.935466 -1132.936340 -1132.937713 -1132.939904 -1132.943454 -1132.949297 -1132.959113 -1132.976020 -1133.005997 -1133.060788 -1133.163816 -1133.362361 -1133.754010 -1134.551608 -1136.265538 -1140.238402 -1150.148646 -1176.849236 -9999.0 -9999.0
-9999.0 -9999.0 840.518057 749.016265 656.340361 562.513875 468.101936 373.433160 278.681201 183.938659 89.254715 -5.340254 -99.822724 -194.215895 -288.652998 -383.498415 -479.369323 -576.883431 -676.334989 -770.958283 -863.504882 -952.311001 -1025.751270 -1072.399634 -1100.732854 -1116.457425 -1124.644115 -1128.718286 -1130.678807 -1131.598876 -1132.029304 -1132.240030 -1132.357425 -1132.436764 -1132.499754 -1132.555644 -1132.617284 -1132.720624 -1133.012972 -1134.670488 -1146.326902 -1241.771222 -2072.391004 -4123.897711 -4133.663082 -4133.663366 -4133.663366 -4133.663366 -4133.663366 -4133.663366 -4133.663366 -4133.663365 -4133.663362 -4133.663359 -4133.663352 -4133.663338 -4133.663304 -4133.663208 -4133.662915 -4133.661395 -4117.739540 -1954.313689 -1210.653003 -1141.939633 -1134.010007 -1133.074304 -1132.947868 -1132.928039 -1132.925999 -1132.927181 -1132.928696 -1132.929974 -1132.930960 -1132.931709 -1132.932281 -1132.932725 -1132.933077 -1132.933360 -1132.933596 -1132.933804 -1132.934007 -1132.934230 -1132.934510 -1132.934896 -1132.935466 -1132.936340 -1132.937713 -1132.939904 -1132.943454 -1132.949297 -1132.959113 -1132.976020 -1133.005997 -1133.060788 -1133.163816 -1133.362361 -1133.754010 -1134.551608 -1136.265538 -1140.238402 -1150.148646 -1176.849236 -9999.0 -9999.0
-9999.0 -9999.0 840.513847 749.014757 656.339885 562.513722 468.101885 373.433143 278.681195 183.938657 89.254714 -5.340254 -99.822724 -194.215895 -288.652998 -383.498415 -479.369323 -576.883431 -676.334989 -770.958283 -863.504882 -952.311001 -1025.751269 -1072.399634 -1100.732854 -1116.457425 -1124.644115 -1128.718286 -1130.678807 -1131.598876 -1132.029304 -1132.240030 -1132.357425 -1132.436764 -1132.499754 -1132.555644 -1132.617284 -1132.720624 -1133.012972 -1134.670488 -1146.326902 -1241.771223 -2072.391005 -4123.897711 -4133.663082 -4133.663366 -4133.663366 -4133.663366 -4133.663366 -4133.663366 -4133.663366 -4133.663365 -4133.663362 -4133.663359 -4133.663352 -4133.663338 -4133.663304 -4133.663208 -4133.662915 -4133.661395 -4117.739540 -1954.313689 -1210.653003 -1141.939633 -1134.010007 -1133.074304 -1132.947868 -1132.928039 -1132.925999 -1132.927181 -1132.928696 -1132.929974 -1132.930960 -1132.931709 -1132.932281 -1132.932725 -1132.933077 -1132.933360 -1132.933596 -1132.933804 -1132.934007 -1132.934230 -1132.934510 -1132.934896 -1132.935466 -1132.936340 -1132.937713 -1132.939904 -1132.943454 -1132.949297 -1132.959113 -1132.976020 -1133.005997 -1133.060788 -1133.163816 -1133.362361 -1133.754010 -1134.551608 -1136.265538 -1140.238402 -1150.148646 -1176.849236 -9999.0 -9999.0
-9999.0 -9999.0 -9999.0 -9999.0 -9999.0 -9999.0 -9999.0 -9999.0 -9999.0 -9999.0 -9999.0 -9999.0 -9999.0 -9999.0 -9999.0 -9999.0 -9999.0 -9999.0 -9999.0 -9999.0 -9999.0 -9999.0 -9999.0 -9999.0 -9999.0 -9999.0 -9999.0 -9999.0 -9999.0 -9999.0 -9999.0 -9999.0 -9999.0 -9999.0 -9999.0 -9999.0 -9999.0 -9999.0 -9999.0 -9999.0 -9999.0 -9999.0 -9999.0 -9999.0 -9999.0 -9999.0 -9999.0 -9999.0 -9999.0 -9999.0 -9999.0 -9999.0 -9999.0 -9999.0 -9999.0 -9999.0 -9999.0 -9999.0 -9999.0 -9999.0 -9999.0 -9999.0 -9999.0 -9999.0 -9999.0 -9999.0 -9999.0 -9999.0 -9999.0 -9999.0 -9999.0 -9999.0 -9999.0 -9999.0 -9999.0 -9999.0 -9999.0 -9999.0 -9999.0 -9999.0 -9999.0 -9999.0 -9999.0 -9999.0 -9999.0 -9999.0 -9999.0 -9999.0 -9999.0 -9999.0 -9999.0 -9999.0 -9999.0 -9999.0 -9999.0 -9999.0 -9999.0 -9999.0 -9999.0 -9999.0 -9999.0 -9999.0 -9999.0 -9999.0
-9999.0 -9999.0 -9999.0 -9999.0 -9999.0 -9999.0 -9999.0 -9999.0 -9999.0 -9999.0 -9999.0 -9999.0 -9999.0 -9999.0 -9999.0 -9999.0 -9999.0 -9999.0 -9999.0 -9999.0 -9999.0 -9999.0 -9999.0 -9999.0 -9999.0 -9999.0 -9999.0 -9999.0 -9999.0 -9999.0 -9999.0 -9999.0 -9999.0 -9999.0 -9999.0 -9999.0 -9999.0 -9999.0 -9999.0 -9999.0 -9999.0 -9999.0 -9999.0 -9999.0 -9999.0 -9999.0 -9999.0 -9999.0 -9999.0 -9999.0 -9999.0 -9999.0 -9999.0 -9999.0 -9999.0 -9999.0 -9999.0 -9999.0 -9999.0 -9999.0 -9999.0 -9999.0 -9999.0 -9999.0 -9999.0 -9999.0 -9999.0 -9999.0 -9999.0 -9999.0 -9999.0 -9999.0 -9999.0 -9999.0 -9999.0 -9999.0 -9999.0 -9999.0 -9999.0 -9999.0 -9999.0 -9999.0 -9999.0 -9999.0 -9999.0 -9999.0 -9999.0 -9999.0 -9999.0 -9999.0 -9999.0 -9999.0 -9999.0 -9999.0 -9999.0 -9999.0 -9999.0 -9999.0 -9999.0 -9999.0 -9999.0 -9999.0 -9999.0 -9999.0