inst/processing_geotop_simulation/geotop_simulation/out/maps3D/PwL0005N0095.asc
ncols         104
nrows         10
xllcorner     -2.000000
yllcorner     0.000000
cellsize      1.000000
NODATA_value  -9999.0
-9999.0 -9999.0 -9999.0 -9999.0 -9999.0 -9999.0 -9999.0 -9999.0 -9999.0 -9999.0 -9999.0 -9999.0 -9999.0 -9999.0 -9999.0 -9999.0 -9999.0 -9999.0 -9999.0 -9999.0 -9999.0 -9999.0 -9999.0 -9999.0 -9999.0 -9999.0 -9999.0 -9999.0 -9999.0 -9999.0 -9999.0 -9999.0 -9999.0 -9999.0 -9999.0 -9999.0 -9999.0 -9999.0 -9999.0 -9999.0 -9999.0 -9999.0 -9999.0 -9999.0 -9999.0 -9999.0 -9999.0 -9999.0 -9999.0 -9999.0 -9999.0 -9999.0 -9999.0 -9999.0 -9999.0 -9999.0 -9999.0 -9999.0 -9999.0 -9999.0 -9999.0 -9999.0 -9999.0 -9999.0 -9999.0 -9999.0 -9999.0 -9999.0 -9999.0 -9999.0 -9999.0 -9999.0 -9999.0 -9999.0 -9999.0 -9999.0 -9999.0 -9999.0 -9999.0 -9999.0 -9999.0 -9999.0 -9999.0 -9999.0 -9999.0 -9999.0 -9999.0 -9999.0 -9999.0 -9999.0 -9999.0 -9999.0 -9999.0 -9999.0 -9999.0 -9999.0 -9999.0 -9999.0 -9999.0 -9999.0 -9999.0 -9999.0 -9999.0 -9999.0
-9999.0 -9999.0 -9999.0 -9999.0 -9999.0 -9999.0 -9999.0 -9999.0 -9999.0 -9999.0 -9999.0 -9999.0 -9999.0 -9999.0 -9999.0 -9999.0 -9999.0 -9999.0 -9999.0 -9999.0 -9999.0 -9999.0 -9999.0 -9999.0 -9999.0 -9999.0 -9999.0 -9999.0 -9999.0 -9999.0 -9999.0 -9999.0 -9999.0 -9999.0 -9999.0 -9999.0 -9999.0 -9999.0 -9999.0 -9999.0 -9999.0 -9999.0 -9999.0 -9999.0 -9999.0 -9999.0 -9999.0 -9999.0 -9999.0 -9999.0 -9999.0 -9999.0 -9999.0 -9999.0 -9999.0 -9999.0 -9999.0 -9999.0 -9999.0 -9999.0 -9999.0 -9999.0 -9999.0 -9999.0 -9999.0 -9999.0 -9999.0 -9999.0 -9999.0 -9999.0 -9999.0 -9999.0 -9999.0 -9999.0 -9999.0 -9999.0 -9999.0 -9999.0 -9999.0 -9999.0 -9999.0 -9999.0 -9999.0 -9999.0 -9999.0 -9999.0 -9999.0 -9999.0 -9999.0 -9999.0 -9999.0 -9999.0 -9999.0 -9999.0 -9999.0 -9999.0 -9999.0 -9999.0 -9999.0 -9999.0 -9999.0 -9999.0 -9999.0 -9999.0
-9999.0 -9999.0 234.510001 147.116925 54.149045 -40.548403 -135.915772 -231.594312 -327.508305 -423.843437 -522.673083 -641.408676 -793.130445 -912.184712 -1019.318921 -1119.901420 -1203.671046 -1264.998713 -1291.158695 -1298.068571 -1296.602188 -1293.004988 -1290.112532 -1288.862890 -1289.262991 -1290.912019 -1293.274045 -1295.845817 -1298.259647 -1300.314249 -1301.945626 -1303.175961 -1304.068186 -1304.695143 -1305.123474 -1305.409332 -1305.606553 -1305.782070 -1306.009107 -1306.764130 -1312.884931 -1345.660725 -960.262784 -971.638904 -949.697671 -936.367905 -930.182167 -929.367001 -929.286301 -929.300293 -929.328682 -929.358835 -929.387763 -929.414522 -929.439136 -929.465701 -929.535248 -930.004642 -933.228403 -940.595209 -952.879261 -927.006135 -1326.670615 -1310.516951 -1306.716918 -1306.171311 -1306.077767 -1306.061232 -1306.060277 -1306.062214 -1306.064296 -1306.065993 -1306.067288 -1306.068263 -1306.069006 -1306.069581 -1306.070035 -1306.070399 -1306.070701 -1306.070965 -1306.071219 -1306.071497 -1306.071842 -1306.072316 -1306.073014 -1306.074083 -1306.075758 -1306.078425 -1306.082731 -1306.089787 -1306.101570 -1306.121718 -1306.157154 -1306.221403 -1306.341289 -1306.570290 -1307.015203 -1307.892505 -1309.663872 -1313.407287 -1321.921710 -1344.377729 -9999.0 -9999.0
-9999.0 -9999.0 234.520205 147.119161 54.149623 -40.548234 -135.915719 -231.594295 -327.508300 -423.843436 -522.673083 -641.408676 -793.130445 -912.184713 -1019.318921 -1119.901420 -1203.671046 -1264.998712 -1291.158695 -1298.068571 -1296.602188 -1293.004988 -1290.112532 -1288.862890 -1289.262991 -1290.912019 -1293.274045 -1295.845817 -1298.259647 -1300.314249 -1301.945626 -1303.175961 -1304.068186 -1304.695143 -1305.123474 -1305.409332 -1305.606553 -1305.782070 -1306.009107 -1306.764130 -1312.884931 -1345.660725 -960.262784 -971.638904 -949.697671 -936.367905 -930.182167 -929.367001 -929.286301 -929.300293 -929.328682 -929.358835 -929.387763 -929.414522 -929.439136 -929.465701 -929.535248 -930.004642 -933.228403 -940.595209 -952.879261 -927.006135 -1326.670615 -1310.516951 -1306.716918 -1306.171311 -1306.077767 -1306.061232 -1306.060277 -1306.062214 -1306.064296 -1306.065993 -1306.067288 -1306.068263 -1306.069006 -1306.069581 -1306.070035 -1306.070399 -1306.070701 -1306.070965 -1306.071219 -1306.071497 -1306.071842 -1306.072316 -1306.073014 -1306.074083 -1306.075758 -1306.078425 -1306.082731 -1306.089787 -1306.101570 -1306.121718 -1306.157154 -1306.221403 -1306.341289 -1306.570290 -1307.015203 -1307.892505 -1309.663872 -1313.407287 -1321.921710 -1344.377729 -9999.0 -9999.0
-9999.0 -9999.0 234.521809 147.120076 54.149989 -40.548102 -135.915673 -231.594278 -327.508294 -423.843434 -522.673082 -641.408676 -793.130445 -912.184713 -1019.318921 -1119.901420 -1203.671046 -1264.998712 -1291.158695 -1298.068571 -1296.602188 -1293.004988 -1290.112532 -1288.862890 -1289.262991 -1290.912019 -1293.274045 -1295.845817 -1298.259647 -1300.314249 -1301.945626 -1303.175961 -1304.068186 -1304.695143 -1305.123474 -1305.409332 -1305.606553 -1305.782070 -1306.009107 -1306.764130 -1312.884931 -1345.660725 -960.262784 -971.638904 -949.697671 -936.367904 -930.182167 -929.367001 -929.286301 -929.300293 -929.328682 -929.358835 -929.387763 -929.414522 -929.439136 -929.465701 -929.535248 -930.004642 -933.228403 -940.595209 -952.879261 -927.006135 -1326.670615 -1310.516951 -1306.716918 -1306.171311 -1306.077767 -1306.061232 -1306.060277 -1306.062214 -1306.064296 -1306.065993 -1306.067288 -1306.068263 -1306.069006 -1306.069581 -1306.070035 -1306.070399 -1306.070701 -1306.070965 -1306.071219 -1306.071497 -1306.071842 -1306.072316 -1306.073014 -1306.074083 -1306.075758 -1306.078425 -1306.082731 -1306.089787 -1306.101570 -1306.121718 -1306.157154 -1306.221403 -1306.341289 -1306.570290 -1307.015203 -1307.892505 -1309.663872 -1313.407287 -1321.921710 -1344.377729 -9999.0 -9999.0
-9999.0 -9999.0 234.521809 147.120076 54.149989 -40.548102 -135.915673 -231.594278 -327.508294 -423.843434 -522.673082 -641.408676 -793.130445 -912.184713 -1019.318921 -1119.901420 -1203.671046 -1264.998712 -1291.158695 -1298.068571 -1296.602188 -1293.004988 -1290.112532 -1288.862890 -1289.262991 -1290.912019 -1293.274045 -1295.845817 -1298.259647 -1300.314249 -1301.945626 -1303.175961 -1304.068186 -1304.695143 -1305.123474 -1305.409332 -1305.606553 -1305.782070 -1306.009107 -1306.764130 -1312.884931 -1345.660725 -960.262784 -971.638904 -949.697671 -936.367904 -930.182167 -929.367001 -929.286301 -929.300293 -929.328682 -929.358835 -929.387763 -929.414522 -929.439136 -929.465701 -929.535248 -930.004642 -933.228403 -940.595209 -952.879261 -927.006135 -1326.670615 -1310.516951 -1306.716918 -1306.171311 -1306.077767 -1306.061232 -1306.060277 -1306.062214 -1306.064296 -1306.065993 -1306.067288 -1306.068263 -1306.069006 -1306.069581 -1306.070035 -1306.070399 -1306.070701 -1306.070965 -1306.071219 -1306.071497 -1306.071842 -1306.072316 -1306.073014 -1306.074083 -1306.075758 -1306.078425 -1306.082731 -1306.089787 -1306.101570 -1306.121718 -1306.157154 -1306.221403 -1306.341289 -1306.570290 -1307.015203 -1307.892505 -1309.663872 -1313.407287 -1321.921710 -1344.377729 -9999.0 -9999.0
-9999.0 -9999.0 234.520205 147.119161 54.149623 -40.548234 -135.915719 -231.594295 -327.508300 -423.843436 -522.673083 -641.408676 -793.130445 -912.184713 -1019.318921 -1119.901420 -1203.671046 -1264.998712 -1291.158695 -1298.068571 -1296.602188 -1293.004988 -1290.112532 -1288.862890 -1289.262991 -1290.912019 -1293.274045 -1295.845817 -1298.259647 -1300.314249 -1301.945626 -1303.175961 -1304.068186 -1304.695143 -1305.123474 -1305.409332 -1305.606553 -1305.782070 -1306.009107 -1306.764130 -1312.884931 -1345.660725 -960.262784 -971.638904 -949.697671 -936.367905 -930.182167 -929.367001 -929.286301 -929.300293 -929.328682 -929.358835 -929.387763 -929.414522 -929.439136 -929.465701 -929.535248 -930.004642 -933.228403 -940.595209 -952.879261 -927.006135 -1326.670615 -1310.516951 -1306.716918 -1306.171311 -1306.077767 -1306.061232 -1306.060277 -1306.062214 -1306.064296 -1306.065993 -1306.067288 -1306.068263 -1306.069006 -1306.069581 -1306.070035 -1306.070399 -1306.070701 -1306.070965 -1306.071219 -1306.071497 -1306.071842 -1306.072316 -1306.073014 -1306.074083 -1306.075758 -1306.078425 -1306.082731 -1306.089787 -1306.101570 -1306.121718 -1306.157154 -1306.221403 -1306.341289 -1306.570290 -1307.015203 -1307.892505 -1309.663872 -1313.407287 -1321.921710 -1344.377729 -9999.0 -9999.0
-9999.0 -9999.0 234.510001 147.116925 54.149045 -40.548403 -135.915772 -231.594312 -327.508305 -423.843437 -522.673083 -641.408676 -793.130445 -912.184712 -1019.318921 -1119.901420 -1203.671046 -1264.998712 -1291.158695 -1298.068571 -1296.602188 -1293.004988 -1290.112532 -1288.862890 -1289.262991 -1290.912019 -1293.274045 -1295.845817 -1298.259647 -1300.314249 -1301.945626 -1303.175961 -1304.068186 -1304.695143 -1305.123474 -1305.409332 -1305.606553 -1305.782070 -1306.009107 -1306.764130 -1312.884931 -1345.660725 -960.262784 -971.638904 -949.697671 -936.367905 -930.182167 -929.367001 -929.286301 -929.300293 -929.328682 -929.358835 -929.387763 -929.414522 -929.439136 -929.465701 -929.535248 -930.004642 -933.228403 -940.595209 -952.879261 -927.006135 -1326.670615 -1310.516951 -1306.716918 -1306.171311 -1306.077767 -1306.061232 -1306.060277 -1306.062214 -1306.064296 -1306.065993 -1306.067288 -1306.068263 -1306.069006 -1306.069581 -1306.070035 -1306.070399 -1306.070701 -1306.070965 -1306.071219 -1306.071497 -1306.071842 -1306.072316 -1306.073014 -1306.074083 -1306.075758 -1306.078425 -1306.082731 -1306.089787 -1306.101570 -1306.121718 -1306.157154 -1306.221403 -1306.341289 -1306.570290 -1307.015203 -1307.892505 -1309.663872 -1313.407287 -1321.921710 -1344.377729 -9999.0 -9999.0
-9999.0 -9999.0 -9999.0 -9999.0 -9999.0 -9999.0 -9999.0 -9999.0 -9999.0 -9999.0 -9999.0 -9999.0 -9999.0 -9999.0 -9999.0 -9999.0 -9999.0 -9999.0 -9999.0 -9999.0 -9999.0 -9999.0 -9999.0 -9999.0 -9999.0 -9999.0 -9999.0 -9999.0 -9999.0 -9999.0 -9999.0 -9999.0 -9999.0 -9999.0 -9999.0 -9999.0 -9999.0 -9999.0 -9999.0 -9999.0 -9999.0 -9999.0 -9999.0 -9999.0 -9999.0 -9999.0 -9999.0 -9999.0 -9999.0 -9999.0 -9999.0 -9999.0 -9999.0 -9999.0 -9999.0 -9999.0 -9999.0 -9999.0 -9999.0 -9999.0 -9999.0 -9999.0 -9999.0 -9999.0 -9999.0 -9999.0 -9999.0 -9999.0 -9999.0 -9999.0 -9999.0 -9999.0 -9999.0 -9999.0 -9999.0 -9999.0 -9999.0 -9999.0 -9999.0 -9999.0 -9999.0 -9999.0 -9999.0 -9999.0 -9999.0 -9999.0 -9999.0 -9999.0 -9999.0 -9999.0 -9999.0 -9999.0 -9999.0 -9999.0 -9999.0 -9999.0 -9999.0 -9999.0 -9999.0 -9999.0 -9999.0 -9999.0 -9999.0 -9999.0
-9999.0 -9999.0 -9999.0 -9999.0 -9999.0 -9999.0 -9999.0 -9999.0 -9999.0 -9999.0 -9999.0 -9999.0 -9999.0 -9999.0 -9999.0 -9999.0 -9999.0 -9999.0 -9999.0 -9999.0 -9999.0 -9999.0 -9999.0 -9999.0 -9999.0 -9999.0 -9999.0 -9999.0 -9999.0 -9999.0 -9999.0 -9999.0 -9999.0 -9999.0 -9999.0 -9999.0 -9999.0 -9999.0 -9999.0 -9999.0 -9999.0 -9999.0 -9999.0 -9999.0 -9999.0 -9999.0 -9999.0 -9999.0 -9999.0 -9999.0 -9999.0 -9999.0 -9999.0 -9999.0 -9999.0 -9999.0 -9999.0 -9999.0 -9999.0 -9999.0 -9999.0 -9999.0 -9999.0 -9999.0 -9999.0 -9999.0 -9999.0 -9999.0 -9999.0 -9999.0 -9999.0 -9999.0 -9999.0 -9999.0 -9999.0 -9999.0 -9999.0 -9999.0 -9999.0 -9999.0 -9999.0 -9999.0 -9999.0 -9999.0 -9999.0 -9999.0 -9999.0 -9999.0 -9999.0 -9999.0 -9999.0 -9999.0 -9999.0 -9999.0 -9999.0 -9999.0 -9999.0 -9999.0 -9999.0 -9999.0 -9999.0 -9999.0 -9999.0 -9999.0