inst/processing_geotop_simulation/geotop_simulation/out/maps3D/PwL0012N0318.asc
ncols         104
nrows         10
xllcorner     -2.000000
yllcorner     0.000000
cellsize      1.000000
NODATA_value  -9999.0
-9999.0 -9999.0 -9999.0 -9999.0 -9999.0 -9999.0 -9999.0 -9999.0 -9999.0 -9999.0 -9999.0 -9999.0 -9999.0 -9999.0 -9999.0 -9999.0 -9999.0 -9999.0 -9999.0 -9999.0 -9999.0 -9999.0 -9999.0 -9999.0 -9999.0 -9999.0 -9999.0 -9999.0 -9999.0 -9999.0 -9999.0 -9999.0 -9999.0 -9999.0 -9999.0 -9999.0 -9999.0 -9999.0 -9999.0 -9999.0 -9999.0 -9999.0 -9999.0 -9999.0 -9999.0 -9999.0 -9999.0 -9999.0 -9999.0 -9999.0 -9999.0 -9999.0 -9999.0 -9999.0 -9999.0 -9999.0 -9999.0 -9999.0 -9999.0 -9999.0 -9999.0 -9999.0 -9999.0 -9999.0 -9999.0 -9999.0 -9999.0 -9999.0 -9999.0 -9999.0 -9999.0 -9999.0 -9999.0 -9999.0 -9999.0 -9999.0 -9999.0 -9999.0 -9999.0 -9999.0 -9999.0 -9999.0 -9999.0 -9999.0 -9999.0 -9999.0 -9999.0 -9999.0 -9999.0 -9999.0 -9999.0 -9999.0 -9999.0 -9999.0 -9999.0 -9999.0 -9999.0 -9999.0 -9999.0 -9999.0 -9999.0 -9999.0 -9999.0 -9999.0
-9999.0 -9999.0 -9999.0 -9999.0 -9999.0 -9999.0 -9999.0 -9999.0 -9999.0 -9999.0 -9999.0 -9999.0 -9999.0 -9999.0 -9999.0 -9999.0 -9999.0 -9999.0 -9999.0 -9999.0 -9999.0 -9999.0 -9999.0 -9999.0 -9999.0 -9999.0 -9999.0 -9999.0 -9999.0 -9999.0 -9999.0 -9999.0 -9999.0 -9999.0 -9999.0 -9999.0 -9999.0 -9999.0 -9999.0 -9999.0 -9999.0 -9999.0 -9999.0 -9999.0 -9999.0 -9999.0 -9999.0 -9999.0 -9999.0 -9999.0 -9999.0 -9999.0 -9999.0 -9999.0 -9999.0 -9999.0 -9999.0 -9999.0 -9999.0 -9999.0 -9999.0 -9999.0 -9999.0 -9999.0 -9999.0 -9999.0 -9999.0 -9999.0 -9999.0 -9999.0 -9999.0 -9999.0 -9999.0 -9999.0 -9999.0 -9999.0 -9999.0 -9999.0 -9999.0 -9999.0 -9999.0 -9999.0 -9999.0 -9999.0 -9999.0 -9999.0 -9999.0 -9999.0 -9999.0 -9999.0 -9999.0 -9999.0 -9999.0 -9999.0 -9999.0 -9999.0 -9999.0 -9999.0 -9999.0 -9999.0 -9999.0 -9999.0 -9999.0 -9999.0
-9999.0 -9999.0 573.284541 475.414627 376.975372 278.219961 179.324437 80.369844 -18.601869 -117.568413 -216.519522 -315.433095 -414.267697 -512.934518 -611.296344 -709.190468 -807.277578 -905.117865 -1002.667903 -1099.876195 -1193.509513 -1282.788111 -1365.033725 -1437.673518 -1499.044316 -1548.741745 -1587.489730 -1616.738410 -1638.230733 -1653.680240 -1664.590706 -1672.187566 -1677.418823 -1680.990508 -1683.414176 -1685.055359 -1686.183732 -1687.057005 -1688.186672 -1691.177245 -1699.704931 -1710.694769 -1555.823671 -2291.416025 -2116.308699 -2011.107677 -1965.047895 -1959.061088 -1958.454242 -1958.516476 -1958.673603 -1958.842047 -1959.003787 -1959.153482 -1959.292029 -1959.449855 -1959.926359 -1963.292254 -1986.738885 -2041.423407 -2108.948377 -1429.318190 -1674.761748 -1692.048956 -1689.837815 -1688.781659 -1688.548108 -1688.507036 -1688.500825 -1688.500404 -1688.500861 -1688.501360 -1688.501771 -1688.502092 -1688.502342 -1688.502541 -1688.502702 -1688.502835 -1688.502950 -1688.503056 -1688.503160 -1688.503276 -1688.503419 -1688.503611 -1688.503890 -1688.504309 -1688.504961 -1688.505998 -1688.507682 -1688.510478 -1688.515236 -1688.523573 -1688.538632 -1688.566676 -1688.620464 -1688.726813 -1688.945009 -1689.415569 -1690.498277 -1693.197428 -1700.684173 -1724.847377 -9999.0 -9999.0
-9999.0 -9999.0 573.289700 475.416178 376.975819 278.220098 179.324482 80.369860 -18.601863 -117.568411 -216.519521 -315.433095 -414.267697 -512.934518 -611.296344 -709.190468 -807.277578 -905.117865 -1002.667903 -1099.876196 -1193.509513 -1282.788112 -1365.033726 -1437.673518 -1499.044316 -1548.741745 -1587.489730 -1616.738411 -1638.230733 -1653.680240 -1664.590706 -1672.187566 -1677.418823 -1680.990508 -1683.414176 -1685.055359 -1686.183732 -1687.057005 -1688.186672 -1691.177245 -1699.704931 -1710.694769 -1555.823671 -2291.416024 -2116.308697 -2011.107674 -1965.047895 -1959.061088 -1958.454242 -1958.516476 -1958.673603 -1958.842047 -1959.003787 -1959.153482 -1959.292029 -1959.449855 -1959.926359 -1963.292254 -1986.738884 -2041.423407 -2108.948377 -1429.318190 -1674.761748 -1692.048956 -1689.837815 -1688.781659 -1688.548108 -1688.507036 -1688.500825 -1688.500404 -1688.500861 -1688.501360 -1688.501771 -1688.502092 -1688.502342 -1688.502541 -1688.502702 -1688.502835 -1688.502950 -1688.503056 -1688.503160 -1688.503276 -1688.503419 -1688.503611 -1688.503890 -1688.504309 -1688.504961 -1688.505998 -1688.507682 -1688.510478 -1688.515236 -1688.523573 -1688.538632 -1688.566676 -1688.620464 -1688.726813 -1688.945009 -1689.415569 -1690.498277 -1693.197428 -1700.684173 -1724.847377 -9999.0 -9999.0
-9999.0 -9999.0 573.291086 475.416902 376.976113 278.220207 179.324521 80.369874 -18.601858 -117.568409 -216.519521 -315.433095 -414.267696 -512.934518 -611.296344 -709.190468 -807.277578 -905.117865 -1002.667903 -1099.876196 -1193.509513 -1282.788112 -1365.033726 -1437.673518 -1499.044316 -1548.741745 -1587.489730 -1616.738411 -1638.230733 -1653.680240 -1664.590706 -1672.187566 -1677.418823 -1680.990508 -1683.414176 -1685.055359 -1686.183732 -1687.057005 -1688.186672 -1691.177245 -1699.704931 -1710.694769 -1555.823671 -2291.416024 -2116.308697 -2011.107673 -1965.047895 -1959.061088 -1958.454241 -1958.516476 -1958.673603 -1958.842047 -1959.003787 -1959.153482 -1959.292029 -1959.449855 -1959.926359 -1963.292254 -1986.738885 -2041.423407 -2108.948377 -1429.318190 -1674.761748 -1692.048956 -1689.837815 -1688.781659 -1688.548108 -1688.507036 -1688.500825 -1688.500404 -1688.500861 -1688.501360 -1688.501771 -1688.502092 -1688.502342 -1688.502541 -1688.502702 -1688.502835 -1688.502950 -1688.503056 -1688.503160 -1688.503276 -1688.503419 -1688.503611 -1688.503890 -1688.504309 -1688.504961 -1688.505998 -1688.507682 -1688.510478 -1688.515236 -1688.523573 -1688.538632 -1688.566676 -1688.620464 -1688.726813 -1688.945009 -1689.415569 -1690.498277 -1693.197428 -1700.684173 -1724.847377 -9999.0 -9999.0
-9999.0 -9999.0 573.291086 475.416902 376.976113 278.220207 179.324521 80.369874 -18.601858 -117.568409 -216.519521 -315.433095 -414.267696 -512.934518 -611.296344 -709.190468 -807.277578 -905.117865 -1002.667903 -1099.876196 -1193.509513 -1282.788112 -1365.033726 -1437.673518 -1499.044316 -1548.741745 -1587.489730 -1616.738411 -1638.230733 -1653.680240 -1664.590706 -1672.187566 -1677.418823 -1680.990508 -1683.414176 -1685.055359 -1686.183732 -1687.057005 -1688.186672 -1691.177245 -1699.704931 -1710.694769 -1555.823671 -2291.416024 -2116.308697 -2011.107673 -1965.047895 -1959.061088 -1958.454241 -1958.516476 -1958.673603 -1958.842047 -1959.003787 -1959.153482 -1959.292029 -1959.449855 -1959.926359 -1963.292254 -1986.738885 -2041.423407 -2108.948377 -1429.318190 -1674.761748 -1692.048956 -1689.837815 -1688.781659 -1688.548108 -1688.507036 -1688.500825 -1688.500404 -1688.500861 -1688.501360 -1688.501771 -1688.502092 -1688.502342 -1688.502541 -1688.502702 -1688.502835 -1688.502950 -1688.503056 -1688.503160 -1688.503276 -1688.503419 -1688.503611 -1688.503890 -1688.504309 -1688.504961 -1688.505998 -1688.507682 -1688.510478 -1688.515236 -1688.523573 -1688.538632 -1688.566676 -1688.620464 -1688.726813 -1688.945009 -1689.415569 -1690.498277 -1693.197428 -1700.684173 -1724.847377 -9999.0 -9999.0
-9999.0 -9999.0 573.289700 475.416178 376.975819 278.220098 179.324482 80.369860 -18.601863 -117.568411 -216.519521 -315.433095 -414.267697 -512.934518 -611.296344 -709.190468 -807.277578 -905.117865 -1002.667903 -1099.876196 -1193.509513 -1282.788112 -1365.033726 -1437.673518 -1499.044316 -1548.741745 -1587.489730 -1616.738411 -1638.230733 -1653.680240 -1664.590706 -1672.187566 -1677.418823 -1680.990508 -1683.414176 -1685.055359 -1686.183732 -1687.057005 -1688.186672 -1691.177245 -1699.704931 -1710.694769 -1555.823671 -2291.416024 -2116.308697 -2011.107674 -1965.047895 -1959.061088 -1958.454242 -1958.516476 -1958.673603 -1958.842047 -1959.003787 -1959.153482 -1959.292029 -1959.449855 -1959.926359 -1963.292254 -1986.738884 -2041.423407 -2108.948377 -1429.318190 -1674.761748 -1692.048956 -1689.837815 -1688.781659 -1688.548108 -1688.507036 -1688.500825 -1688.500404 -1688.500861 -1688.501360 -1688.501771 -1688.502092 -1688.502342 -1688.502541 -1688.502702 -1688.502835 -1688.502950 -1688.503056 -1688.503160 -1688.503276 -1688.503419 -1688.503611 -1688.503890 -1688.504309 -1688.504961 -1688.505998 -1688.507682 -1688.510478 -1688.515236 -1688.523573 -1688.538632 -1688.566676 -1688.620464 -1688.726813 -1688.945009 -1689.415569 -1690.498277 -1693.197428 -1700.684173 -1724.847377 -9999.0 -9999.0
-9999.0 -9999.0 573.284541 475.414627 376.975372 278.219961 179.324437 80.369844 -18.601869 -117.568413 -216.519522 -315.433095 -414.267697 -512.934518 -611.296344 -709.190468 -807.277578 -905.117865 -1002.667903 -1099.876195 -1193.509513 -1282.788111 -1365.033725 -1437.673518 -1499.044316 -1548.741745 -1587.489730 -1616.738410 -1638.230733 -1653.680240 -1664.590706 -1672.187566 -1677.418823 -1680.990508 -1683.414176 -1685.055359 -1686.183732 -1687.057005 -1688.186672 -1691.177245 -1699.704931 -1710.694769 -1555.823671 -2291.416025 -2116.308699 -2011.107677 -1965.047895 -1959.061088 -1958.454242 -1958.516476 -1958.673603 -1958.842047 -1959.003787 -1959.153482 -1959.292029 -1959.449855 -1959.926359 -1963.292254 -1986.738885 -2041.423407 -2108.948377 -1429.318190 -1674.761748 -1692.048956 -1689.837815 -1688.781659 -1688.548108 -1688.507036 -1688.500825 -1688.500404 -1688.500861 -1688.501360 -1688.501771 -1688.502092 -1688.502342 -1688.502541 -1688.502702 -1688.502835 -1688.502950 -1688.503056 -1688.503160 -1688.503276 -1688.503419 -1688.503611 -1688.503890 -1688.504309 -1688.504961 -1688.505998 -1688.507682 -1688.510478 -1688.515236 -1688.523573 -1688.538632 -1688.566676 -1688.620464 -1688.726813 -1688.945009 -1689.415569 -1690.498277 -1693.197428 -1700.684173 -1724.847378 -9999.0 -9999.0
-9999.0 -9999.0 -9999.0 -9999.0 -9999.0 -9999.0 -9999.0 -9999.0 -9999.0 -9999.0 -9999.0 -9999.0 -9999.0 -9999.0 -9999.0 -9999.0 -9999.0 -9999.0 -9999.0 -9999.0 -9999.0 -9999.0 -9999.0 -9999.0 -9999.0 -9999.0 -9999.0 -9999.0 -9999.0 -9999.0 -9999.0 -9999.0 -9999.0 -9999.0 -9999.0 -9999.0 -9999.0 -9999.0 -9999.0 -9999.0 -9999.0 -9999.0 -9999.0 -9999.0 -9999.0 -9999.0 -9999.0 -9999.0 -9999.0 -9999.0 -9999.0 -9999.0 -9999.0 -9999.0 -9999.0 -9999.0 -9999.0 -9999.0 -9999.0 -9999.0 -9999.0 -9999.0 -9999.0 -9999.0 -9999.0 -9999.0 -9999.0 -9999.0 -9999.0 -9999.0 -9999.0 -9999.0 -9999.0 -9999.0 -9999.0 -9999.0 -9999.0 -9999.0 -9999.0 -9999.0 -9999.0 -9999.0 -9999.0 -9999.0 -9999.0 -9999.0 -9999.0 -9999.0 -9999.0 -9999.0 -9999.0 -9999.0 -9999.0 -9999.0 -9999.0 -9999.0 -9999.0 -9999.0 -9999.0 -9999.0 -9999.0 -9999.0 -9999.0 -9999.0
-9999.0 -9999.0 -9999.0 -9999.0 -9999.0 -9999.0 -9999.0 -9999.0 -9999.0 -9999.0 -9999.0 -9999.0 -9999.0 -9999.0 -9999.0 -9999.0 -9999.0 -9999.0 -9999.0 -9999.0 -9999.0 -9999.0 -9999.0 -9999.0 -9999.0 -9999.0 -9999.0 -9999.0 -9999.0 -9999.0 -9999.0 -9999.0 -9999.0 -9999.0 -9999.0 -9999.0 -9999.0 -9999.0 -9999.0 -9999.0 -9999.0 -9999.0 -9999.0 -9999.0 -9999.0 -9999.0 -9999.0 -9999.0 -9999.0 -9999.0 -9999.0 -9999.0 -9999.0 -9999.0 -9999.0 -9999.0 -9999.0 -9999.0 -9999.0 -9999.0 -9999.0 -9999.0 -9999.0 -9999.0 -9999.0 -9999.0 -9999.0 -9999.0 -9999.0 -9999.0 -9999.0 -9999.0 -9999.0 -9999.0 -9999.0 -9999.0 -9999.0 -9999.0 -9999.0 -9999.0 -9999.0 -9999.0 -9999.0 -9999.0 -9999.0 -9999.0 -9999.0 -9999.0 -9999.0 -9999.0 -9999.0 -9999.0 -9999.0 -9999.0 -9999.0 -9999.0 -9999.0 -9999.0 -9999.0 -9999.0 -9999.0 -9999.0 -9999.0 -9999.0