inst/processing_geotop_simulation/geotop_simulation/out/maps3D/PwL0002N0052.asc
ncols         104
nrows         10
xllcorner     -2.000000
yllcorner     0.000000
cellsize      1.000000
NODATA_value  -9999.0
-9999.0 -9999.0 -9999.0 -9999.0 -9999.0 -9999.0 -9999.0 -9999.0 -9999.0 -9999.0 -9999.0 -9999.0 -9999.0 -9999.0 -9999.0 -9999.0 -9999.0 -9999.0 -9999.0 -9999.0 -9999.0 -9999.0 -9999.0 -9999.0 -9999.0 -9999.0 -9999.0 -9999.0 -9999.0 -9999.0 -9999.0 -9999.0 -9999.0 -9999.0 -9999.0 -9999.0 -9999.0 -9999.0 -9999.0 -9999.0 -9999.0 -9999.0 -9999.0 -9999.0 -9999.0 -9999.0 -9999.0 -9999.0 -9999.0 -9999.0 -9999.0 -9999.0 -9999.0 -9999.0 -9999.0 -9999.0 -9999.0 -9999.0 -9999.0 -9999.0 -9999.0 -9999.0 -9999.0 -9999.0 -9999.0 -9999.0 -9999.0 -9999.0 -9999.0 -9999.0 -9999.0 -9999.0 -9999.0 -9999.0 -9999.0 -9999.0 -9999.0 -9999.0 -9999.0 -9999.0 -9999.0 -9999.0 -9999.0 -9999.0 -9999.0 -9999.0 -9999.0 -9999.0 -9999.0 -9999.0 -9999.0 -9999.0 -9999.0 -9999.0 -9999.0 -9999.0 -9999.0 -9999.0 -9999.0 -9999.0 -9999.0 -9999.0 -9999.0 -9999.0
-9999.0 -9999.0 -9999.0 -9999.0 -9999.0 -9999.0 -9999.0 -9999.0 -9999.0 -9999.0 -9999.0 -9999.0 -9999.0 -9999.0 -9999.0 -9999.0 -9999.0 -9999.0 -9999.0 -9999.0 -9999.0 -9999.0 -9999.0 -9999.0 -9999.0 -9999.0 -9999.0 -9999.0 -9999.0 -9999.0 -9999.0 -9999.0 -9999.0 -9999.0 -9999.0 -9999.0 -9999.0 -9999.0 -9999.0 -9999.0 -9999.0 -9999.0 -9999.0 -9999.0 -9999.0 -9999.0 -9999.0 -9999.0 -9999.0 -9999.0 -9999.0 -9999.0 -9999.0 -9999.0 -9999.0 -9999.0 -9999.0 -9999.0 -9999.0 -9999.0 -9999.0 -9999.0 -9999.0 -9999.0 -9999.0 -9999.0 -9999.0 -9999.0 -9999.0 -9999.0 -9999.0 -9999.0 -9999.0 -9999.0 -9999.0 -9999.0 -9999.0 -9999.0 -9999.0 -9999.0 -9999.0 -9999.0 -9999.0 -9999.0 -9999.0 -9999.0 -9999.0 -9999.0 -9999.0 -9999.0 -9999.0 -9999.0 -9999.0 -9999.0 -9999.0 -9999.0 -9999.0 -9999.0 -9999.0 -9999.0 -9999.0 -9999.0 -9999.0 -9999.0
-9999.0 -9999.0 -1068.789655 -1083.418517 -1088.249275 -1091.627535 -1094.192321 -1095.916496 -1096.666373 -1089.659687 -1028.552467 -1007.351839 -1015.768219 -1029.450416 -1053.558834 -1072.433013 -1064.259685 -1043.231642 -1024.188498 -1012.635976 -1008.771792 -1011.211228 -1018.341013 -1028.630792 -1040.626857 -1052.961481 -1064.419848 -1074.130796 -1081.717191 -1087.252922 -1091.076661 -1093.605755 -1095.221857 -1096.223984 -1096.824738 -1097.165963 -1097.354456 -1097.550349 -1097.889804 -1097.736971 -1098.723659 -1115.761746 -745.842886 -736.611610 -722.894837 -714.663447 -710.839869 -710.325798 -710.279155 -710.301283 -710.336135 -710.372655 -710.407655 -710.440011 -710.469513 -710.498753 -710.554852 -710.878545 -712.966946 -717.894955 -726.429180 -727.159116 -1104.111982 -1100.285822 -1098.511772 -1097.981783 -1097.859246 -1097.840063 -1097.842549 -1097.848412 -1097.853757 -1097.857938 -1097.861071 -1097.863416 -1097.865193 -1097.866563 -1097.867643 -1097.868506 -1097.869214 -1097.869825 -1097.870402 -1097.871021 -1097.871777 -1097.872805 -1097.874305 -1097.876592 -1097.880163 -1097.885826 -1097.894921 -1097.909723 -1097.934214 -1097.975613 -1098.047471 -1098.176013 -1098.413022 -1098.861381 -1099.724136 -1101.396538 -1104.643693 -1110.991457 -1123.730557 -1150.995134 -9999.0 -9999.0
-9999.0 -9999.0 -1068.789585 -1083.418439 -1088.249219 -1091.627509 -1094.192313 -1095.916495 -1096.666374 -1089.659688 -1028.552467 -1007.351839 -1015.768219 -1029.450416 -1053.558834 -1072.433013 -1064.259685 -1043.231642 -1024.188498 -1012.635976 -1008.771792 -1011.211228 -1018.341013 -1028.630792 -1040.626857 -1052.961481 -1064.419848 -1074.130796 -1081.717191 -1087.252922 -1091.076661 -1093.605755 -1095.221857 -1096.223984 -1096.824738 -1097.165963 -1097.354456 -1097.550349 -1097.889804 -1097.736971 -1098.723659 -1115.761746 -745.842886 -736.611610 -722.894837 -714.663447 -710.839869 -710.325798 -710.279155 -710.301283 -710.336135 -710.372655 -710.407655 -710.440011 -710.469513 -710.498753 -710.554852 -710.878545 -712.966946 -717.894955 -726.429180 -727.159116 -1104.111982 -1100.285822 -1098.511772 -1097.981783 -1097.859246 -1097.840063 -1097.842549 -1097.848412 -1097.853757 -1097.857938 -1097.861071 -1097.863416 -1097.865193 -1097.866563 -1097.867643 -1097.868506 -1097.869214 -1097.869825 -1097.870402 -1097.871021 -1097.871777 -1097.872805 -1097.874305 -1097.876592 -1097.880163 -1097.885826 -1097.894921 -1097.909723 -1097.934214 -1097.975613 -1098.047471 -1098.176013 -1098.413022 -1098.861381 -1099.724136 -1101.396538 -1104.643693 -1110.991457 -1123.730557 -1150.995134 -9999.0 -9999.0
-9999.0 -9999.0 -1068.789552 -1083.418395 -1088.249181 -1091.627490 -1094.192308 -1095.916495 -1096.666375 -1089.659689 -1028.552467 -1007.351839 -1015.768219 -1029.450416 -1053.558834 -1072.433013 -1064.259685 -1043.231642 -1024.188498 -1012.635976 -1008.771792 -1011.211228 -1018.341013 -1028.630792 -1040.626857 -1052.961481 -1064.419848 -1074.130796 -1081.717191 -1087.252922 -1091.076661 -1093.605755 -1095.221857 -1096.223984 -1096.824738 -1097.165963 -1097.354456 -1097.550349 -1097.889804 -1097.736971 -1098.723659 -1115.761746 -745.842886 -736.611610 -722.894837 -714.663447 -710.839869 -710.325798 -710.279155 -710.301283 -710.336135 -710.372655 -710.407655 -710.440011 -710.469513 -710.498753 -710.554852 -710.878545 -712.966946 -717.894955 -726.429180 -727.159116 -1104.111982 -1100.285822 -1098.511772 -1097.981783 -1097.859246 -1097.840063 -1097.842549 -1097.848412 -1097.853757 -1097.857938 -1097.861071 -1097.863416 -1097.865193 -1097.866563 -1097.867643 -1097.868506 -1097.869214 -1097.869825 -1097.870402 -1097.871021 -1097.871777 -1097.872805 -1097.874305 -1097.876592 -1097.880163 -1097.885826 -1097.894921 -1097.909723 -1097.934214 -1097.975613 -1098.047471 -1098.176013 -1098.413022 -1098.861381 -1099.724136 -1101.396538 -1104.643693 -1110.991457 -1123.730557 -1150.995134 -9999.0 -9999.0
-9999.0 -9999.0 -1068.789552 -1083.418395 -1088.249181 -1091.627490 -1094.192308 -1095.916495 -1096.666375 -1089.659689 -1028.552467 -1007.351839 -1015.768219 -1029.450416 -1053.558834 -1072.433013 -1064.259685 -1043.231642 -1024.188498 -1012.635976 -1008.771792 -1011.211228 -1018.341013 -1028.630792 -1040.626857 -1052.961481 -1064.419848 -1074.130796 -1081.717191 -1087.252922 -1091.076661 -1093.605755 -1095.221857 -1096.223984 -1096.824738 -1097.165963 -1097.354456 -1097.550349 -1097.889804 -1097.736971 -1098.723659 -1115.761746 -745.842886 -736.611610 -722.894837 -714.663447 -710.839869 -710.325798 -710.279155 -710.301283 -710.336135 -710.372655 -710.407655 -710.440011 -710.469513 -710.498753 -710.554852 -710.878545 -712.966946 -717.894955 -726.429180 -727.159116 -1104.111982 -1100.285822 -1098.511772 -1097.981783 -1097.859246 -1097.840063 -1097.842549 -1097.848412 -1097.853757 -1097.857938 -1097.861071 -1097.863416 -1097.865193 -1097.866563 -1097.867643 -1097.868506 -1097.869214 -1097.869825 -1097.870402 -1097.871021 -1097.871777 -1097.872805 -1097.874305 -1097.876592 -1097.880163 -1097.885826 -1097.894921 -1097.909723 -1097.934214 -1097.975613 -1098.047471 -1098.176013 -1098.413022 -1098.861381 -1099.724136 -1101.396538 -1104.643693 -1110.991457 -1123.730557 -1150.995134 -9999.0 -9999.0
-9999.0 -9999.0 -1068.789586 -1083.418439 -1088.249219 -1091.627509 -1094.192313 -1095.916495 -1096.666374 -1089.659688 -1028.552467 -1007.351839 -1015.768219 -1029.450416 -1053.558834 -1072.433013 -1064.259685 -1043.231642 -1024.188498 -1012.635976 -1008.771792 -1011.211228 -1018.341013 -1028.630792 -1040.626857 -1052.961481 -1064.419848 -1074.130796 -1081.717191 -1087.252922 -1091.076661 -1093.605755 -1095.221857 -1096.223984 -1096.824738 -1097.165963 -1097.354456 -1097.550349 -1097.889804 -1097.736971 -1098.723659 -1115.761746 -745.842886 -736.611610 -722.894837 -714.663447 -710.839869 -710.325798 -710.279155 -710.301283 -710.336135 -710.372655 -710.407655 -710.440011 -710.469513 -710.498753 -710.554852 -710.878545 -712.966946 -717.894955 -726.429180 -727.159116 -1104.111982 -1100.285822 -1098.511772 -1097.981783 -1097.859246 -1097.840063 -1097.842549 -1097.848412 -1097.853757 -1097.857938 -1097.861071 -1097.863416 -1097.865193 -1097.866563 -1097.867643 -1097.868506 -1097.869214 -1097.869825 -1097.870402 -1097.871021 -1097.871777 -1097.872805 -1097.874305 -1097.876592 -1097.880163 -1097.885826 -1097.894921 -1097.909723 -1097.934214 -1097.975613 -1098.047471 -1098.176013 -1098.413022 -1098.861381 -1099.724136 -1101.396538 -1104.643693 -1110.991457 -1123.730557 -1150.995134 -9999.0 -9999.0
-9999.0 -9999.0 -1068.789655 -1083.418517 -1088.249275 -1091.627535 -1094.192321 -1095.916496 -1096.666373 -1089.659687 -1028.552467 -1007.351839 -1015.768219 -1029.450416 -1053.558834 -1072.433013 -1064.259685 -1043.231642 -1024.188498 -1012.635976 -1008.771792 -1011.211228 -1018.341013 -1028.630792 -1040.626857 -1052.961481 -1064.419848 -1074.130796 -1081.717191 -1087.252922 -1091.076661 -1093.605755 -1095.221857 -1096.223984 -1096.824738 -1097.165963 -1097.354456 -1097.550349 -1097.889804 -1097.736971 -1098.723659 -1115.761746 -745.842886 -736.611610 -722.894837 -714.663447 -710.839869 -710.325798 -710.279155 -710.301283 -710.336135 -710.372655 -710.407655 -710.440011 -710.469513 -710.498753 -710.554852 -710.878545 -712.966946 -717.894955 -726.429180 -727.159116 -1104.111982 -1100.285822 -1098.511772 -1097.981783 -1097.859246 -1097.840063 -1097.842549 -1097.848412 -1097.853757 -1097.857938 -1097.861071 -1097.863416 -1097.865193 -1097.866563 -1097.867643 -1097.868506 -1097.869214 -1097.869825 -1097.870402 -1097.871021 -1097.871777 -1097.872805 -1097.874305 -1097.876592 -1097.880163 -1097.885826 -1097.894921 -1097.909723 -1097.934214 -1097.975613 -1098.047471 -1098.176013 -1098.413022 -1098.861381 -1099.724136 -1101.396538 -1104.643693 -1110.991457 -1123.730557 -1150.995134 -9999.0 -9999.0
-9999.0 -9999.0 -9999.0 -9999.0 -9999.0 -9999.0 -9999.0 -9999.0 -9999.0 -9999.0 -9999.0 -9999.0 -9999.0 -9999.0 -9999.0 -9999.0 -9999.0 -9999.0 -9999.0 -9999.0 -9999.0 -9999.0 -9999.0 -9999.0 -9999.0 -9999.0 -9999.0 -9999.0 -9999.0 -9999.0 -9999.0 -9999.0 -9999.0 -9999.0 -9999.0 -9999.0 -9999.0 -9999.0 -9999.0 -9999.0 -9999.0 -9999.0 -9999.0 -9999.0 -9999.0 -9999.0 -9999.0 -9999.0 -9999.0 -9999.0 -9999.0 -9999.0 -9999.0 -9999.0 -9999.0 -9999.0 -9999.0 -9999.0 -9999.0 -9999.0 -9999.0 -9999.0 -9999.0 -9999.0 -9999.0 -9999.0 -9999.0 -9999.0 -9999.0 -9999.0 -9999.0 -9999.0 -9999.0 -9999.0 -9999.0 -9999.0 -9999.0 -9999.0 -9999.0 -9999.0 -9999.0 -9999.0 -9999.0 -9999.0 -9999.0 -9999.0 -9999.0 -9999.0 -9999.0 -9999.0 -9999.0 -9999.0 -9999.0 -9999.0 -9999.0 -9999.0 -9999.0 -9999.0 -9999.0 -9999.0 -9999.0 -9999.0 -9999.0 -9999.0
-9999.0 -9999.0 -9999.0 -9999.0 -9999.0 -9999.0 -9999.0 -9999.0 -9999.0 -9999.0 -9999.0 -9999.0 -9999.0 -9999.0 -9999.0 -9999.0 -9999.0 -9999.0 -9999.0 -9999.0 -9999.0 -9999.0 -9999.0 -9999.0 -9999.0 -9999.0 -9999.0 -9999.0 -9999.0 -9999.0 -9999.0 -9999.0 -9999.0 -9999.0 -9999.0 -9999.0 -9999.0 -9999.0 -9999.0 -9999.0 -9999.0 -9999.0 -9999.0 -9999.0 -9999.0 -9999.0 -9999.0 -9999.0 -9999.0 -9999.0 -9999.0 -9999.0 -9999.0 -9999.0 -9999.0 -9999.0 -9999.0 -9999.0 -9999.0 -9999.0 -9999.0 -9999.0 -9999.0 -9999.0 -9999.0 -9999.0 -9999.0 -9999.0 -9999.0 -9999.0 -9999.0 -9999.0 -9999.0 -9999.0 -9999.0 -9999.0 -9999.0 -9999.0 -9999.0 -9999.0 -9999.0 -9999.0 -9999.0 -9999.0 -9999.0 -9999.0 -9999.0 -9999.0 -9999.0 -9999.0 -9999.0 -9999.0 -9999.0 -9999.0 -9999.0 -9999.0 -9999.0 -9999.0 -9999.0 -9999.0 -9999.0 -9999.0 -9999.0 -9999.0