inst/processing_geotop_simulation/geotop_simulation/out/maps3D/PwL0017N0367.asc
ncols         104
nrows         10
xllcorner     -2.000000
yllcorner     0.000000
cellsize      1.000000
NODATA_value  -9999.0
-9999.0 -9999.0 -9999.0 -9999.0 -9999.0 -9999.0 -9999.0 -9999.0 -9999.0 -9999.0 -9999.0 -9999.0 -9999.0 -9999.0 -9999.0 -9999.0 -9999.0 -9999.0 -9999.0 -9999.0 -9999.0 -9999.0 -9999.0 -9999.0 -9999.0 -9999.0 -9999.0 -9999.0 -9999.0 -9999.0 -9999.0 -9999.0 -9999.0 -9999.0 -9999.0 -9999.0 -9999.0 -9999.0 -9999.0 -9999.0 -9999.0 -9999.0 -9999.0 -9999.0 -9999.0 -9999.0 -9999.0 -9999.0 -9999.0 -9999.0 -9999.0 -9999.0 -9999.0 -9999.0 -9999.0 -9999.0 -9999.0 -9999.0 -9999.0 -9999.0 -9999.0 -9999.0 -9999.0 -9999.0 -9999.0 -9999.0 -9999.0 -9999.0 -9999.0 -9999.0 -9999.0 -9999.0 -9999.0 -9999.0 -9999.0 -9999.0 -9999.0 -9999.0 -9999.0 -9999.0 -9999.0 -9999.0 -9999.0 -9999.0 -9999.0 -9999.0 -9999.0 -9999.0 -9999.0 -9999.0 -9999.0 -9999.0 -9999.0 -9999.0 -9999.0 -9999.0 -9999.0 -9999.0 -9999.0 -9999.0 -9999.0 -9999.0 -9999.0 -9999.0
-9999.0 -9999.0 -9999.0 -9999.0 -9999.0 -9999.0 -9999.0 -9999.0 -9999.0 -9999.0 -9999.0 -9999.0 -9999.0 -9999.0 -9999.0 -9999.0 -9999.0 -9999.0 -9999.0 -9999.0 -9999.0 -9999.0 -9999.0 -9999.0 -9999.0 -9999.0 -9999.0 -9999.0 -9999.0 -9999.0 -9999.0 -9999.0 -9999.0 -9999.0 -9999.0 -9999.0 -9999.0 -9999.0 -9999.0 -9999.0 -9999.0 -9999.0 -9999.0 -9999.0 -9999.0 -9999.0 -9999.0 -9999.0 -9999.0 -9999.0 -9999.0 -9999.0 -9999.0 -9999.0 -9999.0 -9999.0 -9999.0 -9999.0 -9999.0 -9999.0 -9999.0 -9999.0 -9999.0 -9999.0 -9999.0 -9999.0 -9999.0 -9999.0 -9999.0 -9999.0 -9999.0 -9999.0 -9999.0 -9999.0 -9999.0 -9999.0 -9999.0 -9999.0 -9999.0 -9999.0 -9999.0 -9999.0 -9999.0 -9999.0 -9999.0 -9999.0 -9999.0 -9999.0 -9999.0 -9999.0 -9999.0 -9999.0 -9999.0 -9999.0 -9999.0 -9999.0 -9999.0 -9999.0 -9999.0 -9999.0 -9999.0 -9999.0 -9999.0 -9999.0
-9999.0 -9999.0 820.429314 721.728939 622.842133 523.777497 424.623084 325.429518 226.223405 127.018968 27.824542 -71.351705 -170.508525 -269.635055 -368.706001 -467.677752 -566.469127 -664.940493 -763.213008 -861.467968 -959.382727 -1056.778684 -1151.586900 -1240.477636 -1322.275875 -1394.926104 -1457.040993 -1508.160092 -1548.742718 -1579.939404 -1603.268423 -1620.320527 -1632.557758 -1641.213314 -1647.267685 -1651.471343 -1654.397709 -1656.551903 -1658.679529 -1662.607511 -1672.437440 -1695.903221 -1968.623626 -4063.909511 -4133.653506 -4133.662537 -4133.661952 -4133.660607 -4133.654944 -4133.637447 -4133.591850 -4133.467252 -4133.269930 -4133.021619 -4132.619191 -4131.859695 -4130.252808 -4126.558068 -4117.564201 -4094.815950 -3895.437659 -1747.714140 -1653.725438 -1664.055617 -1662.082942 -1660.992052 -1660.719840 -1660.667590 -1660.659077 -1660.658211 -1660.658559 -1660.659023 -1660.659426 -1660.659755 -1660.660024 -1660.660249 -1660.660442 -1660.660613 -1660.660770 -1660.660919 -1660.661071 -1660.661234 -1660.661424 -1660.661661 -1660.661978 -1660.662425 -1660.663086 -1660.664099 -1660.665705 -1660.668332 -1660.672773 -1660.680535 -1660.694574 -1660.720830 -1660.771579 -1660.873232 -1661.085981 -1661.556738 -1662.669998 -1665.513437 -1673.508270 -1698.993742 -9999.0 -9999.0
-9999.0 -9999.0 820.432748 721.730161 622.842517 523.777620 424.623125 325.429533 226.223410 127.018970 27.824544 -71.351705 -170.508524 -269.635055 -368.706000 -467.677752 -566.469127 -664.940493 -763.213008 -861.467968 -959.382727 -1056.778684 -1151.586900 -1240.477636 -1322.275875 -1394.926104 -1457.040993 -1508.160092 -1548.742718 -1579.939404 -1603.268423 -1620.320527 -1632.557758 -1641.213314 -1647.267686 -1651.471343 -1654.397709 -1656.551903 -1658.679529 -1662.607511 -1672.437440 -1695.903220 -1968.623626 -4063.909511 -4133.653506 -4133.662537 -4133.661952 -4133.660607 -4133.654944 -4133.637447 -4133.591850 -4133.467252 -4133.269930 -4133.021619 -4132.619191 -4131.859695 -4130.252808 -4126.558068 -4117.564201 -4094.815950 -3895.437659 -1747.714140 -1653.725438 -1664.055617 -1662.082942 -1660.992052 -1660.719840 -1660.667590 -1660.659077 -1660.658211 -1660.658559 -1660.659023 -1660.659426 -1660.659755 -1660.660024 -1660.660249 -1660.660442 -1660.660613 -1660.660770 -1660.660919 -1660.661071 -1660.661234 -1660.661424 -1660.661661 -1660.661978 -1660.662425 -1660.663086 -1660.664099 -1660.665705 -1660.668332 -1660.672773 -1660.680535 -1660.694574 -1660.720830 -1660.771579 -1660.873232 -1661.085981 -1661.556738 -1662.669998 -1665.513437 -1673.508270 -1698.993742 -9999.0 -9999.0
-9999.0 -9999.0 820.433934 721.730788 622.842778 523.777718 424.623161 325.429546 226.223415 127.018972 27.824544 -71.351704 -170.508524 -269.635055 -368.706001 -467.677752 -566.469127 -664.940493 -763.213008 -861.467968 -959.382727 -1056.778685 -1151.586900 -1240.477636 -1322.275875 -1394.926104 -1457.040993 -1508.160092 -1548.742718 -1579.939404 -1603.268423 -1620.320527 -1632.557758 -1641.213314 -1647.267686 -1651.471343 -1654.397709 -1656.551903 -1658.679529 -1662.607511 -1672.437440 -1695.903220 -1968.623626 -4063.909511 -4133.653506 -4133.662537 -4133.661952 -4133.660607 -4133.654944 -4133.637447 -4133.591850 -4133.467252 -4133.269930 -4133.021619 -4132.619191 -4131.859695 -4130.252808 -4126.558068 -4117.564201 -4094.815950 -3895.437659 -1747.714140 -1653.725438 -1664.055617 -1662.082942 -1660.992052 -1660.719840 -1660.667590 -1660.659077 -1660.658211 -1660.658559 -1660.659023 -1660.659426 -1660.659755 -1660.660024 -1660.660249 -1660.660442 -1660.660613 -1660.660770 -1660.660919 -1660.661071 -1660.661234 -1660.661424 -1660.661661 -1660.661978 -1660.662425 -1660.663086 -1660.664099 -1660.665705 -1660.668332 -1660.672773 -1660.680535 -1660.694574 -1660.720830 -1660.771579 -1660.873232 -1661.085981 -1661.556738 -1662.669998 -1665.513437 -1673.508270 -1698.993742 -9999.0 -9999.0
-9999.0 -9999.0 820.433934 721.730788 622.842778 523.777718 424.623161 325.429546 226.223415 127.018972 27.824544 -71.351705 -170.508524 -269.635055 -368.706000 -467.677752 -566.469127 -664.940493 -763.213008 -861.467968 -959.382727 -1056.778685 -1151.586900 -1240.477636 -1322.275875 -1394.926104 -1457.040993 -1508.160092 -1548.742718 -1579.939404 -1603.268423 -1620.320527 -1632.557758 -1641.213314 -1647.267686 -1651.471343 -1654.397709 -1656.551903 -1658.679529 -1662.607511 -1672.437440 -1695.903220 -1968.623626 -4063.909511 -4133.653506 -4133.662537 -4133.661952 -4133.660607 -4133.654944 -4133.637447 -4133.591850 -4133.467252 -4133.269930 -4133.021619 -4132.619191 -4131.859695 -4130.252808 -4126.558068 -4117.564201 -4094.815950 -3895.437659 -1747.714140 -1653.725438 -1664.055617 -1662.082942 -1660.992052 -1660.719840 -1660.667590 -1660.659077 -1660.658211 -1660.658559 -1660.659023 -1660.659426 -1660.659755 -1660.660024 -1660.660249 -1660.660442 -1660.660613 -1660.660770 -1660.660919 -1660.661071 -1660.661234 -1660.661424 -1660.661661 -1660.661978 -1660.662425 -1660.663086 -1660.664099 -1660.665705 -1660.668332 -1660.672773 -1660.680535 -1660.694574 -1660.720830 -1660.771579 -1660.873232 -1661.085981 -1661.556738 -1662.669998 -1665.513437 -1673.508270 -1698.993742 -9999.0 -9999.0
-9999.0 -9999.0 820.432748 721.730160 622.842517 523.777620 424.623125 325.429533 226.223410 127.018970 27.824543 -71.351705 -170.508524 -269.635055 -368.706001 -467.677752 -566.469127 -664.940493 -763.213008 -861.467968 -959.382727 -1056.778684 -1151.586900 -1240.477636 -1322.275875 -1394.926104 -1457.040993 -1508.160092 -1548.742718 -1579.939404 -1603.268423 -1620.320527 -1632.557758 -1641.213314 -1647.267686 -1651.471343 -1654.397709 -1656.551903 -1658.679529 -1662.607511 -1672.437440 -1695.903220 -1968.623626 -4063.909511 -4133.653506 -4133.662537 -4133.661952 -4133.660607 -4133.654944 -4133.637447 -4133.591850 -4133.467252 -4133.269930 -4133.021619 -4132.619191 -4131.859695 -4130.252808 -4126.558068 -4117.564201 -4094.815950 -3895.437659 -1747.714140 -1653.725438 -1664.055617 -1662.082942 -1660.992052 -1660.719840 -1660.667590 -1660.659077 -1660.658211 -1660.658559 -1660.659023 -1660.659426 -1660.659755 -1660.660024 -1660.660249 -1660.660442 -1660.660613 -1660.660770 -1660.660919 -1660.661071 -1660.661234 -1660.661424 -1660.661661 -1660.661978 -1660.662425 -1660.663086 -1660.664099 -1660.665705 -1660.668332 -1660.672773 -1660.680535 -1660.694574 -1660.720830 -1660.771579 -1660.873232 -1661.085981 -1661.556738 -1662.669998 -1665.513437 -1673.508270 -1698.993742 -9999.0 -9999.0
-9999.0 -9999.0 820.429314 721.728940 622.842133 523.777497 424.623084 325.429518 226.223405 127.018968 27.824543 -71.351706 -170.508524 -269.635055 -368.706000 -467.677752 -566.469127 -664.940493 -763.213008 -861.467968 -959.382726 -1056.778684 -1151.586900 -1240.477636 -1322.275875 -1394.926104 -1457.040993 -1508.160092 -1548.742718 -1579.939404 -1603.268423 -1620.320527 -1632.557758 -1641.213314 -1647.267685 -1651.471343 -1654.397709 -1656.551903 -1658.679529 -1662.607511 -1672.437440 -1695.903221 -1968.623626 -4063.909511 -4133.653506 -4133.662537 -4133.661952 -4133.660607 -4133.654944 -4133.637447 -4133.591850 -4133.467252 -4133.269930 -4133.021619 -4132.619191 -4131.859695 -4130.252808 -4126.558068 -4117.564201 -4094.815950 -3895.437660 -1747.714140 -1653.725438 -1664.055617 -1662.082942 -1660.992052 -1660.719840 -1660.667590 -1660.659077 -1660.658211 -1660.658559 -1660.659023 -1660.659426 -1660.659755 -1660.660024 -1660.660249 -1660.660442 -1660.660613 -1660.660770 -1660.660919 -1660.661071 -1660.661234 -1660.661424 -1660.661661 -1660.661978 -1660.662425 -1660.663086 -1660.664099 -1660.665705 -1660.668332 -1660.672773 -1660.680535 -1660.694574 -1660.720830 -1660.771579 -1660.873232 -1661.085981 -1661.556738 -1662.669998 -1665.513437 -1673.508270 -1698.993742 -9999.0 -9999.0
-9999.0 -9999.0 -9999.0 -9999.0 -9999.0 -9999.0 -9999.0 -9999.0 -9999.0 -9999.0 -9999.0 -9999.0 -9999.0 -9999.0 -9999.0 -9999.0 -9999.0 -9999.0 -9999.0 -9999.0 -9999.0 -9999.0 -9999.0 -9999.0 -9999.0 -9999.0 -9999.0 -9999.0 -9999.0 -9999.0 -9999.0 -9999.0 -9999.0 -9999.0 -9999.0 -9999.0 -9999.0 -9999.0 -9999.0 -9999.0 -9999.0 -9999.0 -9999.0 -9999.0 -9999.0 -9999.0 -9999.0 -9999.0 -9999.0 -9999.0 -9999.0 -9999.0 -9999.0 -9999.0 -9999.0 -9999.0 -9999.0 -9999.0 -9999.0 -9999.0 -9999.0 -9999.0 -9999.0 -9999.0 -9999.0 -9999.0 -9999.0 -9999.0 -9999.0 -9999.0 -9999.0 -9999.0 -9999.0 -9999.0 -9999.0 -9999.0 -9999.0 -9999.0 -9999.0 -9999.0 -9999.0 -9999.0 -9999.0 -9999.0 -9999.0 -9999.0 -9999.0 -9999.0 -9999.0 -9999.0 -9999.0 -9999.0 -9999.0 -9999.0 -9999.0 -9999.0 -9999.0 -9999.0 -9999.0 -9999.0 -9999.0 -9999.0 -9999.0 -9999.0
-9999.0 -9999.0 -9999.0 -9999.0 -9999.0 -9999.0 -9999.0 -9999.0 -9999.0 -9999.0 -9999.0 -9999.0 -9999.0 -9999.0 -9999.0 -9999.0 -9999.0 -9999.0 -9999.0 -9999.0 -9999.0 -9999.0 -9999.0 -9999.0 -9999.0 -9999.0 -9999.0 -9999.0 -9999.0 -9999.0 -9999.0 -9999.0 -9999.0 -9999.0 -9999.0 -9999.0 -9999.0 -9999.0 -9999.0 -9999.0 -9999.0 -9999.0 -9999.0 -9999.0 -9999.0 -9999.0 -9999.0 -9999.0 -9999.0 -9999.0 -9999.0 -9999.0 -9999.0 -9999.0 -9999.0 -9999.0 -9999.0 -9999.0 -9999.0 -9999.0 -9999.0 -9999.0 -9999.0 -9999.0 -9999.0 -9999.0 -9999.0 -9999.0 -9999.0 -9999.0 -9999.0 -9999.0 -9999.0 -9999.0 -9999.0 -9999.0 -9999.0 -9999.0 -9999.0 -9999.0 -9999.0 -9999.0 -9999.0 -9999.0 -9999.0 -9999.0 -9999.0 -9999.0 -9999.0 -9999.0 -9999.0 -9999.0 -9999.0 -9999.0 -9999.0 -9999.0 -9999.0 -9999.0 -9999.0 -9999.0 -9999.0 -9999.0 -9999.0 -9999.0