inst/processing_geotop_simulation/geotop_simulation/out/maps3D/PwL0007N0409.asc
ncols         104
nrows         10
xllcorner     -2.000000
yllcorner     0.000000
cellsize      1.000000
NODATA_value  -9999.0
-9999.0 -9999.0 -9999.0 -9999.0 -9999.0 -9999.0 -9999.0 -9999.0 -9999.0 -9999.0 -9999.0 -9999.0 -9999.0 -9999.0 -9999.0 -9999.0 -9999.0 -9999.0 -9999.0 -9999.0 -9999.0 -9999.0 -9999.0 -9999.0 -9999.0 -9999.0 -9999.0 -9999.0 -9999.0 -9999.0 -9999.0 -9999.0 -9999.0 -9999.0 -9999.0 -9999.0 -9999.0 -9999.0 -9999.0 -9999.0 -9999.0 -9999.0 -9999.0 -9999.0 -9999.0 -9999.0 -9999.0 -9999.0 -9999.0 -9999.0 -9999.0 -9999.0 -9999.0 -9999.0 -9999.0 -9999.0 -9999.0 -9999.0 -9999.0 -9999.0 -9999.0 -9999.0 -9999.0 -9999.0 -9999.0 -9999.0 -9999.0 -9999.0 -9999.0 -9999.0 -9999.0 -9999.0 -9999.0 -9999.0 -9999.0 -9999.0 -9999.0 -9999.0 -9999.0 -9999.0 -9999.0 -9999.0 -9999.0 -9999.0 -9999.0 -9999.0 -9999.0 -9999.0 -9999.0 -9999.0 -9999.0 -9999.0 -9999.0 -9999.0 -9999.0 -9999.0 -9999.0 -9999.0 -9999.0 -9999.0 -9999.0 -9999.0 -9999.0 -9999.0
-9999.0 -9999.0 -9999.0 -9999.0 -9999.0 -9999.0 -9999.0 -9999.0 -9999.0 -9999.0 -9999.0 -9999.0 -9999.0 -9999.0 -9999.0 -9999.0 -9999.0 -9999.0 -9999.0 -9999.0 -9999.0 -9999.0 -9999.0 -9999.0 -9999.0 -9999.0 -9999.0 -9999.0 -9999.0 -9999.0 -9999.0 -9999.0 -9999.0 -9999.0 -9999.0 -9999.0 -9999.0 -9999.0 -9999.0 -9999.0 -9999.0 -9999.0 -9999.0 -9999.0 -9999.0 -9999.0 -9999.0 -9999.0 -9999.0 -9999.0 -9999.0 -9999.0 -9999.0 -9999.0 -9999.0 -9999.0 -9999.0 -9999.0 -9999.0 -9999.0 -9999.0 -9999.0 -9999.0 -9999.0 -9999.0 -9999.0 -9999.0 -9999.0 -9999.0 -9999.0 -9999.0 -9999.0 -9999.0 -9999.0 -9999.0 -9999.0 -9999.0 -9999.0 -9999.0 -9999.0 -9999.0 -9999.0 -9999.0 -9999.0 -9999.0 -9999.0 -9999.0 -9999.0 -9999.0 -9999.0 -9999.0 -9999.0 -9999.0 -9999.0 -9999.0 -9999.0 -9999.0 -9999.0 -9999.0 -9999.0 -9999.0 -9999.0 -9999.0 -9999.0
-9999.0 -9999.0 323.838263 225.613580 126.688844 27.508029 -71.771686 -171.092038 -270.424493 -369.749046 -469.046141 -568.279274 -667.374075 -766.317613 -865.239090 -964.122735 -1062.931549 -1161.430213 -1259.122138 -1355.574766 -1449.664837 -1539.361928 -1621.827201 -1694.290921 -1755.044854 -1803.829399 -1841.587187 -1869.944462 -1890.733863 -1905.684455 -1916.272429 -1923.679898 -1928.812478 -1932.342087 -1934.756022 -1936.404461 -1937.550174 -1938.454497 -1939.615328 -1942.168240 -1944.635659 -1899.259312 -1227.517565 -1267.589378 -1248.384763 -1235.555994 -1229.574158 -1228.675393 -1228.578973 -1228.587118 -1228.610162 -1228.635020 -1228.658918 -1228.681055 -1228.701661 -1228.726174 -1228.805522 -1229.339557 -1232.506817 -1239.536307 -1247.857150 -1195.419307 -1869.575390 -1938.040406 -1940.832436 -1940.186192 -1939.964982 -1939.919816 -1939.912343 -1939.911590 -1939.911907 -1939.912319 -1939.912668 -1939.912943 -1939.913160 -1939.913334 -1939.913476 -1939.913596 -1939.913700 -1939.913797 -1939.913894 -1939.914001 -1939.914132 -1939.914307 -1939.914556 -1939.914928 -1939.915503 -1939.916413 -1939.917888 -1939.920337 -1939.924514 -1939.931854 -1939.945158 -1939.970032 -1940.017960 -1940.113319 -1940.310723 -1940.741656 -1941.749903 -1944.327121 -1951.718519 -1976.185465 -9999.0 -9999.0
-9999.0 -9999.0 323.845290 225.615279 126.689294 27.508162 -71.771643 -171.092023 -270.424488 -369.749044 -469.046140 -568.279274 -667.374075 -766.317613 -865.239090 -964.122735 -1062.931550 -1161.430214 -1259.122139 -1355.574767 -1449.664838 -1539.361928 -1621.827201 -1694.290921 -1755.044854 -1803.829399 -1841.587187 -1869.944462 -1890.733863 -1905.684456 -1916.272429 -1923.679898 -1928.812478 -1932.342087 -1934.756022 -1936.404461 -1937.550174 -1938.454497 -1939.615328 -1942.168240 -1944.635659 -1899.259312 -1227.517565 -1267.589378 -1248.384763 -1235.555994 -1229.574158 -1228.675393 -1228.578973 -1228.587118 -1228.610162 -1228.635020 -1228.658918 -1228.681055 -1228.701661 -1228.726174 -1228.805522 -1229.339557 -1232.506817 -1239.536307 -1247.857150 -1195.419307 -1869.575390 -1938.040406 -1940.832436 -1940.186192 -1939.964982 -1939.919816 -1939.912343 -1939.911590 -1939.911907 -1939.912319 -1939.912668 -1939.912943 -1939.913160 -1939.913334 -1939.913476 -1939.913596 -1939.913700 -1939.913797 -1939.913894 -1939.914001 -1939.914132 -1939.914307 -1939.914556 -1939.914928 -1939.915503 -1939.916413 -1939.917888 -1939.920337 -1939.924514 -1939.931854 -1939.945158 -1939.970032 -1940.017960 -1940.113319 -1940.310723 -1940.741656 -1941.749903 -1944.327121 -1951.718519 -1976.185465 -9999.0 -9999.0
-9999.0 -9999.0 323.846620 225.616002 126.689582 27.508267 -71.771606 -171.092010 -270.424483 -369.749042 -469.046140 -568.279273 -667.374075 -766.317613 -865.239090 -964.122735 -1062.931550 -1161.430214 -1259.122139 -1355.574767 -1449.664838 -1539.361928 -1621.827201 -1694.290921 -1755.044854 -1803.829399 -1841.587187 -1869.944462 -1890.733863 -1905.684456 -1916.272429 -1923.679898 -1928.812478 -1932.342087 -1934.756022 -1936.404461 -1937.550174 -1938.454497 -1939.615328 -1942.168240 -1944.635659 -1899.259312 -1227.517565 -1267.589378 -1248.384763 -1235.555994 -1229.574158 -1228.675393 -1228.578973 -1228.587118 -1228.610162 -1228.635020 -1228.658918 -1228.681055 -1228.701661 -1228.726174 -1228.805522 -1229.339557 -1232.506817 -1239.536307 -1247.857150 -1195.419307 -1869.575390 -1938.040406 -1940.832436 -1940.186192 -1939.964982 -1939.919816 -1939.912343 -1939.911590 -1939.911907 -1939.912319 -1939.912668 -1939.912943 -1939.913160 -1939.913334 -1939.913476 -1939.913596 -1939.913700 -1939.913797 -1939.913894 -1939.914001 -1939.914132 -1939.914307 -1939.914556 -1939.914928 -1939.915503 -1939.916413 -1939.917888 -1939.920337 -1939.924514 -1939.931854 -1939.945158 -1939.970032 -1940.017960 -1940.113319 -1940.310723 -1940.741656 -1941.749903 -1944.327121 -1951.718519 -1976.185465 -9999.0 -9999.0
-9999.0 -9999.0 323.846620 225.616002 126.689582 27.508267 -71.771606 -171.092010 -270.424483 -369.749042 -469.046139 -568.279273 -667.374075 -766.317613 -865.239090 -964.122735 -1062.931550 -1161.430214 -1259.122139 -1355.574767 -1449.664838 -1539.361928 -1621.827201 -1694.290921 -1755.044854 -1803.829399 -1841.587187 -1869.944462 -1890.733863 -1905.684456 -1916.272429 -1923.679898 -1928.812478 -1932.342087 -1934.756022 -1936.404461 -1937.550174 -1938.454497 -1939.615328 -1942.168240 -1944.635659 -1899.259312 -1227.517565 -1267.589378 -1248.384763 -1235.555994 -1229.574158 -1228.675393 -1228.578973 -1228.587118 -1228.610162 -1228.635020 -1228.658918 -1228.681055 -1228.701661 -1228.726174 -1228.805522 -1229.339557 -1232.506817 -1239.536307 -1247.857150 -1195.419307 -1869.575390 -1938.040406 -1940.832436 -1940.186192 -1939.964982 -1939.919816 -1939.912343 -1939.911590 -1939.911907 -1939.912319 -1939.912668 -1939.912943 -1939.913160 -1939.913334 -1939.913476 -1939.913596 -1939.913700 -1939.913797 -1939.913894 -1939.914001 -1939.914132 -1939.914307 -1939.914556 -1939.914928 -1939.915503 -1939.916413 -1939.917888 -1939.920337 -1939.924514 -1939.931854 -1939.945158 -1939.970032 -1940.017960 -1940.113319 -1940.310723 -1940.741656 -1941.749903 -1944.327121 -1951.718519 -1976.185465 -9999.0 -9999.0
-9999.0 -9999.0 323.845290 225.615279 126.689294 27.508162 -71.771643 -171.092023 -270.424488 -369.749044 -469.046140 -568.279274 -667.374075 -766.317613 -865.239090 -964.122735 -1062.931550 -1161.430214 -1259.122139 -1355.574766 -1449.664838 -1539.361928 -1621.827201 -1694.290921 -1755.044854 -1803.829399 -1841.587187 -1869.944462 -1890.733863 -1905.684456 -1916.272429 -1923.679898 -1928.812478 -1932.342087 -1934.756022 -1936.404461 -1937.550174 -1938.454497 -1939.615328 -1942.168240 -1944.635659 -1899.259312 -1227.517565 -1267.589378 -1248.384763 -1235.555994 -1229.574158 -1228.675393 -1228.578973 -1228.587118 -1228.610162 -1228.635020 -1228.658918 -1228.681055 -1228.701661 -1228.726174 -1228.805522 -1229.339557 -1232.506817 -1239.536307 -1247.857150 -1195.419307 -1869.575390 -1938.040406 -1940.832436 -1940.186192 -1939.964982 -1939.919816 -1939.912343 -1939.911590 -1939.911907 -1939.912319 -1939.912668 -1939.912943 -1939.913160 -1939.913334 -1939.913476 -1939.913596 -1939.913700 -1939.913797 -1939.913894 -1939.914001 -1939.914132 -1939.914307 -1939.914556 -1939.914928 -1939.915503 -1939.916413 -1939.917888 -1939.920337 -1939.924514 -1939.931854 -1939.945158 -1939.970032 -1940.017960 -1940.113319 -1940.310723 -1940.741656 -1941.749903 -1944.327121 -1951.718519 -1976.185465 -9999.0 -9999.0
-9999.0 -9999.0 323.838263 225.613580 126.688844 27.508029 -71.771686 -171.092038 -270.424493 -369.749046 -469.046141 -568.279274 -667.374075 -766.317613 -865.239090 -964.122735 -1062.931549 -1161.430213 -1259.122138 -1355.574766 -1449.664837 -1539.361928 -1621.827201 -1694.290921 -1755.044854 -1803.829399 -1841.587187 -1869.944462 -1890.733863 -1905.684455 -1916.272429 -1923.679898 -1928.812478 -1932.342087 -1934.756022 -1936.404461 -1937.550174 -1938.454497 -1939.615328 -1942.168240 -1944.635659 -1899.259312 -1227.517565 -1267.589378 -1248.384763 -1235.555994 -1229.574158 -1228.675393 -1228.578973 -1228.587118 -1228.610162 -1228.635020 -1228.658918 -1228.681055 -1228.701661 -1228.726174 -1228.805522 -1229.339557 -1232.506817 -1239.536307 -1247.857150 -1195.419307 -1869.575390 -1938.040406 -1940.832436 -1940.186192 -1939.964982 -1939.919816 -1939.912343 -1939.911590 -1939.911907 -1939.912319 -1939.912668 -1939.912943 -1939.913160 -1939.913334 -1939.913476 -1939.913596 -1939.913700 -1939.913797 -1939.913894 -1939.914001 -1939.914132 -1939.914307 -1939.914556 -1939.914928 -1939.915503 -1939.916413 -1939.917888 -1939.920337 -1939.924514 -1939.931854 -1939.945158 -1939.970032 -1940.017960 -1940.113319 -1940.310723 -1940.741656 -1941.749903 -1944.327121 -1951.718519 -1976.185465 -9999.0 -9999.0
-9999.0 -9999.0 -9999.0 -9999.0 -9999.0 -9999.0 -9999.0 -9999.0 -9999.0 -9999.0 -9999.0 -9999.0 -9999.0 -9999.0 -9999.0 -9999.0 -9999.0 -9999.0 -9999.0 -9999.0 -9999.0 -9999.0 -9999.0 -9999.0 -9999.0 -9999.0 -9999.0 -9999.0 -9999.0 -9999.0 -9999.0 -9999.0 -9999.0 -9999.0 -9999.0 -9999.0 -9999.0 -9999.0 -9999.0 -9999.0 -9999.0 -9999.0 -9999.0 -9999.0 -9999.0 -9999.0 -9999.0 -9999.0 -9999.0 -9999.0 -9999.0 -9999.0 -9999.0 -9999.0 -9999.0 -9999.0 -9999.0 -9999.0 -9999.0 -9999.0 -9999.0 -9999.0 -9999.0 -9999.0 -9999.0 -9999.0 -9999.0 -9999.0 -9999.0 -9999.0 -9999.0 -9999.0 -9999.0 -9999.0 -9999.0 -9999.0 -9999.0 -9999.0 -9999.0 -9999.0 -9999.0 -9999.0 -9999.0 -9999.0 -9999.0 -9999.0 -9999.0 -9999.0 -9999.0 -9999.0 -9999.0 -9999.0 -9999.0 -9999.0 -9999.0 -9999.0 -9999.0 -9999.0 -9999.0 -9999.0 -9999.0 -9999.0 -9999.0 -9999.0
-9999.0 -9999.0 -9999.0 -9999.0 -9999.0 -9999.0 -9999.0 -9999.0 -9999.0 -9999.0 -9999.0 -9999.0 -9999.0 -9999.0 -9999.0 -9999.0 -9999.0 -9999.0 -9999.0 -9999.0 -9999.0 -9999.0 -9999.0 -9999.0 -9999.0 -9999.0 -9999.0 -9999.0 -9999.0 -9999.0 -9999.0 -9999.0 -9999.0 -9999.0 -9999.0 -9999.0 -9999.0 -9999.0 -9999.0 -9999.0 -9999.0 -9999.0 -9999.0 -9999.0 -9999.0 -9999.0 -9999.0 -9999.0 -9999.0 -9999.0 -9999.0 -9999.0 -9999.0 -9999.0 -9999.0 -9999.0 -9999.0 -9999.0 -9999.0 -9999.0 -9999.0 -9999.0 -9999.0 -9999.0 -9999.0 -9999.0 -9999.0 -9999.0 -9999.0 -9999.0 -9999.0 -9999.0 -9999.0 -9999.0 -9999.0 -9999.0 -9999.0 -9999.0 -9999.0 -9999.0 -9999.0 -9999.0 -9999.0 -9999.0 -9999.0 -9999.0 -9999.0 -9999.0 -9999.0 -9999.0 -9999.0 -9999.0 -9999.0 -9999.0 -9999.0 -9999.0 -9999.0 -9999.0 -9999.0 -9999.0 -9999.0 -9999.0 -9999.0 -9999.0