inst/processing_geotop_simulation/geotop_simulation/out/maps3D/PwL0005N0190.asc
ncols         104
nrows         10
xllcorner     -2.000000
yllcorner     0.000000
cellsize      1.000000
NODATA_value  -9999.0
-9999.0 -9999.0 -9999.0 -9999.0 -9999.0 -9999.0 -9999.0 -9999.0 -9999.0 -9999.0 -9999.0 -9999.0 -9999.0 -9999.0 -9999.0 -9999.0 -9999.0 -9999.0 -9999.0 -9999.0 -9999.0 -9999.0 -9999.0 -9999.0 -9999.0 -9999.0 -9999.0 -9999.0 -9999.0 -9999.0 -9999.0 -9999.0 -9999.0 -9999.0 -9999.0 -9999.0 -9999.0 -9999.0 -9999.0 -9999.0 -9999.0 -9999.0 -9999.0 -9999.0 -9999.0 -9999.0 -9999.0 -9999.0 -9999.0 -9999.0 -9999.0 -9999.0 -9999.0 -9999.0 -9999.0 -9999.0 -9999.0 -9999.0 -9999.0 -9999.0 -9999.0 -9999.0 -9999.0 -9999.0 -9999.0 -9999.0 -9999.0 -9999.0 -9999.0 -9999.0 -9999.0 -9999.0 -9999.0 -9999.0 -9999.0 -9999.0 -9999.0 -9999.0 -9999.0 -9999.0 -9999.0 -9999.0 -9999.0 -9999.0 -9999.0 -9999.0 -9999.0 -9999.0 -9999.0 -9999.0 -9999.0 -9999.0 -9999.0 -9999.0 -9999.0 -9999.0 -9999.0 -9999.0 -9999.0 -9999.0 -9999.0 -9999.0 -9999.0 -9999.0
-9999.0 -9999.0 -9999.0 -9999.0 -9999.0 -9999.0 -9999.0 -9999.0 -9999.0 -9999.0 -9999.0 -9999.0 -9999.0 -9999.0 -9999.0 -9999.0 -9999.0 -9999.0 -9999.0 -9999.0 -9999.0 -9999.0 -9999.0 -9999.0 -9999.0 -9999.0 -9999.0 -9999.0 -9999.0 -9999.0 -9999.0 -9999.0 -9999.0 -9999.0 -9999.0 -9999.0 -9999.0 -9999.0 -9999.0 -9999.0 -9999.0 -9999.0 -9999.0 -9999.0 -9999.0 -9999.0 -9999.0 -9999.0 -9999.0 -9999.0 -9999.0 -9999.0 -9999.0 -9999.0 -9999.0 -9999.0 -9999.0 -9999.0 -9999.0 -9999.0 -9999.0 -9999.0 -9999.0 -9999.0 -9999.0 -9999.0 -9999.0 -9999.0 -9999.0 -9999.0 -9999.0 -9999.0 -9999.0 -9999.0 -9999.0 -9999.0 -9999.0 -9999.0 -9999.0 -9999.0 -9999.0 -9999.0 -9999.0 -9999.0 -9999.0 -9999.0 -9999.0 -9999.0 -9999.0 -9999.0 -9999.0 -9999.0 -9999.0 -9999.0 -9999.0 -9999.0 -9999.0 -9999.0 -9999.0 -9999.0 -9999.0 -9999.0 -9999.0 -9999.0
-9999.0 -9999.0 230.211295 138.255081 42.741641 -53.871720 -150.911745 -248.117015 -345.332398 -442.448567 -539.293947 -635.432421 -730.637572 -825.265494 -919.566950 -1014.118007 -1107.742507 -1199.219372 -1288.996120 -1373.130439 -1444.720620 -1500.510764 -1541.075056 -1569.218228 -1588.239862 -1600.967250 -1609.479566 -1615.186392 -1619.013585 -1621.571690 -1623.271587 -1624.393633 -1625.129648 -1625.609929 -1625.922165 -1626.126615 -1626.271490 -1626.421135 -1626.798122 -1628.612567 -1636.583790 -1642.669927 -1071.880291 -1086.801040 -1069.614789 -1058.800717 -1053.757186 -1053.045181 -1052.971947 -1052.981257 -1053.002714 -1053.025659 -1053.047693 -1053.068087 -1053.086938 -1053.108163 -1053.169783 -1053.586863 -1056.239357 -1062.220924 -1071.292635 -1044.563139 -1619.361086 -1631.545325 -1627.643447 -1626.755171 -1626.612265 -1626.590257 -1626.587515 -1626.588034 -1626.588974 -1626.589802 -1626.590448 -1626.590940 -1626.591315 -1626.591607 -1626.591837 -1626.592022 -1626.592177 -1626.592315 -1626.592449 -1626.592598 -1626.592785 -1626.593046 -1626.593431 -1626.594023 -1626.594956 -1626.596447 -1626.598869 -1626.602871 -1626.609624 -1626.621317 -1626.642164 -1626.680454 -1626.752734 -1626.892463 -1627.168951 -1627.733365 -1628.942963 -1631.724981 -1638.822699 -1660.739325 -9999.0 -9999.0
-9999.0 -9999.0 230.221143 138.257230 42.742195 -53.871558 -150.911694 -248.116998 -345.332392 -442.448565 -539.293946 -635.432421 -730.637572 -825.265494 -919.566950 -1014.118007 -1107.742507 -1199.219372 -1288.996120 -1373.130439 -1444.720620 -1500.510764 -1541.075056 -1569.218228 -1588.239862 -1600.967250 -1609.479566 -1615.186392 -1619.013585 -1621.571690 -1623.271587 -1624.393633 -1625.129648 -1625.609929 -1625.922165 -1626.126615 -1626.271490 -1626.421135 -1626.798122 -1628.612567 -1636.583790 -1642.669927 -1071.880291 -1086.801040 -1069.614788 -1058.800717 -1053.757186 -1053.045181 -1052.971947 -1052.981257 -1053.002714 -1053.025659 -1053.047693 -1053.068087 -1053.086938 -1053.108163 -1053.169783 -1053.586863 -1056.239357 -1062.220924 -1071.292635 -1044.563139 -1619.361086 -1631.545325 -1627.643447 -1626.755171 -1626.612265 -1626.590257 -1626.587515 -1626.588034 -1626.588974 -1626.589802 -1626.590448 -1626.590940 -1626.591315 -1626.591607 -1626.591837 -1626.592022 -1626.592177 -1626.592315 -1626.592449 -1626.592598 -1626.592785 -1626.593046 -1626.593431 -1626.594023 -1626.594956 -1626.596447 -1626.598869 -1626.602871 -1626.609624 -1626.621317 -1626.642164 -1626.680454 -1626.752734 -1626.892463 -1627.168951 -1627.733365 -1628.942963 -1631.724981 -1638.822699 -1660.739325 -9999.0 -9999.0
-9999.0 -9999.0 230.222691 138.258114 42.742546 -53.871430 -150.911649 -248.116982 -345.332386 -442.448563 -539.293945 -635.432420 -730.637572 -825.265494 -919.566950 -1014.118007 -1107.742507 -1199.219372 -1288.996121 -1373.130439 -1444.720620 -1500.510764 -1541.075056 -1569.218228 -1588.239862 -1600.967250 -1609.479566 -1615.186392 -1619.013585 -1621.571690 -1623.271587 -1624.393633 -1625.129648 -1625.609929 -1625.922165 -1626.126615 -1626.271490 -1626.421135 -1626.798122 -1628.612567 -1636.583790 -1642.669927 -1071.880291 -1086.801040 -1069.614788 -1058.800716 -1053.757186 -1053.045181 -1052.971947 -1052.981257 -1053.002714 -1053.025659 -1053.047693 -1053.068087 -1053.086938 -1053.108163 -1053.169783 -1053.586863 -1056.239357 -1062.220924 -1071.292635 -1044.563139 -1619.361086 -1631.545325 -1627.643447 -1626.755171 -1626.612265 -1626.590257 -1626.587515 -1626.588034 -1626.588974 -1626.589802 -1626.590448 -1626.590940 -1626.591315 -1626.591607 -1626.591837 -1626.592022 -1626.592177 -1626.592315 -1626.592449 -1626.592598 -1626.592785 -1626.593046 -1626.593431 -1626.594023 -1626.594956 -1626.596447 -1626.598869 -1626.602871 -1626.609624 -1626.621317 -1626.642164 -1626.680454 -1626.752734 -1626.892463 -1627.168951 -1627.733365 -1628.942963 -1631.724981 -1638.822699 -1660.739325 -9999.0 -9999.0
-9999.0 -9999.0 230.222691 138.258114 42.742546 -53.871430 -150.911649 -248.116982 -345.332386 -442.448563 -539.293945 -635.432420 -730.637572 -825.265494 -919.566950 -1014.118007 -1107.742507 -1199.219372 -1288.996121 -1373.130439 -1444.720620 -1500.510764 -1541.075056 -1569.218228 -1588.239862 -1600.967250 -1609.479566 -1615.186392 -1619.013585 -1621.571690 -1623.271587 -1624.393633 -1625.129648 -1625.609929 -1625.922165 -1626.126615 -1626.271490 -1626.421135 -1626.798122 -1628.612567 -1636.583790 -1642.669927 -1071.880291 -1086.801040 -1069.614788 -1058.800716 -1053.757186 -1053.045181 -1052.971947 -1052.981257 -1053.002714 -1053.025659 -1053.047693 -1053.068087 -1053.086938 -1053.108163 -1053.169783 -1053.586863 -1056.239357 -1062.220924 -1071.292635 -1044.563139 -1619.361086 -1631.545325 -1627.643447 -1626.755171 -1626.612265 -1626.590257 -1626.587515 -1626.588034 -1626.588974 -1626.589802 -1626.590448 -1626.590940 -1626.591315 -1626.591607 -1626.591837 -1626.592022 -1626.592177 -1626.592315 -1626.592449 -1626.592598 -1626.592785 -1626.593046 -1626.593431 -1626.594023 -1626.594956 -1626.596447 -1626.598869 -1626.602871 -1626.609624 -1626.621317 -1626.642164 -1626.680454 -1626.752734 -1626.892463 -1627.168951 -1627.733365 -1628.942963 -1631.724981 -1638.822699 -1660.739325 -9999.0 -9999.0
-9999.0 -9999.0 230.221143 138.257230 42.742195 -53.871558 -150.911694 -248.116998 -345.332392 -442.448565 -539.293946 -635.432421 -730.637572 -825.265494 -919.566950 -1014.118007 -1107.742507 -1199.219372 -1288.996120 -1373.130439 -1444.720620 -1500.510764 -1541.075056 -1569.218228 -1588.239862 -1600.967250 -1609.479566 -1615.186392 -1619.013585 -1621.571690 -1623.271587 -1624.393633 -1625.129648 -1625.609929 -1625.922165 -1626.126615 -1626.271490 -1626.421135 -1626.798122 -1628.612567 -1636.583790 -1642.669927 -1071.880291 -1086.801040 -1069.614788 -1058.800717 -1053.757186 -1053.045181 -1052.971947 -1052.981257 -1053.002714 -1053.025659 -1053.047693 -1053.068087 -1053.086938 -1053.108163 -1053.169783 -1053.586863 -1056.239357 -1062.220924 -1071.292635 -1044.563139 -1619.361086 -1631.545325 -1627.643447 -1626.755171 -1626.612265 -1626.590257 -1626.587515 -1626.588034 -1626.588974 -1626.589802 -1626.590448 -1626.590940 -1626.591315 -1626.591607 -1626.591837 -1626.592022 -1626.592177 -1626.592315 -1626.592449 -1626.592598 -1626.592785 -1626.593046 -1626.593431 -1626.594023 -1626.594956 -1626.596447 -1626.598869 -1626.602871 -1626.609624 -1626.621317 -1626.642164 -1626.680454 -1626.752734 -1626.892463 -1627.168951 -1627.733365 -1628.942963 -1631.724981 -1638.822699 -1660.739325 -9999.0 -9999.0
-9999.0 -9999.0 230.211295 138.255081 42.741641 -53.871720 -150.911745 -248.117015 -345.332398 -442.448567 -539.293947 -635.432421 -730.637572 -825.265494 -919.566950 -1014.118007 -1107.742507 -1199.219372 -1288.996120 -1373.130439 -1444.720620 -1500.510764 -1541.075056 -1569.218228 -1588.239862 -1600.967250 -1609.479566 -1615.186392 -1619.013585 -1621.571690 -1623.271587 -1624.393633 -1625.129648 -1625.609929 -1625.922165 -1626.126615 -1626.271490 -1626.421135 -1626.798122 -1628.612567 -1636.583790 -1642.669927 -1071.880291 -1086.801040 -1069.614789 -1058.800717 -1053.757186 -1053.045181 -1052.971947 -1052.981257 -1053.002714 -1053.025659 -1053.047693 -1053.068087 -1053.086938 -1053.108163 -1053.169783 -1053.586863 -1056.239357 -1062.220924 -1071.292635 -1044.563139 -1619.361086 -1631.545325 -1627.643447 -1626.755171 -1626.612265 -1626.590257 -1626.587515 -1626.588034 -1626.588974 -1626.589802 -1626.590448 -1626.590940 -1626.591315 -1626.591607 -1626.591837 -1626.592022 -1626.592177 -1626.592315 -1626.592449 -1626.592598 -1626.592785 -1626.593046 -1626.593431 -1626.594023 -1626.594956 -1626.596447 -1626.598869 -1626.602871 -1626.609624 -1626.621317 -1626.642164 -1626.680454 -1626.752734 -1626.892463 -1627.168951 -1627.733365 -1628.942963 -1631.724981 -1638.822699 -1660.739325 -9999.0 -9999.0
-9999.0 -9999.0 -9999.0 -9999.0 -9999.0 -9999.0 -9999.0 -9999.0 -9999.0 -9999.0 -9999.0 -9999.0 -9999.0 -9999.0 -9999.0 -9999.0 -9999.0 -9999.0 -9999.0 -9999.0 -9999.0 -9999.0 -9999.0 -9999.0 -9999.0 -9999.0 -9999.0 -9999.0 -9999.0 -9999.0 -9999.0 -9999.0 -9999.0 -9999.0 -9999.0 -9999.0 -9999.0 -9999.0 -9999.0 -9999.0 -9999.0 -9999.0 -9999.0 -9999.0 -9999.0 -9999.0 -9999.0 -9999.0 -9999.0 -9999.0 -9999.0 -9999.0 -9999.0 -9999.0 -9999.0 -9999.0 -9999.0 -9999.0 -9999.0 -9999.0 -9999.0 -9999.0 -9999.0 -9999.0 -9999.0 -9999.0 -9999.0 -9999.0 -9999.0 -9999.0 -9999.0 -9999.0 -9999.0 -9999.0 -9999.0 -9999.0 -9999.0 -9999.0 -9999.0 -9999.0 -9999.0 -9999.0 -9999.0 -9999.0 -9999.0 -9999.0 -9999.0 -9999.0 -9999.0 -9999.0 -9999.0 -9999.0 -9999.0 -9999.0 -9999.0 -9999.0 -9999.0 -9999.0 -9999.0 -9999.0 -9999.0 -9999.0 -9999.0 -9999.0
-9999.0 -9999.0 -9999.0 -9999.0 -9999.0 -9999.0 -9999.0 -9999.0 -9999.0 -9999.0 -9999.0 -9999.0 -9999.0 -9999.0 -9999.0 -9999.0 -9999.0 -9999.0 -9999.0 -9999.0 -9999.0 -9999.0 -9999.0 -9999.0 -9999.0 -9999.0 -9999.0 -9999.0 -9999.0 -9999.0 -9999.0 -9999.0 -9999.0 -9999.0 -9999.0 -9999.0 -9999.0 -9999.0 -9999.0 -9999.0 -9999.0 -9999.0 -9999.0 -9999.0 -9999.0 -9999.0 -9999.0 -9999.0 -9999.0 -9999.0 -9999.0 -9999.0 -9999.0 -9999.0 -9999.0 -9999.0 -9999.0 -9999.0 -9999.0 -9999.0 -9999.0 -9999.0 -9999.0 -9999.0 -9999.0 -9999.0 -9999.0 -9999.0 -9999.0 -9999.0 -9999.0 -9999.0 -9999.0 -9999.0 -9999.0 -9999.0 -9999.0 -9999.0 -9999.0 -9999.0 -9999.0 -9999.0 -9999.0 -9999.0 -9999.0 -9999.0 -9999.0 -9999.0 -9999.0 -9999.0 -9999.0 -9999.0 -9999.0 -9999.0 -9999.0 -9999.0 -9999.0 -9999.0 -9999.0 -9999.0 -9999.0 -9999.0 -9999.0 -9999.0