inst/processing_geotop_simulation/geotop_simulation/out/maps3D/PwL0018N0214.asc
ncols         104
nrows         10
xllcorner     -2.000000
yllcorner     0.000000
cellsize      1.000000
NODATA_value  -9999.0
-9999.0 -9999.0 -9999.0 -9999.0 -9999.0 -9999.0 -9999.0 -9999.0 -9999.0 -9999.0 -9999.0 -9999.0 -9999.0 -9999.0 -9999.0 -9999.0 -9999.0 -9999.0 -9999.0 -9999.0 -9999.0 -9999.0 -9999.0 -9999.0 -9999.0 -9999.0 -9999.0 -9999.0 -9999.0 -9999.0 -9999.0 -9999.0 -9999.0 -9999.0 -9999.0 -9999.0 -9999.0 -9999.0 -9999.0 -9999.0 -9999.0 -9999.0 -9999.0 -9999.0 -9999.0 -9999.0 -9999.0 -9999.0 -9999.0 -9999.0 -9999.0 -9999.0 -9999.0 -9999.0 -9999.0 -9999.0 -9999.0 -9999.0 -9999.0 -9999.0 -9999.0 -9999.0 -9999.0 -9999.0 -9999.0 -9999.0 -9999.0 -9999.0 -9999.0 -9999.0 -9999.0 -9999.0 -9999.0 -9999.0 -9999.0 -9999.0 -9999.0 -9999.0 -9999.0 -9999.0 -9999.0 -9999.0 -9999.0 -9999.0 -9999.0 -9999.0 -9999.0 -9999.0 -9999.0 -9999.0 -9999.0 -9999.0 -9999.0 -9999.0 -9999.0 -9999.0 -9999.0 -9999.0 -9999.0 -9999.0 -9999.0 -9999.0 -9999.0 -9999.0
-9999.0 -9999.0 -9999.0 -9999.0 -9999.0 -9999.0 -9999.0 -9999.0 -9999.0 -9999.0 -9999.0 -9999.0 -9999.0 -9999.0 -9999.0 -9999.0 -9999.0 -9999.0 -9999.0 -9999.0 -9999.0 -9999.0 -9999.0 -9999.0 -9999.0 -9999.0 -9999.0 -9999.0 -9999.0 -9999.0 -9999.0 -9999.0 -9999.0 -9999.0 -9999.0 -9999.0 -9999.0 -9999.0 -9999.0 -9999.0 -9999.0 -9999.0 -9999.0 -9999.0 -9999.0 -9999.0 -9999.0 -9999.0 -9999.0 -9999.0 -9999.0 -9999.0 -9999.0 -9999.0 -9999.0 -9999.0 -9999.0 -9999.0 -9999.0 -9999.0 -9999.0 -9999.0 -9999.0 -9999.0 -9999.0 -9999.0 -9999.0 -9999.0 -9999.0 -9999.0 -9999.0 -9999.0 -9999.0 -9999.0 -9999.0 -9999.0 -9999.0 -9999.0 -9999.0 -9999.0 -9999.0 -9999.0 -9999.0 -9999.0 -9999.0 -9999.0 -9999.0 -9999.0 -9999.0 -9999.0 -9999.0 -9999.0 -9999.0 -9999.0 -9999.0 -9999.0 -9999.0 -9999.0 -9999.0 -9999.0 -9999.0 -9999.0 -9999.0 -9999.0
-9999.0 -9999.0 876.366698 779.739706 682.717302 585.249034 487.547425 389.741925 291.901895 194.064670 96.250844 -1.525269 -99.247498 -196.899012 -294.411459 -391.655073 -488.390639 -584.236163 -678.624463 -773.635064 -867.677359 -960.485997 -1051.853134 -1128.606643 -1194.639451 -1248.952664 -1291.758602 -1324.222937 -1348.040562 -1365.036212 -1376.893254 -1385.018956 -1390.511795 -1394.187590 -1396.630666 -1398.250728 -1399.339615 -1400.152027 -1401.173930 -1404.325926 -1417.836431 -1483.606525 -1988.810486 -4052.623253 -4084.156086 -4084.158414 -4084.158340 -4084.157437 -4084.152809 -4084.136820 -4084.091278 -4083.955387 -4083.724400 -4083.419161 -4082.903504 -4081.887506 -4079.628345 -4074.121368 -4059.876481 -4022.411662 -3860.378481 -1753.768276 -1444.833127 -1410.389350 -1403.157150 -1401.801129 -1401.580974 -1401.547458 -1401.542929 -1401.542995 -1401.543713 -1401.544396 -1401.544942 -1401.545364 -1401.545690 -1401.545946 -1401.546151 -1401.546319 -1401.546461 -1401.546589 -1401.546715 -1401.546853 -1401.547025 -1401.547261 -1401.547605 -1401.548129 -1401.548949 -1401.550258 -1401.552385 -1401.555912 -1401.561897 -1401.572332 -1401.591082 -1401.625810 -1401.692022 -1401.821956 -1402.085921 -1402.648566 -1403.925747 -1407.034289 -1415.224656 -1439.852430 -9999.0 -9999.0
-9999.0 -9999.0 876.370338 779.741040 682.717729 585.249172 487.547471 389.741941 291.901901 194.064672 96.250845 -1.525268 -99.247498 -196.899012 -294.411459 -391.655072 -488.390639 -584.236163 -678.624463 -773.635064 -867.677359 -960.485997 -1051.853134 -1128.606643 -1194.639451 -1248.952664 -1291.758603 -1324.222937 -1348.040562 -1365.036212 -1376.893254 -1385.018956 -1390.511795 -1394.187590 -1396.630666 -1398.250728 -1399.339615 -1400.152027 -1401.173930 -1404.325926 -1417.836431 -1483.606525 -1988.810486 -4052.623253 -4084.156086 -4084.158414 -4084.158340 -4084.157437 -4084.152809 -4084.136820 -4084.091278 -4083.955387 -4083.724400 -4083.419161 -4082.903504 -4081.887506 -4079.628345 -4074.121368 -4059.876481 -4022.411662 -3860.378481 -1753.768277 -1444.833127 -1410.389350 -1403.157150 -1401.801129 -1401.580974 -1401.547458 -1401.542929 -1401.542995 -1401.543713 -1401.544396 -1401.544942 -1401.545364 -1401.545690 -1401.545946 -1401.546151 -1401.546319 -1401.546461 -1401.546589 -1401.546715 -1401.546853 -1401.547025 -1401.547261 -1401.547605 -1401.548129 -1401.548949 -1401.550258 -1401.552385 -1401.555912 -1401.561897 -1401.572332 -1401.591082 -1401.625810 -1401.692022 -1401.821956 -1402.085921 -1402.648566 -1403.925747 -1407.034289 -1415.224656 -1439.852430 -9999.0 -9999.0
-9999.0 -9999.0 876.371649 779.741738 682.718021 585.249283 487.547511 389.741955 291.901906 194.064674 96.250845 -1.525268 -99.247498 -196.899012 -294.411459 -391.655073 -488.390639 -584.236163 -678.624463 -773.635064 -867.677359 -960.485997 -1051.853134 -1128.606643 -1194.639452 -1248.952664 -1291.758603 -1324.222937 -1348.040562 -1365.036212 -1376.893254 -1385.018956 -1390.511795 -1394.187590 -1396.630666 -1398.250728 -1399.339615 -1400.152027 -1401.173930 -1404.325926 -1417.836431 -1483.606525 -1988.810486 -4052.623253 -4084.156086 -4084.158414 -4084.158340 -4084.157437 -4084.152809 -4084.136820 -4084.091278 -4083.955387 -4083.724400 -4083.419161 -4082.903504 -4081.887506 -4079.628345 -4074.121368 -4059.876481 -4022.411661 -3860.378480 -1753.768276 -1444.833127 -1410.389350 -1403.157150 -1401.801129 -1401.580974 -1401.547458 -1401.542929 -1401.542995 -1401.543713 -1401.544396 -1401.544942 -1401.545364 -1401.545690 -1401.545946 -1401.546151 -1401.546319 -1401.546461 -1401.546589 -1401.546715 -1401.546853 -1401.547025 -1401.547261 -1401.547605 -1401.548129 -1401.548949 -1401.550258 -1401.552385 -1401.555912 -1401.561897 -1401.572332 -1401.591082 -1401.625810 -1401.692022 -1401.821956 -1402.085921 -1402.648566 -1403.925747 -1407.034289 -1415.224656 -1439.852430 -9999.0 -9999.0
-9999.0 -9999.0 876.371649 779.741738 682.718021 585.249283 487.547511 389.741955 291.901906 194.064674 96.250845 -1.525268 -99.247498 -196.899012 -294.411459 -391.655072 -488.390639 -584.236163 -678.624463 -773.635064 -867.677359 -960.485997 -1051.853134 -1128.606643 -1194.639452 -1248.952664 -1291.758603 -1324.222937 -1348.040562 -1365.036212 -1376.893254 -1385.018956 -1390.511795 -1394.187590 -1396.630666 -1398.250728 -1399.339615 -1400.152027 -1401.173930 -1404.325926 -1417.836431 -1483.606525 -1988.810486 -4052.623253 -4084.156086 -4084.158414 -4084.158340 -4084.157437 -4084.152809 -4084.136820 -4084.091278 -4083.955387 -4083.724400 -4083.419161 -4082.903504 -4081.887506 -4079.628345 -4074.121368 -4059.876481 -4022.411661 -3860.378480 -1753.768276 -1444.833127 -1410.389350 -1403.157150 -1401.801129 -1401.580974 -1401.547458 -1401.542929 -1401.542995 -1401.543713 -1401.544396 -1401.544942 -1401.545364 -1401.545690 -1401.545946 -1401.546151 -1401.546319 -1401.546461 -1401.546589 -1401.546715 -1401.546853 -1401.547025 -1401.547261 -1401.547605 -1401.548129 -1401.548949 -1401.550258 -1401.552385 -1401.555912 -1401.561897 -1401.572332 -1401.591082 -1401.625810 -1401.692022 -1401.821956 -1402.085921 -1402.648566 -1403.925747 -1407.034289 -1415.224656 -1439.852430 -9999.0 -9999.0
-9999.0 -9999.0 876.370338 779.741040 682.717729 585.249172 487.547471 389.741941 291.901901 194.064672 96.250845 -1.525268 -99.247498 -196.899012 -294.411459 -391.655073 -488.390639 -584.236163 -678.624463 -773.635064 -867.677359 -960.485997 -1051.853134 -1128.606643 -1194.639451 -1248.952664 -1291.758603 -1324.222937 -1348.040562 -1365.036212 -1376.893254 -1385.018956 -1390.511795 -1394.187590 -1396.630666 -1398.250728 -1399.339615 -1400.152027 -1401.173930 -1404.325926 -1417.836431 -1483.606525 -1988.810486 -4052.623253 -4084.156086 -4084.158414 -4084.158340 -4084.157437 -4084.152809 -4084.136820 -4084.091278 -4083.955387 -4083.724400 -4083.419161 -4082.903504 -4081.887506 -4079.628345 -4074.121368 -4059.876481 -4022.411661 -3860.378481 -1753.768276 -1444.833127 -1410.389350 -1403.157150 -1401.801129 -1401.580974 -1401.547458 -1401.542929 -1401.542995 -1401.543713 -1401.544396 -1401.544942 -1401.545364 -1401.545690 -1401.545946 -1401.546151 -1401.546319 -1401.546461 -1401.546589 -1401.546715 -1401.546853 -1401.547025 -1401.547261 -1401.547605 -1401.548129 -1401.548949 -1401.550258 -1401.552385 -1401.555912 -1401.561897 -1401.572332 -1401.591082 -1401.625810 -1401.692022 -1401.821956 -1402.085921 -1402.648566 -1403.925747 -1407.034289 -1415.224656 -1439.852430 -9999.0 -9999.0
-9999.0 -9999.0 876.366698 779.739706 682.717302 585.249034 487.547425 389.741925 291.901895 194.064670 96.250844 -1.525269 -99.247498 -196.899012 -294.411459 -391.655072 -488.390639 -584.236163 -678.624463 -773.635064 -867.677359 -960.485997 -1051.853134 -1128.606643 -1194.639451 -1248.952664 -1291.758602 -1324.222937 -1348.040562 -1365.036212 -1376.893254 -1385.018956 -1390.511795 -1394.187590 -1396.630666 -1398.250728 -1399.339615 -1400.152027 -1401.173930 -1404.325926 -1417.836431 -1483.606525 -1988.810486 -4052.623253 -4084.156086 -4084.158414 -4084.158340 -4084.157437 -4084.152809 -4084.136820 -4084.091278 -4083.955387 -4083.724400 -4083.419161 -4082.903504 -4081.887506 -4079.628345 -4074.121368 -4059.876481 -4022.411662 -3860.378481 -1753.768277 -1444.833127 -1410.389350 -1403.157150 -1401.801129 -1401.580974 -1401.547458 -1401.542929 -1401.542995 -1401.543713 -1401.544396 -1401.544942 -1401.545364 -1401.545690 -1401.545946 -1401.546151 -1401.546319 -1401.546461 -1401.546589 -1401.546715 -1401.546853 -1401.547025 -1401.547261 -1401.547605 -1401.548129 -1401.548949 -1401.550258 -1401.552385 -1401.555912 -1401.561897 -1401.572332 -1401.591082 -1401.625810 -1401.692022 -1401.821956 -1402.085921 -1402.648566 -1403.925747 -1407.034289 -1415.224656 -1439.852430 -9999.0 -9999.0
-9999.0 -9999.0 -9999.0 -9999.0 -9999.0 -9999.0 -9999.0 -9999.0 -9999.0 -9999.0 -9999.0 -9999.0 -9999.0 -9999.0 -9999.0 -9999.0 -9999.0 -9999.0 -9999.0 -9999.0 -9999.0 -9999.0 -9999.0 -9999.0 -9999.0 -9999.0 -9999.0 -9999.0 -9999.0 -9999.0 -9999.0 -9999.0 -9999.0 -9999.0 -9999.0 -9999.0 -9999.0 -9999.0 -9999.0 -9999.0 -9999.0 -9999.0 -9999.0 -9999.0 -9999.0 -9999.0 -9999.0 -9999.0 -9999.0 -9999.0 -9999.0 -9999.0 -9999.0 -9999.0 -9999.0 -9999.0 -9999.0 -9999.0 -9999.0 -9999.0 -9999.0 -9999.0 -9999.0 -9999.0 -9999.0 -9999.0 -9999.0 -9999.0 -9999.0 -9999.0 -9999.0 -9999.0 -9999.0 -9999.0 -9999.0 -9999.0 -9999.0 -9999.0 -9999.0 -9999.0 -9999.0 -9999.0 -9999.0 -9999.0 -9999.0 -9999.0 -9999.0 -9999.0 -9999.0 -9999.0 -9999.0 -9999.0 -9999.0 -9999.0 -9999.0 -9999.0 -9999.0 -9999.0 -9999.0 -9999.0 -9999.0 -9999.0 -9999.0 -9999.0
-9999.0 -9999.0 -9999.0 -9999.0 -9999.0 -9999.0 -9999.0 -9999.0 -9999.0 -9999.0 -9999.0 -9999.0 -9999.0 -9999.0 -9999.0 -9999.0 -9999.0 -9999.0 -9999.0 -9999.0 -9999.0 -9999.0 -9999.0 -9999.0 -9999.0 -9999.0 -9999.0 -9999.0 -9999.0 -9999.0 -9999.0 -9999.0 -9999.0 -9999.0 -9999.0 -9999.0 -9999.0 -9999.0 -9999.0 -9999.0 -9999.0 -9999.0 -9999.0 -9999.0 -9999.0 -9999.0 -9999.0 -9999.0 -9999.0 -9999.0 -9999.0 -9999.0 -9999.0 -9999.0 -9999.0 -9999.0 -9999.0 -9999.0 -9999.0 -9999.0 -9999.0 -9999.0 -9999.0 -9999.0 -9999.0 -9999.0 -9999.0 -9999.0 -9999.0 -9999.0 -9999.0 -9999.0 -9999.0 -9999.0 -9999.0 -9999.0 -9999.0 -9999.0 -9999.0 -9999.0 -9999.0 -9999.0 -9999.0 -9999.0 -9999.0 -9999.0 -9999.0 -9999.0 -9999.0 -9999.0 -9999.0 -9999.0 -9999.0 -9999.0 -9999.0 -9999.0 -9999.0 -9999.0 -9999.0 -9999.0 -9999.0 -9999.0 -9999.0 -9999.0