inst/processing_geotop_simulation/geotop_simulation/out/maps3D/PwL0006N0369.asc
ncols         104
nrows         10
xllcorner     -2.000000
yllcorner     0.000000
cellsize      1.000000
NODATA_value  -9999.0
-9999.0 -9999.0 -9999.0 -9999.0 -9999.0 -9999.0 -9999.0 -9999.0 -9999.0 -9999.0 -9999.0 -9999.0 -9999.0 -9999.0 -9999.0 -9999.0 -9999.0 -9999.0 -9999.0 -9999.0 -9999.0 -9999.0 -9999.0 -9999.0 -9999.0 -9999.0 -9999.0 -9999.0 -9999.0 -9999.0 -9999.0 -9999.0 -9999.0 -9999.0 -9999.0 -9999.0 -9999.0 -9999.0 -9999.0 -9999.0 -9999.0 -9999.0 -9999.0 -9999.0 -9999.0 -9999.0 -9999.0 -9999.0 -9999.0 -9999.0 -9999.0 -9999.0 -9999.0 -9999.0 -9999.0 -9999.0 -9999.0 -9999.0 -9999.0 -9999.0 -9999.0 -9999.0 -9999.0 -9999.0 -9999.0 -9999.0 -9999.0 -9999.0 -9999.0 -9999.0 -9999.0 -9999.0 -9999.0 -9999.0 -9999.0 -9999.0 -9999.0 -9999.0 -9999.0 -9999.0 -9999.0 -9999.0 -9999.0 -9999.0 -9999.0 -9999.0 -9999.0 -9999.0 -9999.0 -9999.0 -9999.0 -9999.0 -9999.0 -9999.0 -9999.0 -9999.0 -9999.0 -9999.0 -9999.0 -9999.0 -9999.0 -9999.0 -9999.0 -9999.0
-9999.0 -9999.0 -9999.0 -9999.0 -9999.0 -9999.0 -9999.0 -9999.0 -9999.0 -9999.0 -9999.0 -9999.0 -9999.0 -9999.0 -9999.0 -9999.0 -9999.0 -9999.0 -9999.0 -9999.0 -9999.0 -9999.0 -9999.0 -9999.0 -9999.0 -9999.0 -9999.0 -9999.0 -9999.0 -9999.0 -9999.0 -9999.0 -9999.0 -9999.0 -9999.0 -9999.0 -9999.0 -9999.0 -9999.0 -9999.0 -9999.0 -9999.0 -9999.0 -9999.0 -9999.0 -9999.0 -9999.0 -9999.0 -9999.0 -9999.0 -9999.0 -9999.0 -9999.0 -9999.0 -9999.0 -9999.0 -9999.0 -9999.0 -9999.0 -9999.0 -9999.0 -9999.0 -9999.0 -9999.0 -9999.0 -9999.0 -9999.0 -9999.0 -9999.0 -9999.0 -9999.0 -9999.0 -9999.0 -9999.0 -9999.0 -9999.0 -9999.0 -9999.0 -9999.0 -9999.0 -9999.0 -9999.0 -9999.0 -9999.0 -9999.0 -9999.0 -9999.0 -9999.0 -9999.0 -9999.0 -9999.0 -9999.0 -9999.0 -9999.0 -9999.0 -9999.0 -9999.0 -9999.0 -9999.0 -9999.0 -9999.0 -9999.0 -9999.0 -9999.0
-9999.0 -9999.0 274.588862 176.819164 78.113982 -20.904988 -120.044927 -219.234234 -318.435487 -417.622302 -516.765415 -615.801826 -714.606266 -813.327666 -911.940292 -1010.526822 -1109.040752 -1206.758676 -1303.448623 -1398.317148 -1489.872179 -1575.571733 -1652.290487 -1717.558764 -1770.445970 -1811.552250 -1842.451034 -1865.077419 -1881.310216 -1892.768113 -1900.750646 -1906.253808 -1910.016069 -1912.571473 -1914.299289 -1915.467575 -1916.276398 -1916.933899 -1917.890983 -1920.368662 -1923.974669 -1882.797358 -1198.073445 -1223.190500 -1206.562659 -1195.570379 -1190.433755 -1189.660806 -1189.578020 -1189.585379 -1189.605645 -1189.627487 -1189.648485 -1189.667933 -1189.686025 -1189.707434 -1189.776017 -1190.236413 -1192.961477 -1199.012949 -1206.654338 -1170.201291 -1855.115159 -1917.493657 -1918.943533 -1918.179162 -1917.963328 -1917.922375 -1917.915928 -1917.915403 -1917.915793 -1917.916243 -1917.916615 -1917.916905 -1917.917131 -1917.917310 -1917.917454 -1917.917572 -1917.917674 -1917.917767 -1917.917860 -1917.917963 -1917.918091 -1917.918265 -1917.918518 -1917.918903 -1917.919503 -1917.920461 -1917.922019 -1917.924611 -1917.929032 -1917.936790 -1917.950823 -1917.976987 -1918.027210 -1918.126559 -1918.330450 -1918.770362 -1919.785229 -1922.339461 -1929.570001 -1953.495326 -9999.0 -9999.0
-9999.0 -9999.0 274.596679 176.820958 78.114451 -20.904850 -120.044883 -219.234219 -318.435482 -417.622299 -516.765414 -615.801825 -714.606265 -813.327666 -911.940292 -1010.526822 -1109.040752 -1206.758677 -1303.448623 -1398.317148 -1489.872179 -1575.571733 -1652.290487 -1717.558764 -1770.445970 -1811.552251 -1842.451034 -1865.077419 -1881.310216 -1892.768113 -1900.750646 -1906.253808 -1910.016069 -1912.571473 -1914.299289 -1915.467575 -1916.276398 -1916.933899 -1917.890983 -1920.368662 -1923.974669 -1882.797358 -1198.073445 -1223.190500 -1206.562659 -1195.570379 -1190.433755 -1189.660806 -1189.578020 -1189.585379 -1189.605645 -1189.627487 -1189.648485 -1189.667933 -1189.686025 -1189.707434 -1189.776017 -1190.236413 -1192.961477 -1199.012949 -1206.654338 -1170.201291 -1855.115159 -1917.493657 -1918.943533 -1918.179162 -1917.963328 -1917.922375 -1917.915928 -1917.915403 -1917.915793 -1917.916243 -1917.916615 -1917.916905 -1917.917131 -1917.917310 -1917.917454 -1917.917572 -1917.917674 -1917.917767 -1917.917860 -1917.917963 -1917.918091 -1917.918265 -1917.918518 -1917.918903 -1917.919503 -1917.920461 -1917.922019 -1917.924611 -1917.929032 -1917.936790 -1917.950823 -1917.976987 -1918.027210 -1918.126559 -1918.330450 -1918.770362 -1919.785229 -1922.339461 -1929.570001 -1953.495326 -9999.0 -9999.0
-9999.0 -9999.0 274.598033 176.821710 78.114749 -20.904741 -120.044844 -219.234205 -318.435476 -417.622297 -516.765413 -615.801825 -714.606265 -813.327666 -911.940292 -1010.526822 -1109.040752 -1206.758677 -1303.448623 -1398.317148 -1489.872179 -1575.571734 -1652.290487 -1717.558764 -1770.445970 -1811.552251 -1842.451034 -1865.077419 -1881.310216 -1892.768113 -1900.750646 -1906.253808 -1910.016069 -1912.571473 -1914.299289 -1915.467575 -1916.276398 -1916.933899 -1917.890983 -1920.368662 -1923.974669 -1882.797358 -1198.073445 -1223.190500 -1206.562659 -1195.570379 -1190.433755 -1189.660806 -1189.578020 -1189.585379 -1189.605645 -1189.627487 -1189.648485 -1189.667933 -1189.686025 -1189.707434 -1189.776017 -1190.236413 -1192.961477 -1199.012949 -1206.654338 -1170.201291 -1855.115159 -1917.493657 -1918.943533 -1918.179162 -1917.963328 -1917.922375 -1917.915928 -1917.915403 -1917.915793 -1917.916243 -1917.916615 -1917.916905 -1917.917131 -1917.917310 -1917.917454 -1917.917572 -1917.917674 -1917.917767 -1917.917860 -1917.917963 -1917.918091 -1917.918265 -1917.918518 -1917.918903 -1917.919503 -1917.920461 -1917.922019 -1917.924611 -1917.929032 -1917.936790 -1917.950823 -1917.976987 -1918.027210 -1918.126559 -1918.330450 -1918.770362 -1919.785229 -1922.339461 -1929.570001 -1953.495326 -9999.0 -9999.0
-9999.0 -9999.0 274.598033 176.821710 78.114749 -20.904741 -120.044844 -219.234205 -318.435476 -417.622297 -516.765413 -615.801825 -714.606265 -813.327666 -911.940292 -1010.526822 -1109.040752 -1206.758677 -1303.448623 -1398.317148 -1489.872179 -1575.571734 -1652.290487 -1717.558764 -1770.445970 -1811.552251 -1842.451034 -1865.077419 -1881.310216 -1892.768113 -1900.750646 -1906.253808 -1910.016069 -1912.571473 -1914.299289 -1915.467575 -1916.276398 -1916.933899 -1917.890983 -1920.368662 -1923.974669 -1882.797358 -1198.073445 -1223.190500 -1206.562659 -1195.570379 -1190.433755 -1189.660806 -1189.578020 -1189.585379 -1189.605645 -1189.627487 -1189.648485 -1189.667933 -1189.686025 -1189.707434 -1189.776017 -1190.236413 -1192.961477 -1199.012949 -1206.654338 -1170.201291 -1855.115159 -1917.493657 -1918.943533 -1918.179162 -1917.963328 -1917.922375 -1917.915928 -1917.915403 -1917.915793 -1917.916243 -1917.916615 -1917.916905 -1917.917131 -1917.917310 -1917.917454 -1917.917572 -1917.917674 -1917.917767 -1917.917860 -1917.917963 -1917.918091 -1917.918265 -1917.918518 -1917.918903 -1917.919503 -1917.920461 -1917.922019 -1917.924611 -1917.929032 -1917.936790 -1917.950823 -1917.976987 -1918.027210 -1918.126559 -1918.330450 -1918.770362 -1919.785229 -1922.339461 -1929.570001 -1953.495326 -9999.0 -9999.0
-9999.0 -9999.0 274.596679 176.820958 78.114451 -20.904850 -120.044883 -219.234219 -318.435482 -417.622299 -516.765414 -615.801825 -714.606265 -813.327666 -911.940292 -1010.526822 -1109.040752 -1206.758677 -1303.448623 -1398.317148 -1489.872179 -1575.571733 -1652.290487 -1717.558764 -1770.445970 -1811.552251 -1842.451034 -1865.077419 -1881.310216 -1892.768113 -1900.750646 -1906.253808 -1910.016069 -1912.571473 -1914.299289 -1915.467575 -1916.276398 -1916.933899 -1917.890983 -1920.368662 -1923.974669 -1882.797358 -1198.073445 -1223.190500 -1206.562659 -1195.570379 -1190.433755 -1189.660806 -1189.578020 -1189.585379 -1189.605645 -1189.627487 -1189.648485 -1189.667933 -1189.686025 -1189.707434 -1189.776017 -1190.236413 -1192.961477 -1199.012949 -1206.654338 -1170.201291 -1855.115159 -1917.493657 -1918.943533 -1918.179162 -1917.963328 -1917.922375 -1917.915928 -1917.915403 -1917.915793 -1917.916243 -1917.916615 -1917.916905 -1917.917131 -1917.917310 -1917.917454 -1917.917572 -1917.917674 -1917.917767 -1917.917860 -1917.917963 -1917.918091 -1917.918265 -1917.918518 -1917.918903 -1917.919503 -1917.920461 -1917.922019 -1917.924611 -1917.929032 -1917.936790 -1917.950823 -1917.976987 -1918.027210 -1918.126559 -1918.330450 -1918.770362 -1919.785229 -1922.339461 -1929.570001 -1953.495326 -9999.0 -9999.0
-9999.0 -9999.0 274.588862 176.819164 78.113982 -20.904988 -120.044927 -219.234234 -318.435487 -417.622302 -516.765415 -615.801826 -714.606265 -813.327667 -911.940292 -1010.526822 -1109.040752 -1206.758676 -1303.448623 -1398.317148 -1489.872179 -1575.571733 -1652.290487 -1717.558764 -1770.445970 -1811.552250 -1842.451034 -1865.077419 -1881.310216 -1892.768113 -1900.750646 -1906.253808 -1910.016069 -1912.571473 -1914.299289 -1915.467575 -1916.276398 -1916.933899 -1917.890983 -1920.368662 -1923.974669 -1882.797358 -1198.073445 -1223.190500 -1206.562659 -1195.570379 -1190.433755 -1189.660806 -1189.578020 -1189.585379 -1189.605645 -1189.627487 -1189.648485 -1189.667933 -1189.686025 -1189.707434 -1189.776017 -1190.236413 -1192.961477 -1199.012949 -1206.654338 -1170.201291 -1855.115159 -1917.493657 -1918.943533 -1918.179162 -1917.963328 -1917.922375 -1917.915928 -1917.915403 -1917.915793 -1917.916243 -1917.916615 -1917.916905 -1917.917131 -1917.917310 -1917.917454 -1917.917572 -1917.917674 -1917.917767 -1917.917860 -1917.917963 -1917.918091 -1917.918265 -1917.918518 -1917.918903 -1917.919503 -1917.920461 -1917.922019 -1917.924611 -1917.929032 -1917.936790 -1917.950823 -1917.976987 -1918.027210 -1918.126559 -1918.330450 -1918.770362 -1919.785229 -1922.339461 -1929.570001 -1953.495326 -9999.0 -9999.0
-9999.0 -9999.0 -9999.0 -9999.0 -9999.0 -9999.0 -9999.0 -9999.0 -9999.0 -9999.0 -9999.0 -9999.0 -9999.0 -9999.0 -9999.0 -9999.0 -9999.0 -9999.0 -9999.0 -9999.0 -9999.0 -9999.0 -9999.0 -9999.0 -9999.0 -9999.0 -9999.0 -9999.0 -9999.0 -9999.0 -9999.0 -9999.0 -9999.0 -9999.0 -9999.0 -9999.0 -9999.0 -9999.0 -9999.0 -9999.0 -9999.0 -9999.0 -9999.0 -9999.0 -9999.0 -9999.0 -9999.0 -9999.0 -9999.0 -9999.0 -9999.0 -9999.0 -9999.0 -9999.0 -9999.0 -9999.0 -9999.0 -9999.0 -9999.0 -9999.0 -9999.0 -9999.0 -9999.0 -9999.0 -9999.0 -9999.0 -9999.0 -9999.0 -9999.0 -9999.0 -9999.0 -9999.0 -9999.0 -9999.0 -9999.0 -9999.0 -9999.0 -9999.0 -9999.0 -9999.0 -9999.0 -9999.0 -9999.0 -9999.0 -9999.0 -9999.0 -9999.0 -9999.0 -9999.0 -9999.0 -9999.0 -9999.0 -9999.0 -9999.0 -9999.0 -9999.0 -9999.0 -9999.0 -9999.0 -9999.0 -9999.0 -9999.0 -9999.0 -9999.0
-9999.0 -9999.0 -9999.0 -9999.0 -9999.0 -9999.0 -9999.0 -9999.0 -9999.0 -9999.0 -9999.0 -9999.0 -9999.0 -9999.0 -9999.0 -9999.0 -9999.0 -9999.0 -9999.0 -9999.0 -9999.0 -9999.0 -9999.0 -9999.0 -9999.0 -9999.0 -9999.0 -9999.0 -9999.0 -9999.0 -9999.0 -9999.0 -9999.0 -9999.0 -9999.0 -9999.0 -9999.0 -9999.0 -9999.0 -9999.0 -9999.0 -9999.0 -9999.0 -9999.0 -9999.0 -9999.0 -9999.0 -9999.0 -9999.0 -9999.0 -9999.0 -9999.0 -9999.0 -9999.0 -9999.0 -9999.0 -9999.0 -9999.0 -9999.0 -9999.0 -9999.0 -9999.0 -9999.0 -9999.0 -9999.0 -9999.0 -9999.0 -9999.0 -9999.0 -9999.0 -9999.0 -9999.0 -9999.0 -9999.0 -9999.0 -9999.0 -9999.0 -9999.0 -9999.0 -9999.0 -9999.0 -9999.0 -9999.0 -9999.0 -9999.0 -9999.0 -9999.0 -9999.0 -9999.0 -9999.0 -9999.0 -9999.0 -9999.0 -9999.0 -9999.0 -9999.0 -9999.0 -9999.0 -9999.0 -9999.0 -9999.0 -9999.0 -9999.0 -9999.0