inst/processing_geotop_simulation/geotop_simulation/out/maps3D/PwL0009N0096.asc
ncols         104
nrows         10
xllcorner     -2.000000
yllcorner     0.000000
cellsize      1.000000
NODATA_value  -9999.0
-9999.0 -9999.0 -9999.0 -9999.0 -9999.0 -9999.0 -9999.0 -9999.0 -9999.0 -9999.0 -9999.0 -9999.0 -9999.0 -9999.0 -9999.0 -9999.0 -9999.0 -9999.0 -9999.0 -9999.0 -9999.0 -9999.0 -9999.0 -9999.0 -9999.0 -9999.0 -9999.0 -9999.0 -9999.0 -9999.0 -9999.0 -9999.0 -9999.0 -9999.0 -9999.0 -9999.0 -9999.0 -9999.0 -9999.0 -9999.0 -9999.0 -9999.0 -9999.0 -9999.0 -9999.0 -9999.0 -9999.0 -9999.0 -9999.0 -9999.0 -9999.0 -9999.0 -9999.0 -9999.0 -9999.0 -9999.0 -9999.0 -9999.0 -9999.0 -9999.0 -9999.0 -9999.0 -9999.0 -9999.0 -9999.0 -9999.0 -9999.0 -9999.0 -9999.0 -9999.0 -9999.0 -9999.0 -9999.0 -9999.0 -9999.0 -9999.0 -9999.0 -9999.0 -9999.0 -9999.0 -9999.0 -9999.0 -9999.0 -9999.0 -9999.0 -9999.0 -9999.0 -9999.0 -9999.0 -9999.0 -9999.0 -9999.0 -9999.0 -9999.0 -9999.0 -9999.0 -9999.0 -9999.0 -9999.0 -9999.0 -9999.0 -9999.0 -9999.0 -9999.0
-9999.0 -9999.0 -9999.0 -9999.0 -9999.0 -9999.0 -9999.0 -9999.0 -9999.0 -9999.0 -9999.0 -9999.0 -9999.0 -9999.0 -9999.0 -9999.0 -9999.0 -9999.0 -9999.0 -9999.0 -9999.0 -9999.0 -9999.0 -9999.0 -9999.0 -9999.0 -9999.0 -9999.0 -9999.0 -9999.0 -9999.0 -9999.0 -9999.0 -9999.0 -9999.0 -9999.0 -9999.0 -9999.0 -9999.0 -9999.0 -9999.0 -9999.0 -9999.0 -9999.0 -9999.0 -9999.0 -9999.0 -9999.0 -9999.0 -9999.0 -9999.0 -9999.0 -9999.0 -9999.0 -9999.0 -9999.0 -9999.0 -9999.0 -9999.0 -9999.0 -9999.0 -9999.0 -9999.0 -9999.0 -9999.0 -9999.0 -9999.0 -9999.0 -9999.0 -9999.0 -9999.0 -9999.0 -9999.0 -9999.0 -9999.0 -9999.0 -9999.0 -9999.0 -9999.0 -9999.0 -9999.0 -9999.0 -9999.0 -9999.0 -9999.0 -9999.0 -9999.0 -9999.0 -9999.0 -9999.0 -9999.0 -9999.0 -9999.0 -9999.0 -9999.0 -9999.0 -9999.0 -9999.0 -9999.0 -9999.0 -9999.0 -9999.0 -9999.0 -9999.0
-9999.0 -9999.0 435.942460 346.517874 253.498876 158.916583 63.690948 -31.776157 -127.314149 -222.899135 -318.769582 -417.259727 -522.112558 -636.143172 -764.203493 -871.741255 -975.498022 -1070.135186 -1145.634976 -1185.617752 -1200.891991 -1204.051813 -1202.912669 -1201.236843 -1200.428762 -1200.726967 -1201.867071 -1203.444190 -1205.105669 -1206.624770 -1207.895312 -1208.894838 -1209.647004 -1210.193888 -1210.580013 -1210.846740 -1211.038184 -1211.214325 -1211.462020 -1212.423858 -1220.159967 -1278.092177 -1543.307896 -1953.421619 -1780.960821 -1687.856203 -1646.991416 -1642.087806 -1641.601370 -1641.649669 -1641.772487 -1641.903976 -1642.030135 -1642.146841 -1642.254688 -1642.376276 -1642.739043 -1645.388170 -1665.823929 -1713.570056 -1799.190355 -1384.283139 -1255.664535 -1217.327012 -1212.260103 -1211.627390 -1211.527922 -1211.510767 -1211.509561 -1211.511322 -1211.513274 -1211.514876 -1211.516100 -1211.517025 -1211.517729 -1211.518274 -1211.518704 -1211.519051 -1211.519338 -1211.519589 -1211.519832 -1211.520098 -1211.520429 -1211.520885 -1211.521556 -1211.522585 -1211.524198 -1211.526769 -1211.530921 -1211.537732 -1211.549120 -1211.568623 -1211.602988 -1211.665405 -1211.782066 -1212.005291 -1212.440161 -1213.302712 -1215.066058 -1218.871156 -1227.733548 -1251.241210 -9999.0 -9999.0
-9999.0 -9999.0 435.949986 346.519889 253.499430 158.916748 63.691000 -31.776140 -127.314144 -222.899133 -318.769581 -417.259727 -522.112558 -636.143172 -764.203493 -871.741255 -975.498023 -1070.135186 -1145.634976 -1185.617752 -1200.891991 -1204.051813 -1202.912669 -1201.236843 -1200.428762 -1200.726967 -1201.867071 -1203.444190 -1205.105669 -1206.624770 -1207.895312 -1208.894838 -1209.647004 -1210.193888 -1210.580013 -1210.846740 -1211.038184 -1211.214325 -1211.462020 -1212.423858 -1220.159967 -1278.092177 -1543.307896 -1953.421618 -1780.960819 -1687.856200 -1646.991416 -1642.087806 -1641.601370 -1641.649669 -1641.772487 -1641.903976 -1642.030135 -1642.146841 -1642.254688 -1642.376276 -1642.739043 -1645.388170 -1665.823929 -1713.570056 -1799.190355 -1384.283139 -1255.664535 -1217.327012 -1212.260103 -1211.627390 -1211.527922 -1211.510767 -1211.509561 -1211.511322 -1211.513274 -1211.514876 -1211.516100 -1211.517025 -1211.517729 -1211.518274 -1211.518704 -1211.519051 -1211.519338 -1211.519589 -1211.519832 -1211.520098 -1211.520429 -1211.520885 -1211.521556 -1211.522585 -1211.524198 -1211.526769 -1211.530921 -1211.537732 -1211.549120 -1211.568623 -1211.602988 -1211.665405 -1211.782066 -1212.005291 -1212.440161 -1213.302712 -1215.066058 -1218.871156 -1227.733548 -1251.241210 -9999.0 -9999.0
-9999.0 -9999.0 435.951652 346.520773 253.499785 158.916879 63.691047 -31.776123 -127.314138 -222.899132 -318.769581 -417.259727 -522.112558 -636.143172 -764.203493 -871.741255 -975.498023 -1070.135186 -1145.634976 -1185.617752 -1200.891991 -1204.051813 -1202.912669 -1201.236843 -1200.428762 -1200.726967 -1201.867071 -1203.444190 -1205.105669 -1206.624770 -1207.895312 -1208.894838 -1209.647004 -1210.193888 -1210.580013 -1210.846740 -1211.038184 -1211.214325 -1211.462020 -1212.423858 -1220.159967 -1278.092177 -1543.307896 -1953.421618 -1780.960819 -1687.856199 -1646.991416 -1642.087806 -1641.601370 -1641.649669 -1641.772487 -1641.903976 -1642.030135 -1642.146841 -1642.254688 -1642.376276 -1642.739043 -1645.388170 -1665.823929 -1713.570056 -1799.190355 -1384.283139 -1255.664535 -1217.327012 -1212.260103 -1211.627390 -1211.527922 -1211.510767 -1211.509561 -1211.511322 -1211.513274 -1211.514876 -1211.516100 -1211.517025 -1211.517729 -1211.518274 -1211.518704 -1211.519051 -1211.519338 -1211.519589 -1211.519832 -1211.520098 -1211.520429 -1211.520885 -1211.521556 -1211.522585 -1211.524198 -1211.526769 -1211.530921 -1211.537732 -1211.549120 -1211.568623 -1211.602988 -1211.665405 -1211.782066 -1212.005291 -1212.440161 -1213.302712 -1215.066058 -1218.871156 -1227.733548 -1251.241210 -9999.0 -9999.0
-9999.0 -9999.0 435.951652 346.520773 253.499785 158.916879 63.691047 -31.776123 -127.314138 -222.899132 -318.769581 -417.259727 -522.112558 -636.143172 -764.203493 -871.741255 -975.498023 -1070.135186 -1145.634976 -1185.617752 -1200.891991 -1204.051813 -1202.912669 -1201.236843 -1200.428762 -1200.726967 -1201.867071 -1203.444190 -1205.105669 -1206.624770 -1207.895312 -1208.894838 -1209.647004 -1210.193888 -1210.580013 -1210.846740 -1211.038184 -1211.214325 -1211.462020 -1212.423858 -1220.159967 -1278.092177 -1543.307896 -1953.421618 -1780.960819 -1687.856199 -1646.991416 -1642.087806 -1641.601370 -1641.649669 -1641.772487 -1641.903976 -1642.030135 -1642.146841 -1642.254688 -1642.376276 -1642.739043 -1645.388170 -1665.823929 -1713.570056 -1799.190355 -1384.283139 -1255.664535 -1217.327012 -1212.260103 -1211.627390 -1211.527922 -1211.510767 -1211.509561 -1211.511322 -1211.513274 -1211.514876 -1211.516100 -1211.517025 -1211.517729 -1211.518274 -1211.518704 -1211.519051 -1211.519338 -1211.519589 -1211.519832 -1211.520098 -1211.520429 -1211.520885 -1211.521556 -1211.522585 -1211.524198 -1211.526769 -1211.530921 -1211.537732 -1211.549120 -1211.568623 -1211.602988 -1211.665405 -1211.782066 -1212.005291 -1212.440161 -1213.302712 -1215.066058 -1218.871156 -1227.733548 -1251.241210 -9999.0 -9999.0
-9999.0 -9999.0 435.949986 346.519889 253.499430 158.916748 63.691000 -31.776140 -127.314144 -222.899133 -318.769581 -417.259727 -522.112558 -636.143172 -764.203493 -871.741255 -975.498023 -1070.135186 -1145.634976 -1185.617752 -1200.891991 -1204.051813 -1202.912669 -1201.236843 -1200.428762 -1200.726967 -1201.867071 -1203.444190 -1205.105669 -1206.624770 -1207.895312 -1208.894838 -1209.647004 -1210.193888 -1210.580013 -1210.846740 -1211.038184 -1211.214325 -1211.462020 -1212.423858 -1220.159967 -1278.092177 -1543.307896 -1953.421618 -1780.960819 -1687.856200 -1646.991416 -1642.087806 -1641.601370 -1641.649669 -1641.772487 -1641.903976 -1642.030135 -1642.146841 -1642.254688 -1642.376276 -1642.739043 -1645.388170 -1665.823929 -1713.570056 -1799.190355 -1384.283139 -1255.664535 -1217.327012 -1212.260103 -1211.627390 -1211.527922 -1211.510767 -1211.509561 -1211.511322 -1211.513274 -1211.514876 -1211.516100 -1211.517025 -1211.517729 -1211.518274 -1211.518704 -1211.519051 -1211.519338 -1211.519589 -1211.519832 -1211.520098 -1211.520429 -1211.520885 -1211.521556 -1211.522585 -1211.524198 -1211.526769 -1211.530921 -1211.537732 -1211.549120 -1211.568623 -1211.602988 -1211.665405 -1211.782066 -1212.005291 -1212.440161 -1213.302712 -1215.066058 -1218.871156 -1227.733548 -1251.241210 -9999.0 -9999.0
-9999.0 -9999.0 435.942460 346.517874 253.498876 158.916583 63.690948 -31.776157 -127.314149 -222.899135 -318.769582 -417.259727 -522.112558 -636.143172 -764.203493 -871.741255 -975.498022 -1070.135186 -1145.634976 -1185.617752 -1200.891991 -1204.051813 -1202.912669 -1201.236843 -1200.428762 -1200.726967 -1201.867071 -1203.444190 -1205.105669 -1206.624770 -1207.895312 -1208.894838 -1209.647004 -1210.193888 -1210.580013 -1210.846740 -1211.038184 -1211.214325 -1211.462020 -1212.423858 -1220.159967 -1278.092177 -1543.307896 -1953.421619 -1780.960821 -1687.856203 -1646.991416 -1642.087806 -1641.601370 -1641.649669 -1641.772487 -1641.903976 -1642.030135 -1642.146841 -1642.254688 -1642.376276 -1642.739043 -1645.388170 -1665.823929 -1713.570056 -1799.190355 -1384.283139 -1255.664535 -1217.327012 -1212.260103 -1211.627390 -1211.527922 -1211.510767 -1211.509561 -1211.511322 -1211.513274 -1211.514876 -1211.516100 -1211.517025 -1211.517729 -1211.518274 -1211.518704 -1211.519051 -1211.519338 -1211.519589 -1211.519832 -1211.520098 -1211.520429 -1211.520885 -1211.521556 -1211.522585 -1211.524198 -1211.526769 -1211.530921 -1211.537732 -1211.549120 -1211.568623 -1211.602988 -1211.665405 -1211.782066 -1212.005291 -1212.440161 -1213.302712 -1215.066058 -1218.871156 -1227.733548 -1251.241210 -9999.0 -9999.0
-9999.0 -9999.0 -9999.0 -9999.0 -9999.0 -9999.0 -9999.0 -9999.0 -9999.0 -9999.0 -9999.0 -9999.0 -9999.0 -9999.0 -9999.0 -9999.0 -9999.0 -9999.0 -9999.0 -9999.0 -9999.0 -9999.0 -9999.0 -9999.0 -9999.0 -9999.0 -9999.0 -9999.0 -9999.0 -9999.0 -9999.0 -9999.0 -9999.0 -9999.0 -9999.0 -9999.0 -9999.0 -9999.0 -9999.0 -9999.0 -9999.0 -9999.0 -9999.0 -9999.0 -9999.0 -9999.0 -9999.0 -9999.0 -9999.0 -9999.0 -9999.0 -9999.0 -9999.0 -9999.0 -9999.0 -9999.0 -9999.0 -9999.0 -9999.0 -9999.0 -9999.0 -9999.0 -9999.0 -9999.0 -9999.0 -9999.0 -9999.0 -9999.0 -9999.0 -9999.0 -9999.0 -9999.0 -9999.0 -9999.0 -9999.0 -9999.0 -9999.0 -9999.0 -9999.0 -9999.0 -9999.0 -9999.0 -9999.0 -9999.0 -9999.0 -9999.0 -9999.0 -9999.0 -9999.0 -9999.0 -9999.0 -9999.0 -9999.0 -9999.0 -9999.0 -9999.0 -9999.0 -9999.0 -9999.0 -9999.0 -9999.0 -9999.0 -9999.0 -9999.0
-9999.0 -9999.0 -9999.0 -9999.0 -9999.0 -9999.0 -9999.0 -9999.0 -9999.0 -9999.0 -9999.0 -9999.0 -9999.0 -9999.0 -9999.0 -9999.0 -9999.0 -9999.0 -9999.0 -9999.0 -9999.0 -9999.0 -9999.0 -9999.0 -9999.0 -9999.0 -9999.0 -9999.0 -9999.0 -9999.0 -9999.0 -9999.0 -9999.0 -9999.0 -9999.0 -9999.0 -9999.0 -9999.0 -9999.0 -9999.0 -9999.0 -9999.0 -9999.0 -9999.0 -9999.0 -9999.0 -9999.0 -9999.0 -9999.0 -9999.0 -9999.0 -9999.0 -9999.0 -9999.0 -9999.0 -9999.0 -9999.0 -9999.0 -9999.0 -9999.0 -9999.0 -9999.0 -9999.0 -9999.0 -9999.0 -9999.0 -9999.0 -9999.0 -9999.0 -9999.0 -9999.0 -9999.0 -9999.0 -9999.0 -9999.0 -9999.0 -9999.0 -9999.0 -9999.0 -9999.0 -9999.0 -9999.0 -9999.0 -9999.0 -9999.0 -9999.0 -9999.0 -9999.0 -9999.0 -9999.0 -9999.0 -9999.0 -9999.0 -9999.0 -9999.0 -9999.0 -9999.0 -9999.0 -9999.0 -9999.0 -9999.0 -9999.0 -9999.0 -9999.0