inst/processing_geotop_simulation/geotop_simulation/out/maps3D/PwL0018N0472.asc
ncols         104
nrows         10
xllcorner     -2.000000
yllcorner     0.000000
cellsize      1.000000
NODATA_value  -9999.0
-9999.0 -9999.0 -9999.0 -9999.0 -9999.0 -9999.0 -9999.0 -9999.0 -9999.0 -9999.0 -9999.0 -9999.0 -9999.0 -9999.0 -9999.0 -9999.0 -9999.0 -9999.0 -9999.0 -9999.0 -9999.0 -9999.0 -9999.0 -9999.0 -9999.0 -9999.0 -9999.0 -9999.0 -9999.0 -9999.0 -9999.0 -9999.0 -9999.0 -9999.0 -9999.0 -9999.0 -9999.0 -9999.0 -9999.0 -9999.0 -9999.0 -9999.0 -9999.0 -9999.0 -9999.0 -9999.0 -9999.0 -9999.0 -9999.0 -9999.0 -9999.0 -9999.0 -9999.0 -9999.0 -9999.0 -9999.0 -9999.0 -9999.0 -9999.0 -9999.0 -9999.0 -9999.0 -9999.0 -9999.0 -9999.0 -9999.0 -9999.0 -9999.0 -9999.0 -9999.0 -9999.0 -9999.0 -9999.0 -9999.0 -9999.0 -9999.0 -9999.0 -9999.0 -9999.0 -9999.0 -9999.0 -9999.0 -9999.0 -9999.0 -9999.0 -9999.0 -9999.0 -9999.0 -9999.0 -9999.0 -9999.0 -9999.0 -9999.0 -9999.0 -9999.0 -9999.0 -9999.0 -9999.0 -9999.0 -9999.0 -9999.0 -9999.0 -9999.0 -9999.0
-9999.0 -9999.0 -9999.0 -9999.0 -9999.0 -9999.0 -9999.0 -9999.0 -9999.0 -9999.0 -9999.0 -9999.0 -9999.0 -9999.0 -9999.0 -9999.0 -9999.0 -9999.0 -9999.0 -9999.0 -9999.0 -9999.0 -9999.0 -9999.0 -9999.0 -9999.0 -9999.0 -9999.0 -9999.0 -9999.0 -9999.0 -9999.0 -9999.0 -9999.0 -9999.0 -9999.0 -9999.0 -9999.0 -9999.0 -9999.0 -9999.0 -9999.0 -9999.0 -9999.0 -9999.0 -9999.0 -9999.0 -9999.0 -9999.0 -9999.0 -9999.0 -9999.0 -9999.0 -9999.0 -9999.0 -9999.0 -9999.0 -9999.0 -9999.0 -9999.0 -9999.0 -9999.0 -9999.0 -9999.0 -9999.0 -9999.0 -9999.0 -9999.0 -9999.0 -9999.0 -9999.0 -9999.0 -9999.0 -9999.0 -9999.0 -9999.0 -9999.0 -9999.0 -9999.0 -9999.0 -9999.0 -9999.0 -9999.0 -9999.0 -9999.0 -9999.0 -9999.0 -9999.0 -9999.0 -9999.0 -9999.0 -9999.0 -9999.0 -9999.0 -9999.0 -9999.0 -9999.0 -9999.0 -9999.0 -9999.0 -9999.0 -9999.0 -9999.0 -9999.0
-9999.0 -9999.0 868.769286 769.586622 670.306226 570.917254 471.471908 372.001870 272.524115 173.047804 73.578019 -25.880616 -125.325591 -224.755773 -324.161714 -423.527145 -522.822322 -621.995269 -720.959583 -819.985468 -918.848614 -1017.450036 -1115.618508 -1210.348971 -1300.828387 -1385.030678 -1461.014766 -1527.294739 -1583.118727 -1628.560613 -1664.407910 -1691.916572 -1712.538768 -1727.704175 -1738.686205 -1746.548024 -1752.155329 -1756.274170 -1759.850654 -1764.502393 -1771.737878 -1777.598185 -1908.997441 -3982.124897 -4084.137060 -4084.155249 -4084.099748 -4083.627331 -4081.768054 -4076.606024 -4064.568423 -4036.156796 -3998.350826 -3958.421311 -3905.138604 -3827.391457 -3713.015142 -3555.153775 -3360.333218 -3146.062111 -2842.888578 -1658.249447 -1732.976015 -1764.237800 -1765.917143 -1765.231747 -1764.965150 -1764.903138 -1764.891678 -1764.890194 -1764.890440 -1764.890918 -1764.891373 -1764.891776 -1764.892135 -1764.892462 -1764.892768 -1764.893060 -1764.893345 -1764.893630 -1764.893923 -1764.894233 -1764.894573 -1764.894962 -1764.895427 -1764.896013 -1764.896794 -1764.897891 -1764.899518 -1764.902054 -1764.906207 -1764.913334 -1764.926113 -1764.949984 -1764.996382 -1765.090498 -1765.291283 -1765.746315 -1766.851719 -1769.757982 -1778.123879 -1804.779234 -9999.0 -9999.0
-9999.0 -9999.0 868.772254 769.587707 670.306574 570.917366 471.471945 372.001883 272.524120 173.047806 73.578020 -25.880615 -125.325591 -224.755773 -324.161714 -423.527145 -522.822322 -621.995269 -720.959583 -819.985468 -918.848614 -1017.450037 -1115.618508 -1210.348971 -1300.828387 -1385.030678 -1461.014766 -1527.294739 -1583.118727 -1628.560613 -1664.407910 -1691.916572 -1712.538768 -1727.704175 -1738.686205 -1746.548024 -1752.155329 -1756.274170 -1759.850654 -1764.502393 -1771.737877 -1777.598185 -1908.997440 -3982.124897 -4084.137060 -4084.155249 -4084.099748 -4083.627331 -4081.768054 -4076.606024 -4064.568422 -4036.156796 -3998.350826 -3958.421311 -3905.138604 -3827.391457 -3713.015141 -3555.153775 -3360.333217 -3146.062110 -2842.888578 -1658.249447 -1732.976015 -1764.237800 -1765.917143 -1765.231747 -1764.965150 -1764.903138 -1764.891678 -1764.890194 -1764.890440 -1764.890918 -1764.891373 -1764.891776 -1764.892135 -1764.892462 -1764.892768 -1764.893060 -1764.893345 -1764.893630 -1764.893923 -1764.894233 -1764.894573 -1764.894962 -1764.895427 -1764.896013 -1764.896794 -1764.897891 -1764.899518 -1764.902054 -1764.906207 -1764.913334 -1764.926113 -1764.949984 -1764.996382 -1765.090498 -1765.291283 -1765.746315 -1766.851719 -1769.757982 -1778.123879 -1804.779234 -9999.0 -9999.0
-9999.0 -9999.0 868.773323 769.588276 670.306811 570.917457 471.471979 372.001895 272.524124 173.047807 73.578020 -25.880615 -125.325591 -224.755773 -324.161714 -423.527145 -522.822322 -621.995269 -720.959583 -819.985469 -918.848614 -1017.450037 -1115.618508 -1210.348971 -1300.828387 -1385.030678 -1461.014766 -1527.294739 -1583.118727 -1628.560614 -1664.407910 -1691.916572 -1712.538768 -1727.704175 -1738.686205 -1746.548024 -1752.155329 -1756.274170 -1759.850654 -1764.502393 -1771.737877 -1777.598185 -1908.997440 -3982.124897 -4084.137060 -4084.155249 -4084.099748 -4083.627331 -4081.768054 -4076.606024 -4064.568422 -4036.156796 -3998.350826 -3958.421311 -3905.138604 -3827.391457 -3713.015141 -3555.153774 -3360.333217 -3146.062110 -2842.888578 -1658.249447 -1732.976015 -1764.237800 -1765.917143 -1765.231747 -1764.965150 -1764.903138 -1764.891678 -1764.890194 -1764.890440 -1764.890918 -1764.891373 -1764.891776 -1764.892135 -1764.892462 -1764.892768 -1764.893060 -1764.893345 -1764.893630 -1764.893923 -1764.894233 -1764.894573 -1764.894962 -1764.895427 -1764.896013 -1764.896794 -1764.897891 -1764.899518 -1764.902054 -1764.906207 -1764.913334 -1764.926113 -1764.949984 -1764.996382 -1765.090498 -1765.291283 -1765.746315 -1766.851719 -1769.757982 -1778.123879 -1804.779234 -9999.0 -9999.0
-9999.0 -9999.0 868.773323 769.588276 670.306811 570.917457 471.471979 372.001895 272.524124 173.047807 73.578020 -25.880615 -125.325591 -224.755773 -324.161714 -423.527145 -522.822322 -621.995269 -720.959583 -819.985469 -918.848614 -1017.450037 -1115.618508 -1210.348971 -1300.828387 -1385.030678 -1461.014766 -1527.294739 -1583.118727 -1628.560614 -1664.407910 -1691.916572 -1712.538768 -1727.704175 -1738.686205 -1746.548024 -1752.155329 -1756.274170 -1759.850654 -1764.502393 -1771.737877 -1777.598185 -1908.997440 -3982.124897 -4084.137060 -4084.155249 -4084.099748 -4083.627331 -4081.768054 -4076.606024 -4064.568422 -4036.156796 -3998.350826 -3958.421311 -3905.138604 -3827.391457 -3713.015140 -3555.153775 -3360.333217 -3146.062110 -2842.888578 -1658.249447 -1732.976015 -1764.237800 -1765.917143 -1765.231747 -1764.965150 -1764.903138 -1764.891678 -1764.890194 -1764.890440 -1764.890918 -1764.891373 -1764.891776 -1764.892135 -1764.892462 -1764.892768 -1764.893060 -1764.893345 -1764.893630 -1764.893923 -1764.894233 -1764.894573 -1764.894962 -1764.895427 -1764.896013 -1764.896794 -1764.897891 -1764.899518 -1764.902054 -1764.906207 -1764.913334 -1764.926113 -1764.949984 -1764.996382 -1765.090498 -1765.291283 -1765.746315 -1766.851719 -1769.757982 -1778.123879 -1804.779234 -9999.0 -9999.0
-9999.0 -9999.0 868.772254 769.587707 670.306574 570.917366 471.471945 372.001883 272.524120 173.047806 73.578020 -25.880615 -125.325591 -224.755773 -324.161714 -423.527145 -522.822322 -621.995269 -720.959583 -819.985468 -918.848614 -1017.450037 -1115.618508 -1210.348971 -1300.828387 -1385.030678 -1461.014766 -1527.294739 -1583.118727 -1628.560613 -1664.407910 -1691.916572 -1712.538768 -1727.704175 -1738.686205 -1746.548024 -1752.155329 -1756.274170 -1759.850654 -1764.502393 -1771.737877 -1777.598185 -1908.997440 -3982.124897 -4084.137060 -4084.155249 -4084.099748 -4083.627331 -4081.768054 -4076.606024 -4064.568422 -4036.156796 -3998.350826 -3958.421311 -3905.138604 -3827.391457 -3713.015141 -3555.153775 -3360.333217 -3146.062110 -2842.888578 -1658.249447 -1732.976015 -1764.237800 -1765.917143 -1765.231747 -1764.965150 -1764.903138 -1764.891678 -1764.890194 -1764.890440 -1764.890918 -1764.891373 -1764.891776 -1764.892135 -1764.892462 -1764.892768 -1764.893060 -1764.893345 -1764.893630 -1764.893923 -1764.894233 -1764.894573 -1764.894962 -1764.895427 -1764.896013 -1764.896794 -1764.897891 -1764.899518 -1764.902054 -1764.906207 -1764.913334 -1764.926113 -1764.949984 -1764.996382 -1765.090498 -1765.291283 -1765.746315 -1766.851719 -1769.757982 -1778.123879 -1804.779234 -9999.0 -9999.0
-9999.0 -9999.0 868.769286 769.586622 670.306226 570.917254 471.471908 372.001870 272.524115 173.047804 73.578019 -25.880616 -125.325591 -224.755773 -324.161714 -423.527145 -522.822322 -621.995269 -720.959583 -819.985468 -918.848614 -1017.450036 -1115.618508 -1210.348971 -1300.828387 -1385.030678 -1461.014766 -1527.294739 -1583.118727 -1628.560613 -1664.407910 -1691.916572 -1712.538768 -1727.704175 -1738.686205 -1746.548024 -1752.155329 -1756.274170 -1759.850654 -1764.502393 -1771.737878 -1777.598185 -1908.997441 -3982.124897 -4084.137060 -4084.155249 -4084.099748 -4083.627331 -4081.768054 -4076.606024 -4064.568423 -4036.156796 -3998.350826 -3958.421311 -3905.138604 -3827.391458 -3713.015141 -3555.153776 -3360.333217 -3146.062111 -2842.888579 -1658.249447 -1732.976015 -1764.237800 -1765.917143 -1765.231747 -1764.965150 -1764.903138 -1764.891678 -1764.890194 -1764.890440 -1764.890918 -1764.891373 -1764.891776 -1764.892135 -1764.892462 -1764.892768 -1764.893060 -1764.893345 -1764.893630 -1764.893923 -1764.894233 -1764.894573 -1764.894962 -1764.895427 -1764.896013 -1764.896794 -1764.897891 -1764.899518 -1764.902054 -1764.906207 -1764.913334 -1764.926113 -1764.949984 -1764.996382 -1765.090498 -1765.291283 -1765.746315 -1766.851719 -1769.757982 -1778.123879 -1804.779234 -9999.0 -9999.0
-9999.0 -9999.0 -9999.0 -9999.0 -9999.0 -9999.0 -9999.0 -9999.0 -9999.0 -9999.0 -9999.0 -9999.0 -9999.0 -9999.0 -9999.0 -9999.0 -9999.0 -9999.0 -9999.0 -9999.0 -9999.0 -9999.0 -9999.0 -9999.0 -9999.0 -9999.0 -9999.0 -9999.0 -9999.0 -9999.0 -9999.0 -9999.0 -9999.0 -9999.0 -9999.0 -9999.0 -9999.0 -9999.0 -9999.0 -9999.0 -9999.0 -9999.0 -9999.0 -9999.0 -9999.0 -9999.0 -9999.0 -9999.0 -9999.0 -9999.0 -9999.0 -9999.0 -9999.0 -9999.0 -9999.0 -9999.0 -9999.0 -9999.0 -9999.0 -9999.0 -9999.0 -9999.0 -9999.0 -9999.0 -9999.0 -9999.0 -9999.0 -9999.0 -9999.0 -9999.0 -9999.0 -9999.0 -9999.0 -9999.0 -9999.0 -9999.0 -9999.0 -9999.0 -9999.0 -9999.0 -9999.0 -9999.0 -9999.0 -9999.0 -9999.0 -9999.0 -9999.0 -9999.0 -9999.0 -9999.0 -9999.0 -9999.0 -9999.0 -9999.0 -9999.0 -9999.0 -9999.0 -9999.0 -9999.0 -9999.0 -9999.0 -9999.0 -9999.0 -9999.0
-9999.0 -9999.0 -9999.0 -9999.0 -9999.0 -9999.0 -9999.0 -9999.0 -9999.0 -9999.0 -9999.0 -9999.0 -9999.0 -9999.0 -9999.0 -9999.0 -9999.0 -9999.0 -9999.0 -9999.0 -9999.0 -9999.0 -9999.0 -9999.0 -9999.0 -9999.0 -9999.0 -9999.0 -9999.0 -9999.0 -9999.0 -9999.0 -9999.0 -9999.0 -9999.0 -9999.0 -9999.0 -9999.0 -9999.0 -9999.0 -9999.0 -9999.0 -9999.0 -9999.0 -9999.0 -9999.0 -9999.0 -9999.0 -9999.0 -9999.0 -9999.0 -9999.0 -9999.0 -9999.0 -9999.0 -9999.0 -9999.0 -9999.0 -9999.0 -9999.0 -9999.0 -9999.0 -9999.0 -9999.0 -9999.0 -9999.0 -9999.0 -9999.0 -9999.0 -9999.0 -9999.0 -9999.0 -9999.0 -9999.0 -9999.0 -9999.0 -9999.0 -9999.0 -9999.0 -9999.0 -9999.0 -9999.0 -9999.0 -9999.0 -9999.0 -9999.0 -9999.0 -9999.0 -9999.0 -9999.0 -9999.0 -9999.0 -9999.0 -9999.0 -9999.0 -9999.0 -9999.0 -9999.0 -9999.0 -9999.0 -9999.0 -9999.0 -9999.0 -9999.0