inst/processing_geotop_simulation/geotop_simulation/out/maps3D/PwL0002N0351.asc
ncols         104
nrows         10
xllcorner     -2.000000
yllcorner     0.000000
cellsize      1.000000
NODATA_value  -9999.0
-9999.0 -9999.0 -9999.0 -9999.0 -9999.0 -9999.0 -9999.0 -9999.0 -9999.0 -9999.0 -9999.0 -9999.0 -9999.0 -9999.0 -9999.0 -9999.0 -9999.0 -9999.0 -9999.0 -9999.0 -9999.0 -9999.0 -9999.0 -9999.0 -9999.0 -9999.0 -9999.0 -9999.0 -9999.0 -9999.0 -9999.0 -9999.0 -9999.0 -9999.0 -9999.0 -9999.0 -9999.0 -9999.0 -9999.0 -9999.0 -9999.0 -9999.0 -9999.0 -9999.0 -9999.0 -9999.0 -9999.0 -9999.0 -9999.0 -9999.0 -9999.0 -9999.0 -9999.0 -9999.0 -9999.0 -9999.0 -9999.0 -9999.0 -9999.0 -9999.0 -9999.0 -9999.0 -9999.0 -9999.0 -9999.0 -9999.0 -9999.0 -9999.0 -9999.0 -9999.0 -9999.0 -9999.0 -9999.0 -9999.0 -9999.0 -9999.0 -9999.0 -9999.0 -9999.0 -9999.0 -9999.0 -9999.0 -9999.0 -9999.0 -9999.0 -9999.0 -9999.0 -9999.0 -9999.0 -9999.0 -9999.0 -9999.0 -9999.0 -9999.0 -9999.0 -9999.0 -9999.0 -9999.0 -9999.0 -9999.0 -9999.0 -9999.0 -9999.0 -9999.0
-9999.0 -9999.0 -9999.0 -9999.0 -9999.0 -9999.0 -9999.0 -9999.0 -9999.0 -9999.0 -9999.0 -9999.0 -9999.0 -9999.0 -9999.0 -9999.0 -9999.0 -9999.0 -9999.0 -9999.0 -9999.0 -9999.0 -9999.0 -9999.0 -9999.0 -9999.0 -9999.0 -9999.0 -9999.0 -9999.0 -9999.0 -9999.0 -9999.0 -9999.0 -9999.0 -9999.0 -9999.0 -9999.0 -9999.0 -9999.0 -9999.0 -9999.0 -9999.0 -9999.0 -9999.0 -9999.0 -9999.0 -9999.0 -9999.0 -9999.0 -9999.0 -9999.0 -9999.0 -9999.0 -9999.0 -9999.0 -9999.0 -9999.0 -9999.0 -9999.0 -9999.0 -9999.0 -9999.0 -9999.0 -9999.0 -9999.0 -9999.0 -9999.0 -9999.0 -9999.0 -9999.0 -9999.0 -9999.0 -9999.0 -9999.0 -9999.0 -9999.0 -9999.0 -9999.0 -9999.0 -9999.0 -9999.0 -9999.0 -9999.0 -9999.0 -9999.0 -9999.0 -9999.0 -9999.0 -9999.0 -9999.0 -9999.0 -9999.0 -9999.0 -9999.0 -9999.0 -9999.0 -9999.0 -9999.0 -9999.0 -9999.0 -9999.0 -9999.0 -9999.0
-9999.0 -9999.0 76.120358 -20.845984 -119.388737 -218.308724 -317.366864 -416.473256 -515.581743 -614.657690 -713.630416 -812.468240 -911.128575 -1009.553550 -1107.917582 -1206.174852 -1303.894602 -1400.716661 -1496.023643 -1588.761063 -1676.975256 -1757.529719 -1827.131624 -1883.911519 -1927.984886 -1960.905068 -1984.812840 -2001.823269 -2013.739384 -2021.983405 -2027.628374 -2031.460712 -2034.044426 -2035.776949 -2036.934662 -2037.709943 -2038.246852 -2038.706763 -2039.488941 -2041.769277 -2044.916908 -1993.178462 -1221.538743 -1219.598515 -1209.124645 -1202.266000 -1199.040446 -1198.538973 -1198.484672 -1198.489813 -1198.503576 -1198.518403 -1198.532659 -1198.545865 -1198.558150 -1198.572678 -1198.618835 -1198.922801 -1200.654454 -1204.484957 -1209.743442 -1204.124334 -1969.657142 -2038.982296 -2040.329655 -2039.562517 -2039.358665 -2039.321364 -2039.315669 -2039.315301 -2039.315743 -2039.316219 -2039.316608 -2039.316910 -2039.317143 -2039.317325 -2039.317470 -2039.317589 -2039.317690 -2039.317781 -2039.317872 -2039.317972 -2039.318099 -2039.318274 -2039.318532 -2039.318925 -2039.319544 -2039.320534 -2039.322150 -2039.324838 -2039.329420 -2039.337449 -2039.351948 -2039.378922 -2039.430548 -2039.532216 -2039.739423 -2040.182218 -2041.192219 -2043.705321 -2050.763340 -2074.199193 -9999.0 -9999.0
-9999.0 -9999.0 76.131193 -20.844047 -119.388253 -218.308583 -317.366819 -416.473241 -515.581737 -614.657687 -713.630415 -812.468239 -911.128575 -1009.553550 -1107.917582 -1206.174852 -1303.894603 -1400.716661 -1496.023643 -1588.761063 -1676.975256 -1757.529719 -1827.131624 -1883.911520 -1927.984886 -1960.905068 -1984.812840 -2001.823269 -2013.739384 -2021.983405 -2027.628374 -2031.460712 -2034.044426 -2035.776949 -2036.934662 -2037.709943 -2038.246852 -2038.706763 -2039.488941 -2041.769277 -2044.916908 -1993.178462 -1221.538743 -1219.598515 -1209.124645 -1202.266000 -1199.040446 -1198.538973 -1198.484672 -1198.489813 -1198.503576 -1198.518403 -1198.532659 -1198.545865 -1198.558150 -1198.572678 -1198.618835 -1198.922801 -1200.654454 -1204.484957 -1209.743442 -1204.124334 -1969.657142 -2038.982296 -2040.329655 -2039.562517 -2039.358665 -2039.321364 -2039.315669 -2039.315301 -2039.315743 -2039.316219 -2039.316608 -2039.316910 -2039.317143 -2039.317325 -2039.317470 -2039.317589 -2039.317690 -2039.317781 -2039.317872 -2039.317972 -2039.318099 -2039.318274 -2039.318532 -2039.318925 -2039.319544 -2039.320534 -2039.322150 -2039.324838 -2039.329420 -2039.337449 -2039.351948 -2039.378922 -2039.430548 -2039.532216 -2039.739423 -2040.182218 -2041.192219 -2043.705321 -2050.763340 -2074.199193 -9999.0 -9999.0
-9999.0 -9999.0 76.132369 -20.843269 -119.387947 -218.308472 -317.366780 -416.473226 -515.581732 -614.657685 -713.630414 -812.468239 -911.128575 -1009.553550 -1107.917582 -1206.174852 -1303.894603 -1400.716661 -1496.023643 -1588.761063 -1676.975256 -1757.529719 -1827.131624 -1883.911520 -1927.984886 -1960.905068 -1984.812840 -2001.823269 -2013.739384 -2021.983405 -2027.628374 -2031.460712 -2034.044426 -2035.776949 -2036.934662 -2037.709943 -2038.246852 -2038.706763 -2039.488941 -2041.769277 -2044.916908 -1993.178462 -1221.538743 -1219.598515 -1209.124645 -1202.265999 -1199.040446 -1198.538973 -1198.484672 -1198.489813 -1198.503576 -1198.518403 -1198.532659 -1198.545865 -1198.558150 -1198.572678 -1198.618835 -1198.922801 -1200.654454 -1204.484957 -1209.743442 -1204.124334 -1969.657142 -2038.982296 -2040.329655 -2039.562517 -2039.358665 -2039.321364 -2039.315669 -2039.315301 -2039.315743 -2039.316219 -2039.316608 -2039.316910 -2039.317143 -2039.317325 -2039.317470 -2039.317589 -2039.317690 -2039.317781 -2039.317872 -2039.317972 -2039.318099 -2039.318274 -2039.318532 -2039.318925 -2039.319544 -2039.320534 -2039.322150 -2039.324838 -2039.329420 -2039.337449 -2039.351948 -2039.378922 -2039.430548 -2039.532216 -2039.739423 -2040.182218 -2041.192219 -2043.705321 -2050.763340 -2074.199193 -9999.0 -9999.0
-9999.0 -9999.0 76.132369 -20.843269 -119.387947 -218.308473 -317.366780 -416.473227 -515.581732 -614.657685 -713.630414 -812.468239 -911.128575 -1009.553550 -1107.917582 -1206.174852 -1303.894603 -1400.716661 -1496.023643 -1588.761063 -1676.975256 -1757.529719 -1827.131624 -1883.911520 -1927.984886 -1960.905068 -1984.812840 -2001.823269 -2013.739384 -2021.983405 -2027.628374 -2031.460712 -2034.044426 -2035.776949 -2036.934662 -2037.709943 -2038.246852 -2038.706763 -2039.488941 -2041.769277 -2044.916908 -1993.178462 -1221.538743 -1219.598515 -1209.124645 -1202.265999 -1199.040446 -1198.538973 -1198.484672 -1198.489813 -1198.503576 -1198.518403 -1198.532659 -1198.545865 -1198.558150 -1198.572678 -1198.618835 -1198.922801 -1200.654454 -1204.484957 -1209.743442 -1204.124334 -1969.657142 -2038.982296 -2040.329655 -2039.562517 -2039.358665 -2039.321364 -2039.315669 -2039.315301 -2039.315743 -2039.316219 -2039.316608 -2039.316910 -2039.317143 -2039.317325 -2039.317470 -2039.317589 -2039.317690 -2039.317781 -2039.317872 -2039.317972 -2039.318099 -2039.318274 -2039.318532 -2039.318925 -2039.319544 -2039.320534 -2039.322150 -2039.324838 -2039.329420 -2039.337449 -2039.351948 -2039.378922 -2039.430548 -2039.532216 -2039.739423 -2040.182218 -2041.192219 -2043.705321 -2050.763340 -2074.199193 -9999.0 -9999.0
-9999.0 -9999.0 76.131193 -20.844046 -119.388253 -218.308583 -317.366819 -416.473241 -515.581738 -614.657687 -713.630415 -812.468239 -911.128575 -1009.553550 -1107.917582 -1206.174852 -1303.894603 -1400.716661 -1496.023643 -1588.761063 -1676.975256 -1757.529719 -1827.131624 -1883.911520 -1927.984886 -1960.905068 -1984.812840 -2001.823269 -2013.739384 -2021.983405 -2027.628374 -2031.460712 -2034.044426 -2035.776949 -2036.934662 -2037.709943 -2038.246852 -2038.706763 -2039.488941 -2041.769277 -2044.916908 -1993.178462 -1221.538743 -1219.598515 -1209.124645 -1202.266000 -1199.040446 -1198.538973 -1198.484672 -1198.489813 -1198.503576 -1198.518403 -1198.532659 -1198.545865 -1198.558150 -1198.572678 -1198.618835 -1198.922801 -1200.654454 -1204.484957 -1209.743442 -1204.124334 -1969.657142 -2038.982296 -2040.329655 -2039.562517 -2039.358665 -2039.321364 -2039.315669 -2039.315301 -2039.315743 -2039.316219 -2039.316608 -2039.316910 -2039.317143 -2039.317325 -2039.317470 -2039.317589 -2039.317690 -2039.317781 -2039.317872 -2039.317972 -2039.318099 -2039.318274 -2039.318532 -2039.318925 -2039.319544 -2039.320534 -2039.322150 -2039.324838 -2039.329420 -2039.337449 -2039.351948 -2039.378922 -2039.430548 -2039.532216 -2039.739423 -2040.182218 -2041.192219 -2043.705321 -2050.763340 -2074.199193 -9999.0 -9999.0
-9999.0 -9999.0 76.120358 -20.845984 -119.388737 -218.308724 -317.366864 -416.473256 -515.581743 -614.657690 -713.630416 -812.468240 -911.128575 -1009.553550 -1107.917582 -1206.174852 -1303.894602 -1400.716661 -1496.023643 -1588.761063 -1676.975256 -1757.529719 -1827.131624 -1883.911519 -1927.984886 -1960.905068 -1984.812840 -2001.823269 -2013.739384 -2021.983405 -2027.628374 -2031.460712 -2034.044426 -2035.776949 -2036.934662 -2037.709943 -2038.246852 -2038.706763 -2039.488941 -2041.769277 -2044.916908 -1993.178462 -1221.538743 -1219.598515 -1209.124645 -1202.266000 -1199.040446 -1198.538973 -1198.484672 -1198.489813 -1198.503576 -1198.518403 -1198.532659 -1198.545865 -1198.558150 -1198.572678 -1198.618835 -1198.922801 -1200.654454 -1204.484957 -1209.743442 -1204.124334 -1969.657142 -2038.982296 -2040.329655 -2039.562517 -2039.358665 -2039.321364 -2039.315669 -2039.315301 -2039.315743 -2039.316219 -2039.316608 -2039.316910 -2039.317143 -2039.317325 -2039.317470 -2039.317589 -2039.317690 -2039.317781 -2039.317872 -2039.317972 -2039.318099 -2039.318274 -2039.318532 -2039.318925 -2039.319544 -2039.320534 -2039.322150 -2039.324838 -2039.329420 -2039.337449 -2039.351948 -2039.378922 -2039.430548 -2039.532216 -2039.739423 -2040.182218 -2041.192219 -2043.705321 -2050.763340 -2074.199193 -9999.0 -9999.0
-9999.0 -9999.0 -9999.0 -9999.0 -9999.0 -9999.0 -9999.0 -9999.0 -9999.0 -9999.0 -9999.0 -9999.0 -9999.0 -9999.0 -9999.0 -9999.0 -9999.0 -9999.0 -9999.0 -9999.0 -9999.0 -9999.0 -9999.0 -9999.0 -9999.0 -9999.0 -9999.0 -9999.0 -9999.0 -9999.0 -9999.0 -9999.0 -9999.0 -9999.0 -9999.0 -9999.0 -9999.0 -9999.0 -9999.0 -9999.0 -9999.0 -9999.0 -9999.0 -9999.0 -9999.0 -9999.0 -9999.0 -9999.0 -9999.0 -9999.0 -9999.0 -9999.0 -9999.0 -9999.0 -9999.0 -9999.0 -9999.0 -9999.0 -9999.0 -9999.0 -9999.0 -9999.0 -9999.0 -9999.0 -9999.0 -9999.0 -9999.0 -9999.0 -9999.0 -9999.0 -9999.0 -9999.0 -9999.0 -9999.0 -9999.0 -9999.0 -9999.0 -9999.0 -9999.0 -9999.0 -9999.0 -9999.0 -9999.0 -9999.0 -9999.0 -9999.0 -9999.0 -9999.0 -9999.0 -9999.0 -9999.0 -9999.0 -9999.0 -9999.0 -9999.0 -9999.0 -9999.0 -9999.0 -9999.0 -9999.0 -9999.0 -9999.0 -9999.0 -9999.0
-9999.0 -9999.0 -9999.0 -9999.0 -9999.0 -9999.0 -9999.0 -9999.0 -9999.0 -9999.0 -9999.0 -9999.0 -9999.0 -9999.0 -9999.0 -9999.0 -9999.0 -9999.0 -9999.0 -9999.0 -9999.0 -9999.0 -9999.0 -9999.0 -9999.0 -9999.0 -9999.0 -9999.0 -9999.0 -9999.0 -9999.0 -9999.0 -9999.0 -9999.0 -9999.0 -9999.0 -9999.0 -9999.0 -9999.0 -9999.0 -9999.0 -9999.0 -9999.0 -9999.0 -9999.0 -9999.0 -9999.0 -9999.0 -9999.0 -9999.0 -9999.0 -9999.0 -9999.0 -9999.0 -9999.0 -9999.0 -9999.0 -9999.0 -9999.0 -9999.0 -9999.0 -9999.0 -9999.0 -9999.0 -9999.0 -9999.0 -9999.0 -9999.0 -9999.0 -9999.0 -9999.0 -9999.0 -9999.0 -9999.0 -9999.0 -9999.0 -9999.0 -9999.0 -9999.0 -9999.0 -9999.0 -9999.0 -9999.0 -9999.0 -9999.0 -9999.0 -9999.0 -9999.0 -9999.0 -9999.0 -9999.0 -9999.0 -9999.0 -9999.0 -9999.0 -9999.0 -9999.0 -9999.0 -9999.0 -9999.0 -9999.0 -9999.0 -9999.0 -9999.0