inst/processing_geotop_simulation/geotop_simulation/out/maps3D/PwL0002N0209.asc
ncols         104
nrows         10
xllcorner     -2.000000
yllcorner     0.000000
cellsize      1.000000
NODATA_value  -9999.0
-9999.0 -9999.0 -9999.0 -9999.0 -9999.0 -9999.0 -9999.0 -9999.0 -9999.0 -9999.0 -9999.0 -9999.0 -9999.0 -9999.0 -9999.0 -9999.0 -9999.0 -9999.0 -9999.0 -9999.0 -9999.0 -9999.0 -9999.0 -9999.0 -9999.0 -9999.0 -9999.0 -9999.0 -9999.0 -9999.0 -9999.0 -9999.0 -9999.0 -9999.0 -9999.0 -9999.0 -9999.0 -9999.0 -9999.0 -9999.0 -9999.0 -9999.0 -9999.0 -9999.0 -9999.0 -9999.0 -9999.0 -9999.0 -9999.0 -9999.0 -9999.0 -9999.0 -9999.0 -9999.0 -9999.0 -9999.0 -9999.0 -9999.0 -9999.0 -9999.0 -9999.0 -9999.0 -9999.0 -9999.0 -9999.0 -9999.0 -9999.0 -9999.0 -9999.0 -9999.0 -9999.0 -9999.0 -9999.0 -9999.0 -9999.0 -9999.0 -9999.0 -9999.0 -9999.0 -9999.0 -9999.0 -9999.0 -9999.0 -9999.0 -9999.0 -9999.0 -9999.0 -9999.0 -9999.0 -9999.0 -9999.0 -9999.0 -9999.0 -9999.0 -9999.0 -9999.0 -9999.0 -9999.0 -9999.0 -9999.0 -9999.0 -9999.0 -9999.0 -9999.0
-9999.0 -9999.0 -9999.0 -9999.0 -9999.0 -9999.0 -9999.0 -9999.0 -9999.0 -9999.0 -9999.0 -9999.0 -9999.0 -9999.0 -9999.0 -9999.0 -9999.0 -9999.0 -9999.0 -9999.0 -9999.0 -9999.0 -9999.0 -9999.0 -9999.0 -9999.0 -9999.0 -9999.0 -9999.0 -9999.0 -9999.0 -9999.0 -9999.0 -9999.0 -9999.0 -9999.0 -9999.0 -9999.0 -9999.0 -9999.0 -9999.0 -9999.0 -9999.0 -9999.0 -9999.0 -9999.0 -9999.0 -9999.0 -9999.0 -9999.0 -9999.0 -9999.0 -9999.0 -9999.0 -9999.0 -9999.0 -9999.0 -9999.0 -9999.0 -9999.0 -9999.0 -9999.0 -9999.0 -9999.0 -9999.0 -9999.0 -9999.0 -9999.0 -9999.0 -9999.0 -9999.0 -9999.0 -9999.0 -9999.0 -9999.0 -9999.0 -9999.0 -9999.0 -9999.0 -9999.0 -9999.0 -9999.0 -9999.0 -9999.0 -9999.0 -9999.0 -9999.0 -9999.0 -9999.0 -9999.0 -9999.0 -9999.0 -9999.0 -9999.0 -9999.0 -9999.0 -9999.0 -9999.0 -9999.0 -9999.0 -9999.0 -9999.0 -9999.0 -9999.0
-9999.0 -9999.0 79.161906 -12.876815 -109.035525 -206.184749 -303.694237 -401.316798 -498.922457 -596.400912 -693.484535 -790.031286 -885.890436 -980.874059 -1075.782216 -1170.384826 -1263.282647 -1354.261364 -1443.167628 -1526.832844 -1598.706742 -1654.980681 -1695.916124 -1724.283853 -1743.434269 -1756.236929 -1764.793936 -1770.527355 -1774.370649 -1776.939007 -1778.645822 -1779.772730 -1780.512206 -1780.994948 -1781.308971 -1781.514812 -1781.660952 -1781.813923 -1782.208910 -1784.045172 -1791.096904 -1780.298715 -1102.752470 -1100.883302 -1089.732384 -1082.644212 -1079.318938 -1078.829026 -1078.777963 -1078.784808 -1078.800302 -1078.816870 -1078.832784 -1078.847515 -1078.861137 -1078.876494 -1078.920869 -1079.214351 -1080.987801 -1084.968064 -1090.996027 -1084.992453 -1759.131135 -1786.071762 -1783.019298 -1782.146670 -1781.998882 -1781.975917 -1781.972977 -1781.973393 -1781.974256 -1781.975026 -1781.975628 -1781.976087 -1781.976438 -1781.976709 -1781.976924 -1781.977098 -1781.977242 -1781.977371 -1781.977497 -1781.977636 -1781.977813 -1781.978058 -1781.978420 -1781.978978 -1781.979856 -1781.981261 -1781.983545 -1781.987321 -1781.993701 -1782.004762 -1782.024507 -1782.060816 -1782.129436 -1782.262254 -1782.525568 -1783.064789 -1784.225841 -1786.914887 -1793.861667 -1815.706695 -9999.0 -9999.0
-9999.0 -9999.0 79.174155 -12.874614 -109.034975 -206.184589 -303.694186 -401.316781 -498.922451 -596.400909 -693.484534 -790.031285 -885.890436 -980.874059 -1075.782216 -1170.384826 -1263.282648 -1354.261364 -1443.167628 -1526.832844 -1598.706742 -1654.980681 -1695.916124 -1724.283853 -1743.434269 -1756.236929 -1764.793936 -1770.527355 -1774.370649 -1776.939007 -1778.645822 -1779.772730 -1780.512206 -1780.994948 -1781.308971 -1781.514812 -1781.660952 -1781.813923 -1782.208910 -1784.045172 -1791.096904 -1780.298715 -1102.752470 -1100.883302 -1089.732384 -1082.644212 -1079.318938 -1078.829026 -1078.777963 -1078.784808 -1078.800302 -1078.816870 -1078.832784 -1078.847515 -1078.861137 -1078.876494 -1078.920869 -1079.214351 -1080.987801 -1084.968064 -1090.996027 -1084.992453 -1759.131135 -1786.071762 -1783.019298 -1782.146670 -1781.998882 -1781.975917 -1781.972977 -1781.973393 -1781.974256 -1781.975026 -1781.975628 -1781.976087 -1781.976438 -1781.976709 -1781.976924 -1781.977098 -1781.977242 -1781.977371 -1781.977497 -1781.977636 -1781.977813 -1781.978058 -1781.978420 -1781.978978 -1781.979856 -1781.981261 -1781.983545 -1781.987321 -1781.993701 -1782.004762 -1782.024507 -1782.060816 -1782.129436 -1782.262254 -1782.525568 -1783.064789 -1784.225841 -1786.914887 -1793.861667 -1815.706695 -9999.0 -9999.0
-9999.0 -9999.0 79.175485 -12.873734 -109.034627 -206.184464 -303.694142 -401.316765 -498.922446 -596.400907 -693.484533 -790.031285 -885.890436 -980.874059 -1075.782216 -1170.384826 -1263.282648 -1354.261364 -1443.167628 -1526.832844 -1598.706742 -1654.980681 -1695.916124 -1724.283853 -1743.434269 -1756.236929 -1764.793936 -1770.527355 -1774.370649 -1776.939007 -1778.645822 -1779.772730 -1780.512206 -1780.994948 -1781.308971 -1781.514812 -1781.660952 -1781.813923 -1782.208910 -1784.045172 -1791.096904 -1780.298715 -1102.752470 -1100.883302 -1089.732384 -1082.644212 -1079.318938 -1078.829026 -1078.777963 -1078.784808 -1078.800302 -1078.816870 -1078.832784 -1078.847515 -1078.861137 -1078.876494 -1078.920869 -1079.214351 -1080.987801 -1084.968064 -1090.996027 -1084.992453 -1759.131135 -1786.071762 -1783.019298 -1782.146670 -1781.998882 -1781.975917 -1781.972977 -1781.973393 -1781.974256 -1781.975026 -1781.975628 -1781.976087 -1781.976438 -1781.976709 -1781.976924 -1781.977098 -1781.977242 -1781.977371 -1781.977497 -1781.977636 -1781.977813 -1781.978058 -1781.978420 -1781.978978 -1781.979856 -1781.981261 -1781.983545 -1781.987321 -1781.993701 -1782.004762 -1782.024507 -1782.060816 -1782.129436 -1782.262254 -1782.525568 -1783.064789 -1784.225841 -1786.914887 -1793.861667 -1815.706695 -9999.0 -9999.0
-9999.0 -9999.0 79.175485 -12.873734 -109.034627 -206.184464 -303.694142 -401.316765 -498.922446 -596.400907 -693.484533 -790.031285 -885.890436 -980.874059 -1075.782216 -1170.384826 -1263.282648 -1354.261364 -1443.167628 -1526.832844 -1598.706742 -1654.980681 -1695.916124 -1724.283853 -1743.434269 -1756.236929 -1764.793936 -1770.527355 -1774.370649 -1776.939007 -1778.645822 -1779.772730 -1780.512206 -1780.994948 -1781.308971 -1781.514812 -1781.660952 -1781.813923 -1782.208910 -1784.045172 -1791.096904 -1780.298715 -1102.752470 -1100.883302 -1089.732384 -1082.644212 -1079.318938 -1078.829026 -1078.777963 -1078.784808 -1078.800302 -1078.816870 -1078.832784 -1078.847515 -1078.861137 -1078.876494 -1078.920869 -1079.214351 -1080.987801 -1084.968064 -1090.996027 -1084.992453 -1759.131135 -1786.071762 -1783.019298 -1782.146670 -1781.998882 -1781.975917 -1781.972977 -1781.973393 -1781.974256 -1781.975026 -1781.975628 -1781.976087 -1781.976438 -1781.976709 -1781.976924 -1781.977098 -1781.977242 -1781.977371 -1781.977497 -1781.977636 -1781.977813 -1781.978058 -1781.978420 -1781.978978 -1781.979856 -1781.981261 -1781.983545 -1781.987321 -1781.993701 -1782.004762 -1782.024507 -1782.060816 -1782.129436 -1782.262254 -1782.525568 -1783.064789 -1784.225841 -1786.914887 -1793.861667 -1815.706695 -9999.0 -9999.0
-9999.0 -9999.0 79.174155 -12.874614 -109.034975 -206.184589 -303.694186 -401.316781 -498.922451 -596.400909 -693.484534 -790.031285 -885.890436 -980.874059 -1075.782216 -1170.384826 -1263.282647 -1354.261364 -1443.167628 -1526.832844 -1598.706742 -1654.980681 -1695.916124 -1724.283853 -1743.434269 -1756.236929 -1764.793936 -1770.527355 -1774.370649 -1776.939007 -1778.645822 -1779.772730 -1780.512206 -1780.994948 -1781.308971 -1781.514812 -1781.660952 -1781.813923 -1782.208910 -1784.045172 -1791.096904 -1780.298715 -1102.752470 -1100.883302 -1089.732384 -1082.644212 -1079.318938 -1078.829026 -1078.777963 -1078.784808 -1078.800302 -1078.816870 -1078.832784 -1078.847515 -1078.861137 -1078.876494 -1078.920869 -1079.214351 -1080.987801 -1084.968064 -1090.996027 -1084.992453 -1759.131135 -1786.071762 -1783.019298 -1782.146670 -1781.998882 -1781.975917 -1781.972977 -1781.973393 -1781.974256 -1781.975026 -1781.975628 -1781.976087 -1781.976438 -1781.976709 -1781.976924 -1781.977098 -1781.977242 -1781.977371 -1781.977497 -1781.977636 -1781.977813 -1781.978058 -1781.978420 -1781.978978 -1781.979856 -1781.981261 -1781.983545 -1781.987321 -1781.993701 -1782.004762 -1782.024507 -1782.060816 -1782.129436 -1782.262254 -1782.525568 -1783.064789 -1784.225841 -1786.914887 -1793.861667 -1815.706695 -9999.0 -9999.0
-9999.0 -9999.0 79.161906 -12.876815 -109.035525 -206.184749 -303.694237 -401.316798 -498.922457 -596.400912 -693.484535 -790.031286 -885.890436 -980.874059 -1075.782216 -1170.384826 -1263.282647 -1354.261364 -1443.167628 -1526.832844 -1598.706742 -1654.980681 -1695.916124 -1724.283853 -1743.434269 -1756.236929 -1764.793936 -1770.527355 -1774.370649 -1776.939007 -1778.645822 -1779.772730 -1780.512206 -1780.994948 -1781.308971 -1781.514812 -1781.660952 -1781.813923 -1782.208910 -1784.045172 -1791.096904 -1780.298715 -1102.752470 -1100.883302 -1089.732384 -1082.644212 -1079.318938 -1078.829026 -1078.777963 -1078.784808 -1078.800302 -1078.816870 -1078.832784 -1078.847515 -1078.861137 -1078.876494 -1078.920869 -1079.214351 -1080.987801 -1084.968064 -1090.996027 -1084.992453 -1759.131135 -1786.071762 -1783.019298 -1782.146670 -1781.998882 -1781.975917 -1781.972977 -1781.973393 -1781.974256 -1781.975026 -1781.975628 -1781.976087 -1781.976438 -1781.976709 -1781.976924 -1781.977098 -1781.977242 -1781.977371 -1781.977497 -1781.977636 -1781.977813 -1781.978058 -1781.978420 -1781.978978 -1781.979856 -1781.981261 -1781.983545 -1781.987321 -1781.993701 -1782.004762 -1782.024507 -1782.060816 -1782.129436 -1782.262254 -1782.525568 -1783.064789 -1784.225841 -1786.914887 -1793.861667 -1815.706695 -9999.0 -9999.0
-9999.0 -9999.0 -9999.0 -9999.0 -9999.0 -9999.0 -9999.0 -9999.0 -9999.0 -9999.0 -9999.0 -9999.0 -9999.0 -9999.0 -9999.0 -9999.0 -9999.0 -9999.0 -9999.0 -9999.0 -9999.0 -9999.0 -9999.0 -9999.0 -9999.0 -9999.0 -9999.0 -9999.0 -9999.0 -9999.0 -9999.0 -9999.0 -9999.0 -9999.0 -9999.0 -9999.0 -9999.0 -9999.0 -9999.0 -9999.0 -9999.0 -9999.0 -9999.0 -9999.0 -9999.0 -9999.0 -9999.0 -9999.0 -9999.0 -9999.0 -9999.0 -9999.0 -9999.0 -9999.0 -9999.0 -9999.0 -9999.0 -9999.0 -9999.0 -9999.0 -9999.0 -9999.0 -9999.0 -9999.0 -9999.0 -9999.0 -9999.0 -9999.0 -9999.0 -9999.0 -9999.0 -9999.0 -9999.0 -9999.0 -9999.0 -9999.0 -9999.0 -9999.0 -9999.0 -9999.0 -9999.0 -9999.0 -9999.0 -9999.0 -9999.0 -9999.0 -9999.0 -9999.0 -9999.0 -9999.0 -9999.0 -9999.0 -9999.0 -9999.0 -9999.0 -9999.0 -9999.0 -9999.0 -9999.0 -9999.0 -9999.0 -9999.0 -9999.0 -9999.0
-9999.0 -9999.0 -9999.0 -9999.0 -9999.0 -9999.0 -9999.0 -9999.0 -9999.0 -9999.0 -9999.0 -9999.0 -9999.0 -9999.0 -9999.0 -9999.0 -9999.0 -9999.0 -9999.0 -9999.0 -9999.0 -9999.0 -9999.0 -9999.0 -9999.0 -9999.0 -9999.0 -9999.0 -9999.0 -9999.0 -9999.0 -9999.0 -9999.0 -9999.0 -9999.0 -9999.0 -9999.0 -9999.0 -9999.0 -9999.0 -9999.0 -9999.0 -9999.0 -9999.0 -9999.0 -9999.0 -9999.0 -9999.0 -9999.0 -9999.0 -9999.0 -9999.0 -9999.0 -9999.0 -9999.0 -9999.0 -9999.0 -9999.0 -9999.0 -9999.0 -9999.0 -9999.0 -9999.0 -9999.0 -9999.0 -9999.0 -9999.0 -9999.0 -9999.0 -9999.0 -9999.0 -9999.0 -9999.0 -9999.0 -9999.0 -9999.0 -9999.0 -9999.0 -9999.0 -9999.0 -9999.0 -9999.0 -9999.0 -9999.0 -9999.0 -9999.0 -9999.0 -9999.0 -9999.0 -9999.0 -9999.0 -9999.0 -9999.0 -9999.0 -9999.0 -9999.0 -9999.0 -9999.0 -9999.0 -9999.0 -9999.0 -9999.0 -9999.0 -9999.0