inst/processing_geotop_simulation/geotop_simulation/out/maps3D/PwL0008N0013.asc
ncols         104
nrows         10
xllcorner     -2.000000
yllcorner     0.000000
cellsize      1.000000
NODATA_value  -9999.0
-9999.0 -9999.0 -9999.0 -9999.0 -9999.0 -9999.0 -9999.0 -9999.0 -9999.0 -9999.0 -9999.0 -9999.0 -9999.0 -9999.0 -9999.0 -9999.0 -9999.0 -9999.0 -9999.0 -9999.0 -9999.0 -9999.0 -9999.0 -9999.0 -9999.0 -9999.0 -9999.0 -9999.0 -9999.0 -9999.0 -9999.0 -9999.0 -9999.0 -9999.0 -9999.0 -9999.0 -9999.0 -9999.0 -9999.0 -9999.0 -9999.0 -9999.0 -9999.0 -9999.0 -9999.0 -9999.0 -9999.0 -9999.0 -9999.0 -9999.0 -9999.0 -9999.0 -9999.0 -9999.0 -9999.0 -9999.0 -9999.0 -9999.0 -9999.0 -9999.0 -9999.0 -9999.0 -9999.0 -9999.0 -9999.0 -9999.0 -9999.0 -9999.0 -9999.0 -9999.0 -9999.0 -9999.0 -9999.0 -9999.0 -9999.0 -9999.0 -9999.0 -9999.0 -9999.0 -9999.0 -9999.0 -9999.0 -9999.0 -9999.0 -9999.0 -9999.0 -9999.0 -9999.0 -9999.0 -9999.0 -9999.0 -9999.0 -9999.0 -9999.0 -9999.0 -9999.0 -9999.0 -9999.0 -9999.0 -9999.0 -9999.0 -9999.0 -9999.0 -9999.0
-9999.0 -9999.0 -9999.0 -9999.0 -9999.0 -9999.0 -9999.0 -9999.0 -9999.0 -9999.0 -9999.0 -9999.0 -9999.0 -9999.0 -9999.0 -9999.0 -9999.0 -9999.0 -9999.0 -9999.0 -9999.0 -9999.0 -9999.0 -9999.0 -9999.0 -9999.0 -9999.0 -9999.0 -9999.0 -9999.0 -9999.0 -9999.0 -9999.0 -9999.0 -9999.0 -9999.0 -9999.0 -9999.0 -9999.0 -9999.0 -9999.0 -9999.0 -9999.0 -9999.0 -9999.0 -9999.0 -9999.0 -9999.0 -9999.0 -9999.0 -9999.0 -9999.0 -9999.0 -9999.0 -9999.0 -9999.0 -9999.0 -9999.0 -9999.0 -9999.0 -9999.0 -9999.0 -9999.0 -9999.0 -9999.0 -9999.0 -9999.0 -9999.0 -9999.0 -9999.0 -9999.0 -9999.0 -9999.0 -9999.0 -9999.0 -9999.0 -9999.0 -9999.0 -9999.0 -9999.0 -9999.0 -9999.0 -9999.0 -9999.0 -9999.0 -9999.0 -9999.0 -9999.0 -9999.0 -9999.0 -9999.0 -9999.0 -9999.0 -9999.0 -9999.0 -9999.0 -9999.0 -9999.0 -9999.0 -9999.0 -9999.0 -9999.0 -9999.0 -9999.0
-9999.0 -9999.0 375.136602 283.127521 192.250053 99.637681 3.174101 -95.243578 -183.803618 -234.560029 -324.048694 -362.982099 -379.643606 -387.044728 -280.064795 -139.323728 14.515445 190.129857 267.151515 225.312234 178.998909 128.535808 73.939197 15.289144 -44.547526 -103.912015 -160.554913 -211.537884 -251.058058 -279.966405 -300.522481 -315.092109 -325.009710 -331.989161 -336.283549 -338.574004 -338.694594 -336.008757 -329.463944 -316.458738 -292.645548 -256.989899 -3373.490153 -4579.189825 -4579.207920 -4579.207920 -4579.207920 -4579.207920 -4579.207920 -4579.207920 -4579.207920 -4579.207920 -4579.207920 -4579.207920 -4579.207920 -4579.207920 -4579.207920 -4579.207920 -4579.207920 -4579.207920 -4579.179471 -3245.767830 340.677313 257.497228 176.079514 94.765464 13.291067 -66.722776 -141.750046 -206.437081 -256.699378 -291.964114 -314.929901 -329.380968 -338.457238 -344.093127 -347.669222 -350.036405 -351.633637 -352.673971 -353.515482 -354.124371 -354.547708 -354.906190 -355.269016 -355.621248 -355.981374 -356.424323 -357.057248 -357.982175 -359.363351 -361.491035 -364.778464 -369.863690 -377.679324 -389.552025 -407.299942 -433.302037 -471.435402 -530.995067 -631.117524 -797.227676 -9999.0 -9999.0
-9999.0 -9999.0 375.213850 283.153670 192.259039 99.641047 3.175423 -95.243079 -183.803443 -234.559983 -324.048679 -362.982096 -379.643605 -387.044728 -280.064795 -139.323728 14.515445 190.129857 267.151515 225.312234 178.998909 128.535808 73.939197 15.289144 -44.547527 -103.912015 -160.554913 -211.537884 -251.058058 -279.966405 -300.522480 -315.092108 -325.009710 -331.989161 -336.283549 -338.574004 -338.694595 -336.008757 -329.463945 -316.458738 -292.645549 -256.989900 -3373.490153 -4579.189825 -4579.207920 -4579.207920 -4579.207920 -4579.207920 -4579.207920 -4579.207920 -4579.207920 -4579.207920 -4579.207920 -4579.207920 -4579.207920 -4579.207920 -4579.207920 -4579.207920 -4579.207920 -4579.207920 -4579.179471 -3245.767830 340.677313 257.497228 176.079514 94.765464 13.291067 -66.722776 -141.750046 -206.437081 -256.699378 -291.964114 -314.929901 -329.380968 -338.457238 -344.093127 -347.669222 -350.036405 -351.633637 -352.673971 -353.515482 -354.124371 -354.547708 -354.906190 -355.269016 -355.621248 -355.981374 -356.424323 -357.057248 -357.982175 -359.363351 -361.491035 -364.778464 -369.863690 -377.679324 -389.552025 -407.299941 -433.302037 -471.435401 -530.995068 -631.117523 -797.227676 -9999.0 -9999.0
-9999.0 -9999.0 375.236872 283.167309 192.265452 99.643875 3.176629 -95.242604 -183.803273 -234.559937 -324.048664 -362.982092 -379.643604 -387.044728 -280.064794 -139.323728 14.515445 190.129857 267.151515 225.312234 178.998909 128.535808 73.939197 15.289144 -44.547527 -103.912015 -160.554913 -211.537884 -251.058058 -279.966405 -300.522480 -315.092109 -325.009710 -331.989162 -336.283549 -338.574003 -338.694595 -336.008757 -329.463944 -316.458738 -292.645548 -256.989900 -3373.490153 -4579.189825 -4579.207920 -4579.207920 -4579.207920 -4579.207920 -4579.207920 -4579.207920 -4579.207920 -4579.207920 -4579.207920 -4579.207920 -4579.207920 -4579.207920 -4579.207920 -4579.207920 -4579.207920 -4579.207920 -4579.179471 -3245.767830 340.677313 257.497228 176.079514 94.765464 13.291067 -66.722776 -141.750046 -206.437081 -256.699378 -291.964114 -314.929901 -329.380968 -338.457238 -344.093127 -347.669222 -350.036405 -351.633637 -352.673971 -353.515482 -354.124371 -354.547708 -354.906190 -355.269016 -355.621248 -355.981374 -356.424323 -357.057248 -357.982175 -359.363351 -361.491035 -364.778464 -369.863690 -377.679324 -389.552025 -407.299941 -433.302037 -471.435402 -530.995067 -631.117524 -797.227675 -9999.0 -9999.0
-9999.0 -9999.0 375.236872 283.167309 192.265452 99.643875 3.176629 -95.242604 -183.803273 -234.559937 -324.048664 -362.982092 -379.643604 -387.044728 -280.064794 -139.323728 14.515445 190.129857 267.151515 225.312234 178.998909 128.535808 73.939197 15.289144 -44.547527 -103.912015 -160.554913 -211.537884 -251.058058 -279.966405 -300.522480 -315.092109 -325.009710 -331.989162 -336.283549 -338.574003 -338.694595 -336.008757 -329.463944 -316.458738 -292.645548 -256.989900 -3373.490153 -4579.189825 -4579.207920 -4579.207920 -4579.207920 -4579.207920 -4579.207920 -4579.207920 -4579.207920 -4579.207920 -4579.207920 -4579.207920 -4579.207920 -4579.207920 -4579.207920 -4579.207920 -4579.207920 -4579.207920 -4579.179471 -3245.767830 340.677313 257.497228 176.079514 94.765464 13.291067 -66.722776 -141.750046 -206.437081 -256.699378 -291.964114 -314.929901 -329.380968 -338.457238 -344.093127 -347.669222 -350.036405 -351.633637 -352.673971 -353.515482 -354.124371 -354.547708 -354.906190 -355.269016 -355.621248 -355.981374 -356.424323 -357.057248 -357.982175 -359.363351 -361.491035 -364.778464 -369.863690 -377.679324 -389.552025 -407.299941 -433.302037 -471.435401 -530.995068 -631.117523 -797.227676 -9999.0 -9999.0
-9999.0 -9999.0 375.213850 283.153670 192.259039 99.641047 3.175423 -95.243079 -183.803443 -234.559983 -324.048679 -362.982096 -379.643605 -387.044728 -280.064795 -139.323728 14.515445 190.129857 267.151515 225.312234 178.998909 128.535808 73.939197 15.289144 -44.547527 -103.912015 -160.554913 -211.537884 -251.058058 -279.966405 -300.522480 -315.092108 -325.009710 -331.989161 -336.283549 -338.574004 -338.694595 -336.008757 -329.463945 -316.458738 -292.645549 -256.989900 -3373.490153 -4579.189825 -4579.207920 -4579.207920 -4579.207920 -4579.207920 -4579.207920 -4579.207920 -4579.207920 -4579.207920 -4579.207920 -4579.207920 -4579.207920 -4579.207920 -4579.207920 -4579.207920 -4579.207920 -4579.207920 -4579.179471 -3245.767830 340.677313 257.497228 176.079514 94.765464 13.291067 -66.722776 -141.750046 -206.437081 -256.699378 -291.964114 -314.929901 -329.380968 -338.457238 -344.093127 -347.669222 -350.036405 -351.633637 -352.673971 -353.515482 -354.124371 -354.547708 -354.906190 -355.269016 -355.621248 -355.981374 -356.424323 -357.057248 -357.982175 -359.363351 -361.491035 -364.778464 -369.863690 -377.679324 -389.552025 -407.299941 -433.302037 -471.435402 -530.995067 -631.117524 -797.227676 -9999.0 -9999.0
-9999.0 -9999.0 375.136602 283.127521 192.250053 99.637681 3.174101 -95.243578 -183.803618 -234.560029 -324.048694 -362.982099 -379.643606 -387.044728 -280.064795 -139.323728 14.515445 190.129857 267.151515 225.312234 178.998909 128.535808 73.939197 15.289144 -44.547526 -103.912015 -160.554913 -211.537884 -251.058058 -279.966405 -300.522481 -315.092109 -325.009710 -331.989161 -336.283549 -338.574004 -338.694594 -336.008757 -329.463944 -316.458738 -292.645548 -256.989899 -3373.490153 -4579.189825 -4579.207920 -4579.207920 -4579.207920 -4579.207920 -4579.207920 -4579.207920 -4579.207920 -4579.207920 -4579.207920 -4579.207920 -4579.207920 -4579.207920 -4579.207920 -4579.207920 -4579.207920 -4579.207920 -4579.179471 -3245.767830 340.677313 257.497228 176.079514 94.765464 13.291067 -66.722776 -141.750046 -206.437081 -256.699378 -291.964114 -314.929901 -329.380968 -338.457238 -344.093127 -347.669222 -350.036405 -351.633637 -352.673971 -353.515482 -354.124371 -354.547708 -354.906190 -355.269016 -355.621248 -355.981374 -356.424323 -357.057248 -357.982175 -359.363351 -361.491035 -364.778464 -369.863690 -377.679324 -389.552025 -407.299941 -433.302037 -471.435401 -530.995068 -631.117523 -797.227676 -9999.0 -9999.0
-9999.0 -9999.0 -9999.0 -9999.0 -9999.0 -9999.0 -9999.0 -9999.0 -9999.0 -9999.0 -9999.0 -9999.0 -9999.0 -9999.0 -9999.0 -9999.0 -9999.0 -9999.0 -9999.0 -9999.0 -9999.0 -9999.0 -9999.0 -9999.0 -9999.0 -9999.0 -9999.0 -9999.0 -9999.0 -9999.0 -9999.0 -9999.0 -9999.0 -9999.0 -9999.0 -9999.0 -9999.0 -9999.0 -9999.0 -9999.0 -9999.0 -9999.0 -9999.0 -9999.0 -9999.0 -9999.0 -9999.0 -9999.0 -9999.0 -9999.0 -9999.0 -9999.0 -9999.0 -9999.0 -9999.0 -9999.0 -9999.0 -9999.0 -9999.0 -9999.0 -9999.0 -9999.0 -9999.0 -9999.0 -9999.0 -9999.0 -9999.0 -9999.0 -9999.0 -9999.0 -9999.0 -9999.0 -9999.0 -9999.0 -9999.0 -9999.0 -9999.0 -9999.0 -9999.0 -9999.0 -9999.0 -9999.0 -9999.0 -9999.0 -9999.0 -9999.0 -9999.0 -9999.0 -9999.0 -9999.0 -9999.0 -9999.0 -9999.0 -9999.0 -9999.0 -9999.0 -9999.0 -9999.0 -9999.0 -9999.0 -9999.0 -9999.0 -9999.0 -9999.0
-9999.0 -9999.0 -9999.0 -9999.0 -9999.0 -9999.0 -9999.0 -9999.0 -9999.0 -9999.0 -9999.0 -9999.0 -9999.0 -9999.0 -9999.0 -9999.0 -9999.0 -9999.0 -9999.0 -9999.0 -9999.0 -9999.0 -9999.0 -9999.0 -9999.0 -9999.0 -9999.0 -9999.0 -9999.0 -9999.0 -9999.0 -9999.0 -9999.0 -9999.0 -9999.0 -9999.0 -9999.0 -9999.0 -9999.0 -9999.0 -9999.0 -9999.0 -9999.0 -9999.0 -9999.0 -9999.0 -9999.0 -9999.0 -9999.0 -9999.0 -9999.0 -9999.0 -9999.0 -9999.0 -9999.0 -9999.0 -9999.0 -9999.0 -9999.0 -9999.0 -9999.0 -9999.0 -9999.0 -9999.0 -9999.0 -9999.0 -9999.0 -9999.0 -9999.0 -9999.0 -9999.0 -9999.0 -9999.0 -9999.0 -9999.0 -9999.0 -9999.0 -9999.0 -9999.0 -9999.0 -9999.0 -9999.0 -9999.0 -9999.0 -9999.0 -9999.0 -9999.0 -9999.0 -9999.0 -9999.0 -9999.0 -9999.0 -9999.0 -9999.0 -9999.0 -9999.0 -9999.0 -9999.0 -9999.0 -9999.0 -9999.0 -9999.0 -9999.0 -9999.0