inst/processing_geotop_simulation/geotop_simulation/out/maps3D/PwL0008N0310.asc
ncols         104
nrows         10
xllcorner     -2.000000
yllcorner     0.000000
cellsize      1.000000
NODATA_value  -9999.0
-9999.0 -9999.0 -9999.0 -9999.0 -9999.0 -9999.0 -9999.0 -9999.0 -9999.0 -9999.0 -9999.0 -9999.0 -9999.0 -9999.0 -9999.0 -9999.0 -9999.0 -9999.0 -9999.0 -9999.0 -9999.0 -9999.0 -9999.0 -9999.0 -9999.0 -9999.0 -9999.0 -9999.0 -9999.0 -9999.0 -9999.0 -9999.0 -9999.0 -9999.0 -9999.0 -9999.0 -9999.0 -9999.0 -9999.0 -9999.0 -9999.0 -9999.0 -9999.0 -9999.0 -9999.0 -9999.0 -9999.0 -9999.0 -9999.0 -9999.0 -9999.0 -9999.0 -9999.0 -9999.0 -9999.0 -9999.0 -9999.0 -9999.0 -9999.0 -9999.0 -9999.0 -9999.0 -9999.0 -9999.0 -9999.0 -9999.0 -9999.0 -9999.0 -9999.0 -9999.0 -9999.0 -9999.0 -9999.0 -9999.0 -9999.0 -9999.0 -9999.0 -9999.0 -9999.0 -9999.0 -9999.0 -9999.0 -9999.0 -9999.0 -9999.0 -9999.0 -9999.0 -9999.0 -9999.0 -9999.0 -9999.0 -9999.0 -9999.0 -9999.0 -9999.0 -9999.0 -9999.0 -9999.0 -9999.0 -9999.0 -9999.0 -9999.0 -9999.0 -9999.0
-9999.0 -9999.0 -9999.0 -9999.0 -9999.0 -9999.0 -9999.0 -9999.0 -9999.0 -9999.0 -9999.0 -9999.0 -9999.0 -9999.0 -9999.0 -9999.0 -9999.0 -9999.0 -9999.0 -9999.0 -9999.0 -9999.0 -9999.0 -9999.0 -9999.0 -9999.0 -9999.0 -9999.0 -9999.0 -9999.0 -9999.0 -9999.0 -9999.0 -9999.0 -9999.0 -9999.0 -9999.0 -9999.0 -9999.0 -9999.0 -9999.0 -9999.0 -9999.0 -9999.0 -9999.0 -9999.0 -9999.0 -9999.0 -9999.0 -9999.0 -9999.0 -9999.0 -9999.0 -9999.0 -9999.0 -9999.0 -9999.0 -9999.0 -9999.0 -9999.0 -9999.0 -9999.0 -9999.0 -9999.0 -9999.0 -9999.0 -9999.0 -9999.0 -9999.0 -9999.0 -9999.0 -9999.0 -9999.0 -9999.0 -9999.0 -9999.0 -9999.0 -9999.0 -9999.0 -9999.0 -9999.0 -9999.0 -9999.0 -9999.0 -9999.0 -9999.0 -9999.0 -9999.0 -9999.0 -9999.0 -9999.0 -9999.0 -9999.0 -9999.0 -9999.0 -9999.0 -9999.0 -9999.0 -9999.0 -9999.0 -9999.0 -9999.0 -9999.0 -9999.0
-9999.0 -9999.0 374.801709 277.536627 179.264486 80.591678 -18.241187 -117.136655 -216.052507 -314.956163 -413.814641 -512.565723 -611.074915 -709.081230 -807.137279 -905.096612 -1002.861848 -1100.442724 -1196.058960 -1289.432251 -1378.831902 -1461.404012 -1534.049355 -1594.736405 -1643.086765 -1680.111716 -1707.584910 -1727.474064 -1741.594354 -1751.461964 -1758.269286 -1762.916425 -1766.062482 -1768.178705 -1769.596055 -1770.545931 -1771.199343 -1771.735127 -1772.575841 -1775.139152 -1781.771334 -1768.945345 -1221.500607 -1294.069872 -1265.810352 -1247.666160 -1239.280181 -1238.089720 -1237.965539 -1237.977695 -1238.009342 -1238.043346 -1238.076015 -1238.106261 -1238.134318 -1238.166840 -1238.267713 -1238.960144 -1243.343253 -1253.207711 -1266.195423 -1177.989188 -1739.064727 -1774.975267 -1773.722909 -1772.769754 -1772.558419 -1772.521865 -1772.516457 -1772.516188 -1772.516688 -1772.517206 -1772.517627 -1772.517953 -1772.518204 -1772.518402 -1772.518559 -1772.518689 -1772.518798 -1772.518897 -1772.518995 -1772.519104 -1772.519241 -1772.519429 -1772.519705 -1772.520126 -1772.520786 -1772.521842 -1772.523562 -1772.526421 -1772.531287 -1772.539802 -1772.555157 -1772.583689 -1772.638236 -1772.745519 -1772.963801 -1773.429102 -1774.485875 -1777.092049 -1784.295263 -1807.793321 -9999.0 -9999.0
-9999.0 -9999.0 374.808735 277.538412 179.264966 80.591821 -18.241141 -117.136640 -216.052501 -314.956161 -413.814640 -512.565722 -611.074914 -709.081230 -807.137279 -905.096612 -1002.861848 -1100.442724 -1196.058960 -1289.432251 -1378.831902 -1461.404012 -1534.049355 -1594.736405 -1643.086765 -1680.111716 -1707.584910 -1727.474064 -1741.594354 -1751.461964 -1758.269286 -1762.916425 -1766.062482 -1768.178705 -1769.596055 -1770.545931 -1771.199343 -1771.735127 -1772.575841 -1775.139152 -1781.771334 -1768.945345 -1221.500607 -1294.069872 -1265.810352 -1247.666160 -1239.280181 -1238.089720 -1237.965539 -1237.977695 -1238.009342 -1238.043346 -1238.076015 -1238.106261 -1238.134318 -1238.166840 -1238.267713 -1238.960144 -1243.343253 -1253.207711 -1266.195423 -1177.989188 -1739.064727 -1774.975267 -1773.722909 -1772.769754 -1772.558419 -1772.521865 -1772.516457 -1772.516188 -1772.516688 -1772.517206 -1772.517627 -1772.517953 -1772.518204 -1772.518402 -1772.518559 -1772.518689 -1772.518798 -1772.518897 -1772.518995 -1772.519104 -1772.519241 -1772.519429 -1772.519705 -1772.520126 -1772.520786 -1772.521842 -1772.523562 -1772.526421 -1772.531287 -1772.539802 -1772.555157 -1772.583689 -1772.638236 -1772.745519 -1772.963801 -1773.429102 -1774.485875 -1777.092049 -1784.295263 -1807.793321 -9999.0 -9999.0
-9999.0 -9999.0 374.810177 277.539184 179.265275 80.591934 -18.241101 -117.136625 -216.052496 -314.956159 -413.814640 -512.565722 -611.074914 -709.081230 -807.137279 -905.096612 -1002.861848 -1100.442724 -1196.058960 -1289.432251 -1378.831902 -1461.404012 -1534.049355 -1594.736405 -1643.086765 -1680.111716 -1707.584910 -1727.474064 -1741.594354 -1751.461965 -1758.269286 -1762.916425 -1766.062482 -1768.178705 -1769.596055 -1770.545931 -1771.199343 -1771.735127 -1772.575841 -1775.139152 -1781.771334 -1768.945345 -1221.500607 -1294.069872 -1265.810352 -1247.666159 -1239.280181 -1238.089720 -1237.965539 -1237.977695 -1238.009342 -1238.043346 -1238.076015 -1238.106261 -1238.134318 -1238.166840 -1238.267713 -1238.960144 -1243.343253 -1253.207711 -1266.195423 -1177.989188 -1739.064727 -1774.975267 -1773.722909 -1772.769754 -1772.558419 -1772.521865 -1772.516457 -1772.516188 -1772.516688 -1772.517206 -1772.517627 -1772.517953 -1772.518204 -1772.518402 -1772.518559 -1772.518689 -1772.518798 -1772.518897 -1772.518995 -1772.519104 -1772.519241 -1772.519429 -1772.519705 -1772.520126 -1772.520786 -1772.521842 -1772.523562 -1772.526421 -1772.531287 -1772.539802 -1772.555157 -1772.583689 -1772.638236 -1772.745519 -1772.963801 -1773.429102 -1774.485875 -1777.092049 -1784.295263 -1807.793321 -9999.0 -9999.0
-9999.0 -9999.0 374.810177 277.539184 179.265275 80.591934 -18.241101 -117.136625 -216.052496 -314.956159 -413.814640 -512.565722 -611.074914 -709.081230 -807.137279 -905.096612 -1002.861848 -1100.442724 -1196.058960 -1289.432251 -1378.831902 -1461.404012 -1534.049355 -1594.736405 -1643.086765 -1680.111716 -1707.584910 -1727.474064 -1741.594354 -1751.461965 -1758.269286 -1762.916425 -1766.062482 -1768.178705 -1769.596055 -1770.545931 -1771.199343 -1771.735127 -1772.575841 -1775.139152 -1781.771334 -1768.945345 -1221.500607 -1294.069872 -1265.810352 -1247.666159 -1239.280181 -1238.089720 -1237.965539 -1237.977695 -1238.009342 -1238.043346 -1238.076015 -1238.106261 -1238.134318 -1238.166840 -1238.267713 -1238.960144 -1243.343253 -1253.207711 -1266.195423 -1177.989188 -1739.064727 -1774.975267 -1773.722909 -1772.769754 -1772.558419 -1772.521865 -1772.516457 -1772.516188 -1772.516688 -1772.517206 -1772.517627 -1772.517953 -1772.518204 -1772.518402 -1772.518559 -1772.518689 -1772.518798 -1772.518897 -1772.518995 -1772.519104 -1772.519241 -1772.519429 -1772.519705 -1772.520126 -1772.520786 -1772.521842 -1772.523562 -1772.526421 -1772.531287 -1772.539802 -1772.555157 -1772.583689 -1772.638236 -1772.745519 -1772.963801 -1773.429102 -1774.485875 -1777.092049 -1784.295263 -1807.793321 -9999.0 -9999.0
-9999.0 -9999.0 374.808735 277.538412 179.264966 80.591821 -18.241141 -117.136640 -216.052501 -314.956161 -413.814640 -512.565722 -611.074915 -709.081230 -807.137279 -905.096612 -1002.861848 -1100.442724 -1196.058960 -1289.432251 -1378.831902 -1461.404012 -1534.049355 -1594.736405 -1643.086765 -1680.111716 -1707.584910 -1727.474064 -1741.594354 -1751.461964 -1758.269286 -1762.916425 -1766.062482 -1768.178705 -1769.596055 -1770.545931 -1771.199343 -1771.735127 -1772.575841 -1775.139152 -1781.771334 -1768.945345 -1221.500607 -1294.069872 -1265.810352 -1247.666160 -1239.280181 -1238.089720 -1237.965539 -1237.977695 -1238.009342 -1238.043346 -1238.076015 -1238.106261 -1238.134318 -1238.166840 -1238.267713 -1238.960144 -1243.343253 -1253.207711 -1266.195423 -1177.989188 -1739.064727 -1774.975267 -1773.722909 -1772.769754 -1772.558419 -1772.521865 -1772.516457 -1772.516188 -1772.516688 -1772.517206 -1772.517627 -1772.517953 -1772.518204 -1772.518402 -1772.518559 -1772.518689 -1772.518798 -1772.518897 -1772.518995 -1772.519104 -1772.519241 -1772.519429 -1772.519705 -1772.520126 -1772.520786 -1772.521842 -1772.523562 -1772.526421 -1772.531287 -1772.539802 -1772.555157 -1772.583689 -1772.638236 -1772.745519 -1772.963801 -1773.429102 -1774.485875 -1777.092049 -1784.295263 -1807.793321 -9999.0 -9999.0
-9999.0 -9999.0 374.801709 277.536627 179.264486 80.591678 -18.241187 -117.136655 -216.052507 -314.956163 -413.814641 -512.565723 -611.074915 -709.081230 -807.137279 -905.096612 -1002.861848 -1100.442724 -1196.058960 -1289.432251 -1378.831902 -1461.404012 -1534.049355 -1594.736405 -1643.086765 -1680.111716 -1707.584910 -1727.474064 -1741.594354 -1751.461964 -1758.269286 -1762.916425 -1766.062482 -1768.178705 -1769.596055 -1770.545931 -1771.199343 -1771.735127 -1772.575841 -1775.139152 -1781.771334 -1768.945345 -1221.500607 -1294.069872 -1265.810352 -1247.666160 -1239.280181 -1238.089720 -1237.965539 -1237.977695 -1238.009342 -1238.043346 -1238.076015 -1238.106261 -1238.134318 -1238.166840 -1238.267713 -1238.960144 -1243.343253 -1253.207711 -1266.195423 -1177.989188 -1739.064727 -1774.975267 -1773.722909 -1772.769754 -1772.558419 -1772.521865 -1772.516457 -1772.516188 -1772.516688 -1772.517206 -1772.517627 -1772.517953 -1772.518204 -1772.518402 -1772.518559 -1772.518689 -1772.518798 -1772.518897 -1772.518995 -1772.519104 -1772.519241 -1772.519429 -1772.519705 -1772.520126 -1772.520786 -1772.521842 -1772.523562 -1772.526421 -1772.531287 -1772.539802 -1772.555157 -1772.583689 -1772.638236 -1772.745519 -1772.963801 -1773.429102 -1774.485875 -1777.092049 -1784.295263 -1807.793321 -9999.0 -9999.0
-9999.0 -9999.0 -9999.0 -9999.0 -9999.0 -9999.0 -9999.0 -9999.0 -9999.0 -9999.0 -9999.0 -9999.0 -9999.0 -9999.0 -9999.0 -9999.0 -9999.0 -9999.0 -9999.0 -9999.0 -9999.0 -9999.0 -9999.0 -9999.0 -9999.0 -9999.0 -9999.0 -9999.0 -9999.0 -9999.0 -9999.0 -9999.0 -9999.0 -9999.0 -9999.0 -9999.0 -9999.0 -9999.0 -9999.0 -9999.0 -9999.0 -9999.0 -9999.0 -9999.0 -9999.0 -9999.0 -9999.0 -9999.0 -9999.0 -9999.0 -9999.0 -9999.0 -9999.0 -9999.0 -9999.0 -9999.0 -9999.0 -9999.0 -9999.0 -9999.0 -9999.0 -9999.0 -9999.0 -9999.0 -9999.0 -9999.0 -9999.0 -9999.0 -9999.0 -9999.0 -9999.0 -9999.0 -9999.0 -9999.0 -9999.0 -9999.0 -9999.0 -9999.0 -9999.0 -9999.0 -9999.0 -9999.0 -9999.0 -9999.0 -9999.0 -9999.0 -9999.0 -9999.0 -9999.0 -9999.0 -9999.0 -9999.0 -9999.0 -9999.0 -9999.0 -9999.0 -9999.0 -9999.0 -9999.0 -9999.0 -9999.0 -9999.0 -9999.0 -9999.0
-9999.0 -9999.0 -9999.0 -9999.0 -9999.0 -9999.0 -9999.0 -9999.0 -9999.0 -9999.0 -9999.0 -9999.0 -9999.0 -9999.0 -9999.0 -9999.0 -9999.0 -9999.0 -9999.0 -9999.0 -9999.0 -9999.0 -9999.0 -9999.0 -9999.0 -9999.0 -9999.0 -9999.0 -9999.0 -9999.0 -9999.0 -9999.0 -9999.0 -9999.0 -9999.0 -9999.0 -9999.0 -9999.0 -9999.0 -9999.0 -9999.0 -9999.0 -9999.0 -9999.0 -9999.0 -9999.0 -9999.0 -9999.0 -9999.0 -9999.0 -9999.0 -9999.0 -9999.0 -9999.0 -9999.0 -9999.0 -9999.0 -9999.0 -9999.0 -9999.0 -9999.0 -9999.0 -9999.0 -9999.0 -9999.0 -9999.0 -9999.0 -9999.0 -9999.0 -9999.0 -9999.0 -9999.0 -9999.0 -9999.0 -9999.0 -9999.0 -9999.0 -9999.0 -9999.0 -9999.0 -9999.0 -9999.0 -9999.0 -9999.0 -9999.0 -9999.0 -9999.0 -9999.0 -9999.0 -9999.0 -9999.0 -9999.0 -9999.0 -9999.0 -9999.0 -9999.0 -9999.0 -9999.0 -9999.0 -9999.0 -9999.0 -9999.0 -9999.0 -9999.0