inst/processing_geotop_simulation/geotop_simulation/out/maps3D/PwL0005N0168.asc
ncols         104
nrows         10
xllcorner     -2.000000
yllcorner     0.000000
cellsize      1.000000
NODATA_value  -9999.0
-9999.0 -9999.0 -9999.0 -9999.0 -9999.0 -9999.0 -9999.0 -9999.0 -9999.0 -9999.0 -9999.0 -9999.0 -9999.0 -9999.0 -9999.0 -9999.0 -9999.0 -9999.0 -9999.0 -9999.0 -9999.0 -9999.0 -9999.0 -9999.0 -9999.0 -9999.0 -9999.0 -9999.0 -9999.0 -9999.0 -9999.0 -9999.0 -9999.0 -9999.0 -9999.0 -9999.0 -9999.0 -9999.0 -9999.0 -9999.0 -9999.0 -9999.0 -9999.0 -9999.0 -9999.0 -9999.0 -9999.0 -9999.0 -9999.0 -9999.0 -9999.0 -9999.0 -9999.0 -9999.0 -9999.0 -9999.0 -9999.0 -9999.0 -9999.0 -9999.0 -9999.0 -9999.0 -9999.0 -9999.0 -9999.0 -9999.0 -9999.0 -9999.0 -9999.0 -9999.0 -9999.0 -9999.0 -9999.0 -9999.0 -9999.0 -9999.0 -9999.0 -9999.0 -9999.0 -9999.0 -9999.0 -9999.0 -9999.0 -9999.0 -9999.0 -9999.0 -9999.0 -9999.0 -9999.0 -9999.0 -9999.0 -9999.0 -9999.0 -9999.0 -9999.0 -9999.0 -9999.0 -9999.0 -9999.0 -9999.0 -9999.0 -9999.0 -9999.0 -9999.0
-9999.0 -9999.0 -9999.0 -9999.0 -9999.0 -9999.0 -9999.0 -9999.0 -9999.0 -9999.0 -9999.0 -9999.0 -9999.0 -9999.0 -9999.0 -9999.0 -9999.0 -9999.0 -9999.0 -9999.0 -9999.0 -9999.0 -9999.0 -9999.0 -9999.0 -9999.0 -9999.0 -9999.0 -9999.0 -9999.0 -9999.0 -9999.0 -9999.0 -9999.0 -9999.0 -9999.0 -9999.0 -9999.0 -9999.0 -9999.0 -9999.0 -9999.0 -9999.0 -9999.0 -9999.0 -9999.0 -9999.0 -9999.0 -9999.0 -9999.0 -9999.0 -9999.0 -9999.0 -9999.0 -9999.0 -9999.0 -9999.0 -9999.0 -9999.0 -9999.0 -9999.0 -9999.0 -9999.0 -9999.0 -9999.0 -9999.0 -9999.0 -9999.0 -9999.0 -9999.0 -9999.0 -9999.0 -9999.0 -9999.0 -9999.0 -9999.0 -9999.0 -9999.0 -9999.0 -9999.0 -9999.0 -9999.0 -9999.0 -9999.0 -9999.0 -9999.0 -9999.0 -9999.0 -9999.0 -9999.0 -9999.0 -9999.0 -9999.0 -9999.0 -9999.0 -9999.0 -9999.0 -9999.0 -9999.0 -9999.0 -9999.0 -9999.0 -9999.0 -9999.0
-9999.0 -9999.0 232.018686 141.994714 47.563121 -48.230866 -144.550707 -241.075415 -337.615828 -434.037502 -530.137607 -625.422464 -719.691105 -813.496791 -907.186709 -1001.156032 -1094.475527 -1186.641344 -1277.452328 -1359.773713 -1425.421292 -1473.333193 -1506.076943 -1527.590007 -1541.519280 -1550.585126 -1556.583849 -1560.622291 -1563.369724 -1565.242626 -1566.514596 -1567.372876 -1567.948013 -1568.330883 -1568.584226 -1568.752732 -1568.874909 -1569.005024 -1569.329130 -1570.963134 -1578.987019 -1592.071080 -1051.015918 -1065.672078 -1047.808015 -1036.648177 -1031.448191 -1030.723614 -1030.649632 -1030.659598 -1030.681983 -1030.705889 -1030.728842 -1030.750084 -1030.769700 -1030.791604 -1030.854039 -1031.276950 -1034.006326 -1040.177579 -1049.737876 -1022.891986 -1569.409349 -1574.374002 -1570.147629 -1569.311833 -1569.182526 -1569.162474 -1569.160108 -1569.160815 -1569.161895 -1569.162827 -1569.163551 -1569.164100 -1569.164519 -1569.164844 -1569.165101 -1569.165307 -1569.165480 -1569.165632 -1569.165781 -1569.165945 -1569.166152 -1569.166438 -1569.166862 -1569.167513 -1569.168538 -1569.170175 -1569.172831 -1569.177211 -1569.184590 -1569.197335 -1569.220001 -1569.261532 -1569.339753 -1569.490558 -1569.787647 -1570.389418 -1571.663872 -1574.550083 -1581.764530 -1603.542284 -9999.0 -9999.0
-9999.0 -9999.0 232.028723 141.996908 47.563688 -48.230700 -144.550655 -241.075397 -337.615822 -434.037500 -530.137607 -625.422463 -719.691105 -813.496791 -907.186709 -1001.156032 -1094.475527 -1186.641344 -1277.452328 -1359.773713 -1425.421292 -1473.333193 -1506.076943 -1527.590007 -1541.519280 -1550.585126 -1556.583849 -1560.622291 -1563.369724 -1565.242626 -1566.514596 -1567.372876 -1567.948013 -1568.330883 -1568.584226 -1568.752732 -1568.874909 -1569.005024 -1569.329130 -1570.963134 -1578.987019 -1592.071080 -1051.015918 -1065.672078 -1047.808015 -1036.648176 -1031.448191 -1030.723614 -1030.649632 -1030.659598 -1030.681983 -1030.705889 -1030.728842 -1030.750084 -1030.769700 -1030.791604 -1030.854039 -1031.276950 -1034.006326 -1040.177579 -1049.737876 -1022.891986 -1569.409349 -1574.374002 -1570.147629 -1569.311833 -1569.182526 -1569.162474 -1569.160108 -1569.160815 -1569.161895 -1569.162827 -1569.163551 -1569.164100 -1569.164519 -1569.164844 -1569.165101 -1569.165307 -1569.165480 -1569.165632 -1569.165781 -1569.165945 -1569.166152 -1569.166438 -1569.166862 -1569.167513 -1569.168538 -1569.170175 -1569.172831 -1569.177211 -1569.184590 -1569.197335 -1569.220001 -1569.261532 -1569.339753 -1569.490558 -1569.787647 -1570.389418 -1571.663872 -1574.550083 -1581.764530 -1603.542284 -9999.0 -9999.0
-9999.0 -9999.0 232.030300 141.997808 47.564046 -48.230570 -144.550609 -241.075381 -337.615816 -434.037498 -530.137606 -625.422463 -719.691105 -813.496791 -907.186709 -1001.156032 -1094.475528 -1186.641344 -1277.452328 -1359.773713 -1425.421292 -1473.333193 -1506.076943 -1527.590007 -1541.519280 -1550.585126 -1556.583849 -1560.622291 -1563.369724 -1565.242626 -1566.514596 -1567.372876 -1567.948013 -1568.330883 -1568.584226 -1568.752732 -1568.874909 -1569.005024 -1569.329130 -1570.963134 -1578.987019 -1592.071080 -1051.015918 -1065.672078 -1047.808015 -1036.648176 -1031.448191 -1030.723614 -1030.649632 -1030.659598 -1030.681983 -1030.705889 -1030.728842 -1030.750084 -1030.769700 -1030.791604 -1030.854039 -1031.276950 -1034.006326 -1040.177579 -1049.737876 -1022.891986 -1569.409349 -1574.374002 -1570.147629 -1569.311833 -1569.182526 -1569.162474 -1569.160108 -1569.160815 -1569.161895 -1569.162827 -1569.163551 -1569.164100 -1569.164519 -1569.164844 -1569.165101 -1569.165307 -1569.165480 -1569.165632 -1569.165781 -1569.165945 -1569.166152 -1569.166438 -1569.166862 -1569.167513 -1569.168538 -1569.170175 -1569.172831 -1569.177211 -1569.184590 -1569.197335 -1569.220001 -1569.261532 -1569.339753 -1569.490558 -1569.787647 -1570.389418 -1571.663872 -1574.550083 -1581.764530 -1603.542284 -9999.0 -9999.0
-9999.0 -9999.0 232.030300 141.997808 47.564046 -48.230570 -144.550609 -241.075381 -337.615816 -434.037498 -530.137606 -625.422463 -719.691105 -813.496791 -907.186709 -1001.156032 -1094.475528 -1186.641344 -1277.452328 -1359.773713 -1425.421292 -1473.333193 -1506.076943 -1527.590007 -1541.519280 -1550.585126 -1556.583849 -1560.622291 -1563.369724 -1565.242626 -1566.514596 -1567.372876 -1567.948013 -1568.330883 -1568.584226 -1568.752732 -1568.874909 -1569.005024 -1569.329130 -1570.963134 -1578.987019 -1592.071080 -1051.015918 -1065.672078 -1047.808015 -1036.648176 -1031.448191 -1030.723614 -1030.649632 -1030.659598 -1030.681983 -1030.705889 -1030.728842 -1030.750084 -1030.769700 -1030.791604 -1030.854039 -1031.276950 -1034.006326 -1040.177579 -1049.737876 -1022.891986 -1569.409349 -1574.374002 -1570.147629 -1569.311833 -1569.182526 -1569.162474 -1569.160108 -1569.160815 -1569.161895 -1569.162827 -1569.163551 -1569.164100 -1569.164519 -1569.164844 -1569.165101 -1569.165307 -1569.165480 -1569.165632 -1569.165781 -1569.165945 -1569.166152 -1569.166438 -1569.166862 -1569.167513 -1569.168538 -1569.170175 -1569.172831 -1569.177211 -1569.184590 -1569.197335 -1569.220001 -1569.261532 -1569.339753 -1569.490558 -1569.787647 -1570.389418 -1571.663872 -1574.550083 -1581.764530 -1603.542284 -9999.0 -9999.0
-9999.0 -9999.0 232.028723 141.996908 47.563688 -48.230700 -144.550655 -241.075397 -337.615822 -434.037500 -530.137607 -625.422463 -719.691105 -813.496791 -907.186709 -1001.156032 -1094.475527 -1186.641344 -1277.452328 -1359.773713 -1425.421292 -1473.333193 -1506.076943 -1527.590007 -1541.519280 -1550.585126 -1556.583849 -1560.622291 -1563.369724 -1565.242626 -1566.514596 -1567.372876 -1567.948013 -1568.330883 -1568.584226 -1568.752732 -1568.874909 -1569.005024 -1569.329130 -1570.963134 -1578.987019 -1592.071080 -1051.015918 -1065.672078 -1047.808015 -1036.648176 -1031.448191 -1030.723614 -1030.649632 -1030.659598 -1030.681983 -1030.705889 -1030.728842 -1030.750084 -1030.769700 -1030.791604 -1030.854039 -1031.276950 -1034.006326 -1040.177579 -1049.737876 -1022.891986 -1569.409349 -1574.374002 -1570.147629 -1569.311833 -1569.182526 -1569.162474 -1569.160108 -1569.160815 -1569.161895 -1569.162827 -1569.163551 -1569.164100 -1569.164519 -1569.164844 -1569.165101 -1569.165307 -1569.165480 -1569.165632 -1569.165781 -1569.165945 -1569.166152 -1569.166438 -1569.166862 -1569.167513 -1569.168538 -1569.170175 -1569.172831 -1569.177211 -1569.184590 -1569.197335 -1569.220001 -1569.261532 -1569.339753 -1569.490558 -1569.787647 -1570.389418 -1571.663872 -1574.550083 -1581.764530 -1603.542284 -9999.0 -9999.0
-9999.0 -9999.0 232.018686 141.994714 47.563121 -48.230866 -144.550707 -241.075415 -337.615828 -434.037502 -530.137607 -625.422464 -719.691105 -813.496791 -907.186709 -1001.156032 -1094.475527 -1186.641344 -1277.452328 -1359.773713 -1425.421292 -1473.333193 -1506.076943 -1527.590007 -1541.519280 -1550.585126 -1556.583849 -1560.622291 -1563.369724 -1565.242626 -1566.514596 -1567.372876 -1567.948013 -1568.330883 -1568.584226 -1568.752732 -1568.874909 -1569.005024 -1569.329130 -1570.963134 -1578.987019 -1592.071080 -1051.015918 -1065.672078 -1047.808015 -1036.648177 -1031.448191 -1030.723614 -1030.649632 -1030.659598 -1030.681983 -1030.705889 -1030.728842 -1030.750084 -1030.769700 -1030.791604 -1030.854039 -1031.276950 -1034.006326 -1040.177579 -1049.737876 -1022.891986 -1569.409349 -1574.374002 -1570.147629 -1569.311833 -1569.182526 -1569.162474 -1569.160108 -1569.160815 -1569.161895 -1569.162827 -1569.163551 -1569.164100 -1569.164519 -1569.164844 -1569.165101 -1569.165307 -1569.165480 -1569.165632 -1569.165781 -1569.165945 -1569.166152 -1569.166438 -1569.166862 -1569.167513 -1569.168538 -1569.170175 -1569.172831 -1569.177211 -1569.184590 -1569.197335 -1569.220001 -1569.261532 -1569.339753 -1569.490558 -1569.787647 -1570.389418 -1571.663872 -1574.550083 -1581.764530 -1603.542284 -9999.0 -9999.0
-9999.0 -9999.0 -9999.0 -9999.0 -9999.0 -9999.0 -9999.0 -9999.0 -9999.0 -9999.0 -9999.0 -9999.0 -9999.0 -9999.0 -9999.0 -9999.0 -9999.0 -9999.0 -9999.0 -9999.0 -9999.0 -9999.0 -9999.0 -9999.0 -9999.0 -9999.0 -9999.0 -9999.0 -9999.0 -9999.0 -9999.0 -9999.0 -9999.0 -9999.0 -9999.0 -9999.0 -9999.0 -9999.0 -9999.0 -9999.0 -9999.0 -9999.0 -9999.0 -9999.0 -9999.0 -9999.0 -9999.0 -9999.0 -9999.0 -9999.0 -9999.0 -9999.0 -9999.0 -9999.0 -9999.0 -9999.0 -9999.0 -9999.0 -9999.0 -9999.0 -9999.0 -9999.0 -9999.0 -9999.0 -9999.0 -9999.0 -9999.0 -9999.0 -9999.0 -9999.0 -9999.0 -9999.0 -9999.0 -9999.0 -9999.0 -9999.0 -9999.0 -9999.0 -9999.0 -9999.0 -9999.0 -9999.0 -9999.0 -9999.0 -9999.0 -9999.0 -9999.0 -9999.0 -9999.0 -9999.0 -9999.0 -9999.0 -9999.0 -9999.0 -9999.0 -9999.0 -9999.0 -9999.0 -9999.0 -9999.0 -9999.0 -9999.0 -9999.0 -9999.0
-9999.0 -9999.0 -9999.0 -9999.0 -9999.0 -9999.0 -9999.0 -9999.0 -9999.0 -9999.0 -9999.0 -9999.0 -9999.0 -9999.0 -9999.0 -9999.0 -9999.0 -9999.0 -9999.0 -9999.0 -9999.0 -9999.0 -9999.0 -9999.0 -9999.0 -9999.0 -9999.0 -9999.0 -9999.0 -9999.0 -9999.0 -9999.0 -9999.0 -9999.0 -9999.0 -9999.0 -9999.0 -9999.0 -9999.0 -9999.0 -9999.0 -9999.0 -9999.0 -9999.0 -9999.0 -9999.0 -9999.0 -9999.0 -9999.0 -9999.0 -9999.0 -9999.0 -9999.0 -9999.0 -9999.0 -9999.0 -9999.0 -9999.0 -9999.0 -9999.0 -9999.0 -9999.0 -9999.0 -9999.0 -9999.0 -9999.0 -9999.0 -9999.0 -9999.0 -9999.0 -9999.0 -9999.0 -9999.0 -9999.0 -9999.0 -9999.0 -9999.0 -9999.0 -9999.0 -9999.0 -9999.0 -9999.0 -9999.0 -9999.0 -9999.0 -9999.0 -9999.0 -9999.0 -9999.0 -9999.0 -9999.0 -9999.0 -9999.0 -9999.0 -9999.0 -9999.0 -9999.0 -9999.0 -9999.0 -9999.0 -9999.0 -9999.0 -9999.0 -9999.0