inst/processing_geotop_simulation/geotop_simulation/out/maps3D/PwL0008N0300.asc
ncols         104
nrows         10
xllcorner     -2.000000
yllcorner     0.000000
cellsize      1.000000
NODATA_value  -9999.0
-9999.0 -9999.0 -9999.0 -9999.0 -9999.0 -9999.0 -9999.0 -9999.0 -9999.0 -9999.0 -9999.0 -9999.0 -9999.0 -9999.0 -9999.0 -9999.0 -9999.0 -9999.0 -9999.0 -9999.0 -9999.0 -9999.0 -9999.0 -9999.0 -9999.0 -9999.0 -9999.0 -9999.0 -9999.0 -9999.0 -9999.0 -9999.0 -9999.0 -9999.0 -9999.0 -9999.0 -9999.0 -9999.0 -9999.0 -9999.0 -9999.0 -9999.0 -9999.0 -9999.0 -9999.0 -9999.0 -9999.0 -9999.0 -9999.0 -9999.0 -9999.0 -9999.0 -9999.0 -9999.0 -9999.0 -9999.0 -9999.0 -9999.0 -9999.0 -9999.0 -9999.0 -9999.0 -9999.0 -9999.0 -9999.0 -9999.0 -9999.0 -9999.0 -9999.0 -9999.0 -9999.0 -9999.0 -9999.0 -9999.0 -9999.0 -9999.0 -9999.0 -9999.0 -9999.0 -9999.0 -9999.0 -9999.0 -9999.0 -9999.0 -9999.0 -9999.0 -9999.0 -9999.0 -9999.0 -9999.0 -9999.0 -9999.0 -9999.0 -9999.0 -9999.0 -9999.0 -9999.0 -9999.0 -9999.0 -9999.0 -9999.0 -9999.0 -9999.0 -9999.0
-9999.0 -9999.0 -9999.0 -9999.0 -9999.0 -9999.0 -9999.0 -9999.0 -9999.0 -9999.0 -9999.0 -9999.0 -9999.0 -9999.0 -9999.0 -9999.0 -9999.0 -9999.0 -9999.0 -9999.0 -9999.0 -9999.0 -9999.0 -9999.0 -9999.0 -9999.0 -9999.0 -9999.0 -9999.0 -9999.0 -9999.0 -9999.0 -9999.0 -9999.0 -9999.0 -9999.0 -9999.0 -9999.0 -9999.0 -9999.0 -9999.0 -9999.0 -9999.0 -9999.0 -9999.0 -9999.0 -9999.0 -9999.0 -9999.0 -9999.0 -9999.0 -9999.0 -9999.0 -9999.0 -9999.0 -9999.0 -9999.0 -9999.0 -9999.0 -9999.0 -9999.0 -9999.0 -9999.0 -9999.0 -9999.0 -9999.0 -9999.0 -9999.0 -9999.0 -9999.0 -9999.0 -9999.0 -9999.0 -9999.0 -9999.0 -9999.0 -9999.0 -9999.0 -9999.0 -9999.0 -9999.0 -9999.0 -9999.0 -9999.0 -9999.0 -9999.0 -9999.0 -9999.0 -9999.0 -9999.0 -9999.0 -9999.0 -9999.0 -9999.0 -9999.0 -9999.0 -9999.0 -9999.0 -9999.0 -9999.0 -9999.0 -9999.0 -9999.0 -9999.0
-9999.0 -9999.0 375.019166 277.923297 179.758361 81.168000 -17.592415 -116.419316 -215.267769 -314.102787 -412.888600 -511.556852 -609.959395 -707.808455 -805.713273 -903.513865 -1001.104186 -1098.499411 -1193.760602 -1286.641946 -1375.309831 -1456.787247 -1527.978562 -1587.002567 -1633.682245 -1669.190273 -1695.386509 -1714.258570 -1727.600556 -1736.889671 -1743.276174 -1747.622155 -1750.555413 -1752.522770 -1753.836783 -1754.715263 -1755.318990 -1755.817432 -1756.621568 -1759.160922 -1766.106084 -1756.138209 -1218.926927 -1292.585627 -1263.734547 -1245.280495 -1236.754748 -1235.549850 -1235.424440 -1235.436880 -1235.469038 -1235.503580 -1235.536764 -1235.567485 -1235.595975 -1235.628926 -1235.730726 -1236.430426 -1240.882588 -1250.912004 -1264.286049 -1174.749635 -1726.421823 -1759.357350 -1757.752817 -1756.782395 -1756.574222 -1756.538750 -1756.533564 -1756.533349 -1756.533871 -1756.534405 -1756.534836 -1756.535170 -1756.535427 -1756.535629 -1756.535789 -1756.535921 -1756.536032 -1756.536132 -1756.536231 -1756.536342 -1756.536480 -1756.536671 -1756.536952 -1756.537381 -1756.538054 -1756.539132 -1756.540887 -1756.543803 -1756.548765 -1756.557443 -1756.573081 -1756.602116 -1756.657573 -1756.766508 -1756.987709 -1757.457899 -1758.521972 -1761.134913 -1768.322485 -1791.710668 -9999.0 -9999.0
-9999.0 -9999.0 375.026251 277.925097 179.758846 81.168144 -17.592369 -116.419301 -215.267763 -314.102785 -412.888599 -511.556852 -609.959395 -707.808455 -805.713273 -903.513866 -1001.104186 -1098.499411 -1193.760602 -1286.641946 -1375.309831 -1456.787247 -1527.978562 -1587.002567 -1633.682245 -1669.190273 -1695.386509 -1714.258570 -1727.600556 -1736.889672 -1743.276174 -1747.622155 -1750.555413 -1752.522770 -1753.836783 -1754.715263 -1755.318990 -1755.817432 -1756.621568 -1759.160922 -1766.106084 -1756.138209 -1218.926927 -1292.585626 -1263.734546 -1245.280495 -1236.754748 -1235.549850 -1235.424440 -1235.436880 -1235.469038 -1235.503580 -1235.536764 -1235.567485 -1235.595975 -1235.628926 -1235.730726 -1236.430426 -1240.882588 -1250.912004 -1264.286049 -1174.749635 -1726.421823 -1759.357350 -1757.752817 -1756.782395 -1756.574222 -1756.538750 -1756.533564 -1756.533349 -1756.533871 -1756.534405 -1756.534836 -1756.535170 -1756.535427 -1756.535629 -1756.535789 -1756.535921 -1756.536032 -1756.536132 -1756.536231 -1756.536342 -1756.536480 -1756.536671 -1756.536952 -1756.537381 -1756.538054 -1756.539132 -1756.540887 -1756.543803 -1756.548765 -1756.557443 -1756.573081 -1756.602116 -1756.657573 -1756.766508 -1756.987709 -1757.457899 -1758.521972 -1761.134913 -1768.322485 -1791.710668 -9999.0 -9999.0
-9999.0 -9999.0 375.027706 277.925876 179.759157 81.168258 -17.592329 -116.419286 -215.267758 -314.102783 -412.888598 -511.556852 -609.959395 -707.808455 -805.713273 -903.513866 -1001.104186 -1098.499411 -1193.760602 -1286.641946 -1375.309831 -1456.787247 -1527.978562 -1587.002567 -1633.682245 -1669.190273 -1695.386509 -1714.258570 -1727.600556 -1736.889672 -1743.276174 -1747.622155 -1750.555413 -1752.522770 -1753.836783 -1754.715263 -1755.318990 -1755.817432 -1756.621568 -1759.160922 -1766.106084 -1756.138209 -1218.926927 -1292.585626 -1263.734546 -1245.280495 -1236.754748 -1235.549850 -1235.424440 -1235.436880 -1235.469038 -1235.503580 -1235.536764 -1235.567485 -1235.595975 -1235.628926 -1235.730726 -1236.430426 -1240.882588 -1250.912004 -1264.286049 -1174.749635 -1726.421823 -1759.357350 -1757.752817 -1756.782395 -1756.574222 -1756.538750 -1756.533564 -1756.533349 -1756.533871 -1756.534405 -1756.534836 -1756.535170 -1756.535427 -1756.535629 -1756.535789 -1756.535921 -1756.536032 -1756.536132 -1756.536231 -1756.536342 -1756.536480 -1756.536671 -1756.536952 -1756.537381 -1756.538054 -1756.539132 -1756.540887 -1756.543803 -1756.548765 -1756.557443 -1756.573081 -1756.602116 -1756.657573 -1756.766508 -1756.987709 -1757.457899 -1758.521972 -1761.134913 -1768.322485 -1791.710668 -9999.0 -9999.0
-9999.0 -9999.0 375.027706 277.925876 179.759157 81.168258 -17.592328 -116.419286 -215.267758 -314.102783 -412.888598 -511.556852 -609.959395 -707.808455 -805.713273 -903.513866 -1001.104186 -1098.499411 -1193.760602 -1286.641946 -1375.309831 -1456.787247 -1527.978562 -1587.002567 -1633.682245 -1669.190273 -1695.386509 -1714.258570 -1727.600556 -1736.889672 -1743.276174 -1747.622155 -1750.555413 -1752.522770 -1753.836783 -1754.715263 -1755.318990 -1755.817432 -1756.621568 -1759.160922 -1766.106084 -1756.138209 -1218.926927 -1292.585626 -1263.734546 -1245.280495 -1236.754748 -1235.549850 -1235.424440 -1235.436880 -1235.469038 -1235.503580 -1235.536764 -1235.567485 -1235.595975 -1235.628926 -1235.730726 -1236.430426 -1240.882588 -1250.912004 -1264.286049 -1174.749635 -1726.421823 -1759.357350 -1757.752817 -1756.782395 -1756.574222 -1756.538750 -1756.533564 -1756.533349 -1756.533871 -1756.534405 -1756.534836 -1756.535170 -1756.535427 -1756.535629 -1756.535789 -1756.535921 -1756.536032 -1756.536132 -1756.536231 -1756.536342 -1756.536480 -1756.536671 -1756.536952 -1756.537381 -1756.538054 -1756.539132 -1756.540887 -1756.543803 -1756.548765 -1756.557443 -1756.573081 -1756.602116 -1756.657573 -1756.766508 -1756.987709 -1757.457899 -1758.521972 -1761.134913 -1768.322485 -1791.710668 -9999.0 -9999.0
-9999.0 -9999.0 375.026251 277.925097 179.758846 81.168144 -17.592369 -116.419301 -215.267763 -314.102785 -412.888599 -511.556852 -609.959395 -707.808455 -805.713273 -903.513865 -1001.104186 -1098.499411 -1193.760602 -1286.641946 -1375.309831 -1456.787247 -1527.978562 -1587.002567 -1633.682245 -1669.190273 -1695.386509 -1714.258570 -1727.600556 -1736.889672 -1743.276174 -1747.622155 -1750.555413 -1752.522770 -1753.836783 -1754.715263 -1755.318990 -1755.817432 -1756.621568 -1759.160922 -1766.106084 -1756.138209 -1218.926927 -1292.585626 -1263.734546 -1245.280495 -1236.754748 -1235.549850 -1235.424440 -1235.436880 -1235.469038 -1235.503580 -1235.536764 -1235.567485 -1235.595975 -1235.628926 -1235.730726 -1236.430426 -1240.882588 -1250.912004 -1264.286049 -1174.749635 -1726.421823 -1759.357350 -1757.752817 -1756.782395 -1756.574222 -1756.538750 -1756.533564 -1756.533349 -1756.533871 -1756.534405 -1756.534836 -1756.535170 -1756.535427 -1756.535629 -1756.535789 -1756.535921 -1756.536032 -1756.536132 -1756.536231 -1756.536342 -1756.536480 -1756.536671 -1756.536952 -1756.537381 -1756.538054 -1756.539132 -1756.540887 -1756.543803 -1756.548765 -1756.557443 -1756.573081 -1756.602116 -1756.657573 -1756.766508 -1756.987709 -1757.457899 -1758.521972 -1761.134913 -1768.322485 -1791.710668 -9999.0 -9999.0
-9999.0 -9999.0 375.019166 277.923297 179.758361 81.168000 -17.592415 -116.419316 -215.267769 -314.102787 -412.888600 -511.556852 -609.959395 -707.808455 -805.713273 -903.513865 -1001.104186 -1098.499411 -1193.760602 -1286.641946 -1375.309831 -1456.787247 -1527.978562 -1587.002567 -1633.682245 -1669.190273 -1695.386509 -1714.258570 -1727.600556 -1736.889671 -1743.276174 -1747.622155 -1750.555413 -1752.522770 -1753.836783 -1754.715263 -1755.318990 -1755.817432 -1756.621568 -1759.160922 -1766.106084 -1756.138209 -1218.926927 -1292.585627 -1263.734547 -1245.280495 -1236.754748 -1235.549850 -1235.424440 -1235.436880 -1235.469038 -1235.503580 -1235.536764 -1235.567485 -1235.595975 -1235.628926 -1235.730726 -1236.430426 -1240.882588 -1250.912004 -1264.286049 -1174.749635 -1726.421823 -1759.357350 -1757.752817 -1756.782395 -1756.574222 -1756.538750 -1756.533564 -1756.533349 -1756.533871 -1756.534405 -1756.534836 -1756.535170 -1756.535427 -1756.535629 -1756.535789 -1756.535921 -1756.536032 -1756.536132 -1756.536231 -1756.536342 -1756.536480 -1756.536671 -1756.536952 -1756.537381 -1756.538054 -1756.539132 -1756.540887 -1756.543803 -1756.548765 -1756.557443 -1756.573081 -1756.602116 -1756.657573 -1756.766508 -1756.987709 -1757.457899 -1758.521972 -1761.134913 -1768.322485 -1791.710668 -9999.0 -9999.0
-9999.0 -9999.0 -9999.0 -9999.0 -9999.0 -9999.0 -9999.0 -9999.0 -9999.0 -9999.0 -9999.0 -9999.0 -9999.0 -9999.0 -9999.0 -9999.0 -9999.0 -9999.0 -9999.0 -9999.0 -9999.0 -9999.0 -9999.0 -9999.0 -9999.0 -9999.0 -9999.0 -9999.0 -9999.0 -9999.0 -9999.0 -9999.0 -9999.0 -9999.0 -9999.0 -9999.0 -9999.0 -9999.0 -9999.0 -9999.0 -9999.0 -9999.0 -9999.0 -9999.0 -9999.0 -9999.0 -9999.0 -9999.0 -9999.0 -9999.0 -9999.0 -9999.0 -9999.0 -9999.0 -9999.0 -9999.0 -9999.0 -9999.0 -9999.0 -9999.0 -9999.0 -9999.0 -9999.0 -9999.0 -9999.0 -9999.0 -9999.0 -9999.0 -9999.0 -9999.0 -9999.0 -9999.0 -9999.0 -9999.0 -9999.0 -9999.0 -9999.0 -9999.0 -9999.0 -9999.0 -9999.0 -9999.0 -9999.0 -9999.0 -9999.0 -9999.0 -9999.0 -9999.0 -9999.0 -9999.0 -9999.0 -9999.0 -9999.0 -9999.0 -9999.0 -9999.0 -9999.0 -9999.0 -9999.0 -9999.0 -9999.0 -9999.0 -9999.0 -9999.0
-9999.0 -9999.0 -9999.0 -9999.0 -9999.0 -9999.0 -9999.0 -9999.0 -9999.0 -9999.0 -9999.0 -9999.0 -9999.0 -9999.0 -9999.0 -9999.0 -9999.0 -9999.0 -9999.0 -9999.0 -9999.0 -9999.0 -9999.0 -9999.0 -9999.0 -9999.0 -9999.0 -9999.0 -9999.0 -9999.0 -9999.0 -9999.0 -9999.0 -9999.0 -9999.0 -9999.0 -9999.0 -9999.0 -9999.0 -9999.0 -9999.0 -9999.0 -9999.0 -9999.0 -9999.0 -9999.0 -9999.0 -9999.0 -9999.0 -9999.0 -9999.0 -9999.0 -9999.0 -9999.0 -9999.0 -9999.0 -9999.0 -9999.0 -9999.0 -9999.0 -9999.0 -9999.0 -9999.0 -9999.0 -9999.0 -9999.0 -9999.0 -9999.0 -9999.0 -9999.0 -9999.0 -9999.0 -9999.0 -9999.0 -9999.0 -9999.0 -9999.0 -9999.0 -9999.0 -9999.0 -9999.0 -9999.0 -9999.0 -9999.0 -9999.0 -9999.0 -9999.0 -9999.0 -9999.0 -9999.0 -9999.0 -9999.0 -9999.0 -9999.0 -9999.0 -9999.0 -9999.0 -9999.0 -9999.0 -9999.0 -9999.0 -9999.0 -9999.0 -9999.0