inst/processing_geotop_simulation/geotop_simulation/out/maps3D/PwL0022N0400.asc
ncols         104
nrows         10
xllcorner     -2.000000
yllcorner     0.000000
cellsize      1.000000
NODATA_value  -9999.0
-9999.0 -9999.0 -9999.0 -9999.0 -9999.0 -9999.0 -9999.0 -9999.0 -9999.0 -9999.0 -9999.0 -9999.0 -9999.0 -9999.0 -9999.0 -9999.0 -9999.0 -9999.0 -9999.0 -9999.0 -9999.0 -9999.0 -9999.0 -9999.0 -9999.0 -9999.0 -9999.0 -9999.0 -9999.0 -9999.0 -9999.0 -9999.0 -9999.0 -9999.0 -9999.0 -9999.0 -9999.0 -9999.0 -9999.0 -9999.0 -9999.0 -9999.0 -9999.0 -9999.0 -9999.0 -9999.0 -9999.0 -9999.0 -9999.0 -9999.0 -9999.0 -9999.0 -9999.0 -9999.0 -9999.0 -9999.0 -9999.0 -9999.0 -9999.0 -9999.0 -9999.0 -9999.0 -9999.0 -9999.0 -9999.0 -9999.0 -9999.0 -9999.0 -9999.0 -9999.0 -9999.0 -9999.0 -9999.0 -9999.0 -9999.0 -9999.0 -9999.0 -9999.0 -9999.0 -9999.0 -9999.0 -9999.0 -9999.0 -9999.0 -9999.0 -9999.0 -9999.0 -9999.0 -9999.0 -9999.0 -9999.0 -9999.0 -9999.0 -9999.0 -9999.0 -9999.0 -9999.0 -9999.0 -9999.0 -9999.0 -9999.0 -9999.0 -9999.0 -9999.0
-9999.0 -9999.0 -9999.0 -9999.0 -9999.0 -9999.0 -9999.0 -9999.0 -9999.0 -9999.0 -9999.0 -9999.0 -9999.0 -9999.0 -9999.0 -9999.0 -9999.0 -9999.0 -9999.0 -9999.0 -9999.0 -9999.0 -9999.0 -9999.0 -9999.0 -9999.0 -9999.0 -9999.0 -9999.0 -9999.0 -9999.0 -9999.0 -9999.0 -9999.0 -9999.0 -9999.0 -9999.0 -9999.0 -9999.0 -9999.0 -9999.0 -9999.0 -9999.0 -9999.0 -9999.0 -9999.0 -9999.0 -9999.0 -9999.0 -9999.0 -9999.0 -9999.0 -9999.0 -9999.0 -9999.0 -9999.0 -9999.0 -9999.0 -9999.0 -9999.0 -9999.0 -9999.0 -9999.0 -9999.0 -9999.0 -9999.0 -9999.0 -9999.0 -9999.0 -9999.0 -9999.0 -9999.0 -9999.0 -9999.0 -9999.0 -9999.0 -9999.0 -9999.0 -9999.0 -9999.0 -9999.0 -9999.0 -9999.0 -9999.0 -9999.0 -9999.0 -9999.0 -9999.0 -9999.0 -9999.0 -9999.0 -9999.0 -9999.0 -9999.0 -9999.0 -9999.0 -9999.0 -9999.0 -9999.0 -9999.0 -9999.0 -9999.0 -9999.0 -9999.0
-9999.0 -9999.0 1067.834884 968.732383 869.608873 770.386145 671.104200 571.795413 472.478773 373.164968 273.860075 174.567651 75.289876 -23.969572 -123.208303 -222.423444 -321.598055 -420.700069 -519.667131 -618.382049 -716.630158 -814.962763 -912.879540 -1010.181049 -1106.591959 -1195.027999 -1276.435670 -1348.982465 -1411.382424 -1463.144162 -1504.612291 -1536.800393 -1561.111020 -1579.058258 -1592.066258 -1601.363306 -1607.964078 -1612.757506 -1616.830437 -1622.334902 -1634.036081 -1662.993140 -1646.548108 -2338.340744 -3455.445295 -3420.600369 -2791.295664 -2460.124205 -2285.024555 -2172.661252 -2090.396728 -2019.351090 -1974.688338 -1945.153605 -1917.279695 -1887.542786 -1854.731207 -1819.073757 -1781.580616 -1742.759106 -1692.714923 -1455.559671 -1619.044137 -1626.511136 -1624.320280 -1623.167027 -1622.860418 -1622.797812 -1622.787070 -1622.785841 -1622.786189 -1622.786726 -1622.787225 -1622.787663 -1622.788050 -1622.788400 -1622.788725 -1622.789034 -1622.789335 -1622.789634 -1622.789940 -1622.790265 -1622.790620 -1622.791028 -1622.791518 -1622.792141 -1622.792974 -1622.794152 -1622.795905 -1622.798647 -1622.803143 -1622.810858 -1622.824679 -1622.850462 -1622.900485 -1623.001739 -1623.217232 -1623.703841 -1624.876741 -1627.911328 -1636.447142 -1663.116162 -9999.0 -9999.0
-9999.0 -9999.0 1067.837227 968.733335 869.609199 770.386254 671.104238 571.795426 472.478778 373.164971 273.860076 174.567652 75.289876 -23.969572 -123.208303 -222.423444 -321.598055 -420.700070 -519.667131 -618.382050 -716.630158 -814.962764 -912.879540 -1010.181050 -1106.591959 -1195.027999 -1276.435670 -1348.982465 -1411.382424 -1463.144162 -1504.612291 -1536.800393 -1561.111020 -1579.058258 -1592.066258 -1601.363306 -1607.964078 -1612.757506 -1616.830437 -1622.334902 -1634.036081 -1662.993140 -1646.548108 -2338.340744 -3455.445294 -3420.600369 -2791.295664 -2460.124204 -2285.024554 -2172.661252 -2090.396727 -2019.351090 -1974.688338 -1945.153605 -1917.279695 -1887.542786 -1854.731206 -1819.073757 -1781.580616 -1742.759106 -1692.714923 -1455.559672 -1619.044137 -1626.511136 -1624.320280 -1623.167027 -1622.860418 -1622.797812 -1622.787070 -1622.785841 -1622.786189 -1622.786726 -1622.787225 -1622.787663 -1622.788050 -1622.788400 -1622.788725 -1622.789034 -1622.789335 -1622.789634 -1622.789940 -1622.790265 -1622.790620 -1622.791028 -1622.791518 -1622.792141 -1622.792974 -1622.794152 -1622.795905 -1622.798647 -1622.803143 -1622.810858 -1622.824679 -1622.850462 -1622.900485 -1623.001739 -1623.217232 -1623.703841 -1624.876741 -1627.911328 -1636.447142 -1663.116162 -9999.0 -9999.0
-9999.0 -9999.0 1067.838207 968.733870 869.609429 770.386344 671.104271 571.795439 472.478783 373.164972 273.860077 174.567652 75.289877 -23.969572 -123.208303 -222.423444 -321.598055 -420.700070 -519.667132 -618.382050 -716.630158 -814.962764 -912.879541 -1010.181050 -1106.591959 -1195.027999 -1276.435670 -1348.982465 -1411.382424 -1463.144162 -1504.612291 -1536.800393 -1561.111020 -1579.058258 -1592.066258 -1601.363306 -1607.964078 -1612.757506 -1616.830437 -1622.334902 -1634.036081 -1662.993140 -1646.548108 -2338.340744 -3455.445294 -3420.600369 -2791.295664 -2460.124204 -2285.024554 -2172.661251 -2090.396726 -2019.351090 -1974.688338 -1945.153605 -1917.279695 -1887.542786 -1854.731206 -1819.073757 -1781.580616 -1742.759106 -1692.714923 -1455.559671 -1619.044137 -1626.511136 -1624.320280 -1623.167027 -1622.860418 -1622.797812 -1622.787070 -1622.785841 -1622.786189 -1622.786726 -1622.787225 -1622.787663 -1622.788050 -1622.788400 -1622.788725 -1622.789034 -1622.789335 -1622.789634 -1622.789940 -1622.790265 -1622.790620 -1622.791028 -1622.791518 -1622.792141 -1622.792974 -1622.794152 -1622.795905 -1622.798647 -1622.803143 -1622.810858 -1622.824679 -1622.850462 -1622.900485 -1623.001739 -1623.217232 -1623.703841 -1624.876741 -1627.911328 -1636.447142 -1663.116162 -9999.0 -9999.0
-9999.0 -9999.0 1067.838207 968.733870 869.609429 770.386344 671.104271 571.795439 472.478783 373.164972 273.860077 174.567652 75.289877 -23.969572 -123.208303 -222.423444 -321.598055 -420.700070 -519.667131 -618.382050 -716.630158 -814.962764 -912.879540 -1010.181050 -1106.591959 -1195.027999 -1276.435670 -1348.982465 -1411.382424 -1463.144162 -1504.612291 -1536.800393 -1561.111020 -1579.058258 -1592.066258 -1601.363306 -1607.964078 -1612.757506 -1616.830437 -1622.334902 -1634.036081 -1662.993140 -1646.548108 -2338.340744 -3455.445294 -3420.600369 -2791.295664 -2460.124204 -2285.024554 -2172.661251 -2090.396726 -2019.351090 -1974.688338 -1945.153605 -1917.279695 -1887.542786 -1854.731206 -1819.073757 -1781.580616 -1742.759106 -1692.714923 -1455.559671 -1619.044137 -1626.511136 -1624.320280 -1623.167027 -1622.860418 -1622.797812 -1622.787070 -1622.785841 -1622.786189 -1622.786726 -1622.787225 -1622.787663 -1622.788050 -1622.788400 -1622.788725 -1622.789034 -1622.789335 -1622.789634 -1622.789940 -1622.790265 -1622.790620 -1622.791028 -1622.791518 -1622.792141 -1622.792974 -1622.794152 -1622.795905 -1622.798647 -1622.803143 -1622.810858 -1622.824679 -1622.850462 -1622.900485 -1623.001739 -1623.217232 -1623.703841 -1624.876741 -1627.911328 -1636.447142 -1663.116162 -9999.0 -9999.0
-9999.0 -9999.0 1067.837227 968.733335 869.609199 770.386254 671.104238 571.795426 472.478778 373.164971 273.860076 174.567652 75.289876 -23.969572 -123.208303 -222.423444 -321.598055 -420.700070 -519.667131 -618.382050 -716.630158 -814.962764 -912.879540 -1010.181050 -1106.591959 -1195.027999 -1276.435670 -1348.982465 -1411.382424 -1463.144162 -1504.612291 -1536.800393 -1561.111020 -1579.058258 -1592.066258 -1601.363306 -1607.964078 -1612.757506 -1616.830437 -1622.334902 -1634.036081 -1662.993140 -1646.548108 -2338.340744 -3455.445294 -3420.600369 -2791.295664 -2460.124204 -2285.024554 -2172.661252 -2090.396727 -2019.351090 -1974.688338 -1945.153605 -1917.279695 -1887.542786 -1854.731207 -1819.073757 -1781.580616 -1742.759106 -1692.714923 -1455.559671 -1619.044137 -1626.511136 -1624.320280 -1623.167027 -1622.860418 -1622.797812 -1622.787070 -1622.785841 -1622.786189 -1622.786726 -1622.787225 -1622.787663 -1622.788050 -1622.788400 -1622.788725 -1622.789034 -1622.789335 -1622.789634 -1622.789940 -1622.790265 -1622.790620 -1622.791028 -1622.791518 -1622.792141 -1622.792974 -1622.794152 -1622.795905 -1622.798647 -1622.803143 -1622.810858 -1622.824679 -1622.850462 -1622.900485 -1623.001739 -1623.217232 -1623.703841 -1624.876741 -1627.911328 -1636.447142 -1663.116162 -9999.0 -9999.0
-9999.0 -9999.0 1067.834884 968.732383 869.608873 770.386145 671.104200 571.795413 472.478773 373.164968 273.860075 174.567651 75.289876 -23.969572 -123.208303 -222.423444 -321.598055 -420.700069 -519.667131 -618.382049 -716.630158 -814.962763 -912.879540 -1010.181049 -1106.591959 -1195.027999 -1276.435670 -1348.982465 -1411.382424 -1463.144162 -1504.612291 -1536.800393 -1561.111020 -1579.058258 -1592.066258 -1601.363306 -1607.964078 -1612.757506 -1616.830437 -1622.334902 -1634.036081 -1662.993140 -1646.548108 -2338.340744 -3455.445295 -3420.600369 -2791.295665 -2460.124205 -2285.024555 -2172.661253 -2090.396728 -2019.351090 -1974.688338 -1945.153605 -1917.279695 -1887.542786 -1854.731207 -1819.073758 -1781.580616 -1742.759106 -1692.714923 -1455.559672 -1619.044137 -1626.511136 -1624.320280 -1623.167027 -1622.860418 -1622.797812 -1622.787070 -1622.785841 -1622.786189 -1622.786726 -1622.787225 -1622.787663 -1622.788050 -1622.788400 -1622.788725 -1622.789034 -1622.789335 -1622.789634 -1622.789940 -1622.790265 -1622.790620 -1622.791028 -1622.791518 -1622.792141 -1622.792974 -1622.794152 -1622.795905 -1622.798647 -1622.803143 -1622.810858 -1622.824679 -1622.850462 -1622.900485 -1623.001739 -1623.217232 -1623.703841 -1624.876741 -1627.911328 -1636.447142 -1663.116162 -9999.0 -9999.0
-9999.0 -9999.0 -9999.0 -9999.0 -9999.0 -9999.0 -9999.0 -9999.0 -9999.0 -9999.0 -9999.0 -9999.0 -9999.0 -9999.0 -9999.0 -9999.0 -9999.0 -9999.0 -9999.0 -9999.0 -9999.0 -9999.0 -9999.0 -9999.0 -9999.0 -9999.0 -9999.0 -9999.0 -9999.0 -9999.0 -9999.0 -9999.0 -9999.0 -9999.0 -9999.0 -9999.0 -9999.0 -9999.0 -9999.0 -9999.0 -9999.0 -9999.0 -9999.0 -9999.0 -9999.0 -9999.0 -9999.0 -9999.0 -9999.0 -9999.0 -9999.0 -9999.0 -9999.0 -9999.0 -9999.0 -9999.0 -9999.0 -9999.0 -9999.0 -9999.0 -9999.0 -9999.0 -9999.0 -9999.0 -9999.0 -9999.0 -9999.0 -9999.0 -9999.0 -9999.0 -9999.0 -9999.0 -9999.0 -9999.0 -9999.0 -9999.0 -9999.0 -9999.0 -9999.0 -9999.0 -9999.0 -9999.0 -9999.0 -9999.0 -9999.0 -9999.0 -9999.0 -9999.0 -9999.0 -9999.0 -9999.0 -9999.0 -9999.0 -9999.0 -9999.0 -9999.0 -9999.0 -9999.0 -9999.0 -9999.0 -9999.0 -9999.0 -9999.0 -9999.0
-9999.0 -9999.0 -9999.0 -9999.0 -9999.0 -9999.0 -9999.0 -9999.0 -9999.0 -9999.0 -9999.0 -9999.0 -9999.0 -9999.0 -9999.0 -9999.0 -9999.0 -9999.0 -9999.0 -9999.0 -9999.0 -9999.0 -9999.0 -9999.0 -9999.0 -9999.0 -9999.0 -9999.0 -9999.0 -9999.0 -9999.0 -9999.0 -9999.0 -9999.0 -9999.0 -9999.0 -9999.0 -9999.0 -9999.0 -9999.0 -9999.0 -9999.0 -9999.0 -9999.0 -9999.0 -9999.0 -9999.0 -9999.0 -9999.0 -9999.0 -9999.0 -9999.0 -9999.0 -9999.0 -9999.0 -9999.0 -9999.0 -9999.0 -9999.0 -9999.0 -9999.0 -9999.0 -9999.0 -9999.0 -9999.0 -9999.0 -9999.0 -9999.0 -9999.0 -9999.0 -9999.0 -9999.0 -9999.0 -9999.0 -9999.0 -9999.0 -9999.0 -9999.0 -9999.0 -9999.0 -9999.0 -9999.0 -9999.0 -9999.0 -9999.0 -9999.0 -9999.0 -9999.0 -9999.0 -9999.0 -9999.0 -9999.0 -9999.0 -9999.0 -9999.0 -9999.0 -9999.0 -9999.0 -9999.0 -9999.0 -9999.0 -9999.0 -9999.0 -9999.0