inst/processing_geotop_simulation/geotop_simulation/out/maps3D/PwL0021N0093.asc
ncols         104
nrows         10
xllcorner     -2.000000
yllcorner     0.000000
cellsize      1.000000
NODATA_value  -9999.0
-9999.0 -9999.0 -9999.0 -9999.0 -9999.0 -9999.0 -9999.0 -9999.0 -9999.0 -9999.0 -9999.0 -9999.0 -9999.0 -9999.0 -9999.0 -9999.0 -9999.0 -9999.0 -9999.0 -9999.0 -9999.0 -9999.0 -9999.0 -9999.0 -9999.0 -9999.0 -9999.0 -9999.0 -9999.0 -9999.0 -9999.0 -9999.0 -9999.0 -9999.0 -9999.0 -9999.0 -9999.0 -9999.0 -9999.0 -9999.0 -9999.0 -9999.0 -9999.0 -9999.0 -9999.0 -9999.0 -9999.0 -9999.0 -9999.0 -9999.0 -9999.0 -9999.0 -9999.0 -9999.0 -9999.0 -9999.0 -9999.0 -9999.0 -9999.0 -9999.0 -9999.0 -9999.0 -9999.0 -9999.0 -9999.0 -9999.0 -9999.0 -9999.0 -9999.0 -9999.0 -9999.0 -9999.0 -9999.0 -9999.0 -9999.0 -9999.0 -9999.0 -9999.0 -9999.0 -9999.0 -9999.0 -9999.0 -9999.0 -9999.0 -9999.0 -9999.0 -9999.0 -9999.0 -9999.0 -9999.0 -9999.0 -9999.0 -9999.0 -9999.0 -9999.0 -9999.0 -9999.0 -9999.0 -9999.0 -9999.0 -9999.0 -9999.0 -9999.0 -9999.0
-9999.0 -9999.0 -9999.0 -9999.0 -9999.0 -9999.0 -9999.0 -9999.0 -9999.0 -9999.0 -9999.0 -9999.0 -9999.0 -9999.0 -9999.0 -9999.0 -9999.0 -9999.0 -9999.0 -9999.0 -9999.0 -9999.0 -9999.0 -9999.0 -9999.0 -9999.0 -9999.0 -9999.0 -9999.0 -9999.0 -9999.0 -9999.0 -9999.0 -9999.0 -9999.0 -9999.0 -9999.0 -9999.0 -9999.0 -9999.0 -9999.0 -9999.0 -9999.0 -9999.0 -9999.0 -9999.0 -9999.0 -9999.0 -9999.0 -9999.0 -9999.0 -9999.0 -9999.0 -9999.0 -9999.0 -9999.0 -9999.0 -9999.0 -9999.0 -9999.0 -9999.0 -9999.0 -9999.0 -9999.0 -9999.0 -9999.0 -9999.0 -9999.0 -9999.0 -9999.0 -9999.0 -9999.0 -9999.0 -9999.0 -9999.0 -9999.0 -9999.0 -9999.0 -9999.0 -9999.0 -9999.0 -9999.0 -9999.0 -9999.0 -9999.0 -9999.0 -9999.0 -9999.0 -9999.0 -9999.0 -9999.0 -9999.0 -9999.0 -9999.0 -9999.0 -9999.0 -9999.0 -9999.0 -9999.0 -9999.0 -9999.0 -9999.0 -9999.0 -9999.0
-9999.0 -9999.0 1034.065271 939.321369 844.339701 748.753710 652.830017 556.770255 460.691602 364.658046 268.699440 172.854992 77.240637 -18.104341 -113.216322 -208.308810 -303.865982 -400.817239 -500.508905 -604.450541 -713.872221 -811.136491 -902.874593 -985.012614 -1029.278846 -1035.016019 -1033.711579 -1030.395863 -1027.120859 -1024.527839 -1022.689884 -1021.482896 -1020.742545 -1020.321494 -1020.105628 -1020.015953 -1020.010488 -1020.091940 -1020.369985 -1021.939901 -1033.541986 -1131.566962 -1936.092409 -3917.599946 -3935.641377 -3935.641335 -3935.482962 -3932.980960 -3918.006896 -3865.041248 -3740.969083 -3510.510295 -3298.181579 -3135.791959 -2972.121333 -2793.962752 -2601.555329 -2406.029620 -2221.745510 -2056.416649 -1901.294015 -1420.727878 -1096.561564 -1029.374142 -1021.427089 -1020.525834 -1020.401691 -1020.381420 -1020.379404 -1020.380785 -1020.382502 -1020.383946 -1020.385062 -1020.385909 -1020.386557 -1020.387061 -1020.387461 -1020.387784 -1020.388053 -1020.388290 -1020.388521 -1020.388775 -1020.389093 -1020.389532 -1020.390179 -1020.391171 -1020.392728 -1020.395214 -1020.399237 -1020.405857 -1020.416971 -1020.436103 -1020.470007 -1020.531959 -1020.648476 -1020.873234 -1021.317795 -1022.229861 -1024.226182 -1029.018806 -1041.460141 -1074.263934 -9999.0 -9999.0
-9999.0 -9999.0 1034.068355 939.322595 844.340114 748.753846 652.830063 556.770270 460.691607 364.658047 268.699440 172.854992 77.240637 -18.104341 -113.216322 -208.308810 -303.865982 -400.817239 -500.508905 -604.450540 -713.872221 -811.136491 -902.874592 -985.012614 -1029.278846 -1035.016019 -1033.711579 -1030.395863 -1027.120859 -1024.527839 -1022.689884 -1021.482896 -1020.742545 -1020.321494 -1020.105628 -1020.015953 -1020.010488 -1020.091940 -1020.369985 -1021.939901 -1033.541986 -1131.566962 -1936.092408 -3917.599946 -3935.641377 -3935.641335 -3935.482962 -3932.980960 -3918.006896 -3865.041248 -3740.969081 -3510.510294 -3298.181578 -3135.791959 -2972.121332 -2793.962751 -2601.555328 -2406.029620 -2221.745509 -2056.416649 -1901.294015 -1420.727878 -1096.561564 -1029.374142 -1021.427089 -1020.525834 -1020.401691 -1020.381420 -1020.379404 -1020.380785 -1020.382502 -1020.383946 -1020.385062 -1020.385909 -1020.386557 -1020.387061 -1020.387461 -1020.387784 -1020.388053 -1020.388290 -1020.388521 -1020.388775 -1020.389093 -1020.389532 -1020.390179 -1020.391171 -1020.392728 -1020.395214 -1020.399237 -1020.405857 -1020.416971 -1020.436103 -1020.470007 -1020.531959 -1020.648476 -1020.873234 -1021.317795 -1022.229861 -1024.226182 -1029.018806 -1041.460141 -1074.263934 -9999.0 -9999.0
-9999.0 -9999.0 1034.069601 939.323272 844.340403 748.753958 652.830104 556.770285 460.691612 364.658049 268.699440 172.854992 77.240637 -18.104342 -113.216322 -208.308811 -303.865982 -400.817239 -500.508905 -604.450540 -713.872220 -811.136491 -902.874592 -985.012614 -1029.278846 -1035.016019 -1033.711579 -1030.395863 -1027.120859 -1024.527839 -1022.689884 -1021.482896 -1020.742545 -1020.321494 -1020.105628 -1020.015953 -1020.010488 -1020.091940 -1020.369985 -1021.939901 -1033.541986 -1131.566962 -1936.092408 -3917.599946 -3935.641377 -3935.641335 -3935.482962 -3932.980960 -3918.006895 -3865.041247 -3740.969079 -3510.510293 -3298.181578 -3135.791959 -2972.121332 -2793.962750 -2601.555328 -2406.029619 -2221.745509 -2056.416648 -1901.294015 -1420.727878 -1096.561564 -1029.374142 -1021.427089 -1020.525834 -1020.401691 -1020.381420 -1020.379404 -1020.380785 -1020.382502 -1020.383946 -1020.385062 -1020.385909 -1020.386557 -1020.387061 -1020.387461 -1020.387784 -1020.388053 -1020.388290 -1020.388521 -1020.388775 -1020.389093 -1020.389532 -1020.390179 -1020.391171 -1020.392728 -1020.395214 -1020.399237 -1020.405857 -1020.416971 -1020.436103 -1020.470007 -1020.531959 -1020.648476 -1020.873234 -1021.317795 -1022.229861 -1024.226182 -1029.018806 -1041.460141 -1074.263934 -9999.0 -9999.0
-9999.0 -9999.0 1034.069601 939.323272 844.340403 748.753958 652.830104 556.770285 460.691612 364.658049 268.699440 172.854992 77.240637 -18.104342 -113.216322 -208.308811 -303.865982 -400.817239 -500.508905 -604.450540 -713.872220 -811.136491 -902.874592 -985.012614 -1029.278846 -1035.016019 -1033.711579 -1030.395863 -1027.120859 -1024.527839 -1022.689884 -1021.482896 -1020.742545 -1020.321494 -1020.105628 -1020.015953 -1020.010488 -1020.091940 -1020.369985 -1021.939901 -1033.541986 -1131.566962 -1936.092408 -3917.599946 -3935.641377 -3935.641335 -3935.482962 -3932.980960 -3918.006895 -3865.041247 -3740.969080 -3510.510293 -3298.181578 -3135.791959 -2972.121332 -2793.962751 -2601.555327 -2406.029620 -2221.745509 -2056.416649 -1901.294015 -1420.727878 -1096.561564 -1029.374142 -1021.427089 -1020.525834 -1020.401691 -1020.381420 -1020.379404 -1020.380785 -1020.382502 -1020.383946 -1020.385062 -1020.385909 -1020.386557 -1020.387061 -1020.387461 -1020.387784 -1020.388053 -1020.388290 -1020.388521 -1020.388775 -1020.389093 -1020.389532 -1020.390179 -1020.391171 -1020.392728 -1020.395214 -1020.399237 -1020.405857 -1020.416971 -1020.436103 -1020.470007 -1020.531959 -1020.648476 -1020.873234 -1021.317795 -1022.229861 -1024.226182 -1029.018806 -1041.460141 -1074.263934 -9999.0 -9999.0
-9999.0 -9999.0 1034.068355 939.322595 844.340114 748.753847 652.830063 556.770270 460.691607 364.658048 268.699440 172.854992 77.240637 -18.104341 -113.216322 -208.308810 -303.865982 -400.817239 -500.508905 -604.450540 -713.872221 -811.136491 -902.874592 -985.012614 -1029.278846 -1035.016019 -1033.711579 -1030.395863 -1027.120859 -1024.527839 -1022.689884 -1021.482896 -1020.742545 -1020.321494 -1020.105628 -1020.015953 -1020.010488 -1020.091940 -1020.369985 -1021.939901 -1033.541986 -1131.566962 -1936.092408 -3917.599946 -3935.641377 -3935.641335 -3935.482962 -3932.980960 -3918.006896 -3865.041247 -3740.969081 -3510.510294 -3298.181578 -3135.791959 -2972.121333 -2793.962751 -2601.555328 -2406.029620 -2221.745510 -2056.416649 -1901.294015 -1420.727878 -1096.561564 -1029.374142 -1021.427089 -1020.525834 -1020.401691 -1020.381420 -1020.379404 -1020.380785 -1020.382502 -1020.383946 -1020.385062 -1020.385909 -1020.386557 -1020.387061 -1020.387461 -1020.387784 -1020.388053 -1020.388290 -1020.388521 -1020.388775 -1020.389093 -1020.389532 -1020.390179 -1020.391171 -1020.392728 -1020.395214 -1020.399237 -1020.405857 -1020.416971 -1020.436103 -1020.470007 -1020.531959 -1020.648476 -1020.873234 -1021.317795 -1022.229861 -1024.226182 -1029.018806 -1041.460141 -1074.263934 -9999.0 -9999.0
-9999.0 -9999.0 1034.065271 939.321369 844.339701 748.753710 652.830017 556.770255 460.691602 364.658046 268.699440 172.854992 77.240637 -18.104341 -113.216322 -208.308810 -303.865982 -400.817239 -500.508905 -604.450541 -713.872221 -811.136491 -902.874593 -985.012614 -1029.278846 -1035.016019 -1033.711579 -1030.395863 -1027.120859 -1024.527839 -1022.689884 -1021.482896 -1020.742545 -1020.321494 -1020.105628 -1020.015953 -1020.010488 -1020.091940 -1020.369985 -1021.939901 -1033.541986 -1131.566962 -1936.092409 -3917.599946 -3935.641377 -3935.641335 -3935.482962 -3932.980960 -3918.006896 -3865.041248 -3740.969083 -3510.510295 -3298.181579 -3135.791960 -2972.121333 -2793.962752 -2601.555329 -2406.029621 -2221.745510 -2056.416649 -1901.294015 -1420.727878 -1096.561564 -1029.374142 -1021.427089 -1020.525834 -1020.401691 -1020.381420 -1020.379404 -1020.380785 -1020.382502 -1020.383946 -1020.385062 -1020.385909 -1020.386557 -1020.387061 -1020.387461 -1020.387784 -1020.388053 -1020.388290 -1020.388521 -1020.388775 -1020.389093 -1020.389532 -1020.390179 -1020.391171 -1020.392728 -1020.395214 -1020.399237 -1020.405857 -1020.416971 -1020.436103 -1020.470007 -1020.531959 -1020.648476 -1020.873234 -1021.317795 -1022.229861 -1024.226182 -1029.018806 -1041.460141 -1074.263934 -9999.0 -9999.0
-9999.0 -9999.0 -9999.0 -9999.0 -9999.0 -9999.0 -9999.0 -9999.0 -9999.0 -9999.0 -9999.0 -9999.0 -9999.0 -9999.0 -9999.0 -9999.0 -9999.0 -9999.0 -9999.0 -9999.0 -9999.0 -9999.0 -9999.0 -9999.0 -9999.0 -9999.0 -9999.0 -9999.0 -9999.0 -9999.0 -9999.0 -9999.0 -9999.0 -9999.0 -9999.0 -9999.0 -9999.0 -9999.0 -9999.0 -9999.0 -9999.0 -9999.0 -9999.0 -9999.0 -9999.0 -9999.0 -9999.0 -9999.0 -9999.0 -9999.0 -9999.0 -9999.0 -9999.0 -9999.0 -9999.0 -9999.0 -9999.0 -9999.0 -9999.0 -9999.0 -9999.0 -9999.0 -9999.0 -9999.0 -9999.0 -9999.0 -9999.0 -9999.0 -9999.0 -9999.0 -9999.0 -9999.0 -9999.0 -9999.0 -9999.0 -9999.0 -9999.0 -9999.0 -9999.0 -9999.0 -9999.0 -9999.0 -9999.0 -9999.0 -9999.0 -9999.0 -9999.0 -9999.0 -9999.0 -9999.0 -9999.0 -9999.0 -9999.0 -9999.0 -9999.0 -9999.0 -9999.0 -9999.0 -9999.0 -9999.0 -9999.0 -9999.0 -9999.0 -9999.0
-9999.0 -9999.0 -9999.0 -9999.0 -9999.0 -9999.0 -9999.0 -9999.0 -9999.0 -9999.0 -9999.0 -9999.0 -9999.0 -9999.0 -9999.0 -9999.0 -9999.0 -9999.0 -9999.0 -9999.0 -9999.0 -9999.0 -9999.0 -9999.0 -9999.0 -9999.0 -9999.0 -9999.0 -9999.0 -9999.0 -9999.0 -9999.0 -9999.0 -9999.0 -9999.0 -9999.0 -9999.0 -9999.0 -9999.0 -9999.0 -9999.0 -9999.0 -9999.0 -9999.0 -9999.0 -9999.0 -9999.0 -9999.0 -9999.0 -9999.0 -9999.0 -9999.0 -9999.0 -9999.0 -9999.0 -9999.0 -9999.0 -9999.0 -9999.0 -9999.0 -9999.0 -9999.0 -9999.0 -9999.0 -9999.0 -9999.0 -9999.0 -9999.0 -9999.0 -9999.0 -9999.0 -9999.0 -9999.0 -9999.0 -9999.0 -9999.0 -9999.0 -9999.0 -9999.0 -9999.0 -9999.0 -9999.0 -9999.0 -9999.0 -9999.0 -9999.0 -9999.0 -9999.0 -9999.0 -9999.0 -9999.0 -9999.0 -9999.0 -9999.0 -9999.0 -9999.0 -9999.0 -9999.0 -9999.0 -9999.0 -9999.0 -9999.0 -9999.0 -9999.0