inst/processing_geotop_simulation/geotop_simulation/out/maps3D/PwL0017N0466.asc
ncols         104
nrows         10
xllcorner     -2.000000
yllcorner     0.000000
cellsize      1.000000
NODATA_value  -9999.0
-9999.0 -9999.0 -9999.0 -9999.0 -9999.0 -9999.0 -9999.0 -9999.0 -9999.0 -9999.0 -9999.0 -9999.0 -9999.0 -9999.0 -9999.0 -9999.0 -9999.0 -9999.0 -9999.0 -9999.0 -9999.0 -9999.0 -9999.0 -9999.0 -9999.0 -9999.0 -9999.0 -9999.0 -9999.0 -9999.0 -9999.0 -9999.0 -9999.0 -9999.0 -9999.0 -9999.0 -9999.0 -9999.0 -9999.0 -9999.0 -9999.0 -9999.0 -9999.0 -9999.0 -9999.0 -9999.0 -9999.0 -9999.0 -9999.0 -9999.0 -9999.0 -9999.0 -9999.0 -9999.0 -9999.0 -9999.0 -9999.0 -9999.0 -9999.0 -9999.0 -9999.0 -9999.0 -9999.0 -9999.0 -9999.0 -9999.0 -9999.0 -9999.0 -9999.0 -9999.0 -9999.0 -9999.0 -9999.0 -9999.0 -9999.0 -9999.0 -9999.0 -9999.0 -9999.0 -9999.0 -9999.0 -9999.0 -9999.0 -9999.0 -9999.0 -9999.0 -9999.0 -9999.0 -9999.0 -9999.0 -9999.0 -9999.0 -9999.0 -9999.0 -9999.0 -9999.0 -9999.0 -9999.0 -9999.0 -9999.0 -9999.0 -9999.0 -9999.0 -9999.0
-9999.0 -9999.0 -9999.0 -9999.0 -9999.0 -9999.0 -9999.0 -9999.0 -9999.0 -9999.0 -9999.0 -9999.0 -9999.0 -9999.0 -9999.0 -9999.0 -9999.0 -9999.0 -9999.0 -9999.0 -9999.0 -9999.0 -9999.0 -9999.0 -9999.0 -9999.0 -9999.0 -9999.0 -9999.0 -9999.0 -9999.0 -9999.0 -9999.0 -9999.0 -9999.0 -9999.0 -9999.0 -9999.0 -9999.0 -9999.0 -9999.0 -9999.0 -9999.0 -9999.0 -9999.0 -9999.0 -9999.0 -9999.0 -9999.0 -9999.0 -9999.0 -9999.0 -9999.0 -9999.0 -9999.0 -9999.0 -9999.0 -9999.0 -9999.0 -9999.0 -9999.0 -9999.0 -9999.0 -9999.0 -9999.0 -9999.0 -9999.0 -9999.0 -9999.0 -9999.0 -9999.0 -9999.0 -9999.0 -9999.0 -9999.0 -9999.0 -9999.0 -9999.0 -9999.0 -9999.0 -9999.0 -9999.0 -9999.0 -9999.0 -9999.0 -9999.0 -9999.0 -9999.0 -9999.0 -9999.0 -9999.0 -9999.0 -9999.0 -9999.0 -9999.0 -9999.0 -9999.0 -9999.0 -9999.0 -9999.0 -9999.0 -9999.0 -9999.0 -9999.0
-9999.0 -9999.0 819.252382 720.125820 620.873504 521.501554 422.069308 322.610850 223.144095 123.678623 24.220104 -75.225951 -174.659001 -274.074028 -373.457775 -472.788881 -572.028431 -671.110224 -770.094387 -869.062446 -967.849486 -1066.343678 -1163.414746 -1256.927581 -1345.491532 -1427.009910 -1499.619613 -1562.059753 -1613.890496 -1655.496311 -1687.900407 -1712.488033 -1730.742807 -1744.057737 -1753.633725 -1760.450229 -1765.292546 -1768.855220 -1772.021370 -1776.344080 -1783.066304 -1786.009405 -1929.815420 -4037.197106 -4133.622881 -4133.605008 -4133.571618 -4133.556430 -4133.515990 -4133.400007 -4133.113174 -4132.367127 -4131.232691 -4129.849980 -4127.676197 -4123.715160 -4115.708156 -4098.491397 -4061.011194 -3982.404148 -3646.778637 -1686.122748 -1741.997102 -1775.384796 -1777.184896 -1776.506153 -1776.244040 -1776.183759 -1776.172723 -1776.171307 -1776.171546 -1776.172000 -1776.172427 -1776.172799 -1776.173125 -1776.173418 -1776.173688 -1776.173943 -1776.174190 -1776.174435 -1776.174686 -1776.174954 -1776.175249 -1776.175591 -1776.176008 -1776.176545 -1776.177276 -1776.178322 -1776.179898 -1776.182386 -1776.186496 -1776.193588 -1776.206345 -1776.230211 -1776.276591 -1776.370519 -1776.570348 -1777.021695 -1778.114755 -1780.983212 -1789.245741 -1815.685296 -9999.0 -9999.0
-9999.0 -9999.0 819.255584 720.126958 620.873862 521.501669 422.069346 322.610864 223.144100 123.678625 24.220105 -75.225950 -174.659000 -274.074028 -373.457774 -472.788881 -572.028431 -671.110224 -770.094387 -869.062446 -967.849486 -1066.343678 -1163.414746 -1256.927582 -1345.491533 -1427.009910 -1499.619613 -1562.059753 -1613.890496 -1655.496311 -1687.900407 -1712.488033 -1730.742807 -1744.057737 -1753.633725 -1760.450229 -1765.292546 -1768.855220 -1772.021370 -1776.344080 -1783.066304 -1786.009404 -1929.815420 -4037.197106 -4133.622881 -4133.605008 -4133.571618 -4133.556430 -4133.515990 -4133.400007 -4133.113174 -4132.367127 -4131.232691 -4129.849980 -4127.676197 -4123.715160 -4115.708156 -4098.491397 -4061.011193 -3982.404148 -3646.778637 -1686.122748 -1741.997102 -1775.384796 -1777.184896 -1776.506153 -1776.244040 -1776.183758 -1776.172723 -1776.171307 -1776.171546 -1776.172000 -1776.172427 -1776.172799 -1776.173125 -1776.173418 -1776.173688 -1776.173943 -1776.174190 -1776.174435 -1776.174686 -1776.174953 -1776.175249 -1776.175591 -1776.176008 -1776.176545 -1776.177276 -1776.178322 -1776.179898 -1776.182386 -1776.186496 -1776.193588 -1776.206345 -1776.230211 -1776.276591 -1776.370519 -1776.570348 -1777.021695 -1778.114755 -1780.983212 -1789.245741 -1815.685296 -9999.0 -9999.0
-9999.0 -9999.0 819.256691 720.127543 620.874105 521.501761 422.069380 322.610876 223.144105 123.678627 24.220105 -75.225950 -174.659000 -274.074027 -373.457774 -472.788881 -572.028431 -671.110224 -770.094388 -869.062446 -967.849486 -1066.343678 -1163.414746 -1256.927582 -1345.491533 -1427.009911 -1499.619613 -1562.059753 -1613.890496 -1655.496311 -1687.900407 -1712.488033 -1730.742807 -1744.057737 -1753.633725 -1760.450229 -1765.292546 -1768.855220 -1772.021370 -1776.344080 -1783.066304 -1786.009404 -1929.815420 -4037.197106 -4133.622881 -4133.605008 -4133.571618 -4133.556430 -4133.515990 -4133.400007 -4133.113174 -4132.367127 -4131.232691 -4129.849980 -4127.676197 -4123.715160 -4115.708156 -4098.491397 -4061.011193 -3982.404148 -3646.778637 -1686.122748 -1741.997102 -1775.384796 -1777.184896 -1776.506153 -1776.244040 -1776.183758 -1776.172723 -1776.171307 -1776.171546 -1776.172000 -1776.172427 -1776.172799 -1776.173125 -1776.173418 -1776.173688 -1776.173943 -1776.174190 -1776.174435 -1776.174686 -1776.174953 -1776.175249 -1776.175591 -1776.176008 -1776.176545 -1776.177276 -1776.178322 -1776.179898 -1776.182386 -1776.186496 -1776.193588 -1776.206345 -1776.230211 -1776.276591 -1776.370519 -1776.570348 -1777.021695 -1778.114755 -1780.983212 -1789.245741 -1815.685296 -9999.0 -9999.0
-9999.0 -9999.0 819.256690 720.127543 620.874105 521.501761 422.069380 322.610876 223.144105 123.678627 24.220105 -75.225950 -174.659000 -274.074027 -373.457774 -472.788881 -572.028431 -671.110225 -770.094387 -869.062446 -967.849486 -1066.343678 -1163.414746 -1256.927582 -1345.491533 -1427.009910 -1499.619613 -1562.059753 -1613.890496 -1655.496311 -1687.900407 -1712.488033 -1730.742807 -1744.057737 -1753.633725 -1760.450229 -1765.292546 -1768.855220 -1772.021370 -1776.344080 -1783.066304 -1786.009404 -1929.815420 -4037.197106 -4133.622881 -4133.605008 -4133.571618 -4133.556430 -4133.515990 -4133.400007 -4133.113174 -4132.367127 -4131.232691 -4129.849980 -4127.676197 -4123.715160 -4115.708156 -4098.491397 -4061.011193 -3982.404148 -3646.778637 -1686.122748 -1741.997102 -1775.384796 -1777.184896 -1776.506153 -1776.244040 -1776.183758 -1776.172723 -1776.171307 -1776.171546 -1776.172000 -1776.172427 -1776.172799 -1776.173125 -1776.173418 -1776.173688 -1776.173943 -1776.174190 -1776.174435 -1776.174686 -1776.174953 -1776.175249 -1776.175591 -1776.176008 -1776.176545 -1776.177276 -1776.178322 -1776.179898 -1776.182386 -1776.186496 -1776.193588 -1776.206345 -1776.230211 -1776.276591 -1776.370519 -1776.570348 -1777.021695 -1778.114755 -1780.983212 -1789.245741 -1815.685296 -9999.0 -9999.0
-9999.0 -9999.0 819.255585 720.126958 620.873862 521.501669 422.069346 322.610864 223.144100 123.678625 24.220105 -75.225950 -174.659001 -274.074027 -373.457775 -472.788881 -572.028431 -671.110224 -770.094387 -869.062446 -967.849486 -1066.343678 -1163.414746 -1256.927582 -1345.491533 -1427.009910 -1499.619613 -1562.059753 -1613.890496 -1655.496311 -1687.900407 -1712.488033 -1730.742807 -1744.057737 -1753.633725 -1760.450229 -1765.292546 -1768.855220 -1772.021370 -1776.344080 -1783.066304 -1786.009404 -1929.815420 -4037.197106 -4133.622881 -4133.605008 -4133.571618 -4133.556430 -4133.515990 -4133.400007 -4133.113174 -4132.367127 -4131.232691 -4129.849980 -4127.676197 -4123.715160 -4115.708156 -4098.491397 -4061.011194 -3982.404148 -3646.778637 -1686.122748 -1741.997102 -1775.384796 -1777.184896 -1776.506153 -1776.244040 -1776.183758 -1776.172723 -1776.171307 -1776.171546 -1776.172000 -1776.172427 -1776.172799 -1776.173125 -1776.173418 -1776.173688 -1776.173943 -1776.174190 -1776.174435 -1776.174686 -1776.174953 -1776.175249 -1776.175591 -1776.176008 -1776.176545 -1776.177276 -1776.178322 -1776.179898 -1776.182386 -1776.186496 -1776.193588 -1776.206345 -1776.230211 -1776.276591 -1776.370519 -1776.570348 -1777.021695 -1778.114755 -1780.983212 -1789.245741 -1815.685296 -9999.0 -9999.0
-9999.0 -9999.0 819.252382 720.125820 620.873504 521.501555 422.069308 322.610851 223.144095 123.678623 24.220104 -75.225951 -174.659001 -274.074028 -373.457774 -472.788882 -572.028431 -671.110224 -770.094387 -869.062446 -967.849486 -1066.343678 -1163.414746 -1256.927581 -1345.491532 -1427.009910 -1499.619613 -1562.059753 -1613.890496 -1655.496311 -1687.900407 -1712.488033 -1730.742807 -1744.057737 -1753.633725 -1760.450229 -1765.292546 -1768.855220 -1772.021370 -1776.344080 -1783.066304 -1786.009405 -1929.815420 -4037.197106 -4133.622881 -4133.605008 -4133.571618 -4133.556430 -4133.515990 -4133.400007 -4133.113174 -4132.367127 -4131.232691 -4129.849980 -4127.676197 -4123.715160 -4115.708156 -4098.491397 -4061.011194 -3982.404148 -3646.778638 -1686.122748 -1741.997102 -1775.384796 -1777.184896 -1776.506153 -1776.244040 -1776.183759 -1776.172723 -1776.171307 -1776.171546 -1776.172000 -1776.172427 -1776.172799 -1776.173125 -1776.173418 -1776.173688 -1776.173943 -1776.174190 -1776.174435 -1776.174686 -1776.174954 -1776.175249 -1776.175591 -1776.176008 -1776.176545 -1776.177276 -1776.178322 -1776.179898 -1776.182386 -1776.186496 -1776.193588 -1776.206345 -1776.230211 -1776.276591 -1776.370519 -1776.570348 -1777.021695 -1778.114755 -1780.983212 -1789.245741 -1815.685296 -9999.0 -9999.0
-9999.0 -9999.0 -9999.0 -9999.0 -9999.0 -9999.0 -9999.0 -9999.0 -9999.0 -9999.0 -9999.0 -9999.0 -9999.0 -9999.0 -9999.0 -9999.0 -9999.0 -9999.0 -9999.0 -9999.0 -9999.0 -9999.0 -9999.0 -9999.0 -9999.0 -9999.0 -9999.0 -9999.0 -9999.0 -9999.0 -9999.0 -9999.0 -9999.0 -9999.0 -9999.0 -9999.0 -9999.0 -9999.0 -9999.0 -9999.0 -9999.0 -9999.0 -9999.0 -9999.0 -9999.0 -9999.0 -9999.0 -9999.0 -9999.0 -9999.0 -9999.0 -9999.0 -9999.0 -9999.0 -9999.0 -9999.0 -9999.0 -9999.0 -9999.0 -9999.0 -9999.0 -9999.0 -9999.0 -9999.0 -9999.0 -9999.0 -9999.0 -9999.0 -9999.0 -9999.0 -9999.0 -9999.0 -9999.0 -9999.0 -9999.0 -9999.0 -9999.0 -9999.0 -9999.0 -9999.0 -9999.0 -9999.0 -9999.0 -9999.0 -9999.0 -9999.0 -9999.0 -9999.0 -9999.0 -9999.0 -9999.0 -9999.0 -9999.0 -9999.0 -9999.0 -9999.0 -9999.0 -9999.0 -9999.0 -9999.0 -9999.0 -9999.0 -9999.0 -9999.0
-9999.0 -9999.0 -9999.0 -9999.0 -9999.0 -9999.0 -9999.0 -9999.0 -9999.0 -9999.0 -9999.0 -9999.0 -9999.0 -9999.0 -9999.0 -9999.0 -9999.0 -9999.0 -9999.0 -9999.0 -9999.0 -9999.0 -9999.0 -9999.0 -9999.0 -9999.0 -9999.0 -9999.0 -9999.0 -9999.0 -9999.0 -9999.0 -9999.0 -9999.0 -9999.0 -9999.0 -9999.0 -9999.0 -9999.0 -9999.0 -9999.0 -9999.0 -9999.0 -9999.0 -9999.0 -9999.0 -9999.0 -9999.0 -9999.0 -9999.0 -9999.0 -9999.0 -9999.0 -9999.0 -9999.0 -9999.0 -9999.0 -9999.0 -9999.0 -9999.0 -9999.0 -9999.0 -9999.0 -9999.0 -9999.0 -9999.0 -9999.0 -9999.0 -9999.0 -9999.0 -9999.0 -9999.0 -9999.0 -9999.0 -9999.0 -9999.0 -9999.0 -9999.0 -9999.0 -9999.0 -9999.0 -9999.0 -9999.0 -9999.0 -9999.0 -9999.0 -9999.0 -9999.0 -9999.0 -9999.0 -9999.0 -9999.0 -9999.0 -9999.0 -9999.0 -9999.0 -9999.0 -9999.0 -9999.0 -9999.0 -9999.0 -9999.0 -9999.0 -9999.0