inst/processing_geotop_simulation/geotop_simulation/out/maps3D/PwL0012N0119.asc
ncols         104
nrows         10
xllcorner     -2.000000
yllcorner     0.000000
cellsize      1.000000
NODATA_value  -9999.0
-9999.0 -9999.0 -9999.0 -9999.0 -9999.0 -9999.0 -9999.0 -9999.0 -9999.0 -9999.0 -9999.0 -9999.0 -9999.0 -9999.0 -9999.0 -9999.0 -9999.0 -9999.0 -9999.0 -9999.0 -9999.0 -9999.0 -9999.0 -9999.0 -9999.0 -9999.0 -9999.0 -9999.0 -9999.0 -9999.0 -9999.0 -9999.0 -9999.0 -9999.0 -9999.0 -9999.0 -9999.0 -9999.0 -9999.0 -9999.0 -9999.0 -9999.0 -9999.0 -9999.0 -9999.0 -9999.0 -9999.0 -9999.0 -9999.0 -9999.0 -9999.0 -9999.0 -9999.0 -9999.0 -9999.0 -9999.0 -9999.0 -9999.0 -9999.0 -9999.0 -9999.0 -9999.0 -9999.0 -9999.0 -9999.0 -9999.0 -9999.0 -9999.0 -9999.0 -9999.0 -9999.0 -9999.0 -9999.0 -9999.0 -9999.0 -9999.0 -9999.0 -9999.0 -9999.0 -9999.0 -9999.0 -9999.0 -9999.0 -9999.0 -9999.0 -9999.0 -9999.0 -9999.0 -9999.0 -9999.0 -9999.0 -9999.0 -9999.0 -9999.0 -9999.0 -9999.0 -9999.0 -9999.0 -9999.0 -9999.0 -9999.0 -9999.0 -9999.0 -9999.0
-9999.0 -9999.0 -9999.0 -9999.0 -9999.0 -9999.0 -9999.0 -9999.0 -9999.0 -9999.0 -9999.0 -9999.0 -9999.0 -9999.0 -9999.0 -9999.0 -9999.0 -9999.0 -9999.0 -9999.0 -9999.0 -9999.0 -9999.0 -9999.0 -9999.0 -9999.0 -9999.0 -9999.0 -9999.0 -9999.0 -9999.0 -9999.0 -9999.0 -9999.0 -9999.0 -9999.0 -9999.0 -9999.0 -9999.0 -9999.0 -9999.0 -9999.0 -9999.0 -9999.0 -9999.0 -9999.0 -9999.0 -9999.0 -9999.0 -9999.0 -9999.0 -9999.0 -9999.0 -9999.0 -9999.0 -9999.0 -9999.0 -9999.0 -9999.0 -9999.0 -9999.0 -9999.0 -9999.0 -9999.0 -9999.0 -9999.0 -9999.0 -9999.0 -9999.0 -9999.0 -9999.0 -9999.0 -9999.0 -9999.0 -9999.0 -9999.0 -9999.0 -9999.0 -9999.0 -9999.0 -9999.0 -9999.0 -9999.0 -9999.0 -9999.0 -9999.0 -9999.0 -9999.0 -9999.0 -9999.0 -9999.0 -9999.0 -9999.0 -9999.0 -9999.0 -9999.0 -9999.0 -9999.0 -9999.0 -9999.0 -9999.0 -9999.0 -9999.0 -9999.0
-9999.0 -9999.0 589.322167 499.955755 407.801418 314.077171 219.651119 124.925445 30.098028 -64.710600 -159.457438 -254.113138 -348.725908 -443.770199 -539.971048 -637.652358 -735.363688 -830.322217 -922.903948 -1012.211427 -1090.826749 -1149.336912 -1188.331854 -1212.179710 -1226.044381 -1234.006755 -1238.685018 -1241.558980 -1243.410270 -1244.647658 -1245.495351 -1246.084495 -1246.497178 -1246.787127 -1246.990550 -1247.134320 -1247.246548 -1247.373254 -1247.656211 -1249.152775 -1259.323718 -1332.199571 -2086.452205 -4365.852867 -4378.842529 -4375.208872 -4371.794099 -4371.258086 -4371.203025 -4371.208050 -4371.221367 -4371.235622 -4371.249279 -4371.261894 -4371.273544 -4371.286753 -4371.326786 -4371.616212 -4373.574326 -4376.615209 -4355.566179 -1953.173646 -1305.248532 -1255.174763 -1248.559578 -1247.714570 -1247.596076 -1247.577316 -1247.575421 -1247.576577 -1247.578039 -1247.579269 -1247.580217 -1247.580935 -1247.581483 -1247.581908 -1247.582243 -1247.582513 -1247.582738 -1247.582936 -1247.583129 -1247.583341 -1247.583606 -1247.583973 -1247.584514 -1247.585346 -1247.586651 -1247.588734 -1247.592107 -1247.597657 -1247.606976 -1247.623013 -1247.651423 -1247.703294 -1247.800703 -1247.988010 -1248.355793 -1249.097072 -1250.657659 -1254.166347 -1262.710619 -1286.418285 -9999.0 -9999.0
-9999.0 -9999.0 589.328244 499.957599 407.801952 314.077335 219.651172 124.925463 30.098034 -64.710598 -159.457437 -254.113138 -348.725908 -443.770199 -539.971048 -637.652358 -735.363688 -830.322217 -922.903948 -1012.211427 -1090.826749 -1149.336912 -1188.331854 -1212.179710 -1226.044381 -1234.006755 -1238.685018 -1241.558980 -1243.410270 -1244.647658 -1245.495351 -1246.084495 -1246.497178 -1246.787127 -1246.990550 -1247.134320 -1247.246548 -1247.373254 -1247.656211 -1249.152775 -1259.323718 -1332.199571 -2086.452205 -4365.852867 -4378.842529 -4375.208872 -4371.794099 -4371.258086 -4371.203025 -4371.208050 -4371.221367 -4371.235622 -4371.249279 -4371.261894 -4371.273544 -4371.286753 -4371.326786 -4371.616212 -4373.574326 -4376.615209 -4355.566179 -1953.173646 -1305.248532 -1255.174763 -1248.559578 -1247.714570 -1247.596076 -1247.577316 -1247.575421 -1247.576577 -1247.578039 -1247.579269 -1247.580217 -1247.580935 -1247.581483 -1247.581908 -1247.582243 -1247.582513 -1247.582738 -1247.582936 -1247.583129 -1247.583341 -1247.583606 -1247.583973 -1247.584514 -1247.585346 -1247.586651 -1247.588734 -1247.592107 -1247.597657 -1247.606976 -1247.623013 -1247.651423 -1247.703294 -1247.800703 -1247.988010 -1248.355793 -1249.097072 -1250.657659 -1254.166347 -1262.710619 -1286.418285 -9999.0 -9999.0
-9999.0 -9999.0 589.329878 499.958457 407.802301 314.077464 219.651218 124.925479 30.098040 -64.710596 -159.457436 -254.113138 -348.725908 -443.770199 -539.971048 -637.652358 -735.363688 -830.322217 -922.903948 -1012.211427 -1090.826749 -1149.336912 -1188.331854 -1212.179710 -1226.044381 -1234.006755 -1238.685018 -1241.558980 -1243.410270 -1244.647658 -1245.495351 -1246.084495 -1246.497178 -1246.787127 -1246.990550 -1247.134320 -1247.246548 -1247.373254 -1247.656211 -1249.152775 -1259.323718 -1332.199571 -2086.452205 -4365.852867 -4378.842529 -4375.208872 -4371.794099 -4371.258086 -4371.203025 -4371.208050 -4371.221367 -4371.235622 -4371.249279 -4371.261894 -4371.273544 -4371.286753 -4371.326786 -4371.616212 -4373.574326 -4376.615209 -4355.566179 -1953.173646 -1305.248532 -1255.174763 -1248.559578 -1247.714570 -1247.596076 -1247.577316 -1247.575421 -1247.576577 -1247.578039 -1247.579269 -1247.580217 -1247.580935 -1247.581483 -1247.581908 -1247.582243 -1247.582513 -1247.582738 -1247.582936 -1247.583129 -1247.583341 -1247.583606 -1247.583973 -1247.584514 -1247.585346 -1247.586651 -1247.588734 -1247.592107 -1247.597657 -1247.606976 -1247.623013 -1247.651423 -1247.703294 -1247.800703 -1247.988010 -1248.355793 -1249.097072 -1250.657659 -1254.166347 -1262.710619 -1286.418285 -9999.0 -9999.0
-9999.0 -9999.0 589.329878 499.958457 407.802301 314.077464 219.651218 124.925479 30.098040 -64.710596 -159.457436 -254.113138 -348.725907 -443.770199 -539.971048 -637.652358 -735.363688 -830.322217 -922.903948 -1012.211427 -1090.826749 -1149.336912 -1188.331854 -1212.179710 -1226.044381 -1234.006755 -1238.685018 -1241.558980 -1243.410270 -1244.647658 -1245.495351 -1246.084495 -1246.497178 -1246.787127 -1246.990550 -1247.134320 -1247.246548 -1247.373254 -1247.656211 -1249.152775 -1259.323718 -1332.199571 -2086.452205 -4365.852867 -4378.842529 -4375.208872 -4371.794099 -4371.258086 -4371.203025 -4371.208050 -4371.221367 -4371.235622 -4371.249279 -4371.261894 -4371.273544 -4371.286753 -4371.326786 -4371.616212 -4373.574326 -4376.615209 -4355.566179 -1953.173646 -1305.248532 -1255.174763 -1248.559578 -1247.714570 -1247.596076 -1247.577316 -1247.575421 -1247.576577 -1247.578039 -1247.579269 -1247.580217 -1247.580935 -1247.581483 -1247.581908 -1247.582243 -1247.582513 -1247.582738 -1247.582936 -1247.583129 -1247.583341 -1247.583606 -1247.583973 -1247.584514 -1247.585346 -1247.586651 -1247.588734 -1247.592107 -1247.597657 -1247.606976 -1247.623013 -1247.651423 -1247.703294 -1247.800703 -1247.988010 -1248.355793 -1249.097072 -1250.657659 -1254.166347 -1262.710619 -1286.418285 -9999.0 -9999.0
-9999.0 -9999.0 589.328244 499.957599 407.801952 314.077335 219.651172 124.925463 30.098034 -64.710598 -159.457437 -254.113138 -348.725908 -443.770199 -539.971048 -637.652358 -735.363688 -830.322217 -922.903948 -1012.211427 -1090.826749 -1149.336912 -1188.331854 -1212.179710 -1226.044381 -1234.006755 -1238.685018 -1241.558980 -1243.410270 -1244.647658 -1245.495351 -1246.084495 -1246.497178 -1246.787127 -1246.990550 -1247.134320 -1247.246548 -1247.373254 -1247.656211 -1249.152775 -1259.323718 -1332.199571 -2086.452205 -4365.852867 -4378.842529 -4375.208872 -4371.794099 -4371.258086 -4371.203025 -4371.208050 -4371.221367 -4371.235622 -4371.249279 -4371.261894 -4371.273544 -4371.286753 -4371.326786 -4371.616212 -4373.574326 -4376.615209 -4355.566179 -1953.173646 -1305.248532 -1255.174763 -1248.559578 -1247.714570 -1247.596076 -1247.577316 -1247.575421 -1247.576577 -1247.578039 -1247.579269 -1247.580217 -1247.580935 -1247.581483 -1247.581908 -1247.582243 -1247.582513 -1247.582738 -1247.582936 -1247.583129 -1247.583341 -1247.583606 -1247.583973 -1247.584514 -1247.585346 -1247.586651 -1247.588734 -1247.592107 -1247.597657 -1247.606976 -1247.623013 -1247.651423 -1247.703294 -1247.800703 -1247.988010 -1248.355793 -1249.097072 -1250.657659 -1254.166347 -1262.710619 -1286.418285 -9999.0 -9999.0
-9999.0 -9999.0 589.322167 499.955755 407.801418 314.077171 219.651119 124.925445 30.098028 -64.710600 -159.457438 -254.113139 -348.725908 -443.770199 -539.971048 -637.652358 -735.363688 -830.322217 -922.903948 -1012.211427 -1090.826749 -1149.336912 -1188.331854 -1212.179710 -1226.044381 -1234.006755 -1238.685018 -1241.558980 -1243.410270 -1244.647658 -1245.495351 -1246.084495 -1246.497178 -1246.787127 -1246.990550 -1247.134320 -1247.246548 -1247.373254 -1247.656211 -1249.152775 -1259.323718 -1332.199571 -2086.452205 -4365.852867 -4378.842529 -4375.208872 -4371.794099 -4371.258086 -4371.203025 -4371.208050 -4371.221367 -4371.235622 -4371.249279 -4371.261894 -4371.273544 -4371.286753 -4371.326786 -4371.616212 -4373.574326 -4376.615209 -4355.566179 -1953.173646 -1305.248532 -1255.174763 -1248.559578 -1247.714570 -1247.596076 -1247.577316 -1247.575421 -1247.576577 -1247.578039 -1247.579269 -1247.580217 -1247.580935 -1247.581483 -1247.581908 -1247.582243 -1247.582513 -1247.582738 -1247.582936 -1247.583129 -1247.583341 -1247.583606 -1247.583973 -1247.584514 -1247.585346 -1247.586651 -1247.588734 -1247.592107 -1247.597657 -1247.606976 -1247.623013 -1247.651423 -1247.703294 -1247.800703 -1247.988010 -1248.355793 -1249.097072 -1250.657659 -1254.166347 -1262.710619 -1286.418285 -9999.0 -9999.0
-9999.0 -9999.0 -9999.0 -9999.0 -9999.0 -9999.0 -9999.0 -9999.0 -9999.0 -9999.0 -9999.0 -9999.0 -9999.0 -9999.0 -9999.0 -9999.0 -9999.0 -9999.0 -9999.0 -9999.0 -9999.0 -9999.0 -9999.0 -9999.0 -9999.0 -9999.0 -9999.0 -9999.0 -9999.0 -9999.0 -9999.0 -9999.0 -9999.0 -9999.0 -9999.0 -9999.0 -9999.0 -9999.0 -9999.0 -9999.0 -9999.0 -9999.0 -9999.0 -9999.0 -9999.0 -9999.0 -9999.0 -9999.0 -9999.0 -9999.0 -9999.0 -9999.0 -9999.0 -9999.0 -9999.0 -9999.0 -9999.0 -9999.0 -9999.0 -9999.0 -9999.0 -9999.0 -9999.0 -9999.0 -9999.0 -9999.0 -9999.0 -9999.0 -9999.0 -9999.0 -9999.0 -9999.0 -9999.0 -9999.0 -9999.0 -9999.0 -9999.0 -9999.0 -9999.0 -9999.0 -9999.0 -9999.0 -9999.0 -9999.0 -9999.0 -9999.0 -9999.0 -9999.0 -9999.0 -9999.0 -9999.0 -9999.0 -9999.0 -9999.0 -9999.0 -9999.0 -9999.0 -9999.0 -9999.0 -9999.0 -9999.0 -9999.0 -9999.0 -9999.0
-9999.0 -9999.0 -9999.0 -9999.0 -9999.0 -9999.0 -9999.0 -9999.0 -9999.0 -9999.0 -9999.0 -9999.0 -9999.0 -9999.0 -9999.0 -9999.0 -9999.0 -9999.0 -9999.0 -9999.0 -9999.0 -9999.0 -9999.0 -9999.0 -9999.0 -9999.0 -9999.0 -9999.0 -9999.0 -9999.0 -9999.0 -9999.0 -9999.0 -9999.0 -9999.0 -9999.0 -9999.0 -9999.0 -9999.0 -9999.0 -9999.0 -9999.0 -9999.0 -9999.0 -9999.0 -9999.0 -9999.0 -9999.0 -9999.0 -9999.0 -9999.0 -9999.0 -9999.0 -9999.0 -9999.0 -9999.0 -9999.0 -9999.0 -9999.0 -9999.0 -9999.0 -9999.0 -9999.0 -9999.0 -9999.0 -9999.0 -9999.0 -9999.0 -9999.0 -9999.0 -9999.0 -9999.0 -9999.0 -9999.0 -9999.0 -9999.0 -9999.0 -9999.0 -9999.0 -9999.0 -9999.0 -9999.0 -9999.0 -9999.0 -9999.0 -9999.0 -9999.0 -9999.0 -9999.0 -9999.0 -9999.0 -9999.0 -9999.0 -9999.0 -9999.0 -9999.0 -9999.0 -9999.0 -9999.0 -9999.0 -9999.0 -9999.0 -9999.0 -9999.0