inst/processing_geotop_simulation/geotop_simulation/out/maps3D/PwL0007N0164.asc
ncols         104
nrows         10
xllcorner     -2.000000
yllcorner     0.000000
cellsize      1.000000
NODATA_value  -9999.0
-9999.0 -9999.0 -9999.0 -9999.0 -9999.0 -9999.0 -9999.0 -9999.0 -9999.0 -9999.0 -9999.0 -9999.0 -9999.0 -9999.0 -9999.0 -9999.0 -9999.0 -9999.0 -9999.0 -9999.0 -9999.0 -9999.0 -9999.0 -9999.0 -9999.0 -9999.0 -9999.0 -9999.0 -9999.0 -9999.0 -9999.0 -9999.0 -9999.0 -9999.0 -9999.0 -9999.0 -9999.0 -9999.0 -9999.0 -9999.0 -9999.0 -9999.0 -9999.0 -9999.0 -9999.0 -9999.0 -9999.0 -9999.0 -9999.0 -9999.0 -9999.0 -9999.0 -9999.0 -9999.0 -9999.0 -9999.0 -9999.0 -9999.0 -9999.0 -9999.0 -9999.0 -9999.0 -9999.0 -9999.0 -9999.0 -9999.0 -9999.0 -9999.0 -9999.0 -9999.0 -9999.0 -9999.0 -9999.0 -9999.0 -9999.0 -9999.0 -9999.0 -9999.0 -9999.0 -9999.0 -9999.0 -9999.0 -9999.0 -9999.0 -9999.0 -9999.0 -9999.0 -9999.0 -9999.0 -9999.0 -9999.0 -9999.0 -9999.0 -9999.0 -9999.0 -9999.0 -9999.0 -9999.0 -9999.0 -9999.0 -9999.0 -9999.0 -9999.0 -9999.0
-9999.0 -9999.0 -9999.0 -9999.0 -9999.0 -9999.0 -9999.0 -9999.0 -9999.0 -9999.0 -9999.0 -9999.0 -9999.0 -9999.0 -9999.0 -9999.0 -9999.0 -9999.0 -9999.0 -9999.0 -9999.0 -9999.0 -9999.0 -9999.0 -9999.0 -9999.0 -9999.0 -9999.0 -9999.0 -9999.0 -9999.0 -9999.0 -9999.0 -9999.0 -9999.0 -9999.0 -9999.0 -9999.0 -9999.0 -9999.0 -9999.0 -9999.0 -9999.0 -9999.0 -9999.0 -9999.0 -9999.0 -9999.0 -9999.0 -9999.0 -9999.0 -9999.0 -9999.0 -9999.0 -9999.0 -9999.0 -9999.0 -9999.0 -9999.0 -9999.0 -9999.0 -9999.0 -9999.0 -9999.0 -9999.0 -9999.0 -9999.0 -9999.0 -9999.0 -9999.0 -9999.0 -9999.0 -9999.0 -9999.0 -9999.0 -9999.0 -9999.0 -9999.0 -9999.0 -9999.0 -9999.0 -9999.0 -9999.0 -9999.0 -9999.0 -9999.0 -9999.0 -9999.0 -9999.0 -9999.0 -9999.0 -9999.0 -9999.0 -9999.0 -9999.0 -9999.0 -9999.0 -9999.0 -9999.0 -9999.0 -9999.0 -9999.0 -9999.0 -9999.0
-9999.0 -9999.0 332.637674 241.966719 147.647778 51.988156 -44.195724 -140.593273 -237.047074 -333.429263 -429.597364 -525.255475 -619.843947 -713.482599 -807.395818 -901.246639 -995.083173 -1088.270677 -1179.379822 -1263.535041 -1333.251701 -1386.339892 -1424.096695 -1449.719626 -1466.679103 -1477.830565 -1485.199856 -1490.109429 -1493.396178 -1495.595518 -1497.061214 -1498.032518 -1498.672693 -1499.092647 -1499.367085 -1499.547732 -1499.677277 -1499.813182 -1500.149128 -1501.853274 -1510.622354 -1536.322265 -1127.057758 -1179.976197 -1149.189050 -1130.376414 -1121.701121 -1120.540572 -1120.423122 -1120.437525 -1120.471066 -1120.506916 -1120.541330 -1120.573175 -1120.602591 -1120.635558 -1120.731017 -1121.393150 -1125.883562 -1136.097111 -1152.131919 -1081.187903 -1511.377504 -1505.819161 -1501.007492 -1500.133073 -1500.000520 -1499.980119 -1499.977712 -1499.978421 -1499.979507 -1499.980445 -1499.981174 -1499.981727 -1499.982150 -1499.982477 -1499.982736 -1499.982945 -1499.983118 -1499.983272 -1499.983422 -1499.983588 -1499.983796 -1499.984086 -1499.984513 -1499.985170 -1499.986203 -1499.987854 -1499.990533 -1499.994953 -1500.002397 -1500.015258 -1500.038134 -1500.080060 -1500.159046 -1500.311396 -1500.611807 -1501.221427 -1502.516397 -1505.458892 -1512.817648 -1534.867823 -9999.0 -9999.0
-9999.0 -9999.0 332.646302 241.968818 147.648336 51.988321 -44.195672 -140.593255 -237.047068 -333.429261 -429.597363 -525.255475 -619.843947 -713.482599 -807.395819 -901.246639 -995.083173 -1088.270677 -1179.379822 -1263.535041 -1333.251702 -1386.339893 -1424.096695 -1449.719626 -1466.679104 -1477.830565 -1485.199856 -1490.109429 -1493.396178 -1495.595518 -1497.061214 -1498.032518 -1498.672693 -1499.092647 -1499.367085 -1499.547732 -1499.677277 -1499.813182 -1500.149128 -1501.853274 -1510.622354 -1536.322265 -1127.057757 -1179.976196 -1149.189050 -1130.376413 -1121.701121 -1120.540572 -1120.423122 -1120.437525 -1120.471066 -1120.506916 -1120.541330 -1120.573175 -1120.602591 -1120.635558 -1120.731017 -1121.393150 -1125.883562 -1136.097111 -1152.131919 -1081.187903 -1511.377504 -1505.819161 -1501.007492 -1500.133073 -1500.000520 -1499.980119 -1499.977712 -1499.978421 -1499.979507 -1499.980445 -1499.981174 -1499.981727 -1499.982150 -1499.982477 -1499.982736 -1499.982945 -1499.983118 -1499.983272 -1499.983422 -1499.983588 -1499.983796 -1499.984086 -1499.984513 -1499.985170 -1499.986203 -1499.987854 -1499.990533 -1499.994953 -1500.002397 -1500.015258 -1500.038134 -1500.080060 -1500.159046 -1500.311396 -1500.611807 -1501.221427 -1502.516397 -1505.458892 -1512.817648 -1534.867823 -9999.0 -9999.0
-9999.0 -9999.0 332.647936 241.969706 147.648691 51.988451 -44.195626 -140.593239 -237.047062 -333.429259 -429.597362 -525.255475 -619.843947 -713.482599 -807.395819 -901.246639 -995.083173 -1088.270677 -1179.379822 -1263.535041 -1333.251702 -1386.339893 -1424.096695 -1449.719626 -1466.679104 -1477.830565 -1485.199856 -1490.109429 -1493.396178 -1495.595518 -1497.061214 -1498.032518 -1498.672693 -1499.092647 -1499.367085 -1499.547732 -1499.677277 -1499.813182 -1500.149128 -1501.853274 -1510.622354 -1536.322265 -1127.057757 -1179.976196 -1149.189050 -1130.376413 -1121.701121 -1120.540572 -1120.423122 -1120.437525 -1120.471066 -1120.506916 -1120.541330 -1120.573175 -1120.602591 -1120.635558 -1120.731017 -1121.393150 -1125.883562 -1136.097111 -1152.131919 -1081.187903 -1511.377504 -1505.819161 -1501.007492 -1500.133073 -1500.000520 -1499.980119 -1499.977712 -1499.978421 -1499.979507 -1499.980445 -1499.981174 -1499.981727 -1499.982150 -1499.982477 -1499.982736 -1499.982945 -1499.983118 -1499.983272 -1499.983422 -1499.983588 -1499.983796 -1499.984086 -1499.984513 -1499.985170 -1499.986203 -1499.987854 -1499.990533 -1499.994953 -1500.002397 -1500.015258 -1500.038134 -1500.080060 -1500.159046 -1500.311396 -1500.611807 -1501.221427 -1502.516397 -1505.458892 -1512.817648 -1534.867823 -9999.0 -9999.0
-9999.0 -9999.0 332.647936 241.969706 147.648691 51.988451 -44.195626 -140.593239 -237.047062 -333.429259 -429.597362 -525.255475 -619.843947 -713.482599 -807.395819 -901.246639 -995.083173 -1088.270677 -1179.379822 -1263.535041 -1333.251702 -1386.339893 -1424.096695 -1449.719626 -1466.679104 -1477.830565 -1485.199856 -1490.109429 -1493.396178 -1495.595518 -1497.061214 -1498.032518 -1498.672693 -1499.092647 -1499.367085 -1499.547732 -1499.677277 -1499.813182 -1500.149128 -1501.853274 -1510.622354 -1536.322265 -1127.057757 -1179.976196 -1149.189050 -1130.376413 -1121.701121 -1120.540572 -1120.423122 -1120.437525 -1120.471066 -1120.506916 -1120.541330 -1120.573175 -1120.602591 -1120.635558 -1120.731017 -1121.393150 -1125.883562 -1136.097111 -1152.131919 -1081.187903 -1511.377504 -1505.819161 -1501.007492 -1500.133073 -1500.000520 -1499.980119 -1499.977712 -1499.978421 -1499.979507 -1499.980445 -1499.981174 -1499.981727 -1499.982150 -1499.982477 -1499.982736 -1499.982945 -1499.983118 -1499.983272 -1499.983422 -1499.983588 -1499.983796 -1499.984086 -1499.984513 -1499.985170 -1499.986203 -1499.987854 -1499.990533 -1499.994953 -1500.002397 -1500.015258 -1500.038134 -1500.080060 -1500.159046 -1500.311396 -1500.611807 -1501.221427 -1502.516397 -1505.458892 -1512.817648 -1534.867823 -9999.0 -9999.0
-9999.0 -9999.0 332.646302 241.968817 147.648336 51.988321 -44.195672 -140.593255 -237.047068 -333.429261 -429.597363 -525.255475 -619.843947 -713.482599 -807.395819 -901.246639 -995.083173 -1088.270677 -1179.379822 -1263.535041 -1333.251702 -1386.339893 -1424.096695 -1449.719626 -1466.679104 -1477.830565 -1485.199856 -1490.109429 -1493.396178 -1495.595518 -1497.061214 -1498.032518 -1498.672693 -1499.092647 -1499.367085 -1499.547732 -1499.677277 -1499.813182 -1500.149128 -1501.853274 -1510.622354 -1536.322265 -1127.057757 -1179.976196 -1149.189050 -1130.376413 -1121.701121 -1120.540572 -1120.423122 -1120.437525 -1120.471066 -1120.506916 -1120.541330 -1120.573175 -1120.602591 -1120.635558 -1120.731017 -1121.393150 -1125.883562 -1136.097111 -1152.131919 -1081.187903 -1511.377504 -1505.819161 -1501.007492 -1500.133073 -1500.000520 -1499.980119 -1499.977712 -1499.978421 -1499.979507 -1499.980445 -1499.981174 -1499.981727 -1499.982150 -1499.982477 -1499.982736 -1499.982945 -1499.983118 -1499.983272 -1499.983422 -1499.983588 -1499.983796 -1499.984086 -1499.984513 -1499.985170 -1499.986203 -1499.987854 -1499.990533 -1499.994953 -1500.002397 -1500.015258 -1500.038134 -1500.080060 -1500.159046 -1500.311396 -1500.611807 -1501.221427 -1502.516397 -1505.458892 -1512.817648 -1534.867823 -9999.0 -9999.0
-9999.0 -9999.0 332.637674 241.966719 147.647778 51.988156 -44.195724 -140.593273 -237.047074 -333.429263 -429.597364 -525.255475 -619.843947 -713.482599 -807.395818 -901.246639 -995.083173 -1088.270677 -1179.379822 -1263.535041 -1333.251701 -1386.339892 -1424.096695 -1449.719626 -1466.679103 -1477.830565 -1485.199856 -1490.109429 -1493.396178 -1495.595518 -1497.061214 -1498.032518 -1498.672693 -1499.092647 -1499.367085 -1499.547732 -1499.677277 -1499.813182 -1500.149128 -1501.853274 -1510.622354 -1536.322265 -1127.057758 -1179.976197 -1149.189051 -1130.376414 -1121.701121 -1120.540572 -1120.423122 -1120.437525 -1120.471066 -1120.506916 -1120.541330 -1120.573175 -1120.602591 -1120.635558 -1120.731017 -1121.393150 -1125.883562 -1136.097111 -1152.131919 -1081.187903 -1511.377504 -1505.819161 -1501.007492 -1500.133073 -1500.000520 -1499.980119 -1499.977712 -1499.978421 -1499.979507 -1499.980445 -1499.981174 -1499.981727 -1499.982150 -1499.982477 -1499.982736 -1499.982945 -1499.983118 -1499.983272 -1499.983422 -1499.983588 -1499.983796 -1499.984086 -1499.984513 -1499.985170 -1499.986203 -1499.987854 -1499.990533 -1499.994953 -1500.002397 -1500.015258 -1500.038134 -1500.080060 -1500.159046 -1500.311396 -1500.611807 -1501.221427 -1502.516397 -1505.458892 -1512.817648 -1534.867823 -9999.0 -9999.0
-9999.0 -9999.0 -9999.0 -9999.0 -9999.0 -9999.0 -9999.0 -9999.0 -9999.0 -9999.0 -9999.0 -9999.0 -9999.0 -9999.0 -9999.0 -9999.0 -9999.0 -9999.0 -9999.0 -9999.0 -9999.0 -9999.0 -9999.0 -9999.0 -9999.0 -9999.0 -9999.0 -9999.0 -9999.0 -9999.0 -9999.0 -9999.0 -9999.0 -9999.0 -9999.0 -9999.0 -9999.0 -9999.0 -9999.0 -9999.0 -9999.0 -9999.0 -9999.0 -9999.0 -9999.0 -9999.0 -9999.0 -9999.0 -9999.0 -9999.0 -9999.0 -9999.0 -9999.0 -9999.0 -9999.0 -9999.0 -9999.0 -9999.0 -9999.0 -9999.0 -9999.0 -9999.0 -9999.0 -9999.0 -9999.0 -9999.0 -9999.0 -9999.0 -9999.0 -9999.0 -9999.0 -9999.0 -9999.0 -9999.0 -9999.0 -9999.0 -9999.0 -9999.0 -9999.0 -9999.0 -9999.0 -9999.0 -9999.0 -9999.0 -9999.0 -9999.0 -9999.0 -9999.0 -9999.0 -9999.0 -9999.0 -9999.0 -9999.0 -9999.0 -9999.0 -9999.0 -9999.0 -9999.0 -9999.0 -9999.0 -9999.0 -9999.0 -9999.0 -9999.0
-9999.0 -9999.0 -9999.0 -9999.0 -9999.0 -9999.0 -9999.0 -9999.0 -9999.0 -9999.0 -9999.0 -9999.0 -9999.0 -9999.0 -9999.0 -9999.0 -9999.0 -9999.0 -9999.0 -9999.0 -9999.0 -9999.0 -9999.0 -9999.0 -9999.0 -9999.0 -9999.0 -9999.0 -9999.0 -9999.0 -9999.0 -9999.0 -9999.0 -9999.0 -9999.0 -9999.0 -9999.0 -9999.0 -9999.0 -9999.0 -9999.0 -9999.0 -9999.0 -9999.0 -9999.0 -9999.0 -9999.0 -9999.0 -9999.0 -9999.0 -9999.0 -9999.0 -9999.0 -9999.0 -9999.0 -9999.0 -9999.0 -9999.0 -9999.0 -9999.0 -9999.0 -9999.0 -9999.0 -9999.0 -9999.0 -9999.0 -9999.0 -9999.0 -9999.0 -9999.0 -9999.0 -9999.0 -9999.0 -9999.0 -9999.0 -9999.0 -9999.0 -9999.0 -9999.0 -9999.0 -9999.0 -9999.0 -9999.0 -9999.0 -9999.0 -9999.0 -9999.0 -9999.0 -9999.0 -9999.0 -9999.0 -9999.0 -9999.0 -9999.0 -9999.0 -9999.0 -9999.0 -9999.0 -9999.0 -9999.0 -9999.0 -9999.0 -9999.0 -9999.0