inst/processing_geotop_simulation/geotop_simulation/out/maps3D/PwL0003N0331.asc
ncols         104
nrows         10
xllcorner     -2.000000
yllcorner     0.000000
cellsize      1.000000
NODATA_value  -9999.0
-9999.0 -9999.0 -9999.0 -9999.0 -9999.0 -9999.0 -9999.0 -9999.0 -9999.0 -9999.0 -9999.0 -9999.0 -9999.0 -9999.0 -9999.0 -9999.0 -9999.0 -9999.0 -9999.0 -9999.0 -9999.0 -9999.0 -9999.0 -9999.0 -9999.0 -9999.0 -9999.0 -9999.0 -9999.0 -9999.0 -9999.0 -9999.0 -9999.0 -9999.0 -9999.0 -9999.0 -9999.0 -9999.0 -9999.0 -9999.0 -9999.0 -9999.0 -9999.0 -9999.0 -9999.0 -9999.0 -9999.0 -9999.0 -9999.0 -9999.0 -9999.0 -9999.0 -9999.0 -9999.0 -9999.0 -9999.0 -9999.0 -9999.0 -9999.0 -9999.0 -9999.0 -9999.0 -9999.0 -9999.0 -9999.0 -9999.0 -9999.0 -9999.0 -9999.0 -9999.0 -9999.0 -9999.0 -9999.0 -9999.0 -9999.0 -9999.0 -9999.0 -9999.0 -9999.0 -9999.0 -9999.0 -9999.0 -9999.0 -9999.0 -9999.0 -9999.0 -9999.0 -9999.0 -9999.0 -9999.0 -9999.0 -9999.0 -9999.0 -9999.0 -9999.0 -9999.0 -9999.0 -9999.0 -9999.0 -9999.0 -9999.0 -9999.0 -9999.0 -9999.0
-9999.0 -9999.0 -9999.0 -9999.0 -9999.0 -9999.0 -9999.0 -9999.0 -9999.0 -9999.0 -9999.0 -9999.0 -9999.0 -9999.0 -9999.0 -9999.0 -9999.0 -9999.0 -9999.0 -9999.0 -9999.0 -9999.0 -9999.0 -9999.0 -9999.0 -9999.0 -9999.0 -9999.0 -9999.0 -9999.0 -9999.0 -9999.0 -9999.0 -9999.0 -9999.0 -9999.0 -9999.0 -9999.0 -9999.0 -9999.0 -9999.0 -9999.0 -9999.0 -9999.0 -9999.0 -9999.0 -9999.0 -9999.0 -9999.0 -9999.0 -9999.0 -9999.0 -9999.0 -9999.0 -9999.0 -9999.0 -9999.0 -9999.0 -9999.0 -9999.0 -9999.0 -9999.0 -9999.0 -9999.0 -9999.0 -9999.0 -9999.0 -9999.0 -9999.0 -9999.0 -9999.0 -9999.0 -9999.0 -9999.0 -9999.0 -9999.0 -9999.0 -9999.0 -9999.0 -9999.0 -9999.0 -9999.0 -9999.0 -9999.0 -9999.0 -9999.0 -9999.0 -9999.0 -9999.0 -9999.0 -9999.0 -9999.0 -9999.0 -9999.0 -9999.0 -9999.0 -9999.0 -9999.0 -9999.0 -9999.0 -9999.0 -9999.0 -9999.0 -9999.0
-9999.0 -9999.0 126.024039 29.205443 -69.183212 -167.984810 -266.939889 -365.949997 -464.963208 -563.942479 -662.818013 -761.498443 -859.998857 -958.227197 -1056.346739 -1154.449639 -1251.881095 -1348.280312 -1442.980705 -1534.881052 -1621.887529 -1700.705625 -1768.112757 -1822.531068 -1864.381681 -1895.403043 -1917.793200 -1933.643832 -1944.699915 -1952.319252 -1957.517188 -1961.033226 -1963.395157 -1964.973321 -1966.024217 -1966.725758 -1967.210990 -1967.630405 -1968.370972 -1970.662750 -1974.714738 -1930.589499 -1186.252770 -1187.655658 -1176.235851 -1168.772654 -1165.267135 -1164.728882 -1164.670974 -1164.676603 -1164.691449 -1164.707429 -1164.722793 -1164.737023 -1164.750252 -1164.765812 -1164.814861 -1165.139514 -1167.015484 -1171.175026 -1176.889453 -1167.263452 -1906.750046 -1968.711530 -1969.238267 -1968.417675 -1968.216683 -1968.181005 -1968.175671 -1968.175391 -1968.175871 -1968.176372 -1968.176779 -1968.177093 -1968.177335 -1968.177524 -1968.177675 -1968.177798 -1968.177902 -1968.177995 -1968.178088 -1968.178192 -1968.178322 -1968.178502 -1968.178768 -1968.179175 -1968.179815 -1968.180840 -1968.182512 -1968.185293 -1968.190028 -1968.198318 -1968.213270 -1968.241050 -1968.294142 -1968.398479 -1968.610445 -1969.061322 -1970.083606 -1972.608228 -1979.640155 -2002.893913 -9999.0 -9999.0
-9999.0 -9999.0 126.034214 29.207396 -69.182722 -167.984667 -266.939843 -365.949981 -464.963202 -563.942477 -662.818012 -761.498442 -859.998856 -958.227197 -1056.346739 -1154.449639 -1251.881096 -1348.280313 -1442.980705 -1534.881052 -1621.887529 -1700.705626 -1768.112757 -1822.531068 -1864.381681 -1895.403043 -1917.793200 -1933.643832 -1944.699915 -1952.319252 -1957.517188 -1961.033226 -1963.395157 -1964.973321 -1966.024217 -1966.725758 -1967.210990 -1967.630405 -1968.370972 -1970.662750 -1974.714738 -1930.589499 -1186.252770 -1187.655658 -1176.235851 -1168.772654 -1165.267135 -1164.728882 -1164.670974 -1164.676603 -1164.691449 -1164.707429 -1164.722793 -1164.737023 -1164.750252 -1164.765812 -1164.814861 -1165.139514 -1167.015484 -1171.175026 -1176.889453 -1167.263452 -1906.750046 -1968.711530 -1969.238267 -1968.417675 -1968.216683 -1968.181005 -1968.175671 -1968.175391 -1968.175871 -1968.176372 -1968.176779 -1968.177093 -1968.177335 -1968.177524 -1968.177675 -1968.177798 -1968.177902 -1968.177995 -1968.178088 -1968.178192 -1968.178322 -1968.178502 -1968.178768 -1968.179175 -1968.179815 -1968.180840 -1968.182512 -1968.185293 -1968.190028 -1968.198318 -1968.213270 -1968.241050 -1968.294142 -1968.398479 -1968.610445 -1969.061322 -1970.083606 -1972.608228 -1979.640155 -2002.893913 -9999.0 -9999.0
-9999.0 -9999.0 126.035483 29.208184 -69.182411 -167.984554 -266.939803 -365.949967 -464.963197 -563.942475 -662.818011 -761.498442 -859.998856 -958.227197 -1056.346739 -1154.449639 -1251.881096 -1348.280313 -1442.980705 -1534.881052 -1621.887529 -1700.705626 -1768.112757 -1822.531068 -1864.381681 -1895.403043 -1917.793200 -1933.643832 -1944.699915 -1952.319253 -1957.517188 -1961.033226 -1963.395157 -1964.973321 -1966.024217 -1966.725758 -1967.210990 -1967.630405 -1968.370972 -1970.662750 -1974.714738 -1930.589499 -1186.252770 -1187.655658 -1176.235851 -1168.772654 -1165.267135 -1164.728882 -1164.670974 -1164.676603 -1164.691449 -1164.707429 -1164.722793 -1164.737023 -1164.750252 -1164.765812 -1164.814861 -1165.139514 -1167.015484 -1171.175026 -1176.889453 -1167.263452 -1906.750046 -1968.711530 -1969.238267 -1968.417675 -1968.216683 -1968.181005 -1968.175671 -1968.175391 -1968.175871 -1968.176372 -1968.176779 -1968.177093 -1968.177335 -1968.177524 -1968.177675 -1968.177798 -1968.177902 -1968.177995 -1968.178088 -1968.178192 -1968.178322 -1968.178502 -1968.178768 -1968.179175 -1968.179815 -1968.180840 -1968.182512 -1968.185293 -1968.190028 -1968.198318 -1968.213270 -1968.241050 -1968.294142 -1968.398479 -1968.610445 -1969.061322 -1970.083606 -1972.608228 -1979.640155 -2002.893913 -9999.0 -9999.0
-9999.0 -9999.0 126.035483 29.208184 -69.182411 -167.984555 -266.939803 -365.949967 -464.963197 -563.942475 -662.818011 -761.498442 -859.998856 -958.227197 -1056.346739 -1154.449639 -1251.881096 -1348.280313 -1442.980705 -1534.881052 -1621.887529 -1700.705626 -1768.112757 -1822.531068 -1864.381681 -1895.403043 -1917.793200 -1933.643832 -1944.699915 -1952.319253 -1957.517188 -1961.033226 -1963.395157 -1964.973321 -1966.024217 -1966.725758 -1967.210990 -1967.630405 -1968.370972 -1970.662750 -1974.714738 -1930.589499 -1186.252770 -1187.655658 -1176.235851 -1168.772654 -1165.267135 -1164.728882 -1164.670974 -1164.676603 -1164.691449 -1164.707429 -1164.722793 -1164.737023 -1164.750252 -1164.765812 -1164.814861 -1165.139514 -1167.015484 -1171.175026 -1176.889453 -1167.263452 -1906.750046 -1968.711530 -1969.238267 -1968.417675 -1968.216683 -1968.181005 -1968.175671 -1968.175391 -1968.175871 -1968.176372 -1968.176779 -1968.177093 -1968.177335 -1968.177524 -1968.177675 -1968.177798 -1968.177902 -1968.177995 -1968.178088 -1968.178192 -1968.178322 -1968.178502 -1968.178768 -1968.179175 -1968.179815 -1968.180840 -1968.182512 -1968.185293 -1968.190028 -1968.198318 -1968.213270 -1968.241050 -1968.294142 -1968.398479 -1968.610445 -1969.061322 -1970.083606 -1972.608228 -1979.640155 -2002.893913 -9999.0 -9999.0
-9999.0 -9999.0 126.034213 29.207396 -69.182722 -167.984667 -266.939843 -365.949981 -464.963202 -563.942477 -662.818012 -761.498442 -859.998856 -958.227197 -1056.346739 -1154.449639 -1251.881096 -1348.280313 -1442.980705 -1534.881052 -1621.887529 -1700.705626 -1768.112757 -1822.531068 -1864.381681 -1895.403043 -1917.793200 -1933.643832 -1944.699915 -1952.319252 -1957.517188 -1961.033226 -1963.395157 -1964.973321 -1966.024217 -1966.725758 -1967.210990 -1967.630405 -1968.370972 -1970.662750 -1974.714738 -1930.589499 -1186.252770 -1187.655658 -1176.235851 -1168.772654 -1165.267135 -1164.728882 -1164.670974 -1164.676603 -1164.691449 -1164.707429 -1164.722793 -1164.737023 -1164.750252 -1164.765812 -1164.814861 -1165.139514 -1167.015484 -1171.175026 -1176.889453 -1167.263452 -1906.750046 -1968.711530 -1969.238267 -1968.417675 -1968.216683 -1968.181005 -1968.175671 -1968.175391 -1968.175871 -1968.176372 -1968.176779 -1968.177093 -1968.177335 -1968.177524 -1968.177675 -1968.177798 -1968.177902 -1968.177995 -1968.178088 -1968.178192 -1968.178322 -1968.178502 -1968.178768 -1968.179175 -1968.179815 -1968.180840 -1968.182512 -1968.185293 -1968.190028 -1968.198318 -1968.213270 -1968.241050 -1968.294142 -1968.398479 -1968.610445 -1969.061322 -1970.083606 -1972.608228 -1979.640155 -2002.893913 -9999.0 -9999.0
-9999.0 -9999.0 126.024039 29.205442 -69.183212 -167.984810 -266.939889 -365.949997 -464.963208 -563.942479 -662.818013 -761.498443 -859.998857 -958.227197 -1056.346739 -1154.449639 -1251.881095 -1348.280313 -1442.980705 -1534.881052 -1621.887529 -1700.705625 -1768.112757 -1822.531068 -1864.381681 -1895.403043 -1917.793200 -1933.643832 -1944.699915 -1952.319252 -1957.517188 -1961.033226 -1963.395157 -1964.973321 -1966.024217 -1966.725758 -1967.210990 -1967.630405 -1968.370972 -1970.662750 -1974.714738 -1930.589499 -1186.252770 -1187.655658 -1176.235851 -1168.772654 -1165.267135 -1164.728882 -1164.670974 -1164.676603 -1164.691449 -1164.707429 -1164.722793 -1164.737023 -1164.750252 -1164.765812 -1164.814861 -1165.139514 -1167.015484 -1171.175026 -1176.889453 -1167.263452 -1906.750046 -1968.711530 -1969.238267 -1968.417675 -1968.216683 -1968.181005 -1968.175671 -1968.175391 -1968.175871 -1968.176372 -1968.176779 -1968.177093 -1968.177335 -1968.177524 -1968.177675 -1968.177798 -1968.177902 -1968.177995 -1968.178088 -1968.178192 -1968.178322 -1968.178502 -1968.178768 -1968.179175 -1968.179815 -1968.180840 -1968.182512 -1968.185293 -1968.190028 -1968.198318 -1968.213270 -1968.241050 -1968.294142 -1968.398479 -1968.610445 -1969.061322 -1970.083606 -1972.608228 -1979.640155 -2002.893913 -9999.0 -9999.0
-9999.0 -9999.0 -9999.0 -9999.0 -9999.0 -9999.0 -9999.0 -9999.0 -9999.0 -9999.0 -9999.0 -9999.0 -9999.0 -9999.0 -9999.0 -9999.0 -9999.0 -9999.0 -9999.0 -9999.0 -9999.0 -9999.0 -9999.0 -9999.0 -9999.0 -9999.0 -9999.0 -9999.0 -9999.0 -9999.0 -9999.0 -9999.0 -9999.0 -9999.0 -9999.0 -9999.0 -9999.0 -9999.0 -9999.0 -9999.0 -9999.0 -9999.0 -9999.0 -9999.0 -9999.0 -9999.0 -9999.0 -9999.0 -9999.0 -9999.0 -9999.0 -9999.0 -9999.0 -9999.0 -9999.0 -9999.0 -9999.0 -9999.0 -9999.0 -9999.0 -9999.0 -9999.0 -9999.0 -9999.0 -9999.0 -9999.0 -9999.0 -9999.0 -9999.0 -9999.0 -9999.0 -9999.0 -9999.0 -9999.0 -9999.0 -9999.0 -9999.0 -9999.0 -9999.0 -9999.0 -9999.0 -9999.0 -9999.0 -9999.0 -9999.0 -9999.0 -9999.0 -9999.0 -9999.0 -9999.0 -9999.0 -9999.0 -9999.0 -9999.0 -9999.0 -9999.0 -9999.0 -9999.0 -9999.0 -9999.0 -9999.0 -9999.0 -9999.0 -9999.0
-9999.0 -9999.0 -9999.0 -9999.0 -9999.0 -9999.0 -9999.0 -9999.0 -9999.0 -9999.0 -9999.0 -9999.0 -9999.0 -9999.0 -9999.0 -9999.0 -9999.0 -9999.0 -9999.0 -9999.0 -9999.0 -9999.0 -9999.0 -9999.0 -9999.0 -9999.0 -9999.0 -9999.0 -9999.0 -9999.0 -9999.0 -9999.0 -9999.0 -9999.0 -9999.0 -9999.0 -9999.0 -9999.0 -9999.0 -9999.0 -9999.0 -9999.0 -9999.0 -9999.0 -9999.0 -9999.0 -9999.0 -9999.0 -9999.0 -9999.0 -9999.0 -9999.0 -9999.0 -9999.0 -9999.0 -9999.0 -9999.0 -9999.0 -9999.0 -9999.0 -9999.0 -9999.0 -9999.0 -9999.0 -9999.0 -9999.0 -9999.0 -9999.0 -9999.0 -9999.0 -9999.0 -9999.0 -9999.0 -9999.0 -9999.0 -9999.0 -9999.0 -9999.0 -9999.0 -9999.0 -9999.0 -9999.0 -9999.0 -9999.0 -9999.0 -9999.0 -9999.0 -9999.0 -9999.0 -9999.0 -9999.0 -9999.0 -9999.0 -9999.0 -9999.0 -9999.0 -9999.0 -9999.0 -9999.0 -9999.0 -9999.0 -9999.0 -9999.0 -9999.0