inst/processing_geotop_simulation/geotop_simulation/out/maps3D/PwL0009N0333.asc
ncols         104
nrows         10
xllcorner     -2.000000
yllcorner     0.000000
cellsize      1.000000
NODATA_value  -9999.0
-9999.0 -9999.0 -9999.0 -9999.0 -9999.0 -9999.0 -9999.0 -9999.0 -9999.0 -9999.0 -9999.0 -9999.0 -9999.0 -9999.0 -9999.0 -9999.0 -9999.0 -9999.0 -9999.0 -9999.0 -9999.0 -9999.0 -9999.0 -9999.0 -9999.0 -9999.0 -9999.0 -9999.0 -9999.0 -9999.0 -9999.0 -9999.0 -9999.0 -9999.0 -9999.0 -9999.0 -9999.0 -9999.0 -9999.0 -9999.0 -9999.0 -9999.0 -9999.0 -9999.0 -9999.0 -9999.0 -9999.0 -9999.0 -9999.0 -9999.0 -9999.0 -9999.0 -9999.0 -9999.0 -9999.0 -9999.0 -9999.0 -9999.0 -9999.0 -9999.0 -9999.0 -9999.0 -9999.0 -9999.0 -9999.0 -9999.0 -9999.0 -9999.0 -9999.0 -9999.0 -9999.0 -9999.0 -9999.0 -9999.0 -9999.0 -9999.0 -9999.0 -9999.0 -9999.0 -9999.0 -9999.0 -9999.0 -9999.0 -9999.0 -9999.0 -9999.0 -9999.0 -9999.0 -9999.0 -9999.0 -9999.0 -9999.0 -9999.0 -9999.0 -9999.0 -9999.0 -9999.0 -9999.0 -9999.0 -9999.0 -9999.0 -9999.0 -9999.0 -9999.0
-9999.0 -9999.0 -9999.0 -9999.0 -9999.0 -9999.0 -9999.0 -9999.0 -9999.0 -9999.0 -9999.0 -9999.0 -9999.0 -9999.0 -9999.0 -9999.0 -9999.0 -9999.0 -9999.0 -9999.0 -9999.0 -9999.0 -9999.0 -9999.0 -9999.0 -9999.0 -9999.0 -9999.0 -9999.0 -9999.0 -9999.0 -9999.0 -9999.0 -9999.0 -9999.0 -9999.0 -9999.0 -9999.0 -9999.0 -9999.0 -9999.0 -9999.0 -9999.0 -9999.0 -9999.0 -9999.0 -9999.0 -9999.0 -9999.0 -9999.0 -9999.0 -9999.0 -9999.0 -9999.0 -9999.0 -9999.0 -9999.0 -9999.0 -9999.0 -9999.0 -9999.0 -9999.0 -9999.0 -9999.0 -9999.0 -9999.0 -9999.0 -9999.0 -9999.0 -9999.0 -9999.0 -9999.0 -9999.0 -9999.0 -9999.0 -9999.0 -9999.0 -9999.0 -9999.0 -9999.0 -9999.0 -9999.0 -9999.0 -9999.0 -9999.0 -9999.0 -9999.0 -9999.0 -9999.0 -9999.0 -9999.0 -9999.0 -9999.0 -9999.0 -9999.0 -9999.0 -9999.0 -9999.0 -9999.0 -9999.0 -9999.0 -9999.0 -9999.0 -9999.0
-9999.0 -9999.0 424.032702 326.314956 227.814167 128.975694 29.997792 -69.033441 -168.081949 -267.125241 -366.138122 -465.081512 -563.871951 -662.339692 -760.581147 -858.889195 -957.022931 -1054.965130 -1152.041613 -1246.977982 -1338.778976 -1425.034774 -1502.770537 -1569.555738 -1624.306872 -1667.363762 -1700.066834 -1724.215390 -1741.647791 -1754.004492 -1762.635567 -1768.593716 -1772.668565 -1775.435437 -1777.304696 -1778.566693 -1779.436451 -1780.130441 -1781.113872 -1783.812049 -1790.198182 -1777.623981 -1271.843164 -1386.121545 -1349.686065 -1326.342371 -1315.620192 -1314.114067 -1313.957389 -1313.972456 -1314.011988 -1314.054469 -1314.095281 -1314.133066 -1314.168116 -1314.208753 -1314.335065 -1315.206462 -1320.788905 -1333.395537 -1349.372024 -1218.877196 -1745.754722 -1783.111122 -1782.404725 -1781.474293 -1781.252486 -1781.212666 -1781.206595 -1781.206178 -1781.206621 -1781.207106 -1781.207505 -1781.207815 -1781.208056 -1781.208247 -1781.208400 -1781.208526 -1781.208634 -1781.208733 -1781.208831 -1781.208940 -1781.209075 -1781.209259 -1781.209527 -1781.209933 -1781.210567 -1781.211579 -1781.213224 -1781.215958 -1781.220616 -1781.228779 -1781.243525 -1781.270981 -1781.323609 -1781.427525 -1781.640240 -1782.097528 -1783.146766 -1785.763462 -1793.070047 -1816.951702 -9999.0 -9999.0
-9999.0 -9999.0 424.039091 326.316655 227.814632 128.975834 29.997837 -69.033426 -168.081944 -267.125239 -366.138121 -465.081511 -563.871951 -662.339692 -760.581147 -858.889195 -957.022931 -1054.965130 -1152.041613 -1246.977982 -1338.778976 -1425.034775 -1502.770537 -1569.555738 -1624.306872 -1667.363762 -1700.066834 -1724.215390 -1741.647791 -1754.004492 -1762.635567 -1768.593716 -1772.668565 -1775.435437 -1777.304696 -1778.566693 -1779.436451 -1780.130441 -1781.113872 -1783.812049 -1790.198182 -1777.623981 -1271.843164 -1386.121545 -1349.686064 -1326.342370 -1315.620192 -1314.114066 -1313.957389 -1313.972456 -1314.011988 -1314.054469 -1314.095281 -1314.133066 -1314.168116 -1314.208753 -1314.335065 -1315.206462 -1320.788905 -1333.395537 -1349.372024 -1218.877196 -1745.754722 -1783.111122 -1782.404725 -1781.474293 -1781.252486 -1781.212666 -1781.206595 -1781.206178 -1781.206621 -1781.207106 -1781.207505 -1781.207815 -1781.208056 -1781.208247 -1781.208400 -1781.208526 -1781.208634 -1781.208733 -1781.208831 -1781.208940 -1781.209075 -1781.209259 -1781.209527 -1781.209933 -1781.210567 -1781.211579 -1781.213224 -1781.215958 -1781.220616 -1781.228779 -1781.243525 -1781.270981 -1781.323609 -1781.427525 -1781.640240 -1782.097528 -1783.146766 -1785.763462 -1793.070047 -1816.951702 -9999.0 -9999.0
-9999.0 -9999.0 424.040504 326.317404 227.814932 128.975944 29.997876 -69.033411 -168.081939 -267.125237 -366.138121 -465.081511 -563.871950 -662.339692 -760.581147 -858.889195 -957.022931 -1054.965130 -1152.041613 -1246.977982 -1338.778977 -1425.034775 -1502.770537 -1569.555738 -1624.306872 -1667.363762 -1700.066834 -1724.215390 -1741.647791 -1754.004492 -1762.635567 -1768.593716 -1772.668565 -1775.435437 -1777.304696 -1778.566693 -1779.436451 -1780.130441 -1781.113872 -1783.812049 -1790.198182 -1777.623981 -1271.843164 -1386.121545 -1349.686064 -1326.342370 -1315.620192 -1314.114066 -1313.957389 -1313.972456 -1314.011988 -1314.054469 -1314.095281 -1314.133066 -1314.168116 -1314.208753 -1314.335065 -1315.206462 -1320.788905 -1333.395537 -1349.372024 -1218.877196 -1745.754722 -1783.111122 -1782.404725 -1781.474293 -1781.252486 -1781.212666 -1781.206595 -1781.206178 -1781.206621 -1781.207106 -1781.207505 -1781.207815 -1781.208056 -1781.208247 -1781.208400 -1781.208526 -1781.208634 -1781.208733 -1781.208831 -1781.208940 -1781.209075 -1781.209259 -1781.209527 -1781.209933 -1781.210567 -1781.211579 -1781.213224 -1781.215958 -1781.220616 -1781.228779 -1781.243525 -1781.270981 -1781.323609 -1781.427525 -1781.640240 -1782.097528 -1783.146766 -1785.763462 -1793.070047 -1816.951702 -9999.0 -9999.0
-9999.0 -9999.0 424.040504 326.317404 227.814932 128.975944 29.997876 -69.033412 -168.081939 -267.125237 -366.138121 -465.081511 -563.871950 -662.339692 -760.581147 -858.889195 -957.022931 -1054.965130 -1152.041613 -1246.977982 -1338.778977 -1425.034775 -1502.770537 -1569.555738 -1624.306872 -1667.363762 -1700.066834 -1724.215390 -1741.647791 -1754.004492 -1762.635567 -1768.593716 -1772.668565 -1775.435437 -1777.304696 -1778.566693 -1779.436451 -1780.130441 -1781.113872 -1783.812049 -1790.198182 -1777.623981 -1271.843164 -1386.121545 -1349.686064 -1326.342370 -1315.620192 -1314.114066 -1313.957389 -1313.972456 -1314.011988 -1314.054469 -1314.095281 -1314.133066 -1314.168116 -1314.208753 -1314.335065 -1315.206462 -1320.788905 -1333.395537 -1349.372024 -1218.877196 -1745.754722 -1783.111122 -1782.404725 -1781.474293 -1781.252486 -1781.212666 -1781.206595 -1781.206178 -1781.206621 -1781.207106 -1781.207505 -1781.207815 -1781.208056 -1781.208247 -1781.208400 -1781.208526 -1781.208634 -1781.208733 -1781.208831 -1781.208940 -1781.209075 -1781.209259 -1781.209527 -1781.209933 -1781.210567 -1781.211579 -1781.213224 -1781.215958 -1781.220616 -1781.228779 -1781.243525 -1781.270981 -1781.323609 -1781.427525 -1781.640240 -1782.097528 -1783.146766 -1785.763462 -1793.070047 -1816.951702 -9999.0 -9999.0
-9999.0 -9999.0 424.039091 326.316655 227.814632 128.975834 29.997837 -69.033426 -168.081944 -267.125239 -366.138121 -465.081511 -563.871951 -662.339692 -760.581147 -858.889195 -957.022931 -1054.965130 -1152.041613 -1246.977982 -1338.778976 -1425.034775 -1502.770537 -1569.555738 -1624.306872 -1667.363762 -1700.066834 -1724.215390 -1741.647791 -1754.004492 -1762.635567 -1768.593716 -1772.668565 -1775.435437 -1777.304696 -1778.566693 -1779.436451 -1780.130441 -1781.113872 -1783.812049 -1790.198182 -1777.623981 -1271.843164 -1386.121545 -1349.686064 -1326.342370 -1315.620192 -1314.114066 -1313.957389 -1313.972456 -1314.011988 -1314.054469 -1314.095281 -1314.133066 -1314.168116 -1314.208753 -1314.335065 -1315.206462 -1320.788905 -1333.395537 -1349.372024 -1218.877196 -1745.754722 -1783.111122 -1782.404725 -1781.474293 -1781.252486 -1781.212666 -1781.206595 -1781.206178 -1781.206621 -1781.207106 -1781.207505 -1781.207815 -1781.208056 -1781.208247 -1781.208400 -1781.208526 -1781.208634 -1781.208733 -1781.208831 -1781.208940 -1781.209075 -1781.209259 -1781.209527 -1781.209933 -1781.210567 -1781.211579 -1781.213224 -1781.215958 -1781.220616 -1781.228779 -1781.243525 -1781.270981 -1781.323609 -1781.427525 -1781.640240 -1782.097528 -1783.146766 -1785.763462 -1793.070047 -1816.951702 -9999.0 -9999.0
-9999.0 -9999.0 424.032702 326.314956 227.814167 128.975694 29.997792 -69.033441 -168.081949 -267.125241 -366.138122 -465.081512 -563.871951 -662.339692 -760.581147 -858.889195 -957.022931 -1054.965130 -1152.041613 -1246.977982 -1338.778976 -1425.034774 -1502.770537 -1569.555738 -1624.306872 -1667.363762 -1700.066834 -1724.215390 -1741.647791 -1754.004492 -1762.635567 -1768.593716 -1772.668565 -1775.435437 -1777.304696 -1778.566693 -1779.436451 -1780.130441 -1781.113872 -1783.812049 -1790.198182 -1777.623981 -1271.843164 -1386.121545 -1349.686065 -1326.342371 -1315.620192 -1314.114067 -1313.957389 -1313.972456 -1314.011988 -1314.054469 -1314.095281 -1314.133066 -1314.168116 -1314.208753 -1314.335065 -1315.206462 -1320.788905 -1333.395537 -1349.372024 -1218.877196 -1745.754722 -1783.111122 -1782.404725 -1781.474293 -1781.252486 -1781.212666 -1781.206595 -1781.206178 -1781.206621 -1781.207106 -1781.207505 -1781.207815 -1781.208056 -1781.208247 -1781.208400 -1781.208526 -1781.208634 -1781.208733 -1781.208831 -1781.208940 -1781.209075 -1781.209259 -1781.209527 -1781.209933 -1781.210567 -1781.211579 -1781.213224 -1781.215958 -1781.220616 -1781.228779 -1781.243525 -1781.270981 -1781.323609 -1781.427525 -1781.640240 -1782.097528 -1783.146766 -1785.763462 -1793.070047 -1816.951702 -9999.0 -9999.0
-9999.0 -9999.0 -9999.0 -9999.0 -9999.0 -9999.0 -9999.0 -9999.0 -9999.0 -9999.0 -9999.0 -9999.0 -9999.0 -9999.0 -9999.0 -9999.0 -9999.0 -9999.0 -9999.0 -9999.0 -9999.0 -9999.0 -9999.0 -9999.0 -9999.0 -9999.0 -9999.0 -9999.0 -9999.0 -9999.0 -9999.0 -9999.0 -9999.0 -9999.0 -9999.0 -9999.0 -9999.0 -9999.0 -9999.0 -9999.0 -9999.0 -9999.0 -9999.0 -9999.0 -9999.0 -9999.0 -9999.0 -9999.0 -9999.0 -9999.0 -9999.0 -9999.0 -9999.0 -9999.0 -9999.0 -9999.0 -9999.0 -9999.0 -9999.0 -9999.0 -9999.0 -9999.0 -9999.0 -9999.0 -9999.0 -9999.0 -9999.0 -9999.0 -9999.0 -9999.0 -9999.0 -9999.0 -9999.0 -9999.0 -9999.0 -9999.0 -9999.0 -9999.0 -9999.0 -9999.0 -9999.0 -9999.0 -9999.0 -9999.0 -9999.0 -9999.0 -9999.0 -9999.0 -9999.0 -9999.0 -9999.0 -9999.0 -9999.0 -9999.0 -9999.0 -9999.0 -9999.0 -9999.0 -9999.0 -9999.0 -9999.0 -9999.0 -9999.0 -9999.0
-9999.0 -9999.0 -9999.0 -9999.0 -9999.0 -9999.0 -9999.0 -9999.0 -9999.0 -9999.0 -9999.0 -9999.0 -9999.0 -9999.0 -9999.0 -9999.0 -9999.0 -9999.0 -9999.0 -9999.0 -9999.0 -9999.0 -9999.0 -9999.0 -9999.0 -9999.0 -9999.0 -9999.0 -9999.0 -9999.0 -9999.0 -9999.0 -9999.0 -9999.0 -9999.0 -9999.0 -9999.0 -9999.0 -9999.0 -9999.0 -9999.0 -9999.0 -9999.0 -9999.0 -9999.0 -9999.0 -9999.0 -9999.0 -9999.0 -9999.0 -9999.0 -9999.0 -9999.0 -9999.0 -9999.0 -9999.0 -9999.0 -9999.0 -9999.0 -9999.0 -9999.0 -9999.0 -9999.0 -9999.0 -9999.0 -9999.0 -9999.0 -9999.0 -9999.0 -9999.0 -9999.0 -9999.0 -9999.0 -9999.0 -9999.0 -9999.0 -9999.0 -9999.0 -9999.0 -9999.0 -9999.0 -9999.0 -9999.0 -9999.0 -9999.0 -9999.0 -9999.0 -9999.0 -9999.0 -9999.0 -9999.0 -9999.0 -9999.0 -9999.0 -9999.0 -9999.0 -9999.0 -9999.0 -9999.0 -9999.0 -9999.0 -9999.0 -9999.0 -9999.0