inst/processing_geotop_simulation/geotop_simulation/out/maps3D/PwL0014N0111.asc
ncols         104
nrows         10
xllcorner     -2.000000
yllcorner     0.000000
cellsize      1.000000
NODATA_value  -9999.0
-9999.0 -9999.0 -9999.0 -9999.0 -9999.0 -9999.0 -9999.0 -9999.0 -9999.0 -9999.0 -9999.0 -9999.0 -9999.0 -9999.0 -9999.0 -9999.0 -9999.0 -9999.0 -9999.0 -9999.0 -9999.0 -9999.0 -9999.0 -9999.0 -9999.0 -9999.0 -9999.0 -9999.0 -9999.0 -9999.0 -9999.0 -9999.0 -9999.0 -9999.0 -9999.0 -9999.0 -9999.0 -9999.0 -9999.0 -9999.0 -9999.0 -9999.0 -9999.0 -9999.0 -9999.0 -9999.0 -9999.0 -9999.0 -9999.0 -9999.0 -9999.0 -9999.0 -9999.0 -9999.0 -9999.0 -9999.0 -9999.0 -9999.0 -9999.0 -9999.0 -9999.0 -9999.0 -9999.0 -9999.0 -9999.0 -9999.0 -9999.0 -9999.0 -9999.0 -9999.0 -9999.0 -9999.0 -9999.0 -9999.0 -9999.0 -9999.0 -9999.0 -9999.0 -9999.0 -9999.0 -9999.0 -9999.0 -9999.0 -9999.0 -9999.0 -9999.0 -9999.0 -9999.0 -9999.0 -9999.0 -9999.0 -9999.0 -9999.0 -9999.0 -9999.0 -9999.0 -9999.0 -9999.0 -9999.0 -9999.0 -9999.0 -9999.0 -9999.0 -9999.0
-9999.0 -9999.0 -9999.0 -9999.0 -9999.0 -9999.0 -9999.0 -9999.0 -9999.0 -9999.0 -9999.0 -9999.0 -9999.0 -9999.0 -9999.0 -9999.0 -9999.0 -9999.0 -9999.0 -9999.0 -9999.0 -9999.0 -9999.0 -9999.0 -9999.0 -9999.0 -9999.0 -9999.0 -9999.0 -9999.0 -9999.0 -9999.0 -9999.0 -9999.0 -9999.0 -9999.0 -9999.0 -9999.0 -9999.0 -9999.0 -9999.0 -9999.0 -9999.0 -9999.0 -9999.0 -9999.0 -9999.0 -9999.0 -9999.0 -9999.0 -9999.0 -9999.0 -9999.0 -9999.0 -9999.0 -9999.0 -9999.0 -9999.0 -9999.0 -9999.0 -9999.0 -9999.0 -9999.0 -9999.0 -9999.0 -9999.0 -9999.0 -9999.0 -9999.0 -9999.0 -9999.0 -9999.0 -9999.0 -9999.0 -9999.0 -9999.0 -9999.0 -9999.0 -9999.0 -9999.0 -9999.0 -9999.0 -9999.0 -9999.0 -9999.0 -9999.0 -9999.0 -9999.0 -9999.0 -9999.0 -9999.0 -9999.0 -9999.0 -9999.0 -9999.0 -9999.0 -9999.0 -9999.0 -9999.0 -9999.0 -9999.0 -9999.0 -9999.0 -9999.0
-9999.0 -9999.0 690.114363 599.932850 507.666312 413.979980 319.628022 224.989765 130.255466 35.525650 -59.127161 -153.693528 -248.234615 -343.050539 -438.717731 -536.003654 -635.922337 -735.065375 -829.954962 -922.164830 -1010.126702 -1077.863256 -1123.274179 -1150.367707 -1165.267232 -1173.129612 -1177.285147 -1179.575186 -1180.927103 -1181.787030 -1182.370872 -1182.786178 -1183.090170 -1183.315679 -1183.483198 -1183.608643 -1183.713210 -1183.839016 -1184.121982 -1185.625990 -1196.304723 -1281.797468 -2090.110668 -4270.445167 -4282.177902 -4282.178210 -4282.178206 -4282.178205 -4282.178205 -4282.178205 -4282.178205 -4282.178205 -4282.178205 -4282.178205 -4282.178205 -4282.178205 -4282.178205 -4282.178206 -4282.178208 -4282.177626 -4263.470461 -1977.130273 -1253.931363 -1192.230158 -1185.060566 -1184.199865 -1184.080889 -1184.061957 -1184.060088 -1184.061327 -1184.062868 -1184.064162 -1184.065158 -1184.065913 -1184.066489 -1184.066936 -1184.067290 -1184.067574 -1184.067811 -1184.068019 -1184.068222 -1184.068445 -1184.068724 -1184.069110 -1184.069679 -1184.070552 -1184.071924 -1184.074112 -1184.077655 -1184.083483 -1184.093265 -1184.110096 -1184.139902 -1184.194308 -1184.296470 -1184.492951 -1184.878999 -1185.658505 -1187.306688 -1191.040000 -1200.172530 -1225.042210 -9999.0 -9999.0
-9999.0 -9999.0 690.119608 599.934559 507.666825 413.980140 319.628074 224.989783 130.255473 35.525652 -59.127160 -153.693528 -248.234615 -343.050539 -438.717730 -536.003654 -635.922337 -735.065375 -829.954962 -922.164830 -1010.126702 -1077.863257 -1123.274179 -1150.367707 -1165.267232 -1173.129612 -1177.285147 -1179.575186 -1180.927103 -1181.787030 -1182.370872 -1182.786178 -1183.090170 -1183.315679 -1183.483198 -1183.608643 -1183.713210 -1183.839016 -1184.121982 -1185.625990 -1196.304723 -1281.797468 -2090.110668 -4270.445167 -4282.177902 -4282.178210 -4282.178206 -4282.178205 -4282.178205 -4282.178205 -4282.178205 -4282.178205 -4282.178205 -4282.178205 -4282.178205 -4282.178205 -4282.178205 -4282.178206 -4282.178208 -4282.177626 -4263.470461 -1977.130273 -1253.931363 -1192.230158 -1185.060566 -1184.199865 -1184.080889 -1184.061957 -1184.060088 -1184.061327 -1184.062868 -1184.064162 -1184.065158 -1184.065913 -1184.066489 -1184.066936 -1184.067290 -1184.067574 -1184.067811 -1184.068019 -1184.068222 -1184.068445 -1184.068724 -1184.069110 -1184.069679 -1184.070552 -1184.071924 -1184.074112 -1184.077655 -1184.083483 -1184.093265 -1184.110096 -1184.139902 -1184.194308 -1184.296470 -1184.492951 -1184.878999 -1185.658505 -1187.306688 -1191.040000 -1200.172530 -1225.042210 -9999.0 -9999.0
-9999.0 -9999.0 690.121181 599.935386 507.667165 413.980267 319.628120 224.989799 130.255479 35.525654 -59.127160 -153.693527 -248.234615 -343.050539 -438.717730 -536.003654 -635.922337 -735.065375 -829.954963 -922.164830 -1010.126702 -1077.863257 -1123.274179 -1150.367707 -1165.267232 -1173.129612 -1177.285147 -1179.575186 -1180.927103 -1181.787030 -1182.370872 -1182.786178 -1183.090170 -1183.315679 -1183.483198 -1183.608643 -1183.713210 -1183.839016 -1184.121982 -1185.625990 -1196.304723 -1281.797468 -2090.110668 -4270.445167 -4282.177902 -4282.178210 -4282.178206 -4282.178205 -4282.178205 -4282.178205 -4282.178205 -4282.178205 -4282.178205 -4282.178205 -4282.178205 -4282.178205 -4282.178205 -4282.178206 -4282.178208 -4282.177626 -4263.470461 -1977.130273 -1253.931363 -1192.230158 -1185.060566 -1184.199865 -1184.080889 -1184.061957 -1184.060088 -1184.061327 -1184.062868 -1184.064162 -1184.065158 -1184.065913 -1184.066489 -1184.066936 -1184.067290 -1184.067574 -1184.067811 -1184.068019 -1184.068222 -1184.068445 -1184.068724 -1184.069110 -1184.069679 -1184.070552 -1184.071924 -1184.074112 -1184.077655 -1184.083483 -1184.093265 -1184.110096 -1184.139902 -1184.194308 -1184.296470 -1184.492951 -1184.878999 -1185.658505 -1187.306688 -1191.040000 -1200.172530 -1225.042210 -9999.0 -9999.0
-9999.0 -9999.0 690.121181 599.935386 507.667165 413.980267 319.628120 224.989799 130.255479 35.525654 -59.127159 -153.693527 -248.234615 -343.050539 -438.717730 -536.003654 -635.922337 -735.065375 -829.954963 -922.164830 -1010.126702 -1077.863257 -1123.274179 -1150.367707 -1165.267232 -1173.129612 -1177.285147 -1179.575186 -1180.927103 -1181.787030 -1182.370872 -1182.786178 -1183.090170 -1183.315679 -1183.483198 -1183.608643 -1183.713210 -1183.839016 -1184.121982 -1185.625990 -1196.304723 -1281.797468 -2090.110668 -4270.445167 -4282.177902 -4282.178210 -4282.178206 -4282.178205 -4282.178205 -4282.178205 -4282.178205 -4282.178205 -4282.178205 -4282.178205 -4282.178205 -4282.178205 -4282.178205 -4282.178206 -4282.178208 -4282.177626 -4263.470461 -1977.130273 -1253.931363 -1192.230158 -1185.060566 -1184.199865 -1184.080889 -1184.061957 -1184.060088 -1184.061327 -1184.062868 -1184.064162 -1184.065158 -1184.065913 -1184.066489 -1184.066936 -1184.067290 -1184.067574 -1184.067811 -1184.068019 -1184.068222 -1184.068445 -1184.068724 -1184.069110 -1184.069679 -1184.070552 -1184.071924 -1184.074112 -1184.077655 -1184.083483 -1184.093265 -1184.110096 -1184.139902 -1184.194308 -1184.296470 -1184.492951 -1184.878999 -1185.658505 -1187.306688 -1191.040000 -1200.172530 -1225.042210 -9999.0 -9999.0
-9999.0 -9999.0 690.119608 599.934559 507.666825 413.980140 319.628074 224.989783 130.255473 35.525652 -59.127160 -153.693528 -248.234615 -343.050539 -438.717731 -536.003654 -635.922337 -735.065375 -829.954962 -922.164830 -1010.126702 -1077.863257 -1123.274179 -1150.367707 -1165.267232 -1173.129612 -1177.285147 -1179.575186 -1180.927103 -1181.787030 -1182.370872 -1182.786178 -1183.090170 -1183.315679 -1183.483198 -1183.608643 -1183.713210 -1183.839016 -1184.121982 -1185.625990 -1196.304723 -1281.797468 -2090.110668 -4270.445167 -4282.177902 -4282.178210 -4282.178206 -4282.178205 -4282.178205 -4282.178205 -4282.178205 -4282.178205 -4282.178205 -4282.178205 -4282.178205 -4282.178205 -4282.178205 -4282.178206 -4282.178208 -4282.177626 -4263.470461 -1977.130273 -1253.931363 -1192.230158 -1185.060566 -1184.199865 -1184.080889 -1184.061957 -1184.060088 -1184.061327 -1184.062868 -1184.064162 -1184.065158 -1184.065913 -1184.066489 -1184.066936 -1184.067290 -1184.067574 -1184.067811 -1184.068019 -1184.068222 -1184.068445 -1184.068724 -1184.069110 -1184.069679 -1184.070552 -1184.071924 -1184.074112 -1184.077655 -1184.083483 -1184.093265 -1184.110096 -1184.139902 -1184.194308 -1184.296470 -1184.492951 -1184.878999 -1185.658505 -1187.306688 -1191.040000 -1200.172530 -1225.042210 -9999.0 -9999.0
-9999.0 -9999.0 690.114364 599.932850 507.666312 413.979980 319.628022 224.989765 130.255467 35.525650 -59.127161 -153.693528 -248.234615 -343.050540 -438.717731 -536.003654 -635.922337 -735.065375 -829.954962 -922.164830 -1010.126702 -1077.863256 -1123.274179 -1150.367707 -1165.267232 -1173.129612 -1177.285147 -1179.575186 -1180.927103 -1181.787030 -1182.370872 -1182.786178 -1183.090170 -1183.315679 -1183.483198 -1183.608643 -1183.713210 -1183.839016 -1184.121982 -1185.625990 -1196.304723 -1281.797468 -2090.110668 -4270.445167 -4282.177902 -4282.178210 -4282.178206 -4282.178205 -4282.178205 -4282.178205 -4282.178205 -4282.178205 -4282.178205 -4282.178205 -4282.178205 -4282.178205 -4282.178205 -4282.178206 -4282.178208 -4282.177626 -4263.470461 -1977.130273 -1253.931363 -1192.230158 -1185.060566 -1184.199865 -1184.080889 -1184.061957 -1184.060088 -1184.061327 -1184.062868 -1184.064162 -1184.065158 -1184.065913 -1184.066489 -1184.066936 -1184.067290 -1184.067574 -1184.067811 -1184.068019 -1184.068222 -1184.068445 -1184.068724 -1184.069110 -1184.069679 -1184.070552 -1184.071924 -1184.074112 -1184.077655 -1184.083483 -1184.093265 -1184.110096 -1184.139902 -1184.194308 -1184.296470 -1184.492951 -1184.878999 -1185.658505 -1187.306688 -1191.040000 -1200.172530 -1225.042210 -9999.0 -9999.0
-9999.0 -9999.0 -9999.0 -9999.0 -9999.0 -9999.0 -9999.0 -9999.0 -9999.0 -9999.0 -9999.0 -9999.0 -9999.0 -9999.0 -9999.0 -9999.0 -9999.0 -9999.0 -9999.0 -9999.0 -9999.0 -9999.0 -9999.0 -9999.0 -9999.0 -9999.0 -9999.0 -9999.0 -9999.0 -9999.0 -9999.0 -9999.0 -9999.0 -9999.0 -9999.0 -9999.0 -9999.0 -9999.0 -9999.0 -9999.0 -9999.0 -9999.0 -9999.0 -9999.0 -9999.0 -9999.0 -9999.0 -9999.0 -9999.0 -9999.0 -9999.0 -9999.0 -9999.0 -9999.0 -9999.0 -9999.0 -9999.0 -9999.0 -9999.0 -9999.0 -9999.0 -9999.0 -9999.0 -9999.0 -9999.0 -9999.0 -9999.0 -9999.0 -9999.0 -9999.0 -9999.0 -9999.0 -9999.0 -9999.0 -9999.0 -9999.0 -9999.0 -9999.0 -9999.0 -9999.0 -9999.0 -9999.0 -9999.0 -9999.0 -9999.0 -9999.0 -9999.0 -9999.0 -9999.0 -9999.0 -9999.0 -9999.0 -9999.0 -9999.0 -9999.0 -9999.0 -9999.0 -9999.0 -9999.0 -9999.0 -9999.0 -9999.0 -9999.0 -9999.0
-9999.0 -9999.0 -9999.0 -9999.0 -9999.0 -9999.0 -9999.0 -9999.0 -9999.0 -9999.0 -9999.0 -9999.0 -9999.0 -9999.0 -9999.0 -9999.0 -9999.0 -9999.0 -9999.0 -9999.0 -9999.0 -9999.0 -9999.0 -9999.0 -9999.0 -9999.0 -9999.0 -9999.0 -9999.0 -9999.0 -9999.0 -9999.0 -9999.0 -9999.0 -9999.0 -9999.0 -9999.0 -9999.0 -9999.0 -9999.0 -9999.0 -9999.0 -9999.0 -9999.0 -9999.0 -9999.0 -9999.0 -9999.0 -9999.0 -9999.0 -9999.0 -9999.0 -9999.0 -9999.0 -9999.0 -9999.0 -9999.0 -9999.0 -9999.0 -9999.0 -9999.0 -9999.0 -9999.0 -9999.0 -9999.0 -9999.0 -9999.0 -9999.0 -9999.0 -9999.0 -9999.0 -9999.0 -9999.0 -9999.0 -9999.0 -9999.0 -9999.0 -9999.0 -9999.0 -9999.0 -9999.0 -9999.0 -9999.0 -9999.0 -9999.0 -9999.0 -9999.0 -9999.0 -9999.0 -9999.0 -9999.0 -9999.0 -9999.0 -9999.0 -9999.0 -9999.0 -9999.0 -9999.0 -9999.0 -9999.0 -9999.0 -9999.0 -9999.0 -9999.0