inst/processing_geotop_simulation/geotop_simulation/out/maps3D/PwL0021N0129.asc
ncols         104
nrows         10
xllcorner     -2.000000
yllcorner     0.000000
cellsize      1.000000
NODATA_value  -9999.0
-9999.0 -9999.0 -9999.0 -9999.0 -9999.0 -9999.0 -9999.0 -9999.0 -9999.0 -9999.0 -9999.0 -9999.0 -9999.0 -9999.0 -9999.0 -9999.0 -9999.0 -9999.0 -9999.0 -9999.0 -9999.0 -9999.0 -9999.0 -9999.0 -9999.0 -9999.0 -9999.0 -9999.0 -9999.0 -9999.0 -9999.0 -9999.0 -9999.0 -9999.0 -9999.0 -9999.0 -9999.0 -9999.0 -9999.0 -9999.0 -9999.0 -9999.0 -9999.0 -9999.0 -9999.0 -9999.0 -9999.0 -9999.0 -9999.0 -9999.0 -9999.0 -9999.0 -9999.0 -9999.0 -9999.0 -9999.0 -9999.0 -9999.0 -9999.0 -9999.0 -9999.0 -9999.0 -9999.0 -9999.0 -9999.0 -9999.0 -9999.0 -9999.0 -9999.0 -9999.0 -9999.0 -9999.0 -9999.0 -9999.0 -9999.0 -9999.0 -9999.0 -9999.0 -9999.0 -9999.0 -9999.0 -9999.0 -9999.0 -9999.0 -9999.0 -9999.0 -9999.0 -9999.0 -9999.0 -9999.0 -9999.0 -9999.0 -9999.0 -9999.0 -9999.0 -9999.0 -9999.0 -9999.0 -9999.0 -9999.0 -9999.0 -9999.0 -9999.0 -9999.0
-9999.0 -9999.0 -9999.0 -9999.0 -9999.0 -9999.0 -9999.0 -9999.0 -9999.0 -9999.0 -9999.0 -9999.0 -9999.0 -9999.0 -9999.0 -9999.0 -9999.0 -9999.0 -9999.0 -9999.0 -9999.0 -9999.0 -9999.0 -9999.0 -9999.0 -9999.0 -9999.0 -9999.0 -9999.0 -9999.0 -9999.0 -9999.0 -9999.0 -9999.0 -9999.0 -9999.0 -9999.0 -9999.0 -9999.0 -9999.0 -9999.0 -9999.0 -9999.0 -9999.0 -9999.0 -9999.0 -9999.0 -9999.0 -9999.0 -9999.0 -9999.0 -9999.0 -9999.0 -9999.0 -9999.0 -9999.0 -9999.0 -9999.0 -9999.0 -9999.0 -9999.0 -9999.0 -9999.0 -9999.0 -9999.0 -9999.0 -9999.0 -9999.0 -9999.0 -9999.0 -9999.0 -9999.0 -9999.0 -9999.0 -9999.0 -9999.0 -9999.0 -9999.0 -9999.0 -9999.0 -9999.0 -9999.0 -9999.0 -9999.0 -9999.0 -9999.0 -9999.0 -9999.0 -9999.0 -9999.0 -9999.0 -9999.0 -9999.0 -9999.0 -9999.0 -9999.0 -9999.0 -9999.0 -9999.0 -9999.0 -9999.0 -9999.0 -9999.0 -9999.0
-9999.0 -9999.0 1038.902584 945.485030 851.793998 757.345450 662.454878 567.360838 472.200370 377.049503 281.950531 186.926964 91.991458 -2.843925 -97.544252 -192.103499 -286.489683 -380.637366 -474.327642 -566.994647 -658.290599 -748.406478 -836.604234 -922.258188 -994.927595 -1046.139581 -1083.525396 -1109.225136 -1126.017206 -1136.539927 -1142.917407 -1146.682234 -1148.860309 -1150.102995 -1150.807110 -1151.209781 -1151.457725 -1151.670914 -1152.123924 -1154.404689 -1167.950468 -1257.907391 -1802.717274 -3836.681532 -3935.609012 -3935.603954 -3933.673843 -3909.164108 -3803.775234 -3586.022881 -3303.832341 -2994.164965 -2790.657008 -2659.171905 -2539.374999 -2418.281057 -2293.748756 -2168.970686 -2048.121477 -1933.265808 -1816.315359 -1402.651374 -1220.039270 -1162.173278 -1153.370018 -1152.190254 -1152.030950 -1152.007472 -1152.004705 -1152.005477 -1152.006688 -1152.007740 -1152.008561 -1152.009188 -1152.009670 -1152.010045 -1152.010343 -1152.010585 -1152.010787 -1152.010966 -1152.011141 -1152.011334 -1152.011574 -1152.011906 -1152.012394 -1152.013142 -1152.014316 -1152.016192 -1152.019237 -1152.024263 -1152.032740 -1152.047411 -1152.073560 -1152.121603 -1152.212435 -1152.388777 -1152.741426 -1153.478332 -1155.125133 -1159.106441 -1169.338294 -1197.201280 -9999.0 -9999.0
-9999.0 -9999.0 1038.905728 945.486284 851.794421 757.345590 662.454926 567.360854 472.200376 377.049505 281.950531 186.926964 91.991458 -2.843925 -97.544252 -192.103499 -286.489684 -380.637366 -474.327643 -566.994647 -658.290599 -748.406478 -836.604234 -922.258188 -994.927596 -1046.139581 -1083.525397 -1109.225136 -1126.017206 -1136.539927 -1142.917407 -1146.682234 -1148.860309 -1150.102995 -1150.807110 -1151.209781 -1151.457725 -1151.670914 -1152.123924 -1154.404689 -1167.950468 -1257.907391 -1802.717273 -3836.681531 -3935.609012 -3935.603954 -3933.673843 -3909.164108 -3803.775234 -3586.022879 -3303.832337 -2994.164963 -2790.657007 -2659.171905 -2539.374998 -2418.281057 -2293.748755 -2168.970686 -2048.121476 -1933.265808 -1816.315359 -1402.651374 -1220.039270 -1162.173278 -1153.370018 -1152.190254 -1152.030950 -1152.007472 -1152.004705 -1152.005477 -1152.006688 -1152.007740 -1152.008561 -1152.009188 -1152.009670 -1152.010045 -1152.010343 -1152.010585 -1152.010787 -1152.010966 -1152.011141 -1152.011334 -1152.011574 -1152.011906 -1152.012394 -1152.013142 -1152.014316 -1152.016192 -1152.019237 -1152.024263 -1152.032740 -1152.047411 -1152.073560 -1152.121603 -1152.212435 -1152.388777 -1152.741426 -1153.478332 -1155.125133 -1159.106441 -1169.338294 -1197.201280 -9999.0 -9999.0
-9999.0 -9999.0 1038.906999 945.486976 851.794717 757.345705 662.454969 567.360870 472.200382 377.049507 281.950532 186.926965 91.991458 -2.843925 -97.544252 -192.103499 -286.489684 -380.637367 -474.327643 -566.994647 -658.290599 -748.406478 -836.604234 -922.258188 -994.927596 -1046.139581 -1083.525397 -1109.225136 -1126.017206 -1136.539927 -1142.917407 -1146.682234 -1148.860309 -1150.102995 -1150.807110 -1151.209781 -1151.457725 -1151.670914 -1152.123924 -1154.404689 -1167.950468 -1257.907391 -1802.717273 -3836.681531 -3935.609012 -3935.603954 -3933.673843 -3909.164108 -3803.775234 -3586.022877 -3303.832335 -2994.164962 -2790.657007 -2659.171904 -2539.374998 -2418.281056 -2293.748755 -2168.970685 -2048.121476 -1933.265808 -1816.315359 -1402.651374 -1220.039270 -1162.173278 -1153.370018 -1152.190254 -1152.030950 -1152.007472 -1152.004705 -1152.005477 -1152.006688 -1152.007740 -1152.008561 -1152.009188 -1152.009670 -1152.010045 -1152.010343 -1152.010585 -1152.010787 -1152.010966 -1152.011141 -1152.011334 -1152.011574 -1152.011906 -1152.012394 -1152.013142 -1152.014316 -1152.016192 -1152.019237 -1152.024263 -1152.032740 -1152.047411 -1152.073560 -1152.121603 -1152.212435 -1152.388777 -1152.741426 -1153.478332 -1155.125133 -1159.106441 -1169.338294 -1197.201280 -9999.0 -9999.0
-9999.0 -9999.0 1038.906999 945.486976 851.794717 757.345705 662.454969 567.360870 472.200382 377.049507 281.950532 186.926965 91.991458 -2.843925 -97.544252 -192.103499 -286.489684 -380.637367 -474.327643 -566.994647 -658.290599 -748.406478 -836.604234 -922.258188 -994.927596 -1046.139581 -1083.525397 -1109.225136 -1126.017206 -1136.539927 -1142.917407 -1146.682234 -1148.860309 -1150.102995 -1150.807110 -1151.209781 -1151.457725 -1151.670914 -1152.123924 -1154.404689 -1167.950468 -1257.907391 -1802.717273 -3836.681531 -3935.609012 -3935.603954 -3933.673843 -3909.164108 -3803.775234 -3586.022878 -3303.832335 -2994.164962 -2790.657007 -2659.171905 -2539.374998 -2418.281057 -2293.748754 -2168.970685 -2048.121476 -1933.265808 -1816.315359 -1402.651374 -1220.039270 -1162.173278 -1153.370018 -1152.190254 -1152.030950 -1152.007472 -1152.004705 -1152.005477 -1152.006688 -1152.007740 -1152.008561 -1152.009188 -1152.009670 -1152.010045 -1152.010343 -1152.010585 -1152.010787 -1152.010966 -1152.011141 -1152.011334 -1152.011574 -1152.011906 -1152.012394 -1152.013142 -1152.014316 -1152.016192 -1152.019237 -1152.024263 -1152.032740 -1152.047411 -1152.073560 -1152.121603 -1152.212435 -1152.388777 -1152.741426 -1153.478332 -1155.125133 -1159.106441 -1169.338294 -1197.201280 -9999.0 -9999.0
-9999.0 -9999.0 1038.905728 945.486284 851.794421 757.345590 662.454926 567.360854 472.200376 377.049505 281.950531 186.926964 91.991458 -2.843925 -97.544252 -192.103499 -286.489684 -380.637366 -474.327643 -566.994647 -658.290599 -748.406478 -836.604234 -922.258188 -994.927596 -1046.139581 -1083.525397 -1109.225136 -1126.017206 -1136.539927 -1142.917407 -1146.682234 -1148.860309 -1150.102995 -1150.807110 -1151.209781 -1151.457725 -1151.670914 -1152.123924 -1154.404689 -1167.950468 -1257.907391 -1802.717273 -3836.681531 -3935.609012 -3935.603954 -3933.673843 -3909.164108 -3803.775234 -3586.022878 -3303.832337 -2994.164963 -2790.657007 -2659.171905 -2539.374998 -2418.281057 -2293.748755 -2168.970685 -2048.121477 -1933.265808 -1816.315359 -1402.651374 -1220.039270 -1162.173278 -1153.370018 -1152.190254 -1152.030950 -1152.007472 -1152.004705 -1152.005477 -1152.006688 -1152.007740 -1152.008561 -1152.009188 -1152.009670 -1152.010045 -1152.010343 -1152.010585 -1152.010787 -1152.010966 -1152.011141 -1152.011334 -1152.011574 -1152.011906 -1152.012394 -1152.013142 -1152.014316 -1152.016192 -1152.019237 -1152.024263 -1152.032740 -1152.047411 -1152.073560 -1152.121603 -1152.212435 -1152.388777 -1152.741426 -1153.478332 -1155.125133 -1159.106441 -1169.338294 -1197.201280 -9999.0 -9999.0
-9999.0 -9999.0 1038.902584 945.485030 851.793998 757.345450 662.454878 567.360838 472.200370 377.049503 281.950531 186.926964 91.991458 -2.843925 -97.544252 -192.103498 -286.489684 -380.637366 -474.327642 -566.994647 -658.290599 -748.406478 -836.604234 -922.258188 -994.927595 -1046.139581 -1083.525396 -1109.225136 -1126.017206 -1136.539927 -1142.917407 -1146.682234 -1148.860309 -1150.102995 -1150.807110 -1151.209781 -1151.457725 -1151.670914 -1152.123924 -1154.404689 -1167.950468 -1257.907391 -1802.717274 -3836.681532 -3935.609012 -3935.603954 -3933.673843 -3909.164108 -3803.775234 -3586.022882 -3303.832342 -2994.164965 -2790.657008 -2659.171905 -2539.374999 -2418.281058 -2293.748755 -2168.970686 -2048.121477 -1933.265809 -1816.315359 -1402.651374 -1220.039270 -1162.173278 -1153.370018 -1152.190254 -1152.030950 -1152.007472 -1152.004705 -1152.005477 -1152.006688 -1152.007740 -1152.008561 -1152.009188 -1152.009670 -1152.010045 -1152.010343 -1152.010585 -1152.010787 -1152.010966 -1152.011141 -1152.011334 -1152.011574 -1152.011906 -1152.012394 -1152.013142 -1152.014316 -1152.016192 -1152.019237 -1152.024263 -1152.032740 -1152.047411 -1152.073560 -1152.121603 -1152.212435 -1152.388777 -1152.741426 -1153.478332 -1155.125133 -1159.106441 -1169.338294 -1197.201280 -9999.0 -9999.0
-9999.0 -9999.0 -9999.0 -9999.0 -9999.0 -9999.0 -9999.0 -9999.0 -9999.0 -9999.0 -9999.0 -9999.0 -9999.0 -9999.0 -9999.0 -9999.0 -9999.0 -9999.0 -9999.0 -9999.0 -9999.0 -9999.0 -9999.0 -9999.0 -9999.0 -9999.0 -9999.0 -9999.0 -9999.0 -9999.0 -9999.0 -9999.0 -9999.0 -9999.0 -9999.0 -9999.0 -9999.0 -9999.0 -9999.0 -9999.0 -9999.0 -9999.0 -9999.0 -9999.0 -9999.0 -9999.0 -9999.0 -9999.0 -9999.0 -9999.0 -9999.0 -9999.0 -9999.0 -9999.0 -9999.0 -9999.0 -9999.0 -9999.0 -9999.0 -9999.0 -9999.0 -9999.0 -9999.0 -9999.0 -9999.0 -9999.0 -9999.0 -9999.0 -9999.0 -9999.0 -9999.0 -9999.0 -9999.0 -9999.0 -9999.0 -9999.0 -9999.0 -9999.0 -9999.0 -9999.0 -9999.0 -9999.0 -9999.0 -9999.0 -9999.0 -9999.0 -9999.0 -9999.0 -9999.0 -9999.0 -9999.0 -9999.0 -9999.0 -9999.0 -9999.0 -9999.0 -9999.0 -9999.0 -9999.0 -9999.0 -9999.0 -9999.0 -9999.0 -9999.0
-9999.0 -9999.0 -9999.0 -9999.0 -9999.0 -9999.0 -9999.0 -9999.0 -9999.0 -9999.0 -9999.0 -9999.0 -9999.0 -9999.0 -9999.0 -9999.0 -9999.0 -9999.0 -9999.0 -9999.0 -9999.0 -9999.0 -9999.0 -9999.0 -9999.0 -9999.0 -9999.0 -9999.0 -9999.0 -9999.0 -9999.0 -9999.0 -9999.0 -9999.0 -9999.0 -9999.0 -9999.0 -9999.0 -9999.0 -9999.0 -9999.0 -9999.0 -9999.0 -9999.0 -9999.0 -9999.0 -9999.0 -9999.0 -9999.0 -9999.0 -9999.0 -9999.0 -9999.0 -9999.0 -9999.0 -9999.0 -9999.0 -9999.0 -9999.0 -9999.0 -9999.0 -9999.0 -9999.0 -9999.0 -9999.0 -9999.0 -9999.0 -9999.0 -9999.0 -9999.0 -9999.0 -9999.0 -9999.0 -9999.0 -9999.0 -9999.0 -9999.0 -9999.0 -9999.0 -9999.0 -9999.0 -9999.0 -9999.0 -9999.0 -9999.0 -9999.0 -9999.0 -9999.0 -9999.0 -9999.0 -9999.0 -9999.0 -9999.0 -9999.0 -9999.0 -9999.0 -9999.0 -9999.0 -9999.0 -9999.0 -9999.0 -9999.0 -9999.0 -9999.0