inst/processing_geotop_simulation/geotop_simulation/out/maps3D/PwL0000N0412.asc
ncols         104
nrows         10
xllcorner     -2.000000
yllcorner     0.000000
cellsize      1.000000
NODATA_value  -9999.0
-9999.0 -9999.0 -9999.0 -9999.0 -9999.0 -9999.0 -9999.0 -9999.0 -9999.0 -9999.0 -9999.0 -9999.0 -9999.0 -9999.0 -9999.0 -9999.0 -9999.0 -9999.0 -9999.0 -9999.0 -9999.0 -9999.0 -9999.0 -9999.0 -9999.0 -9999.0 -9999.0 -9999.0 -9999.0 -9999.0 -9999.0 -9999.0 -9999.0 -9999.0 -9999.0 -9999.0 -9999.0 -9999.0 -9999.0 -9999.0 -9999.0 -9999.0 -9999.0 -9999.0 -9999.0 -9999.0 -9999.0 -9999.0 -9999.0 -9999.0 -9999.0 -9999.0 -9999.0 -9999.0 -9999.0 -9999.0 -9999.0 -9999.0 -9999.0 -9999.0 -9999.0 -9999.0 -9999.0 -9999.0 -9999.0 -9999.0 -9999.0 -9999.0 -9999.0 -9999.0 -9999.0 -9999.0 -9999.0 -9999.0 -9999.0 -9999.0 -9999.0 -9999.0 -9999.0 -9999.0 -9999.0 -9999.0 -9999.0 -9999.0 -9999.0 -9999.0 -9999.0 -9999.0 -9999.0 -9999.0 -9999.0 -9999.0 -9999.0 -9999.0 -9999.0 -9999.0 -9999.0 -9999.0 -9999.0 -9999.0 -9999.0 -9999.0 -9999.0 -9999.0
-9999.0 -9999.0 -9999.0 -9999.0 -9999.0 -9999.0 -9999.0 -9999.0 -9999.0 -9999.0 -9999.0 -9999.0 -9999.0 -9999.0 -9999.0 -9999.0 -9999.0 -9999.0 -9999.0 -9999.0 -9999.0 -9999.0 -9999.0 -9999.0 -9999.0 -9999.0 -9999.0 -9999.0 -9999.0 -9999.0 -9999.0 -9999.0 -9999.0 -9999.0 -9999.0 -9999.0 -9999.0 -9999.0 -9999.0 -9999.0 -9999.0 -9999.0 -9999.0 -9999.0 -9999.0 -9999.0 -9999.0 -9999.0 -9999.0 -9999.0 -9999.0 -9999.0 -9999.0 -9999.0 -9999.0 -9999.0 -9999.0 -9999.0 -9999.0 -9999.0 -9999.0 -9999.0 -9999.0 -9999.0 -9999.0 -9999.0 -9999.0 -9999.0 -9999.0 -9999.0 -9999.0 -9999.0 -9999.0 -9999.0 -9999.0 -9999.0 -9999.0 -9999.0 -9999.0 -9999.0 -9999.0 -9999.0 -9999.0 -9999.0 -9999.0 -9999.0 -9999.0 -9999.0 -9999.0 -9999.0 -9999.0 -9999.0 -9999.0 -9999.0 -9999.0 -9999.0 -9999.0 -9999.0 -9999.0 -9999.0 -9999.0 -9999.0 -9999.0 -9999.0
-9999.0 -9999.0 0.027532 -96.279156 -195.170740 -294.350322 -393.634993 -492.956995 -592.282205 -691.583946 -790.824187 -889.975979 -989.015252 -1087.909808 -1186.762620 -1285.544808 -1384.001882 -1481.920791 -1578.898591 -1674.152301 -1766.189639 -1852.447232 -1929.666227 -1995.186473 -2047.997130 -2088.767890 -2119.206669 -2141.364978 -2157.189453 -2168.323672 -2176.065693 -2181.398123 -2185.043130 -2187.519943 -2189.196066 -2190.331060 -2191.119919 -2191.770008 -2192.722311 -2194.971630 -2195.580296 -2127.597436 -1318.349419 -1314.396966 -1304.545797 -1298.035028 -1294.968769 -1294.481923 -1294.428475 -1294.433017 -1294.445926 -1294.459866 -1294.473275 -1294.485699 -1294.497283 -1294.511197 -1294.556578 -1294.853540 -1296.506051 -1300.141211 -1304.985766 -1301.801736 -2103.544401 -2189.806863 -2193.547272 -2192.970612 -2192.761509 -2192.719026 -2192.712080 -2192.711421 -2192.711755 -2192.712169 -2192.712515 -2192.712786 -2192.712998 -2192.713165 -2192.713300 -2192.713412 -2192.713508 -2192.713595 -2192.713683 -2192.713781 -2192.713902 -2192.714067 -2192.714307 -2192.714670 -2192.715238 -2192.716142 -2192.717616 -2192.720068 -2192.724257 -2192.731619 -2192.744959 -2192.769873 -2192.817792 -2192.912841 -2193.108678 -2193.533590 -2194.521537 -2197.035934 -2204.251729 -2228.346445 -9999.0 -9999.0
-9999.0 -9999.0 0.083381 -96.277299 -195.170277 -294.350187 -393.634949 -492.956980 -592.282199 -691.583944 -790.824186 -889.975979 -989.015252 -1087.909808 -1186.762620 -1285.544808 -1384.001883 -1481.920792 -1578.898591 -1674.152301 -1766.189639 -1852.447232 -1929.666227 -1995.186473 -2047.997130 -2088.767890 -2119.206669 -2141.364978 -2157.189453 -2168.323672 -2176.065693 -2181.398123 -2185.043130 -2187.519943 -2189.196066 -2190.331060 -2191.119919 -2191.770008 -2192.722311 -2194.971630 -2195.580296 -2127.597436 -1318.349419 -1314.396966 -1304.545797 -1298.035028 -1294.968769 -1294.481923 -1294.428475 -1294.433017 -1294.445926 -1294.459866 -1294.473275 -1294.485699 -1294.497283 -1294.511197 -1294.556578 -1294.853540 -1296.506051 -1300.141211 -1304.985766 -1301.801736 -2103.544401 -2189.806863 -2193.547272 -2192.970612 -2192.761509 -2192.719026 -2192.712080 -2192.711421 -2192.711755 -2192.712169 -2192.712515 -2192.712786 -2192.712998 -2192.713165 -2192.713300 -2192.713412 -2192.713508 -2192.713595 -2192.713683 -2192.713781 -2192.713902 -2192.714067 -2192.714307 -2192.714670 -2192.715238 -2192.716142 -2192.717616 -2192.720068 -2192.724257 -2192.731619 -2192.744959 -2192.769873 -2192.817792 -2192.912841 -2193.108678 -2193.533590 -2194.521537 -2197.035934 -2204.251729 -2228.346445 -9999.0 -9999.0
-9999.0 -9999.0 0.083399 -96.276555 -195.169984 -294.350081 -393.634912 -492.956967 -592.282194 -691.583942 -790.824186 -889.975979 -989.015252 -1087.909808 -1186.762620 -1285.544809 -1384.001883 -1481.920792 -1578.898592 -1674.152301 -1766.189639 -1852.447232 -1929.666227 -1995.186473 -2047.997130 -2088.767890 -2119.206669 -2141.364978 -2157.189453 -2168.323672 -2176.065693 -2181.398123 -2185.043130 -2187.519943 -2189.196066 -2190.331060 -2191.119919 -2191.770008 -2192.722311 -2194.971630 -2195.580296 -2127.597436 -1318.349419 -1314.396966 -1304.545797 -1298.035027 -1294.968769 -1294.481923 -1294.428475 -1294.433017 -1294.445926 -1294.459866 -1294.473275 -1294.485699 -1294.497283 -1294.511197 -1294.556578 -1294.853540 -1296.506051 -1300.141211 -1304.985766 -1301.801736 -2103.544401 -2189.806863 -2193.547272 -2192.970612 -2192.761509 -2192.719026 -2192.712080 -2192.711421 -2192.711755 -2192.712169 -2192.712515 -2192.712786 -2192.712998 -2192.713165 -2192.713300 -2192.713412 -2192.713508 -2192.713595 -2192.713683 -2192.713781 -2192.713902 -2192.714067 -2192.714307 -2192.714670 -2192.715238 -2192.716142 -2192.717616 -2192.720068 -2192.724257 -2192.731619 -2192.744959 -2192.769873 -2192.817792 -2192.912841 -2193.108678 -2193.533590 -2194.521537 -2197.035934 -2204.251729 -2228.346445 -9999.0 -9999.0
-9999.0 -9999.0 0.083399 -96.276555 -195.169984 -294.350081 -393.634912 -492.956967 -592.282194 -691.583942 -790.824186 -889.975979 -989.015252 -1087.909808 -1186.762620 -1285.544809 -1384.001883 -1481.920792 -1578.898592 -1674.152301 -1766.189639 -1852.447232 -1929.666227 -1995.186473 -2047.997130 -2088.767890 -2119.206669 -2141.364978 -2157.189453 -2168.323672 -2176.065693 -2181.398123 -2185.043130 -2187.519943 -2189.196066 -2190.331060 -2191.119919 -2191.770008 -2192.722311 -2194.971630 -2195.580296 -2127.597436 -1318.349419 -1314.396966 -1304.545797 -1298.035027 -1294.968769 -1294.481923 -1294.428475 -1294.433017 -1294.445926 -1294.459866 -1294.473275 -1294.485699 -1294.497283 -1294.511197 -1294.556578 -1294.853540 -1296.506051 -1300.141211 -1304.985766 -1301.801736 -2103.544401 -2189.806863 -2193.547272 -2192.970612 -2192.761509 -2192.719026 -2192.712080 -2192.711421 -2192.711755 -2192.712169 -2192.712515 -2192.712786 -2192.712998 -2192.713165 -2192.713300 -2192.713412 -2192.713508 -2192.713595 -2192.713683 -2192.713781 -2192.713902 -2192.714067 -2192.714307 -2192.714670 -2192.715238 -2192.716142 -2192.717616 -2192.720068 -2192.724257 -2192.731619 -2192.744959 -2192.769873 -2192.817792 -2192.912841 -2193.108678 -2193.533590 -2194.521537 -2197.035934 -2204.251729 -2228.346445 -9999.0 -9999.0
-9999.0 -9999.0 0.083381 -96.277299 -195.170277 -294.350187 -393.634949 -492.956980 -592.282199 -691.583943 -790.824186 -889.975979 -989.015252 -1087.909808 -1186.762620 -1285.544808 -1384.001883 -1481.920792 -1578.898591 -1674.152301 -1766.189639 -1852.447232 -1929.666227 -1995.186473 -2047.997130 -2088.767890 -2119.206669 -2141.364978 -2157.189453 -2168.323672 -2176.065693 -2181.398123 -2185.043130 -2187.519943 -2189.196066 -2190.331060 -2191.119919 -2191.770008 -2192.722311 -2194.971630 -2195.580296 -2127.597436 -1318.349419 -1314.396966 -1304.545797 -1298.035028 -1294.968769 -1294.481923 -1294.428475 -1294.433017 -1294.445926 -1294.459866 -1294.473275 -1294.485699 -1294.497283 -1294.511197 -1294.556578 -1294.853540 -1296.506051 -1300.141211 -1304.985766 -1301.801736 -2103.544401 -2189.806863 -2193.547272 -2192.970612 -2192.761509 -2192.719026 -2192.712080 -2192.711421 -2192.711755 -2192.712169 -2192.712515 -2192.712786 -2192.712998 -2192.713165 -2192.713300 -2192.713412 -2192.713508 -2192.713595 -2192.713683 -2192.713781 -2192.713902 -2192.714067 -2192.714307 -2192.714670 -2192.715238 -2192.716142 -2192.717616 -2192.720068 -2192.724257 -2192.731619 -2192.744959 -2192.769873 -2192.817792 -2192.912841 -2193.108678 -2193.533590 -2194.521537 -2197.035934 -2204.251729 -2228.346445 -9999.0 -9999.0
-9999.0 -9999.0 0.027532 -96.279156 -195.170740 -294.350322 -393.634993 -492.956995 -592.282204 -691.583946 -790.824187 -889.975979 -989.015252 -1087.909808 -1186.762620 -1285.544808 -1384.001882 -1481.920792 -1578.898591 -1674.152301 -1766.189639 -1852.447232 -1929.666227 -1995.186473 -2047.997130 -2088.767890 -2119.206669 -2141.364978 -2157.189453 -2168.323672 -2176.065693 -2181.398123 -2185.043130 -2187.519943 -2189.196066 -2190.331060 -2191.119919 -2191.770008 -2192.722311 -2194.971630 -2195.580296 -2127.597436 -1318.349419 -1314.396966 -1304.545797 -1298.035028 -1294.968769 -1294.481923 -1294.428475 -1294.433017 -1294.445926 -1294.459866 -1294.473275 -1294.485699 -1294.497283 -1294.511197 -1294.556578 -1294.853540 -1296.506051 -1300.141211 -1304.985766 -1301.801736 -2103.544401 -2189.806863 -2193.547272 -2192.970612 -2192.761509 -2192.719026 -2192.712080 -2192.711421 -2192.711755 -2192.712169 -2192.712515 -2192.712786 -2192.712998 -2192.713165 -2192.713300 -2192.713412 -2192.713508 -2192.713595 -2192.713683 -2192.713781 -2192.713902 -2192.714067 -2192.714307 -2192.714670 -2192.715238 -2192.716142 -2192.717616 -2192.720068 -2192.724257 -2192.731619 -2192.744959 -2192.769873 -2192.817792 -2192.912841 -2193.108678 -2193.533590 -2194.521537 -2197.035934 -2204.251729 -2228.346445 -9999.0 -9999.0
-9999.0 -9999.0 -9999.0 -9999.0 -9999.0 -9999.0 -9999.0 -9999.0 -9999.0 -9999.0 -9999.0 -9999.0 -9999.0 -9999.0 -9999.0 -9999.0 -9999.0 -9999.0 -9999.0 -9999.0 -9999.0 -9999.0 -9999.0 -9999.0 -9999.0 -9999.0 -9999.0 -9999.0 -9999.0 -9999.0 -9999.0 -9999.0 -9999.0 -9999.0 -9999.0 -9999.0 -9999.0 -9999.0 -9999.0 -9999.0 -9999.0 -9999.0 -9999.0 -9999.0 -9999.0 -9999.0 -9999.0 -9999.0 -9999.0 -9999.0 -9999.0 -9999.0 -9999.0 -9999.0 -9999.0 -9999.0 -9999.0 -9999.0 -9999.0 -9999.0 -9999.0 -9999.0 -9999.0 -9999.0 -9999.0 -9999.0 -9999.0 -9999.0 -9999.0 -9999.0 -9999.0 -9999.0 -9999.0 -9999.0 -9999.0 -9999.0 -9999.0 -9999.0 -9999.0 -9999.0 -9999.0 -9999.0 -9999.0 -9999.0 -9999.0 -9999.0 -9999.0 -9999.0 -9999.0 -9999.0 -9999.0 -9999.0 -9999.0 -9999.0 -9999.0 -9999.0 -9999.0 -9999.0 -9999.0 -9999.0 -9999.0 -9999.0 -9999.0 -9999.0
-9999.0 -9999.0 -9999.0 -9999.0 -9999.0 -9999.0 -9999.0 -9999.0 -9999.0 -9999.0 -9999.0 -9999.0 -9999.0 -9999.0 -9999.0 -9999.0 -9999.0 -9999.0 -9999.0 -9999.0 -9999.0 -9999.0 -9999.0 -9999.0 -9999.0 -9999.0 -9999.0 -9999.0 -9999.0 -9999.0 -9999.0 -9999.0 -9999.0 -9999.0 -9999.0 -9999.0 -9999.0 -9999.0 -9999.0 -9999.0 -9999.0 -9999.0 -9999.0 -9999.0 -9999.0 -9999.0 -9999.0 -9999.0 -9999.0 -9999.0 -9999.0 -9999.0 -9999.0 -9999.0 -9999.0 -9999.0 -9999.0 -9999.0 -9999.0 -9999.0 -9999.0 -9999.0 -9999.0 -9999.0 -9999.0 -9999.0 -9999.0 -9999.0 -9999.0 -9999.0 -9999.0 -9999.0 -9999.0 -9999.0 -9999.0 -9999.0 -9999.0 -9999.0 -9999.0 -9999.0 -9999.0 -9999.0 -9999.0 -9999.0 -9999.0 -9999.0 -9999.0 -9999.0 -9999.0 -9999.0 -9999.0 -9999.0 -9999.0 -9999.0 -9999.0 -9999.0 -9999.0 -9999.0 -9999.0 -9999.0 -9999.0 -9999.0 -9999.0 -9999.0