inst/processing_geotop_simulation/geotop_simulation/out/maps3D/PwL0002N0334.asc
ncols         104
nrows         10
xllcorner     -2.000000
yllcorner     0.000000
cellsize      1.000000
NODATA_value  -9999.0
-9999.0 -9999.0 -9999.0 -9999.0 -9999.0 -9999.0 -9999.0 -9999.0 -9999.0 -9999.0 -9999.0 -9999.0 -9999.0 -9999.0 -9999.0 -9999.0 -9999.0 -9999.0 -9999.0 -9999.0 -9999.0 -9999.0 -9999.0 -9999.0 -9999.0 -9999.0 -9999.0 -9999.0 -9999.0 -9999.0 -9999.0 -9999.0 -9999.0 -9999.0 -9999.0 -9999.0 -9999.0 -9999.0 -9999.0 -9999.0 -9999.0 -9999.0 -9999.0 -9999.0 -9999.0 -9999.0 -9999.0 -9999.0 -9999.0 -9999.0 -9999.0 -9999.0 -9999.0 -9999.0 -9999.0 -9999.0 -9999.0 -9999.0 -9999.0 -9999.0 -9999.0 -9999.0 -9999.0 -9999.0 -9999.0 -9999.0 -9999.0 -9999.0 -9999.0 -9999.0 -9999.0 -9999.0 -9999.0 -9999.0 -9999.0 -9999.0 -9999.0 -9999.0 -9999.0 -9999.0 -9999.0 -9999.0 -9999.0 -9999.0 -9999.0 -9999.0 -9999.0 -9999.0 -9999.0 -9999.0 -9999.0 -9999.0 -9999.0 -9999.0 -9999.0 -9999.0 -9999.0 -9999.0 -9999.0 -9999.0 -9999.0 -9999.0 -9999.0 -9999.0
-9999.0 -9999.0 -9999.0 -9999.0 -9999.0 -9999.0 -9999.0 -9999.0 -9999.0 -9999.0 -9999.0 -9999.0 -9999.0 -9999.0 -9999.0 -9999.0 -9999.0 -9999.0 -9999.0 -9999.0 -9999.0 -9999.0 -9999.0 -9999.0 -9999.0 -9999.0 -9999.0 -9999.0 -9999.0 -9999.0 -9999.0 -9999.0 -9999.0 -9999.0 -9999.0 -9999.0 -9999.0 -9999.0 -9999.0 -9999.0 -9999.0 -9999.0 -9999.0 -9999.0 -9999.0 -9999.0 -9999.0 -9999.0 -9999.0 -9999.0 -9999.0 -9999.0 -9999.0 -9999.0 -9999.0 -9999.0 -9999.0 -9999.0 -9999.0 -9999.0 -9999.0 -9999.0 -9999.0 -9999.0 -9999.0 -9999.0 -9999.0 -9999.0 -9999.0 -9999.0 -9999.0 -9999.0 -9999.0 -9999.0 -9999.0 -9999.0 -9999.0 -9999.0 -9999.0 -9999.0 -9999.0 -9999.0 -9999.0 -9999.0 -9999.0 -9999.0 -9999.0 -9999.0 -9999.0 -9999.0 -9999.0 -9999.0 -9999.0 -9999.0 -9999.0 -9999.0 -9999.0 -9999.0 -9999.0 -9999.0 -9999.0 -9999.0 -9999.0 -9999.0
-9999.0 -9999.0 76.291765 -20.395180 -118.803221 -217.623235 -316.594066 -415.616833 -514.641024 -613.627766 -712.496216 -811.208868 -909.715750 -1007.947816 -1106.109325 -1204.148312 -1301.558257 -1397.922956 -1492.563972 -1584.360785 -1671.193078 -1749.733827 -1816.747243 -1870.687867 -1912.040033 -1942.600700 -1964.601667 -1980.144027 -1990.966876 -1998.415469 -2003.491373 -2006.921725 -2009.224282 -2010.761705 -2011.784850 -2012.467583 -2012.940104 -2013.350861 -2014.084157 -2016.350758 -2020.123329 -1972.871560 -1210.044418 -1208.188631 -1197.647993 -1190.768197 -1187.533595 -1187.033498 -1186.979555 -1186.984842 -1186.998740 -1187.013701 -1187.028085 -1187.041408 -1187.053794 -1187.068370 -1187.114285 -1187.416993 -1189.152098 -1192.996262 -1198.333777 -1192.594182 -1949.591652 -2014.202648 -2014.925683 -2014.119085 -2013.918898 -2013.883238 -2013.877898 -2013.877614 -2013.878091 -2013.878589 -2013.878994 -2013.879306 -2013.879547 -2013.879736 -2013.879885 -2013.880008 -2013.880111 -2013.880204 -2013.880296 -2013.880399 -2013.880529 -2013.880708 -2013.880973 -2013.881378 -2013.882015 -2013.883036 -2013.884702 -2013.887472 -2013.892190 -2013.900450 -2013.915348 -2013.943031 -2013.995938 -2014.099913 -2014.311140 -2014.760448 -2015.779278 -2018.296464 -2025.314788 -2048.555673 -9999.0 -9999.0
-9999.0 -9999.0 76.302748 -20.393215 -118.802731 -217.623092 -316.594020 -415.616817 -514.641018 -613.627764 -712.496215 -811.208868 -909.715750 -1007.947816 -1106.109325 -1204.148312 -1301.558257 -1397.922956 -1492.563972 -1584.360785 -1671.193078 -1749.733827 -1816.747243 -1870.687867 -1912.040033 -1942.600700 -1964.601667 -1980.144028 -1990.966876 -1998.415469 -2003.491373 -2006.921725 -2009.224282 -2010.761705 -2011.784850 -2012.467583 -2012.940104 -2013.350861 -2014.084157 -2016.350758 -2020.123329 -1972.871560 -1210.044418 -1208.188631 -1197.647993 -1190.768197 -1187.533595 -1187.033498 -1186.979555 -1186.984842 -1186.998740 -1187.013701 -1187.028085 -1187.041408 -1187.053794 -1187.068370 -1187.114285 -1187.416993 -1189.152098 -1192.996262 -1198.333777 -1192.594182 -1949.591652 -2014.202648 -2014.925683 -2014.119085 -2013.918898 -2013.883238 -2013.877898 -2013.877614 -2013.878091 -2013.878589 -2013.878994 -2013.879306 -2013.879547 -2013.879736 -2013.879885 -2013.880008 -2013.880111 -2013.880204 -2013.880296 -2013.880399 -2013.880529 -2013.880708 -2013.880973 -2013.881378 -2013.882015 -2013.883036 -2013.884702 -2013.887472 -2013.892190 -2013.900450 -2013.915348 -2013.943031 -2013.995938 -2014.099913 -2014.311140 -2014.760448 -2015.779278 -2018.296464 -2025.314788 -2048.555673 -9999.0 -9999.0
-9999.0 -9999.0 76.303940 -20.392427 -118.802420 -217.622980 -316.593980 -415.616803 -514.641013 -613.627762 -712.496214 -811.208867 -909.715750 -1007.947816 -1106.109325 -1204.148312 -1301.558257 -1397.922956 -1492.563972 -1584.360786 -1671.193078 -1749.733828 -1816.747243 -1870.687867 -1912.040033 -1942.600700 -1964.601667 -1980.144028 -1990.966876 -1998.415469 -2003.491373 -2006.921725 -2009.224282 -2010.761705 -2011.784850 -2012.467583 -2012.940104 -2013.350861 -2014.084157 -2016.350758 -2020.123329 -1972.871560 -1210.044418 -1208.188631 -1197.647993 -1190.768197 -1187.533595 -1187.033498 -1186.979555 -1186.984842 -1186.998740 -1187.013701 -1187.028085 -1187.041408 -1187.053794 -1187.068370 -1187.114285 -1187.416993 -1189.152098 -1192.996262 -1198.333777 -1192.594182 -1949.591652 -2014.202648 -2014.925683 -2014.119085 -2013.918898 -2013.883238 -2013.877898 -2013.877614 -2013.878091 -2013.878589 -2013.878994 -2013.879306 -2013.879547 -2013.879736 -2013.879885 -2013.880008 -2013.880111 -2013.880204 -2013.880296 -2013.880399 -2013.880529 -2013.880708 -2013.880973 -2013.881378 -2013.882015 -2013.883036 -2013.884702 -2013.887472 -2013.892190 -2013.900450 -2013.915348 -2013.943031 -2013.995938 -2014.099913 -2014.311140 -2014.760448 -2015.779278 -2018.296464 -2025.314788 -2048.555673 -9999.0 -9999.0
-9999.0 -9999.0 76.303940 -20.392427 -118.802420 -217.622980 -316.593980 -415.616803 -514.641013 -613.627762 -712.496214 -811.208867 -909.715750 -1007.947816 -1106.109325 -1204.148312 -1301.558257 -1397.922956 -1492.563972 -1584.360786 -1671.193078 -1749.733828 -1816.747243 -1870.687867 -1912.040033 -1942.600700 -1964.601667 -1980.144028 -1990.966876 -1998.415469 -2003.491373 -2006.921725 -2009.224282 -2010.761705 -2011.784850 -2012.467583 -2012.940104 -2013.350861 -2014.084157 -2016.350758 -2020.123329 -1972.871560 -1210.044418 -1208.188631 -1197.647993 -1190.768197 -1187.533595 -1187.033498 -1186.979555 -1186.984842 -1186.998740 -1187.013701 -1187.028085 -1187.041408 -1187.053794 -1187.068370 -1187.114285 -1187.416993 -1189.152098 -1192.996262 -1198.333777 -1192.594182 -1949.591652 -2014.202648 -2014.925683 -2014.119085 -2013.918898 -2013.883238 -2013.877898 -2013.877614 -2013.878091 -2013.878589 -2013.878994 -2013.879306 -2013.879547 -2013.879736 -2013.879885 -2013.880008 -2013.880111 -2013.880204 -2013.880296 -2013.880399 -2013.880529 -2013.880708 -2013.880973 -2013.881378 -2013.882015 -2013.883036 -2013.884702 -2013.887472 -2013.892190 -2013.900450 -2013.915348 -2013.943031 -2013.995938 -2014.099913 -2014.311140 -2014.760448 -2015.779278 -2018.296464 -2025.314788 -2048.555673 -9999.0 -9999.0
-9999.0 -9999.0 76.302748 -20.393215 -118.802731 -217.623092 -316.594020 -415.616817 -514.641018 -613.627764 -712.496215 -811.208868 -909.715750 -1007.947816 -1106.109325 -1204.148312 -1301.558257 -1397.922956 -1492.563972 -1584.360785 -1671.193078 -1749.733827 -1816.747243 -1870.687867 -1912.040033 -1942.600700 -1964.601667 -1980.144028 -1990.966876 -1998.415469 -2003.491373 -2006.921725 -2009.224282 -2010.761705 -2011.784850 -2012.467583 -2012.940104 -2013.350861 -2014.084157 -2016.350758 -2020.123329 -1972.871560 -1210.044418 -1208.188631 -1197.647993 -1190.768197 -1187.533595 -1187.033498 -1186.979555 -1186.984842 -1186.998740 -1187.013701 -1187.028085 -1187.041408 -1187.053794 -1187.068370 -1187.114285 -1187.416993 -1189.152098 -1192.996262 -1198.333777 -1192.594182 -1949.591652 -2014.202648 -2014.925683 -2014.119085 -2013.918898 -2013.883238 -2013.877898 -2013.877614 -2013.878091 -2013.878589 -2013.878994 -2013.879306 -2013.879547 -2013.879736 -2013.879885 -2013.880008 -2013.880111 -2013.880204 -2013.880296 -2013.880399 -2013.880529 -2013.880708 -2013.880973 -2013.881378 -2013.882015 -2013.883036 -2013.884702 -2013.887472 -2013.892190 -2013.900450 -2013.915348 -2013.943031 -2013.995938 -2014.099913 -2014.311140 -2014.760448 -2015.779278 -2018.296464 -2025.314788 -2048.555673 -9999.0 -9999.0
-9999.0 -9999.0 76.291765 -20.395180 -118.803221 -217.623235 -316.594066 -415.616833 -514.641024 -613.627766 -712.496216 -811.208868 -909.715750 -1007.947816 -1106.109325 -1204.148312 -1301.558257 -1397.922956 -1492.563972 -1584.360785 -1671.193078 -1749.733827 -1816.747243 -1870.687867 -1912.040033 -1942.600700 -1964.601667 -1980.144027 -1990.966876 -1998.415469 -2003.491373 -2006.921725 -2009.224282 -2010.761705 -2011.784850 -2012.467583 -2012.940104 -2013.350861 -2014.084157 -2016.350758 -2020.123329 -1972.871560 -1210.044418 -1208.188631 -1197.647993 -1190.768197 -1187.533595 -1187.033498 -1186.979555 -1186.984842 -1186.998740 -1187.013701 -1187.028085 -1187.041408 -1187.053794 -1187.068370 -1187.114285 -1187.416993 -1189.152098 -1192.996262 -1198.333777 -1192.594182 -1949.591652 -2014.202648 -2014.925683 -2014.119085 -2013.918898 -2013.883238 -2013.877898 -2013.877614 -2013.878091 -2013.878589 -2013.878994 -2013.879306 -2013.879547 -2013.879736 -2013.879885 -2013.880008 -2013.880111 -2013.880204 -2013.880296 -2013.880399 -2013.880529 -2013.880708 -2013.880973 -2013.881378 -2013.882015 -2013.883036 -2013.884702 -2013.887472 -2013.892190 -2013.900450 -2013.915348 -2013.943031 -2013.995938 -2014.099913 -2014.311140 -2014.760448 -2015.779278 -2018.296464 -2025.314788 -2048.555673 -9999.0 -9999.0
-9999.0 -9999.0 -9999.0 -9999.0 -9999.0 -9999.0 -9999.0 -9999.0 -9999.0 -9999.0 -9999.0 -9999.0 -9999.0 -9999.0 -9999.0 -9999.0 -9999.0 -9999.0 -9999.0 -9999.0 -9999.0 -9999.0 -9999.0 -9999.0 -9999.0 -9999.0 -9999.0 -9999.0 -9999.0 -9999.0 -9999.0 -9999.0 -9999.0 -9999.0 -9999.0 -9999.0 -9999.0 -9999.0 -9999.0 -9999.0 -9999.0 -9999.0 -9999.0 -9999.0 -9999.0 -9999.0 -9999.0 -9999.0 -9999.0 -9999.0 -9999.0 -9999.0 -9999.0 -9999.0 -9999.0 -9999.0 -9999.0 -9999.0 -9999.0 -9999.0 -9999.0 -9999.0 -9999.0 -9999.0 -9999.0 -9999.0 -9999.0 -9999.0 -9999.0 -9999.0 -9999.0 -9999.0 -9999.0 -9999.0 -9999.0 -9999.0 -9999.0 -9999.0 -9999.0 -9999.0 -9999.0 -9999.0 -9999.0 -9999.0 -9999.0 -9999.0 -9999.0 -9999.0 -9999.0 -9999.0 -9999.0 -9999.0 -9999.0 -9999.0 -9999.0 -9999.0 -9999.0 -9999.0 -9999.0 -9999.0 -9999.0 -9999.0 -9999.0 -9999.0
-9999.0 -9999.0 -9999.0 -9999.0 -9999.0 -9999.0 -9999.0 -9999.0 -9999.0 -9999.0 -9999.0 -9999.0 -9999.0 -9999.0 -9999.0 -9999.0 -9999.0 -9999.0 -9999.0 -9999.0 -9999.0 -9999.0 -9999.0 -9999.0 -9999.0 -9999.0 -9999.0 -9999.0 -9999.0 -9999.0 -9999.0 -9999.0 -9999.0 -9999.0 -9999.0 -9999.0 -9999.0 -9999.0 -9999.0 -9999.0 -9999.0 -9999.0 -9999.0 -9999.0 -9999.0 -9999.0 -9999.0 -9999.0 -9999.0 -9999.0 -9999.0 -9999.0 -9999.0 -9999.0 -9999.0 -9999.0 -9999.0 -9999.0 -9999.0 -9999.0 -9999.0 -9999.0 -9999.0 -9999.0 -9999.0 -9999.0 -9999.0 -9999.0 -9999.0 -9999.0 -9999.0 -9999.0 -9999.0 -9999.0 -9999.0 -9999.0 -9999.0 -9999.0 -9999.0 -9999.0 -9999.0 -9999.0 -9999.0 -9999.0 -9999.0 -9999.0 -9999.0 -9999.0 -9999.0 -9999.0 -9999.0 -9999.0 -9999.0 -9999.0 -9999.0 -9999.0 -9999.0 -9999.0 -9999.0 -9999.0 -9999.0 -9999.0 -9999.0 -9999.0