inst/processing_geotop_simulation/geotop_simulation/out/maps3D/PwL0008N0216.asc
ncols         104
nrows         10
xllcorner     -2.000000
yllcorner     0.000000
cellsize      1.000000
NODATA_value  -9999.0
-9999.0 -9999.0 -9999.0 -9999.0 -9999.0 -9999.0 -9999.0 -9999.0 -9999.0 -9999.0 -9999.0 -9999.0 -9999.0 -9999.0 -9999.0 -9999.0 -9999.0 -9999.0 -9999.0 -9999.0 -9999.0 -9999.0 -9999.0 -9999.0 -9999.0 -9999.0 -9999.0 -9999.0 -9999.0 -9999.0 -9999.0 -9999.0 -9999.0 -9999.0 -9999.0 -9999.0 -9999.0 -9999.0 -9999.0 -9999.0 -9999.0 -9999.0 -9999.0 -9999.0 -9999.0 -9999.0 -9999.0 -9999.0 -9999.0 -9999.0 -9999.0 -9999.0 -9999.0 -9999.0 -9999.0 -9999.0 -9999.0 -9999.0 -9999.0 -9999.0 -9999.0 -9999.0 -9999.0 -9999.0 -9999.0 -9999.0 -9999.0 -9999.0 -9999.0 -9999.0 -9999.0 -9999.0 -9999.0 -9999.0 -9999.0 -9999.0 -9999.0 -9999.0 -9999.0 -9999.0 -9999.0 -9999.0 -9999.0 -9999.0 -9999.0 -9999.0 -9999.0 -9999.0 -9999.0 -9999.0 -9999.0 -9999.0 -9999.0 -9999.0 -9999.0 -9999.0 -9999.0 -9999.0 -9999.0 -9999.0 -9999.0 -9999.0 -9999.0 -9999.0
-9999.0 -9999.0 -9999.0 -9999.0 -9999.0 -9999.0 -9999.0 -9999.0 -9999.0 -9999.0 -9999.0 -9999.0 -9999.0 -9999.0 -9999.0 -9999.0 -9999.0 -9999.0 -9999.0 -9999.0 -9999.0 -9999.0 -9999.0 -9999.0 -9999.0 -9999.0 -9999.0 -9999.0 -9999.0 -9999.0 -9999.0 -9999.0 -9999.0 -9999.0 -9999.0 -9999.0 -9999.0 -9999.0 -9999.0 -9999.0 -9999.0 -9999.0 -9999.0 -9999.0 -9999.0 -9999.0 -9999.0 -9999.0 -9999.0 -9999.0 -9999.0 -9999.0 -9999.0 -9999.0 -9999.0 -9999.0 -9999.0 -9999.0 -9999.0 -9999.0 -9999.0 -9999.0 -9999.0 -9999.0 -9999.0 -9999.0 -9999.0 -9999.0 -9999.0 -9999.0 -9999.0 -9999.0 -9999.0 -9999.0 -9999.0 -9999.0 -9999.0 -9999.0 -9999.0 -9999.0 -9999.0 -9999.0 -9999.0 -9999.0 -9999.0 -9999.0 -9999.0 -9999.0 -9999.0 -9999.0 -9999.0 -9999.0 -9999.0 -9999.0 -9999.0 -9999.0 -9999.0 -9999.0 -9999.0 -9999.0 -9999.0 -9999.0 -9999.0 -9999.0
-9999.0 -9999.0 378.242387 283.646808 187.068755 89.699763 -7.988135 -105.799872 -203.651124 -301.471340 -399.183735 -496.632951 -593.483806 -689.099800 -784.891534 -880.512539 -975.799754 -1070.945080 -1162.501755 -1250.551111 -1331.265536 -1400.617686 -1456.499780 -1499.153459 -1530.398814 -1552.635409 -1568.152427 -1578.827500 -1586.085282 -1590.966121 -1594.215377 -1596.359137 -1597.763109 -1598.677458 -1599.270933 -1599.657886 -1599.923041 -1600.163586 -1600.673669 -1602.850753 -1611.758178 -1627.216309 -1202.230276 -1288.025946 -1251.883468 -1229.606365 -1219.375188 -1217.990554 -1217.849233 -1217.864860 -1217.903035 -1217.943922 -1217.983181 -1218.019516 -1218.053131 -1218.091290 -1218.205082 -1218.996429 -1224.291327 -1236.326523 -1254.207582 -1149.949900 -1599.264543 -1605.822425 -1601.663361 -1600.658817 -1600.489778 -1600.463688 -1600.460255 -1600.460533 -1600.461321 -1600.462038 -1600.462604 -1600.463036 -1600.463367 -1600.463624 -1600.463827 -1600.463992 -1600.464130 -1600.464252 -1600.464372 -1600.464506 -1600.464675 -1600.464909 -1600.465255 -1600.465787 -1600.466625 -1600.467966 -1600.470147 -1600.473758 -1600.479870 -1600.490492 -1600.509497 -1600.544532 -1600.610921 -1600.739912 -1600.997343 -1601.530480 -1602.696717 -1605.444505 -1612.633445 -1635.167068 -9999.0 -9999.0
-9999.0 -9999.0 378.250023 283.648751 187.069279 89.699919 -7.988085 -105.799855 -203.651118 -301.471337 -399.183734 -496.632951 -593.483805 -689.099800 -784.891534 -880.512539 -975.799754 -1070.945080 -1162.501755 -1250.551111 -1331.265536 -1400.617686 -1456.499780 -1499.153459 -1530.398814 -1552.635409 -1568.152427 -1578.827500 -1586.085283 -1590.966121 -1594.215377 -1596.359137 -1597.763109 -1598.677458 -1599.270933 -1599.657886 -1599.923041 -1600.163586 -1600.673669 -1602.850753 -1611.758178 -1627.216309 -1202.230276 -1288.025945 -1251.883468 -1229.606364 -1219.375188 -1217.990554 -1217.849233 -1217.864860 -1217.903035 -1217.943922 -1217.983181 -1218.019516 -1218.053131 -1218.091290 -1218.205082 -1218.996429 -1224.291327 -1236.326523 -1254.207582 -1149.949900 -1599.264543 -1605.822425 -1601.663361 -1600.658817 -1600.489778 -1600.463688 -1600.460255 -1600.460533 -1600.461321 -1600.462038 -1600.462604 -1600.463036 -1600.463367 -1600.463624 -1600.463827 -1600.463992 -1600.464130 -1600.464252 -1600.464372 -1600.464506 -1600.464675 -1600.464909 -1600.465255 -1600.465787 -1600.466625 -1600.467966 -1600.470147 -1600.473758 -1600.479870 -1600.490492 -1600.509497 -1600.544532 -1600.610921 -1600.739912 -1600.997343 -1601.530480 -1602.696717 -1605.444505 -1612.633445 -1635.167068 -9999.0 -9999.0
-9999.0 -9999.0 378.251590 283.649591 187.069614 89.700041 -7.988042 -105.799840 -203.651113 -301.471335 -399.183733 -496.632951 -593.483805 -689.099800 -784.891534 -880.512539 -975.799754 -1070.945080 -1162.501755 -1250.551111 -1331.265536 -1400.617686 -1456.499780 -1499.153459 -1530.398814 -1552.635409 -1568.152427 -1578.827500 -1586.085283 -1590.966121 -1594.215377 -1596.359137 -1597.763109 -1598.677458 -1599.270933 -1599.657886 -1599.923041 -1600.163586 -1600.673669 -1602.850753 -1611.758178 -1627.216309 -1202.230276 -1288.025945 -1251.883468 -1229.606364 -1219.375188 -1217.990554 -1217.849233 -1217.864860 -1217.903035 -1217.943922 -1217.983181 -1218.019516 -1218.053131 -1218.091290 -1218.205082 -1218.996429 -1224.291327 -1236.326523 -1254.207582 -1149.949900 -1599.264543 -1605.822425 -1601.663361 -1600.658817 -1600.489778 -1600.463688 -1600.460255 -1600.460533 -1600.461321 -1600.462038 -1600.462604 -1600.463036 -1600.463367 -1600.463624 -1600.463827 -1600.463992 -1600.464130 -1600.464252 -1600.464372 -1600.464506 -1600.464675 -1600.464909 -1600.465255 -1600.465787 -1600.466625 -1600.467966 -1600.470147 -1600.473758 -1600.479870 -1600.490492 -1600.509497 -1600.544532 -1600.610921 -1600.739912 -1600.997343 -1601.530480 -1602.696717 -1605.444505 -1612.633445 -1635.167068 -9999.0 -9999.0
-9999.0 -9999.0 378.251590 283.649591 187.069615 89.700041 -7.988042 -105.799840 -203.651113 -301.471335 -399.183733 -496.632951 -593.483805 -689.099800 -784.891534 -880.512539 -975.799754 -1070.945080 -1162.501755 -1250.551111 -1331.265536 -1400.617686 -1456.499780 -1499.153459 -1530.398814 -1552.635409 -1568.152427 -1578.827500 -1586.085283 -1590.966121 -1594.215377 -1596.359137 -1597.763109 -1598.677458 -1599.270933 -1599.657886 -1599.923041 -1600.163586 -1600.673669 -1602.850753 -1611.758178 -1627.216309 -1202.230276 -1288.025945 -1251.883468 -1229.606364 -1219.375188 -1217.990554 -1217.849233 -1217.864860 -1217.903035 -1217.943922 -1217.983181 -1218.019516 -1218.053131 -1218.091290 -1218.205082 -1218.996429 -1224.291327 -1236.326523 -1254.207582 -1149.949900 -1599.264543 -1605.822425 -1601.663361 -1600.658817 -1600.489778 -1600.463688 -1600.460255 -1600.460533 -1600.461321 -1600.462038 -1600.462604 -1600.463036 -1600.463367 -1600.463624 -1600.463827 -1600.463992 -1600.464130 -1600.464252 -1600.464372 -1600.464506 -1600.464675 -1600.464909 -1600.465255 -1600.465787 -1600.466625 -1600.467966 -1600.470147 -1600.473758 -1600.479870 -1600.490492 -1600.509497 -1600.544532 -1600.610921 -1600.739912 -1600.997343 -1601.530480 -1602.696717 -1605.444505 -1612.633445 -1635.167068 -9999.0 -9999.0
-9999.0 -9999.0 378.250023 283.648751 187.069279 89.699919 -7.988086 -105.799855 -203.651118 -301.471337 -399.183734 -496.632951 -593.483805 -689.099800 -784.891534 -880.512539 -975.799754 -1070.945080 -1162.501755 -1250.551111 -1331.265536 -1400.617686 -1456.499780 -1499.153459 -1530.398814 -1552.635409 -1568.152427 -1578.827500 -1586.085283 -1590.966121 -1594.215377 -1596.359137 -1597.763109 -1598.677458 -1599.270933 -1599.657886 -1599.923041 -1600.163586 -1600.673669 -1602.850753 -1611.758178 -1627.216309 -1202.230276 -1288.025945 -1251.883468 -1229.606364 -1219.375188 -1217.990554 -1217.849233 -1217.864860 -1217.903035 -1217.943922 -1217.983181 -1218.019516 -1218.053131 -1218.091290 -1218.205082 -1218.996429 -1224.291327 -1236.326523 -1254.207582 -1149.949900 -1599.264543 -1605.822425 -1601.663361 -1600.658817 -1600.489778 -1600.463688 -1600.460255 -1600.460533 -1600.461321 -1600.462038 -1600.462604 -1600.463036 -1600.463367 -1600.463624 -1600.463827 -1600.463992 -1600.464130 -1600.464252 -1600.464372 -1600.464506 -1600.464675 -1600.464909 -1600.465255 -1600.465787 -1600.466625 -1600.467966 -1600.470147 -1600.473758 -1600.479870 -1600.490492 -1600.509497 -1600.544532 -1600.610921 -1600.739912 -1600.997343 -1601.530480 -1602.696717 -1605.444505 -1612.633445 -1635.167068 -9999.0 -9999.0
-9999.0 -9999.0 378.242387 283.646808 187.068755 89.699763 -7.988135 -105.799872 -203.651124 -301.471340 -399.183735 -496.632951 -593.483806 -689.099800 -784.891534 -880.512539 -975.799754 -1070.945080 -1162.501755 -1250.551110 -1331.265536 -1400.617686 -1456.499780 -1499.153459 -1530.398814 -1552.635409 -1568.152427 -1578.827500 -1586.085282 -1590.966121 -1594.215377 -1596.359137 -1597.763109 -1598.677458 -1599.270933 -1599.657886 -1599.923041 -1600.163586 -1600.673669 -1602.850753 -1611.758178 -1627.216309 -1202.230276 -1288.025946 -1251.883468 -1229.606365 -1219.375188 -1217.990554 -1217.849233 -1217.864860 -1217.903035 -1217.943922 -1217.983181 -1218.019516 -1218.053131 -1218.091290 -1218.205082 -1218.996429 -1224.291327 -1236.326523 -1254.207582 -1149.949900 -1599.264543 -1605.822425 -1601.663361 -1600.658817 -1600.489778 -1600.463688 -1600.460255 -1600.460533 -1600.461321 -1600.462038 -1600.462604 -1600.463036 -1600.463367 -1600.463624 -1600.463827 -1600.463992 -1600.464130 -1600.464252 -1600.464372 -1600.464506 -1600.464675 -1600.464909 -1600.465255 -1600.465787 -1600.466625 -1600.467966 -1600.470147 -1600.473758 -1600.479870 -1600.490492 -1600.509497 -1600.544532 -1600.610921 -1600.739912 -1600.997343 -1601.530480 -1602.696717 -1605.444505 -1612.633445 -1635.167068 -9999.0 -9999.0
-9999.0 -9999.0 -9999.0 -9999.0 -9999.0 -9999.0 -9999.0 -9999.0 -9999.0 -9999.0 -9999.0 -9999.0 -9999.0 -9999.0 -9999.0 -9999.0 -9999.0 -9999.0 -9999.0 -9999.0 -9999.0 -9999.0 -9999.0 -9999.0 -9999.0 -9999.0 -9999.0 -9999.0 -9999.0 -9999.0 -9999.0 -9999.0 -9999.0 -9999.0 -9999.0 -9999.0 -9999.0 -9999.0 -9999.0 -9999.0 -9999.0 -9999.0 -9999.0 -9999.0 -9999.0 -9999.0 -9999.0 -9999.0 -9999.0 -9999.0 -9999.0 -9999.0 -9999.0 -9999.0 -9999.0 -9999.0 -9999.0 -9999.0 -9999.0 -9999.0 -9999.0 -9999.0 -9999.0 -9999.0 -9999.0 -9999.0 -9999.0 -9999.0 -9999.0 -9999.0 -9999.0 -9999.0 -9999.0 -9999.0 -9999.0 -9999.0 -9999.0 -9999.0 -9999.0 -9999.0 -9999.0 -9999.0 -9999.0 -9999.0 -9999.0 -9999.0 -9999.0 -9999.0 -9999.0 -9999.0 -9999.0 -9999.0 -9999.0 -9999.0 -9999.0 -9999.0 -9999.0 -9999.0 -9999.0 -9999.0 -9999.0 -9999.0 -9999.0 -9999.0
-9999.0 -9999.0 -9999.0 -9999.0 -9999.0 -9999.0 -9999.0 -9999.0 -9999.0 -9999.0 -9999.0 -9999.0 -9999.0 -9999.0 -9999.0 -9999.0 -9999.0 -9999.0 -9999.0 -9999.0 -9999.0 -9999.0 -9999.0 -9999.0 -9999.0 -9999.0 -9999.0 -9999.0 -9999.0 -9999.0 -9999.0 -9999.0 -9999.0 -9999.0 -9999.0 -9999.0 -9999.0 -9999.0 -9999.0 -9999.0 -9999.0 -9999.0 -9999.0 -9999.0 -9999.0 -9999.0 -9999.0 -9999.0 -9999.0 -9999.0 -9999.0 -9999.0 -9999.0 -9999.0 -9999.0 -9999.0 -9999.0 -9999.0 -9999.0 -9999.0 -9999.0 -9999.0 -9999.0 -9999.0 -9999.0 -9999.0 -9999.0 -9999.0 -9999.0 -9999.0 -9999.0 -9999.0 -9999.0 -9999.0 -9999.0 -9999.0 -9999.0 -9999.0 -9999.0 -9999.0 -9999.0 -9999.0 -9999.0 -9999.0 -9999.0 -9999.0 -9999.0 -9999.0 -9999.0 -9999.0 -9999.0 -9999.0 -9999.0 -9999.0 -9999.0 -9999.0 -9999.0 -9999.0 -9999.0 -9999.0 -9999.0 -9999.0 -9999.0 -9999.0