inst/processing_geotop_simulation/geotop_simulation/out/maps3D/PwL0013N0205.asc
ncols         104
nrows         10
xllcorner     -2.000000
yllcorner     0.000000
cellsize      1.000000
NODATA_value  -9999.0
-9999.0 -9999.0 -9999.0 -9999.0 -9999.0 -9999.0 -9999.0 -9999.0 -9999.0 -9999.0 -9999.0 -9999.0 -9999.0 -9999.0 -9999.0 -9999.0 -9999.0 -9999.0 -9999.0 -9999.0 -9999.0 -9999.0 -9999.0 -9999.0 -9999.0 -9999.0 -9999.0 -9999.0 -9999.0 -9999.0 -9999.0 -9999.0 -9999.0 -9999.0 -9999.0 -9999.0 -9999.0 -9999.0 -9999.0 -9999.0 -9999.0 -9999.0 -9999.0 -9999.0 -9999.0 -9999.0 -9999.0 -9999.0 -9999.0 -9999.0 -9999.0 -9999.0 -9999.0 -9999.0 -9999.0 -9999.0 -9999.0 -9999.0 -9999.0 -9999.0 -9999.0 -9999.0 -9999.0 -9999.0 -9999.0 -9999.0 -9999.0 -9999.0 -9999.0 -9999.0 -9999.0 -9999.0 -9999.0 -9999.0 -9999.0 -9999.0 -9999.0 -9999.0 -9999.0 -9999.0 -9999.0 -9999.0 -9999.0 -9999.0 -9999.0 -9999.0 -9999.0 -9999.0 -9999.0 -9999.0 -9999.0 -9999.0 -9999.0 -9999.0 -9999.0 -9999.0 -9999.0 -9999.0 -9999.0 -9999.0 -9999.0 -9999.0 -9999.0 -9999.0
-9999.0 -9999.0 -9999.0 -9999.0 -9999.0 -9999.0 -9999.0 -9999.0 -9999.0 -9999.0 -9999.0 -9999.0 -9999.0 -9999.0 -9999.0 -9999.0 -9999.0 -9999.0 -9999.0 -9999.0 -9999.0 -9999.0 -9999.0 -9999.0 -9999.0 -9999.0 -9999.0 -9999.0 -9999.0 -9999.0 -9999.0 -9999.0 -9999.0 -9999.0 -9999.0 -9999.0 -9999.0 -9999.0 -9999.0 -9999.0 -9999.0 -9999.0 -9999.0 -9999.0 -9999.0 -9999.0 -9999.0 -9999.0 -9999.0 -9999.0 -9999.0 -9999.0 -9999.0 -9999.0 -9999.0 -9999.0 -9999.0 -9999.0 -9999.0 -9999.0 -9999.0 -9999.0 -9999.0 -9999.0 -9999.0 -9999.0 -9999.0 -9999.0 -9999.0 -9999.0 -9999.0 -9999.0 -9999.0 -9999.0 -9999.0 -9999.0 -9999.0 -9999.0 -9999.0 -9999.0 -9999.0 -9999.0 -9999.0 -9999.0 -9999.0 -9999.0 -9999.0 -9999.0 -9999.0 -9999.0 -9999.0 -9999.0 -9999.0 -9999.0 -9999.0 -9999.0 -9999.0 -9999.0 -9999.0 -9999.0 -9999.0 -9999.0 -9999.0 -9999.0
-9999.0 -9999.0 628.230658 532.860546 436.376902 339.212748 241.738100 144.130262 46.476509 -51.168268 -148.780696 -246.318408 -343.694216 -440.719173 -537.089722 -632.421683 -727.208352 -822.246956 -916.790360 -1010.606590 -1100.313473 -1180.608492 -1250.321746 -1307.757935 -1352.859636 -1386.856747 -1411.647398 -1429.250747 -1441.482861 -1449.830831 -1455.443339 -1459.171103 -1461.623698 -1463.226229 -1464.268895 -1464.948528 -1465.405577 -1465.778721 -1466.417965 -1468.942384 -1480.397987 -1531.016760 -1979.718125 -4288.521111 -4304.543536 -4266.896326 -4235.632074 -4230.839420 -4230.348639 -4230.399918 -4230.527539 -4230.663967 -4230.794723 -4230.915551 -4231.027087 -4231.152638 -4231.524363 -4234.162832 -4251.736097 -4281.225647 -4244.248880 -1790.325667 -1497.790722 -1473.777613 -1467.701132 -1466.538505 -1466.352660 -1466.324512 -1466.320811 -1466.321056 -1466.321848 -1466.322574 -1466.323148 -1466.323587 -1466.323925 -1466.324188 -1466.324396 -1466.324565 -1466.324707 -1466.324834 -1466.324958 -1466.325096 -1466.325269 -1466.325509 -1466.325862 -1466.326404 -1466.327257 -1466.328621 -1466.330840 -1466.334516 -1466.340741 -1466.351567 -1466.370959 -1466.406750 -1466.474681 -1466.607038 -1466.872583 -1467.427537 -1468.656551 -1471.582930 -1479.226871 -1502.616832 -9999.0 -9999.0
-9999.0 -9999.0 628.235950 532.862201 436.377388 339.212898 241.738149 144.130279 46.476515 -51.168265 -148.780695 -246.318408 -343.694216 -440.719173 -537.089722 -632.421683 -727.208352 -822.246956 -916.790361 -1010.606590 -1100.313473 -1180.608492 -1250.321746 -1307.757935 -1352.859636 -1386.856747 -1411.647398 -1429.250747 -1441.482862 -1449.830831 -1455.443339 -1459.171103 -1461.623698 -1463.226229 -1464.268895 -1464.948528 -1465.405577 -1465.778721 -1466.417965 -1468.942384 -1480.397987 -1531.016760 -1979.718124 -4288.521110 -4304.543536 -4266.896324 -4235.632074 -4230.839420 -4230.348639 -4230.399918 -4230.527539 -4230.663967 -4230.794723 -4230.915551 -4231.027087 -4231.152638 -4231.524363 -4234.162832 -4251.736097 -4281.225647 -4244.248880 -1790.325667 -1497.790722 -1473.777613 -1467.701132 -1466.538505 -1466.352660 -1466.324512 -1466.320811 -1466.321056 -1466.321848 -1466.322574 -1466.323148 -1466.323587 -1466.323925 -1466.324188 -1466.324396 -1466.324565 -1466.324707 -1466.324834 -1466.324958 -1466.325096 -1466.325269 -1466.325509 -1466.325862 -1466.326404 -1466.327257 -1466.328621 -1466.330840 -1466.334516 -1466.340741 -1466.351567 -1466.370959 -1466.406750 -1466.474681 -1466.607038 -1466.872583 -1467.427537 -1468.656551 -1471.582930 -1479.226871 -1502.616832 -9999.0 -9999.0
-9999.0 -9999.0 628.237454 532.862987 436.377708 339.213017 241.738192 144.130294 46.476520 -51.168263 -148.780694 -246.318408 -343.694216 -440.719173 -537.089722 -632.421683 -727.208352 -822.246956 -916.790361 -1010.606590 -1100.313473 -1180.608492 -1250.321746 -1307.757935 -1352.859636 -1386.856747 -1411.647398 -1429.250747 -1441.482862 -1449.830831 -1455.443339 -1459.171103 -1461.623698 -1463.226229 -1464.268895 -1464.948528 -1465.405577 -1465.778721 -1466.417965 -1468.942384 -1480.397987 -1531.016760 -1979.718124 -4288.521110 -4304.543536 -4266.896324 -4235.632074 -4230.839420 -4230.348639 -4230.399918 -4230.527539 -4230.663967 -4230.794723 -4230.915551 -4231.027087 -4231.152638 -4231.524363 -4234.162832 -4251.736097 -4281.225647 -4244.248880 -1790.325667 -1497.790722 -1473.777613 -1467.701132 -1466.538505 -1466.352660 -1466.324512 -1466.320811 -1466.321056 -1466.321848 -1466.322574 -1466.323148 -1466.323587 -1466.323925 -1466.324188 -1466.324396 -1466.324565 -1466.324707 -1466.324834 -1466.324958 -1466.325096 -1466.325269 -1466.325509 -1466.325862 -1466.326404 -1466.327257 -1466.328621 -1466.330840 -1466.334516 -1466.340741 -1466.351567 -1466.370959 -1466.406750 -1466.474681 -1466.607038 -1466.872583 -1467.427537 -1468.656551 -1471.582930 -1479.226871 -1502.616832 -9999.0 -9999.0
-9999.0 -9999.0 628.237454 532.862987 436.377708 339.213017 241.738192 144.130294 46.476520 -51.168263 -148.780694 -246.318408 -343.694216 -440.719173 -537.089722 -632.421683 -727.208352 -822.246956 -916.790361 -1010.606590 -1100.313473 -1180.608492 -1250.321746 -1307.757935 -1352.859636 -1386.856747 -1411.647398 -1429.250747 -1441.482862 -1449.830831 -1455.443339 -1459.171103 -1461.623698 -1463.226229 -1464.268895 -1464.948528 -1465.405577 -1465.778721 -1466.417965 -1468.942384 -1480.397987 -1531.016760 -1979.718124 -4288.521110 -4304.543536 -4266.896324 -4235.632074 -4230.839420 -4230.348639 -4230.399918 -4230.527539 -4230.663967 -4230.794723 -4230.915551 -4231.027087 -4231.152638 -4231.524363 -4234.162832 -4251.736097 -4281.225647 -4244.248880 -1790.325667 -1497.790722 -1473.777613 -1467.701132 -1466.538505 -1466.352660 -1466.324512 -1466.320811 -1466.321056 -1466.321848 -1466.322574 -1466.323148 -1466.323587 -1466.323925 -1466.324188 -1466.324396 -1466.324565 -1466.324707 -1466.324834 -1466.324958 -1466.325096 -1466.325269 -1466.325509 -1466.325862 -1466.326404 -1466.327257 -1466.328621 -1466.330840 -1466.334516 -1466.340741 -1466.351567 -1466.370959 -1466.406750 -1466.474681 -1466.607038 -1466.872583 -1467.427537 -1468.656551 -1471.582930 -1479.226871 -1502.616832 -9999.0 -9999.0
-9999.0 -9999.0 628.235950 532.862201 436.377388 339.212898 241.738149 144.130279 46.476515 -51.168265 -148.780695 -246.318408 -343.694216 -440.719173 -537.089722 -632.421683 -727.208352 -822.246956 -916.790361 -1010.606590 -1100.313473 -1180.608492 -1250.321746 -1307.757935 -1352.859636 -1386.856747 -1411.647398 -1429.250747 -1441.482862 -1449.830831 -1455.443339 -1459.171103 -1461.623698 -1463.226229 -1464.268895 -1464.948528 -1465.405577 -1465.778721 -1466.417965 -1468.942384 -1480.397987 -1531.016760 -1979.718124 -4288.521110 -4304.543536 -4266.896324 -4235.632074 -4230.839420 -4230.348639 -4230.399918 -4230.527539 -4230.663967 -4230.794723 -4230.915551 -4231.027087 -4231.152638 -4231.524363 -4234.162832 -4251.736097 -4281.225647 -4244.248880 -1790.325667 -1497.790722 -1473.777613 -1467.701132 -1466.538505 -1466.352660 -1466.324512 -1466.320811 -1466.321056 -1466.321848 -1466.322574 -1466.323148 -1466.323587 -1466.323925 -1466.324188 -1466.324396 -1466.324565 -1466.324707 -1466.324834 -1466.324958 -1466.325096 -1466.325269 -1466.325509 -1466.325862 -1466.326404 -1466.327257 -1466.328621 -1466.330840 -1466.334516 -1466.340741 -1466.351567 -1466.370959 -1466.406750 -1466.474681 -1466.607038 -1466.872583 -1467.427537 -1468.656551 -1471.582930 -1479.226871 -1502.616832 -9999.0 -9999.0
-9999.0 -9999.0 628.230658 532.860546 436.376902 339.212748 241.738100 144.130262 46.476509 -51.168268 -148.780696 -246.318408 -343.694217 -440.719173 -537.089722 -632.421683 -727.208352 -822.246956 -916.790360 -1010.606590 -1100.313473 -1180.608492 -1250.321746 -1307.757935 -1352.859636 -1386.856747 -1411.647398 -1429.250747 -1441.482861 -1449.830831 -1455.443339 -1459.171103 -1461.623698 -1463.226229 -1464.268895 -1464.948528 -1465.405577 -1465.778721 -1466.417965 -1468.942384 -1480.397987 -1531.016760 -1979.718125 -4288.521111 -4304.543536 -4266.896326 -4235.632074 -4230.839420 -4230.348639 -4230.399918 -4230.527539 -4230.663967 -4230.794723 -4230.915551 -4231.027087 -4231.152638 -4231.524363 -4234.162832 -4251.736097 -4281.225647 -4244.248880 -1790.325667 -1497.790722 -1473.777613 -1467.701132 -1466.538505 -1466.352660 -1466.324512 -1466.320811 -1466.321056 -1466.321848 -1466.322574 -1466.323148 -1466.323587 -1466.323925 -1466.324188 -1466.324396 -1466.324565 -1466.324707 -1466.324834 -1466.324958 -1466.325096 -1466.325269 -1466.325509 -1466.325862 -1466.326404 -1466.327257 -1466.328621 -1466.330840 -1466.334516 -1466.340741 -1466.351567 -1466.370959 -1466.406750 -1466.474681 -1466.607038 -1466.872583 -1467.427537 -1468.656551 -1471.582930 -1479.226871 -1502.616832 -9999.0 -9999.0
-9999.0 -9999.0 -9999.0 -9999.0 -9999.0 -9999.0 -9999.0 -9999.0 -9999.0 -9999.0 -9999.0 -9999.0 -9999.0 -9999.0 -9999.0 -9999.0 -9999.0 -9999.0 -9999.0 -9999.0 -9999.0 -9999.0 -9999.0 -9999.0 -9999.0 -9999.0 -9999.0 -9999.0 -9999.0 -9999.0 -9999.0 -9999.0 -9999.0 -9999.0 -9999.0 -9999.0 -9999.0 -9999.0 -9999.0 -9999.0 -9999.0 -9999.0 -9999.0 -9999.0 -9999.0 -9999.0 -9999.0 -9999.0 -9999.0 -9999.0 -9999.0 -9999.0 -9999.0 -9999.0 -9999.0 -9999.0 -9999.0 -9999.0 -9999.0 -9999.0 -9999.0 -9999.0 -9999.0 -9999.0 -9999.0 -9999.0 -9999.0 -9999.0 -9999.0 -9999.0 -9999.0 -9999.0 -9999.0 -9999.0 -9999.0 -9999.0 -9999.0 -9999.0 -9999.0 -9999.0 -9999.0 -9999.0 -9999.0 -9999.0 -9999.0 -9999.0 -9999.0 -9999.0 -9999.0 -9999.0 -9999.0 -9999.0 -9999.0 -9999.0 -9999.0 -9999.0 -9999.0 -9999.0 -9999.0 -9999.0 -9999.0 -9999.0 -9999.0 -9999.0
-9999.0 -9999.0 -9999.0 -9999.0 -9999.0 -9999.0 -9999.0 -9999.0 -9999.0 -9999.0 -9999.0 -9999.0 -9999.0 -9999.0 -9999.0 -9999.0 -9999.0 -9999.0 -9999.0 -9999.0 -9999.0 -9999.0 -9999.0 -9999.0 -9999.0 -9999.0 -9999.0 -9999.0 -9999.0 -9999.0 -9999.0 -9999.0 -9999.0 -9999.0 -9999.0 -9999.0 -9999.0 -9999.0 -9999.0 -9999.0 -9999.0 -9999.0 -9999.0 -9999.0 -9999.0 -9999.0 -9999.0 -9999.0 -9999.0 -9999.0 -9999.0 -9999.0 -9999.0 -9999.0 -9999.0 -9999.0 -9999.0 -9999.0 -9999.0 -9999.0 -9999.0 -9999.0 -9999.0 -9999.0 -9999.0 -9999.0 -9999.0 -9999.0 -9999.0 -9999.0 -9999.0 -9999.0 -9999.0 -9999.0 -9999.0 -9999.0 -9999.0 -9999.0 -9999.0 -9999.0 -9999.0 -9999.0 -9999.0 -9999.0 -9999.0 -9999.0 -9999.0 -9999.0 -9999.0 -9999.0 -9999.0 -9999.0 -9999.0 -9999.0 -9999.0 -9999.0 -9999.0 -9999.0 -9999.0 -9999.0 -9999.0 -9999.0 -9999.0 -9999.0