inst/processing_geotop_simulation/geotop_simulation/out/maps3D/PwL0006N0266.asc
ncols         104
nrows         10
xllcorner     -2.000000
yllcorner     0.000000
cellsize      1.000000
NODATA_value  -9999.0
-9999.0 -9999.0 -9999.0 -9999.0 -9999.0 -9999.0 -9999.0 -9999.0 -9999.0 -9999.0 -9999.0 -9999.0 -9999.0 -9999.0 -9999.0 -9999.0 -9999.0 -9999.0 -9999.0 -9999.0 -9999.0 -9999.0 -9999.0 -9999.0 -9999.0 -9999.0 -9999.0 -9999.0 -9999.0 -9999.0 -9999.0 -9999.0 -9999.0 -9999.0 -9999.0 -9999.0 -9999.0 -9999.0 -9999.0 -9999.0 -9999.0 -9999.0 -9999.0 -9999.0 -9999.0 -9999.0 -9999.0 -9999.0 -9999.0 -9999.0 -9999.0 -9999.0 -9999.0 -9999.0 -9999.0 -9999.0 -9999.0 -9999.0 -9999.0 -9999.0 -9999.0 -9999.0 -9999.0 -9999.0 -9999.0 -9999.0 -9999.0 -9999.0 -9999.0 -9999.0 -9999.0 -9999.0 -9999.0 -9999.0 -9999.0 -9999.0 -9999.0 -9999.0 -9999.0 -9999.0 -9999.0 -9999.0 -9999.0 -9999.0 -9999.0 -9999.0 -9999.0 -9999.0 -9999.0 -9999.0 -9999.0 -9999.0 -9999.0 -9999.0 -9999.0 -9999.0 -9999.0 -9999.0 -9999.0 -9999.0 -9999.0 -9999.0 -9999.0 -9999.0
-9999.0 -9999.0 -9999.0 -9999.0 -9999.0 -9999.0 -9999.0 -9999.0 -9999.0 -9999.0 -9999.0 -9999.0 -9999.0 -9999.0 -9999.0 -9999.0 -9999.0 -9999.0 -9999.0 -9999.0 -9999.0 -9999.0 -9999.0 -9999.0 -9999.0 -9999.0 -9999.0 -9999.0 -9999.0 -9999.0 -9999.0 -9999.0 -9999.0 -9999.0 -9999.0 -9999.0 -9999.0 -9999.0 -9999.0 -9999.0 -9999.0 -9999.0 -9999.0 -9999.0 -9999.0 -9999.0 -9999.0 -9999.0 -9999.0 -9999.0 -9999.0 -9999.0 -9999.0 -9999.0 -9999.0 -9999.0 -9999.0 -9999.0 -9999.0 -9999.0 -9999.0 -9999.0 -9999.0 -9999.0 -9999.0 -9999.0 -9999.0 -9999.0 -9999.0 -9999.0 -9999.0 -9999.0 -9999.0 -9999.0 -9999.0 -9999.0 -9999.0 -9999.0 -9999.0 -9999.0 -9999.0 -9999.0 -9999.0 -9999.0 -9999.0 -9999.0 -9999.0 -9999.0 -9999.0 -9999.0 -9999.0 -9999.0 -9999.0 -9999.0 -9999.0 -9999.0 -9999.0 -9999.0 -9999.0 -9999.0 -9999.0 -9999.0 -9999.0 -9999.0
-9999.0 -9999.0 276.467616 180.510746 82.862103 -15.355753 -113.792774 -212.319294 -310.862023 -409.368591 -507.771519 -605.908798 -703.450399 -800.772142 -897.825555 -994.848723 -1091.731102 -1186.611567 -1279.379202 -1368.866141 -1452.321478 -1525.968608 -1587.034046 -1634.905601 -1670.811188 -1696.888718 -1715.402826 -1728.331003 -1737.240110 -1743.309882 -1747.403746 -1750.141018 -1751.958216 -1753.158028 -1753.947555 -1754.468866 -1754.827542 -1755.144323 -1755.762051 -1758.050125 -1765.068279 -1752.785116 -1144.482398 -1171.742192 -1152.966827 -1140.927702 -1135.318086 -1134.508251 -1134.423549 -1134.432490 -1134.454966 -1134.479091 -1134.502269 -1134.523728 -1134.543622 -1134.566559 -1134.636678 -1135.112613 -1138.066040 -1144.689219 -1153.974823 -1114.118749 -1726.621701 -1758.929056 -1756.723851 -1755.765017 -1755.578013 -1755.547616 -1755.543370 -1755.543383 -1755.544011 -1755.544612 -1755.545092 -1755.545460 -1755.545742 -1755.545962 -1755.546137 -1755.546278 -1755.546397 -1755.546504 -1755.546608 -1755.546725 -1755.546873 -1755.547077 -1755.547380 -1755.547844 -1755.548575 -1755.549746 -1755.551653 -1755.554819 -1755.560194 -1755.569566 -1755.586399 -1755.617545 -1755.676792 -1755.792485 -1756.025200 -1756.513012 -1757.597692 -1760.209078 -1767.254315 -1790.026280 -9999.0 -9999.0
-9999.0 -9999.0 276.476126 180.512703 82.862615 -15.355602 -113.792726 -212.319278 -310.862017 -409.368589 -507.771518 -605.908797 -703.450399 -800.772142 -897.825555 -994.848723 -1091.731102 -1186.611567 -1279.379202 -1368.866141 -1452.321478 -1525.968608 -1587.034046 -1634.905602 -1670.811188 -1696.888718 -1715.402826 -1728.331003 -1737.240110 -1743.309882 -1747.403746 -1750.141018 -1751.958216 -1753.158028 -1753.947555 -1754.468866 -1754.827542 -1755.144323 -1755.762051 -1758.050125 -1765.068279 -1752.785116 -1144.482398 -1171.742192 -1152.966827 -1140.927702 -1135.318086 -1134.508251 -1134.423549 -1134.432490 -1134.454966 -1134.479091 -1134.502269 -1134.523728 -1134.543622 -1134.566559 -1134.636678 -1135.112613 -1138.066040 -1144.689219 -1153.974823 -1114.118749 -1726.621701 -1758.929056 -1756.723851 -1755.765017 -1755.578013 -1755.547616 -1755.543370 -1755.543383 -1755.544011 -1755.544612 -1755.545092 -1755.545460 -1755.545742 -1755.545962 -1755.546137 -1755.546278 -1755.546397 -1755.546504 -1755.546608 -1755.546725 -1755.546873 -1755.547077 -1755.547380 -1755.547844 -1755.548575 -1755.549746 -1755.551653 -1755.554819 -1755.560194 -1755.569566 -1755.586399 -1755.617545 -1755.676792 -1755.792485 -1756.025200 -1756.513012 -1757.597692 -1760.209078 -1767.254315 -1790.026280 -9999.0 -9999.0
-9999.0 -9999.0 276.477601 180.513521 82.862940 -15.355484 -113.792684 -212.319263 -310.862011 -409.368587 -507.771517 -605.908797 -703.450399 -800.772142 -897.825555 -994.848723 -1091.731102 -1186.611567 -1279.379202 -1368.866141 -1452.321479 -1525.968608 -1587.034046 -1634.905602 -1670.811188 -1696.888718 -1715.402826 -1728.331003 -1737.240110 -1743.309882 -1747.403746 -1750.141018 -1751.958216 -1753.158028 -1753.947555 -1754.468866 -1754.827542 -1755.144323 -1755.762051 -1758.050125 -1765.068279 -1752.785116 -1144.482398 -1171.742192 -1152.966827 -1140.927701 -1135.318086 -1134.508251 -1134.423549 -1134.432490 -1134.454966 -1134.479091 -1134.502269 -1134.523728 -1134.543622 -1134.566559 -1134.636678 -1135.112613 -1138.066040 -1144.689219 -1153.974823 -1114.118749 -1726.621701 -1758.929056 -1756.723851 -1755.765017 -1755.578013 -1755.547616 -1755.543370 -1755.543383 -1755.544011 -1755.544612 -1755.545092 -1755.545460 -1755.545742 -1755.545962 -1755.546137 -1755.546278 -1755.546397 -1755.546504 -1755.546608 -1755.546725 -1755.546873 -1755.547077 -1755.547380 -1755.547844 -1755.548575 -1755.549746 -1755.551653 -1755.554819 -1755.560194 -1755.569566 -1755.586399 -1755.617545 -1755.676792 -1755.792485 -1756.025200 -1756.513012 -1757.597692 -1760.209078 -1767.254315 -1790.026280 -9999.0 -9999.0
-9999.0 -9999.0 276.477601 180.513521 82.862940 -15.355484 -113.792684 -212.319263 -310.862011 -409.368587 -507.771517 -605.908797 -703.450399 -800.772142 -897.825555 -994.848723 -1091.731102 -1186.611567 -1279.379202 -1368.866141 -1452.321479 -1525.968608 -1587.034046 -1634.905602 -1670.811188 -1696.888718 -1715.402826 -1728.331003 -1737.240110 -1743.309882 -1747.403746 -1750.141018 -1751.958216 -1753.158028 -1753.947555 -1754.468866 -1754.827542 -1755.144323 -1755.762051 -1758.050125 -1765.068279 -1752.785116 -1144.482398 -1171.742192 -1152.966827 -1140.927701 -1135.318086 -1134.508251 -1134.423549 -1134.432490 -1134.454966 -1134.479091 -1134.502269 -1134.523728 -1134.543622 -1134.566559 -1134.636678 -1135.112613 -1138.066040 -1144.689219 -1153.974823 -1114.118749 -1726.621701 -1758.929056 -1756.723851 -1755.765017 -1755.578013 -1755.547616 -1755.543370 -1755.543383 -1755.544011 -1755.544612 -1755.545092 -1755.545460 -1755.545742 -1755.545962 -1755.546137 -1755.546278 -1755.546397 -1755.546504 -1755.546608 -1755.546725 -1755.546873 -1755.547077 -1755.547380 -1755.547844 -1755.548575 -1755.549746 -1755.551653 -1755.554819 -1755.560194 -1755.569566 -1755.586399 -1755.617545 -1755.676792 -1755.792485 -1756.025200 -1756.513012 -1757.597692 -1760.209078 -1767.254315 -1790.026280 -9999.0 -9999.0
-9999.0 -9999.0 276.476126 180.512703 82.862615 -15.355602 -113.792726 -212.319278 -310.862017 -409.368589 -507.771518 -605.908797 -703.450399 -800.772142 -897.825555 -994.848723 -1091.731102 -1186.611567 -1279.379202 -1368.866141 -1452.321478 -1525.968608 -1587.034046 -1634.905602 -1670.811188 -1696.888718 -1715.402826 -1728.331003 -1737.240110 -1743.309882 -1747.403746 -1750.141018 -1751.958216 -1753.158028 -1753.947555 -1754.468866 -1754.827542 -1755.144323 -1755.762051 -1758.050125 -1765.068279 -1752.785116 -1144.482398 -1171.742192 -1152.966827 -1140.927702 -1135.318086 -1134.508251 -1134.423549 -1134.432490 -1134.454966 -1134.479091 -1134.502269 -1134.523728 -1134.543622 -1134.566559 -1134.636678 -1135.112613 -1138.066040 -1144.689219 -1153.974823 -1114.118749 -1726.621701 -1758.929056 -1756.723851 -1755.765017 -1755.578013 -1755.547616 -1755.543370 -1755.543383 -1755.544011 -1755.544612 -1755.545092 -1755.545460 -1755.545742 -1755.545962 -1755.546137 -1755.546278 -1755.546397 -1755.546504 -1755.546608 -1755.546725 -1755.546873 -1755.547077 -1755.547380 -1755.547844 -1755.548575 -1755.549746 -1755.551653 -1755.554819 -1755.560194 -1755.569566 -1755.586399 -1755.617545 -1755.676792 -1755.792485 -1756.025200 -1756.513012 -1757.597692 -1760.209078 -1767.254315 -1790.026280 -9999.0 -9999.0
-9999.0 -9999.0 276.467616 180.510746 82.862103 -15.355753 -113.792774 -212.319294 -310.862023 -409.368591 -507.771519 -605.908798 -703.450399 -800.772142 -897.825555 -994.848723 -1091.731102 -1186.611567 -1279.379202 -1368.866141 -1452.321478 -1525.968608 -1587.034046 -1634.905601 -1670.811188 -1696.888718 -1715.402826 -1728.331003 -1737.240110 -1743.309882 -1747.403746 -1750.141018 -1751.958216 -1753.158028 -1753.947555 -1754.468866 -1754.827542 -1755.144323 -1755.762051 -1758.050125 -1765.068279 -1752.785116 -1144.482398 -1171.742192 -1152.966827 -1140.927702 -1135.318086 -1134.508251 -1134.423549 -1134.432490 -1134.454966 -1134.479091 -1134.502269 -1134.523728 -1134.543622 -1134.566559 -1134.636678 -1135.112613 -1138.066040 -1144.689219 -1153.974823 -1114.118749 -1726.621701 -1758.929056 -1756.723851 -1755.765017 -1755.578013 -1755.547616 -1755.543370 -1755.543383 -1755.544011 -1755.544612 -1755.545092 -1755.545460 -1755.545742 -1755.545962 -1755.546137 -1755.546278 -1755.546397 -1755.546504 -1755.546608 -1755.546725 -1755.546873 -1755.547077 -1755.547380 -1755.547844 -1755.548575 -1755.549746 -1755.551653 -1755.554819 -1755.560194 -1755.569566 -1755.586399 -1755.617545 -1755.676792 -1755.792485 -1756.025200 -1756.513012 -1757.597692 -1760.209078 -1767.254315 -1790.026280 -9999.0 -9999.0
-9999.0 -9999.0 -9999.0 -9999.0 -9999.0 -9999.0 -9999.0 -9999.0 -9999.0 -9999.0 -9999.0 -9999.0 -9999.0 -9999.0 -9999.0 -9999.0 -9999.0 -9999.0 -9999.0 -9999.0 -9999.0 -9999.0 -9999.0 -9999.0 -9999.0 -9999.0 -9999.0 -9999.0 -9999.0 -9999.0 -9999.0 -9999.0 -9999.0 -9999.0 -9999.0 -9999.0 -9999.0 -9999.0 -9999.0 -9999.0 -9999.0 -9999.0 -9999.0 -9999.0 -9999.0 -9999.0 -9999.0 -9999.0 -9999.0 -9999.0 -9999.0 -9999.0 -9999.0 -9999.0 -9999.0 -9999.0 -9999.0 -9999.0 -9999.0 -9999.0 -9999.0 -9999.0 -9999.0 -9999.0 -9999.0 -9999.0 -9999.0 -9999.0 -9999.0 -9999.0 -9999.0 -9999.0 -9999.0 -9999.0 -9999.0 -9999.0 -9999.0 -9999.0 -9999.0 -9999.0 -9999.0 -9999.0 -9999.0 -9999.0 -9999.0 -9999.0 -9999.0 -9999.0 -9999.0 -9999.0 -9999.0 -9999.0 -9999.0 -9999.0 -9999.0 -9999.0 -9999.0 -9999.0 -9999.0 -9999.0 -9999.0 -9999.0 -9999.0 -9999.0
-9999.0 -9999.0 -9999.0 -9999.0 -9999.0 -9999.0 -9999.0 -9999.0 -9999.0 -9999.0 -9999.0 -9999.0 -9999.0 -9999.0 -9999.0 -9999.0 -9999.0 -9999.0 -9999.0 -9999.0 -9999.0 -9999.0 -9999.0 -9999.0 -9999.0 -9999.0 -9999.0 -9999.0 -9999.0 -9999.0 -9999.0 -9999.0 -9999.0 -9999.0 -9999.0 -9999.0 -9999.0 -9999.0 -9999.0 -9999.0 -9999.0 -9999.0 -9999.0 -9999.0 -9999.0 -9999.0 -9999.0 -9999.0 -9999.0 -9999.0 -9999.0 -9999.0 -9999.0 -9999.0 -9999.0 -9999.0 -9999.0 -9999.0 -9999.0 -9999.0 -9999.0 -9999.0 -9999.0 -9999.0 -9999.0 -9999.0 -9999.0 -9999.0 -9999.0 -9999.0 -9999.0 -9999.0 -9999.0 -9999.0 -9999.0 -9999.0 -9999.0 -9999.0 -9999.0 -9999.0 -9999.0 -9999.0 -9999.0 -9999.0 -9999.0 -9999.0 -9999.0 -9999.0 -9999.0 -9999.0 -9999.0 -9999.0 -9999.0 -9999.0 -9999.0 -9999.0 -9999.0 -9999.0 -9999.0 -9999.0 -9999.0 -9999.0 -9999.0 -9999.0