inst/processing_geotop_simulation/geotop_simulation/out/maps3D/PwL0009N0049.asc
ncols         104
nrows         10
xllcorner     -2.000000
yllcorner     0.000000
cellsize      1.000000
NODATA_value  -9999.0
-9999.0 -9999.0 -9999.0 -9999.0 -9999.0 -9999.0 -9999.0 -9999.0 -9999.0 -9999.0 -9999.0 -9999.0 -9999.0 -9999.0 -9999.0 -9999.0 -9999.0 -9999.0 -9999.0 -9999.0 -9999.0 -9999.0 -9999.0 -9999.0 -9999.0 -9999.0 -9999.0 -9999.0 -9999.0 -9999.0 -9999.0 -9999.0 -9999.0 -9999.0 -9999.0 -9999.0 -9999.0 -9999.0 -9999.0 -9999.0 -9999.0 -9999.0 -9999.0 -9999.0 -9999.0 -9999.0 -9999.0 -9999.0 -9999.0 -9999.0 -9999.0 -9999.0 -9999.0 -9999.0 -9999.0 -9999.0 -9999.0 -9999.0 -9999.0 -9999.0 -9999.0 -9999.0 -9999.0 -9999.0 -9999.0 -9999.0 -9999.0 -9999.0 -9999.0 -9999.0 -9999.0 -9999.0 -9999.0 -9999.0 -9999.0 -9999.0 -9999.0 -9999.0 -9999.0 -9999.0 -9999.0 -9999.0 -9999.0 -9999.0 -9999.0 -9999.0 -9999.0 -9999.0 -9999.0 -9999.0 -9999.0 -9999.0 -9999.0 -9999.0 -9999.0 -9999.0 -9999.0 -9999.0 -9999.0 -9999.0 -9999.0 -9999.0 -9999.0 -9999.0
-9999.0 -9999.0 -9999.0 -9999.0 -9999.0 -9999.0 -9999.0 -9999.0 -9999.0 -9999.0 -9999.0 -9999.0 -9999.0 -9999.0 -9999.0 -9999.0 -9999.0 -9999.0 -9999.0 -9999.0 -9999.0 -9999.0 -9999.0 -9999.0 -9999.0 -9999.0 -9999.0 -9999.0 -9999.0 -9999.0 -9999.0 -9999.0 -9999.0 -9999.0 -9999.0 -9999.0 -9999.0 -9999.0 -9999.0 -9999.0 -9999.0 -9999.0 -9999.0 -9999.0 -9999.0 -9999.0 -9999.0 -9999.0 -9999.0 -9999.0 -9999.0 -9999.0 -9999.0 -9999.0 -9999.0 -9999.0 -9999.0 -9999.0 -9999.0 -9999.0 -9999.0 -9999.0 -9999.0 -9999.0 -9999.0 -9999.0 -9999.0 -9999.0 -9999.0 -9999.0 -9999.0 -9999.0 -9999.0 -9999.0 -9999.0 -9999.0 -9999.0 -9999.0 -9999.0 -9999.0 -9999.0 -9999.0 -9999.0 -9999.0 -9999.0 -9999.0 -9999.0 -9999.0 -9999.0 -9999.0 -9999.0 -9999.0 -9999.0 -9999.0 -9999.0 -9999.0 -9999.0 -9999.0 -9999.0 -9999.0 -9999.0 -9999.0 -9999.0 -9999.0
-9999.0 -9999.0 -830.194846 -856.595053 -867.498745 -873.770717 -877.729567 -880.141630 -881.373342 -879.105935 -858.575044 -830.156393 -803.033677 -774.611735 -772.790021 -797.183585 -819.261352 -841.603414 -838.091376 -812.858930 -798.957293 -794.858347 -797.885938 -805.672737 -816.301050 -828.199272 -840.038089 -850.779720 -859.786372 -866.844349 -872.066397 -875.748070 -878.242167 -879.875142 -880.909559 -881.539360 -881.917515 -882.242505 -882.667424 -882.587661 -884.463788 -928.431672 -2293.776427 -4400.057794 -4149.564295 -3880.942422 -3727.483122 -3708.751277 -3706.845500 -3706.866439 -3707.124875 -3707.408960 -3707.681802 -3707.934340 -3708.171187 -3708.473810 -3709.657118 -3719.111415 -3796.152956 -3955.243535 -4177.859307 -2139.784802 -913.531279 -885.883040 -883.454283 -882.875272 -882.742778 -882.721057 -882.722775 -882.728352 -882.733574 -882.737698 -882.740806 -882.743142 -882.744919 -882.746294 -882.747382 -882.748254 -882.748972 -882.749594 -882.750186 -882.750821 -882.751599 -882.752658 -882.754207 -882.756566 -882.760252 -882.766100 -882.775498 -882.790805 -882.816165 -882.859104 -882.933793 -883.067736 -883.315383 -883.785248 -884.692468 -886.459858 -889.925623 -896.857352 -911.425968 -943.771870 -9999.0 -9999.0
-9999.0 -9999.0 -830.194782 -856.594977 -867.498689 -873.770691 -877.729560 -880.141630 -881.373343 -879.105936 -858.575044 -830.156393 -803.033677 -774.611735 -772.790021 -797.183585 -819.261352 -841.603414 -838.091376 -812.858930 -798.957293 -794.858347 -797.885938 -805.672737 -816.301050 -828.199272 -840.038089 -850.779720 -859.786372 -866.844349 -872.066397 -875.748070 -878.242167 -879.875142 -880.909559 -881.539360 -881.917515 -882.242505 -882.667424 -882.587661 -884.463788 -928.431672 -2293.776426 -4400.057793 -4149.564291 -3880.942411 -3727.483122 -3708.751277 -3706.845500 -3706.866439 -3707.124875 -3707.408960 -3707.681802 -3707.934340 -3708.171187 -3708.473810 -3709.657118 -3719.111415 -3796.152956 -3955.243535 -4177.859307 -2139.784802 -913.531279 -885.883040 -883.454283 -882.875272 -882.742778 -882.721057 -882.722775 -882.728352 -882.733574 -882.737698 -882.740806 -882.743142 -882.744919 -882.746294 -882.747382 -882.748254 -882.748972 -882.749594 -882.750186 -882.750821 -882.751599 -882.752658 -882.754207 -882.756566 -882.760252 -882.766100 -882.775498 -882.790805 -882.816165 -882.859104 -882.933793 -883.067736 -883.315383 -883.785248 -884.692468 -886.459858 -889.925623 -896.857352 -911.425968 -943.771870 -9999.0 -9999.0
-9999.0 -9999.0 -830.194751 -856.594934 -867.498652 -873.770672 -877.729554 -880.141630 -881.373345 -879.105937 -858.575044 -830.156393 -803.033677 -774.611735 -772.790021 -797.183585 -819.261352 -841.603414 -838.091376 -812.858930 -798.957293 -794.858347 -797.885938 -805.672737 -816.301050 -828.199272 -840.038089 -850.779720 -859.786372 -866.844349 -872.066397 -875.748070 -878.242167 -879.875142 -880.909559 -881.539360 -881.917515 -882.242505 -882.667424 -882.587661 -884.463788 -928.431672 -2293.776426 -4400.057793 -4149.564290 -3880.942407 -3727.483122 -3708.751277 -3706.845500 -3706.866439 -3707.124875 -3707.408960 -3707.681802 -3707.934340 -3708.171187 -3708.473810 -3709.657118 -3719.111415 -3796.152956 -3955.243535 -4177.859307 -2139.784802 -913.531279 -885.883040 -883.454283 -882.875272 -882.742778 -882.721057 -882.722775 -882.728352 -882.733574 -882.737698 -882.740806 -882.743142 -882.744919 -882.746294 -882.747382 -882.748254 -882.748972 -882.749594 -882.750186 -882.750821 -882.751599 -882.752658 -882.754207 -882.756566 -882.760252 -882.766100 -882.775498 -882.790805 -882.816165 -882.859104 -882.933793 -883.067736 -883.315383 -883.785248 -884.692468 -886.459858 -889.925623 -896.857352 -911.425968 -943.771870 -9999.0 -9999.0
-9999.0 -9999.0 -830.194750 -856.594934 -867.498652 -873.770672 -877.729554 -880.141630 -881.373345 -879.105937 -858.575044 -830.156393 -803.033677 -774.611735 -772.790021 -797.183585 -819.261352 -841.603414 -838.091376 -812.858930 -798.957293 -794.858347 -797.885938 -805.672737 -816.301050 -828.199272 -840.038089 -850.779720 -859.786372 -866.844349 -872.066397 -875.748070 -878.242167 -879.875142 -880.909559 -881.539360 -881.917515 -882.242505 -882.667424 -882.587661 -884.463788 -928.431672 -2293.776426 -4400.057793 -4149.564290 -3880.942407 -3727.483122 -3708.751277 -3706.845500 -3706.866439 -3707.124875 -3707.408960 -3707.681802 -3707.934340 -3708.171187 -3708.473810 -3709.657118 -3719.111415 -3796.152956 -3955.243535 -4177.859307 -2139.784802 -913.531279 -885.883040 -883.454283 -882.875272 -882.742778 -882.721057 -882.722775 -882.728352 -882.733574 -882.737698 -882.740806 -882.743142 -882.744919 -882.746294 -882.747382 -882.748254 -882.748972 -882.749594 -882.750186 -882.750821 -882.751599 -882.752658 -882.754207 -882.756566 -882.760252 -882.766100 -882.775498 -882.790805 -882.816165 -882.859104 -882.933793 -883.067736 -883.315383 -883.785248 -884.692468 -886.459858 -889.925623 -896.857352 -911.425968 -943.771870 -9999.0 -9999.0
-9999.0 -9999.0 -830.194782 -856.594977 -867.498689 -873.770691 -877.729560 -880.141630 -881.373343 -879.105936 -858.575044 -830.156393 -803.033677 -774.611735 -772.790021 -797.183585 -819.261352 -841.603414 -838.091376 -812.858930 -798.957293 -794.858347 -797.885938 -805.672737 -816.301050 -828.199272 -840.038089 -850.779720 -859.786372 -866.844349 -872.066397 -875.748070 -878.242167 -879.875142 -880.909559 -881.539360 -881.917515 -882.242505 -882.667424 -882.587661 -884.463788 -928.431672 -2293.776426 -4400.057793 -4149.564291 -3880.942412 -3727.483122 -3708.751277 -3706.845500 -3706.866439 -3707.124875 -3707.408960 -3707.681802 -3707.934340 -3708.171187 -3708.473810 -3709.657118 -3719.111415 -3796.152956 -3955.243535 -4177.859307 -2139.784802 -913.531279 -885.883040 -883.454283 -882.875272 -882.742778 -882.721057 -882.722775 -882.728352 -882.733574 -882.737698 -882.740806 -882.743142 -882.744919 -882.746294 -882.747382 -882.748254 -882.748972 -882.749594 -882.750186 -882.750821 -882.751599 -882.752658 -882.754207 -882.756566 -882.760252 -882.766100 -882.775498 -882.790805 -882.816165 -882.859104 -882.933793 -883.067736 -883.315383 -883.785248 -884.692468 -886.459858 -889.925623 -896.857352 -911.425968 -943.771870 -9999.0 -9999.0
-9999.0 -9999.0 -830.194846 -856.595053 -867.498745 -873.770717 -877.729567 -880.141630 -881.373342 -879.105935 -858.575044 -830.156393 -803.033677 -774.611735 -772.790021 -797.183585 -819.261352 -841.603414 -838.091376 -812.858930 -798.957293 -794.858347 -797.885938 -805.672737 -816.301050 -828.199272 -840.038089 -850.779720 -859.786372 -866.844349 -872.066397 -875.748070 -878.242167 -879.875142 -880.909559 -881.539360 -881.917515 -882.242505 -882.667424 -882.587661 -884.463788 -928.431672 -2293.776427 -4400.057794 -4149.564295 -3880.942422 -3727.483122 -3708.751277 -3706.845500 -3706.866439 -3707.124875 -3707.408960 -3707.681802 -3707.934340 -3708.171187 -3708.473810 -3709.657118 -3719.111415 -3796.152956 -3955.243535 -4177.859307 -2139.784802 -913.531279 -885.883040 -883.454283 -882.875272 -882.742778 -882.721057 -882.722775 -882.728352 -882.733574 -882.737698 -882.740806 -882.743142 -882.744919 -882.746294 -882.747382 -882.748254 -882.748972 -882.749594 -882.750186 -882.750821 -882.751599 -882.752658 -882.754207 -882.756566 -882.760252 -882.766100 -882.775498 -882.790805 -882.816165 -882.859104 -882.933793 -883.067736 -883.315383 -883.785248 -884.692468 -886.459858 -889.925623 -896.857352 -911.425968 -943.771870 -9999.0 -9999.0
-9999.0 -9999.0 -9999.0 -9999.0 -9999.0 -9999.0 -9999.0 -9999.0 -9999.0 -9999.0 -9999.0 -9999.0 -9999.0 -9999.0 -9999.0 -9999.0 -9999.0 -9999.0 -9999.0 -9999.0 -9999.0 -9999.0 -9999.0 -9999.0 -9999.0 -9999.0 -9999.0 -9999.0 -9999.0 -9999.0 -9999.0 -9999.0 -9999.0 -9999.0 -9999.0 -9999.0 -9999.0 -9999.0 -9999.0 -9999.0 -9999.0 -9999.0 -9999.0 -9999.0 -9999.0 -9999.0 -9999.0 -9999.0 -9999.0 -9999.0 -9999.0 -9999.0 -9999.0 -9999.0 -9999.0 -9999.0 -9999.0 -9999.0 -9999.0 -9999.0 -9999.0 -9999.0 -9999.0 -9999.0 -9999.0 -9999.0 -9999.0 -9999.0 -9999.0 -9999.0 -9999.0 -9999.0 -9999.0 -9999.0 -9999.0 -9999.0 -9999.0 -9999.0 -9999.0 -9999.0 -9999.0 -9999.0 -9999.0 -9999.0 -9999.0 -9999.0 -9999.0 -9999.0 -9999.0 -9999.0 -9999.0 -9999.0 -9999.0 -9999.0 -9999.0 -9999.0 -9999.0 -9999.0 -9999.0 -9999.0 -9999.0 -9999.0 -9999.0 -9999.0
-9999.0 -9999.0 -9999.0 -9999.0 -9999.0 -9999.0 -9999.0 -9999.0 -9999.0 -9999.0 -9999.0 -9999.0 -9999.0 -9999.0 -9999.0 -9999.0 -9999.0 -9999.0 -9999.0 -9999.0 -9999.0 -9999.0 -9999.0 -9999.0 -9999.0 -9999.0 -9999.0 -9999.0 -9999.0 -9999.0 -9999.0 -9999.0 -9999.0 -9999.0 -9999.0 -9999.0 -9999.0 -9999.0 -9999.0 -9999.0 -9999.0 -9999.0 -9999.0 -9999.0 -9999.0 -9999.0 -9999.0 -9999.0 -9999.0 -9999.0 -9999.0 -9999.0 -9999.0 -9999.0 -9999.0 -9999.0 -9999.0 -9999.0 -9999.0 -9999.0 -9999.0 -9999.0 -9999.0 -9999.0 -9999.0 -9999.0 -9999.0 -9999.0 -9999.0 -9999.0 -9999.0 -9999.0 -9999.0 -9999.0 -9999.0 -9999.0 -9999.0 -9999.0 -9999.0 -9999.0 -9999.0 -9999.0 -9999.0 -9999.0 -9999.0 -9999.0 -9999.0 -9999.0 -9999.0 -9999.0 -9999.0 -9999.0 -9999.0 -9999.0 -9999.0 -9999.0 -9999.0 -9999.0 -9999.0 -9999.0 -9999.0 -9999.0 -9999.0 -9999.0