inst/processing_geotop_simulation/geotop_simulation/out/maps3D/PwL0009N0217.asc
ncols         104
nrows         10
xllcorner     -2.000000
yllcorner     0.000000
cellsize      1.000000
NODATA_value  -9999.0
-9999.0 -9999.0 -9999.0 -9999.0 -9999.0 -9999.0 -9999.0 -9999.0 -9999.0 -9999.0 -9999.0 -9999.0 -9999.0 -9999.0 -9999.0 -9999.0 -9999.0 -9999.0 -9999.0 -9999.0 -9999.0 -9999.0 -9999.0 -9999.0 -9999.0 -9999.0 -9999.0 -9999.0 -9999.0 -9999.0 -9999.0 -9999.0 -9999.0 -9999.0 -9999.0 -9999.0 -9999.0 -9999.0 -9999.0 -9999.0 -9999.0 -9999.0 -9999.0 -9999.0 -9999.0 -9999.0 -9999.0 -9999.0 -9999.0 -9999.0 -9999.0 -9999.0 -9999.0 -9999.0 -9999.0 -9999.0 -9999.0 -9999.0 -9999.0 -9999.0 -9999.0 -9999.0 -9999.0 -9999.0 -9999.0 -9999.0 -9999.0 -9999.0 -9999.0 -9999.0 -9999.0 -9999.0 -9999.0 -9999.0 -9999.0 -9999.0 -9999.0 -9999.0 -9999.0 -9999.0 -9999.0 -9999.0 -9999.0 -9999.0 -9999.0 -9999.0 -9999.0 -9999.0 -9999.0 -9999.0 -9999.0 -9999.0 -9999.0 -9999.0 -9999.0 -9999.0 -9999.0 -9999.0 -9999.0 -9999.0 -9999.0 -9999.0 -9999.0 -9999.0
-9999.0 -9999.0 -9999.0 -9999.0 -9999.0 -9999.0 -9999.0 -9999.0 -9999.0 -9999.0 -9999.0 -9999.0 -9999.0 -9999.0 -9999.0 -9999.0 -9999.0 -9999.0 -9999.0 -9999.0 -9999.0 -9999.0 -9999.0 -9999.0 -9999.0 -9999.0 -9999.0 -9999.0 -9999.0 -9999.0 -9999.0 -9999.0 -9999.0 -9999.0 -9999.0 -9999.0 -9999.0 -9999.0 -9999.0 -9999.0 -9999.0 -9999.0 -9999.0 -9999.0 -9999.0 -9999.0 -9999.0 -9999.0 -9999.0 -9999.0 -9999.0 -9999.0 -9999.0 -9999.0 -9999.0 -9999.0 -9999.0 -9999.0 -9999.0 -9999.0 -9999.0 -9999.0 -9999.0 -9999.0 -9999.0 -9999.0 -9999.0 -9999.0 -9999.0 -9999.0 -9999.0 -9999.0 -9999.0 -9999.0 -9999.0 -9999.0 -9999.0 -9999.0 -9999.0 -9999.0 -9999.0 -9999.0 -9999.0 -9999.0 -9999.0 -9999.0 -9999.0 -9999.0 -9999.0 -9999.0 -9999.0 -9999.0 -9999.0 -9999.0 -9999.0 -9999.0 -9999.0 -9999.0 -9999.0 -9999.0 -9999.0 -9999.0 -9999.0 -9999.0
-9999.0 -9999.0 428.023740 333.110419 236.459910 139.057780 41.343250 -56.492571 -154.367173 -252.224624 -349.998693 -447.572308 -544.691024 -640.844791 -736.355149 -832.129987 -927.516645 -1022.626985 -1115.972607 -1204.974890 -1287.424095 -1359.415617 -1418.523115 -1464.487322 -1498.719452 -1523.411934 -1540.819699 -1552.884226 -1561.129616 -1566.695503 -1570.411317 -1572.868454 -1574.480744 -1575.532552 -1576.216315 -1576.662512 -1576.966890 -1577.235558 -1577.777153 -1580.036259 -1589.399807 -1611.025373 -1281.551315 -1435.505474 -1381.664436 -1349.179172 -1334.426122 -1332.473007 -1332.274833 -1332.296374 -1332.349311 -1332.406004 -1332.460435 -1332.510807 -1332.557398 -1332.610210 -1332.767672 -1333.872700 -1341.454982 -1358.806988 -1384.806147 -1211.751895 -1581.672986 -1583.269423 -1578.821218 -1577.784891 -1577.610972 -1577.584162 -1577.580619 -1577.580869 -1577.581644 -1577.582353 -1577.582913 -1577.583341 -1577.583669 -1577.583924 -1577.584126 -1577.584289 -1577.584426 -1577.584548 -1577.584667 -1577.584801 -1577.584968 -1577.585201 -1577.585544 -1577.586073 -1577.586904 -1577.588235 -1577.590400 -1577.593987 -1577.600058 -1577.610614 -1577.629511 -1577.664364 -1577.730447 -1577.858957 -1578.115827 -1578.649171 -1579.819917 -1582.587965 -1589.844106 -1612.544627 -9999.0 -9999.0
-9999.0 -9999.0 428.030809 333.112303 236.460426 139.057935 41.343299 -56.492554 -154.367168 -252.224622 -349.998692 -447.572307 -544.691024 -640.844791 -736.355149 -832.129987 -927.516646 -1022.626985 -1115.972608 -1204.974890 -1287.424096 -1359.415617 -1418.523115 -1464.487322 -1498.719452 -1523.411934 -1540.819699 -1552.884226 -1561.129616 -1566.695503 -1570.411317 -1572.868454 -1574.480744 -1575.532552 -1576.216315 -1576.662512 -1576.966890 -1577.235558 -1577.777153 -1580.036259 -1589.399807 -1611.025373 -1281.551315 -1435.505473 -1381.664435 -1349.179171 -1334.426122 -1332.473007 -1332.274833 -1332.296374 -1332.349311 -1332.406004 -1332.460435 -1332.510807 -1332.557398 -1332.610210 -1332.767672 -1333.872700 -1341.454982 -1358.806988 -1384.806147 -1211.751895 -1581.672986 -1583.269423 -1578.821218 -1577.784891 -1577.610972 -1577.584162 -1577.580619 -1577.580869 -1577.581644 -1577.582353 -1577.582913 -1577.583341 -1577.583669 -1577.583924 -1577.584126 -1577.584289 -1577.584426 -1577.584548 -1577.584667 -1577.584801 -1577.584968 -1577.585201 -1577.585544 -1577.586073 -1577.586904 -1577.588235 -1577.590400 -1577.593987 -1577.600058 -1577.610614 -1577.629511 -1577.664364 -1577.730447 -1577.858957 -1578.115827 -1578.649171 -1579.819917 -1582.587965 -1589.844106 -1612.544627 -9999.0 -9999.0
-9999.0 -9999.0 428.032373 333.113131 236.460759 139.058057 41.343343 -56.492539 -154.367162 -252.224620 -349.998691 -447.572307 -544.691024 -640.844791 -736.355149 -832.129988 -927.516646 -1022.626985 -1115.972608 -1204.974890 -1287.424096 -1359.415617 -1418.523116 -1464.487322 -1498.719452 -1523.411934 -1540.819699 -1552.884226 -1561.129616 -1566.695503 -1570.411317 -1572.868454 -1574.480744 -1575.532552 -1576.216315 -1576.662512 -1576.966890 -1577.235558 -1577.777153 -1580.036259 -1589.399807 -1611.025373 -1281.551315 -1435.505473 -1381.664435 -1349.179171 -1334.426122 -1332.473007 -1332.274833 -1332.296374 -1332.349311 -1332.406004 -1332.460435 -1332.510807 -1332.557398 -1332.610210 -1332.767672 -1333.872700 -1341.454982 -1358.806988 -1384.806147 -1211.751895 -1581.672986 -1583.269423 -1578.821218 -1577.784891 -1577.610972 -1577.584162 -1577.580619 -1577.580869 -1577.581644 -1577.582353 -1577.582913 -1577.583341 -1577.583669 -1577.583924 -1577.584126 -1577.584289 -1577.584426 -1577.584548 -1577.584667 -1577.584801 -1577.584968 -1577.585201 -1577.585544 -1577.586073 -1577.586904 -1577.588235 -1577.590400 -1577.593987 -1577.600058 -1577.610614 -1577.629511 -1577.664364 -1577.730447 -1577.858957 -1578.115827 -1578.649171 -1579.819917 -1582.587965 -1589.844106 -1612.544627 -9999.0 -9999.0
-9999.0 -9999.0 428.032373 333.113131 236.460759 139.058057 41.343343 -56.492539 -154.367162 -252.224620 -349.998691 -447.572307 -544.691024 -640.844791 -736.355149 -832.129988 -927.516646 -1022.626985 -1115.972608 -1204.974890 -1287.424096 -1359.415617 -1418.523116 -1464.487322 -1498.719452 -1523.411934 -1540.819699 -1552.884226 -1561.129616 -1566.695503 -1570.411317 -1572.868454 -1574.480744 -1575.532552 -1576.216315 -1576.662512 -1576.966890 -1577.235558 -1577.777153 -1580.036259 -1589.399807 -1611.025373 -1281.551315 -1435.505473 -1381.664435 -1349.179171 -1334.426122 -1332.473007 -1332.274833 -1332.296374 -1332.349311 -1332.406004 -1332.460435 -1332.510807 -1332.557398 -1332.610210 -1332.767672 -1333.872700 -1341.454982 -1358.806988 -1384.806147 -1211.751895 -1581.672986 -1583.269423 -1578.821218 -1577.784891 -1577.610972 -1577.584162 -1577.580619 -1577.580869 -1577.581644 -1577.582353 -1577.582913 -1577.583341 -1577.583669 -1577.583924 -1577.584126 -1577.584289 -1577.584426 -1577.584548 -1577.584667 -1577.584801 -1577.584968 -1577.585201 -1577.585544 -1577.586073 -1577.586904 -1577.588235 -1577.590400 -1577.593987 -1577.600058 -1577.610614 -1577.629511 -1577.664364 -1577.730447 -1577.858957 -1578.115827 -1578.649171 -1579.819917 -1582.587965 -1589.844106 -1612.544627 -9999.0 -9999.0
-9999.0 -9999.0 428.030809 333.112303 236.460426 139.057935 41.343299 -56.492554 -154.367168 -252.224622 -349.998692 -447.572307 -544.691024 -640.844791 -736.355149 -832.129988 -927.516646 -1022.626985 -1115.972608 -1204.974890 -1287.424096 -1359.415617 -1418.523115 -1464.487322 -1498.719452 -1523.411934 -1540.819699 -1552.884226 -1561.129616 -1566.695503 -1570.411317 -1572.868454 -1574.480744 -1575.532552 -1576.216315 -1576.662512 -1576.966890 -1577.235558 -1577.777153 -1580.036259 -1589.399807 -1611.025373 -1281.551315 -1435.505473 -1381.664435 -1349.179171 -1334.426122 -1332.473007 -1332.274833 -1332.296374 -1332.349311 -1332.406004 -1332.460435 -1332.510807 -1332.557398 -1332.610210 -1332.767672 -1333.872700 -1341.454982 -1358.806988 -1384.806147 -1211.751895 -1581.672986 -1583.269423 -1578.821218 -1577.784891 -1577.610972 -1577.584162 -1577.580619 -1577.580869 -1577.581644 -1577.582353 -1577.582913 -1577.583341 -1577.583669 -1577.583924 -1577.584126 -1577.584289 -1577.584426 -1577.584548 -1577.584667 -1577.584801 -1577.584968 -1577.585201 -1577.585544 -1577.586073 -1577.586904 -1577.588235 -1577.590400 -1577.593987 -1577.600058 -1577.610614 -1577.629511 -1577.664364 -1577.730447 -1577.858957 -1578.115827 -1578.649171 -1579.819917 -1582.587965 -1589.844106 -1612.544627 -9999.0 -9999.0
-9999.0 -9999.0 428.023740 333.110419 236.459910 139.057780 41.343250 -56.492571 -154.367173 -252.224624 -349.998693 -447.572308 -544.691024 -640.844791 -736.355149 -832.129987 -927.516645 -1022.626985 -1115.972607 -1204.974890 -1287.424095 -1359.415617 -1418.523115 -1464.487322 -1498.719452 -1523.411934 -1540.819699 -1552.884226 -1561.129616 -1566.695503 -1570.411317 -1572.868454 -1574.480744 -1575.532552 -1576.216315 -1576.662512 -1576.966890 -1577.235558 -1577.777153 -1580.036259 -1589.399807 -1611.025373 -1281.551315 -1435.505474 -1381.664436 -1349.179172 -1334.426122 -1332.473007 -1332.274833 -1332.296374 -1332.349311 -1332.406004 -1332.460435 -1332.510807 -1332.557398 -1332.610210 -1332.767672 -1333.872700 -1341.454982 -1358.806988 -1384.806147 -1211.751895 -1581.672986 -1583.269423 -1578.821218 -1577.784891 -1577.610972 -1577.584162 -1577.580619 -1577.580869 -1577.581644 -1577.582353 -1577.582913 -1577.583341 -1577.583669 -1577.583924 -1577.584126 -1577.584289 -1577.584426 -1577.584548 -1577.584667 -1577.584801 -1577.584968 -1577.585201 -1577.585544 -1577.586073 -1577.586904 -1577.588235 -1577.590400 -1577.593987 -1577.600058 -1577.610614 -1577.629511 -1577.664364 -1577.730447 -1577.858957 -1578.115827 -1578.649171 -1579.819917 -1582.587965 -1589.844106 -1612.544627 -9999.0 -9999.0
-9999.0 -9999.0 -9999.0 -9999.0 -9999.0 -9999.0 -9999.0 -9999.0 -9999.0 -9999.0 -9999.0 -9999.0 -9999.0 -9999.0 -9999.0 -9999.0 -9999.0 -9999.0 -9999.0 -9999.0 -9999.0 -9999.0 -9999.0 -9999.0 -9999.0 -9999.0 -9999.0 -9999.0 -9999.0 -9999.0 -9999.0 -9999.0 -9999.0 -9999.0 -9999.0 -9999.0 -9999.0 -9999.0 -9999.0 -9999.0 -9999.0 -9999.0 -9999.0 -9999.0 -9999.0 -9999.0 -9999.0 -9999.0 -9999.0 -9999.0 -9999.0 -9999.0 -9999.0 -9999.0 -9999.0 -9999.0 -9999.0 -9999.0 -9999.0 -9999.0 -9999.0 -9999.0 -9999.0 -9999.0 -9999.0 -9999.0 -9999.0 -9999.0 -9999.0 -9999.0 -9999.0 -9999.0 -9999.0 -9999.0 -9999.0 -9999.0 -9999.0 -9999.0 -9999.0 -9999.0 -9999.0 -9999.0 -9999.0 -9999.0 -9999.0 -9999.0 -9999.0 -9999.0 -9999.0 -9999.0 -9999.0 -9999.0 -9999.0 -9999.0 -9999.0 -9999.0 -9999.0 -9999.0 -9999.0 -9999.0 -9999.0 -9999.0 -9999.0 -9999.0
-9999.0 -9999.0 -9999.0 -9999.0 -9999.0 -9999.0 -9999.0 -9999.0 -9999.0 -9999.0 -9999.0 -9999.0 -9999.0 -9999.0 -9999.0 -9999.0 -9999.0 -9999.0 -9999.0 -9999.0 -9999.0 -9999.0 -9999.0 -9999.0 -9999.0 -9999.0 -9999.0 -9999.0 -9999.0 -9999.0 -9999.0 -9999.0 -9999.0 -9999.0 -9999.0 -9999.0 -9999.0 -9999.0 -9999.0 -9999.0 -9999.0 -9999.0 -9999.0 -9999.0 -9999.0 -9999.0 -9999.0 -9999.0 -9999.0 -9999.0 -9999.0 -9999.0 -9999.0 -9999.0 -9999.0 -9999.0 -9999.0 -9999.0 -9999.0 -9999.0 -9999.0 -9999.0 -9999.0 -9999.0 -9999.0 -9999.0 -9999.0 -9999.0 -9999.0 -9999.0 -9999.0 -9999.0 -9999.0 -9999.0 -9999.0 -9999.0 -9999.0 -9999.0 -9999.0 -9999.0 -9999.0 -9999.0 -9999.0 -9999.0 -9999.0 -9999.0 -9999.0 -9999.0 -9999.0 -9999.0 -9999.0 -9999.0 -9999.0 -9999.0 -9999.0 -9999.0 -9999.0 -9999.0 -9999.0 -9999.0 -9999.0 -9999.0 -9999.0 -9999.0