inst/processing_geotop_simulation/geotop_simulation/out/maps3D/PwL0017N0379.asc
ncols         104
nrows         10
xllcorner     -2.000000
yllcorner     0.000000
cellsize      1.000000
NODATA_value  -9999.0
-9999.0 -9999.0 -9999.0 -9999.0 -9999.0 -9999.0 -9999.0 -9999.0 -9999.0 -9999.0 -9999.0 -9999.0 -9999.0 -9999.0 -9999.0 -9999.0 -9999.0 -9999.0 -9999.0 -9999.0 -9999.0 -9999.0 -9999.0 -9999.0 -9999.0 -9999.0 -9999.0 -9999.0 -9999.0 -9999.0 -9999.0 -9999.0 -9999.0 -9999.0 -9999.0 -9999.0 -9999.0 -9999.0 -9999.0 -9999.0 -9999.0 -9999.0 -9999.0 -9999.0 -9999.0 -9999.0 -9999.0 -9999.0 -9999.0 -9999.0 -9999.0 -9999.0 -9999.0 -9999.0 -9999.0 -9999.0 -9999.0 -9999.0 -9999.0 -9999.0 -9999.0 -9999.0 -9999.0 -9999.0 -9999.0 -9999.0 -9999.0 -9999.0 -9999.0 -9999.0 -9999.0 -9999.0 -9999.0 -9999.0 -9999.0 -9999.0 -9999.0 -9999.0 -9999.0 -9999.0 -9999.0 -9999.0 -9999.0 -9999.0 -9999.0 -9999.0 -9999.0 -9999.0 -9999.0 -9999.0 -9999.0 -9999.0 -9999.0 -9999.0 -9999.0 -9999.0 -9999.0 -9999.0 -9999.0 -9999.0 -9999.0 -9999.0 -9999.0 -9999.0
-9999.0 -9999.0 -9999.0 -9999.0 -9999.0 -9999.0 -9999.0 -9999.0 -9999.0 -9999.0 -9999.0 -9999.0 -9999.0 -9999.0 -9999.0 -9999.0 -9999.0 -9999.0 -9999.0 -9999.0 -9999.0 -9999.0 -9999.0 -9999.0 -9999.0 -9999.0 -9999.0 -9999.0 -9999.0 -9999.0 -9999.0 -9999.0 -9999.0 -9999.0 -9999.0 -9999.0 -9999.0 -9999.0 -9999.0 -9999.0 -9999.0 -9999.0 -9999.0 -9999.0 -9999.0 -9999.0 -9999.0 -9999.0 -9999.0 -9999.0 -9999.0 -9999.0 -9999.0 -9999.0 -9999.0 -9999.0 -9999.0 -9999.0 -9999.0 -9999.0 -9999.0 -9999.0 -9999.0 -9999.0 -9999.0 -9999.0 -9999.0 -9999.0 -9999.0 -9999.0 -9999.0 -9999.0 -9999.0 -9999.0 -9999.0 -9999.0 -9999.0 -9999.0 -9999.0 -9999.0 -9999.0 -9999.0 -9999.0 -9999.0 -9999.0 -9999.0 -9999.0 -9999.0 -9999.0 -9999.0 -9999.0 -9999.0 -9999.0 -9999.0 -9999.0 -9999.0 -9999.0 -9999.0 -9999.0 -9999.0 -9999.0 -9999.0 -9999.0 -9999.0
-9999.0 -9999.0 820.235319 721.464717 622.517663 523.402362 424.202144 324.964911 225.715837 126.468383 27.230449 -71.990234 -171.192545 -270.366708 -369.489466 -468.521264 -567.388515 -665.964605 -764.359113 -862.734496 -960.795078 -1058.371855 -1153.544706 -1243.157167 -1325.972342 -1399.905586 -1463.481478 -1516.117490 -1558.152817 -1590.648627 -1615.075787 -1633.015094 -1645.943974 -1655.123886 -1661.567242 -1666.054736 -1669.186251 -1671.490117 -1673.730483 -1677.708348 -1687.181023 -1707.943042 -1965.186145 -4060.823373 -4133.652450 -4133.661885 -4133.660892 -4133.659073 -4133.651644 -4133.628882 -4133.569977 -4133.410065 -4133.158137 -4132.842334 -4132.332401 -4131.374071 -4129.356948 -4124.749578 -4113.645971 -4086.059055 -3869.899059 -1741.020737 -1665.484712 -1678.830381 -1677.306478 -1676.257218 -1675.984392 -1675.930934 -1675.922100 -1675.921164 -1675.921494 -1675.921953 -1675.922354 -1675.922684 -1675.922956 -1675.923186 -1675.923385 -1675.923562 -1675.923726 -1675.923883 -1675.924043 -1675.924215 -1675.924413 -1675.924658 -1675.924982 -1675.925435 -1675.926097 -1675.927106 -1675.928698 -1675.931294 -1675.935675 -1675.943327 -1675.957164 -1675.983051 -1676.033130 -1676.133591 -1676.344298 -1676.811785 -1677.920699 -1680.763200 -1688.784308 -1714.385109 -9999.0 -9999.0
-9999.0 -9999.0 820.238722 721.465927 622.518043 523.402484 424.202185 324.964925 225.715842 126.468385 27.230450 -71.990233 -171.192545 -270.366708 -369.489466 -468.521265 -567.388515 -665.964606 -764.359114 -862.734496 -960.795079 -1058.371855 -1153.544707 -1243.157167 -1325.972342 -1399.905586 -1463.481478 -1516.117490 -1558.152817 -1590.648627 -1615.075787 -1633.015094 -1645.943975 -1655.123886 -1661.567242 -1666.054736 -1669.186251 -1671.490117 -1673.730483 -1677.708348 -1687.181023 -1707.943042 -1965.186144 -4060.823373 -4133.652450 -4133.661885 -4133.660892 -4133.659073 -4133.651644 -4133.628882 -4133.569977 -4133.410065 -4133.158137 -4132.842334 -4132.332401 -4131.374071 -4129.356948 -4124.749578 -4113.645971 -4086.059055 -3869.899059 -1741.020737 -1665.484712 -1678.830381 -1677.306478 -1676.257218 -1675.984392 -1675.930934 -1675.922099 -1675.921164 -1675.921494 -1675.921953 -1675.922354 -1675.922684 -1675.922956 -1675.923186 -1675.923385 -1675.923562 -1675.923726 -1675.923883 -1675.924043 -1675.924215 -1675.924413 -1675.924658 -1675.924982 -1675.925435 -1675.926097 -1675.927106 -1675.928698 -1675.931294 -1675.935675 -1675.943327 -1675.957164 -1675.983051 -1676.033130 -1676.133591 -1676.344298 -1676.811785 -1677.920699 -1680.763200 -1688.784308 -1714.385109 -9999.0 -9999.0
-9999.0 -9999.0 820.239897 721.466549 622.518302 523.402582 424.202221 324.964938 225.715847 126.468387 27.230451 -71.990233 -171.192545 -270.366708 -369.489466 -468.521265 -567.388515 -665.964606 -764.359114 -862.734496 -960.795079 -1058.371855 -1153.544707 -1243.157167 -1325.972342 -1399.905586 -1463.481478 -1516.117490 -1558.152818 -1590.648627 -1615.075787 -1633.015094 -1645.943975 -1655.123886 -1661.567242 -1666.054736 -1669.186251 -1671.490117 -1673.730483 -1677.708348 -1687.181023 -1707.943042 -1965.186144 -4060.823373 -4133.652450 -4133.661885 -4133.660892 -4133.659073 -4133.651644 -4133.628882 -4133.569977 -4133.410065 -4133.158137 -4132.842334 -4132.332401 -4131.374071 -4129.356948 -4124.749578 -4113.645971 -4086.059055 -3869.899059 -1741.020737 -1665.484712 -1678.830381 -1677.306478 -1676.257218 -1675.984392 -1675.930934 -1675.922099 -1675.921164 -1675.921494 -1675.921953 -1675.922354 -1675.922684 -1675.922956 -1675.923186 -1675.923385 -1675.923562 -1675.923726 -1675.923883 -1675.924043 -1675.924215 -1675.924413 -1675.924658 -1675.924982 -1675.925435 -1675.926097 -1675.927106 -1675.928698 -1675.931294 -1675.935675 -1675.943327 -1675.957164 -1675.983051 -1676.033130 -1676.133591 -1676.344298 -1676.811785 -1677.920699 -1680.763200 -1688.784308 -1714.385109 -9999.0 -9999.0
-9999.0 -9999.0 820.239897 721.466549 622.518302 523.402582 424.202221 324.964938 225.715847 126.468387 27.230451 -71.990233 -171.192545 -270.366708 -369.489466 -468.521265 -567.388515 -665.964606 -764.359114 -862.734496 -960.795079 -1058.371855 -1153.544707 -1243.157167 -1325.972342 -1399.905586 -1463.481478 -1516.117490 -1558.152817 -1590.648627 -1615.075787 -1633.015094 -1645.943975 -1655.123886 -1661.567242 -1666.054736 -1669.186251 -1671.490117 -1673.730483 -1677.708348 -1687.181023 -1707.943042 -1965.186144 -4060.823373 -4133.652450 -4133.661885 -4133.660892 -4133.659073 -4133.651644 -4133.628882 -4133.569977 -4133.410065 -4133.158137 -4132.842334 -4132.332401 -4131.374071 -4129.356948 -4124.749578 -4113.645971 -4086.059055 -3869.899059 -1741.020737 -1665.484712 -1678.830381 -1677.306478 -1676.257218 -1675.984392 -1675.930934 -1675.922099 -1675.921164 -1675.921494 -1675.921953 -1675.922354 -1675.922684 -1675.922956 -1675.923186 -1675.923385 -1675.923562 -1675.923726 -1675.923883 -1675.924043 -1675.924215 -1675.924413 -1675.924658 -1675.924982 -1675.925435 -1675.926097 -1675.927106 -1675.928698 -1675.931294 -1675.935675 -1675.943327 -1675.957164 -1675.983051 -1676.033130 -1676.133591 -1676.344298 -1676.811785 -1677.920699 -1680.763200 -1688.784308 -1714.385109 -9999.0 -9999.0
-9999.0 -9999.0 820.238722 721.465927 622.518043 523.402484 424.202185 324.964925 225.715842 126.468385 27.230450 -71.990233 -171.192545 -270.366708 -369.489466 -468.521265 -567.388515 -665.964605 -764.359114 -862.734496 -960.795079 -1058.371855 -1153.544707 -1243.157167 -1325.972342 -1399.905586 -1463.481478 -1516.117490 -1558.152817 -1590.648627 -1615.075787 -1633.015094 -1645.943975 -1655.123886 -1661.567242 -1666.054736 -1669.186251 -1671.490117 -1673.730483 -1677.708348 -1687.181023 -1707.943042 -1965.186144 -4060.823373 -4133.652450 -4133.661885 -4133.660892 -4133.659073 -4133.651644 -4133.628882 -4133.569977 -4133.410065 -4133.158137 -4132.842334 -4132.332401 -4131.374071 -4129.356948 -4124.749578 -4113.645971 -4086.059055 -3869.899059 -1741.020737 -1665.484712 -1678.830381 -1677.306478 -1676.257218 -1675.984392 -1675.930934 -1675.922099 -1675.921164 -1675.921494 -1675.921953 -1675.922354 -1675.922684 -1675.922956 -1675.923186 -1675.923385 -1675.923562 -1675.923726 -1675.923883 -1675.924043 -1675.924215 -1675.924413 -1675.924658 -1675.924982 -1675.925435 -1675.926097 -1675.927106 -1675.928698 -1675.931294 -1675.935675 -1675.943327 -1675.957164 -1675.983051 -1676.033130 -1676.133591 -1676.344298 -1676.811785 -1677.920699 -1680.763200 -1688.784308 -1714.385109 -9999.0 -9999.0
-9999.0 -9999.0 820.235319 721.464717 622.517662 523.402362 424.202144 324.964911 225.715836 126.468383 27.230449 -71.990234 -171.192545 -270.366708 -369.489466 -468.521265 -567.388515 -665.964605 -764.359113 -862.734496 -960.795078 -1058.371855 -1153.544706 -1243.157167 -1325.972342 -1399.905586 -1463.481478 -1516.117490 -1558.152817 -1590.648627 -1615.075787 -1633.015094 -1645.943974 -1655.123886 -1661.567242 -1666.054736 -1669.186251 -1671.490117 -1673.730483 -1677.708348 -1687.181023 -1707.943042 -1965.186145 -4060.823373 -4133.652450 -4133.661885 -4133.660892 -4133.659073 -4133.651644 -4133.628882 -4133.569977 -4133.410065 -4133.158137 -4132.842334 -4132.332401 -4131.374071 -4129.356948 -4124.749578 -4113.645971 -4086.059055 -3869.899059 -1741.020737 -1665.484712 -1678.830381 -1677.306478 -1676.257218 -1675.984392 -1675.930934 -1675.922100 -1675.921164 -1675.921494 -1675.921953 -1675.922354 -1675.922684 -1675.922956 -1675.923186 -1675.923385 -1675.923562 -1675.923726 -1675.923883 -1675.924043 -1675.924215 -1675.924413 -1675.924658 -1675.924982 -1675.925435 -1675.926097 -1675.927106 -1675.928698 -1675.931294 -1675.935675 -1675.943327 -1675.957164 -1675.983051 -1676.033130 -1676.133591 -1676.344298 -1676.811785 -1677.920699 -1680.763200 -1688.784308 -1714.385109 -9999.0 -9999.0
-9999.0 -9999.0 -9999.0 -9999.0 -9999.0 -9999.0 -9999.0 -9999.0 -9999.0 -9999.0 -9999.0 -9999.0 -9999.0 -9999.0 -9999.0 -9999.0 -9999.0 -9999.0 -9999.0 -9999.0 -9999.0 -9999.0 -9999.0 -9999.0 -9999.0 -9999.0 -9999.0 -9999.0 -9999.0 -9999.0 -9999.0 -9999.0 -9999.0 -9999.0 -9999.0 -9999.0 -9999.0 -9999.0 -9999.0 -9999.0 -9999.0 -9999.0 -9999.0 -9999.0 -9999.0 -9999.0 -9999.0 -9999.0 -9999.0 -9999.0 -9999.0 -9999.0 -9999.0 -9999.0 -9999.0 -9999.0 -9999.0 -9999.0 -9999.0 -9999.0 -9999.0 -9999.0 -9999.0 -9999.0 -9999.0 -9999.0 -9999.0 -9999.0 -9999.0 -9999.0 -9999.0 -9999.0 -9999.0 -9999.0 -9999.0 -9999.0 -9999.0 -9999.0 -9999.0 -9999.0 -9999.0 -9999.0 -9999.0 -9999.0 -9999.0 -9999.0 -9999.0 -9999.0 -9999.0 -9999.0 -9999.0 -9999.0 -9999.0 -9999.0 -9999.0 -9999.0 -9999.0 -9999.0 -9999.0 -9999.0 -9999.0 -9999.0 -9999.0 -9999.0
-9999.0 -9999.0 -9999.0 -9999.0 -9999.0 -9999.0 -9999.0 -9999.0 -9999.0 -9999.0 -9999.0 -9999.0 -9999.0 -9999.0 -9999.0 -9999.0 -9999.0 -9999.0 -9999.0 -9999.0 -9999.0 -9999.0 -9999.0 -9999.0 -9999.0 -9999.0 -9999.0 -9999.0 -9999.0 -9999.0 -9999.0 -9999.0 -9999.0 -9999.0 -9999.0 -9999.0 -9999.0 -9999.0 -9999.0 -9999.0 -9999.0 -9999.0 -9999.0 -9999.0 -9999.0 -9999.0 -9999.0 -9999.0 -9999.0 -9999.0 -9999.0 -9999.0 -9999.0 -9999.0 -9999.0 -9999.0 -9999.0 -9999.0 -9999.0 -9999.0 -9999.0 -9999.0 -9999.0 -9999.0 -9999.0 -9999.0 -9999.0 -9999.0 -9999.0 -9999.0 -9999.0 -9999.0 -9999.0 -9999.0 -9999.0 -9999.0 -9999.0 -9999.0 -9999.0 -9999.0 -9999.0 -9999.0 -9999.0 -9999.0 -9999.0 -9999.0 -9999.0 -9999.0 -9999.0 -9999.0 -9999.0 -9999.0 -9999.0 -9999.0 -9999.0 -9999.0 -9999.0 -9999.0 -9999.0 -9999.0 -9999.0 -9999.0 -9999.0 -9999.0