inst/processing_geotop_simulation/geotop_simulation/out/maps3D/PwL0001N0053.asc
ncols         104
nrows         10
xllcorner     -2.000000
yllcorner     0.000000
cellsize      1.000000
NODATA_value  -9999.0
-9999.0 -9999.0 -9999.0 -9999.0 -9999.0 -9999.0 -9999.0 -9999.0 -9999.0 -9999.0 -9999.0 -9999.0 -9999.0 -9999.0 -9999.0 -9999.0 -9999.0 -9999.0 -9999.0 -9999.0 -9999.0 -9999.0 -9999.0 -9999.0 -9999.0 -9999.0 -9999.0 -9999.0 -9999.0 -9999.0 -9999.0 -9999.0 -9999.0 -9999.0 -9999.0 -9999.0 -9999.0 -9999.0 -9999.0 -9999.0 -9999.0 -9999.0 -9999.0 -9999.0 -9999.0 -9999.0 -9999.0 -9999.0 -9999.0 -9999.0 -9999.0 -9999.0 -9999.0 -9999.0 -9999.0 -9999.0 -9999.0 -9999.0 -9999.0 -9999.0 -9999.0 -9999.0 -9999.0 -9999.0 -9999.0 -9999.0 -9999.0 -9999.0 -9999.0 -9999.0 -9999.0 -9999.0 -9999.0 -9999.0 -9999.0 -9999.0 -9999.0 -9999.0 -9999.0 -9999.0 -9999.0 -9999.0 -9999.0 -9999.0 -9999.0 -9999.0 -9999.0 -9999.0 -9999.0 -9999.0 -9999.0 -9999.0 -9999.0 -9999.0 -9999.0 -9999.0 -9999.0 -9999.0 -9999.0 -9999.0 -9999.0 -9999.0 -9999.0 -9999.0
-9999.0 -9999.0 -9999.0 -9999.0 -9999.0 -9999.0 -9999.0 -9999.0 -9999.0 -9999.0 -9999.0 -9999.0 -9999.0 -9999.0 -9999.0 -9999.0 -9999.0 -9999.0 -9999.0 -9999.0 -9999.0 -9999.0 -9999.0 -9999.0 -9999.0 -9999.0 -9999.0 -9999.0 -9999.0 -9999.0 -9999.0 -9999.0 -9999.0 -9999.0 -9999.0 -9999.0 -9999.0 -9999.0 -9999.0 -9999.0 -9999.0 -9999.0 -9999.0 -9999.0 -9999.0 -9999.0 -9999.0 -9999.0 -9999.0 -9999.0 -9999.0 -9999.0 -9999.0 -9999.0 -9999.0 -9999.0 -9999.0 -9999.0 -9999.0 -9999.0 -9999.0 -9999.0 -9999.0 -9999.0 -9999.0 -9999.0 -9999.0 -9999.0 -9999.0 -9999.0 -9999.0 -9999.0 -9999.0 -9999.0 -9999.0 -9999.0 -9999.0 -9999.0 -9999.0 -9999.0 -9999.0 -9999.0 -9999.0 -9999.0 -9999.0 -9999.0 -9999.0 -9999.0 -9999.0 -9999.0 -9999.0 -9999.0 -9999.0 -9999.0 -9999.0 -9999.0 -9999.0 -9999.0 -9999.0 -9999.0 -9999.0 -9999.0 -9999.0 -9999.0
-9999.0 -9999.0 -1120.473462 -1136.133212 -1141.294821 -1144.754472 -1147.320565 -1149.027819 -1149.730712 -1141.228418 -1081.964749 -1060.659916 -1068.755042 -1082.499336 -1106.697882 -1126.025453 -1118.960286 -1099.038209 -1080.647987 -1069.291575 -1065.302231 -1067.413480 -1074.096735 -1083.886481 -1095.383469 -1107.263856 -1118.343676 -1127.765065 -1135.146559 -1140.546546 -1144.285082 -1146.763020 -1148.349549 -1149.335215 -1149.927297 -1150.264579 -1150.452083 -1150.645755 -1150.974167 -1150.836734 -1151.905793 -1168.168411 -769.444042 -759.881384 -747.646613 -740.297201 -736.881330 -736.416301 -736.374436 -736.395907 -736.429320 -736.464311 -736.497846 -736.528848 -736.557104 -736.584985 -736.637348 -736.933996 -738.812019 -743.258907 -750.951672 -753.027614 -1156.488079 -1153.335727 -1151.588850 -1151.069586 -1150.949201 -1150.930209 -1150.932543 -1150.938222 -1150.943412 -1150.947475 -1150.950521 -1150.952800 -1150.954528 -1150.955860 -1150.956910 -1150.957749 -1150.958437 -1150.959032 -1150.959594 -1150.960197 -1150.960933 -1150.961934 -1150.963397 -1150.965625 -1150.969105 -1150.974626 -1150.983492 -1150.997925 -1151.021809 -1151.062191 -1151.132305 -1151.257766 -1151.489158 -1151.926982 -1152.769591 -1154.403234 -1157.576477 -1163.785820 -1176.269464 -1203.127406 -9999.0 -9999.0
-9999.0 -9999.0 -1120.473395 -1136.133137 -1141.294767 -1144.754447 -1147.320558 -1149.027819 -1149.730714 -1141.228419 -1081.964749 -1060.659916 -1068.755042 -1082.499336 -1106.697882 -1126.025453 -1118.960286 -1099.038209 -1080.647987 -1069.291575 -1065.302231 -1067.413480 -1074.096735 -1083.886481 -1095.383469 -1107.263856 -1118.343676 -1127.765065 -1135.146559 -1140.546546 -1144.285082 -1146.763020 -1148.349549 -1149.335215 -1149.927297 -1150.264579 -1150.452083 -1150.645755 -1150.974167 -1150.836734 -1151.905793 -1168.168411 -769.444042 -759.881384 -747.646613 -740.297201 -736.881330 -736.416301 -736.374436 -736.395907 -736.429320 -736.464311 -736.497846 -736.528848 -736.557104 -736.584985 -736.637348 -736.933996 -738.812019 -743.258907 -750.951672 -753.027614 -1156.488079 -1153.335727 -1151.588850 -1151.069586 -1150.949201 -1150.930209 -1150.932543 -1150.938222 -1150.943412 -1150.947475 -1150.950521 -1150.952800 -1150.954528 -1150.955860 -1150.956910 -1150.957749 -1150.958437 -1150.959032 -1150.959594 -1150.960197 -1150.960933 -1150.961934 -1150.963397 -1150.965625 -1150.969105 -1150.974626 -1150.983492 -1150.997925 -1151.021809 -1151.062191 -1151.132305 -1151.257766 -1151.489158 -1151.926982 -1152.769591 -1154.403234 -1157.576477 -1163.785820 -1176.269464 -1203.127406 -9999.0 -9999.0
-9999.0 -9999.0 -1120.473362 -1136.133094 -1141.294730 -1144.754428 -1147.320552 -1149.027819 -1149.730715 -1141.228420 -1081.964749 -1060.659916 -1068.755042 -1082.499336 -1106.697882 -1126.025453 -1118.960286 -1099.038209 -1080.647987 -1069.291575 -1065.302231 -1067.413480 -1074.096735 -1083.886481 -1095.383469 -1107.263856 -1118.343676 -1127.765065 -1135.146559 -1140.546546 -1144.285082 -1146.763020 -1148.349549 -1149.335215 -1149.927297 -1150.264579 -1150.452083 -1150.645755 -1150.974167 -1150.836734 -1151.905793 -1168.168411 -769.444042 -759.881384 -747.646613 -740.297201 -736.881330 -736.416301 -736.374436 -736.395907 -736.429320 -736.464311 -736.497846 -736.528848 -736.557104 -736.584985 -736.637348 -736.933996 -738.812019 -743.258907 -750.951672 -753.027614 -1156.488079 -1153.335727 -1151.588850 -1151.069586 -1150.949201 -1150.930209 -1150.932543 -1150.938222 -1150.943412 -1150.947475 -1150.950521 -1150.952800 -1150.954528 -1150.955860 -1150.956910 -1150.957749 -1150.958437 -1150.959032 -1150.959594 -1150.960197 -1150.960933 -1150.961934 -1150.963397 -1150.965625 -1150.969105 -1150.974626 -1150.983492 -1150.997925 -1151.021809 -1151.062191 -1151.132305 -1151.257766 -1151.489158 -1151.926982 -1152.769591 -1154.403234 -1157.576477 -1163.785820 -1176.269464 -1203.127406 -9999.0 -9999.0
-9999.0 -9999.0 -1120.473362 -1136.133094 -1141.294730 -1144.754428 -1147.320552 -1149.027819 -1149.730715 -1141.228420 -1081.964749 -1060.659916 -1068.755042 -1082.499336 -1106.697882 -1126.025453 -1118.960286 -1099.038209 -1080.647987 -1069.291575 -1065.302231 -1067.413480 -1074.096735 -1083.886481 -1095.383469 -1107.263856 -1118.343676 -1127.765065 -1135.146559 -1140.546546 -1144.285082 -1146.763020 -1148.349549 -1149.335215 -1149.927297 -1150.264579 -1150.452083 -1150.645755 -1150.974167 -1150.836734 -1151.905793 -1168.168411 -769.444042 -759.881384 -747.646613 -740.297201 -736.881330 -736.416301 -736.374436 -736.395907 -736.429320 -736.464311 -736.497846 -736.528848 -736.557104 -736.584985 -736.637348 -736.933996 -738.812019 -743.258907 -750.951672 -753.027614 -1156.488079 -1153.335727 -1151.588850 -1151.069586 -1150.949201 -1150.930209 -1150.932543 -1150.938222 -1150.943412 -1150.947475 -1150.950521 -1150.952800 -1150.954528 -1150.955860 -1150.956910 -1150.957749 -1150.958437 -1150.959032 -1150.959594 -1150.960197 -1150.960933 -1150.961934 -1150.963397 -1150.965625 -1150.969105 -1150.974626 -1150.983492 -1150.997925 -1151.021809 -1151.062191 -1151.132305 -1151.257766 -1151.489158 -1151.926982 -1152.769591 -1154.403234 -1157.576477 -1163.785820 -1176.269464 -1203.127406 -9999.0 -9999.0
-9999.0 -9999.0 -1120.473395 -1136.133137 -1141.294767 -1144.754447 -1147.320558 -1149.027819 -1149.730714 -1141.228419 -1081.964749 -1060.659916 -1068.755042 -1082.499336 -1106.697882 -1126.025453 -1118.960286 -1099.038209 -1080.647987 -1069.291575 -1065.302231 -1067.413480 -1074.096735 -1083.886481 -1095.383469 -1107.263856 -1118.343676 -1127.765065 -1135.146559 -1140.546546 -1144.285082 -1146.763020 -1148.349549 -1149.335215 -1149.927297 -1150.264579 -1150.452083 -1150.645755 -1150.974167 -1150.836734 -1151.905793 -1168.168411 -769.444042 -759.881384 -747.646613 -740.297201 -736.881330 -736.416301 -736.374436 -736.395907 -736.429320 -736.464311 -736.497846 -736.528848 -736.557104 -736.584985 -736.637348 -736.933996 -738.812019 -743.258907 -750.951672 -753.027614 -1156.488079 -1153.335727 -1151.588850 -1151.069586 -1150.949201 -1150.930209 -1150.932543 -1150.938222 -1150.943412 -1150.947475 -1150.950521 -1150.952800 -1150.954528 -1150.955860 -1150.956910 -1150.957749 -1150.958437 -1150.959032 -1150.959594 -1150.960197 -1150.960933 -1150.961934 -1150.963397 -1150.965625 -1150.969105 -1150.974626 -1150.983492 -1150.997925 -1151.021809 -1151.062191 -1151.132305 -1151.257766 -1151.489158 -1151.926982 -1152.769591 -1154.403234 -1157.576477 -1163.785820 -1176.269464 -1203.127406 -9999.0 -9999.0
-9999.0 -9999.0 -1120.473462 -1136.133212 -1141.294821 -1144.754472 -1147.320565 -1149.027819 -1149.730712 -1141.228418 -1081.964749 -1060.659916 -1068.755042 -1082.499336 -1106.697882 -1126.025453 -1118.960286 -1099.038209 -1080.647987 -1069.291575 -1065.302231 -1067.413480 -1074.096735 -1083.886481 -1095.383469 -1107.263856 -1118.343676 -1127.765065 -1135.146559 -1140.546546 -1144.285082 -1146.763020 -1148.349549 -1149.335215 -1149.927297 -1150.264579 -1150.452083 -1150.645755 -1150.974167 -1150.836734 -1151.905793 -1168.168411 -769.444042 -759.881384 -747.646613 -740.297201 -736.881330 -736.416301 -736.374436 -736.395907 -736.429320 -736.464311 -736.497846 -736.528848 -736.557104 -736.584985 -736.637348 -736.933996 -738.812019 -743.258907 -750.951672 -753.027614 -1156.488079 -1153.335727 -1151.588850 -1151.069586 -1150.949201 -1150.930209 -1150.932543 -1150.938222 -1150.943412 -1150.947475 -1150.950521 -1150.952800 -1150.954528 -1150.955860 -1150.956910 -1150.957749 -1150.958437 -1150.959032 -1150.959594 -1150.960197 -1150.960933 -1150.961934 -1150.963397 -1150.965625 -1150.969105 -1150.974626 -1150.983492 -1150.997925 -1151.021809 -1151.062191 -1151.132305 -1151.257766 -1151.489158 -1151.926982 -1152.769591 -1154.403234 -1157.576477 -1163.785820 -1176.269464 -1203.127406 -9999.0 -9999.0
-9999.0 -9999.0 -9999.0 -9999.0 -9999.0 -9999.0 -9999.0 -9999.0 -9999.0 -9999.0 -9999.0 -9999.0 -9999.0 -9999.0 -9999.0 -9999.0 -9999.0 -9999.0 -9999.0 -9999.0 -9999.0 -9999.0 -9999.0 -9999.0 -9999.0 -9999.0 -9999.0 -9999.0 -9999.0 -9999.0 -9999.0 -9999.0 -9999.0 -9999.0 -9999.0 -9999.0 -9999.0 -9999.0 -9999.0 -9999.0 -9999.0 -9999.0 -9999.0 -9999.0 -9999.0 -9999.0 -9999.0 -9999.0 -9999.0 -9999.0 -9999.0 -9999.0 -9999.0 -9999.0 -9999.0 -9999.0 -9999.0 -9999.0 -9999.0 -9999.0 -9999.0 -9999.0 -9999.0 -9999.0 -9999.0 -9999.0 -9999.0 -9999.0 -9999.0 -9999.0 -9999.0 -9999.0 -9999.0 -9999.0 -9999.0 -9999.0 -9999.0 -9999.0 -9999.0 -9999.0 -9999.0 -9999.0 -9999.0 -9999.0 -9999.0 -9999.0 -9999.0 -9999.0 -9999.0 -9999.0 -9999.0 -9999.0 -9999.0 -9999.0 -9999.0 -9999.0 -9999.0 -9999.0 -9999.0 -9999.0 -9999.0 -9999.0 -9999.0 -9999.0
-9999.0 -9999.0 -9999.0 -9999.0 -9999.0 -9999.0 -9999.0 -9999.0 -9999.0 -9999.0 -9999.0 -9999.0 -9999.0 -9999.0 -9999.0 -9999.0 -9999.0 -9999.0 -9999.0 -9999.0 -9999.0 -9999.0 -9999.0 -9999.0 -9999.0 -9999.0 -9999.0 -9999.0 -9999.0 -9999.0 -9999.0 -9999.0 -9999.0 -9999.0 -9999.0 -9999.0 -9999.0 -9999.0 -9999.0 -9999.0 -9999.0 -9999.0 -9999.0 -9999.0 -9999.0 -9999.0 -9999.0 -9999.0 -9999.0 -9999.0 -9999.0 -9999.0 -9999.0 -9999.0 -9999.0 -9999.0 -9999.0 -9999.0 -9999.0 -9999.0 -9999.0 -9999.0 -9999.0 -9999.0 -9999.0 -9999.0 -9999.0 -9999.0 -9999.0 -9999.0 -9999.0 -9999.0 -9999.0 -9999.0 -9999.0 -9999.0 -9999.0 -9999.0 -9999.0 -9999.0 -9999.0 -9999.0 -9999.0 -9999.0 -9999.0 -9999.0 -9999.0 -9999.0 -9999.0 -9999.0 -9999.0 -9999.0 -9999.0 -9999.0 -9999.0 -9999.0 -9999.0 -9999.0 -9999.0 -9999.0 -9999.0 -9999.0 -9999.0 -9999.0