inst/processing_geotop_simulation/geotop_simulation/out/maps3D/PwL0003N0363.asc
ncols         104
nrows         10
xllcorner     -2.000000
yllcorner     0.000000
cellsize      1.000000
NODATA_value  -9999.0
-9999.0 -9999.0 -9999.0 -9999.0 -9999.0 -9999.0 -9999.0 -9999.0 -9999.0 -9999.0 -9999.0 -9999.0 -9999.0 -9999.0 -9999.0 -9999.0 -9999.0 -9999.0 -9999.0 -9999.0 -9999.0 -9999.0 -9999.0 -9999.0 -9999.0 -9999.0 -9999.0 -9999.0 -9999.0 -9999.0 -9999.0 -9999.0 -9999.0 -9999.0 -9999.0 -9999.0 -9999.0 -9999.0 -9999.0 -9999.0 -9999.0 -9999.0 -9999.0 -9999.0 -9999.0 -9999.0 -9999.0 -9999.0 -9999.0 -9999.0 -9999.0 -9999.0 -9999.0 -9999.0 -9999.0 -9999.0 -9999.0 -9999.0 -9999.0 -9999.0 -9999.0 -9999.0 -9999.0 -9999.0 -9999.0 -9999.0 -9999.0 -9999.0 -9999.0 -9999.0 -9999.0 -9999.0 -9999.0 -9999.0 -9999.0 -9999.0 -9999.0 -9999.0 -9999.0 -9999.0 -9999.0 -9999.0 -9999.0 -9999.0 -9999.0 -9999.0 -9999.0 -9999.0 -9999.0 -9999.0 -9999.0 -9999.0 -9999.0 -9999.0 -9999.0 -9999.0 -9999.0 -9999.0 -9999.0 -9999.0 -9999.0 -9999.0 -9999.0 -9999.0
-9999.0 -9999.0 -9999.0 -9999.0 -9999.0 -9999.0 -9999.0 -9999.0 -9999.0 -9999.0 -9999.0 -9999.0 -9999.0 -9999.0 -9999.0 -9999.0 -9999.0 -9999.0 -9999.0 -9999.0 -9999.0 -9999.0 -9999.0 -9999.0 -9999.0 -9999.0 -9999.0 -9999.0 -9999.0 -9999.0 -9999.0 -9999.0 -9999.0 -9999.0 -9999.0 -9999.0 -9999.0 -9999.0 -9999.0 -9999.0 -9999.0 -9999.0 -9999.0 -9999.0 -9999.0 -9999.0 -9999.0 -9999.0 -9999.0 -9999.0 -9999.0 -9999.0 -9999.0 -9999.0 -9999.0 -9999.0 -9999.0 -9999.0 -9999.0 -9999.0 -9999.0 -9999.0 -9999.0 -9999.0 -9999.0 -9999.0 -9999.0 -9999.0 -9999.0 -9999.0 -9999.0 -9999.0 -9999.0 -9999.0 -9999.0 -9999.0 -9999.0 -9999.0 -9999.0 -9999.0 -9999.0 -9999.0 -9999.0 -9999.0 -9999.0 -9999.0 -9999.0 -9999.0 -9999.0 -9999.0 -9999.0 -9999.0 -9999.0 -9999.0 -9999.0 -9999.0 -9999.0 -9999.0 -9999.0 -9999.0 -9999.0 -9999.0 -9999.0 -9999.0
-9999.0 -9999.0 125.684211 28.387050 -70.244653 -169.227258 -268.340304 -367.500981 -466.665620 -565.804205 -664.862099 -763.771040 -862.543357 -961.111353 -1059.596824 -1158.066137 -1256.034141 -1353.226782 -1449.093471 -1542.662634 -1632.137914 -1714.576228 -1786.688317 -1846.338751 -1893.273755 -1928.759117 -1954.795322 -1973.477819 -1986.657967 -1995.831846 -2002.147421 -2006.456278 -2009.374758 -2011.340376 -2012.659286 -2013.545607 -2014.159581 -2014.676798 -2015.512103 -2017.826210 -2020.688770 -1968.123747 -1206.823614 -1208.040801 -1196.794555 -1189.396109 -1185.919077 -1185.379485 -1185.321014 -1185.326354 -1185.340915 -1185.356611 -1185.371704 -1185.385685 -1185.398698 -1185.414140 -1185.463574 -1185.789968 -1187.653784 -1191.774215 -1197.305591 -1187.968885 -1943.839979 -2014.668937 -2016.382440 -2015.640060 -2015.432705 -2015.393958 -2015.387950 -2015.387512 -2015.387927 -2015.388388 -2015.388767 -2015.389061 -2015.389288 -2015.389467 -2015.389610 -2015.389727 -2015.389827 -2015.389917 -2015.390007 -2015.390107 -2015.390233 -2015.390406 -2015.390659 -2015.391045 -2015.391651 -2015.392621 -2015.394202 -2015.396833 -2015.401320 -2015.409188 -2015.423409 -2015.449893 -2015.500642 -2015.600769 -2015.805415 -2016.244487 -2017.250969 -2019.769334 -2026.877739 -2050.496498 -9999.0 -9999.0
-9999.0 -9999.0 125.694133 28.388954 -70.244175 -169.227119 -268.340260 -367.500966 -466.665614 -565.804203 -664.862098 -763.771039 -862.543356 -961.111353 -1059.596824 -1158.066137 -1256.034141 -1353.226782 -1449.093471 -1542.662634 -1632.137914 -1714.576228 -1786.688317 -1846.338751 -1893.273755 -1928.759117 -1954.795322 -1973.477819 -1986.657967 -1995.831846 -2002.147421 -2006.456278 -2009.374758 -2011.340376 -2012.659286 -2013.545607 -2014.159581 -2014.676798 -2015.512103 -2017.826210 -2020.688770 -1968.123747 -1206.823614 -1208.040801 -1196.794555 -1189.396109 -1185.919077 -1185.379485 -1185.321014 -1185.326354 -1185.340915 -1185.356611 -1185.371704 -1185.385685 -1185.398698 -1185.414140 -1185.463574 -1185.789968 -1187.653784 -1191.774215 -1197.305591 -1187.968885 -1943.839979 -2014.668937 -2016.382440 -2015.640060 -2015.432705 -2015.393958 -2015.387950 -2015.387512 -2015.387927 -2015.388388 -2015.388767 -2015.389061 -2015.389288 -2015.389467 -2015.389610 -2015.389727 -2015.389827 -2015.389917 -2015.390007 -2015.390107 -2015.390233 -2015.390406 -2015.390659 -2015.391045 -2015.391651 -2015.392621 -2015.394202 -2015.396833 -2015.401320 -2015.409188 -2015.423409 -2015.449893 -2015.500642 -2015.600769 -2015.805415 -2016.244487 -2017.250969 -2019.769334 -2026.877739 -2050.496498 -9999.0 -9999.0
-9999.0 -9999.0 125.695371 28.389723 -70.243872 -169.227009 -268.340221 -367.500952 -466.665609 -565.804201 -664.862097 -763.771039 -862.543356 -961.111353 -1059.596824 -1158.066137 -1256.034141 -1353.226782 -1449.093471 -1542.662635 -1632.137914 -1714.576228 -1786.688317 -1846.338751 -1893.273755 -1928.759117 -1954.795322 -1973.477819 -1986.657967 -1995.831846 -2002.147421 -2006.456278 -2009.374758 -2011.340376 -2012.659286 -2013.545607 -2014.159581 -2014.676798 -2015.512103 -2017.826210 -2020.688770 -1968.123747 -1206.823614 -1208.040801 -1196.794555 -1189.396109 -1185.919077 -1185.379485 -1185.321014 -1185.326354 -1185.340915 -1185.356611 -1185.371704 -1185.385685 -1185.398698 -1185.414140 -1185.463574 -1185.789968 -1187.653784 -1191.774215 -1197.305591 -1187.968885 -1943.839979 -2014.668937 -2016.382440 -2015.640060 -2015.432705 -2015.393958 -2015.387950 -2015.387512 -2015.387927 -2015.388388 -2015.388767 -2015.389061 -2015.389288 -2015.389467 -2015.389610 -2015.389727 -2015.389827 -2015.389917 -2015.390007 -2015.390107 -2015.390233 -2015.390406 -2015.390659 -2015.391045 -2015.391651 -2015.392621 -2015.394202 -2015.396833 -2015.401320 -2015.409188 -2015.423409 -2015.449893 -2015.500642 -2015.600769 -2015.805415 -2016.244487 -2017.250969 -2019.769334 -2026.877739 -2050.496498 -9999.0 -9999.0
-9999.0 -9999.0 125.695371 28.389723 -70.243872 -169.227009 -268.340221 -367.500952 -466.665609 -565.804201 -664.862097 -763.771039 -862.543356 -961.111353 -1059.596824 -1158.066137 -1256.034141 -1353.226782 -1449.093471 -1542.662635 -1632.137914 -1714.576228 -1786.688317 -1846.338751 -1893.273755 -1928.759117 -1954.795322 -1973.477819 -1986.657967 -1995.831846 -2002.147421 -2006.456278 -2009.374758 -2011.340376 -2012.659286 -2013.545607 -2014.159581 -2014.676798 -2015.512103 -2017.826210 -2020.688770 -1968.123747 -1206.823614 -1208.040801 -1196.794555 -1189.396109 -1185.919077 -1185.379485 -1185.321014 -1185.326354 -1185.340915 -1185.356611 -1185.371704 -1185.385685 -1185.398698 -1185.414140 -1185.463574 -1185.789968 -1187.653784 -1191.774215 -1197.305591 -1187.968885 -1943.839979 -2014.668937 -2016.382440 -2015.640060 -2015.432705 -2015.393958 -2015.387950 -2015.387512 -2015.387927 -2015.388388 -2015.388767 -2015.389061 -2015.389288 -2015.389467 -2015.389610 -2015.389727 -2015.389827 -2015.389917 -2015.390007 -2015.390107 -2015.390233 -2015.390406 -2015.390659 -2015.391045 -2015.391651 -2015.392621 -2015.394202 -2015.396833 -2015.401320 -2015.409188 -2015.423409 -2015.449893 -2015.500642 -2015.600769 -2015.805415 -2016.244487 -2017.250969 -2019.769334 -2026.877739 -2050.496498 -9999.0 -9999.0
-9999.0 -9999.0 125.694133 28.388954 -70.244175 -169.227119 -268.340260 -367.500966 -466.665614 -565.804203 -664.862098 -763.771039 -862.543357 -961.111353 -1059.596824 -1158.066137 -1256.034141 -1353.226782 -1449.093471 -1542.662634 -1632.137914 -1714.576228 -1786.688317 -1846.338751 -1893.273755 -1928.759117 -1954.795322 -1973.477819 -1986.657967 -1995.831846 -2002.147421 -2006.456278 -2009.374758 -2011.340376 -2012.659286 -2013.545607 -2014.159581 -2014.676798 -2015.512103 -2017.826210 -2020.688770 -1968.123747 -1206.823614 -1208.040801 -1196.794555 -1189.396109 -1185.919077 -1185.379485 -1185.321014 -1185.326354 -1185.340915 -1185.356611 -1185.371704 -1185.385685 -1185.398698 -1185.414140 -1185.463574 -1185.789968 -1187.653784 -1191.774215 -1197.305591 -1187.968885 -1943.839979 -2014.668937 -2016.382440 -2015.640060 -2015.432705 -2015.393958 -2015.387950 -2015.387512 -2015.387927 -2015.388388 -2015.388767 -2015.389061 -2015.389288 -2015.389467 -2015.389610 -2015.389727 -2015.389827 -2015.389917 -2015.390007 -2015.390107 -2015.390233 -2015.390406 -2015.390659 -2015.391045 -2015.391651 -2015.392621 -2015.394202 -2015.396833 -2015.401320 -2015.409188 -2015.423409 -2015.449893 -2015.500642 -2015.600769 -2015.805415 -2016.244487 -2017.250969 -2019.769334 -2026.877739 -2050.496498 -9999.0 -9999.0
-9999.0 -9999.0 125.684211 28.387050 -70.244653 -169.227258 -268.340304 -367.500981 -466.665620 -565.804205 -664.862099 -763.771040 -862.543357 -961.111353 -1059.596824 -1158.066137 -1256.034141 -1353.226782 -1449.093471 -1542.662634 -1632.137914 -1714.576228 -1786.688317 -1846.338751 -1893.273755 -1928.759117 -1954.795322 -1973.477819 -1986.657967 -1995.831846 -2002.147421 -2006.456278 -2009.374758 -2011.340376 -2012.659286 -2013.545607 -2014.159581 -2014.676798 -2015.512103 -2017.826210 -2020.688770 -1968.123747 -1206.823614 -1208.040801 -1196.794555 -1189.396109 -1185.919077 -1185.379485 -1185.321014 -1185.326354 -1185.340915 -1185.356611 -1185.371704 -1185.385685 -1185.398698 -1185.414140 -1185.463574 -1185.789968 -1187.653784 -1191.774215 -1197.305591 -1187.968885 -1943.839979 -2014.668937 -2016.382440 -2015.640060 -2015.432705 -2015.393958 -2015.387950 -2015.387512 -2015.387927 -2015.388388 -2015.388767 -2015.389061 -2015.389288 -2015.389467 -2015.389610 -2015.389727 -2015.389827 -2015.389917 -2015.390007 -2015.390107 -2015.390233 -2015.390406 -2015.390659 -2015.391045 -2015.391651 -2015.392621 -2015.394202 -2015.396833 -2015.401320 -2015.409188 -2015.423409 -2015.449893 -2015.500642 -2015.600769 -2015.805415 -2016.244487 -2017.250969 -2019.769334 -2026.877739 -2050.496498 -9999.0 -9999.0
-9999.0 -9999.0 -9999.0 -9999.0 -9999.0 -9999.0 -9999.0 -9999.0 -9999.0 -9999.0 -9999.0 -9999.0 -9999.0 -9999.0 -9999.0 -9999.0 -9999.0 -9999.0 -9999.0 -9999.0 -9999.0 -9999.0 -9999.0 -9999.0 -9999.0 -9999.0 -9999.0 -9999.0 -9999.0 -9999.0 -9999.0 -9999.0 -9999.0 -9999.0 -9999.0 -9999.0 -9999.0 -9999.0 -9999.0 -9999.0 -9999.0 -9999.0 -9999.0 -9999.0 -9999.0 -9999.0 -9999.0 -9999.0 -9999.0 -9999.0 -9999.0 -9999.0 -9999.0 -9999.0 -9999.0 -9999.0 -9999.0 -9999.0 -9999.0 -9999.0 -9999.0 -9999.0 -9999.0 -9999.0 -9999.0 -9999.0 -9999.0 -9999.0 -9999.0 -9999.0 -9999.0 -9999.0 -9999.0 -9999.0 -9999.0 -9999.0 -9999.0 -9999.0 -9999.0 -9999.0 -9999.0 -9999.0 -9999.0 -9999.0 -9999.0 -9999.0 -9999.0 -9999.0 -9999.0 -9999.0 -9999.0 -9999.0 -9999.0 -9999.0 -9999.0 -9999.0 -9999.0 -9999.0 -9999.0 -9999.0 -9999.0 -9999.0 -9999.0 -9999.0
-9999.0 -9999.0 -9999.0 -9999.0 -9999.0 -9999.0 -9999.0 -9999.0 -9999.0 -9999.0 -9999.0 -9999.0 -9999.0 -9999.0 -9999.0 -9999.0 -9999.0 -9999.0 -9999.0 -9999.0 -9999.0 -9999.0 -9999.0 -9999.0 -9999.0 -9999.0 -9999.0 -9999.0 -9999.0 -9999.0 -9999.0 -9999.0 -9999.0 -9999.0 -9999.0 -9999.0 -9999.0 -9999.0 -9999.0 -9999.0 -9999.0 -9999.0 -9999.0 -9999.0 -9999.0 -9999.0 -9999.0 -9999.0 -9999.0 -9999.0 -9999.0 -9999.0 -9999.0 -9999.0 -9999.0 -9999.0 -9999.0 -9999.0 -9999.0 -9999.0 -9999.0 -9999.0 -9999.0 -9999.0 -9999.0 -9999.0 -9999.0 -9999.0 -9999.0 -9999.0 -9999.0 -9999.0 -9999.0 -9999.0 -9999.0 -9999.0 -9999.0 -9999.0 -9999.0 -9999.0 -9999.0 -9999.0 -9999.0 -9999.0 -9999.0 -9999.0 -9999.0 -9999.0 -9999.0 -9999.0 -9999.0 -9999.0 -9999.0 -9999.0 -9999.0 -9999.0 -9999.0 -9999.0 -9999.0 -9999.0 -9999.0 -9999.0 -9999.0 -9999.0