inst/processing_geotop_simulation/geotop_simulation/out/maps3D/PwL0005N0348.asc
ncols         104
nrows         10
xllcorner     -2.000000
yllcorner     0.000000
cellsize      1.000000
NODATA_value  -9999.0
-9999.0 -9999.0 -9999.0 -9999.0 -9999.0 -9999.0 -9999.0 -9999.0 -9999.0 -9999.0 -9999.0 -9999.0 -9999.0 -9999.0 -9999.0 -9999.0 -9999.0 -9999.0 -9999.0 -9999.0 -9999.0 -9999.0 -9999.0 -9999.0 -9999.0 -9999.0 -9999.0 -9999.0 -9999.0 -9999.0 -9999.0 -9999.0 -9999.0 -9999.0 -9999.0 -9999.0 -9999.0 -9999.0 -9999.0 -9999.0 -9999.0 -9999.0 -9999.0 -9999.0 -9999.0 -9999.0 -9999.0 -9999.0 -9999.0 -9999.0 -9999.0 -9999.0 -9999.0 -9999.0 -9999.0 -9999.0 -9999.0 -9999.0 -9999.0 -9999.0 -9999.0 -9999.0 -9999.0 -9999.0 -9999.0 -9999.0 -9999.0 -9999.0 -9999.0 -9999.0 -9999.0 -9999.0 -9999.0 -9999.0 -9999.0 -9999.0 -9999.0 -9999.0 -9999.0 -9999.0 -9999.0 -9999.0 -9999.0 -9999.0 -9999.0 -9999.0 -9999.0 -9999.0 -9999.0 -9999.0 -9999.0 -9999.0 -9999.0 -9999.0 -9999.0 -9999.0 -9999.0 -9999.0 -9999.0 -9999.0 -9999.0 -9999.0 -9999.0 -9999.0
-9999.0 -9999.0 -9999.0 -9999.0 -9999.0 -9999.0 -9999.0 -9999.0 -9999.0 -9999.0 -9999.0 -9999.0 -9999.0 -9999.0 -9999.0 -9999.0 -9999.0 -9999.0 -9999.0 -9999.0 -9999.0 -9999.0 -9999.0 -9999.0 -9999.0 -9999.0 -9999.0 -9999.0 -9999.0 -9999.0 -9999.0 -9999.0 -9999.0 -9999.0 -9999.0 -9999.0 -9999.0 -9999.0 -9999.0 -9999.0 -9999.0 -9999.0 -9999.0 -9999.0 -9999.0 -9999.0 -9999.0 -9999.0 -9999.0 -9999.0 -9999.0 -9999.0 -9999.0 -9999.0 -9999.0 -9999.0 -9999.0 -9999.0 -9999.0 -9999.0 -9999.0 -9999.0 -9999.0 -9999.0 -9999.0 -9999.0 -9999.0 -9999.0 -9999.0 -9999.0 -9999.0 -9999.0 -9999.0 -9999.0 -9999.0 -9999.0 -9999.0 -9999.0 -9999.0 -9999.0 -9999.0 -9999.0 -9999.0 -9999.0 -9999.0 -9999.0 -9999.0 -9999.0 -9999.0 -9999.0 -9999.0 -9999.0 -9999.0 -9999.0 -9999.0 -9999.0 -9999.0 -9999.0 -9999.0 -9999.0 -9999.0 -9999.0 -9999.0 -9999.0
-9999.0 -9999.0 225.175344 127.782660 29.231221 -69.676689 -168.722884 -267.823311 -366.932890 -466.021271 -565.047628 -663.915130 -762.570173 -861.071086 -959.446638 -1057.834066 -1155.906158 -1253.065288 -1348.900705 -1442.470713 -1532.016073 -1614.644234 -1687.134857 -1747.372766 -1795.036193 -1831.279706 -1858.010493 -1877.274064 -1890.909886 -1900.424880 -1906.987346 -1911.470549 -1914.509945 -1916.558328 -1917.933343 -1918.857383 -1919.496303 -1920.028857 -1920.875298 -1923.277164 -1927.286870 -1886.413500 -1181.956133 -1196.139531 -1181.728936 -1172.250992 -1167.812553 -1167.140576 -1167.068538 -1167.075176 -1167.093133 -1167.112475 -1167.131069 -1167.148292 -1167.164308 -1167.183208 -1167.243346 -1167.645239 -1170.006721 -1175.248521 -1182.125434 -1157.785078 -1860.335583 -1920.985038 -1921.839228 -1921.032932 -1920.823395 -1920.785074 -1920.779203 -1920.778805 -1920.779241 -1920.779716 -1920.780105 -1920.780407 -1920.780640 -1920.780824 -1920.780971 -1920.781091 -1920.781194 -1920.781286 -1920.781378 -1920.781481 -1920.781610 -1920.781787 -1920.782046 -1920.782441 -1920.783061 -1920.784052 -1920.785667 -1920.788353 -1920.792933 -1920.800959 -1920.815458 -1920.842443 -1920.894127 -1920.996024 -1921.204075 -1921.649791 -1922.669221 -1925.210659 -1932.345859 -1955.941256 -9999.0 -9999.0
-9999.0 -9999.0 225.183929 127.784524 29.231702 -69.676548 -168.722839 -267.823296 -366.932884 -466.021269 -565.047627 -663.915129 -762.570173 -861.071086 -959.446638 -1057.834066 -1155.906158 -1253.065288 -1348.900705 -1442.470714 -1532.016073 -1614.644234 -1687.134857 -1747.372766 -1795.036193 -1831.279706 -1858.010493 -1877.274064 -1890.909886 -1900.424880 -1906.987346 -1911.470549 -1914.509945 -1916.558328 -1917.933343 -1918.857383 -1919.496303 -1920.028857 -1920.875298 -1923.277164 -1927.286870 -1886.413500 -1181.956133 -1196.139531 -1181.728935 -1172.250992 -1167.812553 -1167.140576 -1167.068538 -1167.075176 -1167.093133 -1167.112475 -1167.131069 -1167.148292 -1167.164308 -1167.183208 -1167.243346 -1167.645239 -1170.006721 -1175.248521 -1182.125434 -1157.785078 -1860.335583 -1920.985038 -1921.839228 -1921.032932 -1920.823395 -1920.785074 -1920.779203 -1920.778805 -1920.779241 -1920.779716 -1920.780105 -1920.780407 -1920.780640 -1920.780824 -1920.780971 -1920.781091 -1920.781194 -1920.781286 -1920.781378 -1920.781481 -1920.781610 -1920.781787 -1920.782046 -1920.782441 -1920.783061 -1920.784052 -1920.785667 -1920.788353 -1920.792933 -1920.800959 -1920.815458 -1920.842443 -1920.894127 -1920.996024 -1921.204075 -1921.649791 -1922.669221 -1925.210659 -1932.345859 -1955.941256 -9999.0 -9999.0
-9999.0 -9999.0 225.185278 127.785294 29.232006 -69.676437 -168.722800 -267.823281 -366.932879 -466.021267 -565.047626 -663.915129 -762.570173 -861.071086 -959.446638 -1057.834066 -1155.906158 -1253.065288 -1348.900705 -1442.470714 -1532.016074 -1614.644234 -1687.134857 -1747.372766 -1795.036193 -1831.279706 -1858.010493 -1877.274064 -1890.909886 -1900.424880 -1906.987346 -1911.470549 -1914.509945 -1916.558328 -1917.933343 -1918.857383 -1919.496303 -1920.028857 -1920.875298 -1923.277164 -1927.286870 -1886.413500 -1181.956133 -1196.139531 -1181.728935 -1172.250992 -1167.812553 -1167.140576 -1167.068538 -1167.075176 -1167.093133 -1167.112475 -1167.131069 -1167.148292 -1167.164308 -1167.183208 -1167.243346 -1167.645239 -1170.006721 -1175.248521 -1182.125434 -1157.785078 -1860.335583 -1920.985038 -1921.839228 -1921.032932 -1920.823395 -1920.785074 -1920.779203 -1920.778805 -1920.779241 -1920.779716 -1920.780105 -1920.780407 -1920.780640 -1920.780824 -1920.780971 -1920.781091 -1920.781194 -1920.781286 -1920.781378 -1920.781481 -1920.781610 -1920.781787 -1920.782046 -1920.782441 -1920.783061 -1920.784052 -1920.785667 -1920.788353 -1920.792933 -1920.800959 -1920.815458 -1920.842443 -1920.894127 -1920.996024 -1921.204075 -1921.649791 -1922.669221 -1925.210659 -1932.345859 -1955.941256 -9999.0 -9999.0
-9999.0 -9999.0 225.185278 127.785294 29.232007 -69.676438 -168.722799 -267.823282 -366.932879 -466.021267 -565.047626 -663.915129 -762.570173 -861.071086 -959.446638 -1057.834066 -1155.906158 -1253.065288 -1348.900705 -1442.470714 -1532.016074 -1614.644234 -1687.134857 -1747.372766 -1795.036193 -1831.279706 -1858.010493 -1877.274064 -1890.909886 -1900.424880 -1906.987346 -1911.470549 -1914.509945 -1916.558328 -1917.933343 -1918.857383 -1919.496303 -1920.028857 -1920.875298 -1923.277164 -1927.286870 -1886.413500 -1181.956133 -1196.139531 -1181.728935 -1172.250992 -1167.812553 -1167.140576 -1167.068538 -1167.075176 -1167.093133 -1167.112475 -1167.131069 -1167.148292 -1167.164308 -1167.183208 -1167.243346 -1167.645239 -1170.006721 -1175.248521 -1182.125434 -1157.785078 -1860.335583 -1920.985038 -1921.839228 -1921.032932 -1920.823395 -1920.785074 -1920.779203 -1920.778805 -1920.779241 -1920.779716 -1920.780105 -1920.780407 -1920.780640 -1920.780824 -1920.780971 -1920.781091 -1920.781194 -1920.781286 -1920.781378 -1920.781481 -1920.781610 -1920.781787 -1920.782046 -1920.782441 -1920.783061 -1920.784052 -1920.785667 -1920.788353 -1920.792933 -1920.800959 -1920.815458 -1920.842443 -1920.894127 -1920.996024 -1921.204075 -1921.649791 -1922.669221 -1925.210659 -1932.345859 -1955.941256 -9999.0 -9999.0
-9999.0 -9999.0 225.183929 127.784524 29.231701 -69.676548 -168.722839 -267.823295 -366.932884 -466.021269 -565.047627 -663.915129 -762.570173 -861.071086 -959.446638 -1057.834066 -1155.906158 -1253.065288 -1348.900705 -1442.470714 -1532.016074 -1614.644234 -1687.134857 -1747.372766 -1795.036193 -1831.279706 -1858.010493 -1877.274064 -1890.909886 -1900.424880 -1906.987346 -1911.470549 -1914.509945 -1916.558328 -1917.933343 -1918.857383 -1919.496303 -1920.028857 -1920.875298 -1923.277164 -1927.286870 -1886.413500 -1181.956133 -1196.139531 -1181.728935 -1172.250992 -1167.812553 -1167.140576 -1167.068538 -1167.075176 -1167.093133 -1167.112475 -1167.131069 -1167.148292 -1167.164308 -1167.183208 -1167.243346 -1167.645239 -1170.006721 -1175.248521 -1182.125434 -1157.785078 -1860.335583 -1920.985038 -1921.839228 -1921.032932 -1920.823395 -1920.785074 -1920.779203 -1920.778805 -1920.779241 -1920.779716 -1920.780105 -1920.780407 -1920.780640 -1920.780824 -1920.780971 -1920.781091 -1920.781194 -1920.781286 -1920.781378 -1920.781481 -1920.781610 -1920.781787 -1920.782046 -1920.782441 -1920.783061 -1920.784052 -1920.785667 -1920.788353 -1920.792933 -1920.800959 -1920.815458 -1920.842443 -1920.894127 -1920.996024 -1921.204075 -1921.649791 -1922.669221 -1925.210659 -1932.345859 -1955.941256 -9999.0 -9999.0
-9999.0 -9999.0 225.175344 127.782659 29.231221 -69.676689 -168.722884 -267.823311 -366.932890 -466.021271 -565.047628 -663.915130 -762.570173 -861.071086 -959.446637 -1057.834066 -1155.906158 -1253.065288 -1348.900705 -1442.470713 -1532.016073 -1614.644234 -1687.134857 -1747.372766 -1795.036193 -1831.279706 -1858.010493 -1877.274064 -1890.909886 -1900.424880 -1906.987346 -1911.470549 -1914.509945 -1916.558328 -1917.933343 -1918.857383 -1919.496303 -1920.028857 -1920.875298 -1923.277164 -1927.286870 -1886.413500 -1181.956133 -1196.139531 -1181.728936 -1172.250992 -1167.812553 -1167.140576 -1167.068538 -1167.075176 -1167.093133 -1167.112475 -1167.131069 -1167.148292 -1167.164308 -1167.183208 -1167.243346 -1167.645239 -1170.006721 -1175.248521 -1182.125434 -1157.785078 -1860.335583 -1920.985038 -1921.839228 -1921.032932 -1920.823395 -1920.785074 -1920.779203 -1920.778805 -1920.779241 -1920.779716 -1920.780105 -1920.780407 -1920.780640 -1920.780824 -1920.780971 -1920.781091 -1920.781194 -1920.781286 -1920.781378 -1920.781481 -1920.781610 -1920.781787 -1920.782046 -1920.782441 -1920.783061 -1920.784052 -1920.785667 -1920.788353 -1920.792933 -1920.800959 -1920.815458 -1920.842443 -1920.894127 -1920.996024 -1921.204075 -1921.649791 -1922.669221 -1925.210659 -1932.345859 -1955.941256 -9999.0 -9999.0
-9999.0 -9999.0 -9999.0 -9999.0 -9999.0 -9999.0 -9999.0 -9999.0 -9999.0 -9999.0 -9999.0 -9999.0 -9999.0 -9999.0 -9999.0 -9999.0 -9999.0 -9999.0 -9999.0 -9999.0 -9999.0 -9999.0 -9999.0 -9999.0 -9999.0 -9999.0 -9999.0 -9999.0 -9999.0 -9999.0 -9999.0 -9999.0 -9999.0 -9999.0 -9999.0 -9999.0 -9999.0 -9999.0 -9999.0 -9999.0 -9999.0 -9999.0 -9999.0 -9999.0 -9999.0 -9999.0 -9999.0 -9999.0 -9999.0 -9999.0 -9999.0 -9999.0 -9999.0 -9999.0 -9999.0 -9999.0 -9999.0 -9999.0 -9999.0 -9999.0 -9999.0 -9999.0 -9999.0 -9999.0 -9999.0 -9999.0 -9999.0 -9999.0 -9999.0 -9999.0 -9999.0 -9999.0 -9999.0 -9999.0 -9999.0 -9999.0 -9999.0 -9999.0 -9999.0 -9999.0 -9999.0 -9999.0 -9999.0 -9999.0 -9999.0 -9999.0 -9999.0 -9999.0 -9999.0 -9999.0 -9999.0 -9999.0 -9999.0 -9999.0 -9999.0 -9999.0 -9999.0 -9999.0 -9999.0 -9999.0 -9999.0 -9999.0 -9999.0 -9999.0
-9999.0 -9999.0 -9999.0 -9999.0 -9999.0 -9999.0 -9999.0 -9999.0 -9999.0 -9999.0 -9999.0 -9999.0 -9999.0 -9999.0 -9999.0 -9999.0 -9999.0 -9999.0 -9999.0 -9999.0 -9999.0 -9999.0 -9999.0 -9999.0 -9999.0 -9999.0 -9999.0 -9999.0 -9999.0 -9999.0 -9999.0 -9999.0 -9999.0 -9999.0 -9999.0 -9999.0 -9999.0 -9999.0 -9999.0 -9999.0 -9999.0 -9999.0 -9999.0 -9999.0 -9999.0 -9999.0 -9999.0 -9999.0 -9999.0 -9999.0 -9999.0 -9999.0 -9999.0 -9999.0 -9999.0 -9999.0 -9999.0 -9999.0 -9999.0 -9999.0 -9999.0 -9999.0 -9999.0 -9999.0 -9999.0 -9999.0 -9999.0 -9999.0 -9999.0 -9999.0 -9999.0 -9999.0 -9999.0 -9999.0 -9999.0 -9999.0 -9999.0 -9999.0 -9999.0 -9999.0 -9999.0 -9999.0 -9999.0 -9999.0 -9999.0 -9999.0 -9999.0 -9999.0 -9999.0 -9999.0 -9999.0 -9999.0 -9999.0 -9999.0 -9999.0 -9999.0 -9999.0 -9999.0 -9999.0 -9999.0 -9999.0 -9999.0 -9999.0 -9999.0