inst/processing_geotop_simulation/geotop_simulation/out/maps3D/PwL0014N0447.asc
ncols         104
nrows         10
xllcorner     -2.000000
yllcorner     0.000000
cellsize      1.000000
NODATA_value  -9999.0
-9999.0 -9999.0 -9999.0 -9999.0 -9999.0 -9999.0 -9999.0 -9999.0 -9999.0 -9999.0 -9999.0 -9999.0 -9999.0 -9999.0 -9999.0 -9999.0 -9999.0 -9999.0 -9999.0 -9999.0 -9999.0 -9999.0 -9999.0 -9999.0 -9999.0 -9999.0 -9999.0 -9999.0 -9999.0 -9999.0 -9999.0 -9999.0 -9999.0 -9999.0 -9999.0 -9999.0 -9999.0 -9999.0 -9999.0 -9999.0 -9999.0 -9999.0 -9999.0 -9999.0 -9999.0 -9999.0 -9999.0 -9999.0 -9999.0 -9999.0 -9999.0 -9999.0 -9999.0 -9999.0 -9999.0 -9999.0 -9999.0 -9999.0 -9999.0 -9999.0 -9999.0 -9999.0 -9999.0 -9999.0 -9999.0 -9999.0 -9999.0 -9999.0 -9999.0 -9999.0 -9999.0 -9999.0 -9999.0 -9999.0 -9999.0 -9999.0 -9999.0 -9999.0 -9999.0 -9999.0 -9999.0 -9999.0 -9999.0 -9999.0 -9999.0 -9999.0 -9999.0 -9999.0 -9999.0 -9999.0 -9999.0 -9999.0 -9999.0 -9999.0 -9999.0 -9999.0 -9999.0 -9999.0 -9999.0 -9999.0 -9999.0 -9999.0 -9999.0 -9999.0
-9999.0 -9999.0 -9999.0 -9999.0 -9999.0 -9999.0 -9999.0 -9999.0 -9999.0 -9999.0 -9999.0 -9999.0 -9999.0 -9999.0 -9999.0 -9999.0 -9999.0 -9999.0 -9999.0 -9999.0 -9999.0 -9999.0 -9999.0 -9999.0 -9999.0 -9999.0 -9999.0 -9999.0 -9999.0 -9999.0 -9999.0 -9999.0 -9999.0 -9999.0 -9999.0 -9999.0 -9999.0 -9999.0 -9999.0 -9999.0 -9999.0 -9999.0 -9999.0 -9999.0 -9999.0 -9999.0 -9999.0 -9999.0 -9999.0 -9999.0 -9999.0 -9999.0 -9999.0 -9999.0 -9999.0 -9999.0 -9999.0 -9999.0 -9999.0 -9999.0 -9999.0 -9999.0 -9999.0 -9999.0 -9999.0 -9999.0 -9999.0 -9999.0 -9999.0 -9999.0 -9999.0 -9999.0 -9999.0 -9999.0 -9999.0 -9999.0 -9999.0 -9999.0 -9999.0 -9999.0 -9999.0 -9999.0 -9999.0 -9999.0 -9999.0 -9999.0 -9999.0 -9999.0 -9999.0 -9999.0 -9999.0 -9999.0 -9999.0 -9999.0 -9999.0 -9999.0 -9999.0 -9999.0 -9999.0 -9999.0 -9999.0 -9999.0 -9999.0 -9999.0
-9999.0 -9999.0 670.691655 571.768059 472.609724 373.294486 273.906363 174.487237 75.058021 -24.368644 -123.786041 -223.191573 -322.575742 -421.920175 -521.193817 -620.351906 -719.316377 -818.352676 -917.275196 -1016.042141 -1114.574663 -1211.093165 -1304.723623 -1393.408263 -1474.838163 -1546.988815 -1608.568121 -1659.227405 -1699.504264 -1730.572947 -1753.929561 -1771.119010 -1783.554211 -1792.428003 -1798.693438 -1803.086005 -1806.175275 -1808.472123 -1810.699714 -1814.247604 -1819.551551 -1811.381051 -1682.464639 -3344.456447 -3037.275774 -2804.799107 -2705.028869 -2692.016246 -2690.690733 -2690.821858 -2691.159336 -2691.521505 -2691.869347 -2692.191351 -2692.489627 -2692.831558 -2693.876286 -2701.229471 -2751.864735 -2871.540349 -2940.347896 -1523.605916 -1770.334702 -1811.781820 -1813.891979 -1813.224589 -1812.975471 -1812.920288 -1812.910497 -1812.909300 -1812.909543 -1812.909956 -1812.910329 -1812.910641 -1812.910902 -1812.911127 -1812.911325 -1812.911504 -1812.911672 -1812.911836 -1812.912002 -1812.912181 -1812.912386 -1812.912634 -1812.912955 -1812.913395 -1812.914028 -1812.914979 -1812.916466 -1812.918878 -1812.922936 -1812.930018 -1812.942835 -1812.966853 -1813.013445 -1813.107286 -1813.305186 -1813.747429 -1814.807532 -1817.570311 -1825.532809 -1851.323955 -9999.0 -9999.0
-9999.0 -9999.0 670.695694 571.769364 472.610114 373.294607 273.906403 174.487251 75.058026 -24.368641 -123.786040 -223.191572 -322.575742 -421.920175 -521.193817 -620.351906 -719.316378 -818.352676 -917.275196 -1016.042141 -1114.574663 -1211.093165 -1304.723623 -1393.408264 -1474.838163 -1546.988815 -1608.568121 -1659.227405 -1699.504264 -1730.572947 -1753.929561 -1771.119010 -1783.554211 -1792.428003 -1798.693438 -1803.086005 -1806.175275 -1808.472123 -1810.699714 -1814.247604 -1819.551551 -1811.381051 -1682.464639 -3344.456445 -3037.275771 -2804.799101 -2705.028869 -2692.016246 -2690.690733 -2690.821858 -2691.159336 -2691.521505 -2691.869347 -2692.191351 -2692.489627 -2692.831558 -2693.876286 -2701.229471 -2751.864735 -2871.540349 -2940.347896 -1523.605916 -1770.334702 -1811.781820 -1813.891979 -1813.224589 -1812.975471 -1812.920288 -1812.910497 -1812.909300 -1812.909543 -1812.909956 -1812.910329 -1812.910641 -1812.910902 -1812.911127 -1812.911325 -1812.911504 -1812.911672 -1812.911836 -1812.912002 -1812.912181 -1812.912386 -1812.912634 -1812.912955 -1812.913395 -1812.914028 -1812.914979 -1812.916466 -1812.918878 -1812.922936 -1812.930018 -1812.942835 -1812.966853 -1813.013445 -1813.107286 -1813.305186 -1813.747429 -1814.807532 -1817.570311 -1825.532809 -1851.323955 -9999.0 -9999.0
-9999.0 -9999.0 670.696905 571.769997 472.610372 373.294704 273.906438 174.487264 75.058031 -24.368640 -123.786039 -223.191572 -322.575741 -421.920175 -521.193817 -620.351906 -719.316378 -818.352676 -917.275196 -1016.042142 -1114.574664 -1211.093165 -1304.723623 -1393.408264 -1474.838163 -1546.988815 -1608.568121 -1659.227405 -1699.504264 -1730.572947 -1753.929561 -1771.119010 -1783.554211 -1792.428003 -1798.693438 -1803.086005 -1806.175275 -1808.472123 -1810.699714 -1814.247604 -1819.551551 -1811.381051 -1682.464639 -3344.456445 -3037.275770 -2804.799098 -2705.028869 -2692.016246 -2690.690733 -2690.821858 -2691.159336 -2691.521505 -2691.869347 -2692.191351 -2692.489627 -2692.831558 -2693.876286 -2701.229471 -2751.864735 -2871.540349 -2940.347896 -1523.605916 -1770.334702 -1811.781820 -1813.891979 -1813.224589 -1812.975471 -1812.920288 -1812.910497 -1812.909300 -1812.909543 -1812.909956 -1812.910329 -1812.910641 -1812.910902 -1812.911127 -1812.911325 -1812.911504 -1812.911672 -1812.911836 -1812.912002 -1812.912181 -1812.912386 -1812.912634 -1812.912955 -1812.913395 -1812.914028 -1812.914979 -1812.916466 -1812.918878 -1812.922936 -1812.930018 -1812.942835 -1812.966853 -1813.013445 -1813.107286 -1813.305186 -1813.747429 -1814.807532 -1817.570311 -1825.532809 -1851.323955 -9999.0 -9999.0
-9999.0 -9999.0 670.696905 571.769997 472.610372 373.294704 273.906438 174.487264 75.058031 -24.368640 -123.786039 -223.191572 -322.575741 -421.920175 -521.193817 -620.351906 -719.316378 -818.352676 -917.275196 -1016.042142 -1114.574664 -1211.093165 -1304.723623 -1393.408264 -1474.838163 -1546.988815 -1608.568121 -1659.227405 -1699.504264 -1730.572947 -1753.929561 -1771.119010 -1783.554211 -1792.428003 -1798.693438 -1803.086005 -1806.175275 -1808.472123 -1810.699714 -1814.247604 -1819.551551 -1811.381051 -1682.464639 -3344.456445 -3037.275770 -2804.799098 -2705.028869 -2692.016246 -2690.690733 -2690.821858 -2691.159336 -2691.521505 -2691.869347 -2692.191351 -2692.489627 -2692.831558 -2693.876286 -2701.229471 -2751.864735 -2871.540349 -2940.347896 -1523.605916 -1770.334702 -1811.781820 -1813.891979 -1813.224589 -1812.975471 -1812.920288 -1812.910497 -1812.909300 -1812.909543 -1812.909956 -1812.910329 -1812.910641 -1812.910902 -1812.911127 -1812.911325 -1812.911504 -1812.911672 -1812.911836 -1812.912002 -1812.912181 -1812.912386 -1812.912634 -1812.912955 -1812.913395 -1812.914028 -1812.914979 -1812.916466 -1812.918878 -1812.922936 -1812.930018 -1812.942835 -1812.966853 -1813.013445 -1813.107286 -1813.305186 -1813.747429 -1814.807532 -1817.570311 -1825.532809 -1851.323955 -9999.0 -9999.0
-9999.0 -9999.0 670.695694 571.769364 472.610114 373.294607 273.906403 174.487251 75.058026 -24.368641 -123.786040 -223.191572 -322.575742 -421.920175 -521.193817 -620.351906 -719.316378 -818.352676 -917.275196 -1016.042141 -1114.574663 -1211.093165 -1304.723623 -1393.408264 -1474.838163 -1546.988815 -1608.568121 -1659.227405 -1699.504264 -1730.572947 -1753.929561 -1771.119010 -1783.554211 -1792.428003 -1798.693438 -1803.086005 -1806.175275 -1808.472123 -1810.699714 -1814.247604 -1819.551551 -1811.381051 -1682.464639 -3344.456445 -3037.275771 -2804.799101 -2705.028869 -2692.016246 -2690.690733 -2690.821858 -2691.159336 -2691.521505 -2691.869347 -2692.191351 -2692.489627 -2692.831558 -2693.876286 -2701.229471 -2751.864735 -2871.540349 -2940.347896 -1523.605916 -1770.334702 -1811.781820 -1813.891979 -1813.224589 -1812.975471 -1812.920288 -1812.910497 -1812.909300 -1812.909543 -1812.909956 -1812.910329 -1812.910641 -1812.910902 -1812.911127 -1812.911325 -1812.911504 -1812.911672 -1812.911836 -1812.912002 -1812.912181 -1812.912386 -1812.912634 -1812.912955 -1812.913395 -1812.914028 -1812.914979 -1812.916466 -1812.918878 -1812.922936 -1812.930018 -1812.942835 -1812.966853 -1813.013445 -1813.107286 -1813.305186 -1813.747429 -1814.807532 -1817.570311 -1825.532809 -1851.323955 -9999.0 -9999.0
-9999.0 -9999.0 670.691655 571.768059 472.609724 373.294486 273.906363 174.487237 75.058021 -24.368644 -123.786041 -223.191573 -322.575742 -421.920176 -521.193817 -620.351906 -719.316377 -818.352676 -917.275196 -1016.042141 -1114.574663 -1211.093165 -1304.723623 -1393.408263 -1474.838163 -1546.988815 -1608.568121 -1659.227405 -1699.504264 -1730.572947 -1753.929561 -1771.119010 -1783.554211 -1792.428003 -1798.693438 -1803.086005 -1806.175275 -1808.472123 -1810.699714 -1814.247604 -1819.551551 -1811.381051 -1682.464639 -3344.456447 -3037.275774 -2804.799107 -2705.028869 -2692.016246 -2690.690733 -2690.821858 -2691.159336 -2691.521505 -2691.869347 -2692.191351 -2692.489627 -2692.831558 -2693.876286 -2701.229471 -2751.864735 -2871.540349 -2940.347896 -1523.605916 -1770.334702 -1811.781820 -1813.891979 -1813.224589 -1812.975471 -1812.920288 -1812.910497 -1812.909300 -1812.909543 -1812.909956 -1812.910329 -1812.910641 -1812.910902 -1812.911127 -1812.911325 -1812.911504 -1812.911672 -1812.911836 -1812.912002 -1812.912181 -1812.912386 -1812.912634 -1812.912955 -1812.913395 -1812.914028 -1812.914979 -1812.916466 -1812.918878 -1812.922936 -1812.930018 -1812.942835 -1812.966853 -1813.013445 -1813.107286 -1813.305186 -1813.747429 -1814.807532 -1817.570311 -1825.532809 -1851.323955 -9999.0 -9999.0
-9999.0 -9999.0 -9999.0 -9999.0 -9999.0 -9999.0 -9999.0 -9999.0 -9999.0 -9999.0 -9999.0 -9999.0 -9999.0 -9999.0 -9999.0 -9999.0 -9999.0 -9999.0 -9999.0 -9999.0 -9999.0 -9999.0 -9999.0 -9999.0 -9999.0 -9999.0 -9999.0 -9999.0 -9999.0 -9999.0 -9999.0 -9999.0 -9999.0 -9999.0 -9999.0 -9999.0 -9999.0 -9999.0 -9999.0 -9999.0 -9999.0 -9999.0 -9999.0 -9999.0 -9999.0 -9999.0 -9999.0 -9999.0 -9999.0 -9999.0 -9999.0 -9999.0 -9999.0 -9999.0 -9999.0 -9999.0 -9999.0 -9999.0 -9999.0 -9999.0 -9999.0 -9999.0 -9999.0 -9999.0 -9999.0 -9999.0 -9999.0 -9999.0 -9999.0 -9999.0 -9999.0 -9999.0 -9999.0 -9999.0 -9999.0 -9999.0 -9999.0 -9999.0 -9999.0 -9999.0 -9999.0 -9999.0 -9999.0 -9999.0 -9999.0 -9999.0 -9999.0 -9999.0 -9999.0 -9999.0 -9999.0 -9999.0 -9999.0 -9999.0 -9999.0 -9999.0 -9999.0 -9999.0 -9999.0 -9999.0 -9999.0 -9999.0 -9999.0 -9999.0
-9999.0 -9999.0 -9999.0 -9999.0 -9999.0 -9999.0 -9999.0 -9999.0 -9999.0 -9999.0 -9999.0 -9999.0 -9999.0 -9999.0 -9999.0 -9999.0 -9999.0 -9999.0 -9999.0 -9999.0 -9999.0 -9999.0 -9999.0 -9999.0 -9999.0 -9999.0 -9999.0 -9999.0 -9999.0 -9999.0 -9999.0 -9999.0 -9999.0 -9999.0 -9999.0 -9999.0 -9999.0 -9999.0 -9999.0 -9999.0 -9999.0 -9999.0 -9999.0 -9999.0 -9999.0 -9999.0 -9999.0 -9999.0 -9999.0 -9999.0 -9999.0 -9999.0 -9999.0 -9999.0 -9999.0 -9999.0 -9999.0 -9999.0 -9999.0 -9999.0 -9999.0 -9999.0 -9999.0 -9999.0 -9999.0 -9999.0 -9999.0 -9999.0 -9999.0 -9999.0 -9999.0 -9999.0 -9999.0 -9999.0 -9999.0 -9999.0 -9999.0 -9999.0 -9999.0 -9999.0 -9999.0 -9999.0 -9999.0 -9999.0 -9999.0 -9999.0 -9999.0 -9999.0 -9999.0 -9999.0 -9999.0 -9999.0 -9999.0 -9999.0 -9999.0 -9999.0 -9999.0 -9999.0 -9999.0 -9999.0 -9999.0 -9999.0 -9999.0 -9999.0