inst/processing_geotop_simulation/geotop_simulation/out/maps3D/PwL0008N0173.asc
ncols         104
nrows         10
xllcorner     -2.000000
yllcorner     0.000000
cellsize      1.000000
NODATA_value  -9999.0
-9999.0 -9999.0 -9999.0 -9999.0 -9999.0 -9999.0 -9999.0 -9999.0 -9999.0 -9999.0 -9999.0 -9999.0 -9999.0 -9999.0 -9999.0 -9999.0 -9999.0 -9999.0 -9999.0 -9999.0 -9999.0 -9999.0 -9999.0 -9999.0 -9999.0 -9999.0 -9999.0 -9999.0 -9999.0 -9999.0 -9999.0 -9999.0 -9999.0 -9999.0 -9999.0 -9999.0 -9999.0 -9999.0 -9999.0 -9999.0 -9999.0 -9999.0 -9999.0 -9999.0 -9999.0 -9999.0 -9999.0 -9999.0 -9999.0 -9999.0 -9999.0 -9999.0 -9999.0 -9999.0 -9999.0 -9999.0 -9999.0 -9999.0 -9999.0 -9999.0 -9999.0 -9999.0 -9999.0 -9999.0 -9999.0 -9999.0 -9999.0 -9999.0 -9999.0 -9999.0 -9999.0 -9999.0 -9999.0 -9999.0 -9999.0 -9999.0 -9999.0 -9999.0 -9999.0 -9999.0 -9999.0 -9999.0 -9999.0 -9999.0 -9999.0 -9999.0 -9999.0 -9999.0 -9999.0 -9999.0 -9999.0 -9999.0 -9999.0 -9999.0 -9999.0 -9999.0 -9999.0 -9999.0 -9999.0 -9999.0 -9999.0 -9999.0 -9999.0 -9999.0
-9999.0 -9999.0 -9999.0 -9999.0 -9999.0 -9999.0 -9999.0 -9999.0 -9999.0 -9999.0 -9999.0 -9999.0 -9999.0 -9999.0 -9999.0 -9999.0 -9999.0 -9999.0 -9999.0 -9999.0 -9999.0 -9999.0 -9999.0 -9999.0 -9999.0 -9999.0 -9999.0 -9999.0 -9999.0 -9999.0 -9999.0 -9999.0 -9999.0 -9999.0 -9999.0 -9999.0 -9999.0 -9999.0 -9999.0 -9999.0 -9999.0 -9999.0 -9999.0 -9999.0 -9999.0 -9999.0 -9999.0 -9999.0 -9999.0 -9999.0 -9999.0 -9999.0 -9999.0 -9999.0 -9999.0 -9999.0 -9999.0 -9999.0 -9999.0 -9999.0 -9999.0 -9999.0 -9999.0 -9999.0 -9999.0 -9999.0 -9999.0 -9999.0 -9999.0 -9999.0 -9999.0 -9999.0 -9999.0 -9999.0 -9999.0 -9999.0 -9999.0 -9999.0 -9999.0 -9999.0 -9999.0 -9999.0 -9999.0 -9999.0 -9999.0 -9999.0 -9999.0 -9999.0 -9999.0 -9999.0 -9999.0 -9999.0 -9999.0 -9999.0 -9999.0 -9999.0 -9999.0 -9999.0 -9999.0 -9999.0 -9999.0 -9999.0 -9999.0 -9999.0
-9999.0 -9999.0 381.733572 289.828216 194.962298 98.910708 2.382109 -94.331066 -191.104551 -287.832836 -384.401996 -480.592160 -575.961906 -669.784107 -764.032904 -858.124224 -952.001954 -1046.010294 -1136.895347 -1222.725704 -1297.123968 -1356.692835 -1401.244027 -1432.890056 -1454.627114 -1469.292052 -1479.112809 -1485.669758 -1490.033052 -1492.920746 -1494.818864 -1496.057911 -1496.861965 -1497.381414 -1497.716066 -1497.933361 -1498.085789 -1498.239455 -1498.613460 -1500.462935 -1509.685649 -1538.840907 -1202.475780 -1298.403692 -1255.519323 -1229.647093 -1217.803845 -1216.244037 -1216.086523 -1216.104787 -1216.148330 -1216.194901 -1216.239606 -1216.280973 -1216.319198 -1216.362190 -1216.488077 -1217.369936 -1223.463681 -1237.375860 -1259.199821 -1142.650253 -1512.264210 -1504.527650 -1499.517304 -1498.588493 -1498.446619 -1498.424987 -1498.422358 -1498.422962 -1498.423974 -1498.424858 -1498.425547 -1498.426070 -1498.426470 -1498.426780 -1498.427025 -1498.427223 -1498.427388 -1498.427534 -1498.427676 -1498.427835 -1498.428033 -1498.428309 -1498.428717 -1498.429344 -1498.430331 -1498.431908 -1498.434469 -1498.438696 -1498.445826 -1498.458161 -1498.480132 -1498.520456 -1498.596529 -1498.743514 -1499.034198 -1499.627187 -1500.896986 -1503.810850 -1511.175852 -1533.426646 -9999.0 -9999.0
-9999.0 -9999.0 381.741504 289.830240 194.962844 98.910871 2.382161 -94.331048 -191.104545 -287.832834 -384.401995 -480.592160 -575.961906 -669.784107 -764.032904 -858.124224 -952.001954 -1046.010294 -1136.895348 -1222.725705 -1297.123969 -1356.692835 -1401.244027 -1432.890056 -1454.627114 -1469.292052 -1479.112809 -1485.669758 -1490.033052 -1492.920746 -1494.818864 -1496.057911 -1496.861965 -1497.381414 -1497.716066 -1497.933361 -1498.085789 -1498.239455 -1498.613460 -1500.462935 -1509.685649 -1538.840907 -1202.475780 -1298.403692 -1255.519323 -1229.647092 -1217.803845 -1216.244037 -1216.086523 -1216.104787 -1216.148330 -1216.194901 -1216.239606 -1216.280973 -1216.319198 -1216.362190 -1216.488077 -1217.369936 -1223.463681 -1237.375860 -1259.199821 -1142.650253 -1512.264210 -1504.527650 -1499.517304 -1498.588493 -1498.446619 -1498.424987 -1498.422358 -1498.422962 -1498.423974 -1498.424858 -1498.425547 -1498.426070 -1498.426470 -1498.426780 -1498.427025 -1498.427223 -1498.427388 -1498.427534 -1498.427676 -1498.427835 -1498.428033 -1498.428309 -1498.428717 -1498.429344 -1498.430331 -1498.431908 -1498.434469 -1498.438696 -1498.445826 -1498.458161 -1498.480132 -1498.520456 -1498.596529 -1498.743514 -1499.034198 -1499.627187 -1500.896986 -1503.810850 -1511.175852 -1533.426646 -9999.0 -9999.0
-9999.0 -9999.0 381.743133 289.831113 194.963193 98.910999 2.382207 -94.331032 -191.104539 -287.832832 -384.401994 -480.592160 -575.961906 -669.784107 -764.032904 -858.124224 -952.001954 -1046.010294 -1136.895348 -1222.725705 -1297.123969 -1356.692835 -1401.244027 -1432.890056 -1454.627114 -1469.292052 -1479.112809 -1485.669758 -1490.033052 -1492.920746 -1494.818864 -1496.057911 -1496.861965 -1497.381414 -1497.716066 -1497.933361 -1498.085789 -1498.239455 -1498.613460 -1500.462935 -1509.685649 -1538.840907 -1202.475780 -1298.403692 -1255.519323 -1229.647092 -1217.803845 -1216.244037 -1216.086523 -1216.104787 -1216.148330 -1216.194901 -1216.239606 -1216.280973 -1216.319198 -1216.362190 -1216.488077 -1217.369936 -1223.463681 -1237.375860 -1259.199821 -1142.650253 -1512.264210 -1504.527650 -1499.517304 -1498.588493 -1498.446619 -1498.424987 -1498.422358 -1498.422962 -1498.423974 -1498.424858 -1498.425547 -1498.426070 -1498.426470 -1498.426780 -1498.427025 -1498.427223 -1498.427388 -1498.427534 -1498.427676 -1498.427835 -1498.428033 -1498.428309 -1498.428717 -1498.429344 -1498.430331 -1498.431908 -1498.434469 -1498.438696 -1498.445826 -1498.458161 -1498.480132 -1498.520456 -1498.596529 -1498.743514 -1499.034198 -1499.627187 -1500.896986 -1503.810850 -1511.175852 -1533.426646 -9999.0 -9999.0
-9999.0 -9999.0 381.743133 289.831113 194.963193 98.911000 2.382207 -94.331032 -191.104539 -287.832831 -384.401994 -480.592160 -575.961906 -669.784107 -764.032904 -858.124224 -952.001954 -1046.010294 -1136.895348 -1222.725705 -1297.123969 -1356.692835 -1401.244027 -1432.890056 -1454.627114 -1469.292052 -1479.112809 -1485.669758 -1490.033052 -1492.920746 -1494.818864 -1496.057911 -1496.861965 -1497.381414 -1497.716066 -1497.933361 -1498.085789 -1498.239455 -1498.613460 -1500.462935 -1509.685649 -1538.840907 -1202.475780 -1298.403692 -1255.519323 -1229.647092 -1217.803845 -1216.244037 -1216.086523 -1216.104787 -1216.148330 -1216.194901 -1216.239606 -1216.280973 -1216.319198 -1216.362190 -1216.488077 -1217.369936 -1223.463681 -1237.375860 -1259.199821 -1142.650253 -1512.264210 -1504.527650 -1499.517304 -1498.588493 -1498.446619 -1498.424987 -1498.422358 -1498.422962 -1498.423974 -1498.424858 -1498.425547 -1498.426070 -1498.426470 -1498.426780 -1498.427025 -1498.427223 -1498.427388 -1498.427534 -1498.427676 -1498.427835 -1498.428033 -1498.428309 -1498.428717 -1498.429344 -1498.430331 -1498.431908 -1498.434469 -1498.438696 -1498.445826 -1498.458161 -1498.480132 -1498.520456 -1498.596529 -1498.743514 -1499.034198 -1499.627187 -1500.896986 -1503.810850 -1511.175852 -1533.426646 -9999.0 -9999.0
-9999.0 -9999.0 381.741504 289.830240 194.962844 98.910871 2.382161 -94.331049 -191.104545 -287.832834 -384.401995 -480.592160 -575.961906 -669.784107 -764.032904 -858.124224 -952.001954 -1046.010294 -1136.895348 -1222.725705 -1297.123969 -1356.692835 -1401.244027 -1432.890056 -1454.627114 -1469.292052 -1479.112809 -1485.669758 -1490.033052 -1492.920746 -1494.818864 -1496.057911 -1496.861965 -1497.381414 -1497.716066 -1497.933361 -1498.085789 -1498.239455 -1498.613460 -1500.462935 -1509.685649 -1538.840907 -1202.475780 -1298.403692 -1255.519323 -1229.647092 -1217.803845 -1216.244037 -1216.086523 -1216.104787 -1216.148330 -1216.194901 -1216.239606 -1216.280973 -1216.319198 -1216.362190 -1216.488077 -1217.369936 -1223.463681 -1237.375860 -1259.199821 -1142.650253 -1512.264210 -1504.527650 -1499.517304 -1498.588493 -1498.446619 -1498.424987 -1498.422358 -1498.422962 -1498.423974 -1498.424858 -1498.425547 -1498.426070 -1498.426470 -1498.426780 -1498.427025 -1498.427223 -1498.427388 -1498.427534 -1498.427676 -1498.427835 -1498.428033 -1498.428309 -1498.428717 -1498.429344 -1498.430331 -1498.431908 -1498.434469 -1498.438696 -1498.445826 -1498.458161 -1498.480132 -1498.520456 -1498.596529 -1498.743514 -1499.034198 -1499.627187 -1500.896986 -1503.810850 -1511.175852 -1533.426646 -9999.0 -9999.0
-9999.0 -9999.0 381.733572 289.828216 194.962298 98.910709 2.382109 -94.331066 -191.104551 -287.832836 -384.401996 -480.592160 -575.961906 -669.784107 -764.032904 -858.124224 -952.001954 -1046.010294 -1136.895347 -1222.725704 -1297.123968 -1356.692835 -1401.244027 -1432.890056 -1454.627114 -1469.292052 -1479.112809 -1485.669758 -1490.033052 -1492.920746 -1494.818864 -1496.057911 -1496.861965 -1497.381414 -1497.716066 -1497.933361 -1498.085789 -1498.239455 -1498.613460 -1500.462935 -1509.685649 -1538.840907 -1202.475780 -1298.403692 -1255.519323 -1229.647093 -1217.803845 -1216.244037 -1216.086523 -1216.104787 -1216.148330 -1216.194901 -1216.239606 -1216.280973 -1216.319198 -1216.362190 -1216.488077 -1217.369936 -1223.463681 -1237.375860 -1259.199821 -1142.650253 -1512.264210 -1504.527650 -1499.517304 -1498.588493 -1498.446619 -1498.424987 -1498.422358 -1498.422962 -1498.423974 -1498.424858 -1498.425547 -1498.426070 -1498.426470 -1498.426780 -1498.427025 -1498.427223 -1498.427388 -1498.427534 -1498.427676 -1498.427835 -1498.428033 -1498.428309 -1498.428717 -1498.429344 -1498.430331 -1498.431908 -1498.434469 -1498.438696 -1498.445826 -1498.458161 -1498.480132 -1498.520456 -1498.596529 -1498.743514 -1499.034198 -1499.627187 -1500.896986 -1503.810850 -1511.175852 -1533.426646 -9999.0 -9999.0
-9999.0 -9999.0 -9999.0 -9999.0 -9999.0 -9999.0 -9999.0 -9999.0 -9999.0 -9999.0 -9999.0 -9999.0 -9999.0 -9999.0 -9999.0 -9999.0 -9999.0 -9999.0 -9999.0 -9999.0 -9999.0 -9999.0 -9999.0 -9999.0 -9999.0 -9999.0 -9999.0 -9999.0 -9999.0 -9999.0 -9999.0 -9999.0 -9999.0 -9999.0 -9999.0 -9999.0 -9999.0 -9999.0 -9999.0 -9999.0 -9999.0 -9999.0 -9999.0 -9999.0 -9999.0 -9999.0 -9999.0 -9999.0 -9999.0 -9999.0 -9999.0 -9999.0 -9999.0 -9999.0 -9999.0 -9999.0 -9999.0 -9999.0 -9999.0 -9999.0 -9999.0 -9999.0 -9999.0 -9999.0 -9999.0 -9999.0 -9999.0 -9999.0 -9999.0 -9999.0 -9999.0 -9999.0 -9999.0 -9999.0 -9999.0 -9999.0 -9999.0 -9999.0 -9999.0 -9999.0 -9999.0 -9999.0 -9999.0 -9999.0 -9999.0 -9999.0 -9999.0 -9999.0 -9999.0 -9999.0 -9999.0 -9999.0 -9999.0 -9999.0 -9999.0 -9999.0 -9999.0 -9999.0 -9999.0 -9999.0 -9999.0 -9999.0 -9999.0 -9999.0
-9999.0 -9999.0 -9999.0 -9999.0 -9999.0 -9999.0 -9999.0 -9999.0 -9999.0 -9999.0 -9999.0 -9999.0 -9999.0 -9999.0 -9999.0 -9999.0 -9999.0 -9999.0 -9999.0 -9999.0 -9999.0 -9999.0 -9999.0 -9999.0 -9999.0 -9999.0 -9999.0 -9999.0 -9999.0 -9999.0 -9999.0 -9999.0 -9999.0 -9999.0 -9999.0 -9999.0 -9999.0 -9999.0 -9999.0 -9999.0 -9999.0 -9999.0 -9999.0 -9999.0 -9999.0 -9999.0 -9999.0 -9999.0 -9999.0 -9999.0 -9999.0 -9999.0 -9999.0 -9999.0 -9999.0 -9999.0 -9999.0 -9999.0 -9999.0 -9999.0 -9999.0 -9999.0 -9999.0 -9999.0 -9999.0 -9999.0 -9999.0 -9999.0 -9999.0 -9999.0 -9999.0 -9999.0 -9999.0 -9999.0 -9999.0 -9999.0 -9999.0 -9999.0 -9999.0 -9999.0 -9999.0 -9999.0 -9999.0 -9999.0 -9999.0 -9999.0 -9999.0 -9999.0 -9999.0 -9999.0 -9999.0 -9999.0 -9999.0 -9999.0 -9999.0 -9999.0 -9999.0 -9999.0 -9999.0 -9999.0 -9999.0 -9999.0 -9999.0 -9999.0