inst/processing_geotop_simulation/geotop_simulation/out/maps3D/PwL0004N0262.asc
ncols         104
nrows         10
xllcorner     -2.000000
yllcorner     0.000000
cellsize      1.000000
NODATA_value  -9999.0
-9999.0 -9999.0 -9999.0 -9999.0 -9999.0 -9999.0 -9999.0 -9999.0 -9999.0 -9999.0 -9999.0 -9999.0 -9999.0 -9999.0 -9999.0 -9999.0 -9999.0 -9999.0 -9999.0 -9999.0 -9999.0 -9999.0 -9999.0 -9999.0 -9999.0 -9999.0 -9999.0 -9999.0 -9999.0 -9999.0 -9999.0 -9999.0 -9999.0 -9999.0 -9999.0 -9999.0 -9999.0 -9999.0 -9999.0 -9999.0 -9999.0 -9999.0 -9999.0 -9999.0 -9999.0 -9999.0 -9999.0 -9999.0 -9999.0 -9999.0 -9999.0 -9999.0 -9999.0 -9999.0 -9999.0 -9999.0 -9999.0 -9999.0 -9999.0 -9999.0 -9999.0 -9999.0 -9999.0 -9999.0 -9999.0 -9999.0 -9999.0 -9999.0 -9999.0 -9999.0 -9999.0 -9999.0 -9999.0 -9999.0 -9999.0 -9999.0 -9999.0 -9999.0 -9999.0 -9999.0 -9999.0 -9999.0 -9999.0 -9999.0 -9999.0 -9999.0 -9999.0 -9999.0 -9999.0 -9999.0 -9999.0 -9999.0 -9999.0 -9999.0 -9999.0 -9999.0 -9999.0 -9999.0 -9999.0 -9999.0 -9999.0 -9999.0 -9999.0 -9999.0
-9999.0 -9999.0 -9999.0 -9999.0 -9999.0 -9999.0 -9999.0 -9999.0 -9999.0 -9999.0 -9999.0 -9999.0 -9999.0 -9999.0 -9999.0 -9999.0 -9999.0 -9999.0 -9999.0 -9999.0 -9999.0 -9999.0 -9999.0 -9999.0 -9999.0 -9999.0 -9999.0 -9999.0 -9999.0 -9999.0 -9999.0 -9999.0 -9999.0 -9999.0 -9999.0 -9999.0 -9999.0 -9999.0 -9999.0 -9999.0 -9999.0 -9999.0 -9999.0 -9999.0 -9999.0 -9999.0 -9999.0 -9999.0 -9999.0 -9999.0 -9999.0 -9999.0 -9999.0 -9999.0 -9999.0 -9999.0 -9999.0 -9999.0 -9999.0 -9999.0 -9999.0 -9999.0 -9999.0 -9999.0 -9999.0 -9999.0 -9999.0 -9999.0 -9999.0 -9999.0 -9999.0 -9999.0 -9999.0 -9999.0 -9999.0 -9999.0 -9999.0 -9999.0 -9999.0 -9999.0 -9999.0 -9999.0 -9999.0 -9999.0 -9999.0 -9999.0 -9999.0 -9999.0 -9999.0 -9999.0 -9999.0 -9999.0 -9999.0 -9999.0 -9999.0 -9999.0 -9999.0 -9999.0 -9999.0 -9999.0 -9999.0 -9999.0 -9999.0 -9999.0
-9999.0 -9999.0 177.039805 81.676548 -15.857525 -114.009514 -212.397793 -310.871870 -409.348902 -507.769926 -606.029460 -703.851786 -801.383286 -898.412270 -995.201924 -1092.191779 -1187.873638 -1281.851908 -1373.452074 -1461.359111 -1542.319408 -1612.258078 -1668.715917 -1711.762219 -1743.237738 -1765.614780 -1781.235313 -1792.002184 -1799.347948 -1804.312667 -1807.638620 -1809.849092 -1811.308421 -1812.266892 -1812.894475 -1813.307332 -1813.592760 -1813.855978 -1814.415904 -1816.581480 -1823.014693 -1802.062349 -1126.449217 -1133.307896 -1119.914887 -1111.292740 -1107.254352 -1106.655925 -1106.592831 -1106.599800 -1106.617000 -1106.635458 -1106.653193 -1106.669615 -1106.684840 -1106.702387 -1106.755716 -1107.112341 -1109.257728 -1114.051565 -1120.913720 -1104.545460 -1778.389160 -1817.217376 -1815.296077 -1814.374014 -1814.194992 -1814.166035 -1814.162030 -1814.162099 -1814.162751 -1814.163368 -1814.163858 -1814.164234 -1814.164522 -1814.164746 -1814.164924 -1814.165068 -1814.165188 -1814.165296 -1814.165402 -1814.165520 -1814.165669 -1814.165877 -1814.166184 -1814.166656 -1814.167399 -1814.168590 -1814.170530 -1814.173747 -1814.179207 -1814.188719 -1814.205789 -1814.237344 -1814.297300 -1814.414183 -1814.648639 -1815.137988 -1816.220098 -1818.810630 -1825.771781 -1848.305445 -9999.0 -9999.0
-9999.0 -9999.0 177.049782 81.678594 -15.857005 -114.009363 -212.397745 -310.871853 -409.348897 -507.769923 -606.029459 -703.851786 -801.383286 -898.412270 -995.201924 -1092.191779 -1187.873638 -1281.851908 -1373.452074 -1461.359111 -1542.319408 -1612.258078 -1668.715918 -1711.762219 -1743.237738 -1765.614780 -1781.235313 -1792.002184 -1799.347948 -1804.312667 -1807.638620 -1809.849092 -1811.308421 -1812.266892 -1812.894475 -1813.307332 -1813.592760 -1813.855978 -1814.415904 -1816.581480 -1823.014693 -1802.062349 -1126.449217 -1133.307896 -1119.914887 -1111.292739 -1107.254352 -1106.655925 -1106.592831 -1106.599800 -1106.617000 -1106.635458 -1106.653193 -1106.669615 -1106.684840 -1106.702387 -1106.755716 -1107.112341 -1109.257728 -1114.051565 -1120.913720 -1104.545460 -1778.389160 -1817.217376 -1815.296077 -1814.374014 -1814.194992 -1814.166035 -1814.162030 -1814.162099 -1814.162751 -1814.163368 -1814.163858 -1814.164234 -1814.164522 -1814.164746 -1814.164924 -1814.165068 -1814.165188 -1814.165296 -1814.165402 -1814.165520 -1814.165669 -1814.165877 -1814.166184 -1814.166656 -1814.167399 -1814.168590 -1814.170530 -1814.173747 -1814.179207 -1814.188719 -1814.205789 -1814.237344 -1814.297300 -1814.414183 -1814.648639 -1815.137988 -1816.220098 -1818.810630 -1825.771781 -1848.305445 -9999.0 -9999.0
-9999.0 -9999.0 177.051188 81.679426 -15.856676 -114.009244 -212.397703 -310.871838 -409.348891 -507.769921 -606.029458 -703.851785 -801.383286 -898.412269 -995.201924 -1092.191779 -1187.873638 -1281.851908 -1373.452074 -1461.359111 -1542.319408 -1612.258079 -1668.715918 -1711.762219 -1743.237738 -1765.614780 -1781.235313 -1792.002184 -1799.347948 -1804.312667 -1807.638620 -1809.849092 -1811.308421 -1812.266892 -1812.894475 -1813.307332 -1813.592760 -1813.855978 -1814.415904 -1816.581480 -1823.014693 -1802.062349 -1126.449217 -1133.307896 -1119.914887 -1111.292739 -1107.254352 -1106.655925 -1106.592831 -1106.599800 -1106.617000 -1106.635458 -1106.653193 -1106.669615 -1106.684840 -1106.702387 -1106.755716 -1107.112341 -1109.257728 -1114.051565 -1120.913720 -1104.545460 -1778.389160 -1817.217376 -1815.296077 -1814.374014 -1814.194992 -1814.166035 -1814.162030 -1814.162099 -1814.162751 -1814.163368 -1814.163858 -1814.164234 -1814.164522 -1814.164746 -1814.164924 -1814.165068 -1814.165188 -1814.165296 -1814.165402 -1814.165520 -1814.165669 -1814.165877 -1814.166184 -1814.166656 -1814.167399 -1814.168590 -1814.170530 -1814.173747 -1814.179207 -1814.188719 -1814.205789 -1814.237344 -1814.297300 -1814.414183 -1814.648639 -1815.137988 -1816.220098 -1818.810630 -1825.771781 -1848.305445 -9999.0 -9999.0
-9999.0 -9999.0 177.051188 81.679426 -15.856676 -114.009244 -212.397703 -310.871838 -409.348891 -507.769921 -606.029458 -703.851785 -801.383286 -898.412269 -995.201924 -1092.191779 -1187.873638 -1281.851908 -1373.452074 -1461.359111 -1542.319408 -1612.258079 -1668.715918 -1711.762219 -1743.237738 -1765.614780 -1781.235313 -1792.002184 -1799.347948 -1804.312667 -1807.638620 -1809.849092 -1811.308421 -1812.266892 -1812.894475 -1813.307332 -1813.592760 -1813.855978 -1814.415904 -1816.581480 -1823.014693 -1802.062349 -1126.449217 -1133.307896 -1119.914887 -1111.292739 -1107.254352 -1106.655925 -1106.592831 -1106.599800 -1106.617000 -1106.635458 -1106.653193 -1106.669615 -1106.684840 -1106.702387 -1106.755716 -1107.112341 -1109.257728 -1114.051565 -1120.913720 -1104.545460 -1778.389160 -1817.217376 -1815.296077 -1814.374014 -1814.194992 -1814.166035 -1814.162030 -1814.162099 -1814.162751 -1814.163368 -1814.163858 -1814.164234 -1814.164522 -1814.164746 -1814.164924 -1814.165068 -1814.165188 -1814.165296 -1814.165402 -1814.165520 -1814.165669 -1814.165877 -1814.166184 -1814.166656 -1814.167399 -1814.168590 -1814.170530 -1814.173747 -1814.179207 -1814.188719 -1814.205789 -1814.237344 -1814.297300 -1814.414183 -1814.648639 -1815.137988 -1816.220098 -1818.810630 -1825.771781 -1848.305445 -9999.0 -9999.0
-9999.0 -9999.0 177.049782 81.678594 -15.857005 -114.009363 -212.397745 -310.871853 -409.348897 -507.769923 -606.029459 -703.851786 -801.383286 -898.412270 -995.201924 -1092.191779 -1187.873638 -1281.851908 -1373.452074 -1461.359111 -1542.319408 -1612.258078 -1668.715918 -1711.762219 -1743.237738 -1765.614780 -1781.235313 -1792.002184 -1799.347948 -1804.312667 -1807.638620 -1809.849092 -1811.308421 -1812.266892 -1812.894475 -1813.307332 -1813.592760 -1813.855978 -1814.415904 -1816.581480 -1823.014693 -1802.062349 -1126.449217 -1133.307896 -1119.914887 -1111.292739 -1107.254352 -1106.655925 -1106.592831 -1106.599800 -1106.617000 -1106.635458 -1106.653193 -1106.669615 -1106.684840 -1106.702387 -1106.755716 -1107.112341 -1109.257728 -1114.051565 -1120.913720 -1104.545460 -1778.389160 -1817.217376 -1815.296077 -1814.374014 -1814.194992 -1814.166035 -1814.162030 -1814.162099 -1814.162751 -1814.163368 -1814.163858 -1814.164234 -1814.164522 -1814.164746 -1814.164924 -1814.165068 -1814.165188 -1814.165296 -1814.165402 -1814.165520 -1814.165669 -1814.165877 -1814.166184 -1814.166656 -1814.167399 -1814.168590 -1814.170530 -1814.173747 -1814.179207 -1814.188719 -1814.205789 -1814.237344 -1814.297300 -1814.414183 -1814.648639 -1815.137988 -1816.220098 -1818.810630 -1825.771781 -1848.305445 -9999.0 -9999.0
-9999.0 -9999.0 177.039805 81.676548 -15.857525 -114.009514 -212.397793 -310.871870 -409.348902 -507.769926 -606.029460 -703.851786 -801.383286 -898.412270 -995.201924 -1092.191779 -1187.873638 -1281.851908 -1373.452074 -1461.359111 -1542.319408 -1612.258078 -1668.715917 -1711.762219 -1743.237738 -1765.614780 -1781.235313 -1792.002184 -1799.347948 -1804.312667 -1807.638620 -1809.849092 -1811.308421 -1812.266892 -1812.894475 -1813.307332 -1813.592760 -1813.855978 -1814.415904 -1816.581480 -1823.014693 -1802.062349 -1126.449217 -1133.307896 -1119.914887 -1111.292740 -1107.254352 -1106.655925 -1106.592831 -1106.599800 -1106.617000 -1106.635458 -1106.653193 -1106.669615 -1106.684840 -1106.702387 -1106.755716 -1107.112341 -1109.257728 -1114.051565 -1120.913720 -1104.545460 -1778.389160 -1817.217376 -1815.296077 -1814.374014 -1814.194992 -1814.166035 -1814.162030 -1814.162099 -1814.162751 -1814.163368 -1814.163858 -1814.164234 -1814.164522 -1814.164746 -1814.164924 -1814.165068 -1814.165188 -1814.165296 -1814.165402 -1814.165520 -1814.165669 -1814.165877 -1814.166184 -1814.166656 -1814.167399 -1814.168590 -1814.170530 -1814.173747 -1814.179207 -1814.188719 -1814.205789 -1814.237344 -1814.297300 -1814.414183 -1814.648639 -1815.137988 -1816.220098 -1818.810630 -1825.771781 -1848.305445 -9999.0 -9999.0
-9999.0 -9999.0 -9999.0 -9999.0 -9999.0 -9999.0 -9999.0 -9999.0 -9999.0 -9999.0 -9999.0 -9999.0 -9999.0 -9999.0 -9999.0 -9999.0 -9999.0 -9999.0 -9999.0 -9999.0 -9999.0 -9999.0 -9999.0 -9999.0 -9999.0 -9999.0 -9999.0 -9999.0 -9999.0 -9999.0 -9999.0 -9999.0 -9999.0 -9999.0 -9999.0 -9999.0 -9999.0 -9999.0 -9999.0 -9999.0 -9999.0 -9999.0 -9999.0 -9999.0 -9999.0 -9999.0 -9999.0 -9999.0 -9999.0 -9999.0 -9999.0 -9999.0 -9999.0 -9999.0 -9999.0 -9999.0 -9999.0 -9999.0 -9999.0 -9999.0 -9999.0 -9999.0 -9999.0 -9999.0 -9999.0 -9999.0 -9999.0 -9999.0 -9999.0 -9999.0 -9999.0 -9999.0 -9999.0 -9999.0 -9999.0 -9999.0 -9999.0 -9999.0 -9999.0 -9999.0 -9999.0 -9999.0 -9999.0 -9999.0 -9999.0 -9999.0 -9999.0 -9999.0 -9999.0 -9999.0 -9999.0 -9999.0 -9999.0 -9999.0 -9999.0 -9999.0 -9999.0 -9999.0 -9999.0 -9999.0 -9999.0 -9999.0 -9999.0 -9999.0
-9999.0 -9999.0 -9999.0 -9999.0 -9999.0 -9999.0 -9999.0 -9999.0 -9999.0 -9999.0 -9999.0 -9999.0 -9999.0 -9999.0 -9999.0 -9999.0 -9999.0 -9999.0 -9999.0 -9999.0 -9999.0 -9999.0 -9999.0 -9999.0 -9999.0 -9999.0 -9999.0 -9999.0 -9999.0 -9999.0 -9999.0 -9999.0 -9999.0 -9999.0 -9999.0 -9999.0 -9999.0 -9999.0 -9999.0 -9999.0 -9999.0 -9999.0 -9999.0 -9999.0 -9999.0 -9999.0 -9999.0 -9999.0 -9999.0 -9999.0 -9999.0 -9999.0 -9999.0 -9999.0 -9999.0 -9999.0 -9999.0 -9999.0 -9999.0 -9999.0 -9999.0 -9999.0 -9999.0 -9999.0 -9999.0 -9999.0 -9999.0 -9999.0 -9999.0 -9999.0 -9999.0 -9999.0 -9999.0 -9999.0 -9999.0 -9999.0 -9999.0 -9999.0 -9999.0 -9999.0 -9999.0 -9999.0 -9999.0 -9999.0 -9999.0 -9999.0 -9999.0 -9999.0 -9999.0 -9999.0 -9999.0 -9999.0 -9999.0 -9999.0 -9999.0 -9999.0 -9999.0 -9999.0 -9999.0 -9999.0 -9999.0 -9999.0 -9999.0 -9999.0