inst/processing_geotop_simulation/geotop_simulation/out/maps3D/PwL0017N0325.asc
ncols         104
nrows         10
xllcorner     -2.000000
yllcorner     0.000000
cellsize      1.000000
NODATA_value  -9999.0
-9999.0 -9999.0 -9999.0 -9999.0 -9999.0 -9999.0 -9999.0 -9999.0 -9999.0 -9999.0 -9999.0 -9999.0 -9999.0 -9999.0 -9999.0 -9999.0 -9999.0 -9999.0 -9999.0 -9999.0 -9999.0 -9999.0 -9999.0 -9999.0 -9999.0 -9999.0 -9999.0 -9999.0 -9999.0 -9999.0 -9999.0 -9999.0 -9999.0 -9999.0 -9999.0 -9999.0 -9999.0 -9999.0 -9999.0 -9999.0 -9999.0 -9999.0 -9999.0 -9999.0 -9999.0 -9999.0 -9999.0 -9999.0 -9999.0 -9999.0 -9999.0 -9999.0 -9999.0 -9999.0 -9999.0 -9999.0 -9999.0 -9999.0 -9999.0 -9999.0 -9999.0 -9999.0 -9999.0 -9999.0 -9999.0 -9999.0 -9999.0 -9999.0 -9999.0 -9999.0 -9999.0 -9999.0 -9999.0 -9999.0 -9999.0 -9999.0 -9999.0 -9999.0 -9999.0 -9999.0 -9999.0 -9999.0 -9999.0 -9999.0 -9999.0 -9999.0 -9999.0 -9999.0 -9999.0 -9999.0 -9999.0 -9999.0 -9999.0 -9999.0 -9999.0 -9999.0 -9999.0 -9999.0 -9999.0 -9999.0 -9999.0 -9999.0 -9999.0 -9999.0
-9999.0 -9999.0 -9999.0 -9999.0 -9999.0 -9999.0 -9999.0 -9999.0 -9999.0 -9999.0 -9999.0 -9999.0 -9999.0 -9999.0 -9999.0 -9999.0 -9999.0 -9999.0 -9999.0 -9999.0 -9999.0 -9999.0 -9999.0 -9999.0 -9999.0 -9999.0 -9999.0 -9999.0 -9999.0 -9999.0 -9999.0 -9999.0 -9999.0 -9999.0 -9999.0 -9999.0 -9999.0 -9999.0 -9999.0 -9999.0 -9999.0 -9999.0 -9999.0 -9999.0 -9999.0 -9999.0 -9999.0 -9999.0 -9999.0 -9999.0 -9999.0 -9999.0 -9999.0 -9999.0 -9999.0 -9999.0 -9999.0 -9999.0 -9999.0 -9999.0 -9999.0 -9999.0 -9999.0 -9999.0 -9999.0 -9999.0 -9999.0 -9999.0 -9999.0 -9999.0 -9999.0 -9999.0 -9999.0 -9999.0 -9999.0 -9999.0 -9999.0 -9999.0 -9999.0 -9999.0 -9999.0 -9999.0 -9999.0 -9999.0 -9999.0 -9999.0 -9999.0 -9999.0 -9999.0 -9999.0 -9999.0 -9999.0 -9999.0 -9999.0 -9999.0 -9999.0 -9999.0 -9999.0 -9999.0 -9999.0 -9999.0 -9999.0 -9999.0 -9999.0
-9999.0 -9999.0 821.291169 722.902661 624.283486 525.443937 426.493020 327.493431 228.478119 129.464696 30.463404 -68.515669 -167.470472 -266.385544 -365.225593 -463.928071 -562.376339 -660.371490 -758.092956 -855.812016 -953.082718 -1049.689517 -1142.943424 -1228.838212 -1306.538364 -1374.170046 -1430.735838 -1476.253186 -1511.608131 -1538.236072 -1557.779455 -1571.824907 -1581.752177 -1588.678347 -1593.463742 -1596.750301 -1599.019194 -1600.695147 -1602.454842 -1606.195769 -1617.204023 -1650.685070 -1979.039922 -4074.505146 -4133.656317 -4133.663275 -4133.663185 -4133.662748 -4133.660761 -4133.654429 -4133.637506 -4133.590051 -4133.513420 -4133.415684 -4133.255265 -4132.947988 -4132.285714 -4130.727596 -4126.817591 -4116.414341 -3970.363460 -1770.246104 -1609.510460 -1608.835217 -1605.328148 -1604.113802 -1603.848050 -1603.800487 -1603.793118 -1603.792499 -1603.792919 -1603.793414 -1603.793831 -1603.794164 -1603.794431 -1603.794648 -1603.794829 -1603.794985 -1603.795123 -1603.795253 -1603.795383 -1603.795525 -1603.795694 -1603.795912 -1603.796215 -1603.796656 -1603.797326 -1603.798372 -1603.800051 -1603.802822 -1603.807523 -1603.815754 -1603.830634 -1603.858413 -1603.911925 -1604.018527 -1604.239870 -1604.724841 -1605.859012 -1608.718036 -1616.642405 -1641.734258 -9999.0 -9999.0
-9999.0 -9999.0 821.294718 722.903923 624.283883 525.444064 426.493063 327.493445 228.478124 129.464698 30.463405 -68.515669 -167.470472 -266.385543 -365.225593 -463.928071 -562.376339 -660.371490 -758.092957 -855.812017 -953.082718 -1049.689517 -1142.943424 -1228.838212 -1306.538364 -1374.170046 -1430.735838 -1476.253186 -1511.608131 -1538.236072 -1557.779455 -1571.824907 -1581.752177 -1588.678347 -1593.463742 -1596.750301 -1599.019194 -1600.695147 -1602.454842 -1606.195769 -1617.204023 -1650.685070 -1979.039922 -4074.505146 -4133.656317 -4133.663275 -4133.663185 -4133.662748 -4133.660761 -4133.654429 -4133.637506 -4133.590051 -4133.513420 -4133.415684 -4133.255265 -4132.947988 -4132.285714 -4130.727596 -4126.817590 -4116.414341 -3970.363461 -1770.246104 -1609.510460 -1608.835217 -1605.328148 -1604.113802 -1603.848050 -1603.800487 -1603.793118 -1603.792499 -1603.792919 -1603.793414 -1603.793831 -1603.794164 -1603.794431 -1603.794648 -1603.794829 -1603.794985 -1603.795123 -1603.795253 -1603.795383 -1603.795525 -1603.795694 -1603.795912 -1603.796215 -1603.796656 -1603.797326 -1603.798372 -1603.800051 -1603.802822 -1603.807523 -1603.815754 -1603.830634 -1603.858413 -1603.911925 -1604.018527 -1604.239870 -1604.724841 -1605.859012 -1608.718036 -1616.642405 -1641.734258 -9999.0 -9999.0
-9999.0 -9999.0 821.295944 722.904572 624.284153 525.444166 426.493100 327.493459 228.478129 129.464700 30.463406 -68.515669 -167.470471 -266.385543 -365.225593 -463.928071 -562.376339 -660.371490 -758.092957 -855.812017 -953.082718 -1049.689517 -1142.943425 -1228.838212 -1306.538364 -1374.170046 -1430.735838 -1476.253187 -1511.608131 -1538.236072 -1557.779455 -1571.824907 -1581.752177 -1588.678347 -1593.463742 -1596.750301 -1599.019194 -1600.695147 -1602.454842 -1606.195769 -1617.204023 -1650.685070 -1979.039922 -4074.505146 -4133.656317 -4133.663275 -4133.663185 -4133.662748 -4133.660761 -4133.654429 -4133.637506 -4133.590051 -4133.513420 -4133.415684 -4133.255265 -4132.947988 -4132.285714 -4130.727596 -4126.817590 -4116.414341 -3970.363460 -1770.246104 -1609.510460 -1608.835217 -1605.328148 -1604.113802 -1603.848050 -1603.800487 -1603.793118 -1603.792499 -1603.792919 -1603.793414 -1603.793831 -1603.794164 -1603.794431 -1603.794648 -1603.794829 -1603.794985 -1603.795123 -1603.795253 -1603.795383 -1603.795525 -1603.795694 -1603.795912 -1603.796215 -1603.796656 -1603.797326 -1603.798372 -1603.800051 -1603.802822 -1603.807523 -1603.815754 -1603.830634 -1603.858413 -1603.911925 -1604.018527 -1604.239870 -1604.724841 -1605.859012 -1608.718036 -1616.642405 -1641.734258 -9999.0 -9999.0
-9999.0 -9999.0 821.295944 722.904572 624.284153 525.444166 426.493100 327.493459 228.478129 129.464700 30.463406 -68.515669 -167.470471 -266.385543 -365.225593 -463.928071 -562.376339 -660.371490 -758.092957 -855.812017 -953.082718 -1049.689517 -1142.943425 -1228.838212 -1306.538364 -1374.170046 -1430.735838 -1476.253187 -1511.608131 -1538.236072 -1557.779455 -1571.824907 -1581.752177 -1588.678347 -1593.463742 -1596.750301 -1599.019194 -1600.695147 -1602.454842 -1606.195769 -1617.204023 -1650.685070 -1979.039922 -4074.505146 -4133.656317 -4133.663275 -4133.663185 -4133.662748 -4133.660761 -4133.654429 -4133.637506 -4133.590051 -4133.513420 -4133.415684 -4133.255265 -4132.947988 -4132.285714 -4130.727596 -4126.817590 -4116.414341 -3970.363460 -1770.246104 -1609.510460 -1608.835217 -1605.328148 -1604.113802 -1603.848050 -1603.800487 -1603.793118 -1603.792499 -1603.792919 -1603.793414 -1603.793831 -1603.794164 -1603.794431 -1603.794648 -1603.794829 -1603.794985 -1603.795123 -1603.795253 -1603.795383 -1603.795525 -1603.795694 -1603.795912 -1603.796215 -1603.796656 -1603.797326 -1603.798372 -1603.800051 -1603.802822 -1603.807523 -1603.815754 -1603.830634 -1603.858413 -1603.911925 -1604.018527 -1604.239870 -1604.724841 -1605.859012 -1608.718036 -1616.642405 -1641.734258 -9999.0 -9999.0
-9999.0 -9999.0 821.294718 722.903923 624.283883 525.444064 426.493063 327.493445 228.478124 129.464698 30.463405 -68.515669 -167.470472 -266.385543 -365.225593 -463.928071 -562.376339 -660.371490 -758.092957 -855.812017 -953.082718 -1049.689517 -1142.943424 -1228.838212 -1306.538364 -1374.170046 -1430.735838 -1476.253186 -1511.608131 -1538.236072 -1557.779455 -1571.824907 -1581.752177 -1588.678347 -1593.463742 -1596.750301 -1599.019194 -1600.695147 -1602.454842 -1606.195769 -1617.204023 -1650.685070 -1979.039922 -4074.505146 -4133.656317 -4133.663275 -4133.663185 -4133.662748 -4133.660761 -4133.654429 -4133.637506 -4133.590051 -4133.513420 -4133.415684 -4133.255265 -4132.947988 -4132.285714 -4130.727596 -4126.817590 -4116.414341 -3970.363461 -1770.246104 -1609.510460 -1608.835217 -1605.328148 -1604.113802 -1603.848050 -1603.800487 -1603.793118 -1603.792499 -1603.792919 -1603.793414 -1603.793831 -1603.794164 -1603.794431 -1603.794648 -1603.794829 -1603.794985 -1603.795123 -1603.795253 -1603.795383 -1603.795525 -1603.795694 -1603.795912 -1603.796215 -1603.796656 -1603.797326 -1603.798372 -1603.800051 -1603.802822 -1603.807523 -1603.815754 -1603.830634 -1603.858413 -1603.911925 -1604.018527 -1604.239870 -1604.724841 -1605.859012 -1608.718036 -1616.642405 -1641.734258 -9999.0 -9999.0
-9999.0 -9999.0 821.291169 722.902661 624.283486 525.443937 426.493021 327.493431 228.478119 129.464696 30.463404 -68.515670 -167.470472 -266.385544 -365.225593 -463.928071 -562.376339 -660.371490 -758.092956 -855.812016 -953.082718 -1049.689517 -1142.943424 -1228.838212 -1306.538364 -1374.170046 -1430.735838 -1476.253186 -1511.608131 -1538.236072 -1557.779455 -1571.824907 -1581.752177 -1588.678347 -1593.463742 -1596.750301 -1599.019194 -1600.695147 -1602.454842 -1606.195769 -1617.204023 -1650.685070 -1979.039922 -4074.505146 -4133.656317 -4133.663275 -4133.663185 -4133.662748 -4133.660761 -4133.654429 -4133.637506 -4133.590051 -4133.513420 -4133.415684 -4133.255265 -4132.947988 -4132.285714 -4130.727596 -4126.817590 -4116.414341 -3970.363461 -1770.246104 -1609.510460 -1608.835217 -1605.328148 -1604.113802 -1603.848050 -1603.800487 -1603.793118 -1603.792499 -1603.792919 -1603.793414 -1603.793831 -1603.794164 -1603.794431 -1603.794648 -1603.794829 -1603.794985 -1603.795123 -1603.795253 -1603.795383 -1603.795525 -1603.795694 -1603.795912 -1603.796215 -1603.796656 -1603.797326 -1603.798372 -1603.800051 -1603.802822 -1603.807523 -1603.815754 -1603.830634 -1603.858413 -1603.911925 -1604.018527 -1604.239870 -1604.724841 -1605.859012 -1608.718036 -1616.642405 -1641.734258 -9999.0 -9999.0
-9999.0 -9999.0 -9999.0 -9999.0 -9999.0 -9999.0 -9999.0 -9999.0 -9999.0 -9999.0 -9999.0 -9999.0 -9999.0 -9999.0 -9999.0 -9999.0 -9999.0 -9999.0 -9999.0 -9999.0 -9999.0 -9999.0 -9999.0 -9999.0 -9999.0 -9999.0 -9999.0 -9999.0 -9999.0 -9999.0 -9999.0 -9999.0 -9999.0 -9999.0 -9999.0 -9999.0 -9999.0 -9999.0 -9999.0 -9999.0 -9999.0 -9999.0 -9999.0 -9999.0 -9999.0 -9999.0 -9999.0 -9999.0 -9999.0 -9999.0 -9999.0 -9999.0 -9999.0 -9999.0 -9999.0 -9999.0 -9999.0 -9999.0 -9999.0 -9999.0 -9999.0 -9999.0 -9999.0 -9999.0 -9999.0 -9999.0 -9999.0 -9999.0 -9999.0 -9999.0 -9999.0 -9999.0 -9999.0 -9999.0 -9999.0 -9999.0 -9999.0 -9999.0 -9999.0 -9999.0 -9999.0 -9999.0 -9999.0 -9999.0 -9999.0 -9999.0 -9999.0 -9999.0 -9999.0 -9999.0 -9999.0 -9999.0 -9999.0 -9999.0 -9999.0 -9999.0 -9999.0 -9999.0 -9999.0 -9999.0 -9999.0 -9999.0 -9999.0 -9999.0
-9999.0 -9999.0 -9999.0 -9999.0 -9999.0 -9999.0 -9999.0 -9999.0 -9999.0 -9999.0 -9999.0 -9999.0 -9999.0 -9999.0 -9999.0 -9999.0 -9999.0 -9999.0 -9999.0 -9999.0 -9999.0 -9999.0 -9999.0 -9999.0 -9999.0 -9999.0 -9999.0 -9999.0 -9999.0 -9999.0 -9999.0 -9999.0 -9999.0 -9999.0 -9999.0 -9999.0 -9999.0 -9999.0 -9999.0 -9999.0 -9999.0 -9999.0 -9999.0 -9999.0 -9999.0 -9999.0 -9999.0 -9999.0 -9999.0 -9999.0 -9999.0 -9999.0 -9999.0 -9999.0 -9999.0 -9999.0 -9999.0 -9999.0 -9999.0 -9999.0 -9999.0 -9999.0 -9999.0 -9999.0 -9999.0 -9999.0 -9999.0 -9999.0 -9999.0 -9999.0 -9999.0 -9999.0 -9999.0 -9999.0 -9999.0 -9999.0 -9999.0 -9999.0 -9999.0 -9999.0 -9999.0 -9999.0 -9999.0 -9999.0 -9999.0 -9999.0 -9999.0 -9999.0 -9999.0 -9999.0 -9999.0 -9999.0 -9999.0 -9999.0 -9999.0 -9999.0 -9999.0 -9999.0 -9999.0 -9999.0 -9999.0 -9999.0 -9999.0 -9999.0