inst/processing_geotop_simulation/geotop_simulation/out/maps3D/PwL0021N0119.asc
ncols         104
nrows         10
xllcorner     -2.000000
yllcorner     0.000000
cellsize      1.000000
NODATA_value  -9999.0
-9999.0 -9999.0 -9999.0 -9999.0 -9999.0 -9999.0 -9999.0 -9999.0 -9999.0 -9999.0 -9999.0 -9999.0 -9999.0 -9999.0 -9999.0 -9999.0 -9999.0 -9999.0 -9999.0 -9999.0 -9999.0 -9999.0 -9999.0 -9999.0 -9999.0 -9999.0 -9999.0 -9999.0 -9999.0 -9999.0 -9999.0 -9999.0 -9999.0 -9999.0 -9999.0 -9999.0 -9999.0 -9999.0 -9999.0 -9999.0 -9999.0 -9999.0 -9999.0 -9999.0 -9999.0 -9999.0 -9999.0 -9999.0 -9999.0 -9999.0 -9999.0 -9999.0 -9999.0 -9999.0 -9999.0 -9999.0 -9999.0 -9999.0 -9999.0 -9999.0 -9999.0 -9999.0 -9999.0 -9999.0 -9999.0 -9999.0 -9999.0 -9999.0 -9999.0 -9999.0 -9999.0 -9999.0 -9999.0 -9999.0 -9999.0 -9999.0 -9999.0 -9999.0 -9999.0 -9999.0 -9999.0 -9999.0 -9999.0 -9999.0 -9999.0 -9999.0 -9999.0 -9999.0 -9999.0 -9999.0 -9999.0 -9999.0 -9999.0 -9999.0 -9999.0 -9999.0 -9999.0 -9999.0 -9999.0 -9999.0 -9999.0 -9999.0 -9999.0 -9999.0
-9999.0 -9999.0 -9999.0 -9999.0 -9999.0 -9999.0 -9999.0 -9999.0 -9999.0 -9999.0 -9999.0 -9999.0 -9999.0 -9999.0 -9999.0 -9999.0 -9999.0 -9999.0 -9999.0 -9999.0 -9999.0 -9999.0 -9999.0 -9999.0 -9999.0 -9999.0 -9999.0 -9999.0 -9999.0 -9999.0 -9999.0 -9999.0 -9999.0 -9999.0 -9999.0 -9999.0 -9999.0 -9999.0 -9999.0 -9999.0 -9999.0 -9999.0 -9999.0 -9999.0 -9999.0 -9999.0 -9999.0 -9999.0 -9999.0 -9999.0 -9999.0 -9999.0 -9999.0 -9999.0 -9999.0 -9999.0 -9999.0 -9999.0 -9999.0 -9999.0 -9999.0 -9999.0 -9999.0 -9999.0 -9999.0 -9999.0 -9999.0 -9999.0 -9999.0 -9999.0 -9999.0 -9999.0 -9999.0 -9999.0 -9999.0 -9999.0 -9999.0 -9999.0 -9999.0 -9999.0 -9999.0 -9999.0 -9999.0 -9999.0 -9999.0 -9999.0 -9999.0 -9999.0 -9999.0 -9999.0 -9999.0 -9999.0 -9999.0 -9999.0 -9999.0 -9999.0 -9999.0 -9999.0 -9999.0 -9999.0 -9999.0 -9999.0 -9999.0 -9999.0
-9999.0 -9999.0 1040.436065 947.436290 854.144794 760.047968 665.481989 570.701006 475.851093 381.013265 286.232359 191.532601 96.924239 2.430137 -91.900469 -186.086991 -280.160964 -374.170776 -468.106342 -561.742249 -654.457528 -745.406307 -834.227487 -919.859729 -990.762719 -1037.989989 -1070.418801 -1091.187795 -1103.746480 -1110.983836 -1114.987057 -1117.120897 -1118.219825 -1118.768771 -1119.037036 -1119.170887 -1119.255262 -1119.366879 -1119.728364 -1121.812143 -1134.966491 -1227.561566 -1829.181943 -3868.793494 -3935.625420 -3935.623079 -3934.533111 -3919.875991 -3849.287354 -3678.915160 -3424.229607 -3114.250343 -2898.517959 -2755.450497 -2623.209311 -2488.402566 -2349.552259 -2211.394163 -2079.350323 -1955.534789 -1831.287237 -1403.913274 -1190.291378 -1129.558779 -1120.852616 -1119.738498 -1119.589613 -1119.567300 -1119.564751 -1119.565658 -1119.566975 -1119.568109 -1119.568992 -1119.569664 -1119.570180 -1119.570582 -1119.570900 -1119.571159 -1119.571374 -1119.571565 -1119.571751 -1119.571956 -1119.572213 -1119.572566 -1119.573087 -1119.573886 -1119.575140 -1119.577143 -1119.580392 -1119.585751 -1119.594779 -1119.610383 -1119.638154 -1119.689105 -1119.785297 -1119.971709 -1120.343366 -1121.116330 -1122.835219 -1126.983539 -1137.649532 -1166.381449 -9999.0 -9999.0
-9999.0 -9999.0 1040.439222 947.437549 854.145220 760.048110 665.482037 570.701022 475.851099 381.013267 286.232360 191.532601 96.924239 2.430137 -91.900469 -186.086991 -280.160964 -374.170776 -468.106342 -561.742250 -654.457528 -745.406307 -834.227487 -919.859729 -990.762719 -1037.989989 -1070.418801 -1091.187795 -1103.746480 -1110.983836 -1114.987057 -1117.120897 -1118.219825 -1118.768771 -1119.037036 -1119.170887 -1119.255262 -1119.366879 -1119.728364 -1121.812143 -1134.966491 -1227.561566 -1829.181942 -3868.793494 -3935.625420 -3935.623079 -3934.533111 -3919.875991 -3849.287353 -3678.915159 -3424.229603 -3114.250341 -2898.517958 -2755.450497 -2623.209310 -2488.402566 -2349.552258 -2211.394163 -2079.350322 -1955.534789 -1831.287237 -1403.913274 -1190.291378 -1129.558779 -1120.852616 -1119.738498 -1119.589613 -1119.567300 -1119.564751 -1119.565658 -1119.566975 -1119.568109 -1119.568992 -1119.569664 -1119.570180 -1119.570582 -1119.570900 -1119.571159 -1119.571374 -1119.571565 -1119.571751 -1119.571956 -1119.572213 -1119.572566 -1119.573087 -1119.573886 -1119.575140 -1119.577143 -1119.580392 -1119.585751 -1119.594779 -1119.610383 -1119.638154 -1119.689105 -1119.785297 -1119.971709 -1120.343366 -1121.116330 -1122.835219 -1126.983539 -1137.649532 -1166.381449 -9999.0 -9999.0
-9999.0 -9999.0 1040.440498 947.438244 854.145517 760.048225 665.482079 570.701038 475.851104 381.013269 286.232361 191.532601 96.924239 2.430137 -91.900469 -186.086991 -280.160964 -374.170776 -468.106342 -561.742250 -654.457528 -745.406307 -834.227487 -919.859729 -990.762719 -1037.989989 -1070.418801 -1091.187795 -1103.746480 -1110.983836 -1114.987057 -1117.120897 -1118.219825 -1118.768771 -1119.037036 -1119.170887 -1119.255262 -1119.366879 -1119.728364 -1121.812143 -1134.966491 -1227.561566 -1829.181942 -3868.793494 -3935.625420 -3935.623079 -3934.533111 -3919.875991 -3849.287353 -3678.915157 -3424.229600 -3114.250340 -2898.517958 -2755.450496 -2623.209310 -2488.402565 -2349.552258 -2211.394162 -2079.350322 -1955.534789 -1831.287237 -1403.913274 -1190.291378 -1129.558779 -1120.852616 -1119.738498 -1119.589613 -1119.567300 -1119.564751 -1119.565658 -1119.566975 -1119.568109 -1119.568992 -1119.569664 -1119.570180 -1119.570582 -1119.570900 -1119.571159 -1119.571374 -1119.571565 -1119.571751 -1119.571956 -1119.572213 -1119.572566 -1119.573087 -1119.573886 -1119.575140 -1119.577143 -1119.580392 -1119.585751 -1119.594779 -1119.610383 -1119.638154 -1119.689105 -1119.785297 -1119.971709 -1120.343366 -1121.116330 -1122.835219 -1126.983539 -1137.649532 -1166.381449 -9999.0 -9999.0
-9999.0 -9999.0 1040.440498 947.438244 854.145517 760.048225 665.482079 570.701038 475.851104 381.013269 286.232361 191.532601 96.924239 2.430137 -91.900469 -186.086991 -280.160964 -374.170776 -468.106342 -561.742250 -654.457528 -745.406307 -834.227487 -919.859729 -990.762719 -1037.989989 -1070.418801 -1091.187795 -1103.746480 -1110.983836 -1114.987057 -1117.120897 -1118.219825 -1118.768771 -1119.037036 -1119.170887 -1119.255262 -1119.366879 -1119.728364 -1121.812143 -1134.966491 -1227.561566 -1829.181942 -3868.793494 -3935.625420 -3935.623079 -3934.533111 -3919.875991 -3849.287353 -3678.915158 -3424.229601 -3114.250340 -2898.517958 -2755.450497 -2623.209310 -2488.402565 -2349.552258 -2211.394163 -2079.350322 -1955.534789 -1831.287237 -1403.913274 -1190.291378 -1129.558779 -1120.852616 -1119.738498 -1119.589613 -1119.567300 -1119.564751 -1119.565658 -1119.566975 -1119.568109 -1119.568992 -1119.569664 -1119.570180 -1119.570582 -1119.570900 -1119.571159 -1119.571374 -1119.571565 -1119.571751 -1119.571956 -1119.572213 -1119.572566 -1119.573087 -1119.573886 -1119.575140 -1119.577143 -1119.580392 -1119.585751 -1119.594779 -1119.610383 -1119.638154 -1119.689105 -1119.785297 -1119.971709 -1120.343366 -1121.116330 -1122.835219 -1126.983539 -1137.649532 -1166.381449 -9999.0 -9999.0
-9999.0 -9999.0 1040.439222 947.437549 854.145220 760.048110 665.482037 570.701022 475.851099 381.013267 286.232360 191.532601 96.924239 2.430137 -91.900469 -186.086991 -280.160964 -374.170776 -468.106342 -561.742250 -654.457528 -745.406307 -834.227487 -919.859729 -990.762719 -1037.989989 -1070.418801 -1091.187795 -1103.746480 -1110.983836 -1114.987057 -1117.120897 -1118.219825 -1118.768771 -1119.037036 -1119.170887 -1119.255262 -1119.366879 -1119.728364 -1121.812143 -1134.966491 -1227.561566 -1829.181942 -3868.793494 -3935.625420 -3935.623079 -3934.533111 -3919.875991 -3849.287353 -3678.915158 -3424.229602 -3114.250341 -2898.517958 -2755.450497 -2623.209310 -2488.402565 -2349.552258 -2211.394163 -2079.350322 -1955.534789 -1831.287237 -1403.913274 -1190.291378 -1129.558779 -1120.852616 -1119.738498 -1119.589613 -1119.567300 -1119.564751 -1119.565658 -1119.566975 -1119.568109 -1119.568992 -1119.569664 -1119.570180 -1119.570582 -1119.570900 -1119.571159 -1119.571374 -1119.571565 -1119.571751 -1119.571956 -1119.572213 -1119.572566 -1119.573087 -1119.573886 -1119.575140 -1119.577143 -1119.580392 -1119.585751 -1119.594779 -1119.610383 -1119.638154 -1119.689105 -1119.785297 -1119.971709 -1120.343366 -1121.116330 -1122.835219 -1126.983539 -1137.649532 -1166.381449 -9999.0 -9999.0
-9999.0 -9999.0 1040.436065 947.436290 854.144794 760.047968 665.481989 570.701006 475.851093 381.013265 286.232359 191.532601 96.924239 2.430137 -91.900469 -186.086991 -280.160964 -374.170776 -468.106342 -561.742250 -654.457528 -745.406307 -834.227487 -919.859729 -990.762719 -1037.989989 -1070.418801 -1091.187795 -1103.746480 -1110.983836 -1114.987057 -1117.120897 -1118.219825 -1118.768771 -1119.037036 -1119.170887 -1119.255262 -1119.366879 -1119.728364 -1121.812143 -1134.966491 -1227.561566 -1829.181943 -3868.793494 -3935.625420 -3935.623079 -3934.533111 -3919.875991 -3849.287354 -3678.915161 -3424.229607 -3114.250343 -2898.517959 -2755.450497 -2623.209311 -2488.402566 -2349.552258 -2211.394163 -2079.350322 -1955.534789 -1831.287237 -1403.913274 -1190.291378 -1129.558779 -1120.852616 -1119.738498 -1119.589613 -1119.567300 -1119.564751 -1119.565658 -1119.566975 -1119.568109 -1119.568992 -1119.569664 -1119.570180 -1119.570582 -1119.570900 -1119.571159 -1119.571374 -1119.571565 -1119.571751 -1119.571956 -1119.572213 -1119.572566 -1119.573087 -1119.573886 -1119.575140 -1119.577143 -1119.580392 -1119.585751 -1119.594779 -1119.610383 -1119.638154 -1119.689105 -1119.785297 -1119.971709 -1120.343366 -1121.116330 -1122.835219 -1126.983539 -1137.649532 -1166.381449 -9999.0 -9999.0
-9999.0 -9999.0 -9999.0 -9999.0 -9999.0 -9999.0 -9999.0 -9999.0 -9999.0 -9999.0 -9999.0 -9999.0 -9999.0 -9999.0 -9999.0 -9999.0 -9999.0 -9999.0 -9999.0 -9999.0 -9999.0 -9999.0 -9999.0 -9999.0 -9999.0 -9999.0 -9999.0 -9999.0 -9999.0 -9999.0 -9999.0 -9999.0 -9999.0 -9999.0 -9999.0 -9999.0 -9999.0 -9999.0 -9999.0 -9999.0 -9999.0 -9999.0 -9999.0 -9999.0 -9999.0 -9999.0 -9999.0 -9999.0 -9999.0 -9999.0 -9999.0 -9999.0 -9999.0 -9999.0 -9999.0 -9999.0 -9999.0 -9999.0 -9999.0 -9999.0 -9999.0 -9999.0 -9999.0 -9999.0 -9999.0 -9999.0 -9999.0 -9999.0 -9999.0 -9999.0 -9999.0 -9999.0 -9999.0 -9999.0 -9999.0 -9999.0 -9999.0 -9999.0 -9999.0 -9999.0 -9999.0 -9999.0 -9999.0 -9999.0 -9999.0 -9999.0 -9999.0 -9999.0 -9999.0 -9999.0 -9999.0 -9999.0 -9999.0 -9999.0 -9999.0 -9999.0 -9999.0 -9999.0 -9999.0 -9999.0 -9999.0 -9999.0 -9999.0 -9999.0
-9999.0 -9999.0 -9999.0 -9999.0 -9999.0 -9999.0 -9999.0 -9999.0 -9999.0 -9999.0 -9999.0 -9999.0 -9999.0 -9999.0 -9999.0 -9999.0 -9999.0 -9999.0 -9999.0 -9999.0 -9999.0 -9999.0 -9999.0 -9999.0 -9999.0 -9999.0 -9999.0 -9999.0 -9999.0 -9999.0 -9999.0 -9999.0 -9999.0 -9999.0 -9999.0 -9999.0 -9999.0 -9999.0 -9999.0 -9999.0 -9999.0 -9999.0 -9999.0 -9999.0 -9999.0 -9999.0 -9999.0 -9999.0 -9999.0 -9999.0 -9999.0 -9999.0 -9999.0 -9999.0 -9999.0 -9999.0 -9999.0 -9999.0 -9999.0 -9999.0 -9999.0 -9999.0 -9999.0 -9999.0 -9999.0 -9999.0 -9999.0 -9999.0 -9999.0 -9999.0 -9999.0 -9999.0 -9999.0 -9999.0 -9999.0 -9999.0 -9999.0 -9999.0 -9999.0 -9999.0 -9999.0 -9999.0 -9999.0 -9999.0 -9999.0 -9999.0 -9999.0 -9999.0 -9999.0 -9999.0 -9999.0 -9999.0 -9999.0 -9999.0 -9999.0 -9999.0 -9999.0 -9999.0 -9999.0 -9999.0 -9999.0 -9999.0 -9999.0 -9999.0