inst/processing_geotop_simulation/geotop_simulation/out/maps3D/PwL0008N0343.asc
ncols         104
nrows         10
xllcorner     -2.000000
yllcorner     0.000000
cellsize      1.000000
NODATA_value  -9999.0
-9999.0 -9999.0 -9999.0 -9999.0 -9999.0 -9999.0 -9999.0 -9999.0 -9999.0 -9999.0 -9999.0 -9999.0 -9999.0 -9999.0 -9999.0 -9999.0 -9999.0 -9999.0 -9999.0 -9999.0 -9999.0 -9999.0 -9999.0 -9999.0 -9999.0 -9999.0 -9999.0 -9999.0 -9999.0 -9999.0 -9999.0 -9999.0 -9999.0 -9999.0 -9999.0 -9999.0 -9999.0 -9999.0 -9999.0 -9999.0 -9999.0 -9999.0 -9999.0 -9999.0 -9999.0 -9999.0 -9999.0 -9999.0 -9999.0 -9999.0 -9999.0 -9999.0 -9999.0 -9999.0 -9999.0 -9999.0 -9999.0 -9999.0 -9999.0 -9999.0 -9999.0 -9999.0 -9999.0 -9999.0 -9999.0 -9999.0 -9999.0 -9999.0 -9999.0 -9999.0 -9999.0 -9999.0 -9999.0 -9999.0 -9999.0 -9999.0 -9999.0 -9999.0 -9999.0 -9999.0 -9999.0 -9999.0 -9999.0 -9999.0 -9999.0 -9999.0 -9999.0 -9999.0 -9999.0 -9999.0 -9999.0 -9999.0 -9999.0 -9999.0 -9999.0 -9999.0 -9999.0 -9999.0 -9999.0 -9999.0 -9999.0 -9999.0 -9999.0 -9999.0
-9999.0 -9999.0 -9999.0 -9999.0 -9999.0 -9999.0 -9999.0 -9999.0 -9999.0 -9999.0 -9999.0 -9999.0 -9999.0 -9999.0 -9999.0 -9999.0 -9999.0 -9999.0 -9999.0 -9999.0 -9999.0 -9999.0 -9999.0 -9999.0 -9999.0 -9999.0 -9999.0 -9999.0 -9999.0 -9999.0 -9999.0 -9999.0 -9999.0 -9999.0 -9999.0 -9999.0 -9999.0 -9999.0 -9999.0 -9999.0 -9999.0 -9999.0 -9999.0 -9999.0 -9999.0 -9999.0 -9999.0 -9999.0 -9999.0 -9999.0 -9999.0 -9999.0 -9999.0 -9999.0 -9999.0 -9999.0 -9999.0 -9999.0 -9999.0 -9999.0 -9999.0 -9999.0 -9999.0 -9999.0 -9999.0 -9999.0 -9999.0 -9999.0 -9999.0 -9999.0 -9999.0 -9999.0 -9999.0 -9999.0 -9999.0 -9999.0 -9999.0 -9999.0 -9999.0 -9999.0 -9999.0 -9999.0 -9999.0 -9999.0 -9999.0 -9999.0 -9999.0 -9999.0 -9999.0 -9999.0 -9999.0 -9999.0 -9999.0 -9999.0 -9999.0 -9999.0 -9999.0 -9999.0 -9999.0 -9999.0 -9999.0 -9999.0 -9999.0 -9999.0
-9999.0 -9999.0 374.217877 276.498187 177.938166 79.044009 -19.983408 -119.063005 -218.159635 -317.247450 -416.300075 -515.270946 -614.060899 -712.478830 -810.933505 -909.312525 -1007.543437 -1105.627109 -1202.228295 -1297.020589 -1388.550559 -1474.331081 -1551.327186 -1617.126486 -1670.751842 -1712.682526 -1744.370882 -1767.675193 -1784.445899 -1796.306582 -1804.577994 -1810.281740 -1814.179927 -1816.825780 -1818.612954 -1819.819683 -1820.652532 -1821.322334 -1822.286881 -1824.906572 -1830.422157 -1808.465216 -1230.344271 -1299.627136 -1273.093772 -1255.847734 -1247.864534 -1246.715132 -1246.594378 -1246.605694 -1246.635856 -1246.668300 -1246.699475 -1246.728343 -1246.755146 -1246.786437 -1246.884731 -1247.556626 -1251.741168 -1261.127739 -1272.971025 -1188.758310 -1778.054412 -1823.532283 -1823.489532 -1822.609981 -1822.390566 -1822.350581 -1822.344434 -1822.343991 -1822.344420 -1822.344895 -1822.345286 -1822.345590 -1822.345827 -1822.346013 -1822.346163 -1822.346287 -1822.346393 -1822.346490 -1822.346586 -1822.346693 -1822.346825 -1822.347006 -1822.347270 -1822.347669 -1822.348293 -1822.349289 -1822.350909 -1822.353602 -1822.358191 -1822.366236 -1822.380773 -1822.407849 -1822.459762 -1822.562299 -1822.772274 -1823.223918 -1824.261251 -1826.854001 -1834.122838 -1857.985039 -9999.0 -9999.0
-9999.0 -9999.0 374.224717 276.499924 177.938634 79.044148 -19.983363 -119.062990 -218.159629 -317.247448 -416.300074 -515.270946 -614.060899 -712.478830 -810.933505 -909.312525 -1007.543437 -1105.627109 -1202.228295 -1297.020589 -1388.550559 -1474.331081 -1551.327186 -1617.126486 -1670.751842 -1712.682526 -1744.370882 -1767.675193 -1784.445899 -1796.306582 -1804.577994 -1810.281740 -1814.179927 -1816.825780 -1818.612954 -1819.819683 -1820.652532 -1821.322334 -1822.286881 -1824.906572 -1830.422157 -1808.465216 -1230.344271 -1299.627136 -1273.093772 -1255.847734 -1247.864534 -1246.715132 -1246.594378 -1246.605694 -1246.635856 -1246.668300 -1246.699475 -1246.728343 -1246.755146 -1246.786437 -1246.884731 -1247.556626 -1251.741168 -1261.127739 -1272.971025 -1188.758310 -1778.054412 -1823.532283 -1823.489532 -1822.609981 -1822.390566 -1822.350581 -1822.344434 -1822.343991 -1822.344420 -1822.344895 -1822.345286 -1822.345590 -1822.345827 -1822.346013 -1822.346163 -1822.346287 -1822.346393 -1822.346490 -1822.346586 -1822.346693 -1822.346825 -1822.347006 -1822.347270 -1822.347669 -1822.348293 -1822.349289 -1822.350909 -1822.353602 -1822.358191 -1822.366236 -1822.380773 -1822.407849 -1822.459762 -1822.562299 -1822.772274 -1823.223918 -1824.261251 -1826.854001 -1834.122838 -1857.985039 -9999.0 -9999.0
-9999.0 -9999.0 374.226121 276.500676 177.938934 79.044258 -19.983324 -119.062976 -218.159624 -317.247446 -416.300073 -515.270945 -614.060899 -712.478830 -810.933505 -909.312525 -1007.543437 -1105.627109 -1202.228295 -1297.020589 -1388.550560 -1474.331081 -1551.327187 -1617.126486 -1670.751842 -1712.682526 -1744.370882 -1767.675193 -1784.445899 -1796.306582 -1804.577994 -1810.281740 -1814.179927 -1816.825780 -1818.612954 -1819.819683 -1820.652532 -1821.322334 -1822.286881 -1824.906572 -1830.422157 -1808.465216 -1230.344271 -1299.627136 -1273.093771 -1255.847734 -1247.864534 -1246.715132 -1246.594378 -1246.605694 -1246.635856 -1246.668300 -1246.699475 -1246.728343 -1246.755146 -1246.786437 -1246.884731 -1247.556626 -1251.741168 -1261.127739 -1272.971025 -1188.758310 -1778.054412 -1823.532283 -1823.489532 -1822.609981 -1822.390566 -1822.350581 -1822.344434 -1822.343991 -1822.344420 -1822.344895 -1822.345286 -1822.345590 -1822.345827 -1822.346013 -1822.346163 -1822.346287 -1822.346393 -1822.346490 -1822.346586 -1822.346693 -1822.346825 -1822.347006 -1822.347270 -1822.347669 -1822.348293 -1822.349289 -1822.350909 -1822.353602 -1822.358191 -1822.366236 -1822.380773 -1822.407849 -1822.459762 -1822.562299 -1822.772274 -1823.223918 -1824.261251 -1826.854001 -1834.122838 -1857.985039 -9999.0 -9999.0
-9999.0 -9999.0 374.226121 276.500675 177.938934 79.044258 -19.983324 -119.062976 -218.159624 -317.247446 -416.300073 -515.270945 -614.060899 -712.478830 -810.933505 -909.312525 -1007.543437 -1105.627109 -1202.228295 -1297.020589 -1388.550560 -1474.331081 -1551.327187 -1617.126486 -1670.751842 -1712.682526 -1744.370882 -1767.675193 -1784.445899 -1796.306582 -1804.577994 -1810.281740 -1814.179927 -1816.825780 -1818.612954 -1819.819683 -1820.652532 -1821.322334 -1822.286881 -1824.906572 -1830.422157 -1808.465216 -1230.344271 -1299.627136 -1273.093771 -1255.847734 -1247.864534 -1246.715132 -1246.594378 -1246.605694 -1246.635856 -1246.668300 -1246.699475 -1246.728343 -1246.755146 -1246.786437 -1246.884731 -1247.556626 -1251.741168 -1261.127739 -1272.971025 -1188.758310 -1778.054412 -1823.532283 -1823.489532 -1822.609981 -1822.390566 -1822.350581 -1822.344434 -1822.343991 -1822.344420 -1822.344895 -1822.345286 -1822.345590 -1822.345827 -1822.346013 -1822.346163 -1822.346287 -1822.346393 -1822.346490 -1822.346586 -1822.346693 -1822.346825 -1822.347006 -1822.347270 -1822.347669 -1822.348293 -1822.349289 -1822.350909 -1822.353602 -1822.358191 -1822.366236 -1822.380773 -1822.407849 -1822.459762 -1822.562299 -1822.772274 -1823.223918 -1824.261251 -1826.854001 -1834.122838 -1857.985039 -9999.0 -9999.0
-9999.0 -9999.0 374.224717 276.499924 177.938634 79.044148 -19.983363 -119.062990 -218.159629 -317.247448 -416.300074 -515.270946 -614.060899 -712.478830 -810.933505 -909.312525 -1007.543437 -1105.627109 -1202.228295 -1297.020589 -1388.550559 -1474.331081 -1551.327186 -1617.126486 -1670.751842 -1712.682526 -1744.370882 -1767.675193 -1784.445899 -1796.306582 -1804.577994 -1810.281740 -1814.179927 -1816.825780 -1818.612954 -1819.819683 -1820.652532 -1821.322334 -1822.286881 -1824.906572 -1830.422157 -1808.465216 -1230.344271 -1299.627136 -1273.093772 -1255.847734 -1247.864534 -1246.715132 -1246.594378 -1246.605694 -1246.635856 -1246.668300 -1246.699475 -1246.728343 -1246.755146 -1246.786437 -1246.884731 -1247.556626 -1251.741168 -1261.127739 -1272.971025 -1188.758310 -1778.054412 -1823.532283 -1823.489532 -1822.609981 -1822.390566 -1822.350581 -1822.344434 -1822.343991 -1822.344420 -1822.344895 -1822.345286 -1822.345590 -1822.345827 -1822.346013 -1822.346163 -1822.346287 -1822.346393 -1822.346490 -1822.346586 -1822.346693 -1822.346825 -1822.347006 -1822.347270 -1822.347669 -1822.348293 -1822.349289 -1822.350909 -1822.353602 -1822.358191 -1822.366236 -1822.380773 -1822.407849 -1822.459762 -1822.562299 -1822.772274 -1823.223918 -1824.261251 -1826.854001 -1834.122838 -1857.985039 -9999.0 -9999.0
-9999.0 -9999.0 374.217877 276.498187 177.938166 79.044008 -19.983408 -119.063005 -218.159635 -317.247450 -416.300075 -515.270946 -614.060899 -712.478830 -810.933505 -909.312525 -1007.543437 -1105.627109 -1202.228295 -1297.020589 -1388.550559 -1474.331081 -1551.327186 -1617.126486 -1670.751842 -1712.682526 -1744.370882 -1767.675193 -1784.445899 -1796.306582 -1804.577994 -1810.281740 -1814.179927 -1816.825780 -1818.612954 -1819.819683 -1820.652532 -1821.322334 -1822.286881 -1824.906572 -1830.422157 -1808.465216 -1230.344271 -1299.627136 -1273.093772 -1255.847734 -1247.864534 -1246.715132 -1246.594378 -1246.605694 -1246.635856 -1246.668300 -1246.699475 -1246.728343 -1246.755146 -1246.786437 -1246.884731 -1247.556626 -1251.741168 -1261.127739 -1272.971025 -1188.758310 -1778.054412 -1823.532283 -1823.489532 -1822.609981 -1822.390566 -1822.350581 -1822.344434 -1822.343991 -1822.344420 -1822.344895 -1822.345286 -1822.345590 -1822.345827 -1822.346013 -1822.346163 -1822.346287 -1822.346393 -1822.346490 -1822.346586 -1822.346693 -1822.346825 -1822.347006 -1822.347270 -1822.347669 -1822.348293 -1822.349289 -1822.350909 -1822.353602 -1822.358191 -1822.366236 -1822.380773 -1822.407849 -1822.459762 -1822.562299 -1822.772274 -1823.223918 -1824.261251 -1826.854001 -1834.122838 -1857.985039 -9999.0 -9999.0
-9999.0 -9999.0 -9999.0 -9999.0 -9999.0 -9999.0 -9999.0 -9999.0 -9999.0 -9999.0 -9999.0 -9999.0 -9999.0 -9999.0 -9999.0 -9999.0 -9999.0 -9999.0 -9999.0 -9999.0 -9999.0 -9999.0 -9999.0 -9999.0 -9999.0 -9999.0 -9999.0 -9999.0 -9999.0 -9999.0 -9999.0 -9999.0 -9999.0 -9999.0 -9999.0 -9999.0 -9999.0 -9999.0 -9999.0 -9999.0 -9999.0 -9999.0 -9999.0 -9999.0 -9999.0 -9999.0 -9999.0 -9999.0 -9999.0 -9999.0 -9999.0 -9999.0 -9999.0 -9999.0 -9999.0 -9999.0 -9999.0 -9999.0 -9999.0 -9999.0 -9999.0 -9999.0 -9999.0 -9999.0 -9999.0 -9999.0 -9999.0 -9999.0 -9999.0 -9999.0 -9999.0 -9999.0 -9999.0 -9999.0 -9999.0 -9999.0 -9999.0 -9999.0 -9999.0 -9999.0 -9999.0 -9999.0 -9999.0 -9999.0 -9999.0 -9999.0 -9999.0 -9999.0 -9999.0 -9999.0 -9999.0 -9999.0 -9999.0 -9999.0 -9999.0 -9999.0 -9999.0 -9999.0 -9999.0 -9999.0 -9999.0 -9999.0 -9999.0 -9999.0
-9999.0 -9999.0 -9999.0 -9999.0 -9999.0 -9999.0 -9999.0 -9999.0 -9999.0 -9999.0 -9999.0 -9999.0 -9999.0 -9999.0 -9999.0 -9999.0 -9999.0 -9999.0 -9999.0 -9999.0 -9999.0 -9999.0 -9999.0 -9999.0 -9999.0 -9999.0 -9999.0 -9999.0 -9999.0 -9999.0 -9999.0 -9999.0 -9999.0 -9999.0 -9999.0 -9999.0 -9999.0 -9999.0 -9999.0 -9999.0 -9999.0 -9999.0 -9999.0 -9999.0 -9999.0 -9999.0 -9999.0 -9999.0 -9999.0 -9999.0 -9999.0 -9999.0 -9999.0 -9999.0 -9999.0 -9999.0 -9999.0 -9999.0 -9999.0 -9999.0 -9999.0 -9999.0 -9999.0 -9999.0 -9999.0 -9999.0 -9999.0 -9999.0 -9999.0 -9999.0 -9999.0 -9999.0 -9999.0 -9999.0 -9999.0 -9999.0 -9999.0 -9999.0 -9999.0 -9999.0 -9999.0 -9999.0 -9999.0 -9999.0 -9999.0 -9999.0 -9999.0 -9999.0 -9999.0 -9999.0 -9999.0 -9999.0 -9999.0 -9999.0 -9999.0 -9999.0 -9999.0 -9999.0 -9999.0 -9999.0 -9999.0 -9999.0 -9999.0 -9999.0