inst/processing_geotop_simulation/geotop_simulation/out/maps3D/PwL0019N0448.asc
ncols         104
nrows         10
xllcorner     -2.000000
yllcorner     0.000000
cellsize      1.000000
NODATA_value  -9999.0
-9999.0 -9999.0 -9999.0 -9999.0 -9999.0 -9999.0 -9999.0 -9999.0 -9999.0 -9999.0 -9999.0 -9999.0 -9999.0 -9999.0 -9999.0 -9999.0 -9999.0 -9999.0 -9999.0 -9999.0 -9999.0 -9999.0 -9999.0 -9999.0 -9999.0 -9999.0 -9999.0 -9999.0 -9999.0 -9999.0 -9999.0 -9999.0 -9999.0 -9999.0 -9999.0 -9999.0 -9999.0 -9999.0 -9999.0 -9999.0 -9999.0 -9999.0 -9999.0 -9999.0 -9999.0 -9999.0 -9999.0 -9999.0 -9999.0 -9999.0 -9999.0 -9999.0 -9999.0 -9999.0 -9999.0 -9999.0 -9999.0 -9999.0 -9999.0 -9999.0 -9999.0 -9999.0 -9999.0 -9999.0 -9999.0 -9999.0 -9999.0 -9999.0 -9999.0 -9999.0 -9999.0 -9999.0 -9999.0 -9999.0 -9999.0 -9999.0 -9999.0 -9999.0 -9999.0 -9999.0 -9999.0 -9999.0 -9999.0 -9999.0 -9999.0 -9999.0 -9999.0 -9999.0 -9999.0 -9999.0 -9999.0 -9999.0 -9999.0 -9999.0 -9999.0 -9999.0 -9999.0 -9999.0 -9999.0 -9999.0 -9999.0 -9999.0 -9999.0 -9999.0
-9999.0 -9999.0 -9999.0 -9999.0 -9999.0 -9999.0 -9999.0 -9999.0 -9999.0 -9999.0 -9999.0 -9999.0 -9999.0 -9999.0 -9999.0 -9999.0 -9999.0 -9999.0 -9999.0 -9999.0 -9999.0 -9999.0 -9999.0 -9999.0 -9999.0 -9999.0 -9999.0 -9999.0 -9999.0 -9999.0 -9999.0 -9999.0 -9999.0 -9999.0 -9999.0 -9999.0 -9999.0 -9999.0 -9999.0 -9999.0 -9999.0 -9999.0 -9999.0 -9999.0 -9999.0 -9999.0 -9999.0 -9999.0 -9999.0 -9999.0 -9999.0 -9999.0 -9999.0 -9999.0 -9999.0 -9999.0 -9999.0 -9999.0 -9999.0 -9999.0 -9999.0 -9999.0 -9999.0 -9999.0 -9999.0 -9999.0 -9999.0 -9999.0 -9999.0 -9999.0 -9999.0 -9999.0 -9999.0 -9999.0 -9999.0 -9999.0 -9999.0 -9999.0 -9999.0 -9999.0 -9999.0 -9999.0 -9999.0 -9999.0 -9999.0 -9999.0 -9999.0 -9999.0 -9999.0 -9999.0 -9999.0 -9999.0 -9999.0 -9999.0 -9999.0 -9999.0 -9999.0 -9999.0 -9999.0 -9999.0 -9999.0 -9999.0 -9999.0 -9999.0
-9999.0 -9999.0 918.549713 819.399105 720.167624 620.827334 521.428731 422.004369 322.572052 223.141480 123.718067 24.305356 -75.092042 -174.474114 -273.834613 -373.158589 -472.418888 -571.566450 -670.514517 -769.328862 -868.100872 -966.597242 -1064.652156 -1160.565117 -1251.532057 -1336.418493 -1413.258662 -1480.496528 -1537.286396 -1583.614923 -1620.211573 -1648.309975 -1669.368886 -1684.841268 -1696.029438 -1704.023856 -1709.712273 -1713.877398 -1717.492017 -1722.334176 -1730.971572 -1744.498994 -1857.379410 -3895.104560 -4034.567215 -4034.580870 -4033.059320 -4020.756692 -3977.809964 -3884.638720 -3738.617853 -3538.635078 -3381.699940 -3269.087218 -3159.055723 -3040.658611 -2911.901936 -2776.909868 -2641.868194 -2510.051598 -2341.761691 -1609.575242 -1699.840771 -1723.308314 -1723.745303 -1722.908465 -1722.629290 -1722.567310 -1722.556145 -1722.554751 -1722.555025 -1722.555513 -1722.555974 -1722.556379 -1722.556738 -1722.557063 -1722.557366 -1722.557654 -1722.557934 -1722.558213 -1722.558500 -1722.558804 -1722.559138 -1722.559521 -1722.559981 -1722.560566 -1722.561350 -1722.562458 -1722.564108 -1722.566691 -1722.570931 -1722.578216 -1722.591284 -1722.615694 -1722.663110 -1722.759183 -1722.963822 -1723.426581 -1724.546905 -1727.476574 -1735.856410 -1762.448808 -9999.0 -9999.0
-9999.0 -9999.0 918.552518 819.400160 720.167967 620.827446 521.428769 422.004382 322.572057 223.141482 123.718068 24.305356 -75.092041 -174.474114 -273.834613 -373.158589 -472.418888 -571.566450 -670.514517 -769.328862 -868.100872 -966.597242 -1064.652156 -1160.565117 -1251.532057 -1336.418494 -1413.258662 -1480.496528 -1537.286396 -1583.614923 -1620.211573 -1648.309975 -1669.368886 -1684.841268 -1696.029438 -1704.023856 -1709.712273 -1713.877398 -1717.492017 -1722.334176 -1730.971572 -1744.498994 -1857.379409 -3895.104559 -4034.567215 -4034.580870 -4033.059320 -4020.756692 -3977.809964 -3884.638719 -3738.617850 -3538.635077 -3381.699939 -3269.087218 -3159.055722 -3040.658611 -2911.901935 -2776.909868 -2641.868193 -2510.051597 -2341.761691 -1609.575243 -1699.840771 -1723.308314 -1723.745303 -1722.908465 -1722.629290 -1722.567310 -1722.556145 -1722.554751 -1722.555025 -1722.555513 -1722.555974 -1722.556379 -1722.556738 -1722.557063 -1722.557366 -1722.557654 -1722.557934 -1722.558213 -1722.558500 -1722.558804 -1722.559138 -1722.559521 -1722.559981 -1722.560566 -1722.561350 -1722.562458 -1722.564108 -1722.566691 -1722.570931 -1722.578216 -1722.591284 -1722.615694 -1722.663110 -1722.759183 -1722.963822 -1723.426581 -1724.546905 -1727.476574 -1735.856410 -1762.448808 -9999.0 -9999.0
-9999.0 -9999.0 918.553571 819.400723 720.168204 620.827537 521.428802 422.004395 322.572061 223.141484 123.718069 24.305357 -75.092041 -174.474113 -273.834613 -373.158589 -472.418888 -571.566450 -670.514517 -769.328862 -868.100872 -966.597242 -1064.652156 -1160.565117 -1251.532057 -1336.418494 -1413.258662 -1480.496528 -1537.286396 -1583.614923 -1620.211573 -1648.309975 -1669.368886 -1684.841268 -1696.029438 -1704.023856 -1709.712273 -1713.877398 -1717.492017 -1722.334176 -1730.971572 -1744.498994 -1857.379409 -3895.104559 -4034.567215 -4034.580870 -4033.059320 -4020.756692 -3977.809964 -3884.638718 -3738.617849 -3538.635076 -3381.699939 -3269.087217 -3159.055722 -3040.658610 -2911.901935 -2776.909868 -2641.868193 -2510.051597 -2341.761691 -1609.575242 -1699.840771 -1723.308314 -1723.745303 -1722.908465 -1722.629290 -1722.567310 -1722.556145 -1722.554751 -1722.555024 -1722.555513 -1722.555974 -1722.556379 -1722.556738 -1722.557063 -1722.557366 -1722.557654 -1722.557934 -1722.558213 -1722.558500 -1722.558804 -1722.559138 -1722.559521 -1722.559981 -1722.560566 -1722.561350 -1722.562458 -1722.564108 -1722.566691 -1722.570931 -1722.578216 -1722.591284 -1722.615694 -1722.663110 -1722.759183 -1722.963822 -1723.426581 -1724.546905 -1727.476574 -1735.856410 -1762.448808 -9999.0 -9999.0
-9999.0 -9999.0 918.553571 819.400723 720.168204 620.827537 521.428802 422.004395 322.572061 223.141484 123.718069 24.305357 -75.092041 -174.474114 -273.834613 -373.158589 -472.418888 -571.566450 -670.514517 -769.328862 -868.100872 -966.597242 -1064.652156 -1160.565117 -1251.532057 -1336.418494 -1413.258662 -1480.496528 -1537.286396 -1583.614923 -1620.211573 -1648.309975 -1669.368886 -1684.841268 -1696.029438 -1704.023856 -1709.712273 -1713.877398 -1717.492017 -1722.334176 -1730.971572 -1744.498994 -1857.379409 -3895.104559 -4034.567215 -4034.580870 -4033.059320 -4020.756692 -3977.809964 -3884.638719 -3738.617849 -3538.635076 -3381.699939 -3269.087217 -3159.055722 -3040.658610 -2911.901935 -2776.909868 -2641.868193 -2510.051597 -2341.761691 -1609.575242 -1699.840771 -1723.308314 -1723.745303 -1722.908465 -1722.629290 -1722.567310 -1722.556145 -1722.554751 -1722.555024 -1722.555513 -1722.555974 -1722.556379 -1722.556738 -1722.557063 -1722.557366 -1722.557654 -1722.557934 -1722.558213 -1722.558500 -1722.558804 -1722.559138 -1722.559521 -1722.559981 -1722.560566 -1722.561350 -1722.562458 -1722.564108 -1722.566691 -1722.570931 -1722.578216 -1722.591284 -1722.615694 -1722.663110 -1722.759183 -1722.963822 -1723.426581 -1724.546905 -1727.476574 -1735.856410 -1762.448808 -9999.0 -9999.0
-9999.0 -9999.0 918.552518 819.400160 720.167967 620.827446 521.428769 422.004382 322.572057 223.141482 123.718068 24.305356 -75.092042 -174.474114 -273.834613 -373.158589 -472.418888 -571.566450 -670.514517 -769.328862 -868.100872 -966.597242 -1064.652156 -1160.565117 -1251.532057 -1336.418494 -1413.258662 -1480.496528 -1537.286396 -1583.614923 -1620.211573 -1648.309975 -1669.368886 -1684.841268 -1696.029438 -1704.023856 -1709.712273 -1713.877398 -1717.492017 -1722.334176 -1730.971572 -1744.498994 -1857.379409 -3895.104559 -4034.567215 -4034.580870 -4033.059320 -4020.756692 -3977.809964 -3884.638719 -3738.617850 -3538.635077 -3381.699939 -3269.087217 -3159.055723 -3040.658610 -2911.901936 -2776.909868 -2641.868194 -2510.051597 -2341.761691 -1609.575242 -1699.840771 -1723.308314 -1723.745303 -1722.908465 -1722.629290 -1722.567310 -1722.556145 -1722.554751 -1722.555025 -1722.555513 -1722.555974 -1722.556379 -1722.556738 -1722.557063 -1722.557366 -1722.557654 -1722.557934 -1722.558213 -1722.558500 -1722.558804 -1722.559138 -1722.559521 -1722.559981 -1722.560566 -1722.561350 -1722.562458 -1722.564108 -1722.566691 -1722.570931 -1722.578216 -1722.591284 -1722.615694 -1722.663110 -1722.759183 -1722.963822 -1723.426581 -1724.546905 -1727.476574 -1735.856410 -1762.448808 -9999.0 -9999.0
-9999.0 -9999.0 918.549713 819.399105 720.167624 620.827334 521.428731 422.004369 322.572052 223.141480 123.718067 24.305356 -75.092042 -174.474114 -273.834613 -373.158589 -472.418888 -571.566450 -670.514517 -769.328862 -868.100872 -966.597242 -1064.652156 -1160.565117 -1251.532057 -1336.418493 -1413.258662 -1480.496528 -1537.286396 -1583.614923 -1620.211573 -1648.309975 -1669.368886 -1684.841268 -1696.029438 -1704.023856 -1709.712273 -1713.877398 -1717.492017 -1722.334176 -1730.971572 -1744.498994 -1857.379410 -3895.104560 -4034.567215 -4034.580870 -4033.059320 -4020.756692 -3977.809964 -3884.638720 -3738.617853 -3538.635078 -3381.699940 -3269.087218 -3159.055723 -3040.658611 -2911.901936 -2776.909869 -2641.868194 -2510.051598 -2341.761691 -1609.575243 -1699.840771 -1723.308314 -1723.745303 -1722.908465 -1722.629290 -1722.567310 -1722.556145 -1722.554751 -1722.555025 -1722.555513 -1722.555974 -1722.556379 -1722.556738 -1722.557063 -1722.557366 -1722.557654 -1722.557934 -1722.558213 -1722.558500 -1722.558804 -1722.559138 -1722.559521 -1722.559981 -1722.560566 -1722.561350 -1722.562458 -1722.564108 -1722.566691 -1722.570931 -1722.578216 -1722.591284 -1722.615694 -1722.663110 -1722.759183 -1722.963822 -1723.426581 -1724.546905 -1727.476574 -1735.856410 -1762.448808 -9999.0 -9999.0
-9999.0 -9999.0 -9999.0 -9999.0 -9999.0 -9999.0 -9999.0 -9999.0 -9999.0 -9999.0 -9999.0 -9999.0 -9999.0 -9999.0 -9999.0 -9999.0 -9999.0 -9999.0 -9999.0 -9999.0 -9999.0 -9999.0 -9999.0 -9999.0 -9999.0 -9999.0 -9999.0 -9999.0 -9999.0 -9999.0 -9999.0 -9999.0 -9999.0 -9999.0 -9999.0 -9999.0 -9999.0 -9999.0 -9999.0 -9999.0 -9999.0 -9999.0 -9999.0 -9999.0 -9999.0 -9999.0 -9999.0 -9999.0 -9999.0 -9999.0 -9999.0 -9999.0 -9999.0 -9999.0 -9999.0 -9999.0 -9999.0 -9999.0 -9999.0 -9999.0 -9999.0 -9999.0 -9999.0 -9999.0 -9999.0 -9999.0 -9999.0 -9999.0 -9999.0 -9999.0 -9999.0 -9999.0 -9999.0 -9999.0 -9999.0 -9999.0 -9999.0 -9999.0 -9999.0 -9999.0 -9999.0 -9999.0 -9999.0 -9999.0 -9999.0 -9999.0 -9999.0 -9999.0 -9999.0 -9999.0 -9999.0 -9999.0 -9999.0 -9999.0 -9999.0 -9999.0 -9999.0 -9999.0 -9999.0 -9999.0 -9999.0 -9999.0 -9999.0 -9999.0
-9999.0 -9999.0 -9999.0 -9999.0 -9999.0 -9999.0 -9999.0 -9999.0 -9999.0 -9999.0 -9999.0 -9999.0 -9999.0 -9999.0 -9999.0 -9999.0 -9999.0 -9999.0 -9999.0 -9999.0 -9999.0 -9999.0 -9999.0 -9999.0 -9999.0 -9999.0 -9999.0 -9999.0 -9999.0 -9999.0 -9999.0 -9999.0 -9999.0 -9999.0 -9999.0 -9999.0 -9999.0 -9999.0 -9999.0 -9999.0 -9999.0 -9999.0 -9999.0 -9999.0 -9999.0 -9999.0 -9999.0 -9999.0 -9999.0 -9999.0 -9999.0 -9999.0 -9999.0 -9999.0 -9999.0 -9999.0 -9999.0 -9999.0 -9999.0 -9999.0 -9999.0 -9999.0 -9999.0 -9999.0 -9999.0 -9999.0 -9999.0 -9999.0 -9999.0 -9999.0 -9999.0 -9999.0 -9999.0 -9999.0 -9999.0 -9999.0 -9999.0 -9999.0 -9999.0 -9999.0 -9999.0 -9999.0 -9999.0 -9999.0 -9999.0 -9999.0 -9999.0 -9999.0 -9999.0 -9999.0 -9999.0 -9999.0 -9999.0 -9999.0 -9999.0 -9999.0 -9999.0 -9999.0 -9999.0 -9999.0 -9999.0 -9999.0 -9999.0 -9999.0