inst/processing_geotop_simulation/geotop_simulation/out/maps3D/PwL0012N0444.asc
ncols         104
nrows         10
xllcorner     -2.000000
yllcorner     0.000000
cellsize      1.000000
NODATA_value  -9999.0
-9999.0 -9999.0 -9999.0 -9999.0 -9999.0 -9999.0 -9999.0 -9999.0 -9999.0 -9999.0 -9999.0 -9999.0 -9999.0 -9999.0 -9999.0 -9999.0 -9999.0 -9999.0 -9999.0 -9999.0 -9999.0 -9999.0 -9999.0 -9999.0 -9999.0 -9999.0 -9999.0 -9999.0 -9999.0 -9999.0 -9999.0 -9999.0 -9999.0 -9999.0 -9999.0 -9999.0 -9999.0 -9999.0 -9999.0 -9999.0 -9999.0 -9999.0 -9999.0 -9999.0 -9999.0 -9999.0 -9999.0 -9999.0 -9999.0 -9999.0 -9999.0 -9999.0 -9999.0 -9999.0 -9999.0 -9999.0 -9999.0 -9999.0 -9999.0 -9999.0 -9999.0 -9999.0 -9999.0 -9999.0 -9999.0 -9999.0 -9999.0 -9999.0 -9999.0 -9999.0 -9999.0 -9999.0 -9999.0 -9999.0 -9999.0 -9999.0 -9999.0 -9999.0 -9999.0 -9999.0 -9999.0 -9999.0 -9999.0 -9999.0 -9999.0 -9999.0 -9999.0 -9999.0 -9999.0 -9999.0 -9999.0 -9999.0 -9999.0 -9999.0 -9999.0 -9999.0 -9999.0 -9999.0 -9999.0 -9999.0 -9999.0 -9999.0 -9999.0 -9999.0
-9999.0 -9999.0 -9999.0 -9999.0 -9999.0 -9999.0 -9999.0 -9999.0 -9999.0 -9999.0 -9999.0 -9999.0 -9999.0 -9999.0 -9999.0 -9999.0 -9999.0 -9999.0 -9999.0 -9999.0 -9999.0 -9999.0 -9999.0 -9999.0 -9999.0 -9999.0 -9999.0 -9999.0 -9999.0 -9999.0 -9999.0 -9999.0 -9999.0 -9999.0 -9999.0 -9999.0 -9999.0 -9999.0 -9999.0 -9999.0 -9999.0 -9999.0 -9999.0 -9999.0 -9999.0 -9999.0 -9999.0 -9999.0 -9999.0 -9999.0 -9999.0 -9999.0 -9999.0 -9999.0 -9999.0 -9999.0 -9999.0 -9999.0 -9999.0 -9999.0 -9999.0 -9999.0 -9999.0 -9999.0 -9999.0 -9999.0 -9999.0 -9999.0 -9999.0 -9999.0 -9999.0 -9999.0 -9999.0 -9999.0 -9999.0 -9999.0 -9999.0 -9999.0 -9999.0 -9999.0 -9999.0 -9999.0 -9999.0 -9999.0 -9999.0 -9999.0 -9999.0 -9999.0 -9999.0 -9999.0 -9999.0 -9999.0 -9999.0 -9999.0 -9999.0 -9999.0 -9999.0 -9999.0 -9999.0 -9999.0 -9999.0 -9999.0 -9999.0 -9999.0
-9999.0 -9999.0 571.550988 472.751251 373.629696 274.329815 174.951083 75.539266 -23.881735 -123.299755 -222.709730 -322.102275 -421.460856 -520.753131 -619.930094 -718.933255 -818.003745 -916.979306 -1015.836930 -1114.538733 -1211.843505 -1307.109788 -1398.540509 -1483.760252 -1560.387495 -1626.657390 -1681.792933 -1726.035734 -1760.414700 -1786.404675 -1805.609792 -1819.541276 -1829.499132 -1836.534277 -1841.460201 -1844.890468 -1847.294543 -1849.101482 -1850.959439 -1854.135559 -1858.193125 -1838.367280 -1463.798332 -1888.802400 -1797.774142 -1738.237624 -1711.665948 -1708.023235 -1707.646302 -1707.681494 -1707.775054 -1707.875621 -1707.972233 -1708.061679 -1708.144653 -1708.240876 -1708.540833 -1710.627328 -1724.323859 -1755.726262 -1785.418315 -1370.491062 -1800.018831 -1850.698877 -1853.384898 -1852.764515 -1852.525271 -1852.472650 -1852.463410 -1852.462307 -1852.462554 -1852.462954 -1852.463309 -1852.463602 -1852.463842 -1852.464043 -1852.464217 -1852.464372 -1852.464514 -1852.464651 -1852.464790 -1852.464940 -1852.465114 -1852.465332 -1852.465621 -1852.466029 -1852.466629 -1852.467549 -1852.469005 -1852.471390 -1852.475425 -1852.482491 -1852.495298 -1852.519303 -1852.565812 -1852.659230 -1852.855404 -1853.291540 -1854.332023 -1857.036387 -1864.842172 -1890.310597 -9999.0 -9999.0
-9999.0 -9999.0 571.555684 472.752663 373.630102 274.329939 174.951124 75.539281 -23.881729 -123.299752 -222.709729 -322.102274 -421.460856 -520.753131 -619.930094 -718.933256 -818.003745 -916.979306 -1015.836930 -1114.538733 -1211.843505 -1307.109788 -1398.540510 -1483.760253 -1560.387495 -1626.657390 -1681.792933 -1726.035734 -1760.414700 -1786.404675 -1805.609792 -1819.541276 -1829.499132 -1836.534277 -1841.460201 -1844.890468 -1847.294543 -1849.101482 -1850.959439 -1854.135559 -1858.193125 -1838.367280 -1463.798331 -1888.802400 -1797.774141 -1738.237623 -1711.665948 -1708.023235 -1707.646302 -1707.681494 -1707.775054 -1707.875621 -1707.972233 -1708.061679 -1708.144653 -1708.240876 -1708.540833 -1710.627328 -1724.323859 -1755.726262 -1785.418315 -1370.491062 -1800.018831 -1850.698877 -1853.384898 -1852.764515 -1852.525271 -1852.472650 -1852.463410 -1852.462307 -1852.462554 -1852.462954 -1852.463309 -1852.463601 -1852.463842 -1852.464043 -1852.464217 -1852.464372 -1852.464514 -1852.464651 -1852.464790 -1852.464940 -1852.465114 -1852.465332 -1852.465621 -1852.466029 -1852.466629 -1852.467549 -1852.469005 -1852.471390 -1852.475425 -1852.482491 -1852.495298 -1852.519303 -1852.565812 -1852.659230 -1852.855404 -1853.291540 -1854.332023 -1857.036387 -1864.842172 -1890.310597 -9999.0 -9999.0
-9999.0 -9999.0 571.556946 472.753322 373.630369 274.330038 174.951160 75.539294 -23.881725 -123.299750 -222.709728 -322.102274 -421.460855 -520.753131 -619.930094 -718.933256 -818.003745 -916.979306 -1015.836931 -1114.538733 -1211.843505 -1307.109788 -1398.540510 -1483.760253 -1560.387495 -1626.657390 -1681.792933 -1726.035734 -1760.414700 -1786.404675 -1805.609792 -1819.541276 -1829.499132 -1836.534277 -1841.460201 -1844.890468 -1847.294543 -1849.101482 -1850.959439 -1854.135559 -1858.193125 -1838.367280 -1463.798331 -1888.802399 -1797.774141 -1738.237622 -1711.665948 -1708.023235 -1707.646302 -1707.681494 -1707.775054 -1707.875621 -1707.972233 -1708.061679 -1708.144653 -1708.240876 -1708.540833 -1710.627328 -1724.323859 -1755.726262 -1785.418314 -1370.491062 -1800.018831 -1850.698877 -1853.384898 -1852.764515 -1852.525271 -1852.472650 -1852.463410 -1852.462307 -1852.462554 -1852.462954 -1852.463309 -1852.463601 -1852.463842 -1852.464043 -1852.464217 -1852.464372 -1852.464514 -1852.464651 -1852.464790 -1852.464940 -1852.465114 -1852.465332 -1852.465621 -1852.466029 -1852.466629 -1852.467549 -1852.469005 -1852.471390 -1852.475425 -1852.482491 -1852.495298 -1852.519303 -1852.565812 -1852.659230 -1852.855404 -1853.291540 -1854.332023 -1857.036387 -1864.842172 -1890.310597 -9999.0 -9999.0
-9999.0 -9999.0 571.556946 472.753322 373.630369 274.330038 174.951160 75.539294 -23.881725 -123.299750 -222.709728 -322.102274 -421.460855 -520.753131 -619.930094 -718.933256 -818.003745 -916.979306 -1015.836931 -1114.538733 -1211.843505 -1307.109788 -1398.540510 -1483.760253 -1560.387495 -1626.657390 -1681.792933 -1726.035734 -1760.414700 -1786.404675 -1805.609792 -1819.541276 -1829.499132 -1836.534277 -1841.460201 -1844.890468 -1847.294543 -1849.101482 -1850.959439 -1854.135559 -1858.193125 -1838.367280 -1463.798331 -1888.802399 -1797.774141 -1738.237622 -1711.665948 -1708.023235 -1707.646302 -1707.681494 -1707.775054 -1707.875621 -1707.972233 -1708.061679 -1708.144653 -1708.240876 -1708.540833 -1710.627328 -1724.323859 -1755.726262 -1785.418314 -1370.491062 -1800.018831 -1850.698877 -1853.384898 -1852.764515 -1852.525271 -1852.472650 -1852.463410 -1852.462307 -1852.462554 -1852.462954 -1852.463309 -1852.463601 -1852.463842 -1852.464043 -1852.464217 -1852.464372 -1852.464514 -1852.464651 -1852.464790 -1852.464940 -1852.465114 -1852.465332 -1852.465621 -1852.466029 -1852.466629 -1852.467549 -1852.469005 -1852.471390 -1852.475425 -1852.482491 -1852.495298 -1852.519303 -1852.565812 -1852.659230 -1852.855404 -1853.291540 -1854.332023 -1857.036387 -1864.842172 -1890.310597 -9999.0 -9999.0
-9999.0 -9999.0 571.555684 472.752663 373.630102 274.329939 174.951124 75.539281 -23.881729 -123.299752 -222.709729 -322.102274 -421.460856 -520.753131 -619.930094 -718.933256 -818.003745 -916.979306 -1015.836930 -1114.538733 -1211.843505 -1307.109788 -1398.540510 -1483.760253 -1560.387495 -1626.657390 -1681.792933 -1726.035734 -1760.414700 -1786.404675 -1805.609792 -1819.541276 -1829.499132 -1836.534277 -1841.460201 -1844.890468 -1847.294543 -1849.101482 -1850.959439 -1854.135559 -1858.193125 -1838.367280 -1463.798331 -1888.802400 -1797.774141 -1738.237623 -1711.665948 -1708.023235 -1707.646302 -1707.681494 -1707.775054 -1707.875621 -1707.972233 -1708.061679 -1708.144653 -1708.240876 -1708.540833 -1710.627328 -1724.323859 -1755.726262 -1785.418315 -1370.491062 -1800.018831 -1850.698877 -1853.384898 -1852.764515 -1852.525271 -1852.472650 -1852.463410 -1852.462307 -1852.462554 -1852.462954 -1852.463309 -1852.463601 -1852.463842 -1852.464043 -1852.464217 -1852.464372 -1852.464514 -1852.464651 -1852.464790 -1852.464940 -1852.465114 -1852.465332 -1852.465621 -1852.466029 -1852.466629 -1852.467549 -1852.469005 -1852.471390 -1852.475425 -1852.482491 -1852.495298 -1852.519303 -1852.565812 -1852.659230 -1852.855404 -1853.291540 -1854.332023 -1857.036387 -1864.842172 -1890.310597 -9999.0 -9999.0
-9999.0 -9999.0 571.550988 472.751251 373.629696 274.329815 174.951083 75.539266 -23.881735 -123.299755 -222.709730 -322.102275 -421.460856 -520.753131 -619.930094 -718.933256 -818.003745 -916.979306 -1015.836930 -1114.538733 -1211.843505 -1307.109788 -1398.540509 -1483.760252 -1560.387495 -1626.657390 -1681.792933 -1726.035734 -1760.414700 -1786.404675 -1805.609792 -1819.541276 -1829.499132 -1836.534277 -1841.460201 -1844.890468 -1847.294543 -1849.101482 -1850.959439 -1854.135559 -1858.193125 -1838.367280 -1463.798332 -1888.802400 -1797.774142 -1738.237624 -1711.665948 -1708.023235 -1707.646302 -1707.681494 -1707.775054 -1707.875621 -1707.972233 -1708.061679 -1708.144653 -1708.240876 -1708.540833 -1710.627328 -1724.323859 -1755.726262 -1785.418315 -1370.491062 -1800.018831 -1850.698877 -1853.384898 -1852.764515 -1852.525271 -1852.472650 -1852.463410 -1852.462307 -1852.462554 -1852.462954 -1852.463309 -1852.463602 -1852.463842 -1852.464043 -1852.464217 -1852.464372 -1852.464514 -1852.464651 -1852.464790 -1852.464940 -1852.465114 -1852.465332 -1852.465621 -1852.466029 -1852.466629 -1852.467549 -1852.469005 -1852.471390 -1852.475425 -1852.482491 -1852.495298 -1852.519303 -1852.565812 -1852.659230 -1852.855404 -1853.291540 -1854.332023 -1857.036387 -1864.842172 -1890.310597 -9999.0 -9999.0
-9999.0 -9999.0 -9999.0 -9999.0 -9999.0 -9999.0 -9999.0 -9999.0 -9999.0 -9999.0 -9999.0 -9999.0 -9999.0 -9999.0 -9999.0 -9999.0 -9999.0 -9999.0 -9999.0 -9999.0 -9999.0 -9999.0 -9999.0 -9999.0 -9999.0 -9999.0 -9999.0 -9999.0 -9999.0 -9999.0 -9999.0 -9999.0 -9999.0 -9999.0 -9999.0 -9999.0 -9999.0 -9999.0 -9999.0 -9999.0 -9999.0 -9999.0 -9999.0 -9999.0 -9999.0 -9999.0 -9999.0 -9999.0 -9999.0 -9999.0 -9999.0 -9999.0 -9999.0 -9999.0 -9999.0 -9999.0 -9999.0 -9999.0 -9999.0 -9999.0 -9999.0 -9999.0 -9999.0 -9999.0 -9999.0 -9999.0 -9999.0 -9999.0 -9999.0 -9999.0 -9999.0 -9999.0 -9999.0 -9999.0 -9999.0 -9999.0 -9999.0 -9999.0 -9999.0 -9999.0 -9999.0 -9999.0 -9999.0 -9999.0 -9999.0 -9999.0 -9999.0 -9999.0 -9999.0 -9999.0 -9999.0 -9999.0 -9999.0 -9999.0 -9999.0 -9999.0 -9999.0 -9999.0 -9999.0 -9999.0 -9999.0 -9999.0 -9999.0 -9999.0
-9999.0 -9999.0 -9999.0 -9999.0 -9999.0 -9999.0 -9999.0 -9999.0 -9999.0 -9999.0 -9999.0 -9999.0 -9999.0 -9999.0 -9999.0 -9999.0 -9999.0 -9999.0 -9999.0 -9999.0 -9999.0 -9999.0 -9999.0 -9999.0 -9999.0 -9999.0 -9999.0 -9999.0 -9999.0 -9999.0 -9999.0 -9999.0 -9999.0 -9999.0 -9999.0 -9999.0 -9999.0 -9999.0 -9999.0 -9999.0 -9999.0 -9999.0 -9999.0 -9999.0 -9999.0 -9999.0 -9999.0 -9999.0 -9999.0 -9999.0 -9999.0 -9999.0 -9999.0 -9999.0 -9999.0 -9999.0 -9999.0 -9999.0 -9999.0 -9999.0 -9999.0 -9999.0 -9999.0 -9999.0 -9999.0 -9999.0 -9999.0 -9999.0 -9999.0 -9999.0 -9999.0 -9999.0 -9999.0 -9999.0 -9999.0 -9999.0 -9999.0 -9999.0 -9999.0 -9999.0 -9999.0 -9999.0 -9999.0 -9999.0 -9999.0 -9999.0 -9999.0 -9999.0 -9999.0 -9999.0 -9999.0 -9999.0 -9999.0 -9999.0 -9999.0 -9999.0 -9999.0 -9999.0 -9999.0 -9999.0 -9999.0 -9999.0 -9999.0 -9999.0