inst/processing_geotop_simulation/geotop_simulation/out/maps3D/PwL0006N0355.asc
ncols         104
nrows         10
xllcorner     -2.000000
yllcorner     0.000000
cellsize      1.000000
NODATA_value  -9999.0
-9999.0 -9999.0 -9999.0 -9999.0 -9999.0 -9999.0 -9999.0 -9999.0 -9999.0 -9999.0 -9999.0 -9999.0 -9999.0 -9999.0 -9999.0 -9999.0 -9999.0 -9999.0 -9999.0 -9999.0 -9999.0 -9999.0 -9999.0 -9999.0 -9999.0 -9999.0 -9999.0 -9999.0 -9999.0 -9999.0 -9999.0 -9999.0 -9999.0 -9999.0 -9999.0 -9999.0 -9999.0 -9999.0 -9999.0 -9999.0 -9999.0 -9999.0 -9999.0 -9999.0 -9999.0 -9999.0 -9999.0 -9999.0 -9999.0 -9999.0 -9999.0 -9999.0 -9999.0 -9999.0 -9999.0 -9999.0 -9999.0 -9999.0 -9999.0 -9999.0 -9999.0 -9999.0 -9999.0 -9999.0 -9999.0 -9999.0 -9999.0 -9999.0 -9999.0 -9999.0 -9999.0 -9999.0 -9999.0 -9999.0 -9999.0 -9999.0 -9999.0 -9999.0 -9999.0 -9999.0 -9999.0 -9999.0 -9999.0 -9999.0 -9999.0 -9999.0 -9999.0 -9999.0 -9999.0 -9999.0 -9999.0 -9999.0 -9999.0 -9999.0 -9999.0 -9999.0 -9999.0 -9999.0 -9999.0 -9999.0 -9999.0 -9999.0 -9999.0 -9999.0
-9999.0 -9999.0 -9999.0 -9999.0 -9999.0 -9999.0 -9999.0 -9999.0 -9999.0 -9999.0 -9999.0 -9999.0 -9999.0 -9999.0 -9999.0 -9999.0 -9999.0 -9999.0 -9999.0 -9999.0 -9999.0 -9999.0 -9999.0 -9999.0 -9999.0 -9999.0 -9999.0 -9999.0 -9999.0 -9999.0 -9999.0 -9999.0 -9999.0 -9999.0 -9999.0 -9999.0 -9999.0 -9999.0 -9999.0 -9999.0 -9999.0 -9999.0 -9999.0 -9999.0 -9999.0 -9999.0 -9999.0 -9999.0 -9999.0 -9999.0 -9999.0 -9999.0 -9999.0 -9999.0 -9999.0 -9999.0 -9999.0 -9999.0 -9999.0 -9999.0 -9999.0 -9999.0 -9999.0 -9999.0 -9999.0 -9999.0 -9999.0 -9999.0 -9999.0 -9999.0 -9999.0 -9999.0 -9999.0 -9999.0 -9999.0 -9999.0 -9999.0 -9999.0 -9999.0 -9999.0 -9999.0 -9999.0 -9999.0 -9999.0 -9999.0 -9999.0 -9999.0 -9999.0 -9999.0 -9999.0 -9999.0 -9999.0 -9999.0 -9999.0 -9999.0 -9999.0 -9999.0 -9999.0 -9999.0 -9999.0 -9999.0 -9999.0 -9999.0 -9999.0
-9999.0 -9999.0 274.749537 177.135152 78.520380 -20.430047 -119.509862 -218.642476 -317.787543 -416.916460 -515.997018 -614.958478 -713.659656 -812.266978 -910.752157 -1009.209462 -1107.586069 -1205.061729 -1301.384284 -1395.700392 -1486.412037 -1570.836225 -1645.812827 -1709.020610 -1759.775730 -1798.899268 -1828.096531 -1849.346094 -1864.511184 -1875.166224 -1882.558603 -1887.635320 -1891.093479 -1893.434277 -1895.011872 -1896.075544 -1896.811053 -1897.413813 -1898.322570 -1900.793777 -1904.933144 -1867.433937 -1191.426137 -1216.852229 -1199.987970 -1188.882831 -1183.695400 -1182.918761 -1182.835829 -1182.843366 -1182.863870 -1182.885958 -1182.907189 -1182.926853 -1182.945137 -1182.966703 -1183.035395 -1183.497233 -1186.246649 -1192.360240 -1200.190362 -1163.285837 -1839.932984 -1898.447026 -1899.360919 -1898.556199 -1898.342302 -1898.302664 -1898.296525 -1898.296070 -1898.296487 -1898.296952 -1898.297334 -1898.297632 -1898.297863 -1898.298045 -1898.298191 -1898.298311 -1898.298414 -1898.298507 -1898.298600 -1898.298703 -1898.298832 -1898.299009 -1898.299266 -1898.299657 -1898.300270 -1898.301248 -1898.302842 -1898.305492 -1898.310010 -1898.317933 -1898.332254 -1898.358929 -1898.410073 -1898.511070 -1898.717794 -1899.162198 -1900.182785 -1902.737716 -1909.932449 -1933.701804 -9999.0 -9999.0
-9999.0 -9999.0 274.757438 177.136966 78.520854 -20.429908 -119.509817 -218.642460 -317.787538 -416.916458 -515.997017 -614.958477 -713.659656 -812.266978 -910.752157 -1009.209462 -1107.586070 -1205.061729 -1301.384284 -1395.700393 -1486.412037 -1570.836225 -1645.812827 -1709.020610 -1759.775730 -1798.899268 -1828.096531 -1849.346094 -1864.511184 -1875.166224 -1882.558603 -1887.635320 -1891.093479 -1893.434277 -1895.011872 -1896.075544 -1896.811053 -1897.413813 -1898.322570 -1900.793777 -1904.933144 -1867.433937 -1191.426137 -1216.852229 -1199.987970 -1188.882831 -1183.695400 -1182.918761 -1182.835829 -1182.843366 -1182.863870 -1182.885958 -1182.907189 -1182.926853 -1182.945137 -1182.966703 -1183.035395 -1183.497233 -1186.246649 -1192.360240 -1200.190362 -1163.285837 -1839.932984 -1898.447026 -1899.360919 -1898.556199 -1898.342302 -1898.302664 -1898.296525 -1898.296070 -1898.296487 -1898.296952 -1898.297334 -1898.297632 -1898.297863 -1898.298045 -1898.298191 -1898.298311 -1898.298414 -1898.298507 -1898.298600 -1898.298703 -1898.298832 -1898.299009 -1898.299266 -1898.299657 -1898.300270 -1898.301248 -1898.302842 -1898.305492 -1898.310010 -1898.317933 -1898.332254 -1898.358929 -1898.410073 -1898.511070 -1898.717794 -1899.162198 -1900.182785 -1902.737716 -1909.932449 -1933.701804 -9999.0 -9999.0
-9999.0 -9999.0 274.758807 177.137726 78.521156 -20.429798 -119.509778 -218.642446 -317.787532 -416.916456 -515.997016 -614.958477 -713.659656 -812.266978 -910.752157 -1009.209462 -1107.586070 -1205.061729 -1301.384284 -1395.700393 -1486.412038 -1570.836225 -1645.812827 -1709.020611 -1759.775730 -1798.899268 -1828.096531 -1849.346094 -1864.511184 -1875.166224 -1882.558603 -1887.635320 -1891.093479 -1893.434277 -1895.011872 -1896.075544 -1896.811053 -1897.413813 -1898.322570 -1900.793777 -1904.933144 -1867.433937 -1191.426137 -1216.852229 -1199.987970 -1188.882831 -1183.695400 -1182.918761 -1182.835829 -1182.843366 -1182.863870 -1182.885958 -1182.907189 -1182.926853 -1182.945137 -1182.966703 -1183.035395 -1183.497233 -1186.246649 -1192.360240 -1200.190362 -1163.285837 -1839.932984 -1898.447026 -1899.360919 -1898.556199 -1898.342302 -1898.302664 -1898.296525 -1898.296070 -1898.296487 -1898.296952 -1898.297334 -1898.297632 -1898.297863 -1898.298045 -1898.298191 -1898.298311 -1898.298414 -1898.298507 -1898.298600 -1898.298703 -1898.298832 -1898.299009 -1898.299266 -1898.299657 -1898.300270 -1898.301248 -1898.302842 -1898.305492 -1898.310010 -1898.317933 -1898.332254 -1898.358929 -1898.410073 -1898.511070 -1898.717794 -1899.162198 -1900.182785 -1902.737716 -1909.932449 -1933.701804 -9999.0 -9999.0
-9999.0 -9999.0 274.758807 177.137726 78.521156 -20.429798 -119.509778 -218.642446 -317.787532 -416.916456 -515.997016 -614.958477 -713.659656 -812.266978 -910.752157 -1009.209462 -1107.586070 -1205.061729 -1301.384284 -1395.700393 -1486.412038 -1570.836225 -1645.812827 -1709.020611 -1759.775730 -1798.899268 -1828.096531 -1849.346094 -1864.511184 -1875.166224 -1882.558603 -1887.635320 -1891.093479 -1893.434277 -1895.011872 -1896.075544 -1896.811053 -1897.413813 -1898.322570 -1900.793777 -1904.933144 -1867.433937 -1191.426137 -1216.852229 -1199.987970 -1188.882831 -1183.695400 -1182.918761 -1182.835829 -1182.843366 -1182.863870 -1182.885958 -1182.907189 -1182.926853 -1182.945137 -1182.966703 -1183.035395 -1183.497233 -1186.246649 -1192.360240 -1200.190362 -1163.285837 -1839.932984 -1898.447026 -1899.360919 -1898.556199 -1898.342302 -1898.302664 -1898.296525 -1898.296070 -1898.296487 -1898.296952 -1898.297334 -1898.297632 -1898.297863 -1898.298045 -1898.298191 -1898.298311 -1898.298414 -1898.298507 -1898.298600 -1898.298703 -1898.298832 -1898.299009 -1898.299266 -1898.299657 -1898.300270 -1898.301248 -1898.302842 -1898.305492 -1898.310010 -1898.317933 -1898.332254 -1898.358929 -1898.410073 -1898.511070 -1898.717794 -1899.162198 -1900.182785 -1902.737716 -1909.932449 -1933.701804 -9999.0 -9999.0
-9999.0 -9999.0 274.757438 177.136966 78.520854 -20.429908 -119.509817 -218.642460 -317.787538 -416.916458 -515.997017 -614.958477 -713.659656 -812.266978 -910.752157 -1009.209462 -1107.586070 -1205.061729 -1301.384284 -1395.700393 -1486.412037 -1570.836225 -1645.812827 -1709.020610 -1759.775730 -1798.899268 -1828.096531 -1849.346094 -1864.511184 -1875.166224 -1882.558603 -1887.635320 -1891.093479 -1893.434277 -1895.011872 -1896.075544 -1896.811053 -1897.413813 -1898.322570 -1900.793777 -1904.933144 -1867.433937 -1191.426137 -1216.852229 -1199.987970 -1188.882831 -1183.695400 -1182.918761 -1182.835829 -1182.843366 -1182.863870 -1182.885958 -1182.907189 -1182.926853 -1182.945137 -1182.966703 -1183.035395 -1183.497233 -1186.246649 -1192.360240 -1200.190362 -1163.285837 -1839.932984 -1898.447026 -1899.360919 -1898.556199 -1898.342302 -1898.302664 -1898.296525 -1898.296070 -1898.296487 -1898.296952 -1898.297334 -1898.297632 -1898.297863 -1898.298045 -1898.298191 -1898.298311 -1898.298414 -1898.298507 -1898.298600 -1898.298703 -1898.298832 -1898.299009 -1898.299266 -1898.299657 -1898.300270 -1898.301248 -1898.302842 -1898.305492 -1898.310010 -1898.317933 -1898.332254 -1898.358929 -1898.410073 -1898.511070 -1898.717794 -1899.162198 -1900.182785 -1902.737716 -1909.932449 -1933.701804 -9999.0 -9999.0
-9999.0 -9999.0 274.749537 177.135152 78.520380 -20.430047 -119.509862 -218.642476 -317.787543 -416.916460 -515.997018 -614.958478 -713.659656 -812.266978 -910.752157 -1009.209462 -1107.586069 -1205.061729 -1301.384284 -1395.700392 -1486.412037 -1570.836225 -1645.812827 -1709.020610 -1759.775730 -1798.899268 -1828.096531 -1849.346094 -1864.511184 -1875.166224 -1882.558603 -1887.635320 -1891.093479 -1893.434277 -1895.011872 -1896.075544 -1896.811053 -1897.413813 -1898.322570 -1900.793777 -1904.933144 -1867.433937 -1191.426137 -1216.852229 -1199.987970 -1188.882831 -1183.695400 -1182.918761 -1182.835829 -1182.843366 -1182.863870 -1182.885958 -1182.907189 -1182.926853 -1182.945137 -1182.966703 -1183.035395 -1183.497233 -1186.246649 -1192.360240 -1200.190362 -1163.285837 -1839.932984 -1898.447026 -1899.360919 -1898.556199 -1898.342302 -1898.302664 -1898.296525 -1898.296070 -1898.296487 -1898.296952 -1898.297334 -1898.297632 -1898.297863 -1898.298045 -1898.298191 -1898.298311 -1898.298414 -1898.298507 -1898.298600 -1898.298703 -1898.298832 -1898.299009 -1898.299266 -1898.299657 -1898.300270 -1898.301248 -1898.302842 -1898.305492 -1898.310010 -1898.317933 -1898.332254 -1898.358929 -1898.410073 -1898.511070 -1898.717794 -1899.162198 -1900.182785 -1902.737716 -1909.932449 -1933.701804 -9999.0 -9999.0
-9999.0 -9999.0 -9999.0 -9999.0 -9999.0 -9999.0 -9999.0 -9999.0 -9999.0 -9999.0 -9999.0 -9999.0 -9999.0 -9999.0 -9999.0 -9999.0 -9999.0 -9999.0 -9999.0 -9999.0 -9999.0 -9999.0 -9999.0 -9999.0 -9999.0 -9999.0 -9999.0 -9999.0 -9999.0 -9999.0 -9999.0 -9999.0 -9999.0 -9999.0 -9999.0 -9999.0 -9999.0 -9999.0 -9999.0 -9999.0 -9999.0 -9999.0 -9999.0 -9999.0 -9999.0 -9999.0 -9999.0 -9999.0 -9999.0 -9999.0 -9999.0 -9999.0 -9999.0 -9999.0 -9999.0 -9999.0 -9999.0 -9999.0 -9999.0 -9999.0 -9999.0 -9999.0 -9999.0 -9999.0 -9999.0 -9999.0 -9999.0 -9999.0 -9999.0 -9999.0 -9999.0 -9999.0 -9999.0 -9999.0 -9999.0 -9999.0 -9999.0 -9999.0 -9999.0 -9999.0 -9999.0 -9999.0 -9999.0 -9999.0 -9999.0 -9999.0 -9999.0 -9999.0 -9999.0 -9999.0 -9999.0 -9999.0 -9999.0 -9999.0 -9999.0 -9999.0 -9999.0 -9999.0 -9999.0 -9999.0 -9999.0 -9999.0 -9999.0 -9999.0
-9999.0 -9999.0 -9999.0 -9999.0 -9999.0 -9999.0 -9999.0 -9999.0 -9999.0 -9999.0 -9999.0 -9999.0 -9999.0 -9999.0 -9999.0 -9999.0 -9999.0 -9999.0 -9999.0 -9999.0 -9999.0 -9999.0 -9999.0 -9999.0 -9999.0 -9999.0 -9999.0 -9999.0 -9999.0 -9999.0 -9999.0 -9999.0 -9999.0 -9999.0 -9999.0 -9999.0 -9999.0 -9999.0 -9999.0 -9999.0 -9999.0 -9999.0 -9999.0 -9999.0 -9999.0 -9999.0 -9999.0 -9999.0 -9999.0 -9999.0 -9999.0 -9999.0 -9999.0 -9999.0 -9999.0 -9999.0 -9999.0 -9999.0 -9999.0 -9999.0 -9999.0 -9999.0 -9999.0 -9999.0 -9999.0 -9999.0 -9999.0 -9999.0 -9999.0 -9999.0 -9999.0 -9999.0 -9999.0 -9999.0 -9999.0 -9999.0 -9999.0 -9999.0 -9999.0 -9999.0 -9999.0 -9999.0 -9999.0 -9999.0 -9999.0 -9999.0 -9999.0 -9999.0 -9999.0 -9999.0 -9999.0 -9999.0 -9999.0 -9999.0 -9999.0 -9999.0 -9999.0 -9999.0 -9999.0 -9999.0 -9999.0 -9999.0 -9999.0 -9999.0