inst/processing_geotop_simulation/geotop_simulation/out/maps3D/PwL0005N0233.asc
ncols         104
nrows         10
xllcorner     -2.000000
yllcorner     0.000000
cellsize      1.000000
NODATA_value  -9999.0
-9999.0 -9999.0 -9999.0 -9999.0 -9999.0 -9999.0 -9999.0 -9999.0 -9999.0 -9999.0 -9999.0 -9999.0 -9999.0 -9999.0 -9999.0 -9999.0 -9999.0 -9999.0 -9999.0 -9999.0 -9999.0 -9999.0 -9999.0 -9999.0 -9999.0 -9999.0 -9999.0 -9999.0 -9999.0 -9999.0 -9999.0 -9999.0 -9999.0 -9999.0 -9999.0 -9999.0 -9999.0 -9999.0 -9999.0 -9999.0 -9999.0 -9999.0 -9999.0 -9999.0 -9999.0 -9999.0 -9999.0 -9999.0 -9999.0 -9999.0 -9999.0 -9999.0 -9999.0 -9999.0 -9999.0 -9999.0 -9999.0 -9999.0 -9999.0 -9999.0 -9999.0 -9999.0 -9999.0 -9999.0 -9999.0 -9999.0 -9999.0 -9999.0 -9999.0 -9999.0 -9999.0 -9999.0 -9999.0 -9999.0 -9999.0 -9999.0 -9999.0 -9999.0 -9999.0 -9999.0 -9999.0 -9999.0 -9999.0 -9999.0 -9999.0 -9999.0 -9999.0 -9999.0 -9999.0 -9999.0 -9999.0 -9999.0 -9999.0 -9999.0 -9999.0 -9999.0 -9999.0 -9999.0 -9999.0 -9999.0 -9999.0 -9999.0 -9999.0 -9999.0
-9999.0 -9999.0 -9999.0 -9999.0 -9999.0 -9999.0 -9999.0 -9999.0 -9999.0 -9999.0 -9999.0 -9999.0 -9999.0 -9999.0 -9999.0 -9999.0 -9999.0 -9999.0 -9999.0 -9999.0 -9999.0 -9999.0 -9999.0 -9999.0 -9999.0 -9999.0 -9999.0 -9999.0 -9999.0 -9999.0 -9999.0 -9999.0 -9999.0 -9999.0 -9999.0 -9999.0 -9999.0 -9999.0 -9999.0 -9999.0 -9999.0 -9999.0 -9999.0 -9999.0 -9999.0 -9999.0 -9999.0 -9999.0 -9999.0 -9999.0 -9999.0 -9999.0 -9999.0 -9999.0 -9999.0 -9999.0 -9999.0 -9999.0 -9999.0 -9999.0 -9999.0 -9999.0 -9999.0 -9999.0 -9999.0 -9999.0 -9999.0 -9999.0 -9999.0 -9999.0 -9999.0 -9999.0 -9999.0 -9999.0 -9999.0 -9999.0 -9999.0 -9999.0 -9999.0 -9999.0 -9999.0 -9999.0 -9999.0 -9999.0 -9999.0 -9999.0 -9999.0 -9999.0 -9999.0 -9999.0 -9999.0 -9999.0 -9999.0 -9999.0 -9999.0 -9999.0 -9999.0 -9999.0 -9999.0 -9999.0 -9999.0 -9999.0 -9999.0 -9999.0
-9999.0 -9999.0 227.835114 133.322802 36.378734 -61.315569 -159.300797 -257.397998 -355.504225 -453.547300 -551.412882 -648.806402 -745.556800 -841.851693 -937.818540 -1033.903829 -1129.140799 -1222.089551 -1312.691263 -1399.341541 -1477.875910 -1544.079108 -1596.151836 -1634.930773 -1662.731148 -1682.186005 -1695.602538 -1704.764462 -1710.968753 -1715.134745 -1717.908448 -1719.740615 -1720.942724 -1721.727324 -1722.237811 -1722.571780 -1722.803015 -1723.022021 -1723.517124 -1725.602199 -1732.999406 -1725.479437 -1107.555225 -1122.614005 -1106.446840 -1096.138475 -1091.324686 -1090.629736 -1090.557330 -1090.565653 -1090.585760 -1090.607310 -1090.628011 -1090.647175 -1090.664921 -1090.685194 -1090.745884 -1091.155614 -1093.696202 -1099.399104 -1107.706061 -1081.428556 -1701.205587 -1727.343353 -1724.408187 -1723.468505 -1723.300889 -1723.274554 -1723.271036 -1723.271259 -1723.272003 -1723.272687 -1723.273226 -1723.273639 -1723.273954 -1723.274199 -1723.274393 -1723.274550 -1723.274681 -1723.274798 -1723.274913 -1723.275041 -1723.275202 -1723.275426 -1723.275758 -1723.276268 -1723.277072 -1723.278359 -1723.280453 -1723.283922 -1723.289796 -1723.300010 -1723.318297 -1723.352025 -1723.415960 -1723.540217 -1723.788237 -1724.301908 -1725.425767 -1728.079365 -1735.081484 -1757.393671 -9999.0 -9999.0
-9999.0 -9999.0 227.844587 133.324864 36.379266 -61.315413 -159.300747 -257.397981 -355.504219 -453.547298 -551.412881 -648.806401 -745.556800 -841.851693 -937.818540 -1033.903829 -1129.140799 -1222.089551 -1312.691263 -1399.341541 -1477.875910 -1544.079108 -1596.151836 -1634.930773 -1662.731148 -1682.186005 -1695.602538 -1704.764462 -1710.968753 -1715.134745 -1717.908448 -1719.740615 -1720.942724 -1721.727324 -1722.237811 -1722.571780 -1722.803015 -1723.022021 -1723.517124 -1725.602199 -1732.999406 -1725.479437 -1107.555225 -1122.614005 -1106.446839 -1096.138474 -1091.324686 -1090.629736 -1090.557330 -1090.565653 -1090.585760 -1090.607310 -1090.628011 -1090.647175 -1090.664921 -1090.685194 -1090.745884 -1091.155614 -1093.696202 -1099.399104 -1107.706061 -1081.428556 -1701.205587 -1727.343353 -1724.408187 -1723.468505 -1723.300889 -1723.274554 -1723.271036 -1723.271259 -1723.272003 -1723.272687 -1723.273226 -1723.273639 -1723.273954 -1723.274199 -1723.274393 -1723.274550 -1723.274681 -1723.274798 -1723.274913 -1723.275041 -1723.275202 -1723.275426 -1723.275758 -1723.276268 -1723.277072 -1723.278359 -1723.280453 -1723.283922 -1723.289796 -1723.300010 -1723.318297 -1723.352025 -1723.415960 -1723.540217 -1723.788237 -1724.301908 -1725.425767 -1728.079365 -1735.081484 -1757.393671 -9999.0 -9999.0
-9999.0 -9999.0 227.846075 133.325714 36.379603 -61.315291 -159.300704 -257.397966 -355.504213 -453.547296 -551.412880 -648.806401 -745.556800 -841.851693 -937.818540 -1033.903829 -1129.140799 -1222.089551 -1312.691263 -1399.341541 -1477.875910 -1544.079108 -1596.151837 -1634.930774 -1662.731148 -1682.186005 -1695.602538 -1704.764462 -1710.968753 -1715.134745 -1717.908448 -1719.740615 -1720.942724 -1721.727324 -1722.237811 -1722.571780 -1722.803015 -1723.022021 -1723.517124 -1725.602199 -1732.999406 -1725.479437 -1107.555225 -1122.614005 -1106.446839 -1096.138474 -1091.324686 -1090.629736 -1090.557330 -1090.565653 -1090.585760 -1090.607310 -1090.628011 -1090.647175 -1090.664921 -1090.685194 -1090.745884 -1091.155614 -1093.696202 -1099.399104 -1107.706061 -1081.428556 -1701.205587 -1727.343353 -1724.408187 -1723.468505 -1723.300889 -1723.274554 -1723.271036 -1723.271259 -1723.272003 -1723.272687 -1723.273226 -1723.273639 -1723.273954 -1723.274199 -1723.274393 -1723.274550 -1723.274681 -1723.274798 -1723.274913 -1723.275041 -1723.275202 -1723.275426 -1723.275758 -1723.276268 -1723.277072 -1723.278359 -1723.280453 -1723.283922 -1723.289796 -1723.300010 -1723.318297 -1723.352025 -1723.415960 -1723.540217 -1723.788237 -1724.301908 -1725.425767 -1728.079365 -1735.081484 -1757.393671 -9999.0 -9999.0
-9999.0 -9999.0 227.846075 133.325714 36.379603 -61.315291 -159.300704 -257.397966 -355.504213 -453.547296 -551.412880 -648.806401 -745.556800 -841.851693 -937.818540 -1033.903829 -1129.140799 -1222.089551 -1312.691263 -1399.341541 -1477.875910 -1544.079108 -1596.151837 -1634.930774 -1662.731148 -1682.186005 -1695.602538 -1704.764462 -1710.968753 -1715.134745 -1717.908448 -1719.740615 -1720.942724 -1721.727324 -1722.237811 -1722.571780 -1722.803015 -1723.022021 -1723.517124 -1725.602199 -1732.999406 -1725.479437 -1107.555225 -1122.614005 -1106.446839 -1096.138474 -1091.324686 -1090.629736 -1090.557330 -1090.565653 -1090.585760 -1090.607310 -1090.628011 -1090.647175 -1090.664921 -1090.685194 -1090.745884 -1091.155614 -1093.696202 -1099.399104 -1107.706061 -1081.428556 -1701.205587 -1727.343353 -1724.408187 -1723.468505 -1723.300889 -1723.274554 -1723.271036 -1723.271259 -1723.272003 -1723.272687 -1723.273226 -1723.273639 -1723.273954 -1723.274199 -1723.274393 -1723.274550 -1723.274681 -1723.274798 -1723.274913 -1723.275041 -1723.275202 -1723.275426 -1723.275758 -1723.276268 -1723.277072 -1723.278359 -1723.280453 -1723.283922 -1723.289796 -1723.300010 -1723.318297 -1723.352025 -1723.415960 -1723.540217 -1723.788237 -1724.301908 -1725.425767 -1728.079365 -1735.081484 -1757.393671 -9999.0 -9999.0
-9999.0 -9999.0 227.844587 133.324864 36.379266 -61.315413 -159.300747 -257.397981 -355.504219 -453.547298 -551.412881 -648.806401 -745.556800 -841.851693 -937.818540 -1033.903829 -1129.140799 -1222.089551 -1312.691263 -1399.341541 -1477.875910 -1544.079108 -1596.151836 -1634.930773 -1662.731148 -1682.186005 -1695.602538 -1704.764462 -1710.968753 -1715.134745 -1717.908448 -1719.740615 -1720.942724 -1721.727324 -1722.237811 -1722.571780 -1722.803015 -1723.022021 -1723.517124 -1725.602199 -1732.999406 -1725.479437 -1107.555225 -1122.614005 -1106.446839 -1096.138474 -1091.324686 -1090.629736 -1090.557330 -1090.565653 -1090.585760 -1090.607310 -1090.628011 -1090.647175 -1090.664921 -1090.685194 -1090.745884 -1091.155614 -1093.696202 -1099.399104 -1107.706061 -1081.428556 -1701.205587 -1727.343353 -1724.408187 -1723.468505 -1723.300889 -1723.274554 -1723.271036 -1723.271259 -1723.272003 -1723.272687 -1723.273226 -1723.273639 -1723.273954 -1723.274199 -1723.274393 -1723.274550 -1723.274681 -1723.274798 -1723.274913 -1723.275041 -1723.275202 -1723.275426 -1723.275758 -1723.276268 -1723.277072 -1723.278359 -1723.280453 -1723.283922 -1723.289796 -1723.300010 -1723.318297 -1723.352025 -1723.415960 -1723.540217 -1723.788237 -1724.301908 -1725.425767 -1728.079365 -1735.081484 -1757.393671 -9999.0 -9999.0
-9999.0 -9999.0 227.835114 133.322802 36.378734 -61.315568 -159.300797 -257.397998 -355.504225 -453.547300 -551.412882 -648.806402 -745.556800 -841.851693 -937.818540 -1033.903829 -1129.140799 -1222.089551 -1312.691263 -1399.341541 -1477.875910 -1544.079108 -1596.151836 -1634.930773 -1662.731148 -1682.186005 -1695.602538 -1704.764462 -1710.968753 -1715.134745 -1717.908448 -1719.740615 -1720.942724 -1721.727324 -1722.237811 -1722.571780 -1722.803015 -1723.022021 -1723.517124 -1725.602199 -1732.999406 -1725.479437 -1107.555225 -1122.614005 -1106.446840 -1096.138475 -1091.324686 -1090.629736 -1090.557330 -1090.565653 -1090.585760 -1090.607310 -1090.628011 -1090.647175 -1090.664921 -1090.685194 -1090.745884 -1091.155614 -1093.696202 -1099.399104 -1107.706061 -1081.428556 -1701.205587 -1727.343353 -1724.408187 -1723.468505 -1723.300889 -1723.274554 -1723.271036 -1723.271259 -1723.272003 -1723.272687 -1723.273226 -1723.273639 -1723.273954 -1723.274199 -1723.274393 -1723.274550 -1723.274681 -1723.274798 -1723.274913 -1723.275041 -1723.275202 -1723.275426 -1723.275758 -1723.276268 -1723.277072 -1723.278359 -1723.280453 -1723.283922 -1723.289796 -1723.300010 -1723.318297 -1723.352025 -1723.415960 -1723.540217 -1723.788237 -1724.301908 -1725.425767 -1728.079365 -1735.081484 -1757.393671 -9999.0 -9999.0
-9999.0 -9999.0 -9999.0 -9999.0 -9999.0 -9999.0 -9999.0 -9999.0 -9999.0 -9999.0 -9999.0 -9999.0 -9999.0 -9999.0 -9999.0 -9999.0 -9999.0 -9999.0 -9999.0 -9999.0 -9999.0 -9999.0 -9999.0 -9999.0 -9999.0 -9999.0 -9999.0 -9999.0 -9999.0 -9999.0 -9999.0 -9999.0 -9999.0 -9999.0 -9999.0 -9999.0 -9999.0 -9999.0 -9999.0 -9999.0 -9999.0 -9999.0 -9999.0 -9999.0 -9999.0 -9999.0 -9999.0 -9999.0 -9999.0 -9999.0 -9999.0 -9999.0 -9999.0 -9999.0 -9999.0 -9999.0 -9999.0 -9999.0 -9999.0 -9999.0 -9999.0 -9999.0 -9999.0 -9999.0 -9999.0 -9999.0 -9999.0 -9999.0 -9999.0 -9999.0 -9999.0 -9999.0 -9999.0 -9999.0 -9999.0 -9999.0 -9999.0 -9999.0 -9999.0 -9999.0 -9999.0 -9999.0 -9999.0 -9999.0 -9999.0 -9999.0 -9999.0 -9999.0 -9999.0 -9999.0 -9999.0 -9999.0 -9999.0 -9999.0 -9999.0 -9999.0 -9999.0 -9999.0 -9999.0 -9999.0 -9999.0 -9999.0 -9999.0 -9999.0
-9999.0 -9999.0 -9999.0 -9999.0 -9999.0 -9999.0 -9999.0 -9999.0 -9999.0 -9999.0 -9999.0 -9999.0 -9999.0 -9999.0 -9999.0 -9999.0 -9999.0 -9999.0 -9999.0 -9999.0 -9999.0 -9999.0 -9999.0 -9999.0 -9999.0 -9999.0 -9999.0 -9999.0 -9999.0 -9999.0 -9999.0 -9999.0 -9999.0 -9999.0 -9999.0 -9999.0 -9999.0 -9999.0 -9999.0 -9999.0 -9999.0 -9999.0 -9999.0 -9999.0 -9999.0 -9999.0 -9999.0 -9999.0 -9999.0 -9999.0 -9999.0 -9999.0 -9999.0 -9999.0 -9999.0 -9999.0 -9999.0 -9999.0 -9999.0 -9999.0 -9999.0 -9999.0 -9999.0 -9999.0 -9999.0 -9999.0 -9999.0 -9999.0 -9999.0 -9999.0 -9999.0 -9999.0 -9999.0 -9999.0 -9999.0 -9999.0 -9999.0 -9999.0 -9999.0 -9999.0 -9999.0 -9999.0 -9999.0 -9999.0 -9999.0 -9999.0 -9999.0 -9999.0 -9999.0 -9999.0 -9999.0 -9999.0 -9999.0 -9999.0 -9999.0 -9999.0 -9999.0 -9999.0 -9999.0 -9999.0 -9999.0 -9999.0 -9999.0 -9999.0