inst/processing_geotop_simulation/geotop_simulation/out/maps3D/PwL0008N0248.asc
ncols         104
nrows         10
xllcorner     -2.000000
yllcorner     0.000000
cellsize      1.000000
NODATA_value  -9999.0
-9999.0 -9999.0 -9999.0 -9999.0 -9999.0 -9999.0 -9999.0 -9999.0 -9999.0 -9999.0 -9999.0 -9999.0 -9999.0 -9999.0 -9999.0 -9999.0 -9999.0 -9999.0 -9999.0 -9999.0 -9999.0 -9999.0 -9999.0 -9999.0 -9999.0 -9999.0 -9999.0 -9999.0 -9999.0 -9999.0 -9999.0 -9999.0 -9999.0 -9999.0 -9999.0 -9999.0 -9999.0 -9999.0 -9999.0 -9999.0 -9999.0 -9999.0 -9999.0 -9999.0 -9999.0 -9999.0 -9999.0 -9999.0 -9999.0 -9999.0 -9999.0 -9999.0 -9999.0 -9999.0 -9999.0 -9999.0 -9999.0 -9999.0 -9999.0 -9999.0 -9999.0 -9999.0 -9999.0 -9999.0 -9999.0 -9999.0 -9999.0 -9999.0 -9999.0 -9999.0 -9999.0 -9999.0 -9999.0 -9999.0 -9999.0 -9999.0 -9999.0 -9999.0 -9999.0 -9999.0 -9999.0 -9999.0 -9999.0 -9999.0 -9999.0 -9999.0 -9999.0 -9999.0 -9999.0 -9999.0 -9999.0 -9999.0 -9999.0 -9999.0 -9999.0 -9999.0 -9999.0 -9999.0 -9999.0 -9999.0 -9999.0 -9999.0 -9999.0 -9999.0
-9999.0 -9999.0 -9999.0 -9999.0 -9999.0 -9999.0 -9999.0 -9999.0 -9999.0 -9999.0 -9999.0 -9999.0 -9999.0 -9999.0 -9999.0 -9999.0 -9999.0 -9999.0 -9999.0 -9999.0 -9999.0 -9999.0 -9999.0 -9999.0 -9999.0 -9999.0 -9999.0 -9999.0 -9999.0 -9999.0 -9999.0 -9999.0 -9999.0 -9999.0 -9999.0 -9999.0 -9999.0 -9999.0 -9999.0 -9999.0 -9999.0 -9999.0 -9999.0 -9999.0 -9999.0 -9999.0 -9999.0 -9999.0 -9999.0 -9999.0 -9999.0 -9999.0 -9999.0 -9999.0 -9999.0 -9999.0 -9999.0 -9999.0 -9999.0 -9999.0 -9999.0 -9999.0 -9999.0 -9999.0 -9999.0 -9999.0 -9999.0 -9999.0 -9999.0 -9999.0 -9999.0 -9999.0 -9999.0 -9999.0 -9999.0 -9999.0 -9999.0 -9999.0 -9999.0 -9999.0 -9999.0 -9999.0 -9999.0 -9999.0 -9999.0 -9999.0 -9999.0 -9999.0 -9999.0 -9999.0 -9999.0 -9999.0 -9999.0 -9999.0 -9999.0 -9999.0 -9999.0 -9999.0 -9999.0 -9999.0 -9999.0 -9999.0 -9999.0 -9999.0
-9999.0 -9999.0 376.628889 280.783572 183.411685 85.431477 -12.792960 -111.112571 -209.462537 -307.790039 -406.038629 -504.094516 -601.710696 -698.407727 -795.211689 -891.866863 -988.219667 -1084.356099 -1177.372858 -1267.317597 -1351.481697 -1426.177193 -1488.637825 -1538.091227 -1575.541304 -1602.961387 -1622.547629 -1636.281096 -1645.768365 -1652.239265 -1656.604198 -1659.520970 -1661.455226 -1662.730525 -1663.568346 -1664.120363 -1664.498265 -1664.825356 -1665.444747 -1667.797747 -1676.123125 -1681.609182 -1207.092113 -1287.442094 -1254.706821 -1234.234934 -1224.805069 -1223.505627 -1223.371973 -1223.386169 -1223.421573 -1223.459534 -1223.495991 -1223.529736 -1223.560984 -1223.596709 -1223.704727 -1224.452383 -1229.351449 -1240.444782 -1256.256076 -1158.576351 -1652.900856 -1669.782255 -1666.492415 -1665.475376 -1665.288897 -1665.259232 -1665.255157 -1665.255234 -1665.255903 -1665.256536 -1665.257039 -1665.257425 -1665.257721 -1665.257951 -1665.258134 -1665.258282 -1665.258407 -1665.258518 -1665.258628 -1665.258750 -1665.258903 -1665.259116 -1665.259431 -1665.259915 -1665.260676 -1665.261895 -1665.263879 -1665.267171 -1665.272755 -1665.282484 -1665.299945 -1665.332227 -1665.393589 -1665.513311 -1665.753851 -1666.257225 -1667.373783 -1670.049692 -1677.202247 -1700.037695 -9999.0 -9999.0
-9999.0 -9999.0 376.636305 280.785458 183.412193 85.431629 -12.792911 -111.112554 -209.462531 -307.790037 -406.038628 -504.094516 -601.710696 -698.407726 -795.211689 -891.866863 -988.219668 -1084.356099 -1177.372859 -1267.317597 -1351.481697 -1426.177193 -1488.637825 -1538.091227 -1575.541304 -1602.961387 -1622.547629 -1636.281096 -1645.768365 -1652.239265 -1656.604198 -1659.520970 -1661.455226 -1662.730525 -1663.568346 -1664.120363 -1664.498265 -1664.825356 -1665.444747 -1667.797747 -1676.123125 -1681.609182 -1207.092113 -1287.442094 -1254.706820 -1234.234934 -1224.805069 -1223.505627 -1223.371973 -1223.386169 -1223.421573 -1223.459534 -1223.495991 -1223.529736 -1223.560984 -1223.596709 -1223.704727 -1224.452383 -1229.351449 -1240.444782 -1256.256076 -1158.576351 -1652.900856 -1669.782255 -1666.492415 -1665.475376 -1665.288897 -1665.259232 -1665.255157 -1665.255234 -1665.255903 -1665.256536 -1665.257039 -1665.257425 -1665.257721 -1665.257951 -1665.258134 -1665.258282 -1665.258407 -1665.258518 -1665.258628 -1665.258750 -1665.258903 -1665.259116 -1665.259431 -1665.259915 -1665.260676 -1665.261895 -1665.263879 -1665.267171 -1665.272755 -1665.282484 -1665.299945 -1665.332227 -1665.393589 -1665.513311 -1665.753851 -1666.257225 -1667.373783 -1670.049692 -1677.202247 -1700.037695 -9999.0 -9999.0
-9999.0 -9999.0 376.637828 280.786274 183.412518 85.431748 -12.792869 -111.112539 -209.462525 -307.790035 -406.038627 -504.094515 -601.710695 -698.407726 -795.211689 -891.866863 -988.219668 -1084.356100 -1177.372859 -1267.317597 -1351.481697 -1426.177194 -1488.637825 -1538.091227 -1575.541304 -1602.961387 -1622.547629 -1636.281096 -1645.768365 -1652.239265 -1656.604198 -1659.520970 -1661.455226 -1662.730525 -1663.568346 -1664.120363 -1664.498265 -1664.825356 -1665.444747 -1667.797747 -1676.123125 -1681.609182 -1207.092113 -1287.442094 -1254.706820 -1234.234933 -1224.805069 -1223.505627 -1223.371973 -1223.386169 -1223.421573 -1223.459534 -1223.495991 -1223.529736 -1223.560984 -1223.596709 -1223.704727 -1224.452383 -1229.351449 -1240.444782 -1256.256076 -1158.576351 -1652.900856 -1669.782255 -1666.492415 -1665.475376 -1665.288897 -1665.259232 -1665.255157 -1665.255234 -1665.255903 -1665.256536 -1665.257039 -1665.257425 -1665.257721 -1665.257951 -1665.258134 -1665.258282 -1665.258407 -1665.258518 -1665.258628 -1665.258750 -1665.258903 -1665.259116 -1665.259431 -1665.259915 -1665.260676 -1665.261895 -1665.263879 -1665.267171 -1665.272755 -1665.282484 -1665.299945 -1665.332227 -1665.393589 -1665.513311 -1665.753851 -1666.257225 -1667.373783 -1670.049692 -1677.202247 -1700.037695 -9999.0 -9999.0
-9999.0 -9999.0 376.637828 280.786274 183.412519 85.431748 -12.792869 -111.112539 -209.462525 -307.790035 -406.038627 -504.094515 -601.710695 -698.407726 -795.211689 -891.866863 -988.219668 -1084.356100 -1177.372859 -1267.317597 -1351.481697 -1426.177193 -1488.637825 -1538.091227 -1575.541304 -1602.961387 -1622.547629 -1636.281096 -1645.768365 -1652.239265 -1656.604198 -1659.520970 -1661.455226 -1662.730525 -1663.568346 -1664.120363 -1664.498265 -1664.825356 -1665.444747 -1667.797747 -1676.123125 -1681.609182 -1207.092113 -1287.442094 -1254.706820 -1234.234933 -1224.805069 -1223.505627 -1223.371973 -1223.386169 -1223.421573 -1223.459534 -1223.495991 -1223.529736 -1223.560984 -1223.596709 -1223.704727 -1224.452383 -1229.351449 -1240.444782 -1256.256076 -1158.576351 -1652.900856 -1669.782255 -1666.492415 -1665.475376 -1665.288897 -1665.259232 -1665.255157 -1665.255234 -1665.255903 -1665.256536 -1665.257039 -1665.257425 -1665.257721 -1665.257951 -1665.258134 -1665.258282 -1665.258407 -1665.258518 -1665.258628 -1665.258750 -1665.258903 -1665.259116 -1665.259431 -1665.259915 -1665.260676 -1665.261895 -1665.263879 -1665.267171 -1665.272755 -1665.282484 -1665.299945 -1665.332227 -1665.393589 -1665.513311 -1665.753851 -1666.257225 -1667.373783 -1670.049692 -1677.202247 -1700.037695 -9999.0 -9999.0
-9999.0 -9999.0 376.636305 280.785458 183.412193 85.431629 -12.792911 -111.112554 -209.462531 -307.790037 -406.038628 -504.094516 -601.710696 -698.407726 -795.211689 -891.866863 -988.219668 -1084.356100 -1177.372859 -1267.317597 -1351.481697 -1426.177193 -1488.637825 -1538.091227 -1575.541304 -1602.961387 -1622.547629 -1636.281096 -1645.768365 -1652.239265 -1656.604198 -1659.520970 -1661.455226 -1662.730525 -1663.568346 -1664.120363 -1664.498265 -1664.825356 -1665.444747 -1667.797747 -1676.123125 -1681.609182 -1207.092113 -1287.442094 -1254.706820 -1234.234934 -1224.805069 -1223.505627 -1223.371973 -1223.386169 -1223.421573 -1223.459534 -1223.495991 -1223.529736 -1223.560984 -1223.596709 -1223.704727 -1224.452383 -1229.351449 -1240.444782 -1256.256076 -1158.576351 -1652.900856 -1669.782255 -1666.492415 -1665.475376 -1665.288897 -1665.259232 -1665.255157 -1665.255234 -1665.255903 -1665.256536 -1665.257039 -1665.257425 -1665.257721 -1665.257951 -1665.258134 -1665.258282 -1665.258407 -1665.258518 -1665.258628 -1665.258750 -1665.258903 -1665.259116 -1665.259431 -1665.259915 -1665.260676 -1665.261895 -1665.263879 -1665.267171 -1665.272755 -1665.282484 -1665.299945 -1665.332227 -1665.393589 -1665.513311 -1665.753851 -1666.257225 -1667.373783 -1670.049692 -1677.202247 -1700.037695 -9999.0 -9999.0
-9999.0 -9999.0 376.628889 280.783572 183.411685 85.431477 -12.792960 -111.112571 -209.462537 -307.790039 -406.038629 -504.094516 -601.710696 -698.407727 -795.211689 -891.866862 -988.219667 -1084.356099 -1177.372858 -1267.317597 -1351.481697 -1426.177193 -1488.637825 -1538.091227 -1575.541304 -1602.961387 -1622.547629 -1636.281096 -1645.768365 -1652.239265 -1656.604198 -1659.520970 -1661.455226 -1662.730525 -1663.568346 -1664.120363 -1664.498265 -1664.825356 -1665.444747 -1667.797747 -1676.123125 -1681.609182 -1207.092113 -1287.442094 -1254.706821 -1234.234934 -1224.805069 -1223.505627 -1223.371973 -1223.386169 -1223.421573 -1223.459534 -1223.495991 -1223.529736 -1223.560984 -1223.596709 -1223.704727 -1224.452383 -1229.351449 -1240.444782 -1256.256076 -1158.576351 -1652.900856 -1669.782255 -1666.492415 -1665.475376 -1665.288897 -1665.259232 -1665.255157 -1665.255234 -1665.255903 -1665.256536 -1665.257039 -1665.257425 -1665.257721 -1665.257951 -1665.258134 -1665.258282 -1665.258407 -1665.258518 -1665.258628 -1665.258750 -1665.258903 -1665.259116 -1665.259431 -1665.259915 -1665.260676 -1665.261895 -1665.263879 -1665.267171 -1665.272755 -1665.282484 -1665.299945 -1665.332227 -1665.393589 -1665.513311 -1665.753851 -1666.257225 -1667.373783 -1670.049692 -1677.202247 -1700.037695 -9999.0 -9999.0
-9999.0 -9999.0 -9999.0 -9999.0 -9999.0 -9999.0 -9999.0 -9999.0 -9999.0 -9999.0 -9999.0 -9999.0 -9999.0 -9999.0 -9999.0 -9999.0 -9999.0 -9999.0 -9999.0 -9999.0 -9999.0 -9999.0 -9999.0 -9999.0 -9999.0 -9999.0 -9999.0 -9999.0 -9999.0 -9999.0 -9999.0 -9999.0 -9999.0 -9999.0 -9999.0 -9999.0 -9999.0 -9999.0 -9999.0 -9999.0 -9999.0 -9999.0 -9999.0 -9999.0 -9999.0 -9999.0 -9999.0 -9999.0 -9999.0 -9999.0 -9999.0 -9999.0 -9999.0 -9999.0 -9999.0 -9999.0 -9999.0 -9999.0 -9999.0 -9999.0 -9999.0 -9999.0 -9999.0 -9999.0 -9999.0 -9999.0 -9999.0 -9999.0 -9999.0 -9999.0 -9999.0 -9999.0 -9999.0 -9999.0 -9999.0 -9999.0 -9999.0 -9999.0 -9999.0 -9999.0 -9999.0 -9999.0 -9999.0 -9999.0 -9999.0 -9999.0 -9999.0 -9999.0 -9999.0 -9999.0 -9999.0 -9999.0 -9999.0 -9999.0 -9999.0 -9999.0 -9999.0 -9999.0 -9999.0 -9999.0 -9999.0 -9999.0 -9999.0 -9999.0
-9999.0 -9999.0 -9999.0 -9999.0 -9999.0 -9999.0 -9999.0 -9999.0 -9999.0 -9999.0 -9999.0 -9999.0 -9999.0 -9999.0 -9999.0 -9999.0 -9999.0 -9999.0 -9999.0 -9999.0 -9999.0 -9999.0 -9999.0 -9999.0 -9999.0 -9999.0 -9999.0 -9999.0 -9999.0 -9999.0 -9999.0 -9999.0 -9999.0 -9999.0 -9999.0 -9999.0 -9999.0 -9999.0 -9999.0 -9999.0 -9999.0 -9999.0 -9999.0 -9999.0 -9999.0 -9999.0 -9999.0 -9999.0 -9999.0 -9999.0 -9999.0 -9999.0 -9999.0 -9999.0 -9999.0 -9999.0 -9999.0 -9999.0 -9999.0 -9999.0 -9999.0 -9999.0 -9999.0 -9999.0 -9999.0 -9999.0 -9999.0 -9999.0 -9999.0 -9999.0 -9999.0 -9999.0 -9999.0 -9999.0 -9999.0 -9999.0 -9999.0 -9999.0 -9999.0 -9999.0 -9999.0 -9999.0 -9999.0 -9999.0 -9999.0 -9999.0 -9999.0 -9999.0 -9999.0 -9999.0 -9999.0 -9999.0 -9999.0 -9999.0 -9999.0 -9999.0 -9999.0 -9999.0 -9999.0 -9999.0 -9999.0 -9999.0 -9999.0 -9999.0