inst/processing_geotop_simulation/geotop_simulation/out/maps3D/PwL0021N0433.asc
ncols         104
nrows         10
xllcorner     -2.000000
yllcorner     0.000000
cellsize      1.000000
NODATA_value  -9999.0
-9999.0 -9999.0 -9999.0 -9999.0 -9999.0 -9999.0 -9999.0 -9999.0 -9999.0 -9999.0 -9999.0 -9999.0 -9999.0 -9999.0 -9999.0 -9999.0 -9999.0 -9999.0 -9999.0 -9999.0 -9999.0 -9999.0 -9999.0 -9999.0 -9999.0 -9999.0 -9999.0 -9999.0 -9999.0 -9999.0 -9999.0 -9999.0 -9999.0 -9999.0 -9999.0 -9999.0 -9999.0 -9999.0 -9999.0 -9999.0 -9999.0 -9999.0 -9999.0 -9999.0 -9999.0 -9999.0 -9999.0 -9999.0 -9999.0 -9999.0 -9999.0 -9999.0 -9999.0 -9999.0 -9999.0 -9999.0 -9999.0 -9999.0 -9999.0 -9999.0 -9999.0 -9999.0 -9999.0 -9999.0 -9999.0 -9999.0 -9999.0 -9999.0 -9999.0 -9999.0 -9999.0 -9999.0 -9999.0 -9999.0 -9999.0 -9999.0 -9999.0 -9999.0 -9999.0 -9999.0 -9999.0 -9999.0 -9999.0 -9999.0 -9999.0 -9999.0 -9999.0 -9999.0 -9999.0 -9999.0 -9999.0 -9999.0 -9999.0 -9999.0 -9999.0 -9999.0 -9999.0 -9999.0 -9999.0 -9999.0 -9999.0 -9999.0 -9999.0 -9999.0
-9999.0 -9999.0 -9999.0 -9999.0 -9999.0 -9999.0 -9999.0 -9999.0 -9999.0 -9999.0 -9999.0 -9999.0 -9999.0 -9999.0 -9999.0 -9999.0 -9999.0 -9999.0 -9999.0 -9999.0 -9999.0 -9999.0 -9999.0 -9999.0 -9999.0 -9999.0 -9999.0 -9999.0 -9999.0 -9999.0 -9999.0 -9999.0 -9999.0 -9999.0 -9999.0 -9999.0 -9999.0 -9999.0 -9999.0 -9999.0 -9999.0 -9999.0 -9999.0 -9999.0 -9999.0 -9999.0 -9999.0 -9999.0 -9999.0 -9999.0 -9999.0 -9999.0 -9999.0 -9999.0 -9999.0 -9999.0 -9999.0 -9999.0 -9999.0 -9999.0 -9999.0 -9999.0 -9999.0 -9999.0 -9999.0 -9999.0 -9999.0 -9999.0 -9999.0 -9999.0 -9999.0 -9999.0 -9999.0 -9999.0 -9999.0 -9999.0 -9999.0 -9999.0 -9999.0 -9999.0 -9999.0 -9999.0 -9999.0 -9999.0 -9999.0 -9999.0 -9999.0 -9999.0 -9999.0 -9999.0 -9999.0 -9999.0 -9999.0 -9999.0 -9999.0 -9999.0 -9999.0 -9999.0 -9999.0 -9999.0 -9999.0 -9999.0 -9999.0 -9999.0
-9999.0 -9999.0 1017.841550 918.663250 819.446152 720.132939 620.764543 521.371368 421.970806 322.572537 223.182029 123.802470 24.436259 -74.912357 -174.243634 -273.549855 -372.813356 -472.000765 -571.049714 -669.845151 -768.454417 -866.981698 -965.120424 -1062.666923 -1157.250208 -1245.462779 -1326.638663 -1398.991691 -1461.279277 -1513.036625 -1554.608772 -1586.986818 -1611.539246 -1629.746196 -1643.005382 -1652.528682 -1659.324091 -1664.281626 -1668.479358 -1673.910874 -1684.238596 -1705.756804 -1715.711411 -2771.931592 -3882.797569 -3875.805034 -3463.574046 -2980.475274 -2704.726093 -2530.004661 -2403.132594 -2295.198434 -2228.726925 -2185.406533 -2144.915777 -2102.123097 -2055.359806 -2005.088816 -1952.933306 -1899.898651 -1831.890545 -1503.687023 -1661.217485 -1676.863792 -1676.120588 -1675.141211 -1674.845532 -1674.781655 -1674.770297 -1674.768917 -1674.769231 -1674.769763 -1674.770267 -1674.770715 -1674.771117 -1674.771485 -1674.771831 -1674.772163 -1674.772489 -1674.772815 -1674.773150 -1674.773504 -1674.773889 -1674.774327 -1674.774846 -1674.775493 -1674.776346 -1674.777531 -1674.779271 -1674.781964 -1674.786348 -1674.793837 -1674.807223 -1674.832176 -1674.880623 -1674.978864 -1675.188503 -1675.663507 -1676.814017 -1679.813697 -1688.333478 -1715.122883 -9999.0 -9999.0
-9999.0 -9999.0 1017.844007 918.664224 819.446480 720.133048 620.764581 521.371381 421.970811 322.572539 223.182030 123.802470 24.436260 -74.912357 -174.243633 -273.549855 -372.813356 -472.000765 -571.049714 -669.845151 -768.454417 -866.981699 -965.120425 -1062.666923 -1157.250208 -1245.462779 -1326.638663 -1398.991691 -1461.279277 -1513.036625 -1554.608772 -1586.986818 -1611.539246 -1629.746196 -1643.005382 -1652.528682 -1659.324091 -1664.281626 -1668.479358 -1673.910874 -1684.238596 -1705.756804 -1715.711411 -2771.931590 -3882.797569 -3875.805034 -3463.574045 -2980.475273 -2704.726093 -2530.004660 -2403.132592 -2295.198433 -2228.726925 -2185.406533 -2144.915777 -2102.123097 -2055.359806 -2005.088815 -1952.933305 -1899.898651 -1831.890545 -1503.687023 -1661.217485 -1676.863792 -1676.120588 -1675.141211 -1674.845532 -1674.781655 -1674.770297 -1674.768917 -1674.769231 -1674.769763 -1674.770267 -1674.770715 -1674.771117 -1674.771485 -1674.771831 -1674.772163 -1674.772489 -1674.772815 -1674.773150 -1674.773504 -1674.773889 -1674.774327 -1674.774846 -1674.775493 -1674.776345 -1674.777531 -1674.779271 -1674.781964 -1674.786348 -1674.793837 -1674.807223 -1674.832176 -1674.880623 -1674.978864 -1675.188503 -1675.663507 -1676.814017 -1679.813696 -1688.333478 -1715.122883 -9999.0 -9999.0
-9999.0 -9999.0 1017.845000 918.664762 819.446710 720.133137 620.764614 521.371393 421.970816 322.572541 223.182031 123.802471 24.436260 -74.912357 -174.243633 -273.549855 -372.813356 -472.000765 -571.049715 -669.845151 -768.454418 -866.981699 -965.120425 -1062.666923 -1157.250208 -1245.462779 -1326.638663 -1398.991691 -1461.279277 -1513.036625 -1554.608772 -1586.986818 -1611.539246 -1629.746196 -1643.005382 -1652.528682 -1659.324091 -1664.281626 -1668.479358 -1673.910874 -1684.238596 -1705.756804 -1715.711411 -2771.931590 -3882.797568 -3875.805034 -3463.574045 -2980.475273 -2704.726092 -2530.004659 -2403.132592 -2295.198433 -2228.726925 -2185.406533 -2144.915777 -2102.123097 -2055.359806 -2005.088815 -1952.933305 -1899.898651 -1831.890545 -1503.687023 -1661.217485 -1676.863792 -1676.120588 -1675.141211 -1674.845532 -1674.781655 -1674.770297 -1674.768917 -1674.769231 -1674.769763 -1674.770267 -1674.770715 -1674.771117 -1674.771485 -1674.771831 -1674.772163 -1674.772489 -1674.772815 -1674.773150 -1674.773504 -1674.773889 -1674.774327 -1674.774846 -1674.775493 -1674.776345 -1674.777531 -1674.779271 -1674.781964 -1674.786348 -1674.793837 -1674.807223 -1674.832176 -1674.880623 -1674.978864 -1675.188503 -1675.663507 -1676.814017 -1679.813696 -1688.333478 -1715.122883 -9999.0 -9999.0
-9999.0 -9999.0 1017.845000 918.664762 819.446710 720.133137 620.764614 521.371393 421.970816 322.572541 223.182031 123.802471 24.436260 -74.912357 -174.243633 -273.549855 -372.813356 -472.000765 -571.049714 -669.845151 -768.454418 -866.981699 -965.120425 -1062.666923 -1157.250208 -1245.462779 -1326.638663 -1398.991691 -1461.279277 -1513.036625 -1554.608772 -1586.986818 -1611.539246 -1629.746196 -1643.005382 -1652.528682 -1659.324091 -1664.281626 -1668.479358 -1673.910874 -1684.238596 -1705.756804 -1715.711411 -2771.931590 -3882.797568 -3875.805034 -3463.574045 -2980.475273 -2704.726092 -2530.004659 -2403.132592 -2295.198433 -2228.726925 -2185.406533 -2144.915777 -2102.123097 -2055.359806 -2005.088815 -1952.933305 -1899.898651 -1831.890545 -1503.687023 -1661.217485 -1676.863792 -1676.120588 -1675.141211 -1674.845532 -1674.781655 -1674.770297 -1674.768917 -1674.769231 -1674.769763 -1674.770267 -1674.770715 -1674.771117 -1674.771485 -1674.771831 -1674.772163 -1674.772489 -1674.772815 -1674.773150 -1674.773504 -1674.773889 -1674.774327 -1674.774846 -1674.775493 -1674.776345 -1674.777531 -1674.779271 -1674.781964 -1674.786348 -1674.793837 -1674.807223 -1674.832176 -1674.880623 -1674.978864 -1675.188503 -1675.663507 -1676.814017 -1679.813696 -1688.333478 -1715.122883 -9999.0 -9999.0
-9999.0 -9999.0 1017.844007 918.664224 819.446480 720.133048 620.764581 521.371381 421.970811 322.572539 223.182030 123.802470 24.436260 -74.912357 -174.243633 -273.549855 -372.813356 -472.000765 -571.049714 -669.845151 -768.454417 -866.981699 -965.120425 -1062.666923 -1157.250208 -1245.462779 -1326.638663 -1398.991691 -1461.279277 -1513.036625 -1554.608772 -1586.986818 -1611.539246 -1629.746196 -1643.005382 -1652.528682 -1659.324091 -1664.281626 -1668.479358 -1673.910874 -1684.238596 -1705.756804 -1715.711411 -2771.931590 -3882.797569 -3875.805034 -3463.574045 -2980.475273 -2704.726093 -2530.004660 -2403.132592 -2295.198433 -2228.726925 -2185.406533 -2144.915777 -2102.123097 -2055.359806 -2005.088815 -1952.933305 -1899.898651 -1831.890545 -1503.687023 -1661.217485 -1676.863792 -1676.120588 -1675.141211 -1674.845532 -1674.781655 -1674.770297 -1674.768917 -1674.769231 -1674.769763 -1674.770267 -1674.770715 -1674.771117 -1674.771485 -1674.771831 -1674.772163 -1674.772489 -1674.772815 -1674.773150 -1674.773504 -1674.773889 -1674.774327 -1674.774846 -1674.775493 -1674.776345 -1674.777531 -1674.779271 -1674.781964 -1674.786348 -1674.793837 -1674.807223 -1674.832176 -1674.880623 -1674.978864 -1675.188503 -1675.663507 -1676.814017 -1679.813696 -1688.333478 -1715.122883 -9999.0 -9999.0
-9999.0 -9999.0 1017.841550 918.663250 819.446152 720.132939 620.764543 521.371368 421.970806 322.572537 223.182029 123.802470 24.436259 -74.912357 -174.243634 -273.549855 -372.813356 -472.000765 -571.049714 -669.845151 -768.454417 -866.981698 -965.120424 -1062.666923 -1157.250208 -1245.462779 -1326.638663 -1398.991691 -1461.279277 -1513.036625 -1554.608772 -1586.986818 -1611.539246 -1629.746196 -1643.005382 -1652.528682 -1659.324091 -1664.281626 -1668.479358 -1673.910874 -1684.238596 -1705.756804 -1715.711411 -2771.931592 -3882.797569 -3875.805034 -3463.574046 -2980.475274 -2704.726093 -2530.004661 -2403.132594 -2295.198434 -2228.726925 -2185.406533 -2144.915777 -2102.123097 -2055.359806 -2005.088816 -1952.933306 -1899.898651 -1831.890545 -1503.687023 -1661.217485 -1676.863792 -1676.120588 -1675.141211 -1674.845532 -1674.781655 -1674.770297 -1674.768917 -1674.769231 -1674.769763 -1674.770267 -1674.770715 -1674.771117 -1674.771485 -1674.771831 -1674.772163 -1674.772489 -1674.772815 -1674.773150 -1674.773504 -1674.773889 -1674.774327 -1674.774846 -1674.775493 -1674.776346 -1674.777531 -1674.779271 -1674.781964 -1674.786348 -1674.793837 -1674.807223 -1674.832176 -1674.880623 -1674.978864 -1675.188503 -1675.663507 -1676.814017 -1679.813697 -1688.333478 -1715.122883 -9999.0 -9999.0
-9999.0 -9999.0 -9999.0 -9999.0 -9999.0 -9999.0 -9999.0 -9999.0 -9999.0 -9999.0 -9999.0 -9999.0 -9999.0 -9999.0 -9999.0 -9999.0 -9999.0 -9999.0 -9999.0 -9999.0 -9999.0 -9999.0 -9999.0 -9999.0 -9999.0 -9999.0 -9999.0 -9999.0 -9999.0 -9999.0 -9999.0 -9999.0 -9999.0 -9999.0 -9999.0 -9999.0 -9999.0 -9999.0 -9999.0 -9999.0 -9999.0 -9999.0 -9999.0 -9999.0 -9999.0 -9999.0 -9999.0 -9999.0 -9999.0 -9999.0 -9999.0 -9999.0 -9999.0 -9999.0 -9999.0 -9999.0 -9999.0 -9999.0 -9999.0 -9999.0 -9999.0 -9999.0 -9999.0 -9999.0 -9999.0 -9999.0 -9999.0 -9999.0 -9999.0 -9999.0 -9999.0 -9999.0 -9999.0 -9999.0 -9999.0 -9999.0 -9999.0 -9999.0 -9999.0 -9999.0 -9999.0 -9999.0 -9999.0 -9999.0 -9999.0 -9999.0 -9999.0 -9999.0 -9999.0 -9999.0 -9999.0 -9999.0 -9999.0 -9999.0 -9999.0 -9999.0 -9999.0 -9999.0 -9999.0 -9999.0 -9999.0 -9999.0 -9999.0 -9999.0
-9999.0 -9999.0 -9999.0 -9999.0 -9999.0 -9999.0 -9999.0 -9999.0 -9999.0 -9999.0 -9999.0 -9999.0 -9999.0 -9999.0 -9999.0 -9999.0 -9999.0 -9999.0 -9999.0 -9999.0 -9999.0 -9999.0 -9999.0 -9999.0 -9999.0 -9999.0 -9999.0 -9999.0 -9999.0 -9999.0 -9999.0 -9999.0 -9999.0 -9999.0 -9999.0 -9999.0 -9999.0 -9999.0 -9999.0 -9999.0 -9999.0 -9999.0 -9999.0 -9999.0 -9999.0 -9999.0 -9999.0 -9999.0 -9999.0 -9999.0 -9999.0 -9999.0 -9999.0 -9999.0 -9999.0 -9999.0 -9999.0 -9999.0 -9999.0 -9999.0 -9999.0 -9999.0 -9999.0 -9999.0 -9999.0 -9999.0 -9999.0 -9999.0 -9999.0 -9999.0 -9999.0 -9999.0 -9999.0 -9999.0 -9999.0 -9999.0 -9999.0 -9999.0 -9999.0 -9999.0 -9999.0 -9999.0 -9999.0 -9999.0 -9999.0 -9999.0 -9999.0 -9999.0 -9999.0 -9999.0 -9999.0 -9999.0 -9999.0 -9999.0 -9999.0 -9999.0 -9999.0 -9999.0 -9999.0 -9999.0 -9999.0 -9999.0 -9999.0 -9999.0