inst/processing_geotop_simulation/geotop_simulation/out/maps3D/PwL0014N0308.asc
ncols         104
nrows         10
xllcorner     -2.000000
yllcorner     0.000000
cellsize      1.000000
NODATA_value  -9999.0
-9999.0 -9999.0 -9999.0 -9999.0 -9999.0 -9999.0 -9999.0 -9999.0 -9999.0 -9999.0 -9999.0 -9999.0 -9999.0 -9999.0 -9999.0 -9999.0 -9999.0 -9999.0 -9999.0 -9999.0 -9999.0 -9999.0 -9999.0 -9999.0 -9999.0 -9999.0 -9999.0 -9999.0 -9999.0 -9999.0 -9999.0 -9999.0 -9999.0 -9999.0 -9999.0 -9999.0 -9999.0 -9999.0 -9999.0 -9999.0 -9999.0 -9999.0 -9999.0 -9999.0 -9999.0 -9999.0 -9999.0 -9999.0 -9999.0 -9999.0 -9999.0 -9999.0 -9999.0 -9999.0 -9999.0 -9999.0 -9999.0 -9999.0 -9999.0 -9999.0 -9999.0 -9999.0 -9999.0 -9999.0 -9999.0 -9999.0 -9999.0 -9999.0 -9999.0 -9999.0 -9999.0 -9999.0 -9999.0 -9999.0 -9999.0 -9999.0 -9999.0 -9999.0 -9999.0 -9999.0 -9999.0 -9999.0 -9999.0 -9999.0 -9999.0 -9999.0 -9999.0 -9999.0 -9999.0 -9999.0 -9999.0 -9999.0 -9999.0 -9999.0 -9999.0 -9999.0 -9999.0 -9999.0 -9999.0 -9999.0 -9999.0 -9999.0 -9999.0 -9999.0
-9999.0 -9999.0 -9999.0 -9999.0 -9999.0 -9999.0 -9999.0 -9999.0 -9999.0 -9999.0 -9999.0 -9999.0 -9999.0 -9999.0 -9999.0 -9999.0 -9999.0 -9999.0 -9999.0 -9999.0 -9999.0 -9999.0 -9999.0 -9999.0 -9999.0 -9999.0 -9999.0 -9999.0 -9999.0 -9999.0 -9999.0 -9999.0 -9999.0 -9999.0 -9999.0 -9999.0 -9999.0 -9999.0 -9999.0 -9999.0 -9999.0 -9999.0 -9999.0 -9999.0 -9999.0 -9999.0 -9999.0 -9999.0 -9999.0 -9999.0 -9999.0 -9999.0 -9999.0 -9999.0 -9999.0 -9999.0 -9999.0 -9999.0 -9999.0 -9999.0 -9999.0 -9999.0 -9999.0 -9999.0 -9999.0 -9999.0 -9999.0 -9999.0 -9999.0 -9999.0 -9999.0 -9999.0 -9999.0 -9999.0 -9999.0 -9999.0 -9999.0 -9999.0 -9999.0 -9999.0 -9999.0 -9999.0 -9999.0 -9999.0 -9999.0 -9999.0 -9999.0 -9999.0 -9999.0 -9999.0 -9999.0 -9999.0 -9999.0 -9999.0 -9999.0 -9999.0 -9999.0 -9999.0 -9999.0 -9999.0 -9999.0 -9999.0 -9999.0 -9999.0
-9999.0 -9999.0 672.826593 574.873341 476.475651 377.780014 278.945603 180.051834 81.138360 -17.771371 -116.663638 -215.531476 -314.348700 -413.062076 -511.575731 -609.751482 -707.344049 -805.172561 -902.692810 -999.824527 -1096.411821 -1187.725804 -1273.090527 -1349.918649 -1416.213486 -1471.049698 -1514.647954 -1548.116317 -1573.051116 -1591.172756 -1604.080101 -1613.126971 -1619.388677 -1623.680983 -1626.602679 -1628.585200 -1629.946590 -1630.980963 -1632.238165 -1635.450046 -1645.365725 -1670.469302 -1890.102470 -4199.665743 -4222.495932 -4149.412876 -4093.961069 -4085.537220 -4084.671566 -4084.762431 -4084.988743 -4085.230865 -4085.463032 -4085.677652 -4085.875926 -4086.100123 -4086.768076 -4091.466260 -4122.237713 -4176.612758 -4104.353122 -1692.541016 -1632.646828 -1637.412527 -1634.194038 -1633.048262 -1632.805941 -1632.763907 -1632.757586 -1632.757163 -1632.757630 -1632.758140 -1632.758561 -1632.758891 -1632.759149 -1632.759355 -1632.759522 -1632.759662 -1632.759783 -1632.759893 -1632.760004 -1632.760125 -1632.760274 -1632.760474 -1632.760761 -1632.761191 -1632.761857 -1632.762915 -1632.764628 -1632.767470 -1632.772305 -1632.780773 -1632.796068 -1632.824557 -1632.879227 -1632.987439 -1633.209893 -1633.690951 -1634.800604 -1637.566998 -1645.201650 -1669.597429 -9999.0 -9999.0
-9999.0 -9999.0 672.831077 574.874790 476.476084 377.780149 278.945648 180.051849 81.138366 -17.771369 -116.663636 -215.531476 -314.348699 -413.062076 -511.575731 -609.751482 -707.344049 -805.172562 -902.692810 -999.824527 -1096.411821 -1187.725805 -1273.090527 -1349.918649 -1416.213486 -1471.049698 -1514.647954 -1548.116317 -1573.051116 -1591.172757 -1604.080101 -1613.126971 -1619.388678 -1623.680983 -1626.602679 -1628.585200 -1629.946590 -1630.980963 -1632.238165 -1635.450046 -1645.365725 -1670.469302 -1890.102469 -4199.665743 -4222.495931 -4149.412873 -4093.961069 -4085.537220 -4084.671566 -4084.762431 -4084.988743 -4085.230865 -4085.463032 -4085.677652 -4085.875926 -4086.100123 -4086.768076 -4091.466260 -4122.237713 -4176.612758 -4104.353122 -1692.541016 -1632.646828 -1637.412527 -1634.194038 -1633.048262 -1632.805941 -1632.763907 -1632.757586 -1632.757163 -1632.757630 -1632.758140 -1632.758561 -1632.758891 -1632.759149 -1632.759355 -1632.759522 -1632.759662 -1632.759783 -1632.759893 -1632.760004 -1632.760125 -1632.760274 -1632.760474 -1632.760761 -1632.761191 -1632.761857 -1632.762915 -1632.764628 -1632.767470 -1632.772305 -1632.780773 -1632.796068 -1632.824557 -1632.879227 -1632.987439 -1633.209893 -1633.690951 -1634.800604 -1637.566998 -1645.201650 -1669.597429 -9999.0 -9999.0
-9999.0 -9999.0 672.832420 574.875493 476.476371 377.780256 278.945686 180.051864 81.138371 -17.771367 -116.663636 -215.531476 -314.348699 -413.062076 -511.575731 -609.751482 -707.344050 -805.172562 -902.692810 -999.824527 -1096.411822 -1187.725805 -1273.090527 -1349.918650 -1416.213486 -1471.049698 -1514.647954 -1548.116317 -1573.051116 -1591.172757 -1604.080101 -1613.126971 -1619.388678 -1623.680983 -1626.602679 -1628.585200 -1629.946590 -1630.980963 -1632.238165 -1635.450046 -1645.365725 -1670.469302 -1890.102469 -4199.665743 -4222.495931 -4149.412872 -4093.961069 -4085.537220 -4084.671566 -4084.762431 -4084.988743 -4085.230865 -4085.463032 -4085.677652 -4085.875926 -4086.100123 -4086.768076 -4091.466260 -4122.237713 -4176.612758 -4104.353122 -1692.541016 -1632.646828 -1637.412527 -1634.194038 -1633.048262 -1632.805941 -1632.763907 -1632.757586 -1632.757163 -1632.757630 -1632.758140 -1632.758561 -1632.758891 -1632.759149 -1632.759355 -1632.759522 -1632.759662 -1632.759783 -1632.759893 -1632.760004 -1632.760125 -1632.760274 -1632.760474 -1632.760761 -1632.761191 -1632.761857 -1632.762915 -1632.764628 -1632.767470 -1632.772305 -1632.780773 -1632.796068 -1632.824557 -1632.879227 -1632.987439 -1633.209893 -1633.690951 -1634.800604 -1637.566998 -1645.201650 -1669.597429 -9999.0 -9999.0
-9999.0 -9999.0 672.832420 574.875493 476.476371 377.780256 278.945686 180.051863 81.138371 -17.771367 -116.663635 -215.531476 -314.348699 -413.062076 -511.575731 -609.751482 -707.344050 -805.172562 -902.692810 -999.824527 -1096.411822 -1187.725805 -1273.090527 -1349.918650 -1416.213486 -1471.049698 -1514.647954 -1548.116317 -1573.051116 -1591.172757 -1604.080101 -1613.126971 -1619.388678 -1623.680983 -1626.602679 -1628.585200 -1629.946590 -1630.980963 -1632.238165 -1635.450046 -1645.365725 -1670.469302 -1890.102469 -4199.665743 -4222.495931 -4149.412872 -4093.961069 -4085.537220 -4084.671566 -4084.762431 -4084.988743 -4085.230865 -4085.463032 -4085.677652 -4085.875926 -4086.100123 -4086.768076 -4091.466260 -4122.237713 -4176.612758 -4104.353122 -1692.541016 -1632.646828 -1637.412527 -1634.194038 -1633.048262 -1632.805941 -1632.763907 -1632.757586 -1632.757163 -1632.757630 -1632.758140 -1632.758561 -1632.758891 -1632.759149 -1632.759355 -1632.759522 -1632.759662 -1632.759783 -1632.759893 -1632.760004 -1632.760125 -1632.760274 -1632.760474 -1632.760761 -1632.761191 -1632.761857 -1632.762915 -1632.764628 -1632.767470 -1632.772305 -1632.780773 -1632.796068 -1632.824557 -1632.879227 -1632.987439 -1633.209893 -1633.690951 -1634.800604 -1637.566998 -1645.201650 -1669.597429 -9999.0 -9999.0
-9999.0 -9999.0 672.831077 574.874790 476.476083 377.780149 278.945647 180.051850 81.138366 -17.771369 -116.663637 -215.531476 -314.348699 -413.062076 -511.575731 -609.751482 -707.344049 -805.172562 -902.692810 -999.824527 -1096.411821 -1187.725804 -1273.090527 -1349.918649 -1416.213486 -1471.049698 -1514.647954 -1548.116317 -1573.051116 -1591.172757 -1604.080101 -1613.126971 -1619.388678 -1623.680983 -1626.602679 -1628.585200 -1629.946590 -1630.980963 -1632.238165 -1635.450046 -1645.365725 -1670.469302 -1890.102469 -4199.665743 -4222.495931 -4149.412873 -4093.961069 -4085.537220 -4084.671566 -4084.762431 -4084.988743 -4085.230865 -4085.463032 -4085.677652 -4085.875926 -4086.100123 -4086.768076 -4091.466260 -4122.237713 -4176.612758 -4104.353122 -1692.541016 -1632.646828 -1637.412527 -1634.194038 -1633.048262 -1632.805941 -1632.763907 -1632.757586 -1632.757163 -1632.757630 -1632.758140 -1632.758561 -1632.758891 -1632.759149 -1632.759355 -1632.759522 -1632.759662 -1632.759783 -1632.759893 -1632.760004 -1632.760125 -1632.760274 -1632.760474 -1632.760761 -1632.761191 -1632.761857 -1632.762915 -1632.764628 -1632.767470 -1632.772305 -1632.780773 -1632.796068 -1632.824557 -1632.879227 -1632.987439 -1633.209893 -1633.690951 -1634.800604 -1637.566998 -1645.201650 -1669.597429 -9999.0 -9999.0
-9999.0 -9999.0 672.826593 574.873340 476.475651 377.780014 278.945603 180.051834 81.138360 -17.771372 -116.663637 -215.531477 -314.348699 -413.062076 -511.575731 -609.751482 -707.344049 -805.172562 -902.692810 -999.824527 -1096.411821 -1187.725804 -1273.090527 -1349.918649 -1416.213486 -1471.049698 -1514.647954 -1548.116317 -1573.051116 -1591.172756 -1604.080101 -1613.126971 -1619.388677 -1623.680983 -1626.602679 -1628.585200 -1629.946590 -1630.980963 -1632.238165 -1635.450046 -1645.365725 -1670.469302 -1890.102470 -4199.665743 -4222.495932 -4149.412876 -4093.961069 -4085.537220 -4084.671566 -4084.762431 -4084.988743 -4085.230865 -4085.463032 -4085.677652 -4085.875926 -4086.100123 -4086.768076 -4091.466260 -4122.237713 -4176.612758 -4104.353122 -1692.541016 -1632.646828 -1637.412527 -1634.194038 -1633.048262 -1632.805941 -1632.763907 -1632.757586 -1632.757163 -1632.757630 -1632.758140 -1632.758561 -1632.758891 -1632.759149 -1632.759355 -1632.759522 -1632.759662 -1632.759783 -1632.759893 -1632.760004 -1632.760125 -1632.760274 -1632.760474 -1632.760761 -1632.761191 -1632.761857 -1632.762915 -1632.764628 -1632.767470 -1632.772305 -1632.780773 -1632.796068 -1632.824557 -1632.879227 -1632.987439 -1633.209893 -1633.690951 -1634.800604 -1637.566998 -1645.201650 -1669.597429 -9999.0 -9999.0
-9999.0 -9999.0 -9999.0 -9999.0 -9999.0 -9999.0 -9999.0 -9999.0 -9999.0 -9999.0 -9999.0 -9999.0 -9999.0 -9999.0 -9999.0 -9999.0 -9999.0 -9999.0 -9999.0 -9999.0 -9999.0 -9999.0 -9999.0 -9999.0 -9999.0 -9999.0 -9999.0 -9999.0 -9999.0 -9999.0 -9999.0 -9999.0 -9999.0 -9999.0 -9999.0 -9999.0 -9999.0 -9999.0 -9999.0 -9999.0 -9999.0 -9999.0 -9999.0 -9999.0 -9999.0 -9999.0 -9999.0 -9999.0 -9999.0 -9999.0 -9999.0 -9999.0 -9999.0 -9999.0 -9999.0 -9999.0 -9999.0 -9999.0 -9999.0 -9999.0 -9999.0 -9999.0 -9999.0 -9999.0 -9999.0 -9999.0 -9999.0 -9999.0 -9999.0 -9999.0 -9999.0 -9999.0 -9999.0 -9999.0 -9999.0 -9999.0 -9999.0 -9999.0 -9999.0 -9999.0 -9999.0 -9999.0 -9999.0 -9999.0 -9999.0 -9999.0 -9999.0 -9999.0 -9999.0 -9999.0 -9999.0 -9999.0 -9999.0 -9999.0 -9999.0 -9999.0 -9999.0 -9999.0 -9999.0 -9999.0 -9999.0 -9999.0 -9999.0 -9999.0
-9999.0 -9999.0 -9999.0 -9999.0 -9999.0 -9999.0 -9999.0 -9999.0 -9999.0 -9999.0 -9999.0 -9999.0 -9999.0 -9999.0 -9999.0 -9999.0 -9999.0 -9999.0 -9999.0 -9999.0 -9999.0 -9999.0 -9999.0 -9999.0 -9999.0 -9999.0 -9999.0 -9999.0 -9999.0 -9999.0 -9999.0 -9999.0 -9999.0 -9999.0 -9999.0 -9999.0 -9999.0 -9999.0 -9999.0 -9999.0 -9999.0 -9999.0 -9999.0 -9999.0 -9999.0 -9999.0 -9999.0 -9999.0 -9999.0 -9999.0 -9999.0 -9999.0 -9999.0 -9999.0 -9999.0 -9999.0 -9999.0 -9999.0 -9999.0 -9999.0 -9999.0 -9999.0 -9999.0 -9999.0 -9999.0 -9999.0 -9999.0 -9999.0 -9999.0 -9999.0 -9999.0 -9999.0 -9999.0 -9999.0 -9999.0 -9999.0 -9999.0 -9999.0 -9999.0 -9999.0 -9999.0 -9999.0 -9999.0 -9999.0 -9999.0 -9999.0 -9999.0 -9999.0 -9999.0 -9999.0 -9999.0 -9999.0 -9999.0 -9999.0 -9999.0 -9999.0 -9999.0 -9999.0 -9999.0 -9999.0 -9999.0 -9999.0 -9999.0 -9999.0