inst/processing_geotop_simulation/geotop_simulation/out/maps3D/PwL0004N0192.asc
ncols         104
nrows         10
xllcorner     -2.000000
yllcorner     0.000000
cellsize      1.000000
NODATA_value  -9999.0
-9999.0 -9999.0 -9999.0 -9999.0 -9999.0 -9999.0 -9999.0 -9999.0 -9999.0 -9999.0 -9999.0 -9999.0 -9999.0 -9999.0 -9999.0 -9999.0 -9999.0 -9999.0 -9999.0 -9999.0 -9999.0 -9999.0 -9999.0 -9999.0 -9999.0 -9999.0 -9999.0 -9999.0 -9999.0 -9999.0 -9999.0 -9999.0 -9999.0 -9999.0 -9999.0 -9999.0 -9999.0 -9999.0 -9999.0 -9999.0 -9999.0 -9999.0 -9999.0 -9999.0 -9999.0 -9999.0 -9999.0 -9999.0 -9999.0 -9999.0 -9999.0 -9999.0 -9999.0 -9999.0 -9999.0 -9999.0 -9999.0 -9999.0 -9999.0 -9999.0 -9999.0 -9999.0 -9999.0 -9999.0 -9999.0 -9999.0 -9999.0 -9999.0 -9999.0 -9999.0 -9999.0 -9999.0 -9999.0 -9999.0 -9999.0 -9999.0 -9999.0 -9999.0 -9999.0 -9999.0 -9999.0 -9999.0 -9999.0 -9999.0 -9999.0 -9999.0 -9999.0 -9999.0 -9999.0 -9999.0 -9999.0 -9999.0 -9999.0 -9999.0 -9999.0 -9999.0 -9999.0 -9999.0 -9999.0 -9999.0 -9999.0 -9999.0 -9999.0 -9999.0
-9999.0 -9999.0 -9999.0 -9999.0 -9999.0 -9999.0 -9999.0 -9999.0 -9999.0 -9999.0 -9999.0 -9999.0 -9999.0 -9999.0 -9999.0 -9999.0 -9999.0 -9999.0 -9999.0 -9999.0 -9999.0 -9999.0 -9999.0 -9999.0 -9999.0 -9999.0 -9999.0 -9999.0 -9999.0 -9999.0 -9999.0 -9999.0 -9999.0 -9999.0 -9999.0 -9999.0 -9999.0 -9999.0 -9999.0 -9999.0 -9999.0 -9999.0 -9999.0 -9999.0 -9999.0 -9999.0 -9999.0 -9999.0 -9999.0 -9999.0 -9999.0 -9999.0 -9999.0 -9999.0 -9999.0 -9999.0 -9999.0 -9999.0 -9999.0 -9999.0 -9999.0 -9999.0 -9999.0 -9999.0 -9999.0 -9999.0 -9999.0 -9999.0 -9999.0 -9999.0 -9999.0 -9999.0 -9999.0 -9999.0 -9999.0 -9999.0 -9999.0 -9999.0 -9999.0 -9999.0 -9999.0 -9999.0 -9999.0 -9999.0 -9999.0 -9999.0 -9999.0 -9999.0 -9999.0 -9999.0 -9999.0 -9999.0 -9999.0 -9999.0 -9999.0 -9999.0 -9999.0 -9999.0 -9999.0 -9999.0 -9999.0 -9999.0 -9999.0 -9999.0
-9999.0 -9999.0 180.069253 88.402398 -7.156585 -103.823489 -200.916480 -298.161369 -395.403955 -492.528984 -589.328860 -685.259694 -780.651387 -875.176044 -969.439497 -1064.199763 -1156.946408 -1248.145752 -1337.643416 -1421.218609 -1491.656969 -1545.839500 -1584.697500 -1611.326855 -1629.152404 -1641.002834 -1648.902929 -1654.196433 -1657.751317 -1660.133400 -1661.721241 -1662.772810 -1663.464898 -1663.917956 -1664.213356 -1664.407354 -1664.545602 -1664.690499 -1665.061023 -1666.845114 -1674.492512 -1675.298009 -1064.157039 -1070.672983 -1056.336935 -1047.278235 -1043.042345 -1042.435019 -1042.372310 -1042.380570 -1042.399353 -1042.419432 -1042.438715 -1042.456564 -1042.473061 -1042.491611 -1042.545143 -1042.904044 -1045.143993 -1050.187139 -1057.844853 -1041.286414 -1653.021648 -1669.546466 -1665.887174 -1665.015032 -1664.873496 -1664.851636 -1664.848911 -1664.849429 -1664.850367 -1664.851192 -1664.851836 -1664.852326 -1664.852701 -1664.852991 -1664.853220 -1664.853405 -1664.853559 -1664.853696 -1664.853830 -1664.853978 -1664.854165 -1664.854424 -1664.854808 -1664.855399 -1664.856328 -1664.857814 -1664.860227 -1664.864215 -1664.870944 -1664.882594 -1664.903364 -1664.941509 -1665.013509 -1665.152671 -1665.427935 -1665.989470 -1667.191673 -1669.954017 -1677.003160 -1698.832357 -9999.0 -9999.0
-9999.0 -9999.0 180.079881 88.404584 -7.156029 -103.823327 -200.916429 -298.161352 -395.403949 -492.528982 -589.328859 -685.259694 -780.651387 -875.176044 -969.439497 -1064.199763 -1156.946408 -1248.145752 -1337.643417 -1421.218609 -1491.656969 -1545.839500 -1584.697500 -1611.326855 -1629.152404 -1641.002834 -1648.902929 -1654.196433 -1657.751317 -1660.133400 -1661.721241 -1662.772810 -1663.464898 -1663.917956 -1664.213356 -1664.407354 -1664.545602 -1664.690499 -1665.061023 -1666.845114 -1674.492512 -1675.298009 -1064.157039 -1070.672983 -1056.336935 -1047.278234 -1043.042345 -1042.435019 -1042.372310 -1042.380570 -1042.399353 -1042.419432 -1042.438715 -1042.456564 -1042.473061 -1042.491611 -1042.545143 -1042.904044 -1045.143993 -1050.187139 -1057.844853 -1041.286414 -1653.021648 -1669.546466 -1665.887174 -1665.015032 -1664.873496 -1664.851636 -1664.848911 -1664.849429 -1664.850367 -1664.851192 -1664.851836 -1664.852326 -1664.852701 -1664.852991 -1664.853220 -1664.853405 -1664.853559 -1664.853696 -1664.853830 -1664.853978 -1664.854165 -1664.854424 -1664.854808 -1664.855399 -1664.856328 -1664.857814 -1664.860227 -1664.864215 -1664.870944 -1664.882594 -1664.903364 -1664.941509 -1665.013509 -1665.152671 -1665.427935 -1665.989470 -1667.191673 -1669.954017 -1677.003160 -1698.832357 -9999.0 -9999.0
-9999.0 -9999.0 180.081380 88.405471 -7.155677 -103.823200 -200.916384 -298.161336 -395.403943 -492.528980 -589.328858 -685.259693 -780.651387 -875.176044 -969.439497 -1064.199763 -1156.946409 -1248.145752 -1337.643417 -1421.218609 -1491.656969 -1545.839501 -1584.697500 -1611.326855 -1629.152404 -1641.002834 -1648.902929 -1654.196433 -1657.751317 -1660.133400 -1661.721241 -1662.772810 -1663.464898 -1663.917956 -1664.213356 -1664.407354 -1664.545602 -1664.690499 -1665.061023 -1666.845114 -1674.492512 -1675.298009 -1064.157039 -1070.672983 -1056.336935 -1047.278234 -1043.042345 -1042.435019 -1042.372310 -1042.380570 -1042.399353 -1042.419432 -1042.438715 -1042.456564 -1042.473061 -1042.491611 -1042.545143 -1042.904044 -1045.143993 -1050.187139 -1057.844853 -1041.286414 -1653.021648 -1669.546466 -1665.887174 -1665.015032 -1664.873496 -1664.851636 -1664.848911 -1664.849429 -1664.850367 -1664.851192 -1664.851836 -1664.852326 -1664.852701 -1664.852991 -1664.853220 -1664.853405 -1664.853559 -1664.853696 -1664.853830 -1664.853978 -1664.854165 -1664.854424 -1664.854808 -1664.855399 -1664.856328 -1664.857814 -1664.860227 -1664.864215 -1664.870944 -1664.882594 -1664.903364 -1664.941509 -1665.013509 -1665.152671 -1665.427935 -1665.989470 -1667.191673 -1669.954017 -1677.003160 -1698.832357 -9999.0 -9999.0
-9999.0 -9999.0 180.081380 88.405471 -7.155677 -103.823200 -200.916384 -298.161336 -395.403943 -492.528980 -589.328858 -685.259693 -780.651387 -875.176044 -969.439497 -1064.199763 -1156.946409 -1248.145752 -1337.643417 -1421.218609 -1491.656969 -1545.839501 -1584.697500 -1611.326855 -1629.152404 -1641.002834 -1648.902929 -1654.196433 -1657.751317 -1660.133400 -1661.721241 -1662.772810 -1663.464898 -1663.917956 -1664.213356 -1664.407354 -1664.545602 -1664.690499 -1665.061023 -1666.845114 -1674.492512 -1675.298009 -1064.157039 -1070.672983 -1056.336935 -1047.278234 -1043.042345 -1042.435019 -1042.372310 -1042.380570 -1042.399353 -1042.419432 -1042.438715 -1042.456564 -1042.473061 -1042.491611 -1042.545143 -1042.904044 -1045.143993 -1050.187139 -1057.844853 -1041.286414 -1653.021648 -1669.546466 -1665.887174 -1665.015032 -1664.873496 -1664.851636 -1664.848911 -1664.849429 -1664.850367 -1664.851192 -1664.851836 -1664.852326 -1664.852701 -1664.852991 -1664.853220 -1664.853405 -1664.853559 -1664.853696 -1664.853830 -1664.853978 -1664.854165 -1664.854424 -1664.854808 -1664.855399 -1664.856328 -1664.857814 -1664.860227 -1664.864215 -1664.870944 -1664.882594 -1664.903364 -1664.941509 -1665.013509 -1665.152671 -1665.427935 -1665.989470 -1667.191673 -1669.954017 -1677.003160 -1698.832357 -9999.0 -9999.0
-9999.0 -9999.0 180.079881 88.404584 -7.156029 -103.823327 -200.916429 -298.161352 -395.403948 -492.528982 -589.328859 -685.259694 -780.651387 -875.176044 -969.439497 -1064.199763 -1156.946408 -1248.145752 -1337.643417 -1421.218609 -1491.656969 -1545.839500 -1584.697500 -1611.326855 -1629.152404 -1641.002834 -1648.902929 -1654.196433 -1657.751317 -1660.133400 -1661.721241 -1662.772810 -1663.464898 -1663.917956 -1664.213356 -1664.407354 -1664.545602 -1664.690499 -1665.061023 -1666.845114 -1674.492512 -1675.298009 -1064.157039 -1070.672983 -1056.336935 -1047.278234 -1043.042345 -1042.435019 -1042.372310 -1042.380570 -1042.399353 -1042.419432 -1042.438715 -1042.456564 -1042.473061 -1042.491611 -1042.545143 -1042.904044 -1045.143993 -1050.187139 -1057.844853 -1041.286414 -1653.021648 -1669.546466 -1665.887174 -1665.015032 -1664.873496 -1664.851636 -1664.848911 -1664.849429 -1664.850367 -1664.851192 -1664.851836 -1664.852326 -1664.852701 -1664.852991 -1664.853220 -1664.853405 -1664.853559 -1664.853696 -1664.853830 -1664.853978 -1664.854165 -1664.854424 -1664.854808 -1664.855399 -1664.856328 -1664.857814 -1664.860227 -1664.864215 -1664.870944 -1664.882594 -1664.903364 -1664.941509 -1665.013509 -1665.152671 -1665.427935 -1665.989470 -1667.191673 -1669.954017 -1677.003160 -1698.832357 -9999.0 -9999.0
-9999.0 -9999.0 180.069253 88.402398 -7.156585 -103.823489 -200.916480 -298.161369 -395.403955 -492.528984 -589.328860 -685.259694 -780.651387 -875.176044 -969.439497 -1064.199763 -1156.946408 -1248.145752 -1337.643416 -1421.218609 -1491.656969 -1545.839500 -1584.697500 -1611.326855 -1629.152404 -1641.002834 -1648.902929 -1654.196433 -1657.751317 -1660.133400 -1661.721241 -1662.772810 -1663.464898 -1663.917956 -1664.213356 -1664.407354 -1664.545602 -1664.690499 -1665.061023 -1666.845114 -1674.492512 -1675.298009 -1064.157039 -1070.672983 -1056.336935 -1047.278235 -1043.042345 -1042.435019 -1042.372310 -1042.380570 -1042.399353 -1042.419432 -1042.438715 -1042.456564 -1042.473061 -1042.491611 -1042.545143 -1042.904044 -1045.143993 -1050.187139 -1057.844853 -1041.286414 -1653.021648 -1669.546466 -1665.887174 -1665.015032 -1664.873496 -1664.851636 -1664.848911 -1664.849429 -1664.850367 -1664.851192 -1664.851836 -1664.852326 -1664.852701 -1664.852991 -1664.853220 -1664.853405 -1664.853559 -1664.853696 -1664.853830 -1664.853978 -1664.854165 -1664.854424 -1664.854808 -1664.855399 -1664.856328 -1664.857814 -1664.860227 -1664.864215 -1664.870944 -1664.882594 -1664.903364 -1664.941509 -1665.013509 -1665.152671 -1665.427935 -1665.989470 -1667.191673 -1669.954017 -1677.003160 -1698.832357 -9999.0 -9999.0
-9999.0 -9999.0 -9999.0 -9999.0 -9999.0 -9999.0 -9999.0 -9999.0 -9999.0 -9999.0 -9999.0 -9999.0 -9999.0 -9999.0 -9999.0 -9999.0 -9999.0 -9999.0 -9999.0 -9999.0 -9999.0 -9999.0 -9999.0 -9999.0 -9999.0 -9999.0 -9999.0 -9999.0 -9999.0 -9999.0 -9999.0 -9999.0 -9999.0 -9999.0 -9999.0 -9999.0 -9999.0 -9999.0 -9999.0 -9999.0 -9999.0 -9999.0 -9999.0 -9999.0 -9999.0 -9999.0 -9999.0 -9999.0 -9999.0 -9999.0 -9999.0 -9999.0 -9999.0 -9999.0 -9999.0 -9999.0 -9999.0 -9999.0 -9999.0 -9999.0 -9999.0 -9999.0 -9999.0 -9999.0 -9999.0 -9999.0 -9999.0 -9999.0 -9999.0 -9999.0 -9999.0 -9999.0 -9999.0 -9999.0 -9999.0 -9999.0 -9999.0 -9999.0 -9999.0 -9999.0 -9999.0 -9999.0 -9999.0 -9999.0 -9999.0 -9999.0 -9999.0 -9999.0 -9999.0 -9999.0 -9999.0 -9999.0 -9999.0 -9999.0 -9999.0 -9999.0 -9999.0 -9999.0 -9999.0 -9999.0 -9999.0 -9999.0 -9999.0 -9999.0
-9999.0 -9999.0 -9999.0 -9999.0 -9999.0 -9999.0 -9999.0 -9999.0 -9999.0 -9999.0 -9999.0 -9999.0 -9999.0 -9999.0 -9999.0 -9999.0 -9999.0 -9999.0 -9999.0 -9999.0 -9999.0 -9999.0 -9999.0 -9999.0 -9999.0 -9999.0 -9999.0 -9999.0 -9999.0 -9999.0 -9999.0 -9999.0 -9999.0 -9999.0 -9999.0 -9999.0 -9999.0 -9999.0 -9999.0 -9999.0 -9999.0 -9999.0 -9999.0 -9999.0 -9999.0 -9999.0 -9999.0 -9999.0 -9999.0 -9999.0 -9999.0 -9999.0 -9999.0 -9999.0 -9999.0 -9999.0 -9999.0 -9999.0 -9999.0 -9999.0 -9999.0 -9999.0 -9999.0 -9999.0 -9999.0 -9999.0 -9999.0 -9999.0 -9999.0 -9999.0 -9999.0 -9999.0 -9999.0 -9999.0 -9999.0 -9999.0 -9999.0 -9999.0 -9999.0 -9999.0 -9999.0 -9999.0 -9999.0 -9999.0 -9999.0 -9999.0 -9999.0 -9999.0 -9999.0 -9999.0 -9999.0 -9999.0 -9999.0 -9999.0 -9999.0 -9999.0 -9999.0 -9999.0 -9999.0 -9999.0 -9999.0 -9999.0 -9999.0 -9999.0