inst/processing_geotop_simulation/geotop_simulation/out/maps3D/PwL0005N0066.asc
ncols         104
nrows         10
xllcorner     -2.000000
yllcorner     0.000000
cellsize      1.000000
NODATA_value  -9999.0
-9999.0 -9999.0 -9999.0 -9999.0 -9999.0 -9999.0 -9999.0 -9999.0 -9999.0 -9999.0 -9999.0 -9999.0 -9999.0 -9999.0 -9999.0 -9999.0 -9999.0 -9999.0 -9999.0 -9999.0 -9999.0 -9999.0 -9999.0 -9999.0 -9999.0 -9999.0 -9999.0 -9999.0 -9999.0 -9999.0 -9999.0 -9999.0 -9999.0 -9999.0 -9999.0 -9999.0 -9999.0 -9999.0 -9999.0 -9999.0 -9999.0 -9999.0 -9999.0 -9999.0 -9999.0 -9999.0 -9999.0 -9999.0 -9999.0 -9999.0 -9999.0 -9999.0 -9999.0 -9999.0 -9999.0 -9999.0 -9999.0 -9999.0 -9999.0 -9999.0 -9999.0 -9999.0 -9999.0 -9999.0 -9999.0 -9999.0 -9999.0 -9999.0 -9999.0 -9999.0 -9999.0 -9999.0 -9999.0 -9999.0 -9999.0 -9999.0 -9999.0 -9999.0 -9999.0 -9999.0 -9999.0 -9999.0 -9999.0 -9999.0 -9999.0 -9999.0 -9999.0 -9999.0 -9999.0 -9999.0 -9999.0 -9999.0 -9999.0 -9999.0 -9999.0 -9999.0 -9999.0 -9999.0 -9999.0 -9999.0 -9999.0 -9999.0 -9999.0 -9999.0
-9999.0 -9999.0 -9999.0 -9999.0 -9999.0 -9999.0 -9999.0 -9999.0 -9999.0 -9999.0 -9999.0 -9999.0 -9999.0 -9999.0 -9999.0 -9999.0 -9999.0 -9999.0 -9999.0 -9999.0 -9999.0 -9999.0 -9999.0 -9999.0 -9999.0 -9999.0 -9999.0 -9999.0 -9999.0 -9999.0 -9999.0 -9999.0 -9999.0 -9999.0 -9999.0 -9999.0 -9999.0 -9999.0 -9999.0 -9999.0 -9999.0 -9999.0 -9999.0 -9999.0 -9999.0 -9999.0 -9999.0 -9999.0 -9999.0 -9999.0 -9999.0 -9999.0 -9999.0 -9999.0 -9999.0 -9999.0 -9999.0 -9999.0 -9999.0 -9999.0 -9999.0 -9999.0 -9999.0 -9999.0 -9999.0 -9999.0 -9999.0 -9999.0 -9999.0 -9999.0 -9999.0 -9999.0 -9999.0 -9999.0 -9999.0 -9999.0 -9999.0 -9999.0 -9999.0 -9999.0 -9999.0 -9999.0 -9999.0 -9999.0 -9999.0 -9999.0 -9999.0 -9999.0 -9999.0 -9999.0 -9999.0 -9999.0 -9999.0 -9999.0 -9999.0 -9999.0 -9999.0 -9999.0 -9999.0 -9999.0 -9999.0 -9999.0 -9999.0 -9999.0
-9999.0 -9999.0 -266.753194 -374.642675 -497.846664 -644.814308 -809.460627 -961.082400 -1058.824137 -1094.817930 -1059.328043 -1005.334162 -988.374730 -1006.620811 -1037.792078 -1083.276038 -1117.941767 -1121.375902 -1112.161701 -1100.526087 -1091.676324 -1087.101983 -1086.569222 -1089.230806 -1094.078202 -1100.113646 -1106.427106 -1112.296977 -1117.280207 -1121.218359 -1124.159784 -1126.260805 -1127.709031 -1128.677754 -1129.307035 -1129.702684 -1129.954464 -1130.176376 -1130.437302 -1130.658778 -1134.222896 -1167.003923 -907.135917 -913.854226 -887.672649 -872.034730 -864.807929 -863.886333 -863.796761 -863.814939 -863.849837 -863.886785 -863.922216 -863.954980 -863.985051 -864.016890 -864.095760 -864.623947 -868.382412 -877.028319 -891.923349 -868.283759 -1151.093093 -1133.686517 -1131.094877 -1130.629354 -1130.528167 -1130.510392 -1130.510743 -1130.514248 -1130.517651 -1130.520360 -1130.522407 -1130.523945 -1130.525114 -1130.526018 -1130.526731 -1130.527303 -1130.527774 -1130.528184 -1130.528575 -1130.528997 -1130.529517 -1130.530228 -1130.531271 -1130.532862 -1130.535351 -1130.539307 -1130.545673 -1130.556065 -1130.573332 -1130.602673 -1130.653917 -1130.746178 -1130.917304 -1131.242605 -1131.871312 -1133.098325 -1135.519094 -1140.422904 -1150.898270 -1175.688864 -9999.0 -9999.0
-9999.0 -9999.0 -266.753194 -374.642675 -497.846662 -644.814305 -809.460625 -961.082399 -1058.824137 -1094.817930 -1059.328043 -1005.334162 -988.374730 -1006.620811 -1037.792078 -1083.276038 -1117.941767 -1121.375902 -1112.161701 -1100.526087 -1091.676324 -1087.101983 -1086.569222 -1089.230806 -1094.078202 -1100.113646 -1106.427106 -1112.296977 -1117.280207 -1121.218359 -1124.159784 -1126.260805 -1127.709031 -1128.677754 -1129.307035 -1129.702684 -1129.954464 -1130.176376 -1130.437302 -1130.658778 -1134.222896 -1167.003923 -907.135917 -913.854226 -887.672649 -872.034730 -864.807929 -863.886333 -863.796761 -863.814939 -863.849837 -863.886785 -863.922216 -863.954980 -863.985051 -864.016890 -864.095760 -864.623947 -868.382412 -877.028319 -891.923349 -868.283759 -1151.093093 -1133.686517 -1131.094877 -1130.629354 -1130.528167 -1130.510392 -1130.510743 -1130.514248 -1130.517651 -1130.520360 -1130.522407 -1130.523945 -1130.525114 -1130.526018 -1130.526731 -1130.527303 -1130.527774 -1130.528184 -1130.528575 -1130.528997 -1130.529517 -1130.530228 -1130.531271 -1130.532862 -1130.535351 -1130.539307 -1130.545673 -1130.556065 -1130.573332 -1130.602673 -1130.653917 -1130.746178 -1130.917304 -1131.242605 -1131.871312 -1133.098325 -1135.519094 -1140.422904 -1150.898270 -1175.688864 -9999.0 -9999.0
-9999.0 -9999.0 -266.753194 -374.642674 -497.846661 -644.814304 -809.460623 -961.082398 -1058.824138 -1094.817930 -1059.328043 -1005.334162 -988.374730 -1006.620811 -1037.792078 -1083.276038 -1117.941767 -1121.375902 -1112.161701 -1100.526087 -1091.676324 -1087.101983 -1086.569222 -1089.230806 -1094.078202 -1100.113646 -1106.427106 -1112.296977 -1117.280207 -1121.218359 -1124.159784 -1126.260805 -1127.709031 -1128.677754 -1129.307035 -1129.702684 -1129.954464 -1130.176376 -1130.437302 -1130.658778 -1134.222896 -1167.003923 -907.135917 -913.854226 -887.672649 -872.034730 -864.807929 -863.886333 -863.796761 -863.814939 -863.849837 -863.886785 -863.922216 -863.954980 -863.985051 -864.016890 -864.095760 -864.623947 -868.382412 -877.028319 -891.923348 -868.283759 -1151.093093 -1133.686517 -1131.094877 -1130.629354 -1130.528167 -1130.510392 -1130.510743 -1130.514248 -1130.517651 -1130.520360 -1130.522407 -1130.523945 -1130.525114 -1130.526018 -1130.526731 -1130.527303 -1130.527774 -1130.528184 -1130.528575 -1130.528997 -1130.529517 -1130.530228 -1130.531271 -1130.532862 -1130.535351 -1130.539307 -1130.545673 -1130.556065 -1130.573332 -1130.602673 -1130.653917 -1130.746178 -1130.917304 -1131.242605 -1131.871312 -1133.098325 -1135.519094 -1140.422904 -1150.898270 -1175.688864 -9999.0 -9999.0
-9999.0 -9999.0 -266.753194 -374.642674 -497.846661 -644.814304 -809.460623 -961.082398 -1058.824138 -1094.817930 -1059.328043 -1005.334162 -988.374730 -1006.620811 -1037.792078 -1083.276038 -1117.941767 -1121.375902 -1112.161701 -1100.526087 -1091.676324 -1087.101983 -1086.569222 -1089.230806 -1094.078202 -1100.113646 -1106.427106 -1112.296977 -1117.280207 -1121.218359 -1124.159784 -1126.260805 -1127.709031 -1128.677754 -1129.307035 -1129.702684 -1129.954464 -1130.176376 -1130.437302 -1130.658778 -1134.222896 -1167.003923 -907.135917 -913.854226 -887.672649 -872.034730 -864.807929 -863.886333 -863.796761 -863.814939 -863.849837 -863.886785 -863.922216 -863.954980 -863.985051 -864.016890 -864.095760 -864.623947 -868.382412 -877.028319 -891.923348 -868.283759 -1151.093093 -1133.686517 -1131.094877 -1130.629354 -1130.528167 -1130.510392 -1130.510743 -1130.514248 -1130.517651 -1130.520360 -1130.522407 -1130.523945 -1130.525114 -1130.526018 -1130.526731 -1130.527303 -1130.527774 -1130.528184 -1130.528575 -1130.528997 -1130.529517 -1130.530228 -1130.531271 -1130.532862 -1130.535351 -1130.539307 -1130.545673 -1130.556065 -1130.573332 -1130.602673 -1130.653917 -1130.746178 -1130.917304 -1131.242605 -1131.871312 -1133.098325 -1135.519094 -1140.422904 -1150.898270 -1175.688864 -9999.0 -9999.0
-9999.0 -9999.0 -266.753194 -374.642675 -497.846663 -644.814305 -809.460625 -961.082399 -1058.824137 -1094.817930 -1059.328043 -1005.334162 -988.374730 -1006.620811 -1037.792078 -1083.276038 -1117.941767 -1121.375902 -1112.161701 -1100.526087 -1091.676324 -1087.101983 -1086.569222 -1089.230806 -1094.078202 -1100.113646 -1106.427106 -1112.296977 -1117.280207 -1121.218359 -1124.159784 -1126.260805 -1127.709031 -1128.677754 -1129.307035 -1129.702684 -1129.954464 -1130.176376 -1130.437302 -1130.658778 -1134.222896 -1167.003923 -907.135917 -913.854226 -887.672649 -872.034730 -864.807929 -863.886333 -863.796761 -863.814939 -863.849837 -863.886785 -863.922216 -863.954980 -863.985051 -864.016890 -864.095760 -864.623947 -868.382412 -877.028319 -891.923349 -868.283759 -1151.093093 -1133.686517 -1131.094877 -1130.629354 -1130.528167 -1130.510392 -1130.510743 -1130.514248 -1130.517651 -1130.520360 -1130.522407 -1130.523945 -1130.525114 -1130.526018 -1130.526731 -1130.527303 -1130.527774 -1130.528184 -1130.528575 -1130.528997 -1130.529517 -1130.530228 -1130.531271 -1130.532862 -1130.535351 -1130.539307 -1130.545673 -1130.556065 -1130.573332 -1130.602673 -1130.653917 -1130.746178 -1130.917304 -1131.242605 -1131.871312 -1133.098325 -1135.519094 -1140.422904 -1150.898270 -1175.688864 -9999.0 -9999.0
-9999.0 -9999.0 -266.753194 -374.642675 -497.846664 -644.814308 -809.460627 -961.082400 -1058.824137 -1094.817930 -1059.328043 -1005.334162 -988.374730 -1006.620811 -1037.792078 -1083.276038 -1117.941767 -1121.375902 -1112.161701 -1100.526087 -1091.676324 -1087.101983 -1086.569222 -1089.230806 -1094.078202 -1100.113646 -1106.427106 -1112.296977 -1117.280207 -1121.218359 -1124.159784 -1126.260805 -1127.709031 -1128.677754 -1129.307035 -1129.702684 -1129.954464 -1130.176376 -1130.437302 -1130.658778 -1134.222896 -1167.003923 -907.135917 -913.854226 -887.672649 -872.034730 -864.807929 -863.886333 -863.796761 -863.814939 -863.849837 -863.886785 -863.922216 -863.954980 -863.985051 -864.016890 -864.095760 -864.623947 -868.382412 -877.028319 -891.923349 -868.283759 -1151.093093 -1133.686517 -1131.094877 -1130.629354 -1130.528167 -1130.510392 -1130.510743 -1130.514248 -1130.517651 -1130.520360 -1130.522407 -1130.523945 -1130.525114 -1130.526018 -1130.526731 -1130.527303 -1130.527774 -1130.528184 -1130.528575 -1130.528997 -1130.529517 -1130.530228 -1130.531271 -1130.532862 -1130.535351 -1130.539307 -1130.545673 -1130.556065 -1130.573332 -1130.602673 -1130.653917 -1130.746178 -1130.917304 -1131.242605 -1131.871312 -1133.098325 -1135.519094 -1140.422904 -1150.898270 -1175.688864 -9999.0 -9999.0
-9999.0 -9999.0 -9999.0 -9999.0 -9999.0 -9999.0 -9999.0 -9999.0 -9999.0 -9999.0 -9999.0 -9999.0 -9999.0 -9999.0 -9999.0 -9999.0 -9999.0 -9999.0 -9999.0 -9999.0 -9999.0 -9999.0 -9999.0 -9999.0 -9999.0 -9999.0 -9999.0 -9999.0 -9999.0 -9999.0 -9999.0 -9999.0 -9999.0 -9999.0 -9999.0 -9999.0 -9999.0 -9999.0 -9999.0 -9999.0 -9999.0 -9999.0 -9999.0 -9999.0 -9999.0 -9999.0 -9999.0 -9999.0 -9999.0 -9999.0 -9999.0 -9999.0 -9999.0 -9999.0 -9999.0 -9999.0 -9999.0 -9999.0 -9999.0 -9999.0 -9999.0 -9999.0 -9999.0 -9999.0 -9999.0 -9999.0 -9999.0 -9999.0 -9999.0 -9999.0 -9999.0 -9999.0 -9999.0 -9999.0 -9999.0 -9999.0 -9999.0 -9999.0 -9999.0 -9999.0 -9999.0 -9999.0 -9999.0 -9999.0 -9999.0 -9999.0 -9999.0 -9999.0 -9999.0 -9999.0 -9999.0 -9999.0 -9999.0 -9999.0 -9999.0 -9999.0 -9999.0 -9999.0 -9999.0 -9999.0 -9999.0 -9999.0 -9999.0 -9999.0
-9999.0 -9999.0 -9999.0 -9999.0 -9999.0 -9999.0 -9999.0 -9999.0 -9999.0 -9999.0 -9999.0 -9999.0 -9999.0 -9999.0 -9999.0 -9999.0 -9999.0 -9999.0 -9999.0 -9999.0 -9999.0 -9999.0 -9999.0 -9999.0 -9999.0 -9999.0 -9999.0 -9999.0 -9999.0 -9999.0 -9999.0 -9999.0 -9999.0 -9999.0 -9999.0 -9999.0 -9999.0 -9999.0 -9999.0 -9999.0 -9999.0 -9999.0 -9999.0 -9999.0 -9999.0 -9999.0 -9999.0 -9999.0 -9999.0 -9999.0 -9999.0 -9999.0 -9999.0 -9999.0 -9999.0 -9999.0 -9999.0 -9999.0 -9999.0 -9999.0 -9999.0 -9999.0 -9999.0 -9999.0 -9999.0 -9999.0 -9999.0 -9999.0 -9999.0 -9999.0 -9999.0 -9999.0 -9999.0 -9999.0 -9999.0 -9999.0 -9999.0 -9999.0 -9999.0 -9999.0 -9999.0 -9999.0 -9999.0 -9999.0 -9999.0 -9999.0 -9999.0 -9999.0 -9999.0 -9999.0 -9999.0 -9999.0 -9999.0 -9999.0 -9999.0 -9999.0 -9999.0 -9999.0 -9999.0 -9999.0 -9999.0 -9999.0 -9999.0 -9999.0