inst/processing_geotop_simulation/geotop_simulation/out/maps3D/PwL0015N0444.asc
ncols         104
nrows         10
xllcorner     -2.000000
yllcorner     0.000000
cellsize      1.000000
NODATA_value  -9999.0
-9999.0 -9999.0 -9999.0 -9999.0 -9999.0 -9999.0 -9999.0 -9999.0 -9999.0 -9999.0 -9999.0 -9999.0 -9999.0 -9999.0 -9999.0 -9999.0 -9999.0 -9999.0 -9999.0 -9999.0 -9999.0 -9999.0 -9999.0 -9999.0 -9999.0 -9999.0 -9999.0 -9999.0 -9999.0 -9999.0 -9999.0 -9999.0 -9999.0 -9999.0 -9999.0 -9999.0 -9999.0 -9999.0 -9999.0 -9999.0 -9999.0 -9999.0 -9999.0 -9999.0 -9999.0 -9999.0 -9999.0 -9999.0 -9999.0 -9999.0 -9999.0 -9999.0 -9999.0 -9999.0 -9999.0 -9999.0 -9999.0 -9999.0 -9999.0 -9999.0 -9999.0 -9999.0 -9999.0 -9999.0 -9999.0 -9999.0 -9999.0 -9999.0 -9999.0 -9999.0 -9999.0 -9999.0 -9999.0 -9999.0 -9999.0 -9999.0 -9999.0 -9999.0 -9999.0 -9999.0 -9999.0 -9999.0 -9999.0 -9999.0 -9999.0 -9999.0 -9999.0 -9999.0 -9999.0 -9999.0 -9999.0 -9999.0 -9999.0 -9999.0 -9999.0 -9999.0 -9999.0 -9999.0 -9999.0 -9999.0 -9999.0 -9999.0 -9999.0 -9999.0
-9999.0 -9999.0 -9999.0 -9999.0 -9999.0 -9999.0 -9999.0 -9999.0 -9999.0 -9999.0 -9999.0 -9999.0 -9999.0 -9999.0 -9999.0 -9999.0 -9999.0 -9999.0 -9999.0 -9999.0 -9999.0 -9999.0 -9999.0 -9999.0 -9999.0 -9999.0 -9999.0 -9999.0 -9999.0 -9999.0 -9999.0 -9999.0 -9999.0 -9999.0 -9999.0 -9999.0 -9999.0 -9999.0 -9999.0 -9999.0 -9999.0 -9999.0 -9999.0 -9999.0 -9999.0 -9999.0 -9999.0 -9999.0 -9999.0 -9999.0 -9999.0 -9999.0 -9999.0 -9999.0 -9999.0 -9999.0 -9999.0 -9999.0 -9999.0 -9999.0 -9999.0 -9999.0 -9999.0 -9999.0 -9999.0 -9999.0 -9999.0 -9999.0 -9999.0 -9999.0 -9999.0 -9999.0 -9999.0 -9999.0 -9999.0 -9999.0 -9999.0 -9999.0 -9999.0 -9999.0 -9999.0 -9999.0 -9999.0 -9999.0 -9999.0 -9999.0 -9999.0 -9999.0 -9999.0 -9999.0 -9999.0 -9999.0 -9999.0 -9999.0 -9999.0 -9999.0 -9999.0 -9999.0 -9999.0 -9999.0 -9999.0 -9999.0 -9999.0 -9999.0
-9999.0 -9999.0 720.296847 621.334070 522.170902 422.858966 323.476090 224.062816 124.639718 25.218006 -74.193790 -173.593715 -272.976407 -372.327221 -471.621481 -570.821086 -669.857591 -768.796926 -867.732378 -966.513546 -1065.063803 -1162.474906 -1256.925334 -1346.946443 -1430.300778 -1504.902144 -1569.270100 -1622.802918 -1665.799788 -1699.267468 -1724.622003 -1743.401293 -1757.057443 -1766.843531 -1773.776459 -1778.649681 -1782.081288 -1784.621975 -1787.033108 -1790.786371 -1796.879034 -1794.740915 -1814.190013 -4088.987406 -4123.401664 -4008.434529 -3929.158390 -3917.215020 -3915.979846 -3916.104427 -3916.421705 -3916.761611 -3917.087636 -3917.389073 -3917.667739 -3917.985428 -3918.948791 -3925.684035 -3969.086281 -4049.862565 -3913.340738 -1614.874809 -1752.683520 -1788.994577 -1790.635820 -1789.922075 -1789.666792 -1789.610556 -1789.600582 -1789.599361 -1789.599609 -1789.600032 -1789.600416 -1789.600740 -1789.601013 -1789.601250 -1789.601460 -1789.601652 -1789.601834 -1789.602011 -1789.602191 -1789.602385 -1789.602605 -1789.602869 -1789.603207 -1789.603664 -1789.604315 -1789.605287 -1789.606797 -1789.609235 -1789.613326 -1789.620452 -1789.633336 -1789.657475 -1789.704311 -1789.798729 -1789.998132 -1790.444485 -1791.515795 -1794.307802 -1802.339021 -1828.252990 -9999.0 -9999.0
-9999.0 -9999.0 720.300608 621.335326 522.171284 422.859087 323.476129 224.062830 124.639723 25.218008 -74.193789 -173.593715 -272.976406 -372.327221 -471.621481 -570.821086 -669.857591 -768.796926 -867.732378 -966.513546 -1065.063804 -1162.474906 -1256.925334 -1346.946443 -1430.300778 -1504.902144 -1569.270101 -1622.802918 -1665.799788 -1699.267468 -1724.622003 -1743.401293 -1757.057443 -1766.843531 -1773.776459 -1778.649681 -1782.081288 -1784.621975 -1787.033108 -1790.786371 -1796.879034 -1794.740915 -1814.190013 -4088.987405 -4123.401663 -4008.434525 -3929.158390 -3917.215020 -3915.979846 -3916.104427 -3916.421705 -3916.761611 -3917.087636 -3917.389073 -3917.667739 -3917.985428 -3918.948791 -3925.684035 -3969.086281 -4049.862565 -3913.340738 -1614.874809 -1752.683520 -1788.994577 -1790.635820 -1789.922075 -1789.666792 -1789.610556 -1789.600582 -1789.599361 -1789.599609 -1789.600032 -1789.600416 -1789.600740 -1789.601013 -1789.601250 -1789.601460 -1789.601652 -1789.601834 -1789.602011 -1789.602191 -1789.602385 -1789.602605 -1789.602869 -1789.603207 -1789.603664 -1789.604315 -1789.605287 -1789.606797 -1789.609235 -1789.613326 -1789.620452 -1789.633336 -1789.657475 -1789.704311 -1789.798729 -1789.998131 -1790.444485 -1791.515795 -1794.307802 -1802.339021 -1828.252990 -9999.0 -9999.0
-9999.0 -9999.0 720.301792 621.335947 522.171539 422.859182 323.476164 224.062843 124.639728 25.218010 -74.193788 -173.593714 -272.976406 -372.327221 -471.621481 -570.821086 -669.857591 -768.796926 -867.732378 -966.513547 -1065.063804 -1162.474907 -1256.925334 -1346.946443 -1430.300779 -1504.902144 -1569.270101 -1622.802918 -1665.799788 -1699.267468 -1724.622003 -1743.401293 -1757.057443 -1766.843531 -1773.776459 -1778.649681 -1782.081288 -1784.621975 -1787.033108 -1790.786371 -1796.879034 -1794.740915 -1814.190013 -4088.987405 -4123.401663 -4008.434523 -3929.158390 -3917.215020 -3915.979846 -3916.104427 -3916.421705 -3916.761611 -3917.087636 -3917.389073 -3917.667739 -3917.985428 -3918.948791 -3925.684035 -3969.086281 -4049.862565 -3913.340738 -1614.874809 -1752.683520 -1788.994577 -1790.635820 -1789.922075 -1789.666792 -1789.610556 -1789.600582 -1789.599361 -1789.599609 -1789.600032 -1789.600416 -1789.600740 -1789.601013 -1789.601250 -1789.601460 -1789.601652 -1789.601834 -1789.602011 -1789.602191 -1789.602385 -1789.602605 -1789.602869 -1789.603207 -1789.603664 -1789.604315 -1789.605287 -1789.606797 -1789.609235 -1789.613326 -1789.620452 -1789.633336 -1789.657475 -1789.704311 -1789.798729 -1789.998131 -1790.444485 -1791.515795 -1794.307802 -1802.339021 -1828.252990 -9999.0 -9999.0
-9999.0 -9999.0 720.301792 621.335947 522.171539 422.859182 323.476164 224.062843 124.639728 25.218010 -74.193788 -173.593714 -272.976406 -372.327221 -471.621481 -570.821086 -669.857591 -768.796926 -867.732378 -966.513547 -1065.063804 -1162.474907 -1256.925334 -1346.946443 -1430.300779 -1504.902144 -1569.270101 -1622.802918 -1665.799788 -1699.267468 -1724.622003 -1743.401293 -1757.057443 -1766.843531 -1773.776459 -1778.649681 -1782.081288 -1784.621975 -1787.033108 -1790.786371 -1796.879034 -1794.740915 -1814.190013 -4088.987405 -4123.401663 -4008.434523 -3929.158390 -3917.215020 -3915.979846 -3916.104427 -3916.421705 -3916.761611 -3917.087636 -3917.389073 -3917.667739 -3917.985428 -3918.948791 -3925.684035 -3969.086281 -4049.862565 -3913.340738 -1614.874809 -1752.683520 -1788.994577 -1790.635820 -1789.922075 -1789.666792 -1789.610556 -1789.600582 -1789.599361 -1789.599609 -1789.600032 -1789.600416 -1789.600740 -1789.601013 -1789.601250 -1789.601460 -1789.601652 -1789.601834 -1789.602011 -1789.602191 -1789.602385 -1789.602605 -1789.602869 -1789.603207 -1789.603664 -1789.604315 -1789.605287 -1789.606797 -1789.609235 -1789.613326 -1789.620452 -1789.633336 -1789.657475 -1789.704311 -1789.798729 -1789.998131 -1790.444485 -1791.515795 -1794.307802 -1802.339021 -1828.252990 -9999.0 -9999.0
-9999.0 -9999.0 720.300608 621.335326 522.171284 422.859086 323.476129 224.062830 124.639723 25.218008 -74.193789 -173.593715 -272.976406 -372.327221 -471.621481 -570.821086 -669.857591 -768.796926 -867.732378 -966.513546 -1065.063804 -1162.474906 -1256.925334 -1346.946443 -1430.300778 -1504.902144 -1569.270101 -1622.802918 -1665.799788 -1699.267468 -1724.622003 -1743.401293 -1757.057443 -1766.843531 -1773.776459 -1778.649681 -1782.081288 -1784.621975 -1787.033108 -1790.786371 -1796.879034 -1794.740915 -1814.190013 -4088.987405 -4123.401663 -4008.434525 -3929.158390 -3917.215020 -3915.979846 -3916.104427 -3916.421705 -3916.761611 -3917.087636 -3917.389073 -3917.667739 -3917.985428 -3918.948791 -3925.684035 -3969.086281 -4049.862565 -3913.340738 -1614.874809 -1752.683520 -1788.994577 -1790.635820 -1789.922075 -1789.666792 -1789.610556 -1789.600582 -1789.599361 -1789.599609 -1789.600032 -1789.600416 -1789.600740 -1789.601013 -1789.601250 -1789.601460 -1789.601652 -1789.601834 -1789.602011 -1789.602191 -1789.602385 -1789.602605 -1789.602869 -1789.603207 -1789.603664 -1789.604315 -1789.605287 -1789.606797 -1789.609235 -1789.613326 -1789.620452 -1789.633336 -1789.657475 -1789.704311 -1789.798729 -1789.998131 -1790.444485 -1791.515795 -1794.307802 -1802.339021 -1828.252990 -9999.0 -9999.0
-9999.0 -9999.0 720.296847 621.334070 522.170902 422.858966 323.476090 224.062816 124.639718 25.218006 -74.193790 -173.593715 -272.976407 -372.327221 -471.621481 -570.821086 -669.857591 -768.796926 -867.732378 -966.513546 -1065.063803 -1162.474906 -1256.925334 -1346.946443 -1430.300778 -1504.902144 -1569.270100 -1622.802918 -1665.799788 -1699.267468 -1724.622003 -1743.401293 -1757.057443 -1766.843531 -1773.776459 -1778.649681 -1782.081288 -1784.621975 -1787.033108 -1790.786371 -1796.879034 -1794.740915 -1814.190013 -4088.987406 -4123.401664 -4008.434529 -3929.158390 -3917.215020 -3915.979846 -3916.104427 -3916.421705 -3916.761611 -3917.087636 -3917.389073 -3917.667739 -3917.985428 -3918.948791 -3925.684035 -3969.086281 -4049.862565 -3913.340738 -1614.874809 -1752.683520 -1788.994577 -1790.635820 -1789.922075 -1789.666792 -1789.610556 -1789.600582 -1789.599361 -1789.599609 -1789.600032 -1789.600416 -1789.600740 -1789.601013 -1789.601250 -1789.601460 -1789.601652 -1789.601834 -1789.602011 -1789.602191 -1789.602385 -1789.602605 -1789.602869 -1789.603207 -1789.603664 -1789.604315 -1789.605287 -1789.606797 -1789.609235 -1789.613326 -1789.620452 -1789.633336 -1789.657475 -1789.704311 -1789.798729 -1789.998132 -1790.444485 -1791.515795 -1794.307802 -1802.339021 -1828.252990 -9999.0 -9999.0
-9999.0 -9999.0 -9999.0 -9999.0 -9999.0 -9999.0 -9999.0 -9999.0 -9999.0 -9999.0 -9999.0 -9999.0 -9999.0 -9999.0 -9999.0 -9999.0 -9999.0 -9999.0 -9999.0 -9999.0 -9999.0 -9999.0 -9999.0 -9999.0 -9999.0 -9999.0 -9999.0 -9999.0 -9999.0 -9999.0 -9999.0 -9999.0 -9999.0 -9999.0 -9999.0 -9999.0 -9999.0 -9999.0 -9999.0 -9999.0 -9999.0 -9999.0 -9999.0 -9999.0 -9999.0 -9999.0 -9999.0 -9999.0 -9999.0 -9999.0 -9999.0 -9999.0 -9999.0 -9999.0 -9999.0 -9999.0 -9999.0 -9999.0 -9999.0 -9999.0 -9999.0 -9999.0 -9999.0 -9999.0 -9999.0 -9999.0 -9999.0 -9999.0 -9999.0 -9999.0 -9999.0 -9999.0 -9999.0 -9999.0 -9999.0 -9999.0 -9999.0 -9999.0 -9999.0 -9999.0 -9999.0 -9999.0 -9999.0 -9999.0 -9999.0 -9999.0 -9999.0 -9999.0 -9999.0 -9999.0 -9999.0 -9999.0 -9999.0 -9999.0 -9999.0 -9999.0 -9999.0 -9999.0 -9999.0 -9999.0 -9999.0 -9999.0 -9999.0 -9999.0
-9999.0 -9999.0 -9999.0 -9999.0 -9999.0 -9999.0 -9999.0 -9999.0 -9999.0 -9999.0 -9999.0 -9999.0 -9999.0 -9999.0 -9999.0 -9999.0 -9999.0 -9999.0 -9999.0 -9999.0 -9999.0 -9999.0 -9999.0 -9999.0 -9999.0 -9999.0 -9999.0 -9999.0 -9999.0 -9999.0 -9999.0 -9999.0 -9999.0 -9999.0 -9999.0 -9999.0 -9999.0 -9999.0 -9999.0 -9999.0 -9999.0 -9999.0 -9999.0 -9999.0 -9999.0 -9999.0 -9999.0 -9999.0 -9999.0 -9999.0 -9999.0 -9999.0 -9999.0 -9999.0 -9999.0 -9999.0 -9999.0 -9999.0 -9999.0 -9999.0 -9999.0 -9999.0 -9999.0 -9999.0 -9999.0 -9999.0 -9999.0 -9999.0 -9999.0 -9999.0 -9999.0 -9999.0 -9999.0 -9999.0 -9999.0 -9999.0 -9999.0 -9999.0 -9999.0 -9999.0 -9999.0 -9999.0 -9999.0 -9999.0 -9999.0 -9999.0 -9999.0 -9999.0 -9999.0 -9999.0 -9999.0 -9999.0 -9999.0 -9999.0 -9999.0 -9999.0 -9999.0 -9999.0 -9999.0 -9999.0 -9999.0 -9999.0 -9999.0 -9999.0