inst/processing_geotop_simulation/geotop_simulation/out/maps3D/PwL0000N0016.asc
ncols         104
nrows         10
xllcorner     -2.000000
yllcorner     0.000000
cellsize      1.000000
NODATA_value  -9999.0
-9999.0 -9999.0 -9999.0 -9999.0 -9999.0 -9999.0 -9999.0 -9999.0 -9999.0 -9999.0 -9999.0 -9999.0 -9999.0 -9999.0 -9999.0 -9999.0 -9999.0 -9999.0 -9999.0 -9999.0 -9999.0 -9999.0 -9999.0 -9999.0 -9999.0 -9999.0 -9999.0 -9999.0 -9999.0 -9999.0 -9999.0 -9999.0 -9999.0 -9999.0 -9999.0 -9999.0 -9999.0 -9999.0 -9999.0 -9999.0 -9999.0 -9999.0 -9999.0 -9999.0 -9999.0 -9999.0 -9999.0 -9999.0 -9999.0 -9999.0 -9999.0 -9999.0 -9999.0 -9999.0 -9999.0 -9999.0 -9999.0 -9999.0 -9999.0 -9999.0 -9999.0 -9999.0 -9999.0 -9999.0 -9999.0 -9999.0 -9999.0 -9999.0 -9999.0 -9999.0 -9999.0 -9999.0 -9999.0 -9999.0 -9999.0 -9999.0 -9999.0 -9999.0 -9999.0 -9999.0 -9999.0 -9999.0 -9999.0 -9999.0 -9999.0 -9999.0 -9999.0 -9999.0 -9999.0 -9999.0 -9999.0 -9999.0 -9999.0 -9999.0 -9999.0 -9999.0 -9999.0 -9999.0 -9999.0 -9999.0 -9999.0 -9999.0 -9999.0 -9999.0
-9999.0 -9999.0 -9999.0 -9999.0 -9999.0 -9999.0 -9999.0 -9999.0 -9999.0 -9999.0 -9999.0 -9999.0 -9999.0 -9999.0 -9999.0 -9999.0 -9999.0 -9999.0 -9999.0 -9999.0 -9999.0 -9999.0 -9999.0 -9999.0 -9999.0 -9999.0 -9999.0 -9999.0 -9999.0 -9999.0 -9999.0 -9999.0 -9999.0 -9999.0 -9999.0 -9999.0 -9999.0 -9999.0 -9999.0 -9999.0 -9999.0 -9999.0 -9999.0 -9999.0 -9999.0 -9999.0 -9999.0 -9999.0 -9999.0 -9999.0 -9999.0 -9999.0 -9999.0 -9999.0 -9999.0 -9999.0 -9999.0 -9999.0 -9999.0 -9999.0 -9999.0 -9999.0 -9999.0 -9999.0 -9999.0 -9999.0 -9999.0 -9999.0 -9999.0 -9999.0 -9999.0 -9999.0 -9999.0 -9999.0 -9999.0 -9999.0 -9999.0 -9999.0 -9999.0 -9999.0 -9999.0 -9999.0 -9999.0 -9999.0 -9999.0 -9999.0 -9999.0 -9999.0 -9999.0 -9999.0 -9999.0 -9999.0 -9999.0 -9999.0 -9999.0 -9999.0 -9999.0 -9999.0 -9999.0 -9999.0 -9999.0 -9999.0 -9999.0 -9999.0
-9999.0 -9999.0 1.119569 0.294440 0.286892 0.279406 0.271985 0.264627 0.257335 0.250108 0.242947 0.235854 0.228828 0.221870 0.214982 0.208163 0.201416 0.194739 0.188135 0.181604 0.175147 0.168766 0.162460 0.156231 0.150080 0.144008 0.138017 0.132107 0.126279 0.120536 0.114877 0.109306 0.103822 0.098428 0.093125 0.087916 0.082800 0.077782 0.072863 0.068044 0.063328 0.058719 0.054217 0.049827 0.045552 0.041394 0.037357 0.033447 0.029666 0.026021 0.022516 0.019159 0.015957 0.012918 0.010051 0.007369 0.004880 0.002581 -1.521967 -23.179815 -63.176523 -121.621756 -198.712934 -256.330148 -297.231183 -325.720297 -345.008524 -357.790868 -366.107774 -371.457134 -374.855330 -376.999427 -378.340894 -379.173587 -379.687756 -380.004355 -380.199423 -380.321360 -380.399771 -380.452262 -380.493101 -380.530953 -380.574881 -380.634246 -380.721744 -380.856378 -381.067108 -381.398636 -381.921085 -382.744349 -384.039895 -386.074246 -389.257333 -394.210091 -401.851425 -413.494007 -430.918143 -456.367348 -492.403668 -541.613426 -606.257228 -688.025815 -9999.0 -9999.0
-9999.0 -9999.0 1.902087 0.294440 0.286892 0.279406 0.271985 0.264627 0.257335 0.250108 0.242947 0.235854 0.228828 0.221870 0.214982 0.208163 0.201416 0.194739 0.188135 0.181604 0.175147 0.168766 0.162460 0.156231 0.150080 0.144008 0.138017 0.132107 0.126279 0.120536 0.114877 0.109306 0.103822 0.098428 0.093125 0.087916 0.082800 0.077782 0.072863 0.068044 0.063328 0.058719 0.054217 0.049827 0.045552 0.041394 0.037357 0.033447 0.029666 0.026021 0.022516 0.019159 0.015957 0.012918 0.010051 0.007369 0.004880 0.002581 -1.521967 -23.179815 -63.176523 -121.621756 -198.712934 -256.330148 -297.231183 -325.720297 -345.008524 -357.790868 -366.107774 -371.457134 -374.855330 -376.999427 -378.340894 -379.173587 -379.687756 -380.004355 -380.199423 -380.321360 -380.399771 -380.452262 -380.493101 -380.530953 -380.574881 -380.634246 -380.721744 -380.856378 -381.067108 -381.398636 -381.921085 -382.744349 -384.039895 -386.074246 -389.257333 -394.210091 -401.851425 -413.494007 -430.918143 -456.367348 -492.403667 -541.613426 -606.257228 -688.025815 -9999.0 -9999.0
-9999.0 -9999.0 1.902087 0.294440 0.286892 0.279406 0.271985 0.264627 0.257335 0.250108 0.242947 0.235854 0.228828 0.221870 0.214982 0.208163 0.201416 0.194739 0.188135 0.181604 0.175147 0.168766 0.162460 0.156231 0.150080 0.144008 0.138017 0.132107 0.126279 0.120536 0.114877 0.109306 0.103822 0.098428 0.093125 0.087916 0.082800 0.077782 0.072863 0.068044 0.063328 0.058719 0.054217 0.049827 0.045552 0.041394 0.037357 0.033447 0.029666 0.026021 0.022516 0.019159 0.015957 0.012918 0.010051 0.007369 0.004880 0.002581 -1.521967 -23.179815 -63.176523 -121.621756 -198.712934 -256.330148 -297.231183 -325.720297 -345.008524 -357.790868 -366.107774 -371.457134 -374.855330 -376.999427 -378.340894 -379.173587 -379.687756 -380.004355 -380.199423 -380.321360 -380.399771 -380.452262 -380.493101 -380.530953 -380.574881 -380.634246 -380.721744 -380.856378 -381.067108 -381.398636 -381.921085 -382.744349 -384.039895 -386.074246 -389.257333 -394.210091 -401.851425 -413.494007 -430.918143 -456.367348 -492.403667 -541.613426 -606.257227 -688.025815 -9999.0 -9999.0
-9999.0 -9999.0 1.902087 0.294440 0.286892 0.279406 0.271985 0.264627 0.257335 0.250108 0.242947 0.235854 0.228828 0.221870 0.214982 0.208163 0.201416 0.194739 0.188135 0.181604 0.175147 0.168766 0.162460 0.156231 0.150080 0.144008 0.138017 0.132107 0.126279 0.120536 0.114877 0.109306 0.103822 0.098428 0.093125 0.087916 0.082800 0.077782 0.072863 0.068044 0.063328 0.058719 0.054217 0.049827 0.045552 0.041394 0.037357 0.033447 0.029666 0.026021 0.022516 0.019159 0.015957 0.012918 0.010051 0.007369 0.004880 0.002581 -1.521967 -23.179815 -63.176523 -121.621756 -198.712934 -256.330148 -297.231183 -325.720297 -345.008524 -357.790868 -366.107774 -371.457134 -374.855330 -376.999427 -378.340894 -379.173587 -379.687756 -380.004355 -380.199423 -380.321360 -380.399771 -380.452262 -380.493101 -380.530953 -380.574881 -380.634246 -380.721744 -380.856378 -381.067108 -381.398636 -381.921085 -382.744349 -384.039895 -386.074246 -389.257333 -394.210091 -401.851425 -413.494007 -430.918143 -456.367348 -492.403667 -541.613426 -606.257227 -688.025815 -9999.0 -9999.0
-9999.0 -9999.0 1.902087 0.294440 0.286892 0.279406 0.271985 0.264627 0.257335 0.250108 0.242947 0.235854 0.228828 0.221870 0.214982 0.208163 0.201416 0.194739 0.188135 0.181604 0.175147 0.168766 0.162460 0.156231 0.150080 0.144008 0.138017 0.132107 0.126279 0.120536 0.114877 0.109306 0.103822 0.098428 0.093125 0.087916 0.082800 0.077782 0.072863 0.068044 0.063328 0.058719 0.054217 0.049827 0.045552 0.041394 0.037357 0.033447 0.029666 0.026021 0.022516 0.019159 0.015957 0.012918 0.010051 0.007369 0.004880 0.002581 -1.521967 -23.179815 -63.176523 -121.621756 -198.712934 -256.330148 -297.231183 -325.720297 -345.008524 -357.790868 -366.107774 -371.457134 -374.855330 -376.999427 -378.340894 -379.173587 -379.687756 -380.004355 -380.199423 -380.321360 -380.399771 -380.452262 -380.493101 -380.530953 -380.574881 -380.634246 -380.721744 -380.856378 -381.067108 -381.398636 -381.921085 -382.744349 -384.039895 -386.074246 -389.257333 -394.210091 -401.851425 -413.494007 -430.918143 -456.367348 -492.403667 -541.613426 -606.257227 -688.025815 -9999.0 -9999.0
-9999.0 -9999.0 1.119569 0.294440 0.286892 0.279406 0.271985 0.264627 0.257335 0.250108 0.242947 0.235854 0.228828 0.221870 0.214982 0.208163 0.201416 0.194739 0.188135 0.181604 0.175147 0.168766 0.162460 0.156231 0.150080 0.144008 0.138017 0.132107 0.126279 0.120536 0.114877 0.109306 0.103822 0.098428 0.093125 0.087916 0.082800 0.077782 0.072863 0.068044 0.063328 0.058719 0.054217 0.049827 0.045552 0.041394 0.037357 0.033447 0.029666 0.026021 0.022516 0.019159 0.015957 0.012918 0.010051 0.007369 0.004880 0.002581 -1.521967 -23.179815 -63.176523 -121.621756 -198.712934 -256.330148 -297.231183 -325.720297 -345.008524 -357.790868 -366.107774 -371.457134 -374.855330 -376.999427 -378.340894 -379.173587 -379.687756 -380.004355 -380.199423 -380.321360 -380.399771 -380.452262 -380.493101 -380.530953 -380.574881 -380.634246 -380.721744 -380.856378 -381.067108 -381.398636 -381.921085 -382.744349 -384.039895 -386.074246 -389.257333 -394.210091 -401.851425 -413.494007 -430.918143 -456.367348 -492.403668 -541.613426 -606.257228 -688.025815 -9999.0 -9999.0
-9999.0 -9999.0 -9999.0 -9999.0 -9999.0 -9999.0 -9999.0 -9999.0 -9999.0 -9999.0 -9999.0 -9999.0 -9999.0 -9999.0 -9999.0 -9999.0 -9999.0 -9999.0 -9999.0 -9999.0 -9999.0 -9999.0 -9999.0 -9999.0 -9999.0 -9999.0 -9999.0 -9999.0 -9999.0 -9999.0 -9999.0 -9999.0 -9999.0 -9999.0 -9999.0 -9999.0 -9999.0 -9999.0 -9999.0 -9999.0 -9999.0 -9999.0 -9999.0 -9999.0 -9999.0 -9999.0 -9999.0 -9999.0 -9999.0 -9999.0 -9999.0 -9999.0 -9999.0 -9999.0 -9999.0 -9999.0 -9999.0 -9999.0 -9999.0 -9999.0 -9999.0 -9999.0 -9999.0 -9999.0 -9999.0 -9999.0 -9999.0 -9999.0 -9999.0 -9999.0 -9999.0 -9999.0 -9999.0 -9999.0 -9999.0 -9999.0 -9999.0 -9999.0 -9999.0 -9999.0 -9999.0 -9999.0 -9999.0 -9999.0 -9999.0 -9999.0 -9999.0 -9999.0 -9999.0 -9999.0 -9999.0 -9999.0 -9999.0 -9999.0 -9999.0 -9999.0 -9999.0 -9999.0 -9999.0 -9999.0 -9999.0 -9999.0 -9999.0 -9999.0
-9999.0 -9999.0 -9999.0 -9999.0 -9999.0 -9999.0 -9999.0 -9999.0 -9999.0 -9999.0 -9999.0 -9999.0 -9999.0 -9999.0 -9999.0 -9999.0 -9999.0 -9999.0 -9999.0 -9999.0 -9999.0 -9999.0 -9999.0 -9999.0 -9999.0 -9999.0 -9999.0 -9999.0 -9999.0 -9999.0 -9999.0 -9999.0 -9999.0 -9999.0 -9999.0 -9999.0 -9999.0 -9999.0 -9999.0 -9999.0 -9999.0 -9999.0 -9999.0 -9999.0 -9999.0 -9999.0 -9999.0 -9999.0 -9999.0 -9999.0 -9999.0 -9999.0 -9999.0 -9999.0 -9999.0 -9999.0 -9999.0 -9999.0 -9999.0 -9999.0 -9999.0 -9999.0 -9999.0 -9999.0 -9999.0 -9999.0 -9999.0 -9999.0 -9999.0 -9999.0 -9999.0 -9999.0 -9999.0 -9999.0 -9999.0 -9999.0 -9999.0 -9999.0 -9999.0 -9999.0 -9999.0 -9999.0 -9999.0 -9999.0 -9999.0 -9999.0 -9999.0 -9999.0 -9999.0 -9999.0 -9999.0 -9999.0 -9999.0 -9999.0 -9999.0 -9999.0 -9999.0 -9999.0 -9999.0 -9999.0 -9999.0 -9999.0 -9999.0 -9999.0