inst/processing_geotop_simulation/geotop_simulation/out/maps3D/PwL0000N0256.asc
ncols         104
nrows         10
xllcorner     -2.000000
yllcorner     0.000000
cellsize      1.000000
NODATA_value  -9999.0
-9999.0 -9999.0 -9999.0 -9999.0 -9999.0 -9999.0 -9999.0 -9999.0 -9999.0 -9999.0 -9999.0 -9999.0 -9999.0 -9999.0 -9999.0 -9999.0 -9999.0 -9999.0 -9999.0 -9999.0 -9999.0 -9999.0 -9999.0 -9999.0 -9999.0 -9999.0 -9999.0 -9999.0 -9999.0 -9999.0 -9999.0 -9999.0 -9999.0 -9999.0 -9999.0 -9999.0 -9999.0 -9999.0 -9999.0 -9999.0 -9999.0 -9999.0 -9999.0 -9999.0 -9999.0 -9999.0 -9999.0 -9999.0 -9999.0 -9999.0 -9999.0 -9999.0 -9999.0 -9999.0 -9999.0 -9999.0 -9999.0 -9999.0 -9999.0 -9999.0 -9999.0 -9999.0 -9999.0 -9999.0 -9999.0 -9999.0 -9999.0 -9999.0 -9999.0 -9999.0 -9999.0 -9999.0 -9999.0 -9999.0 -9999.0 -9999.0 -9999.0 -9999.0 -9999.0 -9999.0 -9999.0 -9999.0 -9999.0 -9999.0 -9999.0 -9999.0 -9999.0 -9999.0 -9999.0 -9999.0 -9999.0 -9999.0 -9999.0 -9999.0 -9999.0 -9999.0 -9999.0 -9999.0 -9999.0 -9999.0 -9999.0 -9999.0 -9999.0 -9999.0
-9999.0 -9999.0 -9999.0 -9999.0 -9999.0 -9999.0 -9999.0 -9999.0 -9999.0 -9999.0 -9999.0 -9999.0 -9999.0 -9999.0 -9999.0 -9999.0 -9999.0 -9999.0 -9999.0 -9999.0 -9999.0 -9999.0 -9999.0 -9999.0 -9999.0 -9999.0 -9999.0 -9999.0 -9999.0 -9999.0 -9999.0 -9999.0 -9999.0 -9999.0 -9999.0 -9999.0 -9999.0 -9999.0 -9999.0 -9999.0 -9999.0 -9999.0 -9999.0 -9999.0 -9999.0 -9999.0 -9999.0 -9999.0 -9999.0 -9999.0 -9999.0 -9999.0 -9999.0 -9999.0 -9999.0 -9999.0 -9999.0 -9999.0 -9999.0 -9999.0 -9999.0 -9999.0 -9999.0 -9999.0 -9999.0 -9999.0 -9999.0 -9999.0 -9999.0 -9999.0 -9999.0 -9999.0 -9999.0 -9999.0 -9999.0 -9999.0 -9999.0 -9999.0 -9999.0 -9999.0 -9999.0 -9999.0 -9999.0 -9999.0 -9999.0 -9999.0 -9999.0 -9999.0 -9999.0 -9999.0 -9999.0 -9999.0 -9999.0 -9999.0 -9999.0 -9999.0 -9999.0 -9999.0 -9999.0 -9999.0 -9999.0 -9999.0 -9999.0 -9999.0
-9999.0 -9999.0 0.030661 -91.257686 -188.644772 -286.708390 -385.016337 -483.401486 -581.777804 -680.069179 -778.128714 -875.836585 -973.094553 -1069.754578 -1166.281009 -1262.563283 -1357.532811 -1450.566015 -1541.023275 -1627.419250 -1705.921806 -1772.225716 -1824.307503 -1862.942221 -1890.508508 -1909.716136 -1922.917260 -1931.911170 -1937.993825 -1942.076584 -1944.795827 -1946.593644 -1947.774734 -1948.546804 -1949.050036 -1949.380012 -1949.609555 -1949.831057 -1950.341667 -1952.402803 -1958.474684 -1932.060777 -1205.980786 -1202.655014 -1192.304884 -1185.660961 -1182.539651 -1182.068890 -1182.019078 -1182.025011 -1182.039186 -1182.054381 -1182.068983 -1182.082504 -1182.095032 -1182.109397 -1182.152399 -1182.436124 -1184.106764 -1187.836089 -1193.328901 -1189.285917 -1910.304159 -1952.970348 -1951.166406 -1950.271873 -1950.100447 -1950.072908 -1950.069144 -1950.069273 -1950.069956 -1950.070593 -1950.071099 -1950.071485 -1950.071781 -1950.072011 -1950.072193 -1950.072341 -1950.072464 -1950.072574 -1950.072682 -1950.072803 -1950.072955 -1950.073167 -1950.073480 -1950.073963 -1950.074724 -1950.075942 -1950.077926 -1950.081215 -1950.086791 -1950.096498 -1950.113900 -1950.146036 -1950.207027 -1950.325730 -1950.563185 -1951.056659 -1952.141672 -1954.722855 -1961.620782 -1983.937007 -9999.0 -9999.0
-9999.0 -9999.0 0.100763 -91.255574 -188.644246 -286.708237 -385.016288 -483.401469 -581.777798 -680.069177 -778.128713 -875.836585 -973.094553 -1069.754578 -1166.281009 -1262.563283 -1357.532812 -1450.566015 -1541.023275 -1627.419250 -1705.921806 -1772.225716 -1824.307504 -1862.942221 -1890.508508 -1909.716136 -1922.917260 -1931.911170 -1937.993825 -1942.076584 -1944.795827 -1946.593644 -1947.774734 -1948.546804 -1949.050036 -1949.380012 -1949.609555 -1949.831057 -1950.341667 -1952.402803 -1958.474684 -1932.060777 -1205.980786 -1202.655014 -1192.304884 -1185.660961 -1182.539651 -1182.068890 -1182.019078 -1182.025011 -1182.039186 -1182.054381 -1182.068983 -1182.082504 -1182.095032 -1182.109397 -1182.152399 -1182.436124 -1184.106764 -1187.836089 -1193.328901 -1189.285917 -1910.304159 -1952.970348 -1951.166406 -1950.271873 -1950.100447 -1950.072908 -1950.069144 -1950.069273 -1950.069956 -1950.070593 -1950.071099 -1950.071485 -1950.071781 -1950.072011 -1950.072193 -1950.072341 -1950.072464 -1950.072574 -1950.072682 -1950.072803 -1950.072955 -1950.073167 -1950.073480 -1950.073963 -1950.074724 -1950.075942 -1950.077926 -1950.081215 -1950.086791 -1950.096498 -1950.113900 -1950.146036 -1950.207027 -1950.325730 -1950.563185 -1951.056659 -1952.141672 -1954.722855 -1961.620782 -1983.937007 -9999.0 -9999.0
-9999.0 -9999.0 0.100770 -91.254730 -188.643914 -286.708117 -385.016246 -483.401454 -581.777792 -680.069175 -778.128712 -875.836584 -973.094553 -1069.754578 -1166.281009 -1262.563283 -1357.532812 -1450.566016 -1541.023275 -1627.419250 -1705.921806 -1772.225716 -1824.307504 -1862.942221 -1890.508509 -1909.716136 -1922.917260 -1931.911170 -1937.993825 -1942.076584 -1944.795827 -1946.593644 -1947.774734 -1948.546804 -1949.050036 -1949.380012 -1949.609555 -1949.831057 -1950.341667 -1952.402803 -1958.474684 -1932.060777 -1205.980786 -1202.655014 -1192.304884 -1185.660961 -1182.539651 -1182.068890 -1182.019078 -1182.025011 -1182.039186 -1182.054381 -1182.068983 -1182.082504 -1182.095032 -1182.109397 -1182.152399 -1182.436124 -1184.106764 -1187.836089 -1193.328901 -1189.285917 -1910.304159 -1952.970348 -1951.166406 -1950.271873 -1950.100447 -1950.072908 -1950.069144 -1950.069273 -1950.069956 -1950.070593 -1950.071099 -1950.071485 -1950.071781 -1950.072011 -1950.072193 -1950.072341 -1950.072464 -1950.072574 -1950.072682 -1950.072803 -1950.072955 -1950.073167 -1950.073480 -1950.073963 -1950.074724 -1950.075942 -1950.077926 -1950.081215 -1950.086791 -1950.096498 -1950.113900 -1950.146036 -1950.207027 -1950.325730 -1950.563185 -1951.056659 -1952.141672 -1954.722855 -1961.620782 -1983.937007 -9999.0 -9999.0
-9999.0 -9999.0 0.100770 -91.254730 -188.643914 -286.708117 -385.016246 -483.401454 -581.777792 -680.069175 -778.128712 -875.836584 -973.094553 -1069.754578 -1166.281009 -1262.563283 -1357.532812 -1450.566016 -1541.023275 -1627.419250 -1705.921806 -1772.225716 -1824.307504 -1862.942221 -1890.508509 -1909.716136 -1922.917260 -1931.911170 -1937.993825 -1942.076584 -1944.795827 -1946.593644 -1947.774734 -1948.546804 -1949.050036 -1949.380012 -1949.609555 -1949.831057 -1950.341667 -1952.402803 -1958.474684 -1932.060777 -1205.980786 -1202.655014 -1192.304884 -1185.660961 -1182.539651 -1182.068890 -1182.019078 -1182.025011 -1182.039186 -1182.054381 -1182.068983 -1182.082504 -1182.095032 -1182.109397 -1182.152399 -1182.436124 -1184.106764 -1187.836089 -1193.328901 -1189.285917 -1910.304159 -1952.970348 -1951.166406 -1950.271873 -1950.100447 -1950.072908 -1950.069144 -1950.069273 -1950.069956 -1950.070593 -1950.071099 -1950.071485 -1950.071781 -1950.072011 -1950.072193 -1950.072341 -1950.072464 -1950.072574 -1950.072682 -1950.072803 -1950.072955 -1950.073167 -1950.073480 -1950.073963 -1950.074724 -1950.075942 -1950.077926 -1950.081215 -1950.086791 -1950.096498 -1950.113900 -1950.146036 -1950.207027 -1950.325730 -1950.563185 -1951.056659 -1952.141672 -1954.722855 -1961.620782 -1983.937007 -9999.0 -9999.0
-9999.0 -9999.0 0.100763 -91.255574 -188.644246 -286.708237 -385.016288 -483.401469 -581.777798 -680.069177 -778.128713 -875.836585 -973.094553 -1069.754578 -1166.281009 -1262.563283 -1357.532812 -1450.566015 -1541.023275 -1627.419250 -1705.921806 -1772.225716 -1824.307504 -1862.942221 -1890.508508 -1909.716136 -1922.917260 -1931.911170 -1937.993825 -1942.076584 -1944.795827 -1946.593644 -1947.774734 -1948.546804 -1949.050036 -1949.380012 -1949.609555 -1949.831057 -1950.341667 -1952.402803 -1958.474684 -1932.060777 -1205.980786 -1202.655014 -1192.304884 -1185.660961 -1182.539651 -1182.068890 -1182.019078 -1182.025011 -1182.039186 -1182.054381 -1182.068983 -1182.082504 -1182.095032 -1182.109397 -1182.152399 -1182.436124 -1184.106764 -1187.836089 -1193.328901 -1189.285917 -1910.304159 -1952.970348 -1951.166406 -1950.271873 -1950.100447 -1950.072908 -1950.069144 -1950.069273 -1950.069956 -1950.070593 -1950.071099 -1950.071485 -1950.071781 -1950.072011 -1950.072193 -1950.072341 -1950.072464 -1950.072574 -1950.072682 -1950.072803 -1950.072955 -1950.073167 -1950.073480 -1950.073963 -1950.074724 -1950.075942 -1950.077926 -1950.081215 -1950.086791 -1950.096498 -1950.113900 -1950.146036 -1950.207027 -1950.325730 -1950.563185 -1951.056659 -1952.141672 -1954.722855 -1961.620782 -1983.937007 -9999.0 -9999.0
-9999.0 -9999.0 0.030661 -91.257686 -188.644772 -286.708390 -385.016337 -483.401486 -581.777804 -680.069179 -778.128714 -875.836585 -973.094553 -1069.754578 -1166.281009 -1262.563283 -1357.532811 -1450.566015 -1541.023275 -1627.419250 -1705.921806 -1772.225716 -1824.307503 -1862.942221 -1890.508508 -1909.716136 -1922.917260 -1931.911170 -1937.993825 -1942.076584 -1944.795827 -1946.593644 -1947.774734 -1948.546804 -1949.050036 -1949.380012 -1949.609555 -1949.831057 -1950.341667 -1952.402803 -1958.474684 -1932.060777 -1205.980786 -1202.655014 -1192.304884 -1185.660961 -1182.539651 -1182.068890 -1182.019078 -1182.025011 -1182.039186 -1182.054381 -1182.068983 -1182.082504 -1182.095032 -1182.109397 -1182.152399 -1182.436124 -1184.106764 -1187.836089 -1193.328901 -1189.285917 -1910.304159 -1952.970348 -1951.166406 -1950.271873 -1950.100447 -1950.072908 -1950.069144 -1950.069273 -1950.069956 -1950.070593 -1950.071099 -1950.071485 -1950.071781 -1950.072011 -1950.072193 -1950.072341 -1950.072464 -1950.072574 -1950.072682 -1950.072803 -1950.072955 -1950.073167 -1950.073480 -1950.073963 -1950.074724 -1950.075942 -1950.077926 -1950.081215 -1950.086791 -1950.096498 -1950.113900 -1950.146036 -1950.207027 -1950.325730 -1950.563185 -1951.056659 -1952.141672 -1954.722855 -1961.620782 -1983.937007 -9999.0 -9999.0
-9999.0 -9999.0 -9999.0 -9999.0 -9999.0 -9999.0 -9999.0 -9999.0 -9999.0 -9999.0 -9999.0 -9999.0 -9999.0 -9999.0 -9999.0 -9999.0 -9999.0 -9999.0 -9999.0 -9999.0 -9999.0 -9999.0 -9999.0 -9999.0 -9999.0 -9999.0 -9999.0 -9999.0 -9999.0 -9999.0 -9999.0 -9999.0 -9999.0 -9999.0 -9999.0 -9999.0 -9999.0 -9999.0 -9999.0 -9999.0 -9999.0 -9999.0 -9999.0 -9999.0 -9999.0 -9999.0 -9999.0 -9999.0 -9999.0 -9999.0 -9999.0 -9999.0 -9999.0 -9999.0 -9999.0 -9999.0 -9999.0 -9999.0 -9999.0 -9999.0 -9999.0 -9999.0 -9999.0 -9999.0 -9999.0 -9999.0 -9999.0 -9999.0 -9999.0 -9999.0 -9999.0 -9999.0 -9999.0 -9999.0 -9999.0 -9999.0 -9999.0 -9999.0 -9999.0 -9999.0 -9999.0 -9999.0 -9999.0 -9999.0 -9999.0 -9999.0 -9999.0 -9999.0 -9999.0 -9999.0 -9999.0 -9999.0 -9999.0 -9999.0 -9999.0 -9999.0 -9999.0 -9999.0 -9999.0 -9999.0 -9999.0 -9999.0 -9999.0 -9999.0
-9999.0 -9999.0 -9999.0 -9999.0 -9999.0 -9999.0 -9999.0 -9999.0 -9999.0 -9999.0 -9999.0 -9999.0 -9999.0 -9999.0 -9999.0 -9999.0 -9999.0 -9999.0 -9999.0 -9999.0 -9999.0 -9999.0 -9999.0 -9999.0 -9999.0 -9999.0 -9999.0 -9999.0 -9999.0 -9999.0 -9999.0 -9999.0 -9999.0 -9999.0 -9999.0 -9999.0 -9999.0 -9999.0 -9999.0 -9999.0 -9999.0 -9999.0 -9999.0 -9999.0 -9999.0 -9999.0 -9999.0 -9999.0 -9999.0 -9999.0 -9999.0 -9999.0 -9999.0 -9999.0 -9999.0 -9999.0 -9999.0 -9999.0 -9999.0 -9999.0 -9999.0 -9999.0 -9999.0 -9999.0 -9999.0 -9999.0 -9999.0 -9999.0 -9999.0 -9999.0 -9999.0 -9999.0 -9999.0 -9999.0 -9999.0 -9999.0 -9999.0 -9999.0 -9999.0 -9999.0 -9999.0 -9999.0 -9999.0 -9999.0 -9999.0 -9999.0 -9999.0 -9999.0 -9999.0 -9999.0 -9999.0 -9999.0 -9999.0 -9999.0 -9999.0 -9999.0 -9999.0 -9999.0 -9999.0 -9999.0 -9999.0 -9999.0 -9999.0 -9999.0