inst/processing_geotop_simulation/geotop_simulation/out/maps3D/PwL0005N0388.asc
ncols         104
nrows         10
xllcorner     -2.000000
yllcorner     0.000000
cellsize      1.000000
NODATA_value  -9999.0
-9999.0 -9999.0 -9999.0 -9999.0 -9999.0 -9999.0 -9999.0 -9999.0 -9999.0 -9999.0 -9999.0 -9999.0 -9999.0 -9999.0 -9999.0 -9999.0 -9999.0 -9999.0 -9999.0 -9999.0 -9999.0 -9999.0 -9999.0 -9999.0 -9999.0 -9999.0 -9999.0 -9999.0 -9999.0 -9999.0 -9999.0 -9999.0 -9999.0 -9999.0 -9999.0 -9999.0 -9999.0 -9999.0 -9999.0 -9999.0 -9999.0 -9999.0 -9999.0 -9999.0 -9999.0 -9999.0 -9999.0 -9999.0 -9999.0 -9999.0 -9999.0 -9999.0 -9999.0 -9999.0 -9999.0 -9999.0 -9999.0 -9999.0 -9999.0 -9999.0 -9999.0 -9999.0 -9999.0 -9999.0 -9999.0 -9999.0 -9999.0 -9999.0 -9999.0 -9999.0 -9999.0 -9999.0 -9999.0 -9999.0 -9999.0 -9999.0 -9999.0 -9999.0 -9999.0 -9999.0 -9999.0 -9999.0 -9999.0 -9999.0 -9999.0 -9999.0 -9999.0 -9999.0 -9999.0 -9999.0 -9999.0 -9999.0 -9999.0 -9999.0 -9999.0 -9999.0 -9999.0 -9999.0 -9999.0 -9999.0 -9999.0 -9999.0 -9999.0 -9999.0
-9999.0 -9999.0 -9999.0 -9999.0 -9999.0 -9999.0 -9999.0 -9999.0 -9999.0 -9999.0 -9999.0 -9999.0 -9999.0 -9999.0 -9999.0 -9999.0 -9999.0 -9999.0 -9999.0 -9999.0 -9999.0 -9999.0 -9999.0 -9999.0 -9999.0 -9999.0 -9999.0 -9999.0 -9999.0 -9999.0 -9999.0 -9999.0 -9999.0 -9999.0 -9999.0 -9999.0 -9999.0 -9999.0 -9999.0 -9999.0 -9999.0 -9999.0 -9999.0 -9999.0 -9999.0 -9999.0 -9999.0 -9999.0 -9999.0 -9999.0 -9999.0 -9999.0 -9999.0 -9999.0 -9999.0 -9999.0 -9999.0 -9999.0 -9999.0 -9999.0 -9999.0 -9999.0 -9999.0 -9999.0 -9999.0 -9999.0 -9999.0 -9999.0 -9999.0 -9999.0 -9999.0 -9999.0 -9999.0 -9999.0 -9999.0 -9999.0 -9999.0 -9999.0 -9999.0 -9999.0 -9999.0 -9999.0 -9999.0 -9999.0 -9999.0 -9999.0 -9999.0 -9999.0 -9999.0 -9999.0 -9999.0 -9999.0 -9999.0 -9999.0 -9999.0 -9999.0 -9999.0 -9999.0 -9999.0 -9999.0 -9999.0 -9999.0 -9999.0 -9999.0
-9999.0 -9999.0 224.763237 126.922597 28.121705 -70.974429 -170.185103 -269.440843 -368.705387 -467.954307 -567.156933 -666.243156 -765.176009 -863.999083 -962.731830 -1061.469461 -1159.982908 -1257.854065 -1354.770697 -1449.966957 -1541.992697 -1628.357602 -1705.918239 -1772.097958 -1825.846229 -1867.690575 -1899.183648 -1922.270905 -1938.853394 -1950.573179 -1958.750066 -1964.396339 -1968.263173 -1970.894395 -1972.676784 -1973.884211 -1974.721666 -1975.402812 -1976.380860 -1978.791715 -1981.248471 -1930.016532 -1203.179382 -1216.848779 -1202.874897 -1193.593233 -1189.242941 -1188.575192 -1188.502990 -1188.509209 -1188.526671 -1188.545510 -1188.563623 -1188.580404 -1188.596029 -1188.614652 -1188.674905 -1189.075954 -1191.396202 -1196.527485 -1203.022946 -1179.474492 -1903.420006 -1974.982174 -1977.372330 -1976.683898 -1976.469368 -1976.427370 -1976.420633 -1976.420036 -1976.420397 -1976.420829 -1976.421189 -1976.421471 -1976.421690 -1976.421864 -1976.422004 -1976.422120 -1976.422220 -1976.422311 -1976.422402 -1976.422504 -1976.422630 -1976.422800 -1976.423048 -1976.423423 -1976.424008 -1976.424941 -1976.426458 -1976.428983 -1976.433290 -1976.440854 -1976.454548 -1976.480104 -1976.529215 -1976.626520 -1976.826682 -1977.259968 -1978.263882 -1980.805044 -1988.045389 -2012.087612 -9999.0 -9999.0
-9999.0 -9999.0 224.771564 126.924405 28.122171 -70.974292 -170.185060 -269.440828 -368.705382 -467.954305 -567.156931 -666.243155 -765.176009 -863.999083 -962.731830 -1061.469462 -1159.982908 -1257.854065 -1354.770697 -1449.966957 -1541.992697 -1628.357602 -1705.918239 -1772.097958 -1825.846229 -1867.690575 -1899.183648 -1922.270905 -1938.853394 -1950.573179 -1958.750066 -1964.396339 -1968.263173 -1970.894395 -1972.676784 -1973.884211 -1974.721666 -1975.402812 -1976.380860 -1978.791715 -1981.248471 -1930.016532 -1203.179382 -1216.848779 -1202.874897 -1193.593233 -1189.242941 -1188.575192 -1188.502990 -1188.509209 -1188.526671 -1188.545510 -1188.563623 -1188.580404 -1188.596029 -1188.614652 -1188.674905 -1189.075954 -1191.396202 -1196.527485 -1203.022946 -1179.474492 -1903.420006 -1974.982174 -1977.372330 -1976.683898 -1976.469368 -1976.427370 -1976.420633 -1976.420036 -1976.420397 -1976.420829 -1976.421189 -1976.421471 -1976.421690 -1976.421864 -1976.422004 -1976.422120 -1976.422220 -1976.422311 -1976.422402 -1976.422504 -1976.422630 -1976.422800 -1976.423048 -1976.423423 -1976.424008 -1976.424941 -1976.426458 -1976.428983 -1976.433290 -1976.440854 -1976.454548 -1976.480104 -1976.529215 -1976.626520 -1976.826682 -1977.259968 -1978.263882 -1980.805044 -1988.045389 -2012.087612 -9999.0 -9999.0
-9999.0 -9999.0 224.772872 126.925151 28.122467 -70.974185 -170.185022 -269.440815 -368.705377 -467.954303 -567.156931 -666.243155 -765.176009 -863.999083 -962.731830 -1061.469462 -1159.982908 -1257.854065 -1354.770697 -1449.966957 -1541.992697 -1628.357602 -1705.918240 -1772.097958 -1825.846230 -1867.690575 -1899.183648 -1922.270905 -1938.853394 -1950.573179 -1958.750066 -1964.396339 -1968.263173 -1970.894395 -1972.676784 -1973.884211 -1974.721666 -1975.402812 -1976.380860 -1978.791715 -1981.248471 -1930.016532 -1203.179382 -1216.848779 -1202.874897 -1193.593233 -1189.242941 -1188.575192 -1188.502990 -1188.509209 -1188.526671 -1188.545510 -1188.563623 -1188.580404 -1188.596029 -1188.614652 -1188.674905 -1189.075954 -1191.396202 -1196.527485 -1203.022946 -1179.474492 -1903.420006 -1974.982174 -1977.372330 -1976.683898 -1976.469368 -1976.427370 -1976.420633 -1976.420036 -1976.420397 -1976.420829 -1976.421189 -1976.421471 -1976.421690 -1976.421864 -1976.422004 -1976.422120 -1976.422220 -1976.422311 -1976.422402 -1976.422504 -1976.422630 -1976.422800 -1976.423048 -1976.423423 -1976.424008 -1976.424941 -1976.426458 -1976.428983 -1976.433290 -1976.440854 -1976.454548 -1976.480104 -1976.529215 -1976.626520 -1976.826682 -1977.259968 -1978.263882 -1980.805044 -1988.045389 -2012.087612 -9999.0 -9999.0
-9999.0 -9999.0 224.772872 126.925151 28.122467 -70.974185 -170.185022 -269.440815 -368.705377 -467.954303 -567.156931 -666.243155 -765.176009 -863.999083 -962.731830 -1061.469462 -1159.982908 -1257.854065 -1354.770697 -1449.966957 -1541.992697 -1628.357602 -1705.918240 -1772.097958 -1825.846230 -1867.690575 -1899.183648 -1922.270905 -1938.853394 -1950.573179 -1958.750066 -1964.396339 -1968.263173 -1970.894395 -1972.676784 -1973.884211 -1974.721666 -1975.402812 -1976.380860 -1978.791715 -1981.248471 -1930.016532 -1203.179382 -1216.848779 -1202.874897 -1193.593233 -1189.242941 -1188.575192 -1188.502990 -1188.509209 -1188.526671 -1188.545510 -1188.563623 -1188.580404 -1188.596029 -1188.614652 -1188.674905 -1189.075954 -1191.396202 -1196.527485 -1203.022946 -1179.474492 -1903.420006 -1974.982174 -1977.372330 -1976.683898 -1976.469368 -1976.427370 -1976.420633 -1976.420036 -1976.420397 -1976.420829 -1976.421189 -1976.421471 -1976.421690 -1976.421864 -1976.422004 -1976.422120 -1976.422220 -1976.422311 -1976.422402 -1976.422504 -1976.422630 -1976.422800 -1976.423048 -1976.423423 -1976.424008 -1976.424941 -1976.426458 -1976.428983 -1976.433290 -1976.440854 -1976.454548 -1976.480104 -1976.529215 -1976.626520 -1976.826682 -1977.259968 -1978.263882 -1980.805044 -1988.045389 -2012.087612 -9999.0 -9999.0
-9999.0 -9999.0 224.771564 126.924405 28.122171 -70.974293 -170.185060 -269.440828 -368.705382 -467.954305 -567.156931 -666.243155 -765.176009 -863.999083 -962.731830 -1061.469462 -1159.982908 -1257.854065 -1354.770697 -1449.966957 -1541.992697 -1628.357602 -1705.918239 -1772.097958 -1825.846229 -1867.690575 -1899.183648 -1922.270905 -1938.853394 -1950.573179 -1958.750066 -1964.396339 -1968.263173 -1970.894395 -1972.676784 -1973.884211 -1974.721666 -1975.402812 -1976.380860 -1978.791715 -1981.248471 -1930.016532 -1203.179382 -1216.848779 -1202.874897 -1193.593233 -1189.242941 -1188.575192 -1188.502990 -1188.509209 -1188.526671 -1188.545510 -1188.563623 -1188.580404 -1188.596029 -1188.614652 -1188.674905 -1189.075954 -1191.396202 -1196.527485 -1203.022946 -1179.474492 -1903.420006 -1974.982174 -1977.372330 -1976.683898 -1976.469368 -1976.427370 -1976.420633 -1976.420036 -1976.420397 -1976.420829 -1976.421189 -1976.421471 -1976.421690 -1976.421864 -1976.422004 -1976.422120 -1976.422220 -1976.422311 -1976.422402 -1976.422504 -1976.422630 -1976.422800 -1976.423048 -1976.423423 -1976.424008 -1976.424941 -1976.426458 -1976.428983 -1976.433290 -1976.440854 -1976.454548 -1976.480104 -1976.529215 -1976.626520 -1976.826682 -1977.259968 -1978.263882 -1980.805044 -1988.045389 -2012.087612 -9999.0 -9999.0
-9999.0 -9999.0 224.763237 126.922597 28.121705 -70.974429 -170.185103 -269.440843 -368.705387 -467.954307 -567.156932 -666.243156 -765.176009 -863.999083 -962.731830 -1061.469462 -1159.982908 -1257.854065 -1354.770697 -1449.966957 -1541.992697 -1628.357602 -1705.918239 -1772.097958 -1825.846229 -1867.690575 -1899.183648 -1922.270905 -1938.853394 -1950.573179 -1958.750066 -1964.396339 -1968.263173 -1970.894395 -1972.676784 -1973.884211 -1974.721666 -1975.402812 -1976.380860 -1978.791715 -1981.248471 -1930.016532 -1203.179382 -1216.848779 -1202.874897 -1193.593233 -1189.242941 -1188.575192 -1188.502990 -1188.509209 -1188.526671 -1188.545510 -1188.563623 -1188.580404 -1188.596029 -1188.614652 -1188.674905 -1189.075954 -1191.396202 -1196.527485 -1203.022946 -1179.474492 -1903.420006 -1974.982174 -1977.372330 -1976.683898 -1976.469368 -1976.427370 -1976.420633 -1976.420036 -1976.420397 -1976.420829 -1976.421189 -1976.421471 -1976.421690 -1976.421864 -1976.422004 -1976.422120 -1976.422220 -1976.422311 -1976.422402 -1976.422504 -1976.422630 -1976.422800 -1976.423048 -1976.423423 -1976.424008 -1976.424941 -1976.426458 -1976.428983 -1976.433290 -1976.440854 -1976.454548 -1976.480104 -1976.529215 -1976.626520 -1976.826682 -1977.259968 -1978.263882 -1980.805044 -1988.045389 -2012.087612 -9999.0 -9999.0
-9999.0 -9999.0 -9999.0 -9999.0 -9999.0 -9999.0 -9999.0 -9999.0 -9999.0 -9999.0 -9999.0 -9999.0 -9999.0 -9999.0 -9999.0 -9999.0 -9999.0 -9999.0 -9999.0 -9999.0 -9999.0 -9999.0 -9999.0 -9999.0 -9999.0 -9999.0 -9999.0 -9999.0 -9999.0 -9999.0 -9999.0 -9999.0 -9999.0 -9999.0 -9999.0 -9999.0 -9999.0 -9999.0 -9999.0 -9999.0 -9999.0 -9999.0 -9999.0 -9999.0 -9999.0 -9999.0 -9999.0 -9999.0 -9999.0 -9999.0 -9999.0 -9999.0 -9999.0 -9999.0 -9999.0 -9999.0 -9999.0 -9999.0 -9999.0 -9999.0 -9999.0 -9999.0 -9999.0 -9999.0 -9999.0 -9999.0 -9999.0 -9999.0 -9999.0 -9999.0 -9999.0 -9999.0 -9999.0 -9999.0 -9999.0 -9999.0 -9999.0 -9999.0 -9999.0 -9999.0 -9999.0 -9999.0 -9999.0 -9999.0 -9999.0 -9999.0 -9999.0 -9999.0 -9999.0 -9999.0 -9999.0 -9999.0 -9999.0 -9999.0 -9999.0 -9999.0 -9999.0 -9999.0 -9999.0 -9999.0 -9999.0 -9999.0 -9999.0 -9999.0
-9999.0 -9999.0 -9999.0 -9999.0 -9999.0 -9999.0 -9999.0 -9999.0 -9999.0 -9999.0 -9999.0 -9999.0 -9999.0 -9999.0 -9999.0 -9999.0 -9999.0 -9999.0 -9999.0 -9999.0 -9999.0 -9999.0 -9999.0 -9999.0 -9999.0 -9999.0 -9999.0 -9999.0 -9999.0 -9999.0 -9999.0 -9999.0 -9999.0 -9999.0 -9999.0 -9999.0 -9999.0 -9999.0 -9999.0 -9999.0 -9999.0 -9999.0 -9999.0 -9999.0 -9999.0 -9999.0 -9999.0 -9999.0 -9999.0 -9999.0 -9999.0 -9999.0 -9999.0 -9999.0 -9999.0 -9999.0 -9999.0 -9999.0 -9999.0 -9999.0 -9999.0 -9999.0 -9999.0 -9999.0 -9999.0 -9999.0 -9999.0 -9999.0 -9999.0 -9999.0 -9999.0 -9999.0 -9999.0 -9999.0 -9999.0 -9999.0 -9999.0 -9999.0 -9999.0 -9999.0 -9999.0 -9999.0 -9999.0 -9999.0 -9999.0 -9999.0 -9999.0 -9999.0 -9999.0 -9999.0 -9999.0 -9999.0 -9999.0 -9999.0 -9999.0 -9999.0 -9999.0 -9999.0 -9999.0 -9999.0 -9999.0 -9999.0 -9999.0 -9999.0