inst/processing_geotop_simulation/geotop_simulation/out/maps3D/PwL0014N0216.asc
ncols         104
nrows         10
xllcorner     -2.000000
yllcorner     0.000000
cellsize      1.000000
NODATA_value  -9999.0
-9999.0 -9999.0 -9999.0 -9999.0 -9999.0 -9999.0 -9999.0 -9999.0 -9999.0 -9999.0 -9999.0 -9999.0 -9999.0 -9999.0 -9999.0 -9999.0 -9999.0 -9999.0 -9999.0 -9999.0 -9999.0 -9999.0 -9999.0 -9999.0 -9999.0 -9999.0 -9999.0 -9999.0 -9999.0 -9999.0 -9999.0 -9999.0 -9999.0 -9999.0 -9999.0 -9999.0 -9999.0 -9999.0 -9999.0 -9999.0 -9999.0 -9999.0 -9999.0 -9999.0 -9999.0 -9999.0 -9999.0 -9999.0 -9999.0 -9999.0 -9999.0 -9999.0 -9999.0 -9999.0 -9999.0 -9999.0 -9999.0 -9999.0 -9999.0 -9999.0 -9999.0 -9999.0 -9999.0 -9999.0 -9999.0 -9999.0 -9999.0 -9999.0 -9999.0 -9999.0 -9999.0 -9999.0 -9999.0 -9999.0 -9999.0 -9999.0 -9999.0 -9999.0 -9999.0 -9999.0 -9999.0 -9999.0 -9999.0 -9999.0 -9999.0 -9999.0 -9999.0 -9999.0 -9999.0 -9999.0 -9999.0 -9999.0 -9999.0 -9999.0 -9999.0 -9999.0 -9999.0 -9999.0 -9999.0 -9999.0 -9999.0 -9999.0 -9999.0 -9999.0
-9999.0 -9999.0 -9999.0 -9999.0 -9999.0 -9999.0 -9999.0 -9999.0 -9999.0 -9999.0 -9999.0 -9999.0 -9999.0 -9999.0 -9999.0 -9999.0 -9999.0 -9999.0 -9999.0 -9999.0 -9999.0 -9999.0 -9999.0 -9999.0 -9999.0 -9999.0 -9999.0 -9999.0 -9999.0 -9999.0 -9999.0 -9999.0 -9999.0 -9999.0 -9999.0 -9999.0 -9999.0 -9999.0 -9999.0 -9999.0 -9999.0 -9999.0 -9999.0 -9999.0 -9999.0 -9999.0 -9999.0 -9999.0 -9999.0 -9999.0 -9999.0 -9999.0 -9999.0 -9999.0 -9999.0 -9999.0 -9999.0 -9999.0 -9999.0 -9999.0 -9999.0 -9999.0 -9999.0 -9999.0 -9999.0 -9999.0 -9999.0 -9999.0 -9999.0 -9999.0 -9999.0 -9999.0 -9999.0 -9999.0 -9999.0 -9999.0 -9999.0 -9999.0 -9999.0 -9999.0 -9999.0 -9999.0 -9999.0 -9999.0 -9999.0 -9999.0 -9999.0 -9999.0 -9999.0 -9999.0 -9999.0 -9999.0 -9999.0 -9999.0 -9999.0 -9999.0 -9999.0 -9999.0 -9999.0 -9999.0 -9999.0 -9999.0 -9999.0 -9999.0
-9999.0 -9999.0 677.134867 581.133107 484.268537 386.823098 289.106039 191.271809 93.397527 -4.473489 -102.311013 -200.098978 -297.778127 -395.221803 -492.206062 -588.419997 -683.352359 -778.933549 -874.014276 -968.391943 -1061.751941 -1145.597244 -1220.188831 -1283.346118 -1334.325987 -1373.752217 -1403.157053 -1424.441778 -1439.475394 -1449.881443 -1456.966393 -1461.726743 -1464.892571 -1466.982185 -1468.354796 -1469.256854 -1469.864289 -1470.344984 -1471.090586 -1473.801491 -1485.618450 -1537.986641 -2019.405970 -4245.424568 -4281.922264 -4281.536920 -4281.178765 -4281.120784 -4281.114798 -4281.115423 -4281.116978 -4281.118640 -4281.120232 -4281.121703 -4281.123060 -4281.124587 -4281.129107 -4281.161055 -4281.367522 -4281.685151 -4220.915930 -1868.424811 -1503.367157 -1478.649686 -1472.527144 -1471.316022 -1471.117540 -1471.087209 -1471.083145 -1471.083291 -1471.084028 -1471.084717 -1471.085265 -1471.085685 -1471.086008 -1471.086261 -1471.086461 -1471.086624 -1471.086762 -1471.086884 -1471.087005 -1471.087139 -1471.087307 -1471.087538 -1471.087879 -1471.088401 -1471.089221 -1471.090533 -1471.092667 -1471.096205 -1471.102203 -1471.112648 -1471.131387 -1471.166027 -1471.231894 -1471.360567 -1471.619859 -1472.165432 -1473.384006 -1476.310777 -1484.015667 -1507.676637 -9999.0 -9999.0
-9999.0 -9999.0 677.139732 581.134682 484.269007 386.823245 289.106087 191.271826 93.397532 -4.473487 -102.311012 -200.098978 -297.778127 -395.221803 -492.206062 -588.419997 -683.352360 -778.933549 -874.014276 -968.391943 -1061.751941 -1145.597245 -1220.188831 -1283.346119 -1334.325988 -1373.752217 -1403.157053 -1424.441778 -1439.475394 -1449.881443 -1456.966393 -1461.726743 -1464.892571 -1466.982185 -1468.354796 -1469.256854 -1469.864289 -1470.344984 -1471.090586 -1473.801491 -1485.618450 -1537.986641 -2019.405970 -4245.424568 -4281.922264 -4281.536920 -4281.178765 -4281.120784 -4281.114798 -4281.115423 -4281.116978 -4281.118640 -4281.120232 -4281.121703 -4281.123060 -4281.124587 -4281.129107 -4281.161055 -4281.367522 -4281.685151 -4220.915930 -1868.424811 -1503.367157 -1478.649686 -1472.527144 -1471.316022 -1471.117540 -1471.087209 -1471.083145 -1471.083291 -1471.084028 -1471.084717 -1471.085265 -1471.085685 -1471.086008 -1471.086261 -1471.086461 -1471.086624 -1471.086762 -1471.086884 -1471.087005 -1471.087139 -1471.087307 -1471.087538 -1471.087879 -1471.088401 -1471.089221 -1471.090533 -1471.092667 -1471.096205 -1471.102203 -1471.112648 -1471.131387 -1471.166027 -1471.231894 -1471.360567 -1471.619859 -1472.165432 -1473.384006 -1476.310777 -1484.015667 -1507.676637 -9999.0 -9999.0
-9999.0 -9999.0 677.141190 581.135445 484.269319 386.823361 289.106129 191.271841 93.397538 -4.473485 -102.311011 -200.098978 -297.778127 -395.221803 -492.206062 -588.419997 -683.352360 -778.933549 -874.014276 -968.391944 -1061.751941 -1145.597245 -1220.188831 -1283.346119 -1334.325988 -1373.752217 -1403.157053 -1424.441779 -1439.475394 -1449.881443 -1456.966393 -1461.726743 -1464.892571 -1466.982185 -1468.354796 -1469.256854 -1469.864289 -1470.344984 -1471.090586 -1473.801491 -1485.618450 -1537.986641 -2019.405970 -4245.424568 -4281.922264 -4281.536920 -4281.178765 -4281.120784 -4281.114798 -4281.115423 -4281.116978 -4281.118640 -4281.120232 -4281.121703 -4281.123060 -4281.124587 -4281.129107 -4281.161055 -4281.367522 -4281.685151 -4220.915930 -1868.424811 -1503.367157 -1478.649686 -1472.527144 -1471.316022 -1471.117540 -1471.087209 -1471.083145 -1471.083291 -1471.084028 -1471.084717 -1471.085265 -1471.085685 -1471.086008 -1471.086261 -1471.086461 -1471.086624 -1471.086762 -1471.086884 -1471.087005 -1471.087139 -1471.087307 -1471.087538 -1471.087879 -1471.088401 -1471.089221 -1471.090533 -1471.092667 -1471.096205 -1471.102203 -1471.112648 -1471.131387 -1471.166027 -1471.231894 -1471.360567 -1471.619859 -1472.165432 -1473.384006 -1476.310777 -1484.015667 -1507.676637 -9999.0 -9999.0
-9999.0 -9999.0 677.141190 581.135445 484.269319 386.823361 289.106129 191.271841 93.397538 -4.473485 -102.311011 -200.098978 -297.778127 -395.221803 -492.206062 -588.419997 -683.352360 -778.933549 -874.014276 -968.391944 -1061.751941 -1145.597245 -1220.188831 -1283.346119 -1334.325988 -1373.752217 -1403.157053 -1424.441779 -1439.475394 -1449.881443 -1456.966393 -1461.726743 -1464.892571 -1466.982185 -1468.354796 -1469.256854 -1469.864289 -1470.344984 -1471.090586 -1473.801491 -1485.618450 -1537.986641 -2019.405970 -4245.424568 -4281.922264 -4281.536920 -4281.178765 -4281.120784 -4281.114798 -4281.115423 -4281.116978 -4281.118640 -4281.120232 -4281.121703 -4281.123060 -4281.124587 -4281.129107 -4281.161055 -4281.367522 -4281.685151 -4220.915930 -1868.424811 -1503.367157 -1478.649686 -1472.527144 -1471.316022 -1471.117540 -1471.087209 -1471.083145 -1471.083291 -1471.084028 -1471.084717 -1471.085265 -1471.085685 -1471.086008 -1471.086261 -1471.086461 -1471.086624 -1471.086762 -1471.086884 -1471.087005 -1471.087139 -1471.087307 -1471.087538 -1471.087879 -1471.088401 -1471.089221 -1471.090533 -1471.092667 -1471.096205 -1471.102203 -1471.112648 -1471.131387 -1471.166027 -1471.231894 -1471.360567 -1471.619859 -1472.165432 -1473.384006 -1476.310777 -1484.015667 -1507.676637 -9999.0 -9999.0
-9999.0 -9999.0 677.139732 581.134682 484.269007 386.823245 289.106087 191.271826 93.397532 -4.473487 -102.311012 -200.098978 -297.778127 -395.221803 -492.206062 -588.419997 -683.352360 -778.933549 -874.014276 -968.391943 -1061.751941 -1145.597245 -1220.188831 -1283.346119 -1334.325988 -1373.752217 -1403.157053 -1424.441778 -1439.475394 -1449.881443 -1456.966393 -1461.726743 -1464.892571 -1466.982185 -1468.354796 -1469.256854 -1469.864289 -1470.344984 -1471.090586 -1473.801491 -1485.618450 -1537.986641 -2019.405970 -4245.424568 -4281.922264 -4281.536920 -4281.178765 -4281.120784 -4281.114798 -4281.115423 -4281.116978 -4281.118640 -4281.120232 -4281.121703 -4281.123060 -4281.124587 -4281.129107 -4281.161055 -4281.367522 -4281.685151 -4220.915930 -1868.424811 -1503.367157 -1478.649686 -1472.527144 -1471.316022 -1471.117540 -1471.087209 -1471.083145 -1471.083291 -1471.084028 -1471.084717 -1471.085265 -1471.085685 -1471.086008 -1471.086261 -1471.086461 -1471.086624 -1471.086762 -1471.086884 -1471.087005 -1471.087139 -1471.087307 -1471.087538 -1471.087879 -1471.088401 -1471.089221 -1471.090533 -1471.092667 -1471.096205 -1471.102203 -1471.112648 -1471.131387 -1471.166027 -1471.231894 -1471.360567 -1471.619859 -1472.165432 -1473.384006 -1476.310777 -1484.015667 -1507.676637 -9999.0 -9999.0
-9999.0 -9999.0 677.134867 581.133107 484.268537 386.823098 289.106039 191.271809 93.397527 -4.473489 -102.311013 -200.098979 -297.778128 -395.221803 -492.206062 -588.419997 -683.352359 -778.933549 -874.014276 -968.391943 -1061.751941 -1145.597244 -1220.188831 -1283.346118 -1334.325987 -1373.752217 -1403.157053 -1424.441778 -1439.475394 -1449.881443 -1456.966393 -1461.726743 -1464.892571 -1466.982185 -1468.354796 -1469.256854 -1469.864289 -1470.344984 -1471.090586 -1473.801491 -1485.618450 -1537.986641 -2019.405970 -4245.424568 -4281.922264 -4281.536920 -4281.178765 -4281.120784 -4281.114798 -4281.115423 -4281.116978 -4281.118640 -4281.120232 -4281.121703 -4281.123060 -4281.124587 -4281.129107 -4281.161055 -4281.367522 -4281.685151 -4220.915930 -1868.424811 -1503.367157 -1478.649686 -1472.527144 -1471.316022 -1471.117540 -1471.087209 -1471.083145 -1471.083291 -1471.084028 -1471.084717 -1471.085265 -1471.085685 -1471.086008 -1471.086261 -1471.086461 -1471.086624 -1471.086762 -1471.086884 -1471.087005 -1471.087139 -1471.087307 -1471.087538 -1471.087879 -1471.088401 -1471.089221 -1471.090533 -1471.092667 -1471.096205 -1471.102203 -1471.112648 -1471.131387 -1471.166027 -1471.231894 -1471.360567 -1471.619859 -1472.165432 -1473.384006 -1476.310777 -1484.015667 -1507.676637 -9999.0 -9999.0
-9999.0 -9999.0 -9999.0 -9999.0 -9999.0 -9999.0 -9999.0 -9999.0 -9999.0 -9999.0 -9999.0 -9999.0 -9999.0 -9999.0 -9999.0 -9999.0 -9999.0 -9999.0 -9999.0 -9999.0 -9999.0 -9999.0 -9999.0 -9999.0 -9999.0 -9999.0 -9999.0 -9999.0 -9999.0 -9999.0 -9999.0 -9999.0 -9999.0 -9999.0 -9999.0 -9999.0 -9999.0 -9999.0 -9999.0 -9999.0 -9999.0 -9999.0 -9999.0 -9999.0 -9999.0 -9999.0 -9999.0 -9999.0 -9999.0 -9999.0 -9999.0 -9999.0 -9999.0 -9999.0 -9999.0 -9999.0 -9999.0 -9999.0 -9999.0 -9999.0 -9999.0 -9999.0 -9999.0 -9999.0 -9999.0 -9999.0 -9999.0 -9999.0 -9999.0 -9999.0 -9999.0 -9999.0 -9999.0 -9999.0 -9999.0 -9999.0 -9999.0 -9999.0 -9999.0 -9999.0 -9999.0 -9999.0 -9999.0 -9999.0 -9999.0 -9999.0 -9999.0 -9999.0 -9999.0 -9999.0 -9999.0 -9999.0 -9999.0 -9999.0 -9999.0 -9999.0 -9999.0 -9999.0 -9999.0 -9999.0 -9999.0 -9999.0 -9999.0 -9999.0
-9999.0 -9999.0 -9999.0 -9999.0 -9999.0 -9999.0 -9999.0 -9999.0 -9999.0 -9999.0 -9999.0 -9999.0 -9999.0 -9999.0 -9999.0 -9999.0 -9999.0 -9999.0 -9999.0 -9999.0 -9999.0 -9999.0 -9999.0 -9999.0 -9999.0 -9999.0 -9999.0 -9999.0 -9999.0 -9999.0 -9999.0 -9999.0 -9999.0 -9999.0 -9999.0 -9999.0 -9999.0 -9999.0 -9999.0 -9999.0 -9999.0 -9999.0 -9999.0 -9999.0 -9999.0 -9999.0 -9999.0 -9999.0 -9999.0 -9999.0 -9999.0 -9999.0 -9999.0 -9999.0 -9999.0 -9999.0 -9999.0 -9999.0 -9999.0 -9999.0 -9999.0 -9999.0 -9999.0 -9999.0 -9999.0 -9999.0 -9999.0 -9999.0 -9999.0 -9999.0 -9999.0 -9999.0 -9999.0 -9999.0 -9999.0 -9999.0 -9999.0 -9999.0 -9999.0 -9999.0 -9999.0 -9999.0 -9999.0 -9999.0 -9999.0 -9999.0 -9999.0 -9999.0 -9999.0 -9999.0 -9999.0 -9999.0 -9999.0 -9999.0 -9999.0 -9999.0 -9999.0 -9999.0 -9999.0 -9999.0 -9999.0 -9999.0 -9999.0 -9999.0