inst/processing_geotop_simulation/geotop_simulation/out/maps3D/PwL0006N0016.asc
ncols         104
nrows         10
xllcorner     -2.000000
yllcorner     0.000000
cellsize      1.000000
NODATA_value  -9999.0
-9999.0 -9999.0 -9999.0 -9999.0 -9999.0 -9999.0 -9999.0 -9999.0 -9999.0 -9999.0 -9999.0 -9999.0 -9999.0 -9999.0 -9999.0 -9999.0 -9999.0 -9999.0 -9999.0 -9999.0 -9999.0 -9999.0 -9999.0 -9999.0 -9999.0 -9999.0 -9999.0 -9999.0 -9999.0 -9999.0 -9999.0 -9999.0 -9999.0 -9999.0 -9999.0 -9999.0 -9999.0 -9999.0 -9999.0 -9999.0 -9999.0 -9999.0 -9999.0 -9999.0 -9999.0 -9999.0 -9999.0 -9999.0 -9999.0 -9999.0 -9999.0 -9999.0 -9999.0 -9999.0 -9999.0 -9999.0 -9999.0 -9999.0 -9999.0 -9999.0 -9999.0 -9999.0 -9999.0 -9999.0 -9999.0 -9999.0 -9999.0 -9999.0 -9999.0 -9999.0 -9999.0 -9999.0 -9999.0 -9999.0 -9999.0 -9999.0 -9999.0 -9999.0 -9999.0 -9999.0 -9999.0 -9999.0 -9999.0 -9999.0 -9999.0 -9999.0 -9999.0 -9999.0 -9999.0 -9999.0 -9999.0 -9999.0 -9999.0 -9999.0 -9999.0 -9999.0 -9999.0 -9999.0 -9999.0 -9999.0 -9999.0 -9999.0 -9999.0 -9999.0
-9999.0 -9999.0 -9999.0 -9999.0 -9999.0 -9999.0 -9999.0 -9999.0 -9999.0 -9999.0 -9999.0 -9999.0 -9999.0 -9999.0 -9999.0 -9999.0 -9999.0 -9999.0 -9999.0 -9999.0 -9999.0 -9999.0 -9999.0 -9999.0 -9999.0 -9999.0 -9999.0 -9999.0 -9999.0 -9999.0 -9999.0 -9999.0 -9999.0 -9999.0 -9999.0 -9999.0 -9999.0 -9999.0 -9999.0 -9999.0 -9999.0 -9999.0 -9999.0 -9999.0 -9999.0 -9999.0 -9999.0 -9999.0 -9999.0 -9999.0 -9999.0 -9999.0 -9999.0 -9999.0 -9999.0 -9999.0 -9999.0 -9999.0 -9999.0 -9999.0 -9999.0 -9999.0 -9999.0 -9999.0 -9999.0 -9999.0 -9999.0 -9999.0 -9999.0 -9999.0 -9999.0 -9999.0 -9999.0 -9999.0 -9999.0 -9999.0 -9999.0 -9999.0 -9999.0 -9999.0 -9999.0 -9999.0 -9999.0 -9999.0 -9999.0 -9999.0 -9999.0 -9999.0 -9999.0 -9999.0 -9999.0 -9999.0 -9999.0 -9999.0 -9999.0 -9999.0 -9999.0 -9999.0 -9999.0 -9999.0 -9999.0 -9999.0 -9999.0 -9999.0
-9999.0 -9999.0 274.430465 180.053374 86.133509 -10.143423 -107.137402 -192.682715 -245.764989 -255.278582 -340.557634 -368.350828 -379.651768 -279.106954 -184.221411 -29.851949 146.463066 228.636074 192.797987 150.922714 104.775292 54.765091 0.617240 -57.080001 -116.915028 -175.776568 -228.959988 -271.704297 -302.741906 -323.250779 -336.241187 -343.693523 -347.672103 -349.458685 -349.686126 -348.536744 -345.763897 -340.789863 -332.439558 -318.764235 -297.250191 -264.033309 -3118.047658 -4499.363842 -4334.953937 -4183.777648 -4098.934624 -4088.242833 -4087.060940 -4086.947119 -4086.941178 -4086.945828 -4086.951247 -4086.956577 -4086.963260 -4086.986783 -4087.177072 -4088.046446 -4090.260407 -4100.267684 -4148.965872 -2881.958332 62.947292 -9.861748 -77.218472 -142.898133 -204.095479 -255.909694 -294.337262 -319.800599 -335.149960 -344.062106 -349.133326 -351.982751 -353.598684 -354.529824 -355.067916 -355.391388 -355.602031 -355.718100 -355.804082 -355.866020 -355.934912 -356.006882 -356.104580 -356.244798 -356.461594 -356.799544 -357.333477 -358.173432 -359.491839 -361.560033 -364.793761 -369.818268 -377.556567 -389.321451 -406.887495 -432.500895 -468.910180 -520.256824 -594.766103 -702.976037 -9999.0 -9999.0
-9999.0 -9999.0 274.511783 180.077707 86.141295 -10.140646 -107.136402 -192.682379 -245.764893 -255.278558 -340.557628 -368.350826 -379.651767 -279.106954 -184.221411 -29.851949 146.463066 228.636074 192.797987 150.922714 104.775292 54.765091 0.617240 -57.080001 -116.915028 -175.776568 -228.959988 -271.704297 -302.741906 -323.250779 -336.241187 -343.693522 -347.672103 -349.458684 -349.686125 -348.536744 -345.763896 -340.789863 -332.439558 -318.764234 -297.250189 -264.033310 -3118.047658 -4499.363841 -4334.953936 -4183.777643 -4098.934625 -4088.242833 -4087.060939 -4086.947119 -4086.941178 -4086.945828 -4086.951247 -4086.956577 -4086.963260 -4086.986783 -4087.177072 -4088.046446 -4090.260406 -4100.267684 -4148.965872 -2881.958332 62.947292 -9.861748 -77.218472 -142.898133 -204.095479 -255.909694 -294.337262 -319.800599 -335.149960 -344.062106 -349.133326 -351.982751 -353.598684 -354.529824 -355.067916 -355.391388 -355.602031 -355.718100 -355.804082 -355.866020 -355.934912 -356.006882 -356.104580 -356.244798 -356.461594 -356.799544 -357.333477 -358.173432 -359.491839 -361.560033 -364.793761 -369.818268 -377.556567 -389.321451 -406.887495 -432.500895 -468.910180 -520.256824 -594.766103 -702.976037 -9999.0 -9999.0
-9999.0 -9999.0 274.532111 180.089570 86.146719 -10.138329 -107.135493 -192.682061 -245.764800 -255.278535 -340.557623 -368.350825 -379.651767 -279.106954 -184.221411 -29.851949 146.463066 228.636074 192.797987 150.922714 104.775292 54.765091 0.617240 -57.080001 -116.915028 -175.776568 -228.959988 -271.704297 -302.741905 -323.250779 -336.241186 -343.693522 -347.672102 -349.458684 -349.686125 -348.536744 -345.763896 -340.789862 -332.439558 -318.764234 -297.250189 -264.033309 -3118.047658 -4499.363841 -4334.953935 -4183.777635 -4098.934625 -4088.242833 -4087.060939 -4086.947119 -4086.941178 -4086.945828 -4086.951247 -4086.956577 -4086.963260 -4086.986783 -4087.177072 -4088.046446 -4090.260406 -4100.267684 -4148.965872 -2881.958332 62.947292 -9.861748 -77.218472 -142.898133 -204.095479 -255.909694 -294.337262 -319.800599 -335.149960 -344.062106 -349.133326 -351.982751 -353.598684 -354.529824 -355.067916 -355.391388 -355.602031 -355.718100 -355.804082 -355.866020 -355.934912 -356.006882 -356.104580 -356.244798 -356.461594 -356.799544 -357.333477 -358.173432 -359.491839 -361.560033 -364.793761 -369.818268 -377.556567 -389.321451 -406.887495 -432.500895 -468.910180 -520.256824 -594.766103 -702.976036 -9999.0 -9999.0
-9999.0 -9999.0 274.532111 180.089570 86.146719 -10.138329 -107.135493 -192.682061 -245.764800 -255.278535 -340.557623 -368.350825 -379.651767 -279.106954 -184.221411 -29.851949 146.463066 228.636074 192.797987 150.922714 104.775292 54.765091 0.617240 -57.080001 -116.915028 -175.776568 -228.959988 -271.704297 -302.741905 -323.250779 -336.241186 -343.693522 -347.672102 -349.458684 -349.686125 -348.536744 -345.763896 -340.789863 -332.439558 -318.764234 -297.250189 -264.033309 -3118.047658 -4499.363841 -4334.953935 -4183.777635 -4098.934625 -4088.242833 -4087.060939 -4086.947119 -4086.941178 -4086.945828 -4086.951247 -4086.956577 -4086.963260 -4086.986783 -4087.177072 -4088.046446 -4090.260406 -4100.267684 -4148.965872 -2881.958332 62.947292 -9.861748 -77.218472 -142.898133 -204.095479 -255.909694 -294.337262 -319.800599 -335.149960 -344.062106 -349.133326 -351.982751 -353.598684 -354.529824 -355.067916 -355.391388 -355.602031 -355.718100 -355.804082 -355.866020 -355.934912 -356.006882 -356.104580 -356.244798 -356.461594 -356.799544 -357.333477 -358.173432 -359.491839 -361.560033 -364.793761 -369.818268 -377.556567 -389.321451 -406.887495 -432.500895 -468.910180 -520.256824 -594.766103 -702.976037 -9999.0 -9999.0
-9999.0 -9999.0 274.511783 180.077707 86.141295 -10.140646 -107.136402 -192.682379 -245.764893 -255.278558 -340.557628 -368.350826 -379.651767 -279.106954 -184.221411 -29.851949 146.463066 228.636074 192.797987 150.922714 104.775292 54.765091 0.617240 -57.080001 -116.915028 -175.776568 -228.959988 -271.704297 -302.741906 -323.250779 -336.241187 -343.693522 -347.672103 -349.458684 -349.686125 -348.536744 -345.763896 -340.789863 -332.439558 -318.764234 -297.250189 -264.033310 -3118.047658 -4499.363841 -4334.953936 -4183.777643 -4098.934625 -4088.242833 -4087.060939 -4086.947119 -4086.941178 -4086.945828 -4086.951247 -4086.956577 -4086.963260 -4086.986783 -4087.177072 -4088.046446 -4090.260406 -4100.267684 -4148.965872 -2881.958332 62.947292 -9.861748 -77.218472 -142.898133 -204.095479 -255.909694 -294.337262 -319.800599 -335.149960 -344.062106 -349.133326 -351.982751 -353.598684 -354.529824 -355.067916 -355.391388 -355.602031 -355.718100 -355.804082 -355.866020 -355.934912 -356.006882 -356.104580 -356.244798 -356.461594 -356.799544 -357.333477 -358.173432 -359.491839 -361.560033 -364.793761 -369.818268 -377.556567 -389.321451 -406.887495 -432.500895 -468.910180 -520.256824 -594.766103 -702.976037 -9999.0 -9999.0
-9999.0 -9999.0 274.430465 180.053374 86.133509 -10.143423 -107.137402 -192.682715 -245.764989 -255.278582 -340.557634 -368.350828 -379.651768 -279.106954 -184.221411 -29.851949 146.463066 228.636074 192.797987 150.922714 104.775292 54.765091 0.617240 -57.080001 -116.915028 -175.776568 -228.959988 -271.704297 -302.741906 -323.250779 -336.241187 -343.693523 -347.672103 -349.458685 -349.686126 -348.536744 -345.763897 -340.789863 -332.439558 -318.764235 -297.250191 -264.033310 -3118.047658 -4499.363842 -4334.953937 -4183.777648 -4098.934624 -4088.242833 -4087.060940 -4086.947119 -4086.941178 -4086.945828 -4086.951247 -4086.956577 -4086.963260 -4086.986783 -4087.177072 -4088.046446 -4090.260407 -4100.267684 -4148.965872 -2881.958332 62.947292 -9.861748 -77.218472 -142.898133 -204.095479 -255.909694 -294.337262 -319.800599 -335.149960 -344.062106 -349.133326 -351.982751 -353.598684 -354.529824 -355.067916 -355.391388 -355.602031 -355.718100 -355.804082 -355.866020 -355.934912 -356.006882 -356.104580 -356.244798 -356.461594 -356.799544 -357.333477 -358.173432 -359.491839 -361.560033 -364.793761 -369.818268 -377.556567 -389.321451 -406.887495 -432.500895 -468.910180 -520.256824 -594.766103 -702.976037 -9999.0 -9999.0
-9999.0 -9999.0 -9999.0 -9999.0 -9999.0 -9999.0 -9999.0 -9999.0 -9999.0 -9999.0 -9999.0 -9999.0 -9999.0 -9999.0 -9999.0 -9999.0 -9999.0 -9999.0 -9999.0 -9999.0 -9999.0 -9999.0 -9999.0 -9999.0 -9999.0 -9999.0 -9999.0 -9999.0 -9999.0 -9999.0 -9999.0 -9999.0 -9999.0 -9999.0 -9999.0 -9999.0 -9999.0 -9999.0 -9999.0 -9999.0 -9999.0 -9999.0 -9999.0 -9999.0 -9999.0 -9999.0 -9999.0 -9999.0 -9999.0 -9999.0 -9999.0 -9999.0 -9999.0 -9999.0 -9999.0 -9999.0 -9999.0 -9999.0 -9999.0 -9999.0 -9999.0 -9999.0 -9999.0 -9999.0 -9999.0 -9999.0 -9999.0 -9999.0 -9999.0 -9999.0 -9999.0 -9999.0 -9999.0 -9999.0 -9999.0 -9999.0 -9999.0 -9999.0 -9999.0 -9999.0 -9999.0 -9999.0 -9999.0 -9999.0 -9999.0 -9999.0 -9999.0 -9999.0 -9999.0 -9999.0 -9999.0 -9999.0 -9999.0 -9999.0 -9999.0 -9999.0 -9999.0 -9999.0 -9999.0 -9999.0 -9999.0 -9999.0 -9999.0 -9999.0
-9999.0 -9999.0 -9999.0 -9999.0 -9999.0 -9999.0 -9999.0 -9999.0 -9999.0 -9999.0 -9999.0 -9999.0 -9999.0 -9999.0 -9999.0 -9999.0 -9999.0 -9999.0 -9999.0 -9999.0 -9999.0 -9999.0 -9999.0 -9999.0 -9999.0 -9999.0 -9999.0 -9999.0 -9999.0 -9999.0 -9999.0 -9999.0 -9999.0 -9999.0 -9999.0 -9999.0 -9999.0 -9999.0 -9999.0 -9999.0 -9999.0 -9999.0 -9999.0 -9999.0 -9999.0 -9999.0 -9999.0 -9999.0 -9999.0 -9999.0 -9999.0 -9999.0 -9999.0 -9999.0 -9999.0 -9999.0 -9999.0 -9999.0 -9999.0 -9999.0 -9999.0 -9999.0 -9999.0 -9999.0 -9999.0 -9999.0 -9999.0 -9999.0 -9999.0 -9999.0 -9999.0 -9999.0 -9999.0 -9999.0 -9999.0 -9999.0 -9999.0 -9999.0 -9999.0 -9999.0 -9999.0 -9999.0 -9999.0 -9999.0 -9999.0 -9999.0 -9999.0 -9999.0 -9999.0 -9999.0 -9999.0 -9999.0 -9999.0 -9999.0 -9999.0 -9999.0 -9999.0 -9999.0 -9999.0 -9999.0 -9999.0 -9999.0 -9999.0 -9999.0