inst/processing_geotop_simulation/geotop_simulation/out/maps3D/PwL0001N0110.asc
ncols         104
nrows         10
xllcorner     -2.000000
yllcorner     0.000000
cellsize      1.000000
NODATA_value  -9999.0
-9999.0 -9999.0 -9999.0 -9999.0 -9999.0 -9999.0 -9999.0 -9999.0 -9999.0 -9999.0 -9999.0 -9999.0 -9999.0 -9999.0 -9999.0 -9999.0 -9999.0 -9999.0 -9999.0 -9999.0 -9999.0 -9999.0 -9999.0 -9999.0 -9999.0 -9999.0 -9999.0 -9999.0 -9999.0 -9999.0 -9999.0 -9999.0 -9999.0 -9999.0 -9999.0 -9999.0 -9999.0 -9999.0 -9999.0 -9999.0 -9999.0 -9999.0 -9999.0 -9999.0 -9999.0 -9999.0 -9999.0 -9999.0 -9999.0 -9999.0 -9999.0 -9999.0 -9999.0 -9999.0 -9999.0 -9999.0 -9999.0 -9999.0 -9999.0 -9999.0 -9999.0 -9999.0 -9999.0 -9999.0 -9999.0 -9999.0 -9999.0 -9999.0 -9999.0 -9999.0 -9999.0 -9999.0 -9999.0 -9999.0 -9999.0 -9999.0 -9999.0 -9999.0 -9999.0 -9999.0 -9999.0 -9999.0 -9999.0 -9999.0 -9999.0 -9999.0 -9999.0 -9999.0 -9999.0 -9999.0 -9999.0 -9999.0 -9999.0 -9999.0 -9999.0 -9999.0 -9999.0 -9999.0 -9999.0 -9999.0 -9999.0 -9999.0 -9999.0 -9999.0
-9999.0 -9999.0 -9999.0 -9999.0 -9999.0 -9999.0 -9999.0 -9999.0 -9999.0 -9999.0 -9999.0 -9999.0 -9999.0 -9999.0 -9999.0 -9999.0 -9999.0 -9999.0 -9999.0 -9999.0 -9999.0 -9999.0 -9999.0 -9999.0 -9999.0 -9999.0 -9999.0 -9999.0 -9999.0 -9999.0 -9999.0 -9999.0 -9999.0 -9999.0 -9999.0 -9999.0 -9999.0 -9999.0 -9999.0 -9999.0 -9999.0 -9999.0 -9999.0 -9999.0 -9999.0 -9999.0 -9999.0 -9999.0 -9999.0 -9999.0 -9999.0 -9999.0 -9999.0 -9999.0 -9999.0 -9999.0 -9999.0 -9999.0 -9999.0 -9999.0 -9999.0 -9999.0 -9999.0 -9999.0 -9999.0 -9999.0 -9999.0 -9999.0 -9999.0 -9999.0 -9999.0 -9999.0 -9999.0 -9999.0 -9999.0 -9999.0 -9999.0 -9999.0 -9999.0 -9999.0 -9999.0 -9999.0 -9999.0 -9999.0 -9999.0 -9999.0 -9999.0 -9999.0 -9999.0 -9999.0 -9999.0 -9999.0 -9999.0 -9999.0 -9999.0 -9999.0 -9999.0 -9999.0 -9999.0 -9999.0 -9999.0 -9999.0 -9999.0 -9999.0
-9999.0 -9999.0 35.077719 -45.509516 -136.587790 -229.974328 -324.222364 -418.823455 -513.560702 -608.337020 -703.384635 -800.839578 -908.580360 -1027.895083 -1136.976914 -1240.994044 -1350.926102 -1439.563473 -1487.103963 -1504.985852 -1509.787089 -1509.641138 -1508.470458 -1507.896842 -1508.360849 -1509.741597 -1511.688194 -1513.816928 -1515.828678 -1517.552079 -1518.928115 -1519.970889 -1520.730321 -1521.266050 -1521.633485 -1521.880088 -1522.052257 -1522.208223 -1522.431658 -1523.305955 -1529.365700 -1546.476978 -979.862558 -974.700096 -963.549924 -956.647669 -953.416427 -952.962574 -952.917456 -952.927407 -952.946162 -952.966030 -952.985095 -953.002731 -953.018928 -953.036141 -953.078723 -953.351820 -955.080297 -959.026002 -965.486530 -963.143383 -1528.930949 -1526.654585 -1523.126437 -1522.560139 -1522.466151 -1522.449817 -1522.448607 -1522.450217 -1522.452018 -1522.453499 -1522.454631 -1522.455485 -1522.456135 -1522.456639 -1522.457036 -1522.457355 -1522.457620 -1522.457852 -1522.458075 -1522.458320 -1522.458625 -1522.459046 -1522.459665 -1522.460613 -1522.462101 -1522.464471 -1522.468301 -1522.474584 -1522.485090 -1522.503087 -1522.534803 -1522.592411 -1522.700070 -1522.905962 -1523.306531 -1524.098511 -1525.706043 -1529.131682 -1537.037105 -1558.672140 -9999.0 -9999.0
-9999.0 -9999.0 35.091915 -45.507115 -136.587191 -229.974154 -324.222309 -418.823436 -513.560696 -608.337018 -703.384634 -800.839578 -908.580360 -1027.895084 -1136.976914 -1240.994045 -1350.926102 -1439.563473 -1487.103963 -1504.985852 -1509.787089 -1509.641138 -1508.470458 -1507.896842 -1508.360849 -1509.741597 -1511.688194 -1513.816928 -1515.828678 -1517.552079 -1518.928115 -1519.970889 -1520.730321 -1521.266050 -1521.633485 -1521.880088 -1522.052257 -1522.208223 -1522.431658 -1523.305955 -1529.365700 -1546.476978 -979.862558 -974.700096 -963.549924 -956.647669 -953.416427 -952.962574 -952.917456 -952.927407 -952.946162 -952.966030 -952.985095 -953.002731 -953.018928 -953.036141 -953.078723 -953.351820 -955.080297 -959.026002 -965.486530 -963.143383 -1528.930949 -1526.654585 -1523.126437 -1522.560139 -1522.466151 -1522.449817 -1522.448607 -1522.450217 -1522.452018 -1522.453499 -1522.454631 -1522.455485 -1522.456135 -1522.456639 -1522.457036 -1522.457355 -1522.457620 -1522.457852 -1522.458075 -1522.458320 -1522.458625 -1522.459046 -1522.459665 -1522.460613 -1522.462101 -1522.464471 -1522.468301 -1522.474584 -1522.485090 -1522.503087 -1522.534803 -1522.592411 -1522.700070 -1522.905962 -1523.306531 -1524.098511 -1525.706043 -1529.131682 -1537.037105 -1558.672140 -9999.0 -9999.0
-9999.0 -9999.0 35.093226 -45.506165 -136.586814 -229.974018 -324.222261 -418.823419 -513.560690 -608.337016 -703.384633 -800.839578 -908.580360 -1027.895084 -1136.976914 -1240.994045 -1350.926102 -1439.563473 -1487.103963 -1504.985852 -1509.787089 -1509.641138 -1508.470458 -1507.896842 -1508.360849 -1509.741597 -1511.688194 -1513.816928 -1515.828678 -1517.552079 -1518.928115 -1519.970889 -1520.730321 -1521.266050 -1521.633485 -1521.880088 -1522.052257 -1522.208223 -1522.431658 -1523.305955 -1529.365700 -1546.476978 -979.862558 -974.700096 -963.549924 -956.647669 -953.416427 -952.962574 -952.917456 -952.927407 -952.946162 -952.966030 -952.985095 -953.002731 -953.018928 -953.036141 -953.078723 -953.351820 -955.080297 -959.026002 -965.486530 -963.143383 -1528.930949 -1526.654585 -1523.126437 -1522.560139 -1522.466151 -1522.449817 -1522.448607 -1522.450217 -1522.452018 -1522.453499 -1522.454631 -1522.455485 -1522.456135 -1522.456639 -1522.457036 -1522.457355 -1522.457620 -1522.457852 -1522.458075 -1522.458320 -1522.458625 -1522.459046 -1522.459665 -1522.460613 -1522.462101 -1522.464471 -1522.468301 -1522.474584 -1522.485090 -1522.503087 -1522.534803 -1522.592411 -1522.700070 -1522.905962 -1523.306531 -1524.098511 -1525.706043 -1529.131682 -1537.037105 -1558.672140 -9999.0 -9999.0
-9999.0 -9999.0 35.093226 -45.506165 -136.586814 -229.974018 -324.222261 -418.823419 -513.560690 -608.337016 -703.384633 -800.839578 -908.580360 -1027.895084 -1136.976914 -1240.994045 -1350.926102 -1439.563473 -1487.103963 -1504.985852 -1509.787089 -1509.641138 -1508.470458 -1507.896842 -1508.360849 -1509.741597 -1511.688194 -1513.816928 -1515.828678 -1517.552079 -1518.928115 -1519.970889 -1520.730321 -1521.266050 -1521.633485 -1521.880088 -1522.052257 -1522.208223 -1522.431658 -1523.305955 -1529.365700 -1546.476978 -979.862558 -974.700096 -963.549924 -956.647669 -953.416427 -952.962574 -952.917456 -952.927407 -952.946162 -952.966030 -952.985095 -953.002731 -953.018928 -953.036141 -953.078723 -953.351820 -955.080297 -959.026002 -965.486530 -963.143383 -1528.930949 -1526.654585 -1523.126437 -1522.560139 -1522.466151 -1522.449817 -1522.448607 -1522.450217 -1522.452018 -1522.453499 -1522.454631 -1522.455485 -1522.456135 -1522.456639 -1522.457036 -1522.457355 -1522.457620 -1522.457852 -1522.458075 -1522.458320 -1522.458625 -1522.459046 -1522.459665 -1522.460613 -1522.462101 -1522.464471 -1522.468301 -1522.474584 -1522.485090 -1522.503087 -1522.534803 -1522.592411 -1522.700070 -1522.905962 -1523.306531 -1524.098511 -1525.706043 -1529.131682 -1537.037105 -1558.672140 -9999.0 -9999.0
-9999.0 -9999.0 35.091915 -45.507115 -136.587191 -229.974154 -324.222309 -418.823436 -513.560696 -608.337018 -703.384634 -800.839578 -908.580360 -1027.895084 -1136.976914 -1240.994045 -1350.926102 -1439.563473 -1487.103963 -1504.985852 -1509.787089 -1509.641138 -1508.470458 -1507.896842 -1508.360849 -1509.741597 -1511.688194 -1513.816928 -1515.828678 -1517.552079 -1518.928115 -1519.970889 -1520.730321 -1521.266050 -1521.633485 -1521.880088 -1522.052257 -1522.208223 -1522.431658 -1523.305955 -1529.365700 -1546.476978 -979.862558 -974.700096 -963.549924 -956.647669 -953.416427 -952.962574 -952.917456 -952.927407 -952.946162 -952.966030 -952.985095 -953.002731 -953.018928 -953.036141 -953.078723 -953.351820 -955.080297 -959.026002 -965.486530 -963.143383 -1528.930949 -1526.654585 -1523.126437 -1522.560139 -1522.466151 -1522.449817 -1522.448607 -1522.450217 -1522.452018 -1522.453499 -1522.454631 -1522.455485 -1522.456135 -1522.456639 -1522.457036 -1522.457355 -1522.457620 -1522.457852 -1522.458075 -1522.458320 -1522.458625 -1522.459046 -1522.459665 -1522.460613 -1522.462101 -1522.464471 -1522.468301 -1522.474584 -1522.485090 -1522.503087 -1522.534803 -1522.592411 -1522.700070 -1522.905962 -1523.306531 -1524.098511 -1525.706043 -1529.131682 -1537.037105 -1558.672140 -9999.0 -9999.0
-9999.0 -9999.0 35.077719 -45.509516 -136.587790 -229.974328 -324.222364 -418.823455 -513.560702 -608.337020 -703.384635 -800.839578 -908.580360 -1027.895083 -1136.976914 -1240.994044 -1350.926102 -1439.563473 -1487.103963 -1504.985852 -1509.787089 -1509.641138 -1508.470458 -1507.896842 -1508.360849 -1509.741597 -1511.688194 -1513.816928 -1515.828678 -1517.552079 -1518.928115 -1519.970889 -1520.730321 -1521.266050 -1521.633485 -1521.880088 -1522.052257 -1522.208223 -1522.431658 -1523.305955 -1529.365700 -1546.476978 -979.862558 -974.700096 -963.549924 -956.647669 -953.416427 -952.962574 -952.917456 -952.927407 -952.946162 -952.966030 -952.985095 -953.002731 -953.018928 -953.036141 -953.078723 -953.351820 -955.080297 -959.026002 -965.486530 -963.143383 -1528.930949 -1526.654585 -1523.126437 -1522.560139 -1522.466151 -1522.449817 -1522.448607 -1522.450217 -1522.452018 -1522.453499 -1522.454631 -1522.455485 -1522.456135 -1522.456639 -1522.457036 -1522.457355 -1522.457620 -1522.457852 -1522.458075 -1522.458320 -1522.458625 -1522.459046 -1522.459665 -1522.460613 -1522.462101 -1522.464471 -1522.468301 -1522.474584 -1522.485090 -1522.503087 -1522.534803 -1522.592411 -1522.700070 -1522.905962 -1523.306531 -1524.098511 -1525.706043 -1529.131682 -1537.037105 -1558.672140 -9999.0 -9999.0
-9999.0 -9999.0 -9999.0 -9999.0 -9999.0 -9999.0 -9999.0 -9999.0 -9999.0 -9999.0 -9999.0 -9999.0 -9999.0 -9999.0 -9999.0 -9999.0 -9999.0 -9999.0 -9999.0 -9999.0 -9999.0 -9999.0 -9999.0 -9999.0 -9999.0 -9999.0 -9999.0 -9999.0 -9999.0 -9999.0 -9999.0 -9999.0 -9999.0 -9999.0 -9999.0 -9999.0 -9999.0 -9999.0 -9999.0 -9999.0 -9999.0 -9999.0 -9999.0 -9999.0 -9999.0 -9999.0 -9999.0 -9999.0 -9999.0 -9999.0 -9999.0 -9999.0 -9999.0 -9999.0 -9999.0 -9999.0 -9999.0 -9999.0 -9999.0 -9999.0 -9999.0 -9999.0 -9999.0 -9999.0 -9999.0 -9999.0 -9999.0 -9999.0 -9999.0 -9999.0 -9999.0 -9999.0 -9999.0 -9999.0 -9999.0 -9999.0 -9999.0 -9999.0 -9999.0 -9999.0 -9999.0 -9999.0 -9999.0 -9999.0 -9999.0 -9999.0 -9999.0 -9999.0 -9999.0 -9999.0 -9999.0 -9999.0 -9999.0 -9999.0 -9999.0 -9999.0 -9999.0 -9999.0 -9999.0 -9999.0 -9999.0 -9999.0 -9999.0 -9999.0
-9999.0 -9999.0 -9999.0 -9999.0 -9999.0 -9999.0 -9999.0 -9999.0 -9999.0 -9999.0 -9999.0 -9999.0 -9999.0 -9999.0 -9999.0 -9999.0 -9999.0 -9999.0 -9999.0 -9999.0 -9999.0 -9999.0 -9999.0 -9999.0 -9999.0 -9999.0 -9999.0 -9999.0 -9999.0 -9999.0 -9999.0 -9999.0 -9999.0 -9999.0 -9999.0 -9999.0 -9999.0 -9999.0 -9999.0 -9999.0 -9999.0 -9999.0 -9999.0 -9999.0 -9999.0 -9999.0 -9999.0 -9999.0 -9999.0 -9999.0 -9999.0 -9999.0 -9999.0 -9999.0 -9999.0 -9999.0 -9999.0 -9999.0 -9999.0 -9999.0 -9999.0 -9999.0 -9999.0 -9999.0 -9999.0 -9999.0 -9999.0 -9999.0 -9999.0 -9999.0 -9999.0 -9999.0 -9999.0 -9999.0 -9999.0 -9999.0 -9999.0 -9999.0 -9999.0 -9999.0 -9999.0 -9999.0 -9999.0 -9999.0 -9999.0 -9999.0 -9999.0 -9999.0 -9999.0 -9999.0 -9999.0 -9999.0 -9999.0 -9999.0 -9999.0 -9999.0 -9999.0 -9999.0 -9999.0 -9999.0 -9999.0 -9999.0 -9999.0 -9999.0