inst/processing_geotop_simulation/geotop_simulation/out/maps3D/PwL0002N0162.asc
ncols         104
nrows         10
xllcorner     -2.000000
yllcorner     0.000000
cellsize      1.000000
NODATA_value  -9999.0
-9999.0 -9999.0 -9999.0 -9999.0 -9999.0 -9999.0 -9999.0 -9999.0 -9999.0 -9999.0 -9999.0 -9999.0 -9999.0 -9999.0 -9999.0 -9999.0 -9999.0 -9999.0 -9999.0 -9999.0 -9999.0 -9999.0 -9999.0 -9999.0 -9999.0 -9999.0 -9999.0 -9999.0 -9999.0 -9999.0 -9999.0 -9999.0 -9999.0 -9999.0 -9999.0 -9999.0 -9999.0 -9999.0 -9999.0 -9999.0 -9999.0 -9999.0 -9999.0 -9999.0 -9999.0 -9999.0 -9999.0 -9999.0 -9999.0 -9999.0 -9999.0 -9999.0 -9999.0 -9999.0 -9999.0 -9999.0 -9999.0 -9999.0 -9999.0 -9999.0 -9999.0 -9999.0 -9999.0 -9999.0 -9999.0 -9999.0 -9999.0 -9999.0 -9999.0 -9999.0 -9999.0 -9999.0 -9999.0 -9999.0 -9999.0 -9999.0 -9999.0 -9999.0 -9999.0 -9999.0 -9999.0 -9999.0 -9999.0 -9999.0 -9999.0 -9999.0 -9999.0 -9999.0 -9999.0 -9999.0 -9999.0 -9999.0 -9999.0 -9999.0 -9999.0 -9999.0 -9999.0 -9999.0 -9999.0 -9999.0 -9999.0 -9999.0 -9999.0 -9999.0
-9999.0 -9999.0 -9999.0 -9999.0 -9999.0 -9999.0 -9999.0 -9999.0 -9999.0 -9999.0 -9999.0 -9999.0 -9999.0 -9999.0 -9999.0 -9999.0 -9999.0 -9999.0 -9999.0 -9999.0 -9999.0 -9999.0 -9999.0 -9999.0 -9999.0 -9999.0 -9999.0 -9999.0 -9999.0 -9999.0 -9999.0 -9999.0 -9999.0 -9999.0 -9999.0 -9999.0 -9999.0 -9999.0 -9999.0 -9999.0 -9999.0 -9999.0 -9999.0 -9999.0 -9999.0 -9999.0 -9999.0 -9999.0 -9999.0 -9999.0 -9999.0 -9999.0 -9999.0 -9999.0 -9999.0 -9999.0 -9999.0 -9999.0 -9999.0 -9999.0 -9999.0 -9999.0 -9999.0 -9999.0 -9999.0 -9999.0 -9999.0 -9999.0 -9999.0 -9999.0 -9999.0 -9999.0 -9999.0 -9999.0 -9999.0 -9999.0 -9999.0 -9999.0 -9999.0 -9999.0 -9999.0 -9999.0 -9999.0 -9999.0 -9999.0 -9999.0 -9999.0 -9999.0 -9999.0 -9999.0 -9999.0 -9999.0 -9999.0 -9999.0 -9999.0 -9999.0 -9999.0 -9999.0 -9999.0 -9999.0 -9999.0 -9999.0 -9999.0 -9999.0
-9999.0 -9999.0 81.999992 -5.503441 -99.458196 -194.962397 -291.034040 -387.285339 -483.511116 -579.540956 -674.995279 -769.725072 -863.641191 -956.854900 -1050.545222 -1143.964679 -1236.706763 -1329.975619 -1421.512882 -1500.129937 -1557.084941 -1594.851013 -1618.473380 -1632.904446 -1641.809597 -1647.516360 -1651.362318 -1654.066127 -1656.009256 -1657.409940 -1658.411510 -1659.118689 -1659.611391 -1659.950264 -1660.180464 -1660.336662 -1660.451741 -1660.574552 -1660.867551 -1662.343646 -1669.612659 -1673.530546 -1044.515405 -1042.114380 -1030.632835 -1023.418869 -1020.038041 -1019.551306 -1019.501468 -1019.509392 -1019.526114 -1019.543932 -1019.561040 -1019.576873 -1019.591475 -1019.607577 -1019.651746 -1019.942499 -1021.742958 -1025.809325 -1032.187183 -1026.599861 -1653.570565 -1665.415699 -1661.639253 -1660.869178 -1660.749074 -1660.730145 -1660.727987 -1660.728795 -1660.729945 -1660.730930 -1660.731693 -1660.732271 -1660.732712 -1660.733053 -1660.733323 -1660.733540 -1660.733721 -1660.733881 -1660.734036 -1660.734208 -1660.734424 -1660.734723 -1660.735165 -1660.735843 -1660.736911 -1660.738616 -1660.741380 -1660.745936 -1660.753600 -1660.766822 -1660.790301 -1660.833263 -1660.914071 -1661.069609 -1661.375157 -1661.990802 -1663.283560 -1666.179463 -1673.338306 -1694.825406 -9999.0 -9999.0
-9999.0 -9999.0 82.012751 -5.501137 -99.457619 -194.962229 -291.033987 -387.285321 -483.511110 -579.540954 -674.995278 -769.725072 -863.641191 -956.854900 -1050.545222 -1143.964680 -1236.706763 -1329.975619 -1421.512882 -1500.129937 -1557.084941 -1594.851013 -1618.473380 -1632.904446 -1641.809597 -1647.516360 -1651.362318 -1654.066127 -1656.009256 -1657.409940 -1658.411510 -1659.118689 -1659.611391 -1659.950264 -1660.180464 -1660.336662 -1660.451741 -1660.574552 -1660.867551 -1662.343646 -1669.612659 -1673.530546 -1044.515405 -1042.114380 -1030.632835 -1023.418869 -1020.038041 -1019.551306 -1019.501468 -1019.509392 -1019.526114 -1019.543932 -1019.561040 -1019.576873 -1019.591475 -1019.607577 -1019.651746 -1019.942499 -1021.742958 -1025.809325 -1032.187183 -1026.599861 -1653.570565 -1665.415699 -1661.639253 -1660.869178 -1660.749074 -1660.730145 -1660.727987 -1660.728795 -1660.729945 -1660.730930 -1660.731693 -1660.732271 -1660.732712 -1660.733053 -1660.733323 -1660.733540 -1660.733721 -1660.733881 -1660.734036 -1660.734208 -1660.734424 -1660.734723 -1660.735165 -1660.735843 -1660.736911 -1660.738616 -1660.741380 -1660.745936 -1660.753600 -1660.766822 -1660.790301 -1660.833263 -1660.914071 -1661.069609 -1661.375157 -1661.990802 -1663.283560 -1666.179463 -1673.338306 -1694.825406 -9999.0 -9999.0
-9999.0 -9999.0 82.014137 -5.500220 -99.457256 -194.962097 -291.033940 -387.285304 -483.511104 -579.540952 -674.995277 -769.725071 -863.641191 -956.854900 -1050.545222 -1143.964680 -1236.706763 -1329.975619 -1421.512882 -1500.129937 -1557.084941 -1594.851013 -1618.473380 -1632.904446 -1641.809597 -1647.516360 -1651.362319 -1654.066127 -1656.009256 -1657.409940 -1658.411510 -1659.118689 -1659.611391 -1659.950264 -1660.180464 -1660.336662 -1660.451741 -1660.574552 -1660.867551 -1662.343646 -1669.612659 -1673.530546 -1044.515405 -1042.114380 -1030.632835 -1023.418869 -1020.038041 -1019.551306 -1019.501468 -1019.509392 -1019.526114 -1019.543932 -1019.561040 -1019.576873 -1019.591475 -1019.607577 -1019.651746 -1019.942499 -1021.742958 -1025.809325 -1032.187183 -1026.599861 -1653.570565 -1665.415699 -1661.639253 -1660.869178 -1660.749074 -1660.730145 -1660.727987 -1660.728795 -1660.729945 -1660.730930 -1660.731693 -1660.732271 -1660.732712 -1660.733053 -1660.733323 -1660.733540 -1660.733721 -1660.733881 -1660.734036 -1660.734208 -1660.734424 -1660.734723 -1660.735165 -1660.735843 -1660.736911 -1660.738616 -1660.741380 -1660.745936 -1660.753600 -1660.766822 -1660.790301 -1660.833263 -1660.914071 -1661.069609 -1661.375157 -1661.990802 -1663.283560 -1666.179463 -1673.338306 -1694.825406 -9999.0 -9999.0
-9999.0 -9999.0 82.014137 -5.500220 -99.457256 -194.962097 -291.033940 -387.285304 -483.511104 -579.540952 -674.995277 -769.725071 -863.641191 -956.854900 -1050.545222 -1143.964680 -1236.706763 -1329.975619 -1421.512882 -1500.129937 -1557.084941 -1594.851013 -1618.473380 -1632.904446 -1641.809597 -1647.516360 -1651.362319 -1654.066127 -1656.009256 -1657.409940 -1658.411510 -1659.118689 -1659.611391 -1659.950264 -1660.180464 -1660.336662 -1660.451741 -1660.574552 -1660.867551 -1662.343646 -1669.612659 -1673.530546 -1044.515405 -1042.114380 -1030.632835 -1023.418869 -1020.038041 -1019.551306 -1019.501468 -1019.509392 -1019.526114 -1019.543932 -1019.561040 -1019.576873 -1019.591475 -1019.607577 -1019.651746 -1019.942499 -1021.742958 -1025.809325 -1032.187183 -1026.599861 -1653.570565 -1665.415699 -1661.639253 -1660.869178 -1660.749074 -1660.730145 -1660.727987 -1660.728795 -1660.729945 -1660.730930 -1660.731693 -1660.732271 -1660.732712 -1660.733053 -1660.733323 -1660.733540 -1660.733721 -1660.733881 -1660.734036 -1660.734208 -1660.734424 -1660.734723 -1660.735165 -1660.735843 -1660.736911 -1660.738616 -1660.741380 -1660.745936 -1660.753600 -1660.766822 -1660.790301 -1660.833263 -1660.914071 -1661.069609 -1661.375157 -1661.990802 -1663.283560 -1666.179463 -1673.338306 -1694.825406 -9999.0 -9999.0
-9999.0 -9999.0 82.012751 -5.501137 -99.457619 -194.962229 -291.033987 -387.285321 -483.511110 -579.540954 -674.995278 -769.725072 -863.641191 -956.854900 -1050.545222 -1143.964680 -1236.706763 -1329.975619 -1421.512882 -1500.129937 -1557.084941 -1594.851013 -1618.473380 -1632.904446 -1641.809597 -1647.516360 -1651.362318 -1654.066127 -1656.009256 -1657.409940 -1658.411510 -1659.118689 -1659.611391 -1659.950264 -1660.180464 -1660.336662 -1660.451741 -1660.574552 -1660.867551 -1662.343646 -1669.612659 -1673.530546 -1044.515405 -1042.114380 -1030.632835 -1023.418869 -1020.038041 -1019.551306 -1019.501468 -1019.509392 -1019.526114 -1019.543932 -1019.561040 -1019.576873 -1019.591475 -1019.607577 -1019.651746 -1019.942499 -1021.742958 -1025.809325 -1032.187183 -1026.599861 -1653.570565 -1665.415699 -1661.639253 -1660.869178 -1660.749074 -1660.730145 -1660.727987 -1660.728795 -1660.729945 -1660.730930 -1660.731693 -1660.732271 -1660.732712 -1660.733053 -1660.733323 -1660.733540 -1660.733721 -1660.733881 -1660.734036 -1660.734208 -1660.734424 -1660.734723 -1660.735165 -1660.735843 -1660.736911 -1660.738616 -1660.741380 -1660.745936 -1660.753600 -1660.766822 -1660.790301 -1660.833263 -1660.914071 -1661.069609 -1661.375157 -1661.990802 -1663.283560 -1666.179463 -1673.338306 -1694.825406 -9999.0 -9999.0
-9999.0 -9999.0 81.999992 -5.503441 -99.458196 -194.962397 -291.034040 -387.285339 -483.511116 -579.540956 -674.995279 -769.725072 -863.641191 -956.854900 -1050.545222 -1143.964679 -1236.706763 -1329.975619 -1421.512882 -1500.129937 -1557.084941 -1594.851013 -1618.473380 -1632.904446 -1641.809597 -1647.516360 -1651.362318 -1654.066127 -1656.009256 -1657.409940 -1658.411510 -1659.118689 -1659.611391 -1659.950264 -1660.180464 -1660.336662 -1660.451741 -1660.574552 -1660.867551 -1662.343646 -1669.612659 -1673.530546 -1044.515405 -1042.114380 -1030.632835 -1023.418869 -1020.038041 -1019.551306 -1019.501468 -1019.509392 -1019.526114 -1019.543932 -1019.561040 -1019.576873 -1019.591475 -1019.607577 -1019.651746 -1019.942499 -1021.742958 -1025.809325 -1032.187183 -1026.599861 -1653.570565 -1665.415699 -1661.639253 -1660.869178 -1660.749074 -1660.730145 -1660.727987 -1660.728795 -1660.729945 -1660.730930 -1660.731693 -1660.732271 -1660.732712 -1660.733053 -1660.733323 -1660.733540 -1660.733721 -1660.733881 -1660.734036 -1660.734208 -1660.734424 -1660.734723 -1660.735165 -1660.735843 -1660.736911 -1660.738616 -1660.741380 -1660.745936 -1660.753600 -1660.766822 -1660.790301 -1660.833263 -1660.914071 -1661.069609 -1661.375157 -1661.990802 -1663.283560 -1666.179463 -1673.338306 -1694.825406 -9999.0 -9999.0
-9999.0 -9999.0 -9999.0 -9999.0 -9999.0 -9999.0 -9999.0 -9999.0 -9999.0 -9999.0 -9999.0 -9999.0 -9999.0 -9999.0 -9999.0 -9999.0 -9999.0 -9999.0 -9999.0 -9999.0 -9999.0 -9999.0 -9999.0 -9999.0 -9999.0 -9999.0 -9999.0 -9999.0 -9999.0 -9999.0 -9999.0 -9999.0 -9999.0 -9999.0 -9999.0 -9999.0 -9999.0 -9999.0 -9999.0 -9999.0 -9999.0 -9999.0 -9999.0 -9999.0 -9999.0 -9999.0 -9999.0 -9999.0 -9999.0 -9999.0 -9999.0 -9999.0 -9999.0 -9999.0 -9999.0 -9999.0 -9999.0 -9999.0 -9999.0 -9999.0 -9999.0 -9999.0 -9999.0 -9999.0 -9999.0 -9999.0 -9999.0 -9999.0 -9999.0 -9999.0 -9999.0 -9999.0 -9999.0 -9999.0 -9999.0 -9999.0 -9999.0 -9999.0 -9999.0 -9999.0 -9999.0 -9999.0 -9999.0 -9999.0 -9999.0 -9999.0 -9999.0 -9999.0 -9999.0 -9999.0 -9999.0 -9999.0 -9999.0 -9999.0 -9999.0 -9999.0 -9999.0 -9999.0 -9999.0 -9999.0 -9999.0 -9999.0 -9999.0 -9999.0
-9999.0 -9999.0 -9999.0 -9999.0 -9999.0 -9999.0 -9999.0 -9999.0 -9999.0 -9999.0 -9999.0 -9999.0 -9999.0 -9999.0 -9999.0 -9999.0 -9999.0 -9999.0 -9999.0 -9999.0 -9999.0 -9999.0 -9999.0 -9999.0 -9999.0 -9999.0 -9999.0 -9999.0 -9999.0 -9999.0 -9999.0 -9999.0 -9999.0 -9999.0 -9999.0 -9999.0 -9999.0 -9999.0 -9999.0 -9999.0 -9999.0 -9999.0 -9999.0 -9999.0 -9999.0 -9999.0 -9999.0 -9999.0 -9999.0 -9999.0 -9999.0 -9999.0 -9999.0 -9999.0 -9999.0 -9999.0 -9999.0 -9999.0 -9999.0 -9999.0 -9999.0 -9999.0 -9999.0 -9999.0 -9999.0 -9999.0 -9999.0 -9999.0 -9999.0 -9999.0 -9999.0 -9999.0 -9999.0 -9999.0 -9999.0 -9999.0 -9999.0 -9999.0 -9999.0 -9999.0 -9999.0 -9999.0 -9999.0 -9999.0 -9999.0 -9999.0 -9999.0 -9999.0 -9999.0 -9999.0 -9999.0 -9999.0 -9999.0 -9999.0 -9999.0 -9999.0 -9999.0 -9999.0 -9999.0 -9999.0 -9999.0 -9999.0 -9999.0 -9999.0