inst/processing_geotop_simulation/geotop_simulation/out/maps3D/PwL0020N0259.asc
ncols         104
nrows         10
xllcorner     -2.000000
yllcorner     0.000000
cellsize      1.000000
NODATA_value  -9999.0
-9999.0 -9999.0 -9999.0 -9999.0 -9999.0 -9999.0 -9999.0 -9999.0 -9999.0 -9999.0 -9999.0 -9999.0 -9999.0 -9999.0 -9999.0 -9999.0 -9999.0 -9999.0 -9999.0 -9999.0 -9999.0 -9999.0 -9999.0 -9999.0 -9999.0 -9999.0 -9999.0 -9999.0 -9999.0 -9999.0 -9999.0 -9999.0 -9999.0 -9999.0 -9999.0 -9999.0 -9999.0 -9999.0 -9999.0 -9999.0 -9999.0 -9999.0 -9999.0 -9999.0 -9999.0 -9999.0 -9999.0 -9999.0 -9999.0 -9999.0 -9999.0 -9999.0 -9999.0 -9999.0 -9999.0 -9999.0 -9999.0 -9999.0 -9999.0 -9999.0 -9999.0 -9999.0 -9999.0 -9999.0 -9999.0 -9999.0 -9999.0 -9999.0 -9999.0 -9999.0 -9999.0 -9999.0 -9999.0 -9999.0 -9999.0 -9999.0 -9999.0 -9999.0 -9999.0 -9999.0 -9999.0 -9999.0 -9999.0 -9999.0 -9999.0 -9999.0 -9999.0 -9999.0 -9999.0 -9999.0 -9999.0 -9999.0 -9999.0 -9999.0 -9999.0 -9999.0 -9999.0 -9999.0 -9999.0 -9999.0 -9999.0 -9999.0 -9999.0 -9999.0
-9999.0 -9999.0 -9999.0 -9999.0 -9999.0 -9999.0 -9999.0 -9999.0 -9999.0 -9999.0 -9999.0 -9999.0 -9999.0 -9999.0 -9999.0 -9999.0 -9999.0 -9999.0 -9999.0 -9999.0 -9999.0 -9999.0 -9999.0 -9999.0 -9999.0 -9999.0 -9999.0 -9999.0 -9999.0 -9999.0 -9999.0 -9999.0 -9999.0 -9999.0 -9999.0 -9999.0 -9999.0 -9999.0 -9999.0 -9999.0 -9999.0 -9999.0 -9999.0 -9999.0 -9999.0 -9999.0 -9999.0 -9999.0 -9999.0 -9999.0 -9999.0 -9999.0 -9999.0 -9999.0 -9999.0 -9999.0 -9999.0 -9999.0 -9999.0 -9999.0 -9999.0 -9999.0 -9999.0 -9999.0 -9999.0 -9999.0 -9999.0 -9999.0 -9999.0 -9999.0 -9999.0 -9999.0 -9999.0 -9999.0 -9999.0 -9999.0 -9999.0 -9999.0 -9999.0 -9999.0 -9999.0 -9999.0 -9999.0 -9999.0 -9999.0 -9999.0 -9999.0 -9999.0 -9999.0 -9999.0 -9999.0 -9999.0 -9999.0 -9999.0 -9999.0 -9999.0 -9999.0 -9999.0 -9999.0 -9999.0 -9999.0 -9999.0 -9999.0 -9999.0
-9999.0 -9999.0 972.648629 874.793111 776.788064 678.520556 580.106849 481.627325 383.126919 284.630329 186.151377 87.697988 -10.722032 -109.100308 -207.425372 -305.649127 -403.674588 -501.321085 -598.282485 -694.058170 -790.256056 -885.630263 -979.920051 -1072.850186 -1152.098355 -1221.412689 -1279.578392 -1326.433592 -1362.770501 -1390.022558 -1409.892898 -1424.053332 -1433.964793 -1440.807628 -1445.484674 -1448.662479 -1450.832109 -1452.412050 -1454.065407 -1457.900916 -1471.593201 -1526.957154 -1815.645120 -3868.297389 -3985.075110 -3985.071411 -3982.834866 -3961.151724 -3880.605243 -3717.728999 -3496.297279 -3236.614252 -3056.060499 -2935.377236 -2822.858645 -2706.531722 -2584.159888 -2458.836041 -2335.090504 -2215.405027 -2082.109421 -1520.492077 -1485.354965 -1463.482237 -1457.088639 -1455.657754 -1455.397081 -1455.354787 -1455.348696 -1455.348403 -1455.348965 -1455.349552 -1455.350034 -1455.350413 -1455.350711 -1455.350951 -1455.351147 -1455.351312 -1455.351455 -1455.351587 -1455.351719 -1455.351862 -1455.352035 -1455.352264 -1455.352589 -1455.353072 -1455.353815 -1455.354988 -1455.356884 -1455.360019 -1455.365343 -1455.374650 -1455.391439 -1455.422688 -1455.482654 -1455.601514 -1455.846743 -1456.380342 -1457.618340 -1460.692738 -1468.960902 -1494.195489 -9999.0 -9999.0
-9999.0 -9999.0 972.651656 874.794281 776.788452 678.520684 580.106892 481.627340 383.126925 284.630331 186.151378 87.697988 -10.722032 -109.100308 -207.425372 -305.649127 -403.674588 -501.321085 -598.282485 -694.058170 -790.256056 -885.630263 -979.920051 -1072.850186 -1152.098355 -1221.412689 -1279.578392 -1326.433592 -1362.770501 -1390.022558 -1409.892898 -1424.053332 -1433.964793 -1440.807628 -1445.484674 -1448.662479 -1450.832109 -1452.412050 -1454.065407 -1457.900916 -1471.593201 -1526.957154 -1815.645119 -3868.297388 -3985.075110 -3985.071411 -3982.834866 -3961.151723 -3880.605242 -3717.728998 -3496.297276 -3236.614250 -3056.060499 -2935.377235 -2822.858644 -2706.531721 -2584.159887 -2458.836041 -2335.090503 -2215.405027 -2082.109421 -1520.492077 -1485.354965 -1463.482237 -1457.088639 -1455.657754 -1455.397081 -1455.354787 -1455.348696 -1455.348403 -1455.348965 -1455.349552 -1455.350034 -1455.350413 -1455.350711 -1455.350951 -1455.351147 -1455.351312 -1455.351455 -1455.351587 -1455.351719 -1455.351862 -1455.352035 -1455.352264 -1455.352589 -1455.353072 -1455.353815 -1455.354988 -1455.356884 -1455.360019 -1455.365343 -1455.374650 -1455.391439 -1455.422688 -1455.482654 -1455.601514 -1455.846743 -1456.380342 -1457.618340 -1460.692738 -1468.960902 -1494.195489 -9999.0 -9999.0
-9999.0 -9999.0 972.652835 874.794917 776.788721 678.520787 580.106930 481.627354 383.126930 284.630333 186.151379 87.697989 -10.722032 -109.100308 -207.425372 -305.649127 -403.674588 -501.321085 -598.282485 -694.058170 -790.256056 -885.630263 -979.920052 -1072.850186 -1152.098355 -1221.412689 -1279.578392 -1326.433592 -1362.770501 -1390.022558 -1409.892899 -1424.053332 -1433.964793 -1440.807628 -1445.484674 -1448.662479 -1450.832109 -1452.412050 -1454.065407 -1457.900916 -1471.593201 -1526.957154 -1815.645119 -3868.297388 -3985.075110 -3985.071411 -3982.834866 -3961.151723 -3880.605242 -3717.728997 -3496.297274 -3236.614250 -3056.060499 -2935.377235 -2822.858644 -2706.531721 -2584.159887 -2458.836041 -2335.090503 -2215.405027 -2082.109420 -1520.492077 -1485.354965 -1463.482237 -1457.088639 -1455.657754 -1455.397081 -1455.354787 -1455.348696 -1455.348403 -1455.348965 -1455.349552 -1455.350034 -1455.350413 -1455.350711 -1455.350951 -1455.351147 -1455.351312 -1455.351455 -1455.351587 -1455.351719 -1455.351862 -1455.352035 -1455.352264 -1455.352589 -1455.353072 -1455.353815 -1455.354988 -1455.356884 -1455.360019 -1455.365343 -1455.374650 -1455.391439 -1455.422688 -1455.482654 -1455.601514 -1455.846743 -1456.380342 -1457.618340 -1460.692738 -1468.960902 -1494.195489 -9999.0 -9999.0
-9999.0 -9999.0 972.652835 874.794917 776.788721 678.520787 580.106930 481.627354 383.126930 284.630333 186.151379 87.697989 -10.722032 -109.100308 -207.425372 -305.649127 -403.674588 -501.321085 -598.282485 -694.058170 -790.256056 -885.630263 -979.920052 -1072.850186 -1152.098355 -1221.412689 -1279.578392 -1326.433592 -1362.770501 -1390.022558 -1409.892899 -1424.053332 -1433.964793 -1440.807628 -1445.484674 -1448.662479 -1450.832109 -1452.412050 -1454.065407 -1457.900916 -1471.593201 -1526.957154 -1815.645119 -3868.297388 -3985.075110 -3985.071411 -3982.834866 -3961.151723 -3880.605242 -3717.728997 -3496.297274 -3236.614250 -3056.060499 -2935.377235 -2822.858644 -2706.531721 -2584.159887 -2458.836041 -2335.090503 -2215.405027 -2082.109420 -1520.492077 -1485.354965 -1463.482237 -1457.088639 -1455.657754 -1455.397081 -1455.354787 -1455.348696 -1455.348403 -1455.348965 -1455.349552 -1455.350034 -1455.350413 -1455.350711 -1455.350951 -1455.351147 -1455.351312 -1455.351455 -1455.351587 -1455.351719 -1455.351862 -1455.352035 -1455.352264 -1455.352589 -1455.353072 -1455.353815 -1455.354988 -1455.356884 -1455.360019 -1455.365343 -1455.374650 -1455.391439 -1455.422688 -1455.482654 -1455.601514 -1455.846743 -1456.380342 -1457.618340 -1460.692738 -1468.960902 -1494.195489 -9999.0 -9999.0
-9999.0 -9999.0 972.651656 874.794281 776.788452 678.520684 580.106892 481.627340 383.126925 284.630331 186.151378 87.697988 -10.722032 -109.100308 -207.425372 -305.649127 -403.674588 -501.321085 -598.282485 -694.058170 -790.256056 -885.630263 -979.920051 -1072.850186 -1152.098355 -1221.412689 -1279.578392 -1326.433592 -1362.770501 -1390.022558 -1409.892898 -1424.053332 -1433.964793 -1440.807628 -1445.484674 -1448.662479 -1450.832109 -1452.412050 -1454.065407 -1457.900916 -1471.593201 -1526.957154 -1815.645119 -3868.297388 -3985.075110 -3985.071411 -3982.834866 -3961.151723 -3880.605242 -3717.728997 -3496.297276 -3236.614250 -3056.060499 -2935.377235 -2822.858644 -2706.531721 -2584.159888 -2458.836041 -2335.090503 -2215.405027 -2082.109421 -1520.492077 -1485.354965 -1463.482237 -1457.088639 -1455.657754 -1455.397081 -1455.354787 -1455.348696 -1455.348403 -1455.348965 -1455.349552 -1455.350034 -1455.350413 -1455.350711 -1455.350951 -1455.351147 -1455.351312 -1455.351455 -1455.351587 -1455.351719 -1455.351862 -1455.352035 -1455.352264 -1455.352589 -1455.353072 -1455.353815 -1455.354988 -1455.356884 -1455.360019 -1455.365343 -1455.374650 -1455.391439 -1455.422688 -1455.482654 -1455.601514 -1455.846743 -1456.380342 -1457.618340 -1460.692738 -1468.960902 -1494.195489 -9999.0 -9999.0
-9999.0 -9999.0 972.648629 874.793111 776.788064 678.520556 580.106849 481.627325 383.126919 284.630329 186.151377 87.697988 -10.722032 -109.100308 -207.425372 -305.649127 -403.674588 -501.321085 -598.282485 -694.058170 -790.256056 -885.630263 -979.920051 -1072.850186 -1152.098355 -1221.412689 -1279.578392 -1326.433592 -1362.770501 -1390.022558 -1409.892898 -1424.053332 -1433.964793 -1440.807628 -1445.484674 -1448.662479 -1450.832109 -1452.412050 -1454.065407 -1457.900916 -1471.593201 -1526.957154 -1815.645120 -3868.297389 -3985.075110 -3985.071411 -3982.834866 -3961.151724 -3880.605243 -3717.729000 -3496.297280 -3236.614252 -3056.060499 -2935.377236 -2822.858644 -2706.531722 -2584.159888 -2458.836041 -2335.090504 -2215.405028 -2082.109421 -1520.492077 -1485.354965 -1463.482237 -1457.088639 -1455.657754 -1455.397081 -1455.354787 -1455.348696 -1455.348403 -1455.348965 -1455.349552 -1455.350034 -1455.350413 -1455.350711 -1455.350951 -1455.351147 -1455.351312 -1455.351455 -1455.351587 -1455.351719 -1455.351862 -1455.352035 -1455.352264 -1455.352589 -1455.353072 -1455.353815 -1455.354988 -1455.356884 -1455.360019 -1455.365343 -1455.374650 -1455.391439 -1455.422688 -1455.482654 -1455.601514 -1455.846743 -1456.380342 -1457.618340 -1460.692738 -1468.960902 -1494.195489 -9999.0 -9999.0
-9999.0 -9999.0 -9999.0 -9999.0 -9999.0 -9999.0 -9999.0 -9999.0 -9999.0 -9999.0 -9999.0 -9999.0 -9999.0 -9999.0 -9999.0 -9999.0 -9999.0 -9999.0 -9999.0 -9999.0 -9999.0 -9999.0 -9999.0 -9999.0 -9999.0 -9999.0 -9999.0 -9999.0 -9999.0 -9999.0 -9999.0 -9999.0 -9999.0 -9999.0 -9999.0 -9999.0 -9999.0 -9999.0 -9999.0 -9999.0 -9999.0 -9999.0 -9999.0 -9999.0 -9999.0 -9999.0 -9999.0 -9999.0 -9999.0 -9999.0 -9999.0 -9999.0 -9999.0 -9999.0 -9999.0 -9999.0 -9999.0 -9999.0 -9999.0 -9999.0 -9999.0 -9999.0 -9999.0 -9999.0 -9999.0 -9999.0 -9999.0 -9999.0 -9999.0 -9999.0 -9999.0 -9999.0 -9999.0 -9999.0 -9999.0 -9999.0 -9999.0 -9999.0 -9999.0 -9999.0 -9999.0 -9999.0 -9999.0 -9999.0 -9999.0 -9999.0 -9999.0 -9999.0 -9999.0 -9999.0 -9999.0 -9999.0 -9999.0 -9999.0 -9999.0 -9999.0 -9999.0 -9999.0 -9999.0 -9999.0 -9999.0 -9999.0 -9999.0 -9999.0
-9999.0 -9999.0 -9999.0 -9999.0 -9999.0 -9999.0 -9999.0 -9999.0 -9999.0 -9999.0 -9999.0 -9999.0 -9999.0 -9999.0 -9999.0 -9999.0 -9999.0 -9999.0 -9999.0 -9999.0 -9999.0 -9999.0 -9999.0 -9999.0 -9999.0 -9999.0 -9999.0 -9999.0 -9999.0 -9999.0 -9999.0 -9999.0 -9999.0 -9999.0 -9999.0 -9999.0 -9999.0 -9999.0 -9999.0 -9999.0 -9999.0 -9999.0 -9999.0 -9999.0 -9999.0 -9999.0 -9999.0 -9999.0 -9999.0 -9999.0 -9999.0 -9999.0 -9999.0 -9999.0 -9999.0 -9999.0 -9999.0 -9999.0 -9999.0 -9999.0 -9999.0 -9999.0 -9999.0 -9999.0 -9999.0 -9999.0 -9999.0 -9999.0 -9999.0 -9999.0 -9999.0 -9999.0 -9999.0 -9999.0 -9999.0 -9999.0 -9999.0 -9999.0 -9999.0 -9999.0 -9999.0 -9999.0 -9999.0 -9999.0 -9999.0 -9999.0 -9999.0 -9999.0 -9999.0 -9999.0 -9999.0 -9999.0 -9999.0 -9999.0 -9999.0 -9999.0 -9999.0 -9999.0 -9999.0 -9999.0 -9999.0 -9999.0 -9999.0 -9999.0