inst/processing_geotop_simulation/geotop_simulation/out/maps3D/PwL0010N0056.asc
ncols         104
nrows         10
xllcorner     -2.000000
yllcorner     0.000000
cellsize      1.000000
NODATA_value  -9999.0
-9999.0 -9999.0 -9999.0 -9999.0 -9999.0 -9999.0 -9999.0 -9999.0 -9999.0 -9999.0 -9999.0 -9999.0 -9999.0 -9999.0 -9999.0 -9999.0 -9999.0 -9999.0 -9999.0 -9999.0 -9999.0 -9999.0 -9999.0 -9999.0 -9999.0 -9999.0 -9999.0 -9999.0 -9999.0 -9999.0 -9999.0 -9999.0 -9999.0 -9999.0 -9999.0 -9999.0 -9999.0 -9999.0 -9999.0 -9999.0 -9999.0 -9999.0 -9999.0 -9999.0 -9999.0 -9999.0 -9999.0 -9999.0 -9999.0 -9999.0 -9999.0 -9999.0 -9999.0 -9999.0 -9999.0 -9999.0 -9999.0 -9999.0 -9999.0 -9999.0 -9999.0 -9999.0 -9999.0 -9999.0 -9999.0 -9999.0 -9999.0 -9999.0 -9999.0 -9999.0 -9999.0 -9999.0 -9999.0 -9999.0 -9999.0 -9999.0 -9999.0 -9999.0 -9999.0 -9999.0 -9999.0 -9999.0 -9999.0 -9999.0 -9999.0 -9999.0 -9999.0 -9999.0 -9999.0 -9999.0 -9999.0 -9999.0 -9999.0 -9999.0 -9999.0 -9999.0 -9999.0 -9999.0 -9999.0 -9999.0 -9999.0 -9999.0 -9999.0 -9999.0
-9999.0 -9999.0 -9999.0 -9999.0 -9999.0 -9999.0 -9999.0 -9999.0 -9999.0 -9999.0 -9999.0 -9999.0 -9999.0 -9999.0 -9999.0 -9999.0 -9999.0 -9999.0 -9999.0 -9999.0 -9999.0 -9999.0 -9999.0 -9999.0 -9999.0 -9999.0 -9999.0 -9999.0 -9999.0 -9999.0 -9999.0 -9999.0 -9999.0 -9999.0 -9999.0 -9999.0 -9999.0 -9999.0 -9999.0 -9999.0 -9999.0 -9999.0 -9999.0 -9999.0 -9999.0 -9999.0 -9999.0 -9999.0 -9999.0 -9999.0 -9999.0 -9999.0 -9999.0 -9999.0 -9999.0 -9999.0 -9999.0 -9999.0 -9999.0 -9999.0 -9999.0 -9999.0 -9999.0 -9999.0 -9999.0 -9999.0 -9999.0 -9999.0 -9999.0 -9999.0 -9999.0 -9999.0 -9999.0 -9999.0 -9999.0 -9999.0 -9999.0 -9999.0 -9999.0 -9999.0 -9999.0 -9999.0 -9999.0 -9999.0 -9999.0 -9999.0 -9999.0 -9999.0 -9999.0 -9999.0 -9999.0 -9999.0 -9999.0 -9999.0 -9999.0 -9999.0 -9999.0 -9999.0 -9999.0 -9999.0 -9999.0 -9999.0 -9999.0 -9999.0
-9999.0 -9999.0 -463.822145 -601.403652 -739.428988 -843.387320 -897.499805 -920.410344 -929.961148 -930.181398 -908.142081 -876.938795 -848.053312 -819.898136 -797.400424 -833.143069 -867.583253 -901.968838 -938.725485 -916.250768 -898.517599 -888.324327 -884.892505 -886.527595 -891.528335 -898.416655 -905.960081 -913.214466 -919.576438 -924.775056 -928.790153 -931.751387 -933.853666 -935.298105 -936.260325 -936.880735 -937.280614 -937.613521 -937.978104 -938.141386 -941.772092 -1001.536677 -2254.291229 -4476.125158 -4474.531202 -4465.255803 -4456.562285 -4455.263497 -4455.128731 -4455.132415 -4455.153617 -4455.176718 -4455.198878 -4455.219367 -4455.238485 -4455.262057 -4455.348324 -4456.017365 -4460.894249 -4468.547172 -4471.007840 -2150.497427 -984.427171 -941.810465 -938.792280 -938.269497 -938.153578 -938.133447 -938.134033 -938.138199 -938.142223 -938.145427 -938.147851 -938.149675 -938.151064 -938.152139 -938.152989 -938.153673 -938.154236 -938.154725 -938.155192 -938.155697 -938.156318 -938.157166 -938.158408 -938.160303 -938.163265 -938.167971 -938.175543 -938.187896 -938.208408 -938.243237 -938.304021 -938.413398 -938.616237 -939.001997 -939.748394 -941.207914 -944.098311 -950.010953 -962.894942 -992.928824 -9999.0 -9999.0
-9999.0 -9999.0 -463.822144 -601.403642 -739.428971 -843.387306 -897.499800 -920.410343 -929.961149 -930.181399 -908.142081 -876.938795 -848.053312 -819.898136 -797.400424 -833.143069 -867.583253 -901.968838 -938.725485 -916.250768 -898.517599 -888.324327 -884.892505 -886.527595 -891.528335 -898.416655 -905.960081 -913.214466 -919.576438 -924.775056 -928.790153 -931.751387 -933.853666 -935.298105 -936.260325 -936.880735 -937.280614 -937.613521 -937.978104 -938.141386 -941.772092 -1001.536677 -2254.291229 -4476.125158 -4474.531201 -4465.255803 -4456.562285 -4455.263497 -4455.128731 -4455.132415 -4455.153617 -4455.176718 -4455.198878 -4455.219367 -4455.238485 -4455.262057 -4455.348324 -4456.017365 -4460.894249 -4468.547172 -4471.007840 -2150.497427 -984.427171 -941.810465 -938.792280 -938.269497 -938.153578 -938.133447 -938.134033 -938.138199 -938.142223 -938.145427 -938.147851 -938.149675 -938.151064 -938.152139 -938.152989 -938.153673 -938.154236 -938.154725 -938.155192 -938.155697 -938.156318 -938.157166 -938.158408 -938.160303 -938.163265 -938.167971 -938.175543 -938.187896 -938.208408 -938.243237 -938.304021 -938.413398 -938.616237 -939.001997 -939.748394 -941.207914 -944.098311 -950.010953 -962.894942 -992.928824 -9999.0 -9999.0
-9999.0 -9999.0 -463.822141 -601.403638 -739.428959 -843.387295 -897.499796 -920.410343 -929.961150 -930.181399 -908.142081 -876.938795 -848.053312 -819.898136 -797.400424 -833.143069 -867.583253 -901.968838 -938.725485 -916.250768 -898.517599 -888.324327 -884.892505 -886.527595 -891.528335 -898.416655 -905.960081 -913.214466 -919.576438 -924.775056 -928.790153 -931.751387 -933.853666 -935.298105 -936.260325 -936.880735 -937.280614 -937.613521 -937.978104 -938.141386 -941.772092 -1001.536677 -2254.291229 -4476.125158 -4474.531201 -4465.255802 -4456.562285 -4455.263497 -4455.128731 -4455.132415 -4455.153617 -4455.176718 -4455.198878 -4455.219367 -4455.238485 -4455.262057 -4455.348324 -4456.017365 -4460.894249 -4468.547172 -4471.007840 -2150.497427 -984.427171 -941.810465 -938.792280 -938.269497 -938.153578 -938.133447 -938.134033 -938.138199 -938.142223 -938.145427 -938.147851 -938.149675 -938.151064 -938.152139 -938.152989 -938.153673 -938.154236 -938.154725 -938.155192 -938.155697 -938.156318 -938.157166 -938.158408 -938.160303 -938.163265 -938.167971 -938.175543 -938.187896 -938.208408 -938.243237 -938.304021 -938.413398 -938.616237 -939.001997 -939.748394 -941.207914 -944.098311 -950.010953 -962.894942 -992.928824 -9999.0 -9999.0
-9999.0 -9999.0 -463.822142 -601.403637 -739.428959 -843.387295 -897.499796 -920.410343 -929.961150 -930.181399 -908.142081 -876.938795 -848.053312 -819.898136 -797.400424 -833.143069 -867.583253 -901.968838 -938.725485 -916.250768 -898.517599 -888.324327 -884.892505 -886.527595 -891.528335 -898.416655 -905.960081 -913.214466 -919.576438 -924.775056 -928.790153 -931.751387 -933.853666 -935.298105 -936.260325 -936.880735 -937.280614 -937.613521 -937.978104 -938.141386 -941.772092 -1001.536677 -2254.291229 -4476.125158 -4474.531201 -4465.255802 -4456.562285 -4455.263497 -4455.128731 -4455.132415 -4455.153617 -4455.176718 -4455.198878 -4455.219367 -4455.238485 -4455.262057 -4455.348324 -4456.017365 -4460.894249 -4468.547172 -4471.007840 -2150.497427 -984.427171 -941.810465 -938.792280 -938.269497 -938.153578 -938.133447 -938.134033 -938.138199 -938.142223 -938.145427 -938.147851 -938.149675 -938.151064 -938.152139 -938.152989 -938.153673 -938.154236 -938.154725 -938.155192 -938.155697 -938.156318 -938.157166 -938.158408 -938.160303 -938.163265 -938.167971 -938.175543 -938.187896 -938.208408 -938.243237 -938.304021 -938.413398 -938.616237 -939.001997 -939.748394 -941.207914 -944.098311 -950.010953 -962.894942 -992.928824 -9999.0 -9999.0
-9999.0 -9999.0 -463.822143 -601.403643 -739.428971 -843.387306 -897.499800 -920.410343 -929.961149 -930.181399 -908.142081 -876.938795 -848.053312 -819.898136 -797.400424 -833.143069 -867.583253 -901.968838 -938.725485 -916.250768 -898.517599 -888.324327 -884.892505 -886.527595 -891.528335 -898.416655 -905.960081 -913.214466 -919.576438 -924.775056 -928.790153 -931.751387 -933.853666 -935.298105 -936.260325 -936.880735 -937.280614 -937.613521 -937.978104 -938.141386 -941.772092 -1001.536677 -2254.291229 -4476.125158 -4474.531201 -4465.255803 -4456.562285 -4455.263497 -4455.128731 -4455.132415 -4455.153617 -4455.176718 -4455.198878 -4455.219367 -4455.238485 -4455.262057 -4455.348324 -4456.017365 -4460.894249 -4468.547172 -4471.007840 -2150.497427 -984.427171 -941.810465 -938.792280 -938.269497 -938.153578 -938.133447 -938.134033 -938.138199 -938.142223 -938.145427 -938.147851 -938.149675 -938.151064 -938.152139 -938.152989 -938.153673 -938.154236 -938.154725 -938.155192 -938.155697 -938.156318 -938.157166 -938.158408 -938.160303 -938.163265 -938.167971 -938.175543 -938.187896 -938.208408 -938.243237 -938.304021 -938.413398 -938.616237 -939.001997 -939.748394 -941.207914 -944.098311 -950.010953 -962.894942 -992.928824 -9999.0 -9999.0
-9999.0 -9999.0 -463.822146 -601.403652 -739.428988 -843.387320 -897.499805 -920.410344 -929.961148 -930.181398 -908.142081 -876.938795 -848.053312 -819.898136 -797.400424 -833.143069 -867.583253 -901.968838 -938.725485 -916.250768 -898.517599 -888.324327 -884.892505 -886.527595 -891.528335 -898.416655 -905.960081 -913.214466 -919.576438 -924.775056 -928.790153 -931.751387 -933.853666 -935.298105 -936.260325 -936.880735 -937.280614 -937.613521 -937.978104 -938.141386 -941.772092 -1001.536677 -2254.291229 -4476.125158 -4474.531202 -4465.255803 -4456.562285 -4455.263497 -4455.128731 -4455.132415 -4455.153617 -4455.176718 -4455.198878 -4455.219367 -4455.238485 -4455.262057 -4455.348324 -4456.017365 -4460.894249 -4468.547172 -4471.007840 -2150.497427 -984.427171 -941.810465 -938.792280 -938.269497 -938.153578 -938.133447 -938.134033 -938.138199 -938.142223 -938.145427 -938.147851 -938.149675 -938.151064 -938.152139 -938.152989 -938.153673 -938.154236 -938.154725 -938.155192 -938.155697 -938.156318 -938.157166 -938.158408 -938.160303 -938.163265 -938.167971 -938.175543 -938.187896 -938.208408 -938.243237 -938.304021 -938.413398 -938.616237 -939.001997 -939.748394 -941.207914 -944.098311 -950.010953 -962.894942 -992.928824 -9999.0 -9999.0
-9999.0 -9999.0 -9999.0 -9999.0 -9999.0 -9999.0 -9999.0 -9999.0 -9999.0 -9999.0 -9999.0 -9999.0 -9999.0 -9999.0 -9999.0 -9999.0 -9999.0 -9999.0 -9999.0 -9999.0 -9999.0 -9999.0 -9999.0 -9999.0 -9999.0 -9999.0 -9999.0 -9999.0 -9999.0 -9999.0 -9999.0 -9999.0 -9999.0 -9999.0 -9999.0 -9999.0 -9999.0 -9999.0 -9999.0 -9999.0 -9999.0 -9999.0 -9999.0 -9999.0 -9999.0 -9999.0 -9999.0 -9999.0 -9999.0 -9999.0 -9999.0 -9999.0 -9999.0 -9999.0 -9999.0 -9999.0 -9999.0 -9999.0 -9999.0 -9999.0 -9999.0 -9999.0 -9999.0 -9999.0 -9999.0 -9999.0 -9999.0 -9999.0 -9999.0 -9999.0 -9999.0 -9999.0 -9999.0 -9999.0 -9999.0 -9999.0 -9999.0 -9999.0 -9999.0 -9999.0 -9999.0 -9999.0 -9999.0 -9999.0 -9999.0 -9999.0 -9999.0 -9999.0 -9999.0 -9999.0 -9999.0 -9999.0 -9999.0 -9999.0 -9999.0 -9999.0 -9999.0 -9999.0 -9999.0 -9999.0 -9999.0 -9999.0 -9999.0 -9999.0
-9999.0 -9999.0 -9999.0 -9999.0 -9999.0 -9999.0 -9999.0 -9999.0 -9999.0 -9999.0 -9999.0 -9999.0 -9999.0 -9999.0 -9999.0 -9999.0 -9999.0 -9999.0 -9999.0 -9999.0 -9999.0 -9999.0 -9999.0 -9999.0 -9999.0 -9999.0 -9999.0 -9999.0 -9999.0 -9999.0 -9999.0 -9999.0 -9999.0 -9999.0 -9999.0 -9999.0 -9999.0 -9999.0 -9999.0 -9999.0 -9999.0 -9999.0 -9999.0 -9999.0 -9999.0 -9999.0 -9999.0 -9999.0 -9999.0 -9999.0 -9999.0 -9999.0 -9999.0 -9999.0 -9999.0 -9999.0 -9999.0 -9999.0 -9999.0 -9999.0 -9999.0 -9999.0 -9999.0 -9999.0 -9999.0 -9999.0 -9999.0 -9999.0 -9999.0 -9999.0 -9999.0 -9999.0 -9999.0 -9999.0 -9999.0 -9999.0 -9999.0 -9999.0 -9999.0 -9999.0 -9999.0 -9999.0 -9999.0 -9999.0 -9999.0 -9999.0 -9999.0 -9999.0 -9999.0 -9999.0 -9999.0 -9999.0 -9999.0 -9999.0 -9999.0 -9999.0 -9999.0 -9999.0 -9999.0 -9999.0 -9999.0 -9999.0 -9999.0 -9999.0