inst/processing_geotop_simulation/geotop_simulation/out/maps3D/PwL0002N0268.asc
ncols         104
nrows         10
xllcorner     -2.000000
yllcorner     0.000000
cellsize      1.000000
NODATA_value  -9999.0
-9999.0 -9999.0 -9999.0 -9999.0 -9999.0 -9999.0 -9999.0 -9999.0 -9999.0 -9999.0 -9999.0 -9999.0 -9999.0 -9999.0 -9999.0 -9999.0 -9999.0 -9999.0 -9999.0 -9999.0 -9999.0 -9999.0 -9999.0 -9999.0 -9999.0 -9999.0 -9999.0 -9999.0 -9999.0 -9999.0 -9999.0 -9999.0 -9999.0 -9999.0 -9999.0 -9999.0 -9999.0 -9999.0 -9999.0 -9999.0 -9999.0 -9999.0 -9999.0 -9999.0 -9999.0 -9999.0 -9999.0 -9999.0 -9999.0 -9999.0 -9999.0 -9999.0 -9999.0 -9999.0 -9999.0 -9999.0 -9999.0 -9999.0 -9999.0 -9999.0 -9999.0 -9999.0 -9999.0 -9999.0 -9999.0 -9999.0 -9999.0 -9999.0 -9999.0 -9999.0 -9999.0 -9999.0 -9999.0 -9999.0 -9999.0 -9999.0 -9999.0 -9999.0 -9999.0 -9999.0 -9999.0 -9999.0 -9999.0 -9999.0 -9999.0 -9999.0 -9999.0 -9999.0 -9999.0 -9999.0 -9999.0 -9999.0 -9999.0 -9999.0 -9999.0 -9999.0 -9999.0 -9999.0 -9999.0 -9999.0 -9999.0 -9999.0 -9999.0 -9999.0
-9999.0 -9999.0 -9999.0 -9999.0 -9999.0 -9999.0 -9999.0 -9999.0 -9999.0 -9999.0 -9999.0 -9999.0 -9999.0 -9999.0 -9999.0 -9999.0 -9999.0 -9999.0 -9999.0 -9999.0 -9999.0 -9999.0 -9999.0 -9999.0 -9999.0 -9999.0 -9999.0 -9999.0 -9999.0 -9999.0 -9999.0 -9999.0 -9999.0 -9999.0 -9999.0 -9999.0 -9999.0 -9999.0 -9999.0 -9999.0 -9999.0 -9999.0 -9999.0 -9999.0 -9999.0 -9999.0 -9999.0 -9999.0 -9999.0 -9999.0 -9999.0 -9999.0 -9999.0 -9999.0 -9999.0 -9999.0 -9999.0 -9999.0 -9999.0 -9999.0 -9999.0 -9999.0 -9999.0 -9999.0 -9999.0 -9999.0 -9999.0 -9999.0 -9999.0 -9999.0 -9999.0 -9999.0 -9999.0 -9999.0 -9999.0 -9999.0 -9999.0 -9999.0 -9999.0 -9999.0 -9999.0 -9999.0 -9999.0 -9999.0 -9999.0 -9999.0 -9999.0 -9999.0 -9999.0 -9999.0 -9999.0 -9999.0 -9999.0 -9999.0 -9999.0 -9999.0 -9999.0 -9999.0 -9999.0 -9999.0 -9999.0 -9999.0 -9999.0 -9999.0
-9999.0 -9999.0 77.309394 -17.722822 -115.331830 -213.558602 -312.010706 -410.536365 -509.057198 -607.509037 -705.743086 -803.681783 -901.232197 -998.261561 -1095.178548 -1191.883741 -1287.427491 -1381.195288 -1472.475749 -1559.912718 -1640.173667 -1709.103664 -1764.294155 -1805.990052 -1836.211952 -1857.537048 -1872.334899 -1882.488957 -1889.393611 -1894.048604 -1897.161069 -1899.226423 -1900.588132 -1901.481432 -1902.065735 -1902.449929 -1902.716349 -1902.966753 -1903.515721 -1905.636374 -1911.493302 -1882.767053 -1159.459423 -1157.769198 -1146.938821 -1139.963515 -1136.687632 -1136.192957 -1136.140475 -1136.146445 -1136.161011 -1136.176640 -1136.191660 -1136.205568 -1136.218464 -1136.233328 -1136.278347 -1136.576110 -1138.327811 -1142.233758 -1147.906623 -1141.858208 -1860.494742 -1905.850615 -1904.352959 -1903.457102 -1903.279360 -1903.250429 -1903.246413 -1903.246471 -1903.247114 -1903.247723 -1903.248208 -1903.248580 -1903.248865 -1903.249086 -1903.249261 -1903.249403 -1903.249522 -1903.249629 -1903.249733 -1903.249850 -1903.249998 -1903.250203 -1903.250506 -1903.250973 -1903.251709 -1903.252888 -1903.254808 -1903.257995 -1903.263401 -1903.272823 -1903.289732 -1903.320991 -1903.380390 -1903.496183 -1903.728431 -1904.213100 -1905.284791 -1907.851996 -1914.767034 -1937.246572 -9999.0 -9999.0
-9999.0 -9999.0 77.321007 -17.720741 -115.331310 -213.558451 -312.010658 -410.536348 -509.057192 -607.509035 -705.743085 -803.681783 -901.232197 -998.261560 -1095.178548 -1191.883741 -1287.427491 -1381.195288 -1472.475749 -1559.912718 -1640.173667 -1709.103664 -1764.294155 -1805.990053 -1836.211952 -1857.537048 -1872.334899 -1882.488957 -1889.393611 -1894.048604 -1897.161069 -1899.226423 -1900.588132 -1901.481432 -1902.065735 -1902.449929 -1902.716349 -1902.966753 -1903.515721 -1905.636374 -1911.493302 -1882.767053 -1159.459423 -1157.769198 -1146.938820 -1139.963515 -1136.687632 -1136.192957 -1136.140475 -1136.146445 -1136.161011 -1136.176640 -1136.191660 -1136.205568 -1136.218464 -1136.233328 -1136.278347 -1136.576110 -1138.327811 -1142.233758 -1147.906623 -1141.858208 -1860.494742 -1905.850615 -1904.352959 -1903.457102 -1903.279360 -1903.250429 -1903.246413 -1903.246471 -1903.247114 -1903.247723 -1903.248208 -1903.248580 -1903.248865 -1903.249086 -1903.249261 -1903.249403 -1903.249522 -1903.249629 -1903.249733 -1903.249850 -1903.249998 -1903.250203 -1903.250506 -1903.250973 -1903.251709 -1903.252888 -1903.254808 -1903.257995 -1903.263401 -1903.272823 -1903.289732 -1903.320991 -1903.380390 -1903.496183 -1903.728431 -1904.213100 -1905.284791 -1907.851996 -1914.767034 -1937.246572 -9999.0 -9999.0
-9999.0 -9999.0 77.322268 -17.719908 -115.330982 -213.558332 -312.010616 -410.536333 -509.057187 -607.509032 -705.743084 -803.681782 -901.232197 -998.261560 -1095.178548 -1191.883741 -1287.427491 -1381.195288 -1472.475749 -1559.912718 -1640.173667 -1709.103664 -1764.294156 -1805.990053 -1836.211952 -1857.537048 -1872.334899 -1882.488958 -1889.393611 -1894.048604 -1897.161069 -1899.226423 -1900.588132 -1901.481432 -1902.065735 -1902.449929 -1902.716349 -1902.966753 -1903.515721 -1905.636374 -1911.493302 -1882.767053 -1159.459423 -1157.769198 -1146.938820 -1139.963515 -1136.687632 -1136.192957 -1136.140475 -1136.146445 -1136.161011 -1136.176640 -1136.191660 -1136.205568 -1136.218464 -1136.233328 -1136.278347 -1136.576110 -1138.327811 -1142.233758 -1147.906623 -1141.858208 -1860.494742 -1905.850615 -1904.352959 -1903.457102 -1903.279360 -1903.250429 -1903.246413 -1903.246471 -1903.247114 -1903.247723 -1903.248208 -1903.248580 -1903.248865 -1903.249086 -1903.249261 -1903.249403 -1903.249522 -1903.249629 -1903.249733 -1903.249850 -1903.249998 -1903.250203 -1903.250506 -1903.250973 -1903.251709 -1903.252888 -1903.254808 -1903.257995 -1903.263401 -1903.272823 -1903.289732 -1903.320991 -1903.380390 -1903.496183 -1903.728431 -1904.213100 -1905.284791 -1907.851996 -1914.767034 -1937.246572 -9999.0 -9999.0
-9999.0 -9999.0 77.322268 -17.719908 -115.330982 -213.558332 -312.010616 -410.536333 -509.057187 -607.509032 -705.743084 -803.681782 -901.232197 -998.261560 -1095.178548 -1191.883741 -1287.427491 -1381.195288 -1472.475749 -1559.912718 -1640.173667 -1709.103664 -1764.294156 -1805.990053 -1836.211952 -1857.537048 -1872.334899 -1882.488958 -1889.393611 -1894.048604 -1897.161069 -1899.226423 -1900.588132 -1901.481432 -1902.065735 -1902.449929 -1902.716349 -1902.966753 -1903.515721 -1905.636374 -1911.493302 -1882.767053 -1159.459423 -1157.769198 -1146.938820 -1139.963515 -1136.687632 -1136.192957 -1136.140475 -1136.146445 -1136.161011 -1136.176640 -1136.191660 -1136.205568 -1136.218464 -1136.233328 -1136.278347 -1136.576110 -1138.327811 -1142.233758 -1147.906623 -1141.858208 -1860.494742 -1905.850615 -1904.352959 -1903.457102 -1903.279360 -1903.250429 -1903.246413 -1903.246471 -1903.247114 -1903.247723 -1903.248208 -1903.248580 -1903.248865 -1903.249086 -1903.249261 -1903.249403 -1903.249522 -1903.249629 -1903.249733 -1903.249850 -1903.249998 -1903.250203 -1903.250506 -1903.250973 -1903.251709 -1903.252888 -1903.254808 -1903.257995 -1903.263401 -1903.272823 -1903.289732 -1903.320991 -1903.380390 -1903.496183 -1903.728431 -1904.213100 -1905.284791 -1907.851996 -1914.767034 -1937.246572 -9999.0 -9999.0
-9999.0 -9999.0 77.321007 -17.720741 -115.331310 -213.558451 -312.010658 -410.536348 -509.057192 -607.509035 -705.743085 -803.681783 -901.232197 -998.261560 -1095.178548 -1191.883741 -1287.427491 -1381.195288 -1472.475749 -1559.912718 -1640.173667 -1709.103664 -1764.294155 -1805.990053 -1836.211952 -1857.537048 -1872.334899 -1882.488957 -1889.393611 -1894.048604 -1897.161069 -1899.226423 -1900.588132 -1901.481432 -1902.065735 -1902.449929 -1902.716349 -1902.966753 -1903.515721 -1905.636374 -1911.493302 -1882.767053 -1159.459423 -1157.769198 -1146.938820 -1139.963515 -1136.687632 -1136.192957 -1136.140475 -1136.146445 -1136.161011 -1136.176640 -1136.191660 -1136.205568 -1136.218464 -1136.233328 -1136.278347 -1136.576110 -1138.327811 -1142.233758 -1147.906623 -1141.858208 -1860.494742 -1905.850615 -1904.352959 -1903.457102 -1903.279360 -1903.250429 -1903.246413 -1903.246471 -1903.247114 -1903.247723 -1903.248208 -1903.248580 -1903.248865 -1903.249086 -1903.249261 -1903.249403 -1903.249522 -1903.249629 -1903.249733 -1903.249850 -1903.249998 -1903.250203 -1903.250506 -1903.250973 -1903.251709 -1903.252888 -1903.254808 -1903.257995 -1903.263401 -1903.272823 -1903.289732 -1903.320991 -1903.380390 -1903.496183 -1903.728431 -1904.213100 -1905.284791 -1907.851996 -1914.767034 -1937.246572 -9999.0 -9999.0
-9999.0 -9999.0 77.309394 -17.722822 -115.331830 -213.558602 -312.010706 -410.536365 -509.057198 -607.509037 -705.743086 -803.681783 -901.232197 -998.261561 -1095.178548 -1191.883741 -1287.427491 -1381.195288 -1472.475749 -1559.912718 -1640.173667 -1709.103664 -1764.294155 -1805.990052 -1836.211952 -1857.537048 -1872.334899 -1882.488957 -1889.393611 -1894.048604 -1897.161069 -1899.226423 -1900.588132 -1901.481432 -1902.065735 -1902.449929 -1902.716349 -1902.966753 -1903.515721 -1905.636374 -1911.493302 -1882.767053 -1159.459423 -1157.769198 -1146.938821 -1139.963515 -1136.687632 -1136.192957 -1136.140475 -1136.146445 -1136.161011 -1136.176640 -1136.191660 -1136.205568 -1136.218464 -1136.233328 -1136.278347 -1136.576110 -1138.327811 -1142.233758 -1147.906623 -1141.858208 -1860.494742 -1905.850615 -1904.352959 -1903.457102 -1903.279360 -1903.250429 -1903.246413 -1903.246471 -1903.247114 -1903.247723 -1903.248208 -1903.248580 -1903.248865 -1903.249086 -1903.249261 -1903.249403 -1903.249522 -1903.249629 -1903.249733 -1903.249850 -1903.249998 -1903.250203 -1903.250506 -1903.250973 -1903.251709 -1903.252888 -1903.254808 -1903.257995 -1903.263401 -1903.272823 -1903.289732 -1903.320991 -1903.380390 -1903.496183 -1903.728431 -1904.213100 -1905.284791 -1907.851996 -1914.767034 -1937.246572 -9999.0 -9999.0
-9999.0 -9999.0 -9999.0 -9999.0 -9999.0 -9999.0 -9999.0 -9999.0 -9999.0 -9999.0 -9999.0 -9999.0 -9999.0 -9999.0 -9999.0 -9999.0 -9999.0 -9999.0 -9999.0 -9999.0 -9999.0 -9999.0 -9999.0 -9999.0 -9999.0 -9999.0 -9999.0 -9999.0 -9999.0 -9999.0 -9999.0 -9999.0 -9999.0 -9999.0 -9999.0 -9999.0 -9999.0 -9999.0 -9999.0 -9999.0 -9999.0 -9999.0 -9999.0 -9999.0 -9999.0 -9999.0 -9999.0 -9999.0 -9999.0 -9999.0 -9999.0 -9999.0 -9999.0 -9999.0 -9999.0 -9999.0 -9999.0 -9999.0 -9999.0 -9999.0 -9999.0 -9999.0 -9999.0 -9999.0 -9999.0 -9999.0 -9999.0 -9999.0 -9999.0 -9999.0 -9999.0 -9999.0 -9999.0 -9999.0 -9999.0 -9999.0 -9999.0 -9999.0 -9999.0 -9999.0 -9999.0 -9999.0 -9999.0 -9999.0 -9999.0 -9999.0 -9999.0 -9999.0 -9999.0 -9999.0 -9999.0 -9999.0 -9999.0 -9999.0 -9999.0 -9999.0 -9999.0 -9999.0 -9999.0 -9999.0 -9999.0 -9999.0 -9999.0 -9999.0
-9999.0 -9999.0 -9999.0 -9999.0 -9999.0 -9999.0 -9999.0 -9999.0 -9999.0 -9999.0 -9999.0 -9999.0 -9999.0 -9999.0 -9999.0 -9999.0 -9999.0 -9999.0 -9999.0 -9999.0 -9999.0 -9999.0 -9999.0 -9999.0 -9999.0 -9999.0 -9999.0 -9999.0 -9999.0 -9999.0 -9999.0 -9999.0 -9999.0 -9999.0 -9999.0 -9999.0 -9999.0 -9999.0 -9999.0 -9999.0 -9999.0 -9999.0 -9999.0 -9999.0 -9999.0 -9999.0 -9999.0 -9999.0 -9999.0 -9999.0 -9999.0 -9999.0 -9999.0 -9999.0 -9999.0 -9999.0 -9999.0 -9999.0 -9999.0 -9999.0 -9999.0 -9999.0 -9999.0 -9999.0 -9999.0 -9999.0 -9999.0 -9999.0 -9999.0 -9999.0 -9999.0 -9999.0 -9999.0 -9999.0 -9999.0 -9999.0 -9999.0 -9999.0 -9999.0 -9999.0 -9999.0 -9999.0 -9999.0 -9999.0 -9999.0 -9999.0 -9999.0 -9999.0 -9999.0 -9999.0 -9999.0 -9999.0 -9999.0 -9999.0 -9999.0 -9999.0 -9999.0 -9999.0 -9999.0 -9999.0 -9999.0 -9999.0 -9999.0 -9999.0