inst/processing_geotop_simulation/geotop_simulation/out/maps3D/PwL0000N0309.asc
ncols         104
nrows         10
xllcorner     -2.000000
yllcorner     0.000000
cellsize      1.000000
NODATA_value  -9999.0
-9999.0 -9999.0 -9999.0 -9999.0 -9999.0 -9999.0 -9999.0 -9999.0 -9999.0 -9999.0 -9999.0 -9999.0 -9999.0 -9999.0 -9999.0 -9999.0 -9999.0 -9999.0 -9999.0 -9999.0 -9999.0 -9999.0 -9999.0 -9999.0 -9999.0 -9999.0 -9999.0 -9999.0 -9999.0 -9999.0 -9999.0 -9999.0 -9999.0 -9999.0 -9999.0 -9999.0 -9999.0 -9999.0 -9999.0 -9999.0 -9999.0 -9999.0 -9999.0 -9999.0 -9999.0 -9999.0 -9999.0 -9999.0 -9999.0 -9999.0 -9999.0 -9999.0 -9999.0 -9999.0 -9999.0 -9999.0 -9999.0 -9999.0 -9999.0 -9999.0 -9999.0 -9999.0 -9999.0 -9999.0 -9999.0 -9999.0 -9999.0 -9999.0 -9999.0 -9999.0 -9999.0 -9999.0 -9999.0 -9999.0 -9999.0 -9999.0 -9999.0 -9999.0 -9999.0 -9999.0 -9999.0 -9999.0 -9999.0 -9999.0 -9999.0 -9999.0 -9999.0 -9999.0 -9999.0 -9999.0 -9999.0 -9999.0 -9999.0 -9999.0 -9999.0 -9999.0 -9999.0 -9999.0 -9999.0 -9999.0 -9999.0 -9999.0 -9999.0 -9999.0
-9999.0 -9999.0 -9999.0 -9999.0 -9999.0 -9999.0 -9999.0 -9999.0 -9999.0 -9999.0 -9999.0 -9999.0 -9999.0 -9999.0 -9999.0 -9999.0 -9999.0 -9999.0 -9999.0 -9999.0 -9999.0 -9999.0 -9999.0 -9999.0 -9999.0 -9999.0 -9999.0 -9999.0 -9999.0 -9999.0 -9999.0 -9999.0 -9999.0 -9999.0 -9999.0 -9999.0 -9999.0 -9999.0 -9999.0 -9999.0 -9999.0 -9999.0 -9999.0 -9999.0 -9999.0 -9999.0 -9999.0 -9999.0 -9999.0 -9999.0 -9999.0 -9999.0 -9999.0 -9999.0 -9999.0 -9999.0 -9999.0 -9999.0 -9999.0 -9999.0 -9999.0 -9999.0 -9999.0 -9999.0 -9999.0 -9999.0 -9999.0 -9999.0 -9999.0 -9999.0 -9999.0 -9999.0 -9999.0 -9999.0 -9999.0 -9999.0 -9999.0 -9999.0 -9999.0 -9999.0 -9999.0 -9999.0 -9999.0 -9999.0 -9999.0 -9999.0 -9999.0 -9999.0 -9999.0 -9999.0 -9999.0 -9999.0 -9999.0 -9999.0 -9999.0 -9999.0 -9999.0 -9999.0 -9999.0 -9999.0 -9999.0 -9999.0 -9999.0 -9999.0
-9999.0 -9999.0 0.029470 -93.852182 -192.016978 -290.657656 -389.471058 -488.341664 -587.210970 -686.028981 -784.708392 -883.180288 -981.385282 -1079.234605 -1176.988917 -1274.584891 -1371.368381 -1466.826462 -1560.202290 -1650.279960 -1734.589017 -1809.460805 -1871.846556 -1920.835351 -1957.551122 -1984.170659 -2003.038535 -2016.201416 -2025.272743 -2031.459895 -2035.641594 -2038.445620 -2040.313570 -2041.551645 -2042.369735 -2042.912333 -2043.287894 -2043.624428 -2044.279263 -2046.494066 -2051.038316 -2009.419716 -1250.119551 -1246.725316 -1236.563495 -1229.971509 -1226.871969 -1226.395353 -1226.344209 -1226.349560 -1226.363174 -1226.377809 -1226.391876 -1226.404906 -1226.417006 -1226.431129 -1226.474913 -1226.763352 -1228.426161 -1232.118297 -1237.370077 -1233.470348 -1986.810965 -2045.224543 -2045.109386 -2044.260673 -2044.068331 -2044.035337 -2044.030538 -2044.030386 -2044.030921 -2044.031457 -2044.031889 -2044.032221 -2044.032476 -2044.032675 -2044.032833 -2044.032961 -2044.033070 -2044.033166 -2044.033262 -2044.033369 -2044.033504 -2044.033692 -2044.033969 -2044.034395 -2044.035065 -2044.036139 -2044.037890 -2044.040800 -2044.045751 -2044.054403 -2044.069981 -2044.098869 -2044.153954 -2044.261857 -2044.479949 -2044.940408 -2045.974516 -2048.500133 -2055.457558 -2078.383696 -9999.0 -9999.0
-9999.0 -9999.0 0.093881 -93.850169 -192.016476 -290.657510 -389.471011 -488.341648 -587.210964 -686.028978 -784.708391 -883.180287 -981.385282 -1079.234605 -1176.988917 -1274.584891 -1371.368381 -1466.826462 -1560.202290 -1650.279960 -1734.589017 -1809.460805 -1871.846557 -1920.835351 -1957.551122 -1984.170660 -2003.038535 -2016.201416 -2025.272743 -2031.459895 -2035.641594 -2038.445620 -2040.313570 -2041.551645 -2042.369735 -2042.912333 -2043.287894 -2043.624428 -2044.279263 -2046.494066 -2051.038316 -2009.419716 -1250.119551 -1246.725316 -1236.563495 -1229.971509 -1226.871969 -1226.395353 -1226.344209 -1226.349560 -1226.363174 -1226.377809 -1226.391876 -1226.404906 -1226.417006 -1226.431129 -1226.474913 -1226.763352 -1228.426161 -1232.118297 -1237.370077 -1233.470348 -1986.810965 -2045.224543 -2045.109386 -2044.260673 -2044.068331 -2044.035337 -2044.030538 -2044.030386 -2044.030921 -2044.031457 -2044.031889 -2044.032221 -2044.032476 -2044.032675 -2044.032833 -2044.032961 -2044.033070 -2044.033166 -2044.033262 -2044.033369 -2044.033504 -2044.033692 -2044.033969 -2044.034395 -2044.035065 -2044.036139 -2044.037890 -2044.040800 -2044.045751 -2044.054403 -2044.069981 -2044.098869 -2044.153954 -2044.261857 -2044.479949 -2044.940408 -2045.974516 -2048.500133 -2055.457558 -2078.383696 -9999.0 -9999.0
-9999.0 -9999.0 0.093891 -93.849363 -192.016159 -290.657395 -389.470970 -488.341633 -587.210959 -686.028976 -784.708390 -883.180287 -981.385282 -1079.234605 -1176.988917 -1274.584891 -1371.368381 -1466.826462 -1560.202290 -1650.279960 -1734.589017 -1809.460805 -1871.846557 -1920.835352 -1957.551122 -1984.170660 -2003.038535 -2016.201416 -2025.272743 -2031.459895 -2035.641594 -2038.445620 -2040.313570 -2041.551645 -2042.369735 -2042.912333 -2043.287894 -2043.624428 -2044.279263 -2046.494066 -2051.038316 -2009.419716 -1250.119551 -1246.725316 -1236.563495 -1229.971509 -1226.871969 -1226.395353 -1226.344209 -1226.349560 -1226.363174 -1226.377809 -1226.391876 -1226.404906 -1226.417006 -1226.431129 -1226.474913 -1226.763352 -1228.426161 -1232.118297 -1237.370077 -1233.470348 -1986.810965 -2045.224543 -2045.109386 -2044.260673 -2044.068331 -2044.035337 -2044.030538 -2044.030386 -2044.030921 -2044.031457 -2044.031889 -2044.032221 -2044.032476 -2044.032675 -2044.032833 -2044.032961 -2044.033070 -2044.033166 -2044.033262 -2044.033369 -2044.033504 -2044.033692 -2044.033969 -2044.034395 -2044.035065 -2044.036139 -2044.037890 -2044.040800 -2044.045751 -2044.054403 -2044.069981 -2044.098869 -2044.153954 -2044.261857 -2044.479949 -2044.940408 -2045.974516 -2048.500133 -2055.457558 -2078.383696 -9999.0 -9999.0
-9999.0 -9999.0 0.093891 -93.849363 -192.016159 -290.657395 -389.470970 -488.341633 -587.210959 -686.028976 -784.708390 -883.180287 -981.385282 -1079.234605 -1176.988917 -1274.584891 -1371.368381 -1466.826462 -1560.202290 -1650.279960 -1734.589017 -1809.460805 -1871.846557 -1920.835352 -1957.551122 -1984.170660 -2003.038535 -2016.201416 -2025.272743 -2031.459895 -2035.641594 -2038.445620 -2040.313570 -2041.551645 -2042.369735 -2042.912333 -2043.287894 -2043.624428 -2044.279263 -2046.494066 -2051.038316 -2009.419716 -1250.119551 -1246.725316 -1236.563495 -1229.971509 -1226.871969 -1226.395353 -1226.344209 -1226.349560 -1226.363174 -1226.377809 -1226.391876 -1226.404906 -1226.417006 -1226.431129 -1226.474913 -1226.763352 -1228.426161 -1232.118297 -1237.370077 -1233.470348 -1986.810965 -2045.224543 -2045.109386 -2044.260673 -2044.068331 -2044.035337 -2044.030538 -2044.030386 -2044.030921 -2044.031457 -2044.031889 -2044.032221 -2044.032476 -2044.032675 -2044.032833 -2044.032961 -2044.033070 -2044.033166 -2044.033262 -2044.033369 -2044.033504 -2044.033692 -2044.033969 -2044.034395 -2044.035065 -2044.036139 -2044.037890 -2044.040800 -2044.045751 -2044.054403 -2044.069981 -2044.098869 -2044.153954 -2044.261857 -2044.479949 -2044.940408 -2045.974516 -2048.500133 -2055.457558 -2078.383696 -9999.0 -9999.0
-9999.0 -9999.0 0.093881 -93.850168 -192.016476 -290.657510 -389.471011 -488.341648 -587.210964 -686.028978 -784.708391 -883.180287 -981.385282 -1079.234605 -1176.988917 -1274.584891 -1371.368381 -1466.826462 -1560.202290 -1650.279960 -1734.589017 -1809.460805 -1871.846557 -1920.835351 -1957.551122 -1984.170660 -2003.038535 -2016.201416 -2025.272743 -2031.459895 -2035.641594 -2038.445620 -2040.313570 -2041.551645 -2042.369735 -2042.912333 -2043.287894 -2043.624428 -2044.279263 -2046.494066 -2051.038316 -2009.419716 -1250.119551 -1246.725316 -1236.563495 -1229.971509 -1226.871969 -1226.395353 -1226.344209 -1226.349560 -1226.363174 -1226.377809 -1226.391876 -1226.404906 -1226.417006 -1226.431129 -1226.474913 -1226.763352 -1228.426161 -1232.118297 -1237.370077 -1233.470348 -1986.810965 -2045.224543 -2045.109386 -2044.260673 -2044.068331 -2044.035337 -2044.030538 -2044.030386 -2044.030921 -2044.031457 -2044.031889 -2044.032221 -2044.032476 -2044.032675 -2044.032833 -2044.032961 -2044.033070 -2044.033166 -2044.033262 -2044.033369 -2044.033504 -2044.033692 -2044.033969 -2044.034395 -2044.035065 -2044.036139 -2044.037890 -2044.040800 -2044.045751 -2044.054403 -2044.069981 -2044.098869 -2044.153954 -2044.261857 -2044.479949 -2044.940408 -2045.974516 -2048.500133 -2055.457558 -2078.383696 -9999.0 -9999.0
-9999.0 -9999.0 0.029470 -93.852182 -192.016978 -290.657656 -389.471058 -488.341664 -587.210970 -686.028981 -784.708392 -883.180288 -981.385282 -1079.234605 -1176.988917 -1274.584891 -1371.368381 -1466.826462 -1560.202290 -1650.279960 -1734.589017 -1809.460805 -1871.846556 -1920.835351 -1957.551122 -1984.170659 -2003.038535 -2016.201416 -2025.272743 -2031.459895 -2035.641594 -2038.445620 -2040.313570 -2041.551645 -2042.369735 -2042.912333 -2043.287894 -2043.624428 -2044.279263 -2046.494066 -2051.038316 -2009.419716 -1250.119551 -1246.725316 -1236.563495 -1229.971509 -1226.871969 -1226.395353 -1226.344209 -1226.349560 -1226.363174 -1226.377809 -1226.391876 -1226.404906 -1226.417006 -1226.431129 -1226.474913 -1226.763352 -1228.426161 -1232.118297 -1237.370077 -1233.470348 -1986.810965 -2045.224543 -2045.109386 -2044.260673 -2044.068331 -2044.035337 -2044.030538 -2044.030386 -2044.030921 -2044.031457 -2044.031889 -2044.032221 -2044.032476 -2044.032675 -2044.032833 -2044.032961 -2044.033070 -2044.033166 -2044.033262 -2044.033369 -2044.033504 -2044.033692 -2044.033969 -2044.034395 -2044.035065 -2044.036139 -2044.037890 -2044.040800 -2044.045751 -2044.054403 -2044.069981 -2044.098869 -2044.153954 -2044.261857 -2044.479949 -2044.940408 -2045.974516 -2048.500133 -2055.457558 -2078.383696 -9999.0 -9999.0
-9999.0 -9999.0 -9999.0 -9999.0 -9999.0 -9999.0 -9999.0 -9999.0 -9999.0 -9999.0 -9999.0 -9999.0 -9999.0 -9999.0 -9999.0 -9999.0 -9999.0 -9999.0 -9999.0 -9999.0 -9999.0 -9999.0 -9999.0 -9999.0 -9999.0 -9999.0 -9999.0 -9999.0 -9999.0 -9999.0 -9999.0 -9999.0 -9999.0 -9999.0 -9999.0 -9999.0 -9999.0 -9999.0 -9999.0 -9999.0 -9999.0 -9999.0 -9999.0 -9999.0 -9999.0 -9999.0 -9999.0 -9999.0 -9999.0 -9999.0 -9999.0 -9999.0 -9999.0 -9999.0 -9999.0 -9999.0 -9999.0 -9999.0 -9999.0 -9999.0 -9999.0 -9999.0 -9999.0 -9999.0 -9999.0 -9999.0 -9999.0 -9999.0 -9999.0 -9999.0 -9999.0 -9999.0 -9999.0 -9999.0 -9999.0 -9999.0 -9999.0 -9999.0 -9999.0 -9999.0 -9999.0 -9999.0 -9999.0 -9999.0 -9999.0 -9999.0 -9999.0 -9999.0 -9999.0 -9999.0 -9999.0 -9999.0 -9999.0 -9999.0 -9999.0 -9999.0 -9999.0 -9999.0 -9999.0 -9999.0 -9999.0 -9999.0 -9999.0 -9999.0
-9999.0 -9999.0 -9999.0 -9999.0 -9999.0 -9999.0 -9999.0 -9999.0 -9999.0 -9999.0 -9999.0 -9999.0 -9999.0 -9999.0 -9999.0 -9999.0 -9999.0 -9999.0 -9999.0 -9999.0 -9999.0 -9999.0 -9999.0 -9999.0 -9999.0 -9999.0 -9999.0 -9999.0 -9999.0 -9999.0 -9999.0 -9999.0 -9999.0 -9999.0 -9999.0 -9999.0 -9999.0 -9999.0 -9999.0 -9999.0 -9999.0 -9999.0 -9999.0 -9999.0 -9999.0 -9999.0 -9999.0 -9999.0 -9999.0 -9999.0 -9999.0 -9999.0 -9999.0 -9999.0 -9999.0 -9999.0 -9999.0 -9999.0 -9999.0 -9999.0 -9999.0 -9999.0 -9999.0 -9999.0 -9999.0 -9999.0 -9999.0 -9999.0 -9999.0 -9999.0 -9999.0 -9999.0 -9999.0 -9999.0 -9999.0 -9999.0 -9999.0 -9999.0 -9999.0 -9999.0 -9999.0 -9999.0 -9999.0 -9999.0 -9999.0 -9999.0 -9999.0 -9999.0 -9999.0 -9999.0 -9999.0 -9999.0 -9999.0 -9999.0 -9999.0 -9999.0 -9999.0 -9999.0 -9999.0 -9999.0 -9999.0 -9999.0 -9999.0 -9999.0