inst/processing_geotop_simulation/geotop_simulation/out/maps3D/PwL0006N0165.asc
ncols         104
nrows         10
xllcorner     -2.000000
yllcorner     0.000000
cellsize      1.000000
NODATA_value  -9999.0
-9999.0 -9999.0 -9999.0 -9999.0 -9999.0 -9999.0 -9999.0 -9999.0 -9999.0 -9999.0 -9999.0 -9999.0 -9999.0 -9999.0 -9999.0 -9999.0 -9999.0 -9999.0 -9999.0 -9999.0 -9999.0 -9999.0 -9999.0 -9999.0 -9999.0 -9999.0 -9999.0 -9999.0 -9999.0 -9999.0 -9999.0 -9999.0 -9999.0 -9999.0 -9999.0 -9999.0 -9999.0 -9999.0 -9999.0 -9999.0 -9999.0 -9999.0 -9999.0 -9999.0 -9999.0 -9999.0 -9999.0 -9999.0 -9999.0 -9999.0 -9999.0 -9999.0 -9999.0 -9999.0 -9999.0 -9999.0 -9999.0 -9999.0 -9999.0 -9999.0 -9999.0 -9999.0 -9999.0 -9999.0 -9999.0 -9999.0 -9999.0 -9999.0 -9999.0 -9999.0 -9999.0 -9999.0 -9999.0 -9999.0 -9999.0 -9999.0 -9999.0 -9999.0 -9999.0 -9999.0 -9999.0 -9999.0 -9999.0 -9999.0 -9999.0 -9999.0 -9999.0 -9999.0 -9999.0 -9999.0 -9999.0 -9999.0 -9999.0 -9999.0 -9999.0 -9999.0 -9999.0 -9999.0 -9999.0 -9999.0 -9999.0 -9999.0 -9999.0 -9999.0
-9999.0 -9999.0 -9999.0 -9999.0 -9999.0 -9999.0 -9999.0 -9999.0 -9999.0 -9999.0 -9999.0 -9999.0 -9999.0 -9999.0 -9999.0 -9999.0 -9999.0 -9999.0 -9999.0 -9999.0 -9999.0 -9999.0 -9999.0 -9999.0 -9999.0 -9999.0 -9999.0 -9999.0 -9999.0 -9999.0 -9999.0 -9999.0 -9999.0 -9999.0 -9999.0 -9999.0 -9999.0 -9999.0 -9999.0 -9999.0 -9999.0 -9999.0 -9999.0 -9999.0 -9999.0 -9999.0 -9999.0 -9999.0 -9999.0 -9999.0 -9999.0 -9999.0 -9999.0 -9999.0 -9999.0 -9999.0 -9999.0 -9999.0 -9999.0 -9999.0 -9999.0 -9999.0 -9999.0 -9999.0 -9999.0 -9999.0 -9999.0 -9999.0 -9999.0 -9999.0 -9999.0 -9999.0 -9999.0 -9999.0 -9999.0 -9999.0 -9999.0 -9999.0 -9999.0 -9999.0 -9999.0 -9999.0 -9999.0 -9999.0 -9999.0 -9999.0 -9999.0 -9999.0 -9999.0 -9999.0 -9999.0 -9999.0 -9999.0 -9999.0 -9999.0 -9999.0 -9999.0 -9999.0 -9999.0 -9999.0 -9999.0 -9999.0 -9999.0 -9999.0
-9999.0 -9999.0 282.427666 192.168130 97.852407 2.166208 -94.044691 -190.473512 -286.938674 -383.308367 -479.412301 -574.866954 -668.979684 -762.907026 -856.690253 -950.550708 -1044.580737 -1136.923077 -1227.943768 -1311.016640 -1378.248111 -1428.159120 -1462.815807 -1485.874474 -1500.927021 -1510.756208 -1517.251315 -1521.602594 -1524.542347 -1526.530941 -1527.871187 -1528.769103 -1529.366958 -1529.762750 -1530.023437 -1530.196171 -1530.320928 -1530.453004 -1530.780162 -1532.437323 -1540.811270 -1560.250342 -1077.721042 -1106.334602 -1083.533819 -1069.417128 -1062.867393 -1061.972679 -1061.881736 -1061.893451 -1061.920214 -1061.948807 -1061.976256 -1062.001658 -1062.025119 -1062.051359 -1062.126711 -1062.643140 -1066.057660 -1073.797423 -1085.853393 -1042.431710 -1536.508833 -1536.129472 -1531.615762 -1530.764944 -1530.634790 -1530.614664 -1530.612297 -1530.613015 -1530.614105 -1530.615046 -1530.615777 -1530.616331 -1530.616754 -1530.617082 -1530.617342 -1530.617550 -1530.617724 -1530.617878 -1530.618028 -1530.618194 -1530.618403 -1530.618692 -1530.619120 -1530.619777 -1530.620811 -1530.622463 -1530.625142 -1530.629562 -1530.637006 -1530.649865 -1530.672731 -1530.714628 -1530.793539 -1530.945686 -1531.245484 -1531.853019 -1533.140685 -1536.058987 -1543.347530 -1565.246069 -9999.0 -9999.0
-9999.0 -9999.0 282.436977 192.170281 97.852970 2.166374 -94.044639 -190.473494 -286.938668 -383.308365 -479.412300 -574.866954 -668.979684 -762.907026 -856.690253 -950.550708 -1044.580737 -1136.923078 -1227.943768 -1311.016641 -1378.248111 -1428.159120 -1462.815807 -1485.874474 -1500.927021 -1510.756208 -1517.251315 -1521.602594 -1524.542347 -1526.530941 -1527.871187 -1528.769103 -1529.366958 -1529.762750 -1530.023437 -1530.196171 -1530.320928 -1530.453004 -1530.780162 -1532.437323 -1540.811270 -1560.250342 -1077.721042 -1106.334602 -1083.533819 -1069.417127 -1062.867393 -1061.972679 -1061.881736 -1061.893451 -1061.920214 -1061.948807 -1061.976256 -1062.001658 -1062.025119 -1062.051359 -1062.126711 -1062.643140 -1066.057660 -1073.797423 -1085.853393 -1042.431710 -1536.508833 -1536.129472 -1531.615762 -1530.764944 -1530.634790 -1530.614664 -1530.612297 -1530.613015 -1530.614105 -1530.615046 -1530.615777 -1530.616331 -1530.616754 -1530.617082 -1530.617342 -1530.617550 -1530.617724 -1530.617878 -1530.618028 -1530.618194 -1530.618403 -1530.618692 -1530.619120 -1530.619777 -1530.620811 -1530.622463 -1530.625142 -1530.629562 -1530.637006 -1530.649865 -1530.672731 -1530.714628 -1530.793539 -1530.945686 -1531.245484 -1531.853019 -1533.140685 -1536.058987 -1543.347530 -1565.246069 -9999.0 -9999.0
-9999.0 -9999.0 282.438591 192.171177 97.853328 2.166505 -94.044592 -190.473478 -286.938662 -383.308363 -479.412299 -574.866954 -668.979683 -762.907026 -856.690253 -950.550708 -1044.580737 -1136.923078 -1227.943768 -1311.016641 -1378.248111 -1428.159120 -1462.815807 -1485.874474 -1500.927021 -1510.756208 -1517.251315 -1521.602594 -1524.542347 -1526.530941 -1527.871187 -1528.769103 -1529.366958 -1529.762750 -1530.023437 -1530.196171 -1530.320928 -1530.453004 -1530.780162 -1532.437323 -1540.811270 -1560.250342 -1077.721042 -1106.334602 -1083.533819 -1069.417127 -1062.867393 -1061.972679 -1061.881736 -1061.893451 -1061.920214 -1061.948807 -1061.976256 -1062.001658 -1062.025119 -1062.051359 -1062.126711 -1062.643140 -1066.057660 -1073.797423 -1085.853393 -1042.431710 -1536.508833 -1536.129472 -1531.615762 -1530.764944 -1530.634790 -1530.614664 -1530.612297 -1530.613015 -1530.614105 -1530.615046 -1530.615777 -1530.616331 -1530.616754 -1530.617082 -1530.617342 -1530.617550 -1530.617724 -1530.617878 -1530.618028 -1530.618194 -1530.618403 -1530.618692 -1530.619120 -1530.619777 -1530.620811 -1530.622463 -1530.625142 -1530.629562 -1530.637006 -1530.649865 -1530.672731 -1530.714628 -1530.793539 -1530.945686 -1531.245484 -1531.853019 -1533.140685 -1536.058987 -1543.347530 -1565.246069 -9999.0 -9999.0
-9999.0 -9999.0 282.438591 192.171177 97.853327 2.166505 -94.044592 -190.473478 -286.938662 -383.308362 -479.412300 -574.866954 -668.979683 -762.907026 -856.690253 -950.550708 -1044.580737 -1136.923078 -1227.943768 -1311.016641 -1378.248111 -1428.159120 -1462.815807 -1485.874474 -1500.927021 -1510.756208 -1517.251315 -1521.602594 -1524.542347 -1526.530941 -1527.871187 -1528.769103 -1529.366958 -1529.762750 -1530.023437 -1530.196171 -1530.320928 -1530.453004 -1530.780162 -1532.437323 -1540.811270 -1560.250342 -1077.721042 -1106.334602 -1083.533819 -1069.417127 -1062.867393 -1061.972679 -1061.881736 -1061.893451 -1061.920214 -1061.948807 -1061.976256 -1062.001658 -1062.025119 -1062.051359 -1062.126711 -1062.643140 -1066.057660 -1073.797423 -1085.853393 -1042.431710 -1536.508833 -1536.129472 -1531.615762 -1530.764944 -1530.634790 -1530.614664 -1530.612297 -1530.613015 -1530.614105 -1530.615046 -1530.615777 -1530.616331 -1530.616754 -1530.617082 -1530.617342 -1530.617550 -1530.617724 -1530.617878 -1530.618028 -1530.618194 -1530.618403 -1530.618692 -1530.619120 -1530.619777 -1530.620811 -1530.622463 -1530.625142 -1530.629562 -1530.637006 -1530.649865 -1530.672731 -1530.714628 -1530.793539 -1530.945686 -1531.245484 -1531.853019 -1533.140685 -1536.058987 -1543.347530 -1565.246069 -9999.0 -9999.0
-9999.0 -9999.0 282.436977 192.170281 97.852971 2.166374 -94.044638 -190.473495 -286.938668 -383.308365 -479.412300 -574.866954 -668.979684 -762.907026 -856.690253 -950.550708 -1044.580737 -1136.923078 -1227.943768 -1311.016641 -1378.248111 -1428.159120 -1462.815807 -1485.874474 -1500.927021 -1510.756208 -1517.251315 -1521.602594 -1524.542347 -1526.530941 -1527.871187 -1528.769103 -1529.366958 -1529.762750 -1530.023437 -1530.196171 -1530.320928 -1530.453004 -1530.780162 -1532.437323 -1540.811270 -1560.250342 -1077.721042 -1106.334602 -1083.533819 -1069.417127 -1062.867393 -1061.972679 -1061.881736 -1061.893451 -1061.920214 -1061.948807 -1061.976256 -1062.001658 -1062.025119 -1062.051359 -1062.126711 -1062.643140 -1066.057660 -1073.797423 -1085.853393 -1042.431710 -1536.508833 -1536.129472 -1531.615762 -1530.764944 -1530.634790 -1530.614664 -1530.612297 -1530.613015 -1530.614105 -1530.615046 -1530.615777 -1530.616331 -1530.616754 -1530.617082 -1530.617342 -1530.617550 -1530.617724 -1530.617878 -1530.618028 -1530.618194 -1530.618403 -1530.618692 -1530.619120 -1530.619777 -1530.620811 -1530.622463 -1530.625142 -1530.629562 -1530.637006 -1530.649865 -1530.672731 -1530.714628 -1530.793539 -1530.945686 -1531.245484 -1531.853019 -1533.140685 -1536.058987 -1543.347530 -1565.246069 -9999.0 -9999.0
-9999.0 -9999.0 282.427666 192.168130 97.852407 2.166209 -94.044691 -190.473512 -286.938674 -383.308367 -479.412301 -574.866954 -668.979684 -762.907026 -856.690253 -950.550708 -1044.580737 -1136.923077 -1227.943768 -1311.016640 -1378.248111 -1428.159120 -1462.815807 -1485.874474 -1500.927021 -1510.756208 -1517.251315 -1521.602594 -1524.542347 -1526.530941 -1527.871187 -1528.769103 -1529.366958 -1529.762750 -1530.023437 -1530.196171 -1530.320928 -1530.453004 -1530.780162 -1532.437323 -1540.811270 -1560.250342 -1077.721042 -1106.334602 -1083.533819 -1069.417128 -1062.867393 -1061.972679 -1061.881736 -1061.893451 -1061.920214 -1061.948807 -1061.976256 -1062.001658 -1062.025119 -1062.051359 -1062.126711 -1062.643140 -1066.057660 -1073.797423 -1085.853393 -1042.431710 -1536.508833 -1536.129472 -1531.615762 -1530.764944 -1530.634790 -1530.614664 -1530.612297 -1530.613015 -1530.614105 -1530.615046 -1530.615777 -1530.616331 -1530.616754 -1530.617082 -1530.617342 -1530.617550 -1530.617724 -1530.617878 -1530.618028 -1530.618194 -1530.618403 -1530.618692 -1530.619120 -1530.619777 -1530.620811 -1530.622463 -1530.625142 -1530.629562 -1530.637006 -1530.649865 -1530.672731 -1530.714628 -1530.793539 -1530.945686 -1531.245484 -1531.853019 -1533.140685 -1536.058987 -1543.347530 -1565.246069 -9999.0 -9999.0
-9999.0 -9999.0 -9999.0 -9999.0 -9999.0 -9999.0 -9999.0 -9999.0 -9999.0 -9999.0 -9999.0 -9999.0 -9999.0 -9999.0 -9999.0 -9999.0 -9999.0 -9999.0 -9999.0 -9999.0 -9999.0 -9999.0 -9999.0 -9999.0 -9999.0 -9999.0 -9999.0 -9999.0 -9999.0 -9999.0 -9999.0 -9999.0 -9999.0 -9999.0 -9999.0 -9999.0 -9999.0 -9999.0 -9999.0 -9999.0 -9999.0 -9999.0 -9999.0 -9999.0 -9999.0 -9999.0 -9999.0 -9999.0 -9999.0 -9999.0 -9999.0 -9999.0 -9999.0 -9999.0 -9999.0 -9999.0 -9999.0 -9999.0 -9999.0 -9999.0 -9999.0 -9999.0 -9999.0 -9999.0 -9999.0 -9999.0 -9999.0 -9999.0 -9999.0 -9999.0 -9999.0 -9999.0 -9999.0 -9999.0 -9999.0 -9999.0 -9999.0 -9999.0 -9999.0 -9999.0 -9999.0 -9999.0 -9999.0 -9999.0 -9999.0 -9999.0 -9999.0 -9999.0 -9999.0 -9999.0 -9999.0 -9999.0 -9999.0 -9999.0 -9999.0 -9999.0 -9999.0 -9999.0 -9999.0 -9999.0 -9999.0 -9999.0 -9999.0 -9999.0
-9999.0 -9999.0 -9999.0 -9999.0 -9999.0 -9999.0 -9999.0 -9999.0 -9999.0 -9999.0 -9999.0 -9999.0 -9999.0 -9999.0 -9999.0 -9999.0 -9999.0 -9999.0 -9999.0 -9999.0 -9999.0 -9999.0 -9999.0 -9999.0 -9999.0 -9999.0 -9999.0 -9999.0 -9999.0 -9999.0 -9999.0 -9999.0 -9999.0 -9999.0 -9999.0 -9999.0 -9999.0 -9999.0 -9999.0 -9999.0 -9999.0 -9999.0 -9999.0 -9999.0 -9999.0 -9999.0 -9999.0 -9999.0 -9999.0 -9999.0 -9999.0 -9999.0 -9999.0 -9999.0 -9999.0 -9999.0 -9999.0 -9999.0 -9999.0 -9999.0 -9999.0 -9999.0 -9999.0 -9999.0 -9999.0 -9999.0 -9999.0 -9999.0 -9999.0 -9999.0 -9999.0 -9999.0 -9999.0 -9999.0 -9999.0 -9999.0 -9999.0 -9999.0 -9999.0 -9999.0 -9999.0 -9999.0 -9999.0 -9999.0 -9999.0 -9999.0 -9999.0 -9999.0 -9999.0 -9999.0 -9999.0 -9999.0 -9999.0 -9999.0 -9999.0 -9999.0 -9999.0 -9999.0 -9999.0 -9999.0 -9999.0 -9999.0 -9999.0 -9999.0