inst/processing_geotop_simulation/geotop_simulation/out/maps3D/PwL0021N0402.asc
ncols         104
nrows         10
xllcorner     -2.000000
yllcorner     0.000000
cellsize      1.000000
NODATA_value  -9999.0
-9999.0 -9999.0 -9999.0 -9999.0 -9999.0 -9999.0 -9999.0 -9999.0 -9999.0 -9999.0 -9999.0 -9999.0 -9999.0 -9999.0 -9999.0 -9999.0 -9999.0 -9999.0 -9999.0 -9999.0 -9999.0 -9999.0 -9999.0 -9999.0 -9999.0 -9999.0 -9999.0 -9999.0 -9999.0 -9999.0 -9999.0 -9999.0 -9999.0 -9999.0 -9999.0 -9999.0 -9999.0 -9999.0 -9999.0 -9999.0 -9999.0 -9999.0 -9999.0 -9999.0 -9999.0 -9999.0 -9999.0 -9999.0 -9999.0 -9999.0 -9999.0 -9999.0 -9999.0 -9999.0 -9999.0 -9999.0 -9999.0 -9999.0 -9999.0 -9999.0 -9999.0 -9999.0 -9999.0 -9999.0 -9999.0 -9999.0 -9999.0 -9999.0 -9999.0 -9999.0 -9999.0 -9999.0 -9999.0 -9999.0 -9999.0 -9999.0 -9999.0 -9999.0 -9999.0 -9999.0 -9999.0 -9999.0 -9999.0 -9999.0 -9999.0 -9999.0 -9999.0 -9999.0 -9999.0 -9999.0 -9999.0 -9999.0 -9999.0 -9999.0 -9999.0 -9999.0 -9999.0 -9999.0 -9999.0 -9999.0 -9999.0 -9999.0 -9999.0 -9999.0
-9999.0 -9999.0 -9999.0 -9999.0 -9999.0 -9999.0 -9999.0 -9999.0 -9999.0 -9999.0 -9999.0 -9999.0 -9999.0 -9999.0 -9999.0 -9999.0 -9999.0 -9999.0 -9999.0 -9999.0 -9999.0 -9999.0 -9999.0 -9999.0 -9999.0 -9999.0 -9999.0 -9999.0 -9999.0 -9999.0 -9999.0 -9999.0 -9999.0 -9999.0 -9999.0 -9999.0 -9999.0 -9999.0 -9999.0 -9999.0 -9999.0 -9999.0 -9999.0 -9999.0 -9999.0 -9999.0 -9999.0 -9999.0 -9999.0 -9999.0 -9999.0 -9999.0 -9999.0 -9999.0 -9999.0 -9999.0 -9999.0 -9999.0 -9999.0 -9999.0 -9999.0 -9999.0 -9999.0 -9999.0 -9999.0 -9999.0 -9999.0 -9999.0 -9999.0 -9999.0 -9999.0 -9999.0 -9999.0 -9999.0 -9999.0 -9999.0 -9999.0 -9999.0 -9999.0 -9999.0 -9999.0 -9999.0 -9999.0 -9999.0 -9999.0 -9999.0 -9999.0 -9999.0 -9999.0 -9999.0 -9999.0 -9999.0 -9999.0 -9999.0 -9999.0 -9999.0 -9999.0 -9999.0 -9999.0 -9999.0 -9999.0 -9999.0 -9999.0 -9999.0
-9999.0 -9999.0 1018.231953 919.161286 820.046882 720.823816 621.538328 522.224778 422.902822 323.583399 224.272686 124.974280 25.690855 -73.572810 -172.816744 -272.031354 -371.194865 -470.265400 -569.164475 -667.748199 -766.103995 -864.370124 -962.178950 -1059.308152 -1152.982968 -1239.410814 -1318.166222 -1387.544957 -1446.497949 -1494.817991 -1533.102168 -1562.530975 -1584.576004 -1600.741919 -1612.396218 -1620.691181 -1626.564517 -1630.835647 -1634.527276 -1639.701637 -1650.792420 -1677.454341 -1711.589043 -2811.596861 -3897.502307 -3892.198701 -3527.818203 -3032.055953 -2737.403046 -2551.892574 -2418.030312 -2304.331124 -2234.438151 -2188.990871 -2146.599288 -2101.913444 -2053.218561 -2001.005550 -1946.947142 -1892.131441 -1823.155050 -1493.655085 -1633.236306 -1642.997365 -1641.152299 -1640.043955 -1639.744535 -1639.683247 -1639.672729 -1639.671520 -1639.671851 -1639.672364 -1639.672838 -1639.673250 -1639.673610 -1639.673933 -1639.674230 -1639.674510 -1639.674781 -1639.675050 -1639.675324 -1639.675616 -1639.675937 -1639.676309 -1639.676762 -1639.677345 -1639.678137 -1639.679271 -1639.680976 -1639.683664 -1639.688098 -1639.695735 -1639.709449 -1639.735058 -1639.784743 -1639.885210 -1640.098623 -1640.579459 -1641.736546 -1644.730411 -1653.173336 -1679.682485 -9999.0 -9999.0
-9999.0 -9999.0 1018.234464 919.162282 820.047217 720.823927 621.538366 522.224791 422.902827 323.583401 224.272687 124.974280 25.690855 -73.572810 -172.816745 -272.031354 -371.194865 -470.265400 -569.164475 -667.748199 -766.103995 -864.370124 -962.178950 -1059.308152 -1152.982968 -1239.410814 -1318.166222 -1387.544957 -1446.497950 -1494.817991 -1533.102168 -1562.530975 -1584.576004 -1600.741920 -1612.396218 -1620.691181 -1626.564517 -1630.835647 -1634.527276 -1639.701637 -1650.792420 -1677.454341 -1711.589042 -2811.596860 -3897.502307 -3892.198701 -3527.818203 -3032.055952 -2737.403045 -2551.892573 -2418.030311 -2304.331123 -2234.438151 -2188.990870 -2146.599288 -2101.913444 -2053.218561 -2001.005550 -1946.947142 -1892.131441 -1823.155050 -1493.655085 -1633.236306 -1642.997365 -1641.152299 -1640.043955 -1639.744535 -1639.683247 -1639.672729 -1639.671520 -1639.671851 -1639.672364 -1639.672838 -1639.673250 -1639.673610 -1639.673933 -1639.674230 -1639.674510 -1639.674781 -1639.675050 -1639.675324 -1639.675616 -1639.675937 -1639.676309 -1639.676762 -1639.677345 -1639.678137 -1639.679271 -1639.680976 -1639.683664 -1639.688098 -1639.695735 -1639.709449 -1639.735058 -1639.784743 -1639.885210 -1640.098623 -1640.579459 -1641.736546 -1644.730411 -1653.173336 -1679.682485 -9999.0 -9999.0
-9999.0 -9999.0 1018.235479 919.162832 820.047451 720.824018 621.538400 522.224804 422.902832 323.583403 224.272687 124.974280 25.690855 -73.572810 -172.816745 -272.031354 -371.194866 -470.265401 -569.164475 -667.748200 -766.103995 -864.370124 -962.178951 -1059.308152 -1152.982968 -1239.410814 -1318.166222 -1387.544957 -1446.497950 -1494.817991 -1533.102168 -1562.530975 -1584.576004 -1600.741920 -1612.396218 -1620.691181 -1626.564517 -1630.835647 -1634.527276 -1639.701637 -1650.792420 -1677.454341 -1711.589042 -2811.596860 -3897.502307 -3892.198701 -3527.818202 -3032.055951 -2737.403045 -2551.892572 -2418.030310 -2304.331123 -2234.438150 -2188.990870 -2146.599288 -2101.913444 -2053.218561 -2001.005550 -1946.947142 -1892.131441 -1823.155050 -1493.655085 -1633.236306 -1642.997365 -1641.152299 -1640.043955 -1639.744535 -1639.683247 -1639.672729 -1639.671520 -1639.671851 -1639.672364 -1639.672838 -1639.673250 -1639.673610 -1639.673933 -1639.674230 -1639.674510 -1639.674781 -1639.675050 -1639.675324 -1639.675616 -1639.675937 -1639.676309 -1639.676762 -1639.677345 -1639.678137 -1639.679271 -1639.680976 -1639.683664 -1639.688098 -1639.695735 -1639.709449 -1639.735058 -1639.784743 -1639.885210 -1640.098623 -1640.579459 -1641.736546 -1644.730411 -1653.173336 -1679.682485 -9999.0 -9999.0
-9999.0 -9999.0 1018.235479 919.162832 820.047451 720.824018 621.538400 522.224804 422.902832 323.583403 224.272687 124.974280 25.690855 -73.572810 -172.816745 -272.031354 -371.194866 -470.265401 -569.164475 -667.748200 -766.103995 -864.370124 -962.178951 -1059.308152 -1152.982968 -1239.410814 -1318.166222 -1387.544957 -1446.497950 -1494.817991 -1533.102168 -1562.530975 -1584.576004 -1600.741920 -1612.396218 -1620.691181 -1626.564517 -1630.835647 -1634.527276 -1639.701637 -1650.792420 -1677.454341 -1711.589042 -2811.596860 -3897.502307 -3892.198701 -3527.818202 -3032.055951 -2737.403045 -2551.892572 -2418.030310 -2304.331123 -2234.438150 -2188.990870 -2146.599288 -2101.913444 -2053.218561 -2001.005550 -1946.947142 -1892.131441 -1823.155050 -1493.655085 -1633.236306 -1642.997365 -1641.152299 -1640.043955 -1639.744535 -1639.683247 -1639.672729 -1639.671520 -1639.671851 -1639.672364 -1639.672838 -1639.673250 -1639.673610 -1639.673933 -1639.674230 -1639.674510 -1639.674781 -1639.675050 -1639.675324 -1639.675616 -1639.675937 -1639.676309 -1639.676762 -1639.677345 -1639.678137 -1639.679271 -1639.680976 -1639.683664 -1639.688098 -1639.695735 -1639.709449 -1639.735058 -1639.784743 -1639.885210 -1640.098623 -1640.579459 -1641.736546 -1644.730411 -1653.173336 -1679.682485 -9999.0 -9999.0
-9999.0 -9999.0 1018.234464 919.162282 820.047217 720.823927 621.538366 522.224791 422.902827 323.583401 224.272686 124.974280 25.690855 -73.572810 -172.816745 -272.031354 -371.194865 -470.265400 -569.164475 -667.748199 -766.103995 -864.370124 -962.178950 -1059.308152 -1152.982968 -1239.410814 -1318.166222 -1387.544957 -1446.497950 -1494.817991 -1533.102168 -1562.530975 -1584.576004 -1600.741919 -1612.396218 -1620.691181 -1626.564517 -1630.835647 -1634.527276 -1639.701637 -1650.792420 -1677.454341 -1711.589042 -2811.596860 -3897.502307 -3892.198701 -3527.818203 -3032.055952 -2737.403045 -2551.892572 -2418.030310 -2304.331123 -2234.438151 -2188.990870 -2146.599288 -2101.913444 -2053.218561 -2001.005550 -1946.947142 -1892.131441 -1823.155050 -1493.655085 -1633.236306 -1642.997365 -1641.152299 -1640.043955 -1639.744535 -1639.683247 -1639.672729 -1639.671520 -1639.671851 -1639.672364 -1639.672838 -1639.673250 -1639.673610 -1639.673933 -1639.674230 -1639.674510 -1639.674781 -1639.675050 -1639.675324 -1639.675616 -1639.675937 -1639.676309 -1639.676762 -1639.677345 -1639.678137 -1639.679271 -1639.680976 -1639.683664 -1639.688098 -1639.695735 -1639.709449 -1639.735058 -1639.784743 -1639.885210 -1640.098623 -1640.579459 -1641.736546 -1644.730411 -1653.173336 -1679.682485 -9999.0 -9999.0
-9999.0 -9999.0 1018.231953 919.161286 820.046882 720.823816 621.538328 522.224778 422.902822 323.583399 224.272686 124.974280 25.690855 -73.572810 -172.816744 -272.031354 -371.194865 -470.265400 -569.164475 -667.748199 -766.103995 -864.370124 -962.178950 -1059.308152 -1152.982968 -1239.410814 -1318.166222 -1387.544957 -1446.497949 -1494.817991 -1533.102168 -1562.530975 -1584.576004 -1600.741920 -1612.396218 -1620.691181 -1626.564517 -1630.835647 -1634.527276 -1639.701637 -1650.792420 -1677.454341 -1711.589043 -2811.596861 -3897.502307 -3892.198701 -3527.818203 -3032.055953 -2737.403046 -2551.892574 -2418.030312 -2304.331124 -2234.438151 -2188.990871 -2146.599288 -2101.913444 -2053.218561 -2001.005550 -1946.947142 -1892.131441 -1823.155051 -1493.655085 -1633.236306 -1642.997365 -1641.152299 -1640.043955 -1639.744535 -1639.683247 -1639.672729 -1639.671520 -1639.671851 -1639.672364 -1639.672838 -1639.673250 -1639.673610 -1639.673933 -1639.674230 -1639.674510 -1639.674781 -1639.675050 -1639.675324 -1639.675616 -1639.675937 -1639.676309 -1639.676762 -1639.677345 -1639.678137 -1639.679271 -1639.680976 -1639.683664 -1639.688098 -1639.695735 -1639.709449 -1639.735058 -1639.784743 -1639.885210 -1640.098623 -1640.579459 -1641.736546 -1644.730411 -1653.173336 -1679.682485 -9999.0 -9999.0
-9999.0 -9999.0 -9999.0 -9999.0 -9999.0 -9999.0 -9999.0 -9999.0 -9999.0 -9999.0 -9999.0 -9999.0 -9999.0 -9999.0 -9999.0 -9999.0 -9999.0 -9999.0 -9999.0 -9999.0 -9999.0 -9999.0 -9999.0 -9999.0 -9999.0 -9999.0 -9999.0 -9999.0 -9999.0 -9999.0 -9999.0 -9999.0 -9999.0 -9999.0 -9999.0 -9999.0 -9999.0 -9999.0 -9999.0 -9999.0 -9999.0 -9999.0 -9999.0 -9999.0 -9999.0 -9999.0 -9999.0 -9999.0 -9999.0 -9999.0 -9999.0 -9999.0 -9999.0 -9999.0 -9999.0 -9999.0 -9999.0 -9999.0 -9999.0 -9999.0 -9999.0 -9999.0 -9999.0 -9999.0 -9999.0 -9999.0 -9999.0 -9999.0 -9999.0 -9999.0 -9999.0 -9999.0 -9999.0 -9999.0 -9999.0 -9999.0 -9999.0 -9999.0 -9999.0 -9999.0 -9999.0 -9999.0 -9999.0 -9999.0 -9999.0 -9999.0 -9999.0 -9999.0 -9999.0 -9999.0 -9999.0 -9999.0 -9999.0 -9999.0 -9999.0 -9999.0 -9999.0 -9999.0 -9999.0 -9999.0 -9999.0 -9999.0 -9999.0 -9999.0
-9999.0 -9999.0 -9999.0 -9999.0 -9999.0 -9999.0 -9999.0 -9999.0 -9999.0 -9999.0 -9999.0 -9999.0 -9999.0 -9999.0 -9999.0 -9999.0 -9999.0 -9999.0 -9999.0 -9999.0 -9999.0 -9999.0 -9999.0 -9999.0 -9999.0 -9999.0 -9999.0 -9999.0 -9999.0 -9999.0 -9999.0 -9999.0 -9999.0 -9999.0 -9999.0 -9999.0 -9999.0 -9999.0 -9999.0 -9999.0 -9999.0 -9999.0 -9999.0 -9999.0 -9999.0 -9999.0 -9999.0 -9999.0 -9999.0 -9999.0 -9999.0 -9999.0 -9999.0 -9999.0 -9999.0 -9999.0 -9999.0 -9999.0 -9999.0 -9999.0 -9999.0 -9999.0 -9999.0 -9999.0 -9999.0 -9999.0 -9999.0 -9999.0 -9999.0 -9999.0 -9999.0 -9999.0 -9999.0 -9999.0 -9999.0 -9999.0 -9999.0 -9999.0 -9999.0 -9999.0 -9999.0 -9999.0 -9999.0 -9999.0 -9999.0 -9999.0 -9999.0 -9999.0 -9999.0 -9999.0 -9999.0 -9999.0 -9999.0 -9999.0 -9999.0 -9999.0 -9999.0 -9999.0 -9999.0 -9999.0 -9999.0 -9999.0 -9999.0 -9999.0