inst/processing_geotop_simulation/geotop_simulation/out/maps3D/PwL0002N0410.asc
ncols         104
nrows         10
xllcorner     -2.000000
yllcorner     0.000000
cellsize      1.000000
NODATA_value  -9999.0
-9999.0 -9999.0 -9999.0 -9999.0 -9999.0 -9999.0 -9999.0 -9999.0 -9999.0 -9999.0 -9999.0 -9999.0 -9999.0 -9999.0 -9999.0 -9999.0 -9999.0 -9999.0 -9999.0 -9999.0 -9999.0 -9999.0 -9999.0 -9999.0 -9999.0 -9999.0 -9999.0 -9999.0 -9999.0 -9999.0 -9999.0 -9999.0 -9999.0 -9999.0 -9999.0 -9999.0 -9999.0 -9999.0 -9999.0 -9999.0 -9999.0 -9999.0 -9999.0 -9999.0 -9999.0 -9999.0 -9999.0 -9999.0 -9999.0 -9999.0 -9999.0 -9999.0 -9999.0 -9999.0 -9999.0 -9999.0 -9999.0 -9999.0 -9999.0 -9999.0 -9999.0 -9999.0 -9999.0 -9999.0 -9999.0 -9999.0 -9999.0 -9999.0 -9999.0 -9999.0 -9999.0 -9999.0 -9999.0 -9999.0 -9999.0 -9999.0 -9999.0 -9999.0 -9999.0 -9999.0 -9999.0 -9999.0 -9999.0 -9999.0 -9999.0 -9999.0 -9999.0 -9999.0 -9999.0 -9999.0 -9999.0 -9999.0 -9999.0 -9999.0 -9999.0 -9999.0 -9999.0 -9999.0 -9999.0 -9999.0 -9999.0 -9999.0 -9999.0 -9999.0
-9999.0 -9999.0 -9999.0 -9999.0 -9999.0 -9999.0 -9999.0 -9999.0 -9999.0 -9999.0 -9999.0 -9999.0 -9999.0 -9999.0 -9999.0 -9999.0 -9999.0 -9999.0 -9999.0 -9999.0 -9999.0 -9999.0 -9999.0 -9999.0 -9999.0 -9999.0 -9999.0 -9999.0 -9999.0 -9999.0 -9999.0 -9999.0 -9999.0 -9999.0 -9999.0 -9999.0 -9999.0 -9999.0 -9999.0 -9999.0 -9999.0 -9999.0 -9999.0 -9999.0 -9999.0 -9999.0 -9999.0 -9999.0 -9999.0 -9999.0 -9999.0 -9999.0 -9999.0 -9999.0 -9999.0 -9999.0 -9999.0 -9999.0 -9999.0 -9999.0 -9999.0 -9999.0 -9999.0 -9999.0 -9999.0 -9999.0 -9999.0 -9999.0 -9999.0 -9999.0 -9999.0 -9999.0 -9999.0 -9999.0 -9999.0 -9999.0 -9999.0 -9999.0 -9999.0 -9999.0 -9999.0 -9999.0 -9999.0 -9999.0 -9999.0 -9999.0 -9999.0 -9999.0 -9999.0 -9999.0 -9999.0 -9999.0 -9999.0 -9999.0 -9999.0 -9999.0 -9999.0 -9999.0 -9999.0 -9999.0 -9999.0 -9999.0 -9999.0 -9999.0
-9999.0 -9999.0 75.686075 -21.988977 -120.873160 -220.046474 -319.325798 -418.643470 -517.964831 -617.264905 -716.498140 -815.646497 -914.683264 -1013.575340 -1112.428845 -1211.213478 -1309.673920 -1407.598185 -1504.585441 -1599.857971 -1691.933655 -1778.264696 -1855.608535 -1921.308531 -1974.336987 -2015.335234 -2045.985665 -2068.324713 -2084.294217 -2095.539691 -2103.364322 -2108.756645 -2112.444317 -2114.951124 -2116.648125 -2117.797541 -2118.596302 -2119.253202 -2120.211186 -2122.478297 -2123.260103 -2056.828638 -1257.785517 -1255.457314 -1245.196617 -1238.403815 -1235.206203 -1234.700089 -1234.644593 -1234.649289 -1234.662659 -1234.677098 -1234.690986 -1234.703855 -1234.715851 -1234.730261 -1234.777276 -1235.085496 -1236.806870 -1240.594636 -1245.596387 -1240.488197 -2032.510115 -2117.433433 -2121.055511 -2120.469163 -2120.259417 -2120.216919 -2120.209978 -2120.209322 -2120.209658 -2120.210073 -2120.210420 -2120.210692 -2120.210904 -2120.211072 -2120.211207 -2120.211320 -2120.211416 -2120.211504 -2120.211592 -2120.211690 -2120.211812 -2120.211978 -2120.212219 -2120.212583 -2120.213151 -2120.214058 -2120.215535 -2120.217993 -2120.222190 -2120.229565 -2120.242929 -2120.267888 -2120.315891 -2120.411105 -2120.607275 -2121.032884 -2122.022312 -2124.539690 -2131.760246 -2155.857238 -9999.0 -9999.0
-9999.0 -9999.0 75.696445 -21.987124 -120.872697 -220.046339 -319.325755 -418.643455 -517.964826 -617.264902 -716.498139 -815.646497 -914.683264 -1013.575340 -1112.428845 -1211.213478 -1309.673920 -1407.598186 -1504.585441 -1599.857971 -1691.933655 -1778.264696 -1855.608535 -1921.308531 -1974.336987 -2015.335234 -2045.985665 -2068.324713 -2084.294217 -2095.539691 -2103.364322 -2108.756645 -2112.444317 -2114.951124 -2116.648125 -2117.797541 -2118.596302 -2119.253202 -2120.211186 -2122.478297 -2123.260103 -2056.828638 -1257.785517 -1255.457314 -1245.196617 -1238.403815 -1235.206203 -1234.700089 -1234.644593 -1234.649289 -1234.662659 -1234.677098 -1234.690986 -1234.703855 -1234.715851 -1234.730261 -1234.777276 -1235.085496 -1236.806870 -1240.594636 -1245.596387 -1240.488197 -2032.510115 -2117.433433 -2121.055511 -2120.469163 -2120.259417 -2120.216919 -2120.209978 -2120.209322 -2120.209658 -2120.210073 -2120.210420 -2120.210692 -2120.210904 -2120.211072 -2120.211207 -2120.211320 -2120.211416 -2120.211504 -2120.211592 -2120.211690 -2120.211812 -2120.211978 -2120.212219 -2120.212583 -2120.213151 -2120.214058 -2120.215535 -2120.217993 -2120.222190 -2120.229565 -2120.242929 -2120.267888 -2120.315891 -2120.411105 -2120.607275 -2121.032884 -2122.022312 -2124.539690 -2131.760246 -2155.857238 -9999.0 -9999.0
-9999.0 -9999.0 75.697570 -21.986380 -120.872404 -220.046233 -319.325718 -418.643441 -517.964821 -617.264900 -716.498139 -815.646496 -914.683264 -1013.575340 -1112.428845 -1211.213478 -1309.673920 -1407.598186 -1504.585441 -1599.857972 -1691.933655 -1778.264696 -1855.608536 -1921.308531 -1974.336987 -2015.335234 -2045.985665 -2068.324713 -2084.294217 -2095.539691 -2103.364322 -2108.756645 -2112.444317 -2114.951124 -2116.648125 -2117.797541 -2118.596302 -2119.253202 -2120.211186 -2122.478297 -2123.260103 -2056.828638 -1257.785517 -1255.457314 -1245.196617 -1238.403815 -1235.206203 -1234.700089 -1234.644593 -1234.649289 -1234.662659 -1234.677098 -1234.690986 -1234.703855 -1234.715851 -1234.730261 -1234.777276 -1235.085496 -1236.806870 -1240.594636 -1245.596387 -1240.488197 -2032.510115 -2117.433433 -2121.055511 -2120.469163 -2120.259417 -2120.216919 -2120.209978 -2120.209322 -2120.209658 -2120.210073 -2120.210420 -2120.210692 -2120.210904 -2120.211072 -2120.211207 -2120.211320 -2120.211416 -2120.211504 -2120.211592 -2120.211690 -2120.211812 -2120.211978 -2120.212219 -2120.212583 -2120.213151 -2120.214058 -2120.215535 -2120.217993 -2120.222190 -2120.229565 -2120.242929 -2120.267888 -2120.315891 -2120.411105 -2120.607275 -2121.032884 -2122.022312 -2124.539690 -2131.760246 -2155.857238 -9999.0 -9999.0
-9999.0 -9999.0 75.697570 -21.986380 -120.872404 -220.046233 -319.325718 -418.643441 -517.964821 -617.264900 -716.498138 -815.646496 -914.683264 -1013.575340 -1112.428845 -1211.213478 -1309.673920 -1407.598186 -1504.585441 -1599.857972 -1691.933655 -1778.264696 -1855.608536 -1921.308531 -1974.336987 -2015.335234 -2045.985665 -2068.324713 -2084.294217 -2095.539691 -2103.364322 -2108.756645 -2112.444317 -2114.951124 -2116.648125 -2117.797541 -2118.596302 -2119.253202 -2120.211186 -2122.478297 -2123.260103 -2056.828638 -1257.785517 -1255.457314 -1245.196617 -1238.403815 -1235.206203 -1234.700089 -1234.644593 -1234.649289 -1234.662659 -1234.677098 -1234.690986 -1234.703855 -1234.715851 -1234.730261 -1234.777276 -1235.085496 -1236.806870 -1240.594636 -1245.596387 -1240.488197 -2032.510115 -2117.433433 -2121.055511 -2120.469163 -2120.259417 -2120.216919 -2120.209978 -2120.209322 -2120.209658 -2120.210073 -2120.210420 -2120.210692 -2120.210904 -2120.211072 -2120.211207 -2120.211320 -2120.211416 -2120.211504 -2120.211592 -2120.211690 -2120.211812 -2120.211978 -2120.212219 -2120.212583 -2120.213151 -2120.214058 -2120.215535 -2120.217993 -2120.222190 -2120.229565 -2120.242929 -2120.267888 -2120.315891 -2120.411105 -2120.607275 -2121.032884 -2122.022312 -2124.539690 -2131.760246 -2155.857238 -9999.0 -9999.0
-9999.0 -9999.0 75.696445 -21.987124 -120.872697 -220.046339 -319.325755 -418.643455 -517.964826 -617.264902 -716.498139 -815.646497 -914.683264 -1013.575340 -1112.428845 -1211.213478 -1309.673920 -1407.598186 -1504.585441 -1599.857971 -1691.933655 -1778.264696 -1855.608535 -1921.308531 -1974.336987 -2015.335234 -2045.985665 -2068.324713 -2084.294217 -2095.539691 -2103.364322 -2108.756645 -2112.444317 -2114.951124 -2116.648125 -2117.797541 -2118.596302 -2119.253202 -2120.211186 -2122.478297 -2123.260103 -2056.828638 -1257.785517 -1255.457314 -1245.196617 -1238.403815 -1235.206203 -1234.700089 -1234.644593 -1234.649289 -1234.662659 -1234.677098 -1234.690986 -1234.703855 -1234.715851 -1234.730261 -1234.777276 -1235.085496 -1236.806870 -1240.594636 -1245.596387 -1240.488197 -2032.510115 -2117.433433 -2121.055511 -2120.469163 -2120.259417 -2120.216919 -2120.209978 -2120.209322 -2120.209658 -2120.210073 -2120.210420 -2120.210692 -2120.210904 -2120.211072 -2120.211207 -2120.211320 -2120.211416 -2120.211504 -2120.211592 -2120.211690 -2120.211812 -2120.211978 -2120.212219 -2120.212583 -2120.213151 -2120.214058 -2120.215535 -2120.217993 -2120.222190 -2120.229565 -2120.242929 -2120.267888 -2120.315891 -2120.411105 -2120.607275 -2121.032884 -2122.022312 -2124.539690 -2131.760246 -2155.857238 -9999.0 -9999.0
-9999.0 -9999.0 75.686075 -21.988977 -120.873160 -220.046474 -319.325798 -418.643470 -517.964831 -617.264905 -716.498140 -815.646497 -914.683264 -1013.575340 -1112.428845 -1211.213478 -1309.673920 -1407.598185 -1504.585441 -1599.857971 -1691.933655 -1778.264696 -1855.608535 -1921.308531 -1974.336987 -2015.335234 -2045.985665 -2068.324713 -2084.294217 -2095.539691 -2103.364322 -2108.756645 -2112.444317 -2114.951124 -2116.648125 -2117.797541 -2118.596302 -2119.253202 -2120.211186 -2122.478297 -2123.260103 -2056.828638 -1257.785517 -1255.457314 -1245.196617 -1238.403815 -1235.206203 -1234.700089 -1234.644593 -1234.649289 -1234.662659 -1234.677098 -1234.690986 -1234.703855 -1234.715851 -1234.730261 -1234.777276 -1235.085496 -1236.806870 -1240.594636 -1245.596387 -1240.488197 -2032.510115 -2117.433433 -2121.055511 -2120.469163 -2120.259417 -2120.216919 -2120.209978 -2120.209322 -2120.209658 -2120.210073 -2120.210420 -2120.210692 -2120.210904 -2120.211072 -2120.211207 -2120.211320 -2120.211416 -2120.211504 -2120.211592 -2120.211690 -2120.211812 -2120.211978 -2120.212219 -2120.212583 -2120.213151 -2120.214058 -2120.215535 -2120.217993 -2120.222190 -2120.229565 -2120.242929 -2120.267888 -2120.315891 -2120.411105 -2120.607275 -2121.032884 -2122.022312 -2124.539690 -2131.760246 -2155.857238 -9999.0 -9999.0
-9999.0 -9999.0 -9999.0 -9999.0 -9999.0 -9999.0 -9999.0 -9999.0 -9999.0 -9999.0 -9999.0 -9999.0 -9999.0 -9999.0 -9999.0 -9999.0 -9999.0 -9999.0 -9999.0 -9999.0 -9999.0 -9999.0 -9999.0 -9999.0 -9999.0 -9999.0 -9999.0 -9999.0 -9999.0 -9999.0 -9999.0 -9999.0 -9999.0 -9999.0 -9999.0 -9999.0 -9999.0 -9999.0 -9999.0 -9999.0 -9999.0 -9999.0 -9999.0 -9999.0 -9999.0 -9999.0 -9999.0 -9999.0 -9999.0 -9999.0 -9999.0 -9999.0 -9999.0 -9999.0 -9999.0 -9999.0 -9999.0 -9999.0 -9999.0 -9999.0 -9999.0 -9999.0 -9999.0 -9999.0 -9999.0 -9999.0 -9999.0 -9999.0 -9999.0 -9999.0 -9999.0 -9999.0 -9999.0 -9999.0 -9999.0 -9999.0 -9999.0 -9999.0 -9999.0 -9999.0 -9999.0 -9999.0 -9999.0 -9999.0 -9999.0 -9999.0 -9999.0 -9999.0 -9999.0 -9999.0 -9999.0 -9999.0 -9999.0 -9999.0 -9999.0 -9999.0 -9999.0 -9999.0 -9999.0 -9999.0 -9999.0 -9999.0 -9999.0 -9999.0
-9999.0 -9999.0 -9999.0 -9999.0 -9999.0 -9999.0 -9999.0 -9999.0 -9999.0 -9999.0 -9999.0 -9999.0 -9999.0 -9999.0 -9999.0 -9999.0 -9999.0 -9999.0 -9999.0 -9999.0 -9999.0 -9999.0 -9999.0 -9999.0 -9999.0 -9999.0 -9999.0 -9999.0 -9999.0 -9999.0 -9999.0 -9999.0 -9999.0 -9999.0 -9999.0 -9999.0 -9999.0 -9999.0 -9999.0 -9999.0 -9999.0 -9999.0 -9999.0 -9999.0 -9999.0 -9999.0 -9999.0 -9999.0 -9999.0 -9999.0 -9999.0 -9999.0 -9999.0 -9999.0 -9999.0 -9999.0 -9999.0 -9999.0 -9999.0 -9999.0 -9999.0 -9999.0 -9999.0 -9999.0 -9999.0 -9999.0 -9999.0 -9999.0 -9999.0 -9999.0 -9999.0 -9999.0 -9999.0 -9999.0 -9999.0 -9999.0 -9999.0 -9999.0 -9999.0 -9999.0 -9999.0 -9999.0 -9999.0 -9999.0 -9999.0 -9999.0 -9999.0 -9999.0 -9999.0 -9999.0 -9999.0 -9999.0 -9999.0 -9999.0 -9999.0 -9999.0 -9999.0 -9999.0 -9999.0 -9999.0 -9999.0 -9999.0 -9999.0 -9999.0