inst/processing_geotop_simulation/geotop_simulation/out/maps3D/PwL0018N0414.asc
ncols         104
nrows         10
xllcorner     -2.000000
yllcorner     0.000000
cellsize      1.000000
NODATA_value  -9999.0
-9999.0 -9999.0 -9999.0 -9999.0 -9999.0 -9999.0 -9999.0 -9999.0 -9999.0 -9999.0 -9999.0 -9999.0 -9999.0 -9999.0 -9999.0 -9999.0 -9999.0 -9999.0 -9999.0 -9999.0 -9999.0 -9999.0 -9999.0 -9999.0 -9999.0 -9999.0 -9999.0 -9999.0 -9999.0 -9999.0 -9999.0 -9999.0 -9999.0 -9999.0 -9999.0 -9999.0 -9999.0 -9999.0 -9999.0 -9999.0 -9999.0 -9999.0 -9999.0 -9999.0 -9999.0 -9999.0 -9999.0 -9999.0 -9999.0 -9999.0 -9999.0 -9999.0 -9999.0 -9999.0 -9999.0 -9999.0 -9999.0 -9999.0 -9999.0 -9999.0 -9999.0 -9999.0 -9999.0 -9999.0 -9999.0 -9999.0 -9999.0 -9999.0 -9999.0 -9999.0 -9999.0 -9999.0 -9999.0 -9999.0 -9999.0 -9999.0 -9999.0 -9999.0 -9999.0 -9999.0 -9999.0 -9999.0 -9999.0 -9999.0 -9999.0 -9999.0 -9999.0 -9999.0 -9999.0 -9999.0 -9999.0 -9999.0 -9999.0 -9999.0 -9999.0 -9999.0 -9999.0 -9999.0 -9999.0 -9999.0 -9999.0 -9999.0 -9999.0 -9999.0
-9999.0 -9999.0 -9999.0 -9999.0 -9999.0 -9999.0 -9999.0 -9999.0 -9999.0 -9999.0 -9999.0 -9999.0 -9999.0 -9999.0 -9999.0 -9999.0 -9999.0 -9999.0 -9999.0 -9999.0 -9999.0 -9999.0 -9999.0 -9999.0 -9999.0 -9999.0 -9999.0 -9999.0 -9999.0 -9999.0 -9999.0 -9999.0 -9999.0 -9999.0 -9999.0 -9999.0 -9999.0 -9999.0 -9999.0 -9999.0 -9999.0 -9999.0 -9999.0 -9999.0 -9999.0 -9999.0 -9999.0 -9999.0 -9999.0 -9999.0 -9999.0 -9999.0 -9999.0 -9999.0 -9999.0 -9999.0 -9999.0 -9999.0 -9999.0 -9999.0 -9999.0 -9999.0 -9999.0 -9999.0 -9999.0 -9999.0 -9999.0 -9999.0 -9999.0 -9999.0 -9999.0 -9999.0 -9999.0 -9999.0 -9999.0 -9999.0 -9999.0 -9999.0 -9999.0 -9999.0 -9999.0 -9999.0 -9999.0 -9999.0 -9999.0 -9999.0 -9999.0 -9999.0 -9999.0 -9999.0 -9999.0 -9999.0 -9999.0 -9999.0 -9999.0 -9999.0 -9999.0 -9999.0 -9999.0 -9999.0 -9999.0 -9999.0 -9999.0 -9999.0
-9999.0 -9999.0 869.344875 770.356349 671.247153 572.003665 472.690392 373.346502 273.992983 174.641158 75.297309 -24.032941 -123.346326 -222.640884 -321.902907 -421.108752 -520.214158 -619.140816 -717.757165 -816.468224 -914.944952 -1013.055444 -1110.588784 -1203.378355 -1290.841029 -1370.849881 -1441.578222 -1501.867274 -1551.425417 -1590.795238 -1621.132077 -1643.906674 -1660.639277 -1672.720793 -1681.325455 -1687.393897 -1691.668260 -1694.799873 -1697.654603 -1702.022319 -1711.028888 -1727.775663 -1923.192901 -3999.758088 -4084.144144 -4084.157520 -4084.137123 -4083.951303 -4083.184693 -4080.962596 -4075.539983 -4061.881019 -4042.204670 -4019.791448 -3987.494951 -3935.875783 -3851.081961 -3718.531887 -3533.533180 -3308.073720 -2974.385953 -1672.357974 -1684.006085 -1702.887901 -1702.371745 -1701.422159 -1701.144084 -1701.086086 -1701.076069 -1701.074897 -1701.075189 -1701.075650 -1701.076069 -1701.076425 -1701.076729 -1701.076995 -1701.077234 -1701.077455 -1701.077664 -1701.077870 -1701.078080 -1701.078304 -1701.078556 -1701.078855 -1701.079231 -1701.079732 -1701.080435 -1701.081472 -1701.083067 -1701.085626 -1701.089897 -1701.097312 -1701.110686 -1701.135711 -1701.184250 -1701.282146 -1701.489149 -1701.953043 -1703.065343 -1705.947262 -1714.143422 -1740.248538 -9999.0 -9999.0
-9999.0 -9999.0 869.347960 770.357478 671.247514 572.003782 472.690431 373.346516 273.992988 174.641160 75.297310 -24.032941 -123.346326 -222.640884 -321.902906 -421.108752 -520.214158 -619.140816 -717.757165 -816.468224 -914.944952 -1013.055444 -1110.588784 -1203.378355 -1290.841029 -1370.849881 -1441.578222 -1501.867274 -1551.425417 -1590.795238 -1621.132077 -1643.906674 -1660.639277 -1672.720793 -1681.325455 -1687.393897 -1691.668260 -1694.799873 -1697.654603 -1702.022319 -1711.028888 -1727.775663 -1923.192901 -3999.758088 -4084.144144 -4084.157520 -4084.137123 -4083.951303 -4083.184693 -4080.962596 -4075.539983 -4061.881019 -4042.204670 -4019.791448 -3987.494951 -3935.875783 -3851.081960 -3718.531887 -3533.533179 -3308.073720 -2974.385953 -1672.357974 -1684.006085 -1702.887901 -1702.371745 -1701.422159 -1701.144084 -1701.086086 -1701.076069 -1701.074897 -1701.075189 -1701.075650 -1701.076069 -1701.076425 -1701.076729 -1701.076995 -1701.077234 -1701.077455 -1701.077664 -1701.077870 -1701.078080 -1701.078304 -1701.078556 -1701.078855 -1701.079231 -1701.079732 -1701.080435 -1701.081472 -1701.083067 -1701.085626 -1701.089897 -1701.097312 -1701.110686 -1701.135711 -1701.184250 -1701.282146 -1701.489149 -1701.953043 -1703.065343 -1705.947262 -1714.143422 -1740.248538 -9999.0 -9999.0
-9999.0 -9999.0 869.349072 770.358069 671.247761 572.003876 472.690466 373.346529 273.992993 174.641162 75.297311 -24.032940 -123.346326 -222.640883 -321.902907 -421.108752 -520.214158 -619.140816 -717.757165 -816.468224 -914.944952 -1013.055444 -1110.588784 -1203.378355 -1290.841029 -1370.849881 -1441.578222 -1501.867274 -1551.425418 -1590.795238 -1621.132077 -1643.906674 -1660.639277 -1672.720793 -1681.325455 -1687.393897 -1691.668260 -1694.799873 -1697.654603 -1702.022319 -1711.028888 -1727.775663 -1923.192901 -3999.758088 -4084.144144 -4084.157520 -4084.137123 -4083.951303 -4083.184693 -4080.962596 -4075.539983 -4061.881019 -4042.204670 -4019.791448 -3987.494951 -3935.875783 -3851.081960 -3718.531886 -3533.533179 -3308.073719 -2974.385952 -1672.357974 -1684.006085 -1702.887901 -1702.371745 -1701.422159 -1701.144084 -1701.086086 -1701.076069 -1701.074897 -1701.075189 -1701.075650 -1701.076069 -1701.076425 -1701.076729 -1701.076995 -1701.077234 -1701.077455 -1701.077664 -1701.077870 -1701.078080 -1701.078304 -1701.078556 -1701.078855 -1701.079231 -1701.079732 -1701.080435 -1701.081472 -1701.083067 -1701.085626 -1701.089897 -1701.097312 -1701.110686 -1701.135711 -1701.184250 -1701.282146 -1701.489149 -1701.953043 -1703.065343 -1705.947262 -1714.143422 -1740.248538 -9999.0 -9999.0
-9999.0 -9999.0 869.349072 770.358070 671.247761 572.003876 472.690466 373.346529 273.992993 174.641162 75.297311 -24.032940 -123.346325 -222.640884 -321.902906 -421.108752 -520.214158 -619.140816 -717.757165 -816.468224 -914.944952 -1013.055444 -1110.588784 -1203.378355 -1290.841029 -1370.849881 -1441.578222 -1501.867274 -1551.425418 -1590.795238 -1621.132077 -1643.906674 -1660.639277 -1672.720793 -1681.325455 -1687.393897 -1691.668260 -1694.799873 -1697.654603 -1702.022319 -1711.028888 -1727.775663 -1923.192901 -3999.758088 -4084.144144 -4084.157520 -4084.137123 -4083.951303 -4083.184693 -4080.962596 -4075.539983 -4061.881019 -4042.204670 -4019.791448 -3987.494951 -3935.875783 -3851.081960 -3718.531886 -3533.533179 -3308.073720 -2974.385952 -1672.357974 -1684.006085 -1702.887901 -1702.371745 -1701.422159 -1701.144084 -1701.086086 -1701.076069 -1701.074897 -1701.075189 -1701.075650 -1701.076069 -1701.076425 -1701.076729 -1701.076995 -1701.077234 -1701.077455 -1701.077664 -1701.077870 -1701.078080 -1701.078304 -1701.078556 -1701.078855 -1701.079231 -1701.079732 -1701.080435 -1701.081472 -1701.083067 -1701.085626 -1701.089897 -1701.097312 -1701.110686 -1701.135711 -1701.184250 -1701.282146 -1701.489149 -1701.953043 -1703.065343 -1705.947262 -1714.143422 -1740.248538 -9999.0 -9999.0
-9999.0 -9999.0 869.347961 770.357478 671.247514 572.003782 472.690431 373.346516 273.992988 174.641160 75.297310 -24.032940 -123.346326 -222.640883 -321.902907 -421.108752 -520.214158 -619.140816 -717.757165 -816.468224 -914.944952 -1013.055444 -1110.588784 -1203.378355 -1290.841029 -1370.849881 -1441.578222 -1501.867274 -1551.425417 -1590.795238 -1621.132077 -1643.906674 -1660.639277 -1672.720793 -1681.325455 -1687.393897 -1691.668260 -1694.799873 -1697.654603 -1702.022319 -1711.028888 -1727.775663 -1923.192901 -3999.758088 -4084.144144 -4084.157520 -4084.137123 -4083.951303 -4083.184693 -4080.962596 -4075.539983 -4061.881019 -4042.204670 -4019.791448 -3987.494951 -3935.875783 -3851.081960 -3718.531886 -3533.533180 -3308.073720 -2974.385953 -1672.357974 -1684.006085 -1702.887901 -1702.371745 -1701.422159 -1701.144084 -1701.086086 -1701.076069 -1701.074897 -1701.075189 -1701.075650 -1701.076069 -1701.076425 -1701.076729 -1701.076995 -1701.077234 -1701.077455 -1701.077664 -1701.077870 -1701.078080 -1701.078304 -1701.078556 -1701.078855 -1701.079231 -1701.079732 -1701.080435 -1701.081472 -1701.083067 -1701.085626 -1701.089897 -1701.097312 -1701.110686 -1701.135711 -1701.184250 -1701.282146 -1701.489149 -1701.953043 -1703.065343 -1705.947262 -1714.143422 -1740.248538 -9999.0 -9999.0
-9999.0 -9999.0 869.344874 770.356349 671.247153 572.003665 472.690392 373.346502 273.992983 174.641158 75.297309 -24.032941 -123.346326 -222.640884 -321.902906 -421.108752 -520.214157 -619.140816 -717.757165 -816.468224 -914.944952 -1013.055444 -1110.588784 -1203.378355 -1290.841029 -1370.849881 -1441.578222 -1501.867274 -1551.425417 -1590.795238 -1621.132077 -1643.906674 -1660.639277 -1672.720793 -1681.325455 -1687.393897 -1691.668260 -1694.799873 -1697.654603 -1702.022319 -1711.028888 -1727.775663 -1923.192901 -3999.758088 -4084.144144 -4084.157520 -4084.137123 -4083.951303 -4083.184693 -4080.962596 -4075.539983 -4061.881019 -4042.204670 -4019.791448 -3987.494951 -3935.875784 -3851.081960 -3718.531887 -3533.533180 -3308.073721 -2974.385954 -1672.357974 -1684.006085 -1702.887901 -1702.371745 -1701.422159 -1701.144084 -1701.086086 -1701.076069 -1701.074897 -1701.075189 -1701.075650 -1701.076069 -1701.076425 -1701.076729 -1701.076995 -1701.077234 -1701.077455 -1701.077664 -1701.077870 -1701.078080 -1701.078304 -1701.078556 -1701.078855 -1701.079231 -1701.079732 -1701.080435 -1701.081472 -1701.083067 -1701.085626 -1701.089897 -1701.097312 -1701.110686 -1701.135711 -1701.184250 -1701.282146 -1701.489149 -1701.953043 -1703.065343 -1705.947262 -1714.143422 -1740.248538 -9999.0 -9999.0
-9999.0 -9999.0 -9999.0 -9999.0 -9999.0 -9999.0 -9999.0 -9999.0 -9999.0 -9999.0 -9999.0 -9999.0 -9999.0 -9999.0 -9999.0 -9999.0 -9999.0 -9999.0 -9999.0 -9999.0 -9999.0 -9999.0 -9999.0 -9999.0 -9999.0 -9999.0 -9999.0 -9999.0 -9999.0 -9999.0 -9999.0 -9999.0 -9999.0 -9999.0 -9999.0 -9999.0 -9999.0 -9999.0 -9999.0 -9999.0 -9999.0 -9999.0 -9999.0 -9999.0 -9999.0 -9999.0 -9999.0 -9999.0 -9999.0 -9999.0 -9999.0 -9999.0 -9999.0 -9999.0 -9999.0 -9999.0 -9999.0 -9999.0 -9999.0 -9999.0 -9999.0 -9999.0 -9999.0 -9999.0 -9999.0 -9999.0 -9999.0 -9999.0 -9999.0 -9999.0 -9999.0 -9999.0 -9999.0 -9999.0 -9999.0 -9999.0 -9999.0 -9999.0 -9999.0 -9999.0 -9999.0 -9999.0 -9999.0 -9999.0 -9999.0 -9999.0 -9999.0 -9999.0 -9999.0 -9999.0 -9999.0 -9999.0 -9999.0 -9999.0 -9999.0 -9999.0 -9999.0 -9999.0 -9999.0 -9999.0 -9999.0 -9999.0 -9999.0 -9999.0
-9999.0 -9999.0 -9999.0 -9999.0 -9999.0 -9999.0 -9999.0 -9999.0 -9999.0 -9999.0 -9999.0 -9999.0 -9999.0 -9999.0 -9999.0 -9999.0 -9999.0 -9999.0 -9999.0 -9999.0 -9999.0 -9999.0 -9999.0 -9999.0 -9999.0 -9999.0 -9999.0 -9999.0 -9999.0 -9999.0 -9999.0 -9999.0 -9999.0 -9999.0 -9999.0 -9999.0 -9999.0 -9999.0 -9999.0 -9999.0 -9999.0 -9999.0 -9999.0 -9999.0 -9999.0 -9999.0 -9999.0 -9999.0 -9999.0 -9999.0 -9999.0 -9999.0 -9999.0 -9999.0 -9999.0 -9999.0 -9999.0 -9999.0 -9999.0 -9999.0 -9999.0 -9999.0 -9999.0 -9999.0 -9999.0 -9999.0 -9999.0 -9999.0 -9999.0 -9999.0 -9999.0 -9999.0 -9999.0 -9999.0 -9999.0 -9999.0 -9999.0 -9999.0 -9999.0 -9999.0 -9999.0 -9999.0 -9999.0 -9999.0 -9999.0 -9999.0 -9999.0 -9999.0 -9999.0 -9999.0 -9999.0 -9999.0 -9999.0 -9999.0 -9999.0 -9999.0 -9999.0 -9999.0 -9999.0 -9999.0 -9999.0 -9999.0 -9999.0 -9999.0