inst/processing_geotop_simulation/geotop_simulation/out/maps3D/PwL0020N0224.asc
ncols         104
nrows         10
xllcorner     -2.000000
yllcorner     0.000000
cellsize      1.000000
NODATA_value  -9999.0
-9999.0 -9999.0 -9999.0 -9999.0 -9999.0 -9999.0 -9999.0 -9999.0 -9999.0 -9999.0 -9999.0 -9999.0 -9999.0 -9999.0 -9999.0 -9999.0 -9999.0 -9999.0 -9999.0 -9999.0 -9999.0 -9999.0 -9999.0 -9999.0 -9999.0 -9999.0 -9999.0 -9999.0 -9999.0 -9999.0 -9999.0 -9999.0 -9999.0 -9999.0 -9999.0 -9999.0 -9999.0 -9999.0 -9999.0 -9999.0 -9999.0 -9999.0 -9999.0 -9999.0 -9999.0 -9999.0 -9999.0 -9999.0 -9999.0 -9999.0 -9999.0 -9999.0 -9999.0 -9999.0 -9999.0 -9999.0 -9999.0 -9999.0 -9999.0 -9999.0 -9999.0 -9999.0 -9999.0 -9999.0 -9999.0 -9999.0 -9999.0 -9999.0 -9999.0 -9999.0 -9999.0 -9999.0 -9999.0 -9999.0 -9999.0 -9999.0 -9999.0 -9999.0 -9999.0 -9999.0 -9999.0 -9999.0 -9999.0 -9999.0 -9999.0 -9999.0 -9999.0 -9999.0 -9999.0 -9999.0 -9999.0 -9999.0 -9999.0 -9999.0 -9999.0 -9999.0 -9999.0 -9999.0 -9999.0 -9999.0 -9999.0 -9999.0 -9999.0 -9999.0
-9999.0 -9999.0 -9999.0 -9999.0 -9999.0 -9999.0 -9999.0 -9999.0 -9999.0 -9999.0 -9999.0 -9999.0 -9999.0 -9999.0 -9999.0 -9999.0 -9999.0 -9999.0 -9999.0 -9999.0 -9999.0 -9999.0 -9999.0 -9999.0 -9999.0 -9999.0 -9999.0 -9999.0 -9999.0 -9999.0 -9999.0 -9999.0 -9999.0 -9999.0 -9999.0 -9999.0 -9999.0 -9999.0 -9999.0 -9999.0 -9999.0 -9999.0 -9999.0 -9999.0 -9999.0 -9999.0 -9999.0 -9999.0 -9999.0 -9999.0 -9999.0 -9999.0 -9999.0 -9999.0 -9999.0 -9999.0 -9999.0 -9999.0 -9999.0 -9999.0 -9999.0 -9999.0 -9999.0 -9999.0 -9999.0 -9999.0 -9999.0 -9999.0 -9999.0 -9999.0 -9999.0 -9999.0 -9999.0 -9999.0 -9999.0 -9999.0 -9999.0 -9999.0 -9999.0 -9999.0 -9999.0 -9999.0 -9999.0 -9999.0 -9999.0 -9999.0 -9999.0 -9999.0 -9999.0 -9999.0 -9999.0 -9999.0 -9999.0 -9999.0 -9999.0 -9999.0 -9999.0 -9999.0 -9999.0 -9999.0 -9999.0 -9999.0 -9999.0 -9999.0
-9999.0 -9999.0 974.978712 877.806304 780.438332 682.724805 584.818384 486.824743 388.802964 290.785491 192.790452 94.828178 -3.092533 -100.958993 -198.756441 -296.419195 -393.816236 -490.712425 -586.720203 -681.192653 -776.179639 -870.130766 -962.794237 -1053.932476 -1128.789533 -1192.827111 -1245.288515 -1286.527418 -1317.756609 -1340.656808 -1357.008032 -1368.437239 -1376.295555 -1381.632593 -1385.226021 -1387.634992 -1389.262839 -1390.451116 -1391.776141 -1395.296847 -1409.411473 -1473.834153 -1836.459021 -3914.489384 -3985.121672 -3985.121857 -3984.248916 -3974.973303 -3935.115947 -3835.232194 -3665.645650 -3425.667910 -3237.809156 -3104.568344 -2975.873128 -2839.543172 -2694.320695 -2546.012255 -2401.965388 -2265.463861 -2118.403488 -1518.480834 -1433.110906 -1401.678367 -1394.314915 -1392.881112 -1392.641811 -1392.604865 -1392.599778 -1392.599726 -1392.600397 -1392.601053 -1392.601583 -1392.601994 -1392.602315 -1392.602569 -1392.602774 -1392.602943 -1392.603088 -1392.603219 -1392.603348 -1392.603489 -1392.603664 -1392.603899 -1392.604238 -1392.604752 -1392.605551 -1392.606822 -1392.608885 -1392.612302 -1392.618104 -1392.628233 -1392.646463 -1392.680296 -1392.744979 -1392.872476 -1393.133409 -1393.695585 -1394.987292 -1398.162890 -1406.570780 -1431.736585 -9999.0 -9999.0
-9999.0 -9999.0 974.981836 877.807514 780.438733 682.724937 584.818428 486.824759 388.802969 290.785493 192.790453 94.828179 -3.092533 -100.958992 -198.756440 -296.419195 -393.816236 -490.712425 -586.720203 -681.192654 -776.179640 -870.130767 -962.794238 -1053.932476 -1128.789533 -1192.827111 -1245.288516 -1286.527418 -1317.756609 -1340.656809 -1357.008032 -1368.437239 -1376.295555 -1381.632593 -1385.226021 -1387.634992 -1389.262839 -1390.451116 -1391.776141 -1395.296847 -1409.411473 -1473.834153 -1836.459020 -3914.489384 -3985.121672 -3985.121857 -3984.248916 -3974.973303 -3935.115947 -3835.232193 -3665.645648 -3425.667908 -3237.809155 -3104.568344 -2975.873127 -2839.543172 -2694.320694 -2546.012254 -2401.965388 -2265.463861 -2118.403488 -1518.480834 -1433.110907 -1401.678367 -1394.314915 -1392.881112 -1392.641811 -1392.604865 -1392.599778 -1392.599726 -1392.600397 -1392.601053 -1392.601583 -1392.601994 -1392.602315 -1392.602569 -1392.602774 -1392.602943 -1392.603088 -1392.603219 -1392.603348 -1392.603489 -1392.603664 -1392.603899 -1392.604238 -1392.604752 -1392.605551 -1392.606822 -1392.608885 -1392.612302 -1392.618104 -1392.628233 -1392.646463 -1392.680296 -1392.744979 -1392.872476 -1393.133409 -1393.695585 -1394.987292 -1398.162890 -1406.570780 -1431.736585 -9999.0 -9999.0
-9999.0 -9999.0 974.983054 877.808169 780.439011 682.725044 584.818468 486.824773 388.802975 290.785495 192.790454 94.828179 -3.092532 -100.958992 -198.756440 -296.419195 -393.816236 -490.712425 -586.720203 -681.192654 -776.179640 -870.130767 -962.794238 -1053.932476 -1128.789533 -1192.827111 -1245.288516 -1286.527418 -1317.756609 -1340.656809 -1357.008032 -1368.437239 -1376.295555 -1381.632593 -1385.226021 -1387.634992 -1389.262839 -1390.451116 -1391.776141 -1395.296847 -1409.411473 -1473.834153 -1836.459020 -3914.489384 -3985.121672 -3985.121857 -3984.248916 -3974.973303 -3935.115947 -3835.232192 -3665.645646 -3425.667908 -3237.809155 -3104.568344 -2975.873128 -2839.543171 -2694.320695 -2546.012254 -2401.965388 -2265.463861 -2118.403487 -1518.480834 -1433.110906 -1401.678367 -1394.314915 -1392.881112 -1392.641811 -1392.604865 -1392.599778 -1392.599726 -1392.600397 -1392.601053 -1392.601583 -1392.601994 -1392.602315 -1392.602569 -1392.602774 -1392.602943 -1392.603088 -1392.603219 -1392.603348 -1392.603489 -1392.603664 -1392.603899 -1392.604238 -1392.604752 -1392.605551 -1392.606822 -1392.608885 -1392.612302 -1392.618104 -1392.628233 -1392.646463 -1392.680296 -1392.744979 -1392.872476 -1393.133409 -1393.695585 -1394.987292 -1398.162890 -1406.570780 -1431.736585 -9999.0 -9999.0
-9999.0 -9999.0 974.983054 877.808170 780.439011 682.725044 584.818467 486.824773 388.802975 290.785495 192.790454 94.828179 -3.092532 -100.958992 -198.756440 -296.419195 -393.816236 -490.712425 -586.720203 -681.192654 -776.179640 -870.130767 -962.794238 -1053.932476 -1128.789533 -1192.827111 -1245.288516 -1286.527418 -1317.756609 -1340.656809 -1357.008032 -1368.437239 -1376.295555 -1381.632593 -1385.226021 -1387.634992 -1389.262839 -1390.451116 -1391.776141 -1395.296847 -1409.411473 -1473.834153 -1836.459020 -3914.489384 -3985.121672 -3985.121857 -3984.248916 -3974.973303 -3935.115947 -3835.232192 -3665.645646 -3425.667908 -3237.809155 -3104.568344 -2975.873127 -2839.543171 -2694.320694 -2546.012254 -2401.965387 -2265.463861 -2118.403487 -1518.480834 -1433.110906 -1401.678367 -1394.314915 -1392.881112 -1392.641811 -1392.604865 -1392.599778 -1392.599726 -1392.600397 -1392.601053 -1392.601583 -1392.601994 -1392.602315 -1392.602569 -1392.602774 -1392.602943 -1392.603088 -1392.603219 -1392.603348 -1392.603489 -1392.603664 -1392.603899 -1392.604238 -1392.604752 -1392.605551 -1392.606822 -1392.608885 -1392.612302 -1392.618104 -1392.628233 -1392.646463 -1392.680296 -1392.744979 -1392.872476 -1393.133409 -1393.695585 -1394.987292 -1398.162890 -1406.570780 -1431.736585 -9999.0 -9999.0
-9999.0 -9999.0 974.981837 877.807514 780.438733 682.724937 584.818428 486.824759 388.802969 290.785493 192.790453 94.828179 -3.092532 -100.958992 -198.756440 -296.419195 -393.816236 -490.712425 -586.720203 -681.192654 -776.179640 -870.130767 -962.794238 -1053.932476 -1128.789533 -1192.827111 -1245.288516 -1286.527418 -1317.756609 -1340.656809 -1357.008032 -1368.437239 -1376.295555 -1381.632593 -1385.226021 -1387.634992 -1389.262839 -1390.451116 -1391.776141 -1395.296847 -1409.411473 -1473.834153 -1836.459020 -3914.489384 -3985.121672 -3985.121857 -3984.248916 -3974.973303 -3935.115947 -3835.232192 -3665.645647 -3425.667908 -3237.809155 -3104.568344 -2975.873128 -2839.543171 -2694.320695 -2546.012254 -2401.965388 -2265.463861 -2118.403488 -1518.480834 -1433.110907 -1401.678367 -1394.314915 -1392.881112 -1392.641811 -1392.604865 -1392.599778 -1392.599726 -1392.600397 -1392.601053 -1392.601583 -1392.601994 -1392.602315 -1392.602569 -1392.602774 -1392.602943 -1392.603088 -1392.603219 -1392.603348 -1392.603489 -1392.603664 -1392.603899 -1392.604238 -1392.604752 -1392.605551 -1392.606822 -1392.608885 -1392.612302 -1392.618104 -1392.628233 -1392.646463 -1392.680296 -1392.744979 -1392.872476 -1393.133409 -1393.695585 -1394.987292 -1398.162890 -1406.570780 -1431.736585 -9999.0 -9999.0
-9999.0 -9999.0 974.978712 877.806304 780.438332 682.724806 584.818383 486.824743 388.802964 290.785491 192.790452 94.828178 -3.092533 -100.958993 -198.756441 -296.419195 -393.816236 -490.712425 -586.720203 -681.192653 -776.179639 -870.130766 -962.794237 -1053.932476 -1128.789533 -1192.827111 -1245.288515 -1286.527418 -1317.756609 -1340.656808 -1357.008032 -1368.437239 -1376.295555 -1381.632593 -1385.226021 -1387.634992 -1389.262839 -1390.451116 -1391.776141 -1395.296847 -1409.411473 -1473.834153 -1836.459021 -3914.489384 -3985.121672 -3985.121857 -3984.248916 -3974.973303 -3935.115947 -3835.232194 -3665.645651 -3425.667910 -3237.809156 -3104.568345 -2975.873128 -2839.543172 -2694.320695 -2546.012255 -2401.965388 -2265.463861 -2118.403488 -1518.480834 -1433.110907 -1401.678367 -1394.314915 -1392.881112 -1392.641811 -1392.604865 -1392.599778 -1392.599726 -1392.600397 -1392.601053 -1392.601583 -1392.601994 -1392.602315 -1392.602569 -1392.602774 -1392.602943 -1392.603088 -1392.603219 -1392.603348 -1392.603489 -1392.603664 -1392.603899 -1392.604238 -1392.604752 -1392.605551 -1392.606822 -1392.608885 -1392.612302 -1392.618104 -1392.628233 -1392.646463 -1392.680296 -1392.744979 -1392.872476 -1393.133409 -1393.695585 -1394.987292 -1398.162890 -1406.570780 -1431.736585 -9999.0 -9999.0
-9999.0 -9999.0 -9999.0 -9999.0 -9999.0 -9999.0 -9999.0 -9999.0 -9999.0 -9999.0 -9999.0 -9999.0 -9999.0 -9999.0 -9999.0 -9999.0 -9999.0 -9999.0 -9999.0 -9999.0 -9999.0 -9999.0 -9999.0 -9999.0 -9999.0 -9999.0 -9999.0 -9999.0 -9999.0 -9999.0 -9999.0 -9999.0 -9999.0 -9999.0 -9999.0 -9999.0 -9999.0 -9999.0 -9999.0 -9999.0 -9999.0 -9999.0 -9999.0 -9999.0 -9999.0 -9999.0 -9999.0 -9999.0 -9999.0 -9999.0 -9999.0 -9999.0 -9999.0 -9999.0 -9999.0 -9999.0 -9999.0 -9999.0 -9999.0 -9999.0 -9999.0 -9999.0 -9999.0 -9999.0 -9999.0 -9999.0 -9999.0 -9999.0 -9999.0 -9999.0 -9999.0 -9999.0 -9999.0 -9999.0 -9999.0 -9999.0 -9999.0 -9999.0 -9999.0 -9999.0 -9999.0 -9999.0 -9999.0 -9999.0 -9999.0 -9999.0 -9999.0 -9999.0 -9999.0 -9999.0 -9999.0 -9999.0 -9999.0 -9999.0 -9999.0 -9999.0 -9999.0 -9999.0 -9999.0 -9999.0 -9999.0 -9999.0 -9999.0 -9999.0
-9999.0 -9999.0 -9999.0 -9999.0 -9999.0 -9999.0 -9999.0 -9999.0 -9999.0 -9999.0 -9999.0 -9999.0 -9999.0 -9999.0 -9999.0 -9999.0 -9999.0 -9999.0 -9999.0 -9999.0 -9999.0 -9999.0 -9999.0 -9999.0 -9999.0 -9999.0 -9999.0 -9999.0 -9999.0 -9999.0 -9999.0 -9999.0 -9999.0 -9999.0 -9999.0 -9999.0 -9999.0 -9999.0 -9999.0 -9999.0 -9999.0 -9999.0 -9999.0 -9999.0 -9999.0 -9999.0 -9999.0 -9999.0 -9999.0 -9999.0 -9999.0 -9999.0 -9999.0 -9999.0 -9999.0 -9999.0 -9999.0 -9999.0 -9999.0 -9999.0 -9999.0 -9999.0 -9999.0 -9999.0 -9999.0 -9999.0 -9999.0 -9999.0 -9999.0 -9999.0 -9999.0 -9999.0 -9999.0 -9999.0 -9999.0 -9999.0 -9999.0 -9999.0 -9999.0 -9999.0 -9999.0 -9999.0 -9999.0 -9999.0 -9999.0 -9999.0 -9999.0 -9999.0 -9999.0 -9999.0 -9999.0 -9999.0 -9999.0 -9999.0 -9999.0 -9999.0 -9999.0 -9999.0 -9999.0 -9999.0 -9999.0 -9999.0 -9999.0 -9999.0