inst/processing_geotop_simulation/geotop_simulation/out/maps3D/PwL0009N0354.asc
ncols         104
nrows         10
xllcorner     -2.000000
yllcorner     0.000000
cellsize      1.000000
NODATA_value  -9999.0
-9999.0 -9999.0 -9999.0 -9999.0 -9999.0 -9999.0 -9999.0 -9999.0 -9999.0 -9999.0 -9999.0 -9999.0 -9999.0 -9999.0 -9999.0 -9999.0 -9999.0 -9999.0 -9999.0 -9999.0 -9999.0 -9999.0 -9999.0 -9999.0 -9999.0 -9999.0 -9999.0 -9999.0 -9999.0 -9999.0 -9999.0 -9999.0 -9999.0 -9999.0 -9999.0 -9999.0 -9999.0 -9999.0 -9999.0 -9999.0 -9999.0 -9999.0 -9999.0 -9999.0 -9999.0 -9999.0 -9999.0 -9999.0 -9999.0 -9999.0 -9999.0 -9999.0 -9999.0 -9999.0 -9999.0 -9999.0 -9999.0 -9999.0 -9999.0 -9999.0 -9999.0 -9999.0 -9999.0 -9999.0 -9999.0 -9999.0 -9999.0 -9999.0 -9999.0 -9999.0 -9999.0 -9999.0 -9999.0 -9999.0 -9999.0 -9999.0 -9999.0 -9999.0 -9999.0 -9999.0 -9999.0 -9999.0 -9999.0 -9999.0 -9999.0 -9999.0 -9999.0 -9999.0 -9999.0 -9999.0 -9999.0 -9999.0 -9999.0 -9999.0 -9999.0 -9999.0 -9999.0 -9999.0 -9999.0 -9999.0 -9999.0 -9999.0 -9999.0 -9999.0
-9999.0 -9999.0 -9999.0 -9999.0 -9999.0 -9999.0 -9999.0 -9999.0 -9999.0 -9999.0 -9999.0 -9999.0 -9999.0 -9999.0 -9999.0 -9999.0 -9999.0 -9999.0 -9999.0 -9999.0 -9999.0 -9999.0 -9999.0 -9999.0 -9999.0 -9999.0 -9999.0 -9999.0 -9999.0 -9999.0 -9999.0 -9999.0 -9999.0 -9999.0 -9999.0 -9999.0 -9999.0 -9999.0 -9999.0 -9999.0 -9999.0 -9999.0 -9999.0 -9999.0 -9999.0 -9999.0 -9999.0 -9999.0 -9999.0 -9999.0 -9999.0 -9999.0 -9999.0 -9999.0 -9999.0 -9999.0 -9999.0 -9999.0 -9999.0 -9999.0 -9999.0 -9999.0 -9999.0 -9999.0 -9999.0 -9999.0 -9999.0 -9999.0 -9999.0 -9999.0 -9999.0 -9999.0 -9999.0 -9999.0 -9999.0 -9999.0 -9999.0 -9999.0 -9999.0 -9999.0 -9999.0 -9999.0 -9999.0 -9999.0 -9999.0 -9999.0 -9999.0 -9999.0 -9999.0 -9999.0 -9999.0 -9999.0 -9999.0 -9999.0 -9999.0 -9999.0 -9999.0 -9999.0 -9999.0 -9999.0 -9999.0 -9999.0 -9999.0 -9999.0
-9999.0 -9999.0 423.699962 325.747593 227.092334 128.134062 29.050756 -70.080309 -169.226879 -268.369200 -367.485319 -466.542194 -565.470208 -664.128569 -762.598841 -861.122857 -959.500093 -1057.714384 -1155.200761 -1250.859979 -1343.770800 -1431.732278 -1511.863949 -1581.591117 -1639.517497 -1685.652489 -1721.097467 -1747.535495 -1766.788986 -1780.542709 -1790.216813 -1796.937835 -1801.561861 -1804.719186 -1806.863358 -1808.317646 -1809.322367 -1810.116283 -1811.186471 -1813.913694 -1819.562883 -1801.345875 -1273.931546 -1383.899855 -1349.238450 -1326.816931 -1316.501369 -1315.039280 -1314.886533 -1314.900867 -1314.938981 -1314.979966 -1315.019344 -1315.055804 -1315.089644 -1315.129040 -1315.252391 -1316.101034 -1321.482037 -1333.605645 -1348.498321 -1222.732335 -1769.145308 -1812.442599 -1812.527992 -1811.653251 -1811.427574 -1811.385630 -1811.379076 -1811.378548 -1811.378950 -1811.379411 -1811.379793 -1811.380092 -1811.380326 -1811.380511 -1811.380661 -1811.380786 -1811.380893 -1811.380992 -1811.381090 -1811.381199 -1811.381333 -1811.381515 -1811.381777 -1811.382172 -1811.382788 -1811.383766 -1811.385356 -1811.387997 -1811.392499 -1811.400394 -1811.414673 -1811.441298 -1811.492426 -1811.593652 -1811.801702 -1812.251444 -1813.290399 -1815.902335 -1823.255889 -1847.366431 -9999.0 -9999.0
-9999.0 -9999.0 423.706245 325.749264 227.092791 128.134199 29.050801 -70.080294 -169.226873 -268.369198 -367.485317 -466.542194 -565.470208 -664.128569 -762.598841 -861.122858 -959.500093 -1057.714384 -1155.200761 -1250.859979 -1343.770801 -1431.732278 -1511.863949 -1581.591117 -1639.517497 -1685.652489 -1721.097467 -1747.535495 -1766.788986 -1780.542709 -1790.216813 -1796.937835 -1801.561861 -1804.719186 -1806.863358 -1808.317646 -1809.322367 -1810.116283 -1811.186471 -1813.913694 -1819.562883 -1801.345875 -1273.931546 -1383.899855 -1349.238450 -1326.816930 -1316.501369 -1315.039280 -1314.886533 -1314.900867 -1314.938981 -1314.979966 -1315.019344 -1315.055804 -1315.089644 -1315.129040 -1315.252391 -1316.101034 -1321.482037 -1333.605645 -1348.498321 -1222.732335 -1769.145308 -1812.442599 -1812.527992 -1811.653251 -1811.427574 -1811.385630 -1811.379076 -1811.378548 -1811.378950 -1811.379411 -1811.379793 -1811.380092 -1811.380326 -1811.380511 -1811.380661 -1811.380786 -1811.380893 -1811.380992 -1811.381090 -1811.381199 -1811.381333 -1811.381515 -1811.381777 -1811.382172 -1811.382788 -1811.383766 -1811.385356 -1811.387997 -1811.392499 -1811.400394 -1811.414673 -1811.441298 -1811.492426 -1811.593652 -1811.801702 -1812.251444 -1813.290399 -1815.902335 -1823.255889 -1847.366431 -9999.0 -9999.0
-9999.0 -9999.0 423.707635 325.750000 227.093086 128.134308 29.050839 -70.080280 -169.226868 -268.369196 -367.485317 -466.542193 -565.470208 -664.128569 -762.598841 -861.122858 -959.500093 -1057.714384 -1155.200761 -1250.859979 -1343.770801 -1431.732278 -1511.863949 -1581.591117 -1639.517497 -1685.652490 -1721.097467 -1747.535495 -1766.788986 -1780.542709 -1790.216813 -1796.937835 -1801.561861 -1804.719186 -1806.863358 -1808.317646 -1809.322367 -1810.116283 -1811.186471 -1813.913694 -1819.562883 -1801.345875 -1273.931546 -1383.899855 -1349.238450 -1326.816930 -1316.501369 -1315.039280 -1314.886533 -1314.900867 -1314.938981 -1314.979966 -1315.019344 -1315.055804 -1315.089644 -1315.129040 -1315.252391 -1316.101034 -1321.482037 -1333.605645 -1348.498321 -1222.732335 -1769.145308 -1812.442599 -1812.527992 -1811.653251 -1811.427574 -1811.385630 -1811.379076 -1811.378548 -1811.378950 -1811.379411 -1811.379793 -1811.380092 -1811.380326 -1811.380511 -1811.380661 -1811.380786 -1811.380893 -1811.380992 -1811.381090 -1811.381199 -1811.381333 -1811.381515 -1811.381777 -1811.382172 -1811.382788 -1811.383766 -1811.385356 -1811.387997 -1811.392499 -1811.400394 -1811.414673 -1811.441298 -1811.492426 -1811.593652 -1811.801702 -1812.251444 -1813.290399 -1815.902335 -1823.255889 -1847.366431 -9999.0 -9999.0
-9999.0 -9999.0 423.707636 325.750000 227.093086 128.134307 29.050839 -70.080280 -169.226868 -268.369196 -367.485317 -466.542194 -565.470208 -664.128569 -762.598841 -861.122858 -959.500093 -1057.714384 -1155.200761 -1250.859979 -1343.770801 -1431.732278 -1511.863949 -1581.591117 -1639.517497 -1685.652490 -1721.097467 -1747.535495 -1766.788986 -1780.542709 -1790.216813 -1796.937835 -1801.561861 -1804.719186 -1806.863358 -1808.317646 -1809.322367 -1810.116283 -1811.186471 -1813.913694 -1819.562883 -1801.345875 -1273.931546 -1383.899855 -1349.238450 -1326.816930 -1316.501369 -1315.039280 -1314.886533 -1314.900867 -1314.938981 -1314.979966 -1315.019344 -1315.055804 -1315.089644 -1315.129040 -1315.252391 -1316.101034 -1321.482037 -1333.605645 -1348.498321 -1222.732335 -1769.145308 -1812.442599 -1812.527992 -1811.653251 -1811.427574 -1811.385630 -1811.379076 -1811.378548 -1811.378950 -1811.379411 -1811.379793 -1811.380092 -1811.380326 -1811.380511 -1811.380661 -1811.380786 -1811.380893 -1811.380992 -1811.381090 -1811.381199 -1811.381333 -1811.381515 -1811.381777 -1811.382172 -1811.382788 -1811.383766 -1811.385356 -1811.387997 -1811.392499 -1811.400394 -1811.414673 -1811.441298 -1811.492426 -1811.593652 -1811.801702 -1812.251444 -1813.290399 -1815.902335 -1823.255889 -1847.366431 -9999.0 -9999.0
-9999.0 -9999.0 423.706245 325.749264 227.092791 128.134199 29.050800 -70.080294 -169.226873 -268.369198 -367.485318 -466.542194 -565.470208 -664.128569 -762.598841 -861.122858 -959.500093 -1057.714384 -1155.200761 -1250.859979 -1343.770801 -1431.732278 -1511.863949 -1581.591117 -1639.517497 -1685.652489 -1721.097467 -1747.535495 -1766.788986 -1780.542709 -1790.216813 -1796.937835 -1801.561861 -1804.719186 -1806.863358 -1808.317646 -1809.322367 -1810.116283 -1811.186471 -1813.913694 -1819.562883 -1801.345875 -1273.931546 -1383.899855 -1349.238450 -1326.816930 -1316.501369 -1315.039280 -1314.886533 -1314.900867 -1314.938981 -1314.979966 -1315.019344 -1315.055804 -1315.089644 -1315.129040 -1315.252391 -1316.101034 -1321.482037 -1333.605645 -1348.498321 -1222.732335 -1769.145308 -1812.442599 -1812.527992 -1811.653251 -1811.427574 -1811.385630 -1811.379076 -1811.378548 -1811.378950 -1811.379411 -1811.379793 -1811.380092 -1811.380326 -1811.380511 -1811.380661 -1811.380786 -1811.380893 -1811.380992 -1811.381090 -1811.381199 -1811.381333 -1811.381515 -1811.381777 -1811.382172 -1811.382788 -1811.383766 -1811.385356 -1811.387997 -1811.392499 -1811.400394 -1811.414673 -1811.441298 -1811.492426 -1811.593652 -1811.801702 -1812.251444 -1813.290399 -1815.902335 -1823.255889 -1847.366431 -9999.0 -9999.0
-9999.0 -9999.0 423.699962 325.747593 227.092334 128.134062 29.050756 -70.080310 -169.226879 -268.369200 -367.485319 -466.542195 -565.470208 -664.128569 -762.598841 -861.122858 -959.500093 -1057.714384 -1155.200761 -1250.859979 -1343.770800 -1431.732278 -1511.863949 -1581.591117 -1639.517497 -1685.652489 -1721.097467 -1747.535495 -1766.788986 -1780.542709 -1790.216813 -1796.937835 -1801.561861 -1804.719186 -1806.863358 -1808.317646 -1809.322367 -1810.116283 -1811.186471 -1813.913694 -1819.562883 -1801.345875 -1273.931546 -1383.899855 -1349.238450 -1326.816931 -1316.501369 -1315.039280 -1314.886533 -1314.900867 -1314.938981 -1314.979966 -1315.019344 -1315.055804 -1315.089644 -1315.129040 -1315.252391 -1316.101034 -1321.482037 -1333.605645 -1348.498321 -1222.732335 -1769.145308 -1812.442599 -1812.527992 -1811.653251 -1811.427574 -1811.385630 -1811.379076 -1811.378548 -1811.378950 -1811.379411 -1811.379793 -1811.380092 -1811.380326 -1811.380511 -1811.380661 -1811.380786 -1811.380893 -1811.380992 -1811.381090 -1811.381199 -1811.381333 -1811.381515 -1811.381777 -1811.382172 -1811.382788 -1811.383766 -1811.385356 -1811.387997 -1811.392499 -1811.400394 -1811.414673 -1811.441298 -1811.492426 -1811.593652 -1811.801702 -1812.251444 -1813.290399 -1815.902335 -1823.255889 -1847.366431 -9999.0 -9999.0
-9999.0 -9999.0 -9999.0 -9999.0 -9999.0 -9999.0 -9999.0 -9999.0 -9999.0 -9999.0 -9999.0 -9999.0 -9999.0 -9999.0 -9999.0 -9999.0 -9999.0 -9999.0 -9999.0 -9999.0 -9999.0 -9999.0 -9999.0 -9999.0 -9999.0 -9999.0 -9999.0 -9999.0 -9999.0 -9999.0 -9999.0 -9999.0 -9999.0 -9999.0 -9999.0 -9999.0 -9999.0 -9999.0 -9999.0 -9999.0 -9999.0 -9999.0 -9999.0 -9999.0 -9999.0 -9999.0 -9999.0 -9999.0 -9999.0 -9999.0 -9999.0 -9999.0 -9999.0 -9999.0 -9999.0 -9999.0 -9999.0 -9999.0 -9999.0 -9999.0 -9999.0 -9999.0 -9999.0 -9999.0 -9999.0 -9999.0 -9999.0 -9999.0 -9999.0 -9999.0 -9999.0 -9999.0 -9999.0 -9999.0 -9999.0 -9999.0 -9999.0 -9999.0 -9999.0 -9999.0 -9999.0 -9999.0 -9999.0 -9999.0 -9999.0 -9999.0 -9999.0 -9999.0 -9999.0 -9999.0 -9999.0 -9999.0 -9999.0 -9999.0 -9999.0 -9999.0 -9999.0 -9999.0 -9999.0 -9999.0 -9999.0 -9999.0 -9999.0 -9999.0
-9999.0 -9999.0 -9999.0 -9999.0 -9999.0 -9999.0 -9999.0 -9999.0 -9999.0 -9999.0 -9999.0 -9999.0 -9999.0 -9999.0 -9999.0 -9999.0 -9999.0 -9999.0 -9999.0 -9999.0 -9999.0 -9999.0 -9999.0 -9999.0 -9999.0 -9999.0 -9999.0 -9999.0 -9999.0 -9999.0 -9999.0 -9999.0 -9999.0 -9999.0 -9999.0 -9999.0 -9999.0 -9999.0 -9999.0 -9999.0 -9999.0 -9999.0 -9999.0 -9999.0 -9999.0 -9999.0 -9999.0 -9999.0 -9999.0 -9999.0 -9999.0 -9999.0 -9999.0 -9999.0 -9999.0 -9999.0 -9999.0 -9999.0 -9999.0 -9999.0 -9999.0 -9999.0 -9999.0 -9999.0 -9999.0 -9999.0 -9999.0 -9999.0 -9999.0 -9999.0 -9999.0 -9999.0 -9999.0 -9999.0 -9999.0 -9999.0 -9999.0 -9999.0 -9999.0 -9999.0 -9999.0 -9999.0 -9999.0 -9999.0 -9999.0 -9999.0 -9999.0 -9999.0 -9999.0 -9999.0 -9999.0 -9999.0 -9999.0 -9999.0 -9999.0 -9999.0 -9999.0 -9999.0 -9999.0 -9999.0 -9999.0 -9999.0 -9999.0 -9999.0