inst/processing_geotop_simulation/geotop_simulation/out/maps3D/PwL0007N0209.asc
ncols         104
nrows         10
xllcorner     -2.000000
yllcorner     0.000000
cellsize      1.000000
NODATA_value  -9999.0
-9999.0 -9999.0 -9999.0 -9999.0 -9999.0 -9999.0 -9999.0 -9999.0 -9999.0 -9999.0 -9999.0 -9999.0 -9999.0 -9999.0 -9999.0 -9999.0 -9999.0 -9999.0 -9999.0 -9999.0 -9999.0 -9999.0 -9999.0 -9999.0 -9999.0 -9999.0 -9999.0 -9999.0 -9999.0 -9999.0 -9999.0 -9999.0 -9999.0 -9999.0 -9999.0 -9999.0 -9999.0 -9999.0 -9999.0 -9999.0 -9999.0 -9999.0 -9999.0 -9999.0 -9999.0 -9999.0 -9999.0 -9999.0 -9999.0 -9999.0 -9999.0 -9999.0 -9999.0 -9999.0 -9999.0 -9999.0 -9999.0 -9999.0 -9999.0 -9999.0 -9999.0 -9999.0 -9999.0 -9999.0 -9999.0 -9999.0 -9999.0 -9999.0 -9999.0 -9999.0 -9999.0 -9999.0 -9999.0 -9999.0 -9999.0 -9999.0 -9999.0 -9999.0 -9999.0 -9999.0 -9999.0 -9999.0 -9999.0 -9999.0 -9999.0 -9999.0 -9999.0 -9999.0 -9999.0 -9999.0 -9999.0 -9999.0 -9999.0 -9999.0 -9999.0 -9999.0 -9999.0 -9999.0 -9999.0 -9999.0 -9999.0 -9999.0 -9999.0 -9999.0
-9999.0 -9999.0 -9999.0 -9999.0 -9999.0 -9999.0 -9999.0 -9999.0 -9999.0 -9999.0 -9999.0 -9999.0 -9999.0 -9999.0 -9999.0 -9999.0 -9999.0 -9999.0 -9999.0 -9999.0 -9999.0 -9999.0 -9999.0 -9999.0 -9999.0 -9999.0 -9999.0 -9999.0 -9999.0 -9999.0 -9999.0 -9999.0 -9999.0 -9999.0 -9999.0 -9999.0 -9999.0 -9999.0 -9999.0 -9999.0 -9999.0 -9999.0 -9999.0 -9999.0 -9999.0 -9999.0 -9999.0 -9999.0 -9999.0 -9999.0 -9999.0 -9999.0 -9999.0 -9999.0 -9999.0 -9999.0 -9999.0 -9999.0 -9999.0 -9999.0 -9999.0 -9999.0 -9999.0 -9999.0 -9999.0 -9999.0 -9999.0 -9999.0 -9999.0 -9999.0 -9999.0 -9999.0 -9999.0 -9999.0 -9999.0 -9999.0 -9999.0 -9999.0 -9999.0 -9999.0 -9999.0 -9999.0 -9999.0 -9999.0 -9999.0 -9999.0 -9999.0 -9999.0 -9999.0 -9999.0 -9999.0 -9999.0 -9999.0 -9999.0 -9999.0 -9999.0 -9999.0 -9999.0 -9999.0 -9999.0 -9999.0 -9999.0 -9999.0 -9999.0
-9999.0 -9999.0 328.808111 234.867765 138.551890 41.362151 -56.167784 -153.836637 -251.540026 -349.194660 -446.703529 -543.848110 -640.167905 -735.576720 -830.940939 -926.209689 -1021.247062 -1114.938345 -1205.683000 -1292.472986 -1370.664400 -1436.177065 -1487.505425 -1525.638368 -1552.921053 -1571.972582 -1585.079042 -1594.004563 -1600.029602 -1604.060362 -1606.732844 -1608.490083 -1609.637455 -1610.382605 -1610.864960 -1611.178951 -1611.395626 -1611.600232 -1612.064179 -1614.127073 -1622.684178 -1634.043035 -1145.276609 -1194.998709 -1168.226547 -1151.529443 -1143.804629 -1142.741341 -1142.632383 -1142.644827 -1142.674826 -1142.706949 -1142.737795 -1142.766344 -1142.792755 -1142.822712 -1142.911634 -1143.524659 -1147.545815 -1156.647015 -1170.202322 -1104.283736 -1607.678795 -1617.027523 -1612.997788 -1612.029524 -1611.868566 -1611.843780 -1611.840564 -1611.840908 -1611.841735 -1611.842481 -1611.843067 -1611.843513 -1611.843855 -1611.844121 -1611.844331 -1611.844500 -1611.844642 -1611.844768 -1611.844892 -1611.845029 -1611.845202 -1611.845443 -1611.845799 -1611.846346 -1611.847207 -1611.848586 -1611.850827 -1611.854537 -1611.860810 -1611.871699 -1611.891163 -1611.927007 -1611.994849 -1612.126456 -1612.388406 -1612.928513 -1614.102825 -1616.850710 -1623.992989 -1646.320029 -9999.0 -9999.0
-9999.0 -9999.0 328.816407 234.869777 138.552425 41.362310 -56.167733 -153.836620 -251.540020 -349.194658 -446.703528 -543.848110 -640.167905 -735.576720 -830.940939 -926.209689 -1021.247062 -1114.938345 -1205.683000 -1292.472987 -1370.664400 -1436.177065 -1487.505425 -1525.638369 -1552.921053 -1571.972582 -1585.079042 -1594.004563 -1600.029602 -1604.060362 -1606.732844 -1608.490083 -1609.637455 -1610.382605 -1610.864960 -1611.178951 -1611.395626 -1611.600232 -1612.064179 -1614.127073 -1622.684178 -1634.043035 -1145.276609 -1194.998708 -1168.226547 -1151.529442 -1143.804629 -1142.741341 -1142.632383 -1142.644827 -1142.674826 -1142.706949 -1142.737795 -1142.766344 -1142.792755 -1142.822712 -1142.911634 -1143.524659 -1147.545815 -1156.647015 -1170.202322 -1104.283736 -1607.678795 -1617.027523 -1612.997788 -1612.029524 -1611.868566 -1611.843780 -1611.840564 -1611.840908 -1611.841735 -1611.842481 -1611.843067 -1611.843513 -1611.843855 -1611.844121 -1611.844331 -1611.844500 -1611.844642 -1611.844768 -1611.844892 -1611.845029 -1611.845202 -1611.845443 -1611.845799 -1611.846346 -1611.847207 -1611.848586 -1611.850827 -1611.854537 -1611.860810 -1611.871699 -1611.891163 -1611.927007 -1611.994849 -1612.126456 -1612.388406 -1612.928513 -1614.102825 -1616.850710 -1623.992989 -1646.320029 -9999.0 -9999.0
-9999.0 -9999.0 328.817978 234.870631 138.552765 41.362434 -56.167689 -153.836604 -251.540014 -349.194656 -446.703527 -543.848110 -640.167904 -735.576720 -830.940939 -926.209689 -1021.247062 -1114.938345 -1205.683000 -1292.472987 -1370.664400 -1436.177065 -1487.505425 -1525.638369 -1552.921053 -1571.972582 -1585.079042 -1594.004563 -1600.029602 -1604.060362 -1606.732844 -1608.490083 -1609.637455 -1610.382605 -1610.864960 -1611.178951 -1611.395626 -1611.600232 -1612.064179 -1614.127073 -1622.684178 -1634.043035 -1145.276609 -1194.998708 -1168.226547 -1151.529442 -1143.804629 -1142.741341 -1142.632383 -1142.644827 -1142.674826 -1142.706949 -1142.737795 -1142.766344 -1142.792755 -1142.822712 -1142.911634 -1143.524659 -1147.545815 -1156.647015 -1170.202322 -1104.283736 -1607.678795 -1617.027523 -1612.997788 -1612.029524 -1611.868566 -1611.843780 -1611.840564 -1611.840908 -1611.841735 -1611.842481 -1611.843067 -1611.843513 -1611.843855 -1611.844121 -1611.844331 -1611.844500 -1611.844642 -1611.844768 -1611.844892 -1611.845029 -1611.845202 -1611.845443 -1611.845799 -1611.846346 -1611.847207 -1611.848586 -1611.850827 -1611.854537 -1611.860810 -1611.871699 -1611.891163 -1611.927007 -1611.994849 -1612.126456 -1612.388406 -1612.928513 -1614.102825 -1616.850710 -1623.992989 -1646.320029 -9999.0 -9999.0
-9999.0 -9999.0 328.817978 234.870631 138.552765 41.362434 -56.167689 -153.836604 -251.540014 -349.194655 -446.703527 -543.848110 -640.167904 -735.576720 -830.940939 -926.209689 -1021.247062 -1114.938345 -1205.683000 -1292.472987 -1370.664400 -1436.177065 -1487.505425 -1525.638369 -1552.921053 -1571.972582 -1585.079042 -1594.004563 -1600.029602 -1604.060362 -1606.732844 -1608.490083 -1609.637455 -1610.382605 -1610.864960 -1611.178951 -1611.395626 -1611.600232 -1612.064179 -1614.127073 -1622.684178 -1634.043035 -1145.276609 -1194.998708 -1168.226547 -1151.529442 -1143.804629 -1142.741341 -1142.632383 -1142.644827 -1142.674826 -1142.706949 -1142.737795 -1142.766344 -1142.792755 -1142.822712 -1142.911634 -1143.524659 -1147.545815 -1156.647015 -1170.202322 -1104.283736 -1607.678795 -1617.027523 -1612.997788 -1612.029524 -1611.868566 -1611.843780 -1611.840564 -1611.840908 -1611.841735 -1611.842481 -1611.843067 -1611.843513 -1611.843855 -1611.844121 -1611.844331 -1611.844500 -1611.844642 -1611.844768 -1611.844892 -1611.845029 -1611.845202 -1611.845443 -1611.845799 -1611.846346 -1611.847207 -1611.848586 -1611.850827 -1611.854537 -1611.860810 -1611.871699 -1611.891163 -1611.927007 -1611.994849 -1612.126456 -1612.388406 -1612.928513 -1614.102825 -1616.850710 -1623.992989 -1646.320029 -9999.0 -9999.0
-9999.0 -9999.0 328.816407 234.869777 138.552425 41.362310 -56.167733 -153.836620 -251.540020 -349.194658 -446.703528 -543.848110 -640.167905 -735.576720 -830.940939 -926.209689 -1021.247062 -1114.938345 -1205.683000 -1292.472987 -1370.664400 -1436.177065 -1487.505425 -1525.638369 -1552.921053 -1571.972582 -1585.079042 -1594.004563 -1600.029602 -1604.060362 -1606.732844 -1608.490083 -1609.637455 -1610.382605 -1610.864960 -1611.178951 -1611.395626 -1611.600232 -1612.064179 -1614.127073 -1622.684178 -1634.043035 -1145.276609 -1194.998708 -1168.226547 -1151.529442 -1143.804629 -1142.741341 -1142.632383 -1142.644827 -1142.674826 -1142.706949 -1142.737795 -1142.766344 -1142.792755 -1142.822712 -1142.911634 -1143.524659 -1147.545815 -1156.647015 -1170.202322 -1104.283736 -1607.678795 -1617.027523 -1612.997788 -1612.029524 -1611.868566 -1611.843780 -1611.840564 -1611.840908 -1611.841735 -1611.842481 -1611.843067 -1611.843513 -1611.843855 -1611.844121 -1611.844331 -1611.844500 -1611.844642 -1611.844768 -1611.844892 -1611.845029 -1611.845202 -1611.845443 -1611.845799 -1611.846346 -1611.847207 -1611.848586 -1611.850827 -1611.854537 -1611.860810 -1611.871699 -1611.891163 -1611.927007 -1611.994849 -1612.126456 -1612.388406 -1612.928513 -1614.102825 -1616.850710 -1623.992989 -1646.320029 -9999.0 -9999.0
-9999.0 -9999.0 328.808111 234.867765 138.551890 41.362151 -56.167784 -153.836637 -251.540026 -349.194660 -446.703529 -543.848110 -640.167905 -735.576720 -830.940939 -926.209689 -1021.247062 -1114.938345 -1205.683000 -1292.472986 -1370.664400 -1436.177065 -1487.505425 -1525.638368 -1552.921053 -1571.972582 -1585.079042 -1594.004563 -1600.029602 -1604.060362 -1606.732844 -1608.490083 -1609.637455 -1610.382605 -1610.864960 -1611.178951 -1611.395626 -1611.600232 -1612.064179 -1614.127073 -1622.684178 -1634.043035 -1145.276609 -1194.998709 -1168.226547 -1151.529443 -1143.804629 -1142.741341 -1142.632383 -1142.644827 -1142.674826 -1142.706949 -1142.737795 -1142.766344 -1142.792755 -1142.822712 -1142.911634 -1143.524659 -1147.545815 -1156.647015 -1170.202322 -1104.283736 -1607.678795 -1617.027523 -1612.997788 -1612.029524 -1611.868566 -1611.843780 -1611.840564 -1611.840908 -1611.841735 -1611.842481 -1611.843067 -1611.843513 -1611.843855 -1611.844121 -1611.844331 -1611.844500 -1611.844642 -1611.844768 -1611.844892 -1611.845029 -1611.845202 -1611.845443 -1611.845799 -1611.846346 -1611.847207 -1611.848586 -1611.850827 -1611.854537 -1611.860810 -1611.871699 -1611.891163 -1611.927007 -1611.994849 -1612.126456 -1612.388406 -1612.928513 -1614.102825 -1616.850710 -1623.992989 -1646.320029 -9999.0 -9999.0
-9999.0 -9999.0 -9999.0 -9999.0 -9999.0 -9999.0 -9999.0 -9999.0 -9999.0 -9999.0 -9999.0 -9999.0 -9999.0 -9999.0 -9999.0 -9999.0 -9999.0 -9999.0 -9999.0 -9999.0 -9999.0 -9999.0 -9999.0 -9999.0 -9999.0 -9999.0 -9999.0 -9999.0 -9999.0 -9999.0 -9999.0 -9999.0 -9999.0 -9999.0 -9999.0 -9999.0 -9999.0 -9999.0 -9999.0 -9999.0 -9999.0 -9999.0 -9999.0 -9999.0 -9999.0 -9999.0 -9999.0 -9999.0 -9999.0 -9999.0 -9999.0 -9999.0 -9999.0 -9999.0 -9999.0 -9999.0 -9999.0 -9999.0 -9999.0 -9999.0 -9999.0 -9999.0 -9999.0 -9999.0 -9999.0 -9999.0 -9999.0 -9999.0 -9999.0 -9999.0 -9999.0 -9999.0 -9999.0 -9999.0 -9999.0 -9999.0 -9999.0 -9999.0 -9999.0 -9999.0 -9999.0 -9999.0 -9999.0 -9999.0 -9999.0 -9999.0 -9999.0 -9999.0 -9999.0 -9999.0 -9999.0 -9999.0 -9999.0 -9999.0 -9999.0 -9999.0 -9999.0 -9999.0 -9999.0 -9999.0 -9999.0 -9999.0 -9999.0 -9999.0
-9999.0 -9999.0 -9999.0 -9999.0 -9999.0 -9999.0 -9999.0 -9999.0 -9999.0 -9999.0 -9999.0 -9999.0 -9999.0 -9999.0 -9999.0 -9999.0 -9999.0 -9999.0 -9999.0 -9999.0 -9999.0 -9999.0 -9999.0 -9999.0 -9999.0 -9999.0 -9999.0 -9999.0 -9999.0 -9999.0 -9999.0 -9999.0 -9999.0 -9999.0 -9999.0 -9999.0 -9999.0 -9999.0 -9999.0 -9999.0 -9999.0 -9999.0 -9999.0 -9999.0 -9999.0 -9999.0 -9999.0 -9999.0 -9999.0 -9999.0 -9999.0 -9999.0 -9999.0 -9999.0 -9999.0 -9999.0 -9999.0 -9999.0 -9999.0 -9999.0 -9999.0 -9999.0 -9999.0 -9999.0 -9999.0 -9999.0 -9999.0 -9999.0 -9999.0 -9999.0 -9999.0 -9999.0 -9999.0 -9999.0 -9999.0 -9999.0 -9999.0 -9999.0 -9999.0 -9999.0 -9999.0 -9999.0 -9999.0 -9999.0 -9999.0 -9999.0 -9999.0 -9999.0 -9999.0 -9999.0 -9999.0 -9999.0 -9999.0 -9999.0 -9999.0 -9999.0 -9999.0 -9999.0 -9999.0 -9999.0 -9999.0 -9999.0 -9999.0 -9999.0