inst/processing_geotop_simulation/geotop_simulation/out/maps3D/PwL0001N0021.asc
ncols         104
nrows         10
xllcorner     -2.000000
yllcorner     0.000000
cellsize      1.000000
NODATA_value  -9999.0
-9999.0 -9999.0 -9999.0 -9999.0 -9999.0 -9999.0 -9999.0 -9999.0 -9999.0 -9999.0 -9999.0 -9999.0 -9999.0 -9999.0 -9999.0 -9999.0 -9999.0 -9999.0 -9999.0 -9999.0 -9999.0 -9999.0 -9999.0 -9999.0 -9999.0 -9999.0 -9999.0 -9999.0 -9999.0 -9999.0 -9999.0 -9999.0 -9999.0 -9999.0 -9999.0 -9999.0 -9999.0 -9999.0 -9999.0 -9999.0 -9999.0 -9999.0 -9999.0 -9999.0 -9999.0 -9999.0 -9999.0 -9999.0 -9999.0 -9999.0 -9999.0 -9999.0 -9999.0 -9999.0 -9999.0 -9999.0 -9999.0 -9999.0 -9999.0 -9999.0 -9999.0 -9999.0 -9999.0 -9999.0 -9999.0 -9999.0 -9999.0 -9999.0 -9999.0 -9999.0 -9999.0 -9999.0 -9999.0 -9999.0 -9999.0 -9999.0 -9999.0 -9999.0 -9999.0 -9999.0 -9999.0 -9999.0 -9999.0 -9999.0 -9999.0 -9999.0 -9999.0 -9999.0 -9999.0 -9999.0 -9999.0 -9999.0 -9999.0 -9999.0 -9999.0 -9999.0 -9999.0 -9999.0 -9999.0 -9999.0 -9999.0 -9999.0 -9999.0 -9999.0
-9999.0 -9999.0 -9999.0 -9999.0 -9999.0 -9999.0 -9999.0 -9999.0 -9999.0 -9999.0 -9999.0 -9999.0 -9999.0 -9999.0 -9999.0 -9999.0 -9999.0 -9999.0 -9999.0 -9999.0 -9999.0 -9999.0 -9999.0 -9999.0 -9999.0 -9999.0 -9999.0 -9999.0 -9999.0 -9999.0 -9999.0 -9999.0 -9999.0 -9999.0 -9999.0 -9999.0 -9999.0 -9999.0 -9999.0 -9999.0 -9999.0 -9999.0 -9999.0 -9999.0 -9999.0 -9999.0 -9999.0 -9999.0 -9999.0 -9999.0 -9999.0 -9999.0 -9999.0 -9999.0 -9999.0 -9999.0 -9999.0 -9999.0 -9999.0 -9999.0 -9999.0 -9999.0 -9999.0 -9999.0 -9999.0 -9999.0 -9999.0 -9999.0 -9999.0 -9999.0 -9999.0 -9999.0 -9999.0 -9999.0 -9999.0 -9999.0 -9999.0 -9999.0 -9999.0 -9999.0 -9999.0 -9999.0 -9999.0 -9999.0 -9999.0 -9999.0 -9999.0 -9999.0 -9999.0 -9999.0 -9999.0 -9999.0 -9999.0 -9999.0 -9999.0 -9999.0 -9999.0 -9999.0 -9999.0 -9999.0 -9999.0 -9999.0 -9999.0 -9999.0
-9999.0 -9999.0 26.396947 -68.228357 -154.265701 -219.944190 -262.056117 -283.446015 -285.989428 -267.201331 -269.185936 -203.667965 -150.024973 -103.538691 -25.284628 -10.661160 -22.834933 -50.567804 -86.986734 -128.685722 -172.566776 -214.934836 -252.151045 -282.127429 -304.743529 -321.030490 -332.365656 -340.057238 -345.163714 -348.469103 -350.521430 -351.672248 -352.115416 -351.910576 -350.982653 -349.095629 -345.791991 -340.268029 -331.131814 -315.862305 -289.347769 -244.437740 -237.873657 -174.888167 -125.921766 -93.575946 -78.012393 -76.393926 -76.230502 -76.214844 -76.214062 -76.214729 -76.215500 -76.216371 -76.218679 -76.235893 -76.401785 -78.038614 -94.007771 -126.061331 -174.284316 -236.042977 -253.342321 -296.542008 -320.175411 -333.967014 -342.283987 -347.390972 -350.559671 -352.538171 -353.778538 -354.558265 -355.049402 -355.359332 -355.555407 -355.680055 -355.760154 -355.812948 -355.849714 -355.878065 -355.904017 -355.933168 -355.971697 -356.027805 -356.113453 -356.246835 -356.456301 -356.786267 -357.306453 -358.126169 -359.416270 -361.442155 -364.612115 -369.544838 -377.156281 -388.755703 -406.120256 -431.491826 -467.433752 -516.538374 -581.082758 -662.787596 -9999.0 -9999.0
-9999.0 -9999.0 26.509535 -68.202693 -154.258802 -219.942213 -262.055522 -283.445832 -285.989372 -267.201315 -269.185931 -203.667963 -150.024972 -103.538691 -25.284627 -10.661160 -22.834932 -50.567804 -86.986733 -128.685722 -172.566776 -214.934836 -252.151045 -282.127429 -304.743529 -321.030490 -332.365656 -340.057238 -345.163714 -348.469103 -350.521430 -351.672248 -352.115416 -351.910576 -350.982652 -349.095629 -345.791990 -340.268029 -331.131814 -315.862305 -289.347769 -244.437740 -237.873657 -174.888167 -125.921766 -93.575946 -78.012393 -76.393926 -76.230502 -76.214844 -76.214062 -76.214729 -76.215500 -76.216371 -76.218679 -76.235893 -76.401785 -78.038614 -94.007771 -126.061331 -174.284316 -236.042977 -253.342321 -296.542008 -320.175411 -333.967014 -342.283987 -347.390972 -350.559671 -352.538171 -353.778538 -354.558265 -355.049402 -355.359332 -355.555407 -355.680055 -355.760154 -355.812948 -355.849714 -355.878065 -355.904017 -355.933168 -355.971697 -356.027805 -356.113453 -356.246835 -356.456301 -356.786267 -357.306453 -358.126169 -359.416270 -361.442155 -364.612115 -369.544838 -377.156281 -388.755703 -406.120256 -431.491826 -467.433752 -516.538374 -581.082758 -662.787596 -9999.0 -9999.0
-9999.0 -9999.0 26.527162 -68.191892 -154.254471 -219.940698 -262.055012 -283.445664 -285.989319 -267.201299 -269.185927 -203.667960 -150.024971 -103.538690 -25.284627 -10.661159 -22.834932 -50.567803 -86.986733 -128.685721 -172.566775 -214.934835 -252.151045 -282.127429 -304.743529 -321.030490 -332.365656 -340.057238 -345.163714 -348.469103 -350.521430 -351.672248 -352.115416 -351.910576 -350.982652 -349.095629 -345.791990 -340.268029 -331.131814 -315.862305 -289.347769 -244.437740 -237.873657 -174.888167 -125.921766 -93.575946 -78.012393 -76.393926 -76.230502 -76.214844 -76.214062 -76.214729 -76.215500 -76.216371 -76.218679 -76.235893 -76.401785 -78.038614 -94.007771 -126.061331 -174.284316 -236.042977 -253.342321 -296.542008 -320.175411 -333.967014 -342.283987 -347.390972 -350.559671 -352.538171 -353.778538 -354.558265 -355.049402 -355.359332 -355.555407 -355.680055 -355.760154 -355.812948 -355.849714 -355.878065 -355.904017 -355.933168 -355.971697 -356.027805 -356.113453 -356.246835 -356.456301 -356.786267 -357.306453 -358.126169 -359.416270 -361.442155 -364.612115 -369.544838 -377.156281 -388.755703 -406.120256 -431.491826 -467.433752 -516.538374 -581.082758 -662.787596 -9999.0 -9999.0
-9999.0 -9999.0 26.527162 -68.191892 -154.254471 -219.940698 -262.055012 -283.445664 -285.989319 -267.201299 -269.185927 -203.667960 -150.024971 -103.538690 -25.284627 -10.661159 -22.834932 -50.567803 -86.986733 -128.685721 -172.566775 -214.934835 -252.151045 -282.127429 -304.743529 -321.030490 -332.365656 -340.057238 -345.163714 -348.469103 -350.521430 -351.672248 -352.115416 -351.910576 -350.982652 -349.095629 -345.791990 -340.268029 -331.131814 -315.862305 -289.347769 -244.437740 -237.873657 -174.888167 -125.921766 -93.575946 -78.012393 -76.393926 -76.230502 -76.214844 -76.214062 -76.214729 -76.215500 -76.216371 -76.218679 -76.235893 -76.401785 -78.038614 -94.007771 -126.061331 -174.284316 -236.042977 -253.342321 -296.542008 -320.175411 -333.967014 -342.283987 -347.390972 -350.559671 -352.538171 -353.778538 -354.558265 -355.049402 -355.359332 -355.555407 -355.680055 -355.760154 -355.812948 -355.849714 -355.878065 -355.904017 -355.933168 -355.971697 -356.027805 -356.113453 -356.246835 -356.456301 -356.786267 -357.306453 -358.126169 -359.416270 -361.442155 -364.612115 -369.544838 -377.156281 -388.755703 -406.120256 -431.491826 -467.433752 -516.538374 -581.082758 -662.787596 -9999.0 -9999.0
-9999.0 -9999.0 26.509535 -68.202693 -154.258802 -219.942213 -262.055522 -283.445831 -285.989372 -267.201315 -269.185931 -203.667963 -150.024972 -103.538691 -25.284627 -10.661160 -22.834932 -50.567804 -86.986733 -128.685722 -172.566776 -214.934836 -252.151045 -282.127429 -304.743529 -321.030490 -332.365656 -340.057238 -345.163714 -348.469103 -350.521430 -351.672248 -352.115416 -351.910576 -350.982652 -349.095629 -345.791990 -340.268029 -331.131814 -315.862305 -289.347769 -244.437740 -237.873657 -174.888167 -125.921766 -93.575946 -78.012393 -76.393926 -76.230502 -76.214844 -76.214062 -76.214729 -76.215500 -76.216371 -76.218679 -76.235893 -76.401785 -78.038614 -94.007771 -126.061331 -174.284316 -236.042977 -253.342321 -296.542008 -320.175411 -333.967014 -342.283987 -347.390972 -350.559671 -352.538171 -353.778538 -354.558265 -355.049402 -355.359332 -355.555407 -355.680055 -355.760154 -355.812948 -355.849714 -355.878065 -355.904017 -355.933168 -355.971697 -356.027805 -356.113453 -356.246835 -356.456301 -356.786267 -357.306453 -358.126169 -359.416270 -361.442155 -364.612115 -369.544838 -377.156281 -388.755703 -406.120256 -431.491826 -467.433752 -516.538374 -581.082758 -662.787596 -9999.0 -9999.0
-9999.0 -9999.0 26.396947 -68.228357 -154.265701 -219.944190 -262.056117 -283.446015 -285.989428 -267.201331 -269.185936 -203.667965 -150.024973 -103.538691 -25.284628 -10.661160 -22.834933 -50.567804 -86.986734 -128.685722 -172.566776 -214.934836 -252.151045 -282.127429 -304.743529 -321.030490 -332.365656 -340.057238 -345.163714 -348.469103 -350.521430 -351.672248 -352.115416 -351.910576 -350.982653 -349.095629 -345.791991 -340.268029 -331.131814 -315.862305 -289.347769 -244.437740 -237.873657 -174.888167 -125.921766 -93.575946 -78.012393 -76.393926 -76.230502 -76.214844 -76.214062 -76.214729 -76.215500 -76.216371 -76.218679 -76.235893 -76.401785 -78.038614 -94.007771 -126.061331 -174.284316 -236.042977 -253.342321 -296.542008 -320.175411 -333.967014 -342.283987 -347.390972 -350.559671 -352.538171 -353.778538 -354.558265 -355.049402 -355.359332 -355.555407 -355.680055 -355.760154 -355.812948 -355.849714 -355.878065 -355.904017 -355.933168 -355.971697 -356.027805 -356.113453 -356.246835 -356.456301 -356.786267 -357.306453 -358.126169 -359.416270 -361.442155 -364.612115 -369.544838 -377.156281 -388.755703 -406.120256 -431.491826 -467.433752 -516.538374 -581.082758 -662.787596 -9999.0 -9999.0
-9999.0 -9999.0 -9999.0 -9999.0 -9999.0 -9999.0 -9999.0 -9999.0 -9999.0 -9999.0 -9999.0 -9999.0 -9999.0 -9999.0 -9999.0 -9999.0 -9999.0 -9999.0 -9999.0 -9999.0 -9999.0 -9999.0 -9999.0 -9999.0 -9999.0 -9999.0 -9999.0 -9999.0 -9999.0 -9999.0 -9999.0 -9999.0 -9999.0 -9999.0 -9999.0 -9999.0 -9999.0 -9999.0 -9999.0 -9999.0 -9999.0 -9999.0 -9999.0 -9999.0 -9999.0 -9999.0 -9999.0 -9999.0 -9999.0 -9999.0 -9999.0 -9999.0 -9999.0 -9999.0 -9999.0 -9999.0 -9999.0 -9999.0 -9999.0 -9999.0 -9999.0 -9999.0 -9999.0 -9999.0 -9999.0 -9999.0 -9999.0 -9999.0 -9999.0 -9999.0 -9999.0 -9999.0 -9999.0 -9999.0 -9999.0 -9999.0 -9999.0 -9999.0 -9999.0 -9999.0 -9999.0 -9999.0 -9999.0 -9999.0 -9999.0 -9999.0 -9999.0 -9999.0 -9999.0 -9999.0 -9999.0 -9999.0 -9999.0 -9999.0 -9999.0 -9999.0 -9999.0 -9999.0 -9999.0 -9999.0 -9999.0 -9999.0 -9999.0 -9999.0
-9999.0 -9999.0 -9999.0 -9999.0 -9999.0 -9999.0 -9999.0 -9999.0 -9999.0 -9999.0 -9999.0 -9999.0 -9999.0 -9999.0 -9999.0 -9999.0 -9999.0 -9999.0 -9999.0 -9999.0 -9999.0 -9999.0 -9999.0 -9999.0 -9999.0 -9999.0 -9999.0 -9999.0 -9999.0 -9999.0 -9999.0 -9999.0 -9999.0 -9999.0 -9999.0 -9999.0 -9999.0 -9999.0 -9999.0 -9999.0 -9999.0 -9999.0 -9999.0 -9999.0 -9999.0 -9999.0 -9999.0 -9999.0 -9999.0 -9999.0 -9999.0 -9999.0 -9999.0 -9999.0 -9999.0 -9999.0 -9999.0 -9999.0 -9999.0 -9999.0 -9999.0 -9999.0 -9999.0 -9999.0 -9999.0 -9999.0 -9999.0 -9999.0 -9999.0 -9999.0 -9999.0 -9999.0 -9999.0 -9999.0 -9999.0 -9999.0 -9999.0 -9999.0 -9999.0 -9999.0 -9999.0 -9999.0 -9999.0 -9999.0 -9999.0 -9999.0 -9999.0 -9999.0 -9999.0 -9999.0 -9999.0 -9999.0 -9999.0 -9999.0 -9999.0 -9999.0 -9999.0 -9999.0 -9999.0 -9999.0 -9999.0 -9999.0 -9999.0 -9999.0