inst/processing_geotop_simulation/geotop_simulation/out/maps3D/PwL0001N0276.asc
ncols         104
nrows         10
xllcorner     -2.000000
yllcorner     0.000000
cellsize      1.000000
NODATA_value  -9999.0
-9999.0 -9999.0 -9999.0 -9999.0 -9999.0 -9999.0 -9999.0 -9999.0 -9999.0 -9999.0 -9999.0 -9999.0 -9999.0 -9999.0 -9999.0 -9999.0 -9999.0 -9999.0 -9999.0 -9999.0 -9999.0 -9999.0 -9999.0 -9999.0 -9999.0 -9999.0 -9999.0 -9999.0 -9999.0 -9999.0 -9999.0 -9999.0 -9999.0 -9999.0 -9999.0 -9999.0 -9999.0 -9999.0 -9999.0 -9999.0 -9999.0 -9999.0 -9999.0 -9999.0 -9999.0 -9999.0 -9999.0 -9999.0 -9999.0 -9999.0 -9999.0 -9999.0 -9999.0 -9999.0 -9999.0 -9999.0 -9999.0 -9999.0 -9999.0 -9999.0 -9999.0 -9999.0 -9999.0 -9999.0 -9999.0 -9999.0 -9999.0 -9999.0 -9999.0 -9999.0 -9999.0 -9999.0 -9999.0 -9999.0 -9999.0 -9999.0 -9999.0 -9999.0 -9999.0 -9999.0 -9999.0 -9999.0 -9999.0 -9999.0 -9999.0 -9999.0 -9999.0 -9999.0 -9999.0 -9999.0 -9999.0 -9999.0 -9999.0 -9999.0 -9999.0 -9999.0 -9999.0 -9999.0 -9999.0 -9999.0 -9999.0 -9999.0 -9999.0 -9999.0
-9999.0 -9999.0 -9999.0 -9999.0 -9999.0 -9999.0 -9999.0 -9999.0 -9999.0 -9999.0 -9999.0 -9999.0 -9999.0 -9999.0 -9999.0 -9999.0 -9999.0 -9999.0 -9999.0 -9999.0 -9999.0 -9999.0 -9999.0 -9999.0 -9999.0 -9999.0 -9999.0 -9999.0 -9999.0 -9999.0 -9999.0 -9999.0 -9999.0 -9999.0 -9999.0 -9999.0 -9999.0 -9999.0 -9999.0 -9999.0 -9999.0 -9999.0 -9999.0 -9999.0 -9999.0 -9999.0 -9999.0 -9999.0 -9999.0 -9999.0 -9999.0 -9999.0 -9999.0 -9999.0 -9999.0 -9999.0 -9999.0 -9999.0 -9999.0 -9999.0 -9999.0 -9999.0 -9999.0 -9999.0 -9999.0 -9999.0 -9999.0 -9999.0 -9999.0 -9999.0 -9999.0 -9999.0 -9999.0 -9999.0 -9999.0 -9999.0 -9999.0 -9999.0 -9999.0 -9999.0 -9999.0 -9999.0 -9999.0 -9999.0 -9999.0 -9999.0 -9999.0 -9999.0 -9999.0 -9999.0 -9999.0 -9999.0 -9999.0 -9999.0 -9999.0 -9999.0 -9999.0 -9999.0 -9999.0 -9999.0 -9999.0 -9999.0 -9999.0 -9999.0
-9999.0 -9999.0 27.358810 -67.666710 -165.402030 -263.724071 -362.258373 -460.860912 -559.457972 -657.985073 -756.321529 -854.370448 -952.051566 -1049.241746 -1146.311800 -1243.173480 -1338.932525 -1432.977503 -1524.563184 -1612.362362 -1693.222265 -1763.048895 -1819.293885 -1862.015415 -1893.116209 -1915.135553 -1930.453895 -1940.985267 -1948.157511 -1952.999497 -1956.241246 -1958.395248 -1959.817335 -1960.751539 -1961.363458 -1961.766314 -1962.045638 -1962.306761 -1962.871071 -1965.003336 -1970.553038 -1938.271487 -1198.846132 -1195.518342 -1185.242328 -1178.619109 -1175.506511 -1175.033488 -1174.983159 -1174.988853 -1175.002791 -1175.017751 -1175.032128 -1175.045441 -1175.057788 -1175.072045 -1175.115334 -1175.400860 -1177.068250 -1180.782616 -1186.181183 -1182.167663 -1916.181063 -1964.900880 -1963.699898 -1962.813805 -1962.633560 -1962.603954 -1962.599809 -1962.599829 -1962.600450 -1962.601045 -1962.601519 -1962.601882 -1962.602161 -1962.602378 -1962.602549 -1962.602688 -1962.602805 -1962.602909 -1962.603012 -1962.603126 -1962.603271 -1962.603473 -1962.603771 -1962.604229 -1962.604951 -1962.606108 -1962.607994 -1962.611124 -1962.616436 -1962.625699 -1962.642333 -1962.673101 -1962.731601 -1962.845732 -1963.074939 -1963.554199 -1964.616779 -1967.171087 -1974.082170 -1996.626392 -9999.0 -9999.0
-9999.0 -9999.0 27.371288 -67.664636 -165.401514 -263.723921 -362.258325 -460.860896 -559.457966 -657.985071 -756.321528 -854.370448 -952.051566 -1049.241746 -1146.311800 -1243.173480 -1338.932525 -1432.977504 -1524.563184 -1612.362362 -1693.222265 -1763.048895 -1819.293885 -1862.015415 -1893.116209 -1915.135554 -1930.453895 -1940.985267 -1948.157511 -1952.999497 -1956.241246 -1958.395248 -1959.817335 -1960.751539 -1961.363458 -1961.766314 -1962.045638 -1962.306761 -1962.871071 -1965.003336 -1970.553038 -1938.271487 -1198.846132 -1195.518342 -1185.242328 -1178.619109 -1175.506511 -1175.033488 -1174.983159 -1174.988853 -1175.002791 -1175.017751 -1175.032128 -1175.045441 -1175.057788 -1175.072045 -1175.115334 -1175.400860 -1177.068250 -1180.782616 -1186.181183 -1182.167663 -1916.181063 -1964.900880 -1963.699898 -1962.813805 -1962.633560 -1962.603954 -1962.599809 -1962.599829 -1962.600450 -1962.601045 -1962.601519 -1962.601882 -1962.602161 -1962.602378 -1962.602549 -1962.602688 -1962.602805 -1962.602909 -1962.603012 -1962.603126 -1962.603271 -1962.603473 -1962.603771 -1962.604229 -1962.604951 -1962.606108 -1962.607994 -1962.611124 -1962.616436 -1962.625699 -1962.642333 -1962.673101 -1962.731601 -1962.845732 -1963.074939 -1963.554199 -1964.616779 -1967.171087 -1974.082170 -1996.626392 -9999.0 -9999.0
-9999.0 -9999.0 27.372440 -67.663808 -165.401187 -263.723803 -362.258283 -460.860881 -559.457961 -657.985069 -756.321527 -854.370447 -952.051566 -1049.241746 -1146.311800 -1243.173480 -1338.932525 -1432.977504 -1524.563184 -1612.362362 -1693.222265 -1763.048896 -1819.293885 -1862.015416 -1893.116209 -1915.135554 -1930.453896 -1940.985267 -1948.157511 -1952.999497 -1956.241246 -1958.395248 -1959.817335 -1960.751539 -1961.363458 -1961.766314 -1962.045638 -1962.306761 -1962.871071 -1965.003336 -1970.553038 -1938.271487 -1198.846132 -1195.518342 -1185.242328 -1178.619109 -1175.506511 -1175.033488 -1174.983159 -1174.988853 -1175.002791 -1175.017751 -1175.032128 -1175.045441 -1175.057788 -1175.072045 -1175.115334 -1175.400860 -1177.068250 -1180.782616 -1186.181183 -1182.167663 -1916.181063 -1964.900880 -1963.699898 -1962.813805 -1962.633560 -1962.603954 -1962.599809 -1962.599829 -1962.600450 -1962.601045 -1962.601519 -1962.601882 -1962.602161 -1962.602378 -1962.602549 -1962.602688 -1962.602805 -1962.602909 -1962.603012 -1962.603126 -1962.603271 -1962.603473 -1962.603771 -1962.604229 -1962.604951 -1962.606108 -1962.607994 -1962.611124 -1962.616436 -1962.625699 -1962.642333 -1962.673101 -1962.731601 -1962.845732 -1963.074939 -1963.554199 -1964.616779 -1967.171087 -1974.082170 -1996.626392 -9999.0 -9999.0
-9999.0 -9999.0 27.372440 -67.663808 -165.401187 -263.723803 -362.258283 -460.860881 -559.457961 -657.985069 -756.321527 -854.370447 -952.051566 -1049.241746 -1146.311800 -1243.173480 -1338.932525 -1432.977504 -1524.563184 -1612.362362 -1693.222265 -1763.048896 -1819.293885 -1862.015416 -1893.116209 -1915.135554 -1930.453896 -1940.985267 -1948.157511 -1952.999497 -1956.241246 -1958.395248 -1959.817335 -1960.751539 -1961.363458 -1961.766314 -1962.045638 -1962.306761 -1962.871071 -1965.003336 -1970.553038 -1938.271487 -1198.846132 -1195.518342 -1185.242328 -1178.619109 -1175.506511 -1175.033488 -1174.983159 -1174.988853 -1175.002791 -1175.017751 -1175.032128 -1175.045441 -1175.057788 -1175.072045 -1175.115334 -1175.400860 -1177.068250 -1180.782616 -1186.181183 -1182.167663 -1916.181063 -1964.900880 -1963.699898 -1962.813805 -1962.633560 -1962.603954 -1962.599809 -1962.599829 -1962.600450 -1962.601045 -1962.601519 -1962.601882 -1962.602161 -1962.602378 -1962.602549 -1962.602688 -1962.602805 -1962.602909 -1962.603012 -1962.603126 -1962.603271 -1962.603473 -1962.603771 -1962.604229 -1962.604951 -1962.606108 -1962.607994 -1962.611124 -1962.616436 -1962.625699 -1962.642333 -1962.673101 -1962.731601 -1962.845732 -1963.074939 -1963.554199 -1964.616779 -1967.171087 -1974.082170 -1996.626392 -9999.0 -9999.0
-9999.0 -9999.0 27.371288 -67.664636 -165.401514 -263.723921 -362.258325 -460.860896 -559.457966 -657.985071 -756.321528 -854.370448 -952.051566 -1049.241746 -1146.311800 -1243.173480 -1338.932525 -1432.977504 -1524.563184 -1612.362362 -1693.222265 -1763.048895 -1819.293885 -1862.015415 -1893.116209 -1915.135554 -1930.453895 -1940.985267 -1948.157511 -1952.999497 -1956.241246 -1958.395248 -1959.817335 -1960.751539 -1961.363458 -1961.766314 -1962.045638 -1962.306761 -1962.871071 -1965.003336 -1970.553038 -1938.271487 -1198.846132 -1195.518342 -1185.242328 -1178.619109 -1175.506511 -1175.033488 -1174.983159 -1174.988853 -1175.002791 -1175.017751 -1175.032128 -1175.045441 -1175.057788 -1175.072045 -1175.115334 -1175.400860 -1177.068250 -1180.782616 -1186.181183 -1182.167663 -1916.181063 -1964.900880 -1963.699898 -1962.813805 -1962.633560 -1962.603954 -1962.599809 -1962.599829 -1962.600450 -1962.601045 -1962.601519 -1962.601882 -1962.602161 -1962.602378 -1962.602549 -1962.602688 -1962.602805 -1962.602909 -1962.603012 -1962.603126 -1962.603271 -1962.603473 -1962.603771 -1962.604229 -1962.604951 -1962.606108 -1962.607994 -1962.611124 -1962.616436 -1962.625699 -1962.642333 -1962.673101 -1962.731601 -1962.845732 -1963.074939 -1963.554199 -1964.616779 -1967.171087 -1974.082170 -1996.626392 -9999.0 -9999.0
-9999.0 -9999.0 27.358810 -67.666710 -165.402030 -263.724071 -362.258373 -460.860912 -559.457972 -657.985073 -756.321529 -854.370448 -952.051566 -1049.241746 -1146.311800 -1243.173480 -1338.932525 -1432.977503 -1524.563184 -1612.362362 -1693.222265 -1763.048895 -1819.293885 -1862.015415 -1893.116209 -1915.135553 -1930.453895 -1940.985267 -1948.157511 -1952.999497 -1956.241246 -1958.395248 -1959.817335 -1960.751539 -1961.363458 -1961.766314 -1962.045638 -1962.306761 -1962.871071 -1965.003336 -1970.553038 -1938.271487 -1198.846132 -1195.518342 -1185.242328 -1178.619109 -1175.506511 -1175.033488 -1174.983159 -1174.988853 -1175.002791 -1175.017751 -1175.032128 -1175.045441 -1175.057788 -1175.072045 -1175.115334 -1175.400860 -1177.068250 -1180.782616 -1186.181183 -1182.167663 -1916.181063 -1964.900880 -1963.699898 -1962.813805 -1962.633560 -1962.603954 -1962.599809 -1962.599829 -1962.600450 -1962.601045 -1962.601519 -1962.601882 -1962.602161 -1962.602378 -1962.602549 -1962.602688 -1962.602805 -1962.602909 -1962.603012 -1962.603126 -1962.603271 -1962.603473 -1962.603771 -1962.604229 -1962.604951 -1962.606108 -1962.607994 -1962.611124 -1962.616436 -1962.625699 -1962.642333 -1962.673101 -1962.731601 -1962.845732 -1963.074939 -1963.554199 -1964.616779 -1967.171087 -1974.082170 -1996.626392 -9999.0 -9999.0
-9999.0 -9999.0 -9999.0 -9999.0 -9999.0 -9999.0 -9999.0 -9999.0 -9999.0 -9999.0 -9999.0 -9999.0 -9999.0 -9999.0 -9999.0 -9999.0 -9999.0 -9999.0 -9999.0 -9999.0 -9999.0 -9999.0 -9999.0 -9999.0 -9999.0 -9999.0 -9999.0 -9999.0 -9999.0 -9999.0 -9999.0 -9999.0 -9999.0 -9999.0 -9999.0 -9999.0 -9999.0 -9999.0 -9999.0 -9999.0 -9999.0 -9999.0 -9999.0 -9999.0 -9999.0 -9999.0 -9999.0 -9999.0 -9999.0 -9999.0 -9999.0 -9999.0 -9999.0 -9999.0 -9999.0 -9999.0 -9999.0 -9999.0 -9999.0 -9999.0 -9999.0 -9999.0 -9999.0 -9999.0 -9999.0 -9999.0 -9999.0 -9999.0 -9999.0 -9999.0 -9999.0 -9999.0 -9999.0 -9999.0 -9999.0 -9999.0 -9999.0 -9999.0 -9999.0 -9999.0 -9999.0 -9999.0 -9999.0 -9999.0 -9999.0 -9999.0 -9999.0 -9999.0 -9999.0 -9999.0 -9999.0 -9999.0 -9999.0 -9999.0 -9999.0 -9999.0 -9999.0 -9999.0 -9999.0 -9999.0 -9999.0 -9999.0 -9999.0 -9999.0
-9999.0 -9999.0 -9999.0 -9999.0 -9999.0 -9999.0 -9999.0 -9999.0 -9999.0 -9999.0 -9999.0 -9999.0 -9999.0 -9999.0 -9999.0 -9999.0 -9999.0 -9999.0 -9999.0 -9999.0 -9999.0 -9999.0 -9999.0 -9999.0 -9999.0 -9999.0 -9999.0 -9999.0 -9999.0 -9999.0 -9999.0 -9999.0 -9999.0 -9999.0 -9999.0 -9999.0 -9999.0 -9999.0 -9999.0 -9999.0 -9999.0 -9999.0 -9999.0 -9999.0 -9999.0 -9999.0 -9999.0 -9999.0 -9999.0 -9999.0 -9999.0 -9999.0 -9999.0 -9999.0 -9999.0 -9999.0 -9999.0 -9999.0 -9999.0 -9999.0 -9999.0 -9999.0 -9999.0 -9999.0 -9999.0 -9999.0 -9999.0 -9999.0 -9999.0 -9999.0 -9999.0 -9999.0 -9999.0 -9999.0 -9999.0 -9999.0 -9999.0 -9999.0 -9999.0 -9999.0 -9999.0 -9999.0 -9999.0 -9999.0 -9999.0 -9999.0 -9999.0 -9999.0 -9999.0 -9999.0 -9999.0 -9999.0 -9999.0 -9999.0 -9999.0 -9999.0 -9999.0 -9999.0 -9999.0 -9999.0 -9999.0 -9999.0 -9999.0 -9999.0