inst/processing_geotop_simulation/geotop_simulation/out/maps3D/PwL0009N0318.asc
ncols         104
nrows         10
xllcorner     -2.000000
yllcorner     0.000000
cellsize      1.000000
NODATA_value  -9999.0
-9999.0 -9999.0 -9999.0 -9999.0 -9999.0 -9999.0 -9999.0 -9999.0 -9999.0 -9999.0 -9999.0 -9999.0 -9999.0 -9999.0 -9999.0 -9999.0 -9999.0 -9999.0 -9999.0 -9999.0 -9999.0 -9999.0 -9999.0 -9999.0 -9999.0 -9999.0 -9999.0 -9999.0 -9999.0 -9999.0 -9999.0 -9999.0 -9999.0 -9999.0 -9999.0 -9999.0 -9999.0 -9999.0 -9999.0 -9999.0 -9999.0 -9999.0 -9999.0 -9999.0 -9999.0 -9999.0 -9999.0 -9999.0 -9999.0 -9999.0 -9999.0 -9999.0 -9999.0 -9999.0 -9999.0 -9999.0 -9999.0 -9999.0 -9999.0 -9999.0 -9999.0 -9999.0 -9999.0 -9999.0 -9999.0 -9999.0 -9999.0 -9999.0 -9999.0 -9999.0 -9999.0 -9999.0 -9999.0 -9999.0 -9999.0 -9999.0 -9999.0 -9999.0 -9999.0 -9999.0 -9999.0 -9999.0 -9999.0 -9999.0 -9999.0 -9999.0 -9999.0 -9999.0 -9999.0 -9999.0 -9999.0 -9999.0 -9999.0 -9999.0 -9999.0 -9999.0 -9999.0 -9999.0 -9999.0 -9999.0 -9999.0 -9999.0 -9999.0 -9999.0
-9999.0 -9999.0 -9999.0 -9999.0 -9999.0 -9999.0 -9999.0 -9999.0 -9999.0 -9999.0 -9999.0 -9999.0 -9999.0 -9999.0 -9999.0 -9999.0 -9999.0 -9999.0 -9999.0 -9999.0 -9999.0 -9999.0 -9999.0 -9999.0 -9999.0 -9999.0 -9999.0 -9999.0 -9999.0 -9999.0 -9999.0 -9999.0 -9999.0 -9999.0 -9999.0 -9999.0 -9999.0 -9999.0 -9999.0 -9999.0 -9999.0 -9999.0 -9999.0 -9999.0 -9999.0 -9999.0 -9999.0 -9999.0 -9999.0 -9999.0 -9999.0 -9999.0 -9999.0 -9999.0 -9999.0 -9999.0 -9999.0 -9999.0 -9999.0 -9999.0 -9999.0 -9999.0 -9999.0 -9999.0 -9999.0 -9999.0 -9999.0 -9999.0 -9999.0 -9999.0 -9999.0 -9999.0 -9999.0 -9999.0 -9999.0 -9999.0 -9999.0 -9999.0 -9999.0 -9999.0 -9999.0 -9999.0 -9999.0 -9999.0 -9999.0 -9999.0 -9999.0 -9999.0 -9999.0 -9999.0 -9999.0 -9999.0 -9999.0 -9999.0 -9999.0 -9999.0 -9999.0 -9999.0 -9999.0 -9999.0 -9999.0 -9999.0 -9999.0 -9999.0
-9999.0 -9999.0 424.312344 326.791688 228.420695 129.682898 30.793570 -68.153779 -167.119894 -266.079994 -365.006125 -463.853866 -562.527364 -660.831195 -758.875251 -856.997703 -954.922570 -1052.633397 -1149.366299 -1243.710960 -1334.618946 -1419.518609 -1495.384658 -1559.925034 -1612.306751 -1653.112796 -1683.845837 -1706.373669 -1722.532711 -1733.922489 -1741.837777 -1747.276172 -1750.979201 -1753.483183 -1755.168260 -1756.301996 -1757.082032 -1757.709330 -1758.632430 -1761.302266 -1768.187270 -1759.742158 -1270.762095 -1388.455866 -1350.597746 -1326.503902 -1315.450542 -1313.908322 -1313.748389 -1313.764037 -1313.804711 -1313.848401 -1313.890371 -1313.929225 -1313.965253 -1314.006901 -1314.135668 -1315.025788 -1320.772349 -1333.771649 -1350.612701 -1216.380254 -1728.140773 -1761.147400 -1759.890014 -1758.925694 -1758.707563 -1758.669326 -1758.663598 -1758.663261 -1758.663736 -1758.664241 -1758.664653 -1758.664972 -1758.665220 -1758.665415 -1758.665571 -1758.665700 -1758.665810 -1758.665909 -1758.666007 -1758.666117 -1758.666254 -1758.666441 -1758.666714 -1758.667129 -1758.667779 -1758.668818 -1758.670508 -1758.673317 -1758.678100 -1758.686476 -1758.701592 -1758.729708 -1758.783528 -1758.889593 -1759.106068 -1759.569545 -1760.627646 -1763.250670 -1770.528222 -1794.246403 -9999.0 -9999.0
-9999.0 -9999.0 424.318811 326.793407 228.421166 129.683039 30.793616 -68.153763 -167.119888 -266.079992 -365.006124 -463.853866 -562.527364 -660.831195 -758.875251 -856.997703 -954.922570 -1052.633398 -1149.366299 -1243.710960 -1334.618947 -1419.518609 -1495.384658 -1559.925034 -1612.306751 -1653.112796 -1683.845837 -1706.373669 -1722.532711 -1733.922489 -1741.837777 -1747.276172 -1750.979201 -1753.483183 -1755.168260 -1756.301996 -1757.082032 -1757.709330 -1758.632430 -1761.302266 -1768.187270 -1759.742158 -1270.762095 -1388.455865 -1350.597746 -1326.503901 -1315.450542 -1313.908322 -1313.748389 -1313.764037 -1313.804711 -1313.848401 -1313.890371 -1313.929225 -1313.965253 -1314.006901 -1314.135668 -1315.025788 -1320.772349 -1333.771649 -1350.612701 -1216.380254 -1728.140773 -1761.147400 -1759.890014 -1758.925694 -1758.707563 -1758.669326 -1758.663598 -1758.663261 -1758.663736 -1758.664241 -1758.664653 -1758.664972 -1758.665220 -1758.665415 -1758.665571 -1758.665700 -1758.665810 -1758.665909 -1758.666007 -1758.666117 -1758.666254 -1758.666441 -1758.666714 -1758.667129 -1758.667779 -1758.668818 -1758.670508 -1758.673317 -1758.678100 -1758.686476 -1758.701592 -1758.729708 -1758.783528 -1758.889593 -1759.106068 -1759.569545 -1760.627646 -1763.250670 -1770.528222 -1794.246403 -9999.0 -9999.0
-9999.0 -9999.0 424.320242 326.794165 228.421469 129.683150 30.793656 -68.153749 -167.119883 -266.079990 -365.006123 -463.853866 -562.527364 -660.831195 -758.875251 -856.997703 -954.922570 -1052.633398 -1149.366299 -1243.710960 -1334.618947 -1419.518609 -1495.384658 -1559.925034 -1612.306751 -1653.112796 -1683.845837 -1706.373669 -1722.532711 -1733.922489 -1741.837777 -1747.276172 -1750.979201 -1753.483183 -1755.168260 -1756.301996 -1757.082032 -1757.709330 -1758.632430 -1761.302266 -1768.187270 -1759.742158 -1270.762095 -1388.455865 -1350.597746 -1326.503901 -1315.450542 -1313.908322 -1313.748389 -1313.764037 -1313.804711 -1313.848401 -1313.890371 -1313.929225 -1313.965253 -1314.006901 -1314.135668 -1315.025788 -1320.772349 -1333.771649 -1350.612701 -1216.380254 -1728.140773 -1761.147400 -1759.890014 -1758.925694 -1758.707563 -1758.669326 -1758.663598 -1758.663261 -1758.663736 -1758.664241 -1758.664653 -1758.664972 -1758.665220 -1758.665415 -1758.665571 -1758.665700 -1758.665810 -1758.665909 -1758.666007 -1758.666117 -1758.666254 -1758.666441 -1758.666714 -1758.667129 -1758.667779 -1758.668818 -1758.670508 -1758.673317 -1758.678100 -1758.686476 -1758.701592 -1758.729708 -1758.783528 -1758.889593 -1759.106068 -1759.569545 -1760.627646 -1763.250670 -1770.528222 -1794.246403 -9999.0 -9999.0
-9999.0 -9999.0 424.320242 326.794165 228.421469 129.683150 30.793656 -68.153749 -167.119883 -266.079990 -365.006123 -463.853866 -562.527364 -660.831195 -758.875251 -856.997703 -954.922570 -1052.633398 -1149.366299 -1243.710960 -1334.618947 -1419.518609 -1495.384658 -1559.925034 -1612.306751 -1653.112796 -1683.845837 -1706.373669 -1722.532711 -1733.922489 -1741.837777 -1747.276172 -1750.979201 -1753.483183 -1755.168260 -1756.301996 -1757.082032 -1757.709330 -1758.632430 -1761.302266 -1768.187270 -1759.742158 -1270.762095 -1388.455865 -1350.597746 -1326.503901 -1315.450542 -1313.908322 -1313.748389 -1313.764037 -1313.804711 -1313.848401 -1313.890371 -1313.929225 -1313.965253 -1314.006901 -1314.135668 -1315.025788 -1320.772349 -1333.771649 -1350.612701 -1216.380254 -1728.140773 -1761.147400 -1759.890014 -1758.925694 -1758.707563 -1758.669326 -1758.663598 -1758.663261 -1758.663736 -1758.664241 -1758.664653 -1758.664972 -1758.665220 -1758.665415 -1758.665571 -1758.665700 -1758.665810 -1758.665909 -1758.666007 -1758.666117 -1758.666254 -1758.666441 -1758.666714 -1758.667129 -1758.667779 -1758.668818 -1758.670508 -1758.673317 -1758.678100 -1758.686476 -1758.701592 -1758.729708 -1758.783528 -1758.889593 -1759.106068 -1759.569545 -1760.627646 -1763.250670 -1770.528222 -1794.246403 -9999.0 -9999.0
-9999.0 -9999.0 424.318811 326.793407 228.421166 129.683039 30.793616 -68.153763 -167.119888 -266.079992 -365.006124 -463.853866 -562.527364 -660.831195 -758.875251 -856.997703 -954.922570 -1052.633397 -1149.366299 -1243.710960 -1334.618947 -1419.518609 -1495.384658 -1559.925034 -1612.306751 -1653.112796 -1683.845837 -1706.373669 -1722.532711 -1733.922489 -1741.837777 -1747.276172 -1750.979201 -1753.483183 -1755.168260 -1756.301996 -1757.082032 -1757.709330 -1758.632430 -1761.302266 -1768.187270 -1759.742158 -1270.762095 -1388.455865 -1350.597746 -1326.503901 -1315.450542 -1313.908322 -1313.748389 -1313.764037 -1313.804711 -1313.848401 -1313.890371 -1313.929225 -1313.965253 -1314.006901 -1314.135668 -1315.025788 -1320.772349 -1333.771649 -1350.612701 -1216.380254 -1728.140773 -1761.147400 -1759.890014 -1758.925694 -1758.707563 -1758.669326 -1758.663598 -1758.663261 -1758.663736 -1758.664241 -1758.664653 -1758.664972 -1758.665220 -1758.665415 -1758.665571 -1758.665700 -1758.665810 -1758.665909 -1758.666007 -1758.666117 -1758.666254 -1758.666441 -1758.666714 -1758.667129 -1758.667779 -1758.668818 -1758.670508 -1758.673317 -1758.678100 -1758.686476 -1758.701592 -1758.729708 -1758.783528 -1758.889593 -1759.106068 -1759.569545 -1760.627646 -1763.250670 -1770.528222 -1794.246403 -9999.0 -9999.0
-9999.0 -9999.0 424.312344 326.791688 228.420695 129.682898 30.793570 -68.153779 -167.119894 -266.079994 -365.006125 -463.853866 -562.527364 -660.831196 -758.875251 -856.997703 -954.922570 -1052.633397 -1149.366299 -1243.710960 -1334.618946 -1419.518609 -1495.384658 -1559.925034 -1612.306751 -1653.112796 -1683.845837 -1706.373669 -1722.532711 -1733.922489 -1741.837777 -1747.276172 -1750.979201 -1753.483183 -1755.168260 -1756.301996 -1757.082032 -1757.709330 -1758.632430 -1761.302266 -1768.187270 -1759.742158 -1270.762095 -1388.455866 -1350.597746 -1326.503902 -1315.450542 -1313.908322 -1313.748389 -1313.764037 -1313.804711 -1313.848401 -1313.890371 -1313.929225 -1313.965253 -1314.006901 -1314.135668 -1315.025788 -1320.772349 -1333.771649 -1350.612701 -1216.380254 -1728.140773 -1761.147400 -1759.890014 -1758.925694 -1758.707563 -1758.669326 -1758.663598 -1758.663261 -1758.663736 -1758.664241 -1758.664653 -1758.664972 -1758.665220 -1758.665415 -1758.665571 -1758.665700 -1758.665810 -1758.665909 -1758.666007 -1758.666117 -1758.666254 -1758.666441 -1758.666714 -1758.667129 -1758.667779 -1758.668818 -1758.670508 -1758.673317 -1758.678100 -1758.686476 -1758.701592 -1758.729708 -1758.783528 -1758.889593 -1759.106068 -1759.569545 -1760.627646 -1763.250670 -1770.528222 -1794.246403 -9999.0 -9999.0
-9999.0 -9999.0 -9999.0 -9999.0 -9999.0 -9999.0 -9999.0 -9999.0 -9999.0 -9999.0 -9999.0 -9999.0 -9999.0 -9999.0 -9999.0 -9999.0 -9999.0 -9999.0 -9999.0 -9999.0 -9999.0 -9999.0 -9999.0 -9999.0 -9999.0 -9999.0 -9999.0 -9999.0 -9999.0 -9999.0 -9999.0 -9999.0 -9999.0 -9999.0 -9999.0 -9999.0 -9999.0 -9999.0 -9999.0 -9999.0 -9999.0 -9999.0 -9999.0 -9999.0 -9999.0 -9999.0 -9999.0 -9999.0 -9999.0 -9999.0 -9999.0 -9999.0 -9999.0 -9999.0 -9999.0 -9999.0 -9999.0 -9999.0 -9999.0 -9999.0 -9999.0 -9999.0 -9999.0 -9999.0 -9999.0 -9999.0 -9999.0 -9999.0 -9999.0 -9999.0 -9999.0 -9999.0 -9999.0 -9999.0 -9999.0 -9999.0 -9999.0 -9999.0 -9999.0 -9999.0 -9999.0 -9999.0 -9999.0 -9999.0 -9999.0 -9999.0 -9999.0 -9999.0 -9999.0 -9999.0 -9999.0 -9999.0 -9999.0 -9999.0 -9999.0 -9999.0 -9999.0 -9999.0 -9999.0 -9999.0 -9999.0 -9999.0 -9999.0 -9999.0
-9999.0 -9999.0 -9999.0 -9999.0 -9999.0 -9999.0 -9999.0 -9999.0 -9999.0 -9999.0 -9999.0 -9999.0 -9999.0 -9999.0 -9999.0 -9999.0 -9999.0 -9999.0 -9999.0 -9999.0 -9999.0 -9999.0 -9999.0 -9999.0 -9999.0 -9999.0 -9999.0 -9999.0 -9999.0 -9999.0 -9999.0 -9999.0 -9999.0 -9999.0 -9999.0 -9999.0 -9999.0 -9999.0 -9999.0 -9999.0 -9999.0 -9999.0 -9999.0 -9999.0 -9999.0 -9999.0 -9999.0 -9999.0 -9999.0 -9999.0 -9999.0 -9999.0 -9999.0 -9999.0 -9999.0 -9999.0 -9999.0 -9999.0 -9999.0 -9999.0 -9999.0 -9999.0 -9999.0 -9999.0 -9999.0 -9999.0 -9999.0 -9999.0 -9999.0 -9999.0 -9999.0 -9999.0 -9999.0 -9999.0 -9999.0 -9999.0 -9999.0 -9999.0 -9999.0 -9999.0 -9999.0 -9999.0 -9999.0 -9999.0 -9999.0 -9999.0 -9999.0 -9999.0 -9999.0 -9999.0 -9999.0 -9999.0 -9999.0 -9999.0 -9999.0 -9999.0 -9999.0 -9999.0 -9999.0 -9999.0 -9999.0 -9999.0 -9999.0 -9999.0