inst/processing_geotop_simulation/geotop_simulation/out/maps3D/PwL0011N0043.asc
ncols         104
nrows         10
xllcorner     -2.000000
yllcorner     0.000000
cellsize      1.000000
NODATA_value  -9999.0
-9999.0 -9999.0 -9999.0 -9999.0 -9999.0 -9999.0 -9999.0 -9999.0 -9999.0 -9999.0 -9999.0 -9999.0 -9999.0 -9999.0 -9999.0 -9999.0 -9999.0 -9999.0 -9999.0 -9999.0 -9999.0 -9999.0 -9999.0 -9999.0 -9999.0 -9999.0 -9999.0 -9999.0 -9999.0 -9999.0 -9999.0 -9999.0 -9999.0 -9999.0 -9999.0 -9999.0 -9999.0 -9999.0 -9999.0 -9999.0 -9999.0 -9999.0 -9999.0 -9999.0 -9999.0 -9999.0 -9999.0 -9999.0 -9999.0 -9999.0 -9999.0 -9999.0 -9999.0 -9999.0 -9999.0 -9999.0 -9999.0 -9999.0 -9999.0 -9999.0 -9999.0 -9999.0 -9999.0 -9999.0 -9999.0 -9999.0 -9999.0 -9999.0 -9999.0 -9999.0 -9999.0 -9999.0 -9999.0 -9999.0 -9999.0 -9999.0 -9999.0 -9999.0 -9999.0 -9999.0 -9999.0 -9999.0 -9999.0 -9999.0 -9999.0 -9999.0 -9999.0 -9999.0 -9999.0 -9999.0 -9999.0 -9999.0 -9999.0 -9999.0 -9999.0 -9999.0 -9999.0 -9999.0 -9999.0 -9999.0 -9999.0 -9999.0 -9999.0 -9999.0
-9999.0 -9999.0 -9999.0 -9999.0 -9999.0 -9999.0 -9999.0 -9999.0 -9999.0 -9999.0 -9999.0 -9999.0 -9999.0 -9999.0 -9999.0 -9999.0 -9999.0 -9999.0 -9999.0 -9999.0 -9999.0 -9999.0 -9999.0 -9999.0 -9999.0 -9999.0 -9999.0 -9999.0 -9999.0 -9999.0 -9999.0 -9999.0 -9999.0 -9999.0 -9999.0 -9999.0 -9999.0 -9999.0 -9999.0 -9999.0 -9999.0 -9999.0 -9999.0 -9999.0 -9999.0 -9999.0 -9999.0 -9999.0 -9999.0 -9999.0 -9999.0 -9999.0 -9999.0 -9999.0 -9999.0 -9999.0 -9999.0 -9999.0 -9999.0 -9999.0 -9999.0 -9999.0 -9999.0 -9999.0 -9999.0 -9999.0 -9999.0 -9999.0 -9999.0 -9999.0 -9999.0 -9999.0 -9999.0 -9999.0 -9999.0 -9999.0 -9999.0 -9999.0 -9999.0 -9999.0 -9999.0 -9999.0 -9999.0 -9999.0 -9999.0 -9999.0 -9999.0 -9999.0 -9999.0 -9999.0 -9999.0 -9999.0 -9999.0 -9999.0 -9999.0 -9999.0 -9999.0 -9999.0 -9999.0 -9999.0 -9999.0 -9999.0 -9999.0 -9999.0
-9999.0 -9999.0 -739.271675 -753.891151 -759.563168 -763.816103 -767.093556 -769.324854 -770.685499 -770.123359 -759.038541 -741.986559 -722.697225 -698.086958 -668.517659 -660.276679 -664.066801 -661.416438 -657.121332 -638.645847 -621.636432 -620.342704 -628.890774 -643.843877 -662.747801 -683.366102 -703.557734 -721.597438 -736.455400 -747.854062 -756.088901 -761.749807 -765.488606 -767.876831 -769.354123 -770.232302 -770.741438 -771.168465 -771.773552 -771.524216 -772.182474 -808.616535 -2399.725098 -4429.563077 -4430.693046 -4430.693027 -4430.693003 -4430.692999 -4430.692998 -4430.692998 -4430.692998 -4430.692999 -4430.692999 -4430.692999 -4430.692999 -4430.692999 -4430.692999 -4430.693001 -4430.693014 -4430.693020 -4428.915524 -2301.336107 -796.517301 -775.265168 -772.688552 -771.964527 -771.800677 -771.774113 -771.776140 -771.782946 -771.789370 -771.794469 -771.798327 -771.801237 -771.803460 -771.805188 -771.806560 -771.807665 -771.808575 -771.809366 -771.810117 -771.810924 -771.811911 -771.813251 -771.815208 -771.818187 -771.822836 -771.830209 -771.842050 -771.861326 -771.893234 -771.947211 -772.041014 -772.209129 -772.519945 -773.110162 -774.251709 -776.480111 -780.854617 -789.601731 -808.080032 -848.803770 -9999.0 -9999.0
-9999.0 -9999.0 -739.271582 -753.891043 -759.563091 -763.816069 -767.093547 -769.324853 -770.685501 -770.123361 -759.038542 -741.986559 -722.697225 -698.086958 -668.517659 -660.276679 -664.066801 -661.416438 -657.121332 -638.645847 -621.636432 -620.342704 -628.890774 -643.843877 -662.747801 -683.366102 -703.557734 -721.597438 -736.455400 -747.854062 -756.088901 -761.749807 -765.488606 -767.876831 -769.354123 -770.232302 -770.741438 -771.168465 -771.773552 -771.524216 -772.182474 -808.616535 -2399.725097 -4429.563077 -4430.693046 -4430.693027 -4430.693003 -4430.692999 -4430.692998 -4430.692998 -4430.692998 -4430.692999 -4430.692999 -4430.692999 -4430.692999 -4430.692999 -4430.692999 -4430.693001 -4430.693014 -4430.693020 -4428.915524 -2301.336107 -796.517301 -775.265168 -772.688552 -771.964527 -771.800677 -771.774113 -771.776140 -771.782946 -771.789370 -771.794469 -771.798327 -771.801237 -771.803460 -771.805188 -771.806560 -771.807665 -771.808575 -771.809366 -771.810117 -771.810924 -771.811911 -771.813251 -771.815208 -771.818187 -771.822836 -771.830209 -771.842050 -771.861326 -771.893234 -771.947211 -772.041014 -772.209129 -772.519945 -773.110162 -774.251709 -776.480111 -780.854617 -789.601731 -808.080032 -848.803770 -9999.0 -9999.0
-9999.0 -9999.0 -739.271539 -753.890985 -759.563041 -763.816044 -767.093540 -769.324854 -770.685503 -770.123362 -759.038542 -741.986560 -722.697225 -698.086958 -668.517659 -660.276679 -664.066801 -661.416438 -657.121332 -638.645847 -621.636432 -620.342704 -628.890774 -643.843877 -662.747801 -683.366102 -703.557734 -721.597438 -736.455400 -747.854062 -756.088901 -761.749807 -765.488606 -767.876831 -769.354123 -770.232302 -770.741438 -771.168465 -771.773552 -771.524216 -772.182474 -808.616535 -2399.725097 -4429.563077 -4430.693046 -4430.693027 -4430.693003 -4430.692999 -4430.692998 -4430.692998 -4430.692998 -4430.692999 -4430.692999 -4430.692999 -4430.692999 -4430.692999 -4430.692999 -4430.693001 -4430.693014 -4430.693020 -4428.915524 -2301.336107 -796.517301 -775.265168 -772.688552 -771.964527 -771.800677 -771.774113 -771.776140 -771.782946 -771.789370 -771.794469 -771.798327 -771.801237 -771.803460 -771.805188 -771.806560 -771.807665 -771.808575 -771.809366 -771.810117 -771.810924 -771.811911 -771.813251 -771.815208 -771.818187 -771.822836 -771.830209 -771.842050 -771.861326 -771.893234 -771.947211 -772.041014 -772.209129 -772.519945 -773.110162 -774.251709 -776.480111 -780.854617 -789.601731 -808.080032 -848.803770 -9999.0 -9999.0
-9999.0 -9999.0 -739.271539 -753.890985 -759.563041 -763.816044 -767.093540 -769.324854 -770.685503 -770.123362 -759.038542 -741.986560 -722.697225 -698.086958 -668.517659 -660.276679 -664.066801 -661.416438 -657.121332 -638.645847 -621.636432 -620.342704 -628.890774 -643.843877 -662.747801 -683.366102 -703.557734 -721.597438 -736.455400 -747.854062 -756.088901 -761.749807 -765.488606 -767.876831 -769.354123 -770.232302 -770.741438 -771.168465 -771.773552 -771.524216 -772.182474 -808.616535 -2399.725097 -4429.563077 -4430.693046 -4430.693027 -4430.693003 -4430.692999 -4430.692998 -4430.692998 -4430.692998 -4430.692999 -4430.692999 -4430.692999 -4430.692999 -4430.692999 -4430.692999 -4430.693001 -4430.693014 -4430.693020 -4428.915524 -2301.336107 -796.517301 -775.265168 -772.688552 -771.964527 -771.800677 -771.774113 -771.776140 -771.782946 -771.789370 -771.794469 -771.798327 -771.801237 -771.803460 -771.805188 -771.806560 -771.807665 -771.808575 -771.809366 -771.810117 -771.810924 -771.811911 -771.813251 -771.815208 -771.818187 -771.822836 -771.830209 -771.842050 -771.861326 -771.893234 -771.947211 -772.041014 -772.209129 -772.519945 -773.110162 -774.251709 -776.480111 -780.854617 -789.601731 -808.080032 -848.803770 -9999.0 -9999.0
-9999.0 -9999.0 -739.271582 -753.891043 -759.563091 -763.816069 -767.093547 -769.324853 -770.685501 -770.123361 -759.038542 -741.986559 -722.697225 -698.086958 -668.517659 -660.276679 -664.066801 -661.416438 -657.121332 -638.645847 -621.636432 -620.342704 -628.890774 -643.843877 -662.747801 -683.366102 -703.557734 -721.597438 -736.455400 -747.854062 -756.088901 -761.749807 -765.488606 -767.876831 -769.354123 -770.232302 -770.741438 -771.168465 -771.773552 -771.524216 -772.182474 -808.616535 -2399.725097 -4429.563077 -4430.693046 -4430.693027 -4430.693003 -4430.692999 -4430.692998 -4430.692998 -4430.692998 -4430.692999 -4430.692999 -4430.692999 -4430.692999 -4430.692999 -4430.692999 -4430.693001 -4430.693014 -4430.693020 -4428.915524 -2301.336107 -796.517301 -775.265168 -772.688552 -771.964527 -771.800677 -771.774113 -771.776140 -771.782946 -771.789370 -771.794469 -771.798327 -771.801237 -771.803460 -771.805188 -771.806560 -771.807665 -771.808575 -771.809366 -771.810117 -771.810924 -771.811911 -771.813251 -771.815208 -771.818187 -771.822836 -771.830209 -771.842050 -771.861326 -771.893234 -771.947211 -772.041014 -772.209129 -772.519945 -773.110162 -774.251709 -776.480111 -780.854617 -789.601731 -808.080032 -848.803770 -9999.0 -9999.0
-9999.0 -9999.0 -739.271675 -753.891151 -759.563168 -763.816103 -767.093556 -769.324854 -770.685499 -770.123359 -759.038541 -741.986559 -722.697225 -698.086958 -668.517659 -660.276679 -664.066801 -661.416438 -657.121332 -638.645847 -621.636432 -620.342704 -628.890774 -643.843877 -662.747801 -683.366102 -703.557734 -721.597438 -736.455400 -747.854062 -756.088901 -761.749807 -765.488606 -767.876831 -769.354123 -770.232302 -770.741438 -771.168465 -771.773552 -771.524216 -772.182474 -808.616535 -2399.725098 -4429.563077 -4430.693046 -4430.693027 -4430.693003 -4430.692999 -4430.692998 -4430.692998 -4430.692998 -4430.692999 -4430.692999 -4430.692999 -4430.692999 -4430.692999 -4430.692999 -4430.693001 -4430.693014 -4430.693020 -4428.915524 -2301.336107 -796.517301 -775.265168 -772.688552 -771.964527 -771.800677 -771.774113 -771.776140 -771.782946 -771.789370 -771.794469 -771.798327 -771.801237 -771.803460 -771.805188 -771.806560 -771.807665 -771.808575 -771.809366 -771.810117 -771.810924 -771.811911 -771.813251 -771.815208 -771.818187 -771.822836 -771.830209 -771.842050 -771.861326 -771.893234 -771.947211 -772.041014 -772.209129 -772.519945 -773.110162 -774.251709 -776.480111 -780.854617 -789.601731 -808.080032 -848.803770 -9999.0 -9999.0
-9999.0 -9999.0 -9999.0 -9999.0 -9999.0 -9999.0 -9999.0 -9999.0 -9999.0 -9999.0 -9999.0 -9999.0 -9999.0 -9999.0 -9999.0 -9999.0 -9999.0 -9999.0 -9999.0 -9999.0 -9999.0 -9999.0 -9999.0 -9999.0 -9999.0 -9999.0 -9999.0 -9999.0 -9999.0 -9999.0 -9999.0 -9999.0 -9999.0 -9999.0 -9999.0 -9999.0 -9999.0 -9999.0 -9999.0 -9999.0 -9999.0 -9999.0 -9999.0 -9999.0 -9999.0 -9999.0 -9999.0 -9999.0 -9999.0 -9999.0 -9999.0 -9999.0 -9999.0 -9999.0 -9999.0 -9999.0 -9999.0 -9999.0 -9999.0 -9999.0 -9999.0 -9999.0 -9999.0 -9999.0 -9999.0 -9999.0 -9999.0 -9999.0 -9999.0 -9999.0 -9999.0 -9999.0 -9999.0 -9999.0 -9999.0 -9999.0 -9999.0 -9999.0 -9999.0 -9999.0 -9999.0 -9999.0 -9999.0 -9999.0 -9999.0 -9999.0 -9999.0 -9999.0 -9999.0 -9999.0 -9999.0 -9999.0 -9999.0 -9999.0 -9999.0 -9999.0 -9999.0 -9999.0 -9999.0 -9999.0 -9999.0 -9999.0 -9999.0 -9999.0
-9999.0 -9999.0 -9999.0 -9999.0 -9999.0 -9999.0 -9999.0 -9999.0 -9999.0 -9999.0 -9999.0 -9999.0 -9999.0 -9999.0 -9999.0 -9999.0 -9999.0 -9999.0 -9999.0 -9999.0 -9999.0 -9999.0 -9999.0 -9999.0 -9999.0 -9999.0 -9999.0 -9999.0 -9999.0 -9999.0 -9999.0 -9999.0 -9999.0 -9999.0 -9999.0 -9999.0 -9999.0 -9999.0 -9999.0 -9999.0 -9999.0 -9999.0 -9999.0 -9999.0 -9999.0 -9999.0 -9999.0 -9999.0 -9999.0 -9999.0 -9999.0 -9999.0 -9999.0 -9999.0 -9999.0 -9999.0 -9999.0 -9999.0 -9999.0 -9999.0 -9999.0 -9999.0 -9999.0 -9999.0 -9999.0 -9999.0 -9999.0 -9999.0 -9999.0 -9999.0 -9999.0 -9999.0 -9999.0 -9999.0 -9999.0 -9999.0 -9999.0 -9999.0 -9999.0 -9999.0 -9999.0 -9999.0 -9999.0 -9999.0 -9999.0 -9999.0 -9999.0 -9999.0 -9999.0 -9999.0 -9999.0 -9999.0 -9999.0 -9999.0 -9999.0 -9999.0 -9999.0 -9999.0 -9999.0 -9999.0 -9999.0 -9999.0 -9999.0 -9999.0