inst/processing_geotop_simulation/geotop_simulation/out/maps3D/PwL0013N0321.asc
ncols         104
nrows         10
xllcorner     -2.000000
yllcorner     0.000000
cellsize      1.000000
NODATA_value  -9999.0
-9999.0 -9999.0 -9999.0 -9999.0 -9999.0 -9999.0 -9999.0 -9999.0 -9999.0 -9999.0 -9999.0 -9999.0 -9999.0 -9999.0 -9999.0 -9999.0 -9999.0 -9999.0 -9999.0 -9999.0 -9999.0 -9999.0 -9999.0 -9999.0 -9999.0 -9999.0 -9999.0 -9999.0 -9999.0 -9999.0 -9999.0 -9999.0 -9999.0 -9999.0 -9999.0 -9999.0 -9999.0 -9999.0 -9999.0 -9999.0 -9999.0 -9999.0 -9999.0 -9999.0 -9999.0 -9999.0 -9999.0 -9999.0 -9999.0 -9999.0 -9999.0 -9999.0 -9999.0 -9999.0 -9999.0 -9999.0 -9999.0 -9999.0 -9999.0 -9999.0 -9999.0 -9999.0 -9999.0 -9999.0 -9999.0 -9999.0 -9999.0 -9999.0 -9999.0 -9999.0 -9999.0 -9999.0 -9999.0 -9999.0 -9999.0 -9999.0 -9999.0 -9999.0 -9999.0 -9999.0 -9999.0 -9999.0 -9999.0 -9999.0 -9999.0 -9999.0 -9999.0 -9999.0 -9999.0 -9999.0 -9999.0 -9999.0 -9999.0 -9999.0 -9999.0 -9999.0 -9999.0 -9999.0 -9999.0 -9999.0 -9999.0 -9999.0 -9999.0 -9999.0
-9999.0 -9999.0 -9999.0 -9999.0 -9999.0 -9999.0 -9999.0 -9999.0 -9999.0 -9999.0 -9999.0 -9999.0 -9999.0 -9999.0 -9999.0 -9999.0 -9999.0 -9999.0 -9999.0 -9999.0 -9999.0 -9999.0 -9999.0 -9999.0 -9999.0 -9999.0 -9999.0 -9999.0 -9999.0 -9999.0 -9999.0 -9999.0 -9999.0 -9999.0 -9999.0 -9999.0 -9999.0 -9999.0 -9999.0 -9999.0 -9999.0 -9999.0 -9999.0 -9999.0 -9999.0 -9999.0 -9999.0 -9999.0 -9999.0 -9999.0 -9999.0 -9999.0 -9999.0 -9999.0 -9999.0 -9999.0 -9999.0 -9999.0 -9999.0 -9999.0 -9999.0 -9999.0 -9999.0 -9999.0 -9999.0 -9999.0 -9999.0 -9999.0 -9999.0 -9999.0 -9999.0 -9999.0 -9999.0 -9999.0 -9999.0 -9999.0 -9999.0 -9999.0 -9999.0 -9999.0 -9999.0 -9999.0 -9999.0 -9999.0 -9999.0 -9999.0 -9999.0 -9999.0 -9999.0 -9999.0 -9999.0 -9999.0 -9999.0 -9999.0 -9999.0 -9999.0 -9999.0 -9999.0 -9999.0 -9999.0 -9999.0 -9999.0 -9999.0 -9999.0
-9999.0 -9999.0 622.861958 524.855553 426.366223 327.583187 228.666805 129.693834 30.702551 -68.283037 -167.254191 -266.197096 -365.080687 -463.840627 -562.369355 -660.523323 -758.453694 -856.404938 -954.068780 -1051.378617 -1146.805508 -1237.620486 -1322.182257 -1397.896711 -1462.850534 -1516.265424 -1558.512401 -1590.805622 -1614.788727 -1632.181558 -1644.554435 -1653.222133 -1659.221480 -1663.335581 -1666.137845 -1668.041101 -1669.350468 -1670.351834 -1671.586108 -1674.709929 -1683.703905 -1699.781519 -1707.515517 -3370.771927 -3007.330907 -2767.701216 -2665.004490 -2651.988212 -2650.676948 -2650.812988 -2651.154091 -2651.519617 -2651.870577 -2652.195403 -2652.495924 -2652.837131 -2653.861379 -2661.135072 -2712.962743 -2835.964133 -2969.654604 -1541.940857 -1662.586807 -1675.852764 -1673.425019 -1672.342183 -1672.102178 -1672.059721 -1672.053256 -1672.052788 -1672.053233 -1672.053728 -1672.054137 -1672.054458 -1672.054709 -1672.054909 -1672.055072 -1672.055208 -1672.055326 -1672.055434 -1672.055542 -1672.055661 -1672.055807 -1672.056003 -1672.056283 -1672.056704 -1672.057355 -1672.058389 -1672.060064 -1672.062842 -1672.067572 -1672.075857 -1672.090830 -1672.118732 -1672.172300 -1672.278384 -1672.496591 -1672.968795 -1674.059324 -1676.786037 -1684.355716 -1708.711364 -9999.0 -9999.0
-9999.0 -9999.0 622.866735 524.857044 426.366661 327.583322 228.666850 129.693849 30.702557 -68.283034 -167.254190 -266.197096 -365.080687 -463.840627 -562.369355 -660.523323 -758.453694 -856.404938 -954.068780 -1051.378617 -1146.805509 -1237.620487 -1322.182257 -1397.896712 -1462.850534 -1516.265424 -1558.512401 -1590.805623 -1614.788727 -1632.181558 -1644.554435 -1653.222133 -1659.221480 -1663.335581 -1666.137845 -1668.041101 -1669.350468 -1670.351834 -1671.586108 -1674.709929 -1683.703905 -1699.781519 -1707.515517 -3370.771924 -3007.330904 -2767.701209 -2665.004491 -2651.988212 -2650.676948 -2650.812988 -2651.154091 -2651.519617 -2651.870577 -2652.195403 -2652.495924 -2652.837131 -2653.861379 -2661.135072 -2712.962743 -2835.964133 -2969.654604 -1541.940857 -1662.586807 -1675.852764 -1673.425019 -1672.342183 -1672.102178 -1672.059721 -1672.053256 -1672.052788 -1672.053233 -1672.053728 -1672.054137 -1672.054458 -1672.054709 -1672.054909 -1672.055072 -1672.055208 -1672.055326 -1672.055434 -1672.055542 -1672.055661 -1672.055807 -1672.056003 -1672.056283 -1672.056704 -1672.057355 -1672.058389 -1672.060064 -1672.062842 -1672.067572 -1672.075857 -1672.090830 -1672.118732 -1672.172300 -1672.278384 -1672.496591 -1672.968795 -1674.059324 -1676.786037 -1684.355716 -1708.711364 -9999.0 -9999.0
-9999.0 -9999.0 622.868093 524.857753 426.366949 327.583430 228.666888 129.693863 30.702562 -68.283032 -167.254190 -266.197096 -365.080687 -463.840627 -562.369355 -660.523323 -758.453694 -856.404938 -954.068781 -1051.378617 -1146.805509 -1237.620487 -1322.182258 -1397.896712 -1462.850534 -1516.265425 -1558.512401 -1590.805623 -1614.788727 -1632.181558 -1644.554435 -1653.222133 -1659.221480 -1663.335581 -1666.137845 -1668.041101 -1669.350468 -1670.351834 -1671.586108 -1674.709929 -1683.703905 -1699.781519 -1707.515517 -3370.771924 -3007.330903 -2767.701207 -2665.004490 -2651.988212 -2650.676948 -2650.812988 -2651.154091 -2651.519617 -2651.870577 -2652.195403 -2652.495924 -2652.837131 -2653.861379 -2661.135072 -2712.962743 -2835.964133 -2969.654603 -1541.940857 -1662.586807 -1675.852764 -1673.425019 -1672.342183 -1672.102178 -1672.059721 -1672.053256 -1672.052788 -1672.053233 -1672.053728 -1672.054137 -1672.054458 -1672.054709 -1672.054909 -1672.055072 -1672.055208 -1672.055326 -1672.055434 -1672.055542 -1672.055661 -1672.055807 -1672.056003 -1672.056283 -1672.056704 -1672.057355 -1672.058389 -1672.060064 -1672.062842 -1672.067572 -1672.075857 -1672.090830 -1672.118732 -1672.172300 -1672.278384 -1672.496591 -1672.968795 -1674.059324 -1676.786037 -1684.355716 -1708.711364 -9999.0 -9999.0
-9999.0 -9999.0 622.868093 524.857753 426.366949 327.583429 228.666888 129.693863 30.702562 -68.283033 -167.254190 -266.197096 -365.080687 -463.840627 -562.369355 -660.523323 -758.453694 -856.404938 -954.068781 -1051.378617 -1146.805509 -1237.620487 -1322.182258 -1397.896712 -1462.850534 -1516.265425 -1558.512401 -1590.805623 -1614.788727 -1632.181558 -1644.554435 -1653.222133 -1659.221480 -1663.335581 -1666.137845 -1668.041101 -1669.350468 -1670.351834 -1671.586108 -1674.709929 -1683.703905 -1699.781519 -1707.515517 -3370.771924 -3007.330903 -2767.701207 -2665.004490 -2651.988212 -2650.676948 -2650.812988 -2651.154091 -2651.519617 -2651.870577 -2652.195403 -2652.495924 -2652.837131 -2653.861379 -2661.135072 -2712.962743 -2835.964133 -2969.654603 -1541.940857 -1662.586807 -1675.852764 -1673.425019 -1672.342183 -1672.102178 -1672.059721 -1672.053256 -1672.052788 -1672.053233 -1672.053728 -1672.054137 -1672.054458 -1672.054709 -1672.054909 -1672.055072 -1672.055208 -1672.055326 -1672.055434 -1672.055542 -1672.055661 -1672.055807 -1672.056003 -1672.056283 -1672.056704 -1672.057355 -1672.058389 -1672.060064 -1672.062842 -1672.067572 -1672.075857 -1672.090830 -1672.118732 -1672.172300 -1672.278384 -1672.496591 -1672.968795 -1674.059324 -1676.786037 -1684.355716 -1708.711364 -9999.0 -9999.0
-9999.0 -9999.0 622.866735 524.857044 426.366661 327.583322 228.666850 129.693849 30.702557 -68.283034 -167.254190 -266.197096 -365.080687 -463.840627 -562.369355 -660.523323 -758.453694 -856.404938 -954.068780 -1051.378617 -1146.805509 -1237.620486 -1322.182257 -1397.896712 -1462.850534 -1516.265424 -1558.512401 -1590.805623 -1614.788727 -1632.181558 -1644.554435 -1653.222133 -1659.221480 -1663.335581 -1666.137845 -1668.041101 -1669.350468 -1670.351834 -1671.586108 -1674.709929 -1683.703905 -1699.781519 -1707.515517 -3370.771924 -3007.330904 -2767.701209 -2665.004491 -2651.988212 -2650.676948 -2650.812988 -2651.154091 -2651.519617 -2651.870577 -2652.195403 -2652.495924 -2652.837131 -2653.861379 -2661.135072 -2712.962743 -2835.964133 -2969.654604 -1541.940857 -1662.586807 -1675.852764 -1673.425019 -1672.342183 -1672.102178 -1672.059721 -1672.053256 -1672.052788 -1672.053233 -1672.053728 -1672.054137 -1672.054458 -1672.054709 -1672.054909 -1672.055072 -1672.055208 -1672.055326 -1672.055434 -1672.055542 -1672.055661 -1672.055807 -1672.056003 -1672.056283 -1672.056704 -1672.057355 -1672.058389 -1672.060064 -1672.062842 -1672.067572 -1672.075857 -1672.090830 -1672.118732 -1672.172300 -1672.278384 -1672.496591 -1672.968795 -1674.059324 -1676.786037 -1684.355716 -1708.711364 -9999.0 -9999.0
-9999.0 -9999.0 622.861958 524.855553 426.366223 327.583187 228.666805 129.693834 30.702551 -68.283037 -167.254191 -266.197096 -365.080687 -463.840627 -562.369355 -660.523323 -758.453694 -856.404938 -954.068780 -1051.378617 -1146.805508 -1237.620486 -1322.182257 -1397.896711 -1462.850534 -1516.265424 -1558.512401 -1590.805622 -1614.788727 -1632.181558 -1644.554435 -1653.222133 -1659.221480 -1663.335581 -1666.137845 -1668.041101 -1669.350468 -1670.351834 -1671.586108 -1674.709929 -1683.703905 -1699.781519 -1707.515517 -3370.771927 -3007.330907 -2767.701216 -2665.004490 -2651.988212 -2650.676948 -2650.812988 -2651.154091 -2651.519617 -2651.870577 -2652.195403 -2652.495924 -2652.837131 -2653.861379 -2661.135072 -2712.962743 -2835.964134 -2969.654604 -1541.940857 -1662.586807 -1675.852764 -1673.425019 -1672.342183 -1672.102178 -1672.059721 -1672.053256 -1672.052788 -1672.053233 -1672.053728 -1672.054137 -1672.054458 -1672.054709 -1672.054909 -1672.055072 -1672.055208 -1672.055326 -1672.055434 -1672.055542 -1672.055661 -1672.055807 -1672.056003 -1672.056283 -1672.056704 -1672.057355 -1672.058389 -1672.060064 -1672.062842 -1672.067572 -1672.075857 -1672.090830 -1672.118732 -1672.172300 -1672.278384 -1672.496591 -1672.968795 -1674.059324 -1676.786037 -1684.355716 -1708.711364 -9999.0 -9999.0
-9999.0 -9999.0 -9999.0 -9999.0 -9999.0 -9999.0 -9999.0 -9999.0 -9999.0 -9999.0 -9999.0 -9999.0 -9999.0 -9999.0 -9999.0 -9999.0 -9999.0 -9999.0 -9999.0 -9999.0 -9999.0 -9999.0 -9999.0 -9999.0 -9999.0 -9999.0 -9999.0 -9999.0 -9999.0 -9999.0 -9999.0 -9999.0 -9999.0 -9999.0 -9999.0 -9999.0 -9999.0 -9999.0 -9999.0 -9999.0 -9999.0 -9999.0 -9999.0 -9999.0 -9999.0 -9999.0 -9999.0 -9999.0 -9999.0 -9999.0 -9999.0 -9999.0 -9999.0 -9999.0 -9999.0 -9999.0 -9999.0 -9999.0 -9999.0 -9999.0 -9999.0 -9999.0 -9999.0 -9999.0 -9999.0 -9999.0 -9999.0 -9999.0 -9999.0 -9999.0 -9999.0 -9999.0 -9999.0 -9999.0 -9999.0 -9999.0 -9999.0 -9999.0 -9999.0 -9999.0 -9999.0 -9999.0 -9999.0 -9999.0 -9999.0 -9999.0 -9999.0 -9999.0 -9999.0 -9999.0 -9999.0 -9999.0 -9999.0 -9999.0 -9999.0 -9999.0 -9999.0 -9999.0 -9999.0 -9999.0 -9999.0 -9999.0 -9999.0 -9999.0
-9999.0 -9999.0 -9999.0 -9999.0 -9999.0 -9999.0 -9999.0 -9999.0 -9999.0 -9999.0 -9999.0 -9999.0 -9999.0 -9999.0 -9999.0 -9999.0 -9999.0 -9999.0 -9999.0 -9999.0 -9999.0 -9999.0 -9999.0 -9999.0 -9999.0 -9999.0 -9999.0 -9999.0 -9999.0 -9999.0 -9999.0 -9999.0 -9999.0 -9999.0 -9999.0 -9999.0 -9999.0 -9999.0 -9999.0 -9999.0 -9999.0 -9999.0 -9999.0 -9999.0 -9999.0 -9999.0 -9999.0 -9999.0 -9999.0 -9999.0 -9999.0 -9999.0 -9999.0 -9999.0 -9999.0 -9999.0 -9999.0 -9999.0 -9999.0 -9999.0 -9999.0 -9999.0 -9999.0 -9999.0 -9999.0 -9999.0 -9999.0 -9999.0 -9999.0 -9999.0 -9999.0 -9999.0 -9999.0 -9999.0 -9999.0 -9999.0 -9999.0 -9999.0 -9999.0 -9999.0 -9999.0 -9999.0 -9999.0 -9999.0 -9999.0 -9999.0 -9999.0 -9999.0 -9999.0 -9999.0 -9999.0 -9999.0 -9999.0 -9999.0 -9999.0 -9999.0 -9999.0 -9999.0 -9999.0 -9999.0 -9999.0 -9999.0 -9999.0 -9999.0