inst/processing_geotop_simulation/geotop_simulation/out/maps3D/PwL0021N0295.asc
ncols         104
nrows         10
xllcorner     -2.000000
yllcorner     0.000000
cellsize      1.000000
NODATA_value  -9999.0
-9999.0 -9999.0 -9999.0 -9999.0 -9999.0 -9999.0 -9999.0 -9999.0 -9999.0 -9999.0 -9999.0 -9999.0 -9999.0 -9999.0 -9999.0 -9999.0 -9999.0 -9999.0 -9999.0 -9999.0 -9999.0 -9999.0 -9999.0 -9999.0 -9999.0 -9999.0 -9999.0 -9999.0 -9999.0 -9999.0 -9999.0 -9999.0 -9999.0 -9999.0 -9999.0 -9999.0 -9999.0 -9999.0 -9999.0 -9999.0 -9999.0 -9999.0 -9999.0 -9999.0 -9999.0 -9999.0 -9999.0 -9999.0 -9999.0 -9999.0 -9999.0 -9999.0 -9999.0 -9999.0 -9999.0 -9999.0 -9999.0 -9999.0 -9999.0 -9999.0 -9999.0 -9999.0 -9999.0 -9999.0 -9999.0 -9999.0 -9999.0 -9999.0 -9999.0 -9999.0 -9999.0 -9999.0 -9999.0 -9999.0 -9999.0 -9999.0 -9999.0 -9999.0 -9999.0 -9999.0 -9999.0 -9999.0 -9999.0 -9999.0 -9999.0 -9999.0 -9999.0 -9999.0 -9999.0 -9999.0 -9999.0 -9999.0 -9999.0 -9999.0 -9999.0 -9999.0 -9999.0 -9999.0 -9999.0 -9999.0 -9999.0 -9999.0 -9999.0 -9999.0
-9999.0 -9999.0 -9999.0 -9999.0 -9999.0 -9999.0 -9999.0 -9999.0 -9999.0 -9999.0 -9999.0 -9999.0 -9999.0 -9999.0 -9999.0 -9999.0 -9999.0 -9999.0 -9999.0 -9999.0 -9999.0 -9999.0 -9999.0 -9999.0 -9999.0 -9999.0 -9999.0 -9999.0 -9999.0 -9999.0 -9999.0 -9999.0 -9999.0 -9999.0 -9999.0 -9999.0 -9999.0 -9999.0 -9999.0 -9999.0 -9999.0 -9999.0 -9999.0 -9999.0 -9999.0 -9999.0 -9999.0 -9999.0 -9999.0 -9999.0 -9999.0 -9999.0 -9999.0 -9999.0 -9999.0 -9999.0 -9999.0 -9999.0 -9999.0 -9999.0 -9999.0 -9999.0 -9999.0 -9999.0 -9999.0 -9999.0 -9999.0 -9999.0 -9999.0 -9999.0 -9999.0 -9999.0 -9999.0 -9999.0 -9999.0 -9999.0 -9999.0 -9999.0 -9999.0 -9999.0 -9999.0 -9999.0 -9999.0 -9999.0 -9999.0 -9999.0 -9999.0 -9999.0 -9999.0 -9999.0 -9999.0 -9999.0 -9999.0 -9999.0 -9999.0 -9999.0 -9999.0 -9999.0 -9999.0 -9999.0 -9999.0 -9999.0 -9999.0 -9999.0
-9999.0 -9999.0 1020.690205 922.296730 823.828872 725.173564 626.410235 527.598035 428.770810 329.947373 231.138331 132.349819 33.586031 -65.145044 -163.841246 -262.480010 -361.009610 -459.327899 -557.248936 -654.449571 -751.174605 -847.803043 -943.607253 -1038.313856 -1127.051598 -1204.387602 -1271.656010 -1327.883721 -1373.078795 -1408.115902 -1434.432131 -1453.681842 -1467.465094 -1477.170534 -1483.918456 -1488.570242 -1491.779031 -1494.100055 -1496.327946 -1500.647716 -1514.098754 -1561.567353 -1702.872728 -3041.677023 -3927.529836 -3926.245926 -3764.967965 -3311.257344 -2935.173474 -2687.216662 -2513.772133 -2370.094749 -2282.825976 -2226.388780 -2173.946858 -2119.044662 -2059.856205 -1997.296016 -1933.503681 -1869.752529 -1794.757199 -1455.344546 -1518.997937 -1505.818966 -1500.340119 -1498.918511 -1498.634850 -1498.586107 -1498.578742 -1498.578185 -1498.578661 -1498.579204 -1498.579663 -1498.580031 -1498.580329 -1498.580575 -1498.580782 -1498.580962 -1498.581124 -1498.581276 -1498.581429 -1498.581594 -1498.581789 -1498.582035 -1498.582371 -1498.582854 -1498.583577 -1498.584698 -1498.586487 -1498.589426 -1498.594400 -1498.603090 -1498.618783 -1498.648068 -1498.704508 -1498.817157 -1499.051965 -1499.569346 -1500.784894 -1503.840744 -1512.171142 -1537.820330 -9999.0 -9999.0
-9999.0 -9999.0 1020.692937 922.297814 823.829237 725.173685 626.410276 527.598049 428.770815 329.947375 231.138332 132.349819 33.586032 -65.145044 -163.841246 -262.480010 -361.009610 -459.327899 -557.248936 -654.449572 -751.174605 -847.803043 -943.607253 -1038.313856 -1127.051598 -1204.387602 -1271.656011 -1327.883721 -1373.078795 -1408.115903 -1434.432131 -1453.681842 -1467.465094 -1477.170534 -1483.918456 -1488.570242 -1491.779031 -1494.100055 -1496.327946 -1500.647716 -1514.098754 -1561.567353 -1702.872727 -3041.677022 -3927.529836 -3926.245926 -3764.967965 -3311.257343 -2935.173473 -2687.216661 -2513.772131 -2370.094748 -2282.825976 -2226.388780 -2173.946858 -2119.044662 -2059.856204 -1997.296016 -1933.503681 -1869.752529 -1794.757199 -1455.344546 -1518.997937 -1505.818966 -1500.340119 -1498.918511 -1498.634850 -1498.586107 -1498.578742 -1498.578185 -1498.578661 -1498.579204 -1498.579663 -1498.580031 -1498.580329 -1498.580575 -1498.580782 -1498.580962 -1498.581124 -1498.581276 -1498.581429 -1498.581594 -1498.581789 -1498.582035 -1498.582371 -1498.582854 -1498.583577 -1498.584698 -1498.586487 -1498.589426 -1498.594400 -1498.603090 -1498.618783 -1498.648068 -1498.704508 -1498.817157 -1499.051965 -1499.569346 -1500.784894 -1503.840744 -1512.171142 -1537.820330 -9999.0 -9999.0
-9999.0 -9999.0 1020.694040 922.298412 823.829492 725.173784 626.410313 527.598063 428.770820 329.947377 231.138333 132.349820 33.586032 -65.145044 -163.841246 -262.480010 -361.009610 -459.327899 -557.248936 -654.449572 -751.174605 -847.803043 -943.607253 -1038.313856 -1127.051599 -1204.387602 -1271.656011 -1327.883721 -1373.078795 -1408.115903 -1434.432131 -1453.681842 -1467.465094 -1477.170534 -1483.918456 -1488.570242 -1491.779031 -1494.100055 -1496.327946 -1500.647716 -1514.098754 -1561.567353 -1702.872727 -3041.677022 -3927.529836 -3926.245926 -3764.967965 -3311.257342 -2935.173473 -2687.216660 -2513.772130 -2370.094748 -2282.825976 -2226.388780 -2173.946858 -2119.044662 -2059.856204 -1997.296015 -1933.503681 -1869.752529 -1794.757199 -1455.344546 -1518.997937 -1505.818966 -1500.340119 -1498.918511 -1498.634850 -1498.586107 -1498.578742 -1498.578185 -1498.578661 -1498.579204 -1498.579663 -1498.580031 -1498.580329 -1498.580575 -1498.580782 -1498.580962 -1498.581124 -1498.581276 -1498.581429 -1498.581594 -1498.581789 -1498.582035 -1498.582371 -1498.582854 -1498.583577 -1498.584698 -1498.586487 -1498.589426 -1498.594400 -1498.603090 -1498.618783 -1498.648068 -1498.704508 -1498.817157 -1499.051965 -1499.569346 -1500.784894 -1503.840744 -1512.171142 -1537.820330 -9999.0 -9999.0
-9999.0 -9999.0 1020.694040 922.298412 823.829492 725.173784 626.410313 527.598063 428.770820 329.947377 231.138333 132.349820 33.586032 -65.145044 -163.841246 -262.480010 -361.009610 -459.327899 -557.248936 -654.449572 -751.174605 -847.803043 -943.607253 -1038.313856 -1127.051599 -1204.387602 -1271.656011 -1327.883721 -1373.078795 -1408.115903 -1434.432131 -1453.681842 -1467.465094 -1477.170534 -1483.918456 -1488.570242 -1491.779031 -1494.100055 -1496.327946 -1500.647716 -1514.098754 -1561.567353 -1702.872727 -3041.677022 -3927.529836 -3926.245926 -3764.967965 -3311.257342 -2935.173473 -2687.216660 -2513.772130 -2370.094748 -2282.825976 -2226.388780 -2173.946858 -2119.044662 -2059.856204 -1997.296015 -1933.503681 -1869.752529 -1794.757199 -1455.344546 -1518.997937 -1505.818966 -1500.340119 -1498.918511 -1498.634850 -1498.586107 -1498.578742 -1498.578185 -1498.578661 -1498.579204 -1498.579663 -1498.580031 -1498.580329 -1498.580575 -1498.580782 -1498.580962 -1498.581124 -1498.581276 -1498.581429 -1498.581594 -1498.581789 -1498.582035 -1498.582371 -1498.582854 -1498.583577 -1498.584698 -1498.586487 -1498.589426 -1498.594400 -1498.603090 -1498.618783 -1498.648068 -1498.704508 -1498.817157 -1499.051965 -1499.569346 -1500.784894 -1503.840744 -1512.171142 -1537.820330 -9999.0 -9999.0
-9999.0 -9999.0 1020.692937 922.297814 823.829237 725.173685 626.410276 527.598049 428.770815 329.947375 231.138332 132.349819 33.586032 -65.145044 -163.841246 -262.480010 -361.009610 -459.327899 -557.248936 -654.449572 -751.174605 -847.803043 -943.607253 -1038.313856 -1127.051598 -1204.387602 -1271.656011 -1327.883721 -1373.078795 -1408.115903 -1434.432131 -1453.681842 -1467.465094 -1477.170534 -1483.918456 -1488.570242 -1491.779031 -1494.100055 -1496.327946 -1500.647716 -1514.098754 -1561.567353 -1702.872727 -3041.677022 -3927.529836 -3926.245926 -3764.967965 -3311.257343 -2935.173473 -2687.216660 -2513.772131 -2370.094748 -2282.825976 -2226.388780 -2173.946858 -2119.044662 -2059.856204 -1997.296015 -1933.503681 -1869.752529 -1794.757199 -1455.344546 -1518.997937 -1505.818966 -1500.340119 -1498.918511 -1498.634850 -1498.586107 -1498.578742 -1498.578185 -1498.578661 -1498.579204 -1498.579663 -1498.580031 -1498.580329 -1498.580575 -1498.580782 -1498.580962 -1498.581124 -1498.581276 -1498.581429 -1498.581594 -1498.581789 -1498.582035 -1498.582371 -1498.582854 -1498.583577 -1498.584698 -1498.586487 -1498.589426 -1498.594400 -1498.603090 -1498.618783 -1498.648068 -1498.704508 -1498.817157 -1499.051965 -1499.569346 -1500.784894 -1503.840744 -1512.171142 -1537.820330 -9999.0 -9999.0
-9999.0 -9999.0 1020.690205 922.296730 823.828872 725.173564 626.410235 527.598035 428.770810 329.947373 231.138331 132.349819 33.586031 -65.145044 -163.841246 -262.480010 -361.009610 -459.327899 -557.248936 -654.449571 -751.174605 -847.803043 -943.607253 -1038.313856 -1127.051598 -1204.387602 -1271.656010 -1327.883721 -1373.078795 -1408.115902 -1434.432131 -1453.681842 -1467.465094 -1477.170534 -1483.918456 -1488.570242 -1491.779031 -1494.100055 -1496.327946 -1500.647716 -1514.098754 -1561.567353 -1702.872728 -3041.677024 -3927.529836 -3926.245926 -3764.967965 -3311.257344 -2935.173474 -2687.216663 -2513.772133 -2370.094749 -2282.825976 -2226.388780 -2173.946858 -2119.044662 -2059.856204 -1997.296016 -1933.503681 -1869.752530 -1794.757199 -1455.344546 -1518.997937 -1505.818966 -1500.340119 -1498.918511 -1498.634850 -1498.586107 -1498.578742 -1498.578185 -1498.578661 -1498.579204 -1498.579663 -1498.580031 -1498.580329 -1498.580575 -1498.580782 -1498.580962 -1498.581124 -1498.581276 -1498.581429 -1498.581594 -1498.581789 -1498.582035 -1498.582371 -1498.582854 -1498.583577 -1498.584698 -1498.586487 -1498.589426 -1498.594400 -1498.603090 -1498.618783 -1498.648068 -1498.704508 -1498.817157 -1499.051965 -1499.569346 -1500.784894 -1503.840744 -1512.171142 -1537.820330 -9999.0 -9999.0
-9999.0 -9999.0 -9999.0 -9999.0 -9999.0 -9999.0 -9999.0 -9999.0 -9999.0 -9999.0 -9999.0 -9999.0 -9999.0 -9999.0 -9999.0 -9999.0 -9999.0 -9999.0 -9999.0 -9999.0 -9999.0 -9999.0 -9999.0 -9999.0 -9999.0 -9999.0 -9999.0 -9999.0 -9999.0 -9999.0 -9999.0 -9999.0 -9999.0 -9999.0 -9999.0 -9999.0 -9999.0 -9999.0 -9999.0 -9999.0 -9999.0 -9999.0 -9999.0 -9999.0 -9999.0 -9999.0 -9999.0 -9999.0 -9999.0 -9999.0 -9999.0 -9999.0 -9999.0 -9999.0 -9999.0 -9999.0 -9999.0 -9999.0 -9999.0 -9999.0 -9999.0 -9999.0 -9999.0 -9999.0 -9999.0 -9999.0 -9999.0 -9999.0 -9999.0 -9999.0 -9999.0 -9999.0 -9999.0 -9999.0 -9999.0 -9999.0 -9999.0 -9999.0 -9999.0 -9999.0 -9999.0 -9999.0 -9999.0 -9999.0 -9999.0 -9999.0 -9999.0 -9999.0 -9999.0 -9999.0 -9999.0 -9999.0 -9999.0 -9999.0 -9999.0 -9999.0 -9999.0 -9999.0 -9999.0 -9999.0 -9999.0 -9999.0 -9999.0 -9999.0
-9999.0 -9999.0 -9999.0 -9999.0 -9999.0 -9999.0 -9999.0 -9999.0 -9999.0 -9999.0 -9999.0 -9999.0 -9999.0 -9999.0 -9999.0 -9999.0 -9999.0 -9999.0 -9999.0 -9999.0 -9999.0 -9999.0 -9999.0 -9999.0 -9999.0 -9999.0 -9999.0 -9999.0 -9999.0 -9999.0 -9999.0 -9999.0 -9999.0 -9999.0 -9999.0 -9999.0 -9999.0 -9999.0 -9999.0 -9999.0 -9999.0 -9999.0 -9999.0 -9999.0 -9999.0 -9999.0 -9999.0 -9999.0 -9999.0 -9999.0 -9999.0 -9999.0 -9999.0 -9999.0 -9999.0 -9999.0 -9999.0 -9999.0 -9999.0 -9999.0 -9999.0 -9999.0 -9999.0 -9999.0 -9999.0 -9999.0 -9999.0 -9999.0 -9999.0 -9999.0 -9999.0 -9999.0 -9999.0 -9999.0 -9999.0 -9999.0 -9999.0 -9999.0 -9999.0 -9999.0 -9999.0 -9999.0 -9999.0 -9999.0 -9999.0 -9999.0 -9999.0 -9999.0 -9999.0 -9999.0 -9999.0 -9999.0 -9999.0 -9999.0 -9999.0 -9999.0 -9999.0 -9999.0 -9999.0 -9999.0 -9999.0 -9999.0 -9999.0 -9999.0