inst/processing_geotop_simulation/geotop_simulation/out/maps3D/PwL0015N0298.asc
ncols         104
nrows         10
xllcorner     -2.000000
yllcorner     0.000000
cellsize      1.000000
NODATA_value  -9999.0
-9999.0 -9999.0 -9999.0 -9999.0 -9999.0 -9999.0 -9999.0 -9999.0 -9999.0 -9999.0 -9999.0 -9999.0 -9999.0 -9999.0 -9999.0 -9999.0 -9999.0 -9999.0 -9999.0 -9999.0 -9999.0 -9999.0 -9999.0 -9999.0 -9999.0 -9999.0 -9999.0 -9999.0 -9999.0 -9999.0 -9999.0 -9999.0 -9999.0 -9999.0 -9999.0 -9999.0 -9999.0 -9999.0 -9999.0 -9999.0 -9999.0 -9999.0 -9999.0 -9999.0 -9999.0 -9999.0 -9999.0 -9999.0 -9999.0 -9999.0 -9999.0 -9999.0 -9999.0 -9999.0 -9999.0 -9999.0 -9999.0 -9999.0 -9999.0 -9999.0 -9999.0 -9999.0 -9999.0 -9999.0 -9999.0 -9999.0 -9999.0 -9999.0 -9999.0 -9999.0 -9999.0 -9999.0 -9999.0 -9999.0 -9999.0 -9999.0 -9999.0 -9999.0 -9999.0 -9999.0 -9999.0 -9999.0 -9999.0 -9999.0 -9999.0 -9999.0 -9999.0 -9999.0 -9999.0 -9999.0 -9999.0 -9999.0 -9999.0 -9999.0 -9999.0 -9999.0 -9999.0 -9999.0 -9999.0 -9999.0 -9999.0 -9999.0 -9999.0 -9999.0
-9999.0 -9999.0 -9999.0 -9999.0 -9999.0 -9999.0 -9999.0 -9999.0 -9999.0 -9999.0 -9999.0 -9999.0 -9999.0 -9999.0 -9999.0 -9999.0 -9999.0 -9999.0 -9999.0 -9999.0 -9999.0 -9999.0 -9999.0 -9999.0 -9999.0 -9999.0 -9999.0 -9999.0 -9999.0 -9999.0 -9999.0 -9999.0 -9999.0 -9999.0 -9999.0 -9999.0 -9999.0 -9999.0 -9999.0 -9999.0 -9999.0 -9999.0 -9999.0 -9999.0 -9999.0 -9999.0 -9999.0 -9999.0 -9999.0 -9999.0 -9999.0 -9999.0 -9999.0 -9999.0 -9999.0 -9999.0 -9999.0 -9999.0 -9999.0 -9999.0 -9999.0 -9999.0 -9999.0 -9999.0 -9999.0 -9999.0 -9999.0 -9999.0 -9999.0 -9999.0 -9999.0 -9999.0 -9999.0 -9999.0 -9999.0 -9999.0 -9999.0 -9999.0 -9999.0 -9999.0 -9999.0 -9999.0 -9999.0 -9999.0 -9999.0 -9999.0 -9999.0 -9999.0 -9999.0 -9999.0 -9999.0 -9999.0 -9999.0 -9999.0 -9999.0 -9999.0 -9999.0 -9999.0 -9999.0 -9999.0 -9999.0 -9999.0 -9999.0 -9999.0
-9999.0 -9999.0 722.761563 624.834350 526.508774 427.886371 329.121996 230.296406 131.450575 32.606580 -66.218633 -165.019948 -263.779445 -362.454261 -460.963368 -559.180591 -656.877924 -754.271475 -851.701800 -948.724058 -1045.169536 -1138.569939 -1225.044995 -1303.402581 -1371.541765 -1428.347485 -1473.839272 -1508.976141 -1535.281449 -1554.468258 -1568.168799 -1577.787409 -1584.451277 -1589.021411 -1592.132561 -1594.243097 -1595.690390 -1596.782017 -1598.081348 -1601.389197 -1612.095460 -1644.888053 -1984.187706 -4176.324282 -4232.440821 -4232.099947 -4231.779727 -4231.726730 -4231.721224 -4231.721804 -4231.723244 -4231.724782 -4231.726254 -4231.727612 -4231.728861 -4231.730261 -4231.734433 -4231.763832 -4231.948900 -4232.225014 -4135.486186 -1808.995038 -1606.412006 -1604.056700 -1600.175896 -1598.975302 -1598.730079 -1598.688157 -1598.681910 -1598.681515 -1598.682000 -1598.682523 -1598.682954 -1598.683292 -1598.683556 -1598.683767 -1598.683939 -1598.684082 -1598.684206 -1598.684319 -1598.684432 -1598.684557 -1598.684710 -1598.684914 -1598.685206 -1598.685645 -1598.686324 -1598.687401 -1598.689147 -1598.692041 -1598.696963 -1598.705580 -1598.721139 -1598.750113 -1598.805705 -1598.915732 -1599.141932 -1599.631194 -1600.759673 -1603.568191 -1611.281607 -1635.761041 -9999.0 -9999.0
-9999.0 -9999.0 722.765764 624.835754 526.509200 427.886505 329.122040 230.296421 131.450580 32.606582 -66.218632 -165.019948 -263.779445 -362.454261 -460.963368 -559.180591 -656.877925 -754.271476 -851.701800 -948.724058 -1045.169537 -1138.569940 -1225.044996 -1303.402581 -1371.541765 -1428.347485 -1473.839272 -1508.976141 -1535.281449 -1554.468258 -1568.168799 -1577.787409 -1584.451277 -1589.021411 -1592.132561 -1594.243097 -1595.690390 -1596.782017 -1598.081348 -1601.389197 -1612.095460 -1644.888053 -1984.187705 -4176.324282 -4232.440821 -4232.099947 -4231.779727 -4231.726730 -4231.721224 -4231.721804 -4231.723244 -4231.724782 -4231.726254 -4231.727612 -4231.728861 -4231.730261 -4231.734433 -4231.763832 -4231.948900 -4232.225014 -4135.486186 -1808.995038 -1606.412006 -1604.056700 -1600.175896 -1598.975302 -1598.730079 -1598.688157 -1598.681910 -1598.681515 -1598.682000 -1598.682523 -1598.682954 -1598.683292 -1598.683556 -1598.683767 -1598.683939 -1598.684082 -1598.684206 -1598.684319 -1598.684432 -1598.684557 -1598.684710 -1598.684914 -1598.685206 -1598.685645 -1598.686324 -1598.687401 -1598.689147 -1598.692041 -1598.696963 -1598.705580 -1598.721139 -1598.750113 -1598.805705 -1598.915732 -1599.141932 -1599.631194 -1600.759673 -1603.568191 -1611.281607 -1635.761041 -9999.0 -9999.0
-9999.0 -9999.0 722.767087 624.836448 526.509486 427.886612 329.122079 230.296435 131.450585 32.606584 -66.218631 -165.019948 -263.779445 -362.454261 -460.963368 -559.180591 -656.877925 -754.271476 -851.701800 -948.724058 -1045.169537 -1138.569940 -1225.044996 -1303.402581 -1371.541765 -1428.347485 -1473.839272 -1508.976141 -1535.281449 -1554.468258 -1568.168799 -1577.787409 -1584.451277 -1589.021411 -1592.132561 -1594.243097 -1595.690390 -1596.782017 -1598.081348 -1601.389197 -1612.095460 -1644.888053 -1984.187705 -4176.324282 -4232.440821 -4232.099947 -4231.779727 -4231.726730 -4231.721224 -4231.721804 -4231.723244 -4231.724782 -4231.726254 -4231.727612 -4231.728861 -4231.730261 -4231.734433 -4231.763832 -4231.948900 -4232.225014 -4135.486186 -1808.995038 -1606.412006 -1604.056700 -1600.175896 -1598.975302 -1598.730079 -1598.688157 -1598.681910 -1598.681515 -1598.682000 -1598.682523 -1598.682954 -1598.683292 -1598.683556 -1598.683767 -1598.683939 -1598.684082 -1598.684206 -1598.684319 -1598.684432 -1598.684557 -1598.684710 -1598.684914 -1598.685206 -1598.685645 -1598.686324 -1598.687401 -1598.689147 -1598.692041 -1598.696963 -1598.705580 -1598.721139 -1598.750113 -1598.805705 -1598.915732 -1599.141932 -1599.631194 -1600.759673 -1603.568191 -1611.281607 -1635.761041 -9999.0 -9999.0
-9999.0 -9999.0 722.767087 624.836448 526.509486 427.886612 329.122079 230.296435 131.450585 32.606584 -66.218631 -165.019948 -263.779445 -362.454261 -460.963368 -559.180591 -656.877925 -754.271476 -851.701800 -948.724058 -1045.169537 -1138.569940 -1225.044996 -1303.402581 -1371.541765 -1428.347485 -1473.839272 -1508.976141 -1535.281449 -1554.468258 -1568.168799 -1577.787409 -1584.451277 -1589.021411 -1592.132561 -1594.243097 -1595.690390 -1596.782017 -1598.081348 -1601.389197 -1612.095460 -1644.888053 -1984.187705 -4176.324282 -4232.440821 -4232.099947 -4231.779727 -4231.726730 -4231.721224 -4231.721804 -4231.723244 -4231.724782 -4231.726254 -4231.727612 -4231.728861 -4231.730261 -4231.734433 -4231.763832 -4231.948900 -4232.225014 -4135.486186 -1808.995038 -1606.412006 -1604.056700 -1600.175896 -1598.975302 -1598.730079 -1598.688157 -1598.681910 -1598.681515 -1598.682000 -1598.682523 -1598.682954 -1598.683292 -1598.683556 -1598.683767 -1598.683939 -1598.684082 -1598.684206 -1598.684319 -1598.684432 -1598.684557 -1598.684710 -1598.684914 -1598.685206 -1598.685645 -1598.686324 -1598.687401 -1598.689147 -1598.692041 -1598.696963 -1598.705580 -1598.721139 -1598.750113 -1598.805705 -1598.915732 -1599.141932 -1599.631194 -1600.759673 -1603.568191 -1611.281607 -1635.761041 -9999.0 -9999.0
-9999.0 -9999.0 722.765764 624.835754 526.509200 427.886505 329.122040 230.296421 131.450580 32.606582 -66.218632 -165.019948 -263.779445 -362.454261 -460.963368 -559.180591 -656.877925 -754.271476 -851.701800 -948.724058 -1045.169537 -1138.569940 -1225.044996 -1303.402581 -1371.541765 -1428.347485 -1473.839272 -1508.976141 -1535.281449 -1554.468258 -1568.168799 -1577.787409 -1584.451277 -1589.021411 -1592.132561 -1594.243097 -1595.690390 -1596.782017 -1598.081348 -1601.389197 -1612.095460 -1644.888053 -1984.187705 -4176.324282 -4232.440821 -4232.099947 -4231.779727 -4231.726730 -4231.721224 -4231.721804 -4231.723244 -4231.724782 -4231.726254 -4231.727612 -4231.728861 -4231.730261 -4231.734433 -4231.763832 -4231.948900 -4232.225014 -4135.486186 -1808.995038 -1606.412006 -1604.056700 -1600.175896 -1598.975302 -1598.730079 -1598.688157 -1598.681910 -1598.681515 -1598.682000 -1598.682523 -1598.682954 -1598.683292 -1598.683556 -1598.683767 -1598.683939 -1598.684082 -1598.684206 -1598.684319 -1598.684432 -1598.684557 -1598.684710 -1598.684914 -1598.685206 -1598.685645 -1598.686324 -1598.687401 -1598.689147 -1598.692041 -1598.696963 -1598.705580 -1598.721139 -1598.750113 -1598.805705 -1598.915732 -1599.141932 -1599.631194 -1600.759673 -1603.568191 -1611.281607 -1635.761041 -9999.0 -9999.0
-9999.0 -9999.0 722.761563 624.834350 526.508774 427.886371 329.121996 230.296406 131.450575 32.606580 -66.218633 -165.019948 -263.779445 -362.454261 -460.963368 -559.180591 -656.877924 -754.271476 -851.701800 -948.724058 -1045.169536 -1138.569939 -1225.044995 -1303.402581 -1371.541765 -1428.347485 -1473.839272 -1508.976141 -1535.281449 -1554.468258 -1568.168799 -1577.787409 -1584.451277 -1589.021411 -1592.132561 -1594.243097 -1595.690390 -1596.782017 -1598.081348 -1601.389197 -1612.095460 -1644.888053 -1984.187706 -4176.324282 -4232.440821 -4232.099947 -4231.779727 -4231.726730 -4231.721224 -4231.721804 -4231.723244 -4231.724782 -4231.726254 -4231.727612 -4231.728861 -4231.730261 -4231.734433 -4231.763832 -4231.948900 -4232.225014 -4135.486186 -1808.995038 -1606.412006 -1604.056700 -1600.175896 -1598.975302 -1598.730079 -1598.688157 -1598.681910 -1598.681515 -1598.682000 -1598.682523 -1598.682954 -1598.683292 -1598.683556 -1598.683767 -1598.683939 -1598.684082 -1598.684206 -1598.684319 -1598.684432 -1598.684557 -1598.684710 -1598.684914 -1598.685206 -1598.685645 -1598.686324 -1598.687401 -1598.689147 -1598.692041 -1598.696963 -1598.705580 -1598.721139 -1598.750113 -1598.805705 -1598.915732 -1599.141932 -1599.631194 -1600.759673 -1603.568191 -1611.281607 -1635.761041 -9999.0 -9999.0
-9999.0 -9999.0 -9999.0 -9999.0 -9999.0 -9999.0 -9999.0 -9999.0 -9999.0 -9999.0 -9999.0 -9999.0 -9999.0 -9999.0 -9999.0 -9999.0 -9999.0 -9999.0 -9999.0 -9999.0 -9999.0 -9999.0 -9999.0 -9999.0 -9999.0 -9999.0 -9999.0 -9999.0 -9999.0 -9999.0 -9999.0 -9999.0 -9999.0 -9999.0 -9999.0 -9999.0 -9999.0 -9999.0 -9999.0 -9999.0 -9999.0 -9999.0 -9999.0 -9999.0 -9999.0 -9999.0 -9999.0 -9999.0 -9999.0 -9999.0 -9999.0 -9999.0 -9999.0 -9999.0 -9999.0 -9999.0 -9999.0 -9999.0 -9999.0 -9999.0 -9999.0 -9999.0 -9999.0 -9999.0 -9999.0 -9999.0 -9999.0 -9999.0 -9999.0 -9999.0 -9999.0 -9999.0 -9999.0 -9999.0 -9999.0 -9999.0 -9999.0 -9999.0 -9999.0 -9999.0 -9999.0 -9999.0 -9999.0 -9999.0 -9999.0 -9999.0 -9999.0 -9999.0 -9999.0 -9999.0 -9999.0 -9999.0 -9999.0 -9999.0 -9999.0 -9999.0 -9999.0 -9999.0 -9999.0 -9999.0 -9999.0 -9999.0 -9999.0 -9999.0
-9999.0 -9999.0 -9999.0 -9999.0 -9999.0 -9999.0 -9999.0 -9999.0 -9999.0 -9999.0 -9999.0 -9999.0 -9999.0 -9999.0 -9999.0 -9999.0 -9999.0 -9999.0 -9999.0 -9999.0 -9999.0 -9999.0 -9999.0 -9999.0 -9999.0 -9999.0 -9999.0 -9999.0 -9999.0 -9999.0 -9999.0 -9999.0 -9999.0 -9999.0 -9999.0 -9999.0 -9999.0 -9999.0 -9999.0 -9999.0 -9999.0 -9999.0 -9999.0 -9999.0 -9999.0 -9999.0 -9999.0 -9999.0 -9999.0 -9999.0 -9999.0 -9999.0 -9999.0 -9999.0 -9999.0 -9999.0 -9999.0 -9999.0 -9999.0 -9999.0 -9999.0 -9999.0 -9999.0 -9999.0 -9999.0 -9999.0 -9999.0 -9999.0 -9999.0 -9999.0 -9999.0 -9999.0 -9999.0 -9999.0 -9999.0 -9999.0 -9999.0 -9999.0 -9999.0 -9999.0 -9999.0 -9999.0 -9999.0 -9999.0 -9999.0 -9999.0 -9999.0 -9999.0 -9999.0 -9999.0 -9999.0 -9999.0 -9999.0 -9999.0 -9999.0 -9999.0 -9999.0 -9999.0 -9999.0 -9999.0 -9999.0 -9999.0 -9999.0 -9999.0