inst/processing_geotop_simulation/geotop_simulation/out/maps3D/PwL0007N0054.asc
ncols         104
nrows         10
xllcorner     -2.000000
yllcorner     0.000000
cellsize      1.000000
NODATA_value  -9999.0
-9999.0 -9999.0 -9999.0 -9999.0 -9999.0 -9999.0 -9999.0 -9999.0 -9999.0 -9999.0 -9999.0 -9999.0 -9999.0 -9999.0 -9999.0 -9999.0 -9999.0 -9999.0 -9999.0 -9999.0 -9999.0 -9999.0 -9999.0 -9999.0 -9999.0 -9999.0 -9999.0 -9999.0 -9999.0 -9999.0 -9999.0 -9999.0 -9999.0 -9999.0 -9999.0 -9999.0 -9999.0 -9999.0 -9999.0 -9999.0 -9999.0 -9999.0 -9999.0 -9999.0 -9999.0 -9999.0 -9999.0 -9999.0 -9999.0 -9999.0 -9999.0 -9999.0 -9999.0 -9999.0 -9999.0 -9999.0 -9999.0 -9999.0 -9999.0 -9999.0 -9999.0 -9999.0 -9999.0 -9999.0 -9999.0 -9999.0 -9999.0 -9999.0 -9999.0 -9999.0 -9999.0 -9999.0 -9999.0 -9999.0 -9999.0 -9999.0 -9999.0 -9999.0 -9999.0 -9999.0 -9999.0 -9999.0 -9999.0 -9999.0 -9999.0 -9999.0 -9999.0 -9999.0 -9999.0 -9999.0 -9999.0 -9999.0 -9999.0 -9999.0 -9999.0 -9999.0 -9999.0 -9999.0 -9999.0 -9999.0 -9999.0 -9999.0 -9999.0 -9999.0
-9999.0 -9999.0 -9999.0 -9999.0 -9999.0 -9999.0 -9999.0 -9999.0 -9999.0 -9999.0 -9999.0 -9999.0 -9999.0 -9999.0 -9999.0 -9999.0 -9999.0 -9999.0 -9999.0 -9999.0 -9999.0 -9999.0 -9999.0 -9999.0 -9999.0 -9999.0 -9999.0 -9999.0 -9999.0 -9999.0 -9999.0 -9999.0 -9999.0 -9999.0 -9999.0 -9999.0 -9999.0 -9999.0 -9999.0 -9999.0 -9999.0 -9999.0 -9999.0 -9999.0 -9999.0 -9999.0 -9999.0 -9999.0 -9999.0 -9999.0 -9999.0 -9999.0 -9999.0 -9999.0 -9999.0 -9999.0 -9999.0 -9999.0 -9999.0 -9999.0 -9999.0 -9999.0 -9999.0 -9999.0 -9999.0 -9999.0 -9999.0 -9999.0 -9999.0 -9999.0 -9999.0 -9999.0 -9999.0 -9999.0 -9999.0 -9999.0 -9999.0 -9999.0 -9999.0 -9999.0 -9999.0 -9999.0 -9999.0 -9999.0 -9999.0 -9999.0 -9999.0 -9999.0 -9999.0 -9999.0 -9999.0 -9999.0 -9999.0 -9999.0 -9999.0 -9999.0 -9999.0 -9999.0 -9999.0 -9999.0 -9999.0 -9999.0 -9999.0 -9999.0
-9999.0 -9999.0 -822.281840 -908.416691 -945.438251 -961.243042 -968.785628 -972.571938 -974.210487 -970.361727 -939.061529 -898.811747 -864.245359 -858.200736 -883.027021 -914.567565 -947.290788 -957.788090 -937.907390 -920.548852 -910.214805 -906.851585 -909.020808 -915.102708 -923.596988 -933.174043 -942.681988 -951.240568 -958.343351 -963.855511 -967.904749 -970.748902 -972.674723 -973.938263 -974.741558 -975.232821 -975.531606 -975.796538 -976.138832 -976.142090 -978.508526 -1016.807129 -1248.291621 -1327.564011 -1237.829857 -1187.680173 -1165.271633 -1162.622797 -1162.361004 -1162.386867 -1162.452643 -1162.523022 -1162.590524 -1162.652952 -1162.710616 -1162.775483 -1162.968495 -1164.388472 -1175.606173 -1201.567579 -1248.678977 -1130.108691 -1001.900890 -979.202249 -976.845371 -976.327010 -976.208642 -976.188910 -976.190270 -976.195125 -976.199686 -976.203288 -976.206001 -976.208037 -976.209584 -976.210780 -976.211725 -976.212482 -976.213104 -976.213643 -976.214156 -976.214708 -976.215384 -976.216306 -976.217655 -976.219711 -976.222925 -976.228025 -976.236225 -976.249587 -976.271738 -976.309273 -976.374616 -976.491883 -976.708791 -977.120319 -977.914511 -979.460688 -982.491462 -988.548511 -1001.221169 -1029.650785 -9999.0 -9999.0
-9999.0 -9999.0 -822.281804 -908.416635 -945.438205 -961.243020 -968.785622 -972.571938 -974.210488 -970.361728 -939.061529 -898.811747 -864.245359 -858.200736 -883.027021 -914.567565 -947.290788 -957.788090 -937.907390 -920.548852 -910.214805 -906.851585 -909.020808 -915.102708 -923.596988 -933.174043 -942.681988 -951.240568 -958.343351 -963.855511 -967.904749 -970.748902 -972.674723 -973.938263 -974.741558 -975.232821 -975.531606 -975.796538 -976.138832 -976.142090 -978.508526 -1016.807129 -1248.291621 -1327.564010 -1237.829856 -1187.680171 -1165.271633 -1162.622797 -1162.361004 -1162.386867 -1162.452643 -1162.523022 -1162.590524 -1162.652952 -1162.710616 -1162.775483 -1162.968495 -1164.388471 -1175.606173 -1201.567579 -1248.678977 -1130.108691 -1001.900890 -979.202249 -976.845371 -976.327010 -976.208642 -976.188910 -976.190270 -976.195125 -976.199686 -976.203288 -976.206001 -976.208037 -976.209584 -976.210780 -976.211725 -976.212482 -976.213104 -976.213643 -976.214156 -976.214708 -976.215384 -976.216306 -976.217655 -976.219711 -976.222925 -976.228025 -976.236225 -976.249587 -976.271738 -976.309273 -976.374616 -976.491883 -976.708791 -977.120319 -977.914511 -979.460688 -982.491462 -988.548511 -1001.221169 -1029.650785 -9999.0 -9999.0
-9999.0 -9999.0 -822.281786 -908.416602 -945.438174 -961.243004 -968.785617 -972.571938 -974.210489 -970.361729 -939.061529 -898.811747 -864.245359 -858.200736 -883.027021 -914.567565 -947.290788 -957.788090 -937.907390 -920.548852 -910.214805 -906.851585 -909.020808 -915.102708 -923.596988 -933.174043 -942.681988 -951.240568 -958.343351 -963.855511 -967.904749 -970.748902 -972.674723 -973.938263 -974.741558 -975.232821 -975.531606 -975.796538 -976.138832 -976.142090 -978.508526 -1016.807129 -1248.291621 -1327.564010 -1237.829856 -1187.680171 -1165.271633 -1162.622797 -1162.361004 -1162.386867 -1162.452643 -1162.523022 -1162.590524 -1162.652952 -1162.710616 -1162.775483 -1162.968495 -1164.388471 -1175.606173 -1201.567579 -1248.678977 -1130.108691 -1001.900890 -979.202249 -976.845371 -976.327010 -976.208642 -976.188910 -976.190270 -976.195125 -976.199686 -976.203288 -976.206001 -976.208037 -976.209584 -976.210780 -976.211725 -976.212482 -976.213104 -976.213643 -976.214156 -976.214708 -976.215384 -976.216306 -976.217655 -976.219711 -976.222925 -976.228025 -976.236225 -976.249587 -976.271738 -976.309273 -976.374616 -976.491883 -976.708791 -977.120319 -977.914511 -979.460688 -982.491462 -988.548511 -1001.221169 -1029.650785 -9999.0 -9999.0
-9999.0 -9999.0 -822.281786 -908.416602 -945.438174 -961.243004 -968.785617 -972.571938 -974.210489 -970.361729 -939.061529 -898.811747 -864.245359 -858.200736 -883.027021 -914.567565 -947.290788 -957.788090 -937.907390 -920.548852 -910.214805 -906.851585 -909.020808 -915.102708 -923.596988 -933.174043 -942.681988 -951.240568 -958.343351 -963.855511 -967.904749 -970.748902 -972.674723 -973.938263 -974.741558 -975.232821 -975.531606 -975.796538 -976.138832 -976.142090 -978.508526 -1016.807129 -1248.291621 -1327.564010 -1237.829856 -1187.680171 -1165.271633 -1162.622797 -1162.361004 -1162.386867 -1162.452643 -1162.523022 -1162.590524 -1162.652952 -1162.710616 -1162.775483 -1162.968495 -1164.388471 -1175.606173 -1201.567579 -1248.678977 -1130.108691 -1001.900890 -979.202249 -976.845371 -976.327010 -976.208642 -976.188910 -976.190270 -976.195125 -976.199686 -976.203288 -976.206001 -976.208037 -976.209584 -976.210780 -976.211725 -976.212482 -976.213104 -976.213643 -976.214156 -976.214708 -976.215384 -976.216306 -976.217655 -976.219711 -976.222925 -976.228025 -976.236225 -976.249587 -976.271738 -976.309273 -976.374616 -976.491883 -976.708791 -977.120319 -977.914511 -979.460688 -982.491462 -988.548511 -1001.221169 -1029.650785 -9999.0 -9999.0
-9999.0 -9999.0 -822.281804 -908.416635 -945.438205 -961.243020 -968.785622 -972.571938 -974.210488 -970.361728 -939.061529 -898.811747 -864.245359 -858.200736 -883.027021 -914.567565 -947.290788 -957.788090 -937.907390 -920.548852 -910.214805 -906.851585 -909.020808 -915.102708 -923.596988 -933.174043 -942.681988 -951.240568 -958.343351 -963.855511 -967.904749 -970.748902 -972.674723 -973.938263 -974.741558 -975.232821 -975.531606 -975.796538 -976.138832 -976.142090 -978.508526 -1016.807129 -1248.291621 -1327.564010 -1237.829856 -1187.680171 -1165.271633 -1162.622797 -1162.361004 -1162.386867 -1162.452643 -1162.523022 -1162.590524 -1162.652952 -1162.710616 -1162.775483 -1162.968495 -1164.388471 -1175.606173 -1201.567579 -1248.678977 -1130.108691 -1001.900890 -979.202249 -976.845371 -976.327010 -976.208642 -976.188910 -976.190270 -976.195125 -976.199686 -976.203288 -976.206001 -976.208037 -976.209584 -976.210780 -976.211725 -976.212482 -976.213104 -976.213643 -976.214156 -976.214708 -976.215384 -976.216306 -976.217655 -976.219711 -976.222925 -976.228025 -976.236225 -976.249587 -976.271738 -976.309273 -976.374616 -976.491883 -976.708791 -977.120319 -977.914511 -979.460688 -982.491462 -988.548511 -1001.221169 -1029.650785 -9999.0 -9999.0
-9999.0 -9999.0 -822.281840 -908.416691 -945.438251 -961.243042 -968.785628 -972.571938 -974.210487 -970.361727 -939.061529 -898.811747 -864.245359 -858.200736 -883.027021 -914.567565 -947.290788 -957.788090 -937.907390 -920.548852 -910.214805 -906.851585 -909.020808 -915.102708 -923.596988 -933.174043 -942.681988 -951.240568 -958.343351 -963.855511 -967.904749 -970.748902 -972.674723 -973.938263 -974.741558 -975.232821 -975.531606 -975.796538 -976.138832 -976.142090 -978.508526 -1016.807129 -1248.291621 -1327.564011 -1237.829857 -1187.680173 -1165.271633 -1162.622797 -1162.361004 -1162.386867 -1162.452643 -1162.523022 -1162.590524 -1162.652952 -1162.710616 -1162.775483 -1162.968495 -1164.388472 -1175.606173 -1201.567579 -1248.678977 -1130.108691 -1001.900890 -979.202249 -976.845371 -976.327010 -976.208642 -976.188910 -976.190270 -976.195125 -976.199686 -976.203288 -976.206001 -976.208037 -976.209584 -976.210780 -976.211725 -976.212482 -976.213104 -976.213643 -976.214156 -976.214708 -976.215384 -976.216306 -976.217655 -976.219711 -976.222925 -976.228025 -976.236225 -976.249587 -976.271738 -976.309273 -976.374616 -976.491883 -976.708791 -977.120319 -977.914511 -979.460688 -982.491462 -988.548511 -1001.221169 -1029.650785 -9999.0 -9999.0
-9999.0 -9999.0 -9999.0 -9999.0 -9999.0 -9999.0 -9999.0 -9999.0 -9999.0 -9999.0 -9999.0 -9999.0 -9999.0 -9999.0 -9999.0 -9999.0 -9999.0 -9999.0 -9999.0 -9999.0 -9999.0 -9999.0 -9999.0 -9999.0 -9999.0 -9999.0 -9999.0 -9999.0 -9999.0 -9999.0 -9999.0 -9999.0 -9999.0 -9999.0 -9999.0 -9999.0 -9999.0 -9999.0 -9999.0 -9999.0 -9999.0 -9999.0 -9999.0 -9999.0 -9999.0 -9999.0 -9999.0 -9999.0 -9999.0 -9999.0 -9999.0 -9999.0 -9999.0 -9999.0 -9999.0 -9999.0 -9999.0 -9999.0 -9999.0 -9999.0 -9999.0 -9999.0 -9999.0 -9999.0 -9999.0 -9999.0 -9999.0 -9999.0 -9999.0 -9999.0 -9999.0 -9999.0 -9999.0 -9999.0 -9999.0 -9999.0 -9999.0 -9999.0 -9999.0 -9999.0 -9999.0 -9999.0 -9999.0 -9999.0 -9999.0 -9999.0 -9999.0 -9999.0 -9999.0 -9999.0 -9999.0 -9999.0 -9999.0 -9999.0 -9999.0 -9999.0 -9999.0 -9999.0 -9999.0 -9999.0 -9999.0 -9999.0 -9999.0 -9999.0
-9999.0 -9999.0 -9999.0 -9999.0 -9999.0 -9999.0 -9999.0 -9999.0 -9999.0 -9999.0 -9999.0 -9999.0 -9999.0 -9999.0 -9999.0 -9999.0 -9999.0 -9999.0 -9999.0 -9999.0 -9999.0 -9999.0 -9999.0 -9999.0 -9999.0 -9999.0 -9999.0 -9999.0 -9999.0 -9999.0 -9999.0 -9999.0 -9999.0 -9999.0 -9999.0 -9999.0 -9999.0 -9999.0 -9999.0 -9999.0 -9999.0 -9999.0 -9999.0 -9999.0 -9999.0 -9999.0 -9999.0 -9999.0 -9999.0 -9999.0 -9999.0 -9999.0 -9999.0 -9999.0 -9999.0 -9999.0 -9999.0 -9999.0 -9999.0 -9999.0 -9999.0 -9999.0 -9999.0 -9999.0 -9999.0 -9999.0 -9999.0 -9999.0 -9999.0 -9999.0 -9999.0 -9999.0 -9999.0 -9999.0 -9999.0 -9999.0 -9999.0 -9999.0 -9999.0 -9999.0 -9999.0 -9999.0 -9999.0 -9999.0 -9999.0 -9999.0 -9999.0 -9999.0 -9999.0 -9999.0 -9999.0 -9999.0 -9999.0 -9999.0 -9999.0 -9999.0 -9999.0 -9999.0 -9999.0 -9999.0 -9999.0 -9999.0 -9999.0 -9999.0