inst/processing_geotop_simulation/geotop_simulation/out/maps3D/PwL0007N0330.asc
ncols         104
nrows         10
xllcorner     -2.000000
yllcorner     0.000000
cellsize      1.000000
NODATA_value  -9999.0
-9999.0 -9999.0 -9999.0 -9999.0 -9999.0 -9999.0 -9999.0 -9999.0 -9999.0 -9999.0 -9999.0 -9999.0 -9999.0 -9999.0 -9999.0 -9999.0 -9999.0 -9999.0 -9999.0 -9999.0 -9999.0 -9999.0 -9999.0 -9999.0 -9999.0 -9999.0 -9999.0 -9999.0 -9999.0 -9999.0 -9999.0 -9999.0 -9999.0 -9999.0 -9999.0 -9999.0 -9999.0 -9999.0 -9999.0 -9999.0 -9999.0 -9999.0 -9999.0 -9999.0 -9999.0 -9999.0 -9999.0 -9999.0 -9999.0 -9999.0 -9999.0 -9999.0 -9999.0 -9999.0 -9999.0 -9999.0 -9999.0 -9999.0 -9999.0 -9999.0 -9999.0 -9999.0 -9999.0 -9999.0 -9999.0 -9999.0 -9999.0 -9999.0 -9999.0 -9999.0 -9999.0 -9999.0 -9999.0 -9999.0 -9999.0 -9999.0 -9999.0 -9999.0 -9999.0 -9999.0 -9999.0 -9999.0 -9999.0 -9999.0 -9999.0 -9999.0 -9999.0 -9999.0 -9999.0 -9999.0 -9999.0 -9999.0 -9999.0 -9999.0 -9999.0 -9999.0 -9999.0 -9999.0 -9999.0 -9999.0 -9999.0 -9999.0 -9999.0 -9999.0
-9999.0 -9999.0 -9999.0 -9999.0 -9999.0 -9999.0 -9999.0 -9999.0 -9999.0 -9999.0 -9999.0 -9999.0 -9999.0 -9999.0 -9999.0 -9999.0 -9999.0 -9999.0 -9999.0 -9999.0 -9999.0 -9999.0 -9999.0 -9999.0 -9999.0 -9999.0 -9999.0 -9999.0 -9999.0 -9999.0 -9999.0 -9999.0 -9999.0 -9999.0 -9999.0 -9999.0 -9999.0 -9999.0 -9999.0 -9999.0 -9999.0 -9999.0 -9999.0 -9999.0 -9999.0 -9999.0 -9999.0 -9999.0 -9999.0 -9999.0 -9999.0 -9999.0 -9999.0 -9999.0 -9999.0 -9999.0 -9999.0 -9999.0 -9999.0 -9999.0 -9999.0 -9999.0 -9999.0 -9999.0 -9999.0 -9999.0 -9999.0 -9999.0 -9999.0 -9999.0 -9999.0 -9999.0 -9999.0 -9999.0 -9999.0 -9999.0 -9999.0 -9999.0 -9999.0 -9999.0 -9999.0 -9999.0 -9999.0 -9999.0 -9999.0 -9999.0 -9999.0 -9999.0 -9999.0 -9999.0 -9999.0 -9999.0 -9999.0 -9999.0 -9999.0 -9999.0 -9999.0 -9999.0 -9999.0 -9999.0 -9999.0 -9999.0 -9999.0 -9999.0
-9999.0 -9999.0 324.762298 227.337345 128.898427 30.088125 -68.865852 -167.878757 -266.908264 -365.922725 -464.889497 -563.741160 -662.334876 -760.636582 -858.896685 -957.093837 -1055.152806 -1152.602531 -1248.494102 -1342.213539 -1432.075491 -1515.283179 -1588.701171 -1650.190220 -1699.277325 -1736.927168 -1764.905215 -1785.190663 -1799.616694 -1809.717441 -1816.700784 -1821.479505 -1824.722895 -1826.910349 -1828.379312 -1829.366367 -1830.047082 -1830.606194 -1831.472564 -1833.991581 -1839.477277 -1814.666718 -1196.884633 -1240.285936 -1219.045191 -1205.209182 -1198.774748 -1197.836044 -1197.736992 -1197.746371 -1197.771277 -1197.798070 -1197.823818 -1197.847660 -1197.869802 -1197.895681 -1197.976983 -1198.529258 -1201.916735 -1209.491931 -1219.314196 -1162.459193 -1786.030682 -1832.822573 -1832.563533 -1831.675760 -1831.463191 -1831.425310 -1831.419592 -1831.419242 -1831.419703 -1831.420196 -1831.420599 -1831.420912 -1831.421153 -1831.421343 -1831.421495 -1831.421620 -1831.421726 -1831.421822 -1831.421917 -1831.422023 -1831.422156 -1831.422338 -1831.422605 -1831.423012 -1831.423649 -1831.424668 -1831.426328 -1831.429089 -1831.433790 -1831.442026 -1831.456892 -1831.484545 -1831.537476 -1831.641757 -1831.854462 -1832.309485 -1833.347791 -1835.925277 -1843.111401 -1866.709587 -9999.0 -9999.0
-9999.0 -9999.0 324.769759 227.339150 128.898906 30.088266 -68.865807 -167.878742 -266.908258 -365.922723 -464.889496 -563.741160 -662.334875 -760.636582 -858.896685 -957.093837 -1055.152806 -1152.602531 -1248.494102 -1342.213539 -1432.075491 -1515.283180 -1588.701171 -1650.190220 -1699.277326 -1736.927168 -1764.905215 -1785.190663 -1799.616694 -1809.717441 -1816.700784 -1821.479505 -1824.722895 -1826.910349 -1828.379312 -1829.366367 -1830.047082 -1830.606194 -1831.472564 -1833.991581 -1839.477277 -1814.666718 -1196.884633 -1240.285936 -1219.045191 -1205.209182 -1198.774748 -1197.836044 -1197.736992 -1197.746371 -1197.771277 -1197.798070 -1197.823818 -1197.847660 -1197.869802 -1197.895681 -1197.976983 -1198.529258 -1201.916735 -1209.491930 -1219.314196 -1162.459193 -1786.030682 -1832.822573 -1832.563533 -1831.675760 -1831.463191 -1831.425310 -1831.419592 -1831.419242 -1831.419703 -1831.420196 -1831.420599 -1831.420912 -1831.421153 -1831.421343 -1831.421495 -1831.421620 -1831.421726 -1831.421822 -1831.421917 -1831.422023 -1831.422156 -1831.422338 -1831.422605 -1831.423012 -1831.423649 -1831.424668 -1831.426328 -1831.429089 -1831.433790 -1831.442026 -1831.456892 -1831.484545 -1831.537476 -1831.641757 -1831.854462 -1832.309485 -1833.347791 -1835.925277 -1843.111401 -1866.709587 -9999.0 -9999.0
-9999.0 -9999.0 324.771172 227.339918 128.899211 30.088378 -68.865767 -167.878728 -266.908253 -365.922721 -464.889496 -563.741160 -662.334875 -760.636582 -858.896685 -957.093837 -1055.152806 -1152.602531 -1248.494102 -1342.213539 -1432.075491 -1515.283180 -1588.701171 -1650.190220 -1699.277326 -1736.927168 -1764.905215 -1785.190664 -1799.616694 -1809.717441 -1816.700784 -1821.479505 -1824.722895 -1826.910349 -1828.379312 -1829.366367 -1830.047082 -1830.606194 -1831.472564 -1833.991581 -1839.477277 -1814.666718 -1196.884633 -1240.285936 -1219.045191 -1205.209181 -1198.774748 -1197.836044 -1197.736992 -1197.746371 -1197.771277 -1197.798070 -1197.823818 -1197.847660 -1197.869802 -1197.895681 -1197.976983 -1198.529258 -1201.916735 -1209.491930 -1219.314196 -1162.459193 -1786.030682 -1832.822573 -1832.563533 -1831.675760 -1831.463191 -1831.425310 -1831.419592 -1831.419242 -1831.419703 -1831.420196 -1831.420599 -1831.420912 -1831.421153 -1831.421343 -1831.421495 -1831.421620 -1831.421726 -1831.421822 -1831.421917 -1831.422023 -1831.422156 -1831.422338 -1831.422605 -1831.423012 -1831.423649 -1831.424668 -1831.426328 -1831.429089 -1831.433790 -1831.442026 -1831.456892 -1831.484545 -1831.537476 -1831.641757 -1831.854462 -1832.309485 -1833.347791 -1835.925277 -1843.111401 -1866.709587 -9999.0 -9999.0
-9999.0 -9999.0 324.771172 227.339918 128.899211 30.088378 -68.865767 -167.878728 -266.908253 -365.922721 -464.889496 -563.741160 -662.334875 -760.636582 -858.896685 -957.093837 -1055.152806 -1152.602531 -1248.494102 -1342.213539 -1432.075491 -1515.283180 -1588.701171 -1650.190220 -1699.277326 -1736.927168 -1764.905215 -1785.190664 -1799.616694 -1809.717441 -1816.700784 -1821.479505 -1824.722895 -1826.910349 -1828.379312 -1829.366367 -1830.047082 -1830.606194 -1831.472564 -1833.991581 -1839.477277 -1814.666718 -1196.884633 -1240.285936 -1219.045191 -1205.209181 -1198.774748 -1197.836044 -1197.736992 -1197.746371 -1197.771277 -1197.798070 -1197.823818 -1197.847660 -1197.869802 -1197.895681 -1197.976983 -1198.529258 -1201.916735 -1209.491930 -1219.314196 -1162.459193 -1786.030682 -1832.822573 -1832.563533 -1831.675760 -1831.463191 -1831.425310 -1831.419592 -1831.419242 -1831.419703 -1831.420196 -1831.420599 -1831.420912 -1831.421153 -1831.421343 -1831.421495 -1831.421620 -1831.421726 -1831.421822 -1831.421917 -1831.422023 -1831.422156 -1831.422338 -1831.422605 -1831.423012 -1831.423649 -1831.424668 -1831.426328 -1831.429089 -1831.433790 -1831.442026 -1831.456892 -1831.484545 -1831.537476 -1831.641757 -1831.854462 -1832.309485 -1833.347791 -1835.925277 -1843.111401 -1866.709587 -9999.0 -9999.0
-9999.0 -9999.0 324.769759 227.339150 128.898905 30.088266 -68.865807 -167.878742 -266.908258 -365.922723 -464.889496 -563.741160 -662.334875 -760.636582 -858.896685 -957.093837 -1055.152806 -1152.602531 -1248.494102 -1342.213539 -1432.075491 -1515.283180 -1588.701171 -1650.190220 -1699.277326 -1736.927168 -1764.905215 -1785.190663 -1799.616694 -1809.717441 -1816.700784 -1821.479505 -1824.722895 -1826.910349 -1828.379312 -1829.366367 -1830.047082 -1830.606194 -1831.472564 -1833.991581 -1839.477277 -1814.666718 -1196.884633 -1240.285936 -1219.045191 -1205.209182 -1198.774748 -1197.836044 -1197.736992 -1197.746371 -1197.771277 -1197.798070 -1197.823818 -1197.847660 -1197.869802 -1197.895681 -1197.976983 -1198.529258 -1201.916735 -1209.491930 -1219.314196 -1162.459193 -1786.030682 -1832.822573 -1832.563533 -1831.675760 -1831.463191 -1831.425310 -1831.419592 -1831.419242 -1831.419703 -1831.420196 -1831.420599 -1831.420912 -1831.421153 -1831.421343 -1831.421495 -1831.421620 -1831.421726 -1831.421822 -1831.421917 -1831.422023 -1831.422156 -1831.422338 -1831.422605 -1831.423012 -1831.423649 -1831.424668 -1831.426328 -1831.429089 -1831.433790 -1831.442026 -1831.456892 -1831.484545 -1831.537476 -1831.641757 -1831.854462 -1832.309485 -1833.347791 -1835.925277 -1843.111401 -1866.709587 -9999.0 -9999.0
-9999.0 -9999.0 324.762298 227.337345 128.898427 30.088125 -68.865852 -167.878757 -266.908264 -365.922725 -464.889497 -563.741160 -662.334875 -760.636582 -858.896685 -957.093837 -1055.152806 -1152.602531 -1248.494102 -1342.213539 -1432.075491 -1515.283179 -1588.701171 -1650.190220 -1699.277325 -1736.927168 -1764.905215 -1785.190663 -1799.616694 -1809.717441 -1816.700784 -1821.479505 -1824.722895 -1826.910349 -1828.379312 -1829.366367 -1830.047082 -1830.606194 -1831.472564 -1833.991581 -1839.477277 -1814.666718 -1196.884633 -1240.285936 -1219.045191 -1205.209182 -1198.774748 -1197.836044 -1197.736992 -1197.746371 -1197.771277 -1197.798070 -1197.823818 -1197.847660 -1197.869802 -1197.895681 -1197.976983 -1198.529258 -1201.916735 -1209.491931 -1219.314196 -1162.459193 -1786.030682 -1832.822573 -1832.563533 -1831.675760 -1831.463191 -1831.425310 -1831.419592 -1831.419242 -1831.419703 -1831.420196 -1831.420599 -1831.420912 -1831.421153 -1831.421343 -1831.421495 -1831.421620 -1831.421726 -1831.421822 -1831.421917 -1831.422023 -1831.422156 -1831.422338 -1831.422605 -1831.423012 -1831.423649 -1831.424668 -1831.426328 -1831.429089 -1831.433790 -1831.442026 -1831.456892 -1831.484545 -1831.537476 -1831.641757 -1831.854462 -1832.309485 -1833.347791 -1835.925277 -1843.111401 -1866.709587 -9999.0 -9999.0
-9999.0 -9999.0 -9999.0 -9999.0 -9999.0 -9999.0 -9999.0 -9999.0 -9999.0 -9999.0 -9999.0 -9999.0 -9999.0 -9999.0 -9999.0 -9999.0 -9999.0 -9999.0 -9999.0 -9999.0 -9999.0 -9999.0 -9999.0 -9999.0 -9999.0 -9999.0 -9999.0 -9999.0 -9999.0 -9999.0 -9999.0 -9999.0 -9999.0 -9999.0 -9999.0 -9999.0 -9999.0 -9999.0 -9999.0 -9999.0 -9999.0 -9999.0 -9999.0 -9999.0 -9999.0 -9999.0 -9999.0 -9999.0 -9999.0 -9999.0 -9999.0 -9999.0 -9999.0 -9999.0 -9999.0 -9999.0 -9999.0 -9999.0 -9999.0 -9999.0 -9999.0 -9999.0 -9999.0 -9999.0 -9999.0 -9999.0 -9999.0 -9999.0 -9999.0 -9999.0 -9999.0 -9999.0 -9999.0 -9999.0 -9999.0 -9999.0 -9999.0 -9999.0 -9999.0 -9999.0 -9999.0 -9999.0 -9999.0 -9999.0 -9999.0 -9999.0 -9999.0 -9999.0 -9999.0 -9999.0 -9999.0 -9999.0 -9999.0 -9999.0 -9999.0 -9999.0 -9999.0 -9999.0 -9999.0 -9999.0 -9999.0 -9999.0 -9999.0 -9999.0
-9999.0 -9999.0 -9999.0 -9999.0 -9999.0 -9999.0 -9999.0 -9999.0 -9999.0 -9999.0 -9999.0 -9999.0 -9999.0 -9999.0 -9999.0 -9999.0 -9999.0 -9999.0 -9999.0 -9999.0 -9999.0 -9999.0 -9999.0 -9999.0 -9999.0 -9999.0 -9999.0 -9999.0 -9999.0 -9999.0 -9999.0 -9999.0 -9999.0 -9999.0 -9999.0 -9999.0 -9999.0 -9999.0 -9999.0 -9999.0 -9999.0 -9999.0 -9999.0 -9999.0 -9999.0 -9999.0 -9999.0 -9999.0 -9999.0 -9999.0 -9999.0 -9999.0 -9999.0 -9999.0 -9999.0 -9999.0 -9999.0 -9999.0 -9999.0 -9999.0 -9999.0 -9999.0 -9999.0 -9999.0 -9999.0 -9999.0 -9999.0 -9999.0 -9999.0 -9999.0 -9999.0 -9999.0 -9999.0 -9999.0 -9999.0 -9999.0 -9999.0 -9999.0 -9999.0 -9999.0 -9999.0 -9999.0 -9999.0 -9999.0 -9999.0 -9999.0 -9999.0 -9999.0 -9999.0 -9999.0 -9999.0 -9999.0 -9999.0 -9999.0 -9999.0 -9999.0 -9999.0 -9999.0 -9999.0 -9999.0 -9999.0 -9999.0 -9999.0 -9999.0