inst/processing_geotop_simulation/geotop_simulation/out/maps3D/PwL0010N0088.asc
ncols         104
nrows         10
xllcorner     -2.000000
yllcorner     0.000000
cellsize      1.000000
NODATA_value  -9999.0
-9999.0 -9999.0 -9999.0 -9999.0 -9999.0 -9999.0 -9999.0 -9999.0 -9999.0 -9999.0 -9999.0 -9999.0 -9999.0 -9999.0 -9999.0 -9999.0 -9999.0 -9999.0 -9999.0 -9999.0 -9999.0 -9999.0 -9999.0 -9999.0 -9999.0 -9999.0 -9999.0 -9999.0 -9999.0 -9999.0 -9999.0 -9999.0 -9999.0 -9999.0 -9999.0 -9999.0 -9999.0 -9999.0 -9999.0 -9999.0 -9999.0 -9999.0 -9999.0 -9999.0 -9999.0 -9999.0 -9999.0 -9999.0 -9999.0 -9999.0 -9999.0 -9999.0 -9999.0 -9999.0 -9999.0 -9999.0 -9999.0 -9999.0 -9999.0 -9999.0 -9999.0 -9999.0 -9999.0 -9999.0 -9999.0 -9999.0 -9999.0 -9999.0 -9999.0 -9999.0 -9999.0 -9999.0 -9999.0 -9999.0 -9999.0 -9999.0 -9999.0 -9999.0 -9999.0 -9999.0 -9999.0 -9999.0 -9999.0 -9999.0 -9999.0 -9999.0 -9999.0 -9999.0 -9999.0 -9999.0 -9999.0 -9999.0 -9999.0 -9999.0 -9999.0 -9999.0 -9999.0 -9999.0 -9999.0 -9999.0 -9999.0 -9999.0 -9999.0 -9999.0
-9999.0 -9999.0 -9999.0 -9999.0 -9999.0 -9999.0 -9999.0 -9999.0 -9999.0 -9999.0 -9999.0 -9999.0 -9999.0 -9999.0 -9999.0 -9999.0 -9999.0 -9999.0 -9999.0 -9999.0 -9999.0 -9999.0 -9999.0 -9999.0 -9999.0 -9999.0 -9999.0 -9999.0 -9999.0 -9999.0 -9999.0 -9999.0 -9999.0 -9999.0 -9999.0 -9999.0 -9999.0 -9999.0 -9999.0 -9999.0 -9999.0 -9999.0 -9999.0 -9999.0 -9999.0 -9999.0 -9999.0 -9999.0 -9999.0 -9999.0 -9999.0 -9999.0 -9999.0 -9999.0 -9999.0 -9999.0 -9999.0 -9999.0 -9999.0 -9999.0 -9999.0 -9999.0 -9999.0 -9999.0 -9999.0 -9999.0 -9999.0 -9999.0 -9999.0 -9999.0 -9999.0 -9999.0 -9999.0 -9999.0 -9999.0 -9999.0 -9999.0 -9999.0 -9999.0 -9999.0 -9999.0 -9999.0 -9999.0 -9999.0 -9999.0 -9999.0 -9999.0 -9999.0 -9999.0 -9999.0 -9999.0 -9999.0 -9999.0 -9999.0 -9999.0 -9999.0 -9999.0 -9999.0 -9999.0 -9999.0 -9999.0 -9999.0 -9999.0 -9999.0
-9999.0 -9999.0 478.008166 382.899728 286.189920 188.746184 91.027713 -6.754951 -104.519797 -202.446114 -301.662903 -404.577811 -513.545399 -631.253762 -760.725246 -883.268590 -977.960283 -1060.625667 -1130.657860 -1151.217006 -1154.269117 -1150.407296 -1145.458146 -1141.846782 -1140.171357 -1140.195213 -1141.371126 -1143.125607 -1145.009180 -1146.744175 -1148.201397 -1149.351299 -1150.218780 -1150.850819 -1151.297830 -1151.606740 -1151.827084 -1152.025350 -1152.281265 -1153.156621 -1160.762555 -1227.657363 -2003.530953 -3838.853801 -3356.601569 -3042.900987 -2900.744326 -2883.960685 -2882.293127 -2882.429491 -2882.811471 -2883.221606 -2883.615123 -2883.979162 -2884.316115 -2884.701778 -2885.899502 -2894.821089 -2965.504826 -3129.142906 -3410.020563 -1777.431877 -1205.462895 -1158.222679 -1153.095722 -1152.483589 -1152.384461 -1152.367106 -1152.366051 -1152.368027 -1152.370167 -1152.371915 -1152.373249 -1152.374256 -1152.375023 -1152.375617 -1152.376086 -1152.376463 -1152.376776 -1152.377050 -1152.377313 -1152.377602 -1152.377960 -1152.378454 -1152.379180 -1152.380293 -1152.382036 -1152.384814 -1152.389298 -1152.396648 -1152.408926 -1152.429933 -1152.466904 -1152.533982 -1152.659246 -1152.898768 -1153.365015 -1154.288370 -1156.170891 -1160.220233 -1169.608641 -1194.014507 -9999.0 -9999.0
-9999.0 -9999.0 478.014628 382.901524 286.190419 188.746334 91.027760 -6.754936 -104.519792 -202.446113 -301.662902 -404.577811 -513.545400 -631.253762 -760.725247 -883.268590 -977.960283 -1060.625667 -1130.657860 -1151.217006 -1154.269117 -1150.407296 -1145.458146 -1141.846782 -1140.171357 -1140.195213 -1141.371126 -1143.125607 -1145.009180 -1146.744175 -1148.201397 -1149.351299 -1150.218780 -1150.850819 -1151.297830 -1151.606740 -1151.827084 -1152.025350 -1152.281265 -1153.156621 -1160.762555 -1227.657363 -2003.530952 -3838.853798 -3356.601565 -3042.900977 -2900.744326 -2883.960685 -2882.293127 -2882.429491 -2882.811471 -2883.221606 -2883.615123 -2883.979162 -2884.316115 -2884.701778 -2885.899502 -2894.821089 -2965.504826 -3129.142906 -3410.020563 -1777.431877 -1205.462895 -1158.222679 -1153.095722 -1152.483589 -1152.384461 -1152.367106 -1152.366051 -1152.368027 -1152.370167 -1152.371915 -1152.373249 -1152.374256 -1152.375023 -1152.375617 -1152.376086 -1152.376463 -1152.376776 -1152.377050 -1152.377313 -1152.377602 -1152.377960 -1152.378454 -1152.379180 -1152.380293 -1152.382036 -1152.384814 -1152.389298 -1152.396648 -1152.408926 -1152.429933 -1152.466904 -1152.533982 -1152.659246 -1152.898768 -1153.365015 -1154.288370 -1156.170891 -1160.220233 -1169.608641 -1194.014507 -9999.0 -9999.0
-9999.0 -9999.0 478.016161 382.902329 286.190743 188.746452 91.027802 -6.754921 -104.519787 -202.446111 -301.662902 -404.577811 -513.545400 -631.253762 -760.725247 -883.268590 -977.960283 -1060.625667 -1130.657860 -1151.217006 -1154.269117 -1150.407296 -1145.458146 -1141.846782 -1140.171357 -1140.195213 -1141.371126 -1143.125607 -1145.009180 -1146.744175 -1148.201397 -1149.351299 -1150.218780 -1150.850819 -1151.297830 -1151.606740 -1151.827084 -1152.025350 -1152.281265 -1153.156621 -1160.762555 -1227.657363 -2003.530952 -3838.853798 -3356.601563 -3042.900973 -2900.744326 -2883.960685 -2882.293127 -2882.429491 -2882.811471 -2883.221606 -2883.615123 -2883.979162 -2884.316115 -2884.701778 -2885.899502 -2894.821089 -2965.504826 -3129.142906 -3410.020563 -1777.431877 -1205.462895 -1158.222679 -1153.095722 -1152.483589 -1152.384461 -1152.367106 -1152.366051 -1152.368027 -1152.370167 -1152.371915 -1152.373249 -1152.374256 -1152.375023 -1152.375617 -1152.376086 -1152.376463 -1152.376776 -1152.377050 -1152.377313 -1152.377602 -1152.377960 -1152.378454 -1152.379180 -1152.380293 -1152.382036 -1152.384814 -1152.389298 -1152.396648 -1152.408926 -1152.429933 -1152.466904 -1152.533982 -1152.659246 -1152.898768 -1153.365015 -1154.288370 -1156.170891 -1160.220233 -1169.608641 -1194.014507 -9999.0 -9999.0
-9999.0 -9999.0 478.016161 382.902329 286.190743 188.746452 91.027802 -6.754921 -104.519787 -202.446111 -301.662902 -404.577811 -513.545400 -631.253762 -760.725247 -883.268590 -977.960283 -1060.625667 -1130.657860 -1151.217006 -1154.269117 -1150.407296 -1145.458146 -1141.846782 -1140.171357 -1140.195213 -1141.371126 -1143.125607 -1145.009180 -1146.744175 -1148.201397 -1149.351299 -1150.218780 -1150.850819 -1151.297830 -1151.606740 -1151.827084 -1152.025350 -1152.281265 -1153.156621 -1160.762555 -1227.657363 -2003.530952 -3838.853798 -3356.601563 -3042.900973 -2900.744326 -2883.960685 -2882.293127 -2882.429491 -2882.811471 -2883.221606 -2883.615123 -2883.979162 -2884.316115 -2884.701778 -2885.899502 -2894.821089 -2965.504826 -3129.142906 -3410.020563 -1777.431877 -1205.462895 -1158.222679 -1153.095722 -1152.483589 -1152.384461 -1152.367106 -1152.366051 -1152.368027 -1152.370167 -1152.371915 -1152.373249 -1152.374256 -1152.375023 -1152.375617 -1152.376086 -1152.376463 -1152.376776 -1152.377050 -1152.377313 -1152.377602 -1152.377960 -1152.378454 -1152.379180 -1152.380293 -1152.382036 -1152.384814 -1152.389298 -1152.396648 -1152.408926 -1152.429933 -1152.466904 -1152.533982 -1152.659246 -1152.898768 -1153.365015 -1154.288370 -1156.170891 -1160.220233 -1169.608641 -1194.014507 -9999.0 -9999.0
-9999.0 -9999.0 478.014628 382.901524 286.190419 188.746334 91.027760 -6.754936 -104.519792 -202.446113 -301.662902 -404.577811 -513.545400 -631.253762 -760.725247 -883.268590 -977.960283 -1060.625667 -1130.657860 -1151.217006 -1154.269117 -1150.407296 -1145.458146 -1141.846782 -1140.171357 -1140.195213 -1141.371126 -1143.125607 -1145.009180 -1146.744175 -1148.201397 -1149.351299 -1150.218780 -1150.850819 -1151.297830 -1151.606740 -1151.827084 -1152.025350 -1152.281265 -1153.156621 -1160.762555 -1227.657363 -2003.530952 -3838.853798 -3356.601565 -3042.900977 -2900.744326 -2883.960685 -2882.293127 -2882.429491 -2882.811471 -2883.221606 -2883.615123 -2883.979162 -2884.316115 -2884.701778 -2885.899502 -2894.821089 -2965.504826 -3129.142906 -3410.020563 -1777.431877 -1205.462895 -1158.222679 -1153.095722 -1152.483589 -1152.384461 -1152.367106 -1152.366051 -1152.368027 -1152.370167 -1152.371915 -1152.373249 -1152.374256 -1152.375023 -1152.375617 -1152.376086 -1152.376463 -1152.376776 -1152.377050 -1152.377313 -1152.377602 -1152.377960 -1152.378454 -1152.379180 -1152.380293 -1152.382036 -1152.384814 -1152.389298 -1152.396648 -1152.408926 -1152.429933 -1152.466904 -1152.533982 -1152.659246 -1152.898768 -1153.365015 -1154.288370 -1156.170891 -1160.220233 -1169.608641 -1194.014507 -9999.0 -9999.0
-9999.0 -9999.0 478.008166 382.899728 286.189920 188.746184 91.027713 -6.754951 -104.519797 -202.446114 -301.662903 -404.577811 -513.545399 -631.253762 -760.725246 -883.268590 -977.960283 -1060.625667 -1130.657860 -1151.217006 -1154.269117 -1150.407296 -1145.458146 -1141.846782 -1140.171357 -1140.195213 -1141.371126 -1143.125607 -1145.009180 -1146.744175 -1148.201397 -1149.351299 -1150.218780 -1150.850819 -1151.297830 -1151.606740 -1151.827084 -1152.025350 -1152.281265 -1153.156621 -1160.762555 -1227.657363 -2003.530953 -3838.853801 -3356.601569 -3042.900987 -2900.744326 -2883.960685 -2882.293127 -2882.429491 -2882.811471 -2883.221606 -2883.615123 -2883.979162 -2884.316115 -2884.701778 -2885.899502 -2894.821089 -2965.504826 -3129.142906 -3410.020563 -1777.431877 -1205.462895 -1158.222679 -1153.095722 -1152.483589 -1152.384461 -1152.367106 -1152.366051 -1152.368027 -1152.370167 -1152.371915 -1152.373249 -1152.374256 -1152.375023 -1152.375617 -1152.376086 -1152.376463 -1152.376776 -1152.377050 -1152.377313 -1152.377602 -1152.377960 -1152.378454 -1152.379180 -1152.380293 -1152.382036 -1152.384814 -1152.389298 -1152.396648 -1152.408926 -1152.429933 -1152.466904 -1152.533982 -1152.659246 -1152.898768 -1153.365015 -1154.288370 -1156.170891 -1160.220233 -1169.608641 -1194.014507 -9999.0 -9999.0
-9999.0 -9999.0 -9999.0 -9999.0 -9999.0 -9999.0 -9999.0 -9999.0 -9999.0 -9999.0 -9999.0 -9999.0 -9999.0 -9999.0 -9999.0 -9999.0 -9999.0 -9999.0 -9999.0 -9999.0 -9999.0 -9999.0 -9999.0 -9999.0 -9999.0 -9999.0 -9999.0 -9999.0 -9999.0 -9999.0 -9999.0 -9999.0 -9999.0 -9999.0 -9999.0 -9999.0 -9999.0 -9999.0 -9999.0 -9999.0 -9999.0 -9999.0 -9999.0 -9999.0 -9999.0 -9999.0 -9999.0 -9999.0 -9999.0 -9999.0 -9999.0 -9999.0 -9999.0 -9999.0 -9999.0 -9999.0 -9999.0 -9999.0 -9999.0 -9999.0 -9999.0 -9999.0 -9999.0 -9999.0 -9999.0 -9999.0 -9999.0 -9999.0 -9999.0 -9999.0 -9999.0 -9999.0 -9999.0 -9999.0 -9999.0 -9999.0 -9999.0 -9999.0 -9999.0 -9999.0 -9999.0 -9999.0 -9999.0 -9999.0 -9999.0 -9999.0 -9999.0 -9999.0 -9999.0 -9999.0 -9999.0 -9999.0 -9999.0 -9999.0 -9999.0 -9999.0 -9999.0 -9999.0 -9999.0 -9999.0 -9999.0 -9999.0 -9999.0 -9999.0
-9999.0 -9999.0 -9999.0 -9999.0 -9999.0 -9999.0 -9999.0 -9999.0 -9999.0 -9999.0 -9999.0 -9999.0 -9999.0 -9999.0 -9999.0 -9999.0 -9999.0 -9999.0 -9999.0 -9999.0 -9999.0 -9999.0 -9999.0 -9999.0 -9999.0 -9999.0 -9999.0 -9999.0 -9999.0 -9999.0 -9999.0 -9999.0 -9999.0 -9999.0 -9999.0 -9999.0 -9999.0 -9999.0 -9999.0 -9999.0 -9999.0 -9999.0 -9999.0 -9999.0 -9999.0 -9999.0 -9999.0 -9999.0 -9999.0 -9999.0 -9999.0 -9999.0 -9999.0 -9999.0 -9999.0 -9999.0 -9999.0 -9999.0 -9999.0 -9999.0 -9999.0 -9999.0 -9999.0 -9999.0 -9999.0 -9999.0 -9999.0 -9999.0 -9999.0 -9999.0 -9999.0 -9999.0 -9999.0 -9999.0 -9999.0 -9999.0 -9999.0 -9999.0 -9999.0 -9999.0 -9999.0 -9999.0 -9999.0 -9999.0 -9999.0 -9999.0 -9999.0 -9999.0 -9999.0 -9999.0 -9999.0 -9999.0 -9999.0 -9999.0 -9999.0 -9999.0 -9999.0 -9999.0 -9999.0 -9999.0 -9999.0 -9999.0 -9999.0 -9999.0