inst/processing_geotop_simulation/geotop_simulation/out/maps3D/PwL0018N0047.asc
ncols         104
nrows         10
xllcorner     -2.000000
yllcorner     0.000000
cellsize      1.000000
NODATA_value  -9999.0
-9999.0 -9999.0 -9999.0 -9999.0 -9999.0 -9999.0 -9999.0 -9999.0 -9999.0 -9999.0 -9999.0 -9999.0 -9999.0 -9999.0 -9999.0 -9999.0 -9999.0 -9999.0 -9999.0 -9999.0 -9999.0 -9999.0 -9999.0 -9999.0 -9999.0 -9999.0 -9999.0 -9999.0 -9999.0 -9999.0 -9999.0 -9999.0 -9999.0 -9999.0 -9999.0 -9999.0 -9999.0 -9999.0 -9999.0 -9999.0 -9999.0 -9999.0 -9999.0 -9999.0 -9999.0 -9999.0 -9999.0 -9999.0 -9999.0 -9999.0 -9999.0 -9999.0 -9999.0 -9999.0 -9999.0 -9999.0 -9999.0 -9999.0 -9999.0 -9999.0 -9999.0 -9999.0 -9999.0 -9999.0 -9999.0 -9999.0 -9999.0 -9999.0 -9999.0 -9999.0 -9999.0 -9999.0 -9999.0 -9999.0 -9999.0 -9999.0 -9999.0 -9999.0 -9999.0 -9999.0 -9999.0 -9999.0 -9999.0 -9999.0 -9999.0 -9999.0 -9999.0 -9999.0 -9999.0 -9999.0 -9999.0 -9999.0 -9999.0 -9999.0 -9999.0 -9999.0 -9999.0 -9999.0 -9999.0 -9999.0 -9999.0 -9999.0 -9999.0 -9999.0
-9999.0 -9999.0 -9999.0 -9999.0 -9999.0 -9999.0 -9999.0 -9999.0 -9999.0 -9999.0 -9999.0 -9999.0 -9999.0 -9999.0 -9999.0 -9999.0 -9999.0 -9999.0 -9999.0 -9999.0 -9999.0 -9999.0 -9999.0 -9999.0 -9999.0 -9999.0 -9999.0 -9999.0 -9999.0 -9999.0 -9999.0 -9999.0 -9999.0 -9999.0 -9999.0 -9999.0 -9999.0 -9999.0 -9999.0 -9999.0 -9999.0 -9999.0 -9999.0 -9999.0 -9999.0 -9999.0 -9999.0 -9999.0 -9999.0 -9999.0 -9999.0 -9999.0 -9999.0 -9999.0 -9999.0 -9999.0 -9999.0 -9999.0 -9999.0 -9999.0 -9999.0 -9999.0 -9999.0 -9999.0 -9999.0 -9999.0 -9999.0 -9999.0 -9999.0 -9999.0 -9999.0 -9999.0 -9999.0 -9999.0 -9999.0 -9999.0 -9999.0 -9999.0 -9999.0 -9999.0 -9999.0 -9999.0 -9999.0 -9999.0 -9999.0 -9999.0 -9999.0 -9999.0 -9999.0 -9999.0 -9999.0 -9999.0 -9999.0 -9999.0 -9999.0 -9999.0 -9999.0 -9999.0 -9999.0 -9999.0 -9999.0 -9999.0 -9999.0 -9999.0
-9999.0 -9999.0 -509.824484 -603.816887 -666.402900 -702.960719 -723.066957 -733.729131 -739.210308 -740.816057 -734.740093 -723.614005 -709.424779 -690.242983 -667.450173 -647.394376 -630.699394 -617.643232 -608.235467 -630.015806 -648.130395 -665.717873 -685.616759 -666.281408 -661.855059 -665.584030 -673.797000 -684.236782 -695.367801 -706.101748 -715.679403 -723.661655 -729.922436 -734.579309 -737.888165 -740.148691 -741.660663 -742.760305 -743.677186 -743.986637 -747.117182 -798.921488 -2365.742773 -4083.307326 -4084.158408 -4084.158416 -4084.158416 -4084.158416 -4084.158416 -4084.158416 -4084.158416 -4084.158416 -4084.158416 -4084.158416 -4084.158416 -4084.158416 -4084.158415 -4084.158414 -4084.158411 -4084.158379 -4082.738598 -2261.431263 -780.227281 -748.413345 -745.402322 -744.737232 -744.582673 -744.553927 -744.552693 -744.556662 -744.560895 -744.564380 -744.567068 -744.569121 -744.570706 -744.571950 -744.572946 -744.573756 -744.574430 -744.575023 -744.575595 -744.576217 -744.576985 -744.578037 -744.579577 -744.581927 -744.585601 -744.591439 -744.600839 -744.616197 -744.641747 -744.685254 -744.761472 -744.899299 -745.156466 -745.649259 -746.612242 -748.524376 -752.429224 -761.016273 -782.801982 -840.581080 -9999.0 -9999.0
-9999.0 -9999.0 -509.824472 -603.816855 -666.402864 -702.960699 -723.066950 -733.729131 -739.210309 -740.816058 -734.740093 -723.614005 -709.424779 -690.242983 -667.450173 -647.394376 -630.699394 -617.643232 -608.235467 -630.015806 -648.130395 -665.717873 -685.616759 -666.281408 -661.855059 -665.584030 -673.797000 -684.236782 -695.367801 -706.101748 -715.679403 -723.661655 -729.922436 -734.579309 -737.888165 -740.148691 -741.660663 -742.760305 -743.677186 -743.986637 -747.117182 -798.921488 -2365.742773 -4083.307326 -4084.158408 -4084.158416 -4084.158416 -4084.158416 -4084.158416 -4084.158416 -4084.158416 -4084.158416 -4084.158416 -4084.158416 -4084.158416 -4084.158416 -4084.158415 -4084.158414 -4084.158411 -4084.158379 -4082.738598 -2261.431263 -780.227281 -748.413345 -745.402322 -744.737232 -744.582673 -744.553927 -744.552693 -744.556662 -744.560895 -744.564380 -744.567068 -744.569121 -744.570706 -744.571950 -744.572946 -744.573756 -744.574430 -744.575023 -744.575595 -744.576217 -744.576985 -744.578037 -744.579577 -744.581927 -744.585601 -744.591439 -744.600839 -744.616197 -744.641747 -744.685254 -744.761472 -744.899299 -745.156466 -745.649259 -746.612242 -748.524376 -752.429224 -761.016273 -782.801982 -840.581080 -9999.0 -9999.0
-9999.0 -9999.0 -509.824466 -603.816836 -666.402839 -702.960684 -723.066946 -733.729131 -739.210310 -740.816059 -734.740093 -723.614005 -709.424779 -690.242983 -667.450173 -647.394376 -630.699394 -617.643232 -608.235467 -630.015806 -648.130395 -665.717873 -685.616759 -666.281408 -661.855059 -665.584030 -673.797000 -684.236782 -695.367801 -706.101748 -715.679403 -723.661655 -729.922436 -734.579309 -737.888165 -740.148691 -741.660663 -742.760305 -743.677186 -743.986637 -747.117182 -798.921488 -2365.742773 -4083.307326 -4084.158408 -4084.158416 -4084.158416 -4084.158416 -4084.158416 -4084.158416 -4084.158416 -4084.158416 -4084.158416 -4084.158416 -4084.158416 -4084.158416 -4084.158415 -4084.158414 -4084.158411 -4084.158379 -4082.738598 -2261.431263 -780.227281 -748.413345 -745.402322 -744.737232 -744.582673 -744.553927 -744.552693 -744.556662 -744.560895 -744.564380 -744.567068 -744.569121 -744.570706 -744.571950 -744.572946 -744.573756 -744.574430 -744.575023 -744.575595 -744.576217 -744.576985 -744.578037 -744.579577 -744.581927 -744.585601 -744.591439 -744.600839 -744.616197 -744.641747 -744.685254 -744.761472 -744.899299 -745.156466 -745.649259 -746.612242 -748.524376 -752.429224 -761.016273 -782.801982 -840.581080 -9999.0 -9999.0
-9999.0 -9999.0 -509.824466 -603.816836 -666.402839 -702.960684 -723.066946 -733.729131 -739.210310 -740.816059 -734.740093 -723.614005 -709.424779 -690.242983 -667.450173 -647.394376 -630.699394 -617.643232 -608.235467 -630.015806 -648.130395 -665.717873 -685.616759 -666.281408 -661.855059 -665.584030 -673.797000 -684.236782 -695.367801 -706.101748 -715.679403 -723.661655 -729.922436 -734.579309 -737.888165 -740.148691 -741.660663 -742.760305 -743.677186 -743.986637 -747.117182 -798.921488 -2365.742773 -4083.307326 -4084.158408 -4084.158416 -4084.158416 -4084.158416 -4084.158416 -4084.158416 -4084.158416 -4084.158416 -4084.158416 -4084.158416 -4084.158416 -4084.158416 -4084.158415 -4084.158414 -4084.158411 -4084.158379 -4082.738598 -2261.431263 -780.227281 -748.413345 -745.402322 -744.737232 -744.582673 -744.553927 -744.552693 -744.556662 -744.560895 -744.564380 -744.567068 -744.569121 -744.570706 -744.571950 -744.572946 -744.573756 -744.574430 -744.575023 -744.575595 -744.576217 -744.576985 -744.578037 -744.579577 -744.581927 -744.585601 -744.591439 -744.600839 -744.616197 -744.641747 -744.685254 -744.761472 -744.899299 -745.156466 -745.649259 -746.612242 -748.524376 -752.429224 -761.016273 -782.801982 -840.581080 -9999.0 -9999.0
-9999.0 -9999.0 -509.824472 -603.816855 -666.402864 -702.960699 -723.066950 -733.729131 -739.210309 -740.816058 -734.740093 -723.614005 -709.424779 -690.242983 -667.450173 -647.394376 -630.699394 -617.643232 -608.235467 -630.015806 -648.130395 -665.717873 -685.616759 -666.281408 -661.855059 -665.584030 -673.797000 -684.236782 -695.367801 -706.101748 -715.679403 -723.661655 -729.922436 -734.579309 -737.888165 -740.148691 -741.660663 -742.760305 -743.677186 -743.986637 -747.117182 -798.921488 -2365.742773 -4083.307326 -4084.158408 -4084.158416 -4084.158416 -4084.158416 -4084.158416 -4084.158416 -4084.158416 -4084.158416 -4084.158416 -4084.158416 -4084.158416 -4084.158416 -4084.158415 -4084.158414 -4084.158411 -4084.158379 -4082.738598 -2261.431263 -780.227281 -748.413345 -745.402322 -744.737232 -744.582673 -744.553927 -744.552693 -744.556662 -744.560895 -744.564380 -744.567068 -744.569121 -744.570706 -744.571950 -744.572946 -744.573756 -744.574430 -744.575023 -744.575595 -744.576217 -744.576985 -744.578037 -744.579577 -744.581927 -744.585601 -744.591439 -744.600839 -744.616197 -744.641747 -744.685254 -744.761472 -744.899299 -745.156466 -745.649259 -746.612242 -748.524376 -752.429224 -761.016273 -782.801982 -840.581080 -9999.0 -9999.0
-9999.0 -9999.0 -509.824484 -603.816887 -666.402900 -702.960719 -723.066957 -733.729131 -739.210308 -740.816057 -734.740093 -723.614005 -709.424779 -690.242983 -667.450173 -647.394376 -630.699394 -617.643232 -608.235467 -630.015806 -648.130395 -665.717873 -685.616759 -666.281408 -661.855059 -665.584030 -673.797000 -684.236782 -695.367801 -706.101748 -715.679403 -723.661655 -729.922436 -734.579309 -737.888165 -740.148691 -741.660663 -742.760305 -743.677186 -743.986637 -747.117182 -798.921488 -2365.742773 -4083.307326 -4084.158408 -4084.158416 -4084.158416 -4084.158416 -4084.158416 -4084.158416 -4084.158416 -4084.158416 -4084.158416 -4084.158416 -4084.158416 -4084.158416 -4084.158415 -4084.158414 -4084.158411 -4084.158379 -4082.738598 -2261.431263 -780.227281 -748.413345 -745.402322 -744.737232 -744.582673 -744.553927 -744.552693 -744.556662 -744.560895 -744.564380 -744.567068 -744.569121 -744.570706 -744.571950 -744.572946 -744.573756 -744.574430 -744.575023 -744.575595 -744.576217 -744.576985 -744.578037 -744.579577 -744.581927 -744.585601 -744.591439 -744.600839 -744.616197 -744.641747 -744.685254 -744.761472 -744.899299 -745.156466 -745.649259 -746.612242 -748.524376 -752.429224 -761.016273 -782.801982 -840.581080 -9999.0 -9999.0
-9999.0 -9999.0 -9999.0 -9999.0 -9999.0 -9999.0 -9999.0 -9999.0 -9999.0 -9999.0 -9999.0 -9999.0 -9999.0 -9999.0 -9999.0 -9999.0 -9999.0 -9999.0 -9999.0 -9999.0 -9999.0 -9999.0 -9999.0 -9999.0 -9999.0 -9999.0 -9999.0 -9999.0 -9999.0 -9999.0 -9999.0 -9999.0 -9999.0 -9999.0 -9999.0 -9999.0 -9999.0 -9999.0 -9999.0 -9999.0 -9999.0 -9999.0 -9999.0 -9999.0 -9999.0 -9999.0 -9999.0 -9999.0 -9999.0 -9999.0 -9999.0 -9999.0 -9999.0 -9999.0 -9999.0 -9999.0 -9999.0 -9999.0 -9999.0 -9999.0 -9999.0 -9999.0 -9999.0 -9999.0 -9999.0 -9999.0 -9999.0 -9999.0 -9999.0 -9999.0 -9999.0 -9999.0 -9999.0 -9999.0 -9999.0 -9999.0 -9999.0 -9999.0 -9999.0 -9999.0 -9999.0 -9999.0 -9999.0 -9999.0 -9999.0 -9999.0 -9999.0 -9999.0 -9999.0 -9999.0 -9999.0 -9999.0 -9999.0 -9999.0 -9999.0 -9999.0 -9999.0 -9999.0 -9999.0 -9999.0 -9999.0 -9999.0 -9999.0 -9999.0
-9999.0 -9999.0 -9999.0 -9999.0 -9999.0 -9999.0 -9999.0 -9999.0 -9999.0 -9999.0 -9999.0 -9999.0 -9999.0 -9999.0 -9999.0 -9999.0 -9999.0 -9999.0 -9999.0 -9999.0 -9999.0 -9999.0 -9999.0 -9999.0 -9999.0 -9999.0 -9999.0 -9999.0 -9999.0 -9999.0 -9999.0 -9999.0 -9999.0 -9999.0 -9999.0 -9999.0 -9999.0 -9999.0 -9999.0 -9999.0 -9999.0 -9999.0 -9999.0 -9999.0 -9999.0 -9999.0 -9999.0 -9999.0 -9999.0 -9999.0 -9999.0 -9999.0 -9999.0 -9999.0 -9999.0 -9999.0 -9999.0 -9999.0 -9999.0 -9999.0 -9999.0 -9999.0 -9999.0 -9999.0 -9999.0 -9999.0 -9999.0 -9999.0 -9999.0 -9999.0 -9999.0 -9999.0 -9999.0 -9999.0 -9999.0 -9999.0 -9999.0 -9999.0 -9999.0 -9999.0 -9999.0 -9999.0 -9999.0 -9999.0 -9999.0 -9999.0 -9999.0 -9999.0 -9999.0 -9999.0 -9999.0 -9999.0 -9999.0 -9999.0 -9999.0 -9999.0 -9999.0 -9999.0 -9999.0 -9999.0 -9999.0 -9999.0 -9999.0 -9999.0