inst/processing_geotop_simulation/geotop_simulation/out/maps3D/PwL0018N0184.asc
ncols         104
nrows         10
xllcorner     -2.000000
yllcorner     0.000000
cellsize      1.000000
NODATA_value  -9999.0
-9999.0 -9999.0 -9999.0 -9999.0 -9999.0 -9999.0 -9999.0 -9999.0 -9999.0 -9999.0 -9999.0 -9999.0 -9999.0 -9999.0 -9999.0 -9999.0 -9999.0 -9999.0 -9999.0 -9999.0 -9999.0 -9999.0 -9999.0 -9999.0 -9999.0 -9999.0 -9999.0 -9999.0 -9999.0 -9999.0 -9999.0 -9999.0 -9999.0 -9999.0 -9999.0 -9999.0 -9999.0 -9999.0 -9999.0 -9999.0 -9999.0 -9999.0 -9999.0 -9999.0 -9999.0 -9999.0 -9999.0 -9999.0 -9999.0 -9999.0 -9999.0 -9999.0 -9999.0 -9999.0 -9999.0 -9999.0 -9999.0 -9999.0 -9999.0 -9999.0 -9999.0 -9999.0 -9999.0 -9999.0 -9999.0 -9999.0 -9999.0 -9999.0 -9999.0 -9999.0 -9999.0 -9999.0 -9999.0 -9999.0 -9999.0 -9999.0 -9999.0 -9999.0 -9999.0 -9999.0 -9999.0 -9999.0 -9999.0 -9999.0 -9999.0 -9999.0 -9999.0 -9999.0 -9999.0 -9999.0 -9999.0 -9999.0 -9999.0 -9999.0 -9999.0 -9999.0 -9999.0 -9999.0 -9999.0 -9999.0 -9999.0 -9999.0 -9999.0 -9999.0
-9999.0 -9999.0 -9999.0 -9999.0 -9999.0 -9999.0 -9999.0 -9999.0 -9999.0 -9999.0 -9999.0 -9999.0 -9999.0 -9999.0 -9999.0 -9999.0 -9999.0 -9999.0 -9999.0 -9999.0 -9999.0 -9999.0 -9999.0 -9999.0 -9999.0 -9999.0 -9999.0 -9999.0 -9999.0 -9999.0 -9999.0 -9999.0 -9999.0 -9999.0 -9999.0 -9999.0 -9999.0 -9999.0 -9999.0 -9999.0 -9999.0 -9999.0 -9999.0 -9999.0 -9999.0 -9999.0 -9999.0 -9999.0 -9999.0 -9999.0 -9999.0 -9999.0 -9999.0 -9999.0 -9999.0 -9999.0 -9999.0 -9999.0 -9999.0 -9999.0 -9999.0 -9999.0 -9999.0 -9999.0 -9999.0 -9999.0 -9999.0 -9999.0 -9999.0 -9999.0 -9999.0 -9999.0 -9999.0 -9999.0 -9999.0 -9999.0 -9999.0 -9999.0 -9999.0 -9999.0 -9999.0 -9999.0 -9999.0 -9999.0 -9999.0 -9999.0 -9999.0 -9999.0 -9999.0 -9999.0 -9999.0 -9999.0 -9999.0 -9999.0 -9999.0 -9999.0 -9999.0 -9999.0 -9999.0 -9999.0 -9999.0 -9999.0 -9999.0 -9999.0
-9999.0 -9999.0 879.605529 784.062638 688.000454 591.349876 494.390248 397.293230 300.150675 203.011527 105.902845 8.842839 -88.146537 -185.047964 -281.778763 -378.185154 -473.996836 -568.800894 -661.949743 -755.631136 -848.093006 -939.113389 -1028.531622 -1101.169358 -1162.179999 -1211.051677 -1248.522991 -1276.168304 -1295.907432 -1309.623297 -1318.946151 -1325.174043 -1329.280100 -1331.961906 -1333.703115 -1334.833064 -1335.581087 -1336.146622 -1336.937852 -1339.775614 -1353.385168 -1428.094458 -2003.468690 -4059.479796 -4084.156909 -4084.158415 -4084.158398 -4084.158171 -4084.156948 -4084.152562 -4084.139620 -4084.099831 -4084.030668 -4083.937554 -4083.777276 -4083.454796 -4082.720732 -4080.881611 -4075.913343 -4061.673849 -3969.216673 -1787.818450 -1390.486920 -1346.492787 -1338.603786 -1337.296023 -1337.098925 -1337.069787 -1337.066014 -1337.066308 -1337.067158 -1337.067936 -1337.068551 -1337.069023 -1337.069387 -1337.069671 -1337.069898 -1337.070082 -1337.070237 -1337.070375 -1337.070510 -1337.070660 -1337.070847 -1337.071104 -1337.071482 -1337.072059 -1337.072966 -1337.074416 -1337.076773 -1337.080676 -1337.087285 -1337.098780 -1337.119375 -1337.157403 -1337.229652 -1337.370750 -1337.655262 -1338.255537 -1339.603419 -1342.850185 -1351.273889 -1376.002097 -9999.0 -9999.0
-9999.0 -9999.0 879.609268 784.064010 688.000894 591.350018 494.390295 397.293246 300.150681 203.011529 105.902846 8.842839 -88.146537 -185.047964 -281.778763 -378.185154 -473.996836 -568.800894 -661.949743 -755.631136 -848.093007 -939.113390 -1028.531622 -1101.169359 -1162.179999 -1211.051677 -1248.522991 -1276.168304 -1295.907432 -1309.623297 -1318.946151 -1325.174043 -1329.280100 -1331.961906 -1333.703115 -1334.833064 -1335.581087 -1336.146622 -1336.937852 -1339.775614 -1353.385168 -1428.094458 -2003.468690 -4059.479796 -4084.156909 -4084.158415 -4084.158398 -4084.158171 -4084.156948 -4084.152562 -4084.139620 -4084.099831 -4084.030668 -4083.937554 -4083.777276 -4083.454796 -4082.720732 -4080.881611 -4075.913342 -4061.673849 -3969.216673 -1787.818450 -1390.486920 -1346.492787 -1338.603786 -1337.296023 -1337.098925 -1337.069787 -1337.066014 -1337.066308 -1337.067158 -1337.067936 -1337.068551 -1337.069023 -1337.069387 -1337.069671 -1337.069898 -1337.070082 -1337.070237 -1337.070375 -1337.070510 -1337.070660 -1337.070847 -1337.071104 -1337.071482 -1337.072059 -1337.072966 -1337.074416 -1337.076773 -1337.080676 -1337.087285 -1337.098780 -1337.119375 -1337.157403 -1337.229652 -1337.370750 -1337.655262 -1338.255537 -1339.603419 -1342.850185 -1351.273889 -1376.002097 -9999.0 -9999.0
-9999.0 -9999.0 879.610616 784.064727 688.001194 591.350133 494.390337 397.293262 300.150686 203.011531 105.902846 8.842840 -88.146537 -185.047964 -281.778763 -378.185154 -473.996836 -568.800894 -661.949743 -755.631136 -848.093007 -939.113390 -1028.531623 -1101.169359 -1162.179999 -1211.051677 -1248.522991 -1276.168304 -1295.907432 -1309.623297 -1318.946151 -1325.174043 -1329.280100 -1331.961906 -1333.703115 -1334.833064 -1335.581087 -1336.146622 -1336.937852 -1339.775614 -1353.385168 -1428.094458 -2003.468690 -4059.479796 -4084.156909 -4084.158415 -4084.158398 -4084.158171 -4084.156948 -4084.152562 -4084.139620 -4084.099831 -4084.030668 -4083.937554 -4083.777276 -4083.454796 -4082.720732 -4080.881611 -4075.913342 -4061.673849 -3969.216673 -1787.818450 -1390.486920 -1346.492787 -1338.603786 -1337.296023 -1337.098925 -1337.069787 -1337.066014 -1337.066308 -1337.067158 -1337.067936 -1337.068551 -1337.069023 -1337.069387 -1337.069671 -1337.069898 -1337.070082 -1337.070237 -1337.070375 -1337.070510 -1337.070660 -1337.070847 -1337.071104 -1337.071482 -1337.072059 -1337.072966 -1337.074416 -1337.076773 -1337.080676 -1337.087285 -1337.098780 -1337.119375 -1337.157403 -1337.229652 -1337.370750 -1337.655262 -1338.255537 -1339.603419 -1342.850185 -1351.273889 -1376.002097 -9999.0 -9999.0
-9999.0 -9999.0 879.610616 784.064727 688.001194 591.350133 494.390337 397.293262 300.150686 203.011532 105.902846 8.842840 -88.146537 -185.047964 -281.778763 -378.185154 -473.996836 -568.800894 -661.949743 -755.631136 -848.093007 -939.113390 -1028.531623 -1101.169359 -1162.179999 -1211.051677 -1248.522991 -1276.168304 -1295.907432 -1309.623297 -1318.946151 -1325.174043 -1329.280100 -1331.961906 -1333.703115 -1334.833064 -1335.581087 -1336.146622 -1336.937852 -1339.775614 -1353.385168 -1428.094458 -2003.468690 -4059.479796 -4084.156909 -4084.158415 -4084.158398 -4084.158171 -4084.156948 -4084.152562 -4084.139620 -4084.099831 -4084.030668 -4083.937554 -4083.777276 -4083.454796 -4082.720732 -4080.881611 -4075.913342 -4061.673849 -3969.216673 -1787.818450 -1390.486920 -1346.492787 -1338.603786 -1337.296023 -1337.098925 -1337.069787 -1337.066014 -1337.066308 -1337.067158 -1337.067936 -1337.068551 -1337.069023 -1337.069387 -1337.069671 -1337.069898 -1337.070082 -1337.070237 -1337.070375 -1337.070510 -1337.070660 -1337.070847 -1337.071104 -1337.071482 -1337.072059 -1337.072966 -1337.074416 -1337.076773 -1337.080676 -1337.087285 -1337.098780 -1337.119375 -1337.157403 -1337.229652 -1337.370750 -1337.655262 -1338.255537 -1339.603419 -1342.850185 -1351.273889 -1376.002097 -9999.0 -9999.0
-9999.0 -9999.0 879.609268 784.064010 688.000894 591.350018 494.390295 397.293246 300.150681 203.011529 105.902846 8.842839 -88.146537 -185.047964 -281.778763 -378.185154 -473.996836 -568.800894 -661.949743 -755.631136 -848.093007 -939.113390 -1028.531622 -1101.169359 -1162.179999 -1211.051677 -1248.522991 -1276.168304 -1295.907432 -1309.623297 -1318.946151 -1325.174043 -1329.280100 -1331.961906 -1333.703115 -1334.833064 -1335.581087 -1336.146622 -1336.937852 -1339.775614 -1353.385168 -1428.094458 -2003.468690 -4059.479796 -4084.156909 -4084.158415 -4084.158398 -4084.158171 -4084.156948 -4084.152562 -4084.139620 -4084.099831 -4084.030668 -4083.937554 -4083.777276 -4083.454796 -4082.720732 -4080.881611 -4075.913342 -4061.673849 -3969.216674 -1787.818450 -1390.486920 -1346.492787 -1338.603786 -1337.296023 -1337.098925 -1337.069787 -1337.066014 -1337.066308 -1337.067158 -1337.067936 -1337.068551 -1337.069023 -1337.069387 -1337.069671 -1337.069898 -1337.070082 -1337.070237 -1337.070375 -1337.070510 -1337.070660 -1337.070847 -1337.071104 -1337.071482 -1337.072059 -1337.072966 -1337.074416 -1337.076773 -1337.080676 -1337.087285 -1337.098780 -1337.119375 -1337.157403 -1337.229652 -1337.370750 -1337.655262 -1338.255537 -1339.603419 -1342.850185 -1351.273889 -1376.002097 -9999.0 -9999.0
-9999.0 -9999.0 879.605529 784.062638 688.000454 591.349876 494.390248 397.293230 300.150675 203.011527 105.902845 8.842839 -88.146538 -185.047964 -281.778763 -378.185154 -473.996836 -568.800894 -661.949743 -755.631136 -848.093006 -939.113389 -1028.531622 -1101.169358 -1162.179999 -1211.051677 -1248.522991 -1276.168304 -1295.907432 -1309.623297 -1318.946151 -1325.174043 -1329.280100 -1331.961906 -1333.703115 -1334.833064 -1335.581087 -1336.146622 -1336.937852 -1339.775614 -1353.385168 -1428.094458 -2003.468690 -4059.479796 -4084.156909 -4084.158415 -4084.158398 -4084.158171 -4084.156948 -4084.152562 -4084.139620 -4084.099831 -4084.030668 -4083.937554 -4083.777276 -4083.454796 -4082.720732 -4080.881611 -4075.913342 -4061.673849 -3969.216674 -1787.818450 -1390.486920 -1346.492787 -1338.603786 -1337.296023 -1337.098925 -1337.069787 -1337.066014 -1337.066308 -1337.067158 -1337.067936 -1337.068551 -1337.069023 -1337.069387 -1337.069671 -1337.069898 -1337.070082 -1337.070237 -1337.070375 -1337.070510 -1337.070660 -1337.070847 -1337.071104 -1337.071482 -1337.072059 -1337.072966 -1337.074416 -1337.076773 -1337.080676 -1337.087285 -1337.098780 -1337.119375 -1337.157403 -1337.229652 -1337.370750 -1337.655262 -1338.255537 -1339.603419 -1342.850185 -1351.273889 -1376.002097 -9999.0 -9999.0
-9999.0 -9999.0 -9999.0 -9999.0 -9999.0 -9999.0 -9999.0 -9999.0 -9999.0 -9999.0 -9999.0 -9999.0 -9999.0 -9999.0 -9999.0 -9999.0 -9999.0 -9999.0 -9999.0 -9999.0 -9999.0 -9999.0 -9999.0 -9999.0 -9999.0 -9999.0 -9999.0 -9999.0 -9999.0 -9999.0 -9999.0 -9999.0 -9999.0 -9999.0 -9999.0 -9999.0 -9999.0 -9999.0 -9999.0 -9999.0 -9999.0 -9999.0 -9999.0 -9999.0 -9999.0 -9999.0 -9999.0 -9999.0 -9999.0 -9999.0 -9999.0 -9999.0 -9999.0 -9999.0 -9999.0 -9999.0 -9999.0 -9999.0 -9999.0 -9999.0 -9999.0 -9999.0 -9999.0 -9999.0 -9999.0 -9999.0 -9999.0 -9999.0 -9999.0 -9999.0 -9999.0 -9999.0 -9999.0 -9999.0 -9999.0 -9999.0 -9999.0 -9999.0 -9999.0 -9999.0 -9999.0 -9999.0 -9999.0 -9999.0 -9999.0 -9999.0 -9999.0 -9999.0 -9999.0 -9999.0 -9999.0 -9999.0 -9999.0 -9999.0 -9999.0 -9999.0 -9999.0 -9999.0 -9999.0 -9999.0 -9999.0 -9999.0 -9999.0 -9999.0
-9999.0 -9999.0 -9999.0 -9999.0 -9999.0 -9999.0 -9999.0 -9999.0 -9999.0 -9999.0 -9999.0 -9999.0 -9999.0 -9999.0 -9999.0 -9999.0 -9999.0 -9999.0 -9999.0 -9999.0 -9999.0 -9999.0 -9999.0 -9999.0 -9999.0 -9999.0 -9999.0 -9999.0 -9999.0 -9999.0 -9999.0 -9999.0 -9999.0 -9999.0 -9999.0 -9999.0 -9999.0 -9999.0 -9999.0 -9999.0 -9999.0 -9999.0 -9999.0 -9999.0 -9999.0 -9999.0 -9999.0 -9999.0 -9999.0 -9999.0 -9999.0 -9999.0 -9999.0 -9999.0 -9999.0 -9999.0 -9999.0 -9999.0 -9999.0 -9999.0 -9999.0 -9999.0 -9999.0 -9999.0 -9999.0 -9999.0 -9999.0 -9999.0 -9999.0 -9999.0 -9999.0 -9999.0 -9999.0 -9999.0 -9999.0 -9999.0 -9999.0 -9999.0 -9999.0 -9999.0 -9999.0 -9999.0 -9999.0 -9999.0 -9999.0 -9999.0 -9999.0 -9999.0 -9999.0 -9999.0 -9999.0 -9999.0 -9999.0 -9999.0 -9999.0 -9999.0 -9999.0 -9999.0 -9999.0 -9999.0 -9999.0 -9999.0 -9999.0 -9999.0