inst/processing_geotop_simulation/geotop_simulation/out/maps3D/PwL0011N0011.asc
ncols         104
nrows         10
xllcorner     -2.000000
yllcorner     0.000000
cellsize      1.000000
NODATA_value  -9999.0
-9999.0 -9999.0 -9999.0 -9999.0 -9999.0 -9999.0 -9999.0 -9999.0 -9999.0 -9999.0 -9999.0 -9999.0 -9999.0 -9999.0 -9999.0 -9999.0 -9999.0 -9999.0 -9999.0 -9999.0 -9999.0 -9999.0 -9999.0 -9999.0 -9999.0 -9999.0 -9999.0 -9999.0 -9999.0 -9999.0 -9999.0 -9999.0 -9999.0 -9999.0 -9999.0 -9999.0 -9999.0 -9999.0 -9999.0 -9999.0 -9999.0 -9999.0 -9999.0 -9999.0 -9999.0 -9999.0 -9999.0 -9999.0 -9999.0 -9999.0 -9999.0 -9999.0 -9999.0 -9999.0 -9999.0 -9999.0 -9999.0 -9999.0 -9999.0 -9999.0 -9999.0 -9999.0 -9999.0 -9999.0 -9999.0 -9999.0 -9999.0 -9999.0 -9999.0 -9999.0 -9999.0 -9999.0 -9999.0 -9999.0 -9999.0 -9999.0 -9999.0 -9999.0 -9999.0 -9999.0 -9999.0 -9999.0 -9999.0 -9999.0 -9999.0 -9999.0 -9999.0 -9999.0 -9999.0 -9999.0 -9999.0 -9999.0 -9999.0 -9999.0 -9999.0 -9999.0 -9999.0 -9999.0 -9999.0 -9999.0 -9999.0 -9999.0 -9999.0 -9999.0
-9999.0 -9999.0 -9999.0 -9999.0 -9999.0 -9999.0 -9999.0 -9999.0 -9999.0 -9999.0 -9999.0 -9999.0 -9999.0 -9999.0 -9999.0 -9999.0 -9999.0 -9999.0 -9999.0 -9999.0 -9999.0 -9999.0 -9999.0 -9999.0 -9999.0 -9999.0 -9999.0 -9999.0 -9999.0 -9999.0 -9999.0 -9999.0 -9999.0 -9999.0 -9999.0 -9999.0 -9999.0 -9999.0 -9999.0 -9999.0 -9999.0 -9999.0 -9999.0 -9999.0 -9999.0 -9999.0 -9999.0 -9999.0 -9999.0 -9999.0 -9999.0 -9999.0 -9999.0 -9999.0 -9999.0 -9999.0 -9999.0 -9999.0 -9999.0 -9999.0 -9999.0 -9999.0 -9999.0 -9999.0 -9999.0 -9999.0 -9999.0 -9999.0 -9999.0 -9999.0 -9999.0 -9999.0 -9999.0 -9999.0 -9999.0 -9999.0 -9999.0 -9999.0 -9999.0 -9999.0 -9999.0 -9999.0 -9999.0 -9999.0 -9999.0 -9999.0 -9999.0 -9999.0 -9999.0 -9999.0 -9999.0 -9999.0 -9999.0 -9999.0 -9999.0 -9999.0 -9999.0 -9999.0 -9999.0 -9999.0 -9999.0 -9999.0 -9999.0 -9999.0
-9999.0 -9999.0 524.938401 435.304213 347.997423 259.946272 168.604363 72.812417 -28.560989 -132.605020 -245.375330 -327.781406 -372.098001 -392.369767 -391.522115 -313.034291 -173.315079 -27.314793 137.919052 316.408192 268.555724 215.290484 161.107115 106.609309 52.209370 -1.742885 -47.103385 -83.362555 -112.345099 -134.801826 -152.777001 -167.895266 -180.544217 -191.869026 -202.705866 -213.697197 -225.234454 -236.829721 -248.689616 -259.667375 -264.025663 -252.268128 -3613.073041 -4430.688435 -4430.693069 -4430.693069 -4430.693069 -4430.693069 -4430.693069 -4430.693069 -4430.693069 -4430.693069 -4430.693069 -4430.693069 -4430.693069 -4430.693069 -4430.693069 -4430.693069 -4430.693069 -4430.693069 -4430.685758 -3501.238860 480.760222 397.660966 317.894444 239.048028 160.866027 84.359406 11.127294 -56.788778 -116.626217 -166.479346 -205.724556 -235.008252 -256.187201 -271.527895 -283.171750 -291.716197 -298.516693 -304.284535 -309.714395 -314.600337 -319.058939 -323.345751 -327.689844 -332.022845 -335.906099 -339.533592 -343.348994 -346.872073 -350.382543 -354.231966 -358.755434 -364.825471 -373.547200 -386.549192 -406.503483 -435.998727 -485.277797 -588.620422 -828.643966 -1495.196260 -9999.0 -9999.0
-9999.0 -9999.0 525.007444 435.330907 348.007146 259.949982 168.605836 72.813017 -28.560747 -132.604917 -245.375283 -327.781389 -372.097994 -392.369763 -391.522115 -313.034291 -173.315079 -27.314793 137.919052 316.408192 268.555724 215.290484 161.107115 106.609309 52.209371 -1.742885 -47.103384 -83.362555 -112.345099 -134.801826 -152.777001 -167.895265 -180.544217 -191.869025 -202.705865 -213.697197 -225.234454 -236.829721 -248.689616 -259.667375 -264.025662 -252.268128 -3613.073041 -4430.688435 -4430.693069 -4430.693069 -4430.693069 -4430.693069 -4430.693069 -4430.693069 -4430.693069 -4430.693069 -4430.693069 -4430.693069 -4430.693069 -4430.693069 -4430.693069 -4430.693069 -4430.693069 -4430.693069 -4430.685758 -3501.238860 480.760222 397.660966 317.894444 239.048028 160.866027 84.359406 11.127294 -56.788778 -116.626217 -166.479346 -205.724556 -235.008252 -256.187201 -271.527895 -283.171750 -291.716197 -298.516693 -304.284535 -309.714395 -314.600337 -319.058939 -323.345751 -327.689844 -332.022845 -335.906099 -339.533592 -343.348994 -346.872073 -350.382543 -354.231966 -358.755434 -364.825471 -373.547200 -386.549192 -406.503483 -435.998727 -485.277797 -588.620422 -828.643965 -1495.196261 -9999.0 -9999.0
-9999.0 -9999.0 525.032216 435.345655 348.014177 259.953100 168.607179 72.813588 -28.560511 -132.604816 -245.375236 -327.781371 -372.097988 -392.369759 -391.522114 -313.034291 -173.315079 -27.314793 137.919052 316.408192 268.555724 215.290484 161.107115 106.609310 52.209371 -1.742885 -47.103384 -83.362555 -112.345099 -134.801826 -152.777001 -167.895265 -180.544217 -191.869025 -202.705865 -213.697197 -225.234454 -236.829721 -248.689616 -259.667375 -264.025662 -252.268128 -3613.073041 -4430.688435 -4430.693069 -4430.693069 -4430.693069 -4430.693069 -4430.693069 -4430.693069 -4430.693069 -4430.693069 -4430.693069 -4430.693069 -4430.693069 -4430.693069 -4430.693069 -4430.693069 -4430.693069 -4430.693069 -4430.685758 -3501.238860 480.760222 397.660966 317.894444 239.048028 160.866027 84.359406 11.127294 -56.788778 -116.626217 -166.479346 -205.724556 -235.008252 -256.187201 -271.527895 -283.171750 -291.716197 -298.516693 -304.284535 -309.714395 -314.600337 -319.058939 -323.345751 -327.689844 -332.022845 -335.906099 -339.533592 -343.348994 -346.872073 -350.382543 -354.231966 -358.755434 -364.825471 -373.547200 -386.549192 -406.503483 -435.998727 -485.277797 -588.620422 -828.643965 -1495.196254 -9999.0 -9999.0
-9999.0 -9999.0 525.032216 435.345655 348.014177 259.953100 168.607179 72.813588 -28.560511 -132.604816 -245.375236 -327.781371 -372.097988 -392.369759 -391.522114 -313.034291 -173.315079 -27.314793 137.919052 316.408192 268.555724 215.290484 161.107115 106.609310 52.209371 -1.742885 -47.103384 -83.362555 -112.345099 -134.801826 -152.777001 -167.895265 -180.544217 -191.869025 -202.705865 -213.697197 -225.234454 -236.829721 -248.689616 -259.667375 -264.025662 -252.268128 -3613.073041 -4430.688435 -4430.693069 -4430.693069 -4430.693069 -4430.693069 -4430.693069 -4430.693069 -4430.693069 -4430.693069 -4430.693069 -4430.693069 -4430.693069 -4430.693069 -4430.693069 -4430.693069 -4430.693069 -4430.693069 -4430.685758 -3501.238860 480.760222 397.660966 317.894444 239.048028 160.866027 84.359406 11.127294 -56.788778 -116.626217 -166.479346 -205.724556 -235.008252 -256.187201 -271.527895 -283.171750 -291.716197 -298.516693 -304.284535 -309.714395 -314.600337 -319.058939 -323.345751 -327.689844 -332.022845 -335.906099 -339.533592 -343.348994 -346.872073 -350.382543 -354.231966 -358.755434 -364.825471 -373.547200 -386.549192 -406.503483 -435.998727 -485.277797 -588.620422 -828.643964 -1495.196256 -9999.0 -9999.0
-9999.0 -9999.0 525.007444 435.330907 348.007146 259.949982 168.605836 72.813017 -28.560747 -132.604917 -245.375283 -327.781389 -372.097994 -392.369763 -391.522115 -313.034291 -173.315079 -27.314793 137.919052 316.408192 268.555724 215.290484 161.107115 106.609309 52.209371 -1.742885 -47.103384 -83.362555 -112.345099 -134.801826 -152.777001 -167.895265 -180.544217 -191.869025 -202.705865 -213.697197 -225.234454 -236.829721 -248.689616 -259.667375 -264.025662 -252.268128 -3613.073041 -4430.688435 -4430.693069 -4430.693069 -4430.693069 -4430.693069 -4430.693069 -4430.693069 -4430.693069 -4430.693069 -4430.693069 -4430.693069 -4430.693069 -4430.693069 -4430.693069 -4430.693069 -4430.693069 -4430.693069 -4430.685758 -3501.238860 480.760222 397.660966 317.894444 239.048028 160.866027 84.359406 11.127294 -56.788778 -116.626217 -166.479346 -205.724556 -235.008252 -256.187201 -271.527895 -283.171750 -291.716197 -298.516693 -304.284535 -309.714395 -314.600337 -319.058939 -323.345751 -327.689844 -332.022845 -335.906099 -339.533592 -343.348994 -346.872073 -350.382543 -354.231966 -358.755434 -364.825471 -373.547200 -386.549192 -406.503483 -435.998727 -485.277797 -588.620422 -828.643966 -1495.196259 -9999.0 -9999.0
-9999.0 -9999.0 524.938401 435.304213 347.997423 259.946272 168.604363 72.812417 -28.560989 -132.605020 -245.375330 -327.781406 -372.098001 -392.369767 -391.522115 -313.034291 -173.315079 -27.314793 137.919052 316.408192 268.555724 215.290484 161.107115 106.609309 52.209370 -1.742885 -47.103385 -83.362555 -112.345099 -134.801826 -152.777001 -167.895266 -180.544217 -191.869026 -202.705866 -213.697197 -225.234454 -236.829721 -248.689616 -259.667375 -264.025663 -252.268128 -3613.073041 -4430.688435 -4430.693069 -4430.693069 -4430.693069 -4430.693069 -4430.693069 -4430.693069 -4430.693069 -4430.693069 -4430.693069 -4430.693069 -4430.693069 -4430.693069 -4430.693069 -4430.693069 -4430.693069 -4430.693069 -4430.685758 -3501.238860 480.760222 397.660966 317.894444 239.048028 160.866027 84.359406 11.127294 -56.788778 -116.626217 -166.479346 -205.724556 -235.008252 -256.187201 -271.527895 -283.171750 -291.716197 -298.516693 -304.284535 -309.714395 -314.600337 -319.058939 -323.345751 -327.689844 -332.022845 -335.906099 -339.533592 -343.348994 -346.872073 -350.382543 -354.231966 -358.755434 -364.825471 -373.547200 -386.549192 -406.503483 -435.998727 -485.277797 -588.620423 -828.643965 -1495.196263 -9999.0 -9999.0
-9999.0 -9999.0 -9999.0 -9999.0 -9999.0 -9999.0 -9999.0 -9999.0 -9999.0 -9999.0 -9999.0 -9999.0 -9999.0 -9999.0 -9999.0 -9999.0 -9999.0 -9999.0 -9999.0 -9999.0 -9999.0 -9999.0 -9999.0 -9999.0 -9999.0 -9999.0 -9999.0 -9999.0 -9999.0 -9999.0 -9999.0 -9999.0 -9999.0 -9999.0 -9999.0 -9999.0 -9999.0 -9999.0 -9999.0 -9999.0 -9999.0 -9999.0 -9999.0 -9999.0 -9999.0 -9999.0 -9999.0 -9999.0 -9999.0 -9999.0 -9999.0 -9999.0 -9999.0 -9999.0 -9999.0 -9999.0 -9999.0 -9999.0 -9999.0 -9999.0 -9999.0 -9999.0 -9999.0 -9999.0 -9999.0 -9999.0 -9999.0 -9999.0 -9999.0 -9999.0 -9999.0 -9999.0 -9999.0 -9999.0 -9999.0 -9999.0 -9999.0 -9999.0 -9999.0 -9999.0 -9999.0 -9999.0 -9999.0 -9999.0 -9999.0 -9999.0 -9999.0 -9999.0 -9999.0 -9999.0 -9999.0 -9999.0 -9999.0 -9999.0 -9999.0 -9999.0 -9999.0 -9999.0 -9999.0 -9999.0 -9999.0 -9999.0 -9999.0 -9999.0
-9999.0 -9999.0 -9999.0 -9999.0 -9999.0 -9999.0 -9999.0 -9999.0 -9999.0 -9999.0 -9999.0 -9999.0 -9999.0 -9999.0 -9999.0 -9999.0 -9999.0 -9999.0 -9999.0 -9999.0 -9999.0 -9999.0 -9999.0 -9999.0 -9999.0 -9999.0 -9999.0 -9999.0 -9999.0 -9999.0 -9999.0 -9999.0 -9999.0 -9999.0 -9999.0 -9999.0 -9999.0 -9999.0 -9999.0 -9999.0 -9999.0 -9999.0 -9999.0 -9999.0 -9999.0 -9999.0 -9999.0 -9999.0 -9999.0 -9999.0 -9999.0 -9999.0 -9999.0 -9999.0 -9999.0 -9999.0 -9999.0 -9999.0 -9999.0 -9999.0 -9999.0 -9999.0 -9999.0 -9999.0 -9999.0 -9999.0 -9999.0 -9999.0 -9999.0 -9999.0 -9999.0 -9999.0 -9999.0 -9999.0 -9999.0 -9999.0 -9999.0 -9999.0 -9999.0 -9999.0 -9999.0 -9999.0 -9999.0 -9999.0 -9999.0 -9999.0 -9999.0 -9999.0 -9999.0 -9999.0 -9999.0 -9999.0 -9999.0 -9999.0 -9999.0 -9999.0 -9999.0 -9999.0 -9999.0 -9999.0 -9999.0 -9999.0 -9999.0 -9999.0