inst/processing_geotop_simulation/geotop_simulation/out/maps3D/PwL0016N0455.asc
ncols         104
nrows         10
xllcorner     -2.000000
yllcorner     0.000000
cellsize      1.000000
NODATA_value  -9999.0
-9999.0 -9999.0 -9999.0 -9999.0 -9999.0 -9999.0 -9999.0 -9999.0 -9999.0 -9999.0 -9999.0 -9999.0 -9999.0 -9999.0 -9999.0 -9999.0 -9999.0 -9999.0 -9999.0 -9999.0 -9999.0 -9999.0 -9999.0 -9999.0 -9999.0 -9999.0 -9999.0 -9999.0 -9999.0 -9999.0 -9999.0 -9999.0 -9999.0 -9999.0 -9999.0 -9999.0 -9999.0 -9999.0 -9999.0 -9999.0 -9999.0 -9999.0 -9999.0 -9999.0 -9999.0 -9999.0 -9999.0 -9999.0 -9999.0 -9999.0 -9999.0 -9999.0 -9999.0 -9999.0 -9999.0 -9999.0 -9999.0 -9999.0 -9999.0 -9999.0 -9999.0 -9999.0 -9999.0 -9999.0 -9999.0 -9999.0 -9999.0 -9999.0 -9999.0 -9999.0 -9999.0 -9999.0 -9999.0 -9999.0 -9999.0 -9999.0 -9999.0 -9999.0 -9999.0 -9999.0 -9999.0 -9999.0 -9999.0 -9999.0 -9999.0 -9999.0 -9999.0 -9999.0 -9999.0 -9999.0 -9999.0 -9999.0 -9999.0 -9999.0 -9999.0 -9999.0 -9999.0 -9999.0 -9999.0 -9999.0 -9999.0 -9999.0 -9999.0 -9999.0
-9999.0 -9999.0 -9999.0 -9999.0 -9999.0 -9999.0 -9999.0 -9999.0 -9999.0 -9999.0 -9999.0 -9999.0 -9999.0 -9999.0 -9999.0 -9999.0 -9999.0 -9999.0 -9999.0 -9999.0 -9999.0 -9999.0 -9999.0 -9999.0 -9999.0 -9999.0 -9999.0 -9999.0 -9999.0 -9999.0 -9999.0 -9999.0 -9999.0 -9999.0 -9999.0 -9999.0 -9999.0 -9999.0 -9999.0 -9999.0 -9999.0 -9999.0 -9999.0 -9999.0 -9999.0 -9999.0 -9999.0 -9999.0 -9999.0 -9999.0 -9999.0 -9999.0 -9999.0 -9999.0 -9999.0 -9999.0 -9999.0 -9999.0 -9999.0 -9999.0 -9999.0 -9999.0 -9999.0 -9999.0 -9999.0 -9999.0 -9999.0 -9999.0 -9999.0 -9999.0 -9999.0 -9999.0 -9999.0 -9999.0 -9999.0 -9999.0 -9999.0 -9999.0 -9999.0 -9999.0 -9999.0 -9999.0 -9999.0 -9999.0 -9999.0 -9999.0 -9999.0 -9999.0 -9999.0 -9999.0 -9999.0 -9999.0 -9999.0 -9999.0 -9999.0 -9999.0 -9999.0 -9999.0 -9999.0 -9999.0 -9999.0 -9999.0 -9999.0 -9999.0
-9999.0 -9999.0 769.775057 670.725960 571.516620 472.173679 372.765279 273.328631 173.882939 74.438386 -24.997708 -124.421370 -223.831048 -323.216857 -422.560913 -521.834401 -620.985407 -719.930768 -818.947279 -917.826773 -1016.500357 -1114.837844 -1210.427385 -1302.331411 -1388.448971 -1466.655291 -1535.241971 -1593.254054 -1640.619589 -1678.051532 -1706.795222 -1728.336097 -1744.158659 -1755.594704 -1763.755841 -1769.527550 -1773.608798 -1776.619036 -1779.377744 -1783.394988 -1789.789470 -1790.363812 -1899.755823 -4084.294595 -4181.433821 -4178.889202 -4176.539775 -4176.137613 -4176.094726 -4176.097315 -4176.103864 -4176.103825 -4176.096591 -4176.083749 -4176.055523 -4175.994095 -4175.874225 -4175.751543 -4176.259455 -4176.099382 -3977.277457 -1672.446687 -1747.244884 -1781.961822 -1783.685459 -1782.988956 -1782.730113 -1782.671849 -1782.661349 -1782.660030 -1782.660270 -1782.660705 -1782.661108 -1782.661452 -1782.661748 -1782.662009 -1782.662246 -1782.662465 -1782.662675 -1782.662883 -1782.663094 -1782.663320 -1782.663573 -1782.663871 -1782.664244 -1782.664736 -1782.665421 -1782.666424 -1782.667960 -1782.670415 -1782.674507 -1782.681605 -1782.694413 -1782.718395 -1782.764973 -1782.859092 -1783.058604 -1783.507242 -1784.588984 -1787.418339 -1795.563963 -1821.740633 -9999.0 -9999.0
-9999.0 -9999.0 769.778527 670.727157 571.516990 472.173796 372.765318 273.328645 173.882944 74.438388 -24.997707 -124.421370 -223.831047 -323.216857 -422.560913 -521.834401 -620.985407 -719.930768 -818.947279 -917.826773 -1016.500357 -1114.837845 -1210.427385 -1302.331411 -1388.448972 -1466.655291 -1535.241971 -1593.254054 -1640.619589 -1678.051532 -1706.795222 -1728.336097 -1744.158659 -1755.594704 -1763.755841 -1769.527550 -1773.608798 -1776.619036 -1779.377744 -1783.394988 -1789.789470 -1790.363812 -1899.755823 -4084.294595 -4181.433821 -4178.889202 -4176.539775 -4176.137613 -4176.094726 -4176.097315 -4176.103864 -4176.103825 -4176.096591 -4176.083749 -4176.055523 -4175.994095 -4175.874225 -4175.751543 -4176.259455 -4176.099382 -3977.277457 -1672.446687 -1747.244884 -1781.961822 -1783.685459 -1782.988956 -1782.730113 -1782.671849 -1782.661349 -1782.660030 -1782.660270 -1782.660705 -1782.661107 -1782.661452 -1782.661748 -1782.662009 -1782.662246 -1782.662465 -1782.662675 -1782.662883 -1782.663094 -1782.663320 -1782.663573 -1782.663871 -1782.664244 -1782.664736 -1782.665421 -1782.666424 -1782.667960 -1782.670415 -1782.674506 -1782.681605 -1782.694413 -1782.718395 -1782.764973 -1782.859092 -1783.058604 -1783.507242 -1784.588984 -1787.418339 -1795.563963 -1821.740633 -9999.0 -9999.0
-9999.0 -9999.0 769.779673 670.727760 571.517239 472.173890 372.765353 273.328657 173.882949 74.438390 -24.997706 -124.421369 -223.831047 -323.216856 -422.560913 -521.834401 -620.985407 -719.930768 -818.947280 -917.826774 -1016.500358 -1114.837845 -1210.427386 -1302.331411 -1388.448972 -1466.655291 -1535.241971 -1593.254054 -1640.619589 -1678.051532 -1706.795222 -1728.336097 -1744.158659 -1755.594704 -1763.755841 -1769.527550 -1773.608798 -1776.619036 -1779.377744 -1783.394988 -1789.789470 -1790.363812 -1899.755823 -4084.294595 -4181.433821 -4178.889202 -4176.539775 -4176.137613 -4176.094726 -4176.097315 -4176.103864 -4176.103825 -4176.096591 -4176.083749 -4176.055523 -4175.994095 -4175.874225 -4175.751543 -4176.259455 -4176.099382 -3977.277457 -1672.446687 -1747.244884 -1781.961822 -1783.685459 -1782.988956 -1782.730113 -1782.671849 -1782.661349 -1782.660030 -1782.660270 -1782.660705 -1782.661107 -1782.661452 -1782.661748 -1782.662009 -1782.662246 -1782.662465 -1782.662675 -1782.662883 -1782.663094 -1782.663320 -1782.663573 -1782.663871 -1782.664244 -1782.664736 -1782.665421 -1782.666424 -1782.667960 -1782.670415 -1782.674506 -1782.681605 -1782.694413 -1782.718395 -1782.764973 -1782.859092 -1783.058604 -1783.507242 -1784.588984 -1787.418339 -1795.563963 -1821.740633 -9999.0 -9999.0
-9999.0 -9999.0 769.779673 670.727760 571.517239 472.173890 372.765353 273.328657 173.882949 74.438390 -24.997706 -124.421370 -223.831047 -323.216856 -422.560913 -521.834401 -620.985407 -719.930768 -818.947279 -917.826774 -1016.500358 -1114.837845 -1210.427386 -1302.331411 -1388.448972 -1466.655291 -1535.241971 -1593.254054 -1640.619589 -1678.051532 -1706.795222 -1728.336097 -1744.158659 -1755.594704 -1763.755841 -1769.527550 -1773.608798 -1776.619036 -1779.377744 -1783.394988 -1789.789470 -1790.363812 -1899.755823 -4084.294595 -4181.433821 -4178.889202 -4176.539775 -4176.137613 -4176.094726 -4176.097315 -4176.103864 -4176.103825 -4176.096591 -4176.083749 -4176.055523 -4175.994095 -4175.874225 -4175.751543 -4176.259455 -4176.099382 -3977.277457 -1672.446687 -1747.244884 -1781.961822 -1783.685459 -1782.988956 -1782.730113 -1782.671849 -1782.661349 -1782.660030 -1782.660270 -1782.660705 -1782.661107 -1782.661452 -1782.661748 -1782.662009 -1782.662246 -1782.662465 -1782.662675 -1782.662883 -1782.663094 -1782.663320 -1782.663573 -1782.663871 -1782.664244 -1782.664736 -1782.665421 -1782.666424 -1782.667960 -1782.670415 -1782.674506 -1782.681605 -1782.694413 -1782.718395 -1782.764973 -1782.859092 -1783.058604 -1783.507242 -1784.588984 -1787.418339 -1795.563963 -1821.740633 -9999.0 -9999.0
-9999.0 -9999.0 769.778527 670.727157 571.516990 472.173796 372.765318 273.328645 173.882944 74.438388 -24.997707 -124.421370 -223.831047 -323.216856 -422.560913 -521.834401 -620.985407 -719.930768 -818.947279 -917.826773 -1016.500357 -1114.837845 -1210.427385 -1302.331411 -1388.448972 -1466.655291 -1535.241971 -1593.254054 -1640.619589 -1678.051532 -1706.795222 -1728.336097 -1744.158659 -1755.594704 -1763.755841 -1769.527550 -1773.608798 -1776.619036 -1779.377744 -1783.394988 -1789.789470 -1790.363812 -1899.755823 -4084.294595 -4181.433821 -4178.889202 -4176.539775 -4176.137613 -4176.094726 -4176.097315 -4176.103864 -4176.103825 -4176.096591 -4176.083749 -4176.055523 -4175.994095 -4175.874225 -4175.751543 -4176.259455 -4176.099382 -3977.277457 -1672.446687 -1747.244884 -1781.961822 -1783.685459 -1782.988956 -1782.730113 -1782.671849 -1782.661349 -1782.660030 -1782.660270 -1782.660705 -1782.661107 -1782.661452 -1782.661748 -1782.662009 -1782.662246 -1782.662465 -1782.662675 -1782.662883 -1782.663094 -1782.663320 -1782.663573 -1782.663871 -1782.664244 -1782.664736 -1782.665421 -1782.666424 -1782.667960 -1782.670415 -1782.674506 -1782.681605 -1782.694413 -1782.718395 -1782.764973 -1782.859092 -1783.058604 -1783.507242 -1784.588984 -1787.418339 -1795.563963 -1821.740633 -9999.0 -9999.0
-9999.0 -9999.0 769.775057 670.725960 571.516620 472.173679 372.765279 273.328631 173.882939 74.438386 -24.997708 -124.421371 -223.831047 -323.216857 -422.560913 -521.834401 -620.985407 -719.930768 -818.947279 -917.826773 -1016.500357 -1114.837844 -1210.427385 -1302.331411 -1388.448971 -1466.655291 -1535.241971 -1593.254054 -1640.619589 -1678.051532 -1706.795222 -1728.336097 -1744.158659 -1755.594704 -1763.755841 -1769.527550 -1773.608798 -1776.619036 -1779.377744 -1783.394988 -1789.789470 -1790.363812 -1899.755823 -4084.294595 -4181.433821 -4178.889202 -4176.539775 -4176.137613 -4176.094726 -4176.097315 -4176.103864 -4176.103825 -4176.096591 -4176.083749 -4176.055523 -4175.994095 -4175.874225 -4175.751543 -4176.259455 -4176.099382 -3977.277457 -1672.446687 -1747.244884 -1781.961822 -1783.685459 -1782.988956 -1782.730113 -1782.671849 -1782.661349 -1782.660030 -1782.660270 -1782.660705 -1782.661108 -1782.661452 -1782.661748 -1782.662009 -1782.662246 -1782.662465 -1782.662675 -1782.662883 -1782.663094 -1782.663320 -1782.663573 -1782.663871 -1782.664244 -1782.664736 -1782.665421 -1782.666424 -1782.667960 -1782.670415 -1782.674507 -1782.681605 -1782.694413 -1782.718395 -1782.764973 -1782.859092 -1783.058604 -1783.507242 -1784.588984 -1787.418339 -1795.563963 -1821.740633 -9999.0 -9999.0
-9999.0 -9999.0 -9999.0 -9999.0 -9999.0 -9999.0 -9999.0 -9999.0 -9999.0 -9999.0 -9999.0 -9999.0 -9999.0 -9999.0 -9999.0 -9999.0 -9999.0 -9999.0 -9999.0 -9999.0 -9999.0 -9999.0 -9999.0 -9999.0 -9999.0 -9999.0 -9999.0 -9999.0 -9999.0 -9999.0 -9999.0 -9999.0 -9999.0 -9999.0 -9999.0 -9999.0 -9999.0 -9999.0 -9999.0 -9999.0 -9999.0 -9999.0 -9999.0 -9999.0 -9999.0 -9999.0 -9999.0 -9999.0 -9999.0 -9999.0 -9999.0 -9999.0 -9999.0 -9999.0 -9999.0 -9999.0 -9999.0 -9999.0 -9999.0 -9999.0 -9999.0 -9999.0 -9999.0 -9999.0 -9999.0 -9999.0 -9999.0 -9999.0 -9999.0 -9999.0 -9999.0 -9999.0 -9999.0 -9999.0 -9999.0 -9999.0 -9999.0 -9999.0 -9999.0 -9999.0 -9999.0 -9999.0 -9999.0 -9999.0 -9999.0 -9999.0 -9999.0 -9999.0 -9999.0 -9999.0 -9999.0 -9999.0 -9999.0 -9999.0 -9999.0 -9999.0 -9999.0 -9999.0 -9999.0 -9999.0 -9999.0 -9999.0 -9999.0 -9999.0
-9999.0 -9999.0 -9999.0 -9999.0 -9999.0 -9999.0 -9999.0 -9999.0 -9999.0 -9999.0 -9999.0 -9999.0 -9999.0 -9999.0 -9999.0 -9999.0 -9999.0 -9999.0 -9999.0 -9999.0 -9999.0 -9999.0 -9999.0 -9999.0 -9999.0 -9999.0 -9999.0 -9999.0 -9999.0 -9999.0 -9999.0 -9999.0 -9999.0 -9999.0 -9999.0 -9999.0 -9999.0 -9999.0 -9999.0 -9999.0 -9999.0 -9999.0 -9999.0 -9999.0 -9999.0 -9999.0 -9999.0 -9999.0 -9999.0 -9999.0 -9999.0 -9999.0 -9999.0 -9999.0 -9999.0 -9999.0 -9999.0 -9999.0 -9999.0 -9999.0 -9999.0 -9999.0 -9999.0 -9999.0 -9999.0 -9999.0 -9999.0 -9999.0 -9999.0 -9999.0 -9999.0 -9999.0 -9999.0 -9999.0 -9999.0 -9999.0 -9999.0 -9999.0 -9999.0 -9999.0 -9999.0 -9999.0 -9999.0 -9999.0 -9999.0 -9999.0 -9999.0 -9999.0 -9999.0 -9999.0 -9999.0 -9999.0 -9999.0 -9999.0 -9999.0 -9999.0 -9999.0 -9999.0 -9999.0 -9999.0 -9999.0 -9999.0 -9999.0 -9999.0