inst/processing_geotop_simulation/geotop_simulation/out/maps3D/PwL0016N0110.asc
ncols         104
nrows         10
xllcorner     -2.000000
yllcorner     0.000000
cellsize      1.000000
NODATA_value  -9999.0
-9999.0 -9999.0 -9999.0 -9999.0 -9999.0 -9999.0 -9999.0 -9999.0 -9999.0 -9999.0 -9999.0 -9999.0 -9999.0 -9999.0 -9999.0 -9999.0 -9999.0 -9999.0 -9999.0 -9999.0 -9999.0 -9999.0 -9999.0 -9999.0 -9999.0 -9999.0 -9999.0 -9999.0 -9999.0 -9999.0 -9999.0 -9999.0 -9999.0 -9999.0 -9999.0 -9999.0 -9999.0 -9999.0 -9999.0 -9999.0 -9999.0 -9999.0 -9999.0 -9999.0 -9999.0 -9999.0 -9999.0 -9999.0 -9999.0 -9999.0 -9999.0 -9999.0 -9999.0 -9999.0 -9999.0 -9999.0 -9999.0 -9999.0 -9999.0 -9999.0 -9999.0 -9999.0 -9999.0 -9999.0 -9999.0 -9999.0 -9999.0 -9999.0 -9999.0 -9999.0 -9999.0 -9999.0 -9999.0 -9999.0 -9999.0 -9999.0 -9999.0 -9999.0 -9999.0 -9999.0 -9999.0 -9999.0 -9999.0 -9999.0 -9999.0 -9999.0 -9999.0 -9999.0 -9999.0 -9999.0 -9999.0 -9999.0 -9999.0 -9999.0 -9999.0 -9999.0 -9999.0 -9999.0 -9999.0 -9999.0 -9999.0 -9999.0 -9999.0 -9999.0
-9999.0 -9999.0 -9999.0 -9999.0 -9999.0 -9999.0 -9999.0 -9999.0 -9999.0 -9999.0 -9999.0 -9999.0 -9999.0 -9999.0 -9999.0 -9999.0 -9999.0 -9999.0 -9999.0 -9999.0 -9999.0 -9999.0 -9999.0 -9999.0 -9999.0 -9999.0 -9999.0 -9999.0 -9999.0 -9999.0 -9999.0 -9999.0 -9999.0 -9999.0 -9999.0 -9999.0 -9999.0 -9999.0 -9999.0 -9999.0 -9999.0 -9999.0 -9999.0 -9999.0 -9999.0 -9999.0 -9999.0 -9999.0 -9999.0 -9999.0 -9999.0 -9999.0 -9999.0 -9999.0 -9999.0 -9999.0 -9999.0 -9999.0 -9999.0 -9999.0 -9999.0 -9999.0 -9999.0 -9999.0 -9999.0 -9999.0 -9999.0 -9999.0 -9999.0 -9999.0 -9999.0 -9999.0 -9999.0 -9999.0 -9999.0 -9999.0 -9999.0 -9999.0 -9999.0 -9999.0 -9999.0 -9999.0 -9999.0 -9999.0 -9999.0 -9999.0 -9999.0 -9999.0 -9999.0 -9999.0 -9999.0 -9999.0 -9999.0 -9999.0 -9999.0 -9999.0 -9999.0 -9999.0 -9999.0 -9999.0 -9999.0 -9999.0 -9999.0 -9999.0
-9999.0 -9999.0 790.424778 699.346014 606.814511 513.042162 418.656157 324.002622 229.261076 134.526434 39.849791 -54.724318 -149.208999 -243.666607 -338.334124 -433.698445 -530.501472 -629.291834 -727.066560 -821.008556 -912.328183 -998.882348 -1059.806346 -1099.703319 -1123.194061 -1136.019637 -1142.707029 -1146.118556 -1147.856391 -1148.758480 -1149.249754 -1149.539384 -1149.728099 -1149.863040 -1149.965678 -1150.047915 -1150.125819 -1150.237782 -1150.528376 -1152.141614 -1163.517330 -1256.391878 -2077.975232 -4172.711277 -4183.168020 -4183.168317 -4183.168317 -4183.168317 -4183.168317 -4183.168317 -4183.168317 -4183.168317 -4183.168317 -4183.168317 -4183.168317 -4183.168317 -4183.168317 -4183.168316 -4183.168315 -4183.167747 -4166.255960 -1962.469873 -1226.458869 -1159.224094 -1151.508105 -1150.594222 -1150.470020 -1150.450476 -1150.448487 -1150.449682 -1150.451200 -1150.452479 -1150.453465 -1150.454214 -1150.454785 -1150.455229 -1150.455580 -1150.455863 -1150.456098 -1150.456306 -1150.456508 -1150.456730 -1150.457008 -1150.457393 -1150.457961 -1150.458833 -1150.460201 -1150.462385 -1150.465922 -1150.471744 -1150.481521 -1150.498357 -1150.528196 -1150.582713 -1150.685181 -1150.882515 -1151.271261 -1152.060653 -1153.747589 -1157.626863 -1167.238281 -1193.240225 -9999.0 -9999.0
-9999.0 -9999.0 790.429307 699.347588 606.815000 513.042317 418.656208 324.002639 229.261082 134.526436 39.849792 -54.724317 -149.208999 -243.666607 -338.334124 -433.698445 -530.501472 -629.291834 -727.066560 -821.008556 -912.328183 -998.882348 -1059.806346 -1099.703319 -1123.194061 -1136.019637 -1142.707029 -1146.118556 -1147.856391 -1148.758480 -1149.249754 -1149.539384 -1149.728099 -1149.863040 -1149.965678 -1150.047915 -1150.125819 -1150.237782 -1150.528376 -1152.141614 -1163.517330 -1256.391878 -2077.975232 -4172.711277 -4183.168020 -4183.168317 -4183.168317 -4183.168317 -4183.168317 -4183.168317 -4183.168317 -4183.168317 -4183.168317 -4183.168317 -4183.168317 -4183.168317 -4183.168317 -4183.168316 -4183.168315 -4183.167747 -4166.255960 -1962.469873 -1226.458869 -1159.224094 -1151.508105 -1150.594222 -1150.470020 -1150.450476 -1150.448487 -1150.449682 -1150.451200 -1150.452479 -1150.453465 -1150.454214 -1150.454785 -1150.455229 -1150.455580 -1150.455863 -1150.456098 -1150.456306 -1150.456508 -1150.456730 -1150.457008 -1150.457393 -1150.457961 -1150.458833 -1150.460201 -1150.462385 -1150.465922 -1150.471744 -1150.481521 -1150.498357 -1150.528196 -1150.582713 -1150.685181 -1150.882515 -1151.271261 -1152.060653 -1153.747589 -1157.626863 -1167.238281 -1193.240225 -9999.0 -9999.0
-9999.0 -9999.0 790.430803 699.348380 606.815328 513.042441 418.656253 324.002655 229.261088 134.526438 39.849793 -54.724317 -149.208999 -243.666607 -338.334124 -433.698445 -530.501472 -629.291834 -727.066560 -821.008556 -912.328183 -998.882348 -1059.806346 -1099.703319 -1123.194061 -1136.019637 -1142.707029 -1146.118556 -1147.856391 -1148.758480 -1149.249754 -1149.539384 -1149.728099 -1149.863040 -1149.965678 -1150.047915 -1150.125819 -1150.237782 -1150.528376 -1152.141614 -1163.517330 -1256.391878 -2077.975232 -4172.711277 -4183.168020 -4183.168317 -4183.168317 -4183.168317 -4183.168317 -4183.168317 -4183.168317 -4183.168317 -4183.168317 -4183.168317 -4183.168317 -4183.168317 -4183.168317 -4183.168316 -4183.168315 -4183.167747 -4166.255960 -1962.469873 -1226.458869 -1159.224094 -1151.508105 -1150.594222 -1150.470020 -1150.450476 -1150.448487 -1150.449682 -1150.451200 -1150.452479 -1150.453465 -1150.454214 -1150.454785 -1150.455229 -1150.455580 -1150.455863 -1150.456098 -1150.456306 -1150.456508 -1150.456730 -1150.457008 -1150.457393 -1150.457961 -1150.458833 -1150.460201 -1150.462385 -1150.465922 -1150.471744 -1150.481521 -1150.498357 -1150.528196 -1150.582713 -1150.685181 -1150.882515 -1151.271261 -1152.060653 -1153.747589 -1157.626863 -1167.238281 -1193.240225 -9999.0 -9999.0
-9999.0 -9999.0 790.430803 699.348380 606.815328 513.042441 418.656253 324.002655 229.261088 134.526438 39.849793 -54.724317 -149.208999 -243.666607 -338.334124 -433.698445 -530.501472 -629.291834 -727.066560 -821.008556 -912.328183 -998.882348 -1059.806346 -1099.703319 -1123.194061 -1136.019637 -1142.707029 -1146.118556 -1147.856391 -1148.758480 -1149.249754 -1149.539384 -1149.728099 -1149.863040 -1149.965678 -1150.047915 -1150.125819 -1150.237782 -1150.528376 -1152.141614 -1163.517330 -1256.391878 -2077.975232 -4172.711277 -4183.168020 -4183.168317 -4183.168317 -4183.168317 -4183.168317 -4183.168317 -4183.168317 -4183.168317 -4183.168317 -4183.168317 -4183.168317 -4183.168317 -4183.168317 -4183.168316 -4183.168315 -4183.167747 -4166.255960 -1962.469873 -1226.458869 -1159.224094 -1151.508105 -1150.594222 -1150.470020 -1150.450476 -1150.448487 -1150.449682 -1150.451200 -1150.452479 -1150.453465 -1150.454214 -1150.454785 -1150.455229 -1150.455580 -1150.455863 -1150.456098 -1150.456306 -1150.456508 -1150.456730 -1150.457008 -1150.457393 -1150.457961 -1150.458833 -1150.460201 -1150.462385 -1150.465922 -1150.471744 -1150.481521 -1150.498357 -1150.528196 -1150.582713 -1150.685181 -1150.882515 -1151.271261 -1152.060653 -1153.747589 -1157.626863 -1167.238281 -1193.240225 -9999.0 -9999.0
-9999.0 -9999.0 790.429307 699.347588 606.814999 513.042317 418.656208 324.002639 229.261082 134.526436 39.849792 -54.724317 -149.208999 -243.666607 -338.334124 -433.698445 -530.501472 -629.291834 -727.066560 -821.008556 -912.328183 -998.882348 -1059.806346 -1099.703319 -1123.194061 -1136.019637 -1142.707029 -1146.118556 -1147.856391 -1148.758480 -1149.249754 -1149.539384 -1149.728099 -1149.863040 -1149.965678 -1150.047915 -1150.125819 -1150.237782 -1150.528376 -1152.141614 -1163.517330 -1256.391878 -2077.975232 -4172.711277 -4183.168020 -4183.168317 -4183.168317 -4183.168317 -4183.168317 -4183.168317 -4183.168317 -4183.168317 -4183.168317 -4183.168317 -4183.168317 -4183.168317 -4183.168317 -4183.168316 -4183.168315 -4183.167747 -4166.255960 -1962.469873 -1226.458869 -1159.224094 -1151.508105 -1150.594222 -1150.470020 -1150.450476 -1150.448487 -1150.449682 -1150.451200 -1150.452479 -1150.453465 -1150.454214 -1150.454785 -1150.455229 -1150.455580 -1150.455863 -1150.456098 -1150.456306 -1150.456508 -1150.456730 -1150.457008 -1150.457393 -1150.457961 -1150.458833 -1150.460201 -1150.462385 -1150.465922 -1150.471744 -1150.481521 -1150.498357 -1150.528196 -1150.582713 -1150.685181 -1150.882515 -1151.271261 -1152.060653 -1153.747589 -1157.626863 -1167.238281 -1193.240225 -9999.0 -9999.0
-9999.0 -9999.0 790.424778 699.346014 606.814511 513.042162 418.656157 324.002622 229.261076 134.526434 39.849791 -54.724318 -149.208999 -243.666607 -338.334124 -433.698445 -530.501472 -629.291834 -727.066560 -821.008556 -912.328183 -998.882348 -1059.806346 -1099.703319 -1123.194061 -1136.019637 -1142.707029 -1146.118556 -1147.856391 -1148.758480 -1149.249754 -1149.539384 -1149.728099 -1149.863040 -1149.965678 -1150.047915 -1150.125819 -1150.237782 -1150.528376 -1152.141614 -1163.517330 -1256.391878 -2077.975232 -4172.711277 -4183.168020 -4183.168317 -4183.168317 -4183.168317 -4183.168317 -4183.168317 -4183.168317 -4183.168317 -4183.168317 -4183.168317 -4183.168317 -4183.168317 -4183.168317 -4183.168316 -4183.168315 -4183.167747 -4166.255960 -1962.469873 -1226.458869 -1159.224094 -1151.508105 -1150.594222 -1150.470020 -1150.450476 -1150.448487 -1150.449682 -1150.451200 -1150.452479 -1150.453465 -1150.454214 -1150.454785 -1150.455229 -1150.455580 -1150.455863 -1150.456098 -1150.456306 -1150.456508 -1150.456730 -1150.457008 -1150.457393 -1150.457961 -1150.458833 -1150.460201 -1150.462385 -1150.465922 -1150.471744 -1150.481521 -1150.498357 -1150.528196 -1150.582713 -1150.685181 -1150.882515 -1151.271261 -1152.060653 -1153.747589 -1157.626863 -1167.238281 -1193.240225 -9999.0 -9999.0
-9999.0 -9999.0 -9999.0 -9999.0 -9999.0 -9999.0 -9999.0 -9999.0 -9999.0 -9999.0 -9999.0 -9999.0 -9999.0 -9999.0 -9999.0 -9999.0 -9999.0 -9999.0 -9999.0 -9999.0 -9999.0 -9999.0 -9999.0 -9999.0 -9999.0 -9999.0 -9999.0 -9999.0 -9999.0 -9999.0 -9999.0 -9999.0 -9999.0 -9999.0 -9999.0 -9999.0 -9999.0 -9999.0 -9999.0 -9999.0 -9999.0 -9999.0 -9999.0 -9999.0 -9999.0 -9999.0 -9999.0 -9999.0 -9999.0 -9999.0 -9999.0 -9999.0 -9999.0 -9999.0 -9999.0 -9999.0 -9999.0 -9999.0 -9999.0 -9999.0 -9999.0 -9999.0 -9999.0 -9999.0 -9999.0 -9999.0 -9999.0 -9999.0 -9999.0 -9999.0 -9999.0 -9999.0 -9999.0 -9999.0 -9999.0 -9999.0 -9999.0 -9999.0 -9999.0 -9999.0 -9999.0 -9999.0 -9999.0 -9999.0 -9999.0 -9999.0 -9999.0 -9999.0 -9999.0 -9999.0 -9999.0 -9999.0 -9999.0 -9999.0 -9999.0 -9999.0 -9999.0 -9999.0 -9999.0 -9999.0 -9999.0 -9999.0 -9999.0 -9999.0
-9999.0 -9999.0 -9999.0 -9999.0 -9999.0 -9999.0 -9999.0 -9999.0 -9999.0 -9999.0 -9999.0 -9999.0 -9999.0 -9999.0 -9999.0 -9999.0 -9999.0 -9999.0 -9999.0 -9999.0 -9999.0 -9999.0 -9999.0 -9999.0 -9999.0 -9999.0 -9999.0 -9999.0 -9999.0 -9999.0 -9999.0 -9999.0 -9999.0 -9999.0 -9999.0 -9999.0 -9999.0 -9999.0 -9999.0 -9999.0 -9999.0 -9999.0 -9999.0 -9999.0 -9999.0 -9999.0 -9999.0 -9999.0 -9999.0 -9999.0 -9999.0 -9999.0 -9999.0 -9999.0 -9999.0 -9999.0 -9999.0 -9999.0 -9999.0 -9999.0 -9999.0 -9999.0 -9999.0 -9999.0 -9999.0 -9999.0 -9999.0 -9999.0 -9999.0 -9999.0 -9999.0 -9999.0 -9999.0 -9999.0 -9999.0 -9999.0 -9999.0 -9999.0 -9999.0 -9999.0 -9999.0 -9999.0 -9999.0 -9999.0 -9999.0 -9999.0 -9999.0 -9999.0 -9999.0 -9999.0 -9999.0 -9999.0 -9999.0 -9999.0 -9999.0 -9999.0 -9999.0 -9999.0 -9999.0 -9999.0 -9999.0 -9999.0 -9999.0 -9999.0