inst/processing_geotop_simulation/geotop_simulation/out/maps3D/PwL0000N0450.asc
ncols         104
nrows         10
xllcorner     -2.000000
yllcorner     0.000000
cellsize      1.000000
NODATA_value  -9999.0
-9999.0 -9999.0 -9999.0 -9999.0 -9999.0 -9999.0 -9999.0 -9999.0 -9999.0 -9999.0 -9999.0 -9999.0 -9999.0 -9999.0 -9999.0 -9999.0 -9999.0 -9999.0 -9999.0 -9999.0 -9999.0 -9999.0 -9999.0 -9999.0 -9999.0 -9999.0 -9999.0 -9999.0 -9999.0 -9999.0 -9999.0 -9999.0 -9999.0 -9999.0 -9999.0 -9999.0 -9999.0 -9999.0 -9999.0 -9999.0 -9999.0 -9999.0 -9999.0 -9999.0 -9999.0 -9999.0 -9999.0 -9999.0 -9999.0 -9999.0 -9999.0 -9999.0 -9999.0 -9999.0 -9999.0 -9999.0 -9999.0 -9999.0 -9999.0 -9999.0 -9999.0 -9999.0 -9999.0 -9999.0 -9999.0 -9999.0 -9999.0 -9999.0 -9999.0 -9999.0 -9999.0 -9999.0 -9999.0 -9999.0 -9999.0 -9999.0 -9999.0 -9999.0 -9999.0 -9999.0 -9999.0 -9999.0 -9999.0 -9999.0 -9999.0 -9999.0 -9999.0 -9999.0 -9999.0 -9999.0 -9999.0 -9999.0 -9999.0 -9999.0 -9999.0 -9999.0 -9999.0 -9999.0 -9999.0 -9999.0 -9999.0 -9999.0 -9999.0 -9999.0
-9999.0 -9999.0 -9999.0 -9999.0 -9999.0 -9999.0 -9999.0 -9999.0 -9999.0 -9999.0 -9999.0 -9999.0 -9999.0 -9999.0 -9999.0 -9999.0 -9999.0 -9999.0 -9999.0 -9999.0 -9999.0 -9999.0 -9999.0 -9999.0 -9999.0 -9999.0 -9999.0 -9999.0 -9999.0 -9999.0 -9999.0 -9999.0 -9999.0 -9999.0 -9999.0 -9999.0 -9999.0 -9999.0 -9999.0 -9999.0 -9999.0 -9999.0 -9999.0 -9999.0 -9999.0 -9999.0 -9999.0 -9999.0 -9999.0 -9999.0 -9999.0 -9999.0 -9999.0 -9999.0 -9999.0 -9999.0 -9999.0 -9999.0 -9999.0 -9999.0 -9999.0 -9999.0 -9999.0 -9999.0 -9999.0 -9999.0 -9999.0 -9999.0 -9999.0 -9999.0 -9999.0 -9999.0 -9999.0 -9999.0 -9999.0 -9999.0 -9999.0 -9999.0 -9999.0 -9999.0 -9999.0 -9999.0 -9999.0 -9999.0 -9999.0 -9999.0 -9999.0 -9999.0 -9999.0 -9999.0 -9999.0 -9999.0 -9999.0 -9999.0 -9999.0 -9999.0 -9999.0 -9999.0 -9999.0 -9999.0 -9999.0 -9999.0 -9999.0 -9999.0
-9999.0 -9999.0 0.026923 -96.778725 -195.819793 -295.110157 -394.491556 -493.905921 -593.323953 -692.723252 -792.074346 -891.357146 -990.553172 -1089.639373 -1188.693431 -1287.692335 -1386.448224 -1484.808648 -1582.479198 -1678.851215 -1772.700205 -1861.810416 -1943.089938 -2013.600437 -2071.725423 -2117.532685 -2152.345590 -2178.071477 -2196.679067 -2209.916915 -2219.213109 -2225.674504 -2230.129050 -2233.180477 -2235.261221 -2236.679711 -2237.668376 -2238.466772 -2239.537585 -2241.734466 -2240.692219 -2163.993159 -1339.548591 -1335.297988 -1325.548621 -1319.063639 -1316.007732 -1315.517449 -1315.463221 -1315.467527 -1315.480247 -1315.494006 -1315.507241 -1315.519507 -1315.530958 -1315.544842 -1315.590810 -1315.890690 -1317.540316 -1321.157322 -1325.866103 -1323.040263 -2139.445924 -2235.107480 -2240.375835 -2239.947578 -2239.740317 -2239.695012 -2239.687271 -2239.686429 -2239.686704 -2239.687087 -2239.687415 -2239.687673 -2239.687877 -2239.688039 -2239.688171 -2239.688282 -2239.688379 -2239.688468 -2239.688558 -2239.688657 -2239.688779 -2239.688943 -2239.689177 -2239.689529 -2239.690075 -2239.690941 -2239.692348 -2239.694688 -2239.698685 -2239.705720 -2239.718488 -2239.742390 -2239.788500 -2239.880375 -2240.070950 -2240.488228 -2241.469353 -2243.998182 -2251.332883 -2275.837223 -9999.0 -9999.0
-9999.0 -9999.0 0.080256 -96.776916 -195.819343 -295.110026 -394.491514 -493.905906 -593.323948 -692.723249 -792.074345 -891.357145 -990.553172 -1089.639373 -1188.693431 -1287.692335 -1386.448224 -1484.808649 -1582.479198 -1678.851215 -1772.700205 -1861.810416 -1943.089938 -2013.600437 -2071.725423 -2117.532685 -2152.345590 -2178.071477 -2196.679067 -2209.916915 -2219.213109 -2225.674504 -2230.129050 -2233.180477 -2235.261221 -2236.679711 -2237.668376 -2238.466772 -2239.537585 -2241.734466 -2240.692219 -2163.993159 -1339.548591 -1335.297987 -1325.548620 -1319.063639 -1316.007732 -1315.517449 -1315.463221 -1315.467527 -1315.480247 -1315.494006 -1315.507241 -1315.519507 -1315.530958 -1315.544842 -1315.590810 -1315.890690 -1317.540316 -1321.157322 -1325.866103 -1323.040263 -2139.445924 -2235.107480 -2240.375835 -2239.947578 -2239.740317 -2239.695012 -2239.687271 -2239.686428 -2239.686704 -2239.687087 -2239.687414 -2239.687673 -2239.687877 -2239.688039 -2239.688171 -2239.688282 -2239.688379 -2239.688468 -2239.688558 -2239.688657 -2239.688779 -2239.688943 -2239.689177 -2239.689529 -2239.690075 -2239.690941 -2239.692348 -2239.694688 -2239.698685 -2239.705720 -2239.718488 -2239.742390 -2239.788500 -2239.880375 -2240.070950 -2240.488228 -2241.469353 -2243.998182 -2251.332883 -2275.837223 -9999.0 -9999.0
-9999.0 -9999.0 0.080276 -96.776191 -195.819057 -295.109923 -394.491477 -493.905893 -593.323943 -692.723247 -792.074344 -891.357145 -990.553171 -1089.639373 -1188.693431 -1287.692335 -1386.448225 -1484.808649 -1582.479199 -1678.851215 -1772.700205 -1861.810416 -1943.089938 -2013.600437 -2071.725423 -2117.532685 -2152.345590 -2178.071477 -2196.679067 -2209.916915 -2219.213109 -2225.674504 -2230.129050 -2233.180477 -2235.261221 -2236.679711 -2237.668376 -2238.466772 -2239.537585 -2241.734466 -2240.692219 -2163.993159 -1339.548591 -1335.297987 -1325.548620 -1319.063639 -1316.007732 -1315.517449 -1315.463221 -1315.467527 -1315.480247 -1315.494006 -1315.507241 -1315.519507 -1315.530958 -1315.544842 -1315.590810 -1315.890690 -1317.540316 -1321.157322 -1325.866103 -1323.040263 -2139.445924 -2235.107480 -2240.375835 -2239.947578 -2239.740317 -2239.695012 -2239.687271 -2239.686428 -2239.686704 -2239.687087 -2239.687414 -2239.687673 -2239.687877 -2239.688039 -2239.688171 -2239.688282 -2239.688379 -2239.688468 -2239.688558 -2239.688657 -2239.688779 -2239.688943 -2239.689177 -2239.689529 -2239.690075 -2239.690941 -2239.692348 -2239.694688 -2239.698685 -2239.705720 -2239.718488 -2239.742390 -2239.788500 -2239.880375 -2240.070950 -2240.488228 -2241.469353 -2243.998182 -2251.332883 -2275.837223 -9999.0 -9999.0
-9999.0 -9999.0 0.080276 -96.776191 -195.819057 -295.109923 -394.491477 -493.905893 -593.323943 -692.723248 -792.074344 -891.357145 -990.553171 -1089.639373 -1188.693431 -1287.692335 -1386.448224 -1484.808649 -1582.479199 -1678.851215 -1772.700205 -1861.810416 -1943.089938 -2013.600437 -2071.725423 -2117.532685 -2152.345590 -2178.071477 -2196.679067 -2209.916915 -2219.213109 -2225.674504 -2230.129050 -2233.180477 -2235.261221 -2236.679711 -2237.668376 -2238.466772 -2239.537585 -2241.734466 -2240.692219 -2163.993159 -1339.548591 -1335.297987 -1325.548620 -1319.063639 -1316.007732 -1315.517449 -1315.463221 -1315.467527 -1315.480247 -1315.494006 -1315.507241 -1315.519507 -1315.530958 -1315.544842 -1315.590810 -1315.890690 -1317.540316 -1321.157322 -1325.866103 -1323.040263 -2139.445924 -2235.107480 -2240.375835 -2239.947578 -2239.740317 -2239.695012 -2239.687271 -2239.686428 -2239.686704 -2239.687087 -2239.687414 -2239.687673 -2239.687877 -2239.688039 -2239.688171 -2239.688282 -2239.688379 -2239.688468 -2239.688558 -2239.688657 -2239.688779 -2239.688943 -2239.689177 -2239.689529 -2239.690075 -2239.690941 -2239.692348 -2239.694688 -2239.698685 -2239.705720 -2239.718488 -2239.742390 -2239.788500 -2239.880375 -2240.070950 -2240.488228 -2241.469353 -2243.998182 -2251.332883 -2275.837223 -9999.0 -9999.0
-9999.0 -9999.0 0.080256 -96.776916 -195.819342 -295.110026 -394.491514 -493.905906 -593.323948 -692.723249 -792.074345 -891.357145 -990.553172 -1089.639373 -1188.693431 -1287.692335 -1386.448224 -1484.808649 -1582.479198 -1678.851215 -1772.700205 -1861.810416 -1943.089938 -2013.600437 -2071.725423 -2117.532685 -2152.345590 -2178.071477 -2196.679067 -2209.916915 -2219.213109 -2225.674504 -2230.129050 -2233.180477 -2235.261221 -2236.679711 -2237.668376 -2238.466772 -2239.537585 -2241.734466 -2240.692219 -2163.993159 -1339.548591 -1335.297987 -1325.548620 -1319.063639 -1316.007732 -1315.517449 -1315.463221 -1315.467527 -1315.480247 -1315.494006 -1315.507241 -1315.519507 -1315.530958 -1315.544842 -1315.590810 -1315.890690 -1317.540316 -1321.157322 -1325.866103 -1323.040263 -2139.445924 -2235.107480 -2240.375835 -2239.947578 -2239.740317 -2239.695012 -2239.687271 -2239.686428 -2239.686704 -2239.687087 -2239.687414 -2239.687673 -2239.687877 -2239.688039 -2239.688171 -2239.688282 -2239.688379 -2239.688468 -2239.688558 -2239.688657 -2239.688779 -2239.688943 -2239.689177 -2239.689529 -2239.690075 -2239.690941 -2239.692348 -2239.694688 -2239.698685 -2239.705720 -2239.718488 -2239.742390 -2239.788500 -2239.880375 -2240.070950 -2240.488228 -2241.469353 -2243.998182 -2251.332883 -2275.837223 -9999.0 -9999.0
-9999.0 -9999.0 0.026923 -96.778725 -195.819793 -295.110157 -394.491556 -493.905921 -593.323953 -692.723252 -792.074346 -891.357146 -990.553172 -1089.639373 -1188.693431 -1287.692335 -1386.448224 -1484.808648 -1582.479198 -1678.851215 -1772.700205 -1861.810416 -1943.089938 -2013.600437 -2071.725423 -2117.532685 -2152.345590 -2178.071477 -2196.679067 -2209.916915 -2219.213109 -2225.674504 -2230.129050 -2233.180477 -2235.261221 -2236.679711 -2237.668376 -2238.466772 -2239.537585 -2241.734466 -2240.692219 -2163.993159 -1339.548591 -1335.297988 -1325.548621 -1319.063639 -1316.007732 -1315.517449 -1315.463221 -1315.467527 -1315.480247 -1315.494006 -1315.507241 -1315.519507 -1315.530958 -1315.544842 -1315.590810 -1315.890690 -1317.540316 -1321.157322 -1325.866103 -1323.040263 -2139.445924 -2235.107480 -2240.375835 -2239.947578 -2239.740317 -2239.695012 -2239.687271 -2239.686429 -2239.686704 -2239.687087 -2239.687415 -2239.687673 -2239.687877 -2239.688039 -2239.688171 -2239.688282 -2239.688379 -2239.688468 -2239.688558 -2239.688657 -2239.688779 -2239.688943 -2239.689177 -2239.689529 -2239.690075 -2239.690941 -2239.692348 -2239.694688 -2239.698685 -2239.705720 -2239.718488 -2239.742390 -2239.788500 -2239.880375 -2240.070950 -2240.488228 -2241.469353 -2243.998182 -2251.332883 -2275.837223 -9999.0 -9999.0
-9999.0 -9999.0 -9999.0 -9999.0 -9999.0 -9999.0 -9999.0 -9999.0 -9999.0 -9999.0 -9999.0 -9999.0 -9999.0 -9999.0 -9999.0 -9999.0 -9999.0 -9999.0 -9999.0 -9999.0 -9999.0 -9999.0 -9999.0 -9999.0 -9999.0 -9999.0 -9999.0 -9999.0 -9999.0 -9999.0 -9999.0 -9999.0 -9999.0 -9999.0 -9999.0 -9999.0 -9999.0 -9999.0 -9999.0 -9999.0 -9999.0 -9999.0 -9999.0 -9999.0 -9999.0 -9999.0 -9999.0 -9999.0 -9999.0 -9999.0 -9999.0 -9999.0 -9999.0 -9999.0 -9999.0 -9999.0 -9999.0 -9999.0 -9999.0 -9999.0 -9999.0 -9999.0 -9999.0 -9999.0 -9999.0 -9999.0 -9999.0 -9999.0 -9999.0 -9999.0 -9999.0 -9999.0 -9999.0 -9999.0 -9999.0 -9999.0 -9999.0 -9999.0 -9999.0 -9999.0 -9999.0 -9999.0 -9999.0 -9999.0 -9999.0 -9999.0 -9999.0 -9999.0 -9999.0 -9999.0 -9999.0 -9999.0 -9999.0 -9999.0 -9999.0 -9999.0 -9999.0 -9999.0 -9999.0 -9999.0 -9999.0 -9999.0 -9999.0 -9999.0
-9999.0 -9999.0 -9999.0 -9999.0 -9999.0 -9999.0 -9999.0 -9999.0 -9999.0 -9999.0 -9999.0 -9999.0 -9999.0 -9999.0 -9999.0 -9999.0 -9999.0 -9999.0 -9999.0 -9999.0 -9999.0 -9999.0 -9999.0 -9999.0 -9999.0 -9999.0 -9999.0 -9999.0 -9999.0 -9999.0 -9999.0 -9999.0 -9999.0 -9999.0 -9999.0 -9999.0 -9999.0 -9999.0 -9999.0 -9999.0 -9999.0 -9999.0 -9999.0 -9999.0 -9999.0 -9999.0 -9999.0 -9999.0 -9999.0 -9999.0 -9999.0 -9999.0 -9999.0 -9999.0 -9999.0 -9999.0 -9999.0 -9999.0 -9999.0 -9999.0 -9999.0 -9999.0 -9999.0 -9999.0 -9999.0 -9999.0 -9999.0 -9999.0 -9999.0 -9999.0 -9999.0 -9999.0 -9999.0 -9999.0 -9999.0 -9999.0 -9999.0 -9999.0 -9999.0 -9999.0 -9999.0 -9999.0 -9999.0 -9999.0 -9999.0 -9999.0 -9999.0 -9999.0 -9999.0 -9999.0 -9999.0 -9999.0 -9999.0 -9999.0 -9999.0 -9999.0 -9999.0 -9999.0 -9999.0 -9999.0 -9999.0 -9999.0 -9999.0 -9999.0