inst/processing_geotop_simulation/geotop_simulation/out/maps3D/PwL0021N0321.asc
ncols         104
nrows         10
xllcorner     -2.000000
yllcorner     0.000000
cellsize      1.000000
NODATA_value  -9999.0
-9999.0 -9999.0 -9999.0 -9999.0 -9999.0 -9999.0 -9999.0 -9999.0 -9999.0 -9999.0 -9999.0 -9999.0 -9999.0 -9999.0 -9999.0 -9999.0 -9999.0 -9999.0 -9999.0 -9999.0 -9999.0 -9999.0 -9999.0 -9999.0 -9999.0 -9999.0 -9999.0 -9999.0 -9999.0 -9999.0 -9999.0 -9999.0 -9999.0 -9999.0 -9999.0 -9999.0 -9999.0 -9999.0 -9999.0 -9999.0 -9999.0 -9999.0 -9999.0 -9999.0 -9999.0 -9999.0 -9999.0 -9999.0 -9999.0 -9999.0 -9999.0 -9999.0 -9999.0 -9999.0 -9999.0 -9999.0 -9999.0 -9999.0 -9999.0 -9999.0 -9999.0 -9999.0 -9999.0 -9999.0 -9999.0 -9999.0 -9999.0 -9999.0 -9999.0 -9999.0 -9999.0 -9999.0 -9999.0 -9999.0 -9999.0 -9999.0 -9999.0 -9999.0 -9999.0 -9999.0 -9999.0 -9999.0 -9999.0 -9999.0 -9999.0 -9999.0 -9999.0 -9999.0 -9999.0 -9999.0 -9999.0 -9999.0 -9999.0 -9999.0 -9999.0 -9999.0 -9999.0 -9999.0 -9999.0 -9999.0 -9999.0 -9999.0 -9999.0 -9999.0
-9999.0 -9999.0 -9999.0 -9999.0 -9999.0 -9999.0 -9999.0 -9999.0 -9999.0 -9999.0 -9999.0 -9999.0 -9999.0 -9999.0 -9999.0 -9999.0 -9999.0 -9999.0 -9999.0 -9999.0 -9999.0 -9999.0 -9999.0 -9999.0 -9999.0 -9999.0 -9999.0 -9999.0 -9999.0 -9999.0 -9999.0 -9999.0 -9999.0 -9999.0 -9999.0 -9999.0 -9999.0 -9999.0 -9999.0 -9999.0 -9999.0 -9999.0 -9999.0 -9999.0 -9999.0 -9999.0 -9999.0 -9999.0 -9999.0 -9999.0 -9999.0 -9999.0 -9999.0 -9999.0 -9999.0 -9999.0 -9999.0 -9999.0 -9999.0 -9999.0 -9999.0 -9999.0 -9999.0 -9999.0 -9999.0 -9999.0 -9999.0 -9999.0 -9999.0 -9999.0 -9999.0 -9999.0 -9999.0 -9999.0 -9999.0 -9999.0 -9999.0 -9999.0 -9999.0 -9999.0 -9999.0 -9999.0 -9999.0 -9999.0 -9999.0 -9999.0 -9999.0 -9999.0 -9999.0 -9999.0 -9999.0 -9999.0 -9999.0 -9999.0 -9999.0 -9999.0 -9999.0 -9999.0 -9999.0 -9999.0 -9999.0 -9999.0 -9999.0 -9999.0
-9999.0 -9999.0 1019.855864 921.232663 822.545393 723.697374 624.756814 525.774471 426.779392 327.787725 228.808581 129.847243 30.907430 -68.003930 -166.885531 -265.719399 -364.464437 -463.039524 -561.294815 -658.965863 -756.242269 -853.419859 -949.885366 -1045.372542 -1135.639352 -1215.690647 -1286.257170 -1346.111029 -1394.949786 -1433.371653 -1462.630880 -1484.305039 -1500.001537 -1511.166800 -1518.999833 -1524.442280 -1528.219992 -1530.953482 -1533.497550 -1538.026991 -1550.968006 -1592.906919 -1703.730004 -2967.637400 -3922.915000 -3920.953161 -3709.070636 -3225.954508 -2869.805411 -2641.790664 -2481.431540 -2347.240491 -2265.280274 -2212.185720 -2162.826063 -2111.101833 -2055.224021 -1995.940900 -1935.184913 -1874.151413 -1801.110741 -1465.231747 -1549.868589 -1542.665890 -1538.031303 -1536.663382 -1536.371511 -1536.319243 -1536.311091 -1536.310367 -1536.310795 -1536.311317 -1536.311766 -1536.312134 -1536.312436 -1536.312689 -1536.312908 -1536.313102 -1536.313279 -1536.313449 -1536.313621 -1536.313805 -1536.314018 -1536.314282 -1536.314632 -1536.315122 -1536.315843 -1536.316942 -1536.318680 -1536.321516 -1536.326297 -1536.334638 -1536.349699 -1536.377833 -1536.432172 -1536.541017 -1536.769051 -1537.274478 -1538.469148 -1541.494194 -1549.820133 -1575.648132 -9999.0 -9999.0
-9999.0 -9999.0 1019.858537 921.233723 822.545749 723.697493 624.756854 525.774485 426.779397 327.787727 228.808582 129.847243 30.907430 -68.003930 -166.885531 -265.719400 -364.464437 -463.039524 -561.294816 -658.965863 -756.242269 -853.419859 -949.885366 -1045.372542 -1135.639352 -1215.690647 -1286.257170 -1346.111029 -1394.949786 -1433.371654 -1462.630880 -1484.305040 -1500.001537 -1511.166800 -1518.999833 -1524.442280 -1528.219992 -1530.953482 -1533.497550 -1538.026991 -1550.968006 -1592.906919 -1703.730004 -2967.637398 -3922.915000 -3920.953161 -3709.070636 -3225.954507 -2869.805410 -2641.790663 -2481.431538 -2347.240491 -2265.280274 -2212.185720 -2162.826062 -2111.101833 -2055.224020 -1995.940900 -1935.184912 -1874.151413 -1801.110741 -1465.231747 -1549.868589 -1542.665890 -1538.031303 -1536.663382 -1536.371511 -1536.319243 -1536.311091 -1536.310367 -1536.310795 -1536.311317 -1536.311766 -1536.312134 -1536.312436 -1536.312689 -1536.312908 -1536.313102 -1536.313279 -1536.313449 -1536.313621 -1536.313805 -1536.314018 -1536.314282 -1536.314632 -1536.315122 -1536.315843 -1536.316942 -1536.318680 -1536.321516 -1536.326297 -1536.334638 -1536.349699 -1536.377833 -1536.432172 -1536.541017 -1536.769051 -1537.274478 -1538.469148 -1541.494194 -1549.820133 -1575.648132 -9999.0 -9999.0
-9999.0 -9999.0 1019.859617 921.234309 822.545999 723.697589 624.756890 525.774498 426.779402 327.787729 228.808583 129.847243 30.907430 -68.003930 -166.885531 -265.719400 -364.464437 -463.039525 -561.294816 -658.965863 -756.242269 -853.419859 -949.885366 -1045.372542 -1135.639352 -1215.690647 -1286.257170 -1346.111029 -1394.949786 -1433.371654 -1462.630880 -1484.305040 -1500.001537 -1511.166800 -1518.999833 -1524.442280 -1528.219992 -1530.953482 -1533.497550 -1538.026991 -1550.968006 -1592.906919 -1703.730004 -2967.637398 -3922.915000 -3920.953161 -3709.070636 -3225.954506 -2869.805410 -2641.790661 -2481.431536 -2347.240490 -2265.280274 -2212.185720 -2162.826062 -2111.101833 -2055.224020 -1995.940900 -1935.184912 -1874.151413 -1801.110741 -1465.231747 -1549.868589 -1542.665890 -1538.031303 -1536.663382 -1536.371511 -1536.319243 -1536.311091 -1536.310367 -1536.310795 -1536.311317 -1536.311766 -1536.312134 -1536.312436 -1536.312689 -1536.312908 -1536.313102 -1536.313279 -1536.313449 -1536.313621 -1536.313805 -1536.314018 -1536.314282 -1536.314632 -1536.315122 -1536.315843 -1536.316942 -1536.318680 -1536.321516 -1536.326297 -1536.334638 -1536.349699 -1536.377833 -1536.432172 -1536.541017 -1536.769051 -1537.274478 -1538.469148 -1541.494194 -1549.820133 -1575.648132 -9999.0 -9999.0
-9999.0 -9999.0 1019.859617 921.234309 822.545999 723.697589 624.756890 525.774498 426.779402 327.787729 228.808583 129.847243 30.907430 -68.003930 -166.885531 -265.719400 -364.464437 -463.039525 -561.294816 -658.965863 -756.242269 -853.419860 -949.885366 -1045.372542 -1135.639352 -1215.690647 -1286.257170 -1346.111029 -1394.949786 -1433.371654 -1462.630880 -1484.305040 -1500.001537 -1511.166800 -1518.999833 -1524.442280 -1528.219992 -1530.953482 -1533.497550 -1538.026991 -1550.968006 -1592.906919 -1703.730004 -2967.637398 -3922.915000 -3920.953161 -3709.070636 -3225.954506 -2869.805410 -2641.790662 -2481.431537 -2347.240490 -2265.280274 -2212.185720 -2162.826062 -2111.101833 -2055.224020 -1995.940900 -1935.184912 -1874.151413 -1801.110741 -1465.231747 -1549.868589 -1542.665890 -1538.031303 -1536.663382 -1536.371511 -1536.319243 -1536.311091 -1536.310367 -1536.310795 -1536.311317 -1536.311766 -1536.312134 -1536.312436 -1536.312689 -1536.312908 -1536.313102 -1536.313279 -1536.313449 -1536.313621 -1536.313805 -1536.314018 -1536.314282 -1536.314632 -1536.315122 -1536.315843 -1536.316942 -1536.318680 -1536.321516 -1536.326297 -1536.334638 -1536.349699 -1536.377833 -1536.432172 -1536.541017 -1536.769051 -1537.274478 -1538.469148 -1541.494194 -1549.820133 -1575.648132 -9999.0 -9999.0
-9999.0 -9999.0 1019.858537 921.233723 822.545749 723.697493 624.756854 525.774485 426.779397 327.787727 228.808582 129.847243 30.907430 -68.003930 -166.885531 -265.719400 -364.464437 -463.039524 -561.294816 -658.965863 -756.242269 -853.419859 -949.885366 -1045.372542 -1135.639352 -1215.690647 -1286.257170 -1346.111029 -1394.949786 -1433.371654 -1462.630880 -1484.305040 -1500.001537 -1511.166800 -1518.999833 -1524.442280 -1528.219992 -1530.953482 -1533.497550 -1538.026991 -1550.968006 -1592.906919 -1703.730004 -2967.637398 -3922.915000 -3920.953161 -3709.070636 -3225.954507 -2869.805410 -2641.790662 -2481.431537 -2347.240491 -2265.280274 -2212.185720 -2162.826063 -2111.101833 -2055.224020 -1995.940900 -1935.184912 -1874.151413 -1801.110741 -1465.231747 -1549.868589 -1542.665890 -1538.031303 -1536.663382 -1536.371511 -1536.319243 -1536.311091 -1536.310367 -1536.310795 -1536.311317 -1536.311766 -1536.312134 -1536.312436 -1536.312689 -1536.312908 -1536.313102 -1536.313279 -1536.313449 -1536.313621 -1536.313805 -1536.314018 -1536.314282 -1536.314632 -1536.315122 -1536.315843 -1536.316942 -1536.318680 -1536.321516 -1536.326297 -1536.334638 -1536.349699 -1536.377833 -1536.432172 -1536.541017 -1536.769051 -1537.274478 -1538.469148 -1541.494194 -1549.820133 -1575.648132 -9999.0 -9999.0
-9999.0 -9999.0 1019.855864 921.232663 822.545393 723.697374 624.756814 525.774471 426.779392 327.787725 228.808581 129.847243 30.907430 -68.003930 -166.885531 -265.719399 -364.464437 -463.039524 -561.294815 -658.965863 -756.242269 -853.419859 -949.885366 -1045.372542 -1135.639352 -1215.690647 -1286.257169 -1346.111029 -1394.949786 -1433.371653 -1462.630880 -1484.305039 -1500.001537 -1511.166800 -1518.999833 -1524.442280 -1528.219992 -1530.953482 -1533.497550 -1538.026991 -1550.968006 -1592.906919 -1703.730004 -2967.637400 -3922.915000 -3920.953161 -3709.070636 -3225.954508 -2869.805411 -2641.790665 -2481.431540 -2347.240491 -2265.280274 -2212.185720 -2162.826063 -2111.101833 -2055.224020 -1995.940900 -1935.184913 -1874.151413 -1801.110741 -1465.231747 -1549.868589 -1542.665890 -1538.031303 -1536.663382 -1536.371511 -1536.319243 -1536.311091 -1536.310367 -1536.310795 -1536.311317 -1536.311766 -1536.312134 -1536.312436 -1536.312689 -1536.312908 -1536.313102 -1536.313279 -1536.313449 -1536.313621 -1536.313805 -1536.314018 -1536.314282 -1536.314632 -1536.315122 -1536.315843 -1536.316942 -1536.318680 -1536.321516 -1536.326297 -1536.334638 -1536.349699 -1536.377833 -1536.432172 -1536.541017 -1536.769051 -1537.274478 -1538.469148 -1541.494194 -1549.820133 -1575.648132 -9999.0 -9999.0
-9999.0 -9999.0 -9999.0 -9999.0 -9999.0 -9999.0 -9999.0 -9999.0 -9999.0 -9999.0 -9999.0 -9999.0 -9999.0 -9999.0 -9999.0 -9999.0 -9999.0 -9999.0 -9999.0 -9999.0 -9999.0 -9999.0 -9999.0 -9999.0 -9999.0 -9999.0 -9999.0 -9999.0 -9999.0 -9999.0 -9999.0 -9999.0 -9999.0 -9999.0 -9999.0 -9999.0 -9999.0 -9999.0 -9999.0 -9999.0 -9999.0 -9999.0 -9999.0 -9999.0 -9999.0 -9999.0 -9999.0 -9999.0 -9999.0 -9999.0 -9999.0 -9999.0 -9999.0 -9999.0 -9999.0 -9999.0 -9999.0 -9999.0 -9999.0 -9999.0 -9999.0 -9999.0 -9999.0 -9999.0 -9999.0 -9999.0 -9999.0 -9999.0 -9999.0 -9999.0 -9999.0 -9999.0 -9999.0 -9999.0 -9999.0 -9999.0 -9999.0 -9999.0 -9999.0 -9999.0 -9999.0 -9999.0 -9999.0 -9999.0 -9999.0 -9999.0 -9999.0 -9999.0 -9999.0 -9999.0 -9999.0 -9999.0 -9999.0 -9999.0 -9999.0 -9999.0 -9999.0 -9999.0 -9999.0 -9999.0 -9999.0 -9999.0 -9999.0 -9999.0
-9999.0 -9999.0 -9999.0 -9999.0 -9999.0 -9999.0 -9999.0 -9999.0 -9999.0 -9999.0 -9999.0 -9999.0 -9999.0 -9999.0 -9999.0 -9999.0 -9999.0 -9999.0 -9999.0 -9999.0 -9999.0 -9999.0 -9999.0 -9999.0 -9999.0 -9999.0 -9999.0 -9999.0 -9999.0 -9999.0 -9999.0 -9999.0 -9999.0 -9999.0 -9999.0 -9999.0 -9999.0 -9999.0 -9999.0 -9999.0 -9999.0 -9999.0 -9999.0 -9999.0 -9999.0 -9999.0 -9999.0 -9999.0 -9999.0 -9999.0 -9999.0 -9999.0 -9999.0 -9999.0 -9999.0 -9999.0 -9999.0 -9999.0 -9999.0 -9999.0 -9999.0 -9999.0 -9999.0 -9999.0 -9999.0 -9999.0 -9999.0 -9999.0 -9999.0 -9999.0 -9999.0 -9999.0 -9999.0 -9999.0 -9999.0 -9999.0 -9999.0 -9999.0 -9999.0 -9999.0 -9999.0 -9999.0 -9999.0 -9999.0 -9999.0 -9999.0 -9999.0 -9999.0 -9999.0 -9999.0 -9999.0 -9999.0 -9999.0 -9999.0 -9999.0 -9999.0 -9999.0 -9999.0 -9999.0 -9999.0 -9999.0 -9999.0 -9999.0 -9999.0