inst/processing_geotop_simulation/geotop_simulation/out/maps3D/PwL0018N0446.asc
ncols         104
nrows         10
xllcorner     -2.000000
yllcorner     0.000000
cellsize      1.000000
NODATA_value  -9999.0
-9999.0 -9999.0 -9999.0 -9999.0 -9999.0 -9999.0 -9999.0 -9999.0 -9999.0 -9999.0 -9999.0 -9999.0 -9999.0 -9999.0 -9999.0 -9999.0 -9999.0 -9999.0 -9999.0 -9999.0 -9999.0 -9999.0 -9999.0 -9999.0 -9999.0 -9999.0 -9999.0 -9999.0 -9999.0 -9999.0 -9999.0 -9999.0 -9999.0 -9999.0 -9999.0 -9999.0 -9999.0 -9999.0 -9999.0 -9999.0 -9999.0 -9999.0 -9999.0 -9999.0 -9999.0 -9999.0 -9999.0 -9999.0 -9999.0 -9999.0 -9999.0 -9999.0 -9999.0 -9999.0 -9999.0 -9999.0 -9999.0 -9999.0 -9999.0 -9999.0 -9999.0 -9999.0 -9999.0 -9999.0 -9999.0 -9999.0 -9999.0 -9999.0 -9999.0 -9999.0 -9999.0 -9999.0 -9999.0 -9999.0 -9999.0 -9999.0 -9999.0 -9999.0 -9999.0 -9999.0 -9999.0 -9999.0 -9999.0 -9999.0 -9999.0 -9999.0 -9999.0 -9999.0 -9999.0 -9999.0 -9999.0 -9999.0 -9999.0 -9999.0 -9999.0 -9999.0 -9999.0 -9999.0 -9999.0 -9999.0 -9999.0 -9999.0 -9999.0 -9999.0
-9999.0 -9999.0 -9999.0 -9999.0 -9999.0 -9999.0 -9999.0 -9999.0 -9999.0 -9999.0 -9999.0 -9999.0 -9999.0 -9999.0 -9999.0 -9999.0 -9999.0 -9999.0 -9999.0 -9999.0 -9999.0 -9999.0 -9999.0 -9999.0 -9999.0 -9999.0 -9999.0 -9999.0 -9999.0 -9999.0 -9999.0 -9999.0 -9999.0 -9999.0 -9999.0 -9999.0 -9999.0 -9999.0 -9999.0 -9999.0 -9999.0 -9999.0 -9999.0 -9999.0 -9999.0 -9999.0 -9999.0 -9999.0 -9999.0 -9999.0 -9999.0 -9999.0 -9999.0 -9999.0 -9999.0 -9999.0 -9999.0 -9999.0 -9999.0 -9999.0 -9999.0 -9999.0 -9999.0 -9999.0 -9999.0 -9999.0 -9999.0 -9999.0 -9999.0 -9999.0 -9999.0 -9999.0 -9999.0 -9999.0 -9999.0 -9999.0 -9999.0 -9999.0 -9999.0 -9999.0 -9999.0 -9999.0 -9999.0 -9999.0 -9999.0 -9999.0 -9999.0 -9999.0 -9999.0 -9999.0 -9999.0 -9999.0 -9999.0 -9999.0 -9999.0 -9999.0 -9999.0 -9999.0 -9999.0 -9999.0 -9999.0 -9999.0 -9999.0 -9999.0
-9999.0 -9999.0 869.000162 769.895375 670.683648 571.353026 471.960651 372.541209 273.113285 173.686910 74.267645 -25.139478 -124.531656 -223.907440 -323.255773 -422.557537 -521.777430 -620.853529 -719.682055 -818.584170 -917.294975 -1015.701757 -1113.615949 -1207.563542 -1296.806816 -1379.265297 -1453.032419 -1516.749686 -1569.856914 -1612.632549 -1646.032243 -1671.416625 -1690.277867 -1704.036237 -1713.926230 -1720.959357 -1725.947561 -1729.606350 -1732.847561 -1737.370708 -1745.406888 -1755.985810 -1915.488912 -3990.186396 -4084.140602 -4084.156617 -4084.120468 -4083.803252 -4082.528483 -4078.920004 -4070.325769 -4049.395721 -4020.468342 -3988.819441 -3945.085498 -3878.643293 -3776.150533 -3627.175905 -3434.009318 -3212.943224 -2896.171527 -1664.923720 -1711.702166 -1737.576298 -1738.268958 -1737.459604 -1737.186482 -1737.126068 -1737.115236 -1737.113888 -1737.114152 -1737.114618 -1737.115054 -1737.115432 -1737.115763 -1737.116059 -1737.116331 -1737.116587 -1737.116835 -1737.117081 -1737.117333 -1737.117600 -1737.117896 -1737.118240 -1737.118660 -1737.119203 -1737.119943 -1737.121006 -1737.122610 -1737.125145 -1737.129337 -1737.136572 -1737.149587 -1737.173925 -1737.221195 -1737.316848 -1737.520129 -1737.978567 -1739.085876 -1741.978796 -1750.265197 -1776.674962 -9999.0 -9999.0
-9999.0 -9999.0 869.003181 769.896480 670.684002 571.353141 471.960689 372.541223 273.113291 173.686912 74.267646 -25.139478 -124.531655 -223.907439 -323.255772 -422.557537 -521.777430 -620.853529 -719.682055 -818.584171 -917.294975 -1015.701758 -1113.615949 -1207.563542 -1296.806816 -1379.265297 -1453.032419 -1516.749686 -1569.856914 -1612.632549 -1646.032243 -1671.416625 -1690.277867 -1704.036237 -1713.926230 -1720.959357 -1725.947561 -1729.606350 -1732.847561 -1737.370708 -1745.406888 -1755.985810 -1915.488911 -3990.186396 -4084.140602 -4084.156617 -4084.120468 -4083.803252 -4082.528483 -4078.920004 -4070.325769 -4049.395721 -4020.468342 -3988.819441 -3945.085498 -3878.643293 -3776.150532 -3627.175905 -3434.009317 -3212.943224 -2896.171527 -1664.923721 -1711.702166 -1737.576298 -1738.268958 -1737.459604 -1737.186482 -1737.126068 -1737.115236 -1737.113888 -1737.114152 -1737.114618 -1737.115054 -1737.115432 -1737.115763 -1737.116059 -1737.116331 -1737.116587 -1737.116835 -1737.117081 -1737.117333 -1737.117600 -1737.117896 -1737.118240 -1737.118660 -1737.119203 -1737.119943 -1737.121006 -1737.122610 -1737.125145 -1737.129337 -1737.136572 -1737.149587 -1737.173925 -1737.221195 -1737.316848 -1737.520129 -1737.978567 -1739.085876 -1741.978796 -1750.265197 -1776.674962 -9999.0 -9999.0
-9999.0 -9999.0 869.004268 769.897058 670.684243 571.353233 471.960723 372.541235 273.113295 173.686914 74.267647 -25.139477 -124.531655 -223.907439 -323.255773 -422.557537 -521.777430 -620.853529 -719.682055 -818.584171 -917.294975 -1015.701758 -1113.615949 -1207.563542 -1296.806816 -1379.265297 -1453.032419 -1516.749686 -1569.856914 -1612.632549 -1646.032243 -1671.416625 -1690.277867 -1704.036237 -1713.926230 -1720.959357 -1725.947561 -1729.606350 -1732.847561 -1737.370708 -1745.406888 -1755.985810 -1915.488911 -3990.186396 -4084.140602 -4084.156617 -4084.120468 -4083.803252 -4082.528483 -4078.920004 -4070.325769 -4049.395721 -4020.468342 -3988.819440 -3945.085498 -3878.643292 -3776.150532 -3627.175905 -3434.009317 -3212.943223 -2896.171526 -1664.923720 -1711.702166 -1737.576298 -1738.268958 -1737.459604 -1737.186482 -1737.126067 -1737.115236 -1737.113888 -1737.114152 -1737.114618 -1737.115054 -1737.115432 -1737.115763 -1737.116059 -1737.116331 -1737.116587 -1737.116835 -1737.117081 -1737.117333 -1737.117600 -1737.117896 -1737.118240 -1737.118660 -1737.119203 -1737.119943 -1737.121006 -1737.122610 -1737.125145 -1737.129337 -1737.136572 -1737.149587 -1737.173925 -1737.221195 -1737.316848 -1737.520129 -1737.978567 -1739.085876 -1741.978796 -1750.265197 -1776.674962 -9999.0 -9999.0
-9999.0 -9999.0 869.004268 769.897058 670.684243 571.353233 471.960723 372.541235 273.113295 173.686914 74.267647 -25.139478 -124.531655 -223.907439 -323.255772 -422.557537 -521.777430 -620.853529 -719.682055 -818.584171 -917.294975 -1015.701758 -1113.615949 -1207.563542 -1296.806816 -1379.265297 -1453.032419 -1516.749686 -1569.856914 -1612.632549 -1646.032243 -1671.416625 -1690.277867 -1704.036237 -1713.926230 -1720.959357 -1725.947561 -1729.606350 -1732.847561 -1737.370708 -1745.406888 -1755.985810 -1915.488911 -3990.186396 -4084.140602 -4084.156617 -4084.120468 -4083.803252 -4082.528483 -4078.920004 -4070.325769 -4049.395721 -4020.468342 -3988.819440 -3945.085498 -3878.643292 -3776.150532 -3627.175905 -3434.009317 -3212.943223 -2896.171526 -1664.923720 -1711.702166 -1737.576298 -1738.268958 -1737.459604 -1737.186482 -1737.126067 -1737.115236 -1737.113888 -1737.114152 -1737.114618 -1737.115054 -1737.115432 -1737.115763 -1737.116059 -1737.116331 -1737.116587 -1737.116835 -1737.117081 -1737.117333 -1737.117600 -1737.117896 -1737.118240 -1737.118660 -1737.119203 -1737.119943 -1737.121006 -1737.122610 -1737.125145 -1737.129337 -1737.136572 -1737.149587 -1737.173925 -1737.221195 -1737.316848 -1737.520129 -1737.978567 -1739.085876 -1741.978796 -1750.265197 -1776.674962 -9999.0 -9999.0
-9999.0 -9999.0 869.003181 769.896480 670.684002 571.353141 471.960689 372.541223 273.113291 173.686912 74.267646 -25.139478 -124.531656 -223.907439 -323.255773 -422.557537 -521.777430 -620.853529 -719.682055 -818.584170 -917.294975 -1015.701758 -1113.615949 -1207.563542 -1296.806816 -1379.265297 -1453.032419 -1516.749686 -1569.856914 -1612.632549 -1646.032243 -1671.416625 -1690.277867 -1704.036237 -1713.926230 -1720.959357 -1725.947561 -1729.606350 -1732.847561 -1737.370708 -1745.406888 -1755.985810 -1915.488911 -3990.186396 -4084.140602 -4084.156617 -4084.120468 -4083.803252 -4082.528483 -4078.920004 -4070.325769 -4049.395721 -4020.468342 -3988.819440 -3945.085498 -3878.643292 -3776.150533 -3627.175905 -3434.009318 -3212.943223 -2896.171527 -1664.923720 -1711.702166 -1737.576298 -1738.268958 -1737.459604 -1737.186482 -1737.126068 -1737.115236 -1737.113888 -1737.114152 -1737.114618 -1737.115054 -1737.115432 -1737.115763 -1737.116059 -1737.116331 -1737.116587 -1737.116835 -1737.117081 -1737.117333 -1737.117600 -1737.117896 -1737.118240 -1737.118660 -1737.119203 -1737.119943 -1737.121006 -1737.122610 -1737.125145 -1737.129337 -1737.136572 -1737.149587 -1737.173925 -1737.221195 -1737.316848 -1737.520129 -1737.978567 -1739.085876 -1741.978796 -1750.265197 -1776.674962 -9999.0 -9999.0
-9999.0 -9999.0 869.000162 769.895375 670.683648 571.353026 471.960651 372.541209 273.113285 173.686910 74.267645 -25.139479 -124.531656 -223.907440 -323.255772 -422.557537 -521.777430 -620.853529 -719.682055 -818.584170 -917.294975 -1015.701757 -1113.615949 -1207.563542 -1296.806816 -1379.265297 -1453.032419 -1516.749686 -1569.856914 -1612.632549 -1646.032243 -1671.416625 -1690.277867 -1704.036237 -1713.926230 -1720.959357 -1725.947561 -1729.606350 -1732.847561 -1737.370708 -1745.406888 -1755.985810 -1915.488912 -3990.186396 -4084.140602 -4084.156617 -4084.120468 -4083.803252 -4082.528483 -4078.920004 -4070.325769 -4049.395721 -4020.468342 -3988.819441 -3945.085498 -3878.643293 -3776.150533 -3627.175906 -3434.009318 -3212.943224 -2896.171527 -1664.923720 -1711.702166 -1737.576298 -1738.268958 -1737.459604 -1737.186482 -1737.126068 -1737.115236 -1737.113888 -1737.114152 -1737.114618 -1737.115054 -1737.115432 -1737.115763 -1737.116059 -1737.116331 -1737.116587 -1737.116835 -1737.117081 -1737.117333 -1737.117600 -1737.117896 -1737.118240 -1737.118660 -1737.119203 -1737.119943 -1737.121006 -1737.122610 -1737.125145 -1737.129337 -1737.136572 -1737.149587 -1737.173925 -1737.221195 -1737.316848 -1737.520129 -1737.978567 -1739.085876 -1741.978796 -1750.265197 -1776.674962 -9999.0 -9999.0
-9999.0 -9999.0 -9999.0 -9999.0 -9999.0 -9999.0 -9999.0 -9999.0 -9999.0 -9999.0 -9999.0 -9999.0 -9999.0 -9999.0 -9999.0 -9999.0 -9999.0 -9999.0 -9999.0 -9999.0 -9999.0 -9999.0 -9999.0 -9999.0 -9999.0 -9999.0 -9999.0 -9999.0 -9999.0 -9999.0 -9999.0 -9999.0 -9999.0 -9999.0 -9999.0 -9999.0 -9999.0 -9999.0 -9999.0 -9999.0 -9999.0 -9999.0 -9999.0 -9999.0 -9999.0 -9999.0 -9999.0 -9999.0 -9999.0 -9999.0 -9999.0 -9999.0 -9999.0 -9999.0 -9999.0 -9999.0 -9999.0 -9999.0 -9999.0 -9999.0 -9999.0 -9999.0 -9999.0 -9999.0 -9999.0 -9999.0 -9999.0 -9999.0 -9999.0 -9999.0 -9999.0 -9999.0 -9999.0 -9999.0 -9999.0 -9999.0 -9999.0 -9999.0 -9999.0 -9999.0 -9999.0 -9999.0 -9999.0 -9999.0 -9999.0 -9999.0 -9999.0 -9999.0 -9999.0 -9999.0 -9999.0 -9999.0 -9999.0 -9999.0 -9999.0 -9999.0 -9999.0 -9999.0 -9999.0 -9999.0 -9999.0 -9999.0 -9999.0 -9999.0
-9999.0 -9999.0 -9999.0 -9999.0 -9999.0 -9999.0 -9999.0 -9999.0 -9999.0 -9999.0 -9999.0 -9999.0 -9999.0 -9999.0 -9999.0 -9999.0 -9999.0 -9999.0 -9999.0 -9999.0 -9999.0 -9999.0 -9999.0 -9999.0 -9999.0 -9999.0 -9999.0 -9999.0 -9999.0 -9999.0 -9999.0 -9999.0 -9999.0 -9999.0 -9999.0 -9999.0 -9999.0 -9999.0 -9999.0 -9999.0 -9999.0 -9999.0 -9999.0 -9999.0 -9999.0 -9999.0 -9999.0 -9999.0 -9999.0 -9999.0 -9999.0 -9999.0 -9999.0 -9999.0 -9999.0 -9999.0 -9999.0 -9999.0 -9999.0 -9999.0 -9999.0 -9999.0 -9999.0 -9999.0 -9999.0 -9999.0 -9999.0 -9999.0 -9999.0 -9999.0 -9999.0 -9999.0 -9999.0 -9999.0 -9999.0 -9999.0 -9999.0 -9999.0 -9999.0 -9999.0 -9999.0 -9999.0 -9999.0 -9999.0 -9999.0 -9999.0 -9999.0 -9999.0 -9999.0 -9999.0 -9999.0 -9999.0 -9999.0 -9999.0 -9999.0 -9999.0 -9999.0 -9999.0 -9999.0 -9999.0 -9999.0 -9999.0 -9999.0 -9999.0