inst/processing_geotop_simulation/geotop_simulation/out/maps3D/PwL0014N0327.asc
ncols         104
nrows         10
xllcorner     -2.000000
yllcorner     0.000000
cellsize      1.000000
NODATA_value  -9999.0
-9999.0 -9999.0 -9999.0 -9999.0 -9999.0 -9999.0 -9999.0 -9999.0 -9999.0 -9999.0 -9999.0 -9999.0 -9999.0 -9999.0 -9999.0 -9999.0 -9999.0 -9999.0 -9999.0 -9999.0 -9999.0 -9999.0 -9999.0 -9999.0 -9999.0 -9999.0 -9999.0 -9999.0 -9999.0 -9999.0 -9999.0 -9999.0 -9999.0 -9999.0 -9999.0 -9999.0 -9999.0 -9999.0 -9999.0 -9999.0 -9999.0 -9999.0 -9999.0 -9999.0 -9999.0 -9999.0 -9999.0 -9999.0 -9999.0 -9999.0 -9999.0 -9999.0 -9999.0 -9999.0 -9999.0 -9999.0 -9999.0 -9999.0 -9999.0 -9999.0 -9999.0 -9999.0 -9999.0 -9999.0 -9999.0 -9999.0 -9999.0 -9999.0 -9999.0 -9999.0 -9999.0 -9999.0 -9999.0 -9999.0 -9999.0 -9999.0 -9999.0 -9999.0 -9999.0 -9999.0 -9999.0 -9999.0 -9999.0 -9999.0 -9999.0 -9999.0 -9999.0 -9999.0 -9999.0 -9999.0 -9999.0 -9999.0 -9999.0 -9999.0 -9999.0 -9999.0 -9999.0 -9999.0 -9999.0 -9999.0 -9999.0 -9999.0 -9999.0 -9999.0
-9999.0 -9999.0 -9999.0 -9999.0 -9999.0 -9999.0 -9999.0 -9999.0 -9999.0 -9999.0 -9999.0 -9999.0 -9999.0 -9999.0 -9999.0 -9999.0 -9999.0 -9999.0 -9999.0 -9999.0 -9999.0 -9999.0 -9999.0 -9999.0 -9999.0 -9999.0 -9999.0 -9999.0 -9999.0 -9999.0 -9999.0 -9999.0 -9999.0 -9999.0 -9999.0 -9999.0 -9999.0 -9999.0 -9999.0 -9999.0 -9999.0 -9999.0 -9999.0 -9999.0 -9999.0 -9999.0 -9999.0 -9999.0 -9999.0 -9999.0 -9999.0 -9999.0 -9999.0 -9999.0 -9999.0 -9999.0 -9999.0 -9999.0 -9999.0 -9999.0 -9999.0 -9999.0 -9999.0 -9999.0 -9999.0 -9999.0 -9999.0 -9999.0 -9999.0 -9999.0 -9999.0 -9999.0 -9999.0 -9999.0 -9999.0 -9999.0 -9999.0 -9999.0 -9999.0 -9999.0 -9999.0 -9999.0 -9999.0 -9999.0 -9999.0 -9999.0 -9999.0 -9999.0 -9999.0 -9999.0 -9999.0 -9999.0 -9999.0 -9999.0 -9999.0 -9999.0 -9999.0 -9999.0 -9999.0 -9999.0 -9999.0 -9999.0 -9999.0 -9999.0
-9999.0 -9999.0 672.364228 574.200992 475.638598 376.808757 277.854413 178.846873 79.821741 -19.199822 -118.205682 -217.189886 -316.130283 -414.981817 -513.664333 -612.061919 -709.968179 -808.067968 -905.897696 -1003.381552 -1100.378374 -1192.754206 -1279.722933 -1358.724931 -1427.633394 -1485.284162 -1531.638277 -1567.600012 -1594.651735 -1614.483105 -1628.718875 -1638.767572 -1645.767605 -1650.594399 -1653.897674 -1656.149844 -1657.701390 -1658.874573 -1660.246848 -1663.524644 -1672.893492 -1692.914335 -1855.672801 -4168.979651 -4151.223296 -4019.448859 -3930.973092 -3918.102097 -3916.785471 -3916.922982 -3917.266477 -3917.634159 -3917.986858 -3918.313011 -3918.614464 -3918.955899 -3919.976212 -3927.165500 -3975.159834 -4066.161132 -4022.409126 -1660.457953 -1654.518972 -1664.855840 -1662.325458 -1661.222688 -1660.975335 -1660.931099 -1660.924293 -1660.923759 -1660.924187 -1660.924674 -1660.925081 -1660.925401 -1660.925653 -1660.925855 -1660.926021 -1660.926161 -1660.926283 -1660.926396 -1660.926508 -1660.926632 -1660.926783 -1660.926983 -1660.927266 -1660.927688 -1660.928338 -1660.929364 -1660.931025 -1660.933776 -1660.938455 -1660.946654 -1660.961477 -1660.989122 -1661.042265 -1661.147725 -1661.365349 -1661.838313 -1662.935654 -1665.690196 -1673.351100 -1697.933478 -9999.0 -9999.0
-9999.0 -9999.0 672.368642 574.202419 475.639024 376.808890 277.854456 178.846888 79.821747 -19.199820 -118.205681 -217.189885 -316.130283 -414.981817 -513.664333 -612.061919 -709.968179 -808.067968 -905.897696 -1003.381552 -1100.378374 -1192.754206 -1279.722933 -1358.724931 -1427.633394 -1485.284162 -1531.638277 -1567.600012 -1594.651735 -1614.483105 -1628.718875 -1638.767572 -1645.767605 -1650.594399 -1653.897674 -1656.149844 -1657.701390 -1658.874573 -1660.246848 -1663.524644 -1672.893492 -1692.914335 -1855.672801 -4168.979651 -4151.223294 -4019.448854 -3930.973092 -3918.102097 -3916.785471 -3916.922982 -3917.266477 -3917.634159 -3917.986858 -3918.313011 -3918.614464 -3918.955899 -3919.976212 -3927.165500 -3975.159834 -4066.161131 -4022.409126 -1660.457953 -1654.518972 -1664.855840 -1662.325458 -1661.222688 -1660.975335 -1660.931099 -1660.924293 -1660.923759 -1660.924187 -1660.924674 -1660.925081 -1660.925401 -1660.925653 -1660.925855 -1660.926021 -1660.926161 -1660.926283 -1660.926396 -1660.926508 -1660.926632 -1660.926783 -1660.926983 -1660.927266 -1660.927688 -1660.928338 -1660.929364 -1660.931025 -1660.933776 -1660.938455 -1660.946654 -1660.961477 -1660.989122 -1661.042265 -1661.147725 -1661.365349 -1661.838313 -1662.935654 -1665.690196 -1673.351100 -1697.933478 -9999.0 -9999.0
-9999.0 -9999.0 672.369965 574.203111 475.639306 376.808995 277.854495 178.846902 79.821752 -19.199818 -118.205680 -217.189885 -316.130283 -414.981817 -513.664333 -612.061919 -709.968179 -808.067969 -905.897696 -1003.381552 -1100.378374 -1192.754206 -1279.722933 -1358.724931 -1427.633394 -1485.284163 -1531.638277 -1567.600012 -1594.651735 -1614.483105 -1628.718875 -1638.767572 -1645.767605 -1650.594399 -1653.897674 -1656.149844 -1657.701390 -1658.874573 -1660.246848 -1663.524644 -1672.893492 -1692.914335 -1855.672801 -4168.979651 -4151.223294 -4019.448852 -3930.973092 -3918.102097 -3916.785471 -3916.922982 -3917.266477 -3917.634159 -3917.986858 -3918.313011 -3918.614464 -3918.955899 -3919.976212 -3927.165500 -3975.159834 -4066.161131 -4022.409126 -1660.457953 -1654.518972 -1664.855840 -1662.325458 -1661.222688 -1660.975335 -1660.931099 -1660.924293 -1660.923759 -1660.924187 -1660.924674 -1660.925081 -1660.925401 -1660.925653 -1660.925855 -1660.926021 -1660.926161 -1660.926283 -1660.926396 -1660.926508 -1660.926632 -1660.926783 -1660.926983 -1660.927266 -1660.927688 -1660.928338 -1660.929364 -1660.931025 -1660.933776 -1660.938455 -1660.946654 -1660.961477 -1660.989122 -1661.042265 -1661.147725 -1661.365349 -1661.838313 -1662.935654 -1665.690196 -1673.351100 -1697.933478 -9999.0 -9999.0
-9999.0 -9999.0 672.369965 574.203111 475.639306 376.808995 277.854495 178.846902 79.821752 -19.199818 -118.205680 -217.189885 -316.130283 -414.981817 -513.664333 -612.061919 -709.968179 -808.067969 -905.897696 -1003.381552 -1100.378374 -1192.754206 -1279.722933 -1358.724931 -1427.633394 -1485.284163 -1531.638277 -1567.600012 -1594.651735 -1614.483105 -1628.718875 -1638.767572 -1645.767605 -1650.594399 -1653.897674 -1656.149844 -1657.701390 -1658.874573 -1660.246848 -1663.524644 -1672.893492 -1692.914335 -1855.672801 -4168.979651 -4151.223294 -4019.448852 -3930.973092 -3918.102097 -3916.785471 -3916.922982 -3917.266477 -3917.634159 -3917.986858 -3918.313011 -3918.614464 -3918.955899 -3919.976212 -3927.165500 -3975.159834 -4066.161131 -4022.409126 -1660.457953 -1654.518972 -1664.855840 -1662.325458 -1661.222688 -1660.975335 -1660.931099 -1660.924293 -1660.923759 -1660.924187 -1660.924674 -1660.925081 -1660.925401 -1660.925653 -1660.925855 -1660.926021 -1660.926161 -1660.926283 -1660.926396 -1660.926508 -1660.926632 -1660.926783 -1660.926983 -1660.927266 -1660.927688 -1660.928338 -1660.929364 -1660.931025 -1660.933776 -1660.938455 -1660.946654 -1660.961477 -1660.989122 -1661.042265 -1661.147725 -1661.365349 -1661.838313 -1662.935654 -1665.690196 -1673.351100 -1697.933478 -9999.0 -9999.0
-9999.0 -9999.0 672.368642 574.202419 475.639024 376.808890 277.854456 178.846888 79.821747 -19.199820 -118.205681 -217.189885 -316.130283 -414.981817 -513.664333 -612.061919 -709.968179 -808.067968 -905.897696 -1003.381552 -1100.378374 -1192.754206 -1279.722933 -1358.724931 -1427.633394 -1485.284162 -1531.638277 -1567.600012 -1594.651735 -1614.483105 -1628.718875 -1638.767572 -1645.767605 -1650.594399 -1653.897674 -1656.149844 -1657.701390 -1658.874573 -1660.246848 -1663.524644 -1672.893492 -1692.914335 -1855.672801 -4168.979651 -4151.223294 -4019.448854 -3930.973092 -3918.102097 -3916.785471 -3916.922982 -3917.266477 -3917.634159 -3917.986858 -3918.313011 -3918.614464 -3918.955899 -3919.976212 -3927.165500 -3975.159834 -4066.161131 -4022.409126 -1660.457953 -1654.518972 -1664.855840 -1662.325458 -1661.222688 -1660.975335 -1660.931099 -1660.924293 -1660.923759 -1660.924187 -1660.924674 -1660.925081 -1660.925401 -1660.925653 -1660.925855 -1660.926021 -1660.926161 -1660.926283 -1660.926396 -1660.926508 -1660.926632 -1660.926783 -1660.926983 -1660.927266 -1660.927688 -1660.928338 -1660.929364 -1660.931025 -1660.933776 -1660.938455 -1660.946654 -1660.961477 -1660.989122 -1661.042265 -1661.147725 -1661.365349 -1661.838313 -1662.935654 -1665.690196 -1673.351100 -1697.933478 -9999.0 -9999.0
-9999.0 -9999.0 672.364228 574.200992 475.638598 376.808757 277.854413 178.846873 79.821741 -19.199822 -118.205682 -217.189886 -316.130283 -414.981817 -513.664333 -612.061919 -709.968179 -808.067968 -905.897696 -1003.381552 -1100.378374 -1192.754206 -1279.722933 -1358.724931 -1427.633394 -1485.284162 -1531.638277 -1567.600012 -1594.651735 -1614.483105 -1628.718875 -1638.767572 -1645.767605 -1650.594399 -1653.897674 -1656.149844 -1657.701390 -1658.874573 -1660.246848 -1663.524644 -1672.893492 -1692.914335 -1855.672801 -4168.979651 -4151.223296 -4019.448859 -3930.973092 -3918.102097 -3916.785471 -3916.922982 -3917.266477 -3917.634159 -3917.986858 -3918.313011 -3918.614464 -3918.955899 -3919.976212 -3927.165500 -3975.159834 -4066.161132 -4022.409126 -1660.457953 -1654.518972 -1664.855840 -1662.325458 -1661.222688 -1660.975335 -1660.931099 -1660.924293 -1660.923759 -1660.924187 -1660.924674 -1660.925081 -1660.925401 -1660.925653 -1660.925855 -1660.926021 -1660.926161 -1660.926283 -1660.926396 -1660.926508 -1660.926632 -1660.926783 -1660.926983 -1660.927266 -1660.927688 -1660.928338 -1660.929364 -1660.931025 -1660.933776 -1660.938455 -1660.946654 -1660.961477 -1660.989122 -1661.042265 -1661.147725 -1661.365349 -1661.838313 -1662.935654 -1665.690196 -1673.351100 -1697.933478 -9999.0 -9999.0
-9999.0 -9999.0 -9999.0 -9999.0 -9999.0 -9999.0 -9999.0 -9999.0 -9999.0 -9999.0 -9999.0 -9999.0 -9999.0 -9999.0 -9999.0 -9999.0 -9999.0 -9999.0 -9999.0 -9999.0 -9999.0 -9999.0 -9999.0 -9999.0 -9999.0 -9999.0 -9999.0 -9999.0 -9999.0 -9999.0 -9999.0 -9999.0 -9999.0 -9999.0 -9999.0 -9999.0 -9999.0 -9999.0 -9999.0 -9999.0 -9999.0 -9999.0 -9999.0 -9999.0 -9999.0 -9999.0 -9999.0 -9999.0 -9999.0 -9999.0 -9999.0 -9999.0 -9999.0 -9999.0 -9999.0 -9999.0 -9999.0 -9999.0 -9999.0 -9999.0 -9999.0 -9999.0 -9999.0 -9999.0 -9999.0 -9999.0 -9999.0 -9999.0 -9999.0 -9999.0 -9999.0 -9999.0 -9999.0 -9999.0 -9999.0 -9999.0 -9999.0 -9999.0 -9999.0 -9999.0 -9999.0 -9999.0 -9999.0 -9999.0 -9999.0 -9999.0 -9999.0 -9999.0 -9999.0 -9999.0 -9999.0 -9999.0 -9999.0 -9999.0 -9999.0 -9999.0 -9999.0 -9999.0 -9999.0 -9999.0 -9999.0 -9999.0 -9999.0 -9999.0
-9999.0 -9999.0 -9999.0 -9999.0 -9999.0 -9999.0 -9999.0 -9999.0 -9999.0 -9999.0 -9999.0 -9999.0 -9999.0 -9999.0 -9999.0 -9999.0 -9999.0 -9999.0 -9999.0 -9999.0 -9999.0 -9999.0 -9999.0 -9999.0 -9999.0 -9999.0 -9999.0 -9999.0 -9999.0 -9999.0 -9999.0 -9999.0 -9999.0 -9999.0 -9999.0 -9999.0 -9999.0 -9999.0 -9999.0 -9999.0 -9999.0 -9999.0 -9999.0 -9999.0 -9999.0 -9999.0 -9999.0 -9999.0 -9999.0 -9999.0 -9999.0 -9999.0 -9999.0 -9999.0 -9999.0 -9999.0 -9999.0 -9999.0 -9999.0 -9999.0 -9999.0 -9999.0 -9999.0 -9999.0 -9999.0 -9999.0 -9999.0 -9999.0 -9999.0 -9999.0 -9999.0 -9999.0 -9999.0 -9999.0 -9999.0 -9999.0 -9999.0 -9999.0 -9999.0 -9999.0 -9999.0 -9999.0 -9999.0 -9999.0 -9999.0 -9999.0 -9999.0 -9999.0 -9999.0 -9999.0 -9999.0 -9999.0 -9999.0 -9999.0 -9999.0 -9999.0 -9999.0 -9999.0 -9999.0 -9999.0 -9999.0 -9999.0 -9999.0 -9999.0