inst/processing_geotop_simulation/geotop_simulation/out/maps3D/PwL0020N0134.asc
ncols         104
nrows         10
xllcorner     -2.000000
yllcorner     0.000000
cellsize      1.000000
NODATA_value  -9999.0
-9999.0 -9999.0 -9999.0 -9999.0 -9999.0 -9999.0 -9999.0 -9999.0 -9999.0 -9999.0 -9999.0 -9999.0 -9999.0 -9999.0 -9999.0 -9999.0 -9999.0 -9999.0 -9999.0 -9999.0 -9999.0 -9999.0 -9999.0 -9999.0 -9999.0 -9999.0 -9999.0 -9999.0 -9999.0 -9999.0 -9999.0 -9999.0 -9999.0 -9999.0 -9999.0 -9999.0 -9999.0 -9999.0 -9999.0 -9999.0 -9999.0 -9999.0 -9999.0 -9999.0 -9999.0 -9999.0 -9999.0 -9999.0 -9999.0 -9999.0 -9999.0 -9999.0 -9999.0 -9999.0 -9999.0 -9999.0 -9999.0 -9999.0 -9999.0 -9999.0 -9999.0 -9999.0 -9999.0 -9999.0 -9999.0 -9999.0 -9999.0 -9999.0 -9999.0 -9999.0 -9999.0 -9999.0 -9999.0 -9999.0 -9999.0 -9999.0 -9999.0 -9999.0 -9999.0 -9999.0 -9999.0 -9999.0 -9999.0 -9999.0 -9999.0 -9999.0 -9999.0 -9999.0 -9999.0 -9999.0 -9999.0 -9999.0 -9999.0 -9999.0 -9999.0 -9999.0 -9999.0 -9999.0 -9999.0 -9999.0 -9999.0 -9999.0 -9999.0 -9999.0
-9999.0 -9999.0 -9999.0 -9999.0 -9999.0 -9999.0 -9999.0 -9999.0 -9999.0 -9999.0 -9999.0 -9999.0 -9999.0 -9999.0 -9999.0 -9999.0 -9999.0 -9999.0 -9999.0 -9999.0 -9999.0 -9999.0 -9999.0 -9999.0 -9999.0 -9999.0 -9999.0 -9999.0 -9999.0 -9999.0 -9999.0 -9999.0 -9999.0 -9999.0 -9999.0 -9999.0 -9999.0 -9999.0 -9999.0 -9999.0 -9999.0 -9999.0 -9999.0 -9999.0 -9999.0 -9999.0 -9999.0 -9999.0 -9999.0 -9999.0 -9999.0 -9999.0 -9999.0 -9999.0 -9999.0 -9999.0 -9999.0 -9999.0 -9999.0 -9999.0 -9999.0 -9999.0 -9999.0 -9999.0 -9999.0 -9999.0 -9999.0 -9999.0 -9999.0 -9999.0 -9999.0 -9999.0 -9999.0 -9999.0 -9999.0 -9999.0 -9999.0 -9999.0 -9999.0 -9999.0 -9999.0 -9999.0 -9999.0 -9999.0 -9999.0 -9999.0 -9999.0 -9999.0 -9999.0 -9999.0 -9999.0 -9999.0 -9999.0 -9999.0 -9999.0 -9999.0 -9999.0 -9999.0 -9999.0 -9999.0 -9999.0 -9999.0 -9999.0 -9999.0
-9999.0 -9999.0 987.963134 894.569683 800.744837 706.120397 611.045833 515.765718 420.417263 325.075785 229.783008 134.562161 39.426697 -55.596692 -150.503805 -245.244638 -339.752440 -433.907880 -527.326621 -619.187818 -710.284046 -799.799320 -887.281533 -972.187221 -1033.527431 -1080.830227 -1115.140589 -1138.733311 -1154.250473 -1164.091455 -1170.154431 -1173.806759 -1175.970500 -1177.238516 -1177.978153 -1178.413466 -1178.686676 -1178.917672 -1179.385349 -1181.681347 -1195.162841 -1285.184268 -1960.136087 -3970.045065 -3985.147595 -3985.148146 -3985.128738 -3984.860599 -3983.369424 -3977.967457 -3962.192537 -3917.483260 -3852.322002 -3781.741869 -3687.910338 -3555.175948 -3371.469399 -3139.574593 -2881.893782 -2627.714661 -2380.201868 -1554.183651 -1247.716250 -1189.347960 -1180.637389 -1179.456474 -1179.296055 -1179.272471 -1179.269675 -1179.270408 -1179.271582 -1179.272604 -1179.273402 -1179.274011 -1179.274478 -1179.274842 -1179.275131 -1179.275366 -1179.275561 -1179.275735 -1179.275905 -1179.276092 -1179.276325 -1179.276647 -1179.277122 -1179.277850 -1179.278992 -1179.280819 -1179.283782 -1179.288675 -1179.296930 -1179.311218 -1179.336689 -1179.383492 -1179.471977 -1179.643719 -1179.986887 -1180.702418 -1182.293989 -1186.114872 -1195.888476 -1222.784711 -9999.0 -9999.0
-9999.0 -9999.0 987.966500 894.570993 800.745272 706.120540 611.045881 515.765734 420.417269 325.075787 229.783008 134.562162 39.426697 -55.596692 -150.503806 -245.244638 -339.752440 -433.907880 -527.326621 -619.187818 -710.284046 -799.799321 -887.281533 -972.187221 -1033.527432 -1080.830227 -1115.140589 -1138.733311 -1154.250474 -1164.091455 -1170.154431 -1173.806759 -1175.970500 -1177.238516 -1177.978153 -1178.413466 -1178.686676 -1178.917672 -1179.385349 -1181.681347 -1195.162841 -1285.184268 -1960.136087 -3970.045065 -3985.147595 -3985.148146 -3985.128738 -3984.860599 -3983.369424 -3977.967457 -3962.192536 -3917.483259 -3852.322002 -3781.741869 -3687.910337 -3555.175947 -3371.469398 -3139.574593 -2881.893781 -2627.714661 -2380.201868 -1554.183651 -1247.716250 -1189.347960 -1180.637389 -1179.456474 -1179.296055 -1179.272471 -1179.269675 -1179.270408 -1179.271582 -1179.272604 -1179.273402 -1179.274011 -1179.274478 -1179.274842 -1179.275131 -1179.275366 -1179.275561 -1179.275735 -1179.275905 -1179.276092 -1179.276325 -1179.276647 -1179.277122 -1179.277850 -1179.278992 -1179.280819 -1179.283782 -1179.288675 -1179.296930 -1179.311218 -1179.336689 -1179.383492 -1179.471977 -1179.643719 -1179.986887 -1180.702418 -1182.293989 -1186.114872 -1195.888476 -1222.784711 -9999.0 -9999.0
-9999.0 -9999.0 987.967812 894.571702 800.745573 706.120656 611.045924 515.765750 420.417274 325.075789 229.783009 134.562162 39.426697 -55.596692 -150.503806 -245.244638 -339.752440 -433.907880 -527.326622 -619.187818 -710.284046 -799.799321 -887.281533 -972.187222 -1033.527432 -1080.830227 -1115.140589 -1138.733311 -1154.250474 -1164.091455 -1170.154431 -1173.806759 -1175.970500 -1177.238516 -1177.978153 -1178.413466 -1178.686676 -1178.917672 -1179.385349 -1181.681347 -1195.162841 -1285.184268 -1960.136087 -3970.045065 -3985.147595 -3985.148146 -3985.128738 -3984.860599 -3983.369424 -3977.967456 -3962.192536 -3917.483259 -3852.322002 -3781.741869 -3687.910337 -3555.175947 -3371.469398 -3139.574592 -2881.893781 -2627.714660 -2380.201867 -1554.183651 -1247.716250 -1189.347960 -1180.637389 -1179.456474 -1179.296055 -1179.272471 -1179.269675 -1179.270408 -1179.271582 -1179.272604 -1179.273402 -1179.274011 -1179.274478 -1179.274842 -1179.275131 -1179.275366 -1179.275561 -1179.275735 -1179.275905 -1179.276092 -1179.276325 -1179.276647 -1179.277122 -1179.277850 -1179.278992 -1179.280819 -1179.283782 -1179.288675 -1179.296930 -1179.311218 -1179.336689 -1179.383492 -1179.471977 -1179.643719 -1179.986887 -1180.702418 -1182.293989 -1186.114872 -1195.888476 -1222.784711 -9999.0 -9999.0
-9999.0 -9999.0 987.967812 894.571702 800.745573 706.120656 611.045924 515.765750 420.417274 325.075789 229.783009 134.562162 39.426697 -55.596692 -150.503806 -245.244638 -339.752440 -433.907880 -527.326622 -619.187818 -710.284046 -799.799321 -887.281533 -972.187222 -1033.527432 -1080.830227 -1115.140589 -1138.733311 -1154.250474 -1164.091455 -1170.154431 -1173.806759 -1175.970500 -1177.238516 -1177.978153 -1178.413466 -1178.686676 -1178.917672 -1179.385349 -1181.681347 -1195.162841 -1285.184268 -1960.136087 -3970.045065 -3985.147595 -3985.148146 -3985.128738 -3984.860599 -3983.369424 -3977.967457 -3962.192536 -3917.483259 -3852.322002 -3781.741869 -3687.910337 -3555.175947 -3371.469397 -3139.574592 -2881.893780 -2627.714661 -2380.201868 -1554.183651 -1247.716250 -1189.347960 -1180.637389 -1179.456474 -1179.296055 -1179.272471 -1179.269675 -1179.270408 -1179.271582 -1179.272604 -1179.273402 -1179.274011 -1179.274478 -1179.274842 -1179.275131 -1179.275366 -1179.275561 -1179.275735 -1179.275905 -1179.276092 -1179.276325 -1179.276647 -1179.277122 -1179.277850 -1179.278992 -1179.280819 -1179.283782 -1179.288675 -1179.296930 -1179.311218 -1179.336689 -1179.383492 -1179.471977 -1179.643719 -1179.986887 -1180.702418 -1182.293989 -1186.114872 -1195.888476 -1222.784711 -9999.0 -9999.0
-9999.0 -9999.0 987.966500 894.570993 800.745272 706.120540 611.045881 515.765734 420.417269 325.075787 229.783008 134.562161 39.426697 -55.596692 -150.503806 -245.244638 -339.752440 -433.907880 -527.326621 -619.187818 -710.284046 -799.799321 -887.281533 -972.187221 -1033.527432 -1080.830227 -1115.140589 -1138.733311 -1154.250474 -1164.091455 -1170.154431 -1173.806759 -1175.970500 -1177.238516 -1177.978153 -1178.413466 -1178.686676 -1178.917672 -1179.385349 -1181.681347 -1195.162841 -1285.184268 -1960.136086 -3970.045065 -3985.147595 -3985.148146 -3985.128738 -3984.860599 -3983.369424 -3977.967457 -3962.192536 -3917.483259 -3852.322002 -3781.741869 -3687.910337 -3555.175947 -3371.469398 -3139.574592 -2881.893781 -2627.714661 -2380.201868 -1554.183651 -1247.716250 -1189.347960 -1180.637389 -1179.456474 -1179.296055 -1179.272471 -1179.269675 -1179.270408 -1179.271582 -1179.272604 -1179.273402 -1179.274011 -1179.274478 -1179.274842 -1179.275131 -1179.275366 -1179.275561 -1179.275735 -1179.275905 -1179.276092 -1179.276325 -1179.276647 -1179.277122 -1179.277850 -1179.278992 -1179.280819 -1179.283782 -1179.288675 -1179.296930 -1179.311218 -1179.336689 -1179.383492 -1179.471977 -1179.643719 -1179.986887 -1180.702418 -1182.293989 -1186.114872 -1195.888476 -1222.784711 -9999.0 -9999.0
-9999.0 -9999.0 987.963134 894.569683 800.744837 706.120397 611.045833 515.765718 420.417263 325.075785 229.783008 134.562161 39.426697 -55.596692 -150.503805 -245.244638 -339.752440 -433.907880 -527.326621 -619.187818 -710.284046 -799.799320 -887.281533 -972.187221 -1033.527431 -1080.830227 -1115.140589 -1138.733311 -1154.250473 -1164.091455 -1170.154431 -1173.806759 -1175.970500 -1177.238516 -1177.978153 -1178.413466 -1178.686676 -1178.917672 -1179.385349 -1181.681347 -1195.162841 -1285.184268 -1960.136087 -3970.045065 -3985.147595 -3985.148146 -3985.128738 -3984.860599 -3983.369424 -3977.967457 -3962.192537 -3917.483260 -3852.322002 -3781.741869 -3687.910337 -3555.175948 -3371.469398 -3139.574594 -2881.893781 -2627.714661 -2380.201869 -1554.183651 -1247.716250 -1189.347960 -1180.637389 -1179.456474 -1179.296055 -1179.272471 -1179.269675 -1179.270408 -1179.271582 -1179.272604 -1179.273402 -1179.274011 -1179.274478 -1179.274842 -1179.275131 -1179.275366 -1179.275561 -1179.275735 -1179.275905 -1179.276092 -1179.276325 -1179.276647 -1179.277122 -1179.277850 -1179.278992 -1179.280819 -1179.283782 -1179.288675 -1179.296930 -1179.311218 -1179.336689 -1179.383492 -1179.471977 -1179.643719 -1179.986887 -1180.702418 -1182.293989 -1186.114872 -1195.888476 -1222.784711 -9999.0 -9999.0
-9999.0 -9999.0 -9999.0 -9999.0 -9999.0 -9999.0 -9999.0 -9999.0 -9999.0 -9999.0 -9999.0 -9999.0 -9999.0 -9999.0 -9999.0 -9999.0 -9999.0 -9999.0 -9999.0 -9999.0 -9999.0 -9999.0 -9999.0 -9999.0 -9999.0 -9999.0 -9999.0 -9999.0 -9999.0 -9999.0 -9999.0 -9999.0 -9999.0 -9999.0 -9999.0 -9999.0 -9999.0 -9999.0 -9999.0 -9999.0 -9999.0 -9999.0 -9999.0 -9999.0 -9999.0 -9999.0 -9999.0 -9999.0 -9999.0 -9999.0 -9999.0 -9999.0 -9999.0 -9999.0 -9999.0 -9999.0 -9999.0 -9999.0 -9999.0 -9999.0 -9999.0 -9999.0 -9999.0 -9999.0 -9999.0 -9999.0 -9999.0 -9999.0 -9999.0 -9999.0 -9999.0 -9999.0 -9999.0 -9999.0 -9999.0 -9999.0 -9999.0 -9999.0 -9999.0 -9999.0 -9999.0 -9999.0 -9999.0 -9999.0 -9999.0 -9999.0 -9999.0 -9999.0 -9999.0 -9999.0 -9999.0 -9999.0 -9999.0 -9999.0 -9999.0 -9999.0 -9999.0 -9999.0 -9999.0 -9999.0 -9999.0 -9999.0 -9999.0 -9999.0
-9999.0 -9999.0 -9999.0 -9999.0 -9999.0 -9999.0 -9999.0 -9999.0 -9999.0 -9999.0 -9999.0 -9999.0 -9999.0 -9999.0 -9999.0 -9999.0 -9999.0 -9999.0 -9999.0 -9999.0 -9999.0 -9999.0 -9999.0 -9999.0 -9999.0 -9999.0 -9999.0 -9999.0 -9999.0 -9999.0 -9999.0 -9999.0 -9999.0 -9999.0 -9999.0 -9999.0 -9999.0 -9999.0 -9999.0 -9999.0 -9999.0 -9999.0 -9999.0 -9999.0 -9999.0 -9999.0 -9999.0 -9999.0 -9999.0 -9999.0 -9999.0 -9999.0 -9999.0 -9999.0 -9999.0 -9999.0 -9999.0 -9999.0 -9999.0 -9999.0 -9999.0 -9999.0 -9999.0 -9999.0 -9999.0 -9999.0 -9999.0 -9999.0 -9999.0 -9999.0 -9999.0 -9999.0 -9999.0 -9999.0 -9999.0 -9999.0 -9999.0 -9999.0 -9999.0 -9999.0 -9999.0 -9999.0 -9999.0 -9999.0 -9999.0 -9999.0 -9999.0 -9999.0 -9999.0 -9999.0 -9999.0 -9999.0 -9999.0 -9999.0 -9999.0 -9999.0 -9999.0 -9999.0 -9999.0 -9999.0 -9999.0 -9999.0 -9999.0 -9999.0