inst/processing_geotop_simulation/geotop_simulation/out/maps3D/PwL0000N0337.asc
ncols         104
nrows         10
xllcorner     -2.000000
yllcorner     0.000000
cellsize      1.000000
NODATA_value  -9999.0
-9999.0 -9999.0 -9999.0 -9999.0 -9999.0 -9999.0 -9999.0 -9999.0 -9999.0 -9999.0 -9999.0 -9999.0 -9999.0 -9999.0 -9999.0 -9999.0 -9999.0 -9999.0 -9999.0 -9999.0 -9999.0 -9999.0 -9999.0 -9999.0 -9999.0 -9999.0 -9999.0 -9999.0 -9999.0 -9999.0 -9999.0 -9999.0 -9999.0 -9999.0 -9999.0 -9999.0 -9999.0 -9999.0 -9999.0 -9999.0 -9999.0 -9999.0 -9999.0 -9999.0 -9999.0 -9999.0 -9999.0 -9999.0 -9999.0 -9999.0 -9999.0 -9999.0 -9999.0 -9999.0 -9999.0 -9999.0 -9999.0 -9999.0 -9999.0 -9999.0 -9999.0 -9999.0 -9999.0 -9999.0 -9999.0 -9999.0 -9999.0 -9999.0 -9999.0 -9999.0 -9999.0 -9999.0 -9999.0 -9999.0 -9999.0 -9999.0 -9999.0 -9999.0 -9999.0 -9999.0 -9999.0 -9999.0 -9999.0 -9999.0 -9999.0 -9999.0 -9999.0 -9999.0 -9999.0 -9999.0 -9999.0 -9999.0 -9999.0 -9999.0 -9999.0 -9999.0 -9999.0 -9999.0 -9999.0 -9999.0 -9999.0 -9999.0 -9999.0 -9999.0
-9999.0 -9999.0 -9999.0 -9999.0 -9999.0 -9999.0 -9999.0 -9999.0 -9999.0 -9999.0 -9999.0 -9999.0 -9999.0 -9999.0 -9999.0 -9999.0 -9999.0 -9999.0 -9999.0 -9999.0 -9999.0 -9999.0 -9999.0 -9999.0 -9999.0 -9999.0 -9999.0 -9999.0 -9999.0 -9999.0 -9999.0 -9999.0 -9999.0 -9999.0 -9999.0 -9999.0 -9999.0 -9999.0 -9999.0 -9999.0 -9999.0 -9999.0 -9999.0 -9999.0 -9999.0 -9999.0 -9999.0 -9999.0 -9999.0 -9999.0 -9999.0 -9999.0 -9999.0 -9999.0 -9999.0 -9999.0 -9999.0 -9999.0 -9999.0 -9999.0 -9999.0 -9999.0 -9999.0 -9999.0 -9999.0 -9999.0 -9999.0 -9999.0 -9999.0 -9999.0 -9999.0 -9999.0 -9999.0 -9999.0 -9999.0 -9999.0 -9999.0 -9999.0 -9999.0 -9999.0 -9999.0 -9999.0 -9999.0 -9999.0 -9999.0 -9999.0 -9999.0 -9999.0 -9999.0 -9999.0 -9999.0 -9999.0 -9999.0 -9999.0 -9999.0 -9999.0 -9999.0 -9999.0 -9999.0 -9999.0 -9999.0 -9999.0 -9999.0 -9999.0
-9999.0 -9999.0 0.028897 -94.740943 -193.171979 -292.010116 -390.996323 -490.032580 -589.069424 -688.065862 -786.953663 -885.681336 -984.203884 -1082.454413 -1180.629278 -1278.679010 -1376.104497 -1472.490600 -1567.157191 -1658.978369 -1745.834087 -1824.395711 -1891.413865 -1945.332142 -1986.638389 -2017.141942 -2039.086350 -2054.579671 -2065.363485 -2072.782761 -2077.837525 -2081.253071 -2083.545470 -2085.076027 -2086.094582 -2086.774282 -2087.244878 -2087.654733 -2088.387944 -2090.642527 -2094.218819 -2045.018363 -1270.571944 -1267.071223 -1256.999915 -1250.432113 -1247.342581 -1246.863041 -1246.811239 -1246.816338 -1246.829722 -1246.844129 -1246.857981 -1246.870812 -1246.882741 -1246.896782 -1246.940996 -1247.231841 -1248.891362 -1252.566485 -1257.700786 -1253.949158 -2021.999284 -2088.340182 -2089.215671 -2088.419374 -2088.219294 -2088.183513 -2088.178142 -2088.177849 -2088.178321 -2088.178817 -2088.179219 -2088.179530 -2088.179770 -2088.179957 -2088.180106 -2088.180227 -2088.180330 -2088.180423 -2088.180514 -2088.180617 -2088.180746 -2088.180924 -2088.181188 -2088.181591 -2088.182225 -2088.183242 -2088.184900 -2088.187658 -2088.192355 -2088.200581 -2088.215419 -2088.242993 -2088.295699 -2088.399295 -2088.609806 -2089.057756 -2090.074044 -2092.586955 -2099.601253 -2122.851275 -9999.0 -9999.0
-9999.0 -9999.0 0.090692 -94.738976 -193.171489 -292.009973 -390.996277 -490.032564 -589.069419 -688.065860 -786.953662 -885.681335 -984.203883 -1082.454413 -1180.629278 -1278.679010 -1376.104497 -1472.490600 -1567.157191 -1658.978369 -1745.834088 -1824.395711 -1891.413865 -1945.332142 -1986.638389 -2017.141942 -2039.086350 -2054.579671 -2065.363485 -2072.782761 -2077.837525 -2081.253071 -2083.545470 -2085.076027 -2086.094582 -2086.774282 -2087.244878 -2087.654733 -2088.387944 -2090.642527 -2094.218819 -2045.018363 -1270.571944 -1267.071223 -1256.999915 -1250.432113 -1247.342581 -1246.863041 -1246.811239 -1246.816338 -1246.829722 -1246.844129 -1246.857981 -1246.870812 -1246.882741 -1246.896782 -1246.940996 -1247.231841 -1248.891362 -1252.566485 -1257.700786 -1253.949158 -2021.999284 -2088.340182 -2089.215671 -2088.419374 -2088.219294 -2088.183513 -2088.178142 -2088.177849 -2088.178321 -2088.178817 -2088.179219 -2088.179530 -2088.179770 -2088.179957 -2088.180106 -2088.180227 -2088.180330 -2088.180423 -2088.180514 -2088.180617 -2088.180746 -2088.180924 -2088.181188 -2088.181591 -2088.182225 -2088.183242 -2088.184900 -2088.187658 -2088.192355 -2088.200581 -2088.215419 -2088.242993 -2088.295699 -2088.399295 -2088.609806 -2089.057756 -2090.074044 -2092.586955 -2099.601253 -2122.851275 -9999.0 -9999.0
-9999.0 -9999.0 0.090704 -94.738189 -193.171179 -292.009861 -390.996237 -490.032550 -589.069413 -688.065858 -786.953661 -885.681335 -984.203883 -1082.454413 -1180.629278 -1278.679010 -1376.104497 -1472.490600 -1567.157192 -1658.978370 -1745.834088 -1824.395711 -1891.413865 -1945.332142 -1986.638389 -2017.141942 -2039.086350 -2054.579671 -2065.363485 -2072.782761 -2077.837525 -2081.253071 -2083.545470 -2085.076027 -2086.094582 -2086.774282 -2087.244878 -2087.654733 -2088.387944 -2090.642527 -2094.218819 -2045.018363 -1270.571944 -1267.071223 -1256.999915 -1250.432113 -1247.342581 -1246.863041 -1246.811239 -1246.816338 -1246.829722 -1246.844129 -1246.857981 -1246.870812 -1246.882741 -1246.896782 -1246.940996 -1247.231841 -1248.891362 -1252.566485 -1257.700786 -1253.949158 -2021.999284 -2088.340182 -2089.215671 -2088.419374 -2088.219294 -2088.183513 -2088.178142 -2088.177849 -2088.178321 -2088.178817 -2088.179219 -2088.179530 -2088.179770 -2088.179957 -2088.180106 -2088.180227 -2088.180330 -2088.180423 -2088.180514 -2088.180617 -2088.180746 -2088.180924 -2088.181188 -2088.181591 -2088.182225 -2088.183242 -2088.184900 -2088.187658 -2088.192355 -2088.200581 -2088.215419 -2088.242993 -2088.295699 -2088.399295 -2088.609806 -2089.057756 -2090.074044 -2092.586955 -2099.601253 -2122.851275 -9999.0 -9999.0
-9999.0 -9999.0 0.090704 -94.738189 -193.171179 -292.009861 -390.996237 -490.032550 -589.069413 -688.065858 -786.953661 -885.681335 -984.203883 -1082.454413 -1180.629278 -1278.679010 -1376.104497 -1472.490600 -1567.157192 -1658.978370 -1745.834088 -1824.395711 -1891.413865 -1945.332142 -1986.638389 -2017.141942 -2039.086350 -2054.579671 -2065.363485 -2072.782761 -2077.837525 -2081.253071 -2083.545470 -2085.076027 -2086.094582 -2086.774282 -2087.244878 -2087.654733 -2088.387944 -2090.642527 -2094.218819 -2045.018363 -1270.571944 -1267.071223 -1256.999915 -1250.432113 -1247.342581 -1246.863041 -1246.811239 -1246.816338 -1246.829722 -1246.844129 -1246.857981 -1246.870812 -1246.882741 -1246.896782 -1246.940996 -1247.231841 -1248.891362 -1252.566485 -1257.700786 -1253.949158 -2021.999284 -2088.340182 -2089.215671 -2088.419374 -2088.219294 -2088.183513 -2088.178142 -2088.177849 -2088.178321 -2088.178817 -2088.179219 -2088.179530 -2088.179770 -2088.179957 -2088.180106 -2088.180227 -2088.180330 -2088.180423 -2088.180514 -2088.180617 -2088.180746 -2088.180924 -2088.181188 -2088.181591 -2088.182225 -2088.183242 -2088.184900 -2088.187658 -2088.192355 -2088.200581 -2088.215419 -2088.242993 -2088.295699 -2088.399295 -2088.609806 -2089.057756 -2090.074044 -2092.586955 -2099.601253 -2122.851275 -9999.0 -9999.0
-9999.0 -9999.0 0.090692 -94.738976 -193.171489 -292.009973 -390.996277 -490.032564 -589.069419 -688.065860 -786.953662 -885.681335 -984.203884 -1082.454413 -1180.629278 -1278.679010 -1376.104497 -1472.490600 -1567.157191 -1658.978369 -1745.834088 -1824.395711 -1891.413865 -1945.332142 -1986.638389 -2017.141942 -2039.086350 -2054.579671 -2065.363485 -2072.782761 -2077.837525 -2081.253071 -2083.545470 -2085.076027 -2086.094582 -2086.774282 -2087.244878 -2087.654733 -2088.387944 -2090.642527 -2094.218819 -2045.018363 -1270.571944 -1267.071223 -1256.999915 -1250.432113 -1247.342581 -1246.863041 -1246.811239 -1246.816338 -1246.829722 -1246.844129 -1246.857981 -1246.870812 -1246.882741 -1246.896782 -1246.940996 -1247.231841 -1248.891362 -1252.566485 -1257.700786 -1253.949158 -2021.999284 -2088.340182 -2089.215671 -2088.419374 -2088.219294 -2088.183513 -2088.178142 -2088.177849 -2088.178321 -2088.178817 -2088.179219 -2088.179530 -2088.179770 -2088.179957 -2088.180106 -2088.180227 -2088.180330 -2088.180423 -2088.180514 -2088.180617 -2088.180746 -2088.180924 -2088.181188 -2088.181591 -2088.182225 -2088.183242 -2088.184900 -2088.187658 -2088.192355 -2088.200581 -2088.215419 -2088.242993 -2088.295699 -2088.399295 -2088.609806 -2089.057756 -2090.074044 -2092.586955 -2099.601253 -2122.851275 -9999.0 -9999.0
-9999.0 -9999.0 0.028897 -94.740943 -193.171979 -292.010116 -390.996323 -490.032580 -589.069424 -688.065862 -786.953663 -885.681336 -984.203884 -1082.454413 -1180.629278 -1278.679010 -1376.104497 -1472.490600 -1567.157191 -1658.978369 -1745.834087 -1824.395711 -1891.413865 -1945.332142 -1986.638389 -2017.141942 -2039.086350 -2054.579671 -2065.363485 -2072.782761 -2077.837525 -2081.253071 -2083.545470 -2085.076027 -2086.094582 -2086.774282 -2087.244878 -2087.654733 -2088.387944 -2090.642527 -2094.218819 -2045.018363 -1270.571944 -1267.071223 -1256.999915 -1250.432113 -1247.342581 -1246.863041 -1246.811239 -1246.816338 -1246.829722 -1246.844129 -1246.857981 -1246.870812 -1246.882741 -1246.896782 -1246.940996 -1247.231841 -1248.891362 -1252.566485 -1257.700786 -1253.949158 -2021.999284 -2088.340182 -2089.215671 -2088.419374 -2088.219294 -2088.183513 -2088.178142 -2088.177849 -2088.178321 -2088.178817 -2088.179219 -2088.179530 -2088.179770 -2088.179957 -2088.180106 -2088.180227 -2088.180330 -2088.180423 -2088.180514 -2088.180617 -2088.180746 -2088.180924 -2088.181188 -2088.181591 -2088.182225 -2088.183242 -2088.184900 -2088.187658 -2088.192355 -2088.200581 -2088.215419 -2088.242993 -2088.295699 -2088.399295 -2088.609806 -2089.057756 -2090.074044 -2092.586955 -2099.601253 -2122.851275 -9999.0 -9999.0
-9999.0 -9999.0 -9999.0 -9999.0 -9999.0 -9999.0 -9999.0 -9999.0 -9999.0 -9999.0 -9999.0 -9999.0 -9999.0 -9999.0 -9999.0 -9999.0 -9999.0 -9999.0 -9999.0 -9999.0 -9999.0 -9999.0 -9999.0 -9999.0 -9999.0 -9999.0 -9999.0 -9999.0 -9999.0 -9999.0 -9999.0 -9999.0 -9999.0 -9999.0 -9999.0 -9999.0 -9999.0 -9999.0 -9999.0 -9999.0 -9999.0 -9999.0 -9999.0 -9999.0 -9999.0 -9999.0 -9999.0 -9999.0 -9999.0 -9999.0 -9999.0 -9999.0 -9999.0 -9999.0 -9999.0 -9999.0 -9999.0 -9999.0 -9999.0 -9999.0 -9999.0 -9999.0 -9999.0 -9999.0 -9999.0 -9999.0 -9999.0 -9999.0 -9999.0 -9999.0 -9999.0 -9999.0 -9999.0 -9999.0 -9999.0 -9999.0 -9999.0 -9999.0 -9999.0 -9999.0 -9999.0 -9999.0 -9999.0 -9999.0 -9999.0 -9999.0 -9999.0 -9999.0 -9999.0 -9999.0 -9999.0 -9999.0 -9999.0 -9999.0 -9999.0 -9999.0 -9999.0 -9999.0 -9999.0 -9999.0 -9999.0 -9999.0 -9999.0 -9999.0
-9999.0 -9999.0 -9999.0 -9999.0 -9999.0 -9999.0 -9999.0 -9999.0 -9999.0 -9999.0 -9999.0 -9999.0 -9999.0 -9999.0 -9999.0 -9999.0 -9999.0 -9999.0 -9999.0 -9999.0 -9999.0 -9999.0 -9999.0 -9999.0 -9999.0 -9999.0 -9999.0 -9999.0 -9999.0 -9999.0 -9999.0 -9999.0 -9999.0 -9999.0 -9999.0 -9999.0 -9999.0 -9999.0 -9999.0 -9999.0 -9999.0 -9999.0 -9999.0 -9999.0 -9999.0 -9999.0 -9999.0 -9999.0 -9999.0 -9999.0 -9999.0 -9999.0 -9999.0 -9999.0 -9999.0 -9999.0 -9999.0 -9999.0 -9999.0 -9999.0 -9999.0 -9999.0 -9999.0 -9999.0 -9999.0 -9999.0 -9999.0 -9999.0 -9999.0 -9999.0 -9999.0 -9999.0 -9999.0 -9999.0 -9999.0 -9999.0 -9999.0 -9999.0 -9999.0 -9999.0 -9999.0 -9999.0 -9999.0 -9999.0 -9999.0 -9999.0 -9999.0 -9999.0 -9999.0 -9999.0 -9999.0 -9999.0 -9999.0 -9999.0 -9999.0 -9999.0 -9999.0 -9999.0 -9999.0 -9999.0 -9999.0 -9999.0 -9999.0 -9999.0