inst/processing_geotop_simulation/geotop_simulation/out/maps3D/PwL0003N0322.asc
ncols         104
nrows         10
xllcorner     -2.000000
yllcorner     0.000000
cellsize      1.000000
NODATA_value  -9999.0
-9999.0 -9999.0 -9999.0 -9999.0 -9999.0 -9999.0 -9999.0 -9999.0 -9999.0 -9999.0 -9999.0 -9999.0 -9999.0 -9999.0 -9999.0 -9999.0 -9999.0 -9999.0 -9999.0 -9999.0 -9999.0 -9999.0 -9999.0 -9999.0 -9999.0 -9999.0 -9999.0 -9999.0 -9999.0 -9999.0 -9999.0 -9999.0 -9999.0 -9999.0 -9999.0 -9999.0 -9999.0 -9999.0 -9999.0 -9999.0 -9999.0 -9999.0 -9999.0 -9999.0 -9999.0 -9999.0 -9999.0 -9999.0 -9999.0 -9999.0 -9999.0 -9999.0 -9999.0 -9999.0 -9999.0 -9999.0 -9999.0 -9999.0 -9999.0 -9999.0 -9999.0 -9999.0 -9999.0 -9999.0 -9999.0 -9999.0 -9999.0 -9999.0 -9999.0 -9999.0 -9999.0 -9999.0 -9999.0 -9999.0 -9999.0 -9999.0 -9999.0 -9999.0 -9999.0 -9999.0 -9999.0 -9999.0 -9999.0 -9999.0 -9999.0 -9999.0 -9999.0 -9999.0 -9999.0 -9999.0 -9999.0 -9999.0 -9999.0 -9999.0 -9999.0 -9999.0 -9999.0 -9999.0 -9999.0 -9999.0 -9999.0 -9999.0 -9999.0 -9999.0
-9999.0 -9999.0 -9999.0 -9999.0 -9999.0 -9999.0 -9999.0 -9999.0 -9999.0 -9999.0 -9999.0 -9999.0 -9999.0 -9999.0 -9999.0 -9999.0 -9999.0 -9999.0 -9999.0 -9999.0 -9999.0 -9999.0 -9999.0 -9999.0 -9999.0 -9999.0 -9999.0 -9999.0 -9999.0 -9999.0 -9999.0 -9999.0 -9999.0 -9999.0 -9999.0 -9999.0 -9999.0 -9999.0 -9999.0 -9999.0 -9999.0 -9999.0 -9999.0 -9999.0 -9999.0 -9999.0 -9999.0 -9999.0 -9999.0 -9999.0 -9999.0 -9999.0 -9999.0 -9999.0 -9999.0 -9999.0 -9999.0 -9999.0 -9999.0 -9999.0 -9999.0 -9999.0 -9999.0 -9999.0 -9999.0 -9999.0 -9999.0 -9999.0 -9999.0 -9999.0 -9999.0 -9999.0 -9999.0 -9999.0 -9999.0 -9999.0 -9999.0 -9999.0 -9999.0 -9999.0 -9999.0 -9999.0 -9999.0 -9999.0 -9999.0 -9999.0 -9999.0 -9999.0 -9999.0 -9999.0 -9999.0 -9999.0 -9999.0 -9999.0 -9999.0 -9999.0 -9999.0 -9999.0 -9999.0 -9999.0 -9999.0 -9999.0 -9999.0 -9999.0
-9999.0 -9999.0 126.138720 29.481507 -68.825154 -167.565675 -266.467453 -365.426759 -464.388901 -563.314423 -662.128187 -760.730239 -859.136309 -957.246038 -1055.238131 -1153.213922 -1250.458683 -1346.585975 -1440.901566 -1532.273547 -1618.506706 -1696.199253 -1762.174135 -1815.041528 -1855.422509 -1885.180928 -1906.557490 -1921.631993 -1932.112680 -1939.314986 -1944.215596 -1947.522271 -1949.738209 -1951.215355 -1952.196761 -1952.850628 -1953.302759 -1953.696808 -1954.411172 -1956.691045 -1961.058116 -1919.381924 -1180.140442 -1181.585275 -1170.113595 -1162.630748 -1159.116565 -1158.578665 -1158.520917 -1158.526634 -1158.541568 -1158.557638 -1158.573085 -1158.587393 -1158.600690 -1158.616290 -1158.665235 -1158.989406 -1160.869119 -1165.040487 -1170.808843 -1161.110768 -1895.670806 -1955.073609 -1955.277659 -1954.439041 -1954.240405 -1954.205624 -1954.200477 -1954.200243 -1954.200743 -1954.201256 -1954.201672 -1954.201992 -1954.202239 -1954.202432 -1954.202585 -1954.202710 -1954.202816 -1954.202911 -1954.203005 -1954.203110 -1954.203242 -1954.203425 -1954.203695 -1954.204108 -1954.204759 -1954.205802 -1954.207503 -1954.210331 -1954.215146 -1954.223569 -1954.238751 -1954.266942 -1954.320775 -1954.426453 -1954.640772 -1955.095519 -1956.123265 -1958.651523 -1965.664619 -1988.814879 -9999.0 -9999.0
-9999.0 -9999.0 126.148970 29.483474 -68.824659 -167.565531 -266.467407 -365.426743 -464.388896 -563.314421 -662.128186 -760.730238 -859.136309 -957.246038 -1055.238131 -1153.213922 -1250.458683 -1346.585975 -1440.901566 -1532.273547 -1618.506707 -1696.199254 -1762.174135 -1815.041528 -1855.422509 -1885.180928 -1906.557490 -1921.631994 -1932.112680 -1939.314986 -1944.215596 -1947.522271 -1949.738209 -1951.215355 -1952.196761 -1952.850628 -1953.302759 -1953.696808 -1954.411172 -1956.691045 -1961.058116 -1919.381924 -1180.140442 -1181.585275 -1170.113595 -1162.630748 -1159.116565 -1158.578665 -1158.520917 -1158.526634 -1158.541568 -1158.557638 -1158.573085 -1158.587393 -1158.600690 -1158.616290 -1158.665235 -1158.989406 -1160.869119 -1165.040487 -1170.808843 -1161.110768 -1895.670806 -1955.073609 -1955.277659 -1954.439041 -1954.240405 -1954.205624 -1954.200477 -1954.200243 -1954.200743 -1954.201256 -1954.201672 -1954.201992 -1954.202239 -1954.202432 -1954.202585 -1954.202710 -1954.202816 -1954.202911 -1954.203005 -1954.203110 -1954.203242 -1954.203425 -1954.203695 -1954.204108 -1954.204759 -1954.205802 -1954.207503 -1954.210331 -1954.215146 -1954.223569 -1954.238751 -1954.266942 -1954.320775 -1954.426453 -1954.640772 -1955.095519 -1956.123265 -1958.651523 -1965.664619 -1988.814879 -9999.0 -9999.0
-9999.0 -9999.0 126.150248 29.484269 -68.824347 -167.565417 -266.467367 -365.426729 -464.388891 -563.314419 -662.128186 -760.730238 -859.136309 -957.246038 -1055.238131 -1153.213922 -1250.458683 -1346.585975 -1440.901566 -1532.273547 -1618.506707 -1696.199254 -1762.174135 -1815.041528 -1855.422509 -1885.180928 -1906.557490 -1921.631994 -1932.112680 -1939.314986 -1944.215596 -1947.522271 -1949.738209 -1951.215355 -1952.196761 -1952.850628 -1953.302759 -1953.696808 -1954.411172 -1956.691045 -1961.058116 -1919.381924 -1180.140442 -1181.585275 -1170.113595 -1162.630748 -1159.116565 -1158.578665 -1158.520917 -1158.526634 -1158.541568 -1158.557638 -1158.573085 -1158.587393 -1158.600690 -1158.616290 -1158.665235 -1158.989406 -1160.869119 -1165.040487 -1170.808843 -1161.110768 -1895.670806 -1955.073609 -1955.277659 -1954.439041 -1954.240405 -1954.205624 -1954.200477 -1954.200243 -1954.200743 -1954.201256 -1954.201672 -1954.201992 -1954.202239 -1954.202432 -1954.202585 -1954.202710 -1954.202816 -1954.202911 -1954.203005 -1954.203110 -1954.203242 -1954.203425 -1954.203695 -1954.204108 -1954.204759 -1954.205802 -1954.207503 -1954.210331 -1954.215146 -1954.223569 -1954.238751 -1954.266942 -1954.320775 -1954.426453 -1954.640772 -1955.095519 -1956.123265 -1958.651523 -1965.664619 -1988.814879 -9999.0 -9999.0
-9999.0 -9999.0 126.150248 29.484269 -68.824347 -167.565418 -266.467367 -365.426729 -464.388891 -563.314419 -662.128186 -760.730238 -859.136309 -957.246038 -1055.238131 -1153.213922 -1250.458683 -1346.585975 -1440.901566 -1532.273547 -1618.506707 -1696.199254 -1762.174135 -1815.041528 -1855.422509 -1885.180928 -1906.557490 -1921.631994 -1932.112680 -1939.314986 -1944.215596 -1947.522271 -1949.738209 -1951.215355 -1952.196761 -1952.850628 -1953.302759 -1953.696808 -1954.411172 -1956.691045 -1961.058116 -1919.381924 -1180.140442 -1181.585275 -1170.113595 -1162.630748 -1159.116565 -1158.578665 -1158.520917 -1158.526634 -1158.541568 -1158.557638 -1158.573085 -1158.587393 -1158.600690 -1158.616290 -1158.665235 -1158.989406 -1160.869119 -1165.040487 -1170.808843 -1161.110768 -1895.670806 -1955.073609 -1955.277659 -1954.439041 -1954.240405 -1954.205624 -1954.200477 -1954.200243 -1954.200743 -1954.201256 -1954.201672 -1954.201992 -1954.202239 -1954.202432 -1954.202585 -1954.202710 -1954.202816 -1954.202911 -1954.203005 -1954.203110 -1954.203242 -1954.203425 -1954.203695 -1954.204108 -1954.204759 -1954.205802 -1954.207503 -1954.210331 -1954.215146 -1954.223569 -1954.238751 -1954.266942 -1954.320775 -1954.426453 -1954.640772 -1955.095519 -1956.123265 -1958.651523 -1965.664619 -1988.814879 -9999.0 -9999.0
-9999.0 -9999.0 126.148970 29.483475 -68.824660 -167.565531 -266.467407 -365.426743 -464.388896 -563.314421 -662.128186 -760.730238 -859.136309 -957.246038 -1055.238131 -1153.213922 -1250.458683 -1346.585975 -1440.901566 -1532.273547 -1618.506707 -1696.199254 -1762.174135 -1815.041528 -1855.422509 -1885.180928 -1906.557490 -1921.631994 -1932.112680 -1939.314986 -1944.215596 -1947.522271 -1949.738209 -1951.215355 -1952.196761 -1952.850628 -1953.302759 -1953.696808 -1954.411172 -1956.691045 -1961.058116 -1919.381924 -1180.140442 -1181.585275 -1170.113595 -1162.630748 -1159.116565 -1158.578665 -1158.520917 -1158.526634 -1158.541568 -1158.557638 -1158.573085 -1158.587393 -1158.600690 -1158.616290 -1158.665235 -1158.989406 -1160.869119 -1165.040487 -1170.808843 -1161.110768 -1895.670806 -1955.073609 -1955.277659 -1954.439041 -1954.240405 -1954.205624 -1954.200477 -1954.200243 -1954.200743 -1954.201256 -1954.201672 -1954.201992 -1954.202239 -1954.202432 -1954.202585 -1954.202710 -1954.202816 -1954.202911 -1954.203005 -1954.203110 -1954.203242 -1954.203425 -1954.203695 -1954.204108 -1954.204759 -1954.205802 -1954.207503 -1954.210331 -1954.215146 -1954.223569 -1954.238751 -1954.266942 -1954.320775 -1954.426453 -1954.640772 -1955.095519 -1956.123265 -1958.651523 -1965.664619 -1988.814879 -9999.0 -9999.0
-9999.0 -9999.0 126.138720 29.481507 -68.825154 -167.565675 -266.467453 -365.426759 -464.388901 -563.314423 -662.128187 -760.730239 -859.136309 -957.246038 -1055.238131 -1153.213922 -1250.458683 -1346.585975 -1440.901566 -1532.273547 -1618.506706 -1696.199253 -1762.174135 -1815.041528 -1855.422509 -1885.180928 -1906.557490 -1921.631993 -1932.112680 -1939.314986 -1944.215596 -1947.522271 -1949.738209 -1951.215355 -1952.196761 -1952.850628 -1953.302759 -1953.696808 -1954.411172 -1956.691045 -1961.058116 -1919.381924 -1180.140442 -1181.585275 -1170.113595 -1162.630748 -1159.116565 -1158.578665 -1158.520917 -1158.526634 -1158.541568 -1158.557638 -1158.573085 -1158.587393 -1158.600690 -1158.616290 -1158.665235 -1158.989406 -1160.869119 -1165.040487 -1170.808843 -1161.110768 -1895.670806 -1955.073609 -1955.277659 -1954.439041 -1954.240405 -1954.205624 -1954.200477 -1954.200243 -1954.200743 -1954.201256 -1954.201672 -1954.201992 -1954.202239 -1954.202432 -1954.202585 -1954.202710 -1954.202816 -1954.202911 -1954.203005 -1954.203110 -1954.203242 -1954.203425 -1954.203695 -1954.204108 -1954.204759 -1954.205802 -1954.207503 -1954.210331 -1954.215146 -1954.223569 -1954.238751 -1954.266942 -1954.320775 -1954.426453 -1954.640772 -1955.095519 -1956.123265 -1958.651523 -1965.664619 -1988.814879 -9999.0 -9999.0
-9999.0 -9999.0 -9999.0 -9999.0 -9999.0 -9999.0 -9999.0 -9999.0 -9999.0 -9999.0 -9999.0 -9999.0 -9999.0 -9999.0 -9999.0 -9999.0 -9999.0 -9999.0 -9999.0 -9999.0 -9999.0 -9999.0 -9999.0 -9999.0 -9999.0 -9999.0 -9999.0 -9999.0 -9999.0 -9999.0 -9999.0 -9999.0 -9999.0 -9999.0 -9999.0 -9999.0 -9999.0 -9999.0 -9999.0 -9999.0 -9999.0 -9999.0 -9999.0 -9999.0 -9999.0 -9999.0 -9999.0 -9999.0 -9999.0 -9999.0 -9999.0 -9999.0 -9999.0 -9999.0 -9999.0 -9999.0 -9999.0 -9999.0 -9999.0 -9999.0 -9999.0 -9999.0 -9999.0 -9999.0 -9999.0 -9999.0 -9999.0 -9999.0 -9999.0 -9999.0 -9999.0 -9999.0 -9999.0 -9999.0 -9999.0 -9999.0 -9999.0 -9999.0 -9999.0 -9999.0 -9999.0 -9999.0 -9999.0 -9999.0 -9999.0 -9999.0 -9999.0 -9999.0 -9999.0 -9999.0 -9999.0 -9999.0 -9999.0 -9999.0 -9999.0 -9999.0 -9999.0 -9999.0 -9999.0 -9999.0 -9999.0 -9999.0 -9999.0 -9999.0
-9999.0 -9999.0 -9999.0 -9999.0 -9999.0 -9999.0 -9999.0 -9999.0 -9999.0 -9999.0 -9999.0 -9999.0 -9999.0 -9999.0 -9999.0 -9999.0 -9999.0 -9999.0 -9999.0 -9999.0 -9999.0 -9999.0 -9999.0 -9999.0 -9999.0 -9999.0 -9999.0 -9999.0 -9999.0 -9999.0 -9999.0 -9999.0 -9999.0 -9999.0 -9999.0 -9999.0 -9999.0 -9999.0 -9999.0 -9999.0 -9999.0 -9999.0 -9999.0 -9999.0 -9999.0 -9999.0 -9999.0 -9999.0 -9999.0 -9999.0 -9999.0 -9999.0 -9999.0 -9999.0 -9999.0 -9999.0 -9999.0 -9999.0 -9999.0 -9999.0 -9999.0 -9999.0 -9999.0 -9999.0 -9999.0 -9999.0 -9999.0 -9999.0 -9999.0 -9999.0 -9999.0 -9999.0 -9999.0 -9999.0 -9999.0 -9999.0 -9999.0 -9999.0 -9999.0 -9999.0 -9999.0 -9999.0 -9999.0 -9999.0 -9999.0 -9999.0 -9999.0 -9999.0 -9999.0 -9999.0 -9999.0 -9999.0 -9999.0 -9999.0 -9999.0 -9999.0 -9999.0 -9999.0 -9999.0 -9999.0 -9999.0 -9999.0 -9999.0 -9999.0