inst/processing_geotop_simulation/geotop_simulation/out/maps3D/PwL0022N0102.asc
ncols         104
nrows         10
xllcorner     -2.000000
yllcorner     0.000000
cellsize      1.000000
NODATA_value  -9999.0
-9999.0 -9999.0 -9999.0 -9999.0 -9999.0 -9999.0 -9999.0 -9999.0 -9999.0 -9999.0 -9999.0 -9999.0 -9999.0 -9999.0 -9999.0 -9999.0 -9999.0 -9999.0 -9999.0 -9999.0 -9999.0 -9999.0 -9999.0 -9999.0 -9999.0 -9999.0 -9999.0 -9999.0 -9999.0 -9999.0 -9999.0 -9999.0 -9999.0 -9999.0 -9999.0 -9999.0 -9999.0 -9999.0 -9999.0 -9999.0 -9999.0 -9999.0 -9999.0 -9999.0 -9999.0 -9999.0 -9999.0 -9999.0 -9999.0 -9999.0 -9999.0 -9999.0 -9999.0 -9999.0 -9999.0 -9999.0 -9999.0 -9999.0 -9999.0 -9999.0 -9999.0 -9999.0 -9999.0 -9999.0 -9999.0 -9999.0 -9999.0 -9999.0 -9999.0 -9999.0 -9999.0 -9999.0 -9999.0 -9999.0 -9999.0 -9999.0 -9999.0 -9999.0 -9999.0 -9999.0 -9999.0 -9999.0 -9999.0 -9999.0 -9999.0 -9999.0 -9999.0 -9999.0 -9999.0 -9999.0 -9999.0 -9999.0 -9999.0 -9999.0 -9999.0 -9999.0 -9999.0 -9999.0 -9999.0 -9999.0 -9999.0 -9999.0 -9999.0 -9999.0
-9999.0 -9999.0 -9999.0 -9999.0 -9999.0 -9999.0 -9999.0 -9999.0 -9999.0 -9999.0 -9999.0 -9999.0 -9999.0 -9999.0 -9999.0 -9999.0 -9999.0 -9999.0 -9999.0 -9999.0 -9999.0 -9999.0 -9999.0 -9999.0 -9999.0 -9999.0 -9999.0 -9999.0 -9999.0 -9999.0 -9999.0 -9999.0 -9999.0 -9999.0 -9999.0 -9999.0 -9999.0 -9999.0 -9999.0 -9999.0 -9999.0 -9999.0 -9999.0 -9999.0 -9999.0 -9999.0 -9999.0 -9999.0 -9999.0 -9999.0 -9999.0 -9999.0 -9999.0 -9999.0 -9999.0 -9999.0 -9999.0 -9999.0 -9999.0 -9999.0 -9999.0 -9999.0 -9999.0 -9999.0 -9999.0 -9999.0 -9999.0 -9999.0 -9999.0 -9999.0 -9999.0 -9999.0 -9999.0 -9999.0 -9999.0 -9999.0 -9999.0 -9999.0 -9999.0 -9999.0 -9999.0 -9999.0 -9999.0 -9999.0 -9999.0 -9999.0 -9999.0 -9999.0 -9999.0 -9999.0 -9999.0 -9999.0 -9999.0 -9999.0 -9999.0 -9999.0 -9999.0 -9999.0 -9999.0 -9999.0 -9999.0 -9999.0 -9999.0 -9999.0
-9999.0 -9999.0 1089.658136 996.153686 902.529240 808.199767 713.447785 618.506867 523.515237 428.550376 333.653620 238.844698 144.154680 49.633411 -44.655600 -138.752769 -232.791012 -327.068043 -422.117182 -518.654630 -617.323726 -715.104484 -808.492063 -897.864489 -979.415263 -1016.568262 -1036.288211 -1045.306081 -1048.667380 -1049.390762 -1049.070948 -1048.463175 -1047.883209 -1047.434150 -1047.125613 -1046.935416 -1046.843615 -1046.860231 -1047.128812 -1048.923385 -1061.337823 -1155.148197 -1635.846128 -3179.036609 -3885.366772 -3885.192204 -3836.908283 -3500.550296 -3027.577845 -2658.865370 -2399.000079 -2195.836714 -2080.491741 -2008.703506 -1943.340289 -1876.013757 -1804.415169 -1729.847526 -1655.448677 -1583.572168 -1509.590470 -1265.703695 -1118.948727 -1056.544098 -1048.165090 -1047.162024 -1047.027264 -1047.006137 -1047.003865 -1047.005025 -1047.006560 -1047.007864 -1047.008876 -1047.009645 -1047.010235 -1047.010694 -1047.011059 -1047.011353 -1047.011599 -1047.011817 -1047.012028 -1047.012261 -1047.012553 -1047.012955 -1047.013547 -1047.014456 -1047.015883 -1047.018160 -1047.021850 -1047.027929 -1047.038151 -1047.055784 -1047.087098 -1047.144436 -1047.252495 -1047.461488 -1047.876903 -1048.737387 -1050.648389 -1055.298685 -1067.435596 -1099.588406 -9999.0 -9999.0
-9999.0 -9999.0 1089.661068 996.154884 902.529652 808.199905 713.447832 618.506883 523.515242 428.550377 333.653620 238.844698 144.154680 49.633411 -44.655601 -138.752770 -232.791012 -327.068043 -422.117183 -518.654630 -617.323726 -715.104484 -808.492063 -897.864489 -979.415263 -1016.568262 -1036.288211 -1045.306081 -1048.667380 -1049.390762 -1049.070948 -1048.463175 -1047.883209 -1047.434150 -1047.125613 -1046.935416 -1046.843615 -1046.860231 -1047.128812 -1048.923385 -1061.337823 -1155.148197 -1635.846128 -3179.036607 -3885.366772 -3885.192204 -3836.908283 -3500.550295 -3027.577844 -2658.865368 -2399.000076 -2195.836713 -2080.491741 -2008.703506 -1943.340289 -1876.013757 -1804.415168 -1729.847526 -1655.448676 -1583.572168 -1509.590470 -1265.703695 -1118.948727 -1056.544098 -1048.165090 -1047.162024 -1047.027264 -1047.006137 -1047.003865 -1047.005025 -1047.006560 -1047.007864 -1047.008876 -1047.009645 -1047.010235 -1047.010694 -1047.011059 -1047.011353 -1047.011599 -1047.011817 -1047.012028 -1047.012261 -1047.012553 -1047.012955 -1047.013547 -1047.014456 -1047.015883 -1047.018160 -1047.021850 -1047.027929 -1047.038151 -1047.055784 -1047.087098 -1047.144436 -1047.252495 -1047.461488 -1047.876903 -1048.737387 -1050.648389 -1055.298685 -1067.435596 -1099.588406 -9999.0 -9999.0
-9999.0 -9999.0 1089.662296 996.155557 902.529941 808.200017 713.447874 618.506898 523.515247 428.550379 333.653621 238.844698 144.154680 49.633411 -44.655601 -138.752770 -232.791012 -327.068043 -422.117183 -518.654630 -617.323726 -715.104484 -808.492063 -897.864489 -979.415263 -1016.568262 -1036.288211 -1045.306081 -1048.667380 -1049.390762 -1049.070948 -1048.463175 -1047.883209 -1047.434150 -1047.125613 -1046.935416 -1046.843615 -1046.860231 -1047.128812 -1048.923385 -1061.337823 -1155.148197 -1635.846128 -3179.036607 -3885.366772 -3885.192204 -3836.908283 -3500.550294 -3027.577844 -2658.865366 -2399.000074 -2195.836713 -2080.491741 -2008.703506 -1943.340289 -1876.013757 -1804.415168 -1729.847526 -1655.448676 -1583.572168 -1509.590470 -1265.703695 -1118.948727 -1056.544098 -1048.165090 -1047.162024 -1047.027264 -1047.006137 -1047.003865 -1047.005025 -1047.006560 -1047.007864 -1047.008876 -1047.009645 -1047.010235 -1047.010694 -1047.011059 -1047.011353 -1047.011599 -1047.011817 -1047.012028 -1047.012261 -1047.012553 -1047.012955 -1047.013547 -1047.014456 -1047.015883 -1047.018160 -1047.021850 -1047.027929 -1047.038151 -1047.055784 -1047.087098 -1047.144436 -1047.252495 -1047.461488 -1047.876903 -1048.737387 -1050.648389 -1055.298685 -1067.435596 -1099.588406 -9999.0 -9999.0
-9999.0 -9999.0 1089.662296 996.155557 902.529941 808.200017 713.447874 618.506898 523.515247 428.550379 333.653621 238.844698 144.154680 49.633411 -44.655601 -138.752770 -232.791012 -327.068044 -422.117183 -518.654630 -617.323726 -715.104484 -808.492063 -897.864489 -979.415263 -1016.568261 -1036.288211 -1045.306081 -1048.667380 -1049.390762 -1049.070948 -1048.463175 -1047.883209 -1047.434150 -1047.125613 -1046.935416 -1046.843615 -1046.860231 -1047.128812 -1048.923385 -1061.337823 -1155.148197 -1635.846128 -3179.036607 -3885.366772 -3885.192204 -3836.908283 -3500.550294 -3027.577844 -2658.865366 -2399.000074 -2195.836713 -2080.491741 -2008.703506 -1943.340288 -1876.013757 -1804.415168 -1729.847526 -1655.448676 -1583.572168 -1509.590470 -1265.703695 -1118.948727 -1056.544098 -1048.165090 -1047.162024 -1047.027264 -1047.006137 -1047.003865 -1047.005025 -1047.006560 -1047.007864 -1047.008876 -1047.009645 -1047.010235 -1047.010694 -1047.011059 -1047.011353 -1047.011599 -1047.011817 -1047.012028 -1047.012261 -1047.012553 -1047.012955 -1047.013547 -1047.014456 -1047.015883 -1047.018160 -1047.021850 -1047.027929 -1047.038151 -1047.055784 -1047.087098 -1047.144436 -1047.252495 -1047.461488 -1047.876903 -1048.737387 -1050.648389 -1055.298685 -1067.435596 -1099.588406 -9999.0 -9999.0
-9999.0 -9999.0 1089.661068 996.154884 902.529652 808.199905 713.447832 618.506883 523.515242 428.550377 333.653620 238.844698 144.154680 49.633411 -44.655601 -138.752770 -232.791012 -327.068043 -422.117183 -518.654630 -617.323726 -715.104484 -808.492063 -897.864489 -979.415263 -1016.568262 -1036.288211 -1045.306081 -1048.667380 -1049.390762 -1049.070948 -1048.463175 -1047.883209 -1047.434150 -1047.125613 -1046.935416 -1046.843615 -1046.860231 -1047.128812 -1048.923385 -1061.337823 -1155.148197 -1635.846128 -3179.036607 -3885.366772 -3885.192204 -3836.908283 -3500.550295 -3027.577844 -2658.865367 -2399.000076 -2195.836713 -2080.491741 -2008.703506 -1943.340289 -1876.013757 -1804.415169 -1729.847526 -1655.448677 -1583.572168 -1509.590470 -1265.703695 -1118.948727 -1056.544098 -1048.165090 -1047.162024 -1047.027264 -1047.006137 -1047.003865 -1047.005025 -1047.006560 -1047.007864 -1047.008876 -1047.009645 -1047.010235 -1047.010694 -1047.011059 -1047.011353 -1047.011599 -1047.011817 -1047.012028 -1047.012261 -1047.012553 -1047.012955 -1047.013547 -1047.014456 -1047.015883 -1047.018160 -1047.021850 -1047.027929 -1047.038151 -1047.055784 -1047.087098 -1047.144436 -1047.252495 -1047.461488 -1047.876903 -1048.737387 -1050.648389 -1055.298685 -1067.435596 -1099.588406 -9999.0 -9999.0
-9999.0 -9999.0 1089.658136 996.153686 902.529240 808.199767 713.447785 618.506867 523.515237 428.550376 333.653620 238.844698 144.154680 49.633411 -44.655600 -138.752769 -232.791012 -327.068043 -422.117182 -518.654630 -617.323726 -715.104484 -808.492063 -897.864489 -979.415263 -1016.568262 -1036.288211 -1045.306081 -1048.667380 -1049.390762 -1049.070948 -1048.463175 -1047.883209 -1047.434150 -1047.125613 -1046.935416 -1046.843615 -1046.860231 -1047.128812 -1048.923385 -1061.337823 -1155.148197 -1635.846128 -3179.036610 -3885.366772 -3885.192204 -3836.908283 -3500.550296 -3027.577845 -2658.865371 -2399.000079 -2195.836714 -2080.491741 -2008.703507 -1943.340289 -1876.013758 -1804.415169 -1729.847526 -1655.448677 -1583.572168 -1509.590470 -1265.703695 -1118.948727 -1056.544098 -1048.165090 -1047.162024 -1047.027264 -1047.006137 -1047.003865 -1047.005025 -1047.006560 -1047.007864 -1047.008876 -1047.009645 -1047.010235 -1047.010694 -1047.011059 -1047.011353 -1047.011599 -1047.011817 -1047.012028 -1047.012261 -1047.012553 -1047.012955 -1047.013547 -1047.014456 -1047.015883 -1047.018160 -1047.021850 -1047.027929 -1047.038151 -1047.055784 -1047.087098 -1047.144436 -1047.252495 -1047.461488 -1047.876903 -1048.737387 -1050.648389 -1055.298685 -1067.435596 -1099.588406 -9999.0 -9999.0
-9999.0 -9999.0 -9999.0 -9999.0 -9999.0 -9999.0 -9999.0 -9999.0 -9999.0 -9999.0 -9999.0 -9999.0 -9999.0 -9999.0 -9999.0 -9999.0 -9999.0 -9999.0 -9999.0 -9999.0 -9999.0 -9999.0 -9999.0 -9999.0 -9999.0 -9999.0 -9999.0 -9999.0 -9999.0 -9999.0 -9999.0 -9999.0 -9999.0 -9999.0 -9999.0 -9999.0 -9999.0 -9999.0 -9999.0 -9999.0 -9999.0 -9999.0 -9999.0 -9999.0 -9999.0 -9999.0 -9999.0 -9999.0 -9999.0 -9999.0 -9999.0 -9999.0 -9999.0 -9999.0 -9999.0 -9999.0 -9999.0 -9999.0 -9999.0 -9999.0 -9999.0 -9999.0 -9999.0 -9999.0 -9999.0 -9999.0 -9999.0 -9999.0 -9999.0 -9999.0 -9999.0 -9999.0 -9999.0 -9999.0 -9999.0 -9999.0 -9999.0 -9999.0 -9999.0 -9999.0 -9999.0 -9999.0 -9999.0 -9999.0 -9999.0 -9999.0 -9999.0 -9999.0 -9999.0 -9999.0 -9999.0 -9999.0 -9999.0 -9999.0 -9999.0 -9999.0 -9999.0 -9999.0 -9999.0 -9999.0 -9999.0 -9999.0 -9999.0 -9999.0
-9999.0 -9999.0 -9999.0 -9999.0 -9999.0 -9999.0 -9999.0 -9999.0 -9999.0 -9999.0 -9999.0 -9999.0 -9999.0 -9999.0 -9999.0 -9999.0 -9999.0 -9999.0 -9999.0 -9999.0 -9999.0 -9999.0 -9999.0 -9999.0 -9999.0 -9999.0 -9999.0 -9999.0 -9999.0 -9999.0 -9999.0 -9999.0 -9999.0 -9999.0 -9999.0 -9999.0 -9999.0 -9999.0 -9999.0 -9999.0 -9999.0 -9999.0 -9999.0 -9999.0 -9999.0 -9999.0 -9999.0 -9999.0 -9999.0 -9999.0 -9999.0 -9999.0 -9999.0 -9999.0 -9999.0 -9999.0 -9999.0 -9999.0 -9999.0 -9999.0 -9999.0 -9999.0 -9999.0 -9999.0 -9999.0 -9999.0 -9999.0 -9999.0 -9999.0 -9999.0 -9999.0 -9999.0 -9999.0 -9999.0 -9999.0 -9999.0 -9999.0 -9999.0 -9999.0 -9999.0 -9999.0 -9999.0 -9999.0 -9999.0 -9999.0 -9999.0 -9999.0 -9999.0 -9999.0 -9999.0 -9999.0 -9999.0 -9999.0 -9999.0 -9999.0 -9999.0 -9999.0 -9999.0 -9999.0 -9999.0 -9999.0 -9999.0 -9999.0 -9999.0