inst/processing_geotop_simulation/geotop_simulation/out/maps3D/PwL0017N0386.asc
ncols         104
nrows         10
xllcorner     -2.000000
yllcorner     0.000000
cellsize      1.000000
NODATA_value  -9999.0
-9999.0 -9999.0 -9999.0 -9999.0 -9999.0 -9999.0 -9999.0 -9999.0 -9999.0 -9999.0 -9999.0 -9999.0 -9999.0 -9999.0 -9999.0 -9999.0 -9999.0 -9999.0 -9999.0 -9999.0 -9999.0 -9999.0 -9999.0 -9999.0 -9999.0 -9999.0 -9999.0 -9999.0 -9999.0 -9999.0 -9999.0 -9999.0 -9999.0 -9999.0 -9999.0 -9999.0 -9999.0 -9999.0 -9999.0 -9999.0 -9999.0 -9999.0 -9999.0 -9999.0 -9999.0 -9999.0 -9999.0 -9999.0 -9999.0 -9999.0 -9999.0 -9999.0 -9999.0 -9999.0 -9999.0 -9999.0 -9999.0 -9999.0 -9999.0 -9999.0 -9999.0 -9999.0 -9999.0 -9999.0 -9999.0 -9999.0 -9999.0 -9999.0 -9999.0 -9999.0 -9999.0 -9999.0 -9999.0 -9999.0 -9999.0 -9999.0 -9999.0 -9999.0 -9999.0 -9999.0 -9999.0 -9999.0 -9999.0 -9999.0 -9999.0 -9999.0 -9999.0 -9999.0 -9999.0 -9999.0 -9999.0 -9999.0 -9999.0 -9999.0 -9999.0 -9999.0 -9999.0 -9999.0 -9999.0 -9999.0 -9999.0 -9999.0 -9999.0 -9999.0
-9999.0 -9999.0 -9999.0 -9999.0 -9999.0 -9999.0 -9999.0 -9999.0 -9999.0 -9999.0 -9999.0 -9999.0 -9999.0 -9999.0 -9999.0 -9999.0 -9999.0 -9999.0 -9999.0 -9999.0 -9999.0 -9999.0 -9999.0 -9999.0 -9999.0 -9999.0 -9999.0 -9999.0 -9999.0 -9999.0 -9999.0 -9999.0 -9999.0 -9999.0 -9999.0 -9999.0 -9999.0 -9999.0 -9999.0 -9999.0 -9999.0 -9999.0 -9999.0 -9999.0 -9999.0 -9999.0 -9999.0 -9999.0 -9999.0 -9999.0 -9999.0 -9999.0 -9999.0 -9999.0 -9999.0 -9999.0 -9999.0 -9999.0 -9999.0 -9999.0 -9999.0 -9999.0 -9999.0 -9999.0 -9999.0 -9999.0 -9999.0 -9999.0 -9999.0 -9999.0 -9999.0 -9999.0 -9999.0 -9999.0 -9999.0 -9999.0 -9999.0 -9999.0 -9999.0 -9999.0 -9999.0 -9999.0 -9999.0 -9999.0 -9999.0 -9999.0 -9999.0 -9999.0 -9999.0 -9999.0 -9999.0 -9999.0 -9999.0 -9999.0 -9999.0 -9999.0 -9999.0 -9999.0 -9999.0 -9999.0 -9999.0 -9999.0 -9999.0 -9999.0
-9999.0 -9999.0 820.130624 721.322119 622.342550 523.199909 423.974974 324.714177 225.441920 126.171253 26.909840 -72.334824 -171.561687 -270.761553 -369.912251 -468.976376 -567.884365 -666.516533 -764.976424 -863.416615 -961.555870 -1059.230564 -1154.602157 -1244.611335 -1327.991029 -1402.643512 -1467.046405 -1520.549157 -1563.421840 -1596.672432 -1621.742069 -1640.203591 -1653.541710 -1663.033280 -1669.708750 -1674.366209 -1677.620937 -1680.014818 -1682.322583 -1686.329055 -1695.590030 -1714.802643 -1963.052583 -4059.008674 -4133.651740 -4133.661306 -4133.659961 -4133.657798 -4133.649136 -4133.622731 -4133.554668 -4133.370581 -4133.081420 -4132.719781 -4132.137089 -4131.044701 -4128.752292 -4123.536822 -4111.045863 -4080.356017 -3854.225517 -1737.028665 -1672.192187 -1687.264542 -1686.004022 -1684.980234 -1684.707294 -1684.653160 -1684.644140 -1684.643164 -1684.643485 -1684.643940 -1684.644341 -1684.644673 -1684.644947 -1684.645180 -1684.645382 -1684.645564 -1684.645732 -1684.645895 -1684.646060 -1684.646237 -1684.646441 -1684.646691 -1684.647020 -1684.647476 -1684.648140 -1684.649148 -1684.650733 -1684.653313 -1684.657662 -1684.665253 -1684.678979 -1684.704663 -1684.754373 -1684.854177 -1685.063765 -1685.529483 -1686.636148 -1689.478711 -1697.516157 -1723.184514 -9999.0 -9999.0
-9999.0 -9999.0 820.134009 721.323322 622.342928 523.200030 423.975015 324.714191 225.441926 126.171255 26.909841 -72.334823 -171.561686 -270.761553 -369.912250 -468.976376 -567.884365 -666.516533 -764.976424 -863.416616 -961.555870 -1059.230565 -1154.602157 -1244.611335 -1327.991029 -1402.643512 -1467.046405 -1520.549157 -1563.421840 -1596.672432 -1621.742069 -1640.203591 -1653.541710 -1663.033280 -1669.708750 -1674.366209 -1677.620937 -1680.014818 -1682.322583 -1686.329055 -1695.590030 -1714.802643 -1963.052583 -4059.008674 -4133.651740 -4133.661306 -4133.659961 -4133.657798 -4133.649136 -4133.622731 -4133.554668 -4133.370581 -4133.081420 -4132.719781 -4132.137089 -4131.044701 -4128.752292 -4123.536822 -4111.045863 -4080.356017 -3854.225517 -1737.028665 -1672.192187 -1687.264542 -1686.004022 -1684.980234 -1684.707294 -1684.653160 -1684.644140 -1684.643164 -1684.643485 -1684.643940 -1684.644341 -1684.644672 -1684.644947 -1684.645180 -1684.645382 -1684.645564 -1684.645732 -1684.645895 -1684.646060 -1684.646237 -1684.646441 -1684.646691 -1684.647020 -1684.647476 -1684.648140 -1684.649147 -1684.650733 -1684.653313 -1684.657662 -1684.665253 -1684.678979 -1684.704663 -1684.754373 -1684.854177 -1685.063765 -1685.529483 -1686.636148 -1689.478711 -1697.516157 -1723.184514 -9999.0 -9999.0
-9999.0 -9999.0 820.135179 721.323941 622.343186 523.200128 423.975050 324.714204 225.441931 126.171257 26.909842 -72.334823 -171.561686 -270.761553 -369.912251 -468.976376 -567.884365 -666.516533 -764.976425 -863.416616 -961.555870 -1059.230565 -1154.602157 -1244.611335 -1327.991029 -1402.643512 -1467.046405 -1520.549157 -1563.421840 -1596.672432 -1621.742069 -1640.203591 -1653.541710 -1663.033280 -1669.708750 -1674.366209 -1677.620937 -1680.014818 -1682.322583 -1686.329055 -1695.590030 -1714.802643 -1963.052583 -4059.008674 -4133.651740 -4133.661306 -4133.659961 -4133.657798 -4133.649136 -4133.622731 -4133.554668 -4133.370581 -4133.081420 -4132.719781 -4132.137089 -4131.044701 -4128.752292 -4123.536822 -4111.045863 -4080.356017 -3854.225517 -1737.028665 -1672.192187 -1687.264542 -1686.004022 -1684.980234 -1684.707294 -1684.653160 -1684.644140 -1684.643164 -1684.643485 -1684.643940 -1684.644341 -1684.644672 -1684.644947 -1684.645180 -1684.645382 -1684.645564 -1684.645732 -1684.645895 -1684.646060 -1684.646237 -1684.646441 -1684.646691 -1684.647020 -1684.647476 -1684.648140 -1684.649147 -1684.650733 -1684.653313 -1684.657662 -1684.665253 -1684.678979 -1684.704663 -1684.754373 -1684.854177 -1685.063765 -1685.529483 -1686.636148 -1689.478711 -1697.516157 -1723.184514 -9999.0 -9999.0
-9999.0 -9999.0 820.135179 721.323941 622.343185 523.200128 423.975050 324.714204 225.441931 126.171257 26.909842 -72.334823 -171.561686 -270.761553 -369.912250 -468.976377 -567.884365 -666.516533 -764.976425 -863.416616 -961.555870 -1059.230565 -1154.602157 -1244.611335 -1327.991029 -1402.643512 -1467.046405 -1520.549157 -1563.421840 -1596.672432 -1621.742069 -1640.203591 -1653.541710 -1663.033280 -1669.708750 -1674.366209 -1677.620937 -1680.014818 -1682.322583 -1686.329055 -1695.590030 -1714.802643 -1963.052583 -4059.008674 -4133.651740 -4133.661306 -4133.659961 -4133.657798 -4133.649136 -4133.622731 -4133.554668 -4133.370581 -4133.081420 -4132.719781 -4132.137089 -4131.044701 -4128.752292 -4123.536822 -4111.045863 -4080.356017 -3854.225517 -1737.028665 -1672.192187 -1687.264542 -1686.004022 -1684.980234 -1684.707294 -1684.653160 -1684.644140 -1684.643164 -1684.643485 -1684.643940 -1684.644341 -1684.644672 -1684.644947 -1684.645180 -1684.645382 -1684.645564 -1684.645732 -1684.645895 -1684.646060 -1684.646237 -1684.646441 -1684.646691 -1684.647020 -1684.647476 -1684.648140 -1684.649147 -1684.650733 -1684.653313 -1684.657662 -1684.665253 -1684.678979 -1684.704663 -1684.754373 -1684.854177 -1685.063765 -1685.529483 -1686.636148 -1689.478711 -1697.516157 -1723.184514 -9999.0 -9999.0
-9999.0 -9999.0 820.134010 721.323322 622.342929 523.200030 423.975015 324.714191 225.441926 126.171255 26.909841 -72.334823 -171.561687 -270.761553 -369.912251 -468.976376 -567.884365 -666.516533 -764.976424 -863.416615 -961.555870 -1059.230565 -1154.602157 -1244.611335 -1327.991029 -1402.643512 -1467.046405 -1520.549157 -1563.421840 -1596.672432 -1621.742069 -1640.203591 -1653.541710 -1663.033280 -1669.708750 -1674.366209 -1677.620937 -1680.014818 -1682.322583 -1686.329055 -1695.590030 -1714.802643 -1963.052583 -4059.008674 -4133.651740 -4133.661306 -4133.659961 -4133.657798 -4133.649136 -4133.622731 -4133.554668 -4133.370581 -4133.081420 -4132.719781 -4132.137089 -4131.044701 -4128.752292 -4123.536822 -4111.045863 -4080.356017 -3854.225517 -1737.028665 -1672.192187 -1687.264542 -1686.004022 -1684.980234 -1684.707294 -1684.653160 -1684.644140 -1684.643164 -1684.643485 -1684.643940 -1684.644341 -1684.644672 -1684.644947 -1684.645180 -1684.645382 -1684.645564 -1684.645732 -1684.645895 -1684.646060 -1684.646237 -1684.646441 -1684.646691 -1684.647020 -1684.647476 -1684.648140 -1684.649147 -1684.650733 -1684.653313 -1684.657662 -1684.665253 -1684.678979 -1684.704663 -1684.754373 -1684.854177 -1685.063765 -1685.529483 -1686.636148 -1689.478711 -1697.516157 -1723.184514 -9999.0 -9999.0
-9999.0 -9999.0 820.130624 721.322119 622.342550 523.199909 423.974974 324.714177 225.441920 126.171253 26.909840 -72.334824 -171.561687 -270.761553 -369.912250 -468.976376 -567.884365 -666.516533 -764.976424 -863.416615 -961.555870 -1059.230564 -1154.602157 -1244.611335 -1327.991029 -1402.643512 -1467.046405 -1520.549157 -1563.421840 -1596.672432 -1621.742069 -1640.203591 -1653.541710 -1663.033280 -1669.708750 -1674.366209 -1677.620937 -1680.014818 -1682.322583 -1686.329055 -1695.590030 -1714.802643 -1963.052583 -4059.008674 -4133.651740 -4133.661306 -4133.659961 -4133.657798 -4133.649136 -4133.622731 -4133.554668 -4133.370581 -4133.081420 -4132.719781 -4132.137089 -4131.044701 -4128.752292 -4123.536822 -4111.045863 -4080.356017 -3854.225517 -1737.028665 -1672.192187 -1687.264542 -1686.004022 -1684.980234 -1684.707294 -1684.653160 -1684.644140 -1684.643164 -1684.643485 -1684.643940 -1684.644341 -1684.644673 -1684.644947 -1684.645180 -1684.645382 -1684.645564 -1684.645732 -1684.645895 -1684.646060 -1684.646237 -1684.646441 -1684.646691 -1684.647020 -1684.647476 -1684.648140 -1684.649148 -1684.650733 -1684.653313 -1684.657662 -1684.665253 -1684.678979 -1684.704663 -1684.754373 -1684.854177 -1685.063765 -1685.529483 -1686.636148 -1689.478711 -1697.516157 -1723.184514 -9999.0 -9999.0
-9999.0 -9999.0 -9999.0 -9999.0 -9999.0 -9999.0 -9999.0 -9999.0 -9999.0 -9999.0 -9999.0 -9999.0 -9999.0 -9999.0 -9999.0 -9999.0 -9999.0 -9999.0 -9999.0 -9999.0 -9999.0 -9999.0 -9999.0 -9999.0 -9999.0 -9999.0 -9999.0 -9999.0 -9999.0 -9999.0 -9999.0 -9999.0 -9999.0 -9999.0 -9999.0 -9999.0 -9999.0 -9999.0 -9999.0 -9999.0 -9999.0 -9999.0 -9999.0 -9999.0 -9999.0 -9999.0 -9999.0 -9999.0 -9999.0 -9999.0 -9999.0 -9999.0 -9999.0 -9999.0 -9999.0 -9999.0 -9999.0 -9999.0 -9999.0 -9999.0 -9999.0 -9999.0 -9999.0 -9999.0 -9999.0 -9999.0 -9999.0 -9999.0 -9999.0 -9999.0 -9999.0 -9999.0 -9999.0 -9999.0 -9999.0 -9999.0 -9999.0 -9999.0 -9999.0 -9999.0 -9999.0 -9999.0 -9999.0 -9999.0 -9999.0 -9999.0 -9999.0 -9999.0 -9999.0 -9999.0 -9999.0 -9999.0 -9999.0 -9999.0 -9999.0 -9999.0 -9999.0 -9999.0 -9999.0 -9999.0 -9999.0 -9999.0 -9999.0 -9999.0
-9999.0 -9999.0 -9999.0 -9999.0 -9999.0 -9999.0 -9999.0 -9999.0 -9999.0 -9999.0 -9999.0 -9999.0 -9999.0 -9999.0 -9999.0 -9999.0 -9999.0 -9999.0 -9999.0 -9999.0 -9999.0 -9999.0 -9999.0 -9999.0 -9999.0 -9999.0 -9999.0 -9999.0 -9999.0 -9999.0 -9999.0 -9999.0 -9999.0 -9999.0 -9999.0 -9999.0 -9999.0 -9999.0 -9999.0 -9999.0 -9999.0 -9999.0 -9999.0 -9999.0 -9999.0 -9999.0 -9999.0 -9999.0 -9999.0 -9999.0 -9999.0 -9999.0 -9999.0 -9999.0 -9999.0 -9999.0 -9999.0 -9999.0 -9999.0 -9999.0 -9999.0 -9999.0 -9999.0 -9999.0 -9999.0 -9999.0 -9999.0 -9999.0 -9999.0 -9999.0 -9999.0 -9999.0 -9999.0 -9999.0 -9999.0 -9999.0 -9999.0 -9999.0 -9999.0 -9999.0 -9999.0 -9999.0 -9999.0 -9999.0 -9999.0 -9999.0 -9999.0 -9999.0 -9999.0 -9999.0 -9999.0 -9999.0 -9999.0 -9999.0 -9999.0 -9999.0 -9999.0 -9999.0 -9999.0 -9999.0 -9999.0 -9999.0 -9999.0 -9999.0