inst/processing_geotop_simulation/geotop_simulation/out/maps3D/PwL0002N0204.asc
ncols         104
nrows         10
xllcorner     -2.000000
yllcorner     0.000000
cellsize      1.000000
NODATA_value  -9999.0
-9999.0 -9999.0 -9999.0 -9999.0 -9999.0 -9999.0 -9999.0 -9999.0 -9999.0 -9999.0 -9999.0 -9999.0 -9999.0 -9999.0 -9999.0 -9999.0 -9999.0 -9999.0 -9999.0 -9999.0 -9999.0 -9999.0 -9999.0 -9999.0 -9999.0 -9999.0 -9999.0 -9999.0 -9999.0 -9999.0 -9999.0 -9999.0 -9999.0 -9999.0 -9999.0 -9999.0 -9999.0 -9999.0 -9999.0 -9999.0 -9999.0 -9999.0 -9999.0 -9999.0 -9999.0 -9999.0 -9999.0 -9999.0 -9999.0 -9999.0 -9999.0 -9999.0 -9999.0 -9999.0 -9999.0 -9999.0 -9999.0 -9999.0 -9999.0 -9999.0 -9999.0 -9999.0 -9999.0 -9999.0 -9999.0 -9999.0 -9999.0 -9999.0 -9999.0 -9999.0 -9999.0 -9999.0 -9999.0 -9999.0 -9999.0 -9999.0 -9999.0 -9999.0 -9999.0 -9999.0 -9999.0 -9999.0 -9999.0 -9999.0 -9999.0 -9999.0 -9999.0 -9999.0 -9999.0 -9999.0 -9999.0 -9999.0 -9999.0 -9999.0 -9999.0 -9999.0 -9999.0 -9999.0 -9999.0 -9999.0 -9999.0 -9999.0 -9999.0 -9999.0
-9999.0 -9999.0 -9999.0 -9999.0 -9999.0 -9999.0 -9999.0 -9999.0 -9999.0 -9999.0 -9999.0 -9999.0 -9999.0 -9999.0 -9999.0 -9999.0 -9999.0 -9999.0 -9999.0 -9999.0 -9999.0 -9999.0 -9999.0 -9999.0 -9999.0 -9999.0 -9999.0 -9999.0 -9999.0 -9999.0 -9999.0 -9999.0 -9999.0 -9999.0 -9999.0 -9999.0 -9999.0 -9999.0 -9999.0 -9999.0 -9999.0 -9999.0 -9999.0 -9999.0 -9999.0 -9999.0 -9999.0 -9999.0 -9999.0 -9999.0 -9999.0 -9999.0 -9999.0 -9999.0 -9999.0 -9999.0 -9999.0 -9999.0 -9999.0 -9999.0 -9999.0 -9999.0 -9999.0 -9999.0 -9999.0 -9999.0 -9999.0 -9999.0 -9999.0 -9999.0 -9999.0 -9999.0 -9999.0 -9999.0 -9999.0 -9999.0 -9999.0 -9999.0 -9999.0 -9999.0 -9999.0 -9999.0 -9999.0 -9999.0 -9999.0 -9999.0 -9999.0 -9999.0 -9999.0 -9999.0 -9999.0 -9999.0 -9999.0 -9999.0 -9999.0 -9999.0 -9999.0 -9999.0 -9999.0 -9999.0 -9999.0 -9999.0 -9999.0 -9999.0
-9999.0 -9999.0 79.390800 -12.279792 -108.259738 -205.276083 -302.669339 -400.180619 -497.673667 -595.032793 -691.975828 -788.356303 -884.021457 -978.784955 -1073.491528 -1167.889263 -1260.572691 -1351.435213 -1440.352315 -1523.724980 -1594.612183 -1649.452413 -1688.892237 -1715.955828 -1734.084645 -1746.139497 -1754.173202 -1759.551608 -1763.159318 -1765.573870 -1767.181526 -1768.245130 -1768.944490 -1769.401931 -1769.700007 -1769.895726 -1770.035241 -1770.182580 -1770.565488 -1772.369637 -1779.481791 -1770.247265 -1097.234235 -1095.329016 -1084.146889 -1077.047247 -1073.716935 -1073.227403 -1073.176466 -1073.183404 -1073.199002 -1073.215674 -1073.231687 -1073.246511 -1073.260214 -1073.275630 -1073.319965 -1073.613111 -1075.388897 -1079.376835 -1085.438481 -1079.459212 -1749.188011 -1774.528682 -1771.372454 -1770.506997 -1770.362073 -1770.339581 -1770.336727 -1770.337178 -1770.338066 -1770.338853 -1770.339469 -1770.339938 -1770.340296 -1770.340573 -1770.340793 -1770.340970 -1770.341117 -1770.341248 -1770.341377 -1770.341519 -1770.341699 -1770.341948 -1770.342317 -1770.342885 -1770.343779 -1770.345210 -1770.347534 -1770.351376 -1770.357863 -1770.369106 -1770.389165 -1770.426036 -1770.495681 -1770.630404 -1770.897231 -1771.442731 -1772.614390 -1775.319285 -1782.278035 -1804.075472 -9999.0 -9999.0
-9999.0 -9999.0 79.403104 -12.277580 -108.259185 -205.275922 -302.669288 -400.180602 -497.673661 -595.032791 -691.975827 -788.356303 -884.021457 -978.784955 -1073.491528 -1167.889263 -1260.572691 -1351.435213 -1440.352315 -1523.724981 -1594.612183 -1649.452414 -1688.892237 -1715.955828 -1734.084645 -1746.139497 -1754.173202 -1759.551608 -1763.159318 -1765.573870 -1767.181526 -1768.245130 -1768.944490 -1769.401931 -1769.700007 -1769.895726 -1770.035241 -1770.182580 -1770.565488 -1772.369637 -1779.481791 -1770.247265 -1097.234235 -1095.329015 -1084.146889 -1077.047246 -1073.716935 -1073.227403 -1073.176466 -1073.183404 -1073.199002 -1073.215674 -1073.231687 -1073.246511 -1073.260214 -1073.275630 -1073.319965 -1073.613111 -1075.388897 -1079.376835 -1085.438481 -1079.459212 -1749.188011 -1774.528682 -1771.372454 -1770.506997 -1770.362073 -1770.339581 -1770.336727 -1770.337178 -1770.338066 -1770.338853 -1770.339469 -1770.339938 -1770.340296 -1770.340573 -1770.340793 -1770.340970 -1770.341117 -1770.341248 -1770.341377 -1770.341519 -1770.341699 -1770.341948 -1770.342317 -1770.342885 -1770.343779 -1770.345210 -1770.347534 -1770.351376 -1770.357863 -1770.369106 -1770.389165 -1770.426036 -1770.495681 -1770.630404 -1770.897231 -1771.442731 -1772.614390 -1775.319285 -1782.278035 -1804.075472 -9999.0 -9999.0
-9999.0 -9999.0 79.404440 -12.276696 -108.258836 -205.275796 -302.669243 -400.180586 -497.673655 -595.032789 -691.975826 -788.356303 -884.021456 -978.784955 -1073.491528 -1167.889263 -1260.572691 -1351.435213 -1440.352315 -1523.724981 -1594.612183 -1649.452414 -1688.892237 -1715.955828 -1734.084645 -1746.139497 -1754.173202 -1759.551608 -1763.159318 -1765.573870 -1767.181526 -1768.245130 -1768.944490 -1769.401931 -1769.700007 -1769.895726 -1770.035241 -1770.182580 -1770.565488 -1772.369637 -1779.481791 -1770.247265 -1097.234235 -1095.329015 -1084.146889 -1077.047246 -1073.716935 -1073.227403 -1073.176466 -1073.183404 -1073.199002 -1073.215674 -1073.231687 -1073.246511 -1073.260214 -1073.275630 -1073.319965 -1073.613111 -1075.388897 -1079.376835 -1085.438481 -1079.459212 -1749.188011 -1774.528682 -1771.372454 -1770.506997 -1770.362073 -1770.339581 -1770.336727 -1770.337178 -1770.338066 -1770.338853 -1770.339469 -1770.339938 -1770.340296 -1770.340573 -1770.340793 -1770.340970 -1770.341117 -1770.341248 -1770.341377 -1770.341519 -1770.341699 -1770.341948 -1770.342317 -1770.342885 -1770.343779 -1770.345210 -1770.347534 -1770.351376 -1770.357863 -1770.369106 -1770.389165 -1770.426036 -1770.495681 -1770.630404 -1770.897231 -1771.442731 -1772.614390 -1775.319285 -1782.278035 -1804.075472 -9999.0 -9999.0
-9999.0 -9999.0 79.404440 -12.276696 -108.258836 -205.275796 -302.669243 -400.180586 -497.673655 -595.032789 -691.975826 -788.356302 -884.021456 -978.784955 -1073.491528 -1167.889263 -1260.572691 -1351.435213 -1440.352315 -1523.724981 -1594.612183 -1649.452414 -1688.892237 -1715.955828 -1734.084645 -1746.139497 -1754.173202 -1759.551608 -1763.159318 -1765.573870 -1767.181526 -1768.245130 -1768.944490 -1769.401931 -1769.700007 -1769.895726 -1770.035241 -1770.182580 -1770.565488 -1772.369637 -1779.481791 -1770.247265 -1097.234235 -1095.329015 -1084.146889 -1077.047246 -1073.716935 -1073.227403 -1073.176466 -1073.183404 -1073.199002 -1073.215674 -1073.231687 -1073.246511 -1073.260214 -1073.275630 -1073.319965 -1073.613111 -1075.388897 -1079.376835 -1085.438481 -1079.459212 -1749.188011 -1774.528682 -1771.372454 -1770.506997 -1770.362073 -1770.339581 -1770.336727 -1770.337178 -1770.338066 -1770.338853 -1770.339469 -1770.339938 -1770.340296 -1770.340573 -1770.340793 -1770.340970 -1770.341117 -1770.341248 -1770.341377 -1770.341519 -1770.341699 -1770.341948 -1770.342317 -1770.342885 -1770.343779 -1770.345210 -1770.347534 -1770.351376 -1770.357863 -1770.369106 -1770.389165 -1770.426036 -1770.495681 -1770.630404 -1770.897231 -1771.442731 -1772.614390 -1775.319285 -1782.278035 -1804.075472 -9999.0 -9999.0
-9999.0 -9999.0 79.403104 -12.277580 -108.259185 -205.275922 -302.669288 -400.180602 -497.673661 -595.032791 -691.975827 -788.356303 -884.021457 -978.784955 -1073.491528 -1167.889263 -1260.572691 -1351.435213 -1440.352315 -1523.724981 -1594.612183 -1649.452414 -1688.892237 -1715.955828 -1734.084645 -1746.139497 -1754.173202 -1759.551608 -1763.159318 -1765.573870 -1767.181526 -1768.245130 -1768.944490 -1769.401931 -1769.700007 -1769.895726 -1770.035241 -1770.182580 -1770.565488 -1772.369637 -1779.481791 -1770.247265 -1097.234235 -1095.329015 -1084.146889 -1077.047246 -1073.716935 -1073.227403 -1073.176466 -1073.183404 -1073.199002 -1073.215674 -1073.231687 -1073.246511 -1073.260214 -1073.275630 -1073.319965 -1073.613111 -1075.388897 -1079.376835 -1085.438481 -1079.459212 -1749.188011 -1774.528682 -1771.372454 -1770.506997 -1770.362073 -1770.339581 -1770.336727 -1770.337178 -1770.338066 -1770.338853 -1770.339469 -1770.339938 -1770.340296 -1770.340573 -1770.340793 -1770.340970 -1770.341117 -1770.341248 -1770.341377 -1770.341519 -1770.341699 -1770.341948 -1770.342317 -1770.342885 -1770.343779 -1770.345210 -1770.347534 -1770.351376 -1770.357863 -1770.369106 -1770.389165 -1770.426036 -1770.495681 -1770.630404 -1770.897231 -1771.442731 -1772.614390 -1775.319285 -1782.278035 -1804.075472 -9999.0 -9999.0
-9999.0 -9999.0 79.390800 -12.279792 -108.259738 -205.276083 -302.669339 -400.180619 -497.673667 -595.032793 -691.975828 -788.356303 -884.021457 -978.784955 -1073.491528 -1167.889263 -1260.572691 -1351.435213 -1440.352315 -1523.724980 -1594.612183 -1649.452413 -1688.892237 -1715.955828 -1734.084645 -1746.139497 -1754.173202 -1759.551608 -1763.159318 -1765.573870 -1767.181526 -1768.245130 -1768.944490 -1769.401931 -1769.700007 -1769.895726 -1770.035241 -1770.182580 -1770.565488 -1772.369637 -1779.481791 -1770.247265 -1097.234235 -1095.329016 -1084.146889 -1077.047247 -1073.716935 -1073.227403 -1073.176466 -1073.183404 -1073.199002 -1073.215674 -1073.231687 -1073.246511 -1073.260214 -1073.275630 -1073.319965 -1073.613111 -1075.388897 -1079.376835 -1085.438481 -1079.459212 -1749.188011 -1774.528682 -1771.372454 -1770.506997 -1770.362073 -1770.339581 -1770.336727 -1770.337178 -1770.338066 -1770.338853 -1770.339469 -1770.339938 -1770.340296 -1770.340573 -1770.340793 -1770.340970 -1770.341117 -1770.341248 -1770.341377 -1770.341519 -1770.341699 -1770.341948 -1770.342317 -1770.342885 -1770.343779 -1770.345210 -1770.347534 -1770.351376 -1770.357863 -1770.369106 -1770.389165 -1770.426036 -1770.495681 -1770.630404 -1770.897231 -1771.442731 -1772.614390 -1775.319285 -1782.278035 -1804.075472 -9999.0 -9999.0
-9999.0 -9999.0 -9999.0 -9999.0 -9999.0 -9999.0 -9999.0 -9999.0 -9999.0 -9999.0 -9999.0 -9999.0 -9999.0 -9999.0 -9999.0 -9999.0 -9999.0 -9999.0 -9999.0 -9999.0 -9999.0 -9999.0 -9999.0 -9999.0 -9999.0 -9999.0 -9999.0 -9999.0 -9999.0 -9999.0 -9999.0 -9999.0 -9999.0 -9999.0 -9999.0 -9999.0 -9999.0 -9999.0 -9999.0 -9999.0 -9999.0 -9999.0 -9999.0 -9999.0 -9999.0 -9999.0 -9999.0 -9999.0 -9999.0 -9999.0 -9999.0 -9999.0 -9999.0 -9999.0 -9999.0 -9999.0 -9999.0 -9999.0 -9999.0 -9999.0 -9999.0 -9999.0 -9999.0 -9999.0 -9999.0 -9999.0 -9999.0 -9999.0 -9999.0 -9999.0 -9999.0 -9999.0 -9999.0 -9999.0 -9999.0 -9999.0 -9999.0 -9999.0 -9999.0 -9999.0 -9999.0 -9999.0 -9999.0 -9999.0 -9999.0 -9999.0 -9999.0 -9999.0 -9999.0 -9999.0 -9999.0 -9999.0 -9999.0 -9999.0 -9999.0 -9999.0 -9999.0 -9999.0 -9999.0 -9999.0 -9999.0 -9999.0 -9999.0 -9999.0
-9999.0 -9999.0 -9999.0 -9999.0 -9999.0 -9999.0 -9999.0 -9999.0 -9999.0 -9999.0 -9999.0 -9999.0 -9999.0 -9999.0 -9999.0 -9999.0 -9999.0 -9999.0 -9999.0 -9999.0 -9999.0 -9999.0 -9999.0 -9999.0 -9999.0 -9999.0 -9999.0 -9999.0 -9999.0 -9999.0 -9999.0 -9999.0 -9999.0 -9999.0 -9999.0 -9999.0 -9999.0 -9999.0 -9999.0 -9999.0 -9999.0 -9999.0 -9999.0 -9999.0 -9999.0 -9999.0 -9999.0 -9999.0 -9999.0 -9999.0 -9999.0 -9999.0 -9999.0 -9999.0 -9999.0 -9999.0 -9999.0 -9999.0 -9999.0 -9999.0 -9999.0 -9999.0 -9999.0 -9999.0 -9999.0 -9999.0 -9999.0 -9999.0 -9999.0 -9999.0 -9999.0 -9999.0 -9999.0 -9999.0 -9999.0 -9999.0 -9999.0 -9999.0 -9999.0 -9999.0 -9999.0 -9999.0 -9999.0 -9999.0 -9999.0 -9999.0 -9999.0 -9999.0 -9999.0 -9999.0 -9999.0 -9999.0 -9999.0 -9999.0 -9999.0 -9999.0 -9999.0 -9999.0 -9999.0 -9999.0 -9999.0 -9999.0 -9999.0 -9999.0