inst/processing_geotop_simulation/geotop_simulation/out/maps3D/PwL0003N0163.asc
ncols         104
nrows         10
xllcorner     -2.000000
yllcorner     0.000000
cellsize      1.000000
NODATA_value  -9999.0
-9999.0 -9999.0 -9999.0 -9999.0 -9999.0 -9999.0 -9999.0 -9999.0 -9999.0 -9999.0 -9999.0 -9999.0 -9999.0 -9999.0 -9999.0 -9999.0 -9999.0 -9999.0 -9999.0 -9999.0 -9999.0 -9999.0 -9999.0 -9999.0 -9999.0 -9999.0 -9999.0 -9999.0 -9999.0 -9999.0 -9999.0 -9999.0 -9999.0 -9999.0 -9999.0 -9999.0 -9999.0 -9999.0 -9999.0 -9999.0 -9999.0 -9999.0 -9999.0 -9999.0 -9999.0 -9999.0 -9999.0 -9999.0 -9999.0 -9999.0 -9999.0 -9999.0 -9999.0 -9999.0 -9999.0 -9999.0 -9999.0 -9999.0 -9999.0 -9999.0 -9999.0 -9999.0 -9999.0 -9999.0 -9999.0 -9999.0 -9999.0 -9999.0 -9999.0 -9999.0 -9999.0 -9999.0 -9999.0 -9999.0 -9999.0 -9999.0 -9999.0 -9999.0 -9999.0 -9999.0 -9999.0 -9999.0 -9999.0 -9999.0 -9999.0 -9999.0 -9999.0 -9999.0 -9999.0 -9999.0 -9999.0 -9999.0 -9999.0 -9999.0 -9999.0 -9999.0 -9999.0 -9999.0 -9999.0 -9999.0 -9999.0 -9999.0 -9999.0 -9999.0
-9999.0 -9999.0 -9999.0 -9999.0 -9999.0 -9999.0 -9999.0 -9999.0 -9999.0 -9999.0 -9999.0 -9999.0 -9999.0 -9999.0 -9999.0 -9999.0 -9999.0 -9999.0 -9999.0 -9999.0 -9999.0 -9999.0 -9999.0 -9999.0 -9999.0 -9999.0 -9999.0 -9999.0 -9999.0 -9999.0 -9999.0 -9999.0 -9999.0 -9999.0 -9999.0 -9999.0 -9999.0 -9999.0 -9999.0 -9999.0 -9999.0 -9999.0 -9999.0 -9999.0 -9999.0 -9999.0 -9999.0 -9999.0 -9999.0 -9999.0 -9999.0 -9999.0 -9999.0 -9999.0 -9999.0 -9999.0 -9999.0 -9999.0 -9999.0 -9999.0 -9999.0 -9999.0 -9999.0 -9999.0 -9999.0 -9999.0 -9999.0 -9999.0 -9999.0 -9999.0 -9999.0 -9999.0 -9999.0 -9999.0 -9999.0 -9999.0 -9999.0 -9999.0 -9999.0 -9999.0 -9999.0 -9999.0 -9999.0 -9999.0 -9999.0 -9999.0 -9999.0 -9999.0 -9999.0 -9999.0 -9999.0 -9999.0 -9999.0 -9999.0 -9999.0 -9999.0 -9999.0 -9999.0 -9999.0 -9999.0 -9999.0 -9999.0 -9999.0 -9999.0
-9999.0 -9999.0 132.141872 43.838533 -50.207391 -145.761204 -241.880561 -338.188785 -434.482697 -530.603555 -626.236953 -720.975246 -815.037684 -908.385500 -1001.989709 -1095.730382 -1188.414737 -1281.361874 -1372.719317 -1452.313127 -1511.435846 -1551.614897 -1577.318879 -1593.310159 -1603.289308 -1609.695154 -1613.977846 -1616.945372 -1619.042862 -1620.531138 -1621.580828 -1622.313529 -1622.819236 -1623.164441 -1623.397582 -1623.555124 -1623.670905 -1623.794738 -1624.093991 -1625.604603 -1633.055529 -1639.298784 -1031.994311 -1032.750845 -1019.951021 -1011.912720 -1008.150005 -1007.612692 -1007.557694 -1007.566036 -1007.583946 -1007.603043 -1007.621378 -1007.638347 -1007.654003 -1007.671332 -1007.719409 -1008.038391 -1010.034410 -1014.542221 -1021.582093 -1011.894238 -1618.700292 -1628.765662 -1624.875973 -1624.091169 -1623.969123 -1623.949963 -1623.947762 -1623.948549 -1623.949685 -1623.950658 -1623.951413 -1623.951985 -1623.952421 -1623.952759 -1623.953026 -1623.953241 -1623.953420 -1623.953578 -1623.953732 -1623.953903 -1623.954116 -1623.954413 -1623.954851 -1623.955524 -1623.956583 -1623.958274 -1623.961015 -1623.965535 -1623.973140 -1623.986264 -1624.009577 -1624.052247 -1624.132527 -1624.287102 -1624.590938 -1625.203822 -1626.493151 -1629.388251 -1636.562117 -1658.116304 -9999.0 -9999.0
-9999.0 -9999.0 132.153655 43.840814 -50.206817 -145.761037 -241.880508 -338.188768 -434.482691 -530.603553 -626.236952 -720.975246 -815.037684 -908.385500 -1001.989709 -1095.730383 -1188.414737 -1281.361875 -1372.719317 -1452.313127 -1511.435846 -1551.614897 -1577.318879 -1593.310159 -1603.289308 -1609.695154 -1613.977846 -1616.945372 -1619.042862 -1620.531138 -1621.580828 -1622.313529 -1622.819236 -1623.164441 -1623.397582 -1623.555124 -1623.670905 -1623.794738 -1624.093991 -1625.604603 -1633.055529 -1639.298784 -1031.994311 -1032.750845 -1019.951021 -1011.912720 -1008.150005 -1007.612692 -1007.557694 -1007.566036 -1007.583946 -1007.603043 -1007.621378 -1007.638347 -1007.654003 -1007.671332 -1007.719409 -1008.038391 -1010.034410 -1014.542221 -1021.582093 -1011.894238 -1618.700292 -1628.765662 -1624.875973 -1624.091169 -1623.969123 -1623.949963 -1623.947762 -1623.948549 -1623.949685 -1623.950658 -1623.951413 -1623.951985 -1623.952421 -1623.952759 -1623.953026 -1623.953241 -1623.953420 -1623.953578 -1623.953732 -1623.953903 -1623.954116 -1623.954413 -1623.954851 -1623.955524 -1623.956583 -1623.958274 -1623.961015 -1623.965535 -1623.973140 -1623.986264 -1624.009577 -1624.052247 -1624.132527 -1624.287102 -1624.590938 -1625.203822 -1626.493151 -1629.388251 -1636.562117 -1658.116304 -9999.0 -9999.0
-9999.0 -9999.0 132.155125 43.841727 -50.206455 -145.760905 -241.880461 -338.188751 -434.482685 -530.603551 -626.236951 -720.975245 -815.037684 -908.385500 -1001.989709 -1095.730383 -1188.414737 -1281.361875 -1372.719317 -1452.313127 -1511.435846 -1551.614897 -1577.318879 -1593.310159 -1603.289308 -1609.695154 -1613.977846 -1616.945372 -1619.042862 -1620.531138 -1621.580828 -1622.313529 -1622.819236 -1623.164441 -1623.397582 -1623.555124 -1623.670905 -1623.794738 -1624.093991 -1625.604603 -1633.055529 -1639.298784 -1031.994311 -1032.750845 -1019.951021 -1011.912720 -1008.150005 -1007.612692 -1007.557694 -1007.566036 -1007.583946 -1007.603043 -1007.621378 -1007.638347 -1007.654003 -1007.671332 -1007.719409 -1008.038391 -1010.034410 -1014.542221 -1021.582093 -1011.894238 -1618.700292 -1628.765662 -1624.875973 -1624.091169 -1623.969123 -1623.949963 -1623.947762 -1623.948549 -1623.949685 -1623.950658 -1623.951413 -1623.951985 -1623.952421 -1623.952759 -1623.953026 -1623.953241 -1623.953420 -1623.953578 -1623.953732 -1623.953903 -1623.954116 -1623.954413 -1623.954851 -1623.955524 -1623.956583 -1623.958274 -1623.961015 -1623.965535 -1623.973140 -1623.986264 -1624.009577 -1624.052247 -1624.132527 -1624.287102 -1624.590938 -1625.203822 -1626.493151 -1629.388251 -1636.562117 -1658.116304 -9999.0 -9999.0
-9999.0 -9999.0 132.155125 43.841727 -50.206455 -145.760906 -241.880461 -338.188751 -434.482685 -530.603551 -626.236951 -720.975245 -815.037684 -908.385500 -1001.989709 -1095.730383 -1188.414737 -1281.361875 -1372.719317 -1452.313127 -1511.435846 -1551.614897 -1577.318879 -1593.310159 -1603.289308 -1609.695154 -1613.977846 -1616.945372 -1619.042862 -1620.531138 -1621.580828 -1622.313529 -1622.819236 -1623.164441 -1623.397582 -1623.555124 -1623.670905 -1623.794738 -1624.093991 -1625.604603 -1633.055529 -1639.298784 -1031.994311 -1032.750845 -1019.951021 -1011.912720 -1008.150005 -1007.612692 -1007.557694 -1007.566036 -1007.583946 -1007.603043 -1007.621378 -1007.638347 -1007.654003 -1007.671332 -1007.719409 -1008.038391 -1010.034410 -1014.542221 -1021.582093 -1011.894238 -1618.700292 -1628.765662 -1624.875973 -1624.091169 -1623.969123 -1623.949963 -1623.947762 -1623.948549 -1623.949685 -1623.950658 -1623.951413 -1623.951985 -1623.952421 -1623.952759 -1623.953026 -1623.953241 -1623.953420 -1623.953578 -1623.953732 -1623.953903 -1623.954116 -1623.954413 -1623.954851 -1623.955524 -1623.956583 -1623.958274 -1623.961015 -1623.965535 -1623.973140 -1623.986264 -1624.009577 -1624.052247 -1624.132527 -1624.287102 -1624.590938 -1625.203822 -1626.493151 -1629.388251 -1636.562117 -1658.116304 -9999.0 -9999.0
-9999.0 -9999.0 132.153655 43.840814 -50.206817 -145.761037 -241.880508 -338.188768 -434.482691 -530.603553 -626.236952 -720.975245 -815.037684 -908.385500 -1001.989709 -1095.730383 -1188.414737 -1281.361875 -1372.719317 -1452.313127 -1511.435846 -1551.614897 -1577.318879 -1593.310159 -1603.289308 -1609.695154 -1613.977846 -1616.945372 -1619.042862 -1620.531138 -1621.580828 -1622.313529 -1622.819236 -1623.164441 -1623.397582 -1623.555124 -1623.670905 -1623.794738 -1624.093991 -1625.604603 -1633.055529 -1639.298784 -1031.994311 -1032.750845 -1019.951021 -1011.912720 -1008.150005 -1007.612692 -1007.557694 -1007.566036 -1007.583946 -1007.603043 -1007.621378 -1007.638347 -1007.654003 -1007.671332 -1007.719409 -1008.038391 -1010.034410 -1014.542221 -1021.582093 -1011.894238 -1618.700292 -1628.765662 -1624.875973 -1624.091169 -1623.969123 -1623.949963 -1623.947762 -1623.948549 -1623.949685 -1623.950658 -1623.951413 -1623.951985 -1623.952421 -1623.952759 -1623.953026 -1623.953241 -1623.953420 -1623.953578 -1623.953732 -1623.953903 -1623.954116 -1623.954413 -1623.954851 -1623.955524 -1623.956583 -1623.958274 -1623.961015 -1623.965535 -1623.973140 -1623.986264 -1624.009577 -1624.052247 -1624.132527 -1624.287102 -1624.590938 -1625.203822 -1626.493151 -1629.388251 -1636.562117 -1658.116304 -9999.0 -9999.0
-9999.0 -9999.0 132.141872 43.838533 -50.207391 -145.761204 -241.880560 -338.188785 -434.482697 -530.603555 -626.236953 -720.975246 -815.037684 -908.385500 -1001.989709 -1095.730382 -1188.414737 -1281.361874 -1372.719317 -1452.313127 -1511.435846 -1551.614897 -1577.318879 -1593.310159 -1603.289308 -1609.695154 -1613.977846 -1616.945372 -1619.042862 -1620.531138 -1621.580828 -1622.313529 -1622.819236 -1623.164441 -1623.397582 -1623.555124 -1623.670905 -1623.794738 -1624.093991 -1625.604603 -1633.055529 -1639.298784 -1031.994311 -1032.750845 -1019.951021 -1011.912720 -1008.150005 -1007.612692 -1007.557694 -1007.566036 -1007.583946 -1007.603043 -1007.621378 -1007.638347 -1007.654003 -1007.671332 -1007.719409 -1008.038391 -1010.034410 -1014.542221 -1021.582093 -1011.894238 -1618.700292 -1628.765662 -1624.875973 -1624.091169 -1623.969123 -1623.949963 -1623.947762 -1623.948549 -1623.949685 -1623.950658 -1623.951413 -1623.951985 -1623.952421 -1623.952759 -1623.953026 -1623.953241 -1623.953420 -1623.953578 -1623.953732 -1623.953903 -1623.954116 -1623.954413 -1623.954851 -1623.955524 -1623.956583 -1623.958274 -1623.961015 -1623.965535 -1623.973140 -1623.986264 -1624.009577 -1624.052247 -1624.132527 -1624.287102 -1624.590938 -1625.203822 -1626.493151 -1629.388251 -1636.562117 -1658.116304 -9999.0 -9999.0
-9999.0 -9999.0 -9999.0 -9999.0 -9999.0 -9999.0 -9999.0 -9999.0 -9999.0 -9999.0 -9999.0 -9999.0 -9999.0 -9999.0 -9999.0 -9999.0 -9999.0 -9999.0 -9999.0 -9999.0 -9999.0 -9999.0 -9999.0 -9999.0 -9999.0 -9999.0 -9999.0 -9999.0 -9999.0 -9999.0 -9999.0 -9999.0 -9999.0 -9999.0 -9999.0 -9999.0 -9999.0 -9999.0 -9999.0 -9999.0 -9999.0 -9999.0 -9999.0 -9999.0 -9999.0 -9999.0 -9999.0 -9999.0 -9999.0 -9999.0 -9999.0 -9999.0 -9999.0 -9999.0 -9999.0 -9999.0 -9999.0 -9999.0 -9999.0 -9999.0 -9999.0 -9999.0 -9999.0 -9999.0 -9999.0 -9999.0 -9999.0 -9999.0 -9999.0 -9999.0 -9999.0 -9999.0 -9999.0 -9999.0 -9999.0 -9999.0 -9999.0 -9999.0 -9999.0 -9999.0 -9999.0 -9999.0 -9999.0 -9999.0 -9999.0 -9999.0 -9999.0 -9999.0 -9999.0 -9999.0 -9999.0 -9999.0 -9999.0 -9999.0 -9999.0 -9999.0 -9999.0 -9999.0 -9999.0 -9999.0 -9999.0 -9999.0 -9999.0 -9999.0
-9999.0 -9999.0 -9999.0 -9999.0 -9999.0 -9999.0 -9999.0 -9999.0 -9999.0 -9999.0 -9999.0 -9999.0 -9999.0 -9999.0 -9999.0 -9999.0 -9999.0 -9999.0 -9999.0 -9999.0 -9999.0 -9999.0 -9999.0 -9999.0 -9999.0 -9999.0 -9999.0 -9999.0 -9999.0 -9999.0 -9999.0 -9999.0 -9999.0 -9999.0 -9999.0 -9999.0 -9999.0 -9999.0 -9999.0 -9999.0 -9999.0 -9999.0 -9999.0 -9999.0 -9999.0 -9999.0 -9999.0 -9999.0 -9999.0 -9999.0 -9999.0 -9999.0 -9999.0 -9999.0 -9999.0 -9999.0 -9999.0 -9999.0 -9999.0 -9999.0 -9999.0 -9999.0 -9999.0 -9999.0 -9999.0 -9999.0 -9999.0 -9999.0 -9999.0 -9999.0 -9999.0 -9999.0 -9999.0 -9999.0 -9999.0 -9999.0 -9999.0 -9999.0 -9999.0 -9999.0 -9999.0 -9999.0 -9999.0 -9999.0 -9999.0 -9999.0 -9999.0 -9999.0 -9999.0 -9999.0 -9999.0 -9999.0 -9999.0 -9999.0 -9999.0 -9999.0 -9999.0 -9999.0 -9999.0 -9999.0 -9999.0 -9999.0 -9999.0 -9999.0