inst/processing_geotop_simulation/geotop_simulation/out/maps3D/PwL0007N0319.asc
ncols         104
nrows         10
xllcorner     -2.000000
yllcorner     0.000000
cellsize      1.000000
NODATA_value  -9999.0
-9999.0 -9999.0 -9999.0 -9999.0 -9999.0 -9999.0 -9999.0 -9999.0 -9999.0 -9999.0 -9999.0 -9999.0 -9999.0 -9999.0 -9999.0 -9999.0 -9999.0 -9999.0 -9999.0 -9999.0 -9999.0 -9999.0 -9999.0 -9999.0 -9999.0 -9999.0 -9999.0 -9999.0 -9999.0 -9999.0 -9999.0 -9999.0 -9999.0 -9999.0 -9999.0 -9999.0 -9999.0 -9999.0 -9999.0 -9999.0 -9999.0 -9999.0 -9999.0 -9999.0 -9999.0 -9999.0 -9999.0 -9999.0 -9999.0 -9999.0 -9999.0 -9999.0 -9999.0 -9999.0 -9999.0 -9999.0 -9999.0 -9999.0 -9999.0 -9999.0 -9999.0 -9999.0 -9999.0 -9999.0 -9999.0 -9999.0 -9999.0 -9999.0 -9999.0 -9999.0 -9999.0 -9999.0 -9999.0 -9999.0 -9999.0 -9999.0 -9999.0 -9999.0 -9999.0 -9999.0 -9999.0 -9999.0 -9999.0 -9999.0 -9999.0 -9999.0 -9999.0 -9999.0 -9999.0 -9999.0 -9999.0 -9999.0 -9999.0 -9999.0 -9999.0 -9999.0 -9999.0 -9999.0 -9999.0 -9999.0 -9999.0 -9999.0 -9999.0 -9999.0
-9999.0 -9999.0 -9999.0 -9999.0 -9999.0 -9999.0 -9999.0 -9999.0 -9999.0 -9999.0 -9999.0 -9999.0 -9999.0 -9999.0 -9999.0 -9999.0 -9999.0 -9999.0 -9999.0 -9999.0 -9999.0 -9999.0 -9999.0 -9999.0 -9999.0 -9999.0 -9999.0 -9999.0 -9999.0 -9999.0 -9999.0 -9999.0 -9999.0 -9999.0 -9999.0 -9999.0 -9999.0 -9999.0 -9999.0 -9999.0 -9999.0 -9999.0 -9999.0 -9999.0 -9999.0 -9999.0 -9999.0 -9999.0 -9999.0 -9999.0 -9999.0 -9999.0 -9999.0 -9999.0 -9999.0 -9999.0 -9999.0 -9999.0 -9999.0 -9999.0 -9999.0 -9999.0 -9999.0 -9999.0 -9999.0 -9999.0 -9999.0 -9999.0 -9999.0 -9999.0 -9999.0 -9999.0 -9999.0 -9999.0 -9999.0 -9999.0 -9999.0 -9999.0 -9999.0 -9999.0 -9999.0 -9999.0 -9999.0 -9999.0 -9999.0 -9999.0 -9999.0 -9999.0 -9999.0 -9999.0 -9999.0 -9999.0 -9999.0 -9999.0 -9999.0 -9999.0 -9999.0 -9999.0 -9999.0 -9999.0 -9999.0 -9999.0 -9999.0 -9999.0
-9999.0 -9999.0 324.949432 227.686276 129.345712 30.610434 -68.277592 -167.228250 -266.196409 -365.147962 -464.047538 -562.820660 -661.308901 -759.473342 -857.592139 -955.643187 -1053.543441 -1150.772127 -1246.296939 -1339.495527 -1428.581834 -1510.632760 -1582.509906 -1642.229479 -1689.534065 -1725.562871 -1752.174918 -1771.371391 -1784.963317 -1794.443411 -1800.974687 -1805.429414 -1808.443498 -1810.470261 -1811.827480 -1812.737188 -1813.363969 -1813.882558 -1814.710362 -1817.211370 -1823.071648 -1801.319581 -1192.392577 -1236.292112 -1214.705360 -1200.694099 -1194.180396 -1193.234413 -1193.134837 -1193.144422 -1193.169650 -1193.196779 -1193.222848 -1193.246987 -1193.269396 -1193.295520 -1193.377220 -1193.932921 -1197.359143 -1205.028959 -1215.099360 -1157.562870 -1772.851165 -1816.447632 -1815.788057 -1814.876750 -1814.666983 -1814.630239 -1814.624762 -1814.624470 -1814.624955 -1814.625463 -1814.625876 -1814.626196 -1814.626443 -1814.626637 -1814.626791 -1814.626918 -1814.627025 -1814.627123 -1814.627219 -1814.627326 -1814.627460 -1814.627645 -1814.627917 -1814.628331 -1814.628981 -1814.630021 -1814.631715 -1814.634532 -1814.639328 -1814.647723 -1814.662867 -1814.691014 -1814.744838 -1814.850731 -1815.066262 -1815.525935 -1816.570866 -1819.152989 -1826.317175 -1849.792519 -9999.0 -9999.0
-9999.0 -9999.0 324.956960 227.688097 129.346195 30.610577 -68.277547 -167.228235 -266.196404 -365.147960 -464.047537 -562.820660 -661.308901 -759.473342 -857.592139 -955.643187 -1053.543441 -1150.772127 -1246.296939 -1339.495528 -1428.581834 -1510.632760 -1582.509906 -1642.229480 -1689.534065 -1725.562871 -1752.174918 -1771.371391 -1784.963317 -1794.443411 -1800.974687 -1805.429414 -1808.443498 -1810.470261 -1811.827480 -1812.737188 -1813.363969 -1813.882558 -1814.710362 -1817.211370 -1823.071648 -1801.319581 -1192.392577 -1236.292112 -1214.705359 -1200.694098 -1194.180396 -1193.234413 -1193.134837 -1193.144422 -1193.169650 -1193.196779 -1193.222848 -1193.246987 -1193.269396 -1193.295520 -1193.377220 -1193.932921 -1197.359143 -1205.028959 -1215.099360 -1157.562870 -1772.851165 -1816.447632 -1815.788057 -1814.876750 -1814.666983 -1814.630239 -1814.624762 -1814.624470 -1814.624955 -1814.625463 -1814.625876 -1814.626196 -1814.626443 -1814.626637 -1814.626791 -1814.626918 -1814.627025 -1814.627123 -1814.627219 -1814.627326 -1814.627460 -1814.627645 -1814.627917 -1814.628331 -1814.628981 -1814.630021 -1814.631715 -1814.634532 -1814.639328 -1814.647723 -1814.662867 -1814.691014 -1814.744838 -1814.850731 -1815.066262 -1815.525935 -1816.570866 -1819.152989 -1826.317175 -1849.792519 -9999.0 -9999.0
-9999.0 -9999.0 324.958386 227.688872 129.346503 30.610690 -68.277507 -167.228220 -266.196398 -365.147958 -464.047537 -562.820659 -661.308901 -759.473342 -857.592139 -955.643187 -1053.543442 -1150.772127 -1246.296939 -1339.495528 -1428.581834 -1510.632760 -1582.509906 -1642.229480 -1689.534065 -1725.562871 -1752.174918 -1771.371391 -1784.963317 -1794.443411 -1800.974687 -1805.429414 -1808.443498 -1810.470261 -1811.827480 -1812.737188 -1813.363969 -1813.882558 -1814.710362 -1817.211370 -1823.071648 -1801.319581 -1192.392577 -1236.292112 -1214.705359 -1200.694098 -1194.180396 -1193.234413 -1193.134837 -1193.144422 -1193.169650 -1193.196779 -1193.222848 -1193.246987 -1193.269396 -1193.295520 -1193.377220 -1193.932921 -1197.359143 -1205.028959 -1215.099360 -1157.562870 -1772.851165 -1816.447632 -1815.788057 -1814.876750 -1814.666983 -1814.630239 -1814.624762 -1814.624470 -1814.624955 -1814.625463 -1814.625876 -1814.626196 -1814.626443 -1814.626637 -1814.626791 -1814.626918 -1814.627025 -1814.627123 -1814.627219 -1814.627326 -1814.627460 -1814.627645 -1814.627917 -1814.628331 -1814.628981 -1814.630021 -1814.631715 -1814.634532 -1814.639328 -1814.647723 -1814.662867 -1814.691014 -1814.744838 -1814.850731 -1815.066262 -1815.525935 -1816.570866 -1819.152989 -1826.317175 -1849.792519 -9999.0 -9999.0
-9999.0 -9999.0 324.958386 227.688872 129.346503 30.610690 -68.277507 -167.228220 -266.196398 -365.147958 -464.047537 -562.820659 -661.308901 -759.473342 -857.592139 -955.643187 -1053.543441 -1150.772127 -1246.296939 -1339.495528 -1428.581834 -1510.632760 -1582.509906 -1642.229480 -1689.534065 -1725.562871 -1752.174918 -1771.371391 -1784.963317 -1794.443411 -1800.974687 -1805.429414 -1808.443498 -1810.470261 -1811.827480 -1812.737188 -1813.363969 -1813.882558 -1814.710362 -1817.211370 -1823.071648 -1801.319581 -1192.392577 -1236.292112 -1214.705359 -1200.694098 -1194.180396 -1193.234413 -1193.134837 -1193.144422 -1193.169650 -1193.196779 -1193.222848 -1193.246987 -1193.269396 -1193.295520 -1193.377220 -1193.932921 -1197.359143 -1205.028959 -1215.099360 -1157.562870 -1772.851165 -1816.447632 -1815.788057 -1814.876750 -1814.666983 -1814.630239 -1814.624762 -1814.624470 -1814.624955 -1814.625463 -1814.625876 -1814.626196 -1814.626443 -1814.626637 -1814.626791 -1814.626918 -1814.627025 -1814.627123 -1814.627219 -1814.627326 -1814.627460 -1814.627645 -1814.627917 -1814.628331 -1814.628981 -1814.630021 -1814.631715 -1814.634532 -1814.639328 -1814.647723 -1814.662867 -1814.691014 -1814.744838 -1814.850731 -1815.066262 -1815.525935 -1816.570866 -1819.152989 -1826.317175 -1849.792519 -9999.0 -9999.0
-9999.0 -9999.0 324.956960 227.688097 129.346195 30.610577 -68.277547 -167.228235 -266.196404 -365.147960 -464.047537 -562.820660 -661.308901 -759.473342 -857.592139 -955.643187 -1053.543441 -1150.772127 -1246.296939 -1339.495528 -1428.581834 -1510.632760 -1582.509906 -1642.229480 -1689.534065 -1725.562871 -1752.174918 -1771.371391 -1784.963317 -1794.443411 -1800.974687 -1805.429414 -1808.443498 -1810.470261 -1811.827480 -1812.737188 -1813.363969 -1813.882558 -1814.710362 -1817.211370 -1823.071648 -1801.319581 -1192.392577 -1236.292112 -1214.705359 -1200.694098 -1194.180396 -1193.234413 -1193.134837 -1193.144422 -1193.169650 -1193.196779 -1193.222848 -1193.246987 -1193.269396 -1193.295520 -1193.377220 -1193.932921 -1197.359143 -1205.028959 -1215.099360 -1157.562870 -1772.851165 -1816.447632 -1815.788057 -1814.876750 -1814.666983 -1814.630239 -1814.624762 -1814.624470 -1814.624955 -1814.625463 -1814.625876 -1814.626196 -1814.626443 -1814.626637 -1814.626791 -1814.626918 -1814.627025 -1814.627123 -1814.627219 -1814.627326 -1814.627460 -1814.627645 -1814.627917 -1814.628331 -1814.628981 -1814.630021 -1814.631715 -1814.634532 -1814.639328 -1814.647723 -1814.662867 -1814.691014 -1814.744838 -1814.850731 -1815.066262 -1815.525935 -1816.570866 -1819.152989 -1826.317175 -1849.792519 -9999.0 -9999.0
-9999.0 -9999.0 324.949432 227.686276 129.345712 30.610434 -68.277592 -167.228250 -266.196409 -365.147962 -464.047538 -562.820660 -661.308901 -759.473342 -857.592139 -955.643187 -1053.543441 -1150.772127 -1246.296939 -1339.495527 -1428.581834 -1510.632760 -1582.509906 -1642.229479 -1689.534065 -1725.562871 -1752.174918 -1771.371391 -1784.963317 -1794.443411 -1800.974687 -1805.429414 -1808.443498 -1810.470261 -1811.827480 -1812.737188 -1813.363969 -1813.882558 -1814.710362 -1817.211370 -1823.071648 -1801.319581 -1192.392577 -1236.292112 -1214.705360 -1200.694099 -1194.180396 -1193.234413 -1193.134837 -1193.144422 -1193.169650 -1193.196779 -1193.222848 -1193.246987 -1193.269396 -1193.295520 -1193.377220 -1193.932921 -1197.359143 -1205.028959 -1215.099360 -1157.562870 -1772.851165 -1816.447632 -1815.788057 -1814.876750 -1814.666983 -1814.630239 -1814.624762 -1814.624470 -1814.624955 -1814.625463 -1814.625876 -1814.626196 -1814.626443 -1814.626637 -1814.626791 -1814.626918 -1814.627025 -1814.627123 -1814.627219 -1814.627326 -1814.627460 -1814.627645 -1814.627917 -1814.628331 -1814.628981 -1814.630021 -1814.631715 -1814.634532 -1814.639328 -1814.647723 -1814.662867 -1814.691014 -1814.744838 -1814.850731 -1815.066262 -1815.525935 -1816.570866 -1819.152989 -1826.317175 -1849.792519 -9999.0 -9999.0
-9999.0 -9999.0 -9999.0 -9999.0 -9999.0 -9999.0 -9999.0 -9999.0 -9999.0 -9999.0 -9999.0 -9999.0 -9999.0 -9999.0 -9999.0 -9999.0 -9999.0 -9999.0 -9999.0 -9999.0 -9999.0 -9999.0 -9999.0 -9999.0 -9999.0 -9999.0 -9999.0 -9999.0 -9999.0 -9999.0 -9999.0 -9999.0 -9999.0 -9999.0 -9999.0 -9999.0 -9999.0 -9999.0 -9999.0 -9999.0 -9999.0 -9999.0 -9999.0 -9999.0 -9999.0 -9999.0 -9999.0 -9999.0 -9999.0 -9999.0 -9999.0 -9999.0 -9999.0 -9999.0 -9999.0 -9999.0 -9999.0 -9999.0 -9999.0 -9999.0 -9999.0 -9999.0 -9999.0 -9999.0 -9999.0 -9999.0 -9999.0 -9999.0 -9999.0 -9999.0 -9999.0 -9999.0 -9999.0 -9999.0 -9999.0 -9999.0 -9999.0 -9999.0 -9999.0 -9999.0 -9999.0 -9999.0 -9999.0 -9999.0 -9999.0 -9999.0 -9999.0 -9999.0 -9999.0 -9999.0 -9999.0 -9999.0 -9999.0 -9999.0 -9999.0 -9999.0 -9999.0 -9999.0 -9999.0 -9999.0 -9999.0 -9999.0 -9999.0 -9999.0
-9999.0 -9999.0 -9999.0 -9999.0 -9999.0 -9999.0 -9999.0 -9999.0 -9999.0 -9999.0 -9999.0 -9999.0 -9999.0 -9999.0 -9999.0 -9999.0 -9999.0 -9999.0 -9999.0 -9999.0 -9999.0 -9999.0 -9999.0 -9999.0 -9999.0 -9999.0 -9999.0 -9999.0 -9999.0 -9999.0 -9999.0 -9999.0 -9999.0 -9999.0 -9999.0 -9999.0 -9999.0 -9999.0 -9999.0 -9999.0 -9999.0 -9999.0 -9999.0 -9999.0 -9999.0 -9999.0 -9999.0 -9999.0 -9999.0 -9999.0 -9999.0 -9999.0 -9999.0 -9999.0 -9999.0 -9999.0 -9999.0 -9999.0 -9999.0 -9999.0 -9999.0 -9999.0 -9999.0 -9999.0 -9999.0 -9999.0 -9999.0 -9999.0 -9999.0 -9999.0 -9999.0 -9999.0 -9999.0 -9999.0 -9999.0 -9999.0 -9999.0 -9999.0 -9999.0 -9999.0 -9999.0 -9999.0 -9999.0 -9999.0 -9999.0 -9999.0 -9999.0 -9999.0 -9999.0 -9999.0 -9999.0 -9999.0 -9999.0 -9999.0 -9999.0 -9999.0 -9999.0 -9999.0 -9999.0 -9999.0 -9999.0 -9999.0 -9999.0 -9999.0