inst/processing_geotop_simulation/geotop_simulation/out/maps3D/PwL0008N0380.asc
ncols         104
nrows         10
xllcorner     -2.000000
yllcorner     0.000000
cellsize      1.000000
NODATA_value  -9999.0
-9999.0 -9999.0 -9999.0 -9999.0 -9999.0 -9999.0 -9999.0 -9999.0 -9999.0 -9999.0 -9999.0 -9999.0 -9999.0 -9999.0 -9999.0 -9999.0 -9999.0 -9999.0 -9999.0 -9999.0 -9999.0 -9999.0 -9999.0 -9999.0 -9999.0 -9999.0 -9999.0 -9999.0 -9999.0 -9999.0 -9999.0 -9999.0 -9999.0 -9999.0 -9999.0 -9999.0 -9999.0 -9999.0 -9999.0 -9999.0 -9999.0 -9999.0 -9999.0 -9999.0 -9999.0 -9999.0 -9999.0 -9999.0 -9999.0 -9999.0 -9999.0 -9999.0 -9999.0 -9999.0 -9999.0 -9999.0 -9999.0 -9999.0 -9999.0 -9999.0 -9999.0 -9999.0 -9999.0 -9999.0 -9999.0 -9999.0 -9999.0 -9999.0 -9999.0 -9999.0 -9999.0 -9999.0 -9999.0 -9999.0 -9999.0 -9999.0 -9999.0 -9999.0 -9999.0 -9999.0 -9999.0 -9999.0 -9999.0 -9999.0 -9999.0 -9999.0 -9999.0 -9999.0 -9999.0 -9999.0 -9999.0 -9999.0 -9999.0 -9999.0 -9999.0 -9999.0 -9999.0 -9999.0 -9999.0 -9999.0 -9999.0 -9999.0 -9999.0 -9999.0
-9999.0 -9999.0 -9999.0 -9999.0 -9999.0 -9999.0 -9999.0 -9999.0 -9999.0 -9999.0 -9999.0 -9999.0 -9999.0 -9999.0 -9999.0 -9999.0 -9999.0 -9999.0 -9999.0 -9999.0 -9999.0 -9999.0 -9999.0 -9999.0 -9999.0 -9999.0 -9999.0 -9999.0 -9999.0 -9999.0 -9999.0 -9999.0 -9999.0 -9999.0 -9999.0 -9999.0 -9999.0 -9999.0 -9999.0 -9999.0 -9999.0 -9999.0 -9999.0 -9999.0 -9999.0 -9999.0 -9999.0 -9999.0 -9999.0 -9999.0 -9999.0 -9999.0 -9999.0 -9999.0 -9999.0 -9999.0 -9999.0 -9999.0 -9999.0 -9999.0 -9999.0 -9999.0 -9999.0 -9999.0 -9999.0 -9999.0 -9999.0 -9999.0 -9999.0 -9999.0 -9999.0 -9999.0 -9999.0 -9999.0 -9999.0 -9999.0 -9999.0 -9999.0 -9999.0 -9999.0 -9999.0 -9999.0 -9999.0 -9999.0 -9999.0 -9999.0 -9999.0 -9999.0 -9999.0 -9999.0 -9999.0 -9999.0 -9999.0 -9999.0 -9999.0 -9999.0 -9999.0 -9999.0 -9999.0 -9999.0 -9999.0 -9999.0 -9999.0 -9999.0
-9999.0 -9999.0 373.739326 275.646683 176.850634 77.775042 -21.411878 -120.642430 -219.887270 -319.125864 -418.337200 -517.486483 -616.500936 -715.242160 -814.010534 -912.720760 -1011.320727 -1109.809653 -1207.217181 -1303.238386 -1396.672840 -1485.389212 -1566.515975 -1637.387855 -1696.478595 -1743.693128 -1780.075220 -1807.289871 -1827.166023 -1841.406896 -1851.454890 -1858.458332 -1863.292738 -1866.604844 -1868.861670 -1870.397352 -1871.461469 -1872.302575 -1873.413057 -1876.060484 -1880.198773 -1848.501677 -1240.611566 -1306.666858 -1281.740964 -1265.312665 -1257.694361 -1256.581374 -1256.463549 -1256.474065 -1256.502861 -1256.533873 -1256.563679 -1256.591281 -1256.616937 -1256.647123 -1256.743227 -1257.397146 -1261.402213 -1270.353031 -1281.111326 -1200.795939 -1817.576318 -1873.310746 -1874.690675 -1873.920889 -1873.696687 -1873.653174 -1873.646190 -1873.645556 -1873.645916 -1873.646352 -1873.646717 -1873.647004 -1873.647229 -1873.647408 -1873.647554 -1873.647675 -1873.647781 -1873.647878 -1873.647975 -1873.648082 -1873.648215 -1873.648392 -1873.648647 -1873.649031 -1873.649625 -1873.650568 -1873.652099 -1873.654643 -1873.658981 -1873.666595 -1873.680381 -1873.706120 -1873.755625 -1873.853862 -1874.056442 -1874.496359 -1875.518672 -1878.109288 -1885.470937 -1909.738621 -9999.0 -9999.0
-9999.0 -9999.0 373.745974 275.648371 176.851088 77.775177 -21.411834 -120.642415 -219.887264 -319.125862 -418.337199 -517.486483 -616.500936 -715.242160 -814.010534 -912.720760 -1011.320727 -1109.809653 -1207.217181 -1303.238386 -1396.672840 -1485.389212 -1566.515975 -1637.387855 -1696.478595 -1743.693128 -1780.075220 -1807.289871 -1827.166023 -1841.406896 -1851.454890 -1858.458332 -1863.292738 -1866.604844 -1868.861670 -1870.397352 -1871.461469 -1872.302575 -1873.413057 -1876.060484 -1880.198773 -1848.501677 -1240.611566 -1306.666858 -1281.740963 -1265.312665 -1257.694361 -1256.581374 -1256.463549 -1256.474065 -1256.502861 -1256.533873 -1256.563679 -1256.591281 -1256.616937 -1256.647123 -1256.743227 -1257.397146 -1261.402213 -1270.353031 -1281.111326 -1200.795939 -1817.576318 -1873.310746 -1874.690675 -1873.920889 -1873.696687 -1873.653174 -1873.646190 -1873.645556 -1873.645916 -1873.646352 -1873.646717 -1873.647004 -1873.647229 -1873.647408 -1873.647554 -1873.647675 -1873.647781 -1873.647878 -1873.647975 -1873.648082 -1873.648215 -1873.648392 -1873.648647 -1873.649031 -1873.649625 -1873.650568 -1873.652099 -1873.654643 -1873.658981 -1873.666595 -1873.680381 -1873.706120 -1873.755625 -1873.853862 -1874.056442 -1874.496359 -1875.518672 -1878.109288 -1885.470937 -1909.738621 -9999.0 -9999.0
-9999.0 -9999.0 373.747339 275.649101 176.851380 77.775284 -21.411796 -120.642401 -219.887259 -319.125860 -418.337198 -517.486482 -616.500936 -715.242160 -814.010534 -912.720760 -1011.320727 -1109.809653 -1207.217181 -1303.238386 -1396.672840 -1485.389212 -1566.515975 -1637.387855 -1696.478595 -1743.693128 -1780.075220 -1807.289871 -1827.166023 -1841.406896 -1851.454890 -1858.458332 -1863.292738 -1866.604844 -1868.861670 -1870.397352 -1871.461469 -1872.302575 -1873.413057 -1876.060484 -1880.198773 -1848.501677 -1240.611566 -1306.666858 -1281.740963 -1265.312664 -1257.694361 -1256.581374 -1256.463549 -1256.474065 -1256.502861 -1256.533873 -1256.563679 -1256.591281 -1256.616937 -1256.647123 -1256.743227 -1257.397146 -1261.402213 -1270.353031 -1281.111326 -1200.795939 -1817.576318 -1873.310746 -1874.690675 -1873.920889 -1873.696687 -1873.653174 -1873.646190 -1873.645556 -1873.645916 -1873.646352 -1873.646717 -1873.647004 -1873.647229 -1873.647408 -1873.647554 -1873.647675 -1873.647781 -1873.647878 -1873.647975 -1873.648082 -1873.648215 -1873.648392 -1873.648647 -1873.649031 -1873.649625 -1873.650568 -1873.652099 -1873.654643 -1873.658981 -1873.666595 -1873.680381 -1873.706120 -1873.755625 -1873.853862 -1874.056442 -1874.496359 -1875.518672 -1878.109288 -1885.470937 -1909.738621 -9999.0 -9999.0
-9999.0 -9999.0 373.747339 275.649102 176.851379 77.775284 -21.411796 -120.642401 -219.887259 -319.125860 -418.337198 -517.486482 -616.500936 -715.242160 -814.010534 -912.720760 -1011.320727 -1109.809653 -1207.217181 -1303.238386 -1396.672840 -1485.389212 -1566.515975 -1637.387855 -1696.478595 -1743.693128 -1780.075220 -1807.289871 -1827.166023 -1841.406896 -1851.454890 -1858.458332 -1863.292738 -1866.604844 -1868.861670 -1870.397352 -1871.461469 -1872.302575 -1873.413057 -1876.060484 -1880.198773 -1848.501677 -1240.611566 -1306.666858 -1281.740963 -1265.312664 -1257.694361 -1256.581374 -1256.463549 -1256.474065 -1256.502861 -1256.533873 -1256.563679 -1256.591281 -1256.616937 -1256.647123 -1256.743227 -1257.397146 -1261.402213 -1270.353031 -1281.111326 -1200.795939 -1817.576318 -1873.310746 -1874.690675 -1873.920889 -1873.696687 -1873.653174 -1873.646190 -1873.645556 -1873.645916 -1873.646352 -1873.646717 -1873.647004 -1873.647229 -1873.647408 -1873.647554 -1873.647675 -1873.647781 -1873.647878 -1873.647975 -1873.648082 -1873.648215 -1873.648392 -1873.648647 -1873.649031 -1873.649625 -1873.650568 -1873.652099 -1873.654643 -1873.658981 -1873.666595 -1873.680381 -1873.706120 -1873.755625 -1873.853862 -1874.056442 -1874.496359 -1875.518672 -1878.109288 -1885.470937 -1909.738621 -9999.0 -9999.0
-9999.0 -9999.0 373.745974 275.648371 176.851088 77.775177 -21.411834 -120.642415 -219.887264 -319.125862 -418.337199 -517.486483 -616.500936 -715.242160 -814.010534 -912.720760 -1011.320727 -1109.809653 -1207.217181 -1303.238386 -1396.672840 -1485.389212 -1566.515975 -1637.387855 -1696.478595 -1743.693128 -1780.075220 -1807.289871 -1827.166023 -1841.406896 -1851.454890 -1858.458332 -1863.292738 -1866.604844 -1868.861670 -1870.397352 -1871.461469 -1872.302575 -1873.413057 -1876.060484 -1880.198773 -1848.501677 -1240.611566 -1306.666858 -1281.740963 -1265.312665 -1257.694361 -1256.581374 -1256.463549 -1256.474065 -1256.502861 -1256.533873 -1256.563679 -1256.591281 -1256.616937 -1256.647123 -1256.743227 -1257.397146 -1261.402213 -1270.353031 -1281.111326 -1200.795939 -1817.576318 -1873.310746 -1874.690675 -1873.920889 -1873.696687 -1873.653174 -1873.646190 -1873.645556 -1873.645916 -1873.646352 -1873.646717 -1873.647004 -1873.647229 -1873.647408 -1873.647554 -1873.647675 -1873.647781 -1873.647878 -1873.647975 -1873.648082 -1873.648215 -1873.648392 -1873.648647 -1873.649031 -1873.649625 -1873.650568 -1873.652099 -1873.654643 -1873.658981 -1873.666595 -1873.680381 -1873.706120 -1873.755625 -1873.853862 -1874.056442 -1874.496359 -1875.518672 -1878.109288 -1885.470937 -1909.738621 -9999.0 -9999.0
-9999.0 -9999.0 373.739326 275.646683 176.850633 77.775042 -21.411878 -120.642430 -219.887270 -319.125865 -418.337200 -517.486483 -616.500936 -715.242160 -814.010534 -912.720760 -1011.320727 -1109.809653 -1207.217181 -1303.238386 -1396.672840 -1485.389212 -1566.515975 -1637.387855 -1696.478595 -1743.693128 -1780.075220 -1807.289871 -1827.166023 -1841.406896 -1851.454890 -1858.458332 -1863.292738 -1866.604844 -1868.861670 -1870.397352 -1871.461469 -1872.302575 -1873.413057 -1876.060484 -1880.198773 -1848.501677 -1240.611566 -1306.666858 -1281.740964 -1265.312665 -1257.694361 -1256.581374 -1256.463549 -1256.474065 -1256.502861 -1256.533873 -1256.563679 -1256.591281 -1256.616937 -1256.647123 -1256.743227 -1257.397146 -1261.402213 -1270.353031 -1281.111326 -1200.795939 -1817.576318 -1873.310746 -1874.690675 -1873.920889 -1873.696687 -1873.653174 -1873.646190 -1873.645556 -1873.645916 -1873.646352 -1873.646717 -1873.647004 -1873.647229 -1873.647408 -1873.647554 -1873.647675 -1873.647781 -1873.647878 -1873.647975 -1873.648082 -1873.648215 -1873.648392 -1873.648647 -1873.649031 -1873.649625 -1873.650568 -1873.652099 -1873.654643 -1873.658981 -1873.666595 -1873.680381 -1873.706120 -1873.755625 -1873.853862 -1874.056442 -1874.496359 -1875.518672 -1878.109288 -1885.470937 -1909.738621 -9999.0 -9999.0
-9999.0 -9999.0 -9999.0 -9999.0 -9999.0 -9999.0 -9999.0 -9999.0 -9999.0 -9999.0 -9999.0 -9999.0 -9999.0 -9999.0 -9999.0 -9999.0 -9999.0 -9999.0 -9999.0 -9999.0 -9999.0 -9999.0 -9999.0 -9999.0 -9999.0 -9999.0 -9999.0 -9999.0 -9999.0 -9999.0 -9999.0 -9999.0 -9999.0 -9999.0 -9999.0 -9999.0 -9999.0 -9999.0 -9999.0 -9999.0 -9999.0 -9999.0 -9999.0 -9999.0 -9999.0 -9999.0 -9999.0 -9999.0 -9999.0 -9999.0 -9999.0 -9999.0 -9999.0 -9999.0 -9999.0 -9999.0 -9999.0 -9999.0 -9999.0 -9999.0 -9999.0 -9999.0 -9999.0 -9999.0 -9999.0 -9999.0 -9999.0 -9999.0 -9999.0 -9999.0 -9999.0 -9999.0 -9999.0 -9999.0 -9999.0 -9999.0 -9999.0 -9999.0 -9999.0 -9999.0 -9999.0 -9999.0 -9999.0 -9999.0 -9999.0 -9999.0 -9999.0 -9999.0 -9999.0 -9999.0 -9999.0 -9999.0 -9999.0 -9999.0 -9999.0 -9999.0 -9999.0 -9999.0 -9999.0 -9999.0 -9999.0 -9999.0 -9999.0 -9999.0
-9999.0 -9999.0 -9999.0 -9999.0 -9999.0 -9999.0 -9999.0 -9999.0 -9999.0 -9999.0 -9999.0 -9999.0 -9999.0 -9999.0 -9999.0 -9999.0 -9999.0 -9999.0 -9999.0 -9999.0 -9999.0 -9999.0 -9999.0 -9999.0 -9999.0 -9999.0 -9999.0 -9999.0 -9999.0 -9999.0 -9999.0 -9999.0 -9999.0 -9999.0 -9999.0 -9999.0 -9999.0 -9999.0 -9999.0 -9999.0 -9999.0 -9999.0 -9999.0 -9999.0 -9999.0 -9999.0 -9999.0 -9999.0 -9999.0 -9999.0 -9999.0 -9999.0 -9999.0 -9999.0 -9999.0 -9999.0 -9999.0 -9999.0 -9999.0 -9999.0 -9999.0 -9999.0 -9999.0 -9999.0 -9999.0 -9999.0 -9999.0 -9999.0 -9999.0 -9999.0 -9999.0 -9999.0 -9999.0 -9999.0 -9999.0 -9999.0 -9999.0 -9999.0 -9999.0 -9999.0 -9999.0 -9999.0 -9999.0 -9999.0 -9999.0 -9999.0 -9999.0 -9999.0 -9999.0 -9999.0 -9999.0 -9999.0 -9999.0 -9999.0 -9999.0 -9999.0 -9999.0 -9999.0 -9999.0 -9999.0 -9999.0 -9999.0 -9999.0 -9999.0