inst/processing_geotop_simulation/geotop_simulation/out/maps3D/PwL0013N0381.asc
ncols         104
nrows         10
xllcorner     -2.000000
yllcorner     0.000000
cellsize      1.000000
NODATA_value  -9999.0
-9999.0 -9999.0 -9999.0 -9999.0 -9999.0 -9999.0 -9999.0 -9999.0 -9999.0 -9999.0 -9999.0 -9999.0 -9999.0 -9999.0 -9999.0 -9999.0 -9999.0 -9999.0 -9999.0 -9999.0 -9999.0 -9999.0 -9999.0 -9999.0 -9999.0 -9999.0 -9999.0 -9999.0 -9999.0 -9999.0 -9999.0 -9999.0 -9999.0 -9999.0 -9999.0 -9999.0 -9999.0 -9999.0 -9999.0 -9999.0 -9999.0 -9999.0 -9999.0 -9999.0 -9999.0 -9999.0 -9999.0 -9999.0 -9999.0 -9999.0 -9999.0 -9999.0 -9999.0 -9999.0 -9999.0 -9999.0 -9999.0 -9999.0 -9999.0 -9999.0 -9999.0 -9999.0 -9999.0 -9999.0 -9999.0 -9999.0 -9999.0 -9999.0 -9999.0 -9999.0 -9999.0 -9999.0 -9999.0 -9999.0 -9999.0 -9999.0 -9999.0 -9999.0 -9999.0 -9999.0 -9999.0 -9999.0 -9999.0 -9999.0 -9999.0 -9999.0 -9999.0 -9999.0 -9999.0 -9999.0 -9999.0 -9999.0 -9999.0 -9999.0 -9999.0 -9999.0 -9999.0 -9999.0 -9999.0 -9999.0 -9999.0 -9999.0 -9999.0 -9999.0
-9999.0 -9999.0 -9999.0 -9999.0 -9999.0 -9999.0 -9999.0 -9999.0 -9999.0 -9999.0 -9999.0 -9999.0 -9999.0 -9999.0 -9999.0 -9999.0 -9999.0 -9999.0 -9999.0 -9999.0 -9999.0 -9999.0 -9999.0 -9999.0 -9999.0 -9999.0 -9999.0 -9999.0 -9999.0 -9999.0 -9999.0 -9999.0 -9999.0 -9999.0 -9999.0 -9999.0 -9999.0 -9999.0 -9999.0 -9999.0 -9999.0 -9999.0 -9999.0 -9999.0 -9999.0 -9999.0 -9999.0 -9999.0 -9999.0 -9999.0 -9999.0 -9999.0 -9999.0 -9999.0 -9999.0 -9999.0 -9999.0 -9999.0 -9999.0 -9999.0 -9999.0 -9999.0 -9999.0 -9999.0 -9999.0 -9999.0 -9999.0 -9999.0 -9999.0 -9999.0 -9999.0 -9999.0 -9999.0 -9999.0 -9999.0 -9999.0 -9999.0 -9999.0 -9999.0 -9999.0 -9999.0 -9999.0 -9999.0 -9999.0 -9999.0 -9999.0 -9999.0 -9999.0 -9999.0 -9999.0 -9999.0 -9999.0 -9999.0 -9999.0 -9999.0 -9999.0 -9999.0 -9999.0 -9999.0 -9999.0 -9999.0 -9999.0 -9999.0 -9999.0
-9999.0 -9999.0 621.808021 523.282149 424.398519 325.297585 226.098119 126.856950 27.602482 -71.647501 -170.886839 -270.106883 -369.287929 -468.391211 -567.352774 -666.086914 -764.685449 -863.290778 -961.709261 -1059.883652 -1156.841766 -1250.682809 -1339.868636 -1421.907569 -1494.528692 -1556.267316 -1606.731507 -1646.521124 -1676.921051 -1699.537409 -1715.999435 -1727.773015 -1736.076960 -1741.870328 -1745.879017 -1748.640019 -1750.557707 -1752.003518 -1753.593514 -1756.857758 -1763.890534 -1764.776470 -1621.436437 -2735.107960 -2486.783267 -2334.659432 -2269.601514 -2261.130370 -2260.269289 -2260.355876 -2260.576780 -2260.813733 -2261.041285 -2261.251915 -2261.446950 -2261.669895 -2262.347425 -2267.123567 -2300.173058 -2378.013738 -2455.351486 -1480.751692 -1726.163201 -1755.964634 -1755.809098 -1754.903623 -1754.654990 -1754.606317 -1754.598357 -1754.597555 -1754.597890 -1754.598327 -1754.598702 -1754.599003 -1754.599243 -1754.599440 -1754.599605 -1754.599747 -1754.599874 -1754.599994 -1754.600114 -1754.600245 -1754.600402 -1754.600604 -1754.600884 -1754.601290 -1754.601906 -1754.602867 -1754.604410 -1754.606957 -1754.611284 -1754.618870 -1754.632609 -1754.658301 -1754.707879 -1754.806830 -1755.012717 -1755.464990 -1756.528155 -1759.242176 -1766.939170 -1791.910512 -9999.0 -9999.0
-9999.0 -9999.0 621.812579 523.283571 424.398936 325.297714 226.098161 126.856965 27.602487 -71.647499 -170.886837 -270.106883 -369.287929 -468.391211 -567.352774 -666.086914 -764.685449 -863.290778 -961.709262 -1059.883652 -1156.841766 -1250.682810 -1339.868636 -1421.907569 -1494.528693 -1556.267316 -1606.731507 -1646.521124 -1676.921051 -1699.537409 -1715.999435 -1727.773015 -1736.076960 -1741.870328 -1745.879017 -1748.640019 -1750.557707 -1752.003518 -1753.593514 -1756.857758 -1763.890533 -1764.776470 -1621.436436 -2735.107959 -2486.783265 -2334.659428 -2269.601514 -2261.130370 -2260.269288 -2260.355876 -2260.576780 -2260.813733 -2261.041285 -2261.251915 -2261.446950 -2261.669895 -2262.347425 -2267.123567 -2300.173058 -2378.013737 -2455.351486 -1480.751692 -1726.163201 -1755.964634 -1755.809098 -1754.903623 -1754.654990 -1754.606317 -1754.598357 -1754.597555 -1754.597890 -1754.598327 -1754.598702 -1754.599003 -1754.599243 -1754.599440 -1754.599605 -1754.599747 -1754.599874 -1754.599994 -1754.600114 -1754.600245 -1754.600402 -1754.600604 -1754.600884 -1754.601290 -1754.601906 -1754.602867 -1754.604410 -1754.606957 -1754.611284 -1754.618870 -1754.632609 -1754.658301 -1754.707879 -1754.806830 -1755.012717 -1755.464990 -1756.528155 -1759.242176 -1766.939170 -1791.910512 -9999.0 -9999.0
-9999.0 -9999.0 621.813875 523.284248 424.399212 325.297816 226.098199 126.856978 27.602492 -71.647497 -170.886837 -270.106882 -369.287929 -468.391210 -567.352774 -666.086914 -764.685449 -863.290778 -961.709262 -1059.883652 -1156.841766 -1250.682810 -1339.868636 -1421.907569 -1494.528693 -1556.267316 -1606.731507 -1646.521124 -1676.921051 -1699.537409 -1715.999435 -1727.773015 -1736.076960 -1741.870328 -1745.879017 -1748.640019 -1750.557707 -1752.003518 -1753.593514 -1756.857758 -1763.890533 -1764.776470 -1621.436436 -2735.107959 -2486.783264 -2334.659426 -2269.601514 -2261.130370 -2260.269288 -2260.355876 -2260.576780 -2260.813733 -2261.041285 -2261.251915 -2261.446950 -2261.669895 -2262.347425 -2267.123567 -2300.173058 -2378.013737 -2455.351486 -1480.751692 -1726.163201 -1755.964634 -1755.809098 -1754.903623 -1754.654990 -1754.606317 -1754.598357 -1754.597555 -1754.597890 -1754.598327 -1754.598702 -1754.599003 -1754.599243 -1754.599440 -1754.599605 -1754.599747 -1754.599874 -1754.599994 -1754.600114 -1754.600245 -1754.600402 -1754.600604 -1754.600884 -1754.601290 -1754.601906 -1754.602867 -1754.604410 -1754.606957 -1754.611284 -1754.618870 -1754.632609 -1754.658301 -1754.707879 -1754.806830 -1755.012717 -1755.464990 -1756.528155 -1759.242176 -1766.939170 -1791.910512 -9999.0 -9999.0
-9999.0 -9999.0 621.813874 523.284248 424.399211 325.297817 226.098199 126.856978 27.602492 -71.647497 -170.886837 -270.106882 -369.287929 -468.391211 -567.352774 -666.086914 -764.685449 -863.290778 -961.709262 -1059.883652 -1156.841766 -1250.682810 -1339.868636 -1421.907569 -1494.528693 -1556.267316 -1606.731507 -1646.521124 -1676.921051 -1699.537409 -1715.999435 -1727.773015 -1736.076960 -1741.870328 -1745.879017 -1748.640019 -1750.557707 -1752.003518 -1753.593514 -1756.857758 -1763.890533 -1764.776470 -1621.436436 -2735.107959 -2486.783264 -2334.659426 -2269.601514 -2261.130370 -2260.269288 -2260.355876 -2260.576780 -2260.813733 -2261.041285 -2261.251915 -2261.446950 -2261.669895 -2262.347425 -2267.123567 -2300.173058 -2378.013737 -2455.351486 -1480.751692 -1726.163201 -1755.964634 -1755.809098 -1754.903623 -1754.654990 -1754.606317 -1754.598357 -1754.597555 -1754.597890 -1754.598327 -1754.598702 -1754.599003 -1754.599243 -1754.599440 -1754.599605 -1754.599747 -1754.599874 -1754.599994 -1754.600114 -1754.600245 -1754.600402 -1754.600604 -1754.600884 -1754.601290 -1754.601906 -1754.602867 -1754.604410 -1754.606957 -1754.611284 -1754.618870 -1754.632609 -1754.658301 -1754.707879 -1754.806830 -1755.012717 -1755.464990 -1756.528155 -1759.242176 -1766.939170 -1791.910512 -9999.0 -9999.0
-9999.0 -9999.0 621.812579 523.283571 424.398936 325.297714 226.098162 126.856965 27.602487 -71.647499 -170.886838 -270.106883 -369.287929 -468.391211 -567.352774 -666.086914 -764.685449 -863.290778 -961.709262 -1059.883652 -1156.841766 -1250.682810 -1339.868636 -1421.907569 -1494.528693 -1556.267316 -1606.731507 -1646.521124 -1676.921051 -1699.537409 -1715.999435 -1727.773015 -1736.076960 -1741.870328 -1745.879017 -1748.640019 -1750.557707 -1752.003518 -1753.593514 -1756.857758 -1763.890533 -1764.776470 -1621.436436 -2735.107959 -2486.783265 -2334.659428 -2269.601514 -2261.130370 -2260.269288 -2260.355876 -2260.576780 -2260.813733 -2261.041285 -2261.251915 -2261.446950 -2261.669895 -2262.347425 -2267.123567 -2300.173058 -2378.013737 -2455.351486 -1480.751692 -1726.163201 -1755.964634 -1755.809098 -1754.903623 -1754.654990 -1754.606317 -1754.598357 -1754.597555 -1754.597890 -1754.598327 -1754.598702 -1754.599003 -1754.599243 -1754.599440 -1754.599605 -1754.599747 -1754.599874 -1754.599994 -1754.600114 -1754.600245 -1754.600402 -1754.600604 -1754.600884 -1754.601290 -1754.601906 -1754.602867 -1754.604410 -1754.606957 -1754.611284 -1754.618870 -1754.632609 -1754.658301 -1754.707879 -1754.806830 -1755.012717 -1755.464990 -1756.528155 -1759.242176 -1766.939170 -1791.910512 -9999.0 -9999.0
-9999.0 -9999.0 621.808021 523.282149 424.398519 325.297585 226.098119 126.856950 27.602482 -71.647501 -170.886839 -270.106883 -369.287929 -468.391211 -567.352774 -666.086914 -764.685449 -863.290778 -961.709261 -1059.883652 -1156.841765 -1250.682810 -1339.868636 -1421.907569 -1494.528692 -1556.267316 -1606.731507 -1646.521124 -1676.921051 -1699.537409 -1715.999435 -1727.773015 -1736.076960 -1741.870328 -1745.879017 -1748.640019 -1750.557707 -1752.003518 -1753.593514 -1756.857758 -1763.890534 -1764.776470 -1621.436437 -2735.107960 -2486.783267 -2334.659432 -2269.601514 -2261.130370 -2260.269289 -2260.355876 -2260.576780 -2260.813733 -2261.041285 -2261.251915 -2261.446950 -2261.669895 -2262.347425 -2267.123567 -2300.173058 -2378.013738 -2455.351486 -1480.751692 -1726.163201 -1755.964634 -1755.809098 -1754.903623 -1754.654990 -1754.606317 -1754.598357 -1754.597555 -1754.597890 -1754.598327 -1754.598702 -1754.599003 -1754.599243 -1754.599440 -1754.599605 -1754.599747 -1754.599874 -1754.599994 -1754.600114 -1754.600245 -1754.600402 -1754.600604 -1754.600884 -1754.601290 -1754.601906 -1754.602867 -1754.604410 -1754.606957 -1754.611284 -1754.618870 -1754.632609 -1754.658301 -1754.707879 -1754.806830 -1755.012717 -1755.464990 -1756.528155 -1759.242176 -1766.939170 -1791.910512 -9999.0 -9999.0
-9999.0 -9999.0 -9999.0 -9999.0 -9999.0 -9999.0 -9999.0 -9999.0 -9999.0 -9999.0 -9999.0 -9999.0 -9999.0 -9999.0 -9999.0 -9999.0 -9999.0 -9999.0 -9999.0 -9999.0 -9999.0 -9999.0 -9999.0 -9999.0 -9999.0 -9999.0 -9999.0 -9999.0 -9999.0 -9999.0 -9999.0 -9999.0 -9999.0 -9999.0 -9999.0 -9999.0 -9999.0 -9999.0 -9999.0 -9999.0 -9999.0 -9999.0 -9999.0 -9999.0 -9999.0 -9999.0 -9999.0 -9999.0 -9999.0 -9999.0 -9999.0 -9999.0 -9999.0 -9999.0 -9999.0 -9999.0 -9999.0 -9999.0 -9999.0 -9999.0 -9999.0 -9999.0 -9999.0 -9999.0 -9999.0 -9999.0 -9999.0 -9999.0 -9999.0 -9999.0 -9999.0 -9999.0 -9999.0 -9999.0 -9999.0 -9999.0 -9999.0 -9999.0 -9999.0 -9999.0 -9999.0 -9999.0 -9999.0 -9999.0 -9999.0 -9999.0 -9999.0 -9999.0 -9999.0 -9999.0 -9999.0 -9999.0 -9999.0 -9999.0 -9999.0 -9999.0 -9999.0 -9999.0 -9999.0 -9999.0 -9999.0 -9999.0 -9999.0 -9999.0
-9999.0 -9999.0 -9999.0 -9999.0 -9999.0 -9999.0 -9999.0 -9999.0 -9999.0 -9999.0 -9999.0 -9999.0 -9999.0 -9999.0 -9999.0 -9999.0 -9999.0 -9999.0 -9999.0 -9999.0 -9999.0 -9999.0 -9999.0 -9999.0 -9999.0 -9999.0 -9999.0 -9999.0 -9999.0 -9999.0 -9999.0 -9999.0 -9999.0 -9999.0 -9999.0 -9999.0 -9999.0 -9999.0 -9999.0 -9999.0 -9999.0 -9999.0 -9999.0 -9999.0 -9999.0 -9999.0 -9999.0 -9999.0 -9999.0 -9999.0 -9999.0 -9999.0 -9999.0 -9999.0 -9999.0 -9999.0 -9999.0 -9999.0 -9999.0 -9999.0 -9999.0 -9999.0 -9999.0 -9999.0 -9999.0 -9999.0 -9999.0 -9999.0 -9999.0 -9999.0 -9999.0 -9999.0 -9999.0 -9999.0 -9999.0 -9999.0 -9999.0 -9999.0 -9999.0 -9999.0 -9999.0 -9999.0 -9999.0 -9999.0 -9999.0 -9999.0 -9999.0 -9999.0 -9999.0 -9999.0 -9999.0 -9999.0 -9999.0 -9999.0 -9999.0 -9999.0 -9999.0 -9999.0 -9999.0 -9999.0 -9999.0 -9999.0 -9999.0 -9999.0