inst/processing_geotop_simulation/geotop_simulation/out/maps3D/PwL0001N0311.asc
ncols         104
nrows         10
xllcorner     -2.000000
yllcorner     0.000000
cellsize      1.000000
NODATA_value  -9999.0
-9999.0 -9999.0 -9999.0 -9999.0 -9999.0 -9999.0 -9999.0 -9999.0 -9999.0 -9999.0 -9999.0 -9999.0 -9999.0 -9999.0 -9999.0 -9999.0 -9999.0 -9999.0 -9999.0 -9999.0 -9999.0 -9999.0 -9999.0 -9999.0 -9999.0 -9999.0 -9999.0 -9999.0 -9999.0 -9999.0 -9999.0 -9999.0 -9999.0 -9999.0 -9999.0 -9999.0 -9999.0 -9999.0 -9999.0 -9999.0 -9999.0 -9999.0 -9999.0 -9999.0 -9999.0 -9999.0 -9999.0 -9999.0 -9999.0 -9999.0 -9999.0 -9999.0 -9999.0 -9999.0 -9999.0 -9999.0 -9999.0 -9999.0 -9999.0 -9999.0 -9999.0 -9999.0 -9999.0 -9999.0 -9999.0 -9999.0 -9999.0 -9999.0 -9999.0 -9999.0 -9999.0 -9999.0 -9999.0 -9999.0 -9999.0 -9999.0 -9999.0 -9999.0 -9999.0 -9999.0 -9999.0 -9999.0 -9999.0 -9999.0 -9999.0 -9999.0 -9999.0 -9999.0 -9999.0 -9999.0 -9999.0 -9999.0 -9999.0 -9999.0 -9999.0 -9999.0 -9999.0 -9999.0 -9999.0 -9999.0 -9999.0 -9999.0 -9999.0 -9999.0
-9999.0 -9999.0 -9999.0 -9999.0 -9999.0 -9999.0 -9999.0 -9999.0 -9999.0 -9999.0 -9999.0 -9999.0 -9999.0 -9999.0 -9999.0 -9999.0 -9999.0 -9999.0 -9999.0 -9999.0 -9999.0 -9999.0 -9999.0 -9999.0 -9999.0 -9999.0 -9999.0 -9999.0 -9999.0 -9999.0 -9999.0 -9999.0 -9999.0 -9999.0 -9999.0 -9999.0 -9999.0 -9999.0 -9999.0 -9999.0 -9999.0 -9999.0 -9999.0 -9999.0 -9999.0 -9999.0 -9999.0 -9999.0 -9999.0 -9999.0 -9999.0 -9999.0 -9999.0 -9999.0 -9999.0 -9999.0 -9999.0 -9999.0 -9999.0 -9999.0 -9999.0 -9999.0 -9999.0 -9999.0 -9999.0 -9999.0 -9999.0 -9999.0 -9999.0 -9999.0 -9999.0 -9999.0 -9999.0 -9999.0 -9999.0 -9999.0 -9999.0 -9999.0 -9999.0 -9999.0 -9999.0 -9999.0 -9999.0 -9999.0 -9999.0 -9999.0 -9999.0 -9999.0 -9999.0 -9999.0 -9999.0 -9999.0 -9999.0 -9999.0 -9999.0 -9999.0 -9999.0 -9999.0 -9999.0 -9999.0 -9999.0 -9999.0 -9999.0 -9999.0
-9999.0 -9999.0 26.841089 -69.171460 -167.357754 -266.014380 -364.841745 -463.725752 -562.608652 -661.441168 -760.137651 -858.630598 -956.861713 -1054.743978 -1152.532671 -1250.165670 -1347.001323 -1442.533696 -1536.009651 -1626.219032 -1710.721325 -1785.873311 -1848.606380 -1897.958498 -1935.007212 -1961.904669 -1980.990272 -1994.316603 -2003.507142 -2009.779521 -2014.021270 -2016.867143 -2018.764003 -2020.021912 -2020.853542 -2021.405368 -2021.787310 -2022.128798 -2022.789184 -2025.007702 -2029.486014 -1987.315425 -1226.885443 -1223.484996 -1213.329819 -1206.739625 -1203.640831 -1203.164002 -1203.112810 -1203.118142 -1203.131738 -1203.146355 -1203.160407 -1203.173421 -1203.185508 -1203.199624 -1203.243438 -1203.532051 -1205.194609 -1208.885480 -1214.128668 -1210.238084 -1964.676705 -2023.665501 -2023.619213 -2022.773641 -2022.580669 -2022.547472 -2022.542633 -2022.542471 -2022.543001 -2022.543534 -2022.543963 -2022.544294 -2022.544548 -2022.544746 -2022.544903 -2022.545031 -2022.545138 -2022.545235 -2022.545331 -2022.545437 -2022.545572 -2022.545758 -2022.546034 -2022.546458 -2022.547126 -2022.548195 -2022.549939 -2022.552838 -2022.557769 -2022.566388 -2022.581909 -2022.610696 -2022.665597 -2022.773165 -2022.990666 -2023.450138 -2024.482802 -2027.007197 -2033.968220 -2056.917555 -9999.0 -9999.0
-9999.0 -9999.0 26.853199 -69.169450 -167.357253 -266.014234 -364.841698 -463.725736 -562.608647 -661.441166 -760.137650 -858.630597 -956.861713 -1054.743978 -1152.532671 -1250.165671 -1347.001323 -1442.533696 -1536.009651 -1626.219033 -1710.721325 -1785.873311 -1848.606380 -1897.958498 -1935.007212 -1961.904669 -1980.990272 -1994.316603 -2003.507143 -2009.779521 -2014.021270 -2016.867143 -2018.764003 -2020.021912 -2020.853542 -2021.405368 -2021.787310 -2022.128798 -2022.789184 -2025.007702 -2029.486014 -1987.315425 -1226.885443 -1223.484996 -1213.329819 -1206.739625 -1203.640831 -1203.164002 -1203.112810 -1203.118142 -1203.131738 -1203.146355 -1203.160407 -1203.173421 -1203.185508 -1203.199624 -1203.243438 -1203.532051 -1205.194609 -1208.885480 -1214.128668 -1210.238084 -1964.676705 -2023.665501 -2023.619213 -2022.773641 -2022.580669 -2022.547472 -2022.542633 -2022.542471 -2022.543001 -2022.543534 -2022.543963 -2022.544294 -2022.544548 -2022.544746 -2022.544903 -2022.545031 -2022.545138 -2022.545235 -2022.545331 -2022.545437 -2022.545572 -2022.545758 -2022.546034 -2022.546458 -2022.547126 -2022.548195 -2022.549939 -2022.552838 -2022.557769 -2022.566388 -2022.581909 -2022.610696 -2022.665597 -2022.773165 -2022.990666 -2023.450138 -2024.482802 -2027.007197 -2033.968220 -2056.917555 -9999.0 -9999.0
-9999.0 -9999.0 26.854317 -69.168646 -167.356937 -266.014120 -364.841658 -463.725721 -562.608641 -661.441164 -760.137649 -858.630597 -956.861713 -1054.743978 -1152.532671 -1250.165671 -1347.001323 -1442.533696 -1536.009651 -1626.219033 -1710.721325 -1785.873311 -1848.606380 -1897.958499 -1935.007212 -1961.904669 -1980.990272 -1994.316603 -2003.507143 -2009.779521 -2014.021270 -2016.867143 -2018.764003 -2020.021912 -2020.853542 -2021.405368 -2021.787310 -2022.128798 -2022.789184 -2025.007702 -2029.486014 -1987.315425 -1226.885443 -1223.484996 -1213.329819 -1206.739625 -1203.640831 -1203.164002 -1203.112810 -1203.118142 -1203.131738 -1203.146355 -1203.160407 -1203.173421 -1203.185508 -1203.199624 -1203.243438 -1203.532051 -1205.194609 -1208.885480 -1214.128668 -1210.238084 -1964.676705 -2023.665501 -2023.619213 -2022.773641 -2022.580669 -2022.547472 -2022.542633 -2022.542471 -2022.543001 -2022.543534 -2022.543963 -2022.544294 -2022.544548 -2022.544746 -2022.544903 -2022.545031 -2022.545138 -2022.545235 -2022.545331 -2022.545437 -2022.545572 -2022.545758 -2022.546034 -2022.546458 -2022.547126 -2022.548195 -2022.549939 -2022.552838 -2022.557769 -2022.566388 -2022.581909 -2022.610696 -2022.665597 -2022.773165 -2022.990666 -2023.450138 -2024.482802 -2027.007197 -2033.968220 -2056.917555 -9999.0 -9999.0
-9999.0 -9999.0 26.854317 -69.168646 -167.356937 -266.014120 -364.841658 -463.725721 -562.608641 -661.441164 -760.137649 -858.630597 -956.861713 -1054.743978 -1152.532671 -1250.165671 -1347.001323 -1442.533696 -1536.009651 -1626.219033 -1710.721325 -1785.873311 -1848.606380 -1897.958499 -1935.007212 -1961.904669 -1980.990272 -1994.316603 -2003.507143 -2009.779521 -2014.021270 -2016.867143 -2018.764003 -2020.021912 -2020.853542 -2021.405368 -2021.787310 -2022.128798 -2022.789184 -2025.007702 -2029.486014 -1987.315425 -1226.885443 -1223.484996 -1213.329819 -1206.739625 -1203.640831 -1203.164002 -1203.112810 -1203.118142 -1203.131738 -1203.146355 -1203.160407 -1203.173421 -1203.185508 -1203.199624 -1203.243438 -1203.532051 -1205.194609 -1208.885480 -1214.128668 -1210.238084 -1964.676705 -2023.665501 -2023.619213 -2022.773641 -2022.580669 -2022.547472 -2022.542633 -2022.542471 -2022.543001 -2022.543534 -2022.543963 -2022.544294 -2022.544548 -2022.544746 -2022.544903 -2022.545031 -2022.545138 -2022.545235 -2022.545331 -2022.545437 -2022.545572 -2022.545758 -2022.546034 -2022.546458 -2022.547126 -2022.548195 -2022.549939 -2022.552838 -2022.557769 -2022.566388 -2022.581909 -2022.610696 -2022.665597 -2022.773165 -2022.990666 -2023.450138 -2024.482802 -2027.007197 -2033.968220 -2056.917555 -9999.0 -9999.0
-9999.0 -9999.0 26.853199 -69.169450 -167.357253 -266.014234 -364.841699 -463.725736 -562.608647 -661.441166 -760.137650 -858.630597 -956.861713 -1054.743978 -1152.532671 -1250.165671 -1347.001323 -1442.533696 -1536.009651 -1626.219033 -1710.721325 -1785.873311 -1848.606380 -1897.958498 -1935.007212 -1961.904669 -1980.990272 -1994.316603 -2003.507143 -2009.779521 -2014.021270 -2016.867143 -2018.764003 -2020.021912 -2020.853542 -2021.405368 -2021.787310 -2022.128798 -2022.789184 -2025.007702 -2029.486014 -1987.315425 -1226.885443 -1223.484996 -1213.329819 -1206.739625 -1203.640831 -1203.164002 -1203.112810 -1203.118142 -1203.131738 -1203.146355 -1203.160407 -1203.173421 -1203.185508 -1203.199624 -1203.243438 -1203.532051 -1205.194609 -1208.885480 -1214.128668 -1210.238084 -1964.676705 -2023.665501 -2023.619213 -2022.773641 -2022.580669 -2022.547472 -2022.542633 -2022.542471 -2022.543001 -2022.543534 -2022.543963 -2022.544294 -2022.544548 -2022.544746 -2022.544903 -2022.545031 -2022.545138 -2022.545235 -2022.545331 -2022.545437 -2022.545572 -2022.545758 -2022.546034 -2022.546458 -2022.547126 -2022.548195 -2022.549939 -2022.552838 -2022.557769 -2022.566388 -2022.581909 -2022.610696 -2022.665597 -2022.773165 -2022.990666 -2023.450138 -2024.482802 -2027.007197 -2033.968220 -2056.917555 -9999.0 -9999.0
-9999.0 -9999.0 26.841089 -69.171460 -167.357754 -266.014380 -364.841745 -463.725752 -562.608652 -661.441168 -760.137651 -858.630598 -956.861713 -1054.743978 -1152.532671 -1250.165670 -1347.001323 -1442.533696 -1536.009651 -1626.219032 -1710.721325 -1785.873311 -1848.606380 -1897.958498 -1935.007212 -1961.904669 -1980.990272 -1994.316603 -2003.507142 -2009.779521 -2014.021270 -2016.867143 -2018.764003 -2020.021912 -2020.853542 -2021.405368 -2021.787310 -2022.128798 -2022.789184 -2025.007702 -2029.486014 -1987.315425 -1226.885443 -1223.484996 -1213.329819 -1206.739625 -1203.640831 -1203.164002 -1203.112810 -1203.118142 -1203.131738 -1203.146355 -1203.160407 -1203.173421 -1203.185508 -1203.199624 -1203.243438 -1203.532051 -1205.194609 -1208.885480 -1214.128668 -1210.238084 -1964.676705 -2023.665501 -2023.619213 -2022.773641 -2022.580669 -2022.547472 -2022.542633 -2022.542471 -2022.543001 -2022.543534 -2022.543963 -2022.544294 -2022.544548 -2022.544746 -2022.544903 -2022.545031 -2022.545138 -2022.545235 -2022.545331 -2022.545437 -2022.545572 -2022.545758 -2022.546034 -2022.546458 -2022.547126 -2022.548195 -2022.549939 -2022.552838 -2022.557769 -2022.566388 -2022.581909 -2022.610696 -2022.665597 -2022.773165 -2022.990666 -2023.450138 -2024.482802 -2027.007197 -2033.968220 -2056.917555 -9999.0 -9999.0
-9999.0 -9999.0 -9999.0 -9999.0 -9999.0 -9999.0 -9999.0 -9999.0 -9999.0 -9999.0 -9999.0 -9999.0 -9999.0 -9999.0 -9999.0 -9999.0 -9999.0 -9999.0 -9999.0 -9999.0 -9999.0 -9999.0 -9999.0 -9999.0 -9999.0 -9999.0 -9999.0 -9999.0 -9999.0 -9999.0 -9999.0 -9999.0 -9999.0 -9999.0 -9999.0 -9999.0 -9999.0 -9999.0 -9999.0 -9999.0 -9999.0 -9999.0 -9999.0 -9999.0 -9999.0 -9999.0 -9999.0 -9999.0 -9999.0 -9999.0 -9999.0 -9999.0 -9999.0 -9999.0 -9999.0 -9999.0 -9999.0 -9999.0 -9999.0 -9999.0 -9999.0 -9999.0 -9999.0 -9999.0 -9999.0 -9999.0 -9999.0 -9999.0 -9999.0 -9999.0 -9999.0 -9999.0 -9999.0 -9999.0 -9999.0 -9999.0 -9999.0 -9999.0 -9999.0 -9999.0 -9999.0 -9999.0 -9999.0 -9999.0 -9999.0 -9999.0 -9999.0 -9999.0 -9999.0 -9999.0 -9999.0 -9999.0 -9999.0 -9999.0 -9999.0 -9999.0 -9999.0 -9999.0 -9999.0 -9999.0 -9999.0 -9999.0 -9999.0 -9999.0
-9999.0 -9999.0 -9999.0 -9999.0 -9999.0 -9999.0 -9999.0 -9999.0 -9999.0 -9999.0 -9999.0 -9999.0 -9999.0 -9999.0 -9999.0 -9999.0 -9999.0 -9999.0 -9999.0 -9999.0 -9999.0 -9999.0 -9999.0 -9999.0 -9999.0 -9999.0 -9999.0 -9999.0 -9999.0 -9999.0 -9999.0 -9999.0 -9999.0 -9999.0 -9999.0 -9999.0 -9999.0 -9999.0 -9999.0 -9999.0 -9999.0 -9999.0 -9999.0 -9999.0 -9999.0 -9999.0 -9999.0 -9999.0 -9999.0 -9999.0 -9999.0 -9999.0 -9999.0 -9999.0 -9999.0 -9999.0 -9999.0 -9999.0 -9999.0 -9999.0 -9999.0 -9999.0 -9999.0 -9999.0 -9999.0 -9999.0 -9999.0 -9999.0 -9999.0 -9999.0 -9999.0 -9999.0 -9999.0 -9999.0 -9999.0 -9999.0 -9999.0 -9999.0 -9999.0 -9999.0 -9999.0 -9999.0 -9999.0 -9999.0 -9999.0 -9999.0 -9999.0 -9999.0 -9999.0 -9999.0 -9999.0 -9999.0 -9999.0 -9999.0 -9999.0 -9999.0 -9999.0 -9999.0 -9999.0 -9999.0 -9999.0 -9999.0 -9999.0 -9999.0