inst/processing_geotop_simulation/geotop_simulation/out/maps3D/PwL0018N0107.asc
ncols         104
nrows         10
xllcorner     -2.000000
yllcorner     0.000000
cellsize      1.000000
NODATA_value  -9999.0
-9999.0 -9999.0 -9999.0 -9999.0 -9999.0 -9999.0 -9999.0 -9999.0 -9999.0 -9999.0 -9999.0 -9999.0 -9999.0 -9999.0 -9999.0 -9999.0 -9999.0 -9999.0 -9999.0 -9999.0 -9999.0 -9999.0 -9999.0 -9999.0 -9999.0 -9999.0 -9999.0 -9999.0 -9999.0 -9999.0 -9999.0 -9999.0 -9999.0 -9999.0 -9999.0 -9999.0 -9999.0 -9999.0 -9999.0 -9999.0 -9999.0 -9999.0 -9999.0 -9999.0 -9999.0 -9999.0 -9999.0 -9999.0 -9999.0 -9999.0 -9999.0 -9999.0 -9999.0 -9999.0 -9999.0 -9999.0 -9999.0 -9999.0 -9999.0 -9999.0 -9999.0 -9999.0 -9999.0 -9999.0 -9999.0 -9999.0 -9999.0 -9999.0 -9999.0 -9999.0 -9999.0 -9999.0 -9999.0 -9999.0 -9999.0 -9999.0 -9999.0 -9999.0 -9999.0 -9999.0 -9999.0 -9999.0 -9999.0 -9999.0 -9999.0 -9999.0 -9999.0 -9999.0 -9999.0 -9999.0 -9999.0 -9999.0 -9999.0 -9999.0 -9999.0 -9999.0 -9999.0 -9999.0 -9999.0 -9999.0 -9999.0 -9999.0 -9999.0 -9999.0
-9999.0 -9999.0 -9999.0 -9999.0 -9999.0 -9999.0 -9999.0 -9999.0 -9999.0 -9999.0 -9999.0 -9999.0 -9999.0 -9999.0 -9999.0 -9999.0 -9999.0 -9999.0 -9999.0 -9999.0 -9999.0 -9999.0 -9999.0 -9999.0 -9999.0 -9999.0 -9999.0 -9999.0 -9999.0 -9999.0 -9999.0 -9999.0 -9999.0 -9999.0 -9999.0 -9999.0 -9999.0 -9999.0 -9999.0 -9999.0 -9999.0 -9999.0 -9999.0 -9999.0 -9999.0 -9999.0 -9999.0 -9999.0 -9999.0 -9999.0 -9999.0 -9999.0 -9999.0 -9999.0 -9999.0 -9999.0 -9999.0 -9999.0 -9999.0 -9999.0 -9999.0 -9999.0 -9999.0 -9999.0 -9999.0 -9999.0 -9999.0 -9999.0 -9999.0 -9999.0 -9999.0 -9999.0 -9999.0 -9999.0 -9999.0 -9999.0 -9999.0 -9999.0 -9999.0 -9999.0 -9999.0 -9999.0 -9999.0 -9999.0 -9999.0 -9999.0 -9999.0 -9999.0 -9999.0 -9999.0 -9999.0 -9999.0 -9999.0 -9999.0 -9999.0 -9999.0 -9999.0 -9999.0 -9999.0 -9999.0 -9999.0 -9999.0 -9999.0 -9999.0
-9999.0 -9999.0 890.462747 798.529247 705.676330 611.765159 517.299829 422.590415 327.804047 233.030626 138.317854 43.688000 -50.826135 -145.205122 -239.525494 -334.064480 -429.351595 -526.059747 -624.775746 -722.559644 -816.402745 -907.129161 -992.129247 -1044.841633 -1077.354000 -1095.362855 -1104.537375 -1108.889814 -1110.805952 -1111.568877 -1111.828732 -1111.894382 -1111.901970 -1111.904163 -1111.915988 -1111.939730 -1111.982476 -1112.076129 -1112.367166 -1114.048947 -1125.899090 -1223.254151 -2067.940938 -4075.226742 -4084.158153 -4084.158416 -4084.158416 -4084.158415 -4084.158410 -4084.158387 -4084.158311 -4084.158050 -4084.157547 -4084.156820 -4084.155493 -4084.152652 -4084.145700 -4084.126656 -4084.069100 -4083.879526 -4068.286302 -1934.470951 -1190.909166 -1121.460215 -1113.377947 -1112.429188 -1112.301399 -1112.281352 -1112.279280 -1112.280468 -1112.281995 -1112.283285 -1112.284281 -1112.285037 -1112.285615 -1112.286064 -1112.286419 -1112.286706 -1112.286945 -1112.287156 -1112.287361 -1112.287587 -1112.287869 -1112.288260 -1112.288837 -1112.289721 -1112.291111 -1112.293328 -1112.296920 -1112.302833 -1112.312768 -1112.329882 -1112.360235 -1112.415724 -1112.520098 -1112.721345 -1113.118782 -1113.930292 -1115.683311 -1119.779516 -1130.070794 -1157.651804 -9999.0 -9999.0
-9999.0 -9999.0 890.466661 798.530689 705.676793 611.765309 517.299879 422.590432 327.804052 233.030628 138.317855 43.688001 -50.826135 -145.205122 -239.525494 -334.064480 -429.351595 -526.059747 -624.775746 -722.559644 -816.402745 -907.129161 -992.129247 -1044.841633 -1077.354000 -1095.362855 -1104.537375 -1108.889814 -1110.805952 -1111.568877 -1111.828732 -1111.894382 -1111.901970 -1111.904163 -1111.915988 -1111.939730 -1111.982476 -1112.076129 -1112.367166 -1114.048947 -1125.899090 -1223.254151 -2067.940938 -4075.226742 -4084.158153 -4084.158416 -4084.158416 -4084.158415 -4084.158410 -4084.158387 -4084.158311 -4084.158050 -4084.157547 -4084.156820 -4084.155493 -4084.152652 -4084.145700 -4084.126656 -4084.069100 -4083.879526 -4068.286302 -1934.470951 -1190.909166 -1121.460215 -1113.377947 -1112.429188 -1112.301399 -1112.281352 -1112.279280 -1112.280468 -1112.281995 -1112.283285 -1112.284281 -1112.285037 -1112.285615 -1112.286064 -1112.286419 -1112.286706 -1112.286945 -1112.287156 -1112.287361 -1112.287587 -1112.287869 -1112.288260 -1112.288837 -1112.289721 -1112.291111 -1112.293328 -1112.296920 -1112.302833 -1112.312768 -1112.329882 -1112.360235 -1112.415724 -1112.520098 -1112.721345 -1113.118782 -1113.930292 -1115.683311 -1119.779516 -1130.070794 -1157.651804 -9999.0 -9999.0
-9999.0 -9999.0 890.468072 798.531443 705.677110 611.765429 517.299923 422.590448 327.804058 233.030630 138.317855 43.688001 -50.826135 -145.205122 -239.525494 -334.064480 -429.351595 -526.059747 -624.775746 -722.559644 -816.402745 -907.129161 -992.129247 -1044.841633 -1077.354000 -1095.362855 -1104.537375 -1108.889814 -1110.805952 -1111.568877 -1111.828732 -1111.894382 -1111.901970 -1111.904163 -1111.915988 -1111.939730 -1111.982476 -1112.076129 -1112.367166 -1114.048947 -1125.899090 -1223.254151 -2067.940938 -4075.226742 -4084.158153 -4084.158416 -4084.158416 -4084.158415 -4084.158410 -4084.158387 -4084.158311 -4084.158050 -4084.157547 -4084.156820 -4084.155493 -4084.152652 -4084.145700 -4084.126656 -4084.069100 -4083.879526 -4068.286302 -1934.470951 -1190.909166 -1121.460215 -1113.377947 -1112.429188 -1112.301399 -1112.281352 -1112.279280 -1112.280468 -1112.281995 -1112.283285 -1112.284281 -1112.285037 -1112.285615 -1112.286064 -1112.286419 -1112.286706 -1112.286945 -1112.287156 -1112.287361 -1112.287587 -1112.287869 -1112.288260 -1112.288837 -1112.289721 -1112.291111 -1112.293328 -1112.296920 -1112.302833 -1112.312768 -1112.329882 -1112.360235 -1112.415724 -1112.520098 -1112.721345 -1113.118782 -1113.930292 -1115.683311 -1119.779516 -1130.070794 -1157.651804 -9999.0 -9999.0
-9999.0 -9999.0 890.468072 798.531443 705.677110 611.765429 517.299923 422.590448 327.804058 233.030630 138.317855 43.688001 -50.826135 -145.205122 -239.525494 -334.064480 -429.351595 -526.059747 -624.775746 -722.559644 -816.402745 -907.129161 -992.129247 -1044.841633 -1077.354000 -1095.362855 -1104.537375 -1108.889814 -1110.805952 -1111.568877 -1111.828732 -1111.894382 -1111.901970 -1111.904163 -1111.915988 -1111.939730 -1111.982476 -1112.076129 -1112.367166 -1114.048947 -1125.899090 -1223.254151 -2067.940938 -4075.226742 -4084.158153 -4084.158416 -4084.158416 -4084.158415 -4084.158410 -4084.158387 -4084.158311 -4084.158050 -4084.157547 -4084.156820 -4084.155493 -4084.152652 -4084.145700 -4084.126656 -4084.069100 -4083.879526 -4068.286302 -1934.470951 -1190.909166 -1121.460215 -1113.377947 -1112.429188 -1112.301399 -1112.281352 -1112.279280 -1112.280468 -1112.281995 -1112.283285 -1112.284281 -1112.285037 -1112.285615 -1112.286064 -1112.286419 -1112.286706 -1112.286945 -1112.287156 -1112.287361 -1112.287587 -1112.287869 -1112.288260 -1112.288837 -1112.289721 -1112.291111 -1112.293328 -1112.296920 -1112.302833 -1112.312768 -1112.329882 -1112.360235 -1112.415724 -1112.520098 -1112.721345 -1113.118782 -1113.930292 -1115.683311 -1119.779516 -1130.070794 -1157.651804 -9999.0 -9999.0
-9999.0 -9999.0 890.466661 798.530689 705.676793 611.765309 517.299879 422.590432 327.804053 233.030628 138.317855 43.688000 -50.826135 -145.205122 -239.525494 -334.064480 -429.351595 -526.059747 -624.775746 -722.559644 -816.402745 -907.129161 -992.129247 -1044.841633 -1077.354000 -1095.362855 -1104.537375 -1108.889814 -1110.805952 -1111.568877 -1111.828732 -1111.894382 -1111.901970 -1111.904163 -1111.915988 -1111.939730 -1111.982476 -1112.076129 -1112.367166 -1114.048947 -1125.899090 -1223.254151 -2067.940938 -4075.226742 -4084.158153 -4084.158416 -4084.158416 -4084.158415 -4084.158410 -4084.158387 -4084.158311 -4084.158050 -4084.157547 -4084.156820 -4084.155493 -4084.152652 -4084.145700 -4084.126656 -4084.069100 -4083.879526 -4068.286302 -1934.470951 -1190.909166 -1121.460215 -1113.377947 -1112.429188 -1112.301399 -1112.281352 -1112.279280 -1112.280468 -1112.281995 -1112.283285 -1112.284281 -1112.285037 -1112.285615 -1112.286064 -1112.286419 -1112.286706 -1112.286945 -1112.287156 -1112.287361 -1112.287587 -1112.287869 -1112.288260 -1112.288837 -1112.289721 -1112.291111 -1112.293328 -1112.296920 -1112.302833 -1112.312768 -1112.329882 -1112.360235 -1112.415724 -1112.520098 -1112.721345 -1113.118782 -1113.930292 -1115.683311 -1119.779516 -1130.070794 -1157.651804 -9999.0 -9999.0
-9999.0 -9999.0 890.462747 798.529247 705.676330 611.765159 517.299829 422.590415 327.804047 233.030626 138.317854 43.688000 -50.826135 -145.205122 -239.525494 -334.064480 -429.351595 -526.059747 -624.775746 -722.559644 -816.402745 -907.129161 -992.129247 -1044.841633 -1077.354000 -1095.362855 -1104.537375 -1108.889814 -1110.805952 -1111.568877 -1111.828732 -1111.894382 -1111.901970 -1111.904163 -1111.915988 -1111.939730 -1111.982476 -1112.076129 -1112.367166 -1114.048947 -1125.899090 -1223.254151 -2067.940938 -4075.226742 -4084.158153 -4084.158416 -4084.158416 -4084.158415 -4084.158410 -4084.158387 -4084.158311 -4084.158050 -4084.157547 -4084.156820 -4084.155493 -4084.152652 -4084.145700 -4084.126656 -4084.069100 -4083.879526 -4068.286302 -1934.470951 -1190.909166 -1121.460215 -1113.377947 -1112.429188 -1112.301399 -1112.281352 -1112.279280 -1112.280468 -1112.281995 -1112.283285 -1112.284281 -1112.285037 -1112.285615 -1112.286064 -1112.286419 -1112.286706 -1112.286945 -1112.287156 -1112.287361 -1112.287587 -1112.287869 -1112.288260 -1112.288837 -1112.289721 -1112.291111 -1112.293328 -1112.296920 -1112.302833 -1112.312768 -1112.329882 -1112.360235 -1112.415724 -1112.520098 -1112.721345 -1113.118782 -1113.930292 -1115.683311 -1119.779516 -1130.070794 -1157.651804 -9999.0 -9999.0
-9999.0 -9999.0 -9999.0 -9999.0 -9999.0 -9999.0 -9999.0 -9999.0 -9999.0 -9999.0 -9999.0 -9999.0 -9999.0 -9999.0 -9999.0 -9999.0 -9999.0 -9999.0 -9999.0 -9999.0 -9999.0 -9999.0 -9999.0 -9999.0 -9999.0 -9999.0 -9999.0 -9999.0 -9999.0 -9999.0 -9999.0 -9999.0 -9999.0 -9999.0 -9999.0 -9999.0 -9999.0 -9999.0 -9999.0 -9999.0 -9999.0 -9999.0 -9999.0 -9999.0 -9999.0 -9999.0 -9999.0 -9999.0 -9999.0 -9999.0 -9999.0 -9999.0 -9999.0 -9999.0 -9999.0 -9999.0 -9999.0 -9999.0 -9999.0 -9999.0 -9999.0 -9999.0 -9999.0 -9999.0 -9999.0 -9999.0 -9999.0 -9999.0 -9999.0 -9999.0 -9999.0 -9999.0 -9999.0 -9999.0 -9999.0 -9999.0 -9999.0 -9999.0 -9999.0 -9999.0 -9999.0 -9999.0 -9999.0 -9999.0 -9999.0 -9999.0 -9999.0 -9999.0 -9999.0 -9999.0 -9999.0 -9999.0 -9999.0 -9999.0 -9999.0 -9999.0 -9999.0 -9999.0 -9999.0 -9999.0 -9999.0 -9999.0 -9999.0 -9999.0
-9999.0 -9999.0 -9999.0 -9999.0 -9999.0 -9999.0 -9999.0 -9999.0 -9999.0 -9999.0 -9999.0 -9999.0 -9999.0 -9999.0 -9999.0 -9999.0 -9999.0 -9999.0 -9999.0 -9999.0 -9999.0 -9999.0 -9999.0 -9999.0 -9999.0 -9999.0 -9999.0 -9999.0 -9999.0 -9999.0 -9999.0 -9999.0 -9999.0 -9999.0 -9999.0 -9999.0 -9999.0 -9999.0 -9999.0 -9999.0 -9999.0 -9999.0 -9999.0 -9999.0 -9999.0 -9999.0 -9999.0 -9999.0 -9999.0 -9999.0 -9999.0 -9999.0 -9999.0 -9999.0 -9999.0 -9999.0 -9999.0 -9999.0 -9999.0 -9999.0 -9999.0 -9999.0 -9999.0 -9999.0 -9999.0 -9999.0 -9999.0 -9999.0 -9999.0 -9999.0 -9999.0 -9999.0 -9999.0 -9999.0 -9999.0 -9999.0 -9999.0 -9999.0 -9999.0 -9999.0 -9999.0 -9999.0 -9999.0 -9999.0 -9999.0 -9999.0 -9999.0 -9999.0 -9999.0 -9999.0 -9999.0 -9999.0 -9999.0 -9999.0 -9999.0 -9999.0 -9999.0 -9999.0 -9999.0 -9999.0 -9999.0 -9999.0 -9999.0 -9999.0