inst/processing_geotop_simulation/geotop_simulation/out/maps3D/PwL0006N0003.asc
ncols         104
nrows         10
xllcorner     -2.000000
yllcorner     0.000000
cellsize      1.000000
NODATA_value  -9999.0
-9999.0 -9999.0 -9999.0 -9999.0 -9999.0 -9999.0 -9999.0 -9999.0 -9999.0 -9999.0 -9999.0 -9999.0 -9999.0 -9999.0 -9999.0 -9999.0 -9999.0 -9999.0 -9999.0 -9999.0 -9999.0 -9999.0 -9999.0 -9999.0 -9999.0 -9999.0 -9999.0 -9999.0 -9999.0 -9999.0 -9999.0 -9999.0 -9999.0 -9999.0 -9999.0 -9999.0 -9999.0 -9999.0 -9999.0 -9999.0 -9999.0 -9999.0 -9999.0 -9999.0 -9999.0 -9999.0 -9999.0 -9999.0 -9999.0 -9999.0 -9999.0 -9999.0 -9999.0 -9999.0 -9999.0 -9999.0 -9999.0 -9999.0 -9999.0 -9999.0 -9999.0 -9999.0 -9999.0 -9999.0 -9999.0 -9999.0 -9999.0 -9999.0 -9999.0 -9999.0 -9999.0 -9999.0 -9999.0 -9999.0 -9999.0 -9999.0 -9999.0 -9999.0 -9999.0 -9999.0 -9999.0 -9999.0 -9999.0 -9999.0 -9999.0 -9999.0 -9999.0 -9999.0 -9999.0 -9999.0 -9999.0 -9999.0 -9999.0 -9999.0 -9999.0 -9999.0 -9999.0 -9999.0 -9999.0 -9999.0 -9999.0 -9999.0 -9999.0 -9999.0
-9999.0 -9999.0 -9999.0 -9999.0 -9999.0 -9999.0 -9999.0 -9999.0 -9999.0 -9999.0 -9999.0 -9999.0 -9999.0 -9999.0 -9999.0 -9999.0 -9999.0 -9999.0 -9999.0 -9999.0 -9999.0 -9999.0 -9999.0 -9999.0 -9999.0 -9999.0 -9999.0 -9999.0 -9999.0 -9999.0 -9999.0 -9999.0 -9999.0 -9999.0 -9999.0 -9999.0 -9999.0 -9999.0 -9999.0 -9999.0 -9999.0 -9999.0 -9999.0 -9999.0 -9999.0 -9999.0 -9999.0 -9999.0 -9999.0 -9999.0 -9999.0 -9999.0 -9999.0 -9999.0 -9999.0 -9999.0 -9999.0 -9999.0 -9999.0 -9999.0 -9999.0 -9999.0 -9999.0 -9999.0 -9999.0 -9999.0 -9999.0 -9999.0 -9999.0 -9999.0 -9999.0 -9999.0 -9999.0 -9999.0 -9999.0 -9999.0 -9999.0 -9999.0 -9999.0 -9999.0 -9999.0 -9999.0 -9999.0 -9999.0 -9999.0 -9999.0 -9999.0 -9999.0 -9999.0 -9999.0 -9999.0 -9999.0 -9999.0 -9999.0 -9999.0 -9999.0 -9999.0 -9999.0 -9999.0 -9999.0 -9999.0 -9999.0 -9999.0 -9999.0
-9999.0 -9999.0 277.151421 208.494022 148.020514 96.193704 54.010014 21.547547 -1.920822 -26.062958 -171.876198 -353.610139 -757.723233 -1230.891516 -993.316945 -528.582966 -198.445075 -66.243594 -73.183812 -77.168840 -79.565598 -80.945166 -81.636713 -81.830098 -81.622117 -81.042327 -80.066508 -78.621481 -76.583253 -73.769545 -69.927528 -64.718666 -57.706668 -48.367368 -36.173526 -20.873567 -3.095083 14.967124 29.748367 44.551448 58.103230 63.950245 -4678.078506 -4678.217822 -4678.217822 -4678.217822 -4678.217822 -4678.217822 -4678.217822 -4678.217822 -4678.217822 -4678.217822 -4678.217822 -4678.217822 -4678.217822 -4678.217822 -4678.217822 -4678.217822 -4678.217822 -4678.217822 -4678.217822 -4678.054657 170.701518 108.362713 56.837004 16.180162 -13.726029 -35.174297 -50.441275 -61.356355 -69.222487 -74.945564 -79.157796 -82.305256 -84.706951 -86.594771 -88.140943 -89.477249 -90.708779 -91.924050 -93.202789 -94.622264 -96.262918 -98.213923 -100.579325 -103.485594 -107.091675 -111.603219 -117.293591 -124.535926 -133.853356 -145.999983 -162.095649 -183.859827 -214.041001 -257.269824 -321.954768 -425.206260 -607.952278 -989.243152 -1928.327266 -3648.863691 -9999.0 -9999.0
-9999.0 -9999.0 277.293541 208.541201 148.036842 96.199727 54.012286 21.548364 -1.920523 -26.062846 -171.876101 -353.610113 -757.723218 -1230.891512 -993.316942 -528.582967 -198.445075 -66.243595 -73.183813 -77.168841 -79.565599 -80.945167 -81.636714 -81.830098 -81.622117 -81.042328 -80.066509 -78.621481 -76.583254 -73.769545 -69.927528 -64.718666 -57.706668 -48.367368 -36.173525 -20.873567 -3.095083 14.967124 29.748367 44.551449 58.103230 63.950245 -4678.078506 -4678.217822 -4678.217822 -4678.217822 -4678.217822 -4678.217822 -4678.217822 -4678.217822 -4678.217822 -4678.217822 -4678.217822 -4678.217822 -4678.217822 -4678.217822 -4678.217822 -4678.217822 -4678.217822 -4678.217822 -4678.217822 -4678.054657 170.701518 108.362713 56.837004 16.180162 -13.726029 -35.174297 -50.441275 -61.356355 -69.222487 -74.945564 -79.157795 -82.305256 -84.706951 -86.594771 -88.140943 -89.477249 -90.708778 -91.924050 -93.202789 -94.622264 -96.262917 -98.213922 -100.579324 -103.485593 -107.091674 -111.603217 -117.293590 -124.535923 -133.853355 -145.999983 -162.095648 -183.859824 -214.040998 -257.269825 -321.954769 -425.206264 -607.952275 -989.243149 -1928.327240 -3648.863674 -9999.0 -9999.0
-9999.0 -9999.0 277.321072 208.562354 148.047561 96.204530 54.014294 21.549127 -1.920236 -26.062737 -171.876005 -353.610086 -757.723206 -1230.891504 -993.316942 -528.582966 -198.445076 -66.243595 -73.183813 -77.168841 -79.565599 -80.945167 -81.636714 -81.830098 -81.622117 -81.042328 -80.066509 -78.621481 -76.583254 -73.769545 -69.927528 -64.718666 -57.706668 -48.367368 -36.173525 -20.873567 -3.095083 14.967124 29.748367 44.551449 58.103230 63.950246 -4678.078506 -4678.217822 -4678.217822 -4678.217822 -4678.217822 -4678.217822 -4678.217822 -4678.217822 -4678.217822 -4678.217822 -4678.217822 -4678.217822 -4678.217822 -4678.217822 -4678.217822 -4678.217822 -4678.217822 -4678.217822 -4678.217822 -4678.054657 170.701518 108.362713 56.837005 16.180162 -13.726029 -35.174297 -50.441275 -61.356355 -69.222487 -74.945564 -79.157795 -82.305256 -84.706951 -86.594771 -88.140943 -89.477249 -90.708778 -91.924050 -93.202789 -94.622263 -96.262917 -98.213921 -100.579324 -103.485593 -107.091674 -111.603216 -117.293589 -124.535923 -133.853355 -145.999984 -162.095648 -183.859823 -214.041000 -257.269823 -321.954767 -425.206263 -607.952276 -989.243146 -1928.327227 -3648.863643 -9999.0 -9999.0
-9999.0 -9999.0 277.321072 208.562354 148.047561 96.204530 54.014294 21.549127 -1.920236 -26.062738 -171.876005 -353.610087 -757.723206 -1230.891505 -993.316941 -528.582966 -198.445076 -66.243595 -73.183813 -77.168841 -79.565599 -80.945167 -81.636714 -81.830098 -81.622117 -81.042328 -80.066509 -78.621481 -76.583254 -73.769545 -69.927528 -64.718666 -57.706668 -48.367368 -36.173525 -20.873567 -3.095083 14.967124 29.748367 44.551449 58.103230 63.950246 -4678.078506 -4678.217822 -4678.217822 -4678.217822 -4678.217822 -4678.217822 -4678.217822 -4678.217822 -4678.217822 -4678.217822 -4678.217822 -4678.217822 -4678.217822 -4678.217822 -4678.217822 -4678.217822 -4678.217822 -4678.217822 -4678.217822 -4678.054657 170.701518 108.362713 56.837005 16.180162 -13.726029 -35.174297 -50.441275 -61.356355 -69.222487 -74.945564 -79.157795 -82.305256 -84.706951 -86.594771 -88.140943 -89.477249 -90.708778 -91.924050 -93.202789 -94.622263 -96.262917 -98.213921 -100.579324 -103.485593 -107.091674 -111.603216 -117.293589 -124.535923 -133.853355 -145.999984 -162.095648 -183.859823 -214.040999 -257.269824 -321.954766 -425.206264 -607.952275 -989.243146 -1928.327229 -3648.863640 -9999.0 -9999.0
-9999.0 -9999.0 277.293541 208.541201 148.036842 96.199727 54.012286 21.548364 -1.920523 -26.062846 -171.876101 -353.610113 -757.723219 -1230.891511 -993.316943 -528.582967 -198.445075 -66.243595 -73.183813 -77.168841 -79.565599 -80.945167 -81.636714 -81.830098 -81.622117 -81.042328 -80.066509 -78.621481 -76.583254 -73.769545 -69.927528 -64.718666 -57.706668 -48.367368 -36.173525 -20.873567 -3.095083 14.967124 29.748367 44.551449 58.103230 63.950245 -4678.078506 -4678.217822 -4678.217822 -4678.217822 -4678.217822 -4678.217822 -4678.217822 -4678.217822 -4678.217822 -4678.217822 -4678.217822 -4678.217822 -4678.217822 -4678.217822 -4678.217822 -4678.217822 -4678.217822 -4678.217822 -4678.217822 -4678.054657 170.701518 108.362713 56.837004 16.180162 -13.726029 -35.174297 -50.441275 -61.356355 -69.222487 -74.945564 -79.157795 -82.305256 -84.706951 -86.594771 -88.140943 -89.477249 -90.708778 -91.924050 -93.202789 -94.622264 -96.262917 -98.213922 -100.579324 -103.485593 -107.091674 -111.603217 -117.293590 -124.535923 -133.853355 -145.999983 -162.095649 -183.859824 -214.040999 -257.269824 -321.954769 -425.206263 -607.952276 -989.243148 -1928.327238 -3648.863677 -9999.0 -9999.0
-9999.0 -9999.0 277.151421 208.494022 148.020514 96.193704 54.010014 21.547547 -1.920822 -26.062958 -171.876197 -353.610140 -757.723232 -1230.891517 -993.316945 -528.582966 -198.445075 -66.243594 -73.183812 -77.168840 -79.565598 -80.945166 -81.636713 -81.830098 -81.622117 -81.042327 -80.066508 -78.621481 -76.583253 -73.769545 -69.927528 -64.718666 -57.706668 -48.367368 -36.173526 -20.873567 -3.095083 14.967124 29.748367 44.551448 58.103230 63.950245 -4678.078506 -4678.217822 -4678.217822 -4678.217822 -4678.217822 -4678.217822 -4678.217822 -4678.217822 -4678.217822 -4678.217822 -4678.217822 -4678.217822 -4678.217822 -4678.217822 -4678.217822 -4678.217822 -4678.217822 -4678.217822 -4678.217822 -4678.054657 170.701518 108.362713 56.837004 16.180162 -13.726029 -35.174297 -50.441275 -61.356355 -69.222487 -74.945564 -79.157796 -82.305256 -84.706951 -86.594771 -88.140943 -89.477249 -90.708779 -91.924050 -93.202789 -94.622264 -96.262918 -98.213923 -100.579325 -103.485594 -107.091675 -111.603219 -117.293591 -124.535926 -133.853356 -145.999983 -162.095649 -183.859828 -214.041001 -257.269824 -321.954767 -425.206261 -607.952277 -989.243152 -1928.327268 -3648.863688 -9999.0 -9999.0
-9999.0 -9999.0 -9999.0 -9999.0 -9999.0 -9999.0 -9999.0 -9999.0 -9999.0 -9999.0 -9999.0 -9999.0 -9999.0 -9999.0 -9999.0 -9999.0 -9999.0 -9999.0 -9999.0 -9999.0 -9999.0 -9999.0 -9999.0 -9999.0 -9999.0 -9999.0 -9999.0 -9999.0 -9999.0 -9999.0 -9999.0 -9999.0 -9999.0 -9999.0 -9999.0 -9999.0 -9999.0 -9999.0 -9999.0 -9999.0 -9999.0 -9999.0 -9999.0 -9999.0 -9999.0 -9999.0 -9999.0 -9999.0 -9999.0 -9999.0 -9999.0 -9999.0 -9999.0 -9999.0 -9999.0 -9999.0 -9999.0 -9999.0 -9999.0 -9999.0 -9999.0 -9999.0 -9999.0 -9999.0 -9999.0 -9999.0 -9999.0 -9999.0 -9999.0 -9999.0 -9999.0 -9999.0 -9999.0 -9999.0 -9999.0 -9999.0 -9999.0 -9999.0 -9999.0 -9999.0 -9999.0 -9999.0 -9999.0 -9999.0 -9999.0 -9999.0 -9999.0 -9999.0 -9999.0 -9999.0 -9999.0 -9999.0 -9999.0 -9999.0 -9999.0 -9999.0 -9999.0 -9999.0 -9999.0 -9999.0 -9999.0 -9999.0 -9999.0 -9999.0
-9999.0 -9999.0 -9999.0 -9999.0 -9999.0 -9999.0 -9999.0 -9999.0 -9999.0 -9999.0 -9999.0 -9999.0 -9999.0 -9999.0 -9999.0 -9999.0 -9999.0 -9999.0 -9999.0 -9999.0 -9999.0 -9999.0 -9999.0 -9999.0 -9999.0 -9999.0 -9999.0 -9999.0 -9999.0 -9999.0 -9999.0 -9999.0 -9999.0 -9999.0 -9999.0 -9999.0 -9999.0 -9999.0 -9999.0 -9999.0 -9999.0 -9999.0 -9999.0 -9999.0 -9999.0 -9999.0 -9999.0 -9999.0 -9999.0 -9999.0 -9999.0 -9999.0 -9999.0 -9999.0 -9999.0 -9999.0 -9999.0 -9999.0 -9999.0 -9999.0 -9999.0 -9999.0 -9999.0 -9999.0 -9999.0 -9999.0 -9999.0 -9999.0 -9999.0 -9999.0 -9999.0 -9999.0 -9999.0 -9999.0 -9999.0 -9999.0 -9999.0 -9999.0 -9999.0 -9999.0 -9999.0 -9999.0 -9999.0 -9999.0 -9999.0 -9999.0 -9999.0 -9999.0 -9999.0 -9999.0 -9999.0 -9999.0 -9999.0 -9999.0 -9999.0 -9999.0 -9999.0 -9999.0 -9999.0 -9999.0 -9999.0 -9999.0 -9999.0 -9999.0