inst/processing_geotop_simulation/geotop_simulation/out/maps3D/PwL0022N0234.asc
ncols         104
nrows         10
xllcorner     -2.000000
yllcorner     0.000000
cellsize      1.000000
NODATA_value  -9999.0
-9999.0 -9999.0 -9999.0 -9999.0 -9999.0 -9999.0 -9999.0 -9999.0 -9999.0 -9999.0 -9999.0 -9999.0 -9999.0 -9999.0 -9999.0 -9999.0 -9999.0 -9999.0 -9999.0 -9999.0 -9999.0 -9999.0 -9999.0 -9999.0 -9999.0 -9999.0 -9999.0 -9999.0 -9999.0 -9999.0 -9999.0 -9999.0 -9999.0 -9999.0 -9999.0 -9999.0 -9999.0 -9999.0 -9999.0 -9999.0 -9999.0 -9999.0 -9999.0 -9999.0 -9999.0 -9999.0 -9999.0 -9999.0 -9999.0 -9999.0 -9999.0 -9999.0 -9999.0 -9999.0 -9999.0 -9999.0 -9999.0 -9999.0 -9999.0 -9999.0 -9999.0 -9999.0 -9999.0 -9999.0 -9999.0 -9999.0 -9999.0 -9999.0 -9999.0 -9999.0 -9999.0 -9999.0 -9999.0 -9999.0 -9999.0 -9999.0 -9999.0 -9999.0 -9999.0 -9999.0 -9999.0 -9999.0 -9999.0 -9999.0 -9999.0 -9999.0 -9999.0 -9999.0 -9999.0 -9999.0 -9999.0 -9999.0 -9999.0 -9999.0 -9999.0 -9999.0 -9999.0 -9999.0 -9999.0 -9999.0 -9999.0 -9999.0 -9999.0 -9999.0
-9999.0 -9999.0 -9999.0 -9999.0 -9999.0 -9999.0 -9999.0 -9999.0 -9999.0 -9999.0 -9999.0 -9999.0 -9999.0 -9999.0 -9999.0 -9999.0 -9999.0 -9999.0 -9999.0 -9999.0 -9999.0 -9999.0 -9999.0 -9999.0 -9999.0 -9999.0 -9999.0 -9999.0 -9999.0 -9999.0 -9999.0 -9999.0 -9999.0 -9999.0 -9999.0 -9999.0 -9999.0 -9999.0 -9999.0 -9999.0 -9999.0 -9999.0 -9999.0 -9999.0 -9999.0 -9999.0 -9999.0 -9999.0 -9999.0 -9999.0 -9999.0 -9999.0 -9999.0 -9999.0 -9999.0 -9999.0 -9999.0 -9999.0 -9999.0 -9999.0 -9999.0 -9999.0 -9999.0 -9999.0 -9999.0 -9999.0 -9999.0 -9999.0 -9999.0 -9999.0 -9999.0 -9999.0 -9999.0 -9999.0 -9999.0 -9999.0 -9999.0 -9999.0 -9999.0 -9999.0 -9999.0 -9999.0 -9999.0 -9999.0 -9999.0 -9999.0 -9999.0 -9999.0 -9999.0 -9999.0 -9999.0 -9999.0 -9999.0 -9999.0 -9999.0 -9999.0 -9999.0 -9999.0 -9999.0 -9999.0 -9999.0 -9999.0 -9999.0 -9999.0
-9999.0 -9999.0 1073.592168 975.976596 878.308840 780.378721 682.290961 584.130780 485.948185 387.771258 289.615900 191.491270 93.402717 -4.643529 -102.637106 -200.562521 -298.356245 -395.890606 -492.929161 -589.055222 -683.538639 -778.510353 -872.414562 -964.986823 -1055.949891 -1129.141340 -1191.443101 -1242.277389 -1282.115014 -1312.221178 -1334.277802 -1350.032331 -1361.062960 -1368.669791 -1373.858047 -1377.373283 -1379.763171 -1381.482604 -1383.216797 -1387.164467 -1401.805026 -1463.128890 -1599.417971 -2457.729998 -3792.623730 -3776.345709 -3150.566526 -2631.558276 -2372.383063 -2212.430182 -2097.742834 -2001.165767 -1942.281567 -1904.109227 -1868.483793 -1830.871250 -1789.767568 -1745.562215 -1699.714059 -1653.223447 -1599.177262 -1366.224383 -1421.987481 -1393.958571 -1386.538896 -1385.033722 -1384.775020 -1384.734393 -1384.728697 -1384.728527 -1384.729159 -1384.729796 -1384.730317 -1384.730725 -1384.731046 -1384.731304 -1384.731514 -1384.731690 -1384.731843 -1384.731983 -1384.732121 -1384.732272 -1384.732454 -1384.732696 -1384.733039 -1384.733550 -1384.734337 -1384.735583 -1384.737595 -1384.740924 -1384.746573 -1384.756441 -1384.774224 -1384.807291 -1384.870688 -1384.996248 -1385.255226 -1385.819274 -1387.130382 -1390.382302 -1399.021550 -1424.731222 -9999.0 -9999.0
-9999.0 -9999.0 1073.594854 975.977689 878.309214 780.378846 682.291003 584.130795 485.948190 387.771260 289.615900 191.491271 93.402717 -4.643529 -102.637106 -200.562521 -298.356245 -395.890606 -492.929161 -589.055222 -683.538639 -778.510353 -872.414562 -964.986824 -1055.949891 -1129.141340 -1191.443102 -1242.277389 -1282.115014 -1312.221178 -1334.277802 -1350.032331 -1361.062960 -1368.669791 -1373.858047 -1377.373283 -1379.763171 -1381.482604 -1383.216797 -1387.164467 -1401.805026 -1463.128890 -1599.417970 -2457.729997 -3792.623730 -3776.345709 -3150.566525 -2631.558275 -2372.383062 -2212.430181 -2097.742833 -2001.165766 -1942.281567 -1904.109227 -1868.483793 -1830.871250 -1789.767567 -1745.562215 -1699.714059 -1653.223446 -1599.177262 -1366.224383 -1421.987481 -1393.958571 -1386.538896 -1385.033722 -1384.775020 -1384.734393 -1384.728697 -1384.728527 -1384.729159 -1384.729796 -1384.730317 -1384.730725 -1384.731046 -1384.731304 -1384.731514 -1384.731690 -1384.731843 -1384.731983 -1384.732121 -1384.732272 -1384.732454 -1384.732696 -1384.733039 -1384.733550 -1384.734337 -1384.735583 -1384.737595 -1384.740924 -1384.746573 -1384.756441 -1384.774224 -1384.807291 -1384.870688 -1384.996248 -1385.255226 -1385.819274 -1387.130382 -1390.382302 -1399.021550 -1424.731222 -9999.0 -9999.0
-9999.0 -9999.0 1073.595977 975.978303 878.309478 780.378949 682.291042 584.130809 485.948195 387.771262 289.615901 191.491271 93.402717 -4.643529 -102.637106 -200.562521 -298.356245 -395.890606 -492.929161 -589.055223 -683.538639 -778.510353 -872.414562 -964.986824 -1055.949891 -1129.141340 -1191.443102 -1242.277389 -1282.115014 -1312.221178 -1334.277802 -1350.032332 -1361.062960 -1368.669792 -1373.858047 -1377.373283 -1379.763171 -1381.482604 -1383.216797 -1387.164467 -1401.805026 -1463.128890 -1599.417970 -2457.729997 -3792.623729 -3776.345709 -3150.566525 -2631.558275 -2372.383062 -2212.430180 -2097.742832 -2001.165766 -1942.281567 -1904.109227 -1868.483793 -1830.871250 -1789.767567 -1745.562214 -1699.714059 -1653.223446 -1599.177262 -1366.224382 -1421.987481 -1393.958571 -1386.538896 -1385.033722 -1384.775020 -1384.734393 -1384.728697 -1384.728527 -1384.729159 -1384.729796 -1384.730317 -1384.730725 -1384.731046 -1384.731304 -1384.731514 -1384.731690 -1384.731843 -1384.731983 -1384.732121 -1384.732272 -1384.732454 -1384.732696 -1384.733039 -1384.733550 -1384.734337 -1384.735583 -1384.737595 -1384.740924 -1384.746573 -1384.756441 -1384.774224 -1384.807291 -1384.870688 -1384.996248 -1385.255226 -1385.819274 -1387.130382 -1390.382302 -1399.021550 -1424.731222 -9999.0 -9999.0
-9999.0 -9999.0 1073.595977 975.978303 878.309478 780.378949 682.291042 584.130809 485.948195 387.771262 289.615901 191.491271 93.402717 -4.643528 -102.637106 -200.562521 -298.356245 -395.890606 -492.929161 -589.055222 -683.538639 -778.510353 -872.414562 -964.986824 -1055.949891 -1129.141340 -1191.443102 -1242.277389 -1282.115014 -1312.221178 -1334.277802 -1350.032332 -1361.062960 -1368.669792 -1373.858047 -1377.373283 -1379.763171 -1381.482604 -1383.216797 -1387.164467 -1401.805026 -1463.128890 -1599.417970 -2457.729997 -3792.623729 -3776.345709 -3150.566525 -2631.558275 -2372.383062 -2212.430181 -2097.742832 -2001.165766 -1942.281567 -1904.109227 -1868.483793 -1830.871250 -1789.767567 -1745.562214 -1699.714059 -1653.223446 -1599.177262 -1366.224383 -1421.987481 -1393.958571 -1386.538896 -1385.033722 -1384.775020 -1384.734393 -1384.728697 -1384.728527 -1384.729159 -1384.729796 -1384.730317 -1384.730725 -1384.731046 -1384.731304 -1384.731514 -1384.731690 -1384.731843 -1384.731983 -1384.732121 -1384.732272 -1384.732454 -1384.732696 -1384.733039 -1384.733550 -1384.734337 -1384.735583 -1384.737595 -1384.740924 -1384.746573 -1384.756441 -1384.774224 -1384.807291 -1384.870688 -1384.996248 -1385.255226 -1385.819274 -1387.130382 -1390.382302 -1399.021550 -1424.731222 -9999.0 -9999.0
-9999.0 -9999.0 1073.594854 975.977689 878.309214 780.378846 682.291003 584.130795 485.948190 387.771260 289.615900 191.491271 93.402717 -4.643529 -102.637106 -200.562521 -298.356245 -395.890606 -492.929161 -589.055222 -683.538639 -778.510353 -872.414562 -964.986824 -1055.949891 -1129.141340 -1191.443102 -1242.277389 -1282.115014 -1312.221178 -1334.277802 -1350.032331 -1361.062960 -1368.669791 -1373.858047 -1377.373283 -1379.763171 -1381.482604 -1383.216797 -1387.164467 -1401.805026 -1463.128890 -1599.417970 -2457.729997 -3792.623730 -3776.345709 -3150.566525 -2631.558275 -2372.383062 -2212.430181 -2097.742833 -2001.165766 -1942.281567 -1904.109227 -1868.483793 -1830.871250 -1789.767567 -1745.562214 -1699.714059 -1653.223446 -1599.177262 -1366.224383 -1421.987481 -1393.958571 -1386.538896 -1385.033722 -1384.775020 -1384.734393 -1384.728697 -1384.728527 -1384.729159 -1384.729796 -1384.730317 -1384.730725 -1384.731046 -1384.731304 -1384.731514 -1384.731690 -1384.731843 -1384.731983 -1384.732121 -1384.732272 -1384.732454 -1384.732696 -1384.733039 -1384.733550 -1384.734337 -1384.735583 -1384.737595 -1384.740924 -1384.746573 -1384.756441 -1384.774224 -1384.807291 -1384.870688 -1384.996248 -1385.255226 -1385.819274 -1387.130382 -1390.382302 -1399.021550 -1424.731222 -9999.0 -9999.0
-9999.0 -9999.0 1073.592168 975.976596 878.308840 780.378721 682.290961 584.130780 485.948185 387.771258 289.615900 191.491270 93.402717 -4.643529 -102.637106 -200.562520 -298.356245 -395.890606 -492.929161 -589.055222 -683.538639 -778.510353 -872.414562 -964.986823 -1055.949891 -1129.141340 -1191.443101 -1242.277389 -1282.115014 -1312.221178 -1334.277802 -1350.032331 -1361.062960 -1368.669791 -1373.858047 -1377.373283 -1379.763171 -1381.482604 -1383.216797 -1387.164467 -1401.805026 -1463.128890 -1599.417971 -2457.729998 -3792.623730 -3776.345709 -3150.566526 -2631.558276 -2372.383063 -2212.430182 -2097.742834 -2001.165767 -1942.281567 -1904.109227 -1868.483793 -1830.871250 -1789.767568 -1745.562215 -1699.714059 -1653.223447 -1599.177262 -1366.224383 -1421.987481 -1393.958571 -1386.538896 -1385.033722 -1384.775020 -1384.734393 -1384.728697 -1384.728527 -1384.729159 -1384.729796 -1384.730317 -1384.730725 -1384.731046 -1384.731304 -1384.731514 -1384.731690 -1384.731843 -1384.731983 -1384.732121 -1384.732272 -1384.732454 -1384.732696 -1384.733039 -1384.733550 -1384.734337 -1384.735583 -1384.737595 -1384.740924 -1384.746573 -1384.756441 -1384.774224 -1384.807291 -1384.870688 -1384.996248 -1385.255226 -1385.819274 -1387.130382 -1390.382302 -1399.021550 -1424.731222 -9999.0 -9999.0
-9999.0 -9999.0 -9999.0 -9999.0 -9999.0 -9999.0 -9999.0 -9999.0 -9999.0 -9999.0 -9999.0 -9999.0 -9999.0 -9999.0 -9999.0 -9999.0 -9999.0 -9999.0 -9999.0 -9999.0 -9999.0 -9999.0 -9999.0 -9999.0 -9999.0 -9999.0 -9999.0 -9999.0 -9999.0 -9999.0 -9999.0 -9999.0 -9999.0 -9999.0 -9999.0 -9999.0 -9999.0 -9999.0 -9999.0 -9999.0 -9999.0 -9999.0 -9999.0 -9999.0 -9999.0 -9999.0 -9999.0 -9999.0 -9999.0 -9999.0 -9999.0 -9999.0 -9999.0 -9999.0 -9999.0 -9999.0 -9999.0 -9999.0 -9999.0 -9999.0 -9999.0 -9999.0 -9999.0 -9999.0 -9999.0 -9999.0 -9999.0 -9999.0 -9999.0 -9999.0 -9999.0 -9999.0 -9999.0 -9999.0 -9999.0 -9999.0 -9999.0 -9999.0 -9999.0 -9999.0 -9999.0 -9999.0 -9999.0 -9999.0 -9999.0 -9999.0 -9999.0 -9999.0 -9999.0 -9999.0 -9999.0 -9999.0 -9999.0 -9999.0 -9999.0 -9999.0 -9999.0 -9999.0 -9999.0 -9999.0 -9999.0 -9999.0 -9999.0 -9999.0
-9999.0 -9999.0 -9999.0 -9999.0 -9999.0 -9999.0 -9999.0 -9999.0 -9999.0 -9999.0 -9999.0 -9999.0 -9999.0 -9999.0 -9999.0 -9999.0 -9999.0 -9999.0 -9999.0 -9999.0 -9999.0 -9999.0 -9999.0 -9999.0 -9999.0 -9999.0 -9999.0 -9999.0 -9999.0 -9999.0 -9999.0 -9999.0 -9999.0 -9999.0 -9999.0 -9999.0 -9999.0 -9999.0 -9999.0 -9999.0 -9999.0 -9999.0 -9999.0 -9999.0 -9999.0 -9999.0 -9999.0 -9999.0 -9999.0 -9999.0 -9999.0 -9999.0 -9999.0 -9999.0 -9999.0 -9999.0 -9999.0 -9999.0 -9999.0 -9999.0 -9999.0 -9999.0 -9999.0 -9999.0 -9999.0 -9999.0 -9999.0 -9999.0 -9999.0 -9999.0 -9999.0 -9999.0 -9999.0 -9999.0 -9999.0 -9999.0 -9999.0 -9999.0 -9999.0 -9999.0 -9999.0 -9999.0 -9999.0 -9999.0 -9999.0 -9999.0 -9999.0 -9999.0 -9999.0 -9999.0 -9999.0 -9999.0 -9999.0 -9999.0 -9999.0 -9999.0 -9999.0 -9999.0 -9999.0 -9999.0 -9999.0 -9999.0 -9999.0 -9999.0