inst/processing_geotop_simulation/geotop_simulation/out/maps3D/PwL0019N0213.asc
ncols         104
nrows         10
xllcorner     -2.000000
yllcorner     0.000000
cellsize      1.000000
NODATA_value  -9999.0
-9999.0 -9999.0 -9999.0 -9999.0 -9999.0 -9999.0 -9999.0 -9999.0 -9999.0 -9999.0 -9999.0 -9999.0 -9999.0 -9999.0 -9999.0 -9999.0 -9999.0 -9999.0 -9999.0 -9999.0 -9999.0 -9999.0 -9999.0 -9999.0 -9999.0 -9999.0 -9999.0 -9999.0 -9999.0 -9999.0 -9999.0 -9999.0 -9999.0 -9999.0 -9999.0 -9999.0 -9999.0 -9999.0 -9999.0 -9999.0 -9999.0 -9999.0 -9999.0 -9999.0 -9999.0 -9999.0 -9999.0 -9999.0 -9999.0 -9999.0 -9999.0 -9999.0 -9999.0 -9999.0 -9999.0 -9999.0 -9999.0 -9999.0 -9999.0 -9999.0 -9999.0 -9999.0 -9999.0 -9999.0 -9999.0 -9999.0 -9999.0 -9999.0 -9999.0 -9999.0 -9999.0 -9999.0 -9999.0 -9999.0 -9999.0 -9999.0 -9999.0 -9999.0 -9999.0 -9999.0 -9999.0 -9999.0 -9999.0 -9999.0 -9999.0 -9999.0 -9999.0 -9999.0 -9999.0 -9999.0 -9999.0 -9999.0 -9999.0 -9999.0 -9999.0 -9999.0 -9999.0 -9999.0 -9999.0 -9999.0 -9999.0 -9999.0 -9999.0 -9999.0
-9999.0 -9999.0 -9999.0 -9999.0 -9999.0 -9999.0 -9999.0 -9999.0 -9999.0 -9999.0 -9999.0 -9999.0 -9999.0 -9999.0 -9999.0 -9999.0 -9999.0 -9999.0 -9999.0 -9999.0 -9999.0 -9999.0 -9999.0 -9999.0 -9999.0 -9999.0 -9999.0 -9999.0 -9999.0 -9999.0 -9999.0 -9999.0 -9999.0 -9999.0 -9999.0 -9999.0 -9999.0 -9999.0 -9999.0 -9999.0 -9999.0 -9999.0 -9999.0 -9999.0 -9999.0 -9999.0 -9999.0 -9999.0 -9999.0 -9999.0 -9999.0 -9999.0 -9999.0 -9999.0 -9999.0 -9999.0 -9999.0 -9999.0 -9999.0 -9999.0 -9999.0 -9999.0 -9999.0 -9999.0 -9999.0 -9999.0 -9999.0 -9999.0 -9999.0 -9999.0 -9999.0 -9999.0 -9999.0 -9999.0 -9999.0 -9999.0 -9999.0 -9999.0 -9999.0 -9999.0 -9999.0 -9999.0 -9999.0 -9999.0 -9999.0 -9999.0 -9999.0 -9999.0 -9999.0 -9999.0 -9999.0 -9999.0 -9999.0 -9999.0 -9999.0 -9999.0 -9999.0 -9999.0 -9999.0 -9999.0 -9999.0 -9999.0 -9999.0 -9999.0
-9999.0 -9999.0 926.204971 829.457439 732.407494 634.943057 537.254703 439.465805 341.643839 243.825464 146.030999 48.271776 -49.436016 -147.082970 -244.627303 -341.971998 -438.930038 -535.187047 -630.248116 -724.591993 -818.850450 -911.928225 -1003.596664 -1087.586617 -1157.255829 -1215.448024 -1261.987620 -1297.745504 -1324.268683 -1343.364990 -1356.783473 -1366.032128 -1372.312990 -1376.531982 -1379.344803 -1381.214491 -1382.471440 -1383.398960 -1384.510977 -1387.782678 -1401.651921 -1468.781631 -1945.089559 -4002.589582 -4034.650915 -4034.653272 -4034.645989 -4034.560656 -4034.138113 -4032.723808 -4028.830681 -4017.743127 -4000.105832 -3978.601645 -3945.857581 -3890.762455 -3795.895344 -3642.210715 -3424.170867 -3160.235710 -2841.482897 -1634.569875 -1429.031680 -1394.134521 -1386.676794 -1385.286334 -1385.060929 -1385.026640 -1385.022001 -1385.022051 -1385.022767 -1385.023451 -1385.023999 -1385.024423 -1385.024752 -1385.025010 -1385.025218 -1385.025388 -1385.025532 -1385.025662 -1385.025790 -1385.025931 -1385.026105 -1385.026343 -1385.026689 -1385.027215 -1385.028037 -1385.029349 -1385.031480 -1385.035012 -1385.041006 -1385.051460 -1385.070250 -1385.105068 -1385.171496 -1385.302011 -1385.567733 -1386.136078 -1387.431654 -1390.595371 -1398.928923 -1423.830065 -9999.0 -9999.0
-9999.0 -9999.0 926.208361 829.458717 732.407910 634.943192 537.254749 439.465821 341.643844 243.825467 146.031000 48.271777 -49.436016 -147.082970 -244.627303 -341.971998 -438.930038 -535.187047 -630.248116 -724.591994 -818.850450 -911.928226 -1003.596664 -1087.586617 -1157.255830 -1215.448025 -1261.987621 -1297.745504 -1324.268683 -1343.364990 -1356.783473 -1366.032128 -1372.312990 -1376.531982 -1379.344803 -1381.214491 -1382.471440 -1383.398960 -1384.510977 -1387.782678 -1401.651921 -1468.781631 -1945.089559 -4002.589582 -4034.650915 -4034.653272 -4034.645989 -4034.560656 -4034.138113 -4032.723808 -4028.830681 -4017.743127 -4000.105832 -3978.601645 -3945.857580 -3890.762455 -3795.895344 -3642.210715 -3424.170866 -3160.235710 -2841.482897 -1634.569875 -1429.031680 -1394.134521 -1386.676794 -1385.286334 -1385.060929 -1385.026640 -1385.022001 -1385.022051 -1385.022767 -1385.023451 -1385.023999 -1385.024423 -1385.024752 -1385.025010 -1385.025218 -1385.025388 -1385.025532 -1385.025662 -1385.025790 -1385.025931 -1385.026105 -1385.026343 -1385.026689 -1385.027215 -1385.028037 -1385.029349 -1385.031480 -1385.035012 -1385.041006 -1385.051460 -1385.070250 -1385.105068 -1385.171496 -1385.302011 -1385.567733 -1386.136078 -1387.431654 -1390.595371 -1398.928923 -1423.830065 -9999.0 -9999.0
-9999.0 -9999.0 926.209632 829.459398 732.408196 634.943302 537.254789 439.465836 341.643850 243.825468 146.031001 48.271777 -49.436016 -147.082970 -244.627303 -341.971998 -438.930038 -535.187047 -630.248116 -724.591994 -818.850450 -911.928226 -1003.596665 -1087.586617 -1157.255830 -1215.448025 -1261.987621 -1297.745504 -1324.268683 -1343.364990 -1356.783473 -1366.032128 -1372.312990 -1376.531982 -1379.344803 -1381.214491 -1382.471440 -1383.398960 -1384.510977 -1387.782678 -1401.651921 -1468.781631 -1945.089559 -4002.589582 -4034.650915 -4034.653272 -4034.645989 -4034.560656 -4034.138113 -4032.723808 -4028.830680 -4017.743127 -4000.105832 -3978.601645 -3945.857580 -3890.762455 -3795.895344 -3642.210714 -3424.170866 -3160.235709 -2841.482896 -1634.569875 -1429.031680 -1394.134521 -1386.676794 -1385.286334 -1385.060929 -1385.026640 -1385.022001 -1385.022051 -1385.022767 -1385.023451 -1385.023999 -1385.024423 -1385.024752 -1385.025010 -1385.025218 -1385.025388 -1385.025532 -1385.025662 -1385.025790 -1385.025931 -1385.026105 -1385.026343 -1385.026689 -1385.027215 -1385.028037 -1385.029349 -1385.031480 -1385.035012 -1385.041006 -1385.051460 -1385.070250 -1385.105068 -1385.171496 -1385.302011 -1385.567733 -1386.136078 -1387.431654 -1390.595371 -1398.928923 -1423.830065 -9999.0 -9999.0
-9999.0 -9999.0 926.209632 829.459398 732.408196 634.943302 537.254789 439.465836 341.643850 243.825469 146.031001 48.271777 -49.436016 -147.082970 -244.627303 -341.971998 -438.930038 -535.187047 -630.248116 -724.591994 -818.850450 -911.928226 -1003.596665 -1087.586617 -1157.255830 -1215.448025 -1261.987621 -1297.745504 -1324.268683 -1343.364990 -1356.783473 -1366.032128 -1372.312990 -1376.531982 -1379.344803 -1381.214491 -1382.471440 -1383.398960 -1384.510977 -1387.782678 -1401.651921 -1468.781631 -1945.089559 -4002.589582 -4034.650915 -4034.653272 -4034.645989 -4034.560656 -4034.138113 -4032.723808 -4028.830680 -4017.743127 -4000.105832 -3978.601645 -3945.857580 -3890.762455 -3795.895343 -3642.210714 -3424.170866 -3160.235710 -2841.482896 -1634.569875 -1429.031680 -1394.134521 -1386.676794 -1385.286334 -1385.060929 -1385.026640 -1385.022001 -1385.022051 -1385.022767 -1385.023451 -1385.023999 -1385.024423 -1385.024752 -1385.025010 -1385.025218 -1385.025388 -1385.025532 -1385.025662 -1385.025790 -1385.025931 -1385.026105 -1385.026343 -1385.026689 -1385.027215 -1385.028037 -1385.029349 -1385.031480 -1385.035012 -1385.041006 -1385.051460 -1385.070250 -1385.105068 -1385.171496 -1385.302011 -1385.567733 -1386.136078 -1387.431654 -1390.595371 -1398.928923 -1423.830065 -9999.0 -9999.0
-9999.0 -9999.0 926.208361 829.458717 732.407910 634.943192 537.254749 439.465821 341.643844 243.825466 146.031000 48.271777 -49.436016 -147.082970 -244.627303 -341.971998 -438.930038 -535.187047 -630.248116 -724.591994 -818.850450 -911.928226 -1003.596664 -1087.586617 -1157.255830 -1215.448025 -1261.987621 -1297.745504 -1324.268683 -1343.364990 -1356.783473 -1366.032128 -1372.312990 -1376.531982 -1379.344803 -1381.214491 -1382.471440 -1383.398960 -1384.510977 -1387.782678 -1401.651921 -1468.781631 -1945.089559 -4002.589582 -4034.650915 -4034.653272 -4034.645989 -4034.560656 -4034.138113 -4032.723808 -4028.830680 -4017.743127 -4000.105832 -3978.601645 -3945.857580 -3890.762455 -3795.895344 -3642.210714 -3424.170867 -3160.235710 -2841.482897 -1634.569875 -1429.031680 -1394.134521 -1386.676794 -1385.286334 -1385.060929 -1385.026640 -1385.022001 -1385.022051 -1385.022767 -1385.023451 -1385.023999 -1385.024423 -1385.024752 -1385.025010 -1385.025218 -1385.025388 -1385.025532 -1385.025662 -1385.025790 -1385.025931 -1385.026105 -1385.026343 -1385.026689 -1385.027215 -1385.028037 -1385.029349 -1385.031480 -1385.035012 -1385.041006 -1385.051460 -1385.070250 -1385.105068 -1385.171496 -1385.302011 -1385.567733 -1386.136078 -1387.431654 -1390.595371 -1398.928923 -1423.830065 -9999.0 -9999.0
-9999.0 -9999.0 926.204971 829.457439 732.407494 634.943057 537.254703 439.465805 341.643839 243.825464 146.030999 48.271776 -49.436016 -147.082970 -244.627303 -341.971998 -438.930038 -535.187047 -630.248116 -724.591993 -818.850450 -911.928225 -1003.596664 -1087.586617 -1157.255829 -1215.448024 -1261.987620 -1297.745504 -1324.268683 -1343.364990 -1356.783473 -1366.032128 -1372.312990 -1376.531982 -1379.344803 -1381.214491 -1382.471440 -1383.398960 -1384.510977 -1387.782678 -1401.651921 -1468.781631 -1945.089559 -4002.589582 -4034.650915 -4034.653272 -4034.645989 -4034.560656 -4034.138113 -4032.723808 -4028.830681 -4017.743127 -4000.105832 -3978.601645 -3945.857581 -3890.762455 -3795.895344 -3642.210715 -3424.170867 -3160.235711 -2841.482898 -1634.569875 -1429.031680 -1394.134521 -1386.676794 -1385.286334 -1385.060929 -1385.026640 -1385.022001 -1385.022051 -1385.022767 -1385.023451 -1385.023999 -1385.024423 -1385.024752 -1385.025010 -1385.025218 -1385.025388 -1385.025532 -1385.025662 -1385.025790 -1385.025931 -1385.026105 -1385.026343 -1385.026689 -1385.027215 -1385.028037 -1385.029349 -1385.031480 -1385.035012 -1385.041006 -1385.051460 -1385.070250 -1385.105068 -1385.171496 -1385.302011 -1385.567733 -1386.136078 -1387.431654 -1390.595371 -1398.928923 -1423.830065 -9999.0 -9999.0
-9999.0 -9999.0 -9999.0 -9999.0 -9999.0 -9999.0 -9999.0 -9999.0 -9999.0 -9999.0 -9999.0 -9999.0 -9999.0 -9999.0 -9999.0 -9999.0 -9999.0 -9999.0 -9999.0 -9999.0 -9999.0 -9999.0 -9999.0 -9999.0 -9999.0 -9999.0 -9999.0 -9999.0 -9999.0 -9999.0 -9999.0 -9999.0 -9999.0 -9999.0 -9999.0 -9999.0 -9999.0 -9999.0 -9999.0 -9999.0 -9999.0 -9999.0 -9999.0 -9999.0 -9999.0 -9999.0 -9999.0 -9999.0 -9999.0 -9999.0 -9999.0 -9999.0 -9999.0 -9999.0 -9999.0 -9999.0 -9999.0 -9999.0 -9999.0 -9999.0 -9999.0 -9999.0 -9999.0 -9999.0 -9999.0 -9999.0 -9999.0 -9999.0 -9999.0 -9999.0 -9999.0 -9999.0 -9999.0 -9999.0 -9999.0 -9999.0 -9999.0 -9999.0 -9999.0 -9999.0 -9999.0 -9999.0 -9999.0 -9999.0 -9999.0 -9999.0 -9999.0 -9999.0 -9999.0 -9999.0 -9999.0 -9999.0 -9999.0 -9999.0 -9999.0 -9999.0 -9999.0 -9999.0 -9999.0 -9999.0 -9999.0 -9999.0 -9999.0 -9999.0
-9999.0 -9999.0 -9999.0 -9999.0 -9999.0 -9999.0 -9999.0 -9999.0 -9999.0 -9999.0 -9999.0 -9999.0 -9999.0 -9999.0 -9999.0 -9999.0 -9999.0 -9999.0 -9999.0 -9999.0 -9999.0 -9999.0 -9999.0 -9999.0 -9999.0 -9999.0 -9999.0 -9999.0 -9999.0 -9999.0 -9999.0 -9999.0 -9999.0 -9999.0 -9999.0 -9999.0 -9999.0 -9999.0 -9999.0 -9999.0 -9999.0 -9999.0 -9999.0 -9999.0 -9999.0 -9999.0 -9999.0 -9999.0 -9999.0 -9999.0 -9999.0 -9999.0 -9999.0 -9999.0 -9999.0 -9999.0 -9999.0 -9999.0 -9999.0 -9999.0 -9999.0 -9999.0 -9999.0 -9999.0 -9999.0 -9999.0 -9999.0 -9999.0 -9999.0 -9999.0 -9999.0 -9999.0 -9999.0 -9999.0 -9999.0 -9999.0 -9999.0 -9999.0 -9999.0 -9999.0 -9999.0 -9999.0 -9999.0 -9999.0 -9999.0 -9999.0 -9999.0 -9999.0 -9999.0 -9999.0 -9999.0 -9999.0 -9999.0 -9999.0 -9999.0 -9999.0 -9999.0 -9999.0 -9999.0 -9999.0 -9999.0 -9999.0 -9999.0 -9999.0