inst/processing_geotop_simulation/geotop_simulation/out/maps3D/PwL0005N0345.asc
ncols         104
nrows         10
xllcorner     -2.000000
yllcorner     0.000000
cellsize      1.000000
NODATA_value  -9999.0
-9999.0 -9999.0 -9999.0 -9999.0 -9999.0 -9999.0 -9999.0 -9999.0 -9999.0 -9999.0 -9999.0 -9999.0 -9999.0 -9999.0 -9999.0 -9999.0 -9999.0 -9999.0 -9999.0 -9999.0 -9999.0 -9999.0 -9999.0 -9999.0 -9999.0 -9999.0 -9999.0 -9999.0 -9999.0 -9999.0 -9999.0 -9999.0 -9999.0 -9999.0 -9999.0 -9999.0 -9999.0 -9999.0 -9999.0 -9999.0 -9999.0 -9999.0 -9999.0 -9999.0 -9999.0 -9999.0 -9999.0 -9999.0 -9999.0 -9999.0 -9999.0 -9999.0 -9999.0 -9999.0 -9999.0 -9999.0 -9999.0 -9999.0 -9999.0 -9999.0 -9999.0 -9999.0 -9999.0 -9999.0 -9999.0 -9999.0 -9999.0 -9999.0 -9999.0 -9999.0 -9999.0 -9999.0 -9999.0 -9999.0 -9999.0 -9999.0 -9999.0 -9999.0 -9999.0 -9999.0 -9999.0 -9999.0 -9999.0 -9999.0 -9999.0 -9999.0 -9999.0 -9999.0 -9999.0 -9999.0 -9999.0 -9999.0 -9999.0 -9999.0 -9999.0 -9999.0 -9999.0 -9999.0 -9999.0 -9999.0 -9999.0 -9999.0 -9999.0 -9999.0
-9999.0 -9999.0 -9999.0 -9999.0 -9999.0 -9999.0 -9999.0 -9999.0 -9999.0 -9999.0 -9999.0 -9999.0 -9999.0 -9999.0 -9999.0 -9999.0 -9999.0 -9999.0 -9999.0 -9999.0 -9999.0 -9999.0 -9999.0 -9999.0 -9999.0 -9999.0 -9999.0 -9999.0 -9999.0 -9999.0 -9999.0 -9999.0 -9999.0 -9999.0 -9999.0 -9999.0 -9999.0 -9999.0 -9999.0 -9999.0 -9999.0 -9999.0 -9999.0 -9999.0 -9999.0 -9999.0 -9999.0 -9999.0 -9999.0 -9999.0 -9999.0 -9999.0 -9999.0 -9999.0 -9999.0 -9999.0 -9999.0 -9999.0 -9999.0 -9999.0 -9999.0 -9999.0 -9999.0 -9999.0 -9999.0 -9999.0 -9999.0 -9999.0 -9999.0 -9999.0 -9999.0 -9999.0 -9999.0 -9999.0 -9999.0 -9999.0 -9999.0 -9999.0 -9999.0 -9999.0 -9999.0 -9999.0 -9999.0 -9999.0 -9999.0 -9999.0 -9999.0 -9999.0 -9999.0 -9999.0 -9999.0 -9999.0 -9999.0 -9999.0 -9999.0 -9999.0 -9999.0 -9999.0 -9999.0 -9999.0 -9999.0 -9999.0 -9999.0 -9999.0
-9999.0 -9999.0 225.212354 127.859879 29.330843 -69.560158 -168.591575 -267.678028 -366.773666 -465.847555 -564.857966 -663.705574 -762.335221 -860.806545 -959.149203 -1057.504486 -1155.535924 -1252.629394 -1348.367232 -1441.795479 -1531.129089 -1613.443115 -1685.517322 -1745.280386 -1792.470118 -1828.287457 -1854.662717 -1873.645260 -1887.067269 -1896.423968 -1902.871557 -1907.272637 -1910.254010 -1912.261773 -1913.608556 -1914.513055 -1915.138334 -1915.660609 -1916.497422 -1918.896888 -1923.017351 -1882.946329 -1180.287185 -1194.506135 -1180.060267 -1170.566277 -1166.120603 -1165.448256 -1165.376227 -1165.382898 -1165.400896 -1165.420280 -1165.438914 -1165.456172 -1165.472221 -1165.491145 -1165.551278 -1165.953261 -1168.318144 -1173.568953 -1180.476215 -1156.078033 -1856.909123 -1916.717614 -1917.459660 -1916.645800 -1916.436840 -1916.398810 -1916.393004 -1916.392621 -1916.393063 -1916.393541 -1916.393933 -1916.394236 -1916.394472 -1916.394656 -1916.394803 -1916.394924 -1916.395027 -1916.395120 -1916.395212 -1916.395315 -1916.395444 -1916.395622 -1916.395882 -1916.396279 -1916.396902 -1916.397898 -1916.399521 -1916.402222 -1916.406824 -1916.414890 -1916.429456 -1916.456561 -1916.508462 -1916.610749 -1916.819476 -1917.266283 -1918.287172 -1920.829181 -1927.957253 -1951.518759 -9999.0 -9999.0
-9999.0 -9999.0 225.220959 127.861748 29.331325 -69.560018 -168.591530 -267.678013 -366.773660 -465.847553 -564.857964 -663.705573 -762.335221 -860.806545 -959.149203 -1057.504486 -1155.535924 -1252.629395 -1348.367232 -1441.795479 -1531.129090 -1613.443115 -1685.517322 -1745.280387 -1792.470118 -1828.287457 -1854.662717 -1873.645260 -1887.067269 -1896.423968 -1902.871557 -1907.272637 -1910.254010 -1912.261773 -1913.608556 -1914.513055 -1915.138334 -1915.660609 -1916.497422 -1918.896888 -1923.017351 -1882.946329 -1180.287185 -1194.506135 -1180.060267 -1170.566276 -1166.120603 -1165.448256 -1165.376227 -1165.382898 -1165.400896 -1165.420280 -1165.438914 -1165.456172 -1165.472221 -1165.491145 -1165.551278 -1165.953261 -1168.318144 -1173.568953 -1180.476215 -1156.078033 -1856.909123 -1916.717614 -1917.459660 -1916.645800 -1916.436840 -1916.398810 -1916.393004 -1916.392621 -1916.393063 -1916.393541 -1916.393933 -1916.394236 -1916.394472 -1916.394656 -1916.394803 -1916.394924 -1916.395027 -1916.395120 -1916.395212 -1916.395315 -1916.395444 -1916.395622 -1916.395882 -1916.396279 -1916.396902 -1916.397898 -1916.399521 -1916.402222 -1916.406824 -1916.414890 -1916.429456 -1916.456561 -1916.508462 -1916.610749 -1916.819476 -1917.266283 -1918.287172 -1920.829181 -1927.957253 -1951.518759 -9999.0 -9999.0
-9999.0 -9999.0 225.222311 127.862520 29.331630 -69.559907 -168.591490 -267.677999 -366.773655 -465.847551 -564.857964 -663.705573 -762.335220 -860.806545 -959.149203 -1057.504486 -1155.535924 -1252.629395 -1348.367232 -1441.795479 -1531.129090 -1613.443115 -1685.517322 -1745.280387 -1792.470118 -1828.287457 -1854.662717 -1873.645261 -1887.067269 -1896.423968 -1902.871557 -1907.272637 -1910.254010 -1912.261773 -1913.608556 -1914.513055 -1915.138334 -1915.660609 -1916.497422 -1918.896888 -1923.017351 -1882.946329 -1180.287185 -1194.506135 -1180.060267 -1170.566276 -1166.120603 -1165.448256 -1165.376227 -1165.382898 -1165.400896 -1165.420280 -1165.438914 -1165.456172 -1165.472221 -1165.491145 -1165.551278 -1165.953261 -1168.318144 -1173.568953 -1180.476215 -1156.078033 -1856.909123 -1916.717614 -1917.459660 -1916.645800 -1916.436840 -1916.398810 -1916.393004 -1916.392621 -1916.393063 -1916.393541 -1916.393933 -1916.394236 -1916.394472 -1916.394656 -1916.394803 -1916.394924 -1916.395027 -1916.395120 -1916.395212 -1916.395315 -1916.395444 -1916.395622 -1916.395882 -1916.396279 -1916.396902 -1916.397898 -1916.399521 -1916.402222 -1916.406824 -1916.414890 -1916.429456 -1916.456561 -1916.508462 -1916.610749 -1916.819476 -1917.266283 -1918.287172 -1920.829181 -1927.957253 -1951.518759 -9999.0 -9999.0
-9999.0 -9999.0 225.222311 127.862520 29.331630 -69.559907 -168.591490 -267.677999 -366.773655 -465.847551 -564.857964 -663.705573 -762.335220 -860.806545 -959.149203 -1057.504486 -1155.535924 -1252.629395 -1348.367232 -1441.795479 -1531.129090 -1613.443115 -1685.517322 -1745.280387 -1792.470118 -1828.287457 -1854.662717 -1873.645261 -1887.067269 -1896.423968 -1902.871557 -1907.272637 -1910.254010 -1912.261773 -1913.608556 -1914.513055 -1915.138334 -1915.660609 -1916.497422 -1918.896888 -1923.017351 -1882.946329 -1180.287185 -1194.506135 -1180.060267 -1170.566276 -1166.120603 -1165.448256 -1165.376227 -1165.382898 -1165.400896 -1165.420280 -1165.438914 -1165.456172 -1165.472221 -1165.491145 -1165.551278 -1165.953261 -1168.318144 -1173.568953 -1180.476215 -1156.078033 -1856.909123 -1916.717614 -1917.459660 -1916.645800 -1916.436840 -1916.398810 -1916.393004 -1916.392621 -1916.393063 -1916.393541 -1916.393933 -1916.394236 -1916.394472 -1916.394656 -1916.394803 -1916.394924 -1916.395027 -1916.395120 -1916.395212 -1916.395315 -1916.395444 -1916.395622 -1916.395882 -1916.396279 -1916.396902 -1916.397898 -1916.399521 -1916.402222 -1916.406824 -1916.414890 -1916.429456 -1916.456561 -1916.508462 -1916.610749 -1916.819476 -1917.266283 -1918.287172 -1920.829181 -1927.957253 -1951.518759 -9999.0 -9999.0
-9999.0 -9999.0 225.220959 127.861748 29.331325 -69.560018 -168.591530 -267.678013 -366.773660 -465.847553 -564.857964 -663.705573 -762.335221 -860.806545 -959.149203 -1057.504486 -1155.535924 -1252.629395 -1348.367232 -1441.795479 -1531.129090 -1613.443115 -1685.517322 -1745.280387 -1792.470118 -1828.287457 -1854.662717 -1873.645260 -1887.067269 -1896.423968 -1902.871557 -1907.272637 -1910.254010 -1912.261773 -1913.608556 -1914.513055 -1915.138334 -1915.660609 -1916.497422 -1918.896888 -1923.017351 -1882.946329 -1180.287185 -1194.506135 -1180.060267 -1170.566276 -1166.120603 -1165.448256 -1165.376227 -1165.382898 -1165.400896 -1165.420280 -1165.438914 -1165.456172 -1165.472221 -1165.491145 -1165.551278 -1165.953261 -1168.318144 -1173.568953 -1180.476215 -1156.078033 -1856.909123 -1916.717614 -1917.459660 -1916.645800 -1916.436840 -1916.398810 -1916.393004 -1916.392621 -1916.393063 -1916.393541 -1916.393933 -1916.394236 -1916.394472 -1916.394656 -1916.394803 -1916.394924 -1916.395027 -1916.395120 -1916.395212 -1916.395315 -1916.395444 -1916.395622 -1916.395882 -1916.396279 -1916.396902 -1916.397898 -1916.399521 -1916.402222 -1916.406824 -1916.414890 -1916.429456 -1916.456561 -1916.508462 -1916.610749 -1916.819476 -1917.266283 -1918.287172 -1920.829181 -1927.957253 -1951.518759 -9999.0 -9999.0
-9999.0 -9999.0 225.212354 127.859879 29.330843 -69.560158 -168.591574 -267.678028 -366.773665 -465.847555 -564.857966 -663.705574 -762.335221 -860.806545 -959.149203 -1057.504486 -1155.535924 -1252.629394 -1348.367232 -1441.795479 -1531.129089 -1613.443115 -1685.517322 -1745.280386 -1792.470118 -1828.287457 -1854.662717 -1873.645260 -1887.067269 -1896.423968 -1902.871557 -1907.272637 -1910.254010 -1912.261773 -1913.608556 -1914.513055 -1915.138334 -1915.660609 -1916.497422 -1918.896888 -1923.017351 -1882.946329 -1180.287185 -1194.506135 -1180.060267 -1170.566277 -1166.120603 -1165.448256 -1165.376227 -1165.382898 -1165.400896 -1165.420280 -1165.438914 -1165.456172 -1165.472221 -1165.491145 -1165.551278 -1165.953261 -1168.318144 -1173.568953 -1180.476215 -1156.078033 -1856.909123 -1916.717614 -1917.459660 -1916.645800 -1916.436840 -1916.398810 -1916.393004 -1916.392621 -1916.393063 -1916.393541 -1916.393933 -1916.394236 -1916.394472 -1916.394656 -1916.394803 -1916.394924 -1916.395027 -1916.395120 -1916.395212 -1916.395315 -1916.395444 -1916.395622 -1916.395882 -1916.396279 -1916.396902 -1916.397898 -1916.399521 -1916.402222 -1916.406824 -1916.414890 -1916.429456 -1916.456561 -1916.508462 -1916.610749 -1916.819476 -1917.266283 -1918.287172 -1920.829181 -1927.957253 -1951.518759 -9999.0 -9999.0
-9999.0 -9999.0 -9999.0 -9999.0 -9999.0 -9999.0 -9999.0 -9999.0 -9999.0 -9999.0 -9999.0 -9999.0 -9999.0 -9999.0 -9999.0 -9999.0 -9999.0 -9999.0 -9999.0 -9999.0 -9999.0 -9999.0 -9999.0 -9999.0 -9999.0 -9999.0 -9999.0 -9999.0 -9999.0 -9999.0 -9999.0 -9999.0 -9999.0 -9999.0 -9999.0 -9999.0 -9999.0 -9999.0 -9999.0 -9999.0 -9999.0 -9999.0 -9999.0 -9999.0 -9999.0 -9999.0 -9999.0 -9999.0 -9999.0 -9999.0 -9999.0 -9999.0 -9999.0 -9999.0 -9999.0 -9999.0 -9999.0 -9999.0 -9999.0 -9999.0 -9999.0 -9999.0 -9999.0 -9999.0 -9999.0 -9999.0 -9999.0 -9999.0 -9999.0 -9999.0 -9999.0 -9999.0 -9999.0 -9999.0 -9999.0 -9999.0 -9999.0 -9999.0 -9999.0 -9999.0 -9999.0 -9999.0 -9999.0 -9999.0 -9999.0 -9999.0 -9999.0 -9999.0 -9999.0 -9999.0 -9999.0 -9999.0 -9999.0 -9999.0 -9999.0 -9999.0 -9999.0 -9999.0 -9999.0 -9999.0 -9999.0 -9999.0 -9999.0 -9999.0
-9999.0 -9999.0 -9999.0 -9999.0 -9999.0 -9999.0 -9999.0 -9999.0 -9999.0 -9999.0 -9999.0 -9999.0 -9999.0 -9999.0 -9999.0 -9999.0 -9999.0 -9999.0 -9999.0 -9999.0 -9999.0 -9999.0 -9999.0 -9999.0 -9999.0 -9999.0 -9999.0 -9999.0 -9999.0 -9999.0 -9999.0 -9999.0 -9999.0 -9999.0 -9999.0 -9999.0 -9999.0 -9999.0 -9999.0 -9999.0 -9999.0 -9999.0 -9999.0 -9999.0 -9999.0 -9999.0 -9999.0 -9999.0 -9999.0 -9999.0 -9999.0 -9999.0 -9999.0 -9999.0 -9999.0 -9999.0 -9999.0 -9999.0 -9999.0 -9999.0 -9999.0 -9999.0 -9999.0 -9999.0 -9999.0 -9999.0 -9999.0 -9999.0 -9999.0 -9999.0 -9999.0 -9999.0 -9999.0 -9999.0 -9999.0 -9999.0 -9999.0 -9999.0 -9999.0 -9999.0 -9999.0 -9999.0 -9999.0 -9999.0 -9999.0 -9999.0 -9999.0 -9999.0 -9999.0 -9999.0 -9999.0 -9999.0 -9999.0 -9999.0 -9999.0 -9999.0 -9999.0 -9999.0 -9999.0 -9999.0 -9999.0 -9999.0 -9999.0 -9999.0