inst/processing_geotop_simulation/geotop_simulation/out/maps3D/PwL0015N0399.asc
ncols         104
nrows         10
xllcorner     -2.000000
yllcorner     0.000000
cellsize      1.000000
NODATA_value  -9999.0
-9999.0 -9999.0 -9999.0 -9999.0 -9999.0 -9999.0 -9999.0 -9999.0 -9999.0 -9999.0 -9999.0 -9999.0 -9999.0 -9999.0 -9999.0 -9999.0 -9999.0 -9999.0 -9999.0 -9999.0 -9999.0 -9999.0 -9999.0 -9999.0 -9999.0 -9999.0 -9999.0 -9999.0 -9999.0 -9999.0 -9999.0 -9999.0 -9999.0 -9999.0 -9999.0 -9999.0 -9999.0 -9999.0 -9999.0 -9999.0 -9999.0 -9999.0 -9999.0 -9999.0 -9999.0 -9999.0 -9999.0 -9999.0 -9999.0 -9999.0 -9999.0 -9999.0 -9999.0 -9999.0 -9999.0 -9999.0 -9999.0 -9999.0 -9999.0 -9999.0 -9999.0 -9999.0 -9999.0 -9999.0 -9999.0 -9999.0 -9999.0 -9999.0 -9999.0 -9999.0 -9999.0 -9999.0 -9999.0 -9999.0 -9999.0 -9999.0 -9999.0 -9999.0 -9999.0 -9999.0 -9999.0 -9999.0 -9999.0 -9999.0 -9999.0 -9999.0 -9999.0 -9999.0 -9999.0 -9999.0 -9999.0 -9999.0 -9999.0 -9999.0 -9999.0 -9999.0 -9999.0 -9999.0 -9999.0 -9999.0 -9999.0 -9999.0 -9999.0 -9999.0
-9999.0 -9999.0 -9999.0 -9999.0 -9999.0 -9999.0 -9999.0 -9999.0 -9999.0 -9999.0 -9999.0 -9999.0 -9999.0 -9999.0 -9999.0 -9999.0 -9999.0 -9999.0 -9999.0 -9999.0 -9999.0 -9999.0 -9999.0 -9999.0 -9999.0 -9999.0 -9999.0 -9999.0 -9999.0 -9999.0 -9999.0 -9999.0 -9999.0 -9999.0 -9999.0 -9999.0 -9999.0 -9999.0 -9999.0 -9999.0 -9999.0 -9999.0 -9999.0 -9999.0 -9999.0 -9999.0 -9999.0 -9999.0 -9999.0 -9999.0 -9999.0 -9999.0 -9999.0 -9999.0 -9999.0 -9999.0 -9999.0 -9999.0 -9999.0 -9999.0 -9999.0 -9999.0 -9999.0 -9999.0 -9999.0 -9999.0 -9999.0 -9999.0 -9999.0 -9999.0 -9999.0 -9999.0 -9999.0 -9999.0 -9999.0 -9999.0 -9999.0 -9999.0 -9999.0 -9999.0 -9999.0 -9999.0 -9999.0 -9999.0 -9999.0 -9999.0 -9999.0 -9999.0 -9999.0 -9999.0 -9999.0 -9999.0 -9999.0 -9999.0 -9999.0 -9999.0 -9999.0 -9999.0 -9999.0 -9999.0 -9999.0 -9999.0 -9999.0 -9999.0
-9999.0 -9999.0 720.772957 622.010385 523.009035 423.830268 324.566840 225.267089 125.955540 26.645531 -72.652769 -171.936874 -271.199353 -370.420705 -469.566733 -568.584763 -667.379092 -766.038950 -864.695144 -963.141865 -1061.281713 -1157.884160 -1250.640109 -1338.019735 -1417.704975 -1487.749343 -1547.004140 -1595.292803 -1633.312553 -1662.354386 -1683.977476 -1699.742138 -1711.043361 -1719.037680 -1724.635038 -1728.528139 -1731.246826 -1733.265054 -1735.290770 -1738.934633 -1746.580290 -1754.132027 -1871.535930 -4136.118758 -4208.838118 -4175.884932 -4148.275611 -4143.809895 -4143.344833 -4143.392626 -4143.513113 -4143.642047 -4143.765629 -4143.879820 -4143.985282 -4144.105005 -4144.465216 -4146.976241 -4162.664308 -4188.657569 -4038.421809 -1665.889648 -1712.985775 -1738.428445 -1738.307281 -1737.402662 -1737.142392 -1737.089671 -1737.080805 -1737.079830 -1737.080133 -1737.080569 -1737.080951 -1737.081264 -1737.081521 -1737.081736 -1737.081922 -1737.082087 -1737.082239 -1737.082384 -1737.082531 -1737.082690 -1737.082875 -1737.083105 -1737.083411 -1737.083842 -1737.084477 -1737.085450 -1737.086989 -1737.089507 -1737.093764 -1737.101208 -1737.114684 -1737.139909 -1737.188715 -1737.286595 -1737.491740 -1737.946529 -1739.025812 -1741.803004 -1749.704522 -1775.172121 -9999.0 -9999.0
-9999.0 -9999.0 720.776838 622.011681 523.009429 423.830392 324.566881 225.267104 125.955545 26.645534 -72.652768 -171.936874 -271.199353 -370.420705 -469.566733 -568.584763 -667.379092 -766.038950 -864.695144 -963.141865 -1061.281714 -1157.884160 -1250.640109 -1338.019735 -1417.704975 -1487.749343 -1547.004140 -1595.292803 -1633.312553 -1662.354386 -1683.977476 -1699.742138 -1711.043361 -1719.037680 -1724.635038 -1728.528139 -1731.246826 -1733.265054 -1735.290770 -1738.934633 -1746.580290 -1754.132027 -1871.535930 -4136.118758 -4208.838117 -4175.884930 -4148.275611 -4143.809895 -4143.344833 -4143.392626 -4143.513113 -4143.642047 -4143.765629 -4143.879820 -4143.985282 -4144.105005 -4144.465216 -4146.976241 -4162.664308 -4188.657569 -4038.421809 -1665.889648 -1712.985775 -1738.428445 -1738.307281 -1737.402662 -1737.142392 -1737.089671 -1737.080805 -1737.079830 -1737.080133 -1737.080569 -1737.080951 -1737.081264 -1737.081521 -1737.081736 -1737.081922 -1737.082087 -1737.082239 -1737.082384 -1737.082531 -1737.082690 -1737.082875 -1737.083105 -1737.083411 -1737.083842 -1737.084477 -1737.085449 -1737.086989 -1737.089507 -1737.093764 -1737.101208 -1737.114684 -1737.139909 -1737.188715 -1737.286595 -1737.491740 -1737.946529 -1739.025812 -1741.803004 -1749.704522 -1775.172121 -9999.0 -9999.0
-9999.0 -9999.0 720.778060 622.012323 523.009693 423.830490 324.566917 225.267117 125.955550 26.645536 -72.652768 -171.936873 -271.199353 -370.420705 -469.566733 -568.584763 -667.379093 -766.038950 -864.695144 -963.141866 -1061.281714 -1157.884161 -1250.640109 -1338.019735 -1417.704975 -1487.749343 -1547.004140 -1595.292803 -1633.312553 -1662.354386 -1683.977476 -1699.742138 -1711.043361 -1719.037680 -1724.635038 -1728.528139 -1731.246826 -1733.265054 -1735.290770 -1738.934633 -1746.580290 -1754.132027 -1871.535930 -4136.118758 -4208.838117 -4175.884930 -4148.275611 -4143.809895 -4143.344833 -4143.392626 -4143.513113 -4143.642047 -4143.765629 -4143.879820 -4143.985282 -4144.105005 -4144.465216 -4146.976241 -4162.664308 -4188.657569 -4038.421809 -1665.889648 -1712.985775 -1738.428445 -1738.307281 -1737.402662 -1737.142392 -1737.089671 -1737.080805 -1737.079830 -1737.080133 -1737.080569 -1737.080951 -1737.081264 -1737.081521 -1737.081736 -1737.081922 -1737.082087 -1737.082239 -1737.082384 -1737.082531 -1737.082690 -1737.082875 -1737.083105 -1737.083411 -1737.083842 -1737.084477 -1737.085449 -1737.086989 -1737.089507 -1737.093764 -1737.101208 -1737.114684 -1737.139909 -1737.188715 -1737.286595 -1737.491740 -1737.946529 -1739.025812 -1741.803004 -1749.704522 -1775.172121 -9999.0 -9999.0
-9999.0 -9999.0 720.778060 622.012323 523.009693 423.830490 324.566917 225.267117 125.955550 26.645536 -72.652768 -171.936873 -271.199352 -370.420705 -469.566733 -568.584763 -667.379093 -766.038950 -864.695144 -963.141866 -1061.281714 -1157.884161 -1250.640109 -1338.019735 -1417.704975 -1487.749343 -1547.004140 -1595.292803 -1633.312553 -1662.354386 -1683.977476 -1699.742138 -1711.043361 -1719.037680 -1724.635038 -1728.528139 -1731.246826 -1733.265054 -1735.290770 -1738.934633 -1746.580290 -1754.132027 -1871.535930 -4136.118758 -4208.838117 -4175.884930 -4148.275611 -4143.809895 -4143.344833 -4143.392626 -4143.513113 -4143.642047 -4143.765629 -4143.879820 -4143.985282 -4144.105005 -4144.465216 -4146.976241 -4162.664308 -4188.657569 -4038.421809 -1665.889648 -1712.985775 -1738.428445 -1738.307281 -1737.402662 -1737.142392 -1737.089671 -1737.080805 -1737.079830 -1737.080133 -1737.080569 -1737.080951 -1737.081264 -1737.081521 -1737.081736 -1737.081922 -1737.082087 -1737.082239 -1737.082384 -1737.082531 -1737.082690 -1737.082875 -1737.083105 -1737.083411 -1737.083842 -1737.084477 -1737.085449 -1737.086989 -1737.089507 -1737.093764 -1737.101208 -1737.114684 -1737.139909 -1737.188715 -1737.286595 -1737.491740 -1737.946529 -1739.025812 -1741.803004 -1749.704522 -1775.172121 -9999.0 -9999.0
-9999.0 -9999.0 720.776838 622.011681 523.009429 423.830392 324.566881 225.267104 125.955545 26.645534 -72.652768 -171.936874 -271.199353 -370.420705 -469.566733 -568.584763 -667.379093 -766.038950 -864.695144 -963.141865 -1061.281714 -1157.884160 -1250.640109 -1338.019735 -1417.704975 -1487.749343 -1547.004140 -1595.292803 -1633.312553 -1662.354386 -1683.977476 -1699.742138 -1711.043361 -1719.037680 -1724.635038 -1728.528139 -1731.246826 -1733.265054 -1735.290770 -1738.934633 -1746.580290 -1754.132027 -1871.535930 -4136.118758 -4208.838117 -4175.884930 -4148.275611 -4143.809895 -4143.344833 -4143.392626 -4143.513113 -4143.642047 -4143.765629 -4143.879820 -4143.985282 -4144.105005 -4144.465216 -4146.976241 -4162.664308 -4188.657569 -4038.421809 -1665.889648 -1712.985775 -1738.428445 -1738.307281 -1737.402662 -1737.142392 -1737.089671 -1737.080805 -1737.079830 -1737.080133 -1737.080569 -1737.080951 -1737.081264 -1737.081521 -1737.081736 -1737.081922 -1737.082087 -1737.082239 -1737.082384 -1737.082531 -1737.082690 -1737.082875 -1737.083105 -1737.083411 -1737.083842 -1737.084477 -1737.085449 -1737.086989 -1737.089507 -1737.093764 -1737.101208 -1737.114684 -1737.139909 -1737.188715 -1737.286595 -1737.491740 -1737.946529 -1739.025812 -1741.803004 -1749.704522 -1775.172121 -9999.0 -9999.0
-9999.0 -9999.0 720.772957 622.010385 523.009035 423.830268 324.566840 225.267089 125.955540 26.645531 -72.652769 -171.936874 -271.199353 -370.420705 -469.566733 -568.584763 -667.379092 -766.038950 -864.695144 -963.141865 -1061.281713 -1157.884160 -1250.640109 -1338.019735 -1417.704975 -1487.749343 -1547.004140 -1595.292803 -1633.312553 -1662.354386 -1683.977476 -1699.742138 -1711.043361 -1719.037680 -1724.635038 -1728.528139 -1731.246826 -1733.265054 -1735.290770 -1738.934633 -1746.580290 -1754.132027 -1871.535930 -4136.118758 -4208.838118 -4175.884932 -4148.275611 -4143.809895 -4143.344833 -4143.392626 -4143.513113 -4143.642047 -4143.765629 -4143.879820 -4143.985282 -4144.105005 -4144.465216 -4146.976241 -4162.664308 -4188.657569 -4038.421809 -1665.889648 -1712.985775 -1738.428445 -1738.307281 -1737.402662 -1737.142392 -1737.089671 -1737.080805 -1737.079830 -1737.080133 -1737.080569 -1737.080951 -1737.081264 -1737.081521 -1737.081736 -1737.081922 -1737.082087 -1737.082239 -1737.082384 -1737.082531 -1737.082690 -1737.082875 -1737.083105 -1737.083411 -1737.083842 -1737.084477 -1737.085450 -1737.086989 -1737.089507 -1737.093764 -1737.101208 -1737.114684 -1737.139909 -1737.188715 -1737.286595 -1737.491740 -1737.946529 -1739.025812 -1741.803004 -1749.704522 -1775.172121 -9999.0 -9999.0
-9999.0 -9999.0 -9999.0 -9999.0 -9999.0 -9999.0 -9999.0 -9999.0 -9999.0 -9999.0 -9999.0 -9999.0 -9999.0 -9999.0 -9999.0 -9999.0 -9999.0 -9999.0 -9999.0 -9999.0 -9999.0 -9999.0 -9999.0 -9999.0 -9999.0 -9999.0 -9999.0 -9999.0 -9999.0 -9999.0 -9999.0 -9999.0 -9999.0 -9999.0 -9999.0 -9999.0 -9999.0 -9999.0 -9999.0 -9999.0 -9999.0 -9999.0 -9999.0 -9999.0 -9999.0 -9999.0 -9999.0 -9999.0 -9999.0 -9999.0 -9999.0 -9999.0 -9999.0 -9999.0 -9999.0 -9999.0 -9999.0 -9999.0 -9999.0 -9999.0 -9999.0 -9999.0 -9999.0 -9999.0 -9999.0 -9999.0 -9999.0 -9999.0 -9999.0 -9999.0 -9999.0 -9999.0 -9999.0 -9999.0 -9999.0 -9999.0 -9999.0 -9999.0 -9999.0 -9999.0 -9999.0 -9999.0 -9999.0 -9999.0 -9999.0 -9999.0 -9999.0 -9999.0 -9999.0 -9999.0 -9999.0 -9999.0 -9999.0 -9999.0 -9999.0 -9999.0 -9999.0 -9999.0 -9999.0 -9999.0 -9999.0 -9999.0 -9999.0 -9999.0
-9999.0 -9999.0 -9999.0 -9999.0 -9999.0 -9999.0 -9999.0 -9999.0 -9999.0 -9999.0 -9999.0 -9999.0 -9999.0 -9999.0 -9999.0 -9999.0 -9999.0 -9999.0 -9999.0 -9999.0 -9999.0 -9999.0 -9999.0 -9999.0 -9999.0 -9999.0 -9999.0 -9999.0 -9999.0 -9999.0 -9999.0 -9999.0 -9999.0 -9999.0 -9999.0 -9999.0 -9999.0 -9999.0 -9999.0 -9999.0 -9999.0 -9999.0 -9999.0 -9999.0 -9999.0 -9999.0 -9999.0 -9999.0 -9999.0 -9999.0 -9999.0 -9999.0 -9999.0 -9999.0 -9999.0 -9999.0 -9999.0 -9999.0 -9999.0 -9999.0 -9999.0 -9999.0 -9999.0 -9999.0 -9999.0 -9999.0 -9999.0 -9999.0 -9999.0 -9999.0 -9999.0 -9999.0 -9999.0 -9999.0 -9999.0 -9999.0 -9999.0 -9999.0 -9999.0 -9999.0 -9999.0 -9999.0 -9999.0 -9999.0 -9999.0 -9999.0 -9999.0 -9999.0 -9999.0 -9999.0 -9999.0 -9999.0 -9999.0 -9999.0 -9999.0 -9999.0 -9999.0 -9999.0 -9999.0 -9999.0 -9999.0 -9999.0 -9999.0 -9999.0