inst/processing_geotop_simulation/geotop_simulation/out/maps3D/PwL0018N0193.asc
ncols         104
nrows         10
xllcorner     -2.000000
yllcorner     0.000000
cellsize      1.000000
NODATA_value  -9999.0
-9999.0 -9999.0 -9999.0 -9999.0 -9999.0 -9999.0 -9999.0 -9999.0 -9999.0 -9999.0 -9999.0 -9999.0 -9999.0 -9999.0 -9999.0 -9999.0 -9999.0 -9999.0 -9999.0 -9999.0 -9999.0 -9999.0 -9999.0 -9999.0 -9999.0 -9999.0 -9999.0 -9999.0 -9999.0 -9999.0 -9999.0 -9999.0 -9999.0 -9999.0 -9999.0 -9999.0 -9999.0 -9999.0 -9999.0 -9999.0 -9999.0 -9999.0 -9999.0 -9999.0 -9999.0 -9999.0 -9999.0 -9999.0 -9999.0 -9999.0 -9999.0 -9999.0 -9999.0 -9999.0 -9999.0 -9999.0 -9999.0 -9999.0 -9999.0 -9999.0 -9999.0 -9999.0 -9999.0 -9999.0 -9999.0 -9999.0 -9999.0 -9999.0 -9999.0 -9999.0 -9999.0 -9999.0 -9999.0 -9999.0 -9999.0 -9999.0 -9999.0 -9999.0 -9999.0 -9999.0 -9999.0 -9999.0 -9999.0 -9999.0 -9999.0 -9999.0 -9999.0 -9999.0 -9999.0 -9999.0 -9999.0 -9999.0 -9999.0 -9999.0 -9999.0 -9999.0 -9999.0 -9999.0 -9999.0 -9999.0 -9999.0 -9999.0 -9999.0 -9999.0
-9999.0 -9999.0 -9999.0 -9999.0 -9999.0 -9999.0 -9999.0 -9999.0 -9999.0 -9999.0 -9999.0 -9999.0 -9999.0 -9999.0 -9999.0 -9999.0 -9999.0 -9999.0 -9999.0 -9999.0 -9999.0 -9999.0 -9999.0 -9999.0 -9999.0 -9999.0 -9999.0 -9999.0 -9999.0 -9999.0 -9999.0 -9999.0 -9999.0 -9999.0 -9999.0 -9999.0 -9999.0 -9999.0 -9999.0 -9999.0 -9999.0 -9999.0 -9999.0 -9999.0 -9999.0 -9999.0 -9999.0 -9999.0 -9999.0 -9999.0 -9999.0 -9999.0 -9999.0 -9999.0 -9999.0 -9999.0 -9999.0 -9999.0 -9999.0 -9999.0 -9999.0 -9999.0 -9999.0 -9999.0 -9999.0 -9999.0 -9999.0 -9999.0 -9999.0 -9999.0 -9999.0 -9999.0 -9999.0 -9999.0 -9999.0 -9999.0 -9999.0 -9999.0 -9999.0 -9999.0 -9999.0 -9999.0 -9999.0 -9999.0 -9999.0 -9999.0 -9999.0 -9999.0 -9999.0 -9999.0 -9999.0 -9999.0 -9999.0 -9999.0 -9999.0 -9999.0 -9999.0 -9999.0 -9999.0 -9999.0 -9999.0 -9999.0 -9999.0 -9999.0
-9999.0 -9999.0 878.502927 782.591392 686.202589 589.273908 492.062125 394.723611 297.342301 199.964746 102.615586 5.311703 -91.926586 -189.082454 -286.076631 -382.760680 -478.869301 -573.992625 -667.506554 -761.614055 -854.580229 -946.167128 -1036.203386 -1110.105833 -1172.661550 -1223.205401 -1262.312866 -1291.433546 -1312.419511 -1327.136671 -1337.231981 -1344.037228 -1348.564176 -1351.546829 -1353.499818 -1354.777159 -1355.627294 -1356.266500 -1357.127471 -1360.066838 -1373.677482 -1445.673325 -1998.815239 -4057.456951 -4084.156683 -4084.158415 -4084.158388 -4084.158033 -4084.156158 -4084.149507 -4084.130104 -4084.071040 -4083.969065 -4083.832514 -4083.598792 -4083.131663 -4082.076443 -4079.454382 -4072.448236 -4052.795034 -3941.527247 -1776.355500 -1407.688877 -1366.602359 -1358.890316 -1357.563670 -1357.359283 -1357.328845 -1357.324851 -1357.325073 -1357.325880 -1357.326626 -1357.327218 -1357.327673 -1357.328024 -1357.328299 -1357.328518 -1357.328696 -1357.328846 -1357.328981 -1357.329113 -1357.329258 -1357.329440 -1357.329689 -1357.330055 -1357.330615 -1357.331492 -1357.332895 -1357.335175 -1357.338953 -1357.345354 -1357.356496 -1357.376477 -1357.413406 -1357.483645 -1357.621016 -1357.898648 -1358.486275 -1359.810262 -1363.009488 -1371.348354 -1396.021016 -9999.0 -9999.0
-9999.0 -9999.0 878.506636 782.592753 686.203025 589.274048 492.062172 394.723628 297.342306 199.964748 102.615587 5.311703 -91.926586 -189.082454 -286.076631 -382.760680 -478.869301 -573.992625 -667.506554 -761.614055 -854.580230 -946.167129 -1036.203387 -1110.105833 -1172.661550 -1223.205402 -1262.312866 -1291.433546 -1312.419511 -1327.136671 -1337.231981 -1344.037228 -1348.564176 -1351.546829 -1353.499818 -1354.777159 -1355.627294 -1356.266500 -1357.127471 -1360.066838 -1373.677482 -1445.673325 -1998.815238 -4057.456951 -4084.156683 -4084.158415 -4084.158388 -4084.158033 -4084.156158 -4084.149507 -4084.130104 -4084.071040 -4083.969065 -4083.832514 -4083.598792 -4083.131663 -4082.076443 -4079.454382 -4072.448236 -4052.795034 -3941.527247 -1776.355500 -1407.688877 -1366.602359 -1358.890316 -1357.563670 -1357.359283 -1357.328845 -1357.324851 -1357.325073 -1357.325880 -1357.326626 -1357.327218 -1357.327673 -1357.328024 -1357.328299 -1357.328518 -1357.328696 -1357.328846 -1357.328981 -1357.329113 -1357.329258 -1357.329440 -1357.329689 -1357.330055 -1357.330615 -1357.331492 -1357.332895 -1357.335175 -1357.338953 -1357.345354 -1357.356496 -1357.376477 -1357.413406 -1357.483645 -1357.621016 -1357.898648 -1358.486275 -1359.810262 -1363.009488 -1371.348354 -1396.021016 -9999.0 -9999.0
-9999.0 -9999.0 878.507973 782.593464 686.203323 589.274162 492.062214 394.723643 297.342312 199.964750 102.615588 5.311704 -91.926586 -189.082454 -286.076631 -382.760680 -478.869301 -573.992625 -667.506554 -761.614055 -854.580230 -946.167129 -1036.203387 -1110.105833 -1172.661551 -1223.205402 -1262.312866 -1291.433547 -1312.419511 -1327.136672 -1337.231981 -1344.037228 -1348.564176 -1351.546829 -1353.499818 -1354.777159 -1355.627294 -1356.266500 -1357.127471 -1360.066838 -1373.677482 -1445.673325 -1998.815238 -4057.456951 -4084.156683 -4084.158415 -4084.158388 -4084.158033 -4084.156158 -4084.149507 -4084.130104 -4084.071040 -4083.969065 -4083.832514 -4083.598792 -4083.131663 -4082.076443 -4079.454382 -4072.448236 -4052.795034 -3941.527247 -1776.355500 -1407.688877 -1366.602359 -1358.890316 -1357.563670 -1357.359283 -1357.328845 -1357.324851 -1357.325073 -1357.325880 -1357.326626 -1357.327218 -1357.327673 -1357.328024 -1357.328299 -1357.328518 -1357.328696 -1357.328846 -1357.328981 -1357.329113 -1357.329258 -1357.329440 -1357.329689 -1357.330055 -1357.330615 -1357.331492 -1357.332895 -1357.335175 -1357.338953 -1357.345354 -1357.356496 -1357.376477 -1357.413406 -1357.483645 -1357.621016 -1357.898648 -1358.486275 -1359.810262 -1363.009488 -1371.348354 -1396.021016 -9999.0 -9999.0
-9999.0 -9999.0 878.507973 782.593464 686.203323 589.274161 492.062214 394.723643 297.342312 199.964750 102.615588 5.311704 -91.926586 -189.082454 -286.076631 -382.760680 -478.869301 -573.992625 -667.506554 -761.614055 -854.580230 -946.167129 -1036.203387 -1110.105833 -1172.661551 -1223.205402 -1262.312866 -1291.433547 -1312.419511 -1327.136672 -1337.231981 -1344.037228 -1348.564176 -1351.546829 -1353.499818 -1354.777159 -1355.627294 -1356.266500 -1357.127471 -1360.066838 -1373.677482 -1445.673325 -1998.815238 -4057.456951 -4084.156683 -4084.158415 -4084.158388 -4084.158033 -4084.156158 -4084.149507 -4084.130104 -4084.071040 -4083.969065 -4083.832514 -4083.598792 -4083.131663 -4082.076443 -4079.454382 -4072.448236 -4052.795034 -3941.527247 -1776.355500 -1407.688877 -1366.602359 -1358.890316 -1357.563670 -1357.359283 -1357.328845 -1357.324851 -1357.325073 -1357.325880 -1357.326626 -1357.327218 -1357.327673 -1357.328024 -1357.328299 -1357.328518 -1357.328696 -1357.328846 -1357.328981 -1357.329113 -1357.329258 -1357.329440 -1357.329689 -1357.330055 -1357.330615 -1357.331492 -1357.332895 -1357.335175 -1357.338953 -1357.345354 -1357.356496 -1357.376477 -1357.413406 -1357.483645 -1357.621016 -1357.898648 -1358.486275 -1359.810262 -1363.009488 -1371.348354 -1396.021016 -9999.0 -9999.0
-9999.0 -9999.0 878.506636 782.592753 686.203025 589.274048 492.062172 394.723628 297.342306 199.964748 102.615587 5.311703 -91.926586 -189.082454 -286.076631 -382.760680 -478.869301 -573.992625 -667.506554 -761.614055 -854.580230 -946.167129 -1036.203387 -1110.105833 -1172.661550 -1223.205402 -1262.312866 -1291.433546 -1312.419511 -1327.136671 -1337.231981 -1344.037228 -1348.564176 -1351.546829 -1353.499818 -1354.777159 -1355.627294 -1356.266500 -1357.127471 -1360.066838 -1373.677482 -1445.673325 -1998.815238 -4057.456951 -4084.156683 -4084.158415 -4084.158388 -4084.158033 -4084.156158 -4084.149507 -4084.130104 -4084.071040 -4083.969065 -4083.832514 -4083.598792 -4083.131663 -4082.076443 -4079.454382 -4072.448236 -4052.795034 -3941.527248 -1776.355500 -1407.688877 -1366.602359 -1358.890316 -1357.563670 -1357.359283 -1357.328845 -1357.324851 -1357.325073 -1357.325880 -1357.326626 -1357.327218 -1357.327673 -1357.328024 -1357.328299 -1357.328518 -1357.328696 -1357.328846 -1357.328981 -1357.329113 -1357.329258 -1357.329440 -1357.329689 -1357.330055 -1357.330615 -1357.331492 -1357.332895 -1357.335175 -1357.338953 -1357.345354 -1357.356496 -1357.376477 -1357.413406 -1357.483645 -1357.621016 -1357.898648 -1358.486275 -1359.810262 -1363.009488 -1371.348354 -1396.021016 -9999.0 -9999.0
-9999.0 -9999.0 878.502927 782.591392 686.202589 589.273908 492.062125 394.723611 297.342301 199.964746 102.615586 5.311703 -91.926586 -189.082454 -286.076632 -382.760680 -478.869301 -573.992625 -667.506554 -761.614055 -854.580229 -946.167128 -1036.203386 -1110.105833 -1172.661550 -1223.205401 -1262.312866 -1291.433546 -1312.419511 -1327.136671 -1337.231981 -1344.037228 -1348.564176 -1351.546829 -1353.499818 -1354.777159 -1355.627294 -1356.266500 -1357.127471 -1360.066838 -1373.677482 -1445.673325 -1998.815239 -4057.456951 -4084.156683 -4084.158415 -4084.158388 -4084.158033 -4084.156158 -4084.149507 -4084.130104 -4084.071040 -4083.969065 -4083.832514 -4083.598792 -4083.131663 -4082.076443 -4079.454382 -4072.448236 -4052.795034 -3941.527248 -1776.355500 -1407.688877 -1366.602359 -1358.890316 -1357.563670 -1357.359283 -1357.328845 -1357.324851 -1357.325073 -1357.325880 -1357.326626 -1357.327218 -1357.327673 -1357.328024 -1357.328299 -1357.328518 -1357.328696 -1357.328846 -1357.328981 -1357.329113 -1357.329258 -1357.329440 -1357.329689 -1357.330055 -1357.330615 -1357.331492 -1357.332895 -1357.335175 -1357.338953 -1357.345354 -1357.356496 -1357.376477 -1357.413406 -1357.483645 -1357.621016 -1357.898648 -1358.486275 -1359.810262 -1363.009488 -1371.348354 -1396.021016 -9999.0 -9999.0
-9999.0 -9999.0 -9999.0 -9999.0 -9999.0 -9999.0 -9999.0 -9999.0 -9999.0 -9999.0 -9999.0 -9999.0 -9999.0 -9999.0 -9999.0 -9999.0 -9999.0 -9999.0 -9999.0 -9999.0 -9999.0 -9999.0 -9999.0 -9999.0 -9999.0 -9999.0 -9999.0 -9999.0 -9999.0 -9999.0 -9999.0 -9999.0 -9999.0 -9999.0 -9999.0 -9999.0 -9999.0 -9999.0 -9999.0 -9999.0 -9999.0 -9999.0 -9999.0 -9999.0 -9999.0 -9999.0 -9999.0 -9999.0 -9999.0 -9999.0 -9999.0 -9999.0 -9999.0 -9999.0 -9999.0 -9999.0 -9999.0 -9999.0 -9999.0 -9999.0 -9999.0 -9999.0 -9999.0 -9999.0 -9999.0 -9999.0 -9999.0 -9999.0 -9999.0 -9999.0 -9999.0 -9999.0 -9999.0 -9999.0 -9999.0 -9999.0 -9999.0 -9999.0 -9999.0 -9999.0 -9999.0 -9999.0 -9999.0 -9999.0 -9999.0 -9999.0 -9999.0 -9999.0 -9999.0 -9999.0 -9999.0 -9999.0 -9999.0 -9999.0 -9999.0 -9999.0 -9999.0 -9999.0 -9999.0 -9999.0 -9999.0 -9999.0 -9999.0 -9999.0
-9999.0 -9999.0 -9999.0 -9999.0 -9999.0 -9999.0 -9999.0 -9999.0 -9999.0 -9999.0 -9999.0 -9999.0 -9999.0 -9999.0 -9999.0 -9999.0 -9999.0 -9999.0 -9999.0 -9999.0 -9999.0 -9999.0 -9999.0 -9999.0 -9999.0 -9999.0 -9999.0 -9999.0 -9999.0 -9999.0 -9999.0 -9999.0 -9999.0 -9999.0 -9999.0 -9999.0 -9999.0 -9999.0 -9999.0 -9999.0 -9999.0 -9999.0 -9999.0 -9999.0 -9999.0 -9999.0 -9999.0 -9999.0 -9999.0 -9999.0 -9999.0 -9999.0 -9999.0 -9999.0 -9999.0 -9999.0 -9999.0 -9999.0 -9999.0 -9999.0 -9999.0 -9999.0 -9999.0 -9999.0 -9999.0 -9999.0 -9999.0 -9999.0 -9999.0 -9999.0 -9999.0 -9999.0 -9999.0 -9999.0 -9999.0 -9999.0 -9999.0 -9999.0 -9999.0 -9999.0 -9999.0 -9999.0 -9999.0 -9999.0 -9999.0 -9999.0 -9999.0 -9999.0 -9999.0 -9999.0 -9999.0 -9999.0 -9999.0 -9999.0 -9999.0 -9999.0 -9999.0 -9999.0 -9999.0 -9999.0 -9999.0 -9999.0 -9999.0 -9999.0