inst/processing_geotop_simulation/geotop_simulation/out/maps3D/PwL0000N0428.asc
ncols         104
nrows         10
xllcorner     -2.000000
yllcorner     0.000000
cellsize      1.000000
NODATA_value  -9999.0
-9999.0 -9999.0 -9999.0 -9999.0 -9999.0 -9999.0 -9999.0 -9999.0 -9999.0 -9999.0 -9999.0 -9999.0 -9999.0 -9999.0 -9999.0 -9999.0 -9999.0 -9999.0 -9999.0 -9999.0 -9999.0 -9999.0 -9999.0 -9999.0 -9999.0 -9999.0 -9999.0 -9999.0 -9999.0 -9999.0 -9999.0 -9999.0 -9999.0 -9999.0 -9999.0 -9999.0 -9999.0 -9999.0 -9999.0 -9999.0 -9999.0 -9999.0 -9999.0 -9999.0 -9999.0 -9999.0 -9999.0 -9999.0 -9999.0 -9999.0 -9999.0 -9999.0 -9999.0 -9999.0 -9999.0 -9999.0 -9999.0 -9999.0 -9999.0 -9999.0 -9999.0 -9999.0 -9999.0 -9999.0 -9999.0 -9999.0 -9999.0 -9999.0 -9999.0 -9999.0 -9999.0 -9999.0 -9999.0 -9999.0 -9999.0 -9999.0 -9999.0 -9999.0 -9999.0 -9999.0 -9999.0 -9999.0 -9999.0 -9999.0 -9999.0 -9999.0 -9999.0 -9999.0 -9999.0 -9999.0 -9999.0 -9999.0 -9999.0 -9999.0 -9999.0 -9999.0 -9999.0 -9999.0 -9999.0 -9999.0 -9999.0 -9999.0 -9999.0 -9999.0
-9999.0 -9999.0 -9999.0 -9999.0 -9999.0 -9999.0 -9999.0 -9999.0 -9999.0 -9999.0 -9999.0 -9999.0 -9999.0 -9999.0 -9999.0 -9999.0 -9999.0 -9999.0 -9999.0 -9999.0 -9999.0 -9999.0 -9999.0 -9999.0 -9999.0 -9999.0 -9999.0 -9999.0 -9999.0 -9999.0 -9999.0 -9999.0 -9999.0 -9999.0 -9999.0 -9999.0 -9999.0 -9999.0 -9999.0 -9999.0 -9999.0 -9999.0 -9999.0 -9999.0 -9999.0 -9999.0 -9999.0 -9999.0 -9999.0 -9999.0 -9999.0 -9999.0 -9999.0 -9999.0 -9999.0 -9999.0 -9999.0 -9999.0 -9999.0 -9999.0 -9999.0 -9999.0 -9999.0 -9999.0 -9999.0 -9999.0 -9999.0 -9999.0 -9999.0 -9999.0 -9999.0 -9999.0 -9999.0 -9999.0 -9999.0 -9999.0 -9999.0 -9999.0 -9999.0 -9999.0 -9999.0 -9999.0 -9999.0 -9999.0 -9999.0 -9999.0 -9999.0 -9999.0 -9999.0 -9999.0 -9999.0 -9999.0 -9999.0 -9999.0 -9999.0 -9999.0 -9999.0 -9999.0 -9999.0 -9999.0 -9999.0 -9999.0 -9999.0 -9999.0
-9999.0 -9999.0 0.027269 -96.505635 -195.464993 -294.694804 -394.023335 -493.387240 -592.754595 -692.100669 -791.391468 -890.603205 -989.714488 -1088.697393 -1187.643009 -1286.525200 -1385.120747 -1483.244851 -1580.543973 -1676.311248 -1769.170092 -1856.705627 -1935.719219 -2003.413449 -2058.508266 -2101.418782 -2133.698222 -2157.346240 -2174.325636 -2186.328375 -2194.709344 -2200.504223 -2204.479772 -2207.190525 -2209.030943 -2210.280773 -2211.150429 -2211.860652 -2212.862095 -2215.092827 -2215.015804 -2143.300503 -1327.485595 -1323.412330 -1313.604707 -1307.105007 -1304.043208 -1303.554895 -1303.501114 -1303.505554 -1303.518380 -1303.532240 -1303.545573 -1303.557927 -1303.569452 -1303.583352 -1303.628980 -1303.927185 -1305.578437 -1309.205818 -1313.992414 -1310.954424 -2119.036833 -2209.311563 -2213.690767 -2213.173872 -2212.965029 -2212.921305 -2212.914022 -2212.913286 -2212.913595 -2212.913995 -2212.914333 -2212.914598 -2212.914806 -2212.914971 -2212.915104 -2212.915215 -2212.915311 -2212.915399 -2212.915487 -2212.915585 -2212.915706 -2212.915871 -2212.916108 -2212.916466 -2212.917023 -2212.917910 -2212.919353 -2212.921756 -2212.925860 -2212.933076 -2212.946163 -2212.970629 -2213.017746 -2213.111383 -2213.304863 -2213.726297 -2214.710876 -2217.230462 -2224.495341 -2248.764186 -9999.0 -9999.0
-9999.0 -9999.0 0.082024 -96.503799 -195.464535 -294.694671 -394.023292 -493.387225 -592.754589 -692.100667 -791.391467 -890.603204 -989.714488 -1088.697393 -1187.643009 -1286.525201 -1385.120747 -1483.244852 -1580.543973 -1676.311248 -1769.170092 -1856.705627 -1935.719219 -2003.413449 -2058.508266 -2101.418782 -2133.698222 -2157.346240 -2174.325636 -2186.328375 -2194.709344 -2200.504223 -2204.479772 -2207.190525 -2209.030943 -2210.280773 -2211.150429 -2211.860652 -2212.862095 -2215.092827 -2215.015804 -2143.300503 -1327.485595 -1323.412330 -1313.604707 -1307.105007 -1304.043208 -1303.554895 -1303.501114 -1303.505554 -1303.518380 -1303.532240 -1303.545573 -1303.557927 -1303.569452 -1303.583352 -1303.628980 -1303.927185 -1305.578437 -1309.205818 -1313.992414 -1310.954424 -2119.036833 -2209.311563 -2213.690767 -2213.173872 -2212.965029 -2212.921305 -2212.914022 -2212.913286 -2212.913595 -2212.913995 -2212.914333 -2212.914598 -2212.914806 -2212.914971 -2212.915104 -2212.915215 -2212.915311 -2212.915399 -2212.915487 -2212.915585 -2212.915706 -2212.915871 -2212.916108 -2212.916466 -2212.917023 -2212.917910 -2212.919353 -2212.921756 -2212.925860 -2212.933076 -2212.946163 -2212.970629 -2213.017746 -2213.111383 -2213.304863 -2213.726297 -2214.710876 -2217.230462 -2224.495341 -2248.764186 -9999.0 -9999.0
-9999.0 -9999.0 0.082043 -96.503063 -195.464246 -294.694566 -394.023255 -493.387211 -592.754584 -692.100665 -791.391466 -890.603204 -989.714488 -1088.697393 -1187.643009 -1286.525201 -1385.120747 -1483.244852 -1580.543973 -1676.311248 -1769.170093 -1856.705627 -1935.719219 -2003.413449 -2058.508266 -2101.418782 -2133.698222 -2157.346240 -2174.325636 -2186.328375 -2194.709344 -2200.504223 -2204.479772 -2207.190525 -2209.030943 -2210.280773 -2211.150429 -2211.860652 -2212.862095 -2215.092827 -2215.015804 -2143.300503 -1327.485595 -1323.412330 -1313.604707 -1307.105007 -1304.043208 -1303.554895 -1303.501114 -1303.505554 -1303.518380 -1303.532240 -1303.545573 -1303.557927 -1303.569452 -1303.583352 -1303.628980 -1303.927185 -1305.578437 -1309.205818 -1313.992414 -1310.954424 -2119.036833 -2209.311563 -2213.690767 -2213.173872 -2212.965029 -2212.921305 -2212.914022 -2212.913286 -2212.913595 -2212.913995 -2212.914333 -2212.914598 -2212.914806 -2212.914971 -2212.915104 -2212.915215 -2212.915311 -2212.915399 -2212.915487 -2212.915585 -2212.915706 -2212.915871 -2212.916108 -2212.916466 -2212.917023 -2212.917910 -2212.919353 -2212.921756 -2212.925860 -2212.933076 -2212.946163 -2212.970629 -2213.017746 -2213.111383 -2213.304863 -2213.726297 -2214.710876 -2217.230462 -2224.495341 -2248.764186 -9999.0 -9999.0
-9999.0 -9999.0 0.082043 -96.503063 -195.464246 -294.694566 -394.023255 -493.387211 -592.754584 -692.100665 -791.391466 -890.603204 -989.714488 -1088.697393 -1187.643009 -1286.525201 -1385.120747 -1483.244852 -1580.543973 -1676.311248 -1769.170093 -1856.705627 -1935.719219 -2003.413449 -2058.508266 -2101.418782 -2133.698222 -2157.346240 -2174.325636 -2186.328375 -2194.709344 -2200.504223 -2204.479772 -2207.190525 -2209.030943 -2210.280773 -2211.150429 -2211.860652 -2212.862095 -2215.092827 -2215.015804 -2143.300503 -1327.485595 -1323.412330 -1313.604707 -1307.105007 -1304.043208 -1303.554895 -1303.501114 -1303.505554 -1303.518380 -1303.532240 -1303.545573 -1303.557927 -1303.569452 -1303.583352 -1303.628980 -1303.927185 -1305.578437 -1309.205818 -1313.992414 -1310.954424 -2119.036833 -2209.311563 -2213.690767 -2213.173872 -2212.965029 -2212.921305 -2212.914022 -2212.913286 -2212.913595 -2212.913995 -2212.914333 -2212.914598 -2212.914806 -2212.914971 -2212.915104 -2212.915215 -2212.915311 -2212.915399 -2212.915487 -2212.915585 -2212.915706 -2212.915871 -2212.916108 -2212.916466 -2212.917023 -2212.917910 -2212.919353 -2212.921756 -2212.925860 -2212.933076 -2212.946163 -2212.970629 -2213.017746 -2213.111383 -2213.304863 -2213.726297 -2214.710876 -2217.230462 -2224.495341 -2248.764186 -9999.0 -9999.0
-9999.0 -9999.0 0.082024 -96.503799 -195.464535 -294.694671 -394.023292 -493.387225 -592.754589 -692.100667 -791.391467 -890.603204 -989.714488 -1088.697393 -1187.643009 -1286.525201 -1385.120747 -1483.244851 -1580.543973 -1676.311248 -1769.170092 -1856.705627 -1935.719219 -2003.413449 -2058.508266 -2101.418782 -2133.698222 -2157.346240 -2174.325636 -2186.328375 -2194.709344 -2200.504223 -2204.479772 -2207.190525 -2209.030943 -2210.280773 -2211.150429 -2211.860652 -2212.862095 -2215.092827 -2215.015804 -2143.300503 -1327.485595 -1323.412330 -1313.604707 -1307.105007 -1304.043208 -1303.554895 -1303.501114 -1303.505554 -1303.518380 -1303.532240 -1303.545573 -1303.557927 -1303.569452 -1303.583352 -1303.628980 -1303.927185 -1305.578437 -1309.205818 -1313.992414 -1310.954424 -2119.036833 -2209.311563 -2213.690767 -2213.173872 -2212.965029 -2212.921305 -2212.914022 -2212.913286 -2212.913595 -2212.913995 -2212.914333 -2212.914598 -2212.914806 -2212.914971 -2212.915104 -2212.915215 -2212.915311 -2212.915399 -2212.915487 -2212.915585 -2212.915706 -2212.915871 -2212.916108 -2212.916466 -2212.917023 -2212.917910 -2212.919353 -2212.921756 -2212.925860 -2212.933076 -2212.946163 -2212.970629 -2213.017746 -2213.111383 -2213.304863 -2213.726297 -2214.710876 -2217.230462 -2224.495341 -2248.764186 -9999.0 -9999.0
-9999.0 -9999.0 0.027269 -96.505635 -195.464993 -294.694804 -394.023335 -493.387240 -592.754595 -692.100669 -791.391468 -890.603205 -989.714488 -1088.697393 -1187.643009 -1286.525201 -1385.120747 -1483.244851 -1580.543973 -1676.311248 -1769.170092 -1856.705627 -1935.719219 -2003.413449 -2058.508266 -2101.418782 -2133.698222 -2157.346240 -2174.325636 -2186.328375 -2194.709344 -2200.504223 -2204.479772 -2207.190525 -2209.030943 -2210.280773 -2211.150429 -2211.860652 -2212.862095 -2215.092827 -2215.015804 -2143.300503 -1327.485595 -1323.412330 -1313.604707 -1307.105007 -1304.043208 -1303.554895 -1303.501114 -1303.505554 -1303.518380 -1303.532240 -1303.545573 -1303.557927 -1303.569452 -1303.583352 -1303.628980 -1303.927185 -1305.578437 -1309.205818 -1313.992414 -1310.954424 -2119.036833 -2209.311563 -2213.690767 -2213.173872 -2212.965029 -2212.921305 -2212.914022 -2212.913286 -2212.913595 -2212.913995 -2212.914333 -2212.914598 -2212.914806 -2212.914971 -2212.915104 -2212.915215 -2212.915311 -2212.915399 -2212.915487 -2212.915585 -2212.915706 -2212.915871 -2212.916108 -2212.916466 -2212.917023 -2212.917910 -2212.919353 -2212.921756 -2212.925860 -2212.933076 -2212.946163 -2212.970629 -2213.017746 -2213.111383 -2213.304863 -2213.726297 -2214.710876 -2217.230462 -2224.495341 -2248.764186 -9999.0 -9999.0
-9999.0 -9999.0 -9999.0 -9999.0 -9999.0 -9999.0 -9999.0 -9999.0 -9999.0 -9999.0 -9999.0 -9999.0 -9999.0 -9999.0 -9999.0 -9999.0 -9999.0 -9999.0 -9999.0 -9999.0 -9999.0 -9999.0 -9999.0 -9999.0 -9999.0 -9999.0 -9999.0 -9999.0 -9999.0 -9999.0 -9999.0 -9999.0 -9999.0 -9999.0 -9999.0 -9999.0 -9999.0 -9999.0 -9999.0 -9999.0 -9999.0 -9999.0 -9999.0 -9999.0 -9999.0 -9999.0 -9999.0 -9999.0 -9999.0 -9999.0 -9999.0 -9999.0 -9999.0 -9999.0 -9999.0 -9999.0 -9999.0 -9999.0 -9999.0 -9999.0 -9999.0 -9999.0 -9999.0 -9999.0 -9999.0 -9999.0 -9999.0 -9999.0 -9999.0 -9999.0 -9999.0 -9999.0 -9999.0 -9999.0 -9999.0 -9999.0 -9999.0 -9999.0 -9999.0 -9999.0 -9999.0 -9999.0 -9999.0 -9999.0 -9999.0 -9999.0 -9999.0 -9999.0 -9999.0 -9999.0 -9999.0 -9999.0 -9999.0 -9999.0 -9999.0 -9999.0 -9999.0 -9999.0 -9999.0 -9999.0 -9999.0 -9999.0 -9999.0 -9999.0
-9999.0 -9999.0 -9999.0 -9999.0 -9999.0 -9999.0 -9999.0 -9999.0 -9999.0 -9999.0 -9999.0 -9999.0 -9999.0 -9999.0 -9999.0 -9999.0 -9999.0 -9999.0 -9999.0 -9999.0 -9999.0 -9999.0 -9999.0 -9999.0 -9999.0 -9999.0 -9999.0 -9999.0 -9999.0 -9999.0 -9999.0 -9999.0 -9999.0 -9999.0 -9999.0 -9999.0 -9999.0 -9999.0 -9999.0 -9999.0 -9999.0 -9999.0 -9999.0 -9999.0 -9999.0 -9999.0 -9999.0 -9999.0 -9999.0 -9999.0 -9999.0 -9999.0 -9999.0 -9999.0 -9999.0 -9999.0 -9999.0 -9999.0 -9999.0 -9999.0 -9999.0 -9999.0 -9999.0 -9999.0 -9999.0 -9999.0 -9999.0 -9999.0 -9999.0 -9999.0 -9999.0 -9999.0 -9999.0 -9999.0 -9999.0 -9999.0 -9999.0 -9999.0 -9999.0 -9999.0 -9999.0 -9999.0 -9999.0 -9999.0 -9999.0 -9999.0 -9999.0 -9999.0 -9999.0 -9999.0 -9999.0 -9999.0 -9999.0 -9999.0 -9999.0 -9999.0 -9999.0 -9999.0 -9999.0 -9999.0 -9999.0 -9999.0 -9999.0 -9999.0