inst/processing_geotop_simulation/geotop_simulation/out/maps3D/PwL0011N0167.asc
ncols         104
nrows         10
xllcorner     -2.000000
yllcorner     0.000000
cellsize      1.000000
NODATA_value  -9999.0
-9999.0 -9999.0 -9999.0 -9999.0 -9999.0 -9999.0 -9999.0 -9999.0 -9999.0 -9999.0 -9999.0 -9999.0 -9999.0 -9999.0 -9999.0 -9999.0 -9999.0 -9999.0 -9999.0 -9999.0 -9999.0 -9999.0 -9999.0 -9999.0 -9999.0 -9999.0 -9999.0 -9999.0 -9999.0 -9999.0 -9999.0 -9999.0 -9999.0 -9999.0 -9999.0 -9999.0 -9999.0 -9999.0 -9999.0 -9999.0 -9999.0 -9999.0 -9999.0 -9999.0 -9999.0 -9999.0 -9999.0 -9999.0 -9999.0 -9999.0 -9999.0 -9999.0 -9999.0 -9999.0 -9999.0 -9999.0 -9999.0 -9999.0 -9999.0 -9999.0 -9999.0 -9999.0 -9999.0 -9999.0 -9999.0 -9999.0 -9999.0 -9999.0 -9999.0 -9999.0 -9999.0 -9999.0 -9999.0 -9999.0 -9999.0 -9999.0 -9999.0 -9999.0 -9999.0 -9999.0 -9999.0 -9999.0 -9999.0 -9999.0 -9999.0 -9999.0 -9999.0 -9999.0 -9999.0 -9999.0 -9999.0 -9999.0 -9999.0 -9999.0 -9999.0 -9999.0 -9999.0 -9999.0 -9999.0 -9999.0 -9999.0 -9999.0 -9999.0 -9999.0
-9999.0 -9999.0 -9999.0 -9999.0 -9999.0 -9999.0 -9999.0 -9999.0 -9999.0 -9999.0 -9999.0 -9999.0 -9999.0 -9999.0 -9999.0 -9999.0 -9999.0 -9999.0 -9999.0 -9999.0 -9999.0 -9999.0 -9999.0 -9999.0 -9999.0 -9999.0 -9999.0 -9999.0 -9999.0 -9999.0 -9999.0 -9999.0 -9999.0 -9999.0 -9999.0 -9999.0 -9999.0 -9999.0 -9999.0 -9999.0 -9999.0 -9999.0 -9999.0 -9999.0 -9999.0 -9999.0 -9999.0 -9999.0 -9999.0 -9999.0 -9999.0 -9999.0 -9999.0 -9999.0 -9999.0 -9999.0 -9999.0 -9999.0 -9999.0 -9999.0 -9999.0 -9999.0 -9999.0 -9999.0 -9999.0 -9999.0 -9999.0 -9999.0 -9999.0 -9999.0 -9999.0 -9999.0 -9999.0 -9999.0 -9999.0 -9999.0 -9999.0 -9999.0 -9999.0 -9999.0 -9999.0 -9999.0 -9999.0 -9999.0 -9999.0 -9999.0 -9999.0 -9999.0 -9999.0 -9999.0 -9999.0 -9999.0 -9999.0 -9999.0 -9999.0 -9999.0 -9999.0 -9999.0 -9999.0 -9999.0 -9999.0 -9999.0 -9999.0 -9999.0
-9999.0 -9999.0 532.460611 439.829629 345.062913 249.203945 152.870122 56.334344 -40.259565 -136.844083 -233.359643 -329.699749 -425.665175 -520.893310 -614.984656 -708.595436 -802.532371 -896.151639 -989.271606 -1079.181204 -1159.977508 -1228.638666 -1283.235404 -1324.205398 -1353.587949 -1373.996253 -1387.873031 -1397.170297 -1403.325017 -1407.354145 -1409.964851 -1411.641643 -1412.711359 -1413.390773 -1413.821467 -1414.096712 -1414.284981 -1414.463990 -1414.873783 -1416.881623 -1427.485907 -1478.283245 -1720.199791 -2924.301960 -2562.778629 -2369.190334 -2287.762757 -2277.910037 -2276.930324 -2277.032773 -2277.287540 -2277.560239 -2277.821961 -2278.064129 -2278.287929 -2278.539994 -2279.287273 -2284.681989 -2325.318373 -2422.572316 -2587.098784 -1537.374789 -1448.723528 -1421.992715 -1415.875367 -1414.864489 -1414.714926 -1414.692433 -1414.689694 -1414.690288 -1414.691306 -1414.692196 -1414.692891 -1414.693419 -1414.693823 -1414.694137 -1414.694385 -1414.694586 -1414.694753 -1414.694901 -1414.695046 -1414.695206 -1414.695408 -1414.695687 -1414.696100 -1414.696735 -1414.697734 -1414.699331 -1414.701923 -1414.706205 -1414.713428 -1414.725931 -1414.748215 -1414.789137 -1414.866397 -1415.015861 -1415.312183 -1415.919562 -1417.229977 -1420.261381 -1427.936650 -1450.789876 -9999.0 -9999.0
-9999.0 -9999.0 532.466963 439.831474 345.063436 249.204105 152.870174 56.334361 -40.259559 -136.844080 -233.359642 -329.699749 -425.665175 -520.893310 -614.984656 -708.595437 -802.532371 -896.151639 -989.271607 -1079.181204 -1159.977508 -1228.638666 -1283.235405 -1324.205398 -1353.587949 -1373.996253 -1387.873032 -1397.170297 -1403.325017 -1407.354145 -1409.964851 -1411.641643 -1412.711359 -1413.390773 -1413.821467 -1414.096712 -1414.284981 -1414.463990 -1414.873783 -1416.881623 -1427.485907 -1478.283245 -1720.199790 -2924.301958 -2562.778626 -2369.190329 -2287.762757 -2277.910037 -2276.930323 -2277.032773 -2277.287540 -2277.560239 -2277.821961 -2278.064129 -2278.287929 -2278.539994 -2279.287273 -2284.681989 -2325.318373 -2422.572316 -2587.098784 -1537.374789 -1448.723528 -1421.992715 -1415.875367 -1414.864489 -1414.714926 -1414.692433 -1414.689694 -1414.690288 -1414.691306 -1414.692196 -1414.692891 -1414.693419 -1414.693823 -1414.694137 -1414.694385 -1414.694586 -1414.694753 -1414.694901 -1414.695046 -1414.695206 -1414.695408 -1414.695687 -1414.696100 -1414.696735 -1414.697734 -1414.699331 -1414.701923 -1414.706205 -1414.713428 -1414.725931 -1414.748215 -1414.789137 -1414.866397 -1415.015861 -1415.312183 -1415.919562 -1417.229977 -1420.261381 -1427.936650 -1450.789876 -9999.0 -9999.0
-9999.0 -9999.0 532.468569 439.832316 345.063777 249.204231 152.870219 56.334377 -40.259554 -136.844078 -233.359641 -329.699748 -425.665175 -520.893310 -614.984656 -708.595437 -802.532371 -896.151640 -989.271607 -1079.181204 -1159.977508 -1228.638666 -1283.235405 -1324.205398 -1353.587949 -1373.996253 -1387.873032 -1397.170297 -1403.325017 -1407.354145 -1409.964851 -1411.641643 -1412.711359 -1413.390773 -1413.821467 -1414.096712 -1414.284981 -1414.463990 -1414.873783 -1416.881623 -1427.485907 -1478.283245 -1720.199790 -2924.301958 -2562.778625 -2369.190327 -2287.762757 -2277.910037 -2276.930323 -2277.032773 -2277.287540 -2277.560239 -2277.821961 -2278.064129 -2278.287929 -2278.539994 -2279.287273 -2284.681989 -2325.318373 -2422.572316 -2587.098784 -1537.374789 -1448.723528 -1421.992715 -1415.875367 -1414.864489 -1414.714926 -1414.692433 -1414.689694 -1414.690288 -1414.691306 -1414.692196 -1414.692891 -1414.693419 -1414.693823 -1414.694137 -1414.694385 -1414.694586 -1414.694753 -1414.694901 -1414.695046 -1414.695206 -1414.695408 -1414.695687 -1414.696100 -1414.696735 -1414.697734 -1414.699331 -1414.701923 -1414.706205 -1414.713428 -1414.725931 -1414.748215 -1414.789137 -1414.866397 -1415.015861 -1415.312183 -1415.919562 -1417.229977 -1420.261381 -1427.936650 -1450.789876 -9999.0 -9999.0
-9999.0 -9999.0 532.468569 439.832316 345.063777 249.204231 152.870219 56.334377 -40.259554 -136.844078 -233.359641 -329.699748 -425.665175 -520.893310 -614.984656 -708.595437 -802.532371 -896.151640 -989.271607 -1079.181204 -1159.977508 -1228.638666 -1283.235405 -1324.205398 -1353.587949 -1373.996253 -1387.873032 -1397.170297 -1403.325017 -1407.354145 -1409.964851 -1411.641643 -1412.711359 -1413.390773 -1413.821467 -1414.096712 -1414.284981 -1414.463990 -1414.873783 -1416.881623 -1427.485907 -1478.283245 -1720.199790 -2924.301958 -2562.778625 -2369.190327 -2287.762757 -2277.910037 -2276.930323 -2277.032773 -2277.287540 -2277.560239 -2277.821961 -2278.064129 -2278.287929 -2278.539994 -2279.287273 -2284.681989 -2325.318373 -2422.572316 -2587.098784 -1537.374789 -1448.723528 -1421.992715 -1415.875367 -1414.864489 -1414.714926 -1414.692433 -1414.689694 -1414.690288 -1414.691306 -1414.692196 -1414.692891 -1414.693419 -1414.693823 -1414.694137 -1414.694385 -1414.694586 -1414.694753 -1414.694901 -1414.695046 -1414.695206 -1414.695408 -1414.695687 -1414.696100 -1414.696735 -1414.697734 -1414.699331 -1414.701923 -1414.706205 -1414.713428 -1414.725931 -1414.748215 -1414.789137 -1414.866397 -1415.015861 -1415.312183 -1415.919562 -1417.229977 -1420.261381 -1427.936650 -1450.789876 -9999.0 -9999.0
-9999.0 -9999.0 532.466963 439.831474 345.063436 249.204105 152.870174 56.334361 -40.259559 -136.844081 -233.359642 -329.699749 -425.665175 -520.893310 -614.984656 -708.595437 -802.532371 -896.151639 -989.271607 -1079.181204 -1159.977508 -1228.638666 -1283.235405 -1324.205398 -1353.587949 -1373.996253 -1387.873032 -1397.170297 -1403.325017 -1407.354145 -1409.964851 -1411.641643 -1412.711359 -1413.390773 -1413.821467 -1414.096712 -1414.284981 -1414.463990 -1414.873783 -1416.881623 -1427.485907 -1478.283245 -1720.199790 -2924.301958 -2562.778626 -2369.190329 -2287.762757 -2277.910037 -2276.930323 -2277.032773 -2277.287540 -2277.560239 -2277.821961 -2278.064129 -2278.287929 -2278.539994 -2279.287273 -2284.681989 -2325.318373 -2422.572316 -2587.098784 -1537.374789 -1448.723528 -1421.992715 -1415.875367 -1414.864489 -1414.714926 -1414.692433 -1414.689694 -1414.690288 -1414.691306 -1414.692196 -1414.692891 -1414.693419 -1414.693823 -1414.694137 -1414.694385 -1414.694586 -1414.694753 -1414.694901 -1414.695046 -1414.695206 -1414.695408 -1414.695687 -1414.696100 -1414.696735 -1414.697734 -1414.699331 -1414.701923 -1414.706205 -1414.713428 -1414.725931 -1414.748215 -1414.789137 -1414.866397 -1415.015861 -1415.312183 -1415.919562 -1417.229977 -1420.261381 -1427.936650 -1450.789876 -9999.0 -9999.0
-9999.0 -9999.0 532.460611 439.829629 345.062913 249.203945 152.870122 56.334344 -40.259565 -136.844083 -233.359643 -329.699749 -425.665175 -520.893310 -614.984656 -708.595436 -802.532371 -896.151639 -989.271606 -1079.181204 -1159.977508 -1228.638666 -1283.235404 -1324.205398 -1353.587949 -1373.996253 -1387.873031 -1397.170297 -1403.325017 -1407.354145 -1409.964851 -1411.641643 -1412.711359 -1413.390773 -1413.821467 -1414.096712 -1414.284981 -1414.463990 -1414.873783 -1416.881623 -1427.485907 -1478.283245 -1720.199791 -2924.301960 -2562.778629 -2369.190334 -2287.762757 -2277.910037 -2276.930324 -2277.032773 -2277.287540 -2277.560239 -2277.821961 -2278.064129 -2278.287929 -2278.539994 -2279.287273 -2284.681989 -2325.318373 -2422.572316 -2587.098784 -1537.374789 -1448.723528 -1421.992715 -1415.875367 -1414.864489 -1414.714926 -1414.692433 -1414.689694 -1414.690288 -1414.691306 -1414.692196 -1414.692891 -1414.693419 -1414.693823 -1414.694137 -1414.694385 -1414.694586 -1414.694753 -1414.694901 -1414.695046 -1414.695206 -1414.695408 -1414.695687 -1414.696100 -1414.696735 -1414.697734 -1414.699331 -1414.701923 -1414.706205 -1414.713428 -1414.725931 -1414.748215 -1414.789137 -1414.866397 -1415.015861 -1415.312183 -1415.919562 -1417.229977 -1420.261381 -1427.936650 -1450.789876 -9999.0 -9999.0
-9999.0 -9999.0 -9999.0 -9999.0 -9999.0 -9999.0 -9999.0 -9999.0 -9999.0 -9999.0 -9999.0 -9999.0 -9999.0 -9999.0 -9999.0 -9999.0 -9999.0 -9999.0 -9999.0 -9999.0 -9999.0 -9999.0 -9999.0 -9999.0 -9999.0 -9999.0 -9999.0 -9999.0 -9999.0 -9999.0 -9999.0 -9999.0 -9999.0 -9999.0 -9999.0 -9999.0 -9999.0 -9999.0 -9999.0 -9999.0 -9999.0 -9999.0 -9999.0 -9999.0 -9999.0 -9999.0 -9999.0 -9999.0 -9999.0 -9999.0 -9999.0 -9999.0 -9999.0 -9999.0 -9999.0 -9999.0 -9999.0 -9999.0 -9999.0 -9999.0 -9999.0 -9999.0 -9999.0 -9999.0 -9999.0 -9999.0 -9999.0 -9999.0 -9999.0 -9999.0 -9999.0 -9999.0 -9999.0 -9999.0 -9999.0 -9999.0 -9999.0 -9999.0 -9999.0 -9999.0 -9999.0 -9999.0 -9999.0 -9999.0 -9999.0 -9999.0 -9999.0 -9999.0 -9999.0 -9999.0 -9999.0 -9999.0 -9999.0 -9999.0 -9999.0 -9999.0 -9999.0 -9999.0 -9999.0 -9999.0 -9999.0 -9999.0 -9999.0 -9999.0
-9999.0 -9999.0 -9999.0 -9999.0 -9999.0 -9999.0 -9999.0 -9999.0 -9999.0 -9999.0 -9999.0 -9999.0 -9999.0 -9999.0 -9999.0 -9999.0 -9999.0 -9999.0 -9999.0 -9999.0 -9999.0 -9999.0 -9999.0 -9999.0 -9999.0 -9999.0 -9999.0 -9999.0 -9999.0 -9999.0 -9999.0 -9999.0 -9999.0 -9999.0 -9999.0 -9999.0 -9999.0 -9999.0 -9999.0 -9999.0 -9999.0 -9999.0 -9999.0 -9999.0 -9999.0 -9999.0 -9999.0 -9999.0 -9999.0 -9999.0 -9999.0 -9999.0 -9999.0 -9999.0 -9999.0 -9999.0 -9999.0 -9999.0 -9999.0 -9999.0 -9999.0 -9999.0 -9999.0 -9999.0 -9999.0 -9999.0 -9999.0 -9999.0 -9999.0 -9999.0 -9999.0 -9999.0 -9999.0 -9999.0 -9999.0 -9999.0 -9999.0 -9999.0 -9999.0 -9999.0 -9999.0 -9999.0 -9999.0 -9999.0 -9999.0 -9999.0 -9999.0 -9999.0 -9999.0 -9999.0 -9999.0 -9999.0 -9999.0 -9999.0 -9999.0 -9999.0 -9999.0 -9999.0 -9999.0 -9999.0 -9999.0 -9999.0 -9999.0 -9999.0