inst/processing_geotop_simulation/geotop_simulation/out/maps3D/PwL0017N0034.asc
ncols         104
nrows         10
xllcorner     -2.000000
yllcorner     0.000000
cellsize      1.000000
NODATA_value  -9999.0
-9999.0 -9999.0 -9999.0 -9999.0 -9999.0 -9999.0 -9999.0 -9999.0 -9999.0 -9999.0 -9999.0 -9999.0 -9999.0 -9999.0 -9999.0 -9999.0 -9999.0 -9999.0 -9999.0 -9999.0 -9999.0 -9999.0 -9999.0 -9999.0 -9999.0 -9999.0 -9999.0 -9999.0 -9999.0 -9999.0 -9999.0 -9999.0 -9999.0 -9999.0 -9999.0 -9999.0 -9999.0 -9999.0 -9999.0 -9999.0 -9999.0 -9999.0 -9999.0 -9999.0 -9999.0 -9999.0 -9999.0 -9999.0 -9999.0 -9999.0 -9999.0 -9999.0 -9999.0 -9999.0 -9999.0 -9999.0 -9999.0 -9999.0 -9999.0 -9999.0 -9999.0 -9999.0 -9999.0 -9999.0 -9999.0 -9999.0 -9999.0 -9999.0 -9999.0 -9999.0 -9999.0 -9999.0 -9999.0 -9999.0 -9999.0 -9999.0 -9999.0 -9999.0 -9999.0 -9999.0 -9999.0 -9999.0 -9999.0 -9999.0 -9999.0 -9999.0 -9999.0 -9999.0 -9999.0 -9999.0 -9999.0 -9999.0 -9999.0 -9999.0 -9999.0 -9999.0 -9999.0 -9999.0 -9999.0 -9999.0 -9999.0 -9999.0 -9999.0 -9999.0
-9999.0 -9999.0 -9999.0 -9999.0 -9999.0 -9999.0 -9999.0 -9999.0 -9999.0 -9999.0 -9999.0 -9999.0 -9999.0 -9999.0 -9999.0 -9999.0 -9999.0 -9999.0 -9999.0 -9999.0 -9999.0 -9999.0 -9999.0 -9999.0 -9999.0 -9999.0 -9999.0 -9999.0 -9999.0 -9999.0 -9999.0 -9999.0 -9999.0 -9999.0 -9999.0 -9999.0 -9999.0 -9999.0 -9999.0 -9999.0 -9999.0 -9999.0 -9999.0 -9999.0 -9999.0 -9999.0 -9999.0 -9999.0 -9999.0 -9999.0 -9999.0 -9999.0 -9999.0 -9999.0 -9999.0 -9999.0 -9999.0 -9999.0 -9999.0 -9999.0 -9999.0 -9999.0 -9999.0 -9999.0 -9999.0 -9999.0 -9999.0 -9999.0 -9999.0 -9999.0 -9999.0 -9999.0 -9999.0 -9999.0 -9999.0 -9999.0 -9999.0 -9999.0 -9999.0 -9999.0 -9999.0 -9999.0 -9999.0 -9999.0 -9999.0 -9999.0 -9999.0 -9999.0 -9999.0 -9999.0 -9999.0 -9999.0 -9999.0 -9999.0 -9999.0 -9999.0 -9999.0 -9999.0 -9999.0 -9999.0 -9999.0 -9999.0 -9999.0 -9999.0
-9999.0 -9999.0 -502.799012 -526.764581 -532.159714 -527.693436 -522.720680 -520.315158 -520.000685 -521.069836 -520.811106 -521.232602 -518.696844 -506.568683 -467.431328 -426.745471 -407.400033 -397.781837 -338.153268 -234.607739 -136.212134 -35.547802 74.076557 0.314736 -74.810994 -149.600574 -222.932112 -291.746731 -353.430822 -405.010588 -444.872982 -473.233521 -491.863551 -503.354852 -510.082632 -513.836698 -515.837507 -517.627918 -521.342628 -519.721902 -510.900903 -529.535073 -2586.276330 -4133.384969 -4133.663365 -4133.663366 -4133.663366 -4133.663366 -4133.663366 -4133.663366 -4133.663366 -4133.663366 -4133.663366 -4133.663366 -4133.663366 -4133.663366 -4133.663366 -4133.663366 -4133.663366 -4133.663363 -4133.170436 -2468.835792 -544.464483 -532.790936 -522.564707 -519.898222 -519.297139 -519.142794 -519.093117 -519.074764 -519.067765 -519.065350 -519.064915 -519.065407 -519.066394 -519.067630 -519.068928 -519.070188 -519.071404 -519.072615 -519.073920 -519.075443 -519.077410 -519.080094 -519.083985 -519.089856 -519.099011 -519.113527 -519.136942 -519.175372 -519.239805 -519.350820 -519.548672 -519.914732 -520.617765 -522.011957 -524.839831 -530.636920 -542.502511 -566.741227 -620.041753 -745.610738 -9999.0 -9999.0
-9999.0 -9999.0 -502.798968 -526.764504 -532.159640 -527.693398 -522.720670 -520.315159 -520.000690 -521.069840 -520.811107 -521.232602 -518.696844 -506.568683 -467.431328 -426.745471 -407.400033 -397.781837 -338.153268 -234.607739 -136.212134 -35.547802 74.076557 0.314736 -74.810994 -149.600574 -222.932112 -291.746731 -353.430822 -405.010588 -444.872982 -473.233521 -491.863551 -503.354852 -510.082632 -513.836698 -515.837507 -517.627918 -521.342628 -519.721902 -510.900903 -529.535073 -2586.276329 -4133.384969 -4133.663365 -4133.663366 -4133.663366 -4133.663366 -4133.663366 -4133.663366 -4133.663366 -4133.663366 -4133.663366 -4133.663366 -4133.663366 -4133.663366 -4133.663366 -4133.663366 -4133.663366 -4133.663363 -4133.170436 -2468.835792 -544.464483 -532.790936 -522.564707 -519.898222 -519.297139 -519.142794 -519.093117 -519.074764 -519.067765 -519.065350 -519.064915 -519.065407 -519.066394 -519.067630 -519.068928 -519.070188 -519.071404 -519.072615 -519.073920 -519.075443 -519.077410 -519.080094 -519.083985 -519.089856 -519.099011 -519.113527 -519.136942 -519.175372 -519.239805 -519.350820 -519.548672 -519.914732 -520.617765 -522.011957 -524.839831 -530.636920 -542.502511 -566.741227 -620.041753 -745.610738 -9999.0 -9999.0
-9999.0 -9999.0 -502.798944 -526.764459 -532.159590 -527.693369 -522.720662 -520.315161 -520.000694 -521.069844 -520.811107 -521.232602 -518.696844 -506.568683 -467.431328 -426.745471 -407.400033 -397.781837 -338.153268 -234.607739 -136.212134 -35.547802 74.076557 0.314736 -74.810994 -149.600574 -222.932112 -291.746731 -353.430822 -405.010588 -444.872982 -473.233521 -491.863551 -503.354852 -510.082632 -513.836698 -515.837507 -517.627918 -521.342628 -519.721902 -510.900903 -529.535073 -2586.276329 -4133.384969 -4133.663365 -4133.663366 -4133.663366 -4133.663366 -4133.663366 -4133.663366 -4133.663366 -4133.663366 -4133.663366 -4133.663366 -4133.663366 -4133.663366 -4133.663366 -4133.663366 -4133.663366 -4133.663363 -4133.170436 -2468.835792 -544.464483 -532.790936 -522.564707 -519.898222 -519.297139 -519.142794 -519.093117 -519.074764 -519.067765 -519.065350 -519.064915 -519.065407 -519.066394 -519.067630 -519.068928 -519.070188 -519.071404 -519.072615 -519.073920 -519.075443 -519.077410 -519.080094 -519.083985 -519.089856 -519.099011 -519.113527 -519.136942 -519.175372 -519.239805 -519.350820 -519.548672 -519.914732 -520.617765 -522.011957 -524.839831 -530.636920 -542.502511 -566.741227 -620.041753 -745.610738 -9999.0 -9999.0
-9999.0 -9999.0 -502.798944 -526.764459 -532.159590 -527.693369 -522.720662 -520.315161 -520.000694 -521.069844 -520.811107 -521.232602 -518.696844 -506.568683 -467.431328 -426.745471 -407.400033 -397.781837 -338.153268 -234.607739 -136.212134 -35.547802 74.076557 0.314736 -74.810994 -149.600574 -222.932112 -291.746731 -353.430822 -405.010588 -444.872982 -473.233521 -491.863551 -503.354852 -510.082632 -513.836698 -515.837507 -517.627918 -521.342628 -519.721902 -510.900903 -529.535073 -2586.276329 -4133.384969 -4133.663365 -4133.663366 -4133.663366 -4133.663366 -4133.663366 -4133.663366 -4133.663366 -4133.663366 -4133.663366 -4133.663366 -4133.663366 -4133.663366 -4133.663366 -4133.663366 -4133.663366 -4133.663363 -4133.170436 -2468.835792 -544.464483 -532.790936 -522.564707 -519.898222 -519.297139 -519.142794 -519.093117 -519.074764 -519.067765 -519.065350 -519.064915 -519.065407 -519.066394 -519.067630 -519.068928 -519.070188 -519.071404 -519.072615 -519.073920 -519.075443 -519.077410 -519.080094 -519.083985 -519.089856 -519.099011 -519.113527 -519.136942 -519.175372 -519.239805 -519.350820 -519.548672 -519.914732 -520.617765 -522.011957 -524.839831 -530.636920 -542.502511 -566.741227 -620.041753 -745.610738 -9999.0 -9999.0
-9999.0 -9999.0 -502.798968 -526.764504 -532.159640 -527.693398 -522.720670 -520.315159 -520.000690 -521.069840 -520.811107 -521.232602 -518.696844 -506.568683 -467.431328 -426.745471 -407.400033 -397.781837 -338.153268 -234.607739 -136.212134 -35.547802 74.076557 0.314736 -74.810994 -149.600574 -222.932112 -291.746731 -353.430822 -405.010588 -444.872982 -473.233521 -491.863551 -503.354852 -510.082632 -513.836698 -515.837507 -517.627918 -521.342628 -519.721902 -510.900903 -529.535073 -2586.276329 -4133.384969 -4133.663365 -4133.663366 -4133.663366 -4133.663366 -4133.663366 -4133.663366 -4133.663366 -4133.663366 -4133.663366 -4133.663366 -4133.663366 -4133.663366 -4133.663366 -4133.663366 -4133.663366 -4133.663363 -4133.170436 -2468.835792 -544.464483 -532.790936 -522.564707 -519.898222 -519.297139 -519.142794 -519.093117 -519.074764 -519.067765 -519.065350 -519.064915 -519.065407 -519.066394 -519.067630 -519.068928 -519.070188 -519.071404 -519.072615 -519.073920 -519.075443 -519.077410 -519.080094 -519.083985 -519.089856 -519.099011 -519.113527 -519.136942 -519.175372 -519.239805 -519.350820 -519.548672 -519.914732 -520.617765 -522.011957 -524.839831 -530.636920 -542.502511 -566.741227 -620.041753 -745.610738 -9999.0 -9999.0
-9999.0 -9999.0 -502.799012 -526.764581 -532.159714 -527.693436 -522.720680 -520.315158 -520.000685 -521.069836 -520.811106 -521.232602 -518.696844 -506.568683 -467.431328 -426.745471 -407.400033 -397.781837 -338.153268 -234.607739 -136.212134 -35.547802 74.076557 0.314736 -74.810994 -149.600574 -222.932112 -291.746731 -353.430822 -405.010588 -444.872982 -473.233521 -491.863551 -503.354852 -510.082632 -513.836698 -515.837507 -517.627918 -521.342628 -519.721902 -510.900903 -529.535073 -2586.276330 -4133.384969 -4133.663365 -4133.663366 -4133.663366 -4133.663366 -4133.663366 -4133.663366 -4133.663366 -4133.663366 -4133.663366 -4133.663366 -4133.663366 -4133.663366 -4133.663366 -4133.663366 -4133.663366 -4133.663363 -4133.170436 -2468.835792 -544.464483 -532.790937 -522.564707 -519.898222 -519.297139 -519.142794 -519.093117 -519.074764 -519.067765 -519.065350 -519.064915 -519.065407 -519.066394 -519.067630 -519.068928 -519.070188 -519.071404 -519.072615 -519.073920 -519.075443 -519.077410 -519.080094 -519.083985 -519.089856 -519.099011 -519.113527 -519.136942 -519.175372 -519.239805 -519.350820 -519.548672 -519.914732 -520.617765 -522.011957 -524.839831 -530.636920 -542.502511 -566.741227 -620.041753 -745.610738 -9999.0 -9999.0
-9999.0 -9999.0 -9999.0 -9999.0 -9999.0 -9999.0 -9999.0 -9999.0 -9999.0 -9999.0 -9999.0 -9999.0 -9999.0 -9999.0 -9999.0 -9999.0 -9999.0 -9999.0 -9999.0 -9999.0 -9999.0 -9999.0 -9999.0 -9999.0 -9999.0 -9999.0 -9999.0 -9999.0 -9999.0 -9999.0 -9999.0 -9999.0 -9999.0 -9999.0 -9999.0 -9999.0 -9999.0 -9999.0 -9999.0 -9999.0 -9999.0 -9999.0 -9999.0 -9999.0 -9999.0 -9999.0 -9999.0 -9999.0 -9999.0 -9999.0 -9999.0 -9999.0 -9999.0 -9999.0 -9999.0 -9999.0 -9999.0 -9999.0 -9999.0 -9999.0 -9999.0 -9999.0 -9999.0 -9999.0 -9999.0 -9999.0 -9999.0 -9999.0 -9999.0 -9999.0 -9999.0 -9999.0 -9999.0 -9999.0 -9999.0 -9999.0 -9999.0 -9999.0 -9999.0 -9999.0 -9999.0 -9999.0 -9999.0 -9999.0 -9999.0 -9999.0 -9999.0 -9999.0 -9999.0 -9999.0 -9999.0 -9999.0 -9999.0 -9999.0 -9999.0 -9999.0 -9999.0 -9999.0 -9999.0 -9999.0 -9999.0 -9999.0 -9999.0 -9999.0
-9999.0 -9999.0 -9999.0 -9999.0 -9999.0 -9999.0 -9999.0 -9999.0 -9999.0 -9999.0 -9999.0 -9999.0 -9999.0 -9999.0 -9999.0 -9999.0 -9999.0 -9999.0 -9999.0 -9999.0 -9999.0 -9999.0 -9999.0 -9999.0 -9999.0 -9999.0 -9999.0 -9999.0 -9999.0 -9999.0 -9999.0 -9999.0 -9999.0 -9999.0 -9999.0 -9999.0 -9999.0 -9999.0 -9999.0 -9999.0 -9999.0 -9999.0 -9999.0 -9999.0 -9999.0 -9999.0 -9999.0 -9999.0 -9999.0 -9999.0 -9999.0 -9999.0 -9999.0 -9999.0 -9999.0 -9999.0 -9999.0 -9999.0 -9999.0 -9999.0 -9999.0 -9999.0 -9999.0 -9999.0 -9999.0 -9999.0 -9999.0 -9999.0 -9999.0 -9999.0 -9999.0 -9999.0 -9999.0 -9999.0 -9999.0 -9999.0 -9999.0 -9999.0 -9999.0 -9999.0 -9999.0 -9999.0 -9999.0 -9999.0 -9999.0 -9999.0 -9999.0 -9999.0 -9999.0 -9999.0 -9999.0 -9999.0 -9999.0 -9999.0 -9999.0 -9999.0 -9999.0 -9999.0 -9999.0 -9999.0 -9999.0 -9999.0 -9999.0 -9999.0