inst/processing_geotop_simulation/geotop_simulation/out/maps3D/PwL0004N0065.asc
ncols         104
nrows         10
xllcorner     -2.000000
yllcorner     0.000000
cellsize      1.000000
NODATA_value  -9999.0
-9999.0 -9999.0 -9999.0 -9999.0 -9999.0 -9999.0 -9999.0 -9999.0 -9999.0 -9999.0 -9999.0 -9999.0 -9999.0 -9999.0 -9999.0 -9999.0 -9999.0 -9999.0 -9999.0 -9999.0 -9999.0 -9999.0 -9999.0 -9999.0 -9999.0 -9999.0 -9999.0 -9999.0 -9999.0 -9999.0 -9999.0 -9999.0 -9999.0 -9999.0 -9999.0 -9999.0 -9999.0 -9999.0 -9999.0 -9999.0 -9999.0 -9999.0 -9999.0 -9999.0 -9999.0 -9999.0 -9999.0 -9999.0 -9999.0 -9999.0 -9999.0 -9999.0 -9999.0 -9999.0 -9999.0 -9999.0 -9999.0 -9999.0 -9999.0 -9999.0 -9999.0 -9999.0 -9999.0 -9999.0 -9999.0 -9999.0 -9999.0 -9999.0 -9999.0 -9999.0 -9999.0 -9999.0 -9999.0 -9999.0 -9999.0 -9999.0 -9999.0 -9999.0 -9999.0 -9999.0 -9999.0 -9999.0 -9999.0 -9999.0 -9999.0 -9999.0 -9999.0 -9999.0 -9999.0 -9999.0 -9999.0 -9999.0 -9999.0 -9999.0 -9999.0 -9999.0 -9999.0 -9999.0 -9999.0 -9999.0 -9999.0 -9999.0 -9999.0 -9999.0
-9999.0 -9999.0 -9999.0 -9999.0 -9999.0 -9999.0 -9999.0 -9999.0 -9999.0 -9999.0 -9999.0 -9999.0 -9999.0 -9999.0 -9999.0 -9999.0 -9999.0 -9999.0 -9999.0 -9999.0 -9999.0 -9999.0 -9999.0 -9999.0 -9999.0 -9999.0 -9999.0 -9999.0 -9999.0 -9999.0 -9999.0 -9999.0 -9999.0 -9999.0 -9999.0 -9999.0 -9999.0 -9999.0 -9999.0 -9999.0 -9999.0 -9999.0 -9999.0 -9999.0 -9999.0 -9999.0 -9999.0 -9999.0 -9999.0 -9999.0 -9999.0 -9999.0 -9999.0 -9999.0 -9999.0 -9999.0 -9999.0 -9999.0 -9999.0 -9999.0 -9999.0 -9999.0 -9999.0 -9999.0 -9999.0 -9999.0 -9999.0 -9999.0 -9999.0 -9999.0 -9999.0 -9999.0 -9999.0 -9999.0 -9999.0 -9999.0 -9999.0 -9999.0 -9999.0 -9999.0 -9999.0 -9999.0 -9999.0 -9999.0 -9999.0 -9999.0 -9999.0 -9999.0 -9999.0 -9999.0 -9999.0 -9999.0 -9999.0 -9999.0 -9999.0 -9999.0 -9999.0 -9999.0 -9999.0 -9999.0 -9999.0 -9999.0 -9999.0 -9999.0
-9999.0 -9999.0 -356.255340 -474.731206 -621.313796 -794.671823 -961.339450 -1072.440928 -1122.540979 -1131.085601 -1079.834262 -1017.590321 -1022.020411 -1039.308171 -1070.279461 -1118.286593 -1139.073214 -1138.594252 -1127.760017 -1116.113024 -1107.974070 -1104.317721 -1104.687510 -1108.159416 -1113.704455 -1120.319716 -1127.091517 -1133.298601 -1138.508339 -1142.582880 -1145.595627 -1147.726195 -1149.180223 -1150.143098 -1150.762005 -1151.146322 -1151.387449 -1151.602562 -1151.862435 -1152.034275 -1155.209794 -1183.200319 -847.340182 -846.100664 -826.641899 -814.913956 -809.469300 -808.759253 -808.690942 -808.708271 -808.739476 -808.772417 -808.804003 -808.833210 -808.859967 -808.887786 -808.952431 -809.369736 -812.240754 -818.865494 -830.212258 -818.695816 -1168.046000 -1154.867034 -1152.500957 -1152.040862 -1151.938919 -1151.921144 -1151.921660 -1151.925328 -1151.928861 -1151.931669 -1151.933788 -1151.935380 -1151.936589 -1151.937524 -1151.938261 -1151.938852 -1151.939339 -1151.939761 -1151.940164 -1151.940600 -1151.941135 -1151.941866 -1151.942938 -1151.944574 -1151.947132 -1151.951196 -1151.957736 -1151.968408 -1151.986131 -1152.016231 -1152.068764 -1152.163281 -1152.338477 -1152.671331 -1153.314258 -1154.567696 -1157.034362 -1162.004203 -1172.528111 -1197.204767 -9999.0 -9999.0
-9999.0 -9999.0 -356.255337 -474.731204 -621.313792 -794.671817 -961.339446 -1072.440927 -1122.540980 -1131.085602 -1079.834262 -1017.590321 -1022.020411 -1039.308171 -1070.279461 -1118.286593 -1139.073214 -1138.594252 -1127.760017 -1116.113024 -1107.974070 -1104.317721 -1104.687510 -1108.159416 -1113.704455 -1120.319716 -1127.091517 -1133.298601 -1138.508339 -1142.582880 -1145.595627 -1147.726195 -1149.180223 -1150.143098 -1150.762005 -1151.146322 -1151.387449 -1151.602562 -1151.862435 -1152.034275 -1155.209794 -1183.200319 -847.340182 -846.100664 -826.641899 -814.913956 -809.469300 -808.759253 -808.690942 -808.708271 -808.739476 -808.772417 -808.804003 -808.833210 -808.859967 -808.887786 -808.952431 -809.369736 -812.240754 -818.865494 -830.212258 -818.695816 -1168.046000 -1154.867034 -1152.500957 -1152.040862 -1151.938919 -1151.921144 -1151.921660 -1151.925328 -1151.928861 -1151.931669 -1151.933788 -1151.935380 -1151.936589 -1151.937524 -1151.938261 -1151.938852 -1151.939339 -1151.939761 -1151.940164 -1151.940600 -1151.941135 -1151.941866 -1151.942938 -1151.944574 -1151.947132 -1151.951196 -1151.957736 -1151.968408 -1151.986131 -1152.016231 -1152.068764 -1152.163281 -1152.338477 -1152.671331 -1153.314258 -1154.567696 -1157.034362 -1162.004203 -1172.528111 -1197.204767 -9999.0 -9999.0
-9999.0 -9999.0 -356.255336 -474.731202 -621.313788 -794.671812 -961.339443 -1072.440926 -1122.540980 -1131.085603 -1079.834262 -1017.590321 -1022.020411 -1039.308171 -1070.279461 -1118.286593 -1139.073214 -1138.594252 -1127.760017 -1116.113024 -1107.974070 -1104.317721 -1104.687510 -1108.159416 -1113.704455 -1120.319716 -1127.091517 -1133.298601 -1138.508339 -1142.582880 -1145.595627 -1147.726195 -1149.180223 -1150.143098 -1150.762005 -1151.146322 -1151.387449 -1151.602562 -1151.862435 -1152.034275 -1155.209794 -1183.200319 -847.340182 -846.100664 -826.641899 -814.913956 -809.469300 -808.759253 -808.690942 -808.708271 -808.739476 -808.772417 -808.804003 -808.833210 -808.859967 -808.887786 -808.952431 -809.369736 -812.240754 -818.865494 -830.212258 -818.695816 -1168.046000 -1154.867034 -1152.500957 -1152.040862 -1151.938919 -1151.921144 -1151.921660 -1151.925328 -1151.928861 -1151.931669 -1151.933788 -1151.935380 -1151.936589 -1151.937524 -1151.938261 -1151.938852 -1151.939339 -1151.939761 -1151.940164 -1151.940600 -1151.941135 -1151.941866 -1151.942938 -1151.944574 -1151.947132 -1151.951196 -1151.957736 -1151.968408 -1151.986131 -1152.016231 -1152.068764 -1152.163281 -1152.338477 -1152.671331 -1153.314258 -1154.567696 -1157.034362 -1162.004203 -1172.528111 -1197.204767 -9999.0 -9999.0
-9999.0 -9999.0 -356.255336 -474.731202 -621.313788 -794.671812 -961.339443 -1072.440926 -1122.540980 -1131.085603 -1079.834262 -1017.590321 -1022.020411 -1039.308171 -1070.279461 -1118.286593 -1139.073214 -1138.594252 -1127.760017 -1116.113024 -1107.974070 -1104.317721 -1104.687510 -1108.159416 -1113.704455 -1120.319716 -1127.091517 -1133.298601 -1138.508339 -1142.582880 -1145.595627 -1147.726195 -1149.180223 -1150.143098 -1150.762005 -1151.146322 -1151.387449 -1151.602562 -1151.862435 -1152.034275 -1155.209794 -1183.200319 -847.340182 -846.100664 -826.641899 -814.913956 -809.469300 -808.759253 -808.690942 -808.708271 -808.739476 -808.772417 -808.804003 -808.833210 -808.859967 -808.887786 -808.952431 -809.369736 -812.240754 -818.865494 -830.212258 -818.695816 -1168.046000 -1154.867034 -1152.500957 -1152.040862 -1151.938919 -1151.921144 -1151.921660 -1151.925328 -1151.928861 -1151.931669 -1151.933788 -1151.935380 -1151.936589 -1151.937524 -1151.938261 -1151.938852 -1151.939339 -1151.939761 -1151.940164 -1151.940600 -1151.941135 -1151.941866 -1151.942938 -1151.944574 -1151.947132 -1151.951196 -1151.957736 -1151.968408 -1151.986131 -1152.016231 -1152.068764 -1152.163281 -1152.338477 -1152.671331 -1153.314258 -1154.567696 -1157.034362 -1162.004203 -1172.528111 -1197.204767 -9999.0 -9999.0
-9999.0 -9999.0 -356.255337 -474.731203 -621.313792 -794.671816 -961.339446 -1072.440927 -1122.540980 -1131.085602 -1079.834262 -1017.590321 -1022.020411 -1039.308171 -1070.279461 -1118.286593 -1139.073214 -1138.594252 -1127.760017 -1116.113024 -1107.974070 -1104.317721 -1104.687510 -1108.159416 -1113.704455 -1120.319716 -1127.091517 -1133.298601 -1138.508339 -1142.582880 -1145.595627 -1147.726195 -1149.180223 -1150.143098 -1150.762005 -1151.146322 -1151.387449 -1151.602562 -1151.862435 -1152.034275 -1155.209794 -1183.200319 -847.340182 -846.100664 -826.641899 -814.913956 -809.469300 -808.759253 -808.690942 -808.708271 -808.739476 -808.772417 -808.804003 -808.833210 -808.859967 -808.887786 -808.952431 -809.369736 -812.240754 -818.865494 -830.212258 -818.695816 -1168.046000 -1154.867034 -1152.500957 -1152.040862 -1151.938919 -1151.921144 -1151.921660 -1151.925328 -1151.928861 -1151.931669 -1151.933788 -1151.935380 -1151.936589 -1151.937524 -1151.938261 -1151.938852 -1151.939339 -1151.939761 -1151.940164 -1151.940600 -1151.941135 -1151.941866 -1151.942938 -1151.944574 -1151.947132 -1151.951196 -1151.957736 -1151.968408 -1151.986131 -1152.016231 -1152.068764 -1152.163281 -1152.338477 -1152.671331 -1153.314258 -1154.567696 -1157.034362 -1162.004203 -1172.528111 -1197.204767 -9999.0 -9999.0
-9999.0 -9999.0 -356.255340 -474.731206 -621.313795 -794.671823 -961.339450 -1072.440928 -1122.540979 -1131.085601 -1079.834262 -1017.590321 -1022.020411 -1039.308171 -1070.279461 -1118.286593 -1139.073214 -1138.594252 -1127.760017 -1116.113024 -1107.974070 -1104.317721 -1104.687510 -1108.159416 -1113.704455 -1120.319716 -1127.091517 -1133.298601 -1138.508339 -1142.582880 -1145.595627 -1147.726195 -1149.180223 -1150.143098 -1150.762005 -1151.146322 -1151.387449 -1151.602562 -1151.862435 -1152.034275 -1155.209794 -1183.200319 -847.340182 -846.100664 -826.641899 -814.913956 -809.469300 -808.759253 -808.690942 -808.708271 -808.739476 -808.772417 -808.804003 -808.833210 -808.859967 -808.887786 -808.952431 -809.369736 -812.240754 -818.865494 -830.212258 -818.695816 -1168.046000 -1154.867034 -1152.500957 -1152.040862 -1151.938919 -1151.921144 -1151.921660 -1151.925328 -1151.928861 -1151.931669 -1151.933788 -1151.935380 -1151.936589 -1151.937524 -1151.938261 -1151.938852 -1151.939339 -1151.939761 -1151.940164 -1151.940600 -1151.941135 -1151.941866 -1151.942938 -1151.944574 -1151.947132 -1151.951196 -1151.957736 -1151.968408 -1151.986131 -1152.016231 -1152.068764 -1152.163281 -1152.338477 -1152.671331 -1153.314258 -1154.567696 -1157.034362 -1162.004203 -1172.528111 -1197.204767 -9999.0 -9999.0
-9999.0 -9999.0 -9999.0 -9999.0 -9999.0 -9999.0 -9999.0 -9999.0 -9999.0 -9999.0 -9999.0 -9999.0 -9999.0 -9999.0 -9999.0 -9999.0 -9999.0 -9999.0 -9999.0 -9999.0 -9999.0 -9999.0 -9999.0 -9999.0 -9999.0 -9999.0 -9999.0 -9999.0 -9999.0 -9999.0 -9999.0 -9999.0 -9999.0 -9999.0 -9999.0 -9999.0 -9999.0 -9999.0 -9999.0 -9999.0 -9999.0 -9999.0 -9999.0 -9999.0 -9999.0 -9999.0 -9999.0 -9999.0 -9999.0 -9999.0 -9999.0 -9999.0 -9999.0 -9999.0 -9999.0 -9999.0 -9999.0 -9999.0 -9999.0 -9999.0 -9999.0 -9999.0 -9999.0 -9999.0 -9999.0 -9999.0 -9999.0 -9999.0 -9999.0 -9999.0 -9999.0 -9999.0 -9999.0 -9999.0 -9999.0 -9999.0 -9999.0 -9999.0 -9999.0 -9999.0 -9999.0 -9999.0 -9999.0 -9999.0 -9999.0 -9999.0 -9999.0 -9999.0 -9999.0 -9999.0 -9999.0 -9999.0 -9999.0 -9999.0 -9999.0 -9999.0 -9999.0 -9999.0 -9999.0 -9999.0 -9999.0 -9999.0 -9999.0 -9999.0
-9999.0 -9999.0 -9999.0 -9999.0 -9999.0 -9999.0 -9999.0 -9999.0 -9999.0 -9999.0 -9999.0 -9999.0 -9999.0 -9999.0 -9999.0 -9999.0 -9999.0 -9999.0 -9999.0 -9999.0 -9999.0 -9999.0 -9999.0 -9999.0 -9999.0 -9999.0 -9999.0 -9999.0 -9999.0 -9999.0 -9999.0 -9999.0 -9999.0 -9999.0 -9999.0 -9999.0 -9999.0 -9999.0 -9999.0 -9999.0 -9999.0 -9999.0 -9999.0 -9999.0 -9999.0 -9999.0 -9999.0 -9999.0 -9999.0 -9999.0 -9999.0 -9999.0 -9999.0 -9999.0 -9999.0 -9999.0 -9999.0 -9999.0 -9999.0 -9999.0 -9999.0 -9999.0 -9999.0 -9999.0 -9999.0 -9999.0 -9999.0 -9999.0 -9999.0 -9999.0 -9999.0 -9999.0 -9999.0 -9999.0 -9999.0 -9999.0 -9999.0 -9999.0 -9999.0 -9999.0 -9999.0 -9999.0 -9999.0 -9999.0 -9999.0 -9999.0 -9999.0 -9999.0 -9999.0 -9999.0 -9999.0 -9999.0 -9999.0 -9999.0 -9999.0 -9999.0 -9999.0 -9999.0 -9999.0 -9999.0 -9999.0 -9999.0 -9999.0 -9999.0