inst/processing_geotop_simulation/geotop_simulation/out/maps3D/PwL0003N0049.asc
ncols         104
nrows         10
xllcorner     -2.000000
yllcorner     0.000000
cellsize      1.000000
NODATA_value  -9999.0
-9999.0 -9999.0 -9999.0 -9999.0 -9999.0 -9999.0 -9999.0 -9999.0 -9999.0 -9999.0 -9999.0 -9999.0 -9999.0 -9999.0 -9999.0 -9999.0 -9999.0 -9999.0 -9999.0 -9999.0 -9999.0 -9999.0 -9999.0 -9999.0 -9999.0 -9999.0 -9999.0 -9999.0 -9999.0 -9999.0 -9999.0 -9999.0 -9999.0 -9999.0 -9999.0 -9999.0 -9999.0 -9999.0 -9999.0 -9999.0 -9999.0 -9999.0 -9999.0 -9999.0 -9999.0 -9999.0 -9999.0 -9999.0 -9999.0 -9999.0 -9999.0 -9999.0 -9999.0 -9999.0 -9999.0 -9999.0 -9999.0 -9999.0 -9999.0 -9999.0 -9999.0 -9999.0 -9999.0 -9999.0 -9999.0 -9999.0 -9999.0 -9999.0 -9999.0 -9999.0 -9999.0 -9999.0 -9999.0 -9999.0 -9999.0 -9999.0 -9999.0 -9999.0 -9999.0 -9999.0 -9999.0 -9999.0 -9999.0 -9999.0 -9999.0 -9999.0 -9999.0 -9999.0 -9999.0 -9999.0 -9999.0 -9999.0 -9999.0 -9999.0 -9999.0 -9999.0 -9999.0 -9999.0 -9999.0 -9999.0 -9999.0 -9999.0 -9999.0 -9999.0
-9999.0 -9999.0 -9999.0 -9999.0 -9999.0 -9999.0 -9999.0 -9999.0 -9999.0 -9999.0 -9999.0 -9999.0 -9999.0 -9999.0 -9999.0 -9999.0 -9999.0 -9999.0 -9999.0 -9999.0 -9999.0 -9999.0 -9999.0 -9999.0 -9999.0 -9999.0 -9999.0 -9999.0 -9999.0 -9999.0 -9999.0 -9999.0 -9999.0 -9999.0 -9999.0 -9999.0 -9999.0 -9999.0 -9999.0 -9999.0 -9999.0 -9999.0 -9999.0 -9999.0 -9999.0 -9999.0 -9999.0 -9999.0 -9999.0 -9999.0 -9999.0 -9999.0 -9999.0 -9999.0 -9999.0 -9999.0 -9999.0 -9999.0 -9999.0 -9999.0 -9999.0 -9999.0 -9999.0 -9999.0 -9999.0 -9999.0 -9999.0 -9999.0 -9999.0 -9999.0 -9999.0 -9999.0 -9999.0 -9999.0 -9999.0 -9999.0 -9999.0 -9999.0 -9999.0 -9999.0 -9999.0 -9999.0 -9999.0 -9999.0 -9999.0 -9999.0 -9999.0 -9999.0 -9999.0 -9999.0 -9999.0 -9999.0 -9999.0 -9999.0 -9999.0 -9999.0 -9999.0 -9999.0 -9999.0 -9999.0 -9999.0 -9999.0 -9999.0 -9999.0
-9999.0 -9999.0 -1000.577536 -1012.507448 -1016.417700 -1019.584680 -1022.175263 -1023.972294 -1024.868080 -1019.739562 -971.564362 -938.712193 -948.151232 -961.250925 -979.344467 -998.160149 -983.761721 -958.117482 -937.096124 -925.491370 -922.716450 -926.897334 -936.115760 -948.607593 -962.714117 -976.900933 -989.842109 -1000.632507 -1008.935984 -1014.910040 -1018.982308 -1021.642507 -1023.322476 -1024.352289 -1024.962080 -1025.302373 -1025.483944 -1025.680967 -1026.060744 -1025.847140 -1026.442945 -1043.971647 -737.499129 -728.617765 -711.628840 -701.476017 -696.768935 -696.150288 -696.093736 -696.117978 -696.156790 -696.197488 -696.236489 -696.272541 -696.305429 -696.338209 -696.402813 -696.785261 -699.333164 -705.323606 -715.746390 -713.968065 -1032.876613 -1028.538641 -1026.701946 -1026.131848 -1026.001471 -1025.981702 -1025.984832 -1025.991440 -1025.997405 -1026.002055 -1026.005536 -1026.008139 -1026.010111 -1026.011630 -1026.012827 -1026.013784 -1026.014567 -1026.015243 -1026.015881 -1026.016562 -1026.017394 -1026.018523 -1026.020172 -1026.022682 -1026.026601 -1026.032814 -1026.042788 -1026.059012 -1026.085835 -1026.131129 -1026.209656 -1026.349952 -1026.608333 -1027.096667 -1028.035653 -1029.854173 -1033.377869 -1040.233592 -1053.869684 -1082.469810 -9999.0 -9999.0
-9999.0 -9999.0 -1000.577457 -1012.507359 -1016.417636 -1019.584651 -1022.175255 -1023.972294 -1024.868082 -1019.739563 -971.564362 -938.712193 -948.151232 -961.250925 -979.344467 -998.160149 -983.761721 -958.117482 -937.096124 -925.491370 -922.716450 -926.897334 -936.115760 -948.607593 -962.714117 -976.900933 -989.842109 -1000.632507 -1008.935984 -1014.910040 -1018.982308 -1021.642507 -1023.322476 -1024.352289 -1024.962080 -1025.302373 -1025.483944 -1025.680967 -1026.060744 -1025.847140 -1026.442945 -1043.971647 -737.499129 -728.617765 -711.628840 -701.476016 -696.768935 -696.150287 -696.093736 -696.117978 -696.156790 -696.197488 -696.236489 -696.272541 -696.305429 -696.338209 -696.402813 -696.785261 -699.333164 -705.323606 -715.746390 -713.968065 -1032.876613 -1028.538641 -1026.701946 -1026.131848 -1026.001471 -1025.981702 -1025.984832 -1025.991440 -1025.997405 -1026.002055 -1026.005536 -1026.008139 -1026.010111 -1026.011630 -1026.012827 -1026.013784 -1026.014567 -1026.015243 -1026.015881 -1026.016562 -1026.017394 -1026.018523 -1026.020172 -1026.022682 -1026.026601 -1026.032814 -1026.042788 -1026.059012 -1026.085835 -1026.131129 -1026.209656 -1026.349952 -1026.608333 -1027.096667 -1028.035653 -1029.854173 -1033.377869 -1040.233592 -1053.869684 -1082.469810 -9999.0 -9999.0
-9999.0 -9999.0 -1000.577420 -1012.507310 -1016.417594 -1019.584630 -1022.175248 -1023.972294 -1024.868084 -1019.739564 -971.564362 -938.712193 -948.151232 -961.250925 -979.344467 -998.160149 -983.761721 -958.117482 -937.096124 -925.491370 -922.716450 -926.897334 -936.115760 -948.607593 -962.714117 -976.900933 -989.842109 -1000.632507 -1008.935984 -1014.910040 -1018.982308 -1021.642507 -1023.322476 -1024.352289 -1024.962080 -1025.302373 -1025.483944 -1025.680967 -1026.060744 -1025.847140 -1026.442945 -1043.971647 -737.499129 -728.617765 -711.628840 -701.476016 -696.768935 -696.150287 -696.093736 -696.117978 -696.156790 -696.197488 -696.236489 -696.272541 -696.305429 -696.338209 -696.402813 -696.785261 -699.333164 -705.323606 -715.746390 -713.968065 -1032.876613 -1028.538641 -1026.701946 -1026.131848 -1026.001471 -1025.981702 -1025.984832 -1025.991440 -1025.997405 -1026.002055 -1026.005536 -1026.008139 -1026.010111 -1026.011630 -1026.012827 -1026.013784 -1026.014567 -1026.015243 -1026.015881 -1026.016562 -1026.017394 -1026.018523 -1026.020172 -1026.022682 -1026.026601 -1026.032814 -1026.042788 -1026.059012 -1026.085835 -1026.131129 -1026.209656 -1026.349952 -1026.608333 -1027.096667 -1028.035653 -1029.854173 -1033.377869 -1040.233592 -1053.869684 -1082.469810 -9999.0 -9999.0
-9999.0 -9999.0 -1000.577420 -1012.507310 -1016.417594 -1019.584630 -1022.175248 -1023.972294 -1024.868084 -1019.739564 -971.564362 -938.712193 -948.151232 -961.250925 -979.344467 -998.160149 -983.761721 -958.117482 -937.096124 -925.491370 -922.716450 -926.897334 -936.115760 -948.607593 -962.714117 -976.900933 -989.842109 -1000.632507 -1008.935984 -1014.910040 -1018.982308 -1021.642507 -1023.322476 -1024.352289 -1024.962080 -1025.302373 -1025.483944 -1025.680967 -1026.060744 -1025.847140 -1026.442945 -1043.971647 -737.499129 -728.617765 -711.628840 -701.476016 -696.768935 -696.150287 -696.093736 -696.117978 -696.156790 -696.197488 -696.236489 -696.272541 -696.305429 -696.338209 -696.402813 -696.785261 -699.333164 -705.323606 -715.746390 -713.968065 -1032.876613 -1028.538641 -1026.701946 -1026.131848 -1026.001471 -1025.981702 -1025.984832 -1025.991440 -1025.997405 -1026.002055 -1026.005536 -1026.008139 -1026.010111 -1026.011630 -1026.012827 -1026.013784 -1026.014567 -1026.015243 -1026.015881 -1026.016562 -1026.017394 -1026.018523 -1026.020172 -1026.022682 -1026.026601 -1026.032814 -1026.042788 -1026.059012 -1026.085835 -1026.131129 -1026.209656 -1026.349952 -1026.608333 -1027.096667 -1028.035653 -1029.854173 -1033.377869 -1040.233592 -1053.869684 -1082.469810 -9999.0 -9999.0
-9999.0 -9999.0 -1000.577457 -1012.507359 -1016.417636 -1019.584651 -1022.175255 -1023.972294 -1024.868082 -1019.739563 -971.564362 -938.712193 -948.151232 -961.250925 -979.344467 -998.160149 -983.761721 -958.117482 -937.096124 -925.491370 -922.716450 -926.897334 -936.115760 -948.607593 -962.714117 -976.900933 -989.842109 -1000.632507 -1008.935984 -1014.910040 -1018.982308 -1021.642507 -1023.322476 -1024.352289 -1024.962080 -1025.302373 -1025.483944 -1025.680967 -1026.060744 -1025.847140 -1026.442945 -1043.971647 -737.499129 -728.617765 -711.628840 -701.476016 -696.768935 -696.150287 -696.093736 -696.117978 -696.156790 -696.197488 -696.236489 -696.272541 -696.305429 -696.338209 -696.402813 -696.785261 -699.333164 -705.323606 -715.746390 -713.968065 -1032.876613 -1028.538641 -1026.701946 -1026.131848 -1026.001471 -1025.981702 -1025.984832 -1025.991440 -1025.997405 -1026.002055 -1026.005536 -1026.008139 -1026.010111 -1026.011630 -1026.012827 -1026.013784 -1026.014567 -1026.015243 -1026.015881 -1026.016562 -1026.017394 -1026.018523 -1026.020172 -1026.022682 -1026.026601 -1026.032814 -1026.042788 -1026.059012 -1026.085835 -1026.131129 -1026.209656 -1026.349952 -1026.608333 -1027.096667 -1028.035653 -1029.854173 -1033.377869 -1040.233592 -1053.869684 -1082.469810 -9999.0 -9999.0
-9999.0 -9999.0 -1000.577536 -1012.507448 -1016.417700 -1019.584680 -1022.175263 -1023.972294 -1024.868080 -1019.739562 -971.564362 -938.712193 -948.151232 -961.250925 -979.344467 -998.160149 -983.761721 -958.117482 -937.096124 -925.491370 -922.716450 -926.897334 -936.115760 -948.607593 -962.714117 -976.900933 -989.842109 -1000.632507 -1008.935984 -1014.910040 -1018.982308 -1021.642507 -1023.322476 -1024.352289 -1024.962080 -1025.302373 -1025.483944 -1025.680967 -1026.060744 -1025.847140 -1026.442945 -1043.971647 -737.499129 -728.617765 -711.628840 -701.476017 -696.768935 -696.150288 -696.093736 -696.117978 -696.156790 -696.197488 -696.236489 -696.272541 -696.305429 -696.338209 -696.402813 -696.785261 -699.333164 -705.323606 -715.746390 -713.968065 -1032.876613 -1028.538641 -1026.701946 -1026.131848 -1026.001471 -1025.981702 -1025.984832 -1025.991440 -1025.997405 -1026.002055 -1026.005536 -1026.008139 -1026.010111 -1026.011630 -1026.012827 -1026.013784 -1026.014567 -1026.015243 -1026.015881 -1026.016562 -1026.017394 -1026.018523 -1026.020172 -1026.022682 -1026.026601 -1026.032814 -1026.042788 -1026.059012 -1026.085835 -1026.131129 -1026.209656 -1026.349952 -1026.608333 -1027.096667 -1028.035653 -1029.854173 -1033.377869 -1040.233592 -1053.869684 -1082.469810 -9999.0 -9999.0
-9999.0 -9999.0 -9999.0 -9999.0 -9999.0 -9999.0 -9999.0 -9999.0 -9999.0 -9999.0 -9999.0 -9999.0 -9999.0 -9999.0 -9999.0 -9999.0 -9999.0 -9999.0 -9999.0 -9999.0 -9999.0 -9999.0 -9999.0 -9999.0 -9999.0 -9999.0 -9999.0 -9999.0 -9999.0 -9999.0 -9999.0 -9999.0 -9999.0 -9999.0 -9999.0 -9999.0 -9999.0 -9999.0 -9999.0 -9999.0 -9999.0 -9999.0 -9999.0 -9999.0 -9999.0 -9999.0 -9999.0 -9999.0 -9999.0 -9999.0 -9999.0 -9999.0 -9999.0 -9999.0 -9999.0 -9999.0 -9999.0 -9999.0 -9999.0 -9999.0 -9999.0 -9999.0 -9999.0 -9999.0 -9999.0 -9999.0 -9999.0 -9999.0 -9999.0 -9999.0 -9999.0 -9999.0 -9999.0 -9999.0 -9999.0 -9999.0 -9999.0 -9999.0 -9999.0 -9999.0 -9999.0 -9999.0 -9999.0 -9999.0 -9999.0 -9999.0 -9999.0 -9999.0 -9999.0 -9999.0 -9999.0 -9999.0 -9999.0 -9999.0 -9999.0 -9999.0 -9999.0 -9999.0 -9999.0 -9999.0 -9999.0 -9999.0 -9999.0 -9999.0
-9999.0 -9999.0 -9999.0 -9999.0 -9999.0 -9999.0 -9999.0 -9999.0 -9999.0 -9999.0 -9999.0 -9999.0 -9999.0 -9999.0 -9999.0 -9999.0 -9999.0 -9999.0 -9999.0 -9999.0 -9999.0 -9999.0 -9999.0 -9999.0 -9999.0 -9999.0 -9999.0 -9999.0 -9999.0 -9999.0 -9999.0 -9999.0 -9999.0 -9999.0 -9999.0 -9999.0 -9999.0 -9999.0 -9999.0 -9999.0 -9999.0 -9999.0 -9999.0 -9999.0 -9999.0 -9999.0 -9999.0 -9999.0 -9999.0 -9999.0 -9999.0 -9999.0 -9999.0 -9999.0 -9999.0 -9999.0 -9999.0 -9999.0 -9999.0 -9999.0 -9999.0 -9999.0 -9999.0 -9999.0 -9999.0 -9999.0 -9999.0 -9999.0 -9999.0 -9999.0 -9999.0 -9999.0 -9999.0 -9999.0 -9999.0 -9999.0 -9999.0 -9999.0 -9999.0 -9999.0 -9999.0 -9999.0 -9999.0 -9999.0 -9999.0 -9999.0 -9999.0 -9999.0 -9999.0 -9999.0 -9999.0 -9999.0 -9999.0 -9999.0 -9999.0 -9999.0 -9999.0 -9999.0 -9999.0 -9999.0 -9999.0 -9999.0 -9999.0 -9999.0