inst/processing_geotop_simulation/geotop_simulation/out/maps3D/PwL0011N0108.asc
ncols         104
nrows         10
xllcorner     -2.000000
yllcorner     0.000000
cellsize      1.000000
NODATA_value  -9999.0
-9999.0 -9999.0 -9999.0 -9999.0 -9999.0 -9999.0 -9999.0 -9999.0 -9999.0 -9999.0 -9999.0 -9999.0 -9999.0 -9999.0 -9999.0 -9999.0 -9999.0 -9999.0 -9999.0 -9999.0 -9999.0 -9999.0 -9999.0 -9999.0 -9999.0 -9999.0 -9999.0 -9999.0 -9999.0 -9999.0 -9999.0 -9999.0 -9999.0 -9999.0 -9999.0 -9999.0 -9999.0 -9999.0 -9999.0 -9999.0 -9999.0 -9999.0 -9999.0 -9999.0 -9999.0 -9999.0 -9999.0 -9999.0 -9999.0 -9999.0 -9999.0 -9999.0 -9999.0 -9999.0 -9999.0 -9999.0 -9999.0 -9999.0 -9999.0 -9999.0 -9999.0 -9999.0 -9999.0 -9999.0 -9999.0 -9999.0 -9999.0 -9999.0 -9999.0 -9999.0 -9999.0 -9999.0 -9999.0 -9999.0 -9999.0 -9999.0 -9999.0 -9999.0 -9999.0 -9999.0 -9999.0 -9999.0 -9999.0 -9999.0 -9999.0 -9999.0 -9999.0 -9999.0 -9999.0 -9999.0 -9999.0 -9999.0 -9999.0 -9999.0 -9999.0 -9999.0 -9999.0 -9999.0 -9999.0 -9999.0 -9999.0 -9999.0 -9999.0 -9999.0
-9999.0 -9999.0 -9999.0 -9999.0 -9999.0 -9999.0 -9999.0 -9999.0 -9999.0 -9999.0 -9999.0 -9999.0 -9999.0 -9999.0 -9999.0 -9999.0 -9999.0 -9999.0 -9999.0 -9999.0 -9999.0 -9999.0 -9999.0 -9999.0 -9999.0 -9999.0 -9999.0 -9999.0 -9999.0 -9999.0 -9999.0 -9999.0 -9999.0 -9999.0 -9999.0 -9999.0 -9999.0 -9999.0 -9999.0 -9999.0 -9999.0 -9999.0 -9999.0 -9999.0 -9999.0 -9999.0 -9999.0 -9999.0 -9999.0 -9999.0 -9999.0 -9999.0 -9999.0 -9999.0 -9999.0 -9999.0 -9999.0 -9999.0 -9999.0 -9999.0 -9999.0 -9999.0 -9999.0 -9999.0 -9999.0 -9999.0 -9999.0 -9999.0 -9999.0 -9999.0 -9999.0 -9999.0 -9999.0 -9999.0 -9999.0 -9999.0 -9999.0 -9999.0 -9999.0 -9999.0 -9999.0 -9999.0 -9999.0 -9999.0 -9999.0 -9999.0 -9999.0 -9999.0 -9999.0 -9999.0 -9999.0 -9999.0 -9999.0 -9999.0 -9999.0 -9999.0 -9999.0 -9999.0 -9999.0 -9999.0 -9999.0 -9999.0 -9999.0 -9999.0
-9999.0 -9999.0 539.327761 450.643564 358.704489 265.087437 170.739968 76.085860 -18.658954 -113.384167 -208.062690 -302.752701 -398.126199 -495.976880 -597.672454 -704.829809 -804.535580 -901.870063 -994.854938 -1079.991581 -1142.744847 -1180.320874 -1199.925771 -1209.226810 -1213.542880 -1215.788092 -1217.292353 -1218.537913 -1219.638201 -1220.590550 -1221.380555 -1222.009128 -1222.492035 -1222.852317 -1223.114225 -1223.301736 -1223.444540 -1223.590713 -1223.854635 -1225.124803 -1234.394531 -1304.009679 -2058.393013 -4360.103123 -4234.017538 -4056.663707 -3943.850502 -3928.883327 -3927.378810 -3927.513495 -3927.873782 -3928.259908 -3928.630186 -3928.972551 -3929.289059 -3929.648677 -3930.744445 -3938.778980 -3998.358155 -4115.245408 -4238.308301 -1873.103496 -1278.810822 -1230.808552 -1224.718504 -1223.965266 -1223.856319 -1223.838421 -1223.836813 -1223.838208 -1223.839862 -1223.841238 -1223.842294 -1223.843093 -1223.843702 -1223.844174 -1223.844547 -1223.844847 -1223.845096 -1223.845315 -1223.845528 -1223.845761 -1223.846053 -1223.846455 -1223.847049 -1223.847959 -1223.849388 -1223.851667 -1223.855353 -1223.861411 -1223.871563 -1223.889000 -1223.919817 -1223.975961 -1224.081181 -1224.283069 -1224.678068 -1225.468578 -1227.112486 -1230.749643 -1239.458358 -1263.168789 -9999.0 -9999.0
-9999.0 -9999.0 539.334315 450.645478 358.705034 265.087603 170.740021 76.085878 -18.658948 -113.384165 -208.062689 -302.752701 -398.126199 -495.976880 -597.672454 -704.829809 -804.535580 -901.870063 -994.854939 -1079.991582 -1142.744847 -1180.320874 -1199.925771 -1209.226810 -1213.542880 -1215.788092 -1217.292353 -1218.537913 -1219.638201 -1220.590550 -1221.380555 -1222.009128 -1222.492035 -1222.852317 -1223.114225 -1223.301736 -1223.444540 -1223.590713 -1223.854635 -1225.124803 -1234.394531 -1304.009679 -2058.393012 -4360.103122 -4234.017536 -4056.663701 -3943.850503 -3928.883327 -3927.378810 -3927.513495 -3927.873782 -3928.259908 -3928.630186 -3928.972551 -3929.289059 -3929.648677 -3930.744445 -3938.778980 -3998.358155 -4115.245408 -4238.308301 -1873.103496 -1278.810822 -1230.808552 -1224.718504 -1223.965266 -1223.856319 -1223.838421 -1223.836813 -1223.838208 -1223.839862 -1223.841238 -1223.842294 -1223.843093 -1223.843702 -1223.844174 -1223.844547 -1223.844847 -1223.845096 -1223.845315 -1223.845528 -1223.845761 -1223.846053 -1223.846455 -1223.847049 -1223.847959 -1223.849388 -1223.851667 -1223.855353 -1223.861411 -1223.871563 -1223.889000 -1223.919817 -1223.975961 -1224.081181 -1224.283069 -1224.678068 -1225.468578 -1227.112486 -1230.749643 -1239.458358 -1263.168789 -9999.0 -9999.0
-9999.0 -9999.0 539.335973 450.646351 358.705388 265.087734 170.740068 76.085894 -18.658942 -113.384163 -208.062689 -302.752700 -398.126199 -495.976880 -597.672454 -704.829809 -804.535580 -901.870063 -994.854939 -1079.991582 -1142.744847 -1180.320874 -1199.925771 -1209.226810 -1213.542880 -1215.788092 -1217.292353 -1218.537913 -1219.638201 -1220.590550 -1221.380555 -1222.009128 -1222.492035 -1222.852317 -1223.114225 -1223.301736 -1223.444540 -1223.590713 -1223.854635 -1225.124803 -1234.394531 -1304.009679 -2058.393012 -4360.103122 -4234.017536 -4056.663698 -3943.850503 -3928.883327 -3927.378810 -3927.513495 -3927.873782 -3928.259908 -3928.630186 -3928.972552 -3929.289059 -3929.648677 -3930.744445 -3938.778980 -3998.358155 -4115.245407 -4238.308301 -1873.103496 -1278.810822 -1230.808552 -1224.718504 -1223.965266 -1223.856319 -1223.838421 -1223.836813 -1223.838208 -1223.839862 -1223.841238 -1223.842294 -1223.843093 -1223.843702 -1223.844174 -1223.844547 -1223.844847 -1223.845096 -1223.845315 -1223.845528 -1223.845761 -1223.846053 -1223.846455 -1223.847049 -1223.847959 -1223.849388 -1223.851667 -1223.855353 -1223.861411 -1223.871563 -1223.889000 -1223.919817 -1223.975961 -1224.081181 -1224.283069 -1224.678068 -1225.468578 -1227.112486 -1230.749643 -1239.458358 -1263.168789 -9999.0 -9999.0
-9999.0 -9999.0 539.335973 450.646351 358.705388 265.087734 170.740068 76.085894 -18.658942 -113.384163 -208.062689 -302.752700 -398.126199 -495.976880 -597.672454 -704.829809 -804.535580 -901.870063 -994.854939 -1079.991582 -1142.744847 -1180.320874 -1199.925771 -1209.226810 -1213.542880 -1215.788092 -1217.292353 -1218.537913 -1219.638201 -1220.590550 -1221.380555 -1222.009128 -1222.492035 -1222.852317 -1223.114225 -1223.301736 -1223.444540 -1223.590713 -1223.854635 -1225.124803 -1234.394531 -1304.009679 -2058.393012 -4360.103122 -4234.017536 -4056.663698 -3943.850503 -3928.883327 -3927.378810 -3927.513495 -3927.873782 -3928.259908 -3928.630186 -3928.972552 -3929.289059 -3929.648677 -3930.744445 -3938.778980 -3998.358155 -4115.245407 -4238.308301 -1873.103496 -1278.810822 -1230.808552 -1224.718504 -1223.965266 -1223.856319 -1223.838421 -1223.836813 -1223.838208 -1223.839862 -1223.841238 -1223.842294 -1223.843093 -1223.843702 -1223.844174 -1223.844547 -1223.844847 -1223.845096 -1223.845315 -1223.845528 -1223.845761 -1223.846053 -1223.846455 -1223.847049 -1223.847959 -1223.849388 -1223.851667 -1223.855353 -1223.861411 -1223.871563 -1223.889000 -1223.919817 -1223.975961 -1224.081181 -1224.283069 -1224.678068 -1225.468578 -1227.112486 -1230.749643 -1239.458358 -1263.168789 -9999.0 -9999.0
-9999.0 -9999.0 539.334315 450.645478 358.705034 265.087603 170.740021 76.085878 -18.658948 -113.384165 -208.062690 -302.752701 -398.126199 -495.976880 -597.672454 -704.829809 -804.535580 -901.870063 -994.854939 -1079.991582 -1142.744847 -1180.320874 -1199.925771 -1209.226810 -1213.542880 -1215.788092 -1217.292353 -1218.537913 -1219.638201 -1220.590550 -1221.380555 -1222.009128 -1222.492035 -1222.852317 -1223.114225 -1223.301736 -1223.444540 -1223.590713 -1223.854635 -1225.124803 -1234.394531 -1304.009679 -2058.393012 -4360.103122 -4234.017536 -4056.663701 -3943.850503 -3928.883327 -3927.378810 -3927.513495 -3927.873782 -3928.259908 -3928.630186 -3928.972551 -3929.289059 -3929.648677 -3930.744445 -3938.778980 -3998.358155 -4115.245408 -4238.308301 -1873.103496 -1278.810822 -1230.808552 -1224.718504 -1223.965266 -1223.856319 -1223.838421 -1223.836813 -1223.838208 -1223.839862 -1223.841238 -1223.842294 -1223.843093 -1223.843702 -1223.844174 -1223.844547 -1223.844847 -1223.845096 -1223.845315 -1223.845528 -1223.845761 -1223.846053 -1223.846455 -1223.847049 -1223.847959 -1223.849388 -1223.851667 -1223.855353 -1223.861411 -1223.871563 -1223.889000 -1223.919817 -1223.975961 -1224.081181 -1224.283069 -1224.678068 -1225.468578 -1227.112486 -1230.749643 -1239.458358 -1263.168789 -9999.0 -9999.0
-9999.0 -9999.0 539.327761 450.643564 358.704489 265.087437 170.739968 76.085860 -18.658954 -113.384167 -208.062690 -302.752701 -398.126199 -495.976880 -597.672454 -704.829809 -804.535580 -901.870063 -994.854938 -1079.991581 -1142.744847 -1180.320874 -1199.925771 -1209.226810 -1213.542880 -1215.788092 -1217.292353 -1218.537913 -1219.638201 -1220.590550 -1221.380555 -1222.009128 -1222.492035 -1222.852317 -1223.114225 -1223.301736 -1223.444540 -1223.590713 -1223.854635 -1225.124803 -1234.394531 -1304.009679 -2058.393013 -4360.103123 -4234.017538 -4056.663707 -3943.850502 -3928.883327 -3927.378810 -3927.513495 -3927.873782 -3928.259908 -3928.630186 -3928.972551 -3929.289059 -3929.648677 -3930.744445 -3938.778980 -3998.358155 -4115.245408 -4238.308301 -1873.103496 -1278.810822 -1230.808552 -1224.718504 -1223.965266 -1223.856319 -1223.838421 -1223.836813 -1223.838208 -1223.839862 -1223.841238 -1223.842294 -1223.843093 -1223.843702 -1223.844174 -1223.844547 -1223.844847 -1223.845096 -1223.845315 -1223.845528 -1223.845761 -1223.846053 -1223.846455 -1223.847049 -1223.847959 -1223.849388 -1223.851667 -1223.855353 -1223.861411 -1223.871563 -1223.889000 -1223.919817 -1223.975961 -1224.081181 -1224.283069 -1224.678068 -1225.468578 -1227.112486 -1230.749643 -1239.458358 -1263.168789 -9999.0 -9999.0
-9999.0 -9999.0 -9999.0 -9999.0 -9999.0 -9999.0 -9999.0 -9999.0 -9999.0 -9999.0 -9999.0 -9999.0 -9999.0 -9999.0 -9999.0 -9999.0 -9999.0 -9999.0 -9999.0 -9999.0 -9999.0 -9999.0 -9999.0 -9999.0 -9999.0 -9999.0 -9999.0 -9999.0 -9999.0 -9999.0 -9999.0 -9999.0 -9999.0 -9999.0 -9999.0 -9999.0 -9999.0 -9999.0 -9999.0 -9999.0 -9999.0 -9999.0 -9999.0 -9999.0 -9999.0 -9999.0 -9999.0 -9999.0 -9999.0 -9999.0 -9999.0 -9999.0 -9999.0 -9999.0 -9999.0 -9999.0 -9999.0 -9999.0 -9999.0 -9999.0 -9999.0 -9999.0 -9999.0 -9999.0 -9999.0 -9999.0 -9999.0 -9999.0 -9999.0 -9999.0 -9999.0 -9999.0 -9999.0 -9999.0 -9999.0 -9999.0 -9999.0 -9999.0 -9999.0 -9999.0 -9999.0 -9999.0 -9999.0 -9999.0 -9999.0 -9999.0 -9999.0 -9999.0 -9999.0 -9999.0 -9999.0 -9999.0 -9999.0 -9999.0 -9999.0 -9999.0 -9999.0 -9999.0 -9999.0 -9999.0 -9999.0 -9999.0 -9999.0 -9999.0
-9999.0 -9999.0 -9999.0 -9999.0 -9999.0 -9999.0 -9999.0 -9999.0 -9999.0 -9999.0 -9999.0 -9999.0 -9999.0 -9999.0 -9999.0 -9999.0 -9999.0 -9999.0 -9999.0 -9999.0 -9999.0 -9999.0 -9999.0 -9999.0 -9999.0 -9999.0 -9999.0 -9999.0 -9999.0 -9999.0 -9999.0 -9999.0 -9999.0 -9999.0 -9999.0 -9999.0 -9999.0 -9999.0 -9999.0 -9999.0 -9999.0 -9999.0 -9999.0 -9999.0 -9999.0 -9999.0 -9999.0 -9999.0 -9999.0 -9999.0 -9999.0 -9999.0 -9999.0 -9999.0 -9999.0 -9999.0 -9999.0 -9999.0 -9999.0 -9999.0 -9999.0 -9999.0 -9999.0 -9999.0 -9999.0 -9999.0 -9999.0 -9999.0 -9999.0 -9999.0 -9999.0 -9999.0 -9999.0 -9999.0 -9999.0 -9999.0 -9999.0 -9999.0 -9999.0 -9999.0 -9999.0 -9999.0 -9999.0 -9999.0 -9999.0 -9999.0 -9999.0 -9999.0 -9999.0 -9999.0 -9999.0 -9999.0 -9999.0 -9999.0 -9999.0 -9999.0 -9999.0 -9999.0 -9999.0 -9999.0 -9999.0 -9999.0 -9999.0 -9999.0