inst/processing_geotop_simulation/geotop_simulation/out/maps3D/PwL0002N0234.asc
ncols         104
nrows         10
xllcorner     -2.000000
yllcorner     0.000000
cellsize      1.000000
NODATA_value  -9999.0
-9999.0 -9999.0 -9999.0 -9999.0 -9999.0 -9999.0 -9999.0 -9999.0 -9999.0 -9999.0 -9999.0 -9999.0 -9999.0 -9999.0 -9999.0 -9999.0 -9999.0 -9999.0 -9999.0 -9999.0 -9999.0 -9999.0 -9999.0 -9999.0 -9999.0 -9999.0 -9999.0 -9999.0 -9999.0 -9999.0 -9999.0 -9999.0 -9999.0 -9999.0 -9999.0 -9999.0 -9999.0 -9999.0 -9999.0 -9999.0 -9999.0 -9999.0 -9999.0 -9999.0 -9999.0 -9999.0 -9999.0 -9999.0 -9999.0 -9999.0 -9999.0 -9999.0 -9999.0 -9999.0 -9999.0 -9999.0 -9999.0 -9999.0 -9999.0 -9999.0 -9999.0 -9999.0 -9999.0 -9999.0 -9999.0 -9999.0 -9999.0 -9999.0 -9999.0 -9999.0 -9999.0 -9999.0 -9999.0 -9999.0 -9999.0 -9999.0 -9999.0 -9999.0 -9999.0 -9999.0 -9999.0 -9999.0 -9999.0 -9999.0 -9999.0 -9999.0 -9999.0 -9999.0 -9999.0 -9999.0 -9999.0 -9999.0 -9999.0 -9999.0 -9999.0 -9999.0 -9999.0 -9999.0 -9999.0 -9999.0 -9999.0 -9999.0 -9999.0 -9999.0
-9999.0 -9999.0 -9999.0 -9999.0 -9999.0 -9999.0 -9999.0 -9999.0 -9999.0 -9999.0 -9999.0 -9999.0 -9999.0 -9999.0 -9999.0 -9999.0 -9999.0 -9999.0 -9999.0 -9999.0 -9999.0 -9999.0 -9999.0 -9999.0 -9999.0 -9999.0 -9999.0 -9999.0 -9999.0 -9999.0 -9999.0 -9999.0 -9999.0 -9999.0 -9999.0 -9999.0 -9999.0 -9999.0 -9999.0 -9999.0 -9999.0 -9999.0 -9999.0 -9999.0 -9999.0 -9999.0 -9999.0 -9999.0 -9999.0 -9999.0 -9999.0 -9999.0 -9999.0 -9999.0 -9999.0 -9999.0 -9999.0 -9999.0 -9999.0 -9999.0 -9999.0 -9999.0 -9999.0 -9999.0 -9999.0 -9999.0 -9999.0 -9999.0 -9999.0 -9999.0 -9999.0 -9999.0 -9999.0 -9999.0 -9999.0 -9999.0 -9999.0 -9999.0 -9999.0 -9999.0 -9999.0 -9999.0 -9999.0 -9999.0 -9999.0 -9999.0 -9999.0 -9999.0 -9999.0 -9999.0 -9999.0 -9999.0 -9999.0 -9999.0 -9999.0 -9999.0 -9999.0 -9999.0 -9999.0 -9999.0 -9999.0 -9999.0 -9999.0 -9999.0
-9999.0 -9999.0 78.210535 -15.362406 -112.265158 -209.967295 -307.960428 -406.046083 -504.120571 -602.097070 -699.765762 -797.015159 -893.719714 -989.705571 -1085.574691 -1181.172056 -1275.249297 -1367.268687 -1456.798585 -1541.950660 -1617.893360 -1680.287510 -1727.898140 -1762.309293 -1786.342365 -1802.815107 -1814.003343 -1821.564162 -1826.649045 -1830.047830 -1832.303550 -1833.789999 -1834.763361 -1835.397544 -1835.809485 -1836.078902 -1836.267371 -1836.455291 -1836.913460 -1838.890595 -1845.535157 -1827.008093 -1128.496523 -1126.753061 -1115.747630 -1108.711709 -1105.409327 -1104.917436 -1104.865757 -1104.872187 -1104.887233 -1104.903346 -1104.918827 -1104.933159 -1104.946428 -1104.961536 -1105.006153 -1105.301400 -1107.064511 -1111.010140 -1116.879129 -1110.807475 -1805.333666 -1840.198851 -1837.738348 -1836.842510 -1836.681068 -1836.655637 -1836.652255 -1836.652509 -1836.653266 -1836.653958 -1836.654503 -1836.654919 -1836.655237 -1836.655484 -1836.655680 -1836.655838 -1836.655970 -1836.656087 -1836.656203 -1836.656331 -1836.656493 -1836.656718 -1836.657052 -1836.657566 -1836.658375 -1836.659670 -1836.661778 -1836.665268 -1836.671177 -1836.681443 -1836.699815 -1836.733679 -1836.797828 -1836.922367 -1837.170487 -1837.682785 -1838.798992 -1841.423676 -1848.335820 -1870.437249 -9999.0 -9999.0
-9999.0 -9999.0 78.222509 -15.360257 -112.264621 -209.967139 -307.960379 -406.046066 -504.120565 -602.097068 -699.765761 -797.015159 -893.719714 -989.705571 -1085.574691 -1181.172056 -1275.249297 -1367.268687 -1456.798585 -1541.950660 -1617.893360 -1680.287510 -1727.898140 -1762.309293 -1786.342365 -1802.815107 -1814.003343 -1821.564162 -1826.649045 -1830.047830 -1832.303550 -1833.789999 -1834.763361 -1835.397544 -1835.809485 -1836.078902 -1836.267371 -1836.455291 -1836.913460 -1838.890595 -1845.535157 -1827.008093 -1128.496523 -1126.753061 -1115.747630 -1108.711709 -1105.409327 -1104.917436 -1104.865757 -1104.872187 -1104.887233 -1104.903346 -1104.918827 -1104.933159 -1104.946428 -1104.961536 -1105.006153 -1105.301400 -1107.064511 -1111.010140 -1116.879129 -1110.807475 -1805.333666 -1840.198851 -1837.738348 -1836.842510 -1836.681068 -1836.655637 -1836.652255 -1836.652509 -1836.653266 -1836.653958 -1836.654503 -1836.654919 -1836.655237 -1836.655484 -1836.655680 -1836.655838 -1836.655970 -1836.656087 -1836.656203 -1836.656331 -1836.656493 -1836.656718 -1836.657052 -1836.657566 -1836.658375 -1836.659670 -1836.661778 -1836.665268 -1836.671177 -1836.681443 -1836.699815 -1836.733679 -1836.797828 -1836.922367 -1837.170487 -1837.682785 -1838.798992 -1841.423676 -1848.335820 -1870.437249 -9999.0 -9999.0
-9999.0 -9999.0 78.223809 -15.359398 -112.264282 -209.967017 -307.960335 -406.046050 -504.120559 -602.097066 -699.765760 -797.015158 -893.719714 -989.705571 -1085.574691 -1181.172056 -1275.249297 -1367.268687 -1456.798585 -1541.950660 -1617.893360 -1680.287510 -1727.898140 -1762.309294 -1786.342365 -1802.815107 -1814.003343 -1821.564162 -1826.649045 -1830.047830 -1832.303550 -1833.789999 -1834.763361 -1835.397544 -1835.809485 -1836.078902 -1836.267371 -1836.455291 -1836.913460 -1838.890595 -1845.535157 -1827.008093 -1128.496523 -1126.753061 -1115.747630 -1108.711709 -1105.409327 -1104.917436 -1104.865757 -1104.872187 -1104.887233 -1104.903346 -1104.918827 -1104.933159 -1104.946428 -1104.961536 -1105.006153 -1105.301400 -1107.064511 -1111.010140 -1116.879129 -1110.807475 -1805.333666 -1840.198851 -1837.738348 -1836.842510 -1836.681068 -1836.655637 -1836.652255 -1836.652509 -1836.653266 -1836.653958 -1836.654503 -1836.654919 -1836.655237 -1836.655484 -1836.655680 -1836.655838 -1836.655970 -1836.656087 -1836.656203 -1836.656331 -1836.656493 -1836.656718 -1836.657052 -1836.657566 -1836.658375 -1836.659670 -1836.661778 -1836.665268 -1836.671177 -1836.681443 -1836.699815 -1836.733679 -1836.797828 -1836.922367 -1837.170487 -1837.682785 -1838.798992 -1841.423676 -1848.335820 -1870.437249 -9999.0 -9999.0
-9999.0 -9999.0 78.223809 -15.359398 -112.264282 -209.967017 -307.960335 -406.046050 -504.120559 -602.097066 -699.765760 -797.015158 -893.719714 -989.705571 -1085.574691 -1181.172056 -1275.249297 -1367.268687 -1456.798585 -1541.950660 -1617.893360 -1680.287510 -1727.898140 -1762.309294 -1786.342365 -1802.815107 -1814.003343 -1821.564162 -1826.649045 -1830.047830 -1832.303550 -1833.789999 -1834.763361 -1835.397544 -1835.809485 -1836.078902 -1836.267371 -1836.455291 -1836.913460 -1838.890595 -1845.535157 -1827.008093 -1128.496523 -1126.753061 -1115.747630 -1108.711709 -1105.409327 -1104.917436 -1104.865757 -1104.872187 -1104.887233 -1104.903346 -1104.918827 -1104.933159 -1104.946428 -1104.961536 -1105.006153 -1105.301400 -1107.064511 -1111.010140 -1116.879129 -1110.807475 -1805.333666 -1840.198851 -1837.738348 -1836.842510 -1836.681068 -1836.655637 -1836.652255 -1836.652509 -1836.653266 -1836.653958 -1836.654503 -1836.654919 -1836.655237 -1836.655484 -1836.655680 -1836.655838 -1836.655970 -1836.656087 -1836.656203 -1836.656331 -1836.656493 -1836.656718 -1836.657052 -1836.657566 -1836.658375 -1836.659670 -1836.661778 -1836.665268 -1836.671177 -1836.681443 -1836.699815 -1836.733679 -1836.797828 -1836.922367 -1837.170487 -1837.682785 -1838.798992 -1841.423676 -1848.335820 -1870.437249 -9999.0 -9999.0
-9999.0 -9999.0 78.222509 -15.360257 -112.264621 -209.967139 -307.960378 -406.046066 -504.120565 -602.097068 -699.765761 -797.015159 -893.719714 -989.705571 -1085.574691 -1181.172056 -1275.249297 -1367.268687 -1456.798585 -1541.950660 -1617.893360 -1680.287510 -1727.898140 -1762.309293 -1786.342365 -1802.815107 -1814.003343 -1821.564162 -1826.649045 -1830.047830 -1832.303550 -1833.789999 -1834.763361 -1835.397544 -1835.809485 -1836.078902 -1836.267371 -1836.455291 -1836.913460 -1838.890595 -1845.535157 -1827.008093 -1128.496523 -1126.753061 -1115.747630 -1108.711709 -1105.409327 -1104.917436 -1104.865757 -1104.872187 -1104.887233 -1104.903346 -1104.918827 -1104.933159 -1104.946428 -1104.961536 -1105.006153 -1105.301400 -1107.064511 -1111.010140 -1116.879129 -1110.807475 -1805.333666 -1840.198851 -1837.738348 -1836.842510 -1836.681068 -1836.655637 -1836.652255 -1836.652509 -1836.653266 -1836.653958 -1836.654503 -1836.654919 -1836.655237 -1836.655484 -1836.655680 -1836.655838 -1836.655970 -1836.656087 -1836.656203 -1836.656331 -1836.656493 -1836.656718 -1836.657052 -1836.657566 -1836.658375 -1836.659670 -1836.661778 -1836.665268 -1836.671177 -1836.681443 -1836.699815 -1836.733679 -1836.797828 -1836.922367 -1837.170487 -1837.682785 -1838.798992 -1841.423676 -1848.335820 -1870.437249 -9999.0 -9999.0
-9999.0 -9999.0 78.210535 -15.362406 -112.265158 -209.967295 -307.960428 -406.046082 -504.120571 -602.097070 -699.765762 -797.015159 -893.719714 -989.705571 -1085.574691 -1181.172056 -1275.249297 -1367.268687 -1456.798585 -1541.950660 -1617.893360 -1680.287510 -1727.898140 -1762.309293 -1786.342365 -1802.815107 -1814.003343 -1821.564162 -1826.649045 -1830.047830 -1832.303550 -1833.789999 -1834.763361 -1835.397544 -1835.809485 -1836.078902 -1836.267371 -1836.455291 -1836.913460 -1838.890595 -1845.535157 -1827.008093 -1128.496523 -1126.753061 -1115.747630 -1108.711709 -1105.409327 -1104.917436 -1104.865757 -1104.872187 -1104.887233 -1104.903346 -1104.918827 -1104.933159 -1104.946428 -1104.961536 -1105.006153 -1105.301400 -1107.064511 -1111.010140 -1116.879129 -1110.807475 -1805.333666 -1840.198851 -1837.738348 -1836.842510 -1836.681068 -1836.655637 -1836.652255 -1836.652509 -1836.653266 -1836.653958 -1836.654503 -1836.654919 -1836.655237 -1836.655484 -1836.655680 -1836.655838 -1836.655970 -1836.656087 -1836.656203 -1836.656331 -1836.656493 -1836.656718 -1836.657052 -1836.657566 -1836.658375 -1836.659670 -1836.661778 -1836.665268 -1836.671177 -1836.681443 -1836.699815 -1836.733679 -1836.797828 -1836.922367 -1837.170487 -1837.682785 -1838.798992 -1841.423676 -1848.335820 -1870.437249 -9999.0 -9999.0
-9999.0 -9999.0 -9999.0 -9999.0 -9999.0 -9999.0 -9999.0 -9999.0 -9999.0 -9999.0 -9999.0 -9999.0 -9999.0 -9999.0 -9999.0 -9999.0 -9999.0 -9999.0 -9999.0 -9999.0 -9999.0 -9999.0 -9999.0 -9999.0 -9999.0 -9999.0 -9999.0 -9999.0 -9999.0 -9999.0 -9999.0 -9999.0 -9999.0 -9999.0 -9999.0 -9999.0 -9999.0 -9999.0 -9999.0 -9999.0 -9999.0 -9999.0 -9999.0 -9999.0 -9999.0 -9999.0 -9999.0 -9999.0 -9999.0 -9999.0 -9999.0 -9999.0 -9999.0 -9999.0 -9999.0 -9999.0 -9999.0 -9999.0 -9999.0 -9999.0 -9999.0 -9999.0 -9999.0 -9999.0 -9999.0 -9999.0 -9999.0 -9999.0 -9999.0 -9999.0 -9999.0 -9999.0 -9999.0 -9999.0 -9999.0 -9999.0 -9999.0 -9999.0 -9999.0 -9999.0 -9999.0 -9999.0 -9999.0 -9999.0 -9999.0 -9999.0 -9999.0 -9999.0 -9999.0 -9999.0 -9999.0 -9999.0 -9999.0 -9999.0 -9999.0 -9999.0 -9999.0 -9999.0 -9999.0 -9999.0 -9999.0 -9999.0 -9999.0 -9999.0
-9999.0 -9999.0 -9999.0 -9999.0 -9999.0 -9999.0 -9999.0 -9999.0 -9999.0 -9999.0 -9999.0 -9999.0 -9999.0 -9999.0 -9999.0 -9999.0 -9999.0 -9999.0 -9999.0 -9999.0 -9999.0 -9999.0 -9999.0 -9999.0 -9999.0 -9999.0 -9999.0 -9999.0 -9999.0 -9999.0 -9999.0 -9999.0 -9999.0 -9999.0 -9999.0 -9999.0 -9999.0 -9999.0 -9999.0 -9999.0 -9999.0 -9999.0 -9999.0 -9999.0 -9999.0 -9999.0 -9999.0 -9999.0 -9999.0 -9999.0 -9999.0 -9999.0 -9999.0 -9999.0 -9999.0 -9999.0 -9999.0 -9999.0 -9999.0 -9999.0 -9999.0 -9999.0 -9999.0 -9999.0 -9999.0 -9999.0 -9999.0 -9999.0 -9999.0 -9999.0 -9999.0 -9999.0 -9999.0 -9999.0 -9999.0 -9999.0 -9999.0 -9999.0 -9999.0 -9999.0 -9999.0 -9999.0 -9999.0 -9999.0 -9999.0 -9999.0 -9999.0 -9999.0 -9999.0 -9999.0 -9999.0 -9999.0 -9999.0 -9999.0 -9999.0 -9999.0 -9999.0 -9999.0 -9999.0 -9999.0 -9999.0 -9999.0 -9999.0 -9999.0