inst/processing_geotop_simulation/geotop_simulation/out/maps3D/PwL0012N0084.asc
ncols         104
nrows         10
xllcorner     -2.000000
yllcorner     0.000000
cellsize      1.000000
NODATA_value  -9999.0
-9999.0 -9999.0 -9999.0 -9999.0 -9999.0 -9999.0 -9999.0 -9999.0 -9999.0 -9999.0 -9999.0 -9999.0 -9999.0 -9999.0 -9999.0 -9999.0 -9999.0 -9999.0 -9999.0 -9999.0 -9999.0 -9999.0 -9999.0 -9999.0 -9999.0 -9999.0 -9999.0 -9999.0 -9999.0 -9999.0 -9999.0 -9999.0 -9999.0 -9999.0 -9999.0 -9999.0 -9999.0 -9999.0 -9999.0 -9999.0 -9999.0 -9999.0 -9999.0 -9999.0 -9999.0 -9999.0 -9999.0 -9999.0 -9999.0 -9999.0 -9999.0 -9999.0 -9999.0 -9999.0 -9999.0 -9999.0 -9999.0 -9999.0 -9999.0 -9999.0 -9999.0 -9999.0 -9999.0 -9999.0 -9999.0 -9999.0 -9999.0 -9999.0 -9999.0 -9999.0 -9999.0 -9999.0 -9999.0 -9999.0 -9999.0 -9999.0 -9999.0 -9999.0 -9999.0 -9999.0 -9999.0 -9999.0 -9999.0 -9999.0 -9999.0 -9999.0 -9999.0 -9999.0 -9999.0 -9999.0 -9999.0 -9999.0 -9999.0 -9999.0 -9999.0 -9999.0 -9999.0 -9999.0 -9999.0 -9999.0 -9999.0 -9999.0 -9999.0 -9999.0
-9999.0 -9999.0 -9999.0 -9999.0 -9999.0 -9999.0 -9999.0 -9999.0 -9999.0 -9999.0 -9999.0 -9999.0 -9999.0 -9999.0 -9999.0 -9999.0 -9999.0 -9999.0 -9999.0 -9999.0 -9999.0 -9999.0 -9999.0 -9999.0 -9999.0 -9999.0 -9999.0 -9999.0 -9999.0 -9999.0 -9999.0 -9999.0 -9999.0 -9999.0 -9999.0 -9999.0 -9999.0 -9999.0 -9999.0 -9999.0 -9999.0 -9999.0 -9999.0 -9999.0 -9999.0 -9999.0 -9999.0 -9999.0 -9999.0 -9999.0 -9999.0 -9999.0 -9999.0 -9999.0 -9999.0 -9999.0 -9999.0 -9999.0 -9999.0 -9999.0 -9999.0 -9999.0 -9999.0 -9999.0 -9999.0 -9999.0 -9999.0 -9999.0 -9999.0 -9999.0 -9999.0 -9999.0 -9999.0 -9999.0 -9999.0 -9999.0 -9999.0 -9999.0 -9999.0 -9999.0 -9999.0 -9999.0 -9999.0 -9999.0 -9999.0 -9999.0 -9999.0 -9999.0 -9999.0 -9999.0 -9999.0 -9999.0 -9999.0 -9999.0 -9999.0 -9999.0 -9999.0 -9999.0 -9999.0 -9999.0 -9999.0 -9999.0 -9999.0 -9999.0
-9999.0 -9999.0 543.667056 443.489997 343.297940 243.246246 143.425681 43.895847 -55.324003 -154.502748 -254.600348 -357.145097 -463.992026 -575.735871 -690.498811 -804.141378 -900.471778 -977.641448 -1045.023457 -1105.783536 -1109.002663 -1103.238679 -1095.875947 -1090.100057 -1086.736790 -1085.542706 -1085.887560 -1087.104577 -1088.662607 -1090.218193 -1091.591276 -1092.714721 -1093.587305 -1094.239131 -1094.710610 -1095.043396 -1095.285020 -1095.502532 -1095.776595 -1096.685326 -1104.788489 -1185.276904 -2143.749216 -4374.006062 -4381.180086 -4381.167534 -4381.155421 -4381.153548 -4381.153355 -4381.153368 -4381.153408 -4381.153452 -4381.153494 -4381.153532 -4381.153568 -4381.153609 -4381.153743 -4381.154735 -4381.161656 -4381.172095 -4370.005119 -2036.535124 -1162.446726 -1102.266368 -1096.648374 -1096.014919 -1095.913341 -1095.895527 -1095.894441 -1095.896472 -1095.898672 -1095.900471 -1095.901844 -1095.902881 -1095.903672 -1095.904284 -1095.904768 -1095.905158 -1095.905480 -1095.905763 -1095.906035 -1095.906334 -1095.906704 -1095.907215 -1095.907966 -1095.909115 -1095.910918 -1095.913790 -1095.918426 -1095.926025 -1095.938722 -1095.960445 -1095.998683 -1096.068073 -1096.197692 -1096.445661 -1096.928800 -1097.887673 -1099.852470 -1104.120502 -1114.131672 -1139.951895 -9999.0 -9999.0
-9999.0 -9999.0 543.667055 443.489996 343.297940 243.246246 143.425680 43.895847 -55.324003 -154.502748 -254.600348 -357.145097 -463.992027 -575.735871 -690.498811 -804.141378 -900.471778 -977.641448 -1045.023457 -1105.783536 -1109.002663 -1103.238679 -1095.875947 -1090.100057 -1086.736790 -1085.542706 -1085.887560 -1087.104577 -1088.662607 -1090.218193 -1091.591276 -1092.714721 -1093.587305 -1094.239131 -1094.710610 -1095.043396 -1095.285020 -1095.502532 -1095.776595 -1096.685326 -1104.788489 -1185.276904 -2143.749216 -4374.006062 -4381.180086 -4381.167534 -4381.155421 -4381.153548 -4381.153355 -4381.153368 -4381.153408 -4381.153452 -4381.153494 -4381.153532 -4381.153568 -4381.153609 -4381.153743 -4381.154735 -4381.161656 -4381.172095 -4370.005119 -2036.535124 -1162.446726 -1102.266368 -1096.648374 -1096.014919 -1095.913341 -1095.895527 -1095.894441 -1095.896472 -1095.898672 -1095.900471 -1095.901844 -1095.902881 -1095.903672 -1095.904284 -1095.904768 -1095.905158 -1095.905480 -1095.905763 -1095.906035 -1095.906334 -1095.906704 -1095.907215 -1095.907966 -1095.909115 -1095.910918 -1095.913790 -1095.918426 -1095.926025 -1095.938722 -1095.960445 -1095.998683 -1096.068073 -1096.197692 -1096.445661 -1096.928800 -1097.887673 -1099.852470 -1104.120502 -1114.131672 -1139.951895 -9999.0 -9999.0
-9999.0 -9999.0 543.667056 443.489996 343.297939 243.246245 143.425680 43.895847 -55.324003 -154.502748 -254.600348 -357.145097 -463.992027 -575.735872 -690.498812 -804.141378 -900.471778 -977.641448 -1045.023457 -1105.783536 -1109.002663 -1103.238679 -1095.875947 -1090.100057 -1086.736790 -1085.542706 -1085.887560 -1087.104577 -1088.662607 -1090.218193 -1091.591276 -1092.714721 -1093.587305 -1094.239131 -1094.710610 -1095.043396 -1095.285020 -1095.502532 -1095.776595 -1096.685326 -1104.788489 -1185.276904 -2143.749216 -4374.006062 -4381.180086 -4381.167534 -4381.155421 -4381.153548 -4381.153355 -4381.153368 -4381.153408 -4381.153452 -4381.153494 -4381.153532 -4381.153568 -4381.153609 -4381.153743 -4381.154735 -4381.161656 -4381.172095 -4370.005119 -2036.535124 -1162.446726 -1102.266368 -1096.648374 -1096.014919 -1095.913341 -1095.895527 -1095.894441 -1095.896472 -1095.898672 -1095.900471 -1095.901844 -1095.902881 -1095.903672 -1095.904284 -1095.904768 -1095.905158 -1095.905480 -1095.905763 -1095.906035 -1095.906334 -1095.906704 -1095.907215 -1095.907966 -1095.909115 -1095.910918 -1095.913790 -1095.918426 -1095.926025 -1095.938722 -1095.960445 -1095.998683 -1096.068073 -1096.197692 -1096.445661 -1096.928800 -1097.887673 -1099.852470 -1104.120502 -1114.131672 -1139.951895 -9999.0 -9999.0
-9999.0 -9999.0 543.667056 443.489996 343.297939 243.246245 143.425680 43.895847 -55.324003 -154.502748 -254.600348 -357.145097 -463.992027 -575.735872 -690.498812 -804.141378 -900.471778 -977.641448 -1045.023457 -1105.783536 -1109.002663 -1103.238679 -1095.875947 -1090.100057 -1086.736790 -1085.542706 -1085.887560 -1087.104577 -1088.662607 -1090.218193 -1091.591276 -1092.714721 -1093.587305 -1094.239131 -1094.710610 -1095.043396 -1095.285020 -1095.502532 -1095.776595 -1096.685326 -1104.788489 -1185.276904 -2143.749216 -4374.006062 -4381.180086 -4381.167534 -4381.155421 -4381.153548 -4381.153355 -4381.153368 -4381.153408 -4381.153452 -4381.153494 -4381.153532 -4381.153568 -4381.153609 -4381.153743 -4381.154735 -4381.161656 -4381.172095 -4370.005119 -2036.535124 -1162.446726 -1102.266368 -1096.648374 -1096.014919 -1095.913341 -1095.895527 -1095.894441 -1095.896472 -1095.898672 -1095.900471 -1095.901844 -1095.902881 -1095.903672 -1095.904284 -1095.904768 -1095.905158 -1095.905480 -1095.905763 -1095.906035 -1095.906334 -1095.906704 -1095.907215 -1095.907966 -1095.909115 -1095.910918 -1095.913790 -1095.918426 -1095.926025 -1095.938722 -1095.960445 -1095.998683 -1096.068073 -1096.197692 -1096.445661 -1096.928800 -1097.887673 -1099.852470 -1104.120502 -1114.131672 -1139.951895 -9999.0 -9999.0
-9999.0 -9999.0 543.667055 443.489996 343.297940 243.246246 143.425680 43.895847 -55.324003 -154.502748 -254.600348 -357.145097 -463.992027 -575.735871 -690.498811 -804.141378 -900.471778 -977.641448 -1045.023457 -1105.783536 -1109.002663 -1103.238679 -1095.875947 -1090.100057 -1086.736790 -1085.542706 -1085.887560 -1087.104577 -1088.662607 -1090.218193 -1091.591276 -1092.714721 -1093.587305 -1094.239131 -1094.710610 -1095.043396 -1095.285020 -1095.502532 -1095.776595 -1096.685326 -1104.788489 -1185.276904 -2143.749216 -4374.006062 -4381.180086 -4381.167534 -4381.155421 -4381.153548 -4381.153355 -4381.153368 -4381.153408 -4381.153452 -4381.153494 -4381.153532 -4381.153568 -4381.153609 -4381.153743 -4381.154735 -4381.161656 -4381.172095 -4370.005119 -2036.535124 -1162.446726 -1102.266368 -1096.648374 -1096.014919 -1095.913341 -1095.895527 -1095.894441 -1095.896472 -1095.898672 -1095.900471 -1095.901844 -1095.902881 -1095.903672 -1095.904284 -1095.904768 -1095.905158 -1095.905480 -1095.905763 -1095.906035 -1095.906334 -1095.906704 -1095.907215 -1095.907966 -1095.909115 -1095.910918 -1095.913790 -1095.918426 -1095.926025 -1095.938722 -1095.960445 -1095.998683 -1096.068073 -1096.197692 -1096.445661 -1096.928800 -1097.887673 -1099.852470 -1104.120502 -1114.131672 -1139.951895 -9999.0 -9999.0
-9999.0 -9999.0 543.667056 443.489997 343.297939 243.246246 143.425681 43.895847 -55.324003 -154.502748 -254.600348 -357.145097 -463.992026 -575.735871 -690.498811 -804.141378 -900.471778 -977.641448 -1045.023457 -1105.783536 -1109.002663 -1103.238679 -1095.875947 -1090.100057 -1086.736790 -1085.542706 -1085.887560 -1087.104577 -1088.662607 -1090.218193 -1091.591276 -1092.714721 -1093.587305 -1094.239131 -1094.710610 -1095.043396 -1095.285020 -1095.502532 -1095.776595 -1096.685326 -1104.788489 -1185.276904 -2143.749216 -4374.006062 -4381.180086 -4381.167534 -4381.155421 -4381.153548 -4381.153355 -4381.153368 -4381.153408 -4381.153452 -4381.153494 -4381.153532 -4381.153568 -4381.153609 -4381.153743 -4381.154735 -4381.161656 -4381.172095 -4370.005119 -2036.535124 -1162.446726 -1102.266368 -1096.648374 -1096.014919 -1095.913341 -1095.895527 -1095.894441 -1095.896472 -1095.898672 -1095.900471 -1095.901844 -1095.902881 -1095.903672 -1095.904284 -1095.904768 -1095.905158 -1095.905480 -1095.905763 -1095.906035 -1095.906334 -1095.906704 -1095.907215 -1095.907966 -1095.909115 -1095.910918 -1095.913790 -1095.918426 -1095.926025 -1095.938722 -1095.960445 -1095.998683 -1096.068073 -1096.197692 -1096.445661 -1096.928800 -1097.887673 -1099.852470 -1104.120502 -1114.131672 -1139.951895 -9999.0 -9999.0
-9999.0 -9999.0 -9999.0 -9999.0 -9999.0 -9999.0 -9999.0 -9999.0 -9999.0 -9999.0 -9999.0 -9999.0 -9999.0 -9999.0 -9999.0 -9999.0 -9999.0 -9999.0 -9999.0 -9999.0 -9999.0 -9999.0 -9999.0 -9999.0 -9999.0 -9999.0 -9999.0 -9999.0 -9999.0 -9999.0 -9999.0 -9999.0 -9999.0 -9999.0 -9999.0 -9999.0 -9999.0 -9999.0 -9999.0 -9999.0 -9999.0 -9999.0 -9999.0 -9999.0 -9999.0 -9999.0 -9999.0 -9999.0 -9999.0 -9999.0 -9999.0 -9999.0 -9999.0 -9999.0 -9999.0 -9999.0 -9999.0 -9999.0 -9999.0 -9999.0 -9999.0 -9999.0 -9999.0 -9999.0 -9999.0 -9999.0 -9999.0 -9999.0 -9999.0 -9999.0 -9999.0 -9999.0 -9999.0 -9999.0 -9999.0 -9999.0 -9999.0 -9999.0 -9999.0 -9999.0 -9999.0 -9999.0 -9999.0 -9999.0 -9999.0 -9999.0 -9999.0 -9999.0 -9999.0 -9999.0 -9999.0 -9999.0 -9999.0 -9999.0 -9999.0 -9999.0 -9999.0 -9999.0 -9999.0 -9999.0 -9999.0 -9999.0 -9999.0 -9999.0
-9999.0 -9999.0 -9999.0 -9999.0 -9999.0 -9999.0 -9999.0 -9999.0 -9999.0 -9999.0 -9999.0 -9999.0 -9999.0 -9999.0 -9999.0 -9999.0 -9999.0 -9999.0 -9999.0 -9999.0 -9999.0 -9999.0 -9999.0 -9999.0 -9999.0 -9999.0 -9999.0 -9999.0 -9999.0 -9999.0 -9999.0 -9999.0 -9999.0 -9999.0 -9999.0 -9999.0 -9999.0 -9999.0 -9999.0 -9999.0 -9999.0 -9999.0 -9999.0 -9999.0 -9999.0 -9999.0 -9999.0 -9999.0 -9999.0 -9999.0 -9999.0 -9999.0 -9999.0 -9999.0 -9999.0 -9999.0 -9999.0 -9999.0 -9999.0 -9999.0 -9999.0 -9999.0 -9999.0 -9999.0 -9999.0 -9999.0 -9999.0 -9999.0 -9999.0 -9999.0 -9999.0 -9999.0 -9999.0 -9999.0 -9999.0 -9999.0 -9999.0 -9999.0 -9999.0 -9999.0 -9999.0 -9999.0 -9999.0 -9999.0 -9999.0 -9999.0 -9999.0 -9999.0 -9999.0 -9999.0 -9999.0 -9999.0 -9999.0 -9999.0 -9999.0 -9999.0 -9999.0 -9999.0 -9999.0 -9999.0 -9999.0 -9999.0 -9999.0 -9999.0