inst/processing_geotop_simulation/geotop_simulation/out/maps3D/PwL0009N0103.asc
ncols         104
nrows         10
xllcorner     -2.000000
yllcorner     0.000000
cellsize      1.000000
NODATA_value  -9999.0
-9999.0 -9999.0 -9999.0 -9999.0 -9999.0 -9999.0 -9999.0 -9999.0 -9999.0 -9999.0 -9999.0 -9999.0 -9999.0 -9999.0 -9999.0 -9999.0 -9999.0 -9999.0 -9999.0 -9999.0 -9999.0 -9999.0 -9999.0 -9999.0 -9999.0 -9999.0 -9999.0 -9999.0 -9999.0 -9999.0 -9999.0 -9999.0 -9999.0 -9999.0 -9999.0 -9999.0 -9999.0 -9999.0 -9999.0 -9999.0 -9999.0 -9999.0 -9999.0 -9999.0 -9999.0 -9999.0 -9999.0 -9999.0 -9999.0 -9999.0 -9999.0 -9999.0 -9999.0 -9999.0 -9999.0 -9999.0 -9999.0 -9999.0 -9999.0 -9999.0 -9999.0 -9999.0 -9999.0 -9999.0 -9999.0 -9999.0 -9999.0 -9999.0 -9999.0 -9999.0 -9999.0 -9999.0 -9999.0 -9999.0 -9999.0 -9999.0 -9999.0 -9999.0 -9999.0 -9999.0 -9999.0 -9999.0 -9999.0 -9999.0 -9999.0 -9999.0 -9999.0 -9999.0 -9999.0 -9999.0 -9999.0 -9999.0 -9999.0 -9999.0 -9999.0 -9999.0 -9999.0 -9999.0 -9999.0 -9999.0 -9999.0 -9999.0 -9999.0 -9999.0
-9999.0 -9999.0 -9999.0 -9999.0 -9999.0 -9999.0 -9999.0 -9999.0 -9999.0 -9999.0 -9999.0 -9999.0 -9999.0 -9999.0 -9999.0 -9999.0 -9999.0 -9999.0 -9999.0 -9999.0 -9999.0 -9999.0 -9999.0 -9999.0 -9999.0 -9999.0 -9999.0 -9999.0 -9999.0 -9999.0 -9999.0 -9999.0 -9999.0 -9999.0 -9999.0 -9999.0 -9999.0 -9999.0 -9999.0 -9999.0 -9999.0 -9999.0 -9999.0 -9999.0 -9999.0 -9999.0 -9999.0 -9999.0 -9999.0 -9999.0 -9999.0 -9999.0 -9999.0 -9999.0 -9999.0 -9999.0 -9999.0 -9999.0 -9999.0 -9999.0 -9999.0 -9999.0 -9999.0 -9999.0 -9999.0 -9999.0 -9999.0 -9999.0 -9999.0 -9999.0 -9999.0 -9999.0 -9999.0 -9999.0 -9999.0 -9999.0 -9999.0 -9999.0 -9999.0 -9999.0 -9999.0 -9999.0 -9999.0 -9999.0 -9999.0 -9999.0 -9999.0 -9999.0 -9999.0 -9999.0 -9999.0 -9999.0 -9999.0 -9999.0 -9999.0 -9999.0 -9999.0 -9999.0 -9999.0 -9999.0 -9999.0 -9999.0 -9999.0 -9999.0
-9999.0 -9999.0 438.166957 350.289058 258.308820 164.538486 70.024359 -24.781408 -119.673117 -214.580020 -309.522371 -405.160530 -504.631288 -611.702197 -728.235000 -832.491540 -934.533318 -1030.697952 -1116.121539 -1179.332563 -1212.167131 -1226.315951 -1231.181223 -1232.463316 -1232.925514 -1233.614182 -1234.719881 -1236.087263 -1237.494549 -1238.777062 -1239.852467 -1240.702297 -1241.345235 -1241.815427 -1242.149495 -1242.382136 -1242.551741 -1242.712785 -1242.962408 -1244.037899 -1252.176334 -1308.573257 -1496.106482 -1857.949513 -1707.997509 -1625.542476 -1589.157304 -1584.757844 -1584.321209 -1584.366083 -1584.478391 -1584.598573 -1584.713886 -1584.820561 -1584.919114 -1585.029970 -1585.358479 -1587.745888 -1605.991451 -1648.539377 -1723.831390 -1351.147784 -1285.409434 -1249.029998 -1243.770687 -1243.100167 -1242.998152 -1242.980889 -1242.979514 -1242.981089 -1242.982883 -1242.984365 -1242.985499 -1242.986356 -1242.987009 -1242.987515 -1242.987914 -1242.988235 -1242.988502 -1242.988735 -1242.988962 -1242.989209 -1242.989519 -1242.989945 -1242.990573 -1242.991536 -1242.993046 -1242.995454 -1242.999345 -1243.005734 -1243.016426 -1243.034759 -1243.067105 -1243.125928 -1243.235991 -1243.446801 -1243.858061 -1244.676111 -1246.357520 -1250.014099 -1258.613836 -1281.812936 -9999.0 -9999.0
-9999.0 -9999.0 438.174561 350.291101 258.309383 164.538655 70.024412 -24.781390 -119.673111 -214.580019 -309.522370 -405.160530 -504.631288 -611.702197 -728.235000 -832.491541 -934.533318 -1030.697952 -1116.121539 -1179.332563 -1212.167131 -1226.315951 -1231.181223 -1232.463316 -1232.925514 -1233.614182 -1234.719881 -1236.087263 -1237.494549 -1238.777062 -1239.852467 -1240.702297 -1241.345235 -1241.815427 -1242.149495 -1242.382136 -1242.551741 -1242.712785 -1242.962408 -1244.037899 -1252.176334 -1308.573257 -1496.106482 -1857.949512 -1707.997508 -1625.542474 -1589.157304 -1584.757844 -1584.321209 -1584.366083 -1584.478391 -1584.598573 -1584.713886 -1584.820561 -1584.919114 -1585.029970 -1585.358479 -1587.745888 -1605.991451 -1648.539377 -1723.831390 -1351.147784 -1285.409434 -1249.029998 -1243.770687 -1243.100167 -1242.998152 -1242.980889 -1242.979514 -1242.981089 -1242.982883 -1242.984365 -1242.985499 -1242.986356 -1242.987009 -1242.987515 -1242.987914 -1242.988235 -1242.988502 -1242.988735 -1242.988962 -1242.989209 -1242.989519 -1242.989945 -1242.990573 -1242.991536 -1242.993046 -1242.995454 -1242.999345 -1243.005734 -1243.016426 -1243.034759 -1243.067105 -1243.125928 -1243.235991 -1243.446801 -1243.858061 -1244.676111 -1246.357520 -1250.014099 -1258.613836 -1281.812936 -9999.0 -9999.0
-9999.0 -9999.0 438.176244 350.291998 258.309743 164.538787 70.024459 -24.781374 -119.673105 -214.580017 -309.522370 -405.160530 -504.631288 -611.702197 -728.235000 -832.491541 -934.533318 -1030.697952 -1116.121539 -1179.332563 -1212.167131 -1226.315951 -1231.181223 -1232.463316 -1232.925514 -1233.614182 -1234.719881 -1236.087263 -1237.494549 -1238.777062 -1239.852467 -1240.702297 -1241.345235 -1241.815427 -1242.149495 -1242.382136 -1242.551741 -1242.712785 -1242.962408 -1244.037899 -1252.176334 -1308.573257 -1496.106482 -1857.949512 -1707.997508 -1625.542473 -1589.157304 -1584.757844 -1584.321209 -1584.366083 -1584.478391 -1584.598573 -1584.713886 -1584.820561 -1584.919114 -1585.029970 -1585.358479 -1587.745888 -1605.991451 -1648.539376 -1723.831390 -1351.147784 -1285.409434 -1249.029998 -1243.770687 -1243.100167 -1242.998152 -1242.980889 -1242.979514 -1242.981089 -1242.982883 -1242.984365 -1242.985499 -1242.986356 -1242.987009 -1242.987515 -1242.987914 -1242.988235 -1242.988502 -1242.988735 -1242.988962 -1242.989209 -1242.989519 -1242.989945 -1242.990573 -1242.991536 -1242.993046 -1242.995454 -1242.999345 -1243.005734 -1243.016426 -1243.034759 -1243.067105 -1243.125928 -1243.235991 -1243.446801 -1243.858061 -1244.676111 -1246.357520 -1250.014099 -1258.613836 -1281.812936 -9999.0 -9999.0
-9999.0 -9999.0 438.176244 350.291998 258.309743 164.538787 70.024459 -24.781374 -119.673105 -214.580017 -309.522370 -405.160530 -504.631288 -611.702197 -728.235000 -832.491541 -934.533318 -1030.697952 -1116.121539 -1179.332563 -1212.167131 -1226.315951 -1231.181223 -1232.463316 -1232.925514 -1233.614182 -1234.719881 -1236.087263 -1237.494549 -1238.777062 -1239.852467 -1240.702297 -1241.345235 -1241.815427 -1242.149495 -1242.382136 -1242.551741 -1242.712785 -1242.962408 -1244.037899 -1252.176334 -1308.573257 -1496.106482 -1857.949512 -1707.997508 -1625.542473 -1589.157304 -1584.757844 -1584.321209 -1584.366083 -1584.478391 -1584.598573 -1584.713886 -1584.820561 -1584.919114 -1585.029970 -1585.358479 -1587.745888 -1605.991451 -1648.539376 -1723.831390 -1351.147784 -1285.409434 -1249.029998 -1243.770687 -1243.100167 -1242.998152 -1242.980889 -1242.979514 -1242.981089 -1242.982883 -1242.984365 -1242.985499 -1242.986356 -1242.987009 -1242.987515 -1242.987914 -1242.988235 -1242.988502 -1242.988735 -1242.988962 -1242.989209 -1242.989519 -1242.989945 -1242.990573 -1242.991536 -1242.993046 -1242.995454 -1242.999345 -1243.005734 -1243.016426 -1243.034759 -1243.067105 -1243.125928 -1243.235991 -1243.446801 -1243.858061 -1244.676111 -1246.357520 -1250.014099 -1258.613836 -1281.812936 -9999.0 -9999.0
-9999.0 -9999.0 438.174561 350.291101 258.309383 164.538655 70.024412 -24.781390 -119.673111 -214.580019 -309.522370 -405.160530 -504.631288 -611.702197 -728.235000 -832.491541 -934.533318 -1030.697952 -1116.121539 -1179.332563 -1212.167131 -1226.315951 -1231.181223 -1232.463316 -1232.925514 -1233.614182 -1234.719881 -1236.087263 -1237.494549 -1238.777062 -1239.852467 -1240.702297 -1241.345235 -1241.815427 -1242.149495 -1242.382136 -1242.551741 -1242.712785 -1242.962408 -1244.037899 -1252.176334 -1308.573257 -1496.106482 -1857.949512 -1707.997508 -1625.542474 -1589.157304 -1584.757844 -1584.321209 -1584.366083 -1584.478391 -1584.598573 -1584.713886 -1584.820561 -1584.919114 -1585.029970 -1585.358479 -1587.745888 -1605.991451 -1648.539377 -1723.831390 -1351.147784 -1285.409434 -1249.029998 -1243.770687 -1243.100167 -1242.998152 -1242.980889 -1242.979514 -1242.981089 -1242.982883 -1242.984365 -1242.985499 -1242.986356 -1242.987009 -1242.987515 -1242.987914 -1242.988235 -1242.988502 -1242.988735 -1242.988962 -1242.989209 -1242.989519 -1242.989945 -1242.990573 -1242.991536 -1242.993046 -1242.995454 -1242.999345 -1243.005734 -1243.016426 -1243.034759 -1243.067105 -1243.125928 -1243.235991 -1243.446801 -1243.858061 -1244.676111 -1246.357520 -1250.014099 -1258.613836 -1281.812936 -9999.0 -9999.0
-9999.0 -9999.0 438.166957 350.289058 258.308821 164.538486 70.024359 -24.781408 -119.673117 -214.580020 -309.522371 -405.160530 -504.631288 -611.702197 -728.235000 -832.491540 -934.533318 -1030.697952 -1116.121539 -1179.332563 -1212.167131 -1226.315951 -1231.181223 -1232.463316 -1232.925514 -1233.614182 -1234.719881 -1236.087263 -1237.494549 -1238.777062 -1239.852467 -1240.702297 -1241.345235 -1241.815427 -1242.149495 -1242.382136 -1242.551741 -1242.712785 -1242.962408 -1244.037899 -1252.176334 -1308.573257 -1496.106482 -1857.949513 -1707.997509 -1625.542476 -1589.157304 -1584.757844 -1584.321209 -1584.366083 -1584.478391 -1584.598573 -1584.713886 -1584.820561 -1584.919114 -1585.029970 -1585.358479 -1587.745888 -1605.991451 -1648.539377 -1723.831390 -1351.147784 -1285.409434 -1249.029998 -1243.770687 -1243.100167 -1242.998152 -1242.980889 -1242.979514 -1242.981089 -1242.982883 -1242.984365 -1242.985499 -1242.986356 -1242.987009 -1242.987515 -1242.987914 -1242.988235 -1242.988502 -1242.988735 -1242.988962 -1242.989209 -1242.989519 -1242.989945 -1242.990573 -1242.991536 -1242.993046 -1242.995454 -1242.999345 -1243.005734 -1243.016426 -1243.034759 -1243.067105 -1243.125928 -1243.235991 -1243.446801 -1243.858061 -1244.676111 -1246.357520 -1250.014099 -1258.613836 -1281.812936 -9999.0 -9999.0
-9999.0 -9999.0 -9999.0 -9999.0 -9999.0 -9999.0 -9999.0 -9999.0 -9999.0 -9999.0 -9999.0 -9999.0 -9999.0 -9999.0 -9999.0 -9999.0 -9999.0 -9999.0 -9999.0 -9999.0 -9999.0 -9999.0 -9999.0 -9999.0 -9999.0 -9999.0 -9999.0 -9999.0 -9999.0 -9999.0 -9999.0 -9999.0 -9999.0 -9999.0 -9999.0 -9999.0 -9999.0 -9999.0 -9999.0 -9999.0 -9999.0 -9999.0 -9999.0 -9999.0 -9999.0 -9999.0 -9999.0 -9999.0 -9999.0 -9999.0 -9999.0 -9999.0 -9999.0 -9999.0 -9999.0 -9999.0 -9999.0 -9999.0 -9999.0 -9999.0 -9999.0 -9999.0 -9999.0 -9999.0 -9999.0 -9999.0 -9999.0 -9999.0 -9999.0 -9999.0 -9999.0 -9999.0 -9999.0 -9999.0 -9999.0 -9999.0 -9999.0 -9999.0 -9999.0 -9999.0 -9999.0 -9999.0 -9999.0 -9999.0 -9999.0 -9999.0 -9999.0 -9999.0 -9999.0 -9999.0 -9999.0 -9999.0 -9999.0 -9999.0 -9999.0 -9999.0 -9999.0 -9999.0 -9999.0 -9999.0 -9999.0 -9999.0 -9999.0 -9999.0
-9999.0 -9999.0 -9999.0 -9999.0 -9999.0 -9999.0 -9999.0 -9999.0 -9999.0 -9999.0 -9999.0 -9999.0 -9999.0 -9999.0 -9999.0 -9999.0 -9999.0 -9999.0 -9999.0 -9999.0 -9999.0 -9999.0 -9999.0 -9999.0 -9999.0 -9999.0 -9999.0 -9999.0 -9999.0 -9999.0 -9999.0 -9999.0 -9999.0 -9999.0 -9999.0 -9999.0 -9999.0 -9999.0 -9999.0 -9999.0 -9999.0 -9999.0 -9999.0 -9999.0 -9999.0 -9999.0 -9999.0 -9999.0 -9999.0 -9999.0 -9999.0 -9999.0 -9999.0 -9999.0 -9999.0 -9999.0 -9999.0 -9999.0 -9999.0 -9999.0 -9999.0 -9999.0 -9999.0 -9999.0 -9999.0 -9999.0 -9999.0 -9999.0 -9999.0 -9999.0 -9999.0 -9999.0 -9999.0 -9999.0 -9999.0 -9999.0 -9999.0 -9999.0 -9999.0 -9999.0 -9999.0 -9999.0 -9999.0 -9999.0 -9999.0 -9999.0 -9999.0 -9999.0 -9999.0 -9999.0 -9999.0 -9999.0 -9999.0 -9999.0 -9999.0 -9999.0 -9999.0 -9999.0 -9999.0 -9999.0 -9999.0 -9999.0 -9999.0 -9999.0