inst/processing_geotop_simulation/geotop_simulation/out/maps3D/PwL0014N0340.asc
ncols         104
nrows         10
xllcorner     -2.000000
yllcorner     0.000000
cellsize      1.000000
NODATA_value  -9999.0
-9999.0 -9999.0 -9999.0 -9999.0 -9999.0 -9999.0 -9999.0 -9999.0 -9999.0 -9999.0 -9999.0 -9999.0 -9999.0 -9999.0 -9999.0 -9999.0 -9999.0 -9999.0 -9999.0 -9999.0 -9999.0 -9999.0 -9999.0 -9999.0 -9999.0 -9999.0 -9999.0 -9999.0 -9999.0 -9999.0 -9999.0 -9999.0 -9999.0 -9999.0 -9999.0 -9999.0 -9999.0 -9999.0 -9999.0 -9999.0 -9999.0 -9999.0 -9999.0 -9999.0 -9999.0 -9999.0 -9999.0 -9999.0 -9999.0 -9999.0 -9999.0 -9999.0 -9999.0 -9999.0 -9999.0 -9999.0 -9999.0 -9999.0 -9999.0 -9999.0 -9999.0 -9999.0 -9999.0 -9999.0 -9999.0 -9999.0 -9999.0 -9999.0 -9999.0 -9999.0 -9999.0 -9999.0 -9999.0 -9999.0 -9999.0 -9999.0 -9999.0 -9999.0 -9999.0 -9999.0 -9999.0 -9999.0 -9999.0 -9999.0 -9999.0 -9999.0 -9999.0 -9999.0 -9999.0 -9999.0 -9999.0 -9999.0 -9999.0 -9999.0 -9999.0 -9999.0 -9999.0 -9999.0 -9999.0 -9999.0 -9999.0 -9999.0 -9999.0 -9999.0
-9999.0 -9999.0 -9999.0 -9999.0 -9999.0 -9999.0 -9999.0 -9999.0 -9999.0 -9999.0 -9999.0 -9999.0 -9999.0 -9999.0 -9999.0 -9999.0 -9999.0 -9999.0 -9999.0 -9999.0 -9999.0 -9999.0 -9999.0 -9999.0 -9999.0 -9999.0 -9999.0 -9999.0 -9999.0 -9999.0 -9999.0 -9999.0 -9999.0 -9999.0 -9999.0 -9999.0 -9999.0 -9999.0 -9999.0 -9999.0 -9999.0 -9999.0 -9999.0 -9999.0 -9999.0 -9999.0 -9999.0 -9999.0 -9999.0 -9999.0 -9999.0 -9999.0 -9999.0 -9999.0 -9999.0 -9999.0 -9999.0 -9999.0 -9999.0 -9999.0 -9999.0 -9999.0 -9999.0 -9999.0 -9999.0 -9999.0 -9999.0 -9999.0 -9999.0 -9999.0 -9999.0 -9999.0 -9999.0 -9999.0 -9999.0 -9999.0 -9999.0 -9999.0 -9999.0 -9999.0 -9999.0 -9999.0 -9999.0 -9999.0 -9999.0 -9999.0 -9999.0 -9999.0 -9999.0 -9999.0 -9999.0 -9999.0 -9999.0 -9999.0 -9999.0 -9999.0 -9999.0 -9999.0 -9999.0 -9999.0 -9999.0 -9999.0 -9999.0 -9999.0
-9999.0 -9999.0 672.091690 573.804637 475.145149 376.236205 277.211168 178.136560 79.045595 -20.041929 -119.114794 -218.167611 -317.180470 -416.112912 -514.893617 -613.419270 -711.505888 -809.763394 -907.774836 -1005.467654 -1102.709452 -1195.731671 -1283.693259 -1364.066304 -1434.655422 -1494.150641 -1542.342954 -1579.994363 -1608.500472 -1629.520186 -1644.688292 -1655.445861 -1662.971941 -1668.181822 -1671.760019 -1674.207360 -1675.897053 -1677.170996 -1678.624749 -1681.942639 -1690.916898 -1707.539707 -1832.641256 -4135.480509 -4075.556052 -3899.441159 -3790.964290 -3775.621300 -3774.056124 -3774.218923 -3774.626536 -3775.063004 -3775.481788 -3775.869135 -3776.227260 -3776.633366 -3777.849586 -3786.428463 -3844.391812 -3959.609622 -3942.190914 -1640.372634 -1668.818951 -1682.842717 -1680.793614 -1679.725014 -1679.474999 -1679.429319 -1679.422180 -1679.421573 -1679.421975 -1679.422449 -1679.422847 -1679.423162 -1679.423411 -1679.423613 -1679.423778 -1679.423919 -1679.424043 -1679.424158 -1679.424273 -1679.424399 -1679.424552 -1679.424753 -1679.425035 -1679.425454 -1679.426094 -1679.427104 -1679.428732 -1679.431428 -1679.436012 -1679.444045 -1679.458576 -1679.485699 -1679.537896 -1679.641660 -1679.856329 -1680.324414 -1681.414635 -1684.163773 -1691.847368 -1716.559673 -9999.0 -9999.0
-9999.0 -9999.0 672.096058 573.806049 475.145571 376.236337 277.211211 178.136575 79.045601 -20.041927 -119.114793 -218.167610 -317.180470 -416.112911 -514.893617 -613.419270 -711.505888 -809.763394 -907.774836 -1005.467655 -1102.709452 -1195.731672 -1283.693259 -1364.066304 -1434.655422 -1494.150641 -1542.342954 -1579.994363 -1608.500472 -1629.520186 -1644.688292 -1655.445861 -1662.971941 -1668.181822 -1671.760019 -1674.207360 -1675.897053 -1677.170996 -1678.624749 -1681.942639 -1690.916898 -1707.539707 -1832.641256 -4135.480508 -4075.556050 -3899.441153 -3790.964290 -3775.621300 -3774.056124 -3774.218923 -3774.626536 -3775.063004 -3775.481788 -3775.869135 -3776.227260 -3776.633366 -3777.849586 -3786.428463 -3844.391812 -3959.609621 -3942.190914 -1640.372634 -1668.818951 -1682.842717 -1680.793614 -1679.725014 -1679.474999 -1679.429319 -1679.422180 -1679.421573 -1679.421975 -1679.422449 -1679.422847 -1679.423162 -1679.423411 -1679.423613 -1679.423778 -1679.423919 -1679.424043 -1679.424158 -1679.424273 -1679.424399 -1679.424552 -1679.424753 -1679.425035 -1679.425454 -1679.426094 -1679.427104 -1679.428732 -1679.431428 -1679.436012 -1679.444045 -1679.458576 -1679.485699 -1679.537896 -1679.641660 -1679.856329 -1680.324414 -1681.414635 -1684.163773 -1691.847368 -1716.559673 -9999.0 -9999.0
-9999.0 -9999.0 672.097367 573.806734 475.145851 376.236441 277.211249 178.136589 79.045606 -20.041925 -119.114793 -218.167610 -317.180470 -416.112911 -514.893617 -613.419270 -711.505889 -809.763394 -907.774836 -1005.467655 -1102.709452 -1195.731672 -1283.693259 -1364.066304 -1434.655422 -1494.150641 -1542.342955 -1579.994363 -1608.500472 -1629.520186 -1644.688292 -1655.445861 -1662.971941 -1668.181822 -1671.760019 -1674.207360 -1675.897053 -1677.170996 -1678.624749 -1681.942639 -1690.916898 -1707.539707 -1832.641256 -4135.480508 -4075.556049 -3899.441150 -3790.964290 -3775.621300 -3774.056123 -3774.218923 -3774.626536 -3775.063004 -3775.481788 -3775.869135 -3776.227260 -3776.633366 -3777.849586 -3786.428463 -3844.391812 -3959.609621 -3942.190914 -1640.372634 -1668.818951 -1682.842717 -1680.793614 -1679.725014 -1679.474999 -1679.429319 -1679.422180 -1679.421573 -1679.421975 -1679.422449 -1679.422847 -1679.423162 -1679.423411 -1679.423613 -1679.423778 -1679.423919 -1679.424043 -1679.424158 -1679.424273 -1679.424399 -1679.424552 -1679.424753 -1679.425035 -1679.425454 -1679.426094 -1679.427104 -1679.428732 -1679.431428 -1679.436012 -1679.444045 -1679.458576 -1679.485699 -1679.537896 -1679.641660 -1679.856329 -1680.324414 -1681.414635 -1684.163773 -1691.847368 -1716.559673 -9999.0 -9999.0
-9999.0 -9999.0 672.097367 573.806734 475.145851 376.236441 277.211249 178.136589 79.045606 -20.041925 -119.114793 -218.167610 -317.180470 -416.112911 -514.893617 -613.419270 -711.505889 -809.763394 -907.774836 -1005.467655 -1102.709452 -1195.731672 -1283.693259 -1364.066304 -1434.655422 -1494.150641 -1542.342955 -1579.994363 -1608.500472 -1629.520186 -1644.688292 -1655.445861 -1662.971941 -1668.181822 -1671.760019 -1674.207360 -1675.897053 -1677.170996 -1678.624749 -1681.942639 -1690.916898 -1707.539707 -1832.641256 -4135.480508 -4075.556050 -3899.441150 -3790.964290 -3775.621300 -3774.056123 -3774.218923 -3774.626536 -3775.063004 -3775.481788 -3775.869135 -3776.227260 -3776.633366 -3777.849586 -3786.428463 -3844.391812 -3959.609621 -3942.190914 -1640.372634 -1668.818951 -1682.842717 -1680.793614 -1679.725014 -1679.474999 -1679.429319 -1679.422180 -1679.421573 -1679.421975 -1679.422449 -1679.422847 -1679.423162 -1679.423411 -1679.423613 -1679.423778 -1679.423919 -1679.424043 -1679.424158 -1679.424273 -1679.424399 -1679.424552 -1679.424753 -1679.425035 -1679.425454 -1679.426094 -1679.427104 -1679.428732 -1679.431428 -1679.436012 -1679.444045 -1679.458576 -1679.485699 -1679.537896 -1679.641660 -1679.856329 -1680.324414 -1681.414635 -1684.163773 -1691.847368 -1716.559673 -9999.0 -9999.0
-9999.0 -9999.0 672.096058 573.806049 475.145571 376.236337 277.211211 178.136575 79.045601 -20.041927 -119.114793 -218.167610 -317.180470 -416.112911 -514.893617 -613.419270 -711.505889 -809.763394 -907.774836 -1005.467655 -1102.709452 -1195.731672 -1283.693259 -1364.066304 -1434.655422 -1494.150641 -1542.342954 -1579.994363 -1608.500472 -1629.520186 -1644.688292 -1655.445861 -1662.971941 -1668.181822 -1671.760019 -1674.207360 -1675.897053 -1677.170996 -1678.624749 -1681.942639 -1690.916898 -1707.539707 -1832.641256 -4135.480508 -4075.556050 -3899.441153 -3790.964290 -3775.621300 -3774.056124 -3774.218923 -3774.626536 -3775.063004 -3775.481788 -3775.869135 -3776.227260 -3776.633366 -3777.849586 -3786.428463 -3844.391812 -3959.609621 -3942.190914 -1640.372634 -1668.818951 -1682.842717 -1680.793614 -1679.725014 -1679.474999 -1679.429319 -1679.422180 -1679.421573 -1679.421975 -1679.422449 -1679.422847 -1679.423162 -1679.423411 -1679.423613 -1679.423778 -1679.423919 -1679.424043 -1679.424158 -1679.424273 -1679.424399 -1679.424552 -1679.424753 -1679.425035 -1679.425454 -1679.426094 -1679.427104 -1679.428732 -1679.431428 -1679.436012 -1679.444045 -1679.458576 -1679.485699 -1679.537896 -1679.641660 -1679.856329 -1680.324414 -1681.414635 -1684.163773 -1691.847368 -1716.559673 -9999.0 -9999.0
-9999.0 -9999.0 672.091690 573.804637 475.145150 376.236205 277.211168 178.136560 79.045595 -20.041929 -119.114794 -218.167611 -317.180470 -416.112912 -514.893617 -613.419270 -711.505888 -809.763394 -907.774836 -1005.467654 -1102.709452 -1195.731671 -1283.693259 -1364.066304 -1434.655422 -1494.150641 -1542.342954 -1579.994363 -1608.500472 -1629.520186 -1644.688292 -1655.445861 -1662.971941 -1668.181822 -1671.760019 -1674.207360 -1675.897053 -1677.170996 -1678.624749 -1681.942639 -1690.916898 -1707.539707 -1832.641256 -4135.480508 -4075.556052 -3899.441159 -3790.964290 -3775.621300 -3774.056124 -3774.218923 -3774.626536 -3775.063004 -3775.481788 -3775.869135 -3776.227260 -3776.633366 -3777.849586 -3786.428463 -3844.391812 -3959.609622 -3942.190914 -1640.372634 -1668.818951 -1682.842717 -1680.793614 -1679.725014 -1679.474999 -1679.429319 -1679.422180 -1679.421573 -1679.421975 -1679.422449 -1679.422847 -1679.423162 -1679.423411 -1679.423613 -1679.423778 -1679.423919 -1679.424043 -1679.424158 -1679.424273 -1679.424399 -1679.424552 -1679.424753 -1679.425035 -1679.425454 -1679.426094 -1679.427104 -1679.428732 -1679.431428 -1679.436012 -1679.444045 -1679.458576 -1679.485699 -1679.537896 -1679.641660 -1679.856329 -1680.324414 -1681.414635 -1684.163773 -1691.847368 -1716.559673 -9999.0 -9999.0
-9999.0 -9999.0 -9999.0 -9999.0 -9999.0 -9999.0 -9999.0 -9999.0 -9999.0 -9999.0 -9999.0 -9999.0 -9999.0 -9999.0 -9999.0 -9999.0 -9999.0 -9999.0 -9999.0 -9999.0 -9999.0 -9999.0 -9999.0 -9999.0 -9999.0 -9999.0 -9999.0 -9999.0 -9999.0 -9999.0 -9999.0 -9999.0 -9999.0 -9999.0 -9999.0 -9999.0 -9999.0 -9999.0 -9999.0 -9999.0 -9999.0 -9999.0 -9999.0 -9999.0 -9999.0 -9999.0 -9999.0 -9999.0 -9999.0 -9999.0 -9999.0 -9999.0 -9999.0 -9999.0 -9999.0 -9999.0 -9999.0 -9999.0 -9999.0 -9999.0 -9999.0 -9999.0 -9999.0 -9999.0 -9999.0 -9999.0 -9999.0 -9999.0 -9999.0 -9999.0 -9999.0 -9999.0 -9999.0 -9999.0 -9999.0 -9999.0 -9999.0 -9999.0 -9999.0 -9999.0 -9999.0 -9999.0 -9999.0 -9999.0 -9999.0 -9999.0 -9999.0 -9999.0 -9999.0 -9999.0 -9999.0 -9999.0 -9999.0 -9999.0 -9999.0 -9999.0 -9999.0 -9999.0 -9999.0 -9999.0 -9999.0 -9999.0 -9999.0 -9999.0
-9999.0 -9999.0 -9999.0 -9999.0 -9999.0 -9999.0 -9999.0 -9999.0 -9999.0 -9999.0 -9999.0 -9999.0 -9999.0 -9999.0 -9999.0 -9999.0 -9999.0 -9999.0 -9999.0 -9999.0 -9999.0 -9999.0 -9999.0 -9999.0 -9999.0 -9999.0 -9999.0 -9999.0 -9999.0 -9999.0 -9999.0 -9999.0 -9999.0 -9999.0 -9999.0 -9999.0 -9999.0 -9999.0 -9999.0 -9999.0 -9999.0 -9999.0 -9999.0 -9999.0 -9999.0 -9999.0 -9999.0 -9999.0 -9999.0 -9999.0 -9999.0 -9999.0 -9999.0 -9999.0 -9999.0 -9999.0 -9999.0 -9999.0 -9999.0 -9999.0 -9999.0 -9999.0 -9999.0 -9999.0 -9999.0 -9999.0 -9999.0 -9999.0 -9999.0 -9999.0 -9999.0 -9999.0 -9999.0 -9999.0 -9999.0 -9999.0 -9999.0 -9999.0 -9999.0 -9999.0 -9999.0 -9999.0 -9999.0 -9999.0 -9999.0 -9999.0 -9999.0 -9999.0 -9999.0 -9999.0 -9999.0 -9999.0 -9999.0 -9999.0 -9999.0 -9999.0 -9999.0 -9999.0 -9999.0 -9999.0 -9999.0 -9999.0 -9999.0 -9999.0