inst/processing_geotop_simulation/geotop_simulation/out/maps3D/PwL0003N0305.asc
ncols         104
nrows         10
xllcorner     -2.000000
yllcorner     0.000000
cellsize      1.000000
NODATA_value  -9999.0
-9999.0 -9999.0 -9999.0 -9999.0 -9999.0 -9999.0 -9999.0 -9999.0 -9999.0 -9999.0 -9999.0 -9999.0 -9999.0 -9999.0 -9999.0 -9999.0 -9999.0 -9999.0 -9999.0 -9999.0 -9999.0 -9999.0 -9999.0 -9999.0 -9999.0 -9999.0 -9999.0 -9999.0 -9999.0 -9999.0 -9999.0 -9999.0 -9999.0 -9999.0 -9999.0 -9999.0 -9999.0 -9999.0 -9999.0 -9999.0 -9999.0 -9999.0 -9999.0 -9999.0 -9999.0 -9999.0 -9999.0 -9999.0 -9999.0 -9999.0 -9999.0 -9999.0 -9999.0 -9999.0 -9999.0 -9999.0 -9999.0 -9999.0 -9999.0 -9999.0 -9999.0 -9999.0 -9999.0 -9999.0 -9999.0 -9999.0 -9999.0 -9999.0 -9999.0 -9999.0 -9999.0 -9999.0 -9999.0 -9999.0 -9999.0 -9999.0 -9999.0 -9999.0 -9999.0 -9999.0 -9999.0 -9999.0 -9999.0 -9999.0 -9999.0 -9999.0 -9999.0 -9999.0 -9999.0 -9999.0 -9999.0 -9999.0 -9999.0 -9999.0 -9999.0 -9999.0 -9999.0 -9999.0 -9999.0 -9999.0 -9999.0 -9999.0 -9999.0 -9999.0
-9999.0 -9999.0 -9999.0 -9999.0 -9999.0 -9999.0 -9999.0 -9999.0 -9999.0 -9999.0 -9999.0 -9999.0 -9999.0 -9999.0 -9999.0 -9999.0 -9999.0 -9999.0 -9999.0 -9999.0 -9999.0 -9999.0 -9999.0 -9999.0 -9999.0 -9999.0 -9999.0 -9999.0 -9999.0 -9999.0 -9999.0 -9999.0 -9999.0 -9999.0 -9999.0 -9999.0 -9999.0 -9999.0 -9999.0 -9999.0 -9999.0 -9999.0 -9999.0 -9999.0 -9999.0 -9999.0 -9999.0 -9999.0 -9999.0 -9999.0 -9999.0 -9999.0 -9999.0 -9999.0 -9999.0 -9999.0 -9999.0 -9999.0 -9999.0 -9999.0 -9999.0 -9999.0 -9999.0 -9999.0 -9999.0 -9999.0 -9999.0 -9999.0 -9999.0 -9999.0 -9999.0 -9999.0 -9999.0 -9999.0 -9999.0 -9999.0 -9999.0 -9999.0 -9999.0 -9999.0 -9999.0 -9999.0 -9999.0 -9999.0 -9999.0 -9999.0 -9999.0 -9999.0 -9999.0 -9999.0 -9999.0 -9999.0 -9999.0 -9999.0 -9999.0 -9999.0 -9999.0 -9999.0 -9999.0 -9999.0 -9999.0 -9999.0 -9999.0 -9999.0
-9999.0 -9999.0 126.384376 30.072652 -68.058413 -166.668110 -265.455700 -364.305985 -463.158209 -561.967618 -660.646917 -759.077243 -857.277075 -955.128018 -1052.843169 -1150.543708 -1247.385297 -1342.933896 -1436.455762 -1526.766978 -1611.443721 -1686.871115 -1750.001052 -1799.840718 -1837.398980 -1864.764702 -1884.242285 -1897.875841 -1907.296226 -1913.734901 -1918.094063 -1921.021352 -1922.973921 -1924.269581 -1925.126612 -1925.695436 -1926.088656 -1926.437299 -1927.102627 -1929.352642 -1934.287955 -1897.328605 -1168.154199 -1169.664034 -1158.090186 -1150.568177 -1147.036700 -1146.499429 -1146.441984 -1146.447876 -1146.462990 -1146.479240 -1146.494860 -1146.509325 -1146.522760 -1146.538444 -1146.587198 -1146.910477 -1148.797725 -1152.992616 -1158.866191 -1149.044838 -1873.863789 -1928.356810 -1927.967128 -1927.099576 -1926.906064 -1926.873009 -1926.868212 -1926.868064 -1926.868603 -1926.869143 -1926.869577 -1926.869911 -1926.870168 -1926.870368 -1926.870527 -1926.870657 -1926.870766 -1926.870863 -1926.870960 -1926.871068 -1926.871204 -1926.871392 -1926.871671 -1926.872099 -1926.872773 -1926.873853 -1926.875613 -1926.878538 -1926.883514 -1926.892209 -1926.907863 -1926.936892 -1926.992245 -1927.100677 -1927.319863 -1927.782699 -1928.822206 -1931.359997 -1938.341476 -1961.295785 -9999.0 -9999.0
-9999.0 -9999.0 126.394770 30.074648 -68.057912 -166.667964 -265.455654 -364.305969 -463.158203 -561.967616 -660.646916 -759.077243 -857.277074 -955.128018 -1052.843169 -1150.543708 -1247.385297 -1342.933896 -1436.455762 -1526.766979 -1611.443721 -1686.871115 -1750.001052 -1799.840718 -1837.398980 -1864.764702 -1884.242285 -1897.875841 -1907.296226 -1913.734901 -1918.094063 -1921.021352 -1922.973921 -1924.269581 -1925.126612 -1925.695436 -1926.088656 -1926.437299 -1927.102627 -1929.352642 -1934.287955 -1897.328605 -1168.154199 -1169.664034 -1158.090186 -1150.568176 -1147.036700 -1146.499429 -1146.441984 -1146.447876 -1146.462990 -1146.479240 -1146.494860 -1146.509325 -1146.522760 -1146.538444 -1146.587198 -1146.910477 -1148.797725 -1152.992616 -1158.866191 -1149.044838 -1873.863789 -1928.356810 -1927.967128 -1927.099576 -1926.906064 -1926.873009 -1926.868212 -1926.868064 -1926.868603 -1926.869143 -1926.869577 -1926.869911 -1926.870168 -1926.870368 -1926.870527 -1926.870657 -1926.870766 -1926.870863 -1926.870960 -1926.871068 -1926.871204 -1926.871392 -1926.871671 -1926.872099 -1926.872773 -1926.873853 -1926.875613 -1926.878538 -1926.883514 -1926.892209 -1926.907863 -1926.936892 -1926.992245 -1927.100677 -1927.319863 -1927.782699 -1928.822206 -1931.359997 -1938.341476 -1961.295785 -9999.0 -9999.0
-9999.0 -9999.0 126.396067 30.075453 -68.057594 -166.667849 -265.455613 -364.305955 -463.158198 -561.967614 -660.646915 -759.077243 -857.277074 -955.128018 -1052.843169 -1150.543708 -1247.385297 -1342.933896 -1436.455762 -1526.766979 -1611.443722 -1686.871115 -1750.001052 -1799.840718 -1837.398980 -1864.764702 -1884.242285 -1897.875841 -1907.296226 -1913.734901 -1918.094063 -1921.021352 -1922.973921 -1924.269581 -1925.126612 -1925.695436 -1926.088656 -1926.437299 -1927.102627 -1929.352642 -1934.287955 -1897.328605 -1168.154199 -1169.664034 -1158.090186 -1150.568176 -1147.036700 -1146.499429 -1146.441984 -1146.447876 -1146.462990 -1146.479240 -1146.494860 -1146.509325 -1146.522760 -1146.538444 -1146.587198 -1146.910477 -1148.797725 -1152.992616 -1158.866191 -1149.044838 -1873.863789 -1928.356810 -1927.967128 -1927.099576 -1926.906064 -1926.873009 -1926.868212 -1926.868064 -1926.868603 -1926.869143 -1926.869577 -1926.869911 -1926.870168 -1926.870368 -1926.870527 -1926.870657 -1926.870766 -1926.870863 -1926.870960 -1926.871068 -1926.871204 -1926.871392 -1926.871671 -1926.872099 -1926.872773 -1926.873853 -1926.875613 -1926.878538 -1926.883514 -1926.892209 -1926.907863 -1926.936892 -1926.992245 -1927.100677 -1927.319863 -1927.782699 -1928.822206 -1931.359997 -1938.341476 -1961.295785 -9999.0 -9999.0
-9999.0 -9999.0 126.396067 30.075453 -68.057594 -166.667849 -265.455613 -364.305955 -463.158197 -561.967614 -660.646915 -759.077243 -857.277074 -955.128018 -1052.843169 -1150.543708 -1247.385297 -1342.933896 -1436.455762 -1526.766979 -1611.443722 -1686.871115 -1750.001052 -1799.840718 -1837.398980 -1864.764702 -1884.242285 -1897.875841 -1907.296226 -1913.734901 -1918.094063 -1921.021352 -1922.973921 -1924.269581 -1925.126612 -1925.695436 -1926.088656 -1926.437299 -1927.102627 -1929.352642 -1934.287955 -1897.328605 -1168.154199 -1169.664034 -1158.090186 -1150.568176 -1147.036700 -1146.499429 -1146.441984 -1146.447876 -1146.462990 -1146.479240 -1146.494860 -1146.509325 -1146.522760 -1146.538444 -1146.587198 -1146.910477 -1148.797725 -1152.992616 -1158.866191 -1149.044838 -1873.863789 -1928.356810 -1927.967128 -1927.099576 -1926.906064 -1926.873009 -1926.868212 -1926.868064 -1926.868603 -1926.869143 -1926.869577 -1926.869911 -1926.870168 -1926.870368 -1926.870527 -1926.870657 -1926.870766 -1926.870863 -1926.870960 -1926.871068 -1926.871204 -1926.871392 -1926.871671 -1926.872099 -1926.872773 -1926.873853 -1926.875613 -1926.878538 -1926.883514 -1926.892209 -1926.907863 -1926.936892 -1926.992245 -1927.100677 -1927.319863 -1927.782699 -1928.822206 -1931.359997 -1938.341476 -1961.295785 -9999.0 -9999.0
-9999.0 -9999.0 126.394770 30.074648 -68.057912 -166.667964 -265.455654 -364.305969 -463.158203 -561.967616 -660.646916 -759.077243 -857.277074 -955.128018 -1052.843169 -1150.543708 -1247.385297 -1342.933896 -1436.455762 -1526.766979 -1611.443721 -1686.871115 -1750.001052 -1799.840718 -1837.398980 -1864.764702 -1884.242285 -1897.875841 -1907.296226 -1913.734901 -1918.094063 -1921.021352 -1922.973921 -1924.269581 -1925.126612 -1925.695436 -1926.088656 -1926.437299 -1927.102627 -1929.352642 -1934.287955 -1897.328605 -1168.154199 -1169.664034 -1158.090186 -1150.568176 -1147.036700 -1146.499429 -1146.441984 -1146.447876 -1146.462990 -1146.479240 -1146.494860 -1146.509325 -1146.522760 -1146.538444 -1146.587198 -1146.910477 -1148.797725 -1152.992616 -1158.866191 -1149.044838 -1873.863789 -1928.356810 -1927.967128 -1927.099576 -1926.906064 -1926.873009 -1926.868212 -1926.868064 -1926.868603 -1926.869143 -1926.869577 -1926.869911 -1926.870168 -1926.870368 -1926.870527 -1926.870657 -1926.870766 -1926.870863 -1926.870960 -1926.871068 -1926.871204 -1926.871392 -1926.871671 -1926.872099 -1926.872773 -1926.873853 -1926.875613 -1926.878538 -1926.883514 -1926.892209 -1926.907863 -1926.936892 -1926.992245 -1927.100677 -1927.319863 -1927.782699 -1928.822206 -1931.359997 -1938.341476 -1961.295785 -9999.0 -9999.0
-9999.0 -9999.0 126.384376 30.072652 -68.058413 -166.668110 -265.455700 -364.305985 -463.158208 -561.967618 -660.646917 -759.077243 -857.277075 -955.128018 -1052.843169 -1150.543708 -1247.385297 -1342.933896 -1436.455762 -1526.766978 -1611.443721 -1686.871115 -1750.001052 -1799.840718 -1837.398980 -1864.764702 -1884.242285 -1897.875841 -1907.296226 -1913.734901 -1918.094063 -1921.021352 -1922.973921 -1924.269581 -1925.126612 -1925.695436 -1926.088656 -1926.437299 -1927.102627 -1929.352642 -1934.287955 -1897.328605 -1168.154199 -1169.664034 -1158.090186 -1150.568177 -1147.036700 -1146.499429 -1146.441984 -1146.447876 -1146.462990 -1146.479240 -1146.494860 -1146.509325 -1146.522760 -1146.538444 -1146.587198 -1146.910477 -1148.797725 -1152.992616 -1158.866191 -1149.044838 -1873.863789 -1928.356810 -1927.967128 -1927.099576 -1926.906064 -1926.873009 -1926.868212 -1926.868064 -1926.868603 -1926.869143 -1926.869577 -1926.869911 -1926.870168 -1926.870368 -1926.870527 -1926.870657 -1926.870766 -1926.870863 -1926.870960 -1926.871068 -1926.871204 -1926.871392 -1926.871671 -1926.872099 -1926.872773 -1926.873853 -1926.875613 -1926.878538 -1926.883514 -1926.892209 -1926.907863 -1926.936892 -1926.992245 -1927.100677 -1927.319863 -1927.782699 -1928.822206 -1931.359997 -1938.341476 -1961.295785 -9999.0 -9999.0
-9999.0 -9999.0 -9999.0 -9999.0 -9999.0 -9999.0 -9999.0 -9999.0 -9999.0 -9999.0 -9999.0 -9999.0 -9999.0 -9999.0 -9999.0 -9999.0 -9999.0 -9999.0 -9999.0 -9999.0 -9999.0 -9999.0 -9999.0 -9999.0 -9999.0 -9999.0 -9999.0 -9999.0 -9999.0 -9999.0 -9999.0 -9999.0 -9999.0 -9999.0 -9999.0 -9999.0 -9999.0 -9999.0 -9999.0 -9999.0 -9999.0 -9999.0 -9999.0 -9999.0 -9999.0 -9999.0 -9999.0 -9999.0 -9999.0 -9999.0 -9999.0 -9999.0 -9999.0 -9999.0 -9999.0 -9999.0 -9999.0 -9999.0 -9999.0 -9999.0 -9999.0 -9999.0 -9999.0 -9999.0 -9999.0 -9999.0 -9999.0 -9999.0 -9999.0 -9999.0 -9999.0 -9999.0 -9999.0 -9999.0 -9999.0 -9999.0 -9999.0 -9999.0 -9999.0 -9999.0 -9999.0 -9999.0 -9999.0 -9999.0 -9999.0 -9999.0 -9999.0 -9999.0 -9999.0 -9999.0 -9999.0 -9999.0 -9999.0 -9999.0 -9999.0 -9999.0 -9999.0 -9999.0 -9999.0 -9999.0 -9999.0 -9999.0 -9999.0 -9999.0
-9999.0 -9999.0 -9999.0 -9999.0 -9999.0 -9999.0 -9999.0 -9999.0 -9999.0 -9999.0 -9999.0 -9999.0 -9999.0 -9999.0 -9999.0 -9999.0 -9999.0 -9999.0 -9999.0 -9999.0 -9999.0 -9999.0 -9999.0 -9999.0 -9999.0 -9999.0 -9999.0 -9999.0 -9999.0 -9999.0 -9999.0 -9999.0 -9999.0 -9999.0 -9999.0 -9999.0 -9999.0 -9999.0 -9999.0 -9999.0 -9999.0 -9999.0 -9999.0 -9999.0 -9999.0 -9999.0 -9999.0 -9999.0 -9999.0 -9999.0 -9999.0 -9999.0 -9999.0 -9999.0 -9999.0 -9999.0 -9999.0 -9999.0 -9999.0 -9999.0 -9999.0 -9999.0 -9999.0 -9999.0 -9999.0 -9999.0 -9999.0 -9999.0 -9999.0 -9999.0 -9999.0 -9999.0 -9999.0 -9999.0 -9999.0 -9999.0 -9999.0 -9999.0 -9999.0 -9999.0 -9999.0 -9999.0 -9999.0 -9999.0 -9999.0 -9999.0 -9999.0 -9999.0 -9999.0 -9999.0 -9999.0 -9999.0 -9999.0 -9999.0 -9999.0 -9999.0 -9999.0 -9999.0 -9999.0 -9999.0 -9999.0 -9999.0 -9999.0 -9999.0