inst/processing_geotop_simulation/geotop_simulation/out/maps3D/PwL0002N0256.asc
ncols         104
nrows         10
xllcorner     -2.000000
yllcorner     0.000000
cellsize      1.000000
NODATA_value  -9999.0
-9999.0 -9999.0 -9999.0 -9999.0 -9999.0 -9999.0 -9999.0 -9999.0 -9999.0 -9999.0 -9999.0 -9999.0 -9999.0 -9999.0 -9999.0 -9999.0 -9999.0 -9999.0 -9999.0 -9999.0 -9999.0 -9999.0 -9999.0 -9999.0 -9999.0 -9999.0 -9999.0 -9999.0 -9999.0 -9999.0 -9999.0 -9999.0 -9999.0 -9999.0 -9999.0 -9999.0 -9999.0 -9999.0 -9999.0 -9999.0 -9999.0 -9999.0 -9999.0 -9999.0 -9999.0 -9999.0 -9999.0 -9999.0 -9999.0 -9999.0 -9999.0 -9999.0 -9999.0 -9999.0 -9999.0 -9999.0 -9999.0 -9999.0 -9999.0 -9999.0 -9999.0 -9999.0 -9999.0 -9999.0 -9999.0 -9999.0 -9999.0 -9999.0 -9999.0 -9999.0 -9999.0 -9999.0 -9999.0 -9999.0 -9999.0 -9999.0 -9999.0 -9999.0 -9999.0 -9999.0 -9999.0 -9999.0 -9999.0 -9999.0 -9999.0 -9999.0 -9999.0 -9999.0 -9999.0 -9999.0 -9999.0 -9999.0 -9999.0 -9999.0 -9999.0 -9999.0 -9999.0 -9999.0 -9999.0 -9999.0 -9999.0 -9999.0 -9999.0 -9999.0
-9999.0 -9999.0 -9999.0 -9999.0 -9999.0 -9999.0 -9999.0 -9999.0 -9999.0 -9999.0 -9999.0 -9999.0 -9999.0 -9999.0 -9999.0 -9999.0 -9999.0 -9999.0 -9999.0 -9999.0 -9999.0 -9999.0 -9999.0 -9999.0 -9999.0 -9999.0 -9999.0 -9999.0 -9999.0 -9999.0 -9999.0 -9999.0 -9999.0 -9999.0 -9999.0 -9999.0 -9999.0 -9999.0 -9999.0 -9999.0 -9999.0 -9999.0 -9999.0 -9999.0 -9999.0 -9999.0 -9999.0 -9999.0 -9999.0 -9999.0 -9999.0 -9999.0 -9999.0 -9999.0 -9999.0 -9999.0 -9999.0 -9999.0 -9999.0 -9999.0 -9999.0 -9999.0 -9999.0 -9999.0 -9999.0 -9999.0 -9999.0 -9999.0 -9999.0 -9999.0 -9999.0 -9999.0 -9999.0 -9999.0 -9999.0 -9999.0 -9999.0 -9999.0 -9999.0 -9999.0 -9999.0 -9999.0 -9999.0 -9999.0 -9999.0 -9999.0 -9999.0 -9999.0 -9999.0 -9999.0 -9999.0 -9999.0 -9999.0 -9999.0 -9999.0 -9999.0 -9999.0 -9999.0 -9999.0 -9999.0 -9999.0 -9999.0 -9999.0 -9999.0
-9999.0 -9999.0 77.587326 -16.994203 -114.385253 -212.450149 -310.760710 -409.150718 -507.534153 -605.840035 -703.901185 -801.628490 -898.917057 -995.619289 -1092.203630 -1188.555152 -1283.618522 -1376.777038 -1467.389106 -1553.992711 -1632.828605 -1699.620603 -1752.287211 -1791.509086 -1819.593280 -1839.218760 -1852.737327 -1861.962782 -1868.209642 -1872.406526 -1875.203905 -1877.054609 -1878.271185 -1879.066914 -1879.585854 -1879.926250 -1880.162777 -1880.389396 -1880.905865 -1882.981779 -1889.143669 -1863.971309 -1148.992783 -1147.297041 -1136.407407 -1129.411823 -1126.127087 -1125.633399 -1125.581196 -1125.587317 -1125.602039 -1125.617825 -1125.632993 -1125.647038 -1125.660055 -1125.674996 -1125.719866 -1126.016733 -1127.772180 -1131.691351 -1137.431212 -1131.361534 -1841.899734 -1883.594845 -1881.739712 -1880.839937 -1880.667612 -1880.639925 -1880.636138 -1880.636262 -1880.636942 -1880.637578 -1880.638082 -1880.638468 -1880.638764 -1880.638993 -1880.639175 -1880.639322 -1880.639445 -1880.639555 -1880.639663 -1880.639784 -1880.639936 -1880.640147 -1880.640461 -1880.640943 -1880.641702 -1880.642918 -1880.644899 -1880.648184 -1880.653752 -1880.663447 -1880.680829 -1880.712931 -1880.773864 -1880.892474 -1881.129812 -1881.623275 -1882.708920 -1885.293197 -1892.201959 -1914.545628 -9999.0 -9999.0
-9999.0 -9999.0 77.599064 -16.992099 -114.384727 -212.449996 -310.760661 -409.150702 -507.534147 -605.840033 -703.901184 -801.628489 -898.917056 -995.619289 -1092.203630 -1188.555152 -1283.618522 -1376.777039 -1467.389106 -1553.992712 -1632.828605 -1699.620603 -1752.287211 -1791.509086 -1819.593281 -1839.218760 -1852.737327 -1861.962782 -1868.209642 -1872.406526 -1875.203905 -1877.054609 -1878.271185 -1879.066914 -1879.585854 -1879.926250 -1880.162777 -1880.389396 -1880.905865 -1882.981779 -1889.143669 -1863.971309 -1148.992783 -1147.297041 -1136.407407 -1129.411823 -1126.127087 -1125.633399 -1125.581196 -1125.587317 -1125.602039 -1125.617825 -1125.632993 -1125.647038 -1125.660055 -1125.674996 -1125.719866 -1126.016733 -1127.772180 -1131.691351 -1137.431212 -1131.361534 -1841.899734 -1883.594845 -1881.739712 -1880.839937 -1880.667612 -1880.639925 -1880.636138 -1880.636262 -1880.636942 -1880.637578 -1880.638082 -1880.638468 -1880.638764 -1880.638993 -1880.639175 -1880.639322 -1880.639445 -1880.639555 -1880.639663 -1880.639784 -1880.639936 -1880.640147 -1880.640461 -1880.640943 -1880.641702 -1880.642918 -1880.644899 -1880.648184 -1880.653752 -1880.663447 -1880.680829 -1880.712931 -1880.773864 -1880.892474 -1881.129812 -1881.623275 -1882.708920 -1885.293197 -1892.201959 -1914.545628 -9999.0 -9999.0
-9999.0 -9999.0 77.600338 -16.991257 -114.384395 -212.449876 -310.760619 -409.150687 -507.534142 -605.840031 -703.901183 -801.628489 -898.917056 -995.619289 -1092.203630 -1188.555152 -1283.618522 -1376.777039 -1467.389106 -1553.992712 -1632.828605 -1699.620604 -1752.287211 -1791.509086 -1819.593281 -1839.218760 -1852.737327 -1861.962782 -1868.209642 -1872.406526 -1875.203905 -1877.054609 -1878.271185 -1879.066914 -1879.585854 -1879.926250 -1880.162777 -1880.389396 -1880.905865 -1882.981779 -1889.143669 -1863.971309 -1148.992783 -1147.297041 -1136.407407 -1129.411823 -1126.127087 -1125.633399 -1125.581196 -1125.587317 -1125.602039 -1125.617825 -1125.632993 -1125.647038 -1125.660055 -1125.674996 -1125.719866 -1126.016733 -1127.772180 -1131.691351 -1137.431212 -1131.361534 -1841.899734 -1883.594845 -1881.739712 -1880.839937 -1880.667612 -1880.639925 -1880.636138 -1880.636262 -1880.636942 -1880.637578 -1880.638082 -1880.638468 -1880.638764 -1880.638993 -1880.639175 -1880.639322 -1880.639445 -1880.639555 -1880.639663 -1880.639784 -1880.639936 -1880.640147 -1880.640461 -1880.640943 -1880.641702 -1880.642918 -1880.644899 -1880.648184 -1880.653752 -1880.663447 -1880.680829 -1880.712931 -1880.773864 -1880.892474 -1881.129812 -1881.623275 -1882.708920 -1885.293197 -1892.201959 -1914.545628 -9999.0 -9999.0
-9999.0 -9999.0 77.600338 -16.991257 -114.384395 -212.449876 -310.760619 -409.150687 -507.534142 -605.840031 -703.901183 -801.628489 -898.917056 -995.619289 -1092.203630 -1188.555152 -1283.618522 -1376.777039 -1467.389106 -1553.992712 -1632.828605 -1699.620604 -1752.287211 -1791.509086 -1819.593281 -1839.218760 -1852.737327 -1861.962782 -1868.209642 -1872.406526 -1875.203905 -1877.054609 -1878.271185 -1879.066914 -1879.585854 -1879.926250 -1880.162777 -1880.389396 -1880.905865 -1882.981779 -1889.143669 -1863.971309 -1148.992783 -1147.297041 -1136.407407 -1129.411823 -1126.127087 -1125.633399 -1125.581196 -1125.587317 -1125.602039 -1125.617825 -1125.632993 -1125.647038 -1125.660055 -1125.674996 -1125.719866 -1126.016733 -1127.772180 -1131.691351 -1137.431212 -1131.361534 -1841.899734 -1883.594845 -1881.739712 -1880.839937 -1880.667612 -1880.639925 -1880.636138 -1880.636262 -1880.636942 -1880.637578 -1880.638082 -1880.638468 -1880.638764 -1880.638993 -1880.639175 -1880.639322 -1880.639445 -1880.639555 -1880.639663 -1880.639784 -1880.639936 -1880.640147 -1880.640461 -1880.640943 -1880.641702 -1880.642918 -1880.644899 -1880.648184 -1880.653752 -1880.663447 -1880.680829 -1880.712931 -1880.773864 -1880.892474 -1881.129812 -1881.623275 -1882.708920 -1885.293197 -1892.201959 -1914.545628 -9999.0 -9999.0
-9999.0 -9999.0 77.599064 -16.992099 -114.384727 -212.449996 -310.760661 -409.150702 -507.534147 -605.840033 -703.901184 -801.628489 -898.917056 -995.619289 -1092.203630 -1188.555152 -1283.618522 -1376.777039 -1467.389106 -1553.992712 -1632.828605 -1699.620603 -1752.287211 -1791.509086 -1819.593281 -1839.218760 -1852.737327 -1861.962782 -1868.209642 -1872.406526 -1875.203905 -1877.054609 -1878.271185 -1879.066914 -1879.585854 -1879.926250 -1880.162777 -1880.389396 -1880.905865 -1882.981779 -1889.143669 -1863.971309 -1148.992783 -1147.297041 -1136.407407 -1129.411823 -1126.127087 -1125.633399 -1125.581196 -1125.587317 -1125.602039 -1125.617825 -1125.632993 -1125.647038 -1125.660055 -1125.674996 -1125.719866 -1126.016733 -1127.772180 -1131.691351 -1137.431212 -1131.361534 -1841.899734 -1883.594845 -1881.739712 -1880.839937 -1880.667612 -1880.639925 -1880.636138 -1880.636262 -1880.636942 -1880.637578 -1880.638082 -1880.638468 -1880.638764 -1880.638993 -1880.639175 -1880.639322 -1880.639445 -1880.639555 -1880.639663 -1880.639784 -1880.639936 -1880.640147 -1880.640461 -1880.640943 -1880.641702 -1880.642918 -1880.644899 -1880.648184 -1880.653752 -1880.663447 -1880.680829 -1880.712931 -1880.773864 -1880.892474 -1881.129812 -1881.623275 -1882.708920 -1885.293197 -1892.201959 -1914.545628 -9999.0 -9999.0
-9999.0 -9999.0 77.587326 -16.994203 -114.385253 -212.450149 -310.760710 -409.150718 -507.534153 -605.840035 -703.901185 -801.628490 -898.917057 -995.619289 -1092.203630 -1188.555152 -1283.618522 -1376.777038 -1467.389106 -1553.992711 -1632.828605 -1699.620603 -1752.287211 -1791.509086 -1819.593280 -1839.218760 -1852.737327 -1861.962782 -1868.209642 -1872.406526 -1875.203905 -1877.054609 -1878.271185 -1879.066914 -1879.585854 -1879.926250 -1880.162777 -1880.389396 -1880.905865 -1882.981779 -1889.143669 -1863.971309 -1148.992783 -1147.297041 -1136.407407 -1129.411823 -1126.127087 -1125.633399 -1125.581196 -1125.587317 -1125.602039 -1125.617825 -1125.632993 -1125.647038 -1125.660055 -1125.674996 -1125.719866 -1126.016733 -1127.772180 -1131.691351 -1137.431212 -1131.361534 -1841.899734 -1883.594845 -1881.739712 -1880.839937 -1880.667612 -1880.639925 -1880.636138 -1880.636262 -1880.636942 -1880.637578 -1880.638082 -1880.638468 -1880.638764 -1880.638993 -1880.639175 -1880.639322 -1880.639445 -1880.639555 -1880.639663 -1880.639784 -1880.639936 -1880.640147 -1880.640461 -1880.640943 -1880.641702 -1880.642918 -1880.644899 -1880.648184 -1880.653752 -1880.663447 -1880.680829 -1880.712931 -1880.773864 -1880.892474 -1881.129812 -1881.623275 -1882.708920 -1885.293197 -1892.201959 -1914.545628 -9999.0 -9999.0
-9999.0 -9999.0 -9999.0 -9999.0 -9999.0 -9999.0 -9999.0 -9999.0 -9999.0 -9999.0 -9999.0 -9999.0 -9999.0 -9999.0 -9999.0 -9999.0 -9999.0 -9999.0 -9999.0 -9999.0 -9999.0 -9999.0 -9999.0 -9999.0 -9999.0 -9999.0 -9999.0 -9999.0 -9999.0 -9999.0 -9999.0 -9999.0 -9999.0 -9999.0 -9999.0 -9999.0 -9999.0 -9999.0 -9999.0 -9999.0 -9999.0 -9999.0 -9999.0 -9999.0 -9999.0 -9999.0 -9999.0 -9999.0 -9999.0 -9999.0 -9999.0 -9999.0 -9999.0 -9999.0 -9999.0 -9999.0 -9999.0 -9999.0 -9999.0 -9999.0 -9999.0 -9999.0 -9999.0 -9999.0 -9999.0 -9999.0 -9999.0 -9999.0 -9999.0 -9999.0 -9999.0 -9999.0 -9999.0 -9999.0 -9999.0 -9999.0 -9999.0 -9999.0 -9999.0 -9999.0 -9999.0 -9999.0 -9999.0 -9999.0 -9999.0 -9999.0 -9999.0 -9999.0 -9999.0 -9999.0 -9999.0 -9999.0 -9999.0 -9999.0 -9999.0 -9999.0 -9999.0 -9999.0 -9999.0 -9999.0 -9999.0 -9999.0 -9999.0 -9999.0
-9999.0 -9999.0 -9999.0 -9999.0 -9999.0 -9999.0 -9999.0 -9999.0 -9999.0 -9999.0 -9999.0 -9999.0 -9999.0 -9999.0 -9999.0 -9999.0 -9999.0 -9999.0 -9999.0 -9999.0 -9999.0 -9999.0 -9999.0 -9999.0 -9999.0 -9999.0 -9999.0 -9999.0 -9999.0 -9999.0 -9999.0 -9999.0 -9999.0 -9999.0 -9999.0 -9999.0 -9999.0 -9999.0 -9999.0 -9999.0 -9999.0 -9999.0 -9999.0 -9999.0 -9999.0 -9999.0 -9999.0 -9999.0 -9999.0 -9999.0 -9999.0 -9999.0 -9999.0 -9999.0 -9999.0 -9999.0 -9999.0 -9999.0 -9999.0 -9999.0 -9999.0 -9999.0 -9999.0 -9999.0 -9999.0 -9999.0 -9999.0 -9999.0 -9999.0 -9999.0 -9999.0 -9999.0 -9999.0 -9999.0 -9999.0 -9999.0 -9999.0 -9999.0 -9999.0 -9999.0 -9999.0 -9999.0 -9999.0 -9999.0 -9999.0 -9999.0 -9999.0 -9999.0 -9999.0 -9999.0 -9999.0 -9999.0 -9999.0 -9999.0 -9999.0 -9999.0 -9999.0 -9999.0 -9999.0 -9999.0 -9999.0 -9999.0 -9999.0 -9999.0