inst/processing_geotop_simulation/geotop_simulation/out/maps3D/PwL0003N0244.asc
ncols         104
nrows         10
xllcorner     -2.000000
yllcorner     0.000000
cellsize      1.000000
NODATA_value  -9999.0
-9999.0 -9999.0 -9999.0 -9999.0 -9999.0 -9999.0 -9999.0 -9999.0 -9999.0 -9999.0 -9999.0 -9999.0 -9999.0 -9999.0 -9999.0 -9999.0 -9999.0 -9999.0 -9999.0 -9999.0 -9999.0 -9999.0 -9999.0 -9999.0 -9999.0 -9999.0 -9999.0 -9999.0 -9999.0 -9999.0 -9999.0 -9999.0 -9999.0 -9999.0 -9999.0 -9999.0 -9999.0 -9999.0 -9999.0 -9999.0 -9999.0 -9999.0 -9999.0 -9999.0 -9999.0 -9999.0 -9999.0 -9999.0 -9999.0 -9999.0 -9999.0 -9999.0 -9999.0 -9999.0 -9999.0 -9999.0 -9999.0 -9999.0 -9999.0 -9999.0 -9999.0 -9999.0 -9999.0 -9999.0 -9999.0 -9999.0 -9999.0 -9999.0 -9999.0 -9999.0 -9999.0 -9999.0 -9999.0 -9999.0 -9999.0 -9999.0 -9999.0 -9999.0 -9999.0 -9999.0 -9999.0 -9999.0 -9999.0 -9999.0 -9999.0 -9999.0 -9999.0 -9999.0 -9999.0 -9999.0 -9999.0 -9999.0 -9999.0 -9999.0 -9999.0 -9999.0 -9999.0 -9999.0 -9999.0 -9999.0 -9999.0 -9999.0 -9999.0 -9999.0
-9999.0 -9999.0 -9999.0 -9999.0 -9999.0 -9999.0 -9999.0 -9999.0 -9999.0 -9999.0 -9999.0 -9999.0 -9999.0 -9999.0 -9999.0 -9999.0 -9999.0 -9999.0 -9999.0 -9999.0 -9999.0 -9999.0 -9999.0 -9999.0 -9999.0 -9999.0 -9999.0 -9999.0 -9999.0 -9999.0 -9999.0 -9999.0 -9999.0 -9999.0 -9999.0 -9999.0 -9999.0 -9999.0 -9999.0 -9999.0 -9999.0 -9999.0 -9999.0 -9999.0 -9999.0 -9999.0 -9999.0 -9999.0 -9999.0 -9999.0 -9999.0 -9999.0 -9999.0 -9999.0 -9999.0 -9999.0 -9999.0 -9999.0 -9999.0 -9999.0 -9999.0 -9999.0 -9999.0 -9999.0 -9999.0 -9999.0 -9999.0 -9999.0 -9999.0 -9999.0 -9999.0 -9999.0 -9999.0 -9999.0 -9999.0 -9999.0 -9999.0 -9999.0 -9999.0 -9999.0 -9999.0 -9999.0 -9999.0 -9999.0 -9999.0 -9999.0 -9999.0 -9999.0 -9999.0 -9999.0 -9999.0 -9999.0 -9999.0 -9999.0 -9999.0 -9999.0 -9999.0 -9999.0 -9999.0 -9999.0 -9999.0 -9999.0 -9999.0 -9999.0
-9999.0 -9999.0 127.753526 33.362024 -63.791744 -161.672828 -259.824391 -358.066932 -456.305154 -554.465237 -652.390132 -749.855300 -846.900110 -943.314050 -1039.517431 -1135.734449 -1230.459387 -1323.231096 -1413.499778 -1499.679707 -1577.634624 -1643.059659 -1694.159471 -1731.905454 -1758.758359 -1777.431599 -1790.248456 -1798.972696 -1804.868762 -1808.823464 -1811.455291 -1813.193694 -1814.334563 -1815.079501 -1815.564452 -1815.882053 -1816.102889 -1816.316109 -1816.810644 -1818.862816 -1825.474140 -1806.385802 -1119.313859 -1120.858906 -1108.862486 -1101.171745 -1097.565134 -1097.029441 -1096.973084 -1096.979743 -1096.995681 -1097.012764 -1097.029178 -1097.044375 -1097.058452 -1097.074565 -1097.122747 -1097.443178 -1099.364190 -1103.660444 -1109.956131 -1099.870270 -1783.907123 -1819.952603 -1817.656390 -1816.746649 -1816.578470 -1816.551763 -1816.548159 -1816.548343 -1816.549059 -1816.549722 -1816.550245 -1816.550646 -1816.550952 -1816.551190 -1816.551378 -1816.551531 -1816.551658 -1816.551772 -1816.551883 -1816.552008 -1816.552165 -1816.552383 -1816.552706 -1816.553203 -1816.553987 -1816.555241 -1816.557283 -1816.560667 -1816.566401 -1816.576374 -1816.594239 -1816.627204 -1816.689720 -1816.811272 -1817.054047 -1817.557335 -1818.660075 -1821.270838 -1828.199527 -1850.461832 -9999.0 -9999.0
-9999.0 -9999.0 127.764493 33.364134 -63.791214 -161.672674 -259.824342 -358.066915 -456.305148 -554.465235 -652.390131 -749.855300 -846.900110 -943.314050 -1039.517431 -1135.734449 -1230.459387 -1323.231097 -1413.499778 -1499.679708 -1577.634624 -1643.059659 -1694.159471 -1731.905454 -1758.758359 -1777.431599 -1790.248456 -1798.972696 -1804.868762 -1808.823464 -1811.455291 -1813.193694 -1814.334563 -1815.079501 -1815.564452 -1815.882053 -1816.102889 -1816.316109 -1816.810644 -1818.862816 -1825.474140 -1806.385802 -1119.313859 -1120.858906 -1108.862486 -1101.171745 -1097.565134 -1097.029441 -1096.973084 -1096.979743 -1096.995681 -1097.012764 -1097.029178 -1097.044375 -1097.058452 -1097.074565 -1097.122747 -1097.443178 -1099.364190 -1103.660444 -1109.956131 -1099.870270 -1783.907123 -1819.952603 -1817.656390 -1816.746649 -1816.578470 -1816.551763 -1816.548159 -1816.548343 -1816.549059 -1816.549722 -1816.550245 -1816.550646 -1816.550952 -1816.551190 -1816.551378 -1816.551531 -1816.551658 -1816.551772 -1816.551883 -1816.552008 -1816.552165 -1816.552383 -1816.552706 -1816.553203 -1816.553987 -1816.555241 -1816.557283 -1816.560667 -1816.566401 -1816.576374 -1816.594239 -1816.627204 -1816.689720 -1816.811272 -1817.054047 -1817.557335 -1818.660075 -1821.270838 -1828.199527 -1850.461832 -9999.0 -9999.0
-9999.0 -9999.0 127.765861 33.364984 -63.790879 -161.672552 -259.824299 -358.066900 -456.305143 -554.465233 -652.390130 -749.855299 -846.900109 -943.314050 -1039.517431 -1135.734449 -1230.459387 -1323.231097 -1413.499778 -1499.679708 -1577.634624 -1643.059659 -1694.159471 -1731.905455 -1758.758359 -1777.431599 -1790.248456 -1798.972696 -1804.868762 -1808.823464 -1811.455291 -1813.193694 -1814.334563 -1815.079501 -1815.564452 -1815.882053 -1816.102889 -1816.316109 -1816.810644 -1818.862816 -1825.474140 -1806.385802 -1119.313859 -1120.858906 -1108.862486 -1101.171745 -1097.565134 -1097.029441 -1096.973084 -1096.979743 -1096.995681 -1097.012764 -1097.029178 -1097.044375 -1097.058452 -1097.074565 -1097.122747 -1097.443178 -1099.364190 -1103.660444 -1109.956131 -1099.870270 -1783.907123 -1819.952603 -1817.656390 -1816.746649 -1816.578470 -1816.551763 -1816.548159 -1816.548343 -1816.549059 -1816.549722 -1816.550245 -1816.550646 -1816.550952 -1816.551190 -1816.551378 -1816.551531 -1816.551658 -1816.551772 -1816.551883 -1816.552008 -1816.552165 -1816.552383 -1816.552706 -1816.553203 -1816.553987 -1816.555241 -1816.557283 -1816.560667 -1816.566401 -1816.576374 -1816.594239 -1816.627204 -1816.689720 -1816.811272 -1817.054047 -1817.557335 -1818.660075 -1821.270838 -1828.199527 -1850.461832 -9999.0 -9999.0
-9999.0 -9999.0 127.765861 33.364984 -63.790879 -161.672553 -259.824299 -358.066900 -456.305143 -554.465233 -652.390130 -749.855299 -846.900110 -943.314050 -1039.517431 -1135.734449 -1230.459387 -1323.231097 -1413.499778 -1499.679708 -1577.634624 -1643.059659 -1694.159471 -1731.905455 -1758.758359 -1777.431599 -1790.248456 -1798.972696 -1804.868762 -1808.823464 -1811.455291 -1813.193694 -1814.334563 -1815.079501 -1815.564452 -1815.882053 -1816.102889 -1816.316109 -1816.810644 -1818.862816 -1825.474140 -1806.385802 -1119.313859 -1120.858906 -1108.862486 -1101.171745 -1097.565134 -1097.029441 -1096.973084 -1096.979743 -1096.995681 -1097.012764 -1097.029178 -1097.044375 -1097.058452 -1097.074565 -1097.122747 -1097.443178 -1099.364190 -1103.660444 -1109.956131 -1099.870270 -1783.907123 -1819.952603 -1817.656390 -1816.746649 -1816.578470 -1816.551763 -1816.548159 -1816.548343 -1816.549059 -1816.549722 -1816.550245 -1816.550646 -1816.550952 -1816.551190 -1816.551378 -1816.551531 -1816.551658 -1816.551772 -1816.551883 -1816.552008 -1816.552165 -1816.552383 -1816.552706 -1816.553203 -1816.553987 -1816.555241 -1816.557283 -1816.560667 -1816.566401 -1816.576374 -1816.594239 -1816.627204 -1816.689720 -1816.811272 -1817.054047 -1817.557335 -1818.660075 -1821.270838 -1828.199527 -1850.461832 -9999.0 -9999.0
-9999.0 -9999.0 127.764492 33.364134 -63.791214 -161.672674 -259.824342 -358.066915 -456.305148 -554.465235 -652.390131 -749.855300 -846.900110 -943.314050 -1039.517431 -1135.734449 -1230.459387 -1323.231097 -1413.499778 -1499.679708 -1577.634624 -1643.059659 -1694.159471 -1731.905454 -1758.758359 -1777.431599 -1790.248456 -1798.972696 -1804.868762 -1808.823464 -1811.455291 -1813.193694 -1814.334563 -1815.079501 -1815.564452 -1815.882053 -1816.102889 -1816.316109 -1816.810644 -1818.862816 -1825.474140 -1806.385802 -1119.313859 -1120.858906 -1108.862486 -1101.171745 -1097.565134 -1097.029441 -1096.973084 -1096.979743 -1096.995681 -1097.012764 -1097.029178 -1097.044375 -1097.058452 -1097.074565 -1097.122747 -1097.443178 -1099.364190 -1103.660444 -1109.956131 -1099.870270 -1783.907123 -1819.952603 -1817.656390 -1816.746649 -1816.578470 -1816.551763 -1816.548159 -1816.548343 -1816.549059 -1816.549722 -1816.550245 -1816.550646 -1816.550952 -1816.551190 -1816.551378 -1816.551531 -1816.551658 -1816.551772 -1816.551883 -1816.552008 -1816.552165 -1816.552383 -1816.552706 -1816.553203 -1816.553987 -1816.555241 -1816.557283 -1816.560667 -1816.566401 -1816.576374 -1816.594239 -1816.627204 -1816.689720 -1816.811272 -1817.054047 -1817.557335 -1818.660075 -1821.270838 -1828.199527 -1850.461832 -9999.0 -9999.0
-9999.0 -9999.0 127.753527 33.362024 -63.791744 -161.672828 -259.824391 -358.066932 -456.305154 -554.465237 -652.390132 -749.855300 -846.900110 -943.314050 -1039.517431 -1135.734449 -1230.459387 -1323.231096 -1413.499778 -1499.679707 -1577.634624 -1643.059659 -1694.159471 -1731.905454 -1758.758359 -1777.431599 -1790.248456 -1798.972696 -1804.868762 -1808.823464 -1811.455291 -1813.193694 -1814.334563 -1815.079501 -1815.564452 -1815.882053 -1816.102889 -1816.316109 -1816.810644 -1818.862816 -1825.474140 -1806.385802 -1119.313859 -1120.858906 -1108.862486 -1101.171745 -1097.565134 -1097.029441 -1096.973084 -1096.979743 -1096.995681 -1097.012764 -1097.029178 -1097.044375 -1097.058452 -1097.074565 -1097.122747 -1097.443178 -1099.364190 -1103.660444 -1109.956131 -1099.870270 -1783.907123 -1819.952603 -1817.656390 -1816.746649 -1816.578470 -1816.551763 -1816.548159 -1816.548343 -1816.549059 -1816.549722 -1816.550245 -1816.550646 -1816.550952 -1816.551190 -1816.551378 -1816.551531 -1816.551658 -1816.551772 -1816.551883 -1816.552008 -1816.552165 -1816.552383 -1816.552706 -1816.553203 -1816.553987 -1816.555241 -1816.557283 -1816.560667 -1816.566401 -1816.576374 -1816.594239 -1816.627204 -1816.689720 -1816.811272 -1817.054047 -1817.557335 -1818.660075 -1821.270838 -1828.199527 -1850.461832 -9999.0 -9999.0
-9999.0 -9999.0 -9999.0 -9999.0 -9999.0 -9999.0 -9999.0 -9999.0 -9999.0 -9999.0 -9999.0 -9999.0 -9999.0 -9999.0 -9999.0 -9999.0 -9999.0 -9999.0 -9999.0 -9999.0 -9999.0 -9999.0 -9999.0 -9999.0 -9999.0 -9999.0 -9999.0 -9999.0 -9999.0 -9999.0 -9999.0 -9999.0 -9999.0 -9999.0 -9999.0 -9999.0 -9999.0 -9999.0 -9999.0 -9999.0 -9999.0 -9999.0 -9999.0 -9999.0 -9999.0 -9999.0 -9999.0 -9999.0 -9999.0 -9999.0 -9999.0 -9999.0 -9999.0 -9999.0 -9999.0 -9999.0 -9999.0 -9999.0 -9999.0 -9999.0 -9999.0 -9999.0 -9999.0 -9999.0 -9999.0 -9999.0 -9999.0 -9999.0 -9999.0 -9999.0 -9999.0 -9999.0 -9999.0 -9999.0 -9999.0 -9999.0 -9999.0 -9999.0 -9999.0 -9999.0 -9999.0 -9999.0 -9999.0 -9999.0 -9999.0 -9999.0 -9999.0 -9999.0 -9999.0 -9999.0 -9999.0 -9999.0 -9999.0 -9999.0 -9999.0 -9999.0 -9999.0 -9999.0 -9999.0 -9999.0 -9999.0 -9999.0 -9999.0 -9999.0
-9999.0 -9999.0 -9999.0 -9999.0 -9999.0 -9999.0 -9999.0 -9999.0 -9999.0 -9999.0 -9999.0 -9999.0 -9999.0 -9999.0 -9999.0 -9999.0 -9999.0 -9999.0 -9999.0 -9999.0 -9999.0 -9999.0 -9999.0 -9999.0 -9999.0 -9999.0 -9999.0 -9999.0 -9999.0 -9999.0 -9999.0 -9999.0 -9999.0 -9999.0 -9999.0 -9999.0 -9999.0 -9999.0 -9999.0 -9999.0 -9999.0 -9999.0 -9999.0 -9999.0 -9999.0 -9999.0 -9999.0 -9999.0 -9999.0 -9999.0 -9999.0 -9999.0 -9999.0 -9999.0 -9999.0 -9999.0 -9999.0 -9999.0 -9999.0 -9999.0 -9999.0 -9999.0 -9999.0 -9999.0 -9999.0 -9999.0 -9999.0 -9999.0 -9999.0 -9999.0 -9999.0 -9999.0 -9999.0 -9999.0 -9999.0 -9999.0 -9999.0 -9999.0 -9999.0 -9999.0 -9999.0 -9999.0 -9999.0 -9999.0 -9999.0 -9999.0 -9999.0 -9999.0 -9999.0 -9999.0 -9999.0 -9999.0 -9999.0 -9999.0 -9999.0 -9999.0 -9999.0 -9999.0 -9999.0 -9999.0 -9999.0 -9999.0 -9999.0 -9999.0