inst/processing_geotop_simulation/geotop_simulation/out/maps3D/PwL0011N0283.asc
ncols         104
nrows         10
xllcorner     -2.000000
yllcorner     0.000000
cellsize      1.000000
NODATA_value  -9999.0
-9999.0 -9999.0 -9999.0 -9999.0 -9999.0 -9999.0 -9999.0 -9999.0 -9999.0 -9999.0 -9999.0 -9999.0 -9999.0 -9999.0 -9999.0 -9999.0 -9999.0 -9999.0 -9999.0 -9999.0 -9999.0 -9999.0 -9999.0 -9999.0 -9999.0 -9999.0 -9999.0 -9999.0 -9999.0 -9999.0 -9999.0 -9999.0 -9999.0 -9999.0 -9999.0 -9999.0 -9999.0 -9999.0 -9999.0 -9999.0 -9999.0 -9999.0 -9999.0 -9999.0 -9999.0 -9999.0 -9999.0 -9999.0 -9999.0 -9999.0 -9999.0 -9999.0 -9999.0 -9999.0 -9999.0 -9999.0 -9999.0 -9999.0 -9999.0 -9999.0 -9999.0 -9999.0 -9999.0 -9999.0 -9999.0 -9999.0 -9999.0 -9999.0 -9999.0 -9999.0 -9999.0 -9999.0 -9999.0 -9999.0 -9999.0 -9999.0 -9999.0 -9999.0 -9999.0 -9999.0 -9999.0 -9999.0 -9999.0 -9999.0 -9999.0 -9999.0 -9999.0 -9999.0 -9999.0 -9999.0 -9999.0 -9999.0 -9999.0 -9999.0 -9999.0 -9999.0 -9999.0 -9999.0 -9999.0 -9999.0 -9999.0 -9999.0 -9999.0 -9999.0
-9999.0 -9999.0 -9999.0 -9999.0 -9999.0 -9999.0 -9999.0 -9999.0 -9999.0 -9999.0 -9999.0 -9999.0 -9999.0 -9999.0 -9999.0 -9999.0 -9999.0 -9999.0 -9999.0 -9999.0 -9999.0 -9999.0 -9999.0 -9999.0 -9999.0 -9999.0 -9999.0 -9999.0 -9999.0 -9999.0 -9999.0 -9999.0 -9999.0 -9999.0 -9999.0 -9999.0 -9999.0 -9999.0 -9999.0 -9999.0 -9999.0 -9999.0 -9999.0 -9999.0 -9999.0 -9999.0 -9999.0 -9999.0 -9999.0 -9999.0 -9999.0 -9999.0 -9999.0 -9999.0 -9999.0 -9999.0 -9999.0 -9999.0 -9999.0 -9999.0 -9999.0 -9999.0 -9999.0 -9999.0 -9999.0 -9999.0 -9999.0 -9999.0 -9999.0 -9999.0 -9999.0 -9999.0 -9999.0 -9999.0 -9999.0 -9999.0 -9999.0 -9999.0 -9999.0 -9999.0 -9999.0 -9999.0 -9999.0 -9999.0 -9999.0 -9999.0 -9999.0 -9999.0 -9999.0 -9999.0 -9999.0 -9999.0 -9999.0 -9999.0 -9999.0 -9999.0 -9999.0 -9999.0 -9999.0 -9999.0 -9999.0 -9999.0 -9999.0 -9999.0
-9999.0 -9999.0 524.549970 427.325291 329.290010 230.841645 132.214230 33.512207 -65.209212 -163.926809 -262.618444 -361.245700 -459.732327 -557.913910 -655.558214 -752.943082 -850.379055 -947.496233 -1044.287169 -1139.325511 -1230.075458 -1314.858310 -1390.699411 -1455.350972 -1507.956074 -1549.028115 -1580.004297 -1602.716123 -1618.992084 -1630.441122 -1638.374155 -1643.804732 -1647.486968 -1649.965696 -1651.626023 -1652.737800 -1653.498502 -1654.104365 -1654.997735 -1657.764857 -1666.752473 -1681.328814 -1458.864851 -1886.511019 -1774.700065 -1708.261501 -1678.891928 -1675.052160 -1674.662647 -1674.702946 -1674.804280 -1674.912899 -1675.017190 -1675.113714 -1675.203041 -1675.304743 -1675.611322 -1677.773751 -1692.764121 -1727.533161 -1775.037890 -1354.407662 -1647.546773 -1659.500700 -1656.382845 -1655.297970 -1655.081342 -1655.045263 -1655.040046 -1655.039851 -1655.040396 -1655.040949 -1655.041396 -1655.041742 -1655.042009 -1655.042219 -1655.042387 -1655.042524 -1655.042641 -1655.042746 -1655.042850 -1655.042966 -1655.043111 -1655.043309 -1655.043600 -1655.044043 -1655.044737 -1655.045847 -1655.047654 -1655.050653 -1655.055755 -1655.064675 -1655.080747 -1655.110585 -1655.167591 -1655.279646 -1655.507497 -1655.992845 -1657.093326 -1659.792914 -1667.162133 -1690.807518 -9999.0 -9999.0
-9999.0 -9999.0 524.555697 427.326949 329.290480 230.841787 132.214276 33.512223 -65.209206 -163.926807 -262.618442 -361.245700 -459.732327 -557.913910 -655.558214 -752.943082 -850.379055 -947.496233 -1044.287169 -1139.325511 -1230.075458 -1314.858310 -1390.699411 -1455.350973 -1507.956074 -1549.028115 -1580.004297 -1602.716123 -1618.992084 -1630.441122 -1638.374155 -1643.804732 -1647.486968 -1649.965696 -1651.626023 -1652.737800 -1653.498502 -1654.104365 -1654.997735 -1657.764857 -1666.752473 -1681.328814 -1458.864851 -1886.511018 -1774.700064 -1708.261499 -1678.891928 -1675.052160 -1674.662647 -1674.702946 -1674.804280 -1674.912899 -1675.017190 -1675.113714 -1675.203041 -1675.304743 -1675.611322 -1677.773751 -1692.764121 -1727.533161 -1775.037890 -1354.407662 -1647.546773 -1659.500700 -1656.382845 -1655.297970 -1655.081342 -1655.045263 -1655.040046 -1655.039851 -1655.040396 -1655.040949 -1655.041396 -1655.041742 -1655.042009 -1655.042219 -1655.042387 -1655.042524 -1655.042641 -1655.042746 -1655.042850 -1655.042966 -1655.043111 -1655.043309 -1655.043600 -1655.044043 -1655.044737 -1655.045847 -1655.047654 -1655.050653 -1655.055755 -1655.064675 -1655.080747 -1655.110585 -1655.167591 -1655.279646 -1655.507497 -1655.992845 -1657.093326 -1659.792914 -1667.162133 -1690.807518 -9999.0 -9999.0
-9999.0 -9999.0 524.557146 427.327707 329.290785 230.841900 132.214317 33.512237 -65.209201 -163.926804 -262.618442 -361.245700 -459.732327 -557.913910 -655.558214 -752.943082 -850.379055 -947.496233 -1044.287169 -1139.325511 -1230.075458 -1314.858310 -1390.699411 -1455.350973 -1507.956074 -1549.028115 -1580.004297 -1602.716124 -1618.992084 -1630.441122 -1638.374155 -1643.804732 -1647.486968 -1649.965696 -1651.626023 -1652.737800 -1653.498502 -1654.104365 -1654.997735 -1657.764857 -1666.752473 -1681.328814 -1458.864851 -1886.511018 -1774.700064 -1708.261498 -1678.891928 -1675.052160 -1674.662647 -1674.702946 -1674.804280 -1674.912899 -1675.017190 -1675.113714 -1675.203041 -1675.304743 -1675.611322 -1677.773751 -1692.764121 -1727.533161 -1775.037890 -1354.407662 -1647.546773 -1659.500700 -1656.382845 -1655.297970 -1655.081342 -1655.045263 -1655.040046 -1655.039851 -1655.040396 -1655.040949 -1655.041396 -1655.041742 -1655.042009 -1655.042219 -1655.042387 -1655.042524 -1655.042641 -1655.042746 -1655.042850 -1655.042966 -1655.043111 -1655.043309 -1655.043600 -1655.044043 -1655.044737 -1655.045847 -1655.047654 -1655.050653 -1655.055755 -1655.064675 -1655.080747 -1655.110585 -1655.167591 -1655.279646 -1655.507497 -1655.992845 -1657.093326 -1659.792914 -1667.162133 -1690.807518 -9999.0 -9999.0
-9999.0 -9999.0 524.557146 427.327707 329.290786 230.841900 132.214317 33.512237 -65.209201 -163.926805 -262.618442 -361.245700 -459.732327 -557.913910 -655.558214 -752.943082 -850.379055 -947.496233 -1044.287169 -1139.325511 -1230.075458 -1314.858310 -1390.699411 -1455.350973 -1507.956074 -1549.028115 -1580.004297 -1602.716124 -1618.992084 -1630.441122 -1638.374155 -1643.804732 -1647.486968 -1649.965696 -1651.626023 -1652.737800 -1653.498502 -1654.104365 -1654.997735 -1657.764857 -1666.752473 -1681.328814 -1458.864851 -1886.511018 -1774.700064 -1708.261498 -1678.891928 -1675.052160 -1674.662647 -1674.702946 -1674.804280 -1674.912899 -1675.017190 -1675.113714 -1675.203041 -1675.304743 -1675.611322 -1677.773751 -1692.764121 -1727.533161 -1775.037890 -1354.407662 -1647.546773 -1659.500700 -1656.382845 -1655.297970 -1655.081342 -1655.045263 -1655.040046 -1655.039851 -1655.040396 -1655.040949 -1655.041396 -1655.041742 -1655.042009 -1655.042219 -1655.042387 -1655.042524 -1655.042641 -1655.042746 -1655.042850 -1655.042966 -1655.043111 -1655.043309 -1655.043600 -1655.044043 -1655.044737 -1655.045847 -1655.047654 -1655.050653 -1655.055755 -1655.064675 -1655.080747 -1655.110585 -1655.167591 -1655.279646 -1655.507497 -1655.992845 -1657.093326 -1659.792914 -1667.162133 -1690.807518 -9999.0 -9999.0
-9999.0 -9999.0 524.555697 427.326949 329.290479 230.841787 132.214276 33.512223 -65.209206 -163.926806 -262.618443 -361.245700 -459.732327 -557.913910 -655.558214 -752.943082 -850.379055 -947.496233 -1044.287169 -1139.325511 -1230.075458 -1314.858310 -1390.699411 -1455.350973 -1507.956074 -1549.028115 -1580.004297 -1602.716123 -1618.992084 -1630.441122 -1638.374155 -1643.804732 -1647.486968 -1649.965696 -1651.626023 -1652.737800 -1653.498502 -1654.104365 -1654.997735 -1657.764857 -1666.752473 -1681.328814 -1458.864851 -1886.511018 -1774.700064 -1708.261499 -1678.891928 -1675.052160 -1674.662647 -1674.702946 -1674.804280 -1674.912899 -1675.017190 -1675.113714 -1675.203041 -1675.304743 -1675.611322 -1677.773751 -1692.764121 -1727.533161 -1775.037890 -1354.407662 -1647.546773 -1659.500700 -1656.382845 -1655.297970 -1655.081342 -1655.045263 -1655.040046 -1655.039851 -1655.040396 -1655.040949 -1655.041396 -1655.041742 -1655.042009 -1655.042219 -1655.042387 -1655.042524 -1655.042641 -1655.042746 -1655.042850 -1655.042966 -1655.043111 -1655.043309 -1655.043600 -1655.044043 -1655.044737 -1655.045847 -1655.047654 -1655.050653 -1655.055755 -1655.064675 -1655.080747 -1655.110585 -1655.167591 -1655.279646 -1655.507497 -1655.992845 -1657.093326 -1659.792914 -1667.162133 -1690.807518 -9999.0 -9999.0
-9999.0 -9999.0 524.549970 427.325291 329.290010 230.841644 132.214230 33.512207 -65.209212 -163.926809 -262.618443 -361.245700 -459.732327 -557.913910 -655.558214 -752.943082 -850.379055 -947.496233 -1044.287169 -1139.325511 -1230.075458 -1314.858310 -1390.699411 -1455.350972 -1507.956074 -1549.028115 -1580.004297 -1602.716123 -1618.992084 -1630.441122 -1638.374155 -1643.804732 -1647.486968 -1649.965696 -1651.626023 -1652.737800 -1653.498502 -1654.104365 -1654.997735 -1657.764857 -1666.752473 -1681.328814 -1458.864851 -1886.511019 -1774.700065 -1708.261501 -1678.891928 -1675.052160 -1674.662647 -1674.702946 -1674.804280 -1674.912899 -1675.017190 -1675.113714 -1675.203041 -1675.304743 -1675.611322 -1677.773751 -1692.764121 -1727.533161 -1775.037890 -1354.407662 -1647.546773 -1659.500700 -1656.382845 -1655.297970 -1655.081342 -1655.045263 -1655.040046 -1655.039851 -1655.040396 -1655.040949 -1655.041396 -1655.041742 -1655.042009 -1655.042219 -1655.042387 -1655.042524 -1655.042641 -1655.042746 -1655.042850 -1655.042966 -1655.043111 -1655.043309 -1655.043600 -1655.044043 -1655.044737 -1655.045847 -1655.047654 -1655.050653 -1655.055755 -1655.064675 -1655.080747 -1655.110585 -1655.167591 -1655.279646 -1655.507497 -1655.992845 -1657.093326 -1659.792914 -1667.162133 -1690.807518 -9999.0 -9999.0
-9999.0 -9999.0 -9999.0 -9999.0 -9999.0 -9999.0 -9999.0 -9999.0 -9999.0 -9999.0 -9999.0 -9999.0 -9999.0 -9999.0 -9999.0 -9999.0 -9999.0 -9999.0 -9999.0 -9999.0 -9999.0 -9999.0 -9999.0 -9999.0 -9999.0 -9999.0 -9999.0 -9999.0 -9999.0 -9999.0 -9999.0 -9999.0 -9999.0 -9999.0 -9999.0 -9999.0 -9999.0 -9999.0 -9999.0 -9999.0 -9999.0 -9999.0 -9999.0 -9999.0 -9999.0 -9999.0 -9999.0 -9999.0 -9999.0 -9999.0 -9999.0 -9999.0 -9999.0 -9999.0 -9999.0 -9999.0 -9999.0 -9999.0 -9999.0 -9999.0 -9999.0 -9999.0 -9999.0 -9999.0 -9999.0 -9999.0 -9999.0 -9999.0 -9999.0 -9999.0 -9999.0 -9999.0 -9999.0 -9999.0 -9999.0 -9999.0 -9999.0 -9999.0 -9999.0 -9999.0 -9999.0 -9999.0 -9999.0 -9999.0 -9999.0 -9999.0 -9999.0 -9999.0 -9999.0 -9999.0 -9999.0 -9999.0 -9999.0 -9999.0 -9999.0 -9999.0 -9999.0 -9999.0 -9999.0 -9999.0 -9999.0 -9999.0 -9999.0 -9999.0
-9999.0 -9999.0 -9999.0 -9999.0 -9999.0 -9999.0 -9999.0 -9999.0 -9999.0 -9999.0 -9999.0 -9999.0 -9999.0 -9999.0 -9999.0 -9999.0 -9999.0 -9999.0 -9999.0 -9999.0 -9999.0 -9999.0 -9999.0 -9999.0 -9999.0 -9999.0 -9999.0 -9999.0 -9999.0 -9999.0 -9999.0 -9999.0 -9999.0 -9999.0 -9999.0 -9999.0 -9999.0 -9999.0 -9999.0 -9999.0 -9999.0 -9999.0 -9999.0 -9999.0 -9999.0 -9999.0 -9999.0 -9999.0 -9999.0 -9999.0 -9999.0 -9999.0 -9999.0 -9999.0 -9999.0 -9999.0 -9999.0 -9999.0 -9999.0 -9999.0 -9999.0 -9999.0 -9999.0 -9999.0 -9999.0 -9999.0 -9999.0 -9999.0 -9999.0 -9999.0 -9999.0 -9999.0 -9999.0 -9999.0 -9999.0 -9999.0 -9999.0 -9999.0 -9999.0 -9999.0 -9999.0 -9999.0 -9999.0 -9999.0 -9999.0 -9999.0 -9999.0 -9999.0 -9999.0 -9999.0 -9999.0 -9999.0 -9999.0 -9999.0 -9999.0 -9999.0 -9999.0 -9999.0 -9999.0 -9999.0 -9999.0 -9999.0 -9999.0 -9999.0