inst/processing_geotop_simulation/geotop_simulation/out/maps3D/PwL0001N0471.asc
ncols         104
nrows         10
xllcorner     -2.000000
yllcorner     0.000000
cellsize      1.000000
NODATA_value  -9999.0
-9999.0 -9999.0 -9999.0 -9999.0 -9999.0 -9999.0 -9999.0 -9999.0 -9999.0 -9999.0 -9999.0 -9999.0 -9999.0 -9999.0 -9999.0 -9999.0 -9999.0 -9999.0 -9999.0 -9999.0 -9999.0 -9999.0 -9999.0 -9999.0 -9999.0 -9999.0 -9999.0 -9999.0 -9999.0 -9999.0 -9999.0 -9999.0 -9999.0 -9999.0 -9999.0 -9999.0 -9999.0 -9999.0 -9999.0 -9999.0 -9999.0 -9999.0 -9999.0 -9999.0 -9999.0 -9999.0 -9999.0 -9999.0 -9999.0 -9999.0 -9999.0 -9999.0 -9999.0 -9999.0 -9999.0 -9999.0 -9999.0 -9999.0 -9999.0 -9999.0 -9999.0 -9999.0 -9999.0 -9999.0 -9999.0 -9999.0 -9999.0 -9999.0 -9999.0 -9999.0 -9999.0 -9999.0 -9999.0 -9999.0 -9999.0 -9999.0 -9999.0 -9999.0 -9999.0 -9999.0 -9999.0 -9999.0 -9999.0 -9999.0 -9999.0 -9999.0 -9999.0 -9999.0 -9999.0 -9999.0 -9999.0 -9999.0 -9999.0 -9999.0 -9999.0 -9999.0 -9999.0 -9999.0 -9999.0 -9999.0 -9999.0 -9999.0 -9999.0 -9999.0
-9999.0 -9999.0 -9999.0 -9999.0 -9999.0 -9999.0 -9999.0 -9999.0 -9999.0 -9999.0 -9999.0 -9999.0 -9999.0 -9999.0 -9999.0 -9999.0 -9999.0 -9999.0 -9999.0 -9999.0 -9999.0 -9999.0 -9999.0 -9999.0 -9999.0 -9999.0 -9999.0 -9999.0 -9999.0 -9999.0 -9999.0 -9999.0 -9999.0 -9999.0 -9999.0 -9999.0 -9999.0 -9999.0 -9999.0 -9999.0 -9999.0 -9999.0 -9999.0 -9999.0 -9999.0 -9999.0 -9999.0 -9999.0 -9999.0 -9999.0 -9999.0 -9999.0 -9999.0 -9999.0 -9999.0 -9999.0 -9999.0 -9999.0 -9999.0 -9999.0 -9999.0 -9999.0 -9999.0 -9999.0 -9999.0 -9999.0 -9999.0 -9999.0 -9999.0 -9999.0 -9999.0 -9999.0 -9999.0 -9999.0 -9999.0 -9999.0 -9999.0 -9999.0 -9999.0 -9999.0 -9999.0 -9999.0 -9999.0 -9999.0 -9999.0 -9999.0 -9999.0 -9999.0 -9999.0 -9999.0 -9999.0 -9999.0 -9999.0 -9999.0 -9999.0 -9999.0 -9999.0 -9999.0 -9999.0 -9999.0 -9999.0 -9999.0 -9999.0 -9999.0
-9999.0 -9999.0 25.783300 -72.252843 -171.361698 -270.702288 -370.127531 -469.583692 -569.043626 -668.486914 -767.887525 -867.228211 -966.492696 -1065.661644 -1164.802434 -1263.894559 -1362.777219 -1461.322960 -1559.284916 -1656.139263 -1750.798067 -1841.229968 -1924.465764 -1997.479678 -2058.371908 -2106.886303 -2144.111989 -2171.847037 -2192.048275 -2206.507036 -2216.715380 -2223.845704 -2228.783933 -2232.181262 -2234.507248 -2236.098632 -2237.209700 -2238.098401 -2239.237619 -2241.394092 -2239.409865 -2158.109133 -1325.818236 -1321.387466 -1311.692091 -1305.220662 -1302.170145 -1301.678029 -1301.623384 -1301.627569 -1301.640196 -1301.653864 -1301.667015 -1301.679203 -1301.690589 -1301.704464 -1301.750753 -1302.052197 -1303.700370 -1307.307782 -1311.944181 -1309.331790 -2133.296837 -2233.964234 -2240.090942 -2239.753805 -2239.549353 -2239.502684 -2239.494510 -2239.493567 -2239.493812 -2239.494181 -2239.494500 -2239.494754 -2239.494955 -2239.495116 -2239.495248 -2239.495360 -2239.495458 -2239.495549 -2239.495641 -2239.495742 -2239.495866 -2239.496030 -2239.496264 -2239.496612 -2239.497149 -2239.497998 -2239.499374 -2239.501661 -2239.505567 -2239.512444 -2239.524938 -2239.548350 -2239.593591 -2239.683956 -2239.872077 -2240.285985 -2241.264934 -2243.804585 -2251.207987 -2275.932782 -9999.0 -9999.0
-9999.0 -9999.0 25.794065 -72.251059 -171.361253 -270.702159 -370.127490 -469.583678 -569.043620 -668.486912 -767.887524 -867.228211 -966.492696 -1065.661644 -1164.802434 -1263.894559 -1362.777219 -1461.322961 -1559.284917 -1656.139263 -1750.798067 -1841.229968 -1924.465764 -1997.479678 -2058.371908 -2106.886303 -2144.111989 -2171.847037 -2192.048275 -2206.507036 -2216.715380 -2223.845704 -2228.783933 -2232.181262 -2234.507248 -2236.098632 -2237.209700 -2238.098401 -2239.237619 -2241.394091 -2239.409865 -2158.109133 -1325.818236 -1321.387466 -1311.692091 -1305.220662 -1302.170145 -1301.678029 -1301.623384 -1301.627569 -1301.640196 -1301.653864 -1301.667015 -1301.679203 -1301.690589 -1301.704464 -1301.750753 -1302.052197 -1303.700370 -1307.307782 -1311.944181 -1309.331790 -2133.296837 -2233.964234 -2240.090942 -2239.753805 -2239.549353 -2239.502684 -2239.494510 -2239.493567 -2239.493812 -2239.494181 -2239.494500 -2239.494754 -2239.494955 -2239.495116 -2239.495248 -2239.495360 -2239.495458 -2239.495549 -2239.495641 -2239.495742 -2239.495866 -2239.496030 -2239.496264 -2239.496612 -2239.497149 -2239.497998 -2239.499374 -2239.501661 -2239.505567 -2239.512444 -2239.524938 -2239.548350 -2239.593591 -2239.683956 -2239.872077 -2240.285985 -2241.264934 -2243.804585 -2251.207987 -2275.932782 -9999.0 -9999.0
-9999.0 -9999.0 25.795060 -72.250345 -171.360972 -270.702057 -370.127454 -469.583665 -569.043616 -668.486910 -767.887523 -867.228210 -966.492696 -1065.661644 -1164.802434 -1263.894559 -1362.777219 -1461.322961 -1559.284917 -1656.139264 -1750.798067 -1841.229968 -1924.465764 -1997.479678 -2058.371908 -2106.886303 -2144.111989 -2171.847037 -2192.048275 -2206.507036 -2216.715380 -2223.845704 -2228.783933 -2232.181262 -2234.507248 -2236.098632 -2237.209700 -2238.098401 -2239.237619 -2241.394091 -2239.409865 -2158.109133 -1325.818236 -1321.387466 -1311.692091 -1305.220662 -1302.170145 -1301.678029 -1301.623384 -1301.627569 -1301.640196 -1301.653864 -1301.667015 -1301.679203 -1301.690589 -1301.704464 -1301.750753 -1302.052197 -1303.700370 -1307.307782 -1311.944181 -1309.331790 -2133.296837 -2233.964234 -2240.090942 -2239.753805 -2239.549353 -2239.502684 -2239.494510 -2239.493567 -2239.493812 -2239.494181 -2239.494500 -2239.494754 -2239.494955 -2239.495116 -2239.495248 -2239.495360 -2239.495458 -2239.495549 -2239.495641 -2239.495742 -2239.495866 -2239.496030 -2239.496264 -2239.496612 -2239.497149 -2239.497998 -2239.499374 -2239.501661 -2239.505567 -2239.512444 -2239.524938 -2239.548350 -2239.593591 -2239.683956 -2239.872077 -2240.285985 -2241.264934 -2243.804585 -2251.207987 -2275.932782 -9999.0 -9999.0
-9999.0 -9999.0 25.795060 -72.250345 -171.360972 -270.702057 -370.127454 -469.583665 -569.043616 -668.486910 -767.887523 -867.228210 -966.492696 -1065.661644 -1164.802434 -1263.894559 -1362.777219 -1461.322961 -1559.284917 -1656.139264 -1750.798067 -1841.229968 -1924.465764 -1997.479678 -2058.371908 -2106.886303 -2144.111989 -2171.847037 -2192.048275 -2206.507036 -2216.715380 -2223.845704 -2228.783933 -2232.181262 -2234.507248 -2236.098632 -2237.209700 -2238.098401 -2239.237619 -2241.394091 -2239.409865 -2158.109133 -1325.818236 -1321.387466 -1311.692091 -1305.220662 -1302.170145 -1301.678029 -1301.623384 -1301.627569 -1301.640196 -1301.653864 -1301.667015 -1301.679203 -1301.690589 -1301.704464 -1301.750753 -1302.052197 -1303.700370 -1307.307782 -1311.944181 -1309.331790 -2133.296837 -2233.964234 -2240.090942 -2239.753805 -2239.549353 -2239.502684 -2239.494510 -2239.493567 -2239.493812 -2239.494181 -2239.494500 -2239.494754 -2239.494955 -2239.495116 -2239.495248 -2239.495360 -2239.495458 -2239.495549 -2239.495641 -2239.495742 -2239.495866 -2239.496030 -2239.496264 -2239.496612 -2239.497149 -2239.497998 -2239.499374 -2239.501661 -2239.505567 -2239.512444 -2239.524938 -2239.548350 -2239.593591 -2239.683956 -2239.872077 -2240.285985 -2241.264934 -2243.804585 -2251.207987 -2275.932782 -9999.0 -9999.0
-9999.0 -9999.0 25.794065 -72.251059 -171.361253 -270.702159 -370.127490 -469.583678 -569.043621 -668.486912 -767.887524 -867.228211 -966.492696 -1065.661644 -1164.802434 -1263.894559 -1362.777219 -1461.322961 -1559.284917 -1656.139263 -1750.798067 -1841.229968 -1924.465764 -1997.479678 -2058.371908 -2106.886303 -2144.111989 -2171.847037 -2192.048275 -2206.507036 -2216.715380 -2223.845704 -2228.783933 -2232.181262 -2234.507248 -2236.098632 -2237.209700 -2238.098401 -2239.237619 -2241.394091 -2239.409865 -2158.109133 -1325.818236 -1321.387466 -1311.692091 -1305.220662 -1302.170145 -1301.678029 -1301.623384 -1301.627569 -1301.640196 -1301.653864 -1301.667015 -1301.679203 -1301.690589 -1301.704464 -1301.750753 -1302.052197 -1303.700370 -1307.307782 -1311.944181 -1309.331790 -2133.296837 -2233.964234 -2240.090942 -2239.753805 -2239.549353 -2239.502684 -2239.494510 -2239.493567 -2239.493812 -2239.494181 -2239.494500 -2239.494754 -2239.494955 -2239.495116 -2239.495248 -2239.495360 -2239.495458 -2239.495549 -2239.495641 -2239.495742 -2239.495866 -2239.496030 -2239.496264 -2239.496612 -2239.497149 -2239.497998 -2239.499374 -2239.501661 -2239.505567 -2239.512444 -2239.524938 -2239.548350 -2239.593591 -2239.683956 -2239.872077 -2240.285985 -2241.264934 -2243.804585 -2251.207987 -2275.932782 -9999.0 -9999.0
-9999.0 -9999.0 25.783300 -72.252843 -171.361698 -270.702288 -370.127531 -469.583693 -569.043626 -668.486914 -767.887525 -867.228211 -966.492696 -1065.661644 -1164.802434 -1263.894560 -1362.777219 -1461.322960 -1559.284916 -1656.139263 -1750.798067 -1841.229968 -1924.465764 -1997.479678 -2058.371908 -2106.886303 -2144.111989 -2171.847037 -2192.048275 -2206.507036 -2216.715380 -2223.845704 -2228.783933 -2232.181262 -2234.507248 -2236.098632 -2237.209700 -2238.098401 -2239.237619 -2241.394092 -2239.409865 -2158.109133 -1325.818236 -1321.387466 -1311.692091 -1305.220662 -1302.170145 -1301.678029 -1301.623384 -1301.627569 -1301.640196 -1301.653864 -1301.667015 -1301.679203 -1301.690589 -1301.704464 -1301.750753 -1302.052197 -1303.700370 -1307.307782 -1311.944181 -1309.331790 -2133.296837 -2233.964234 -2240.090942 -2239.753805 -2239.549353 -2239.502684 -2239.494510 -2239.493567 -2239.493812 -2239.494181 -2239.494500 -2239.494754 -2239.494955 -2239.495116 -2239.495248 -2239.495360 -2239.495458 -2239.495549 -2239.495641 -2239.495742 -2239.495866 -2239.496030 -2239.496264 -2239.496612 -2239.497149 -2239.497998 -2239.499374 -2239.501661 -2239.505567 -2239.512444 -2239.524938 -2239.548350 -2239.593591 -2239.683956 -2239.872077 -2240.285985 -2241.264934 -2243.804585 -2251.207987 -2275.932782 -9999.0 -9999.0
-9999.0 -9999.0 -9999.0 -9999.0 -9999.0 -9999.0 -9999.0 -9999.0 -9999.0 -9999.0 -9999.0 -9999.0 -9999.0 -9999.0 -9999.0 -9999.0 -9999.0 -9999.0 -9999.0 -9999.0 -9999.0 -9999.0 -9999.0 -9999.0 -9999.0 -9999.0 -9999.0 -9999.0 -9999.0 -9999.0 -9999.0 -9999.0 -9999.0 -9999.0 -9999.0 -9999.0 -9999.0 -9999.0 -9999.0 -9999.0 -9999.0 -9999.0 -9999.0 -9999.0 -9999.0 -9999.0 -9999.0 -9999.0 -9999.0 -9999.0 -9999.0 -9999.0 -9999.0 -9999.0 -9999.0 -9999.0 -9999.0 -9999.0 -9999.0 -9999.0 -9999.0 -9999.0 -9999.0 -9999.0 -9999.0 -9999.0 -9999.0 -9999.0 -9999.0 -9999.0 -9999.0 -9999.0 -9999.0 -9999.0 -9999.0 -9999.0 -9999.0 -9999.0 -9999.0 -9999.0 -9999.0 -9999.0 -9999.0 -9999.0 -9999.0 -9999.0 -9999.0 -9999.0 -9999.0 -9999.0 -9999.0 -9999.0 -9999.0 -9999.0 -9999.0 -9999.0 -9999.0 -9999.0 -9999.0 -9999.0 -9999.0 -9999.0 -9999.0 -9999.0
-9999.0 -9999.0 -9999.0 -9999.0 -9999.0 -9999.0 -9999.0 -9999.0 -9999.0 -9999.0 -9999.0 -9999.0 -9999.0 -9999.0 -9999.0 -9999.0 -9999.0 -9999.0 -9999.0 -9999.0 -9999.0 -9999.0 -9999.0 -9999.0 -9999.0 -9999.0 -9999.0 -9999.0 -9999.0 -9999.0 -9999.0 -9999.0 -9999.0 -9999.0 -9999.0 -9999.0 -9999.0 -9999.0 -9999.0 -9999.0 -9999.0 -9999.0 -9999.0 -9999.0 -9999.0 -9999.0 -9999.0 -9999.0 -9999.0 -9999.0 -9999.0 -9999.0 -9999.0 -9999.0 -9999.0 -9999.0 -9999.0 -9999.0 -9999.0 -9999.0 -9999.0 -9999.0 -9999.0 -9999.0 -9999.0 -9999.0 -9999.0 -9999.0 -9999.0 -9999.0 -9999.0 -9999.0 -9999.0 -9999.0 -9999.0 -9999.0 -9999.0 -9999.0 -9999.0 -9999.0 -9999.0 -9999.0 -9999.0 -9999.0 -9999.0 -9999.0 -9999.0 -9999.0 -9999.0 -9999.0 -9999.0 -9999.0 -9999.0 -9999.0 -9999.0 -9999.0 -9999.0 -9999.0 -9999.0 -9999.0 -9999.0 -9999.0 -9999.0 -9999.0