inst/processing_geotop_simulation/geotop_simulation/out/maps3D/PwL0011N0319.asc
ncols         104
nrows         10
xllcorner     -2.000000
yllcorner     0.000000
cellsize      1.000000
NODATA_value  -9999.0
-9999.0 -9999.0 -9999.0 -9999.0 -9999.0 -9999.0 -9999.0 -9999.0 -9999.0 -9999.0 -9999.0 -9999.0 -9999.0 -9999.0 -9999.0 -9999.0 -9999.0 -9999.0 -9999.0 -9999.0 -9999.0 -9999.0 -9999.0 -9999.0 -9999.0 -9999.0 -9999.0 -9999.0 -9999.0 -9999.0 -9999.0 -9999.0 -9999.0 -9999.0 -9999.0 -9999.0 -9999.0 -9999.0 -9999.0 -9999.0 -9999.0 -9999.0 -9999.0 -9999.0 -9999.0 -9999.0 -9999.0 -9999.0 -9999.0 -9999.0 -9999.0 -9999.0 -9999.0 -9999.0 -9999.0 -9999.0 -9999.0 -9999.0 -9999.0 -9999.0 -9999.0 -9999.0 -9999.0 -9999.0 -9999.0 -9999.0 -9999.0 -9999.0 -9999.0 -9999.0 -9999.0 -9999.0 -9999.0 -9999.0 -9999.0 -9999.0 -9999.0 -9999.0 -9999.0 -9999.0 -9999.0 -9999.0 -9999.0 -9999.0 -9999.0 -9999.0 -9999.0 -9999.0 -9999.0 -9999.0 -9999.0 -9999.0 -9999.0 -9999.0 -9999.0 -9999.0 -9999.0 -9999.0 -9999.0 -9999.0 -9999.0 -9999.0 -9999.0 -9999.0
-9999.0 -9999.0 -9999.0 -9999.0 -9999.0 -9999.0 -9999.0 -9999.0 -9999.0 -9999.0 -9999.0 -9999.0 -9999.0 -9999.0 -9999.0 -9999.0 -9999.0 -9999.0 -9999.0 -9999.0 -9999.0 -9999.0 -9999.0 -9999.0 -9999.0 -9999.0 -9999.0 -9999.0 -9999.0 -9999.0 -9999.0 -9999.0 -9999.0 -9999.0 -9999.0 -9999.0 -9999.0 -9999.0 -9999.0 -9999.0 -9999.0 -9999.0 -9999.0 -9999.0 -9999.0 -9999.0 -9999.0 -9999.0 -9999.0 -9999.0 -9999.0 -9999.0 -9999.0 -9999.0 -9999.0 -9999.0 -9999.0 -9999.0 -9999.0 -9999.0 -9999.0 -9999.0 -9999.0 -9999.0 -9999.0 -9999.0 -9999.0 -9999.0 -9999.0 -9999.0 -9999.0 -9999.0 -9999.0 -9999.0 -9999.0 -9999.0 -9999.0 -9999.0 -9999.0 -9999.0 -9999.0 -9999.0 -9999.0 -9999.0 -9999.0 -9999.0 -9999.0 -9999.0 -9999.0 -9999.0 -9999.0 -9999.0 -9999.0 -9999.0 -9999.0 -9999.0 -9999.0 -9999.0 -9999.0 -9999.0 -9999.0 -9999.0 -9999.0 -9999.0
-9999.0 -9999.0 523.611143 425.837689 327.413069 228.656913 129.757208 30.797910 -68.176630 -167.148092 -266.100012 -365.004117 -463.806049 -562.389603 -660.590016 -758.602783 -856.643975 -954.440352 -1051.964343 -1148.134088 -1240.948202 -1328.888048 -1409.142965 -1479.193708 -1537.619033 -1584.335425 -1620.342817 -1647.256459 -1666.872752 -1680.880867 -1690.720621 -1697.542061 -1702.222370 -1705.408169 -1707.564428 -1709.021679 -1710.023779 -1710.808298 -1711.864910 -1714.742572 -1722.682382 -1727.160900 -1430.066039 -1791.366891 -1700.370856 -1644.694999 -1619.819481 -1616.503912 -1616.165329 -1616.199466 -1616.286532 -1616.379928 -1616.469618 -1616.552635 -1616.629514 -1616.717514 -1616.985383 -1618.864949 -1631.625477 -1661.002175 -1698.431756 -1336.504517 -1692.529643 -1715.218986 -1713.369712 -1712.348006 -1712.119618 -1712.079434 -1712.073369 -1712.072972 -1712.073432 -1712.073931 -1712.074341 -1712.074661 -1712.074910 -1712.075106 -1712.075265 -1712.075396 -1712.075509 -1712.075612 -1712.075714 -1712.075827 -1712.075967 -1712.076158 -1712.076433 -1712.076850 -1712.077500 -1712.078535 -1712.080217 -1712.083011 -1712.087768 -1712.096101 -1712.111150 -1712.139166 -1712.192869 -1712.298940 -1712.516208 -1712.983705 -1714.056818 -1716.728084 -1724.142330 -1748.160364 -9999.0 -9999.0
-9999.0 -9999.0 523.616698 425.839296 327.413524 228.657051 129.757253 30.797926 -68.176624 -167.148090 -266.100011 -365.004117 -463.806049 -562.389603 -660.590016 -758.602783 -856.643975 -954.440353 -1051.964343 -1148.134088 -1240.948202 -1328.888048 -1409.142965 -1479.193708 -1537.619033 -1584.335425 -1620.342817 -1647.256459 -1666.872752 -1680.880868 -1690.720621 -1697.542061 -1702.222370 -1705.408169 -1707.564428 -1709.021679 -1710.023779 -1710.808298 -1711.864910 -1714.742572 -1722.682382 -1727.160900 -1430.066039 -1791.366891 -1700.370855 -1644.694998 -1619.819481 -1616.503912 -1616.165329 -1616.199466 -1616.286532 -1616.379928 -1616.469618 -1616.552635 -1616.629514 -1616.717514 -1616.985383 -1618.864949 -1631.625477 -1661.002175 -1698.431756 -1336.504517 -1692.529643 -1715.218986 -1713.369712 -1712.348006 -1712.119618 -1712.079434 -1712.073369 -1712.072972 -1712.073432 -1712.073931 -1712.074341 -1712.074661 -1712.074910 -1712.075106 -1712.075265 -1712.075396 -1712.075509 -1712.075612 -1712.075714 -1712.075827 -1712.075967 -1712.076158 -1712.076433 -1712.076850 -1712.077500 -1712.078535 -1712.080217 -1712.083011 -1712.087768 -1712.096101 -1712.111150 -1712.139166 -1712.192869 -1712.298940 -1712.516208 -1712.983705 -1714.056818 -1716.728084 -1724.142330 -1748.160364 -9999.0 -9999.0
-9999.0 -9999.0 523.618104 425.840032 327.413821 228.657161 129.757293 30.797940 -68.176619 -167.148088 -266.100010 -365.004117 -463.806049 -562.389603 -660.590016 -758.602783 -856.643975 -954.440353 -1051.964344 -1148.134088 -1240.948202 -1328.888049 -1409.142965 -1479.193708 -1537.619033 -1584.335425 -1620.342817 -1647.256459 -1666.872752 -1680.880868 -1690.720621 -1697.542061 -1702.222370 -1705.408169 -1707.564428 -1709.021679 -1710.023779 -1710.808298 -1711.864910 -1714.742572 -1722.682382 -1727.160900 -1430.066039 -1791.366891 -1700.370855 -1644.694997 -1619.819481 -1616.503912 -1616.165329 -1616.199466 -1616.286532 -1616.379928 -1616.469618 -1616.552635 -1616.629514 -1616.717514 -1616.985383 -1618.864949 -1631.625477 -1661.002175 -1698.431756 -1336.504517 -1692.529643 -1715.218986 -1713.369712 -1712.348006 -1712.119618 -1712.079434 -1712.073369 -1712.072972 -1712.073432 -1712.073931 -1712.074341 -1712.074661 -1712.074910 -1712.075106 -1712.075265 -1712.075396 -1712.075509 -1712.075612 -1712.075714 -1712.075827 -1712.075967 -1712.076158 -1712.076433 -1712.076850 -1712.077500 -1712.078535 -1712.080217 -1712.083011 -1712.087768 -1712.096101 -1712.111150 -1712.139166 -1712.192869 -1712.298940 -1712.516208 -1712.983705 -1714.056818 -1716.728084 -1724.142330 -1748.160364 -9999.0 -9999.0
-9999.0 -9999.0 523.618104 425.840032 327.413821 228.657161 129.757293 30.797940 -68.176619 -167.148088 -266.100010 -365.004117 -463.806049 -562.389603 -660.590016 -758.602783 -856.643975 -954.440353 -1051.964344 -1148.134088 -1240.948202 -1328.888049 -1409.142965 -1479.193708 -1537.619033 -1584.335425 -1620.342817 -1647.256459 -1666.872752 -1680.880868 -1690.720621 -1697.542061 -1702.222370 -1705.408169 -1707.564428 -1709.021679 -1710.023779 -1710.808298 -1711.864910 -1714.742572 -1722.682382 -1727.160900 -1430.066039 -1791.366890 -1700.370855 -1644.694997 -1619.819481 -1616.503912 -1616.165329 -1616.199466 -1616.286532 -1616.379928 -1616.469618 -1616.552635 -1616.629514 -1616.717514 -1616.985383 -1618.864949 -1631.625477 -1661.002175 -1698.431756 -1336.504517 -1692.529643 -1715.218986 -1713.369712 -1712.348006 -1712.119618 -1712.079434 -1712.073369 -1712.072972 -1712.073432 -1712.073931 -1712.074341 -1712.074661 -1712.074910 -1712.075106 -1712.075265 -1712.075396 -1712.075509 -1712.075612 -1712.075714 -1712.075827 -1712.075967 -1712.076158 -1712.076433 -1712.076850 -1712.077500 -1712.078535 -1712.080217 -1712.083011 -1712.087768 -1712.096101 -1712.111150 -1712.139166 -1712.192869 -1712.298940 -1712.516208 -1712.983705 -1714.056818 -1716.728084 -1724.142330 -1748.160364 -9999.0 -9999.0
-9999.0 -9999.0 523.616698 425.839296 327.413524 228.657051 129.757253 30.797926 -68.176624 -167.148090 -266.100011 -365.004117 -463.806049 -562.389603 -660.590016 -758.602783 -856.643975 -954.440353 -1051.964343 -1148.134088 -1240.948202 -1328.888048 -1409.142965 -1479.193708 -1537.619033 -1584.335425 -1620.342817 -1647.256459 -1666.872752 -1680.880868 -1690.720621 -1697.542061 -1702.222370 -1705.408169 -1707.564428 -1709.021679 -1710.023779 -1710.808298 -1711.864910 -1714.742572 -1722.682382 -1727.160900 -1430.066039 -1791.366891 -1700.370855 -1644.694998 -1619.819481 -1616.503912 -1616.165329 -1616.199466 -1616.286532 -1616.379928 -1616.469618 -1616.552635 -1616.629514 -1616.717514 -1616.985383 -1618.864949 -1631.625477 -1661.002175 -1698.431756 -1336.504517 -1692.529643 -1715.218986 -1713.369712 -1712.348006 -1712.119618 -1712.079434 -1712.073369 -1712.072972 -1712.073432 -1712.073931 -1712.074341 -1712.074661 -1712.074910 -1712.075106 -1712.075265 -1712.075396 -1712.075509 -1712.075612 -1712.075714 -1712.075827 -1712.075967 -1712.076158 -1712.076433 -1712.076850 -1712.077500 -1712.078535 -1712.080217 -1712.083011 -1712.087768 -1712.096101 -1712.111150 -1712.139166 -1712.192869 -1712.298940 -1712.516208 -1712.983705 -1714.056818 -1716.728084 -1724.142330 -1748.160364 -9999.0 -9999.0
-9999.0 -9999.0 523.611143 425.837689 327.413069 228.656913 129.757209 30.797910 -68.176630 -167.148092 -266.100012 -365.004117 -463.806049 -562.389603 -660.590016 -758.602783 -856.643975 -954.440352 -1051.964343 -1148.134088 -1240.948202 -1328.888048 -1409.142965 -1479.193708 -1537.619033 -1584.335425 -1620.342817 -1647.256459 -1666.872752 -1680.880867 -1690.720621 -1697.542061 -1702.222370 -1705.408169 -1707.564428 -1709.021679 -1710.023779 -1710.808298 -1711.864910 -1714.742572 -1722.682382 -1727.160900 -1430.066039 -1791.366891 -1700.370856 -1644.694999 -1619.819481 -1616.503912 -1616.165329 -1616.199466 -1616.286532 -1616.379928 -1616.469618 -1616.552635 -1616.629514 -1616.717514 -1616.985383 -1618.864949 -1631.625477 -1661.002175 -1698.431756 -1336.504517 -1692.529643 -1715.218986 -1713.369712 -1712.348006 -1712.119618 -1712.079434 -1712.073369 -1712.072972 -1712.073432 -1712.073931 -1712.074341 -1712.074661 -1712.074910 -1712.075106 -1712.075265 -1712.075396 -1712.075509 -1712.075612 -1712.075714 -1712.075827 -1712.075967 -1712.076158 -1712.076433 -1712.076850 -1712.077500 -1712.078535 -1712.080217 -1712.083011 -1712.087768 -1712.096101 -1712.111150 -1712.139166 -1712.192869 -1712.298940 -1712.516208 -1712.983705 -1714.056818 -1716.728084 -1724.142330 -1748.160364 -9999.0 -9999.0
-9999.0 -9999.0 -9999.0 -9999.0 -9999.0 -9999.0 -9999.0 -9999.0 -9999.0 -9999.0 -9999.0 -9999.0 -9999.0 -9999.0 -9999.0 -9999.0 -9999.0 -9999.0 -9999.0 -9999.0 -9999.0 -9999.0 -9999.0 -9999.0 -9999.0 -9999.0 -9999.0 -9999.0 -9999.0 -9999.0 -9999.0 -9999.0 -9999.0 -9999.0 -9999.0 -9999.0 -9999.0 -9999.0 -9999.0 -9999.0 -9999.0 -9999.0 -9999.0 -9999.0 -9999.0 -9999.0 -9999.0 -9999.0 -9999.0 -9999.0 -9999.0 -9999.0 -9999.0 -9999.0 -9999.0 -9999.0 -9999.0 -9999.0 -9999.0 -9999.0 -9999.0 -9999.0 -9999.0 -9999.0 -9999.0 -9999.0 -9999.0 -9999.0 -9999.0 -9999.0 -9999.0 -9999.0 -9999.0 -9999.0 -9999.0 -9999.0 -9999.0 -9999.0 -9999.0 -9999.0 -9999.0 -9999.0 -9999.0 -9999.0 -9999.0 -9999.0 -9999.0 -9999.0 -9999.0 -9999.0 -9999.0 -9999.0 -9999.0 -9999.0 -9999.0 -9999.0 -9999.0 -9999.0 -9999.0 -9999.0 -9999.0 -9999.0 -9999.0 -9999.0
-9999.0 -9999.0 -9999.0 -9999.0 -9999.0 -9999.0 -9999.0 -9999.0 -9999.0 -9999.0 -9999.0 -9999.0 -9999.0 -9999.0 -9999.0 -9999.0 -9999.0 -9999.0 -9999.0 -9999.0 -9999.0 -9999.0 -9999.0 -9999.0 -9999.0 -9999.0 -9999.0 -9999.0 -9999.0 -9999.0 -9999.0 -9999.0 -9999.0 -9999.0 -9999.0 -9999.0 -9999.0 -9999.0 -9999.0 -9999.0 -9999.0 -9999.0 -9999.0 -9999.0 -9999.0 -9999.0 -9999.0 -9999.0 -9999.0 -9999.0 -9999.0 -9999.0 -9999.0 -9999.0 -9999.0 -9999.0 -9999.0 -9999.0 -9999.0 -9999.0 -9999.0 -9999.0 -9999.0 -9999.0 -9999.0 -9999.0 -9999.0 -9999.0 -9999.0 -9999.0 -9999.0 -9999.0 -9999.0 -9999.0 -9999.0 -9999.0 -9999.0 -9999.0 -9999.0 -9999.0 -9999.0 -9999.0 -9999.0 -9999.0 -9999.0 -9999.0 -9999.0 -9999.0 -9999.0 -9999.0 -9999.0 -9999.0 -9999.0 -9999.0 -9999.0 -9999.0 -9999.0 -9999.0 -9999.0 -9999.0 -9999.0 -9999.0 -9999.0 -9999.0