inst/processing_geotop_simulation/geotop_simulation/out/maps3D/PwL0003N0167.asc
ncols         104
nrows         10
xllcorner     -2.000000
yllcorner     0.000000
cellsize      1.000000
NODATA_value  -9999.0
-9999.0 -9999.0 -9999.0 -9999.0 -9999.0 -9999.0 -9999.0 -9999.0 -9999.0 -9999.0 -9999.0 -9999.0 -9999.0 -9999.0 -9999.0 -9999.0 -9999.0 -9999.0 -9999.0 -9999.0 -9999.0 -9999.0 -9999.0 -9999.0 -9999.0 -9999.0 -9999.0 -9999.0 -9999.0 -9999.0 -9999.0 -9999.0 -9999.0 -9999.0 -9999.0 -9999.0 -9999.0 -9999.0 -9999.0 -9999.0 -9999.0 -9999.0 -9999.0 -9999.0 -9999.0 -9999.0 -9999.0 -9999.0 -9999.0 -9999.0 -9999.0 -9999.0 -9999.0 -9999.0 -9999.0 -9999.0 -9999.0 -9999.0 -9999.0 -9999.0 -9999.0 -9999.0 -9999.0 -9999.0 -9999.0 -9999.0 -9999.0 -9999.0 -9999.0 -9999.0 -9999.0 -9999.0 -9999.0 -9999.0 -9999.0 -9999.0 -9999.0 -9999.0 -9999.0 -9999.0 -9999.0 -9999.0 -9999.0 -9999.0 -9999.0 -9999.0 -9999.0 -9999.0 -9999.0 -9999.0 -9999.0 -9999.0 -9999.0 -9999.0 -9999.0 -9999.0 -9999.0 -9999.0 -9999.0 -9999.0 -9999.0 -9999.0 -9999.0 -9999.0
-9999.0 -9999.0 -9999.0 -9999.0 -9999.0 -9999.0 -9999.0 -9999.0 -9999.0 -9999.0 -9999.0 -9999.0 -9999.0 -9999.0 -9999.0 -9999.0 -9999.0 -9999.0 -9999.0 -9999.0 -9999.0 -9999.0 -9999.0 -9999.0 -9999.0 -9999.0 -9999.0 -9999.0 -9999.0 -9999.0 -9999.0 -9999.0 -9999.0 -9999.0 -9999.0 -9999.0 -9999.0 -9999.0 -9999.0 -9999.0 -9999.0 -9999.0 -9999.0 -9999.0 -9999.0 -9999.0 -9999.0 -9999.0 -9999.0 -9999.0 -9999.0 -9999.0 -9999.0 -9999.0 -9999.0 -9999.0 -9999.0 -9999.0 -9999.0 -9999.0 -9999.0 -9999.0 -9999.0 -9999.0 -9999.0 -9999.0 -9999.0 -9999.0 -9999.0 -9999.0 -9999.0 -9999.0 -9999.0 -9999.0 -9999.0 -9999.0 -9999.0 -9999.0 -9999.0 -9999.0 -9999.0 -9999.0 -9999.0 -9999.0 -9999.0 -9999.0 -9999.0 -9999.0 -9999.0 -9999.0 -9999.0 -9999.0 -9999.0 -9999.0 -9999.0 -9999.0 -9999.0 -9999.0 -9999.0 -9999.0 -9999.0 -9999.0 -9999.0 -9999.0
-9999.0 -9999.0 131.810298 43.050813 -51.227574 -146.958604 -243.231449 -339.684685 -436.123013 -532.392833 -628.185457 -723.092266 -817.306668 -910.727532 -1004.310855 -1098.045158 -1190.512711 -1282.930057 -1373.908474 -1454.264384 -1515.229909 -1557.446068 -1584.912698 -1602.240207 -1613.152144 -1620.172693 -1624.842547 -1628.044595 -1630.279109 -1631.844611 -1632.936169 -1633.690567 -1634.206892 -1634.556898 -1634.791980 -1634.950209 -1635.066232 -1635.190868 -1635.497918 -1637.044496 -1644.509642 -1649.501830 -1037.241891 -1038.074734 -1025.325432 -1017.310015 -1013.557648 -1013.020623 -1012.965565 -1012.973791 -1012.991559 -1013.010510 -1013.028706 -1013.045546 -1013.061087 -1013.078323 -1013.126368 -1013.445281 -1015.436133 -1019.929777 -1026.924716 -1017.184125 -1628.782739 -1640.135008 -1636.284019 -1635.487538 -1635.363101 -1635.343635 -1635.341368 -1635.342115 -1635.343220 -1635.344171 -1635.344908 -1635.345467 -1635.345894 -1635.346225 -1635.346486 -1635.346696 -1635.346871 -1635.347026 -1635.347177 -1635.347344 -1635.347553 -1635.347844 -1635.348274 -1635.348934 -1635.349972 -1635.351632 -1635.354323 -1635.358760 -1635.366229 -1635.379125 -1635.402042 -1635.444008 -1635.522999 -1635.675163 -1635.974492 -1636.579140 -1637.854061 -1640.725703 -1647.871149 -1669.445056 -9999.0 -9999.0
-9999.0 -9999.0 131.822043 43.053085 -51.227002 -146.958437 -243.231396 -339.684667 -436.123007 -532.392831 -628.185456 -723.092266 -817.306668 -910.727532 -1004.310855 -1098.045158 -1190.512711 -1282.930057 -1373.908474 -1454.264384 -1515.229909 -1557.446068 -1584.912698 -1602.240207 -1613.152144 -1620.172693 -1624.842547 -1628.044595 -1630.279109 -1631.844611 -1632.936169 -1633.690567 -1634.206892 -1634.556898 -1634.791980 -1634.950209 -1635.066232 -1635.190868 -1635.497918 -1637.044496 -1644.509642 -1649.501830 -1037.241891 -1038.074734 -1025.325432 -1017.310014 -1013.557648 -1013.020623 -1012.965565 -1012.973791 -1012.991559 -1013.010510 -1013.028706 -1013.045546 -1013.061087 -1013.078323 -1013.126368 -1013.445281 -1015.436133 -1019.929777 -1026.924716 -1017.184125 -1628.782739 -1640.135008 -1636.284019 -1635.487538 -1635.363101 -1635.343635 -1635.341368 -1635.342115 -1635.343220 -1635.344171 -1635.344908 -1635.345467 -1635.345894 -1635.346225 -1635.346486 -1635.346696 -1635.346871 -1635.347026 -1635.347177 -1635.347344 -1635.347553 -1635.347844 -1635.348274 -1635.348934 -1635.349972 -1635.351632 -1635.354323 -1635.358760 -1635.366229 -1635.379125 -1635.402042 -1635.444008 -1635.522999 -1635.675163 -1635.974492 -1636.579140 -1637.854061 -1640.725703 -1647.871149 -1669.445056 -9999.0 -9999.0
-9999.0 -9999.0 131.823509 43.053996 -51.226641 -146.958306 -243.231349 -339.684651 -436.123001 -532.392829 -628.185455 -723.092266 -817.306668 -910.727532 -1004.310855 -1098.045158 -1190.512711 -1282.930058 -1373.908474 -1454.264385 -1515.229909 -1557.446068 -1584.912698 -1602.240207 -1613.152144 -1620.172693 -1624.842547 -1628.044595 -1630.279109 -1631.844611 -1632.936169 -1633.690567 -1634.206892 -1634.556898 -1634.791980 -1634.950209 -1635.066232 -1635.190868 -1635.497918 -1637.044496 -1644.509642 -1649.501830 -1037.241891 -1038.074734 -1025.325432 -1017.310014 -1013.557648 -1013.020623 -1012.965565 -1012.973791 -1012.991559 -1013.010510 -1013.028706 -1013.045546 -1013.061087 -1013.078323 -1013.126368 -1013.445281 -1015.436133 -1019.929777 -1026.924716 -1017.184125 -1628.782739 -1640.135008 -1636.284019 -1635.487538 -1635.363101 -1635.343635 -1635.341368 -1635.342115 -1635.343220 -1635.344171 -1635.344908 -1635.345467 -1635.345894 -1635.346225 -1635.346486 -1635.346696 -1635.346871 -1635.347026 -1635.347177 -1635.347344 -1635.347553 -1635.347844 -1635.348274 -1635.348934 -1635.349972 -1635.351632 -1635.354323 -1635.358760 -1635.366229 -1635.379125 -1635.402042 -1635.444008 -1635.522999 -1635.675163 -1635.974492 -1636.579140 -1637.854061 -1640.725703 -1647.871149 -1669.445056 -9999.0 -9999.0
-9999.0 -9999.0 131.823509 43.053996 -51.226641 -146.958306 -243.231349 -339.684651 -436.123001 -532.392829 -628.185455 -723.092266 -817.306668 -910.727532 -1004.310855 -1098.045158 -1190.512711 -1282.930058 -1373.908474 -1454.264385 -1515.229909 -1557.446068 -1584.912698 -1602.240207 -1613.152144 -1620.172693 -1624.842547 -1628.044595 -1630.279109 -1631.844611 -1632.936169 -1633.690567 -1634.206892 -1634.556898 -1634.791980 -1634.950209 -1635.066232 -1635.190868 -1635.497918 -1637.044496 -1644.509642 -1649.501830 -1037.241891 -1038.074734 -1025.325432 -1017.310014 -1013.557648 -1013.020623 -1012.965565 -1012.973791 -1012.991559 -1013.010510 -1013.028706 -1013.045546 -1013.061087 -1013.078323 -1013.126368 -1013.445281 -1015.436133 -1019.929777 -1026.924716 -1017.184125 -1628.782739 -1640.135008 -1636.284019 -1635.487538 -1635.363101 -1635.343635 -1635.341368 -1635.342115 -1635.343220 -1635.344171 -1635.344908 -1635.345467 -1635.345894 -1635.346225 -1635.346486 -1635.346696 -1635.346871 -1635.347026 -1635.347177 -1635.347344 -1635.347553 -1635.347844 -1635.348274 -1635.348934 -1635.349972 -1635.351632 -1635.354323 -1635.358760 -1635.366229 -1635.379125 -1635.402042 -1635.444008 -1635.522999 -1635.675163 -1635.974492 -1636.579140 -1637.854061 -1640.725703 -1647.871149 -1669.445056 -9999.0 -9999.0
-9999.0 -9999.0 131.822043 43.053085 -51.227002 -146.958437 -243.231396 -339.684667 -436.123007 -532.392831 -628.185456 -723.092266 -817.306668 -910.727532 -1004.310855 -1098.045158 -1190.512711 -1282.930057 -1373.908474 -1454.264384 -1515.229909 -1557.446068 -1584.912698 -1602.240207 -1613.152144 -1620.172693 -1624.842547 -1628.044595 -1630.279109 -1631.844611 -1632.936169 -1633.690567 -1634.206892 -1634.556898 -1634.791980 -1634.950209 -1635.066232 -1635.190868 -1635.497918 -1637.044496 -1644.509642 -1649.501830 -1037.241891 -1038.074734 -1025.325432 -1017.310014 -1013.557648 -1013.020623 -1012.965565 -1012.973791 -1012.991559 -1013.010510 -1013.028706 -1013.045546 -1013.061087 -1013.078323 -1013.126368 -1013.445281 -1015.436133 -1019.929777 -1026.924716 -1017.184125 -1628.782739 -1640.135008 -1636.284019 -1635.487538 -1635.363101 -1635.343635 -1635.341368 -1635.342115 -1635.343220 -1635.344171 -1635.344908 -1635.345467 -1635.345894 -1635.346225 -1635.346486 -1635.346696 -1635.346871 -1635.347026 -1635.347177 -1635.347344 -1635.347553 -1635.347844 -1635.348274 -1635.348934 -1635.349972 -1635.351632 -1635.354323 -1635.358760 -1635.366229 -1635.379125 -1635.402042 -1635.444008 -1635.522999 -1635.675163 -1635.974492 -1636.579140 -1637.854061 -1640.725703 -1647.871149 -1669.445056 -9999.0 -9999.0
-9999.0 -9999.0 131.810298 43.050813 -51.227574 -146.958604 -243.231449 -339.684685 -436.123013 -532.392833 -628.185457 -723.092266 -817.306668 -910.727532 -1004.310855 -1098.045158 -1190.512711 -1282.930057 -1373.908474 -1454.264384 -1515.229909 -1557.446068 -1584.912698 -1602.240207 -1613.152144 -1620.172693 -1624.842547 -1628.044595 -1630.279109 -1631.844611 -1632.936169 -1633.690567 -1634.206892 -1634.556898 -1634.791980 -1634.950209 -1635.066232 -1635.190868 -1635.497918 -1637.044496 -1644.509642 -1649.501830 -1037.241891 -1038.074734 -1025.325432 -1017.310015 -1013.557648 -1013.020623 -1012.965565 -1012.973791 -1012.991559 -1013.010510 -1013.028706 -1013.045546 -1013.061087 -1013.078323 -1013.126368 -1013.445281 -1015.436133 -1019.929777 -1026.924716 -1017.184125 -1628.782739 -1640.135008 -1636.284019 -1635.487538 -1635.363101 -1635.343635 -1635.341368 -1635.342115 -1635.343220 -1635.344171 -1635.344908 -1635.345467 -1635.345894 -1635.346225 -1635.346486 -1635.346696 -1635.346871 -1635.347026 -1635.347177 -1635.347344 -1635.347553 -1635.347844 -1635.348274 -1635.348934 -1635.349972 -1635.351632 -1635.354323 -1635.358760 -1635.366229 -1635.379125 -1635.402042 -1635.444008 -1635.522999 -1635.675163 -1635.974492 -1636.579140 -1637.854061 -1640.725703 -1647.871149 -1669.445056 -9999.0 -9999.0
-9999.0 -9999.0 -9999.0 -9999.0 -9999.0 -9999.0 -9999.0 -9999.0 -9999.0 -9999.0 -9999.0 -9999.0 -9999.0 -9999.0 -9999.0 -9999.0 -9999.0 -9999.0 -9999.0 -9999.0 -9999.0 -9999.0 -9999.0 -9999.0 -9999.0 -9999.0 -9999.0 -9999.0 -9999.0 -9999.0 -9999.0 -9999.0 -9999.0 -9999.0 -9999.0 -9999.0 -9999.0 -9999.0 -9999.0 -9999.0 -9999.0 -9999.0 -9999.0 -9999.0 -9999.0 -9999.0 -9999.0 -9999.0 -9999.0 -9999.0 -9999.0 -9999.0 -9999.0 -9999.0 -9999.0 -9999.0 -9999.0 -9999.0 -9999.0 -9999.0 -9999.0 -9999.0 -9999.0 -9999.0 -9999.0 -9999.0 -9999.0 -9999.0 -9999.0 -9999.0 -9999.0 -9999.0 -9999.0 -9999.0 -9999.0 -9999.0 -9999.0 -9999.0 -9999.0 -9999.0 -9999.0 -9999.0 -9999.0 -9999.0 -9999.0 -9999.0 -9999.0 -9999.0 -9999.0 -9999.0 -9999.0 -9999.0 -9999.0 -9999.0 -9999.0 -9999.0 -9999.0 -9999.0 -9999.0 -9999.0 -9999.0 -9999.0 -9999.0 -9999.0
-9999.0 -9999.0 -9999.0 -9999.0 -9999.0 -9999.0 -9999.0 -9999.0 -9999.0 -9999.0 -9999.0 -9999.0 -9999.0 -9999.0 -9999.0 -9999.0 -9999.0 -9999.0 -9999.0 -9999.0 -9999.0 -9999.0 -9999.0 -9999.0 -9999.0 -9999.0 -9999.0 -9999.0 -9999.0 -9999.0 -9999.0 -9999.0 -9999.0 -9999.0 -9999.0 -9999.0 -9999.0 -9999.0 -9999.0 -9999.0 -9999.0 -9999.0 -9999.0 -9999.0 -9999.0 -9999.0 -9999.0 -9999.0 -9999.0 -9999.0 -9999.0 -9999.0 -9999.0 -9999.0 -9999.0 -9999.0 -9999.0 -9999.0 -9999.0 -9999.0 -9999.0 -9999.0 -9999.0 -9999.0 -9999.0 -9999.0 -9999.0 -9999.0 -9999.0 -9999.0 -9999.0 -9999.0 -9999.0 -9999.0 -9999.0 -9999.0 -9999.0 -9999.0 -9999.0 -9999.0 -9999.0 -9999.0 -9999.0 -9999.0 -9999.0 -9999.0 -9999.0 -9999.0 -9999.0 -9999.0 -9999.0 -9999.0 -9999.0 -9999.0 -9999.0 -9999.0 -9999.0 -9999.0 -9999.0 -9999.0 -9999.0 -9999.0 -9999.0 -9999.0