inst/processing_geotop_simulation/geotop_simulation/out/maps3D/PwL0002N0261.asc
ncols         104
nrows         10
xllcorner     -2.000000
yllcorner     0.000000
cellsize      1.000000
NODATA_value  -9999.0
-9999.0 -9999.0 -9999.0 -9999.0 -9999.0 -9999.0 -9999.0 -9999.0 -9999.0 -9999.0 -9999.0 -9999.0 -9999.0 -9999.0 -9999.0 -9999.0 -9999.0 -9999.0 -9999.0 -9999.0 -9999.0 -9999.0 -9999.0 -9999.0 -9999.0 -9999.0 -9999.0 -9999.0 -9999.0 -9999.0 -9999.0 -9999.0 -9999.0 -9999.0 -9999.0 -9999.0 -9999.0 -9999.0 -9999.0 -9999.0 -9999.0 -9999.0 -9999.0 -9999.0 -9999.0 -9999.0 -9999.0 -9999.0 -9999.0 -9999.0 -9999.0 -9999.0 -9999.0 -9999.0 -9999.0 -9999.0 -9999.0 -9999.0 -9999.0 -9999.0 -9999.0 -9999.0 -9999.0 -9999.0 -9999.0 -9999.0 -9999.0 -9999.0 -9999.0 -9999.0 -9999.0 -9999.0 -9999.0 -9999.0 -9999.0 -9999.0 -9999.0 -9999.0 -9999.0 -9999.0 -9999.0 -9999.0 -9999.0 -9999.0 -9999.0 -9999.0 -9999.0 -9999.0 -9999.0 -9999.0 -9999.0 -9999.0 -9999.0 -9999.0 -9999.0 -9999.0 -9999.0 -9999.0 -9999.0 -9999.0 -9999.0 -9999.0 -9999.0 -9999.0
-9999.0 -9999.0 -9999.0 -9999.0 -9999.0 -9999.0 -9999.0 -9999.0 -9999.0 -9999.0 -9999.0 -9999.0 -9999.0 -9999.0 -9999.0 -9999.0 -9999.0 -9999.0 -9999.0 -9999.0 -9999.0 -9999.0 -9999.0 -9999.0 -9999.0 -9999.0 -9999.0 -9999.0 -9999.0 -9999.0 -9999.0 -9999.0 -9999.0 -9999.0 -9999.0 -9999.0 -9999.0 -9999.0 -9999.0 -9999.0 -9999.0 -9999.0 -9999.0 -9999.0 -9999.0 -9999.0 -9999.0 -9999.0 -9999.0 -9999.0 -9999.0 -9999.0 -9999.0 -9999.0 -9999.0 -9999.0 -9999.0 -9999.0 -9999.0 -9999.0 -9999.0 -9999.0 -9999.0 -9999.0 -9999.0 -9999.0 -9999.0 -9999.0 -9999.0 -9999.0 -9999.0 -9999.0 -9999.0 -9999.0 -9999.0 -9999.0 -9999.0 -9999.0 -9999.0 -9999.0 -9999.0 -9999.0 -9999.0 -9999.0 -9999.0 -9999.0 -9999.0 -9999.0 -9999.0 -9999.0 -9999.0 -9999.0 -9999.0 -9999.0 -9999.0 -9999.0 -9999.0 -9999.0 -9999.0 -9999.0 -9999.0 -9999.0 -9999.0 -9999.0
-9999.0 -9999.0 77.466963 -17.309675 -114.795097 -212.930083 -311.301925 -409.750651 -508.193555 -606.562626 -704.698735 -802.517921 -899.920252 -996.764210 -1093.492148 -1189.996147 -1285.265351 -1378.681057 -1469.568694 -1556.517387 -1635.957706 -1703.659562 -1757.395378 -1797.659501 -1826.639806 -1846.974806 -1861.025559 -1870.636141 -1877.155065 -1881.540941 -1884.467992 -1886.406828 -1887.682860 -1888.518474 -1889.064078 -1889.422310 -1889.670992 -1889.907304 -1890.437265 -1892.532575 -1898.570718 -1871.911011 -1153.410521 -1151.718696 -1140.854056 -1133.867054 -1130.586067 -1130.091968 -1130.039648 -1130.045705 -1130.060360 -1130.076079 -1130.091184 -1130.105171 -1130.118136 -1130.133043 -1130.177975 -1130.475215 -1132.229067 -1136.142635 -1141.854312 -1135.791902 -1849.754947 -1892.980977 -1891.272649 -1890.374003 -1890.199374 -1890.171170 -1890.167288 -1890.167384 -1890.168048 -1890.168673 -1890.169169 -1890.169549 -1890.169840 -1890.170066 -1890.170245 -1890.170390 -1890.170511 -1890.170619 -1890.170726 -1890.170845 -1890.170995 -1890.171204 -1890.171513 -1890.171989 -1890.172738 -1890.173938 -1890.175893 -1890.179136 -1890.184635 -1890.194213 -1890.211393 -1890.243135 -1890.303411 -1890.420815 -1890.655972 -1891.145657 -1892.225280 -1894.802062 -1901.712822 -1924.112866 -9999.0 -9999.0
-9999.0 -9999.0 77.478649 -17.307581 -114.794574 -212.929931 -311.301876 -409.750634 -508.193549 -606.562624 -704.698734 -802.517921 -899.920252 -996.764210 -1093.492148 -1189.996147 -1285.265351 -1378.681057 -1469.568694 -1556.517387 -1635.957706 -1703.659562 -1757.395378 -1797.659501 -1826.639806 -1846.974806 -1861.025559 -1870.636141 -1877.155065 -1881.540941 -1884.467992 -1886.406828 -1887.682860 -1888.518474 -1889.064078 -1889.422310 -1889.670992 -1889.907304 -1890.437265 -1892.532575 -1898.570718 -1871.911011 -1153.410521 -1151.718696 -1140.854056 -1133.867054 -1130.586067 -1130.091968 -1130.039648 -1130.045705 -1130.060360 -1130.076079 -1130.091184 -1130.105171 -1130.118136 -1130.133043 -1130.177975 -1130.475215 -1132.229067 -1136.142635 -1141.854312 -1135.791902 -1849.754947 -1892.980977 -1891.272649 -1890.374003 -1890.199374 -1890.171170 -1890.167288 -1890.167384 -1890.168048 -1890.168673 -1890.169169 -1890.169549 -1890.169840 -1890.170066 -1890.170245 -1890.170390 -1890.170511 -1890.170619 -1890.170726 -1890.170845 -1890.170995 -1890.171204 -1890.171513 -1890.171989 -1890.172738 -1890.173938 -1890.175893 -1890.179136 -1890.184635 -1890.194213 -1890.211393 -1890.243135 -1890.303411 -1890.420815 -1890.655972 -1891.145657 -1892.225280 -1894.802062 -1901.712822 -1924.112866 -9999.0 -9999.0
-9999.0 -9999.0 77.479918 -17.306742 -114.794243 -212.929811 -311.301834 -409.750619 -508.193544 -606.562622 -704.698734 -802.517921 -899.920252 -996.764210 -1093.492148 -1189.996147 -1285.265351 -1378.681057 -1469.568694 -1556.517387 -1635.957706 -1703.659562 -1757.395378 -1797.659501 -1826.639806 -1846.974806 -1861.025559 -1870.636141 -1877.155065 -1881.540941 -1884.467992 -1886.406828 -1887.682860 -1888.518474 -1889.064078 -1889.422310 -1889.670992 -1889.907304 -1890.437265 -1892.532575 -1898.570718 -1871.911011 -1153.410521 -1151.718696 -1140.854056 -1133.867054 -1130.586067 -1130.091968 -1130.039648 -1130.045705 -1130.060360 -1130.076079 -1130.091184 -1130.105171 -1130.118136 -1130.133043 -1130.177975 -1130.475215 -1132.229067 -1136.142635 -1141.854312 -1135.791902 -1849.754947 -1892.980977 -1891.272649 -1890.374003 -1890.199374 -1890.171170 -1890.167288 -1890.167384 -1890.168048 -1890.168673 -1890.169169 -1890.169549 -1890.169840 -1890.170066 -1890.170245 -1890.170390 -1890.170511 -1890.170619 -1890.170726 -1890.170845 -1890.170995 -1890.171204 -1890.171513 -1890.171989 -1890.172738 -1890.173938 -1890.175893 -1890.179136 -1890.184635 -1890.194213 -1890.211393 -1890.243135 -1890.303411 -1890.420815 -1890.655972 -1891.145657 -1892.225280 -1894.802062 -1901.712822 -1924.112866 -9999.0 -9999.0
-9999.0 -9999.0 77.479918 -17.306742 -114.794243 -212.929811 -311.301834 -409.750619 -508.193544 -606.562622 -704.698734 -802.517921 -899.920252 -996.764210 -1093.492148 -1189.996147 -1285.265351 -1378.681057 -1469.568694 -1556.517387 -1635.957706 -1703.659562 -1757.395378 -1797.659501 -1826.639806 -1846.974806 -1861.025559 -1870.636141 -1877.155065 -1881.540941 -1884.467992 -1886.406828 -1887.682860 -1888.518474 -1889.064078 -1889.422310 -1889.670992 -1889.907304 -1890.437265 -1892.532575 -1898.570718 -1871.911011 -1153.410521 -1151.718696 -1140.854056 -1133.867054 -1130.586067 -1130.091968 -1130.039648 -1130.045705 -1130.060360 -1130.076079 -1130.091184 -1130.105171 -1130.118136 -1130.133043 -1130.177975 -1130.475215 -1132.229067 -1136.142635 -1141.854312 -1135.791902 -1849.754947 -1892.980977 -1891.272649 -1890.374003 -1890.199374 -1890.171170 -1890.167288 -1890.167384 -1890.168048 -1890.168673 -1890.169169 -1890.169549 -1890.169840 -1890.170066 -1890.170245 -1890.170390 -1890.170511 -1890.170619 -1890.170726 -1890.170845 -1890.170995 -1890.171204 -1890.171513 -1890.171989 -1890.172738 -1890.173938 -1890.175893 -1890.179136 -1890.184635 -1890.194213 -1890.211393 -1890.243135 -1890.303411 -1890.420815 -1890.655972 -1891.145657 -1892.225280 -1894.802062 -1901.712822 -1924.112866 -9999.0 -9999.0
-9999.0 -9999.0 77.478649 -17.307581 -114.794574 -212.929931 -311.301876 -409.750634 -508.193549 -606.562624 -704.698734 -802.517921 -899.920252 -996.764210 -1093.492148 -1189.996147 -1285.265351 -1378.681057 -1469.568694 -1556.517387 -1635.957706 -1703.659562 -1757.395378 -1797.659501 -1826.639806 -1846.974806 -1861.025559 -1870.636141 -1877.155065 -1881.540941 -1884.467992 -1886.406828 -1887.682860 -1888.518474 -1889.064078 -1889.422310 -1889.670992 -1889.907304 -1890.437265 -1892.532575 -1898.570718 -1871.911011 -1153.410521 -1151.718696 -1140.854056 -1133.867054 -1130.586067 -1130.091968 -1130.039648 -1130.045705 -1130.060360 -1130.076079 -1130.091184 -1130.105171 -1130.118136 -1130.133043 -1130.177975 -1130.475215 -1132.229067 -1136.142635 -1141.854312 -1135.791902 -1849.754947 -1892.980977 -1891.272649 -1890.374003 -1890.199374 -1890.171170 -1890.167288 -1890.167384 -1890.168048 -1890.168673 -1890.169169 -1890.169549 -1890.169840 -1890.170066 -1890.170245 -1890.170390 -1890.170511 -1890.170619 -1890.170726 -1890.170845 -1890.170995 -1890.171204 -1890.171513 -1890.171989 -1890.172738 -1890.173938 -1890.175893 -1890.179136 -1890.184635 -1890.194213 -1890.211393 -1890.243135 -1890.303411 -1890.420815 -1890.655972 -1891.145657 -1892.225280 -1894.802062 -1901.712822 -1924.112866 -9999.0 -9999.0
-9999.0 -9999.0 77.466963 -17.309675 -114.795097 -212.930083 -311.301925 -409.750651 -508.193555 -606.562626 -704.698735 -802.517921 -899.920252 -996.764210 -1093.492148 -1189.996147 -1285.265351 -1378.681057 -1469.568694 -1556.517387 -1635.957706 -1703.659562 -1757.395378 -1797.659501 -1826.639806 -1846.974806 -1861.025559 -1870.636141 -1877.155065 -1881.540941 -1884.467992 -1886.406828 -1887.682860 -1888.518474 -1889.064078 -1889.422310 -1889.670992 -1889.907304 -1890.437265 -1892.532575 -1898.570718 -1871.911011 -1153.410521 -1151.718696 -1140.854056 -1133.867054 -1130.586067 -1130.091968 -1130.039648 -1130.045705 -1130.060360 -1130.076079 -1130.091184 -1130.105171 -1130.118136 -1130.133043 -1130.177975 -1130.475215 -1132.229067 -1136.142635 -1141.854312 -1135.791902 -1849.754947 -1892.980977 -1891.272649 -1890.374003 -1890.199374 -1890.171170 -1890.167288 -1890.167384 -1890.168048 -1890.168673 -1890.169169 -1890.169549 -1890.169840 -1890.170066 -1890.170245 -1890.170390 -1890.170511 -1890.170619 -1890.170726 -1890.170845 -1890.170995 -1890.171204 -1890.171513 -1890.171989 -1890.172738 -1890.173938 -1890.175893 -1890.179136 -1890.184635 -1890.194213 -1890.211393 -1890.243135 -1890.303411 -1890.420815 -1890.655972 -1891.145657 -1892.225280 -1894.802062 -1901.712822 -1924.112866 -9999.0 -9999.0
-9999.0 -9999.0 -9999.0 -9999.0 -9999.0 -9999.0 -9999.0 -9999.0 -9999.0 -9999.0 -9999.0 -9999.0 -9999.0 -9999.0 -9999.0 -9999.0 -9999.0 -9999.0 -9999.0 -9999.0 -9999.0 -9999.0 -9999.0 -9999.0 -9999.0 -9999.0 -9999.0 -9999.0 -9999.0 -9999.0 -9999.0 -9999.0 -9999.0 -9999.0 -9999.0 -9999.0 -9999.0 -9999.0 -9999.0 -9999.0 -9999.0 -9999.0 -9999.0 -9999.0 -9999.0 -9999.0 -9999.0 -9999.0 -9999.0 -9999.0 -9999.0 -9999.0 -9999.0 -9999.0 -9999.0 -9999.0 -9999.0 -9999.0 -9999.0 -9999.0 -9999.0 -9999.0 -9999.0 -9999.0 -9999.0 -9999.0 -9999.0 -9999.0 -9999.0 -9999.0 -9999.0 -9999.0 -9999.0 -9999.0 -9999.0 -9999.0 -9999.0 -9999.0 -9999.0 -9999.0 -9999.0 -9999.0 -9999.0 -9999.0 -9999.0 -9999.0 -9999.0 -9999.0 -9999.0 -9999.0 -9999.0 -9999.0 -9999.0 -9999.0 -9999.0 -9999.0 -9999.0 -9999.0 -9999.0 -9999.0 -9999.0 -9999.0 -9999.0 -9999.0
-9999.0 -9999.0 -9999.0 -9999.0 -9999.0 -9999.0 -9999.0 -9999.0 -9999.0 -9999.0 -9999.0 -9999.0 -9999.0 -9999.0 -9999.0 -9999.0 -9999.0 -9999.0 -9999.0 -9999.0 -9999.0 -9999.0 -9999.0 -9999.0 -9999.0 -9999.0 -9999.0 -9999.0 -9999.0 -9999.0 -9999.0 -9999.0 -9999.0 -9999.0 -9999.0 -9999.0 -9999.0 -9999.0 -9999.0 -9999.0 -9999.0 -9999.0 -9999.0 -9999.0 -9999.0 -9999.0 -9999.0 -9999.0 -9999.0 -9999.0 -9999.0 -9999.0 -9999.0 -9999.0 -9999.0 -9999.0 -9999.0 -9999.0 -9999.0 -9999.0 -9999.0 -9999.0 -9999.0 -9999.0 -9999.0 -9999.0 -9999.0 -9999.0 -9999.0 -9999.0 -9999.0 -9999.0 -9999.0 -9999.0 -9999.0 -9999.0 -9999.0 -9999.0 -9999.0 -9999.0 -9999.0 -9999.0 -9999.0 -9999.0 -9999.0 -9999.0 -9999.0 -9999.0 -9999.0 -9999.0 -9999.0 -9999.0 -9999.0 -9999.0 -9999.0 -9999.0 -9999.0 -9999.0 -9999.0 -9999.0 -9999.0 -9999.0 -9999.0 -9999.0