inst/processing_geotop_simulation/geotop_simulation/out/maps3D/PwL0003N0365.asc
ncols         104
nrows         10
xllcorner     -2.000000
yllcorner     0.000000
cellsize      1.000000
NODATA_value  -9999.0
-9999.0 -9999.0 -9999.0 -9999.0 -9999.0 -9999.0 -9999.0 -9999.0 -9999.0 -9999.0 -9999.0 -9999.0 -9999.0 -9999.0 -9999.0 -9999.0 -9999.0 -9999.0 -9999.0 -9999.0 -9999.0 -9999.0 -9999.0 -9999.0 -9999.0 -9999.0 -9999.0 -9999.0 -9999.0 -9999.0 -9999.0 -9999.0 -9999.0 -9999.0 -9999.0 -9999.0 -9999.0 -9999.0 -9999.0 -9999.0 -9999.0 -9999.0 -9999.0 -9999.0 -9999.0 -9999.0 -9999.0 -9999.0 -9999.0 -9999.0 -9999.0 -9999.0 -9999.0 -9999.0 -9999.0 -9999.0 -9999.0 -9999.0 -9999.0 -9999.0 -9999.0 -9999.0 -9999.0 -9999.0 -9999.0 -9999.0 -9999.0 -9999.0 -9999.0 -9999.0 -9999.0 -9999.0 -9999.0 -9999.0 -9999.0 -9999.0 -9999.0 -9999.0 -9999.0 -9999.0 -9999.0 -9999.0 -9999.0 -9999.0 -9999.0 -9999.0 -9999.0 -9999.0 -9999.0 -9999.0 -9999.0 -9999.0 -9999.0 -9999.0 -9999.0 -9999.0 -9999.0 -9999.0 -9999.0 -9999.0 -9999.0 -9999.0 -9999.0 -9999.0
-9999.0 -9999.0 -9999.0 -9999.0 -9999.0 -9999.0 -9999.0 -9999.0 -9999.0 -9999.0 -9999.0 -9999.0 -9999.0 -9999.0 -9999.0 -9999.0 -9999.0 -9999.0 -9999.0 -9999.0 -9999.0 -9999.0 -9999.0 -9999.0 -9999.0 -9999.0 -9999.0 -9999.0 -9999.0 -9999.0 -9999.0 -9999.0 -9999.0 -9999.0 -9999.0 -9999.0 -9999.0 -9999.0 -9999.0 -9999.0 -9999.0 -9999.0 -9999.0 -9999.0 -9999.0 -9999.0 -9999.0 -9999.0 -9999.0 -9999.0 -9999.0 -9999.0 -9999.0 -9999.0 -9999.0 -9999.0 -9999.0 -9999.0 -9999.0 -9999.0 -9999.0 -9999.0 -9999.0 -9999.0 -9999.0 -9999.0 -9999.0 -9999.0 -9999.0 -9999.0 -9999.0 -9999.0 -9999.0 -9999.0 -9999.0 -9999.0 -9999.0 -9999.0 -9999.0 -9999.0 -9999.0 -9999.0 -9999.0 -9999.0 -9999.0 -9999.0 -9999.0 -9999.0 -9999.0 -9999.0 -9999.0 -9999.0 -9999.0 -9999.0 -9999.0 -9999.0 -9999.0 -9999.0 -9999.0 -9999.0 -9999.0 -9999.0 -9999.0 -9999.0
-9999.0 -9999.0 125.665993 28.343162 -70.301572 -169.293880 -268.415391 -367.584117 -466.756856 -565.903937 -664.971534 -763.892614 -862.679320 -961.265168 -1059.769840 -1158.258419 -1256.254462 -1353.488785 -1449.418368 -1543.080659 -1632.695863 -1715.341555 -1787.728357 -1847.691315 -1894.936539 -1930.699198 -1956.965209 -1975.828297 -1989.145188 -1998.419932 -2004.808507 -2009.169449 -2012.124683 -2014.116007 -2015.452776 -2016.351457 -2016.974064 -2017.497798 -2018.339116 -2020.653650 -2023.438646 -1970.359681 -1208.053959 -1209.257830 -1198.021925 -1190.627290 -1187.151931 -1186.612253 -1186.553746 -1186.559069 -1186.573614 -1186.589294 -1186.604371 -1186.618338 -1186.631338 -1186.646774 -1186.696233 -1187.022737 -1188.885846 -1193.003967 -1198.524312 -1189.207225 -1946.048963 -2017.420251 -2019.209715 -2018.472916 -2018.265268 -2018.226336 -2018.220286 -2018.219838 -2018.220249 -2018.220708 -2018.221085 -2018.221378 -2018.221605 -2018.221783 -2018.221925 -2018.222042 -2018.222142 -2018.222232 -2018.222322 -2018.222422 -2018.222547 -2018.222720 -2018.222972 -2018.223357 -2018.223962 -2018.224928 -2018.226504 -2018.229127 -2018.233599 -2018.241444 -2018.255624 -2018.282033 -2018.332650 -2018.432540 -2018.636775 -2019.075199 -2020.080860 -2022.599140 -2029.712747 -2053.354117 -9999.0 -9999.0
-9999.0 -9999.0 125.675899 28.345063 -70.301095 -169.293741 -268.415347 -367.584102 -466.756850 -565.903935 -664.971533 -763.892614 -862.679319 -961.265168 -1059.769840 -1158.258419 -1256.254463 -1353.488785 -1449.418368 -1543.080659 -1632.695863 -1715.341555 -1787.728357 -1847.691315 -1894.936539 -1930.699198 -1956.965209 -1975.828297 -1989.145188 -1998.419932 -2004.808507 -2009.169449 -2012.124683 -2014.116007 -2015.452776 -2016.351457 -2016.974064 -2017.497798 -2018.339116 -2020.653650 -2023.438646 -1970.359681 -1208.053959 -1209.257830 -1198.021924 -1190.627290 -1187.151931 -1186.612253 -1186.553746 -1186.559069 -1186.573614 -1186.589294 -1186.604371 -1186.618338 -1186.631338 -1186.646774 -1186.696233 -1187.022737 -1188.885846 -1193.003967 -1198.524312 -1189.207225 -1946.048963 -2017.420251 -2019.209715 -2018.472916 -2018.265268 -2018.226336 -2018.220286 -2018.219838 -2018.220249 -2018.220708 -2018.221085 -2018.221378 -2018.221605 -2018.221783 -2018.221925 -2018.222042 -2018.222142 -2018.222232 -2018.222322 -2018.222422 -2018.222547 -2018.222720 -2018.222972 -2018.223357 -2018.223962 -2018.224928 -2018.226504 -2018.229127 -2018.233599 -2018.241444 -2018.255624 -2018.282033 -2018.332650 -2018.432540 -2018.636775 -2019.075199 -2020.080860 -2022.599140 -2029.712747 -2053.354117 -9999.0 -9999.0
-9999.0 -9999.0 125.677135 28.345830 -70.300792 -169.293632 -268.415308 -367.584088 -466.756845 -565.903933 -664.971532 -763.892613 -862.679319 -961.265168 -1059.769840 -1158.258419 -1256.254463 -1353.488785 -1449.418368 -1543.080660 -1632.695863 -1715.341555 -1787.728358 -1847.691315 -1894.936539 -1930.699198 -1956.965209 -1975.828297 -1989.145188 -1998.419932 -2004.808507 -2009.169449 -2012.124683 -2014.116007 -2015.452776 -2016.351457 -2016.974064 -2017.497798 -2018.339116 -2020.653650 -2023.438646 -1970.359681 -1208.053959 -1209.257830 -1198.021924 -1190.627290 -1187.151931 -1186.612253 -1186.553746 -1186.559069 -1186.573614 -1186.589294 -1186.604371 -1186.618338 -1186.631338 -1186.646774 -1186.696233 -1187.022737 -1188.885846 -1193.003967 -1198.524312 -1189.207225 -1946.048963 -2017.420251 -2019.209715 -2018.472916 -2018.265268 -2018.226336 -2018.220286 -2018.219838 -2018.220249 -2018.220708 -2018.221085 -2018.221378 -2018.221605 -2018.221783 -2018.221925 -2018.222042 -2018.222142 -2018.222232 -2018.222322 -2018.222422 -2018.222547 -2018.222720 -2018.222972 -2018.223357 -2018.223962 -2018.224928 -2018.226504 -2018.229127 -2018.233599 -2018.241444 -2018.255624 -2018.282033 -2018.332650 -2018.432540 -2018.636775 -2019.075199 -2020.080860 -2022.599140 -2029.712747 -2053.354117 -9999.0 -9999.0
-9999.0 -9999.0 125.677135 28.345830 -70.300792 -169.293632 -268.415308 -367.584088 -466.756845 -565.903933 -664.971532 -763.892614 -862.679319 -961.265168 -1059.769840 -1158.258419 -1256.254463 -1353.488785 -1449.418368 -1543.080660 -1632.695863 -1715.341555 -1787.728358 -1847.691315 -1894.936539 -1930.699198 -1956.965209 -1975.828297 -1989.145188 -1998.419932 -2004.808507 -2009.169449 -2012.124683 -2014.116007 -2015.452776 -2016.351457 -2016.974064 -2017.497798 -2018.339116 -2020.653650 -2023.438646 -1970.359681 -1208.053959 -1209.257830 -1198.021924 -1190.627290 -1187.151931 -1186.612253 -1186.553746 -1186.559069 -1186.573614 -1186.589294 -1186.604371 -1186.618338 -1186.631338 -1186.646774 -1186.696233 -1187.022737 -1188.885846 -1193.003967 -1198.524312 -1189.207225 -1946.048963 -2017.420251 -2019.209715 -2018.472916 -2018.265268 -2018.226336 -2018.220286 -2018.219838 -2018.220249 -2018.220708 -2018.221085 -2018.221378 -2018.221605 -2018.221783 -2018.221925 -2018.222042 -2018.222142 -2018.222232 -2018.222322 -2018.222422 -2018.222547 -2018.222720 -2018.222972 -2018.223357 -2018.223962 -2018.224928 -2018.226504 -2018.229127 -2018.233599 -2018.241444 -2018.255624 -2018.282033 -2018.332650 -2018.432540 -2018.636775 -2019.075199 -2020.080860 -2022.599140 -2029.712747 -2053.354117 -9999.0 -9999.0
-9999.0 -9999.0 125.675899 28.345063 -70.301095 -169.293741 -268.415347 -367.584102 -466.756850 -565.903935 -664.971533 -763.892614 -862.679319 -961.265168 -1059.769840 -1158.258419 -1256.254463 -1353.488785 -1449.418368 -1543.080659 -1632.695863 -1715.341555 -1787.728357 -1847.691315 -1894.936539 -1930.699198 -1956.965209 -1975.828297 -1989.145188 -1998.419932 -2004.808507 -2009.169449 -2012.124683 -2014.116007 -2015.452776 -2016.351457 -2016.974064 -2017.497798 -2018.339116 -2020.653650 -2023.438646 -1970.359681 -1208.053959 -1209.257830 -1198.021924 -1190.627290 -1187.151931 -1186.612253 -1186.553746 -1186.559069 -1186.573614 -1186.589294 -1186.604371 -1186.618338 -1186.631338 -1186.646774 -1186.696233 -1187.022737 -1188.885846 -1193.003967 -1198.524312 -1189.207225 -1946.048963 -2017.420251 -2019.209715 -2018.472916 -2018.265268 -2018.226336 -2018.220286 -2018.219838 -2018.220249 -2018.220708 -2018.221085 -2018.221378 -2018.221605 -2018.221783 -2018.221925 -2018.222042 -2018.222142 -2018.222232 -2018.222322 -2018.222422 -2018.222547 -2018.222720 -2018.222972 -2018.223357 -2018.223962 -2018.224928 -2018.226504 -2018.229127 -2018.233599 -2018.241444 -2018.255624 -2018.282033 -2018.332650 -2018.432540 -2018.636775 -2019.075199 -2020.080860 -2022.599140 -2029.712747 -2053.354117 -9999.0 -9999.0
-9999.0 -9999.0 125.665993 28.343162 -70.301572 -169.293880 -268.415391 -367.584117 -466.756856 -565.903937 -664.971534 -763.892614 -862.679320 -961.265169 -1059.769840 -1158.258419 -1256.254462 -1353.488785 -1449.418368 -1543.080659 -1632.695863 -1715.341555 -1787.728357 -1847.691315 -1894.936539 -1930.699198 -1956.965209 -1975.828297 -1989.145188 -1998.419932 -2004.808507 -2009.169449 -2012.124683 -2014.116007 -2015.452776 -2016.351457 -2016.974064 -2017.497798 -2018.339116 -2020.653650 -2023.438646 -1970.359681 -1208.053959 -1209.257830 -1198.021925 -1190.627290 -1187.151931 -1186.612253 -1186.553746 -1186.559069 -1186.573614 -1186.589294 -1186.604371 -1186.618338 -1186.631338 -1186.646774 -1186.696233 -1187.022737 -1188.885846 -1193.003967 -1198.524312 -1189.207225 -1946.048963 -2017.420251 -2019.209715 -2018.472916 -2018.265268 -2018.226336 -2018.220286 -2018.219838 -2018.220249 -2018.220708 -2018.221085 -2018.221378 -2018.221605 -2018.221783 -2018.221925 -2018.222042 -2018.222142 -2018.222232 -2018.222322 -2018.222422 -2018.222547 -2018.222720 -2018.222972 -2018.223357 -2018.223962 -2018.224928 -2018.226504 -2018.229127 -2018.233599 -2018.241444 -2018.255624 -2018.282033 -2018.332650 -2018.432540 -2018.636775 -2019.075199 -2020.080860 -2022.599140 -2029.712747 -2053.354117 -9999.0 -9999.0
-9999.0 -9999.0 -9999.0 -9999.0 -9999.0 -9999.0 -9999.0 -9999.0 -9999.0 -9999.0 -9999.0 -9999.0 -9999.0 -9999.0 -9999.0 -9999.0 -9999.0 -9999.0 -9999.0 -9999.0 -9999.0 -9999.0 -9999.0 -9999.0 -9999.0 -9999.0 -9999.0 -9999.0 -9999.0 -9999.0 -9999.0 -9999.0 -9999.0 -9999.0 -9999.0 -9999.0 -9999.0 -9999.0 -9999.0 -9999.0 -9999.0 -9999.0 -9999.0 -9999.0 -9999.0 -9999.0 -9999.0 -9999.0 -9999.0 -9999.0 -9999.0 -9999.0 -9999.0 -9999.0 -9999.0 -9999.0 -9999.0 -9999.0 -9999.0 -9999.0 -9999.0 -9999.0 -9999.0 -9999.0 -9999.0 -9999.0 -9999.0 -9999.0 -9999.0 -9999.0 -9999.0 -9999.0 -9999.0 -9999.0 -9999.0 -9999.0 -9999.0 -9999.0 -9999.0 -9999.0 -9999.0 -9999.0 -9999.0 -9999.0 -9999.0 -9999.0 -9999.0 -9999.0 -9999.0 -9999.0 -9999.0 -9999.0 -9999.0 -9999.0 -9999.0 -9999.0 -9999.0 -9999.0 -9999.0 -9999.0 -9999.0 -9999.0 -9999.0 -9999.0
-9999.0 -9999.0 -9999.0 -9999.0 -9999.0 -9999.0 -9999.0 -9999.0 -9999.0 -9999.0 -9999.0 -9999.0 -9999.0 -9999.0 -9999.0 -9999.0 -9999.0 -9999.0 -9999.0 -9999.0 -9999.0 -9999.0 -9999.0 -9999.0 -9999.0 -9999.0 -9999.0 -9999.0 -9999.0 -9999.0 -9999.0 -9999.0 -9999.0 -9999.0 -9999.0 -9999.0 -9999.0 -9999.0 -9999.0 -9999.0 -9999.0 -9999.0 -9999.0 -9999.0 -9999.0 -9999.0 -9999.0 -9999.0 -9999.0 -9999.0 -9999.0 -9999.0 -9999.0 -9999.0 -9999.0 -9999.0 -9999.0 -9999.0 -9999.0 -9999.0 -9999.0 -9999.0 -9999.0 -9999.0 -9999.0 -9999.0 -9999.0 -9999.0 -9999.0 -9999.0 -9999.0 -9999.0 -9999.0 -9999.0 -9999.0 -9999.0 -9999.0 -9999.0 -9999.0 -9999.0 -9999.0 -9999.0 -9999.0 -9999.0 -9999.0 -9999.0 -9999.0 -9999.0 -9999.0 -9999.0 -9999.0 -9999.0 -9999.0 -9999.0 -9999.0 -9999.0 -9999.0 -9999.0 -9999.0 -9999.0 -9999.0 -9999.0 -9999.0 -9999.0