inst/processing_geotop_simulation/geotop_simulation/out/maps3D/PwL0020N0114.asc
ncols         104
nrows         10
xllcorner     -2.000000
yllcorner     0.000000
cellsize      1.000000
NODATA_value  -9999.0
-9999.0 -9999.0 -9999.0 -9999.0 -9999.0 -9999.0 -9999.0 -9999.0 -9999.0 -9999.0 -9999.0 -9999.0 -9999.0 -9999.0 -9999.0 -9999.0 -9999.0 -9999.0 -9999.0 -9999.0 -9999.0 -9999.0 -9999.0 -9999.0 -9999.0 -9999.0 -9999.0 -9999.0 -9999.0 -9999.0 -9999.0 -9999.0 -9999.0 -9999.0 -9999.0 -9999.0 -9999.0 -9999.0 -9999.0 -9999.0 -9999.0 -9999.0 -9999.0 -9999.0 -9999.0 -9999.0 -9999.0 -9999.0 -9999.0 -9999.0 -9999.0 -9999.0 -9999.0 -9999.0 -9999.0 -9999.0 -9999.0 -9999.0 -9999.0 -9999.0 -9999.0 -9999.0 -9999.0 -9999.0 -9999.0 -9999.0 -9999.0 -9999.0 -9999.0 -9999.0 -9999.0 -9999.0 -9999.0 -9999.0 -9999.0 -9999.0 -9999.0 -9999.0 -9999.0 -9999.0 -9999.0 -9999.0 -9999.0 -9999.0 -9999.0 -9999.0 -9999.0 -9999.0 -9999.0 -9999.0 -9999.0 -9999.0 -9999.0 -9999.0 -9999.0 -9999.0 -9999.0 -9999.0 -9999.0 -9999.0 -9999.0 -9999.0 -9999.0 -9999.0
-9999.0 -9999.0 -9999.0 -9999.0 -9999.0 -9999.0 -9999.0 -9999.0 -9999.0 -9999.0 -9999.0 -9999.0 -9999.0 -9999.0 -9999.0 -9999.0 -9999.0 -9999.0 -9999.0 -9999.0 -9999.0 -9999.0 -9999.0 -9999.0 -9999.0 -9999.0 -9999.0 -9999.0 -9999.0 -9999.0 -9999.0 -9999.0 -9999.0 -9999.0 -9999.0 -9999.0 -9999.0 -9999.0 -9999.0 -9999.0 -9999.0 -9999.0 -9999.0 -9999.0 -9999.0 -9999.0 -9999.0 -9999.0 -9999.0 -9999.0 -9999.0 -9999.0 -9999.0 -9999.0 -9999.0 -9999.0 -9999.0 -9999.0 -9999.0 -9999.0 -9999.0 -9999.0 -9999.0 -9999.0 -9999.0 -9999.0 -9999.0 -9999.0 -9999.0 -9999.0 -9999.0 -9999.0 -9999.0 -9999.0 -9999.0 -9999.0 -9999.0 -9999.0 -9999.0 -9999.0 -9999.0 -9999.0 -9999.0 -9999.0 -9999.0 -9999.0 -9999.0 -9999.0 -9999.0 -9999.0 -9999.0 -9999.0 -9999.0 -9999.0 -9999.0 -9999.0 -9999.0 -9999.0 -9999.0 -9999.0 -9999.0 -9999.0 -9999.0 -9999.0
-9999.0 -9999.0 990.795064 898.224803 805.167392 711.211258 616.750925 522.062518 427.301134 332.551874 237.861234 143.253256 48.736102 -45.637244 -139.852489 -233.953709 -328.059546 -422.350019 -516.955893 -611.746467 -705.293701 -796.502571 -885.082375 -969.037326 -1023.674624 -1061.059876 -1084.542495 -1098.304534 -1105.920805 -1109.921294 -1111.915614 -1112.853222 -1113.263938 -1113.428890 -1113.489066 -1113.513049 -1113.540446 -1113.620314 -1113.939334 -1115.865115 -1128.580024 -1224.078665 -2007.311415 -3975.134723 -3985.148113 -3985.148437 -3985.143582 -3985.070804 -3984.638231 -3982.985232 -3977.880403 -3961.681125 -3934.301413 -3900.236378 -3848.373998 -3762.901656 -3622.569911 -3412.262110 -3141.782467 -2845.690735 -2543.543295 -1586.725581 -1188.015237 -1123.525469 -1115.001613 -1113.948867 -1113.808425 -1113.787046 -1113.784679 -1113.785688 -1113.787081 -1113.788271 -1113.789194 -1113.789896 -1113.790434 -1113.790853 -1113.791185 -1113.791453 -1113.791677 -1113.791875 -1113.792067 -1113.792280 -1113.792546 -1113.792913 -1113.793455 -1113.794286 -1113.795590 -1113.797674 -1113.801052 -1113.806619 -1113.815989 -1113.832163 -1113.860912 -1113.913586 -1114.012894 -1114.204966 -1114.586502 -1115.374566 -1117.109094 -1121.251021 -1131.827311 -1160.259735 -9999.0 -9999.0
-9999.0 -9999.0 990.798457 898.226123 805.167831 711.211402 616.750974 522.062535 427.301140 332.551876 237.861235 143.253256 48.736102 -45.637244 -139.852489 -233.953709 -328.059546 -422.350020 -516.955893 -611.746467 -705.293701 -796.502571 -885.082375 -969.037326 -1023.674624 -1061.059876 -1084.542495 -1098.304534 -1105.920805 -1109.921294 -1111.915614 -1112.853222 -1113.263938 -1113.428890 -1113.489066 -1113.513049 -1113.540446 -1113.620314 -1113.939334 -1115.865115 -1128.580024 -1224.078665 -2007.311415 -3975.134723 -3985.148113 -3985.148437 -3985.143582 -3985.070804 -3984.638231 -3982.985232 -3977.880403 -3961.681125 -3934.301413 -3900.236378 -3848.373997 -3762.901656 -3622.569910 -3412.262110 -3141.782466 -2845.690735 -2543.543295 -1586.725582 -1188.015237 -1123.525469 -1115.001613 -1113.948867 -1113.808425 -1113.787046 -1113.784679 -1113.785688 -1113.787081 -1113.788271 -1113.789194 -1113.789896 -1113.790434 -1113.790853 -1113.791185 -1113.791453 -1113.791677 -1113.791875 -1113.792067 -1113.792280 -1113.792546 -1113.792913 -1113.793455 -1113.794286 -1113.795590 -1113.797674 -1113.801052 -1113.806619 -1113.815989 -1113.832163 -1113.860912 -1113.913586 -1114.012894 -1114.204966 -1114.586502 -1115.374566 -1117.109094 -1121.251021 -1131.827311 -1160.259735 -9999.0 -9999.0
-9999.0 -9999.0 990.799780 898.226838 805.168135 711.211519 616.751017 522.062551 427.301145 332.551878 237.861236 143.253256 48.736102 -45.637244 -139.852489 -233.953709 -328.059546 -422.350020 -516.955893 -611.746467 -705.293701 -796.502571 -885.082375 -969.037326 -1023.674624 -1061.059876 -1084.542495 -1098.304534 -1105.920805 -1109.921294 -1111.915614 -1112.853222 -1113.263938 -1113.428890 -1113.489066 -1113.513049 -1113.540446 -1113.620314 -1113.939334 -1115.865115 -1128.580024 -1224.078665 -2007.311415 -3975.134723 -3985.148113 -3985.148437 -3985.143582 -3985.070804 -3984.638231 -3982.985232 -3977.880403 -3961.681125 -3934.301413 -3900.236378 -3848.373997 -3762.901655 -3622.569910 -3412.262109 -3141.782466 -2845.690734 -2543.543294 -1586.725581 -1188.015237 -1123.525469 -1115.001613 -1113.948867 -1113.808425 -1113.787046 -1113.784679 -1113.785688 -1113.787081 -1113.788271 -1113.789194 -1113.789896 -1113.790434 -1113.790853 -1113.791185 -1113.791453 -1113.791677 -1113.791875 -1113.792067 -1113.792280 -1113.792546 -1113.792913 -1113.793455 -1113.794286 -1113.795590 -1113.797674 -1113.801052 -1113.806619 -1113.815989 -1113.832163 -1113.860912 -1113.913586 -1114.012894 -1114.204966 -1114.586502 -1115.374566 -1117.109094 -1121.251021 -1131.827311 -1160.259735 -9999.0 -9999.0
-9999.0 -9999.0 990.799780 898.226838 805.168135 711.211519 616.751017 522.062551 427.301146 332.551878 237.861236 143.253256 48.736103 -45.637244 -139.852489 -233.953709 -328.059546 -422.350020 -516.955893 -611.746467 -705.293701 -796.502571 -885.082375 -969.037326 -1023.674624 -1061.059876 -1084.542495 -1098.304534 -1105.920805 -1109.921294 -1111.915614 -1112.853222 -1113.263938 -1113.428890 -1113.489066 -1113.513049 -1113.540446 -1113.620314 -1113.939334 -1115.865115 -1128.580024 -1224.078665 -2007.311415 -3975.134723 -3985.148113 -3985.148437 -3985.143582 -3985.070804 -3984.638231 -3982.985232 -3977.880403 -3961.681125 -3934.301413 -3900.236378 -3848.373997 -3762.901655 -3622.569910 -3412.262110 -3141.782466 -2845.690734 -2543.543294 -1586.725581 -1188.015237 -1123.525469 -1115.001613 -1113.948867 -1113.808425 -1113.787046 -1113.784679 -1113.785688 -1113.787081 -1113.788271 -1113.789194 -1113.789896 -1113.790434 -1113.790853 -1113.791185 -1113.791453 -1113.791677 -1113.791875 -1113.792067 -1113.792280 -1113.792546 -1113.792913 -1113.793455 -1113.794286 -1113.795590 -1113.797674 -1113.801052 -1113.806619 -1113.815989 -1113.832163 -1113.860912 -1113.913586 -1114.012894 -1114.204966 -1114.586502 -1115.374566 -1117.109094 -1121.251021 -1131.827311 -1160.259735 -9999.0 -9999.0
-9999.0 -9999.0 990.798457 898.226123 805.167831 711.211402 616.750974 522.062535 427.301140 332.551876 237.861235 143.253256 48.736102 -45.637244 -139.852489 -233.953709 -328.059546 -422.350019 -516.955893 -611.746467 -705.293701 -796.502571 -885.082375 -969.037326 -1023.674624 -1061.059876 -1084.542495 -1098.304534 -1105.920805 -1109.921294 -1111.915614 -1112.853222 -1113.263938 -1113.428890 -1113.489066 -1113.513049 -1113.540446 -1113.620314 -1113.939334 -1115.865115 -1128.580024 -1224.078665 -2007.311415 -3975.134723 -3985.148113 -3985.148437 -3985.143582 -3985.070804 -3984.638231 -3982.985232 -3977.880403 -3961.681125 -3934.301413 -3900.236378 -3848.373998 -3762.901655 -3622.569910 -3412.262110 -3141.782466 -2845.690734 -2543.543295 -1586.725581 -1188.015237 -1123.525469 -1115.001613 -1113.948867 -1113.808425 -1113.787046 -1113.784679 -1113.785688 -1113.787081 -1113.788271 -1113.789194 -1113.789896 -1113.790434 -1113.790853 -1113.791185 -1113.791453 -1113.791677 -1113.791875 -1113.792067 -1113.792280 -1113.792546 -1113.792913 -1113.793455 -1113.794286 -1113.795590 -1113.797674 -1113.801052 -1113.806619 -1113.815989 -1113.832163 -1113.860912 -1113.913586 -1114.012894 -1114.204966 -1114.586502 -1115.374566 -1117.109094 -1121.251021 -1131.827311 -1160.259735 -9999.0 -9999.0
-9999.0 -9999.0 990.795064 898.224803 805.167392 711.211257 616.750925 522.062518 427.301134 332.551874 237.861235 143.253256 48.736102 -45.637244 -139.852489 -233.953709 -328.059546 -422.350019 -516.955893 -611.746467 -705.293701 -796.502571 -885.082375 -969.037326 -1023.674624 -1061.059876 -1084.542495 -1098.304534 -1105.920805 -1109.921294 -1111.915614 -1112.853222 -1113.263938 -1113.428890 -1113.489066 -1113.513049 -1113.540446 -1113.620314 -1113.939334 -1115.865115 -1128.580024 -1224.078665 -2007.311415 -3975.134723 -3985.148113 -3985.148437 -3985.143582 -3985.070804 -3984.638231 -3982.985232 -3977.880403 -3961.681125 -3934.301413 -3900.236378 -3848.373998 -3762.901656 -3622.569911 -3412.262111 -3141.782467 -2845.690735 -2543.543296 -1586.725581 -1188.015237 -1123.525469 -1115.001613 -1113.948867 -1113.808425 -1113.787046 -1113.784679 -1113.785688 -1113.787081 -1113.788271 -1113.789194 -1113.789896 -1113.790434 -1113.790853 -1113.791185 -1113.791453 -1113.791677 -1113.791875 -1113.792067 -1113.792280 -1113.792546 -1113.792913 -1113.793455 -1113.794286 -1113.795590 -1113.797674 -1113.801052 -1113.806619 -1113.815989 -1113.832163 -1113.860912 -1113.913586 -1114.012894 -1114.204966 -1114.586502 -1115.374566 -1117.109094 -1121.251021 -1131.827311 -1160.259735 -9999.0 -9999.0
-9999.0 -9999.0 -9999.0 -9999.0 -9999.0 -9999.0 -9999.0 -9999.0 -9999.0 -9999.0 -9999.0 -9999.0 -9999.0 -9999.0 -9999.0 -9999.0 -9999.0 -9999.0 -9999.0 -9999.0 -9999.0 -9999.0 -9999.0 -9999.0 -9999.0 -9999.0 -9999.0 -9999.0 -9999.0 -9999.0 -9999.0 -9999.0 -9999.0 -9999.0 -9999.0 -9999.0 -9999.0 -9999.0 -9999.0 -9999.0 -9999.0 -9999.0 -9999.0 -9999.0 -9999.0 -9999.0 -9999.0 -9999.0 -9999.0 -9999.0 -9999.0 -9999.0 -9999.0 -9999.0 -9999.0 -9999.0 -9999.0 -9999.0 -9999.0 -9999.0 -9999.0 -9999.0 -9999.0 -9999.0 -9999.0 -9999.0 -9999.0 -9999.0 -9999.0 -9999.0 -9999.0 -9999.0 -9999.0 -9999.0 -9999.0 -9999.0 -9999.0 -9999.0 -9999.0 -9999.0 -9999.0 -9999.0 -9999.0 -9999.0 -9999.0 -9999.0 -9999.0 -9999.0 -9999.0 -9999.0 -9999.0 -9999.0 -9999.0 -9999.0 -9999.0 -9999.0 -9999.0 -9999.0 -9999.0 -9999.0 -9999.0 -9999.0 -9999.0 -9999.0
-9999.0 -9999.0 -9999.0 -9999.0 -9999.0 -9999.0 -9999.0 -9999.0 -9999.0 -9999.0 -9999.0 -9999.0 -9999.0 -9999.0 -9999.0 -9999.0 -9999.0 -9999.0 -9999.0 -9999.0 -9999.0 -9999.0 -9999.0 -9999.0 -9999.0 -9999.0 -9999.0 -9999.0 -9999.0 -9999.0 -9999.0 -9999.0 -9999.0 -9999.0 -9999.0 -9999.0 -9999.0 -9999.0 -9999.0 -9999.0 -9999.0 -9999.0 -9999.0 -9999.0 -9999.0 -9999.0 -9999.0 -9999.0 -9999.0 -9999.0 -9999.0 -9999.0 -9999.0 -9999.0 -9999.0 -9999.0 -9999.0 -9999.0 -9999.0 -9999.0 -9999.0 -9999.0 -9999.0 -9999.0 -9999.0 -9999.0 -9999.0 -9999.0 -9999.0 -9999.0 -9999.0 -9999.0 -9999.0 -9999.0 -9999.0 -9999.0 -9999.0 -9999.0 -9999.0 -9999.0 -9999.0 -9999.0 -9999.0 -9999.0 -9999.0 -9999.0 -9999.0 -9999.0 -9999.0 -9999.0 -9999.0 -9999.0 -9999.0 -9999.0 -9999.0 -9999.0 -9999.0 -9999.0 -9999.0 -9999.0 -9999.0 -9999.0 -9999.0 -9999.0