inst/processing_geotop_simulation/geotop_simulation/out/maps3D/PwL0017N0265.asc
ncols         104
nrows         10
xllcorner     -2.000000
yllcorner     0.000000
cellsize      1.000000
NODATA_value  -9999.0
-9999.0 -9999.0 -9999.0 -9999.0 -9999.0 -9999.0 -9999.0 -9999.0 -9999.0 -9999.0 -9999.0 -9999.0 -9999.0 -9999.0 -9999.0 -9999.0 -9999.0 -9999.0 -9999.0 -9999.0 -9999.0 -9999.0 -9999.0 -9999.0 -9999.0 -9999.0 -9999.0 -9999.0 -9999.0 -9999.0 -9999.0 -9999.0 -9999.0 -9999.0 -9999.0 -9999.0 -9999.0 -9999.0 -9999.0 -9999.0 -9999.0 -9999.0 -9999.0 -9999.0 -9999.0 -9999.0 -9999.0 -9999.0 -9999.0 -9999.0 -9999.0 -9999.0 -9999.0 -9999.0 -9999.0 -9999.0 -9999.0 -9999.0 -9999.0 -9999.0 -9999.0 -9999.0 -9999.0 -9999.0 -9999.0 -9999.0 -9999.0 -9999.0 -9999.0 -9999.0 -9999.0 -9999.0 -9999.0 -9999.0 -9999.0 -9999.0 -9999.0 -9999.0 -9999.0 -9999.0 -9999.0 -9999.0 -9999.0 -9999.0 -9999.0 -9999.0 -9999.0 -9999.0 -9999.0 -9999.0 -9999.0 -9999.0 -9999.0 -9999.0 -9999.0 -9999.0 -9999.0 -9999.0 -9999.0 -9999.0 -9999.0 -9999.0 -9999.0 -9999.0
-9999.0 -9999.0 -9999.0 -9999.0 -9999.0 -9999.0 -9999.0 -9999.0 -9999.0 -9999.0 -9999.0 -9999.0 -9999.0 -9999.0 -9999.0 -9999.0 -9999.0 -9999.0 -9999.0 -9999.0 -9999.0 -9999.0 -9999.0 -9999.0 -9999.0 -9999.0 -9999.0 -9999.0 -9999.0 -9999.0 -9999.0 -9999.0 -9999.0 -9999.0 -9999.0 -9999.0 -9999.0 -9999.0 -9999.0 -9999.0 -9999.0 -9999.0 -9999.0 -9999.0 -9999.0 -9999.0 -9999.0 -9999.0 -9999.0 -9999.0 -9999.0 -9999.0 -9999.0 -9999.0 -9999.0 -9999.0 -9999.0 -9999.0 -9999.0 -9999.0 -9999.0 -9999.0 -9999.0 -9999.0 -9999.0 -9999.0 -9999.0 -9999.0 -9999.0 -9999.0 -9999.0 -9999.0 -9999.0 -9999.0 -9999.0 -9999.0 -9999.0 -9999.0 -9999.0 -9999.0 -9999.0 -9999.0 -9999.0 -9999.0 -9999.0 -9999.0 -9999.0 -9999.0 -9999.0 -9999.0 -9999.0 -9999.0 -9999.0 -9999.0 -9999.0 -9999.0 -9999.0 -9999.0 -9999.0 -9999.0 -9999.0 -9999.0 -9999.0 -9999.0
-9999.0 -9999.0 823.339124 725.690786 627.707334 529.402676 430.935346 332.396594 233.834379 135.274314 36.731018 -61.780964 -160.257047 -258.670951 -356.961813 -455.020219 -552.644911 -649.506813 -745.948299 -842.447700 -938.264296 -1033.132143 -1123.177546 -1203.237722 -1273.419555 -1332.385943 -1379.920318 -1416.809962 -1444.501694 -1464.713436 -1479.130548 -1489.227580 -1496.198876 -1500.960321 -1504.187298 -1506.366165 -1507.851845 -1508.959294 -1510.254974 -1513.668090 -1526.067149 -1575.245654 -1992.421868 -4089.199191 -4133.659240 -4133.663364 -4133.663358 -4133.663294 -4133.662978 -4133.661920 -4133.658972 -4133.650350 -4133.635947 -4133.617153 -4133.585703 -4133.524192 -4133.388086 -4133.056645 -4132.188904 -4129.753283 -4039.773931 -1804.815960 -1535.822333 -1518.064036 -1512.522521 -1511.204089 -1510.959805 -1510.919995 -1510.914265 -1510.914015 -1510.914572 -1510.915146 -1510.915613 -1510.915978 -1510.916263 -1510.916490 -1510.916673 -1510.916825 -1510.916956 -1510.917075 -1510.917194 -1510.917324 -1510.917484 -1510.917699 -1510.918009 -1510.918475 -1510.919199 -1510.920350 -1510.922215 -1510.925308 -1510.930565 -1510.939758 -1510.956333 -1510.987154 -1511.046190 -1511.162797 -1511.401920 -1511.917679 -1513.103080 -1516.031322 -1523.945104 -1548.546239 -9999.0 -9999.0
-9999.0 -9999.0 823.342860 725.692115 627.707752 529.402810 430.935390 332.396609 233.834384 135.274316 36.731019 -61.780964 -160.257047 -258.670951 -356.961813 -455.020219 -552.644911 -649.506813 -745.948299 -842.447700 -938.264297 -1033.132143 -1123.177546 -1203.237722 -1273.419555 -1332.385943 -1379.920318 -1416.809962 -1444.501694 -1464.713436 -1479.130548 -1489.227580 -1496.198876 -1500.960321 -1504.187298 -1506.366165 -1507.851845 -1508.959294 -1510.254974 -1513.668090 -1526.067149 -1575.245654 -1992.421868 -4089.199191 -4133.659240 -4133.663364 -4133.663358 -4133.663294 -4133.662978 -4133.661920 -4133.658972 -4133.650350 -4133.635947 -4133.617153 -4133.585703 -4133.524192 -4133.388086 -4133.056645 -4132.188904 -4129.753283 -4039.773931 -1804.815960 -1535.822333 -1518.064036 -1512.522521 -1511.204089 -1510.959805 -1510.919995 -1510.914265 -1510.914015 -1510.914572 -1510.915146 -1510.915613 -1510.915978 -1510.916263 -1510.916490 -1510.916673 -1510.916825 -1510.916956 -1510.917075 -1510.917194 -1510.917324 -1510.917484 -1510.917699 -1510.918009 -1510.918475 -1510.919199 -1510.920350 -1510.922215 -1510.925308 -1510.930565 -1510.939758 -1510.956333 -1510.987154 -1511.046190 -1511.162797 -1511.401920 -1511.917679 -1513.103080 -1516.031322 -1523.945104 -1548.546239 -9999.0 -9999.0
-9999.0 -9999.0 823.344150 725.692798 627.708036 529.402918 430.935430 332.396623 233.834389 135.274318 36.731020 -61.780963 -160.257047 -258.670951 -356.961813 -455.020219 -552.644911 -649.506813 -745.948299 -842.447700 -938.264297 -1033.132143 -1123.177546 -1203.237723 -1273.419556 -1332.385943 -1379.920318 -1416.809962 -1444.501694 -1464.713436 -1479.130548 -1489.227580 -1496.198876 -1500.960321 -1504.187298 -1506.366165 -1507.851845 -1508.959294 -1510.254974 -1513.668090 -1526.067149 -1575.245654 -1992.421868 -4089.199191 -4133.659240 -4133.663364 -4133.663358 -4133.663294 -4133.662978 -4133.661920 -4133.658972 -4133.650350 -4133.635947 -4133.617153 -4133.585703 -4133.524192 -4133.388086 -4133.056645 -4132.188904 -4129.753283 -4039.773931 -1804.815960 -1535.822333 -1518.064036 -1512.522521 -1511.204089 -1510.959805 -1510.919995 -1510.914265 -1510.914015 -1510.914572 -1510.915146 -1510.915613 -1510.915978 -1510.916263 -1510.916490 -1510.916673 -1510.916825 -1510.916956 -1510.917075 -1510.917194 -1510.917324 -1510.917484 -1510.917699 -1510.918009 -1510.918475 -1510.919199 -1510.920350 -1510.922215 -1510.925308 -1510.930565 -1510.939758 -1510.956333 -1510.987154 -1511.046190 -1511.162797 -1511.401920 -1511.917679 -1513.103080 -1516.031322 -1523.945104 -1548.546239 -9999.0 -9999.0
-9999.0 -9999.0 823.344150 725.692798 627.708036 529.402918 430.935430 332.396623 233.834389 135.274318 36.731020 -61.780963 -160.257047 -258.670951 -356.961813 -455.020219 -552.644911 -649.506813 -745.948299 -842.447700 -938.264297 -1033.132143 -1123.177546 -1203.237723 -1273.419556 -1332.385943 -1379.920318 -1416.809962 -1444.501694 -1464.713436 -1479.130548 -1489.227580 -1496.198876 -1500.960321 -1504.187298 -1506.366165 -1507.851845 -1508.959294 -1510.254974 -1513.668090 -1526.067149 -1575.245654 -1992.421868 -4089.199191 -4133.659240 -4133.663364 -4133.663358 -4133.663294 -4133.662978 -4133.661920 -4133.658972 -4133.650350 -4133.635947 -4133.617153 -4133.585703 -4133.524192 -4133.388086 -4133.056645 -4132.188904 -4129.753283 -4039.773931 -1804.815960 -1535.822333 -1518.064036 -1512.522521 -1511.204089 -1510.959805 -1510.919995 -1510.914265 -1510.914015 -1510.914572 -1510.915146 -1510.915613 -1510.915978 -1510.916263 -1510.916490 -1510.916673 -1510.916825 -1510.916956 -1510.917075 -1510.917194 -1510.917324 -1510.917484 -1510.917699 -1510.918009 -1510.918475 -1510.919199 -1510.920350 -1510.922215 -1510.925308 -1510.930565 -1510.939758 -1510.956333 -1510.987154 -1511.046190 -1511.162797 -1511.401920 -1511.917679 -1513.103080 -1516.031322 -1523.945104 -1548.546239 -9999.0 -9999.0
-9999.0 -9999.0 823.342860 725.692115 627.707752 529.402810 430.935390 332.396609 233.834384 135.274316 36.731019 -61.780964 -160.257047 -258.670951 -356.961813 -455.020219 -552.644911 -649.506813 -745.948299 -842.447700 -938.264297 -1033.132143 -1123.177546 -1203.237722 -1273.419555 -1332.385943 -1379.920318 -1416.809962 -1444.501694 -1464.713436 -1479.130548 -1489.227580 -1496.198876 -1500.960321 -1504.187298 -1506.366165 -1507.851845 -1508.959294 -1510.254974 -1513.668090 -1526.067149 -1575.245654 -1992.421868 -4089.199191 -4133.659240 -4133.663364 -4133.663358 -4133.663294 -4133.662978 -4133.661920 -4133.658972 -4133.650350 -4133.635947 -4133.617153 -4133.585703 -4133.524192 -4133.388086 -4133.056645 -4132.188904 -4129.753283 -4039.773931 -1804.815960 -1535.822333 -1518.064036 -1512.522521 -1511.204089 -1510.959805 -1510.919995 -1510.914265 -1510.914015 -1510.914572 -1510.915146 -1510.915613 -1510.915978 -1510.916263 -1510.916490 -1510.916673 -1510.916825 -1510.916956 -1510.917075 -1510.917194 -1510.917324 -1510.917484 -1510.917699 -1510.918009 -1510.918475 -1510.919199 -1510.920350 -1510.922215 -1510.925308 -1510.930565 -1510.939758 -1510.956333 -1510.987154 -1511.046190 -1511.162797 -1511.401920 -1511.917679 -1513.103080 -1516.031322 -1523.945104 -1548.546239 -9999.0 -9999.0
-9999.0 -9999.0 823.339124 725.690786 627.707334 529.402676 430.935346 332.396594 233.834379 135.274314 36.731018 -61.780964 -160.257047 -258.670951 -356.961813 -455.020219 -552.644911 -649.506813 -745.948299 -842.447700 -938.264296 -1033.132143 -1123.177546 -1203.237722 -1273.419555 -1332.385943 -1379.920318 -1416.809962 -1444.501694 -1464.713436 -1479.130548 -1489.227580 -1496.198876 -1500.960321 -1504.187298 -1506.366165 -1507.851845 -1508.959294 -1510.254974 -1513.668090 -1526.067149 -1575.245654 -1992.421868 -4089.199191 -4133.659240 -4133.663364 -4133.663358 -4133.663294 -4133.662978 -4133.661920 -4133.658972 -4133.650350 -4133.635947 -4133.617153 -4133.585703 -4133.524192 -4133.388086 -4133.056645 -4132.188904 -4129.753283 -4039.773931 -1804.815960 -1535.822333 -1518.064036 -1512.522521 -1511.204089 -1510.959805 -1510.919995 -1510.914265 -1510.914015 -1510.914572 -1510.915146 -1510.915613 -1510.915978 -1510.916263 -1510.916490 -1510.916673 -1510.916825 -1510.916956 -1510.917075 -1510.917194 -1510.917324 -1510.917484 -1510.917699 -1510.918009 -1510.918475 -1510.919199 -1510.920350 -1510.922215 -1510.925308 -1510.930565 -1510.939758 -1510.956333 -1510.987154 -1511.046190 -1511.162797 -1511.401920 -1511.917679 -1513.103080 -1516.031322 -1523.945104 -1548.546239 -9999.0 -9999.0
-9999.0 -9999.0 -9999.0 -9999.0 -9999.0 -9999.0 -9999.0 -9999.0 -9999.0 -9999.0 -9999.0 -9999.0 -9999.0 -9999.0 -9999.0 -9999.0 -9999.0 -9999.0 -9999.0 -9999.0 -9999.0 -9999.0 -9999.0 -9999.0 -9999.0 -9999.0 -9999.0 -9999.0 -9999.0 -9999.0 -9999.0 -9999.0 -9999.0 -9999.0 -9999.0 -9999.0 -9999.0 -9999.0 -9999.0 -9999.0 -9999.0 -9999.0 -9999.0 -9999.0 -9999.0 -9999.0 -9999.0 -9999.0 -9999.0 -9999.0 -9999.0 -9999.0 -9999.0 -9999.0 -9999.0 -9999.0 -9999.0 -9999.0 -9999.0 -9999.0 -9999.0 -9999.0 -9999.0 -9999.0 -9999.0 -9999.0 -9999.0 -9999.0 -9999.0 -9999.0 -9999.0 -9999.0 -9999.0 -9999.0 -9999.0 -9999.0 -9999.0 -9999.0 -9999.0 -9999.0 -9999.0 -9999.0 -9999.0 -9999.0 -9999.0 -9999.0 -9999.0 -9999.0 -9999.0 -9999.0 -9999.0 -9999.0 -9999.0 -9999.0 -9999.0 -9999.0 -9999.0 -9999.0 -9999.0 -9999.0 -9999.0 -9999.0 -9999.0 -9999.0
-9999.0 -9999.0 -9999.0 -9999.0 -9999.0 -9999.0 -9999.0 -9999.0 -9999.0 -9999.0 -9999.0 -9999.0 -9999.0 -9999.0 -9999.0 -9999.0 -9999.0 -9999.0 -9999.0 -9999.0 -9999.0 -9999.0 -9999.0 -9999.0 -9999.0 -9999.0 -9999.0 -9999.0 -9999.0 -9999.0 -9999.0 -9999.0 -9999.0 -9999.0 -9999.0 -9999.0 -9999.0 -9999.0 -9999.0 -9999.0 -9999.0 -9999.0 -9999.0 -9999.0 -9999.0 -9999.0 -9999.0 -9999.0 -9999.0 -9999.0 -9999.0 -9999.0 -9999.0 -9999.0 -9999.0 -9999.0 -9999.0 -9999.0 -9999.0 -9999.0 -9999.0 -9999.0 -9999.0 -9999.0 -9999.0 -9999.0 -9999.0 -9999.0 -9999.0 -9999.0 -9999.0 -9999.0 -9999.0 -9999.0 -9999.0 -9999.0 -9999.0 -9999.0 -9999.0 -9999.0 -9999.0 -9999.0 -9999.0 -9999.0 -9999.0 -9999.0 -9999.0 -9999.0 -9999.0 -9999.0 -9999.0 -9999.0 -9999.0 -9999.0 -9999.0 -9999.0 -9999.0 -9999.0 -9999.0 -9999.0 -9999.0 -9999.0 -9999.0 -9999.0