inst/processing_geotop_simulation/geotop_simulation/out/maps3D/PwL0012N0186.asc
ncols         104
nrows         10
xllcorner     -2.000000
yllcorner     0.000000
cellsize      1.000000
NODATA_value  -9999.0
-9999.0 -9999.0 -9999.0 -9999.0 -9999.0 -9999.0 -9999.0 -9999.0 -9999.0 -9999.0 -9999.0 -9999.0 -9999.0 -9999.0 -9999.0 -9999.0 -9999.0 -9999.0 -9999.0 -9999.0 -9999.0 -9999.0 -9999.0 -9999.0 -9999.0 -9999.0 -9999.0 -9999.0 -9999.0 -9999.0 -9999.0 -9999.0 -9999.0 -9999.0 -9999.0 -9999.0 -9999.0 -9999.0 -9999.0 -9999.0 -9999.0 -9999.0 -9999.0 -9999.0 -9999.0 -9999.0 -9999.0 -9999.0 -9999.0 -9999.0 -9999.0 -9999.0 -9999.0 -9999.0 -9999.0 -9999.0 -9999.0 -9999.0 -9999.0 -9999.0 -9999.0 -9999.0 -9999.0 -9999.0 -9999.0 -9999.0 -9999.0 -9999.0 -9999.0 -9999.0 -9999.0 -9999.0 -9999.0 -9999.0 -9999.0 -9999.0 -9999.0 -9999.0 -9999.0 -9999.0 -9999.0 -9999.0 -9999.0 -9999.0 -9999.0 -9999.0 -9999.0 -9999.0 -9999.0 -9999.0 -9999.0 -9999.0 -9999.0 -9999.0 -9999.0 -9999.0 -9999.0 -9999.0 -9999.0 -9999.0 -9999.0 -9999.0 -9999.0 -9999.0
-9999.0 -9999.0 -9999.0 -9999.0 -9999.0 -9999.0 -9999.0 -9999.0 -9999.0 -9999.0 -9999.0 -9999.0 -9999.0 -9999.0 -9999.0 -9999.0 -9999.0 -9999.0 -9999.0 -9999.0 -9999.0 -9999.0 -9999.0 -9999.0 -9999.0 -9999.0 -9999.0 -9999.0 -9999.0 -9999.0 -9999.0 -9999.0 -9999.0 -9999.0 -9999.0 -9999.0 -9999.0 -9999.0 -9999.0 -9999.0 -9999.0 -9999.0 -9999.0 -9999.0 -9999.0 -9999.0 -9999.0 -9999.0 -9999.0 -9999.0 -9999.0 -9999.0 -9999.0 -9999.0 -9999.0 -9999.0 -9999.0 -9999.0 -9999.0 -9999.0 -9999.0 -9999.0 -9999.0 -9999.0 -9999.0 -9999.0 -9999.0 -9999.0 -9999.0 -9999.0 -9999.0 -9999.0 -9999.0 -9999.0 -9999.0 -9999.0 -9999.0 -9999.0 -9999.0 -9999.0 -9999.0 -9999.0 -9999.0 -9999.0 -9999.0 -9999.0 -9999.0 -9999.0 -9999.0 -9999.0 -9999.0 -9999.0 -9999.0 -9999.0 -9999.0 -9999.0 -9999.0 -9999.0 -9999.0 -9999.0 -9999.0 -9999.0 -9999.0 -9999.0
-9999.0 -9999.0 580.192502 486.007595 390.281182 293.693828 196.722073 99.586256 2.397878 -94.776712 -191.907920 -288.922797 -385.685139 -481.912010 -577.208818 -671.133875 -765.786654 -860.016443 -953.771663 -1046.696874 -1131.330793 -1206.409470 -1269.183591 -1318.836255 -1356.291385 -1383.504352 -1402.720823 -1415.996796 -1425.006620 -1431.028155 -1434.999812 -1437.590852 -1439.266786 -1440.344225 -1441.034530 -1441.478676 -1441.777628 -1442.036543 -1442.549592 -1444.820689 -1455.912356 -1506.846637 -1881.187681 -4074.760561 -3753.217803 -3464.318311 -3320.948011 -3302.809088 -3300.996346 -3301.185050 -3301.655337 -3302.158653 -3302.641601 -3303.088371 -3303.501194 -3303.966283 -3305.346132 -3315.283634 -3388.551404 -3551.520468 -3750.615679 -1675.766270 -1475.395395 -1449.825906 -1443.674201 -1442.579990 -1442.412286 -1442.387122 -1442.383922 -1442.384332 -1442.385225 -1442.386024 -1442.386651 -1442.387130 -1442.387497 -1442.387782 -1442.388007 -1442.388190 -1442.388343 -1442.388478 -1442.388611 -1442.388759 -1442.388944 -1442.389201 -1442.389581 -1442.390164 -1442.391081 -1442.392549 -1442.394935 -1442.398881 -1442.405551 -1442.417126 -1442.437810 -1442.475891 -1442.547976 -1442.687917 -1442.966979 -1443.544596 -1444.807801 -1447.774944 -1455.414029 -1478.515900 -9999.0 -9999.0
-9999.0 -9999.0 580.198301 486.009344 390.281687 293.693983 196.722123 99.586273 2.397884 -94.776710 -191.907920 -288.922796 -385.685139 -481.912010 -577.208818 -671.133875 -765.786655 -860.016443 -953.771663 -1046.696874 -1131.330793 -1206.409470 -1269.183591 -1318.836255 -1356.291385 -1383.504353 -1402.720823 -1415.996796 -1425.006620 -1431.028155 -1434.999812 -1437.590852 -1439.266786 -1440.344225 -1441.034530 -1441.478676 -1441.777628 -1442.036543 -1442.549592 -1444.820689 -1455.912356 -1506.846637 -1881.187681 -4074.760559 -3753.217799 -3464.318302 -3320.948011 -3302.809088 -3300.996346 -3301.185050 -3301.655337 -3302.158653 -3302.641601 -3303.088371 -3303.501194 -3303.966283 -3305.346132 -3315.283634 -3388.551404 -3551.520468 -3750.615679 -1675.766270 -1475.395395 -1449.825906 -1443.674201 -1442.579990 -1442.412286 -1442.387122 -1442.383922 -1442.384332 -1442.385225 -1442.386024 -1442.386651 -1442.387130 -1442.387497 -1442.387782 -1442.388007 -1442.388190 -1442.388343 -1442.388478 -1442.388611 -1442.388759 -1442.388944 -1442.389201 -1442.389581 -1442.390164 -1442.391081 -1442.392549 -1442.394935 -1442.398881 -1442.405551 -1442.417126 -1442.437810 -1442.475891 -1442.547976 -1442.687917 -1442.966979 -1443.544596 -1444.807801 -1447.774944 -1455.414029 -1478.515900 -9999.0 -9999.0
-9999.0 -9999.0 580.199858 486.010158 390.282017 293.694105 196.722167 99.586289 2.397890 -94.776708 -191.907919 -288.922796 -385.685138 -481.912010 -577.208818 -671.133875 -765.786655 -860.016443 -953.771663 -1046.696875 -1131.330794 -1206.409471 -1269.183592 -1318.836255 -1356.291385 -1383.504353 -1402.720823 -1415.996796 -1425.006620 -1431.028155 -1434.999812 -1437.590852 -1439.266786 -1440.344225 -1441.034530 -1441.478676 -1441.777628 -1442.036543 -1442.549592 -1444.820689 -1455.912356 -1506.846637 -1881.187681 -4074.760559 -3753.217798 -3464.318298 -3320.948011 -3302.809088 -3300.996346 -3301.185050 -3301.655337 -3302.158653 -3302.641601 -3303.088371 -3303.501194 -3303.966283 -3305.346132 -3315.283634 -3388.551404 -3551.520468 -3750.615678 -1675.766270 -1475.395395 -1449.825906 -1443.674201 -1442.579990 -1442.412286 -1442.387122 -1442.383922 -1442.384332 -1442.385225 -1442.386024 -1442.386651 -1442.387130 -1442.387497 -1442.387782 -1442.388007 -1442.388190 -1442.388343 -1442.388478 -1442.388611 -1442.388759 -1442.388944 -1442.389201 -1442.389581 -1442.390164 -1442.391081 -1442.392549 -1442.394935 -1442.398881 -1442.405551 -1442.417126 -1442.437810 -1442.475891 -1442.547976 -1442.687917 -1442.966979 -1443.544596 -1444.807801 -1447.774944 -1455.414029 -1478.515900 -9999.0 -9999.0
-9999.0 -9999.0 580.199858 486.010158 390.282017 293.694105 196.722167 99.586289 2.397890 -94.776708 -191.907919 -288.922796 -385.685139 -481.912010 -577.208818 -671.133875 -765.786655 -860.016443 -953.771663 -1046.696875 -1131.330794 -1206.409471 -1269.183592 -1318.836255 -1356.291385 -1383.504353 -1402.720823 -1415.996796 -1425.006620 -1431.028155 -1434.999812 -1437.590852 -1439.266786 -1440.344225 -1441.034530 -1441.478676 -1441.777628 -1442.036543 -1442.549592 -1444.820689 -1455.912356 -1506.846637 -1881.187681 -4074.760559 -3753.217798 -3464.318298 -3320.948011 -3302.809088 -3300.996346 -3301.185050 -3301.655337 -3302.158653 -3302.641601 -3303.088371 -3303.501194 -3303.966283 -3305.346132 -3315.283634 -3388.551404 -3551.520468 -3750.615678 -1675.766270 -1475.395395 -1449.825906 -1443.674201 -1442.579990 -1442.412286 -1442.387122 -1442.383922 -1442.384332 -1442.385225 -1442.386024 -1442.386651 -1442.387130 -1442.387497 -1442.387782 -1442.388007 -1442.388190 -1442.388343 -1442.388478 -1442.388611 -1442.388759 -1442.388944 -1442.389201 -1442.389581 -1442.390164 -1442.391081 -1442.392549 -1442.394935 -1442.398881 -1442.405551 -1442.417126 -1442.437810 -1442.475891 -1442.547976 -1442.687917 -1442.966979 -1443.544596 -1444.807801 -1447.774944 -1455.414029 -1478.515900 -9999.0 -9999.0
-9999.0 -9999.0 580.198301 486.009344 390.281687 293.693983 196.722123 99.586273 2.397884 -94.776710 -191.907920 -288.922797 -385.685139 -481.912010 -577.208818 -671.133875 -765.786655 -860.016443 -953.771663 -1046.696874 -1131.330793 -1206.409470 -1269.183591 -1318.836255 -1356.291385 -1383.504353 -1402.720823 -1415.996796 -1425.006620 -1431.028155 -1434.999812 -1437.590852 -1439.266786 -1440.344225 -1441.034530 -1441.478676 -1441.777628 -1442.036543 -1442.549592 -1444.820689 -1455.912356 -1506.846637 -1881.187681 -4074.760559 -3753.217799 -3464.318302 -3320.948011 -3302.809088 -3300.996346 -3301.185050 -3301.655337 -3302.158653 -3302.641601 -3303.088371 -3303.501194 -3303.966283 -3305.346132 -3315.283634 -3388.551404 -3551.520468 -3750.615679 -1675.766270 -1475.395395 -1449.825906 -1443.674201 -1442.579990 -1442.412286 -1442.387122 -1442.383922 -1442.384332 -1442.385225 -1442.386024 -1442.386651 -1442.387130 -1442.387497 -1442.387782 -1442.388007 -1442.388190 -1442.388343 -1442.388478 -1442.388611 -1442.388759 -1442.388944 -1442.389201 -1442.389581 -1442.390164 -1442.391081 -1442.392549 -1442.394935 -1442.398881 -1442.405551 -1442.417126 -1442.437810 -1442.475891 -1442.547976 -1442.687917 -1442.966979 -1443.544596 -1444.807801 -1447.774944 -1455.414029 -1478.515900 -9999.0 -9999.0
-9999.0 -9999.0 580.192502 486.007595 390.281182 293.693828 196.722073 99.586256 2.397878 -94.776712 -191.907920 -288.922797 -385.685139 -481.912010 -577.208818 -671.133875 -765.786654 -860.016443 -953.771663 -1046.696874 -1131.330793 -1206.409470 -1269.183591 -1318.836255 -1356.291385 -1383.504352 -1402.720823 -1415.996796 -1425.006620 -1431.028155 -1434.999812 -1437.590852 -1439.266786 -1440.344225 -1441.034530 -1441.478676 -1441.777628 -1442.036543 -1442.549592 -1444.820689 -1455.912356 -1506.846637 -1881.187681 -4074.760561 -3753.217803 -3464.318311 -3320.948011 -3302.809088 -3300.996346 -3301.185050 -3301.655337 -3302.158653 -3302.641601 -3303.088371 -3303.501194 -3303.966283 -3305.346132 -3315.283634 -3388.551404 -3551.520468 -3750.615679 -1675.766270 -1475.395395 -1449.825906 -1443.674201 -1442.579990 -1442.412286 -1442.387122 -1442.383922 -1442.384332 -1442.385225 -1442.386024 -1442.386651 -1442.387130 -1442.387497 -1442.387782 -1442.388007 -1442.388190 -1442.388343 -1442.388478 -1442.388611 -1442.388759 -1442.388944 -1442.389201 -1442.389581 -1442.390164 -1442.391081 -1442.392549 -1442.394935 -1442.398881 -1442.405551 -1442.417126 -1442.437810 -1442.475891 -1442.547976 -1442.687917 -1442.966979 -1443.544596 -1444.807801 -1447.774944 -1455.414029 -1478.515900 -9999.0 -9999.0
-9999.0 -9999.0 -9999.0 -9999.0 -9999.0 -9999.0 -9999.0 -9999.0 -9999.0 -9999.0 -9999.0 -9999.0 -9999.0 -9999.0 -9999.0 -9999.0 -9999.0 -9999.0 -9999.0 -9999.0 -9999.0 -9999.0 -9999.0 -9999.0 -9999.0 -9999.0 -9999.0 -9999.0 -9999.0 -9999.0 -9999.0 -9999.0 -9999.0 -9999.0 -9999.0 -9999.0 -9999.0 -9999.0 -9999.0 -9999.0 -9999.0 -9999.0 -9999.0 -9999.0 -9999.0 -9999.0 -9999.0 -9999.0 -9999.0 -9999.0 -9999.0 -9999.0 -9999.0 -9999.0 -9999.0 -9999.0 -9999.0 -9999.0 -9999.0 -9999.0 -9999.0 -9999.0 -9999.0 -9999.0 -9999.0 -9999.0 -9999.0 -9999.0 -9999.0 -9999.0 -9999.0 -9999.0 -9999.0 -9999.0 -9999.0 -9999.0 -9999.0 -9999.0 -9999.0 -9999.0 -9999.0 -9999.0 -9999.0 -9999.0 -9999.0 -9999.0 -9999.0 -9999.0 -9999.0 -9999.0 -9999.0 -9999.0 -9999.0 -9999.0 -9999.0 -9999.0 -9999.0 -9999.0 -9999.0 -9999.0 -9999.0 -9999.0 -9999.0 -9999.0
-9999.0 -9999.0 -9999.0 -9999.0 -9999.0 -9999.0 -9999.0 -9999.0 -9999.0 -9999.0 -9999.0 -9999.0 -9999.0 -9999.0 -9999.0 -9999.0 -9999.0 -9999.0 -9999.0 -9999.0 -9999.0 -9999.0 -9999.0 -9999.0 -9999.0 -9999.0 -9999.0 -9999.0 -9999.0 -9999.0 -9999.0 -9999.0 -9999.0 -9999.0 -9999.0 -9999.0 -9999.0 -9999.0 -9999.0 -9999.0 -9999.0 -9999.0 -9999.0 -9999.0 -9999.0 -9999.0 -9999.0 -9999.0 -9999.0 -9999.0 -9999.0 -9999.0 -9999.0 -9999.0 -9999.0 -9999.0 -9999.0 -9999.0 -9999.0 -9999.0 -9999.0 -9999.0 -9999.0 -9999.0 -9999.0 -9999.0 -9999.0 -9999.0 -9999.0 -9999.0 -9999.0 -9999.0 -9999.0 -9999.0 -9999.0 -9999.0 -9999.0 -9999.0 -9999.0 -9999.0 -9999.0 -9999.0 -9999.0 -9999.0 -9999.0 -9999.0 -9999.0 -9999.0 -9999.0 -9999.0 -9999.0 -9999.0 -9999.0 -9999.0 -9999.0 -9999.0 -9999.0 -9999.0 -9999.0 -9999.0 -9999.0 -9999.0 -9999.0 -9999.0