inst/processing_geotop_simulation/geotop_simulation/out/maps3D/PwL0004N0201.asc
ncols         104
nrows         10
xllcorner     -2.000000
yllcorner     0.000000
cellsize      1.000000
NODATA_value  -9999.0
-9999.0 -9999.0 -9999.0 -9999.0 -9999.0 -9999.0 -9999.0 -9999.0 -9999.0 -9999.0 -9999.0 -9999.0 -9999.0 -9999.0 -9999.0 -9999.0 -9999.0 -9999.0 -9999.0 -9999.0 -9999.0 -9999.0 -9999.0 -9999.0 -9999.0 -9999.0 -9999.0 -9999.0 -9999.0 -9999.0 -9999.0 -9999.0 -9999.0 -9999.0 -9999.0 -9999.0 -9999.0 -9999.0 -9999.0 -9999.0 -9999.0 -9999.0 -9999.0 -9999.0 -9999.0 -9999.0 -9999.0 -9999.0 -9999.0 -9999.0 -9999.0 -9999.0 -9999.0 -9999.0 -9999.0 -9999.0 -9999.0 -9999.0 -9999.0 -9999.0 -9999.0 -9999.0 -9999.0 -9999.0 -9999.0 -9999.0 -9999.0 -9999.0 -9999.0 -9999.0 -9999.0 -9999.0 -9999.0 -9999.0 -9999.0 -9999.0 -9999.0 -9999.0 -9999.0 -9999.0 -9999.0 -9999.0 -9999.0 -9999.0 -9999.0 -9999.0 -9999.0 -9999.0 -9999.0 -9999.0 -9999.0 -9999.0 -9999.0 -9999.0 -9999.0 -9999.0 -9999.0 -9999.0 -9999.0 -9999.0 -9999.0 -9999.0 -9999.0 -9999.0
-9999.0 -9999.0 -9999.0 -9999.0 -9999.0 -9999.0 -9999.0 -9999.0 -9999.0 -9999.0 -9999.0 -9999.0 -9999.0 -9999.0 -9999.0 -9999.0 -9999.0 -9999.0 -9999.0 -9999.0 -9999.0 -9999.0 -9999.0 -9999.0 -9999.0 -9999.0 -9999.0 -9999.0 -9999.0 -9999.0 -9999.0 -9999.0 -9999.0 -9999.0 -9999.0 -9999.0 -9999.0 -9999.0 -9999.0 -9999.0 -9999.0 -9999.0 -9999.0 -9999.0 -9999.0 -9999.0 -9999.0 -9999.0 -9999.0 -9999.0 -9999.0 -9999.0 -9999.0 -9999.0 -9999.0 -9999.0 -9999.0 -9999.0 -9999.0 -9999.0 -9999.0 -9999.0 -9999.0 -9999.0 -9999.0 -9999.0 -9999.0 -9999.0 -9999.0 -9999.0 -9999.0 -9999.0 -9999.0 -9999.0 -9999.0 -9999.0 -9999.0 -9999.0 -9999.0 -9999.0 -9999.0 -9999.0 -9999.0 -9999.0 -9999.0 -9999.0 -9999.0 -9999.0 -9999.0 -9999.0 -9999.0 -9999.0 -9999.0 -9999.0 -9999.0 -9999.0 -9999.0 -9999.0 -9999.0 -9999.0 -9999.0 -9999.0 -9999.0 -9999.0
-9999.0 -9999.0 179.514005 87.172304 -8.747682 -105.686255 -203.016004 -300.484681 -397.951820 -495.313475 -592.375164 -688.631796 -784.379882 -879.292019 -973.913480 -1068.986215 -1162.061476 -1253.361502 -1342.737639 -1426.859026 -1499.180600 -1556.053616 -1597.705433 -1626.776047 -1646.521855 -1659.783360 -1668.673695 -1674.640115 -1678.641846 -1681.315616 -1683.091349 -1684.262698 -1685.030542 -1685.531267 -1685.856632 -1686.069596 -1686.220192 -1686.375437 -1686.768409 -1688.616005 -1696.182938 -1694.126735 -1073.238049 -1079.852052 -1065.662135 -1056.672735 -1052.468133 -1051.862459 -1051.799734 -1051.807789 -1051.826313 -1051.846125 -1051.865154 -1051.882768 -1051.899055 -1051.917434 -1051.970884 -1052.329207 -1054.553966 -1059.557596 -1067.096439 -1050.519685 -1671.639268 -1691.091243 -1687.603312 -1686.715444 -1686.568554 -1686.545844 -1686.542965 -1686.543415 -1686.544306 -1686.545096 -1686.545714 -1686.546184 -1686.546544 -1686.546823 -1686.547043 -1686.547221 -1686.547369 -1686.547501 -1686.547630 -1686.547773 -1686.547953 -1686.548204 -1686.548575 -1686.549145 -1686.550043 -1686.551480 -1686.553814 -1686.557672 -1686.564189 -1686.575482 -1686.595633 -1686.632676 -1686.702658 -1686.838067 -1687.106391 -1687.655460 -1688.836369 -1691.565900 -1698.585322 -1720.490973 -9999.0 -9999.0
-9999.0 -9999.0 179.524548 87.174471 -8.747131 -105.686094 -203.015953 -300.484664 -397.951814 -495.313473 -592.375164 -688.631795 -784.379882 -879.292019 -973.913480 -1068.986215 -1162.061476 -1253.361502 -1342.737639 -1426.859026 -1499.180600 -1556.053617 -1597.705433 -1626.776047 -1646.521855 -1659.783361 -1668.673695 -1674.640115 -1678.641846 -1681.315616 -1683.091349 -1684.262698 -1685.030542 -1685.531267 -1685.856632 -1686.069596 -1686.220192 -1686.375437 -1686.768409 -1688.616005 -1696.182938 -1694.126735 -1073.238049 -1079.852052 -1065.662135 -1056.672734 -1052.468133 -1051.862459 -1051.799734 -1051.807789 -1051.826313 -1051.846125 -1051.865154 -1051.882768 -1051.899055 -1051.917434 -1051.970884 -1052.329207 -1054.553966 -1059.557596 -1067.096439 -1050.519685 -1671.639268 -1691.091243 -1687.603312 -1686.715444 -1686.568554 -1686.545844 -1686.542965 -1686.543415 -1686.544306 -1686.545096 -1686.545714 -1686.546184 -1686.546544 -1686.546823 -1686.547043 -1686.547221 -1686.547369 -1686.547501 -1686.547630 -1686.547773 -1686.547953 -1686.548204 -1686.548575 -1686.549145 -1686.550043 -1686.551480 -1686.553814 -1686.557672 -1686.564189 -1686.575482 -1686.595633 -1686.632676 -1686.702658 -1686.838067 -1687.106391 -1687.655460 -1688.836369 -1691.565900 -1698.585322 -1720.490973 -9999.0 -9999.0
-9999.0 -9999.0 179.526034 87.175351 -8.746782 -105.685968 -203.015909 -300.484648 -397.951809 -495.313471 -592.375163 -688.631795 -784.379881 -879.292019 -973.913480 -1068.986215 -1162.061476 -1253.361502 -1342.737639 -1426.859026 -1499.180600 -1556.053617 -1597.705433 -1626.776047 -1646.521855 -1659.783361 -1668.673695 -1674.640115 -1678.641846 -1681.315616 -1683.091349 -1684.262698 -1685.030542 -1685.531267 -1685.856632 -1686.069596 -1686.220192 -1686.375437 -1686.768409 -1688.616005 -1696.182938 -1694.126735 -1073.238049 -1079.852052 -1065.662135 -1056.672734 -1052.468133 -1051.862459 -1051.799734 -1051.807789 -1051.826313 -1051.846125 -1051.865154 -1051.882768 -1051.899055 -1051.917434 -1051.970884 -1052.329207 -1054.553966 -1059.557596 -1067.096439 -1050.519685 -1671.639268 -1691.091243 -1687.603312 -1686.715444 -1686.568554 -1686.545844 -1686.542965 -1686.543415 -1686.544306 -1686.545096 -1686.545714 -1686.546184 -1686.546544 -1686.546823 -1686.547043 -1686.547221 -1686.547369 -1686.547501 -1686.547630 -1686.547773 -1686.547953 -1686.548204 -1686.548575 -1686.549145 -1686.550043 -1686.551480 -1686.553814 -1686.557672 -1686.564189 -1686.575482 -1686.595633 -1686.632676 -1686.702658 -1686.838067 -1687.106391 -1687.655460 -1688.836369 -1691.565900 -1698.585322 -1720.490973 -9999.0 -9999.0
-9999.0 -9999.0 179.526034 87.175351 -8.746782 -105.685968 -203.015909 -300.484648 -397.951809 -495.313471 -592.375163 -688.631795 -784.379881 -879.292019 -973.913480 -1068.986215 -1162.061476 -1253.361502 -1342.737639 -1426.859026 -1499.180600 -1556.053617 -1597.705433 -1626.776047 -1646.521855 -1659.783361 -1668.673695 -1674.640115 -1678.641846 -1681.315616 -1683.091349 -1684.262698 -1685.030542 -1685.531267 -1685.856632 -1686.069596 -1686.220192 -1686.375437 -1686.768409 -1688.616005 -1696.182938 -1694.126735 -1073.238049 -1079.852052 -1065.662135 -1056.672734 -1052.468133 -1051.862459 -1051.799734 -1051.807789 -1051.826313 -1051.846125 -1051.865154 -1051.882768 -1051.899055 -1051.917434 -1051.970884 -1052.329207 -1054.553966 -1059.557596 -1067.096439 -1050.519685 -1671.639268 -1691.091243 -1687.603312 -1686.715444 -1686.568554 -1686.545844 -1686.542965 -1686.543415 -1686.544306 -1686.545096 -1686.545714 -1686.546184 -1686.546544 -1686.546823 -1686.547043 -1686.547221 -1686.547369 -1686.547501 -1686.547630 -1686.547773 -1686.547953 -1686.548204 -1686.548575 -1686.549145 -1686.550043 -1686.551480 -1686.553814 -1686.557672 -1686.564189 -1686.575482 -1686.595633 -1686.632676 -1686.702658 -1686.838067 -1687.106391 -1687.655460 -1688.836369 -1691.565900 -1698.585322 -1720.490973 -9999.0 -9999.0
-9999.0 -9999.0 179.524548 87.174471 -8.747131 -105.686094 -203.015953 -300.484664 -397.951814 -495.313473 -592.375164 -688.631795 -784.379881 -879.292019 -973.913480 -1068.986215 -1162.061476 -1253.361502 -1342.737639 -1426.859026 -1499.180600 -1556.053617 -1597.705433 -1626.776047 -1646.521855 -1659.783361 -1668.673695 -1674.640115 -1678.641846 -1681.315616 -1683.091349 -1684.262698 -1685.030542 -1685.531267 -1685.856632 -1686.069596 -1686.220192 -1686.375437 -1686.768409 -1688.616005 -1696.182938 -1694.126735 -1073.238049 -1079.852052 -1065.662135 -1056.672734 -1052.468133 -1051.862459 -1051.799734 -1051.807789 -1051.826313 -1051.846125 -1051.865154 -1051.882768 -1051.899055 -1051.917434 -1051.970884 -1052.329207 -1054.553966 -1059.557596 -1067.096439 -1050.519685 -1671.639268 -1691.091243 -1687.603312 -1686.715444 -1686.568554 -1686.545844 -1686.542965 -1686.543415 -1686.544306 -1686.545096 -1686.545714 -1686.546184 -1686.546544 -1686.546823 -1686.547043 -1686.547221 -1686.547369 -1686.547501 -1686.547630 -1686.547773 -1686.547953 -1686.548204 -1686.548575 -1686.549145 -1686.550043 -1686.551480 -1686.553814 -1686.557672 -1686.564189 -1686.575482 -1686.595633 -1686.632676 -1686.702658 -1686.838067 -1687.106391 -1687.655460 -1688.836369 -1691.565900 -1698.585322 -1720.490973 -9999.0 -9999.0
-9999.0 -9999.0 179.514005 87.172304 -8.747682 -105.686255 -203.016004 -300.484681 -397.951820 -495.313475 -592.375165 -688.631796 -784.379882 -879.292019 -973.913480 -1068.986215 -1162.061476 -1253.361502 -1342.737639 -1426.859026 -1499.180600 -1556.053616 -1597.705433 -1626.776047 -1646.521855 -1659.783360 -1668.673695 -1674.640115 -1678.641846 -1681.315616 -1683.091349 -1684.262698 -1685.030542 -1685.531267 -1685.856632 -1686.069596 -1686.220192 -1686.375437 -1686.768409 -1688.616005 -1696.182938 -1694.126735 -1073.238049 -1079.852052 -1065.662135 -1056.672735 -1052.468133 -1051.862459 -1051.799734 -1051.807789 -1051.826313 -1051.846125 -1051.865154 -1051.882768 -1051.899055 -1051.917434 -1051.970884 -1052.329207 -1054.553966 -1059.557596 -1067.096439 -1050.519685 -1671.639268 -1691.091243 -1687.603312 -1686.715444 -1686.568554 -1686.545844 -1686.542965 -1686.543415 -1686.544306 -1686.545096 -1686.545714 -1686.546184 -1686.546544 -1686.546823 -1686.547043 -1686.547221 -1686.547369 -1686.547501 -1686.547630 -1686.547773 -1686.547953 -1686.548204 -1686.548575 -1686.549145 -1686.550043 -1686.551480 -1686.553814 -1686.557672 -1686.564189 -1686.575482 -1686.595633 -1686.632676 -1686.702658 -1686.838067 -1687.106391 -1687.655460 -1688.836369 -1691.565900 -1698.585322 -1720.490973 -9999.0 -9999.0
-9999.0 -9999.0 -9999.0 -9999.0 -9999.0 -9999.0 -9999.0 -9999.0 -9999.0 -9999.0 -9999.0 -9999.0 -9999.0 -9999.0 -9999.0 -9999.0 -9999.0 -9999.0 -9999.0 -9999.0 -9999.0 -9999.0 -9999.0 -9999.0 -9999.0 -9999.0 -9999.0 -9999.0 -9999.0 -9999.0 -9999.0 -9999.0 -9999.0 -9999.0 -9999.0 -9999.0 -9999.0 -9999.0 -9999.0 -9999.0 -9999.0 -9999.0 -9999.0 -9999.0 -9999.0 -9999.0 -9999.0 -9999.0 -9999.0 -9999.0 -9999.0 -9999.0 -9999.0 -9999.0 -9999.0 -9999.0 -9999.0 -9999.0 -9999.0 -9999.0 -9999.0 -9999.0 -9999.0 -9999.0 -9999.0 -9999.0 -9999.0 -9999.0 -9999.0 -9999.0 -9999.0 -9999.0 -9999.0 -9999.0 -9999.0 -9999.0 -9999.0 -9999.0 -9999.0 -9999.0 -9999.0 -9999.0 -9999.0 -9999.0 -9999.0 -9999.0 -9999.0 -9999.0 -9999.0 -9999.0 -9999.0 -9999.0 -9999.0 -9999.0 -9999.0 -9999.0 -9999.0 -9999.0 -9999.0 -9999.0 -9999.0 -9999.0 -9999.0 -9999.0
-9999.0 -9999.0 -9999.0 -9999.0 -9999.0 -9999.0 -9999.0 -9999.0 -9999.0 -9999.0 -9999.0 -9999.0 -9999.0 -9999.0 -9999.0 -9999.0 -9999.0 -9999.0 -9999.0 -9999.0 -9999.0 -9999.0 -9999.0 -9999.0 -9999.0 -9999.0 -9999.0 -9999.0 -9999.0 -9999.0 -9999.0 -9999.0 -9999.0 -9999.0 -9999.0 -9999.0 -9999.0 -9999.0 -9999.0 -9999.0 -9999.0 -9999.0 -9999.0 -9999.0 -9999.0 -9999.0 -9999.0 -9999.0 -9999.0 -9999.0 -9999.0 -9999.0 -9999.0 -9999.0 -9999.0 -9999.0 -9999.0 -9999.0 -9999.0 -9999.0 -9999.0 -9999.0 -9999.0 -9999.0 -9999.0 -9999.0 -9999.0 -9999.0 -9999.0 -9999.0 -9999.0 -9999.0 -9999.0 -9999.0 -9999.0 -9999.0 -9999.0 -9999.0 -9999.0 -9999.0 -9999.0 -9999.0 -9999.0 -9999.0 -9999.0 -9999.0 -9999.0 -9999.0 -9999.0 -9999.0 -9999.0 -9999.0 -9999.0 -9999.0 -9999.0 -9999.0 -9999.0 -9999.0 -9999.0 -9999.0 -9999.0 -9999.0 -9999.0 -9999.0