inst/processing_geotop_simulation/geotop_simulation/out/maps3D/PwL0007N0440.asc
ncols         104
nrows         10
xllcorner     -2.000000
yllcorner     0.000000
cellsize      1.000000
NODATA_value  -9999.0
-9999.0 -9999.0 -9999.0 -9999.0 -9999.0 -9999.0 -9999.0 -9999.0 -9999.0 -9999.0 -9999.0 -9999.0 -9999.0 -9999.0 -9999.0 -9999.0 -9999.0 -9999.0 -9999.0 -9999.0 -9999.0 -9999.0 -9999.0 -9999.0 -9999.0 -9999.0 -9999.0 -9999.0 -9999.0 -9999.0 -9999.0 -9999.0 -9999.0 -9999.0 -9999.0 -9999.0 -9999.0 -9999.0 -9999.0 -9999.0 -9999.0 -9999.0 -9999.0 -9999.0 -9999.0 -9999.0 -9999.0 -9999.0 -9999.0 -9999.0 -9999.0 -9999.0 -9999.0 -9999.0 -9999.0 -9999.0 -9999.0 -9999.0 -9999.0 -9999.0 -9999.0 -9999.0 -9999.0 -9999.0 -9999.0 -9999.0 -9999.0 -9999.0 -9999.0 -9999.0 -9999.0 -9999.0 -9999.0 -9999.0 -9999.0 -9999.0 -9999.0 -9999.0 -9999.0 -9999.0 -9999.0 -9999.0 -9999.0 -9999.0 -9999.0 -9999.0 -9999.0 -9999.0 -9999.0 -9999.0 -9999.0 -9999.0 -9999.0 -9999.0 -9999.0 -9999.0 -9999.0 -9999.0 -9999.0 -9999.0 -9999.0 -9999.0 -9999.0 -9999.0
-9999.0 -9999.0 -9999.0 -9999.0 -9999.0 -9999.0 -9999.0 -9999.0 -9999.0 -9999.0 -9999.0 -9999.0 -9999.0 -9999.0 -9999.0 -9999.0 -9999.0 -9999.0 -9999.0 -9999.0 -9999.0 -9999.0 -9999.0 -9999.0 -9999.0 -9999.0 -9999.0 -9999.0 -9999.0 -9999.0 -9999.0 -9999.0 -9999.0 -9999.0 -9999.0 -9999.0 -9999.0 -9999.0 -9999.0 -9999.0 -9999.0 -9999.0 -9999.0 -9999.0 -9999.0 -9999.0 -9999.0 -9999.0 -9999.0 -9999.0 -9999.0 -9999.0 -9999.0 -9999.0 -9999.0 -9999.0 -9999.0 -9999.0 -9999.0 -9999.0 -9999.0 -9999.0 -9999.0 -9999.0 -9999.0 -9999.0 -9999.0 -9999.0 -9999.0 -9999.0 -9999.0 -9999.0 -9999.0 -9999.0 -9999.0 -9999.0 -9999.0 -9999.0 -9999.0 -9999.0 -9999.0 -9999.0 -9999.0 -9999.0 -9999.0 -9999.0 -9999.0 -9999.0 -9999.0 -9999.0 -9999.0 -9999.0 -9999.0 -9999.0 -9999.0 -9999.0 -9999.0 -9999.0 -9999.0 -9999.0 -9999.0 -9999.0 -9999.0 -9999.0
-9999.0 -9999.0 323.606101 225.180298 126.133483 26.859586 -72.501969 -171.899562 -271.308065 -370.710171 -470.089429 -569.416135 -668.630677 -767.724238 -866.799946 -965.843879 -1064.827548 -1163.567607 -1261.678490 -1358.809890 -1454.018848 -1545.530757 -1630.698197 -1706.683370 -1771.444413 -1824.289593 -1865.800025 -1897.388396 -1920.815324 -1937.834730 -1949.997677 -1958.577399 -1964.567513 -1968.716020 -1971.571933 -1973.533686 -1974.901837 -1975.969801 -1977.257000 -1979.786852 -1980.954833 -1928.157548 -1238.776386 -1277.640183 -1259.069646 -1246.546700 -1240.702496 -1239.815310 -1239.719554 -1239.727300 -1239.749769 -1239.774031 -1239.797361 -1239.818973 -1239.839109 -1239.863221 -1239.942098 -1240.471063 -1243.571616 -1250.433381 -1258.267985 -1207.386062 -1898.113389 -1974.504174 -1978.549778 -1978.028077 -1977.808837 -1977.761328 -1977.753176 -1977.752267 -1977.752537 -1977.752926 -1977.753262 -1977.753530 -1977.753744 -1977.753916 -1977.754059 -1977.754181 -1977.754289 -1977.754390 -1977.754492 -1977.754604 -1977.754739 -1977.754917 -1977.755166 -1977.755533 -1977.756094 -1977.756977 -1977.758403 -1977.760765 -1977.764793 -1977.771871 -1977.784716 -1977.808772 -1977.855238 -1977.948032 -1978.141186 -1978.565943 -1979.568608 -1982.157310 -1989.644379 -2014.440537 -9999.0 -9999.0
-9999.0 -9999.0 323.612978 225.181960 126.133924 26.859717 -72.501927 -171.899548 -271.308060 -370.710169 -470.089427 -569.416134 -668.630676 -767.724238 -866.799946 -965.843879 -1064.827548 -1163.567607 -1261.678490 -1358.809890 -1454.018848 -1545.530757 -1630.698197 -1706.683370 -1771.444413 -1824.289593 -1865.800025 -1897.388396 -1920.815324 -1937.834730 -1949.997677 -1958.577399 -1964.567513 -1968.716020 -1971.571933 -1973.533686 -1974.901837 -1975.969801 -1977.257000 -1979.786852 -1980.954833 -1928.157547 -1238.776386 -1277.640183 -1259.069646 -1246.546700 -1240.702496 -1239.815310 -1239.719554 -1239.727300 -1239.749769 -1239.774031 -1239.797361 -1239.818973 -1239.839109 -1239.863221 -1239.942098 -1240.471063 -1243.571616 -1250.433381 -1258.267985 -1207.386062 -1898.113389 -1974.504174 -1978.549778 -1978.028077 -1977.808837 -1977.761328 -1977.753176 -1977.752267 -1977.752537 -1977.752926 -1977.753262 -1977.753530 -1977.753744 -1977.753916 -1977.754059 -1977.754181 -1977.754289 -1977.754390 -1977.754492 -1977.754604 -1977.754739 -1977.754917 -1977.755166 -1977.755533 -1977.756094 -1977.756977 -1977.758403 -1977.760765 -1977.764793 -1977.771871 -1977.784716 -1977.808772 -1977.855238 -1977.948032 -1978.141186 -1978.565943 -1979.568608 -1982.157310 -1989.644379 -2014.440537 -9999.0 -9999.0
-9999.0 -9999.0 323.614280 225.182668 126.134205 26.859820 -72.501891 -171.899535 -271.308055 -370.710167 -470.089427 -569.416133 -668.630676 -767.724238 -866.799946 -965.843879 -1064.827548 -1163.567608 -1261.678491 -1358.809890 -1454.018848 -1545.530758 -1630.698197 -1706.683370 -1771.444413 -1824.289593 -1865.800025 -1897.388396 -1920.815324 -1937.834730 -1949.997677 -1958.577399 -1964.567513 -1968.716020 -1971.571933 -1973.533686 -1974.901837 -1975.969801 -1977.257000 -1979.786852 -1980.954833 -1928.157547 -1238.776386 -1277.640183 -1259.069646 -1246.546699 -1240.702496 -1239.815310 -1239.719554 -1239.727300 -1239.749769 -1239.774031 -1239.797361 -1239.818973 -1239.839109 -1239.863221 -1239.942098 -1240.471063 -1243.571616 -1250.433381 -1258.267985 -1207.386062 -1898.113389 -1974.504174 -1978.549778 -1978.028077 -1977.808837 -1977.761328 -1977.753176 -1977.752267 -1977.752537 -1977.752926 -1977.753262 -1977.753530 -1977.753744 -1977.753916 -1977.754059 -1977.754181 -1977.754289 -1977.754390 -1977.754492 -1977.754604 -1977.754739 -1977.754917 -1977.755166 -1977.755533 -1977.756094 -1977.756977 -1977.758403 -1977.760765 -1977.764793 -1977.771871 -1977.784716 -1977.808772 -1977.855238 -1977.948032 -1978.141186 -1978.565943 -1979.568608 -1982.157310 -1989.644379 -2014.440537 -9999.0 -9999.0
-9999.0 -9999.0 323.614280 225.182668 126.134205 26.859820 -72.501891 -171.899535 -271.308055 -370.710167 -470.089427 -569.416134 -668.630676 -767.724238 -866.799946 -965.843879 -1064.827548 -1163.567608 -1261.678491 -1358.809890 -1454.018848 -1545.530758 -1630.698197 -1706.683370 -1771.444413 -1824.289593 -1865.800025 -1897.388396 -1920.815324 -1937.834730 -1949.997677 -1958.577399 -1964.567513 -1968.716020 -1971.571933 -1973.533686 -1974.901837 -1975.969801 -1977.257000 -1979.786852 -1980.954833 -1928.157547 -1238.776386 -1277.640183 -1259.069646 -1246.546699 -1240.702496 -1239.815310 -1239.719554 -1239.727300 -1239.749769 -1239.774031 -1239.797361 -1239.818973 -1239.839109 -1239.863221 -1239.942098 -1240.471063 -1243.571616 -1250.433381 -1258.267985 -1207.386062 -1898.113389 -1974.504174 -1978.549778 -1978.028077 -1977.808837 -1977.761328 -1977.753176 -1977.752267 -1977.752537 -1977.752926 -1977.753262 -1977.753530 -1977.753744 -1977.753916 -1977.754059 -1977.754181 -1977.754289 -1977.754390 -1977.754492 -1977.754604 -1977.754739 -1977.754917 -1977.755166 -1977.755533 -1977.756094 -1977.756977 -1977.758403 -1977.760765 -1977.764793 -1977.771871 -1977.784716 -1977.808772 -1977.855238 -1977.948032 -1978.141186 -1978.565943 -1979.568608 -1982.157310 -1989.644379 -2014.440537 -9999.0 -9999.0
-9999.0 -9999.0 323.612978 225.181960 126.133924 26.859717 -72.501927 -171.899548 -271.308060 -370.710169 -470.089427 -569.416134 -668.630676 -767.724238 -866.799946 -965.843879 -1064.827548 -1163.567607 -1261.678490 -1358.809890 -1454.018848 -1545.530757 -1630.698197 -1706.683370 -1771.444413 -1824.289593 -1865.800025 -1897.388396 -1920.815324 -1937.834730 -1949.997677 -1958.577399 -1964.567513 -1968.716020 -1971.571933 -1973.533686 -1974.901837 -1975.969801 -1977.257000 -1979.786852 -1980.954833 -1928.157547 -1238.776386 -1277.640183 -1259.069646 -1246.546700 -1240.702496 -1239.815310 -1239.719554 -1239.727300 -1239.749769 -1239.774031 -1239.797361 -1239.818973 -1239.839109 -1239.863221 -1239.942098 -1240.471063 -1243.571616 -1250.433381 -1258.267985 -1207.386062 -1898.113389 -1974.504174 -1978.549778 -1978.028077 -1977.808837 -1977.761328 -1977.753176 -1977.752267 -1977.752537 -1977.752926 -1977.753262 -1977.753530 -1977.753744 -1977.753916 -1977.754059 -1977.754181 -1977.754289 -1977.754390 -1977.754492 -1977.754604 -1977.754739 -1977.754917 -1977.755166 -1977.755533 -1977.756094 -1977.756977 -1977.758403 -1977.760765 -1977.764793 -1977.771871 -1977.784716 -1977.808772 -1977.855238 -1977.948032 -1978.141186 -1978.565943 -1979.568608 -1982.157310 -1989.644379 -2014.440537 -9999.0 -9999.0
-9999.0 -9999.0 323.606101 225.180298 126.133483 26.859586 -72.501969 -171.899562 -271.308065 -370.710171 -470.089429 -569.416135 -668.630677 -767.724238 -866.799946 -965.843879 -1064.827548 -1163.567607 -1261.678490 -1358.809890 -1454.018848 -1545.530757 -1630.698197 -1706.683370 -1771.444413 -1824.289593 -1865.800025 -1897.388396 -1920.815324 -1937.834730 -1949.997677 -1958.577399 -1964.567513 -1968.716020 -1971.571933 -1973.533686 -1974.901837 -1975.969801 -1977.257000 -1979.786852 -1980.954833 -1928.157548 -1238.776386 -1277.640183 -1259.069646 -1246.546700 -1240.702496 -1239.815310 -1239.719554 -1239.727300 -1239.749769 -1239.774031 -1239.797361 -1239.818973 -1239.839109 -1239.863221 -1239.942098 -1240.471063 -1243.571616 -1250.433381 -1258.267985 -1207.386062 -1898.113389 -1974.504174 -1978.549778 -1978.028077 -1977.808837 -1977.761328 -1977.753176 -1977.752267 -1977.752537 -1977.752926 -1977.753262 -1977.753530 -1977.753744 -1977.753916 -1977.754059 -1977.754181 -1977.754289 -1977.754390 -1977.754492 -1977.754604 -1977.754739 -1977.754917 -1977.755166 -1977.755533 -1977.756094 -1977.756977 -1977.758403 -1977.760765 -1977.764793 -1977.771871 -1977.784716 -1977.808772 -1977.855238 -1977.948032 -1978.141186 -1978.565943 -1979.568608 -1982.157310 -1989.644379 -2014.440537 -9999.0 -9999.0
-9999.0 -9999.0 -9999.0 -9999.0 -9999.0 -9999.0 -9999.0 -9999.0 -9999.0 -9999.0 -9999.0 -9999.0 -9999.0 -9999.0 -9999.0 -9999.0 -9999.0 -9999.0 -9999.0 -9999.0 -9999.0 -9999.0 -9999.0 -9999.0 -9999.0 -9999.0 -9999.0 -9999.0 -9999.0 -9999.0 -9999.0 -9999.0 -9999.0 -9999.0 -9999.0 -9999.0 -9999.0 -9999.0 -9999.0 -9999.0 -9999.0 -9999.0 -9999.0 -9999.0 -9999.0 -9999.0 -9999.0 -9999.0 -9999.0 -9999.0 -9999.0 -9999.0 -9999.0 -9999.0 -9999.0 -9999.0 -9999.0 -9999.0 -9999.0 -9999.0 -9999.0 -9999.0 -9999.0 -9999.0 -9999.0 -9999.0 -9999.0 -9999.0 -9999.0 -9999.0 -9999.0 -9999.0 -9999.0 -9999.0 -9999.0 -9999.0 -9999.0 -9999.0 -9999.0 -9999.0 -9999.0 -9999.0 -9999.0 -9999.0 -9999.0 -9999.0 -9999.0 -9999.0 -9999.0 -9999.0 -9999.0 -9999.0 -9999.0 -9999.0 -9999.0 -9999.0 -9999.0 -9999.0 -9999.0 -9999.0 -9999.0 -9999.0 -9999.0 -9999.0
-9999.0 -9999.0 -9999.0 -9999.0 -9999.0 -9999.0 -9999.0 -9999.0 -9999.0 -9999.0 -9999.0 -9999.0 -9999.0 -9999.0 -9999.0 -9999.0 -9999.0 -9999.0 -9999.0 -9999.0 -9999.0 -9999.0 -9999.0 -9999.0 -9999.0 -9999.0 -9999.0 -9999.0 -9999.0 -9999.0 -9999.0 -9999.0 -9999.0 -9999.0 -9999.0 -9999.0 -9999.0 -9999.0 -9999.0 -9999.0 -9999.0 -9999.0 -9999.0 -9999.0 -9999.0 -9999.0 -9999.0 -9999.0 -9999.0 -9999.0 -9999.0 -9999.0 -9999.0 -9999.0 -9999.0 -9999.0 -9999.0 -9999.0 -9999.0 -9999.0 -9999.0 -9999.0 -9999.0 -9999.0 -9999.0 -9999.0 -9999.0 -9999.0 -9999.0 -9999.0 -9999.0 -9999.0 -9999.0 -9999.0 -9999.0 -9999.0 -9999.0 -9999.0 -9999.0 -9999.0 -9999.0 -9999.0 -9999.0 -9999.0 -9999.0 -9999.0 -9999.0 -9999.0 -9999.0 -9999.0 -9999.0 -9999.0 -9999.0 -9999.0 -9999.0 -9999.0 -9999.0 -9999.0 -9999.0 -9999.0 -9999.0 -9999.0 -9999.0 -9999.0