inst/processing_geotop_simulation/geotop_simulation/out/maps3D/PwL0017N0312.asc
ncols         104
nrows         10
xllcorner     -2.000000
yllcorner     0.000000
cellsize      1.000000
NODATA_value  -9999.0
-9999.0 -9999.0 -9999.0 -9999.0 -9999.0 -9999.0 -9999.0 -9999.0 -9999.0 -9999.0 -9999.0 -9999.0 -9999.0 -9999.0 -9999.0 -9999.0 -9999.0 -9999.0 -9999.0 -9999.0 -9999.0 -9999.0 -9999.0 -9999.0 -9999.0 -9999.0 -9999.0 -9999.0 -9999.0 -9999.0 -9999.0 -9999.0 -9999.0 -9999.0 -9999.0 -9999.0 -9999.0 -9999.0 -9999.0 -9999.0 -9999.0 -9999.0 -9999.0 -9999.0 -9999.0 -9999.0 -9999.0 -9999.0 -9999.0 -9999.0 -9999.0 -9999.0 -9999.0 -9999.0 -9999.0 -9999.0 -9999.0 -9999.0 -9999.0 -9999.0 -9999.0 -9999.0 -9999.0 -9999.0 -9999.0 -9999.0 -9999.0 -9999.0 -9999.0 -9999.0 -9999.0 -9999.0 -9999.0 -9999.0 -9999.0 -9999.0 -9999.0 -9999.0 -9999.0 -9999.0 -9999.0 -9999.0 -9999.0 -9999.0 -9999.0 -9999.0 -9999.0 -9999.0 -9999.0 -9999.0 -9999.0 -9999.0 -9999.0 -9999.0 -9999.0 -9999.0 -9999.0 -9999.0 -9999.0 -9999.0 -9999.0 -9999.0 -9999.0 -9999.0
-9999.0 -9999.0 -9999.0 -9999.0 -9999.0 -9999.0 -9999.0 -9999.0 -9999.0 -9999.0 -9999.0 -9999.0 -9999.0 -9999.0 -9999.0 -9999.0 -9999.0 -9999.0 -9999.0 -9999.0 -9999.0 -9999.0 -9999.0 -9999.0 -9999.0 -9999.0 -9999.0 -9999.0 -9999.0 -9999.0 -9999.0 -9999.0 -9999.0 -9999.0 -9999.0 -9999.0 -9999.0 -9999.0 -9999.0 -9999.0 -9999.0 -9999.0 -9999.0 -9999.0 -9999.0 -9999.0 -9999.0 -9999.0 -9999.0 -9999.0 -9999.0 -9999.0 -9999.0 -9999.0 -9999.0 -9999.0 -9999.0 -9999.0 -9999.0 -9999.0 -9999.0 -9999.0 -9999.0 -9999.0 -9999.0 -9999.0 -9999.0 -9999.0 -9999.0 -9999.0 -9999.0 -9999.0 -9999.0 -9999.0 -9999.0 -9999.0 -9999.0 -9999.0 -9999.0 -9999.0 -9999.0 -9999.0 -9999.0 -9999.0 -9999.0 -9999.0 -9999.0 -9999.0 -9999.0 -9999.0 -9999.0 -9999.0 -9999.0 -9999.0 -9999.0 -9999.0 -9999.0 -9999.0 -9999.0 -9999.0 -9999.0 -9999.0 -9999.0 -9999.0
-9999.0 -9999.0 821.632118 723.366926 624.853614 526.103116 427.232709 328.309854 229.370008 130.432118 31.507170 -67.393994 -166.268936 -265.100382 -363.848763 -462.443618 -560.753634 -658.556163 -756.056741 -853.564109 -950.581874 -1046.882581 -1139.551057 -1224.349142 -1300.594383 -1366.498766 -1421.212152 -1464.913036 -1498.617180 -1523.835802 -1542.234807 -1555.386914 -1564.637869 -1571.064068 -1575.486613 -1578.513465 -1580.597682 -1582.139585 -1583.793219 -1587.470669 -1598.814754 -1635.547362 -1981.955369 -4077.729883 -4133.657031 -4133.663323 -4133.663272 -4133.662973 -4133.661586 -4133.657122 -4133.645092 -4133.611059 -4133.555739 -4133.484874 -4133.368103 -4133.143424 -4132.656348 -4131.501971 -4128.579499 -4120.705829 -3988.899377 -1777.236796 -1594.734688 -1590.489856 -1586.522759 -1585.277991 -1585.015642 -1584.969663 -1584.962651 -1584.962110 -1584.962556 -1584.963064 -1584.963490 -1584.963827 -1584.964095 -1584.964312 -1584.964492 -1584.964645 -1584.964780 -1584.964906 -1584.965031 -1584.965169 -1584.965334 -1584.965549 -1584.965851 -1584.966294 -1584.966971 -1584.968033 -1584.969745 -1584.972572 -1584.977373 -1584.985778 -1585.000969 -1585.029307 -1585.083832 -1585.192259 -1585.416811 -1585.907229 -1587.050018 -1589.918552 -1597.829742 -1622.805361 -9999.0 -9999.0
-9999.0 -9999.0 821.635706 723.368201 624.854016 526.103245 427.232752 328.309869 229.370014 130.432120 31.507171 -67.393994 -166.268936 -265.100382 -363.848763 -462.443618 -560.753634 -658.556163 -756.056741 -853.564109 -950.581874 -1046.882581 -1139.551057 -1224.349143 -1300.594383 -1366.498766 -1421.212152 -1464.913036 -1498.617180 -1523.835802 -1542.234807 -1555.386914 -1564.637869 -1571.064068 -1575.486613 -1578.513465 -1580.597682 -1582.139585 -1583.793219 -1587.470669 -1598.814754 -1635.547362 -1981.955368 -4077.729883 -4133.657031 -4133.663323 -4133.663272 -4133.662973 -4133.661586 -4133.657122 -4133.645092 -4133.611059 -4133.555739 -4133.484874 -4133.368103 -4133.143424 -4132.656348 -4131.501971 -4128.579499 -4120.705829 -3988.899377 -1777.236796 -1594.734688 -1590.489856 -1586.522759 -1585.277991 -1585.015642 -1584.969663 -1584.962651 -1584.962110 -1584.962556 -1584.963064 -1584.963490 -1584.963827 -1584.964095 -1584.964312 -1584.964492 -1584.964645 -1584.964780 -1584.964906 -1584.965031 -1584.965169 -1584.965334 -1584.965549 -1584.965851 -1584.966294 -1584.966971 -1584.968033 -1584.969745 -1584.972572 -1584.977373 -1584.985778 -1585.000969 -1585.029307 -1585.083832 -1585.192259 -1585.416811 -1585.907229 -1587.050018 -1589.918552 -1597.829742 -1622.805361 -9999.0 -9999.0
-9999.0 -9999.0 821.636944 723.368857 624.854288 526.103348 427.232790 328.309883 229.370019 130.432122 31.507172 -67.393993 -166.268935 -265.100382 -363.848763 -462.443618 -560.753634 -658.556163 -756.056742 -853.564109 -950.581874 -1046.882581 -1139.551058 -1224.349143 -1300.594383 -1366.498766 -1421.212152 -1464.913036 -1498.617180 -1523.835802 -1542.234807 -1555.386914 -1564.637869 -1571.064068 -1575.486613 -1578.513465 -1580.597682 -1582.139585 -1583.793219 -1587.470669 -1598.814754 -1635.547362 -1981.955368 -4077.729883 -4133.657031 -4133.663323 -4133.663272 -4133.662973 -4133.661586 -4133.657122 -4133.645092 -4133.611059 -4133.555739 -4133.484874 -4133.368103 -4133.143424 -4132.656348 -4131.501971 -4128.579499 -4120.705829 -3988.899377 -1777.236796 -1594.734688 -1590.489856 -1586.522759 -1585.277991 -1585.015642 -1584.969663 -1584.962651 -1584.962110 -1584.962556 -1584.963064 -1584.963490 -1584.963827 -1584.964095 -1584.964312 -1584.964492 -1584.964645 -1584.964780 -1584.964906 -1584.965031 -1584.965169 -1584.965334 -1584.965549 -1584.965851 -1584.966294 -1584.966971 -1584.968033 -1584.969745 -1584.972572 -1584.977373 -1584.985778 -1585.000969 -1585.029307 -1585.083832 -1585.192259 -1585.416811 -1585.907229 -1587.050018 -1589.918552 -1597.829742 -1622.805361 -9999.0 -9999.0
-9999.0 -9999.0 821.636944 723.368857 624.854288 526.103348 427.232790 328.309883 229.370019 130.432122 31.507172 -67.393993 -166.268935 -265.100382 -363.848763 -462.443618 -560.753634 -658.556163 -756.056742 -853.564109 -950.581874 -1046.882581 -1139.551058 -1224.349143 -1300.594383 -1366.498766 -1421.212152 -1464.913036 -1498.617180 -1523.835802 -1542.234807 -1555.386914 -1564.637869 -1571.064068 -1575.486613 -1578.513465 -1580.597682 -1582.139585 -1583.793219 -1587.470669 -1598.814754 -1635.547362 -1981.955368 -4077.729883 -4133.657031 -4133.663323 -4133.663272 -4133.662973 -4133.661586 -4133.657122 -4133.645092 -4133.611059 -4133.555739 -4133.484874 -4133.368103 -4133.143424 -4132.656348 -4131.501971 -4128.579499 -4120.705829 -3988.899377 -1777.236796 -1594.734688 -1590.489856 -1586.522759 -1585.277991 -1585.015642 -1584.969663 -1584.962651 -1584.962110 -1584.962556 -1584.963064 -1584.963490 -1584.963827 -1584.964095 -1584.964312 -1584.964492 -1584.964645 -1584.964780 -1584.964906 -1584.965031 -1584.965169 -1584.965334 -1584.965549 -1584.965851 -1584.966294 -1584.966971 -1584.968033 -1584.969745 -1584.972572 -1584.977373 -1584.985778 -1585.000969 -1585.029307 -1585.083832 -1585.192259 -1585.416811 -1585.907229 -1587.050018 -1589.918552 -1597.829742 -1622.805361 -9999.0 -9999.0
-9999.0 -9999.0 821.635706 723.368202 624.854016 526.103245 427.232752 328.309869 229.370013 130.432120 31.507171 -67.393994 -166.268936 -265.100382 -363.848763 -462.443618 -560.753634 -658.556163 -756.056741 -853.564109 -950.581874 -1046.882581 -1139.551057 -1224.349143 -1300.594383 -1366.498766 -1421.212152 -1464.913036 -1498.617180 -1523.835802 -1542.234807 -1555.386914 -1564.637869 -1571.064068 -1575.486613 -1578.513465 -1580.597682 -1582.139585 -1583.793219 -1587.470669 -1598.814754 -1635.547362 -1981.955368 -4077.729883 -4133.657031 -4133.663323 -4133.663272 -4133.662973 -4133.661586 -4133.657122 -4133.645092 -4133.611059 -4133.555739 -4133.484874 -4133.368103 -4133.143424 -4132.656348 -4131.501971 -4128.579499 -4120.705829 -3988.899377 -1777.236796 -1594.734688 -1590.489856 -1586.522759 -1585.277991 -1585.015642 -1584.969663 -1584.962651 -1584.962110 -1584.962556 -1584.963064 -1584.963490 -1584.963827 -1584.964095 -1584.964312 -1584.964492 -1584.964645 -1584.964780 -1584.964906 -1584.965031 -1584.965169 -1584.965334 -1584.965549 -1584.965851 -1584.966294 -1584.966971 -1584.968033 -1584.969745 -1584.972572 -1584.977373 -1584.985778 -1585.000969 -1585.029307 -1585.083832 -1585.192259 -1585.416811 -1585.907229 -1587.050018 -1589.918552 -1597.829742 -1622.805361 -9999.0 -9999.0
-9999.0 -9999.0 821.632118 723.366925 624.853614 526.103116 427.232709 328.309854 229.370008 130.432118 31.507170 -67.393994 -166.268936 -265.100382 -363.848763 -462.443619 -560.753634 -658.556163 -756.056741 -853.564109 -950.581873 -1046.882581 -1139.551057 -1224.349142 -1300.594383 -1366.498766 -1421.212152 -1464.913036 -1498.617180 -1523.835802 -1542.234807 -1555.386914 -1564.637869 -1571.064068 -1575.486613 -1578.513465 -1580.597682 -1582.139585 -1583.793219 -1587.470669 -1598.814754 -1635.547362 -1981.955369 -4077.729883 -4133.657031 -4133.663323 -4133.663272 -4133.662973 -4133.661586 -4133.657122 -4133.645092 -4133.611059 -4133.555739 -4133.484874 -4133.368103 -4133.143424 -4132.656348 -4131.501971 -4128.579499 -4120.705829 -3988.899377 -1777.236796 -1594.734688 -1590.489856 -1586.522759 -1585.277991 -1585.015642 -1584.969663 -1584.962651 -1584.962110 -1584.962556 -1584.963064 -1584.963490 -1584.963827 -1584.964095 -1584.964312 -1584.964492 -1584.964645 -1584.964780 -1584.964906 -1584.965031 -1584.965169 -1584.965334 -1584.965549 -1584.965851 -1584.966294 -1584.966971 -1584.968033 -1584.969745 -1584.972572 -1584.977373 -1584.985778 -1585.000969 -1585.029307 -1585.083832 -1585.192259 -1585.416811 -1585.907229 -1587.050018 -1589.918552 -1597.829742 -1622.805361 -9999.0 -9999.0
-9999.0 -9999.0 -9999.0 -9999.0 -9999.0 -9999.0 -9999.0 -9999.0 -9999.0 -9999.0 -9999.0 -9999.0 -9999.0 -9999.0 -9999.0 -9999.0 -9999.0 -9999.0 -9999.0 -9999.0 -9999.0 -9999.0 -9999.0 -9999.0 -9999.0 -9999.0 -9999.0 -9999.0 -9999.0 -9999.0 -9999.0 -9999.0 -9999.0 -9999.0 -9999.0 -9999.0 -9999.0 -9999.0 -9999.0 -9999.0 -9999.0 -9999.0 -9999.0 -9999.0 -9999.0 -9999.0 -9999.0 -9999.0 -9999.0 -9999.0 -9999.0 -9999.0 -9999.0 -9999.0 -9999.0 -9999.0 -9999.0 -9999.0 -9999.0 -9999.0 -9999.0 -9999.0 -9999.0 -9999.0 -9999.0 -9999.0 -9999.0 -9999.0 -9999.0 -9999.0 -9999.0 -9999.0 -9999.0 -9999.0 -9999.0 -9999.0 -9999.0 -9999.0 -9999.0 -9999.0 -9999.0 -9999.0 -9999.0 -9999.0 -9999.0 -9999.0 -9999.0 -9999.0 -9999.0 -9999.0 -9999.0 -9999.0 -9999.0 -9999.0 -9999.0 -9999.0 -9999.0 -9999.0 -9999.0 -9999.0 -9999.0 -9999.0 -9999.0 -9999.0
-9999.0 -9999.0 -9999.0 -9999.0 -9999.0 -9999.0 -9999.0 -9999.0 -9999.0 -9999.0 -9999.0 -9999.0 -9999.0 -9999.0 -9999.0 -9999.0 -9999.0 -9999.0 -9999.0 -9999.0 -9999.0 -9999.0 -9999.0 -9999.0 -9999.0 -9999.0 -9999.0 -9999.0 -9999.0 -9999.0 -9999.0 -9999.0 -9999.0 -9999.0 -9999.0 -9999.0 -9999.0 -9999.0 -9999.0 -9999.0 -9999.0 -9999.0 -9999.0 -9999.0 -9999.0 -9999.0 -9999.0 -9999.0 -9999.0 -9999.0 -9999.0 -9999.0 -9999.0 -9999.0 -9999.0 -9999.0 -9999.0 -9999.0 -9999.0 -9999.0 -9999.0 -9999.0 -9999.0 -9999.0 -9999.0 -9999.0 -9999.0 -9999.0 -9999.0 -9999.0 -9999.0 -9999.0 -9999.0 -9999.0 -9999.0 -9999.0 -9999.0 -9999.0 -9999.0 -9999.0 -9999.0 -9999.0 -9999.0 -9999.0 -9999.0 -9999.0 -9999.0 -9999.0 -9999.0 -9999.0 -9999.0 -9999.0 -9999.0 -9999.0 -9999.0 -9999.0 -9999.0 -9999.0 -9999.0 -9999.0 -9999.0 -9999.0 -9999.0 -9999.0