inst/processing_geotop_simulation/geotop_simulation/out/maps3D/PwL0021N0443.asc
ncols         104
nrows         10
xllcorner     -2.000000
yllcorner     0.000000
cellsize      1.000000
NODATA_value  -9999.0
-9999.0 -9999.0 -9999.0 -9999.0 -9999.0 -9999.0 -9999.0 -9999.0 -9999.0 -9999.0 -9999.0 -9999.0 -9999.0 -9999.0 -9999.0 -9999.0 -9999.0 -9999.0 -9999.0 -9999.0 -9999.0 -9999.0 -9999.0 -9999.0 -9999.0 -9999.0 -9999.0 -9999.0 -9999.0 -9999.0 -9999.0 -9999.0 -9999.0 -9999.0 -9999.0 -9999.0 -9999.0 -9999.0 -9999.0 -9999.0 -9999.0 -9999.0 -9999.0 -9999.0 -9999.0 -9999.0 -9999.0 -9999.0 -9999.0 -9999.0 -9999.0 -9999.0 -9999.0 -9999.0 -9999.0 -9999.0 -9999.0 -9999.0 -9999.0 -9999.0 -9999.0 -9999.0 -9999.0 -9999.0 -9999.0 -9999.0 -9999.0 -9999.0 -9999.0 -9999.0 -9999.0 -9999.0 -9999.0 -9999.0 -9999.0 -9999.0 -9999.0 -9999.0 -9999.0 -9999.0 -9999.0 -9999.0 -9999.0 -9999.0 -9999.0 -9999.0 -9999.0 -9999.0 -9999.0 -9999.0 -9999.0 -9999.0 -9999.0 -9999.0 -9999.0 -9999.0 -9999.0 -9999.0 -9999.0 -9999.0 -9999.0 -9999.0 -9999.0 -9999.0
-9999.0 -9999.0 -9999.0 -9999.0 -9999.0 -9999.0 -9999.0 -9999.0 -9999.0 -9999.0 -9999.0 -9999.0 -9999.0 -9999.0 -9999.0 -9999.0 -9999.0 -9999.0 -9999.0 -9999.0 -9999.0 -9999.0 -9999.0 -9999.0 -9999.0 -9999.0 -9999.0 -9999.0 -9999.0 -9999.0 -9999.0 -9999.0 -9999.0 -9999.0 -9999.0 -9999.0 -9999.0 -9999.0 -9999.0 -9999.0 -9999.0 -9999.0 -9999.0 -9999.0 -9999.0 -9999.0 -9999.0 -9999.0 -9999.0 -9999.0 -9999.0 -9999.0 -9999.0 -9999.0 -9999.0 -9999.0 -9999.0 -9999.0 -9999.0 -9999.0 -9999.0 -9999.0 -9999.0 -9999.0 -9999.0 -9999.0 -9999.0 -9999.0 -9999.0 -9999.0 -9999.0 -9999.0 -9999.0 -9999.0 -9999.0 -9999.0 -9999.0 -9999.0 -9999.0 -9999.0 -9999.0 -9999.0 -9999.0 -9999.0 -9999.0 -9999.0 -9999.0 -9999.0 -9999.0 -9999.0 -9999.0 -9999.0 -9999.0 -9999.0 -9999.0 -9999.0 -9999.0 -9999.0 -9999.0 -9999.0 -9999.0 -9999.0 -9999.0 -9999.0
-9999.0 -9999.0 1017.732720 918.524411 819.278688 719.940347 620.548842 521.133470 421.710994 322.290741 222.877981 123.475788 24.086483 -75.285839 -174.641455 -273.973232 -373.264506 -472.484175 -571.574159 -670.427218 -769.105702 -867.704968 -965.935310 -1063.598963 -1158.440586 -1247.168268 -1329.054875 -1402.296525 -1465.597948 -1518.418452 -1561.024246 -1594.343406 -1619.706732 -1638.581597 -1652.371446 -1662.304622 -1669.410159 -1674.599882 -1678.968564 -1684.485141 -1694.564185 -1714.502783 -1717.111200 -2760.756623 -3877.458354 -3869.890586 -3443.921278 -2965.855884 -2695.586583 -2523.925807 -2399.086454 -2292.843495 -2227.367514 -2184.661064 -2144.717085 -2102.469472 -2056.265928 -2006.563525 -1954.968892 -1902.453194 -1834.708426 -1506.845736 -1669.870213 -1687.350744 -1686.964862 -1686.029975 -1685.736226 -1685.671621 -1685.660002 -1685.658569 -1685.658880 -1685.659420 -1685.659936 -1685.660398 -1685.660816 -1685.661201 -1685.661565 -1685.661917 -1685.662263 -1685.662610 -1685.662967 -1685.663343 -1685.663753 -1685.664215 -1685.664758 -1685.665430 -1685.666306 -1685.667512 -1685.669270 -1685.671971 -1685.676348 -1685.683801 -1685.697099 -1685.721870 -1685.769967 -1685.867577 -1686.076160 -1686.549602 -1687.698686 -1690.701756 -1699.248754 -1726.129102 -9999.0 -9999.0
-9999.0 -9999.0 1017.735160 918.525379 819.279014 719.940456 620.548879 521.133484 421.710999 322.290743 222.877982 123.475789 24.086483 -75.285839 -174.641455 -273.973232 -373.264506 -472.484176 -571.574159 -670.427218 -769.105702 -867.704968 -965.935310 -1063.598964 -1158.440586 -1247.168268 -1329.054876 -1402.296525 -1465.597948 -1518.418452 -1561.024246 -1594.343406 -1619.706732 -1638.581597 -1652.371446 -1662.304622 -1669.410159 -1674.599882 -1678.968564 -1684.485141 -1694.564185 -1714.502783 -1717.111200 -2760.756622 -3877.458354 -3869.890586 -3443.921278 -2965.855883 -2695.586583 -2523.925806 -2399.086452 -2292.843494 -2227.367514 -2184.661064 -2144.717085 -2102.469472 -2056.265928 -2006.563525 -1954.968891 -1902.453194 -1834.708426 -1506.845737 -1669.870213 -1687.350744 -1686.964862 -1686.029975 -1685.736226 -1685.671621 -1685.660002 -1685.658569 -1685.658880 -1685.659420 -1685.659936 -1685.660398 -1685.660816 -1685.661201 -1685.661565 -1685.661917 -1685.662263 -1685.662610 -1685.662967 -1685.663343 -1685.663753 -1685.664215 -1685.664758 -1685.665430 -1685.666306 -1685.667512 -1685.669269 -1685.671971 -1685.676348 -1685.683801 -1685.697099 -1685.721870 -1685.769967 -1685.867577 -1686.076160 -1686.549602 -1687.698686 -1690.701756 -1699.248754 -1726.129102 -9999.0 -9999.0
-9999.0 -9999.0 1017.736146 918.525914 819.279242 719.940544 620.548912 521.133496 421.711004 322.290745 222.877983 123.475789 24.086484 -75.285838 -174.641455 -273.973232 -373.264506 -472.484176 -571.574160 -670.427219 -769.105702 -867.704968 -965.935310 -1063.598964 -1158.440586 -1247.168268 -1329.054876 -1402.296525 -1465.597948 -1518.418452 -1561.024246 -1594.343406 -1619.706732 -1638.581597 -1652.371446 -1662.304622 -1669.410159 -1674.599882 -1678.968564 -1684.485141 -1694.564185 -1714.502783 -1717.111200 -2760.756622 -3877.458354 -3869.890586 -3443.921277 -2965.855883 -2695.586582 -2523.925805 -2399.086451 -2292.843494 -2227.367514 -2184.661063 -2144.717085 -2102.469472 -2056.265928 -2006.563525 -1954.968891 -1902.453194 -1834.708425 -1506.845736 -1669.870213 -1687.350744 -1686.964862 -1686.029975 -1685.736226 -1685.671621 -1685.660002 -1685.658569 -1685.658880 -1685.659420 -1685.659936 -1685.660398 -1685.660816 -1685.661201 -1685.661565 -1685.661917 -1685.662263 -1685.662610 -1685.662967 -1685.663343 -1685.663753 -1685.664215 -1685.664758 -1685.665430 -1685.666306 -1685.667512 -1685.669269 -1685.671971 -1685.676348 -1685.683801 -1685.697099 -1685.721870 -1685.769967 -1685.867577 -1686.076160 -1686.549602 -1687.698686 -1690.701756 -1699.248754 -1726.129102 -9999.0 -9999.0
-9999.0 -9999.0 1017.736146 918.525914 819.279242 719.940544 620.548912 521.133496 421.711004 322.290745 222.877983 123.475789 24.086484 -75.285839 -174.641455 -273.973232 -373.264506 -472.484176 -571.574160 -670.427219 -769.105702 -867.704968 -965.935310 -1063.598964 -1158.440586 -1247.168268 -1329.054876 -1402.296525 -1465.597948 -1518.418452 -1561.024246 -1594.343406 -1619.706732 -1638.581597 -1652.371446 -1662.304622 -1669.410159 -1674.599882 -1678.968564 -1684.485141 -1694.564185 -1714.502783 -1717.111200 -2760.756622 -3877.458354 -3869.890586 -3443.921277 -2965.855883 -2695.586583 -2523.925805 -2399.086452 -2292.843494 -2227.367514 -2184.661063 -2144.717085 -2102.469472 -2056.265928 -2006.563525 -1954.968891 -1902.453194 -1834.708425 -1506.845736 -1669.870213 -1687.350744 -1686.964862 -1686.029975 -1685.736226 -1685.671621 -1685.660002 -1685.658569 -1685.658880 -1685.659420 -1685.659936 -1685.660398 -1685.660816 -1685.661201 -1685.661565 -1685.661917 -1685.662263 -1685.662610 -1685.662967 -1685.663343 -1685.663753 -1685.664215 -1685.664758 -1685.665430 -1685.666306 -1685.667512 -1685.669269 -1685.671971 -1685.676348 -1685.683801 -1685.697099 -1685.721870 -1685.769967 -1685.867577 -1686.076160 -1686.549602 -1687.698686 -1690.701756 -1699.248754 -1726.129102 -9999.0 -9999.0
-9999.0 -9999.0 1017.735160 918.525379 819.279014 719.940456 620.548879 521.133483 421.710999 322.290744 222.877982 123.475789 24.086483 -75.285839 -174.641455 -273.973232 -373.264506 -472.484175 -571.574159 -670.427218 -769.105702 -867.704968 -965.935310 -1063.598964 -1158.440586 -1247.168268 -1329.054876 -1402.296525 -1465.597948 -1518.418452 -1561.024246 -1594.343406 -1619.706732 -1638.581597 -1652.371446 -1662.304622 -1669.410159 -1674.599882 -1678.968564 -1684.485141 -1694.564185 -1714.502783 -1717.111200 -2760.756622 -3877.458354 -3869.890586 -3443.921278 -2965.855883 -2695.586583 -2523.925806 -2399.086452 -2292.843494 -2227.367514 -2184.661063 -2144.717085 -2102.469472 -2056.265928 -2006.563525 -1954.968891 -1902.453194 -1834.708426 -1506.845737 -1669.870213 -1687.350744 -1686.964862 -1686.029975 -1685.736226 -1685.671621 -1685.660002 -1685.658569 -1685.658880 -1685.659420 -1685.659936 -1685.660398 -1685.660816 -1685.661201 -1685.661565 -1685.661917 -1685.662263 -1685.662610 -1685.662967 -1685.663343 -1685.663753 -1685.664215 -1685.664758 -1685.665430 -1685.666306 -1685.667512 -1685.669269 -1685.671971 -1685.676348 -1685.683801 -1685.697099 -1685.721870 -1685.769967 -1685.867577 -1686.076160 -1686.549602 -1687.698686 -1690.701756 -1699.248754 -1726.129102 -9999.0 -9999.0
-9999.0 -9999.0 1017.732719 918.524411 819.278688 719.940347 620.548842 521.133470 421.710994 322.290741 222.877981 123.475788 24.086483 -75.285839 -174.641455 -273.973233 -373.264506 -472.484175 -571.574159 -670.427218 -769.105702 -867.704968 -965.935310 -1063.598963 -1158.440586 -1247.168268 -1329.054876 -1402.296525 -1465.597948 -1518.418452 -1561.024246 -1594.343406 -1619.706732 -1638.581597 -1652.371446 -1662.304622 -1669.410159 -1674.599882 -1678.968564 -1684.485141 -1694.564185 -1714.502783 -1717.111200 -2760.756623 -3877.458354 -3869.890586 -3443.921278 -2965.855884 -2695.586583 -2523.925807 -2399.086454 -2292.843495 -2227.367514 -2184.661064 -2144.717085 -2102.469472 -2056.265928 -2006.563525 -1954.968892 -1902.453194 -1834.708426 -1506.845737 -1669.870213 -1687.350744 -1686.964862 -1686.029975 -1685.736226 -1685.671621 -1685.660002 -1685.658569 -1685.658880 -1685.659420 -1685.659936 -1685.660398 -1685.660816 -1685.661201 -1685.661565 -1685.661917 -1685.662263 -1685.662610 -1685.662967 -1685.663343 -1685.663753 -1685.664215 -1685.664758 -1685.665430 -1685.666306 -1685.667512 -1685.669270 -1685.671971 -1685.676348 -1685.683801 -1685.697099 -1685.721870 -1685.769967 -1685.867577 -1686.076160 -1686.549602 -1687.698686 -1690.701756 -1699.248754 -1726.129102 -9999.0 -9999.0
-9999.0 -9999.0 -9999.0 -9999.0 -9999.0 -9999.0 -9999.0 -9999.0 -9999.0 -9999.0 -9999.0 -9999.0 -9999.0 -9999.0 -9999.0 -9999.0 -9999.0 -9999.0 -9999.0 -9999.0 -9999.0 -9999.0 -9999.0 -9999.0 -9999.0 -9999.0 -9999.0 -9999.0 -9999.0 -9999.0 -9999.0 -9999.0 -9999.0 -9999.0 -9999.0 -9999.0 -9999.0 -9999.0 -9999.0 -9999.0 -9999.0 -9999.0 -9999.0 -9999.0 -9999.0 -9999.0 -9999.0 -9999.0 -9999.0 -9999.0 -9999.0 -9999.0 -9999.0 -9999.0 -9999.0 -9999.0 -9999.0 -9999.0 -9999.0 -9999.0 -9999.0 -9999.0 -9999.0 -9999.0 -9999.0 -9999.0 -9999.0 -9999.0 -9999.0 -9999.0 -9999.0 -9999.0 -9999.0 -9999.0 -9999.0 -9999.0 -9999.0 -9999.0 -9999.0 -9999.0 -9999.0 -9999.0 -9999.0 -9999.0 -9999.0 -9999.0 -9999.0 -9999.0 -9999.0 -9999.0 -9999.0 -9999.0 -9999.0 -9999.0 -9999.0 -9999.0 -9999.0 -9999.0 -9999.0 -9999.0 -9999.0 -9999.0 -9999.0 -9999.0
-9999.0 -9999.0 -9999.0 -9999.0 -9999.0 -9999.0 -9999.0 -9999.0 -9999.0 -9999.0 -9999.0 -9999.0 -9999.0 -9999.0 -9999.0 -9999.0 -9999.0 -9999.0 -9999.0 -9999.0 -9999.0 -9999.0 -9999.0 -9999.0 -9999.0 -9999.0 -9999.0 -9999.0 -9999.0 -9999.0 -9999.0 -9999.0 -9999.0 -9999.0 -9999.0 -9999.0 -9999.0 -9999.0 -9999.0 -9999.0 -9999.0 -9999.0 -9999.0 -9999.0 -9999.0 -9999.0 -9999.0 -9999.0 -9999.0 -9999.0 -9999.0 -9999.0 -9999.0 -9999.0 -9999.0 -9999.0 -9999.0 -9999.0 -9999.0 -9999.0 -9999.0 -9999.0 -9999.0 -9999.0 -9999.0 -9999.0 -9999.0 -9999.0 -9999.0 -9999.0 -9999.0 -9999.0 -9999.0 -9999.0 -9999.0 -9999.0 -9999.0 -9999.0 -9999.0 -9999.0 -9999.0 -9999.0 -9999.0 -9999.0 -9999.0 -9999.0 -9999.0 -9999.0 -9999.0 -9999.0 -9999.0 -9999.0 -9999.0 -9999.0 -9999.0 -9999.0 -9999.0 -9999.0 -9999.0 -9999.0 -9999.0 -9999.0 -9999.0 -9999.0