inst/processing_geotop_simulation/geotop_simulation/out/maps3D/PwL0014N0204.asc
ncols         104
nrows         10
xllcorner     -2.000000
yllcorner     0.000000
cellsize      1.000000
NODATA_value  -9999.0
-9999.0 -9999.0 -9999.0 -9999.0 -9999.0 -9999.0 -9999.0 -9999.0 -9999.0 -9999.0 -9999.0 -9999.0 -9999.0 -9999.0 -9999.0 -9999.0 -9999.0 -9999.0 -9999.0 -9999.0 -9999.0 -9999.0 -9999.0 -9999.0 -9999.0 -9999.0 -9999.0 -9999.0 -9999.0 -9999.0 -9999.0 -9999.0 -9999.0 -9999.0 -9999.0 -9999.0 -9999.0 -9999.0 -9999.0 -9999.0 -9999.0 -9999.0 -9999.0 -9999.0 -9999.0 -9999.0 -9999.0 -9999.0 -9999.0 -9999.0 -9999.0 -9999.0 -9999.0 -9999.0 -9999.0 -9999.0 -9999.0 -9999.0 -9999.0 -9999.0 -9999.0 -9999.0 -9999.0 -9999.0 -9999.0 -9999.0 -9999.0 -9999.0 -9999.0 -9999.0 -9999.0 -9999.0 -9999.0 -9999.0 -9999.0 -9999.0 -9999.0 -9999.0 -9999.0 -9999.0 -9999.0 -9999.0 -9999.0 -9999.0 -9999.0 -9999.0 -9999.0 -9999.0 -9999.0 -9999.0 -9999.0 -9999.0 -9999.0 -9999.0 -9999.0 -9999.0 -9999.0 -9999.0 -9999.0 -9999.0 -9999.0 -9999.0 -9999.0 -9999.0
-9999.0 -9999.0 -9999.0 -9999.0 -9999.0 -9999.0 -9999.0 -9999.0 -9999.0 -9999.0 -9999.0 -9999.0 -9999.0 -9999.0 -9999.0 -9999.0 -9999.0 -9999.0 -9999.0 -9999.0 -9999.0 -9999.0 -9999.0 -9999.0 -9999.0 -9999.0 -9999.0 -9999.0 -9999.0 -9999.0 -9999.0 -9999.0 -9999.0 -9999.0 -9999.0 -9999.0 -9999.0 -9999.0 -9999.0 -9999.0 -9999.0 -9999.0 -9999.0 -9999.0 -9999.0 -9999.0 -9999.0 -9999.0 -9999.0 -9999.0 -9999.0 -9999.0 -9999.0 -9999.0 -9999.0 -9999.0 -9999.0 -9999.0 -9999.0 -9999.0 -9999.0 -9999.0 -9999.0 -9999.0 -9999.0 -9999.0 -9999.0 -9999.0 -9999.0 -9999.0 -9999.0 -9999.0 -9999.0 -9999.0 -9999.0 -9999.0 -9999.0 -9999.0 -9999.0 -9999.0 -9999.0 -9999.0 -9999.0 -9999.0 -9999.0 -9999.0 -9999.0 -9999.0 -9999.0 -9999.0 -9999.0 -9999.0 -9999.0 -9999.0 -9999.0 -9999.0 -9999.0 -9999.0 -9999.0 -9999.0 -9999.0 -9999.0 -9999.0 -9999.0
-9999.0 -9999.0 678.137148 582.587975 486.079546 388.924767 291.467501 193.879506 96.246498 -1.384157 -98.978143 -196.515869 -293.931775 -391.087397 -487.740164 -583.554334 -677.991574 -773.153368 -867.789149 -961.638979 -1054.362310 -1136.944934 -1209.742324 -1270.721638 -1319.385661 -1356.598343 -1384.057099 -1403.736762 -1417.508618 -1426.957886 -1433.337014 -1437.587718 -1440.391738 -1442.227935 -1443.424884 -1444.206048 -1444.730159 -1445.149540 -1445.831122 -1448.445465 -1460.377035 -1516.554320 -2028.030045 -4248.574370 -4282.075933 -4281.923007 -4281.779054 -4281.755828 -4281.753433 -4281.753681 -4281.754301 -4281.754963 -4281.755598 -4281.756184 -4281.756725 -4281.757333 -4281.759136 -4281.771905 -4281.854870 -4281.980191 -4226.720480 -1886.319859 -1482.488289 -1453.619252 -1447.199881 -1446.001701 -1445.811243 -1445.782471 -1445.778680 -1445.778911 -1445.779698 -1445.780423 -1445.780996 -1445.781436 -1445.781774 -1445.782037 -1445.782246 -1445.782416 -1445.782558 -1445.782686 -1445.782810 -1445.782949 -1445.783123 -1445.783363 -1445.783717 -1445.784259 -1445.785112 -1445.786476 -1445.788696 -1445.792372 -1445.798599 -1445.809434 -1445.828847 -1445.864691 -1445.932760 -1446.065500 -1446.332245 -1446.891216 -1448.133589 -1451.101259 -1458.856185 -1482.468128 -9999.0 -9999.0
-9999.0 -9999.0 678.142066 582.589568 486.080022 388.924915 291.467549 193.879522 96.246504 -1.384155 -98.978143 -196.515869 -293.931775 -391.087397 -487.740164 -583.554334 -677.991574 -773.153368 -867.789149 -961.638979 -1054.362310 -1136.944935 -1209.742325 -1270.721638 -1319.385661 -1356.598344 -1384.057099 -1403.736762 -1417.508618 -1426.957886 -1433.337015 -1437.587718 -1440.391738 -1442.227935 -1443.424884 -1444.206048 -1444.730159 -1445.149540 -1445.831122 -1448.445465 -1460.377035 -1516.554320 -2028.030045 -4248.574370 -4282.075933 -4281.923007 -4281.779054 -4281.755828 -4281.753433 -4281.753681 -4281.754301 -4281.754963 -4281.755598 -4281.756184 -4281.756725 -4281.757333 -4281.759136 -4281.771905 -4281.854870 -4281.980191 -4226.720480 -1886.319859 -1482.488289 -1453.619252 -1447.199881 -1446.001701 -1445.811243 -1445.782471 -1445.778680 -1445.778911 -1445.779698 -1445.780423 -1445.780996 -1445.781436 -1445.781774 -1445.782037 -1445.782246 -1445.782416 -1445.782558 -1445.782686 -1445.782810 -1445.782949 -1445.783123 -1445.783363 -1445.783717 -1445.784259 -1445.785112 -1445.786476 -1445.788696 -1445.792372 -1445.798599 -1445.809434 -1445.828847 -1445.864691 -1445.932760 -1446.065500 -1446.332245 -1446.891216 -1448.133589 -1451.101259 -1458.856185 -1482.468128 -9999.0 -9999.0
-9999.0 -9999.0 678.143540 582.590339 486.080338 388.925033 291.467592 193.879537 96.246510 -1.384153 -98.978142 -196.515868 -293.931774 -391.087397 -487.740164 -583.554334 -677.991574 -773.153369 -867.789149 -961.638979 -1054.362310 -1136.944935 -1209.742325 -1270.721638 -1319.385662 -1356.598344 -1384.057099 -1403.736762 -1417.508618 -1426.957886 -1433.337015 -1437.587718 -1440.391738 -1442.227935 -1443.424884 -1444.206048 -1444.730159 -1445.149540 -1445.831122 -1448.445465 -1460.377035 -1516.554320 -2028.030045 -4248.574370 -4282.075933 -4281.923007 -4281.779054 -4281.755828 -4281.753433 -4281.753681 -4281.754301 -4281.754963 -4281.755598 -4281.756184 -4281.756725 -4281.757333 -4281.759136 -4281.771905 -4281.854870 -4281.980191 -4226.720480 -1886.319859 -1482.488289 -1453.619252 -1447.199881 -1446.001701 -1445.811243 -1445.782471 -1445.778680 -1445.778911 -1445.779698 -1445.780423 -1445.780996 -1445.781436 -1445.781774 -1445.782037 -1445.782246 -1445.782416 -1445.782558 -1445.782686 -1445.782810 -1445.782949 -1445.783123 -1445.783363 -1445.783717 -1445.784259 -1445.785112 -1445.786476 -1445.788696 -1445.792372 -1445.798599 -1445.809434 -1445.828847 -1445.864691 -1445.932760 -1446.065500 -1446.332245 -1446.891216 -1448.133589 -1451.101259 -1458.856185 -1482.468128 -9999.0 -9999.0
-9999.0 -9999.0 678.143540 582.590339 486.080338 388.925033 291.467592 193.879537 96.246510 -1.384153 -98.978142 -196.515868 -293.931774 -391.087397 -487.740164 -583.554334 -677.991574 -773.153369 -867.789149 -961.638979 -1054.362310 -1136.944935 -1209.742325 -1270.721638 -1319.385662 -1356.598344 -1384.057099 -1403.736762 -1417.508618 -1426.957886 -1433.337015 -1437.587718 -1440.391738 -1442.227935 -1443.424884 -1444.206048 -1444.730159 -1445.149540 -1445.831122 -1448.445465 -1460.377035 -1516.554320 -2028.030045 -4248.574370 -4282.075933 -4281.923007 -4281.779054 -4281.755828 -4281.753433 -4281.753681 -4281.754301 -4281.754963 -4281.755598 -4281.756184 -4281.756725 -4281.757333 -4281.759136 -4281.771905 -4281.854870 -4281.980191 -4226.720480 -1886.319859 -1482.488289 -1453.619252 -1447.199881 -1446.001701 -1445.811243 -1445.782471 -1445.778680 -1445.778911 -1445.779698 -1445.780423 -1445.780996 -1445.781436 -1445.781774 -1445.782037 -1445.782246 -1445.782416 -1445.782558 -1445.782686 -1445.782810 -1445.782949 -1445.783123 -1445.783363 -1445.783717 -1445.784259 -1445.785112 -1445.786476 -1445.788696 -1445.792372 -1445.798599 -1445.809434 -1445.828847 -1445.864691 -1445.932760 -1446.065500 -1446.332245 -1446.891216 -1448.133589 -1451.101259 -1458.856185 -1482.468128 -9999.0 -9999.0
-9999.0 -9999.0 678.142066 582.589568 486.080022 388.924915 291.467549 193.879522 96.246504 -1.384155 -98.978143 -196.515869 -293.931775 -391.087397 -487.740164 -583.554334 -677.991574 -773.153368 -867.789149 -961.638979 -1054.362310 -1136.944935 -1209.742325 -1270.721638 -1319.385661 -1356.598344 -1384.057099 -1403.736762 -1417.508618 -1426.957886 -1433.337015 -1437.587718 -1440.391738 -1442.227935 -1443.424884 -1444.206048 -1444.730159 -1445.149540 -1445.831122 -1448.445465 -1460.377035 -1516.554320 -2028.030045 -4248.574370 -4282.075933 -4281.923007 -4281.779054 -4281.755828 -4281.753433 -4281.753681 -4281.754301 -4281.754963 -4281.755598 -4281.756184 -4281.756725 -4281.757333 -4281.759136 -4281.771905 -4281.854870 -4281.980191 -4226.720480 -1886.319859 -1482.488289 -1453.619252 -1447.199881 -1446.001701 -1445.811243 -1445.782471 -1445.778680 -1445.778911 -1445.779698 -1445.780423 -1445.780996 -1445.781436 -1445.781774 -1445.782037 -1445.782246 -1445.782416 -1445.782558 -1445.782686 -1445.782810 -1445.782949 -1445.783123 -1445.783363 -1445.783717 -1445.784259 -1445.785112 -1445.786476 -1445.788696 -1445.792372 -1445.798599 -1445.809434 -1445.828847 -1445.864691 -1445.932760 -1446.065500 -1446.332245 -1446.891216 -1448.133589 -1451.101259 -1458.856185 -1482.468128 -9999.0 -9999.0
-9999.0 -9999.0 678.137148 582.587975 486.079546 388.924767 291.467501 193.879506 96.246498 -1.384157 -98.978143 -196.515869 -293.931775 -391.087397 -487.740164 -583.554334 -677.991574 -773.153368 -867.789149 -961.638979 -1054.362310 -1136.944934 -1209.742324 -1270.721638 -1319.385661 -1356.598343 -1384.057099 -1403.736762 -1417.508618 -1426.957886 -1433.337014 -1437.587718 -1440.391738 -1442.227935 -1443.424884 -1444.206048 -1444.730159 -1445.149540 -1445.831122 -1448.445465 -1460.377035 -1516.554320 -2028.030045 -4248.574370 -4282.075933 -4281.923007 -4281.779054 -4281.755828 -4281.753433 -4281.753681 -4281.754301 -4281.754963 -4281.755598 -4281.756184 -4281.756725 -4281.757333 -4281.759136 -4281.771905 -4281.854870 -4281.980191 -4226.720480 -1886.319859 -1482.488289 -1453.619252 -1447.199881 -1446.001701 -1445.811243 -1445.782471 -1445.778680 -1445.778911 -1445.779698 -1445.780423 -1445.780996 -1445.781436 -1445.781774 -1445.782037 -1445.782246 -1445.782416 -1445.782558 -1445.782686 -1445.782810 -1445.782949 -1445.783123 -1445.783363 -1445.783717 -1445.784259 -1445.785112 -1445.786476 -1445.788696 -1445.792372 -1445.798599 -1445.809434 -1445.828847 -1445.864691 -1445.932760 -1446.065500 -1446.332245 -1446.891216 -1448.133589 -1451.101259 -1458.856185 -1482.468128 -9999.0 -9999.0
-9999.0 -9999.0 -9999.0 -9999.0 -9999.0 -9999.0 -9999.0 -9999.0 -9999.0 -9999.0 -9999.0 -9999.0 -9999.0 -9999.0 -9999.0 -9999.0 -9999.0 -9999.0 -9999.0 -9999.0 -9999.0 -9999.0 -9999.0 -9999.0 -9999.0 -9999.0 -9999.0 -9999.0 -9999.0 -9999.0 -9999.0 -9999.0 -9999.0 -9999.0 -9999.0 -9999.0 -9999.0 -9999.0 -9999.0 -9999.0 -9999.0 -9999.0 -9999.0 -9999.0 -9999.0 -9999.0 -9999.0 -9999.0 -9999.0 -9999.0 -9999.0 -9999.0 -9999.0 -9999.0 -9999.0 -9999.0 -9999.0 -9999.0 -9999.0 -9999.0 -9999.0 -9999.0 -9999.0 -9999.0 -9999.0 -9999.0 -9999.0 -9999.0 -9999.0 -9999.0 -9999.0 -9999.0 -9999.0 -9999.0 -9999.0 -9999.0 -9999.0 -9999.0 -9999.0 -9999.0 -9999.0 -9999.0 -9999.0 -9999.0 -9999.0 -9999.0 -9999.0 -9999.0 -9999.0 -9999.0 -9999.0 -9999.0 -9999.0 -9999.0 -9999.0 -9999.0 -9999.0 -9999.0 -9999.0 -9999.0 -9999.0 -9999.0 -9999.0 -9999.0
-9999.0 -9999.0 -9999.0 -9999.0 -9999.0 -9999.0 -9999.0 -9999.0 -9999.0 -9999.0 -9999.0 -9999.0 -9999.0 -9999.0 -9999.0 -9999.0 -9999.0 -9999.0 -9999.0 -9999.0 -9999.0 -9999.0 -9999.0 -9999.0 -9999.0 -9999.0 -9999.0 -9999.0 -9999.0 -9999.0 -9999.0 -9999.0 -9999.0 -9999.0 -9999.0 -9999.0 -9999.0 -9999.0 -9999.0 -9999.0 -9999.0 -9999.0 -9999.0 -9999.0 -9999.0 -9999.0 -9999.0 -9999.0 -9999.0 -9999.0 -9999.0 -9999.0 -9999.0 -9999.0 -9999.0 -9999.0 -9999.0 -9999.0 -9999.0 -9999.0 -9999.0 -9999.0 -9999.0 -9999.0 -9999.0 -9999.0 -9999.0 -9999.0 -9999.0 -9999.0 -9999.0 -9999.0 -9999.0 -9999.0 -9999.0 -9999.0 -9999.0 -9999.0 -9999.0 -9999.0 -9999.0 -9999.0 -9999.0 -9999.0 -9999.0 -9999.0 -9999.0 -9999.0 -9999.0 -9999.0 -9999.0 -9999.0 -9999.0 -9999.0 -9999.0 -9999.0 -9999.0 -9999.0 -9999.0 -9999.0 -9999.0 -9999.0 -9999.0 -9999.0