inst/processing_geotop_simulation/geotop_simulation/out/maps3D/PwL0004N0290.asc
ncols         104
nrows         10
xllcorner     -2.000000
yllcorner     0.000000
cellsize      1.000000
NODATA_value  -9999.0
-9999.0 -9999.0 -9999.0 -9999.0 -9999.0 -9999.0 -9999.0 -9999.0 -9999.0 -9999.0 -9999.0 -9999.0 -9999.0 -9999.0 -9999.0 -9999.0 -9999.0 -9999.0 -9999.0 -9999.0 -9999.0 -9999.0 -9999.0 -9999.0 -9999.0 -9999.0 -9999.0 -9999.0 -9999.0 -9999.0 -9999.0 -9999.0 -9999.0 -9999.0 -9999.0 -9999.0 -9999.0 -9999.0 -9999.0 -9999.0 -9999.0 -9999.0 -9999.0 -9999.0 -9999.0 -9999.0 -9999.0 -9999.0 -9999.0 -9999.0 -9999.0 -9999.0 -9999.0 -9999.0 -9999.0 -9999.0 -9999.0 -9999.0 -9999.0 -9999.0 -9999.0 -9999.0 -9999.0 -9999.0 -9999.0 -9999.0 -9999.0 -9999.0 -9999.0 -9999.0 -9999.0 -9999.0 -9999.0 -9999.0 -9999.0 -9999.0 -9999.0 -9999.0 -9999.0 -9999.0 -9999.0 -9999.0 -9999.0 -9999.0 -9999.0 -9999.0 -9999.0 -9999.0 -9999.0 -9999.0 -9999.0 -9999.0 -9999.0 -9999.0 -9999.0 -9999.0 -9999.0 -9999.0 -9999.0 -9999.0 -9999.0 -9999.0 -9999.0 -9999.0
-9999.0 -9999.0 -9999.0 -9999.0 -9999.0 -9999.0 -9999.0 -9999.0 -9999.0 -9999.0 -9999.0 -9999.0 -9999.0 -9999.0 -9999.0 -9999.0 -9999.0 -9999.0 -9999.0 -9999.0 -9999.0 -9999.0 -9999.0 -9999.0 -9999.0 -9999.0 -9999.0 -9999.0 -9999.0 -9999.0 -9999.0 -9999.0 -9999.0 -9999.0 -9999.0 -9999.0 -9999.0 -9999.0 -9999.0 -9999.0 -9999.0 -9999.0 -9999.0 -9999.0 -9999.0 -9999.0 -9999.0 -9999.0 -9999.0 -9999.0 -9999.0 -9999.0 -9999.0 -9999.0 -9999.0 -9999.0 -9999.0 -9999.0 -9999.0 -9999.0 -9999.0 -9999.0 -9999.0 -9999.0 -9999.0 -9999.0 -9999.0 -9999.0 -9999.0 -9999.0 -9999.0 -9999.0 -9999.0 -9999.0 -9999.0 -9999.0 -9999.0 -9999.0 -9999.0 -9999.0 -9999.0 -9999.0 -9999.0 -9999.0 -9999.0 -9999.0 -9999.0 -9999.0 -9999.0 -9999.0 -9999.0 -9999.0 -9999.0 -9999.0 -9999.0 -9999.0 -9999.0 -9999.0 -9999.0 -9999.0 -9999.0 -9999.0 -9999.0 -9999.0
-9999.0 -9999.0 176.382474 80.212658 -17.751516 -116.226396 -214.896403 -313.638181 -412.384578 -511.088418 -609.668781 -707.917529 -805.945418 -903.591202 -1001.047083 -1098.641109 -1195.229378 -1290.430280 -1383.518905 -1473.306111 -1557.219346 -1631.542935 -1693.347146 -1741.856840 -1778.242260 -1804.657798 -1823.406302 -1836.499395 -1845.527823 -1851.686297 -1855.847202 -1858.635354 -1860.490961 -1861.719463 -1862.530192 -1863.067115 -1863.437844 -1863.767641 -1864.408770 -1866.663555 -1872.316562 -1843.121803 -1147.204969 -1154.004028 -1140.901607 -1132.408419 -1128.428008 -1127.831396 -1127.768035 -1127.774625 -1127.791385 -1127.809394 -1127.826702 -1127.842729 -1127.857605 -1127.874899 -1127.928334 -1128.284991 -1130.403316 -1135.123480 -1141.726654 -1125.588921 -1818.997512 -1866.333411 -1865.301303 -1864.401169 -1864.210628 -1864.178719 -1864.174157 -1864.174074 -1864.174647 -1864.175209 -1864.175660 -1864.176006 -1864.176272 -1864.176480 -1864.176644 -1864.176778 -1864.176890 -1864.176991 -1864.177091 -1864.177202 -1864.177342 -1864.177536 -1864.177823 -1864.178264 -1864.178959 -1864.180072 -1864.181886 -1864.184899 -1864.190019 -1864.198960 -1864.215041 -1864.244836 -1864.301589 -1864.412613 -1864.636551 -1865.107908 -1866.161982 -1868.720616 -1875.708125 -1898.558665 -9999.0 -9999.0
-9999.0 -9999.0 176.392209 80.214652 -17.751009 -116.226248 -214.896356 -313.638165 -412.384572 -511.088415 -609.668780 -707.917528 -805.945418 -903.591202 -1001.047083 -1098.641109 -1195.229378 -1290.430280 -1383.518905 -1473.306111 -1557.219346 -1631.542935 -1693.347146 -1741.856840 -1778.242260 -1804.657798 -1823.406302 -1836.499395 -1845.527823 -1851.686297 -1855.847202 -1858.635354 -1860.490961 -1861.719463 -1862.530192 -1863.067115 -1863.437844 -1863.767641 -1864.408770 -1866.663555 -1872.316562 -1843.121803 -1147.204969 -1154.004028 -1140.901607 -1132.408418 -1128.428008 -1127.831396 -1127.768035 -1127.774625 -1127.791385 -1127.809394 -1127.826702 -1127.842729 -1127.857605 -1127.874899 -1127.928334 -1128.284991 -1130.403316 -1135.123480 -1141.726654 -1125.588921 -1818.997512 -1866.333411 -1865.301303 -1864.401169 -1864.210628 -1864.178719 -1864.174157 -1864.174074 -1864.174647 -1864.175209 -1864.175660 -1864.176006 -1864.176272 -1864.176480 -1864.176644 -1864.176778 -1864.176890 -1864.176991 -1864.177091 -1864.177202 -1864.177342 -1864.177536 -1864.177823 -1864.178264 -1864.178959 -1864.180072 -1864.181886 -1864.184899 -1864.190019 -1864.198960 -1864.215041 -1864.244836 -1864.301589 -1864.412613 -1864.636551 -1865.107908 -1866.161982 -1868.720616 -1875.708125 -1898.558665 -9999.0 -9999.0
-9999.0 -9999.0 176.393580 80.215464 -17.750688 -116.226132 -214.896314 -313.638150 -412.384567 -511.088413 -609.668779 -707.917528 -805.945417 -903.591202 -1001.047083 -1098.641109 -1195.229378 -1290.430280 -1383.518905 -1473.306111 -1557.219346 -1631.542935 -1693.347146 -1741.856840 -1778.242260 -1804.657798 -1823.406302 -1836.499395 -1845.527823 -1851.686297 -1855.847202 -1858.635354 -1860.490961 -1861.719463 -1862.530192 -1863.067115 -1863.437844 -1863.767641 -1864.408770 -1866.663555 -1872.316562 -1843.121803 -1147.204969 -1154.004028 -1140.901607 -1132.408418 -1128.428008 -1127.831396 -1127.768035 -1127.774625 -1127.791385 -1127.809394 -1127.826702 -1127.842729 -1127.857605 -1127.874899 -1127.928334 -1128.284991 -1130.403316 -1135.123480 -1141.726654 -1125.588921 -1818.997512 -1866.333411 -1865.301303 -1864.401169 -1864.210628 -1864.178719 -1864.174157 -1864.174074 -1864.174647 -1864.175209 -1864.175660 -1864.176006 -1864.176272 -1864.176480 -1864.176644 -1864.176778 -1864.176890 -1864.176991 -1864.177091 -1864.177202 -1864.177342 -1864.177536 -1864.177823 -1864.178264 -1864.178959 -1864.180072 -1864.181886 -1864.184899 -1864.190019 -1864.198960 -1864.215041 -1864.244836 -1864.301589 -1864.412613 -1864.636551 -1865.107908 -1866.161982 -1868.720616 -1875.708125 -1898.558665 -9999.0 -9999.0
-9999.0 -9999.0 176.393580 80.215464 -17.750688 -116.226132 -214.896314 -313.638150 -412.384567 -511.088413 -609.668779 -707.917528 -805.945417 -903.591202 -1001.047083 -1098.641109 -1195.229378 -1290.430280 -1383.518905 -1473.306111 -1557.219346 -1631.542935 -1693.347146 -1741.856840 -1778.242261 -1804.657798 -1823.406302 -1836.499395 -1845.527823 -1851.686297 -1855.847202 -1858.635354 -1860.490961 -1861.719463 -1862.530192 -1863.067115 -1863.437844 -1863.767641 -1864.408770 -1866.663555 -1872.316562 -1843.121803 -1147.204969 -1154.004028 -1140.901607 -1132.408418 -1128.428008 -1127.831396 -1127.768035 -1127.774625 -1127.791385 -1127.809394 -1127.826702 -1127.842729 -1127.857605 -1127.874899 -1127.928334 -1128.284991 -1130.403316 -1135.123480 -1141.726654 -1125.588921 -1818.997512 -1866.333411 -1865.301303 -1864.401169 -1864.210628 -1864.178719 -1864.174157 -1864.174074 -1864.174647 -1864.175209 -1864.175660 -1864.176006 -1864.176272 -1864.176480 -1864.176644 -1864.176778 -1864.176890 -1864.176991 -1864.177091 -1864.177202 -1864.177342 -1864.177536 -1864.177823 -1864.178264 -1864.178959 -1864.180072 -1864.181886 -1864.184899 -1864.190019 -1864.198960 -1864.215041 -1864.244836 -1864.301589 -1864.412613 -1864.636551 -1865.107908 -1866.161982 -1868.720616 -1875.708125 -1898.558665 -9999.0 -9999.0
-9999.0 -9999.0 176.392209 80.214652 -17.751009 -116.226248 -214.896356 -313.638165 -412.384572 -511.088415 -609.668780 -707.917528 -805.945418 -903.591202 -1001.047083 -1098.641109 -1195.229378 -1290.430280 -1383.518905 -1473.306111 -1557.219346 -1631.542935 -1693.347146 -1741.856840 -1778.242260 -1804.657798 -1823.406302 -1836.499395 -1845.527823 -1851.686297 -1855.847202 -1858.635354 -1860.490961 -1861.719463 -1862.530192 -1863.067115 -1863.437844 -1863.767641 -1864.408770 -1866.663555 -1872.316562 -1843.121803 -1147.204969 -1154.004028 -1140.901607 -1132.408418 -1128.428008 -1127.831396 -1127.768035 -1127.774625 -1127.791385 -1127.809394 -1127.826702 -1127.842729 -1127.857605 -1127.874899 -1127.928334 -1128.284991 -1130.403316 -1135.123480 -1141.726654 -1125.588921 -1818.997512 -1866.333411 -1865.301303 -1864.401169 -1864.210628 -1864.178719 -1864.174157 -1864.174074 -1864.174647 -1864.175209 -1864.175660 -1864.176006 -1864.176272 -1864.176480 -1864.176644 -1864.176778 -1864.176890 -1864.176991 -1864.177091 -1864.177202 -1864.177342 -1864.177536 -1864.177823 -1864.178264 -1864.178959 -1864.180072 -1864.181886 -1864.184899 -1864.190019 -1864.198960 -1864.215041 -1864.244836 -1864.301589 -1864.412613 -1864.636551 -1865.107908 -1866.161982 -1868.720616 -1875.708125 -1898.558665 -9999.0 -9999.0
-9999.0 -9999.0 176.382474 80.212658 -17.751516 -116.226396 -214.896403 -313.638181 -412.384578 -511.088418 -609.668781 -707.917529 -805.945418 -903.591202 -1001.047083 -1098.641109 -1195.229378 -1290.430280 -1383.518905 -1473.306111 -1557.219346 -1631.542935 -1693.347146 -1741.856840 -1778.242260 -1804.657798 -1823.406302 -1836.499395 -1845.527823 -1851.686297 -1855.847202 -1858.635354 -1860.490961 -1861.719463 -1862.530192 -1863.067115 -1863.437844 -1863.767641 -1864.408770 -1866.663555 -1872.316562 -1843.121803 -1147.204969 -1154.004028 -1140.901607 -1132.408419 -1128.428008 -1127.831396 -1127.768035 -1127.774625 -1127.791385 -1127.809394 -1127.826702 -1127.842729 -1127.857605 -1127.874899 -1127.928334 -1128.284991 -1130.403316 -1135.123480 -1141.726654 -1125.588921 -1818.997512 -1866.333411 -1865.301303 -1864.401169 -1864.210628 -1864.178719 -1864.174157 -1864.174074 -1864.174647 -1864.175209 -1864.175660 -1864.176006 -1864.176272 -1864.176480 -1864.176644 -1864.176778 -1864.176890 -1864.176991 -1864.177091 -1864.177202 -1864.177342 -1864.177536 -1864.177823 -1864.178264 -1864.178959 -1864.180072 -1864.181886 -1864.184899 -1864.190019 -1864.198960 -1864.215041 -1864.244836 -1864.301589 -1864.412613 -1864.636551 -1865.107908 -1866.161982 -1868.720616 -1875.708125 -1898.558665 -9999.0 -9999.0
-9999.0 -9999.0 -9999.0 -9999.0 -9999.0 -9999.0 -9999.0 -9999.0 -9999.0 -9999.0 -9999.0 -9999.0 -9999.0 -9999.0 -9999.0 -9999.0 -9999.0 -9999.0 -9999.0 -9999.0 -9999.0 -9999.0 -9999.0 -9999.0 -9999.0 -9999.0 -9999.0 -9999.0 -9999.0 -9999.0 -9999.0 -9999.0 -9999.0 -9999.0 -9999.0 -9999.0 -9999.0 -9999.0 -9999.0 -9999.0 -9999.0 -9999.0 -9999.0 -9999.0 -9999.0 -9999.0 -9999.0 -9999.0 -9999.0 -9999.0 -9999.0 -9999.0 -9999.0 -9999.0 -9999.0 -9999.0 -9999.0 -9999.0 -9999.0 -9999.0 -9999.0 -9999.0 -9999.0 -9999.0 -9999.0 -9999.0 -9999.0 -9999.0 -9999.0 -9999.0 -9999.0 -9999.0 -9999.0 -9999.0 -9999.0 -9999.0 -9999.0 -9999.0 -9999.0 -9999.0 -9999.0 -9999.0 -9999.0 -9999.0 -9999.0 -9999.0 -9999.0 -9999.0 -9999.0 -9999.0 -9999.0 -9999.0 -9999.0 -9999.0 -9999.0 -9999.0 -9999.0 -9999.0 -9999.0 -9999.0 -9999.0 -9999.0 -9999.0 -9999.0
-9999.0 -9999.0 -9999.0 -9999.0 -9999.0 -9999.0 -9999.0 -9999.0 -9999.0 -9999.0 -9999.0 -9999.0 -9999.0 -9999.0 -9999.0 -9999.0 -9999.0 -9999.0 -9999.0 -9999.0 -9999.0 -9999.0 -9999.0 -9999.0 -9999.0 -9999.0 -9999.0 -9999.0 -9999.0 -9999.0 -9999.0 -9999.0 -9999.0 -9999.0 -9999.0 -9999.0 -9999.0 -9999.0 -9999.0 -9999.0 -9999.0 -9999.0 -9999.0 -9999.0 -9999.0 -9999.0 -9999.0 -9999.0 -9999.0 -9999.0 -9999.0 -9999.0 -9999.0 -9999.0 -9999.0 -9999.0 -9999.0 -9999.0 -9999.0 -9999.0 -9999.0 -9999.0 -9999.0 -9999.0 -9999.0 -9999.0 -9999.0 -9999.0 -9999.0 -9999.0 -9999.0 -9999.0 -9999.0 -9999.0 -9999.0 -9999.0 -9999.0 -9999.0 -9999.0 -9999.0 -9999.0 -9999.0 -9999.0 -9999.0 -9999.0 -9999.0 -9999.0 -9999.0 -9999.0 -9999.0 -9999.0 -9999.0 -9999.0 -9999.0 -9999.0 -9999.0 -9999.0 -9999.0 -9999.0 -9999.0 -9999.0 -9999.0 -9999.0 -9999.0