inst/processing_geotop_simulation/geotop_simulation/out/maps3D/PwL0019N0056.asc
ncols         104
nrows         10
xllcorner     -2.000000
yllcorner     0.000000
cellsize      1.000000
NODATA_value  -9999.0
-9999.0 -9999.0 -9999.0 -9999.0 -9999.0 -9999.0 -9999.0 -9999.0 -9999.0 -9999.0 -9999.0 -9999.0 -9999.0 -9999.0 -9999.0 -9999.0 -9999.0 -9999.0 -9999.0 -9999.0 -9999.0 -9999.0 -9999.0 -9999.0 -9999.0 -9999.0 -9999.0 -9999.0 -9999.0 -9999.0 -9999.0 -9999.0 -9999.0 -9999.0 -9999.0 -9999.0 -9999.0 -9999.0 -9999.0 -9999.0 -9999.0 -9999.0 -9999.0 -9999.0 -9999.0 -9999.0 -9999.0 -9999.0 -9999.0 -9999.0 -9999.0 -9999.0 -9999.0 -9999.0 -9999.0 -9999.0 -9999.0 -9999.0 -9999.0 -9999.0 -9999.0 -9999.0 -9999.0 -9999.0 -9999.0 -9999.0 -9999.0 -9999.0 -9999.0 -9999.0 -9999.0 -9999.0 -9999.0 -9999.0 -9999.0 -9999.0 -9999.0 -9999.0 -9999.0 -9999.0 -9999.0 -9999.0 -9999.0 -9999.0 -9999.0 -9999.0 -9999.0 -9999.0 -9999.0 -9999.0 -9999.0 -9999.0 -9999.0 -9999.0 -9999.0 -9999.0 -9999.0 -9999.0 -9999.0 -9999.0 -9999.0 -9999.0 -9999.0 -9999.0
-9999.0 -9999.0 -9999.0 -9999.0 -9999.0 -9999.0 -9999.0 -9999.0 -9999.0 -9999.0 -9999.0 -9999.0 -9999.0 -9999.0 -9999.0 -9999.0 -9999.0 -9999.0 -9999.0 -9999.0 -9999.0 -9999.0 -9999.0 -9999.0 -9999.0 -9999.0 -9999.0 -9999.0 -9999.0 -9999.0 -9999.0 -9999.0 -9999.0 -9999.0 -9999.0 -9999.0 -9999.0 -9999.0 -9999.0 -9999.0 -9999.0 -9999.0 -9999.0 -9999.0 -9999.0 -9999.0 -9999.0 -9999.0 -9999.0 -9999.0 -9999.0 -9999.0 -9999.0 -9999.0 -9999.0 -9999.0 -9999.0 -9999.0 -9999.0 -9999.0 -9999.0 -9999.0 -9999.0 -9999.0 -9999.0 -9999.0 -9999.0 -9999.0 -9999.0 -9999.0 -9999.0 -9999.0 -9999.0 -9999.0 -9999.0 -9999.0 -9999.0 -9999.0 -9999.0 -9999.0 -9999.0 -9999.0 -9999.0 -9999.0 -9999.0 -9999.0 -9999.0 -9999.0 -9999.0 -9999.0 -9999.0 -9999.0 -9999.0 -9999.0 -9999.0 -9999.0 -9999.0 -9999.0 -9999.0 -9999.0 -9999.0 -9999.0 -9999.0 -9999.0
-9999.0 -9999.0 22.770027 -76.501212 -176.242163 -278.778632 -387.309241 -502.872390 -617.405879 -710.489689 -757.048867 -768.991419 -764.341492 -750.646866 -734.703153 -721.800610 -710.880069 -702.299735 -696.253490 -715.232103 -754.787504 -792.424181 -829.873144 -831.817769 -810.381637 -800.436861 -797.345179 -798.155364 -800.974201 -804.606261 -808.322023 -811.710254 -814.579002 -816.879248 -818.646014 -819.957181 -820.919216 -821.682977 -822.349828 -822.990308 -828.769112 -906.364326 -2262.538127 -4033.225533 -4034.653447 -4034.653465 -4034.653465 -4034.653465 -4034.653465 -4034.653462 -4034.653450 -4034.653399 -4034.653284 -4034.653101 -4034.652735 -4034.651880 -4034.649567 -4034.642427 -4034.617552 -4034.523116 -4031.791007 -2156.834251 -880.366485 -827.946680 -823.926503 -823.338703 -823.213966 -823.190521 -823.189376 -823.192441 -823.195712 -823.198392 -823.200449 -823.202012 -823.203212 -823.204148 -823.204894 -823.205497 -823.205999 -823.206439 -823.206864 -823.207328 -823.207903 -823.208692 -823.209852 -823.211624 -823.214398 -823.218812 -823.225928 -823.237573 -823.256987 -823.290129 -823.348338 -823.453825 -823.650889 -824.028574 -824.766914 -826.240003 -829.300221 -836.254763 -854.295174 -902.136821 -9999.0 -9999.0
-9999.0 -9999.0 22.770024 -76.501212 -176.242166 -278.778631 -387.309243 -502.872390 -617.405879 -710.489689 -757.048868 -768.991419 -764.341492 -750.646866 -734.703153 -721.800610 -710.880069 -702.299735 -696.253490 -715.232103 -754.787504 -792.424181 -829.873144 -831.817769 -810.381637 -800.436861 -797.345179 -798.155364 -800.974201 -804.606261 -808.322023 -811.710254 -814.579002 -816.879248 -818.646014 -819.957181 -820.919216 -821.682977 -822.349828 -822.990308 -828.769112 -906.364326 -2262.538126 -4033.225533 -4034.653447 -4034.653465 -4034.653465 -4034.653465 -4034.653465 -4034.653462 -4034.653450 -4034.653399 -4034.653284 -4034.653101 -4034.652735 -4034.651880 -4034.649567 -4034.642427 -4034.617552 -4034.523116 -4031.791007 -2156.834251 -880.366485 -827.946680 -823.926503 -823.338703 -823.213966 -823.190521 -823.189376 -823.192441 -823.195712 -823.198392 -823.200449 -823.202012 -823.203212 -823.204148 -823.204894 -823.205497 -823.205999 -823.206439 -823.206864 -823.207328 -823.207903 -823.208692 -823.209852 -823.211624 -823.214398 -823.218812 -823.225928 -823.237573 -823.256987 -823.290129 -823.348338 -823.453825 -823.650889 -824.028574 -824.766914 -826.240003 -829.300221 -836.254763 -854.295174 -902.136821 -9999.0 -9999.0
-9999.0 -9999.0 22.770024 -76.501214 -176.242165 -278.778633 -387.309242 -502.872391 -617.405879 -710.489690 -757.048868 -768.991419 -764.341492 -750.646866 -734.703153 -721.800610 -710.880069 -702.299735 -696.253490 -715.232103 -754.787504 -792.424181 -829.873144 -831.817769 -810.381637 -800.436861 -797.345179 -798.155364 -800.974201 -804.606261 -808.322023 -811.710254 -814.579002 -816.879248 -818.646014 -819.957181 -820.919216 -821.682977 -822.349828 -822.990308 -828.769112 -906.364326 -2262.538126 -4033.225533 -4034.653447 -4034.653465 -4034.653465 -4034.653465 -4034.653465 -4034.653462 -4034.653450 -4034.653399 -4034.653284 -4034.653101 -4034.652735 -4034.651880 -4034.649567 -4034.642427 -4034.617552 -4034.523116 -4031.791007 -2156.834251 -880.366485 -827.946680 -823.926503 -823.338703 -823.213966 -823.190521 -823.189376 -823.192441 -823.195712 -823.198392 -823.200449 -823.202012 -823.203212 -823.204148 -823.204894 -823.205497 -823.205999 -823.206439 -823.206864 -823.207328 -823.207903 -823.208692 -823.209852 -823.211624 -823.214398 -823.218812 -823.225928 -823.237573 -823.256987 -823.290129 -823.348338 -823.453825 -823.650889 -824.028574 -824.766914 -826.240003 -829.300221 -836.254763 -854.295174 -902.136821 -9999.0 -9999.0
-9999.0 -9999.0 22.770024 -76.501213 -176.242166 -278.778632 -387.309243 -502.872390 -617.405880 -710.489689 -757.048868 -768.991419 -764.341492 -750.646866 -734.703153 -721.800610 -710.880069 -702.299735 -696.253490 -715.232103 -754.787504 -792.424181 -829.873144 -831.817769 -810.381637 -800.436861 -797.345179 -798.155364 -800.974201 -804.606261 -808.322023 -811.710254 -814.579002 -816.879248 -818.646014 -819.957181 -820.919216 -821.682977 -822.349828 -822.990308 -828.769112 -906.364326 -2262.538126 -4033.225533 -4034.653447 -4034.653465 -4034.653465 -4034.653465 -4034.653465 -4034.653462 -4034.653450 -4034.653399 -4034.653284 -4034.653101 -4034.652735 -4034.651880 -4034.649567 -4034.642427 -4034.617552 -4034.523116 -4031.791007 -2156.834251 -880.366485 -827.946680 -823.926503 -823.338703 -823.213966 -823.190521 -823.189376 -823.192441 -823.195712 -823.198392 -823.200449 -823.202012 -823.203212 -823.204148 -823.204894 -823.205497 -823.205999 -823.206439 -823.206864 -823.207328 -823.207903 -823.208692 -823.209852 -823.211624 -823.214398 -823.218812 -823.225928 -823.237573 -823.256987 -823.290129 -823.348338 -823.453825 -823.650889 -824.028574 -824.766914 -826.240003 -829.300221 -836.254763 -854.295174 -902.136821 -9999.0 -9999.0
-9999.0 -9999.0 22.770025 -76.501213 -176.242165 -278.778632 -387.309242 -502.872390 -617.405879 -710.489689 -757.048868 -768.991419 -764.341492 -750.646866 -734.703153 -721.800610 -710.880069 -702.299735 -696.253490 -715.232103 -754.787504 -792.424181 -829.873144 -831.817769 -810.381637 -800.436861 -797.345179 -798.155364 -800.974201 -804.606261 -808.322023 -811.710254 -814.579002 -816.879248 -818.646014 -819.957181 -820.919216 -821.682977 -822.349828 -822.990308 -828.769112 -906.364326 -2262.538126 -4033.225533 -4034.653447 -4034.653465 -4034.653465 -4034.653465 -4034.653465 -4034.653462 -4034.653450 -4034.653399 -4034.653284 -4034.653101 -4034.652735 -4034.651880 -4034.649567 -4034.642427 -4034.617552 -4034.523116 -4031.791007 -2156.834251 -880.366485 -827.946680 -823.926503 -823.338703 -823.213966 -823.190521 -823.189376 -823.192441 -823.195712 -823.198392 -823.200449 -823.202012 -823.203212 -823.204148 -823.204894 -823.205497 -823.205999 -823.206439 -823.206864 -823.207328 -823.207903 -823.208692 -823.209852 -823.211624 -823.214398 -823.218812 -823.225928 -823.237573 -823.256987 -823.290129 -823.348338 -823.453825 -823.650889 -824.028574 -824.766914 -826.240003 -829.300221 -836.254763 -854.295174 -902.136821 -9999.0 -9999.0
-9999.0 -9999.0 22.770026 -76.501212 -176.242164 -278.778631 -387.309242 -502.872390 -617.405879 -710.489689 -757.048867 -768.991419 -764.341492 -750.646866 -734.703153 -721.800610 -710.880069 -702.299735 -696.253490 -715.232103 -754.787504 -792.424181 -829.873144 -831.817769 -810.381637 -800.436861 -797.345179 -798.155364 -800.974201 -804.606261 -808.322023 -811.710254 -814.579002 -816.879248 -818.646014 -819.957181 -820.919216 -821.682977 -822.349828 -822.990308 -828.769112 -906.364326 -2262.538127 -4033.225533 -4034.653447 -4034.653465 -4034.653465 -4034.653465 -4034.653465 -4034.653462 -4034.653450 -4034.653399 -4034.653284 -4034.653101 -4034.652735 -4034.651880 -4034.649567 -4034.642427 -4034.617552 -4034.523116 -4031.791007 -2156.834251 -880.366485 -827.946680 -823.926503 -823.338703 -823.213966 -823.190521 -823.189376 -823.192441 -823.195712 -823.198392 -823.200449 -823.202012 -823.203212 -823.204148 -823.204894 -823.205497 -823.205999 -823.206439 -823.206864 -823.207328 -823.207903 -823.208692 -823.209852 -823.211624 -823.214398 -823.218812 -823.225928 -823.237573 -823.256987 -823.290129 -823.348338 -823.453825 -823.650889 -824.028574 -824.766914 -826.240003 -829.300221 -836.254763 -854.295174 -902.136821 -9999.0 -9999.0
-9999.0 -9999.0 -9999.0 -9999.0 -9999.0 -9999.0 -9999.0 -9999.0 -9999.0 -9999.0 -9999.0 -9999.0 -9999.0 -9999.0 -9999.0 -9999.0 -9999.0 -9999.0 -9999.0 -9999.0 -9999.0 -9999.0 -9999.0 -9999.0 -9999.0 -9999.0 -9999.0 -9999.0 -9999.0 -9999.0 -9999.0 -9999.0 -9999.0 -9999.0 -9999.0 -9999.0 -9999.0 -9999.0 -9999.0 -9999.0 -9999.0 -9999.0 -9999.0 -9999.0 -9999.0 -9999.0 -9999.0 -9999.0 -9999.0 -9999.0 -9999.0 -9999.0 -9999.0 -9999.0 -9999.0 -9999.0 -9999.0 -9999.0 -9999.0 -9999.0 -9999.0 -9999.0 -9999.0 -9999.0 -9999.0 -9999.0 -9999.0 -9999.0 -9999.0 -9999.0 -9999.0 -9999.0 -9999.0 -9999.0 -9999.0 -9999.0 -9999.0 -9999.0 -9999.0 -9999.0 -9999.0 -9999.0 -9999.0 -9999.0 -9999.0 -9999.0 -9999.0 -9999.0 -9999.0 -9999.0 -9999.0 -9999.0 -9999.0 -9999.0 -9999.0 -9999.0 -9999.0 -9999.0 -9999.0 -9999.0 -9999.0 -9999.0 -9999.0 -9999.0
-9999.0 -9999.0 -9999.0 -9999.0 -9999.0 -9999.0 -9999.0 -9999.0 -9999.0 -9999.0 -9999.0 -9999.0 -9999.0 -9999.0 -9999.0 -9999.0 -9999.0 -9999.0 -9999.0 -9999.0 -9999.0 -9999.0 -9999.0 -9999.0 -9999.0 -9999.0 -9999.0 -9999.0 -9999.0 -9999.0 -9999.0 -9999.0 -9999.0 -9999.0 -9999.0 -9999.0 -9999.0 -9999.0 -9999.0 -9999.0 -9999.0 -9999.0 -9999.0 -9999.0 -9999.0 -9999.0 -9999.0 -9999.0 -9999.0 -9999.0 -9999.0 -9999.0 -9999.0 -9999.0 -9999.0 -9999.0 -9999.0 -9999.0 -9999.0 -9999.0 -9999.0 -9999.0 -9999.0 -9999.0 -9999.0 -9999.0 -9999.0 -9999.0 -9999.0 -9999.0 -9999.0 -9999.0 -9999.0 -9999.0 -9999.0 -9999.0 -9999.0 -9999.0 -9999.0 -9999.0 -9999.0 -9999.0 -9999.0 -9999.0 -9999.0 -9999.0 -9999.0 -9999.0 -9999.0 -9999.0 -9999.0 -9999.0 -9999.0 -9999.0 -9999.0 -9999.0 -9999.0 -9999.0 -9999.0 -9999.0 -9999.0 -9999.0 -9999.0 -9999.0