inst/processing_geotop_simulation/geotop_simulation/out/maps3D/PwL0017N0144.asc
ncols         104
nrows         10
xllcorner     -2.000000
yllcorner     0.000000
cellsize      1.000000
NODATA_value  -9999.0
-9999.0 -9999.0 -9999.0 -9999.0 -9999.0 -9999.0 -9999.0 -9999.0 -9999.0 -9999.0 -9999.0 -9999.0 -9999.0 -9999.0 -9999.0 -9999.0 -9999.0 -9999.0 -9999.0 -9999.0 -9999.0 -9999.0 -9999.0 -9999.0 -9999.0 -9999.0 -9999.0 -9999.0 -9999.0 -9999.0 -9999.0 -9999.0 -9999.0 -9999.0 -9999.0 -9999.0 -9999.0 -9999.0 -9999.0 -9999.0 -9999.0 -9999.0 -9999.0 -9999.0 -9999.0 -9999.0 -9999.0 -9999.0 -9999.0 -9999.0 -9999.0 -9999.0 -9999.0 -9999.0 -9999.0 -9999.0 -9999.0 -9999.0 -9999.0 -9999.0 -9999.0 -9999.0 -9999.0 -9999.0 -9999.0 -9999.0 -9999.0 -9999.0 -9999.0 -9999.0 -9999.0 -9999.0 -9999.0 -9999.0 -9999.0 -9999.0 -9999.0 -9999.0 -9999.0 -9999.0 -9999.0 -9999.0 -9999.0 -9999.0 -9999.0 -9999.0 -9999.0 -9999.0 -9999.0 -9999.0 -9999.0 -9999.0 -9999.0 -9999.0 -9999.0 -9999.0 -9999.0 -9999.0 -9999.0 -9999.0 -9999.0 -9999.0 -9999.0 -9999.0
-9999.0 -9999.0 -9999.0 -9999.0 -9999.0 -9999.0 -9999.0 -9999.0 -9999.0 -9999.0 -9999.0 -9999.0 -9999.0 -9999.0 -9999.0 -9999.0 -9999.0 -9999.0 -9999.0 -9999.0 -9999.0 -9999.0 -9999.0 -9999.0 -9999.0 -9999.0 -9999.0 -9999.0 -9999.0 -9999.0 -9999.0 -9999.0 -9999.0 -9999.0 -9999.0 -9999.0 -9999.0 -9999.0 -9999.0 -9999.0 -9999.0 -9999.0 -9999.0 -9999.0 -9999.0 -9999.0 -9999.0 -9999.0 -9999.0 -9999.0 -9999.0 -9999.0 -9999.0 -9999.0 -9999.0 -9999.0 -9999.0 -9999.0 -9999.0 -9999.0 -9999.0 -9999.0 -9999.0 -9999.0 -9999.0 -9999.0 -9999.0 -9999.0 -9999.0 -9999.0 -9999.0 -9999.0 -9999.0 -9999.0 -9999.0 -9999.0 -9999.0 -9999.0 -9999.0 -9999.0 -9999.0 -9999.0 -9999.0 -9999.0 -9999.0 -9999.0 -9999.0 -9999.0 -9999.0 -9999.0 -9999.0 -9999.0 -9999.0 -9999.0 -9999.0 -9999.0 -9999.0 -9999.0 -9999.0 -9999.0 -9999.0 -9999.0 -9999.0 -9999.0
-9999.0 -9999.0 836.068292 742.983653 648.940859 553.961522 458.503472 362.832278 267.087929 171.345131 75.644716 -19.979973 -115.506691 -210.901214 -306.078417 -400.906077 -495.206141 -588.631134 -681.078232 -772.706420 -862.721236 -950.845175 -1030.223331 -1092.527379 -1141.039202 -1176.746429 -1201.810345 -1218.741441 -1229.831863 -1236.916572 -1241.352557 -1244.087463 -1245.755159 -1246.765585 -1247.376773 -1247.750165 -1247.993453 -1248.207677 -1248.657096 -1250.871457 -1263.725222 -1349.129690 -2038.362990 -4116.894407 -4133.662652 -4133.663366 -4133.663366 -4133.663366 -4133.663366 -4133.663363 -4133.663355 -4133.663328 -4133.663279 -4133.663211 -4133.663089 -4133.662834 -4133.662224 -4133.660596 -4133.655867 -4133.639664 -4105.727091 -1909.432818 -1315.007571 -1258.001337 -1249.834161 -1248.696865 -1248.539642 -1248.516453 -1248.513688 -1248.514376 -1248.515495 -1248.516470 -1248.517231 -1248.517811 -1248.518255 -1248.518601 -1248.518874 -1248.519096 -1248.519281 -1248.519445 -1248.519605 -1248.519782 -1248.520004 -1248.520311 -1248.520763 -1248.521457 -1248.522548 -1248.524292 -1248.527123 -1248.531797 -1248.539682 -1248.553328 -1248.577649 -1248.622321 -1248.706720 -1248.870291 -1249.195994 -1249.869960 -1251.348561 -1254.836050 -1263.677561 -1288.673752 -9999.0 -9999.0
-9999.0 -9999.0 836.072443 742.985136 648.941327 553.961671 458.503522 362.832295 267.087935 171.345133 75.644716 -19.979973 -115.506692 -210.901214 -306.078417 -400.906077 -495.206141 -588.631134 -681.078232 -772.706420 -862.721236 -950.845175 -1030.223331 -1092.527380 -1141.039202 -1176.746429 -1201.810345 -1218.741441 -1229.831863 -1236.916572 -1241.352557 -1244.087463 -1245.755159 -1246.765585 -1247.376773 -1247.750165 -1247.993453 -1248.207677 -1248.657096 -1250.871457 -1263.725222 -1349.129690 -2038.362990 -4116.894407 -4133.662652 -4133.663366 -4133.663366 -4133.663366 -4133.663366 -4133.663363 -4133.663355 -4133.663328 -4133.663279 -4133.663211 -4133.663089 -4133.662834 -4133.662224 -4133.660596 -4133.655867 -4133.639664 -4105.727091 -1909.432818 -1315.007571 -1258.001337 -1249.834161 -1248.696865 -1248.539642 -1248.516453 -1248.513688 -1248.514376 -1248.515495 -1248.516470 -1248.517231 -1248.517811 -1248.518255 -1248.518601 -1248.518874 -1248.519096 -1248.519281 -1248.519445 -1248.519605 -1248.519782 -1248.520004 -1248.520311 -1248.520763 -1248.521457 -1248.522548 -1248.524292 -1248.527123 -1248.531797 -1248.539682 -1248.553328 -1248.577649 -1248.622321 -1248.706720 -1248.870291 -1249.195994 -1249.869960 -1251.348561 -1254.836050 -1263.677561 -1288.673752 -9999.0 -9999.0
-9999.0 -9999.0 836.073877 742.985896 648.941644 553.961791 458.503565 362.832310 267.087941 171.345135 75.644717 -19.979973 -115.506691 -210.901214 -306.078417 -400.906077 -495.206141 -588.631134 -681.078232 -772.706421 -862.721236 -950.845175 -1030.223332 -1092.527380 -1141.039202 -1176.746430 -1201.810345 -1218.741441 -1229.831863 -1236.916572 -1241.352557 -1244.087463 -1245.755159 -1246.765585 -1247.376773 -1247.750165 -1247.993453 -1248.207677 -1248.657096 -1250.871457 -1263.725222 -1349.129690 -2038.362990 -4116.894407 -4133.662652 -4133.663366 -4133.663366 -4133.663366 -4133.663366 -4133.663363 -4133.663355 -4133.663328 -4133.663279 -4133.663211 -4133.663089 -4133.662834 -4133.662224 -4133.660596 -4133.655867 -4133.639664 -4105.727091 -1909.432818 -1315.007571 -1258.001337 -1249.834161 -1248.696865 -1248.539642 -1248.516453 -1248.513688 -1248.514376 -1248.515495 -1248.516470 -1248.517231 -1248.517811 -1248.518255 -1248.518601 -1248.518874 -1248.519096 -1248.519281 -1248.519445 -1248.519605 -1248.519782 -1248.520004 -1248.520311 -1248.520763 -1248.521457 -1248.522548 -1248.524292 -1248.527123 -1248.531797 -1248.539682 -1248.553328 -1248.577649 -1248.622321 -1248.706720 -1248.870291 -1249.195994 -1249.869960 -1251.348561 -1254.836050 -1263.677561 -1288.673752 -9999.0 -9999.0
-9999.0 -9999.0 836.073877 742.985896 648.941644 553.961791 458.503565 362.832311 267.087941 171.345135 75.644717 -19.979973 -115.506692 -210.901214 -306.078417 -400.906077 -495.206141 -588.631134 -681.078232 -772.706421 -862.721236 -950.845175 -1030.223332 -1092.527380 -1141.039202 -1176.746430 -1201.810345 -1218.741441 -1229.831863 -1236.916572 -1241.352557 -1244.087463 -1245.755159 -1246.765585 -1247.376773 -1247.750165 -1247.993453 -1248.207677 -1248.657096 -1250.871457 -1263.725222 -1349.129690 -2038.362990 -4116.894407 -4133.662652 -4133.663366 -4133.663366 -4133.663366 -4133.663366 -4133.663363 -4133.663355 -4133.663328 -4133.663279 -4133.663211 -4133.663089 -4133.662834 -4133.662224 -4133.660596 -4133.655867 -4133.639664 -4105.727091 -1909.432818 -1315.007571 -1258.001337 -1249.834161 -1248.696865 -1248.539642 -1248.516453 -1248.513688 -1248.514376 -1248.515495 -1248.516470 -1248.517231 -1248.517811 -1248.518255 -1248.518601 -1248.518874 -1248.519096 -1248.519281 -1248.519445 -1248.519605 -1248.519782 -1248.520004 -1248.520311 -1248.520763 -1248.521457 -1248.522548 -1248.524292 -1248.527123 -1248.531797 -1248.539682 -1248.553328 -1248.577649 -1248.622321 -1248.706720 -1248.870291 -1249.195994 -1249.869960 -1251.348561 -1254.836050 -1263.677561 -1288.673752 -9999.0 -9999.0
-9999.0 -9999.0 836.072443 742.985136 648.941327 553.961671 458.503522 362.832295 267.087935 171.345133 75.644717 -19.979973 -115.506691 -210.901214 -306.078417 -400.906077 -495.206141 -588.631134 -681.078232 -772.706420 -862.721236 -950.845175 -1030.223331 -1092.527380 -1141.039202 -1176.746429 -1201.810345 -1218.741441 -1229.831863 -1236.916572 -1241.352557 -1244.087463 -1245.755159 -1246.765585 -1247.376773 -1247.750165 -1247.993453 -1248.207677 -1248.657096 -1250.871457 -1263.725222 -1349.129690 -2038.362990 -4116.894407 -4133.662652 -4133.663366 -4133.663366 -4133.663366 -4133.663366 -4133.663363 -4133.663355 -4133.663328 -4133.663279 -4133.663211 -4133.663089 -4133.662834 -4133.662224 -4133.660596 -4133.655867 -4133.639664 -4105.727091 -1909.432818 -1315.007571 -1258.001337 -1249.834161 -1248.696865 -1248.539642 -1248.516453 -1248.513688 -1248.514376 -1248.515495 -1248.516470 -1248.517231 -1248.517811 -1248.518255 -1248.518601 -1248.518874 -1248.519096 -1248.519281 -1248.519445 -1248.519605 -1248.519782 -1248.520004 -1248.520311 -1248.520763 -1248.521457 -1248.522548 -1248.524292 -1248.527123 -1248.531797 -1248.539682 -1248.553328 -1248.577649 -1248.622321 -1248.706720 -1248.870291 -1249.195994 -1249.869960 -1251.348561 -1254.836050 -1263.677561 -1288.673752 -9999.0 -9999.0
-9999.0 -9999.0 836.068292 742.983653 648.940859 553.961522 458.503472 362.832278 267.087929 171.345131 75.644716 -19.979973 -115.506692 -210.901214 -306.078417 -400.906076 -495.206141 -588.631134 -681.078232 -772.706420 -862.721236 -950.845175 -1030.223331 -1092.527379 -1141.039202 -1176.746429 -1201.810345 -1218.741441 -1229.831863 -1236.916572 -1241.352557 -1244.087463 -1245.755159 -1246.765585 -1247.376773 -1247.750165 -1247.993453 -1248.207677 -1248.657096 -1250.871457 -1263.725222 -1349.129690 -2038.362990 -4116.894407 -4133.662652 -4133.663366 -4133.663366 -4133.663366 -4133.663366 -4133.663363 -4133.663355 -4133.663328 -4133.663279 -4133.663211 -4133.663089 -4133.662834 -4133.662224 -4133.660596 -4133.655867 -4133.639664 -4105.727091 -1909.432818 -1315.007571 -1258.001337 -1249.834161 -1248.696865 -1248.539642 -1248.516453 -1248.513688 -1248.514376 -1248.515495 -1248.516470 -1248.517231 -1248.517811 -1248.518255 -1248.518601 -1248.518874 -1248.519096 -1248.519281 -1248.519445 -1248.519605 -1248.519782 -1248.520004 -1248.520311 -1248.520763 -1248.521457 -1248.522548 -1248.524292 -1248.527123 -1248.531797 -1248.539682 -1248.553328 -1248.577649 -1248.622321 -1248.706720 -1248.870291 -1249.195994 -1249.869960 -1251.348561 -1254.836050 -1263.677561 -1288.673752 -9999.0 -9999.0
-9999.0 -9999.0 -9999.0 -9999.0 -9999.0 -9999.0 -9999.0 -9999.0 -9999.0 -9999.0 -9999.0 -9999.0 -9999.0 -9999.0 -9999.0 -9999.0 -9999.0 -9999.0 -9999.0 -9999.0 -9999.0 -9999.0 -9999.0 -9999.0 -9999.0 -9999.0 -9999.0 -9999.0 -9999.0 -9999.0 -9999.0 -9999.0 -9999.0 -9999.0 -9999.0 -9999.0 -9999.0 -9999.0 -9999.0 -9999.0 -9999.0 -9999.0 -9999.0 -9999.0 -9999.0 -9999.0 -9999.0 -9999.0 -9999.0 -9999.0 -9999.0 -9999.0 -9999.0 -9999.0 -9999.0 -9999.0 -9999.0 -9999.0 -9999.0 -9999.0 -9999.0 -9999.0 -9999.0 -9999.0 -9999.0 -9999.0 -9999.0 -9999.0 -9999.0 -9999.0 -9999.0 -9999.0 -9999.0 -9999.0 -9999.0 -9999.0 -9999.0 -9999.0 -9999.0 -9999.0 -9999.0 -9999.0 -9999.0 -9999.0 -9999.0 -9999.0 -9999.0 -9999.0 -9999.0 -9999.0 -9999.0 -9999.0 -9999.0 -9999.0 -9999.0 -9999.0 -9999.0 -9999.0 -9999.0 -9999.0 -9999.0 -9999.0 -9999.0 -9999.0
-9999.0 -9999.0 -9999.0 -9999.0 -9999.0 -9999.0 -9999.0 -9999.0 -9999.0 -9999.0 -9999.0 -9999.0 -9999.0 -9999.0 -9999.0 -9999.0 -9999.0 -9999.0 -9999.0 -9999.0 -9999.0 -9999.0 -9999.0 -9999.0 -9999.0 -9999.0 -9999.0 -9999.0 -9999.0 -9999.0 -9999.0 -9999.0 -9999.0 -9999.0 -9999.0 -9999.0 -9999.0 -9999.0 -9999.0 -9999.0 -9999.0 -9999.0 -9999.0 -9999.0 -9999.0 -9999.0 -9999.0 -9999.0 -9999.0 -9999.0 -9999.0 -9999.0 -9999.0 -9999.0 -9999.0 -9999.0 -9999.0 -9999.0 -9999.0 -9999.0 -9999.0 -9999.0 -9999.0 -9999.0 -9999.0 -9999.0 -9999.0 -9999.0 -9999.0 -9999.0 -9999.0 -9999.0 -9999.0 -9999.0 -9999.0 -9999.0 -9999.0 -9999.0 -9999.0 -9999.0 -9999.0 -9999.0 -9999.0 -9999.0 -9999.0 -9999.0 -9999.0 -9999.0 -9999.0 -9999.0 -9999.0 -9999.0 -9999.0 -9999.0 -9999.0 -9999.0 -9999.0 -9999.0 -9999.0 -9999.0 -9999.0 -9999.0 -9999.0 -9999.0