inst/processing_geotop_simulation/geotop_simulation/out/maps3D/PwL0008N0302.asc
ncols         104
nrows         10
xllcorner     -2.000000
yllcorner     0.000000
cellsize      1.000000
NODATA_value  -9999.0
-9999.0 -9999.0 -9999.0 -9999.0 -9999.0 -9999.0 -9999.0 -9999.0 -9999.0 -9999.0 -9999.0 -9999.0 -9999.0 -9999.0 -9999.0 -9999.0 -9999.0 -9999.0 -9999.0 -9999.0 -9999.0 -9999.0 -9999.0 -9999.0 -9999.0 -9999.0 -9999.0 -9999.0 -9999.0 -9999.0 -9999.0 -9999.0 -9999.0 -9999.0 -9999.0 -9999.0 -9999.0 -9999.0 -9999.0 -9999.0 -9999.0 -9999.0 -9999.0 -9999.0 -9999.0 -9999.0 -9999.0 -9999.0 -9999.0 -9999.0 -9999.0 -9999.0 -9999.0 -9999.0 -9999.0 -9999.0 -9999.0 -9999.0 -9999.0 -9999.0 -9999.0 -9999.0 -9999.0 -9999.0 -9999.0 -9999.0 -9999.0 -9999.0 -9999.0 -9999.0 -9999.0 -9999.0 -9999.0 -9999.0 -9999.0 -9999.0 -9999.0 -9999.0 -9999.0 -9999.0 -9999.0 -9999.0 -9999.0 -9999.0 -9999.0 -9999.0 -9999.0 -9999.0 -9999.0 -9999.0 -9999.0 -9999.0 -9999.0 -9999.0 -9999.0 -9999.0 -9999.0 -9999.0 -9999.0 -9999.0 -9999.0 -9999.0 -9999.0 -9999.0
-9999.0 -9999.0 -9999.0 -9999.0 -9999.0 -9999.0 -9999.0 -9999.0 -9999.0 -9999.0 -9999.0 -9999.0 -9999.0 -9999.0 -9999.0 -9999.0 -9999.0 -9999.0 -9999.0 -9999.0 -9999.0 -9999.0 -9999.0 -9999.0 -9999.0 -9999.0 -9999.0 -9999.0 -9999.0 -9999.0 -9999.0 -9999.0 -9999.0 -9999.0 -9999.0 -9999.0 -9999.0 -9999.0 -9999.0 -9999.0 -9999.0 -9999.0 -9999.0 -9999.0 -9999.0 -9999.0 -9999.0 -9999.0 -9999.0 -9999.0 -9999.0 -9999.0 -9999.0 -9999.0 -9999.0 -9999.0 -9999.0 -9999.0 -9999.0 -9999.0 -9999.0 -9999.0 -9999.0 -9999.0 -9999.0 -9999.0 -9999.0 -9999.0 -9999.0 -9999.0 -9999.0 -9999.0 -9999.0 -9999.0 -9999.0 -9999.0 -9999.0 -9999.0 -9999.0 -9999.0 -9999.0 -9999.0 -9999.0 -9999.0 -9999.0 -9999.0 -9999.0 -9999.0 -9999.0 -9999.0 -9999.0 -9999.0 -9999.0 -9999.0 -9999.0 -9999.0 -9999.0 -9999.0 -9999.0 -9999.0 -9999.0 -9999.0 -9999.0 -9999.0
-9999.0 -9999.0 374.973831 277.842689 179.655402 81.047852 -17.727668 -116.568866 -215.431371 -314.280704 -413.081676 -511.767218 -610.192005 -708.073867 -806.010214 -903.843876 -1001.470580 -1098.904281 -1194.238633 -1287.220595 -1376.038136 -1457.739340 -1529.226778 -1588.587741 -1635.604214 -1671.416665 -1697.868189 -1716.942944 -1730.439633 -1739.843489 -1746.313307 -1750.718820 -1753.694084 -1755.690792 -1757.025156 -1757.917684 -1758.531180 -1759.036973 -1759.848393 -1762.392815 -1769.276437 -1758.733411 -1219.436476 -1292.873329 -1264.143557 -1245.753032 -1237.255959 -1236.054029 -1235.928872 -1235.941255 -1235.973308 -1236.007740 -1236.040818 -1236.071442 -1236.099843 -1236.132706 -1236.234315 -1236.932519 -1241.370509 -1251.366114 -1264.661248 -1175.395865 -1728.984355 -1762.517493 -1760.982788 -1760.015621 -1759.806789 -1759.771100 -1759.765869 -1759.765643 -1759.766161 -1759.766692 -1759.767121 -1759.767453 -1759.767709 -1759.767910 -1759.768070 -1759.768201 -1759.768311 -1759.768411 -1759.768510 -1759.768620 -1759.768759 -1759.768949 -1759.769228 -1759.769656 -1759.770326 -1759.771399 -1759.773147 -1759.776052 -1759.780994 -1759.789639 -1759.805218 -1759.834150 -1759.889421 -1759.998016 -1760.218617 -1760.687797 -1761.750351 -1764.361825 -1771.552341 -1794.962457 -9999.0 -9999.0
-9999.0 -9999.0 374.980904 277.844485 179.655887 81.047996 -17.727622 -116.568850 -215.431366 -314.280702 -413.081675 -511.767218 -610.192005 -708.073867 -806.010214 -903.843877 -1001.470580 -1098.904281 -1194.238633 -1287.220595 -1376.038136 -1457.739340 -1529.226778 -1588.587742 -1635.604214 -1671.416665 -1697.868189 -1716.942944 -1730.439633 -1739.843489 -1746.313307 -1750.718820 -1753.694084 -1755.690792 -1757.025156 -1757.917684 -1758.531180 -1759.036973 -1759.848393 -1762.392815 -1769.276437 -1758.733411 -1219.436476 -1292.873329 -1264.143557 -1245.753032 -1237.255959 -1236.054029 -1235.928872 -1235.941255 -1235.973308 -1236.007740 -1236.040818 -1236.071442 -1236.099843 -1236.132706 -1236.234315 -1236.932519 -1241.370509 -1251.366114 -1264.661248 -1175.395865 -1728.984355 -1762.517493 -1760.982788 -1760.015621 -1759.806789 -1759.771100 -1759.765869 -1759.765643 -1759.766161 -1759.766692 -1759.767121 -1759.767453 -1759.767709 -1759.767910 -1759.768070 -1759.768201 -1759.768311 -1759.768411 -1759.768510 -1759.768620 -1759.768759 -1759.768949 -1759.769228 -1759.769656 -1759.770326 -1759.771399 -1759.773147 -1759.776052 -1759.780994 -1759.789639 -1759.805218 -1759.834150 -1759.889421 -1759.998016 -1760.218617 -1760.687797 -1761.750351 -1764.361825 -1771.552341 -1794.962457 -9999.0 -9999.0
-9999.0 -9999.0 374.982356 277.845263 179.656197 81.048109 -17.727582 -116.568835 -215.431360 -314.280700 -413.081674 -511.767218 -610.192005 -708.073867 -806.010214 -903.843877 -1001.470580 -1098.904281 -1194.238633 -1287.220596 -1376.038136 -1457.739341 -1529.226778 -1588.587742 -1635.604214 -1671.416665 -1697.868189 -1716.942944 -1730.439633 -1739.843489 -1746.313307 -1750.718820 -1753.694084 -1755.690792 -1757.025156 -1757.917684 -1758.531180 -1759.036973 -1759.848393 -1762.392815 -1769.276437 -1758.733411 -1219.436476 -1292.873329 -1264.143557 -1245.753032 -1237.255959 -1236.054029 -1235.928872 -1235.941255 -1235.973308 -1236.007740 -1236.040818 -1236.071442 -1236.099843 -1236.132706 -1236.234315 -1236.932519 -1241.370509 -1251.366114 -1264.661248 -1175.395865 -1728.984355 -1762.517493 -1760.982788 -1760.015621 -1759.806789 -1759.771100 -1759.765869 -1759.765643 -1759.766161 -1759.766692 -1759.767121 -1759.767453 -1759.767709 -1759.767910 -1759.768070 -1759.768201 -1759.768311 -1759.768411 -1759.768510 -1759.768620 -1759.768759 -1759.768949 -1759.769228 -1759.769656 -1759.770326 -1759.771399 -1759.773147 -1759.776052 -1759.780994 -1759.789639 -1759.805218 -1759.834150 -1759.889421 -1759.998016 -1760.218617 -1760.687797 -1761.750351 -1764.361825 -1771.552341 -1794.962457 -9999.0 -9999.0
-9999.0 -9999.0 374.982356 277.845263 179.656197 81.048109 -17.727582 -116.568835 -215.431360 -314.280700 -413.081674 -511.767218 -610.192005 -708.073867 -806.010214 -903.843877 -1001.470580 -1098.904281 -1194.238633 -1287.220596 -1376.038136 -1457.739341 -1529.226778 -1588.587742 -1635.604214 -1671.416665 -1697.868189 -1716.942944 -1730.439633 -1739.843489 -1746.313307 -1750.718820 -1753.694084 -1755.690792 -1757.025156 -1757.917684 -1758.531180 -1759.036973 -1759.848393 -1762.392815 -1769.276437 -1758.733411 -1219.436476 -1292.873329 -1264.143557 -1245.753032 -1237.255959 -1236.054029 -1235.928872 -1235.941255 -1235.973308 -1236.007740 -1236.040818 -1236.071442 -1236.099843 -1236.132706 -1236.234315 -1236.932519 -1241.370509 -1251.366114 -1264.661248 -1175.395865 -1728.984355 -1762.517493 -1760.982788 -1760.015621 -1759.806789 -1759.771100 -1759.765869 -1759.765643 -1759.766161 -1759.766692 -1759.767121 -1759.767453 -1759.767709 -1759.767910 -1759.768070 -1759.768201 -1759.768311 -1759.768411 -1759.768510 -1759.768620 -1759.768759 -1759.768949 -1759.769228 -1759.769656 -1759.770326 -1759.771399 -1759.773147 -1759.776052 -1759.780994 -1759.789639 -1759.805218 -1759.834150 -1759.889421 -1759.998016 -1760.218617 -1760.687797 -1761.750351 -1764.361825 -1771.552341 -1794.962457 -9999.0 -9999.0
-9999.0 -9999.0 374.980904 277.844485 179.655887 81.047996 -17.727622 -116.568850 -215.431366 -314.280702 -413.081675 -511.767218 -610.192005 -708.073867 -806.010214 -903.843877 -1001.470580 -1098.904281 -1194.238633 -1287.220595 -1376.038136 -1457.739340 -1529.226778 -1588.587742 -1635.604214 -1671.416665 -1697.868189 -1716.942944 -1730.439633 -1739.843489 -1746.313307 -1750.718820 -1753.694084 -1755.690792 -1757.025156 -1757.917684 -1758.531180 -1759.036973 -1759.848393 -1762.392815 -1769.276437 -1758.733411 -1219.436476 -1292.873329 -1264.143557 -1245.753032 -1237.255959 -1236.054029 -1235.928872 -1235.941255 -1235.973308 -1236.007740 -1236.040818 -1236.071442 -1236.099843 -1236.132706 -1236.234315 -1236.932519 -1241.370509 -1251.366114 -1264.661248 -1175.395865 -1728.984355 -1762.517493 -1760.982788 -1760.015621 -1759.806789 -1759.771100 -1759.765869 -1759.765643 -1759.766161 -1759.766692 -1759.767121 -1759.767453 -1759.767709 -1759.767910 -1759.768070 -1759.768201 -1759.768311 -1759.768411 -1759.768510 -1759.768620 -1759.768759 -1759.768949 -1759.769228 -1759.769656 -1759.770326 -1759.771399 -1759.773147 -1759.776052 -1759.780994 -1759.789639 -1759.805218 -1759.834150 -1759.889421 -1759.998016 -1760.218617 -1760.687797 -1761.750351 -1764.361825 -1771.552341 -1794.962457 -9999.0 -9999.0
-9999.0 -9999.0 374.973831 277.842689 179.655403 81.047852 -17.727668 -116.568866 -215.431371 -314.280704 -413.081676 -511.767218 -610.192005 -708.073867 -806.010214 -903.843876 -1001.470580 -1098.904281 -1194.238633 -1287.220595 -1376.038136 -1457.739340 -1529.226778 -1588.587741 -1635.604214 -1671.416665 -1697.868189 -1716.942944 -1730.439633 -1739.843489 -1746.313307 -1750.718820 -1753.694084 -1755.690792 -1757.025156 -1757.917684 -1758.531180 -1759.036973 -1759.848393 -1762.392815 -1769.276437 -1758.733411 -1219.436476 -1292.873329 -1264.143557 -1245.753032 -1237.255959 -1236.054029 -1235.928872 -1235.941255 -1235.973308 -1236.007740 -1236.040818 -1236.071442 -1236.099843 -1236.132706 -1236.234315 -1236.932519 -1241.370509 -1251.366114 -1264.661248 -1175.395865 -1728.984355 -1762.517493 -1760.982788 -1760.015621 -1759.806789 -1759.771100 -1759.765869 -1759.765643 -1759.766161 -1759.766692 -1759.767121 -1759.767453 -1759.767709 -1759.767910 -1759.768070 -1759.768201 -1759.768311 -1759.768411 -1759.768510 -1759.768620 -1759.768759 -1759.768949 -1759.769228 -1759.769656 -1759.770326 -1759.771399 -1759.773147 -1759.776052 -1759.780994 -1759.789639 -1759.805218 -1759.834150 -1759.889421 -1759.998016 -1760.218617 -1760.687797 -1761.750351 -1764.361825 -1771.552341 -1794.962457 -9999.0 -9999.0
-9999.0 -9999.0 -9999.0 -9999.0 -9999.0 -9999.0 -9999.0 -9999.0 -9999.0 -9999.0 -9999.0 -9999.0 -9999.0 -9999.0 -9999.0 -9999.0 -9999.0 -9999.0 -9999.0 -9999.0 -9999.0 -9999.0 -9999.0 -9999.0 -9999.0 -9999.0 -9999.0 -9999.0 -9999.0 -9999.0 -9999.0 -9999.0 -9999.0 -9999.0 -9999.0 -9999.0 -9999.0 -9999.0 -9999.0 -9999.0 -9999.0 -9999.0 -9999.0 -9999.0 -9999.0 -9999.0 -9999.0 -9999.0 -9999.0 -9999.0 -9999.0 -9999.0 -9999.0 -9999.0 -9999.0 -9999.0 -9999.0 -9999.0 -9999.0 -9999.0 -9999.0 -9999.0 -9999.0 -9999.0 -9999.0 -9999.0 -9999.0 -9999.0 -9999.0 -9999.0 -9999.0 -9999.0 -9999.0 -9999.0 -9999.0 -9999.0 -9999.0 -9999.0 -9999.0 -9999.0 -9999.0 -9999.0 -9999.0 -9999.0 -9999.0 -9999.0 -9999.0 -9999.0 -9999.0 -9999.0 -9999.0 -9999.0 -9999.0 -9999.0 -9999.0 -9999.0 -9999.0 -9999.0 -9999.0 -9999.0 -9999.0 -9999.0 -9999.0 -9999.0
-9999.0 -9999.0 -9999.0 -9999.0 -9999.0 -9999.0 -9999.0 -9999.0 -9999.0 -9999.0 -9999.0 -9999.0 -9999.0 -9999.0 -9999.0 -9999.0 -9999.0 -9999.0 -9999.0 -9999.0 -9999.0 -9999.0 -9999.0 -9999.0 -9999.0 -9999.0 -9999.0 -9999.0 -9999.0 -9999.0 -9999.0 -9999.0 -9999.0 -9999.0 -9999.0 -9999.0 -9999.0 -9999.0 -9999.0 -9999.0 -9999.0 -9999.0 -9999.0 -9999.0 -9999.0 -9999.0 -9999.0 -9999.0 -9999.0 -9999.0 -9999.0 -9999.0 -9999.0 -9999.0 -9999.0 -9999.0 -9999.0 -9999.0 -9999.0 -9999.0 -9999.0 -9999.0 -9999.0 -9999.0 -9999.0 -9999.0 -9999.0 -9999.0 -9999.0 -9999.0 -9999.0 -9999.0 -9999.0 -9999.0 -9999.0 -9999.0 -9999.0 -9999.0 -9999.0 -9999.0 -9999.0 -9999.0 -9999.0 -9999.0 -9999.0 -9999.0 -9999.0 -9999.0 -9999.0 -9999.0 -9999.0 -9999.0 -9999.0 -9999.0 -9999.0 -9999.0 -9999.0 -9999.0 -9999.0 -9999.0 -9999.0 -9999.0 -9999.0 -9999.0