inst/processing_geotop_simulation/geotop_simulation/out/maps3D/PwL0018N0223.asc
ncols         104
nrows         10
xllcorner     -2.000000
yllcorner     0.000000
cellsize      1.000000
NODATA_value  -9999.0
-9999.0 -9999.0 -9999.0 -9999.0 -9999.0 -9999.0 -9999.0 -9999.0 -9999.0 -9999.0 -9999.0 -9999.0 -9999.0 -9999.0 -9999.0 -9999.0 -9999.0 -9999.0 -9999.0 -9999.0 -9999.0 -9999.0 -9999.0 -9999.0 -9999.0 -9999.0 -9999.0 -9999.0 -9999.0 -9999.0 -9999.0 -9999.0 -9999.0 -9999.0 -9999.0 -9999.0 -9999.0 -9999.0 -9999.0 -9999.0 -9999.0 -9999.0 -9999.0 -9999.0 -9999.0 -9999.0 -9999.0 -9999.0 -9999.0 -9999.0 -9999.0 -9999.0 -9999.0 -9999.0 -9999.0 -9999.0 -9999.0 -9999.0 -9999.0 -9999.0 -9999.0 -9999.0 -9999.0 -9999.0 -9999.0 -9999.0 -9999.0 -9999.0 -9999.0 -9999.0 -9999.0 -9999.0 -9999.0 -9999.0 -9999.0 -9999.0 -9999.0 -9999.0 -9999.0 -9999.0 -9999.0 -9999.0 -9999.0 -9999.0 -9999.0 -9999.0 -9999.0 -9999.0 -9999.0 -9999.0 -9999.0 -9999.0 -9999.0 -9999.0 -9999.0 -9999.0 -9999.0 -9999.0 -9999.0 -9999.0 -9999.0 -9999.0 -9999.0 -9999.0
-9999.0 -9999.0 -9999.0 -9999.0 -9999.0 -9999.0 -9999.0 -9999.0 -9999.0 -9999.0 -9999.0 -9999.0 -9999.0 -9999.0 -9999.0 -9999.0 -9999.0 -9999.0 -9999.0 -9999.0 -9999.0 -9999.0 -9999.0 -9999.0 -9999.0 -9999.0 -9999.0 -9999.0 -9999.0 -9999.0 -9999.0 -9999.0 -9999.0 -9999.0 -9999.0 -9999.0 -9999.0 -9999.0 -9999.0 -9999.0 -9999.0 -9999.0 -9999.0 -9999.0 -9999.0 -9999.0 -9999.0 -9999.0 -9999.0 -9999.0 -9999.0 -9999.0 -9999.0 -9999.0 -9999.0 -9999.0 -9999.0 -9999.0 -9999.0 -9999.0 -9999.0 -9999.0 -9999.0 -9999.0 -9999.0 -9999.0 -9999.0 -9999.0 -9999.0 -9999.0 -9999.0 -9999.0 -9999.0 -9999.0 -9999.0 -9999.0 -9999.0 -9999.0 -9999.0 -9999.0 -9999.0 -9999.0 -9999.0 -9999.0 -9999.0 -9999.0 -9999.0 -9999.0 -9999.0 -9999.0 -9999.0 -9999.0 -9999.0 -9999.0 -9999.0 -9999.0 -9999.0 -9999.0 -9999.0 -9999.0 -9999.0 -9999.0 -9999.0 -9999.0
-9999.0 -9999.0 875.611197 778.730824 681.484170 583.824975 485.950004 387.979079 289.976403 191.976550 93.998625 -3.943588 -101.835244 -199.662198 -297.360775 -394.808375 -491.779876 -587.911091 -682.660655 -778.014885 -872.468601 -965.750785 -1057.637623 -1135.556759 -1203.020929 -1258.899192 -1303.253791 -1337.128701 -1362.148194 -1380.115469 -1392.726507 -1401.419058 -1407.327693 -1411.302702 -1413.957935 -1415.726790 -1416.919664 -1417.807659 -1418.898224 -1422.132125 -1435.562082 -1498.728979 -1984.811839 -4050.505274 -4084.155798 -4084.158413 -4084.158305 -4084.157003 -4084.150423 -4084.127933 -4084.064450 -4083.876493 -4083.559189 -4083.142292 -4082.441731 -4081.069005 -4078.035967 -4070.711267 -4052.096485 -4004.734084 -3819.337312 -1745.652437 -1459.632648 -1427.976288 -1420.974022 -1419.611203 -1419.384848 -1419.350009 -1419.345244 -1419.345246 -1419.345930 -1419.346590 -1419.347119 -1419.347529 -1419.347846 -1419.348096 -1419.348296 -1419.348461 -1419.348600 -1419.348726 -1419.348850 -1419.348987 -1419.349156 -1419.349387 -1419.349723 -1419.350234 -1419.351034 -1419.352309 -1419.354380 -1419.357815 -1419.363645 -1419.373818 -1419.392112 -1419.426024 -1419.490743 -1419.617931 -1419.876875 -1420.430400 -1421.690672 -1424.767504 -1432.911367 -1457.547597 -9999.0 -9999.0
-9999.0 -9999.0 875.614807 778.732147 681.484594 583.825111 485.950049 387.979095 289.976409 191.976552 93.998626 -3.943588 -101.835244 -199.662198 -297.360775 -394.808375 -491.779876 -587.911091 -682.660655 -778.014885 -872.468602 -965.750786 -1057.637623 -1135.556760 -1203.020929 -1258.899192 -1303.253791 -1337.128702 -1362.148194 -1380.115469 -1392.726507 -1401.419058 -1407.327693 -1411.302702 -1413.957935 -1415.726790 -1416.919664 -1417.807659 -1418.898224 -1422.132125 -1435.562082 -1498.728979 -1984.811839 -4050.505274 -4084.155798 -4084.158413 -4084.158305 -4084.157003 -4084.150423 -4084.127933 -4084.064450 -4083.876493 -4083.559189 -4083.142292 -4082.441731 -4081.069005 -4078.035967 -4070.711267 -4052.096485 -4004.734084 -3819.337312 -1745.652437 -1459.632648 -1427.976288 -1420.974022 -1419.611203 -1419.384848 -1419.350009 -1419.345244 -1419.345246 -1419.345930 -1419.346590 -1419.347119 -1419.347529 -1419.347846 -1419.348096 -1419.348296 -1419.348461 -1419.348600 -1419.348726 -1419.348850 -1419.348987 -1419.349156 -1419.349387 -1419.349723 -1419.350234 -1419.351034 -1419.352309 -1419.354380 -1419.357815 -1419.363645 -1419.373818 -1419.392112 -1419.426024 -1419.490743 -1419.617931 -1419.876875 -1420.430400 -1421.690672 -1424.767504 -1432.911367 -1457.547597 -9999.0 -9999.0
-9999.0 -9999.0 875.616108 778.732839 681.484883 583.825221 485.950090 387.979109 289.976414 191.976554 93.998626 -3.943587 -101.835244 -199.662198 -297.360775 -394.808375 -491.779876 -587.911091 -682.660655 -778.014885 -872.468602 -965.750786 -1057.637624 -1135.556760 -1203.020929 -1258.899193 -1303.253792 -1337.128702 -1362.148195 -1380.115469 -1392.726507 -1401.419058 -1407.327693 -1411.302702 -1413.957935 -1415.726790 -1416.919664 -1417.807659 -1418.898224 -1422.132125 -1435.562082 -1498.728979 -1984.811839 -4050.505274 -4084.155798 -4084.158413 -4084.158305 -4084.157003 -4084.150423 -4084.127933 -4084.064450 -4083.876493 -4083.559189 -4083.142292 -4082.441731 -4081.069005 -4078.035967 -4070.711267 -4052.096485 -4004.734084 -3819.337311 -1745.652437 -1459.632648 -1427.976288 -1420.974022 -1419.611203 -1419.384848 -1419.350009 -1419.345244 -1419.345246 -1419.345930 -1419.346590 -1419.347119 -1419.347529 -1419.347846 -1419.348096 -1419.348296 -1419.348461 -1419.348600 -1419.348726 -1419.348850 -1419.348987 -1419.349156 -1419.349387 -1419.349723 -1419.350234 -1419.351034 -1419.352309 -1419.354380 -1419.357815 -1419.363645 -1419.373818 -1419.392112 -1419.426024 -1419.490743 -1419.617931 -1419.876875 -1420.430400 -1421.690672 -1424.767504 -1432.911367 -1457.547597 -9999.0 -9999.0
-9999.0 -9999.0 875.616108 778.732839 681.484883 583.825221 485.950090 387.979109 289.976414 191.976554 93.998626 -3.943587 -101.835244 -199.662198 -297.360775 -394.808375 -491.779876 -587.911091 -682.660655 -778.014885 -872.468602 -965.750786 -1057.637624 -1135.556760 -1203.020929 -1258.899192 -1303.253792 -1337.128702 -1362.148195 -1380.115469 -1392.726507 -1401.419058 -1407.327693 -1411.302702 -1413.957935 -1415.726790 -1416.919664 -1417.807659 -1418.898224 -1422.132125 -1435.562082 -1498.728979 -1984.811839 -4050.505274 -4084.155798 -4084.158413 -4084.158305 -4084.157003 -4084.150423 -4084.127933 -4084.064450 -4083.876493 -4083.559189 -4083.142292 -4082.441731 -4081.069005 -4078.035967 -4070.711267 -4052.096485 -4004.734084 -3819.337311 -1745.652437 -1459.632648 -1427.976288 -1420.974022 -1419.611203 -1419.384848 -1419.350009 -1419.345244 -1419.345246 -1419.345930 -1419.346590 -1419.347119 -1419.347529 -1419.347846 -1419.348096 -1419.348296 -1419.348461 -1419.348600 -1419.348726 -1419.348850 -1419.348987 -1419.349156 -1419.349387 -1419.349723 -1419.350234 -1419.351034 -1419.352309 -1419.354380 -1419.357815 -1419.363645 -1419.373818 -1419.392112 -1419.426024 -1419.490743 -1419.617931 -1419.876875 -1420.430400 -1421.690672 -1424.767504 -1432.911367 -1457.547597 -9999.0 -9999.0
-9999.0 -9999.0 875.614807 778.732147 681.484594 583.825111 485.950049 387.979095 289.976409 191.976552 93.998626 -3.943588 -101.835244 -199.662198 -297.360775 -394.808375 -491.779876 -587.911091 -682.660655 -778.014885 -872.468602 -965.750786 -1057.637623 -1135.556760 -1203.020929 -1258.899192 -1303.253791 -1337.128702 -1362.148194 -1380.115469 -1392.726507 -1401.419058 -1407.327693 -1411.302702 -1413.957935 -1415.726790 -1416.919664 -1417.807659 -1418.898224 -1422.132125 -1435.562082 -1498.728979 -1984.811839 -4050.505274 -4084.155798 -4084.158413 -4084.158305 -4084.157003 -4084.150423 -4084.127933 -4084.064450 -4083.876493 -4083.559189 -4083.142292 -4082.441731 -4081.069005 -4078.035967 -4070.711267 -4052.096485 -4004.734084 -3819.337312 -1745.652437 -1459.632648 -1427.976288 -1420.974022 -1419.611203 -1419.384848 -1419.350009 -1419.345244 -1419.345246 -1419.345930 -1419.346590 -1419.347119 -1419.347529 -1419.347846 -1419.348096 -1419.348296 -1419.348461 -1419.348600 -1419.348726 -1419.348850 -1419.348987 -1419.349156 -1419.349387 -1419.349723 -1419.350234 -1419.351034 -1419.352309 -1419.354380 -1419.357815 -1419.363645 -1419.373818 -1419.392112 -1419.426024 -1419.490743 -1419.617931 -1419.876875 -1420.430400 -1421.690672 -1424.767504 -1432.911367 -1457.547597 -9999.0 -9999.0
-9999.0 -9999.0 875.611197 778.730824 681.484170 583.824975 485.950004 387.979079 289.976403 191.976550 93.998625 -3.943588 -101.835244 -199.662198 -297.360775 -394.808375 -491.779876 -587.911091 -682.660655 -778.014885 -872.468601 -965.750785 -1057.637623 -1135.556759 -1203.020929 -1258.899192 -1303.253791 -1337.128701 -1362.148194 -1380.115469 -1392.726507 -1401.419058 -1407.327693 -1411.302702 -1413.957935 -1415.726790 -1416.919664 -1417.807659 -1418.898224 -1422.132125 -1435.562082 -1498.728979 -1984.811839 -4050.505274 -4084.155798 -4084.158413 -4084.158305 -4084.157003 -4084.150423 -4084.127933 -4084.064450 -4083.876493 -4083.559189 -4083.142292 -4082.441731 -4081.069005 -4078.035967 -4070.711267 -4052.096485 -4004.734084 -3819.337312 -1745.652437 -1459.632648 -1427.976288 -1420.974022 -1419.611203 -1419.384848 -1419.350009 -1419.345244 -1419.345246 -1419.345930 -1419.346590 -1419.347119 -1419.347529 -1419.347846 -1419.348096 -1419.348296 -1419.348461 -1419.348600 -1419.348726 -1419.348850 -1419.348987 -1419.349156 -1419.349387 -1419.349723 -1419.350234 -1419.351034 -1419.352309 -1419.354380 -1419.357815 -1419.363645 -1419.373818 -1419.392112 -1419.426024 -1419.490743 -1419.617931 -1419.876875 -1420.430400 -1421.690672 -1424.767504 -1432.911367 -1457.547597 -9999.0 -9999.0
-9999.0 -9999.0 -9999.0 -9999.0 -9999.0 -9999.0 -9999.0 -9999.0 -9999.0 -9999.0 -9999.0 -9999.0 -9999.0 -9999.0 -9999.0 -9999.0 -9999.0 -9999.0 -9999.0 -9999.0 -9999.0 -9999.0 -9999.0 -9999.0 -9999.0 -9999.0 -9999.0 -9999.0 -9999.0 -9999.0 -9999.0 -9999.0 -9999.0 -9999.0 -9999.0 -9999.0 -9999.0 -9999.0 -9999.0 -9999.0 -9999.0 -9999.0 -9999.0 -9999.0 -9999.0 -9999.0 -9999.0 -9999.0 -9999.0 -9999.0 -9999.0 -9999.0 -9999.0 -9999.0 -9999.0 -9999.0 -9999.0 -9999.0 -9999.0 -9999.0 -9999.0 -9999.0 -9999.0 -9999.0 -9999.0 -9999.0 -9999.0 -9999.0 -9999.0 -9999.0 -9999.0 -9999.0 -9999.0 -9999.0 -9999.0 -9999.0 -9999.0 -9999.0 -9999.0 -9999.0 -9999.0 -9999.0 -9999.0 -9999.0 -9999.0 -9999.0 -9999.0 -9999.0 -9999.0 -9999.0 -9999.0 -9999.0 -9999.0 -9999.0 -9999.0 -9999.0 -9999.0 -9999.0 -9999.0 -9999.0 -9999.0 -9999.0 -9999.0 -9999.0
-9999.0 -9999.0 -9999.0 -9999.0 -9999.0 -9999.0 -9999.0 -9999.0 -9999.0 -9999.0 -9999.0 -9999.0 -9999.0 -9999.0 -9999.0 -9999.0 -9999.0 -9999.0 -9999.0 -9999.0 -9999.0 -9999.0 -9999.0 -9999.0 -9999.0 -9999.0 -9999.0 -9999.0 -9999.0 -9999.0 -9999.0 -9999.0 -9999.0 -9999.0 -9999.0 -9999.0 -9999.0 -9999.0 -9999.0 -9999.0 -9999.0 -9999.0 -9999.0 -9999.0 -9999.0 -9999.0 -9999.0 -9999.0 -9999.0 -9999.0 -9999.0 -9999.0 -9999.0 -9999.0 -9999.0 -9999.0 -9999.0 -9999.0 -9999.0 -9999.0 -9999.0 -9999.0 -9999.0 -9999.0 -9999.0 -9999.0 -9999.0 -9999.0 -9999.0 -9999.0 -9999.0 -9999.0 -9999.0 -9999.0 -9999.0 -9999.0 -9999.0 -9999.0 -9999.0 -9999.0 -9999.0 -9999.0 -9999.0 -9999.0 -9999.0 -9999.0 -9999.0 -9999.0 -9999.0 -9999.0 -9999.0 -9999.0 -9999.0 -9999.0 -9999.0 -9999.0 -9999.0 -9999.0 -9999.0 -9999.0 -9999.0 -9999.0 -9999.0 -9999.0