inst/processing_geotop_simulation/geotop_simulation/out/maps3D/PwL0011N0462.asc
ncols         104
nrows         10
xllcorner     -2.000000
yllcorner     0.000000
cellsize      1.000000
NODATA_value  -9999.0
-9999.0 -9999.0 -9999.0 -9999.0 -9999.0 -9999.0 -9999.0 -9999.0 -9999.0 -9999.0 -9999.0 -9999.0 -9999.0 -9999.0 -9999.0 -9999.0 -9999.0 -9999.0 -9999.0 -9999.0 -9999.0 -9999.0 -9999.0 -9999.0 -9999.0 -9999.0 -9999.0 -9999.0 -9999.0 -9999.0 -9999.0 -9999.0 -9999.0 -9999.0 -9999.0 -9999.0 -9999.0 -9999.0 -9999.0 -9999.0 -9999.0 -9999.0 -9999.0 -9999.0 -9999.0 -9999.0 -9999.0 -9999.0 -9999.0 -9999.0 -9999.0 -9999.0 -9999.0 -9999.0 -9999.0 -9999.0 -9999.0 -9999.0 -9999.0 -9999.0 -9999.0 -9999.0 -9999.0 -9999.0 -9999.0 -9999.0 -9999.0 -9999.0 -9999.0 -9999.0 -9999.0 -9999.0 -9999.0 -9999.0 -9999.0 -9999.0 -9999.0 -9999.0 -9999.0 -9999.0 -9999.0 -9999.0 -9999.0 -9999.0 -9999.0 -9999.0 -9999.0 -9999.0 -9999.0 -9999.0 -9999.0 -9999.0 -9999.0 -9999.0 -9999.0 -9999.0 -9999.0 -9999.0 -9999.0 -9999.0 -9999.0 -9999.0 -9999.0 -9999.0
-9999.0 -9999.0 -9999.0 -9999.0 -9999.0 -9999.0 -9999.0 -9999.0 -9999.0 -9999.0 -9999.0 -9999.0 -9999.0 -9999.0 -9999.0 -9999.0 -9999.0 -9999.0 -9999.0 -9999.0 -9999.0 -9999.0 -9999.0 -9999.0 -9999.0 -9999.0 -9999.0 -9999.0 -9999.0 -9999.0 -9999.0 -9999.0 -9999.0 -9999.0 -9999.0 -9999.0 -9999.0 -9999.0 -9999.0 -9999.0 -9999.0 -9999.0 -9999.0 -9999.0 -9999.0 -9999.0 -9999.0 -9999.0 -9999.0 -9999.0 -9999.0 -9999.0 -9999.0 -9999.0 -9999.0 -9999.0 -9999.0 -9999.0 -9999.0 -9999.0 -9999.0 -9999.0 -9999.0 -9999.0 -9999.0 -9999.0 -9999.0 -9999.0 -9999.0 -9999.0 -9999.0 -9999.0 -9999.0 -9999.0 -9999.0 -9999.0 -9999.0 -9999.0 -9999.0 -9999.0 -9999.0 -9999.0 -9999.0 -9999.0 -9999.0 -9999.0 -9999.0 -9999.0 -9999.0 -9999.0 -9999.0 -9999.0 -9999.0 -9999.0 -9999.0 -9999.0 -9999.0 -9999.0 -9999.0 -9999.0 -9999.0 -9999.0 -9999.0 -9999.0
-9999.0 -9999.0 521.829658 423.013145 323.849425 224.509309 125.093003 25.645305 -73.810163 -173.264025 -272.709316 -372.134751 -471.521422 -570.831917 -670.013975 -769.132293 -868.256130 -967.296157 -1066.237121 -1164.722300 -1261.995371 -1357.172494 -1448.402062 -1533.246319 -1609.294569 -1674.815011 -1729.114394 -1772.530825 -1806.168537 -1831.542559 -1850.265542 -1863.836758 -1873.534916 -1880.388001 -1885.189048 -1888.535213 -1890.883860 -1892.655350 -1894.481195 -1897.498663 -1900.166423 -1869.600722 -1384.459242 -1620.592755 -1566.491823 -1530.354890 -1513.942502 -1511.622818 -1511.379865 -1511.401383 -1511.460344 -1511.523815 -1511.584805 -1511.641281 -1511.693741 -1511.755196 -1511.950039 -1513.292960 -1521.823017 -1541.126369 -1559.755912 -1314.290624 -1832.580276 -1892.988437 -1896.744833 -1896.234822 -1896.003655 -1895.950965 -1895.941546 -1895.940388 -1895.940614 -1895.941003 -1895.941350 -1895.941636 -1895.941872 -1895.942070 -1895.942242 -1895.942394 -1895.942535 -1895.942670 -1895.942807 -1895.942956 -1895.943129 -1895.943344 -1895.943630 -1895.944031 -1895.944621 -1895.945524 -1895.946954 -1895.949294 -1895.953254 -1895.960190 -1895.972767 -1895.996353 -1896.042081 -1896.134017 -1896.327319 -1896.757826 -1897.787627 -1900.475133 -1908.269708 -1933.781031 -9999.0 -9999.0
-9999.0 -9999.0 521.834659 423.014591 323.849834 224.509433 125.093044 25.645319 -73.810158 -173.264023 -272.709315 -372.134750 -471.521421 -570.831917 -670.013975 -769.132293 -868.256130 -967.296157 -1066.237121 -1164.722301 -1261.995371 -1357.172494 -1448.402063 -1533.246319 -1609.294569 -1674.815011 -1729.114394 -1772.530825 -1806.168537 -1831.542559 -1850.265542 -1863.836758 -1873.534916 -1880.388001 -1885.189048 -1888.535213 -1890.883860 -1892.655350 -1894.481195 -1897.498663 -1900.166423 -1869.600722 -1384.459242 -1620.592755 -1566.491822 -1530.354889 -1513.942502 -1511.622818 -1511.379865 -1511.401383 -1511.460344 -1511.523815 -1511.584805 -1511.641281 -1511.693741 -1511.755196 -1511.950039 -1513.292960 -1521.823017 -1541.126369 -1559.755912 -1314.290624 -1832.580276 -1892.988437 -1896.744833 -1896.234821 -1896.003655 -1895.950965 -1895.941546 -1895.940388 -1895.940614 -1895.941003 -1895.941350 -1895.941636 -1895.941872 -1895.942070 -1895.942242 -1895.942394 -1895.942535 -1895.942670 -1895.942807 -1895.942956 -1895.943129 -1895.943344 -1895.943630 -1895.944031 -1895.944621 -1895.945524 -1895.946954 -1895.949294 -1895.953254 -1895.960190 -1895.972767 -1895.996353 -1896.042081 -1896.134017 -1896.327319 -1896.757826 -1897.787627 -1900.475133 -1908.269708 -1933.781031 -9999.0 -9999.0
-9999.0 -9999.0 521.835925 423.015253 323.850101 224.509532 125.093079 25.645332 -73.810153 -173.264021 -272.709314 -372.134750 -471.521421 -570.831916 -670.013975 -769.132293 -868.256130 -967.296157 -1066.237121 -1164.722301 -1261.995371 -1357.172494 -1448.402063 -1533.246319 -1609.294569 -1674.815011 -1729.114394 -1772.530825 -1806.168537 -1831.542559 -1850.265542 -1863.836758 -1873.534916 -1880.388001 -1885.189048 -1888.535213 -1890.883860 -1892.655350 -1894.481195 -1897.498663 -1900.166423 -1869.600722 -1384.459242 -1620.592755 -1566.491822 -1530.354889 -1513.942502 -1511.622818 -1511.379865 -1511.401383 -1511.460344 -1511.523815 -1511.584805 -1511.641281 -1511.693741 -1511.755196 -1511.950039 -1513.292960 -1521.823017 -1541.126369 -1559.755912 -1314.290624 -1832.580276 -1892.988437 -1896.744833 -1896.234821 -1896.003655 -1895.950965 -1895.941546 -1895.940388 -1895.940614 -1895.941003 -1895.941350 -1895.941636 -1895.941872 -1895.942070 -1895.942242 -1895.942394 -1895.942535 -1895.942670 -1895.942807 -1895.942956 -1895.943129 -1895.943344 -1895.943630 -1895.944031 -1895.944621 -1895.945524 -1895.946954 -1895.949294 -1895.953254 -1895.960190 -1895.972767 -1895.996353 -1896.042081 -1896.134017 -1896.327319 -1896.757826 -1897.787627 -1900.475133 -1908.269708 -1933.781031 -9999.0 -9999.0
-9999.0 -9999.0 521.835925 423.015253 323.850101 224.509532 125.093079 25.645332 -73.810153 -173.264021 -272.709314 -372.134750 -471.521421 -570.831917 -670.013975 -769.132293 -868.256130 -967.296157 -1066.237121 -1164.722301 -1261.995371 -1357.172494 -1448.402063 -1533.246319 -1609.294569 -1674.815011 -1729.114394 -1772.530825 -1806.168537 -1831.542559 -1850.265542 -1863.836758 -1873.534916 -1880.388001 -1885.189048 -1888.535213 -1890.883860 -1892.655350 -1894.481195 -1897.498663 -1900.166423 -1869.600722 -1384.459242 -1620.592755 -1566.491822 -1530.354889 -1513.942502 -1511.622818 -1511.379865 -1511.401383 -1511.460344 -1511.523815 -1511.584805 -1511.641281 -1511.693741 -1511.755196 -1511.950039 -1513.292960 -1521.823017 -1541.126369 -1559.755912 -1314.290624 -1832.580276 -1892.988437 -1896.744833 -1896.234821 -1896.003655 -1895.950965 -1895.941546 -1895.940388 -1895.940614 -1895.941003 -1895.941350 -1895.941636 -1895.941872 -1895.942070 -1895.942242 -1895.942394 -1895.942535 -1895.942670 -1895.942807 -1895.942956 -1895.943129 -1895.943344 -1895.943630 -1895.944031 -1895.944621 -1895.945524 -1895.946954 -1895.949294 -1895.953254 -1895.960190 -1895.972767 -1895.996353 -1896.042081 -1896.134017 -1896.327319 -1896.757826 -1897.787627 -1900.475133 -1908.269708 -1933.781031 -9999.0 -9999.0
-9999.0 -9999.0 521.834660 423.014591 323.849834 224.509433 125.093044 25.645319 -73.810158 -173.264023 -272.709315 -372.134750 -471.521421 -570.831917 -670.013975 -769.132293 -868.256130 -967.296157 -1066.237121 -1164.722301 -1261.995371 -1357.172494 -1448.402063 -1533.246319 -1609.294569 -1674.815011 -1729.114394 -1772.530825 -1806.168537 -1831.542559 -1850.265542 -1863.836758 -1873.534916 -1880.388001 -1885.189048 -1888.535213 -1890.883860 -1892.655350 -1894.481195 -1897.498663 -1900.166423 -1869.600722 -1384.459242 -1620.592755 -1566.491822 -1530.354889 -1513.942502 -1511.622818 -1511.379865 -1511.401383 -1511.460344 -1511.523815 -1511.584805 -1511.641281 -1511.693741 -1511.755196 -1511.950039 -1513.292960 -1521.823017 -1541.126369 -1559.755912 -1314.290624 -1832.580276 -1892.988437 -1896.744833 -1896.234822 -1896.003655 -1895.950965 -1895.941546 -1895.940388 -1895.940614 -1895.941003 -1895.941350 -1895.941636 -1895.941872 -1895.942070 -1895.942242 -1895.942394 -1895.942535 -1895.942670 -1895.942807 -1895.942956 -1895.943129 -1895.943344 -1895.943630 -1895.944031 -1895.944621 -1895.945524 -1895.946954 -1895.949294 -1895.953254 -1895.960190 -1895.972767 -1895.996353 -1896.042081 -1896.134017 -1896.327319 -1896.757826 -1897.787627 -1900.475133 -1908.269708 -1933.781031 -9999.0 -9999.0
-9999.0 -9999.0 521.829658 423.013145 323.849425 224.509309 125.093003 25.645305 -73.810163 -173.264025 -272.709316 -372.134751 -471.521421 -570.831917 -670.013975 -769.132293 -868.256130 -967.296157 -1066.237121 -1164.722300 -1261.995371 -1357.172494 -1448.402062 -1533.246319 -1609.294569 -1674.815011 -1729.114394 -1772.530825 -1806.168537 -1831.542559 -1850.265542 -1863.836758 -1873.534916 -1880.388001 -1885.189048 -1888.535213 -1890.883860 -1892.655350 -1894.481195 -1897.498663 -1900.166423 -1869.600722 -1384.459242 -1620.592755 -1566.491823 -1530.354890 -1513.942502 -1511.622818 -1511.379865 -1511.401383 -1511.460344 -1511.523815 -1511.584805 -1511.641281 -1511.693741 -1511.755196 -1511.950039 -1513.292960 -1521.823017 -1541.126369 -1559.755912 -1314.290624 -1832.580276 -1892.988437 -1896.744833 -1896.234822 -1896.003655 -1895.950965 -1895.941546 -1895.940388 -1895.940614 -1895.941003 -1895.941350 -1895.941636 -1895.941872 -1895.942070 -1895.942242 -1895.942394 -1895.942535 -1895.942670 -1895.942807 -1895.942956 -1895.943129 -1895.943344 -1895.943630 -1895.944031 -1895.944621 -1895.945524 -1895.946954 -1895.949294 -1895.953254 -1895.960190 -1895.972767 -1895.996353 -1896.042081 -1896.134017 -1896.327319 -1896.757826 -1897.787627 -1900.475133 -1908.269708 -1933.781031 -9999.0 -9999.0
-9999.0 -9999.0 -9999.0 -9999.0 -9999.0 -9999.0 -9999.0 -9999.0 -9999.0 -9999.0 -9999.0 -9999.0 -9999.0 -9999.0 -9999.0 -9999.0 -9999.0 -9999.0 -9999.0 -9999.0 -9999.0 -9999.0 -9999.0 -9999.0 -9999.0 -9999.0 -9999.0 -9999.0 -9999.0 -9999.0 -9999.0 -9999.0 -9999.0 -9999.0 -9999.0 -9999.0 -9999.0 -9999.0 -9999.0 -9999.0 -9999.0 -9999.0 -9999.0 -9999.0 -9999.0 -9999.0 -9999.0 -9999.0 -9999.0 -9999.0 -9999.0 -9999.0 -9999.0 -9999.0 -9999.0 -9999.0 -9999.0 -9999.0 -9999.0 -9999.0 -9999.0 -9999.0 -9999.0 -9999.0 -9999.0 -9999.0 -9999.0 -9999.0 -9999.0 -9999.0 -9999.0 -9999.0 -9999.0 -9999.0 -9999.0 -9999.0 -9999.0 -9999.0 -9999.0 -9999.0 -9999.0 -9999.0 -9999.0 -9999.0 -9999.0 -9999.0 -9999.0 -9999.0 -9999.0 -9999.0 -9999.0 -9999.0 -9999.0 -9999.0 -9999.0 -9999.0 -9999.0 -9999.0 -9999.0 -9999.0 -9999.0 -9999.0 -9999.0 -9999.0
-9999.0 -9999.0 -9999.0 -9999.0 -9999.0 -9999.0 -9999.0 -9999.0 -9999.0 -9999.0 -9999.0 -9999.0 -9999.0 -9999.0 -9999.0 -9999.0 -9999.0 -9999.0 -9999.0 -9999.0 -9999.0 -9999.0 -9999.0 -9999.0 -9999.0 -9999.0 -9999.0 -9999.0 -9999.0 -9999.0 -9999.0 -9999.0 -9999.0 -9999.0 -9999.0 -9999.0 -9999.0 -9999.0 -9999.0 -9999.0 -9999.0 -9999.0 -9999.0 -9999.0 -9999.0 -9999.0 -9999.0 -9999.0 -9999.0 -9999.0 -9999.0 -9999.0 -9999.0 -9999.0 -9999.0 -9999.0 -9999.0 -9999.0 -9999.0 -9999.0 -9999.0 -9999.0 -9999.0 -9999.0 -9999.0 -9999.0 -9999.0 -9999.0 -9999.0 -9999.0 -9999.0 -9999.0 -9999.0 -9999.0 -9999.0 -9999.0 -9999.0 -9999.0 -9999.0 -9999.0 -9999.0 -9999.0 -9999.0 -9999.0 -9999.0 -9999.0 -9999.0 -9999.0 -9999.0 -9999.0 -9999.0 -9999.0 -9999.0 -9999.0 -9999.0 -9999.0 -9999.0 -9999.0 -9999.0 -9999.0 -9999.0 -9999.0 -9999.0 -9999.0