inst/processing_geotop_simulation/geotop_simulation/out/maps3D/PwL0020N0206.asc
ncols         104
nrows         10
xllcorner     -2.000000
yllcorner     0.000000
cellsize      1.000000
NODATA_value  -9999.0
-9999.0 -9999.0 -9999.0 -9999.0 -9999.0 -9999.0 -9999.0 -9999.0 -9999.0 -9999.0 -9999.0 -9999.0 -9999.0 -9999.0 -9999.0 -9999.0 -9999.0 -9999.0 -9999.0 -9999.0 -9999.0 -9999.0 -9999.0 -9999.0 -9999.0 -9999.0 -9999.0 -9999.0 -9999.0 -9999.0 -9999.0 -9999.0 -9999.0 -9999.0 -9999.0 -9999.0 -9999.0 -9999.0 -9999.0 -9999.0 -9999.0 -9999.0 -9999.0 -9999.0 -9999.0 -9999.0 -9999.0 -9999.0 -9999.0 -9999.0 -9999.0 -9999.0 -9999.0 -9999.0 -9999.0 -9999.0 -9999.0 -9999.0 -9999.0 -9999.0 -9999.0 -9999.0 -9999.0 -9999.0 -9999.0 -9999.0 -9999.0 -9999.0 -9999.0 -9999.0 -9999.0 -9999.0 -9999.0 -9999.0 -9999.0 -9999.0 -9999.0 -9999.0 -9999.0 -9999.0 -9999.0 -9999.0 -9999.0 -9999.0 -9999.0 -9999.0 -9999.0 -9999.0 -9999.0 -9999.0 -9999.0 -9999.0 -9999.0 -9999.0 -9999.0 -9999.0 -9999.0 -9999.0 -9999.0 -9999.0 -9999.0 -9999.0 -9999.0 -9999.0
-9999.0 -9999.0 -9999.0 -9999.0 -9999.0 -9999.0 -9999.0 -9999.0 -9999.0 -9999.0 -9999.0 -9999.0 -9999.0 -9999.0 -9999.0 -9999.0 -9999.0 -9999.0 -9999.0 -9999.0 -9999.0 -9999.0 -9999.0 -9999.0 -9999.0 -9999.0 -9999.0 -9999.0 -9999.0 -9999.0 -9999.0 -9999.0 -9999.0 -9999.0 -9999.0 -9999.0 -9999.0 -9999.0 -9999.0 -9999.0 -9999.0 -9999.0 -9999.0 -9999.0 -9999.0 -9999.0 -9999.0 -9999.0 -9999.0 -9999.0 -9999.0 -9999.0 -9999.0 -9999.0 -9999.0 -9999.0 -9999.0 -9999.0 -9999.0 -9999.0 -9999.0 -9999.0 -9999.0 -9999.0 -9999.0 -9999.0 -9999.0 -9999.0 -9999.0 -9999.0 -9999.0 -9999.0 -9999.0 -9999.0 -9999.0 -9999.0 -9999.0 -9999.0 -9999.0 -9999.0 -9999.0 -9999.0 -9999.0 -9999.0 -9999.0 -9999.0 -9999.0 -9999.0 -9999.0 -9999.0 -9999.0 -9999.0 -9999.0 -9999.0 -9999.0 -9999.0 -9999.0 -9999.0 -9999.0 -9999.0 -9999.0 -9999.0 -9999.0 -9999.0
-9999.0 -9999.0 976.633746 879.945735 783.029892 685.709706 588.163499 490.514804 392.832659 295.154882 197.502245 99.887823 2.321671 -95.180810 -192.603181 -289.871225 -386.837391 -483.240839 -578.654062 -672.341490 -766.543242 -859.590126 -951.242084 -1041.285331 -1113.633818 -1174.737326 -1224.110103 -1262.380500 -1290.965113 -1311.649719 -1326.233013 -1336.304209 -1343.149754 -1347.748590 -1350.813354 -1352.848688 -1354.214072 -1355.212371 -1356.371753 -1359.704926 -1373.933011 -1443.249488 -1851.522799 -3931.904901 -3985.133582 -3985.134453 -3984.639972 -3979.133183 -3953.993098 -3884.237883 -3750.124369 -3535.478107 -3352.208316 -3215.957065 -3080.335399 -2933.220496 -2773.702271 -2609.386763 -2450.337000 -2301.519663 -2144.924138 -1519.255178 -1403.017665 -1366.460202 -1358.663669 -1357.246867 -1357.020748 -1356.986612 -1356.982024 -1356.982103 -1356.982843 -1356.983545 -1356.984108 -1356.984543 -1356.984881 -1356.985147 -1356.985360 -1356.985536 -1356.985684 -1356.985818 -1356.985950 -1356.986095 -1356.986273 -1356.986517 -1356.986871 -1356.987408 -1356.988248 -1356.989587 -1356.991763 -1356.995367 -1357.001482 -1357.012146 -1357.031309 -1357.066815 -1357.134554 -1357.267680 -1357.538931 -1358.120087 -1359.448231 -1362.697033 -1371.228867 -1396.443510 -9999.0 -9999.0
-9999.0 -9999.0 976.636922 879.946965 783.030299 685.709840 588.163544 490.514820 392.832665 295.154884 197.502246 99.887823 2.321671 -95.180810 -192.603181 -289.871225 -386.837391 -483.240839 -578.654062 -672.341491 -766.543242 -859.590127 -951.242085 -1041.285331 -1113.633818 -1174.737326 -1224.110103 -1262.380500 -1290.965114 -1311.649720 -1326.233013 -1336.304209 -1343.149754 -1347.748590 -1350.813354 -1352.848688 -1354.214072 -1355.212371 -1356.371753 -1359.704926 -1373.933011 -1443.249488 -1851.522798 -3931.904901 -3985.133582 -3985.134453 -3984.639972 -3979.133183 -3953.993098 -3884.237882 -3750.124367 -3535.478105 -3352.208316 -3215.957064 -3080.335398 -2933.220496 -2773.702269 -2609.386762 -2450.336999 -2301.519663 -2144.924139 -1519.255179 -1403.017665 -1366.460202 -1358.663669 -1357.246867 -1357.020748 -1356.986612 -1356.982024 -1356.982103 -1356.982843 -1356.983545 -1356.984108 -1356.984543 -1356.984881 -1356.985147 -1356.985360 -1356.985536 -1356.985684 -1356.985818 -1356.985950 -1356.986095 -1356.986273 -1356.986517 -1356.986871 -1356.987408 -1356.988248 -1356.989587 -1356.991763 -1356.995367 -1357.001482 -1357.012146 -1357.031309 -1357.066815 -1357.134554 -1357.267680 -1357.538931 -1358.120087 -1359.448231 -1362.697033 -1371.228867 -1396.443510 -9999.0 -9999.0
-9999.0 -9999.0 976.638160 879.947631 783.030581 685.709948 588.163584 490.514834 392.832670 295.154886 197.502247 99.887823 2.321671 -95.180810 -192.603181 -289.871225 -386.837391 -483.240839 -578.654062 -672.341491 -766.543242 -859.590127 -951.242085 -1041.285331 -1113.633819 -1174.737326 -1224.110104 -1262.380500 -1290.965114 -1311.649720 -1326.233013 -1336.304209 -1343.149754 -1347.748590 -1350.813354 -1352.848688 -1354.214072 -1355.212371 -1356.371753 -1359.704926 -1373.933011 -1443.249488 -1851.522798 -3931.904901 -3985.133582 -3985.134453 -3984.639972 -3979.133183 -3953.993098 -3884.237881 -3750.124366 -3535.478105 -3352.208316 -3215.957064 -3080.335398 -2933.220495 -2773.702270 -2609.386762 -2450.336999 -2301.519662 -2144.924138 -1519.255178 -1403.017665 -1366.460202 -1358.663669 -1357.246867 -1357.020748 -1356.986612 -1356.982024 -1356.982103 -1356.982843 -1356.983545 -1356.984108 -1356.984543 -1356.984881 -1356.985147 -1356.985360 -1356.985536 -1356.985684 -1356.985818 -1356.985950 -1356.986095 -1356.986273 -1356.986517 -1356.986871 -1356.987408 -1356.988248 -1356.989587 -1356.991763 -1356.995367 -1357.001482 -1357.012146 -1357.031309 -1357.066815 -1357.134554 -1357.267680 -1357.538931 -1358.120087 -1359.448231 -1362.697033 -1371.228867 -1396.443510 -9999.0 -9999.0
-9999.0 -9999.0 976.638160 879.947631 783.030581 685.709948 588.163584 490.514834 392.832670 295.154886 197.502247 99.887823 2.321671 -95.180810 -192.603181 -289.871225 -386.837391 -483.240839 -578.654062 -672.341491 -766.543243 -859.590127 -951.242085 -1041.285331 -1113.633819 -1174.737326 -1224.110104 -1262.380500 -1290.965114 -1311.649720 -1326.233013 -1336.304209 -1343.149754 -1347.748590 -1350.813354 -1352.848688 -1354.214072 -1355.212371 -1356.371753 -1359.704926 -1373.933011 -1443.249488 -1851.522798 -3931.904901 -3985.133582 -3985.134453 -3984.639972 -3979.133183 -3953.993098 -3884.237882 -3750.124366 -3535.478105 -3352.208316 -3215.957064 -3080.335398 -2933.220496 -2773.702269 -2609.386762 -2450.336999 -2301.519663 -2144.924138 -1519.255178 -1403.017665 -1366.460202 -1358.663669 -1357.246867 -1357.020748 -1356.986612 -1356.982024 -1356.982103 -1356.982843 -1356.983545 -1356.984108 -1356.984543 -1356.984881 -1356.985147 -1356.985360 -1356.985536 -1356.985684 -1356.985818 -1356.985950 -1356.986095 -1356.986273 -1356.986517 -1356.986871 -1356.987408 -1356.988248 -1356.989587 -1356.991763 -1356.995367 -1357.001482 -1357.012146 -1357.031309 -1357.066815 -1357.134554 -1357.267680 -1357.538931 -1358.120087 -1359.448231 -1362.697033 -1371.228867 -1396.443510 -9999.0 -9999.0
-9999.0 -9999.0 976.636922 879.946965 783.030299 685.709840 588.163544 490.514820 392.832665 295.154884 197.502246 99.887823 2.321671 -95.180810 -192.603181 -289.871225 -386.837391 -483.240839 -578.654062 -672.341491 -766.543242 -859.590127 -951.242085 -1041.285331 -1113.633818 -1174.737326 -1224.110103 -1262.380500 -1290.965114 -1311.649720 -1326.233013 -1336.304209 -1343.149754 -1347.748590 -1350.813354 -1352.848688 -1354.214072 -1355.212371 -1356.371753 -1359.704926 -1373.933011 -1443.249488 -1851.522798 -3931.904901 -3985.133582 -3985.134453 -3984.639972 -3979.133183 -3953.993098 -3884.237882 -3750.124367 -3535.478105 -3352.208316 -3215.957064 -3080.335399 -2933.220496 -2773.702270 -2609.386762 -2450.336999 -2301.519663 -2144.924139 -1519.255178 -1403.017665 -1366.460202 -1358.663669 -1357.246867 -1357.020748 -1356.986612 -1356.982024 -1356.982103 -1356.982843 -1356.983545 -1356.984108 -1356.984543 -1356.984881 -1356.985147 -1356.985360 -1356.985536 -1356.985684 -1356.985818 -1356.985950 -1356.986095 -1356.986273 -1356.986517 -1356.986871 -1356.987408 -1356.988248 -1356.989587 -1356.991763 -1356.995367 -1357.001482 -1357.012146 -1357.031309 -1357.066815 -1357.134554 -1357.267680 -1357.538931 -1358.120087 -1359.448231 -1362.697033 -1371.228867 -1396.443510 -9999.0 -9999.0
-9999.0 -9999.0 976.633746 879.945735 783.029892 685.709706 588.163499 490.514804 392.832659 295.154882 197.502245 99.887823 2.321671 -95.180810 -192.603181 -289.871225 -386.837391 -483.240839 -578.654062 -672.341490 -766.543242 -859.590126 -951.242084 -1041.285331 -1113.633818 -1174.737326 -1224.110103 -1262.380500 -1290.965113 -1311.649719 -1326.233013 -1336.304209 -1343.149754 -1347.748590 -1350.813354 -1352.848688 -1354.214072 -1355.212371 -1356.371753 -1359.704926 -1373.933011 -1443.249488 -1851.522799 -3931.904901 -3985.133582 -3985.134453 -3984.639972 -3979.133183 -3953.993098 -3884.237883 -3750.124370 -3535.478107 -3352.208316 -3215.957065 -3080.335399 -2933.220497 -2773.702270 -2609.386763 -2450.337000 -2301.519663 -2144.924139 -1519.255179 -1403.017665 -1366.460202 -1358.663669 -1357.246867 -1357.020748 -1356.986612 -1356.982024 -1356.982103 -1356.982843 -1356.983545 -1356.984108 -1356.984543 -1356.984881 -1356.985147 -1356.985360 -1356.985536 -1356.985684 -1356.985818 -1356.985950 -1356.986095 -1356.986273 -1356.986517 -1356.986871 -1356.987408 -1356.988248 -1356.989587 -1356.991763 -1356.995367 -1357.001482 -1357.012146 -1357.031309 -1357.066815 -1357.134554 -1357.267680 -1357.538931 -1358.120087 -1359.448231 -1362.697033 -1371.228867 -1396.443510 -9999.0 -9999.0
-9999.0 -9999.0 -9999.0 -9999.0 -9999.0 -9999.0 -9999.0 -9999.0 -9999.0 -9999.0 -9999.0 -9999.0 -9999.0 -9999.0 -9999.0 -9999.0 -9999.0 -9999.0 -9999.0 -9999.0 -9999.0 -9999.0 -9999.0 -9999.0 -9999.0 -9999.0 -9999.0 -9999.0 -9999.0 -9999.0 -9999.0 -9999.0 -9999.0 -9999.0 -9999.0 -9999.0 -9999.0 -9999.0 -9999.0 -9999.0 -9999.0 -9999.0 -9999.0 -9999.0 -9999.0 -9999.0 -9999.0 -9999.0 -9999.0 -9999.0 -9999.0 -9999.0 -9999.0 -9999.0 -9999.0 -9999.0 -9999.0 -9999.0 -9999.0 -9999.0 -9999.0 -9999.0 -9999.0 -9999.0 -9999.0 -9999.0 -9999.0 -9999.0 -9999.0 -9999.0 -9999.0 -9999.0 -9999.0 -9999.0 -9999.0 -9999.0 -9999.0 -9999.0 -9999.0 -9999.0 -9999.0 -9999.0 -9999.0 -9999.0 -9999.0 -9999.0 -9999.0 -9999.0 -9999.0 -9999.0 -9999.0 -9999.0 -9999.0 -9999.0 -9999.0 -9999.0 -9999.0 -9999.0 -9999.0 -9999.0 -9999.0 -9999.0 -9999.0 -9999.0
-9999.0 -9999.0 -9999.0 -9999.0 -9999.0 -9999.0 -9999.0 -9999.0 -9999.0 -9999.0 -9999.0 -9999.0 -9999.0 -9999.0 -9999.0 -9999.0 -9999.0 -9999.0 -9999.0 -9999.0 -9999.0 -9999.0 -9999.0 -9999.0 -9999.0 -9999.0 -9999.0 -9999.0 -9999.0 -9999.0 -9999.0 -9999.0 -9999.0 -9999.0 -9999.0 -9999.0 -9999.0 -9999.0 -9999.0 -9999.0 -9999.0 -9999.0 -9999.0 -9999.0 -9999.0 -9999.0 -9999.0 -9999.0 -9999.0 -9999.0 -9999.0 -9999.0 -9999.0 -9999.0 -9999.0 -9999.0 -9999.0 -9999.0 -9999.0 -9999.0 -9999.0 -9999.0 -9999.0 -9999.0 -9999.0 -9999.0 -9999.0 -9999.0 -9999.0 -9999.0 -9999.0 -9999.0 -9999.0 -9999.0 -9999.0 -9999.0 -9999.0 -9999.0 -9999.0 -9999.0 -9999.0 -9999.0 -9999.0 -9999.0 -9999.0 -9999.0 -9999.0 -9999.0 -9999.0 -9999.0 -9999.0 -9999.0 -9999.0 -9999.0 -9999.0 -9999.0 -9999.0 -9999.0 -9999.0 -9999.0 -9999.0 -9999.0 -9999.0 -9999.0