inst/processing_geotop_simulation/geotop_simulation/out/maps3D/PwL0000N0362.asc
ncols         104
nrows         10
xllcorner     -2.000000
yllcorner     0.000000
cellsize      1.000000
NODATA_value  -9999.0
-9999.0 -9999.0 -9999.0 -9999.0 -9999.0 -9999.0 -9999.0 -9999.0 -9999.0 -9999.0 -9999.0 -9999.0 -9999.0 -9999.0 -9999.0 -9999.0 -9999.0 -9999.0 -9999.0 -9999.0 -9999.0 -9999.0 -9999.0 -9999.0 -9999.0 -9999.0 -9999.0 -9999.0 -9999.0 -9999.0 -9999.0 -9999.0 -9999.0 -9999.0 -9999.0 -9999.0 -9999.0 -9999.0 -9999.0 -9999.0 -9999.0 -9999.0 -9999.0 -9999.0 -9999.0 -9999.0 -9999.0 -9999.0 -9999.0 -9999.0 -9999.0 -9999.0 -9999.0 -9999.0 -9999.0 -9999.0 -9999.0 -9999.0 -9999.0 -9999.0 -9999.0 -9999.0 -9999.0 -9999.0 -9999.0 -9999.0 -9999.0 -9999.0 -9999.0 -9999.0 -9999.0 -9999.0 -9999.0 -9999.0 -9999.0 -9999.0 -9999.0 -9999.0 -9999.0 -9999.0 -9999.0 -9999.0 -9999.0 -9999.0 -9999.0 -9999.0 -9999.0 -9999.0 -9999.0 -9999.0 -9999.0 -9999.0 -9999.0 -9999.0 -9999.0 -9999.0 -9999.0 -9999.0 -9999.0 -9999.0 -9999.0 -9999.0 -9999.0 -9999.0
-9999.0 -9999.0 -9999.0 -9999.0 -9999.0 -9999.0 -9999.0 -9999.0 -9999.0 -9999.0 -9999.0 -9999.0 -9999.0 -9999.0 -9999.0 -9999.0 -9999.0 -9999.0 -9999.0 -9999.0 -9999.0 -9999.0 -9999.0 -9999.0 -9999.0 -9999.0 -9999.0 -9999.0 -9999.0 -9999.0 -9999.0 -9999.0 -9999.0 -9999.0 -9999.0 -9999.0 -9999.0 -9999.0 -9999.0 -9999.0 -9999.0 -9999.0 -9999.0 -9999.0 -9999.0 -9999.0 -9999.0 -9999.0 -9999.0 -9999.0 -9999.0 -9999.0 -9999.0 -9999.0 -9999.0 -9999.0 -9999.0 -9999.0 -9999.0 -9999.0 -9999.0 -9999.0 -9999.0 -9999.0 -9999.0 -9999.0 -9999.0 -9999.0 -9999.0 -9999.0 -9999.0 -9999.0 -9999.0 -9999.0 -9999.0 -9999.0 -9999.0 -9999.0 -9999.0 -9999.0 -9999.0 -9999.0 -9999.0 -9999.0 -9999.0 -9999.0 -9999.0 -9999.0 -9999.0 -9999.0 -9999.0 -9999.0 -9999.0 -9999.0 -9999.0 -9999.0 -9999.0 -9999.0 -9999.0 -9999.0 -9999.0 -9999.0 -9999.0 -9999.0
-9999.0 -9999.0 0.028415 -95.363586 -193.981087 -292.957489 -392.064597 -491.216802 -590.370726 -689.491592 -788.523711 -887.426041 -986.162570 -1084.681544 -1183.139311 -1281.494792 -1379.353492 -1476.381206 -1571.991395 -1665.160526 -1754.003375 -1835.464741 -1906.225283 -1964.268234 -2009.543738 -2043.499530 -2068.240124 -2085.889978 -2098.282006 -2106.872782 -2112.766583 -2116.775440 -2119.483229 -2121.302312 -2122.520059 -2123.336871 -2123.902931 -2124.385566 -2125.190100 -2127.459557 -2130.099619 -2074.396561 -1287.515894 -1283.888492 -1273.893846 -1267.346149 -1264.264873 -1263.782814 -1263.730446 -1263.735343 -1263.748549 -1263.762781 -1263.776467 -1263.789145 -1263.800943 -1263.814930 -1263.859532 -1264.152470 -1265.809412 -1269.470450 -1274.504503 -1270.917580 -2051.021986 -2124.213365 -2126.014965 -2125.279888 -2125.074907 -2125.036749 -2125.030856 -2125.030441 -2125.030863 -2125.031327 -2125.031707 -2125.032002 -2125.032231 -2125.032410 -2125.032552 -2125.032669 -2125.032769 -2125.032859 -2125.032948 -2125.033048 -2125.033173 -2125.033345 -2125.033598 -2125.033986 -2125.034593 -2125.035567 -2125.037154 -2125.039795 -2125.044300 -2125.052199 -2125.066470 -2125.093038 -2125.143927 -2125.244260 -2125.449099 -2125.887919 -2126.892064 -2129.400546 -2136.475494 -2160.011677 -9999.0 -9999.0
-9999.0 -9999.0 0.088065 -95.361658 -193.980607 -292.957350 -392.064552 -491.216787 -590.370720 -689.491590 -788.523710 -887.426040 -986.162570 -1084.681544 -1183.139311 -1281.494792 -1379.353492 -1476.381207 -1571.991395 -1665.160526 -1754.003375 -1835.464741 -1906.225283 -1964.268234 -2009.543738 -2043.499530 -2068.240124 -2085.889978 -2098.282006 -2106.872782 -2112.766583 -2116.775440 -2119.483229 -2121.302312 -2122.520059 -2123.336871 -2123.902931 -2124.385566 -2125.190100 -2127.459557 -2130.099619 -2074.396561 -1287.515894 -1283.888492 -1273.893845 -1267.346149 -1264.264873 -1263.782814 -1263.730446 -1263.735343 -1263.748549 -1263.762781 -1263.776467 -1263.789145 -1263.800943 -1263.814930 -1263.859532 -1264.152470 -1265.809412 -1269.470450 -1274.504503 -1270.917580 -2051.021986 -2124.213365 -2126.014965 -2125.279888 -2125.074907 -2125.036749 -2125.030856 -2125.030441 -2125.030863 -2125.031327 -2125.031707 -2125.032002 -2125.032231 -2125.032410 -2125.032552 -2125.032669 -2125.032769 -2125.032859 -2125.032948 -2125.033048 -2125.033173 -2125.033345 -2125.033598 -2125.033986 -2125.034593 -2125.035567 -2125.037154 -2125.039795 -2125.044300 -2125.052199 -2125.066470 -2125.093038 -2125.143927 -2125.244260 -2125.449099 -2125.887919 -2126.892064 -2129.400546 -2136.475494 -2160.011677 -9999.0 -9999.0
-9999.0 -9999.0 0.088079 -95.360886 -193.980303 -292.957240 -392.064513 -491.216772 -590.370715 -689.491588 -788.523709 -887.426040 -986.162570 -1084.681544 -1183.139311 -1281.494792 -1379.353492 -1476.381207 -1571.991395 -1665.160526 -1754.003375 -1835.464741 -1906.225283 -1964.268234 -2009.543738 -2043.499530 -2068.240124 -2085.889978 -2098.282006 -2106.872782 -2112.766583 -2116.775440 -2119.483229 -2121.302312 -2122.520059 -2123.336871 -2123.902931 -2124.385566 -2125.190100 -2127.459557 -2130.099619 -2074.396561 -1287.515894 -1283.888492 -1273.893845 -1267.346149 -1264.264873 -1263.782814 -1263.730446 -1263.735343 -1263.748549 -1263.762781 -1263.776467 -1263.789145 -1263.800943 -1263.814930 -1263.859532 -1264.152470 -1265.809412 -1269.470450 -1274.504503 -1270.917580 -2051.021986 -2124.213365 -2126.014965 -2125.279888 -2125.074907 -2125.036749 -2125.030856 -2125.030441 -2125.030863 -2125.031327 -2125.031707 -2125.032002 -2125.032231 -2125.032410 -2125.032552 -2125.032669 -2125.032769 -2125.032859 -2125.032948 -2125.033048 -2125.033173 -2125.033345 -2125.033598 -2125.033986 -2125.034593 -2125.035567 -2125.037154 -2125.039795 -2125.044300 -2125.052199 -2125.066470 -2125.093038 -2125.143927 -2125.244260 -2125.449099 -2125.887919 -2126.892064 -2129.400546 -2136.475494 -2160.011677 -9999.0 -9999.0
-9999.0 -9999.0 0.088079 -95.360886 -193.980303 -292.957240 -392.064513 -491.216773 -590.370715 -689.491588 -788.523709 -887.426040 -986.162570 -1084.681544 -1183.139311 -1281.494792 -1379.353492 -1476.381207 -1571.991395 -1665.160526 -1754.003375 -1835.464741 -1906.225283 -1964.268234 -2009.543738 -2043.499530 -2068.240124 -2085.889978 -2098.282006 -2106.872782 -2112.766583 -2116.775440 -2119.483229 -2121.302312 -2122.520059 -2123.336871 -2123.902931 -2124.385566 -2125.190100 -2127.459557 -2130.099619 -2074.396561 -1287.515894 -1283.888492 -1273.893845 -1267.346149 -1264.264873 -1263.782814 -1263.730446 -1263.735343 -1263.748549 -1263.762781 -1263.776467 -1263.789145 -1263.800943 -1263.814930 -1263.859532 -1264.152470 -1265.809412 -1269.470450 -1274.504503 -1270.917580 -2051.021986 -2124.213365 -2126.014965 -2125.279888 -2125.074907 -2125.036749 -2125.030856 -2125.030441 -2125.030863 -2125.031327 -2125.031707 -2125.032002 -2125.032231 -2125.032410 -2125.032552 -2125.032669 -2125.032769 -2125.032859 -2125.032948 -2125.033048 -2125.033173 -2125.033345 -2125.033598 -2125.033986 -2125.034593 -2125.035567 -2125.037154 -2125.039795 -2125.044300 -2125.052199 -2125.066470 -2125.093038 -2125.143927 -2125.244260 -2125.449099 -2125.887919 -2126.892064 -2129.400546 -2136.475494 -2160.011677 -9999.0 -9999.0
-9999.0 -9999.0 0.088065 -95.361658 -193.980607 -292.957350 -392.064552 -491.216786 -590.370720 -689.491590 -788.523710 -887.426040 -986.162570 -1084.681544 -1183.139311 -1281.494792 -1379.353492 -1476.381207 -1571.991395 -1665.160526 -1754.003375 -1835.464741 -1906.225283 -1964.268234 -2009.543738 -2043.499530 -2068.240124 -2085.889978 -2098.282006 -2106.872782 -2112.766583 -2116.775440 -2119.483229 -2121.302312 -2122.520059 -2123.336871 -2123.902931 -2124.385566 -2125.190100 -2127.459557 -2130.099619 -2074.396561 -1287.515894 -1283.888492 -1273.893845 -1267.346149 -1264.264873 -1263.782814 -1263.730446 -1263.735343 -1263.748549 -1263.762781 -1263.776467 -1263.789145 -1263.800943 -1263.814930 -1263.859532 -1264.152470 -1265.809412 -1269.470450 -1274.504503 -1270.917580 -2051.021986 -2124.213365 -2126.014965 -2125.279888 -2125.074907 -2125.036749 -2125.030856 -2125.030441 -2125.030863 -2125.031327 -2125.031707 -2125.032002 -2125.032231 -2125.032410 -2125.032552 -2125.032669 -2125.032769 -2125.032859 -2125.032948 -2125.033048 -2125.033173 -2125.033345 -2125.033598 -2125.033986 -2125.034593 -2125.035567 -2125.037154 -2125.039795 -2125.044300 -2125.052199 -2125.066470 -2125.093038 -2125.143927 -2125.244260 -2125.449099 -2125.887919 -2126.892064 -2129.400546 -2136.475494 -2160.011677 -9999.0 -9999.0
-9999.0 -9999.0 0.028415 -95.363586 -193.981087 -292.957490 -392.064596 -491.216802 -590.370726 -689.491593 -788.523711 -887.426041 -986.162570 -1084.681544 -1183.139311 -1281.494792 -1379.353492 -1476.381206 -1571.991395 -1665.160526 -1754.003375 -1835.464741 -1906.225283 -1964.268234 -2009.543738 -2043.499530 -2068.240124 -2085.889978 -2098.282006 -2106.872782 -2112.766583 -2116.775440 -2119.483229 -2121.302312 -2122.520059 -2123.336871 -2123.902931 -2124.385566 -2125.190100 -2127.459557 -2130.099619 -2074.396561 -1287.515894 -1283.888492 -1273.893846 -1267.346149 -1264.264873 -1263.782814 -1263.730446 -1263.735343 -1263.748549 -1263.762781 -1263.776467 -1263.789145 -1263.800943 -1263.814930 -1263.859532 -1264.152470 -1265.809412 -1269.470450 -1274.504503 -1270.917580 -2051.021986 -2124.213365 -2126.014965 -2125.279888 -2125.074907 -2125.036749 -2125.030856 -2125.030441 -2125.030863 -2125.031327 -2125.031707 -2125.032002 -2125.032231 -2125.032410 -2125.032552 -2125.032669 -2125.032769 -2125.032859 -2125.032948 -2125.033048 -2125.033173 -2125.033345 -2125.033598 -2125.033986 -2125.034593 -2125.035567 -2125.037154 -2125.039795 -2125.044300 -2125.052199 -2125.066470 -2125.093038 -2125.143927 -2125.244260 -2125.449099 -2125.887919 -2126.892064 -2129.400546 -2136.475494 -2160.011677 -9999.0 -9999.0
-9999.0 -9999.0 -9999.0 -9999.0 -9999.0 -9999.0 -9999.0 -9999.0 -9999.0 -9999.0 -9999.0 -9999.0 -9999.0 -9999.0 -9999.0 -9999.0 -9999.0 -9999.0 -9999.0 -9999.0 -9999.0 -9999.0 -9999.0 -9999.0 -9999.0 -9999.0 -9999.0 -9999.0 -9999.0 -9999.0 -9999.0 -9999.0 -9999.0 -9999.0 -9999.0 -9999.0 -9999.0 -9999.0 -9999.0 -9999.0 -9999.0 -9999.0 -9999.0 -9999.0 -9999.0 -9999.0 -9999.0 -9999.0 -9999.0 -9999.0 -9999.0 -9999.0 -9999.0 -9999.0 -9999.0 -9999.0 -9999.0 -9999.0 -9999.0 -9999.0 -9999.0 -9999.0 -9999.0 -9999.0 -9999.0 -9999.0 -9999.0 -9999.0 -9999.0 -9999.0 -9999.0 -9999.0 -9999.0 -9999.0 -9999.0 -9999.0 -9999.0 -9999.0 -9999.0 -9999.0 -9999.0 -9999.0 -9999.0 -9999.0 -9999.0 -9999.0 -9999.0 -9999.0 -9999.0 -9999.0 -9999.0 -9999.0 -9999.0 -9999.0 -9999.0 -9999.0 -9999.0 -9999.0 -9999.0 -9999.0 -9999.0 -9999.0 -9999.0 -9999.0
-9999.0 -9999.0 -9999.0 -9999.0 -9999.0 -9999.0 -9999.0 -9999.0 -9999.0 -9999.0 -9999.0 -9999.0 -9999.0 -9999.0 -9999.0 -9999.0 -9999.0 -9999.0 -9999.0 -9999.0 -9999.0 -9999.0 -9999.0 -9999.0 -9999.0 -9999.0 -9999.0 -9999.0 -9999.0 -9999.0 -9999.0 -9999.0 -9999.0 -9999.0 -9999.0 -9999.0 -9999.0 -9999.0 -9999.0 -9999.0 -9999.0 -9999.0 -9999.0 -9999.0 -9999.0 -9999.0 -9999.0 -9999.0 -9999.0 -9999.0 -9999.0 -9999.0 -9999.0 -9999.0 -9999.0 -9999.0 -9999.0 -9999.0 -9999.0 -9999.0 -9999.0 -9999.0 -9999.0 -9999.0 -9999.0 -9999.0 -9999.0 -9999.0 -9999.0 -9999.0 -9999.0 -9999.0 -9999.0 -9999.0 -9999.0 -9999.0 -9999.0 -9999.0 -9999.0 -9999.0 -9999.0 -9999.0 -9999.0 -9999.0 -9999.0 -9999.0 -9999.0 -9999.0 -9999.0 -9999.0 -9999.0 -9999.0 -9999.0 -9999.0 -9999.0 -9999.0 -9999.0 -9999.0 -9999.0 -9999.0 -9999.0 -9999.0 -9999.0 -9999.0