inst/processing_geotop_simulation/geotop_simulation/out/maps3D/PwL0010N0467.asc
ncols         104
nrows         10
xllcorner     -2.000000
yllcorner     0.000000
cellsize      1.000000
NODATA_value  -9999.0
-9999.0 -9999.0 -9999.0 -9999.0 -9999.0 -9999.0 -9999.0 -9999.0 -9999.0 -9999.0 -9999.0 -9999.0 -9999.0 -9999.0 -9999.0 -9999.0 -9999.0 -9999.0 -9999.0 -9999.0 -9999.0 -9999.0 -9999.0 -9999.0 -9999.0 -9999.0 -9999.0 -9999.0 -9999.0 -9999.0 -9999.0 -9999.0 -9999.0 -9999.0 -9999.0 -9999.0 -9999.0 -9999.0 -9999.0 -9999.0 -9999.0 -9999.0 -9999.0 -9999.0 -9999.0 -9999.0 -9999.0 -9999.0 -9999.0 -9999.0 -9999.0 -9999.0 -9999.0 -9999.0 -9999.0 -9999.0 -9999.0 -9999.0 -9999.0 -9999.0 -9999.0 -9999.0 -9999.0 -9999.0 -9999.0 -9999.0 -9999.0 -9999.0 -9999.0 -9999.0 -9999.0 -9999.0 -9999.0 -9999.0 -9999.0 -9999.0 -9999.0 -9999.0 -9999.0 -9999.0 -9999.0 -9999.0 -9999.0 -9999.0 -9999.0 -9999.0 -9999.0 -9999.0 -9999.0 -9999.0 -9999.0 -9999.0 -9999.0 -9999.0 -9999.0 -9999.0 -9999.0 -9999.0 -9999.0 -9999.0 -9999.0 -9999.0 -9999.0 -9999.0
-9999.0 -9999.0 -9999.0 -9999.0 -9999.0 -9999.0 -9999.0 -9999.0 -9999.0 -9999.0 -9999.0 -9999.0 -9999.0 -9999.0 -9999.0 -9999.0 -9999.0 -9999.0 -9999.0 -9999.0 -9999.0 -9999.0 -9999.0 -9999.0 -9999.0 -9999.0 -9999.0 -9999.0 -9999.0 -9999.0 -9999.0 -9999.0 -9999.0 -9999.0 -9999.0 -9999.0 -9999.0 -9999.0 -9999.0 -9999.0 -9999.0 -9999.0 -9999.0 -9999.0 -9999.0 -9999.0 -9999.0 -9999.0 -9999.0 -9999.0 -9999.0 -9999.0 -9999.0 -9999.0 -9999.0 -9999.0 -9999.0 -9999.0 -9999.0 -9999.0 -9999.0 -9999.0 -9999.0 -9999.0 -9999.0 -9999.0 -9999.0 -9999.0 -9999.0 -9999.0 -9999.0 -9999.0 -9999.0 -9999.0 -9999.0 -9999.0 -9999.0 -9999.0 -9999.0 -9999.0 -9999.0 -9999.0 -9999.0 -9999.0 -9999.0 -9999.0 -9999.0 -9999.0 -9999.0 -9999.0 -9999.0 -9999.0 -9999.0 -9999.0 -9999.0 -9999.0 -9999.0 -9999.0 -9999.0 -9999.0 -9999.0 -9999.0 -9999.0 -9999.0
-9999.0 -9999.0 472.211081 373.434824 274.268637 174.920263 75.494930 -23.960698 -123.424741 -222.887519 -322.339833 -421.768285 -521.149214 -620.436036 -719.571554 -818.765369 -917.892009 -1016.940850 -1115.902899 -1214.066566 -1311.098334 -1405.820045 -1496.242680 -1579.818565 -1654.133049 -1717.580280 -1769.674192 -1810.962335 -1842.701762 -1866.484749 -1883.937100 -1896.530500 -1905.497154 -1911.814649 -1916.229924 -1919.301648 -1921.456621 -1923.090775 -1924.810171 -1927.674136 -1929.469248 -1890.777294 -1330.446798 -1475.673715 -1438.222728 -1412.970650 -1401.377163 -1399.698704 -1399.521120 -1399.536201 -1399.578565 -1399.624226 -1399.668111 -1399.708754 -1399.746549 -1399.791197 -1399.934630 -1400.915225 -1406.980240 -1420.583850 -1434.161582 -1275.274760 -1855.378739 -1922.536099 -1926.826367 -1926.364899 -1926.139083 -1926.087124 -1926.077814 -1926.076667 -1926.076890 -1926.077272 -1926.077612 -1926.077892 -1926.078121 -1926.078312 -1926.078477 -1926.078622 -1926.078756 -1926.078884 -1926.079014 -1926.079155 -1926.079319 -1926.079526 -1926.079802 -1926.080193 -1926.080772 -1926.081662 -1926.083076 -1926.085396 -1926.089328 -1926.096222 -1926.108730 -1926.132189 -1926.177663 -1926.269037 -1926.460997 -1926.888102 -1927.909152 -1930.574905 -1938.320682 -1963.750252 -9999.0 -9999.0
-9999.0 -9999.0 472.216456 373.436316 274.269052 174.920388 75.494971 -23.960684 -123.424736 -222.887517 -322.339832 -421.768284 -521.149214 -620.436035 -719.571554 -818.765369 -917.892009 -1016.940850 -1115.902899 -1214.066566 -1311.098334 -1405.820046 -1496.242680 -1579.818565 -1654.133049 -1717.580280 -1769.674192 -1810.962335 -1842.701763 -1866.484749 -1883.937100 -1896.530500 -1905.497154 -1911.814649 -1916.229924 -1919.301648 -1921.456621 -1923.090775 -1924.810171 -1927.674136 -1929.469248 -1890.777294 -1330.446798 -1475.673715 -1438.222727 -1412.970650 -1401.377163 -1399.698704 -1399.521120 -1399.536201 -1399.578565 -1399.624226 -1399.668111 -1399.708754 -1399.746549 -1399.791197 -1399.934630 -1400.915225 -1406.980240 -1420.583850 -1434.161582 -1275.274760 -1855.378739 -1922.536099 -1926.826367 -1926.364899 -1926.139083 -1926.087124 -1926.077814 -1926.076667 -1926.076890 -1926.077272 -1926.077612 -1926.077892 -1926.078121 -1926.078312 -1926.078477 -1926.078622 -1926.078756 -1926.078884 -1926.079014 -1926.079155 -1926.079319 -1926.079526 -1926.079802 -1926.080193 -1926.080772 -1926.081662 -1926.083076 -1926.085396 -1926.089328 -1926.096222 -1926.108730 -1926.132189 -1926.177663 -1926.269037 -1926.460997 -1926.888102 -1927.909152 -1930.574905 -1938.320682 -1963.750252 -9999.0 -9999.0
-9999.0 -9999.0 472.217731 373.436986 274.269321 174.920487 75.495007 -23.960671 -123.424731 -222.887515 -322.339831 -421.768284 -521.149213 -620.436035 -719.571554 -818.765369 -917.892009 -1016.940850 -1115.902899 -1214.066566 -1311.098335 -1405.820046 -1496.242680 -1579.818565 -1654.133049 -1717.580280 -1769.674192 -1810.962335 -1842.701763 -1866.484749 -1883.937100 -1896.530500 -1905.497154 -1911.814649 -1916.229924 -1919.301648 -1921.456621 -1923.090775 -1924.810171 -1927.674136 -1929.469248 -1890.777294 -1330.446798 -1475.673715 -1438.222727 -1412.970649 -1401.377163 -1399.698704 -1399.521120 -1399.536201 -1399.578565 -1399.624226 -1399.668111 -1399.708754 -1399.746549 -1399.791197 -1399.934630 -1400.915225 -1406.980240 -1420.583850 -1434.161582 -1275.274760 -1855.378739 -1922.536099 -1926.826367 -1926.364899 -1926.139083 -1926.087124 -1926.077814 -1926.076667 -1926.076890 -1926.077272 -1926.077612 -1926.077892 -1926.078121 -1926.078312 -1926.078477 -1926.078622 -1926.078756 -1926.078884 -1926.079014 -1926.079155 -1926.079319 -1926.079526 -1926.079802 -1926.080193 -1926.080772 -1926.081662 -1926.083076 -1926.085396 -1926.089328 -1926.096222 -1926.108730 -1926.132189 -1926.177663 -1926.269037 -1926.460997 -1926.888102 -1927.909152 -1930.574905 -1938.320682 -1963.750252 -9999.0 -9999.0
-9999.0 -9999.0 472.217731 373.436986 274.269321 174.920487 75.495007 -23.960671 -123.424731 -222.887515 -322.339831 -421.768284 -521.149213 -620.436035 -719.571554 -818.765369 -917.892009 -1016.940850 -1115.902899 -1214.066566 -1311.098335 -1405.820046 -1496.242680 -1579.818565 -1654.133049 -1717.580280 -1769.674192 -1810.962335 -1842.701763 -1866.484749 -1883.937100 -1896.530500 -1905.497154 -1911.814649 -1916.229924 -1919.301648 -1921.456621 -1923.090775 -1924.810171 -1927.674136 -1929.469248 -1890.777294 -1330.446798 -1475.673715 -1438.222727 -1412.970649 -1401.377163 -1399.698704 -1399.521120 -1399.536201 -1399.578565 -1399.624226 -1399.668111 -1399.708754 -1399.746549 -1399.791197 -1399.934630 -1400.915225 -1406.980240 -1420.583850 -1434.161582 -1275.274760 -1855.378739 -1922.536099 -1926.826367 -1926.364899 -1926.139083 -1926.087124 -1926.077814 -1926.076667 -1926.076890 -1926.077272 -1926.077612 -1926.077892 -1926.078121 -1926.078312 -1926.078477 -1926.078622 -1926.078756 -1926.078884 -1926.079014 -1926.079155 -1926.079319 -1926.079526 -1926.079802 -1926.080193 -1926.080772 -1926.081662 -1926.083076 -1926.085396 -1926.089328 -1926.096222 -1926.108730 -1926.132189 -1926.177663 -1926.269037 -1926.460997 -1926.888102 -1927.909152 -1930.574905 -1938.320682 -1963.750252 -9999.0 -9999.0
-9999.0 -9999.0 472.216456 373.436316 274.269052 174.920388 75.494971 -23.960684 -123.424736 -222.887517 -322.339832 -421.768284 -521.149214 -620.436035 -719.571554 -818.765369 -917.892009 -1016.940850 -1115.902899 -1214.066566 -1311.098334 -1405.820046 -1496.242680 -1579.818565 -1654.133049 -1717.580280 -1769.674192 -1810.962335 -1842.701763 -1866.484749 -1883.937100 -1896.530500 -1905.497154 -1911.814649 -1916.229924 -1919.301648 -1921.456621 -1923.090775 -1924.810171 -1927.674136 -1929.469248 -1890.777294 -1330.446798 -1475.673715 -1438.222727 -1412.970650 -1401.377163 -1399.698704 -1399.521120 -1399.536201 -1399.578565 -1399.624226 -1399.668111 -1399.708754 -1399.746549 -1399.791197 -1399.934630 -1400.915225 -1406.980240 -1420.583850 -1434.161582 -1275.274760 -1855.378739 -1922.536099 -1926.826367 -1926.364899 -1926.139083 -1926.087124 -1926.077814 -1926.076667 -1926.076890 -1926.077272 -1926.077612 -1926.077892 -1926.078121 -1926.078312 -1926.078477 -1926.078622 -1926.078756 -1926.078884 -1926.079014 -1926.079155 -1926.079319 -1926.079526 -1926.079802 -1926.080193 -1926.080772 -1926.081662 -1926.083076 -1926.085396 -1926.089328 -1926.096222 -1926.108730 -1926.132189 -1926.177663 -1926.269037 -1926.460997 -1926.888102 -1927.909152 -1930.574905 -1938.320682 -1963.750252 -9999.0 -9999.0
-9999.0 -9999.0 472.211081 373.434825 274.268637 174.920263 75.494930 -23.960698 -123.424741 -222.887519 -322.339833 -421.768285 -521.149214 -620.436036 -719.571554 -818.765369 -917.892009 -1016.940850 -1115.902899 -1214.066566 -1311.098334 -1405.820045 -1496.242680 -1579.818565 -1654.133049 -1717.580280 -1769.674192 -1810.962335 -1842.701762 -1866.484749 -1883.937100 -1896.530500 -1905.497154 -1911.814649 -1916.229924 -1919.301648 -1921.456621 -1923.090775 -1924.810171 -1927.674136 -1929.469248 -1890.777294 -1330.446798 -1475.673715 -1438.222728 -1412.970650 -1401.377163 -1399.698704 -1399.521120 -1399.536201 -1399.578565 -1399.624226 -1399.668111 -1399.708754 -1399.746549 -1399.791197 -1399.934630 -1400.915225 -1406.980240 -1420.583850 -1434.161582 -1275.274760 -1855.378739 -1922.536099 -1926.826367 -1926.364899 -1926.139083 -1926.087124 -1926.077814 -1926.076667 -1926.076890 -1926.077272 -1926.077612 -1926.077892 -1926.078121 -1926.078312 -1926.078477 -1926.078622 -1926.078756 -1926.078884 -1926.079014 -1926.079155 -1926.079319 -1926.079526 -1926.079802 -1926.080193 -1926.080772 -1926.081662 -1926.083076 -1926.085396 -1926.089328 -1926.096222 -1926.108730 -1926.132189 -1926.177663 -1926.269037 -1926.460997 -1926.888102 -1927.909152 -1930.574905 -1938.320682 -1963.750252 -9999.0 -9999.0
-9999.0 -9999.0 -9999.0 -9999.0 -9999.0 -9999.0 -9999.0 -9999.0 -9999.0 -9999.0 -9999.0 -9999.0 -9999.0 -9999.0 -9999.0 -9999.0 -9999.0 -9999.0 -9999.0 -9999.0 -9999.0 -9999.0 -9999.0 -9999.0 -9999.0 -9999.0 -9999.0 -9999.0 -9999.0 -9999.0 -9999.0 -9999.0 -9999.0 -9999.0 -9999.0 -9999.0 -9999.0 -9999.0 -9999.0 -9999.0 -9999.0 -9999.0 -9999.0 -9999.0 -9999.0 -9999.0 -9999.0 -9999.0 -9999.0 -9999.0 -9999.0 -9999.0 -9999.0 -9999.0 -9999.0 -9999.0 -9999.0 -9999.0 -9999.0 -9999.0 -9999.0 -9999.0 -9999.0 -9999.0 -9999.0 -9999.0 -9999.0 -9999.0 -9999.0 -9999.0 -9999.0 -9999.0 -9999.0 -9999.0 -9999.0 -9999.0 -9999.0 -9999.0 -9999.0 -9999.0 -9999.0 -9999.0 -9999.0 -9999.0 -9999.0 -9999.0 -9999.0 -9999.0 -9999.0 -9999.0 -9999.0 -9999.0 -9999.0 -9999.0 -9999.0 -9999.0 -9999.0 -9999.0 -9999.0 -9999.0 -9999.0 -9999.0 -9999.0 -9999.0
-9999.0 -9999.0 -9999.0 -9999.0 -9999.0 -9999.0 -9999.0 -9999.0 -9999.0 -9999.0 -9999.0 -9999.0 -9999.0 -9999.0 -9999.0 -9999.0 -9999.0 -9999.0 -9999.0 -9999.0 -9999.0 -9999.0 -9999.0 -9999.0 -9999.0 -9999.0 -9999.0 -9999.0 -9999.0 -9999.0 -9999.0 -9999.0 -9999.0 -9999.0 -9999.0 -9999.0 -9999.0 -9999.0 -9999.0 -9999.0 -9999.0 -9999.0 -9999.0 -9999.0 -9999.0 -9999.0 -9999.0 -9999.0 -9999.0 -9999.0 -9999.0 -9999.0 -9999.0 -9999.0 -9999.0 -9999.0 -9999.0 -9999.0 -9999.0 -9999.0 -9999.0 -9999.0 -9999.0 -9999.0 -9999.0 -9999.0 -9999.0 -9999.0 -9999.0 -9999.0 -9999.0 -9999.0 -9999.0 -9999.0 -9999.0 -9999.0 -9999.0 -9999.0 -9999.0 -9999.0 -9999.0 -9999.0 -9999.0 -9999.0 -9999.0 -9999.0 -9999.0 -9999.0 -9999.0 -9999.0 -9999.0 -9999.0 -9999.0 -9999.0 -9999.0 -9999.0 -9999.0 -9999.0 -9999.0 -9999.0 -9999.0 -9999.0 -9999.0 -9999.0