inst/processing_geotop_simulation/geotop_simulation/out/maps3D/PwL0016N0418.asc
ncols         104
nrows         10
xllcorner     -2.000000
yllcorner     0.000000
cellsize      1.000000
NODATA_value  -9999.0
-9999.0 -9999.0 -9999.0 -9999.0 -9999.0 -9999.0 -9999.0 -9999.0 -9999.0 -9999.0 -9999.0 -9999.0 -9999.0 -9999.0 -9999.0 -9999.0 -9999.0 -9999.0 -9999.0 -9999.0 -9999.0 -9999.0 -9999.0 -9999.0 -9999.0 -9999.0 -9999.0 -9999.0 -9999.0 -9999.0 -9999.0 -9999.0 -9999.0 -9999.0 -9999.0 -9999.0 -9999.0 -9999.0 -9999.0 -9999.0 -9999.0 -9999.0 -9999.0 -9999.0 -9999.0 -9999.0 -9999.0 -9999.0 -9999.0 -9999.0 -9999.0 -9999.0 -9999.0 -9999.0 -9999.0 -9999.0 -9999.0 -9999.0 -9999.0 -9999.0 -9999.0 -9999.0 -9999.0 -9999.0 -9999.0 -9999.0 -9999.0 -9999.0 -9999.0 -9999.0 -9999.0 -9999.0 -9999.0 -9999.0 -9999.0 -9999.0 -9999.0 -9999.0 -9999.0 -9999.0 -9999.0 -9999.0 -9999.0 -9999.0 -9999.0 -9999.0 -9999.0 -9999.0 -9999.0 -9999.0 -9999.0 -9999.0 -9999.0 -9999.0 -9999.0 -9999.0 -9999.0 -9999.0 -9999.0 -9999.0 -9999.0 -9999.0 -9999.0 -9999.0
-9999.0 -9999.0 -9999.0 -9999.0 -9999.0 -9999.0 -9999.0 -9999.0 -9999.0 -9999.0 -9999.0 -9999.0 -9999.0 -9999.0 -9999.0 -9999.0 -9999.0 -9999.0 -9999.0 -9999.0 -9999.0 -9999.0 -9999.0 -9999.0 -9999.0 -9999.0 -9999.0 -9999.0 -9999.0 -9999.0 -9999.0 -9999.0 -9999.0 -9999.0 -9999.0 -9999.0 -9999.0 -9999.0 -9999.0 -9999.0 -9999.0 -9999.0 -9999.0 -9999.0 -9999.0 -9999.0 -9999.0 -9999.0 -9999.0 -9999.0 -9999.0 -9999.0 -9999.0 -9999.0 -9999.0 -9999.0 -9999.0 -9999.0 -9999.0 -9999.0 -9999.0 -9999.0 -9999.0 -9999.0 -9999.0 -9999.0 -9999.0 -9999.0 -9999.0 -9999.0 -9999.0 -9999.0 -9999.0 -9999.0 -9999.0 -9999.0 -9999.0 -9999.0 -9999.0 -9999.0 -9999.0 -9999.0 -9999.0 -9999.0 -9999.0 -9999.0 -9999.0 -9999.0 -9999.0 -9999.0 -9999.0 -9999.0 -9999.0 -9999.0 -9999.0 -9999.0 -9999.0 -9999.0 -9999.0 -9999.0 -9999.0 -9999.0 -9999.0 -9999.0
-9999.0 -9999.0 770.137207 671.229279 572.137516 472.892367 373.572026 274.219203 174.855942 75.493929 -23.858485 -123.196638 -222.518444 -321.811415 -421.052696 -520.205056 -619.201059 -717.931428 -816.754461 -915.401934 -1013.788977 -1111.761136 -1206.278734 -1296.438547 -1380.022495 -1454.937946 -1519.666830 -1573.554952 -1616.856158 -1650.552414 -1676.056560 -1694.917966 -1708.606384 -1718.392426 -1725.307191 -1730.154012 -1733.556524 -1736.067443 -1738.460893 -1742.363984 -1750.001262 -1758.141715 -1932.671038 -4096.649609 -4182.734323 -4182.111345 -4181.525455 -4181.425872 -4181.415170 -4181.415445 -4181.416070 -4181.413238 -4181.406780 -4181.397443 -4181.380229 -4181.345974 -4181.275732 -4181.150360 -4181.040584 -4180.344182 -4012.305972 -1710.574669 -1715.705384 -1741.874078 -1742.157902 -1741.295992 -1741.030989 -1740.975381 -1740.965788 -1740.964670 -1740.964949 -1740.965386 -1740.965778 -1740.966106 -1740.966381 -1740.966616 -1740.966824 -1740.967013 -1740.967190 -1740.967362 -1740.967538 -1740.967726 -1740.967940 -1740.968200 -1740.968535 -1740.968993 -1740.969651 -1740.970639 -1740.972182 -1740.974681 -1740.978881 -1740.986203 -1740.999441 -1741.024228 -1741.072275 -1741.168972 -1741.372720 -1741.827414 -1742.914068 -1745.728260 -1753.764063 -1779.579974 -9999.0 -9999.0
-9999.0 -9999.0 770.140765 671.230506 572.137896 472.892488 373.572066 274.219218 174.855947 75.493931 -23.858484 -123.196637 -222.518444 -321.811415 -421.052696 -520.205056 -619.201059 -717.931428 -816.754461 -915.401934 -1013.788977 -1111.761136 -1206.278734 -1296.438548 -1380.022495 -1454.937947 -1519.666830 -1573.554952 -1616.856158 -1650.552414 -1676.056560 -1694.917966 -1708.606384 -1718.392426 -1725.307191 -1730.154012 -1733.556524 -1736.067443 -1738.460893 -1742.363984 -1750.001262 -1758.141715 -1932.671038 -4096.649609 -4182.734323 -4182.111345 -4181.525455 -4181.425872 -4181.415170 -4181.415445 -4181.416070 -4181.413238 -4181.406780 -4181.397443 -4181.380229 -4181.345974 -4181.275732 -4181.150360 -4181.040584 -4180.344182 -4012.305972 -1710.574669 -1715.705384 -1741.874078 -1742.157902 -1741.295992 -1741.030989 -1740.975381 -1740.965788 -1740.964670 -1740.964949 -1740.965386 -1740.965778 -1740.966106 -1740.966380 -1740.966616 -1740.966824 -1740.967013 -1740.967190 -1740.967362 -1740.967538 -1740.967726 -1740.967940 -1740.968200 -1740.968535 -1740.968993 -1740.969651 -1740.970639 -1740.972182 -1740.974681 -1740.978881 -1740.986203 -1740.999441 -1741.024228 -1741.072274 -1741.168972 -1741.372720 -1741.827414 -1742.914068 -1745.728260 -1753.764063 -1779.579974 -9999.0 -9999.0
-9999.0 -9999.0 770.141940 671.231125 572.138151 472.892584 373.572102 274.219230 174.855952 75.493933 -23.858484 -123.196637 -222.518444 -321.811415 -421.052696 -520.205056 -619.201059 -717.931428 -816.754461 -915.401934 -1013.788978 -1111.761137 -1206.278735 -1296.438548 -1380.022495 -1454.937947 -1519.666831 -1573.554952 -1616.856158 -1650.552414 -1676.056560 -1694.917966 -1708.606384 -1718.392426 -1725.307191 -1730.154012 -1733.556524 -1736.067443 -1738.460893 -1742.363984 -1750.001262 -1758.141715 -1932.671038 -4096.649609 -4182.734323 -4182.111345 -4181.525455 -4181.425872 -4181.415170 -4181.415445 -4181.416070 -4181.413238 -4181.406780 -4181.397443 -4181.380229 -4181.345974 -4181.275732 -4181.150360 -4181.040584 -4180.344182 -4012.305972 -1710.574669 -1715.705384 -1741.874078 -1742.157902 -1741.295992 -1741.030989 -1740.975381 -1740.965788 -1740.964670 -1740.964949 -1740.965386 -1740.965778 -1740.966106 -1740.966380 -1740.966616 -1740.966824 -1740.967013 -1740.967190 -1740.967362 -1740.967538 -1740.967726 -1740.967940 -1740.968200 -1740.968535 -1740.968993 -1740.969651 -1740.970639 -1740.972182 -1740.974681 -1740.978881 -1740.986203 -1740.999441 -1741.024228 -1741.072274 -1741.168972 -1741.372720 -1741.827414 -1742.914068 -1745.728260 -1753.764063 -1779.579974 -9999.0 -9999.0
-9999.0 -9999.0 770.141940 671.231125 572.138151 472.892584 373.572102 274.219230 174.855952 75.493933 -23.858484 -123.196637 -222.518444 -321.811415 -421.052696 -520.205056 -619.201059 -717.931428 -816.754461 -915.401934 -1013.788978 -1111.761137 -1206.278735 -1296.438548 -1380.022495 -1454.937947 -1519.666831 -1573.554952 -1616.856158 -1650.552414 -1676.056560 -1694.917966 -1708.606384 -1718.392426 -1725.307191 -1730.154012 -1733.556524 -1736.067443 -1738.460893 -1742.363984 -1750.001262 -1758.141715 -1932.671038 -4096.649609 -4182.734323 -4182.111345 -4181.525455 -4181.425872 -4181.415170 -4181.415445 -4181.416070 -4181.413238 -4181.406780 -4181.397443 -4181.380229 -4181.345974 -4181.275732 -4181.150360 -4181.040584 -4180.344182 -4012.305972 -1710.574669 -1715.705384 -1741.874078 -1742.157902 -1741.295992 -1741.030989 -1740.975381 -1740.965788 -1740.964670 -1740.964949 -1740.965386 -1740.965778 -1740.966106 -1740.966380 -1740.966616 -1740.966824 -1740.967013 -1740.967190 -1740.967362 -1740.967538 -1740.967726 -1740.967940 -1740.968200 -1740.968535 -1740.968993 -1740.969651 -1740.970639 -1740.972182 -1740.974681 -1740.978881 -1740.986203 -1740.999441 -1741.024228 -1741.072274 -1741.168972 -1741.372720 -1741.827414 -1742.914068 -1745.728260 -1753.764063 -1779.579974 -9999.0 -9999.0
-9999.0 -9999.0 770.140765 671.230506 572.137896 472.892488 373.572066 274.219218 174.855947 75.493931 -23.858484 -123.196637 -222.518444 -321.811415 -421.052696 -520.205056 -619.201059 -717.931428 -816.754461 -915.401934 -1013.788977 -1111.761136 -1206.278734 -1296.438548 -1380.022495 -1454.937947 -1519.666830 -1573.554952 -1616.856158 -1650.552414 -1676.056560 -1694.917966 -1708.606384 -1718.392426 -1725.307191 -1730.154012 -1733.556524 -1736.067443 -1738.460893 -1742.363984 -1750.001262 -1758.141715 -1932.671038 -4096.649609 -4182.734323 -4182.111345 -4181.525455 -4181.425872 -4181.415170 -4181.415445 -4181.416070 -4181.413238 -4181.406780 -4181.397443 -4181.380229 -4181.345974 -4181.275732 -4181.150360 -4181.040584 -4180.344182 -4012.305972 -1710.574669 -1715.705384 -1741.874078 -1742.157902 -1741.295992 -1741.030989 -1740.975381 -1740.965788 -1740.964670 -1740.964949 -1740.965386 -1740.965778 -1740.966106 -1740.966380 -1740.966616 -1740.966824 -1740.967013 -1740.967190 -1740.967362 -1740.967538 -1740.967726 -1740.967940 -1740.968200 -1740.968535 -1740.968993 -1740.969651 -1740.970639 -1740.972182 -1740.974681 -1740.978881 -1740.986203 -1740.999441 -1741.024228 -1741.072274 -1741.168972 -1741.372720 -1741.827414 -1742.914068 -1745.728260 -1753.764063 -1779.579974 -9999.0 -9999.0
-9999.0 -9999.0 770.137207 671.229279 572.137516 472.892367 373.572026 274.219203 174.855942 75.493929 -23.858485 -123.196638 -222.518444 -321.811415 -421.052696 -520.205056 -619.201059 -717.931428 -816.754461 -915.401934 -1013.788977 -1111.761136 -1206.278734 -1296.438547 -1380.022495 -1454.937946 -1519.666830 -1573.554952 -1616.856158 -1650.552414 -1676.056560 -1694.917966 -1708.606384 -1718.392426 -1725.307191 -1730.154012 -1733.556524 -1736.067443 -1738.460893 -1742.363984 -1750.001262 -1758.141715 -1932.671038 -4096.649609 -4182.734323 -4182.111345 -4181.525455 -4181.425872 -4181.415170 -4181.415445 -4181.416070 -4181.413238 -4181.406780 -4181.397443 -4181.380229 -4181.345974 -4181.275732 -4181.150360 -4181.040584 -4180.344182 -4012.305972 -1710.574669 -1715.705384 -1741.874078 -1742.157902 -1741.295992 -1741.030989 -1740.975381 -1740.965788 -1740.964670 -1740.964949 -1740.965386 -1740.965778 -1740.966106 -1740.966381 -1740.966616 -1740.966824 -1740.967013 -1740.967190 -1740.967362 -1740.967538 -1740.967726 -1740.967940 -1740.968200 -1740.968535 -1740.968993 -1740.969651 -1740.970639 -1740.972182 -1740.974681 -1740.978881 -1740.986203 -1740.999441 -1741.024228 -1741.072275 -1741.168972 -1741.372720 -1741.827414 -1742.914068 -1745.728260 -1753.764063 -1779.579974 -9999.0 -9999.0
-9999.0 -9999.0 -9999.0 -9999.0 -9999.0 -9999.0 -9999.0 -9999.0 -9999.0 -9999.0 -9999.0 -9999.0 -9999.0 -9999.0 -9999.0 -9999.0 -9999.0 -9999.0 -9999.0 -9999.0 -9999.0 -9999.0 -9999.0 -9999.0 -9999.0 -9999.0 -9999.0 -9999.0 -9999.0 -9999.0 -9999.0 -9999.0 -9999.0 -9999.0 -9999.0 -9999.0 -9999.0 -9999.0 -9999.0 -9999.0 -9999.0 -9999.0 -9999.0 -9999.0 -9999.0 -9999.0 -9999.0 -9999.0 -9999.0 -9999.0 -9999.0 -9999.0 -9999.0 -9999.0 -9999.0 -9999.0 -9999.0 -9999.0 -9999.0 -9999.0 -9999.0 -9999.0 -9999.0 -9999.0 -9999.0 -9999.0 -9999.0 -9999.0 -9999.0 -9999.0 -9999.0 -9999.0 -9999.0 -9999.0 -9999.0 -9999.0 -9999.0 -9999.0 -9999.0 -9999.0 -9999.0 -9999.0 -9999.0 -9999.0 -9999.0 -9999.0 -9999.0 -9999.0 -9999.0 -9999.0 -9999.0 -9999.0 -9999.0 -9999.0 -9999.0 -9999.0 -9999.0 -9999.0 -9999.0 -9999.0 -9999.0 -9999.0 -9999.0 -9999.0
-9999.0 -9999.0 -9999.0 -9999.0 -9999.0 -9999.0 -9999.0 -9999.0 -9999.0 -9999.0 -9999.0 -9999.0 -9999.0 -9999.0 -9999.0 -9999.0 -9999.0 -9999.0 -9999.0 -9999.0 -9999.0 -9999.0 -9999.0 -9999.0 -9999.0 -9999.0 -9999.0 -9999.0 -9999.0 -9999.0 -9999.0 -9999.0 -9999.0 -9999.0 -9999.0 -9999.0 -9999.0 -9999.0 -9999.0 -9999.0 -9999.0 -9999.0 -9999.0 -9999.0 -9999.0 -9999.0 -9999.0 -9999.0 -9999.0 -9999.0 -9999.0 -9999.0 -9999.0 -9999.0 -9999.0 -9999.0 -9999.0 -9999.0 -9999.0 -9999.0 -9999.0 -9999.0 -9999.0 -9999.0 -9999.0 -9999.0 -9999.0 -9999.0 -9999.0 -9999.0 -9999.0 -9999.0 -9999.0 -9999.0 -9999.0 -9999.0 -9999.0 -9999.0 -9999.0 -9999.0 -9999.0 -9999.0 -9999.0 -9999.0 -9999.0 -9999.0 -9999.0 -9999.0 -9999.0 -9999.0 -9999.0 -9999.0 -9999.0 -9999.0 -9999.0 -9999.0 -9999.0 -9999.0 -9999.0 -9999.0 -9999.0 -9999.0 -9999.0 -9999.0