inst/processing_geotop_simulation/geotop_simulation/out/maps3D/PwL0008N0155.asc
ncols         104
nrows         10
xllcorner     -2.000000
yllcorner     0.000000
cellsize      1.000000
NODATA_value  -9999.0
-9999.0 -9999.0 -9999.0 -9999.0 -9999.0 -9999.0 -9999.0 -9999.0 -9999.0 -9999.0 -9999.0 -9999.0 -9999.0 -9999.0 -9999.0 -9999.0 -9999.0 -9999.0 -9999.0 -9999.0 -9999.0 -9999.0 -9999.0 -9999.0 -9999.0 -9999.0 -9999.0 -9999.0 -9999.0 -9999.0 -9999.0 -9999.0 -9999.0 -9999.0 -9999.0 -9999.0 -9999.0 -9999.0 -9999.0 -9999.0 -9999.0 -9999.0 -9999.0 -9999.0 -9999.0 -9999.0 -9999.0 -9999.0 -9999.0 -9999.0 -9999.0 -9999.0 -9999.0 -9999.0 -9999.0 -9999.0 -9999.0 -9999.0 -9999.0 -9999.0 -9999.0 -9999.0 -9999.0 -9999.0 -9999.0 -9999.0 -9999.0 -9999.0 -9999.0 -9999.0 -9999.0 -9999.0 -9999.0 -9999.0 -9999.0 -9999.0 -9999.0 -9999.0 -9999.0 -9999.0 -9999.0 -9999.0 -9999.0 -9999.0 -9999.0 -9999.0 -9999.0 -9999.0 -9999.0 -9999.0 -9999.0 -9999.0 -9999.0 -9999.0 -9999.0 -9999.0 -9999.0 -9999.0 -9999.0 -9999.0 -9999.0 -9999.0 -9999.0 -9999.0
-9999.0 -9999.0 -9999.0 -9999.0 -9999.0 -9999.0 -9999.0 -9999.0 -9999.0 -9999.0 -9999.0 -9999.0 -9999.0 -9999.0 -9999.0 -9999.0 -9999.0 -9999.0 -9999.0 -9999.0 -9999.0 -9999.0 -9999.0 -9999.0 -9999.0 -9999.0 -9999.0 -9999.0 -9999.0 -9999.0 -9999.0 -9999.0 -9999.0 -9999.0 -9999.0 -9999.0 -9999.0 -9999.0 -9999.0 -9999.0 -9999.0 -9999.0 -9999.0 -9999.0 -9999.0 -9999.0 -9999.0 -9999.0 -9999.0 -9999.0 -9999.0 -9999.0 -9999.0 -9999.0 -9999.0 -9999.0 -9999.0 -9999.0 -9999.0 -9999.0 -9999.0 -9999.0 -9999.0 -9999.0 -9999.0 -9999.0 -9999.0 -9999.0 -9999.0 -9999.0 -9999.0 -9999.0 -9999.0 -9999.0 -9999.0 -9999.0 -9999.0 -9999.0 -9999.0 -9999.0 -9999.0 -9999.0 -9999.0 -9999.0 -9999.0 -9999.0 -9999.0 -9999.0 -9999.0 -9999.0 -9999.0 -9999.0 -9999.0 -9999.0 -9999.0 -9999.0 -9999.0 -9999.0 -9999.0 -9999.0 -9999.0 -9999.0 -9999.0 -9999.0
-9999.0 -9999.0 383.804307 293.483132 199.629527 104.366186 8.527964 -87.533338 -183.668876 -279.756607 -375.668317 -471.175150 -565.864591 -659.237284 -753.298438 -847.172866 -940.942738 -1034.840014 -1126.528161 -1211.270266 -1281.581812 -1335.213214 -1373.323644 -1399.078943 -1416.010681 -1427.055218 -1434.297519 -1439.090964 -1442.283740 -1444.412313 -1445.827375 -1446.763879 -1447.380945 -1447.786009 -1448.051081 -1448.225923 -1448.351944 -1448.484997 -1448.810287 -1450.486616 -1459.624024 -1494.436037 -1207.094733 -1309.087568 -1261.885566 -1233.762937 -1220.933917 -1219.266661 -1219.099057 -1219.118782 -1219.165438 -1219.215314 -1219.263185 -1219.307479 -1219.348391 -1219.394241 -1219.527584 -1220.465108 -1227.045470 -1242.109200 -1266.329666 -1142.623930 -1468.679062 -1454.890514 -1449.679236 -1448.804523 -1448.674627 -1448.654613 -1448.652304 -1448.653083 -1448.654226 -1448.655209 -1448.655971 -1448.656549 -1448.656990 -1448.657332 -1448.657603 -1448.657821 -1448.658002 -1448.658162 -1448.658319 -1448.658492 -1448.658709 -1448.659010 -1448.659454 -1448.660137 -1448.661212 -1448.662928 -1448.665712 -1448.670301 -1448.678028 -1448.691368 -1448.715079 -1448.758503 -1448.840264 -1448.997870 -1449.308375 -1449.937581 -1451.271418 -1454.293510 -1461.804510 -1484.021060 -9999.0 -9999.0
-9999.0 -9999.0 383.812355 293.485188 199.630083 104.366351 8.528017 -87.533321 -183.668870 -279.756605 -375.668317 -471.175150 -565.864591 -659.237284 -753.298438 -847.172867 -940.942739 -1034.840015 -1126.528161 -1211.270267 -1281.581812 -1335.213215 -1373.323644 -1399.078943 -1416.010681 -1427.055218 -1434.297519 -1439.090964 -1442.283740 -1444.412313 -1445.827375 -1446.763879 -1447.380945 -1447.786009 -1448.051081 -1448.225923 -1448.351944 -1448.484997 -1448.810287 -1450.486616 -1459.624024 -1494.436037 -1207.094733 -1309.087568 -1261.885565 -1233.762936 -1220.933917 -1219.266661 -1219.099057 -1219.118782 -1219.165438 -1219.215314 -1219.263185 -1219.307479 -1219.348391 -1219.394241 -1219.527584 -1220.465108 -1227.045470 -1242.109200 -1266.329666 -1142.623930 -1468.679062 -1454.890514 -1449.679236 -1448.804523 -1448.674627 -1448.654613 -1448.652304 -1448.653083 -1448.654226 -1448.655209 -1448.655971 -1448.656549 -1448.656990 -1448.657332 -1448.657603 -1448.657821 -1448.658002 -1448.658162 -1448.658319 -1448.658492 -1448.658709 -1448.659010 -1448.659454 -1448.660137 -1448.661212 -1448.662928 -1448.665712 -1448.670301 -1448.678028 -1448.691368 -1448.715079 -1448.758503 -1448.840264 -1448.997870 -1449.308375 -1449.937581 -1451.271418 -1454.293510 -1461.804510 -1484.021060 -9999.0 -9999.0
-9999.0 -9999.0 383.814008 293.486074 199.630438 104.366481 8.528063 -87.533304 -183.668864 -279.756603 -375.668316 -471.175150 -565.864591 -659.237284 -753.298438 -847.172867 -940.942739 -1034.840015 -1126.528161 -1211.270267 -1281.581812 -1335.213215 -1373.323644 -1399.078943 -1416.010682 -1427.055219 -1434.297520 -1439.090964 -1442.283740 -1444.412313 -1445.827375 -1446.763879 -1447.380945 -1447.786009 -1448.051081 -1448.225923 -1448.351944 -1448.484997 -1448.810287 -1450.486616 -1459.624024 -1494.436037 -1207.094733 -1309.087568 -1261.885565 -1233.762936 -1220.933917 -1219.266661 -1219.099057 -1219.118782 -1219.165438 -1219.215314 -1219.263185 -1219.307479 -1219.348391 -1219.394241 -1219.527584 -1220.465108 -1227.045470 -1242.109200 -1266.329666 -1142.623930 -1468.679062 -1454.890514 -1449.679236 -1448.804523 -1448.674627 -1448.654613 -1448.652304 -1448.653083 -1448.654226 -1448.655209 -1448.655971 -1448.656549 -1448.656990 -1448.657332 -1448.657603 -1448.657821 -1448.658002 -1448.658162 -1448.658319 -1448.658492 -1448.658709 -1448.659010 -1448.659454 -1448.660137 -1448.661212 -1448.662928 -1448.665712 -1448.670301 -1448.678028 -1448.691368 -1448.715079 -1448.758503 -1448.840264 -1448.997870 -1449.308375 -1449.937581 -1451.271418 -1454.293510 -1461.804510 -1484.021060 -9999.0 -9999.0
-9999.0 -9999.0 383.814008 293.486074 199.630438 104.366481 8.528063 -87.533304 -183.668864 -279.756603 -375.668316 -471.175150 -565.864591 -659.237284 -753.298438 -847.172867 -940.942739 -1034.840015 -1126.528161 -1211.270267 -1281.581812 -1335.213215 -1373.323644 -1399.078943 -1416.010682 -1427.055219 -1434.297520 -1439.090964 -1442.283740 -1444.412313 -1445.827375 -1446.763879 -1447.380945 -1447.786009 -1448.051081 -1448.225923 -1448.351944 -1448.484997 -1448.810287 -1450.486616 -1459.624024 -1494.436037 -1207.094733 -1309.087568 -1261.885565 -1233.762936 -1220.933917 -1219.266661 -1219.099057 -1219.118782 -1219.165438 -1219.215314 -1219.263185 -1219.307479 -1219.348391 -1219.394241 -1219.527584 -1220.465108 -1227.045470 -1242.109200 -1266.329666 -1142.623930 -1468.679062 -1454.890514 -1449.679236 -1448.804523 -1448.674627 -1448.654613 -1448.652304 -1448.653083 -1448.654226 -1448.655209 -1448.655971 -1448.656549 -1448.656990 -1448.657332 -1448.657603 -1448.657821 -1448.658002 -1448.658162 -1448.658319 -1448.658492 -1448.658709 -1448.659010 -1448.659454 -1448.660137 -1448.661212 -1448.662928 -1448.665712 -1448.670301 -1448.678028 -1448.691368 -1448.715079 -1448.758503 -1448.840264 -1448.997870 -1449.308375 -1449.937581 -1451.271418 -1454.293510 -1461.804510 -1484.021060 -9999.0 -9999.0
-9999.0 -9999.0 383.812355 293.485188 199.630083 104.366351 8.528017 -87.533320 -183.668870 -279.756605 -375.668317 -471.175150 -565.864591 -659.237284 -753.298438 -847.172867 -940.942739 -1034.840015 -1126.528161 -1211.270267 -1281.581812 -1335.213215 -1373.323644 -1399.078943 -1416.010681 -1427.055218 -1434.297519 -1439.090964 -1442.283740 -1444.412313 -1445.827375 -1446.763879 -1447.380945 -1447.786009 -1448.051081 -1448.225923 -1448.351944 -1448.484997 -1448.810287 -1450.486616 -1459.624024 -1494.436037 -1207.094733 -1309.087568 -1261.885565 -1233.762936 -1220.933917 -1219.266661 -1219.099057 -1219.118782 -1219.165438 -1219.215314 -1219.263185 -1219.307479 -1219.348391 -1219.394241 -1219.527584 -1220.465108 -1227.045470 -1242.109200 -1266.329666 -1142.623930 -1468.679062 -1454.890514 -1449.679236 -1448.804523 -1448.674627 -1448.654613 -1448.652304 -1448.653083 -1448.654226 -1448.655209 -1448.655971 -1448.656549 -1448.656990 -1448.657332 -1448.657603 -1448.657821 -1448.658002 -1448.658162 -1448.658319 -1448.658492 -1448.658709 -1448.659010 -1448.659454 -1448.660137 -1448.661212 -1448.662928 -1448.665712 -1448.670301 -1448.678028 -1448.691368 -1448.715079 -1448.758503 -1448.840264 -1448.997870 -1449.308375 -1449.937581 -1451.271418 -1454.293510 -1461.804510 -1484.021060 -9999.0 -9999.0
-9999.0 -9999.0 383.804307 293.483132 199.629527 104.366186 8.527964 -87.533338 -183.668876 -279.756607 -375.668317 -471.175150 -565.864591 -659.237284 -753.298438 -847.172866 -940.942738 -1034.840014 -1126.528161 -1211.270266 -1281.581812 -1335.213214 -1373.323644 -1399.078943 -1416.010681 -1427.055218 -1434.297519 -1439.090964 -1442.283740 -1444.412313 -1445.827375 -1446.763879 -1447.380945 -1447.786009 -1448.051081 -1448.225923 -1448.351944 -1448.484997 -1448.810287 -1450.486616 -1459.624024 -1494.436037 -1207.094733 -1309.087568 -1261.885566 -1233.762937 -1220.933917 -1219.266661 -1219.099057 -1219.118782 -1219.165438 -1219.215314 -1219.263185 -1219.307479 -1219.348391 -1219.394241 -1219.527584 -1220.465108 -1227.045470 -1242.109200 -1266.329666 -1142.623930 -1468.679062 -1454.890514 -1449.679236 -1448.804523 -1448.674627 -1448.654613 -1448.652304 -1448.653083 -1448.654226 -1448.655209 -1448.655971 -1448.656549 -1448.656990 -1448.657332 -1448.657603 -1448.657821 -1448.658002 -1448.658162 -1448.658319 -1448.658492 -1448.658709 -1448.659010 -1448.659454 -1448.660137 -1448.661212 -1448.662928 -1448.665712 -1448.670301 -1448.678028 -1448.691368 -1448.715079 -1448.758503 -1448.840264 -1448.997870 -1449.308375 -1449.937581 -1451.271418 -1454.293510 -1461.804510 -1484.021060 -9999.0 -9999.0
-9999.0 -9999.0 -9999.0 -9999.0 -9999.0 -9999.0 -9999.0 -9999.0 -9999.0 -9999.0 -9999.0 -9999.0 -9999.0 -9999.0 -9999.0 -9999.0 -9999.0 -9999.0 -9999.0 -9999.0 -9999.0 -9999.0 -9999.0 -9999.0 -9999.0 -9999.0 -9999.0 -9999.0 -9999.0 -9999.0 -9999.0 -9999.0 -9999.0 -9999.0 -9999.0 -9999.0 -9999.0 -9999.0 -9999.0 -9999.0 -9999.0 -9999.0 -9999.0 -9999.0 -9999.0 -9999.0 -9999.0 -9999.0 -9999.0 -9999.0 -9999.0 -9999.0 -9999.0 -9999.0 -9999.0 -9999.0 -9999.0 -9999.0 -9999.0 -9999.0 -9999.0 -9999.0 -9999.0 -9999.0 -9999.0 -9999.0 -9999.0 -9999.0 -9999.0 -9999.0 -9999.0 -9999.0 -9999.0 -9999.0 -9999.0 -9999.0 -9999.0 -9999.0 -9999.0 -9999.0 -9999.0 -9999.0 -9999.0 -9999.0 -9999.0 -9999.0 -9999.0 -9999.0 -9999.0 -9999.0 -9999.0 -9999.0 -9999.0 -9999.0 -9999.0 -9999.0 -9999.0 -9999.0 -9999.0 -9999.0 -9999.0 -9999.0 -9999.0 -9999.0
-9999.0 -9999.0 -9999.0 -9999.0 -9999.0 -9999.0 -9999.0 -9999.0 -9999.0 -9999.0 -9999.0 -9999.0 -9999.0 -9999.0 -9999.0 -9999.0 -9999.0 -9999.0 -9999.0 -9999.0 -9999.0 -9999.0 -9999.0 -9999.0 -9999.0 -9999.0 -9999.0 -9999.0 -9999.0 -9999.0 -9999.0 -9999.0 -9999.0 -9999.0 -9999.0 -9999.0 -9999.0 -9999.0 -9999.0 -9999.0 -9999.0 -9999.0 -9999.0 -9999.0 -9999.0 -9999.0 -9999.0 -9999.0 -9999.0 -9999.0 -9999.0 -9999.0 -9999.0 -9999.0 -9999.0 -9999.0 -9999.0 -9999.0 -9999.0 -9999.0 -9999.0 -9999.0 -9999.0 -9999.0 -9999.0 -9999.0 -9999.0 -9999.0 -9999.0 -9999.0 -9999.0 -9999.0 -9999.0 -9999.0 -9999.0 -9999.0 -9999.0 -9999.0 -9999.0 -9999.0 -9999.0 -9999.0 -9999.0 -9999.0 -9999.0 -9999.0 -9999.0 -9999.0 -9999.0 -9999.0 -9999.0 -9999.0 -9999.0 -9999.0 -9999.0 -9999.0 -9999.0 -9999.0 -9999.0 -9999.0 -9999.0 -9999.0 -9999.0 -9999.0