inst/processing_geotop_simulation/geotop_simulation/out/maps3D/PwL0009N0047.asc
ncols         104
nrows         10
xllcorner     -2.000000
yllcorner     0.000000
cellsize      1.000000
NODATA_value  -9999.0
-9999.0 -9999.0 -9999.0 -9999.0 -9999.0 -9999.0 -9999.0 -9999.0 -9999.0 -9999.0 -9999.0 -9999.0 -9999.0 -9999.0 -9999.0 -9999.0 -9999.0 -9999.0 -9999.0 -9999.0 -9999.0 -9999.0 -9999.0 -9999.0 -9999.0 -9999.0 -9999.0 -9999.0 -9999.0 -9999.0 -9999.0 -9999.0 -9999.0 -9999.0 -9999.0 -9999.0 -9999.0 -9999.0 -9999.0 -9999.0 -9999.0 -9999.0 -9999.0 -9999.0 -9999.0 -9999.0 -9999.0 -9999.0 -9999.0 -9999.0 -9999.0 -9999.0 -9999.0 -9999.0 -9999.0 -9999.0 -9999.0 -9999.0 -9999.0 -9999.0 -9999.0 -9999.0 -9999.0 -9999.0 -9999.0 -9999.0 -9999.0 -9999.0 -9999.0 -9999.0 -9999.0 -9999.0 -9999.0 -9999.0 -9999.0 -9999.0 -9999.0 -9999.0 -9999.0 -9999.0 -9999.0 -9999.0 -9999.0 -9999.0 -9999.0 -9999.0 -9999.0 -9999.0 -9999.0 -9999.0 -9999.0 -9999.0 -9999.0 -9999.0 -9999.0 -9999.0 -9999.0 -9999.0 -9999.0 -9999.0 -9999.0 -9999.0 -9999.0 -9999.0
-9999.0 -9999.0 -9999.0 -9999.0 -9999.0 -9999.0 -9999.0 -9999.0 -9999.0 -9999.0 -9999.0 -9999.0 -9999.0 -9999.0 -9999.0 -9999.0 -9999.0 -9999.0 -9999.0 -9999.0 -9999.0 -9999.0 -9999.0 -9999.0 -9999.0 -9999.0 -9999.0 -9999.0 -9999.0 -9999.0 -9999.0 -9999.0 -9999.0 -9999.0 -9999.0 -9999.0 -9999.0 -9999.0 -9999.0 -9999.0 -9999.0 -9999.0 -9999.0 -9999.0 -9999.0 -9999.0 -9999.0 -9999.0 -9999.0 -9999.0 -9999.0 -9999.0 -9999.0 -9999.0 -9999.0 -9999.0 -9999.0 -9999.0 -9999.0 -9999.0 -9999.0 -9999.0 -9999.0 -9999.0 -9999.0 -9999.0 -9999.0 -9999.0 -9999.0 -9999.0 -9999.0 -9999.0 -9999.0 -9999.0 -9999.0 -9999.0 -9999.0 -9999.0 -9999.0 -9999.0 -9999.0 -9999.0 -9999.0 -9999.0 -9999.0 -9999.0 -9999.0 -9999.0 -9999.0 -9999.0 -9999.0 -9999.0 -9999.0 -9999.0 -9999.0 -9999.0 -9999.0 -9999.0 -9999.0 -9999.0 -9999.0 -9999.0 -9999.0 -9999.0
-9999.0 -9999.0 -820.346498 -838.618277 -845.748545 -850.434234 -853.745172 -855.897007 -857.070368 -855.198171 -836.542038 -810.291585 -784.543959 -756.527920 -752.639860 -772.523823 -789.137844 -805.472970 -796.943182 -770.783397 -758.026089 -755.835174 -760.991001 -770.935372 -783.670954 -797.556719 -811.170851 -823.382732 -833.503884 -841.332533 -847.042276 -851.007738 -853.653947 -855.361164 -856.426842 -857.065081 -857.439976 -857.766838 -858.224848 -858.078977 -859.477878 -899.581257 -2326.345459 -4462.393451 -4304.447659 -4101.958369 -3973.274374 -3957.026661 -3955.361964 -3955.363218 -3955.566645 -3955.791703 -3956.007930 -3956.208106 -3956.396493 -3956.643641 -3957.654028 -3965.797273 -4031.397615 -4159.725566 -4321.579569 -2190.129100 -885.687590 -861.396581 -859.018926 -858.406984 -858.267258 -858.244761 -858.246862 -858.252963 -858.258639 -858.263113 -858.266484 -858.269016 -858.270943 -858.272434 -858.273614 -858.274560 -858.275339 -858.276013 -858.276652 -858.277339 -858.278179 -858.279322 -858.280991 -858.283533 -858.287503 -858.293801 -858.303917 -858.320389 -858.347660 -858.393801 -858.473991 -858.617669 -858.883111 -859.386465 -860.357974 -862.249410 -865.951247 -873.319069 -888.678745 -922.330299 -9999.0 -9999.0
-9999.0 -9999.0 -820.346423 -838.618191 -845.748483 -850.434205 -853.745164 -855.897006 -857.070370 -855.198172 -836.542039 -810.291585 -784.543959 -756.527920 -752.639860 -772.523823 -789.137844 -805.472970 -796.943182 -770.783397 -758.026089 -755.835174 -760.991001 -770.935372 -783.670954 -797.556719 -811.170851 -823.382732 -833.503884 -841.332533 -847.042276 -851.007738 -853.653947 -855.361164 -856.426842 -857.065081 -857.439976 -857.766838 -858.224848 -858.078977 -859.477878 -899.581257 -2326.345459 -4462.393450 -4304.447657 -4101.958361 -3973.274374 -3957.026661 -3955.361964 -3955.363218 -3955.566645 -3955.791703 -3956.007930 -3956.208106 -3956.396493 -3956.643641 -3957.654028 -3965.797273 -4031.397615 -4159.725566 -4321.579569 -2190.129100 -885.687590 -861.396581 -859.018926 -858.406984 -858.267258 -858.244761 -858.246862 -858.252963 -858.258639 -858.263113 -858.266484 -858.269016 -858.270943 -858.272434 -858.273614 -858.274560 -858.275339 -858.276013 -858.276652 -858.277339 -858.278179 -858.279322 -858.280991 -858.283533 -858.287503 -858.293801 -858.303917 -858.320389 -858.347660 -858.393801 -858.473991 -858.617669 -858.883111 -859.386465 -860.357974 -862.249410 -865.951247 -873.319069 -888.678745 -922.330299 -9999.0 -9999.0
-9999.0 -9999.0 -820.346388 -838.618143 -845.748441 -850.434184 -853.745158 -855.897006 -857.070371 -855.198173 -836.542039 -810.291585 -784.543959 -756.527920 -752.639860 -772.523823 -789.137844 -805.472970 -796.943182 -770.783397 -758.026089 -755.835174 -760.991001 -770.935372 -783.670954 -797.556719 -811.170851 -823.382732 -833.503884 -841.332533 -847.042276 -851.007738 -853.653947 -855.361164 -856.426842 -857.065081 -857.439976 -857.766838 -858.224848 -858.078977 -859.477878 -899.581257 -2326.345459 -4462.393450 -4304.447656 -4101.958357 -3973.274374 -3957.026661 -3955.361964 -3955.363218 -3955.566645 -3955.791703 -3956.007930 -3956.208106 -3956.396493 -3956.643641 -3957.654028 -3965.797273 -4031.397615 -4159.725566 -4321.579569 -2190.129100 -885.687590 -861.396581 -859.018926 -858.406984 -858.267258 -858.244761 -858.246862 -858.252963 -858.258639 -858.263113 -858.266484 -858.269016 -858.270943 -858.272434 -858.273614 -858.274560 -858.275339 -858.276013 -858.276652 -858.277339 -858.278179 -858.279322 -858.280991 -858.283533 -858.287503 -858.293801 -858.303917 -858.320389 -858.347660 -858.393801 -858.473991 -858.617669 -858.883111 -859.386465 -860.357974 -862.249410 -865.951247 -873.319069 -888.678745 -922.330299 -9999.0 -9999.0
-9999.0 -9999.0 -820.346388 -838.618143 -845.748441 -850.434184 -853.745158 -855.897006 -857.070371 -855.198173 -836.542039 -810.291585 -784.543959 -756.527920 -752.639860 -772.523823 -789.137844 -805.472970 -796.943182 -770.783397 -758.026089 -755.835174 -760.991001 -770.935372 -783.670954 -797.556719 -811.170851 -823.382732 -833.503884 -841.332533 -847.042276 -851.007738 -853.653947 -855.361164 -856.426842 -857.065081 -857.439976 -857.766838 -858.224848 -858.078977 -859.477878 -899.581257 -2326.345459 -4462.393450 -4304.447656 -4101.958357 -3973.274374 -3957.026661 -3955.361964 -3955.363218 -3955.566645 -3955.791703 -3956.007930 -3956.208106 -3956.396493 -3956.643641 -3957.654028 -3965.797273 -4031.397615 -4159.725566 -4321.579569 -2190.129100 -885.687590 -861.396581 -859.018926 -858.406984 -858.267258 -858.244761 -858.246862 -858.252963 -858.258639 -858.263113 -858.266484 -858.269016 -858.270943 -858.272434 -858.273614 -858.274560 -858.275339 -858.276013 -858.276652 -858.277339 -858.278179 -858.279322 -858.280991 -858.283533 -858.287503 -858.293801 -858.303917 -858.320389 -858.347660 -858.393801 -858.473991 -858.617669 -858.883111 -859.386465 -860.357974 -862.249410 -865.951247 -873.319069 -888.678745 -922.330299 -9999.0 -9999.0
-9999.0 -9999.0 -820.346423 -838.618191 -845.748483 -850.434205 -853.745164 -855.897006 -857.070370 -855.198172 -836.542039 -810.291585 -784.543959 -756.527920 -752.639860 -772.523823 -789.137844 -805.472970 -796.943182 -770.783397 -758.026089 -755.835174 -760.991001 -770.935372 -783.670954 -797.556719 -811.170851 -823.382732 -833.503884 -841.332533 -847.042276 -851.007738 -853.653947 -855.361164 -856.426842 -857.065081 -857.439976 -857.766838 -858.224848 -858.078977 -859.477878 -899.581257 -2326.345459 -4462.393450 -4304.447657 -4101.958361 -3973.274374 -3957.026661 -3955.361964 -3955.363218 -3955.566645 -3955.791703 -3956.007930 -3956.208106 -3956.396493 -3956.643641 -3957.654028 -3965.797273 -4031.397615 -4159.725566 -4321.579569 -2190.129100 -885.687590 -861.396581 -859.018926 -858.406984 -858.267258 -858.244761 -858.246862 -858.252963 -858.258639 -858.263113 -858.266484 -858.269016 -858.270943 -858.272434 -858.273614 -858.274560 -858.275339 -858.276013 -858.276652 -858.277339 -858.278179 -858.279322 -858.280991 -858.283533 -858.287503 -858.293801 -858.303917 -858.320389 -858.347660 -858.393801 -858.473991 -858.617669 -858.883111 -859.386465 -860.357974 -862.249410 -865.951247 -873.319069 -888.678745 -922.330299 -9999.0 -9999.0
-9999.0 -9999.0 -820.346498 -838.618277 -845.748545 -850.434234 -853.745172 -855.897007 -857.070368 -855.198171 -836.542038 -810.291585 -784.543959 -756.527920 -752.639860 -772.523823 -789.137844 -805.472970 -796.943182 -770.783397 -758.026089 -755.835174 -760.991001 -770.935372 -783.670954 -797.556719 -811.170851 -823.382732 -833.503884 -841.332533 -847.042276 -851.007738 -853.653947 -855.361164 -856.426842 -857.065081 -857.439976 -857.766838 -858.224848 -858.078977 -859.477878 -899.581257 -2326.345459 -4462.393451 -4304.447659 -4101.958369 -3973.274374 -3957.026661 -3955.361964 -3955.363218 -3955.566645 -3955.791703 -3956.007930 -3956.208106 -3956.396493 -3956.643641 -3957.654028 -3965.797273 -4031.397615 -4159.725566 -4321.579569 -2190.129100 -885.687590 -861.396581 -859.018926 -858.406984 -858.267258 -858.244761 -858.246862 -858.252963 -858.258639 -858.263113 -858.266484 -858.269016 -858.270943 -858.272434 -858.273614 -858.274560 -858.275339 -858.276013 -858.276652 -858.277339 -858.278179 -858.279322 -858.280991 -858.283533 -858.287503 -858.293801 -858.303917 -858.320389 -858.347660 -858.393801 -858.473991 -858.617669 -858.883111 -859.386465 -860.357974 -862.249410 -865.951247 -873.319069 -888.678745 -922.330299 -9999.0 -9999.0
-9999.0 -9999.0 -9999.0 -9999.0 -9999.0 -9999.0 -9999.0 -9999.0 -9999.0 -9999.0 -9999.0 -9999.0 -9999.0 -9999.0 -9999.0 -9999.0 -9999.0 -9999.0 -9999.0 -9999.0 -9999.0 -9999.0 -9999.0 -9999.0 -9999.0 -9999.0 -9999.0 -9999.0 -9999.0 -9999.0 -9999.0 -9999.0 -9999.0 -9999.0 -9999.0 -9999.0 -9999.0 -9999.0 -9999.0 -9999.0 -9999.0 -9999.0 -9999.0 -9999.0 -9999.0 -9999.0 -9999.0 -9999.0 -9999.0 -9999.0 -9999.0 -9999.0 -9999.0 -9999.0 -9999.0 -9999.0 -9999.0 -9999.0 -9999.0 -9999.0 -9999.0 -9999.0 -9999.0 -9999.0 -9999.0 -9999.0 -9999.0 -9999.0 -9999.0 -9999.0 -9999.0 -9999.0 -9999.0 -9999.0 -9999.0 -9999.0 -9999.0 -9999.0 -9999.0 -9999.0 -9999.0 -9999.0 -9999.0 -9999.0 -9999.0 -9999.0 -9999.0 -9999.0 -9999.0 -9999.0 -9999.0 -9999.0 -9999.0 -9999.0 -9999.0 -9999.0 -9999.0 -9999.0 -9999.0 -9999.0 -9999.0 -9999.0 -9999.0 -9999.0
-9999.0 -9999.0 -9999.0 -9999.0 -9999.0 -9999.0 -9999.0 -9999.0 -9999.0 -9999.0 -9999.0 -9999.0 -9999.0 -9999.0 -9999.0 -9999.0 -9999.0 -9999.0 -9999.0 -9999.0 -9999.0 -9999.0 -9999.0 -9999.0 -9999.0 -9999.0 -9999.0 -9999.0 -9999.0 -9999.0 -9999.0 -9999.0 -9999.0 -9999.0 -9999.0 -9999.0 -9999.0 -9999.0 -9999.0 -9999.0 -9999.0 -9999.0 -9999.0 -9999.0 -9999.0 -9999.0 -9999.0 -9999.0 -9999.0 -9999.0 -9999.0 -9999.0 -9999.0 -9999.0 -9999.0 -9999.0 -9999.0 -9999.0 -9999.0 -9999.0 -9999.0 -9999.0 -9999.0 -9999.0 -9999.0 -9999.0 -9999.0 -9999.0 -9999.0 -9999.0 -9999.0 -9999.0 -9999.0 -9999.0 -9999.0 -9999.0 -9999.0 -9999.0 -9999.0 -9999.0 -9999.0 -9999.0 -9999.0 -9999.0 -9999.0 -9999.0 -9999.0 -9999.0 -9999.0 -9999.0 -9999.0 -9999.0 -9999.0 -9999.0 -9999.0 -9999.0 -9999.0 -9999.0 -9999.0 -9999.0 -9999.0 -9999.0 -9999.0 -9999.0