inst/processing_geotop_simulation/geotop_simulation/out/maps3D/PwL0007N0419.asc
ncols         104
nrows         10
xllcorner     -2.000000
yllcorner     0.000000
cellsize      1.000000
NODATA_value  -9999.0
-9999.0 -9999.0 -9999.0 -9999.0 -9999.0 -9999.0 -9999.0 -9999.0 -9999.0 -9999.0 -9999.0 -9999.0 -9999.0 -9999.0 -9999.0 -9999.0 -9999.0 -9999.0 -9999.0 -9999.0 -9999.0 -9999.0 -9999.0 -9999.0 -9999.0 -9999.0 -9999.0 -9999.0 -9999.0 -9999.0 -9999.0 -9999.0 -9999.0 -9999.0 -9999.0 -9999.0 -9999.0 -9999.0 -9999.0 -9999.0 -9999.0 -9999.0 -9999.0 -9999.0 -9999.0 -9999.0 -9999.0 -9999.0 -9999.0 -9999.0 -9999.0 -9999.0 -9999.0 -9999.0 -9999.0 -9999.0 -9999.0 -9999.0 -9999.0 -9999.0 -9999.0 -9999.0 -9999.0 -9999.0 -9999.0 -9999.0 -9999.0 -9999.0 -9999.0 -9999.0 -9999.0 -9999.0 -9999.0 -9999.0 -9999.0 -9999.0 -9999.0 -9999.0 -9999.0 -9999.0 -9999.0 -9999.0 -9999.0 -9999.0 -9999.0 -9999.0 -9999.0 -9999.0 -9999.0 -9999.0 -9999.0 -9999.0 -9999.0 -9999.0 -9999.0 -9999.0 -9999.0 -9999.0 -9999.0 -9999.0 -9999.0 -9999.0 -9999.0 -9999.0
-9999.0 -9999.0 -9999.0 -9999.0 -9999.0 -9999.0 -9999.0 -9999.0 -9999.0 -9999.0 -9999.0 -9999.0 -9999.0 -9999.0 -9999.0 -9999.0 -9999.0 -9999.0 -9999.0 -9999.0 -9999.0 -9999.0 -9999.0 -9999.0 -9999.0 -9999.0 -9999.0 -9999.0 -9999.0 -9999.0 -9999.0 -9999.0 -9999.0 -9999.0 -9999.0 -9999.0 -9999.0 -9999.0 -9999.0 -9999.0 -9999.0 -9999.0 -9999.0 -9999.0 -9999.0 -9999.0 -9999.0 -9999.0 -9999.0 -9999.0 -9999.0 -9999.0 -9999.0 -9999.0 -9999.0 -9999.0 -9999.0 -9999.0 -9999.0 -9999.0 -9999.0 -9999.0 -9999.0 -9999.0 -9999.0 -9999.0 -9999.0 -9999.0 -9999.0 -9999.0 -9999.0 -9999.0 -9999.0 -9999.0 -9999.0 -9999.0 -9999.0 -9999.0 -9999.0 -9999.0 -9999.0 -9999.0 -9999.0 -9999.0 -9999.0 -9999.0 -9999.0 -9999.0 -9999.0 -9999.0 -9999.0 -9999.0 -9999.0 -9999.0 -9999.0 -9999.0 -9999.0 -9999.0 -9999.0 -9999.0 -9999.0 -9999.0 -9999.0 -9999.0
-9999.0 -9999.0 323.757727 225.463284 126.496200 27.283095 -72.025010 -171.372156 -270.730996 -370.082469 -469.408134 -568.673879 -667.810648 -766.806975 -865.782728 -964.722778 -1063.593172 -1162.177153 -1260.017385 -1356.708570 -1451.187709 -1541.509109 -1624.892871 -1698.538385 -1760.620755 -1810.736790 -1849.713445 -1879.111778 -1900.745290 -1916.354274 -1927.441114 -1935.218392 -1940.620546 -1944.344103 -1946.896150 -1948.642242 -1949.857145 -1950.812432 -1952.013255 -1954.560587 -1956.614323 -1908.805677 -1231.194582 -1270.871690 -1251.879827 -1239.153903 -1233.218322 -1232.323479 -1232.227290 -1232.235302 -1232.258153 -1232.282811 -1232.306518 -1232.328479 -1232.348927 -1232.373304 -1232.452487 -1232.984793 -1236.129620 -1243.102854 -1251.261813 -1199.334947 -1879.003233 -1950.058718 -1953.252667 -1952.644967 -1952.424071 -1952.378114 -1952.370421 -1952.369617 -1952.369919 -1952.370323 -1952.370667 -1952.370940 -1952.371155 -1952.371328 -1952.371470 -1952.371591 -1952.371696 -1952.371794 -1952.371892 -1952.372001 -1952.372133 -1952.372308 -1952.372557 -1952.372927 -1952.373496 -1952.374397 -1952.375854 -1952.378274 -1952.382400 -1952.389651 -1952.402799 -1952.427395 -1952.474827 -1952.569313 -1952.765260 -1953.194040 -1954.200178 -1956.780535 -1964.202128 -1988.776137 -9999.0 -9999.0
-9999.0 -9999.0 323.764704 225.464971 126.496647 27.283228 -72.024967 -171.372142 -270.730990 -370.082467 -469.408133 -568.673878 -667.810647 -766.806975 -865.782728 -964.722779 -1063.593172 -1162.177153 -1260.017385 -1356.708570 -1451.187709 -1541.509109 -1624.892871 -1698.538385 -1760.620755 -1810.736790 -1849.713445 -1879.111778 -1900.745290 -1916.354274 -1927.441114 -1935.218392 -1940.620546 -1944.344103 -1946.896150 -1948.642242 -1949.857145 -1950.812432 -1952.013255 -1954.560587 -1956.614323 -1908.805677 -1231.194582 -1270.871689 -1251.879827 -1239.153903 -1233.218322 -1232.323479 -1232.227290 -1232.235302 -1232.258153 -1232.282811 -1232.306518 -1232.328479 -1232.348927 -1232.373304 -1232.452487 -1232.984793 -1236.129620 -1243.102854 -1251.261813 -1199.334947 -1879.003233 -1950.058718 -1953.252667 -1952.644967 -1952.424071 -1952.378114 -1952.370421 -1952.369617 -1952.369919 -1952.370323 -1952.370667 -1952.370940 -1952.371155 -1952.371328 -1952.371470 -1952.371591 -1952.371696 -1952.371794 -1952.371892 -1952.372000 -1952.372133 -1952.372308 -1952.372557 -1952.372927 -1952.373496 -1952.374397 -1952.375854 -1952.378274 -1952.382400 -1952.389651 -1952.402799 -1952.427395 -1952.474827 -1952.569313 -1952.765260 -1953.194040 -1954.200178 -1956.780535 -1964.202128 -1988.776137 -9999.0 -9999.0
-9999.0 -9999.0 323.766025 225.465689 126.496933 27.283332 -72.024930 -171.372128 -270.730985 -370.082465 -469.408133 -568.673878 -667.810647 -766.806975 -865.782728 -964.722779 -1063.593172 -1162.177153 -1260.017386 -1356.708571 -1451.187709 -1541.509110 -1624.892871 -1698.538385 -1760.620755 -1810.736790 -1849.713445 -1879.111778 -1900.745290 -1916.354274 -1927.441114 -1935.218392 -1940.620546 -1944.344103 -1946.896150 -1948.642242 -1949.857145 -1950.812432 -1952.013255 -1954.560587 -1956.614323 -1908.805677 -1231.194582 -1270.871689 -1251.879827 -1239.153903 -1233.218322 -1232.323479 -1232.227290 -1232.235302 -1232.258153 -1232.282811 -1232.306518 -1232.328479 -1232.348927 -1232.373304 -1232.452487 -1232.984793 -1236.129620 -1243.102854 -1251.261813 -1199.334947 -1879.003233 -1950.058718 -1953.252667 -1952.644967 -1952.424071 -1952.378114 -1952.370421 -1952.369617 -1952.369919 -1952.370323 -1952.370667 -1952.370940 -1952.371155 -1952.371328 -1952.371470 -1952.371591 -1952.371696 -1952.371794 -1952.371892 -1952.372000 -1952.372133 -1952.372308 -1952.372557 -1952.372927 -1952.373496 -1952.374397 -1952.375854 -1952.378274 -1952.382400 -1952.389651 -1952.402799 -1952.427395 -1952.474827 -1952.569313 -1952.765260 -1953.194040 -1954.200178 -1956.780535 -1964.202128 -1988.776137 -9999.0 -9999.0
-9999.0 -9999.0 323.766025 225.465689 126.496933 27.283332 -72.024930 -171.372128 -270.730985 -370.082465 -469.408133 -568.673878 -667.810647 -766.806975 -865.782728 -964.722779 -1063.593172 -1162.177153 -1260.017386 -1356.708571 -1451.187709 -1541.509110 -1624.892871 -1698.538385 -1760.620755 -1810.736790 -1849.713445 -1879.111778 -1900.745290 -1916.354274 -1927.441114 -1935.218392 -1940.620546 -1944.344103 -1946.896150 -1948.642242 -1949.857145 -1950.812432 -1952.013255 -1954.560587 -1956.614323 -1908.805677 -1231.194582 -1270.871689 -1251.879827 -1239.153903 -1233.218322 -1232.323479 -1232.227290 -1232.235302 -1232.258153 -1232.282811 -1232.306518 -1232.328479 -1232.348927 -1232.373304 -1232.452487 -1232.984793 -1236.129620 -1243.102854 -1251.261813 -1199.334947 -1879.003233 -1950.058718 -1953.252667 -1952.644967 -1952.424071 -1952.378114 -1952.370421 -1952.369617 -1952.369919 -1952.370323 -1952.370667 -1952.370940 -1952.371155 -1952.371328 -1952.371470 -1952.371591 -1952.371696 -1952.371794 -1952.371892 -1952.372000 -1952.372133 -1952.372308 -1952.372557 -1952.372927 -1952.373496 -1952.374397 -1952.375854 -1952.378274 -1952.382400 -1952.389651 -1952.402799 -1952.427395 -1952.474827 -1952.569313 -1952.765260 -1953.194040 -1954.200178 -1956.780535 -1964.202128 -1988.776137 -9999.0 -9999.0
-9999.0 -9999.0 323.764704 225.464971 126.496648 27.283228 -72.024967 -171.372142 -270.730990 -370.082467 -469.408133 -568.673878 -667.810648 -766.806975 -865.782728 -964.722779 -1063.593172 -1162.177153 -1260.017385 -1356.708570 -1451.187709 -1541.509109 -1624.892871 -1698.538385 -1760.620755 -1810.736790 -1849.713445 -1879.111778 -1900.745290 -1916.354274 -1927.441114 -1935.218392 -1940.620546 -1944.344103 -1946.896150 -1948.642242 -1949.857145 -1950.812432 -1952.013255 -1954.560587 -1956.614323 -1908.805677 -1231.194582 -1270.871689 -1251.879827 -1239.153903 -1233.218322 -1232.323479 -1232.227290 -1232.235302 -1232.258153 -1232.282811 -1232.306518 -1232.328479 -1232.348927 -1232.373304 -1232.452487 -1232.984793 -1236.129620 -1243.102854 -1251.261813 -1199.334947 -1879.003233 -1950.058718 -1953.252667 -1952.644967 -1952.424071 -1952.378114 -1952.370421 -1952.369617 -1952.369919 -1952.370323 -1952.370667 -1952.370940 -1952.371155 -1952.371328 -1952.371470 -1952.371591 -1952.371696 -1952.371794 -1952.371892 -1952.372000 -1952.372133 -1952.372308 -1952.372557 -1952.372927 -1952.373496 -1952.374397 -1952.375854 -1952.378274 -1952.382400 -1952.389651 -1952.402799 -1952.427395 -1952.474827 -1952.569313 -1952.765260 -1953.194040 -1954.200178 -1956.780535 -1964.202128 -1988.776137 -9999.0 -9999.0
-9999.0 -9999.0 323.757727 225.463284 126.496200 27.283095 -72.025010 -171.372156 -270.730996 -370.082469 -469.408134 -568.673879 -667.810648 -766.806975 -865.782728 -964.722779 -1063.593172 -1162.177153 -1260.017385 -1356.708570 -1451.187709 -1541.509109 -1624.892871 -1698.538385 -1760.620755 -1810.736790 -1849.713445 -1879.111778 -1900.745290 -1916.354274 -1927.441114 -1935.218392 -1940.620546 -1944.344103 -1946.896150 -1948.642242 -1949.857145 -1950.812432 -1952.013255 -1954.560587 -1956.614323 -1908.805677 -1231.194582 -1270.871690 -1251.879827 -1239.153903 -1233.218322 -1232.323479 -1232.227290 -1232.235302 -1232.258153 -1232.282811 -1232.306518 -1232.328479 -1232.348927 -1232.373304 -1232.452487 -1232.984793 -1236.129620 -1243.102854 -1251.261813 -1199.334947 -1879.003233 -1950.058718 -1953.252667 -1952.644967 -1952.424071 -1952.378114 -1952.370421 -1952.369617 -1952.369919 -1952.370323 -1952.370667 -1952.370940 -1952.371155 -1952.371328 -1952.371470 -1952.371591 -1952.371696 -1952.371794 -1952.371892 -1952.372001 -1952.372133 -1952.372308 -1952.372557 -1952.372927 -1952.373496 -1952.374397 -1952.375854 -1952.378274 -1952.382400 -1952.389651 -1952.402799 -1952.427395 -1952.474827 -1952.569313 -1952.765260 -1953.194040 -1954.200178 -1956.780535 -1964.202128 -1988.776137 -9999.0 -9999.0
-9999.0 -9999.0 -9999.0 -9999.0 -9999.0 -9999.0 -9999.0 -9999.0 -9999.0 -9999.0 -9999.0 -9999.0 -9999.0 -9999.0 -9999.0 -9999.0 -9999.0 -9999.0 -9999.0 -9999.0 -9999.0 -9999.0 -9999.0 -9999.0 -9999.0 -9999.0 -9999.0 -9999.0 -9999.0 -9999.0 -9999.0 -9999.0 -9999.0 -9999.0 -9999.0 -9999.0 -9999.0 -9999.0 -9999.0 -9999.0 -9999.0 -9999.0 -9999.0 -9999.0 -9999.0 -9999.0 -9999.0 -9999.0 -9999.0 -9999.0 -9999.0 -9999.0 -9999.0 -9999.0 -9999.0 -9999.0 -9999.0 -9999.0 -9999.0 -9999.0 -9999.0 -9999.0 -9999.0 -9999.0 -9999.0 -9999.0 -9999.0 -9999.0 -9999.0 -9999.0 -9999.0 -9999.0 -9999.0 -9999.0 -9999.0 -9999.0 -9999.0 -9999.0 -9999.0 -9999.0 -9999.0 -9999.0 -9999.0 -9999.0 -9999.0 -9999.0 -9999.0 -9999.0 -9999.0 -9999.0 -9999.0 -9999.0 -9999.0 -9999.0 -9999.0 -9999.0 -9999.0 -9999.0 -9999.0 -9999.0 -9999.0 -9999.0 -9999.0 -9999.0
-9999.0 -9999.0 -9999.0 -9999.0 -9999.0 -9999.0 -9999.0 -9999.0 -9999.0 -9999.0 -9999.0 -9999.0 -9999.0 -9999.0 -9999.0 -9999.0 -9999.0 -9999.0 -9999.0 -9999.0 -9999.0 -9999.0 -9999.0 -9999.0 -9999.0 -9999.0 -9999.0 -9999.0 -9999.0 -9999.0 -9999.0 -9999.0 -9999.0 -9999.0 -9999.0 -9999.0 -9999.0 -9999.0 -9999.0 -9999.0 -9999.0 -9999.0 -9999.0 -9999.0 -9999.0 -9999.0 -9999.0 -9999.0 -9999.0 -9999.0 -9999.0 -9999.0 -9999.0 -9999.0 -9999.0 -9999.0 -9999.0 -9999.0 -9999.0 -9999.0 -9999.0 -9999.0 -9999.0 -9999.0 -9999.0 -9999.0 -9999.0 -9999.0 -9999.0 -9999.0 -9999.0 -9999.0 -9999.0 -9999.0 -9999.0 -9999.0 -9999.0 -9999.0 -9999.0 -9999.0 -9999.0 -9999.0 -9999.0 -9999.0 -9999.0 -9999.0 -9999.0 -9999.0 -9999.0 -9999.0 -9999.0 -9999.0 -9999.0 -9999.0 -9999.0 -9999.0 -9999.0 -9999.0 -9999.0 -9999.0 -9999.0 -9999.0 -9999.0 -9999.0