inst/processing_geotop_simulation/geotop_simulation/out/maps3D/PwL0011N0329.asc
ncols         104
nrows         10
xllcorner     -2.000000
yllcorner     0.000000
cellsize      1.000000
NODATA_value  -9999.0
-9999.0 -9999.0 -9999.0 -9999.0 -9999.0 -9999.0 -9999.0 -9999.0 -9999.0 -9999.0 -9999.0 -9999.0 -9999.0 -9999.0 -9999.0 -9999.0 -9999.0 -9999.0 -9999.0 -9999.0 -9999.0 -9999.0 -9999.0 -9999.0 -9999.0 -9999.0 -9999.0 -9999.0 -9999.0 -9999.0 -9999.0 -9999.0 -9999.0 -9999.0 -9999.0 -9999.0 -9999.0 -9999.0 -9999.0 -9999.0 -9999.0 -9999.0 -9999.0 -9999.0 -9999.0 -9999.0 -9999.0 -9999.0 -9999.0 -9999.0 -9999.0 -9999.0 -9999.0 -9999.0 -9999.0 -9999.0 -9999.0 -9999.0 -9999.0 -9999.0 -9999.0 -9999.0 -9999.0 -9999.0 -9999.0 -9999.0 -9999.0 -9999.0 -9999.0 -9999.0 -9999.0 -9999.0 -9999.0 -9999.0 -9999.0 -9999.0 -9999.0 -9999.0 -9999.0 -9999.0 -9999.0 -9999.0 -9999.0 -9999.0 -9999.0 -9999.0 -9999.0 -9999.0 -9999.0 -9999.0 -9999.0 -9999.0 -9999.0 -9999.0 -9999.0 -9999.0 -9999.0 -9999.0 -9999.0 -9999.0 -9999.0 -9999.0 -9999.0 -9999.0
-9999.0 -9999.0 -9999.0 -9999.0 -9999.0 -9999.0 -9999.0 -9999.0 -9999.0 -9999.0 -9999.0 -9999.0 -9999.0 -9999.0 -9999.0 -9999.0 -9999.0 -9999.0 -9999.0 -9999.0 -9999.0 -9999.0 -9999.0 -9999.0 -9999.0 -9999.0 -9999.0 -9999.0 -9999.0 -9999.0 -9999.0 -9999.0 -9999.0 -9999.0 -9999.0 -9999.0 -9999.0 -9999.0 -9999.0 -9999.0 -9999.0 -9999.0 -9999.0 -9999.0 -9999.0 -9999.0 -9999.0 -9999.0 -9999.0 -9999.0 -9999.0 -9999.0 -9999.0 -9999.0 -9999.0 -9999.0 -9999.0 -9999.0 -9999.0 -9999.0 -9999.0 -9999.0 -9999.0 -9999.0 -9999.0 -9999.0 -9999.0 -9999.0 -9999.0 -9999.0 -9999.0 -9999.0 -9999.0 -9999.0 -9999.0 -9999.0 -9999.0 -9999.0 -9999.0 -9999.0 -9999.0 -9999.0 -9999.0 -9999.0 -9999.0 -9999.0 -9999.0 -9999.0 -9999.0 -9999.0 -9999.0 -9999.0 -9999.0 -9999.0 -9999.0 -9999.0 -9999.0 -9999.0 -9999.0 -9999.0 -9999.0 -9999.0 -9999.0 -9999.0
-9999.0 -9999.0 523.405615 425.511937 327.002068 228.178536 129.219227 30.203596 -68.826393 -167.853470 -266.862338 -365.826823 -464.697279 -563.367795 -661.688345 -759.837123 -858.010513 -955.957549 -1053.648481 -1150.083053 -1243.387879 -1332.086960 -1413.427195 -1484.844015 -1544.785617 -1593.012967 -1630.399805 -1658.489142 -1679.055971 -1693.802469 -1704.198710 -1711.429997 -1716.406836 -1719.804218 -1722.109821 -1723.671687 -1724.747202 -1725.585820 -1726.689393 -1729.590568 -1737.211835 -1738.992979 -1423.940863 -1770.963235 -1684.383027 -1630.944532 -1607.015710 -1603.811200 -1603.483371 -1603.516164 -1603.600163 -1603.690290 -1603.776843 -1603.856960 -1603.931168 -1604.016240 -1604.275926 -1606.095613 -1618.384512 -1646.631321 -1681.937261 -1332.878624 -1704.138110 -1729.711696 -1728.230108 -1727.231541 -1727.000703 -1726.959430 -1726.953126 -1726.952674 -1726.953114 -1726.953600 -1726.954002 -1726.954316 -1726.954561 -1726.954755 -1726.954912 -1726.955042 -1726.955155 -1726.955257 -1726.955360 -1726.955473 -1726.955613 -1726.955802 -1726.956074 -1726.956486 -1726.957126 -1726.958144 -1726.959797 -1726.962542 -1726.967217 -1726.975410 -1726.990214 -1727.017793 -1727.070706 -1727.175356 -1727.390135 -1727.853521 -1728.920652 -1731.587271 -1739.019457 -1763.143049 -9999.0 -9999.0
-9999.0 -9999.0 523.411125 425.513531 327.002520 228.178673 129.219272 30.203611 -68.826387 -167.853467 -266.862337 -365.826822 -464.697279 -563.367795 -661.688345 -759.837123 -858.010513 -955.957549 -1053.648481 -1150.083054 -1243.387879 -1332.086960 -1413.427195 -1484.844015 -1544.785618 -1593.012967 -1630.399805 -1658.489142 -1679.055972 -1693.802469 -1704.198710 -1711.429997 -1716.406836 -1719.804218 -1722.109821 -1723.671687 -1724.747202 -1725.585820 -1726.689393 -1729.590568 -1737.211835 -1738.992979 -1423.940863 -1770.963235 -1684.383027 -1630.944530 -1607.015710 -1603.811200 -1603.483371 -1603.516164 -1603.600163 -1603.690290 -1603.776843 -1603.856960 -1603.931168 -1604.016240 -1604.275926 -1606.095613 -1618.384512 -1646.631321 -1681.937261 -1332.878624 -1704.138110 -1729.711696 -1728.230108 -1727.231541 -1727.000703 -1726.959430 -1726.953126 -1726.952674 -1726.953114 -1726.953600 -1726.954002 -1726.954316 -1726.954561 -1726.954755 -1726.954912 -1726.955042 -1726.955155 -1726.955257 -1726.955360 -1726.955473 -1726.955613 -1726.955802 -1726.956074 -1726.956486 -1726.957126 -1726.958144 -1726.959797 -1726.962542 -1726.967217 -1726.975410 -1726.990214 -1727.017793 -1727.070706 -1727.175356 -1727.390135 -1727.853521 -1728.920652 -1731.587271 -1739.019457 -1763.143049 -9999.0 -9999.0
-9999.0 -9999.0 523.412519 425.514261 327.002814 228.178782 129.219311 30.203625 -68.826382 -167.853465 -266.862336 -365.826822 -464.697279 -563.367795 -661.688345 -759.837123 -858.010513 -955.957549 -1053.648481 -1150.083054 -1243.387879 -1332.086960 -1413.427196 -1484.844015 -1544.785618 -1593.012967 -1630.399805 -1658.489142 -1679.055972 -1693.802469 -1704.198710 -1711.429997 -1716.406836 -1719.804218 -1722.109821 -1723.671687 -1724.747202 -1725.585820 -1726.689393 -1729.590568 -1737.211835 -1738.992979 -1423.940863 -1770.963235 -1684.383026 -1630.944530 -1607.015710 -1603.811200 -1603.483371 -1603.516164 -1603.600163 -1603.690290 -1603.776843 -1603.856960 -1603.931168 -1604.016240 -1604.275926 -1606.095613 -1618.384512 -1646.631321 -1681.937261 -1332.878624 -1704.138110 -1729.711696 -1728.230108 -1727.231541 -1727.000703 -1726.959430 -1726.953126 -1726.952674 -1726.953114 -1726.953600 -1726.954002 -1726.954316 -1726.954561 -1726.954755 -1726.954912 -1726.955042 -1726.955155 -1726.955257 -1726.955360 -1726.955473 -1726.955613 -1726.955802 -1726.956074 -1726.956486 -1726.957126 -1726.958144 -1726.959797 -1726.962542 -1726.967217 -1726.975410 -1726.990214 -1727.017793 -1727.070706 -1727.175356 -1727.390135 -1727.853521 -1728.920652 -1731.587271 -1739.019457 -1763.143049 -9999.0 -9999.0
-9999.0 -9999.0 523.412519 425.514261 327.002814 228.178782 129.219311 30.203625 -68.826382 -167.853465 -266.862336 -365.826822 -464.697279 -563.367795 -661.688345 -759.837123 -858.010513 -955.957549 -1053.648481 -1150.083054 -1243.387879 -1332.086960 -1413.427196 -1484.844015 -1544.785618 -1593.012967 -1630.399805 -1658.489142 -1679.055972 -1693.802469 -1704.198710 -1711.429997 -1716.406836 -1719.804218 -1722.109821 -1723.671687 -1724.747202 -1725.585820 -1726.689393 -1729.590568 -1737.211835 -1738.992979 -1423.940863 -1770.963235 -1684.383026 -1630.944530 -1607.015710 -1603.811200 -1603.483371 -1603.516164 -1603.600163 -1603.690290 -1603.776843 -1603.856960 -1603.931168 -1604.016240 -1604.275926 -1606.095613 -1618.384512 -1646.631321 -1681.937261 -1332.878624 -1704.138110 -1729.711696 -1728.230108 -1727.231541 -1727.000703 -1726.959430 -1726.953126 -1726.952674 -1726.953114 -1726.953600 -1726.954002 -1726.954316 -1726.954561 -1726.954755 -1726.954912 -1726.955042 -1726.955155 -1726.955257 -1726.955360 -1726.955473 -1726.955613 -1726.955802 -1726.956074 -1726.956486 -1726.957126 -1726.958144 -1726.959797 -1726.962542 -1726.967217 -1726.975410 -1726.990214 -1727.017793 -1727.070706 -1727.175356 -1727.390135 -1727.853521 -1728.920652 -1731.587271 -1739.019457 -1763.143049 -9999.0 -9999.0
-9999.0 -9999.0 523.411125 425.513531 327.002520 228.178673 129.219272 30.203611 -68.826387 -167.853467 -266.862337 -365.826822 -464.697279 -563.367795 -661.688345 -759.837123 -858.010513 -955.957549 -1053.648481 -1150.083054 -1243.387879 -1332.086960 -1413.427195 -1484.844015 -1544.785618 -1593.012967 -1630.399805 -1658.489142 -1679.055972 -1693.802469 -1704.198710 -1711.429997 -1716.406836 -1719.804218 -1722.109821 -1723.671687 -1724.747202 -1725.585820 -1726.689393 -1729.590568 -1737.211835 -1738.992979 -1423.940863 -1770.963235 -1684.383027 -1630.944530 -1607.015710 -1603.811200 -1603.483371 -1603.516164 -1603.600163 -1603.690290 -1603.776843 -1603.856960 -1603.931168 -1604.016240 -1604.275926 -1606.095613 -1618.384512 -1646.631321 -1681.937261 -1332.878624 -1704.138110 -1729.711696 -1728.230108 -1727.231541 -1727.000703 -1726.959430 -1726.953126 -1726.952674 -1726.953114 -1726.953600 -1726.954002 -1726.954316 -1726.954561 -1726.954755 -1726.954912 -1726.955042 -1726.955155 -1726.955257 -1726.955360 -1726.955473 -1726.955613 -1726.955802 -1726.956074 -1726.956486 -1726.957126 -1726.958144 -1726.959797 -1726.962542 -1726.967217 -1726.975410 -1726.990214 -1727.017793 -1727.070706 -1727.175356 -1727.390135 -1727.853521 -1728.920652 -1731.587271 -1739.019457 -1763.143049 -9999.0 -9999.0
-9999.0 -9999.0 523.405615 425.511937 327.002068 228.178536 129.219227 30.203596 -68.826393 -167.853470 -266.862338 -365.826823 -464.697279 -563.367795 -661.688345 -759.837123 -858.010513 -955.957549 -1053.648481 -1150.083054 -1243.387879 -1332.086960 -1413.427195 -1484.844015 -1544.785617 -1593.012967 -1630.399805 -1658.489142 -1679.055971 -1693.802469 -1704.198710 -1711.429997 -1716.406836 -1719.804218 -1722.109821 -1723.671687 -1724.747202 -1725.585820 -1726.689393 -1729.590568 -1737.211835 -1738.992979 -1423.940863 -1770.963235 -1684.383027 -1630.944532 -1607.015710 -1603.811200 -1603.483371 -1603.516164 -1603.600163 -1603.690290 -1603.776843 -1603.856960 -1603.931168 -1604.016240 -1604.275926 -1606.095613 -1618.384512 -1646.631321 -1681.937261 -1332.878624 -1704.138110 -1729.711696 -1728.230108 -1727.231541 -1727.000703 -1726.959430 -1726.953126 -1726.952674 -1726.953114 -1726.953600 -1726.954002 -1726.954316 -1726.954561 -1726.954755 -1726.954912 -1726.955042 -1726.955155 -1726.955257 -1726.955360 -1726.955473 -1726.955613 -1726.955802 -1726.956074 -1726.956486 -1726.957126 -1726.958144 -1726.959797 -1726.962542 -1726.967217 -1726.975410 -1726.990214 -1727.017793 -1727.070706 -1727.175356 -1727.390135 -1727.853521 -1728.920652 -1731.587271 -1739.019457 -1763.143049 -9999.0 -9999.0
-9999.0 -9999.0 -9999.0 -9999.0 -9999.0 -9999.0 -9999.0 -9999.0 -9999.0 -9999.0 -9999.0 -9999.0 -9999.0 -9999.0 -9999.0 -9999.0 -9999.0 -9999.0 -9999.0 -9999.0 -9999.0 -9999.0 -9999.0 -9999.0 -9999.0 -9999.0 -9999.0 -9999.0 -9999.0 -9999.0 -9999.0 -9999.0 -9999.0 -9999.0 -9999.0 -9999.0 -9999.0 -9999.0 -9999.0 -9999.0 -9999.0 -9999.0 -9999.0 -9999.0 -9999.0 -9999.0 -9999.0 -9999.0 -9999.0 -9999.0 -9999.0 -9999.0 -9999.0 -9999.0 -9999.0 -9999.0 -9999.0 -9999.0 -9999.0 -9999.0 -9999.0 -9999.0 -9999.0 -9999.0 -9999.0 -9999.0 -9999.0 -9999.0 -9999.0 -9999.0 -9999.0 -9999.0 -9999.0 -9999.0 -9999.0 -9999.0 -9999.0 -9999.0 -9999.0 -9999.0 -9999.0 -9999.0 -9999.0 -9999.0 -9999.0 -9999.0 -9999.0 -9999.0 -9999.0 -9999.0 -9999.0 -9999.0 -9999.0 -9999.0 -9999.0 -9999.0 -9999.0 -9999.0 -9999.0 -9999.0 -9999.0 -9999.0 -9999.0 -9999.0
-9999.0 -9999.0 -9999.0 -9999.0 -9999.0 -9999.0 -9999.0 -9999.0 -9999.0 -9999.0 -9999.0 -9999.0 -9999.0 -9999.0 -9999.0 -9999.0 -9999.0 -9999.0 -9999.0 -9999.0 -9999.0 -9999.0 -9999.0 -9999.0 -9999.0 -9999.0 -9999.0 -9999.0 -9999.0 -9999.0 -9999.0 -9999.0 -9999.0 -9999.0 -9999.0 -9999.0 -9999.0 -9999.0 -9999.0 -9999.0 -9999.0 -9999.0 -9999.0 -9999.0 -9999.0 -9999.0 -9999.0 -9999.0 -9999.0 -9999.0 -9999.0 -9999.0 -9999.0 -9999.0 -9999.0 -9999.0 -9999.0 -9999.0 -9999.0 -9999.0 -9999.0 -9999.0 -9999.0 -9999.0 -9999.0 -9999.0 -9999.0 -9999.0 -9999.0 -9999.0 -9999.0 -9999.0 -9999.0 -9999.0 -9999.0 -9999.0 -9999.0 -9999.0 -9999.0 -9999.0 -9999.0 -9999.0 -9999.0 -9999.0 -9999.0 -9999.0 -9999.0 -9999.0 -9999.0 -9999.0 -9999.0 -9999.0 -9999.0 -9999.0 -9999.0 -9999.0 -9999.0 -9999.0 -9999.0 -9999.0 -9999.0 -9999.0 -9999.0 -9999.0