inst/processing_geotop_simulation/geotop_simulation/out/maps3D/PwL0015N0113.asc
ncols         104
nrows         10
xllcorner     -2.000000
yllcorner     0.000000
cellsize      1.000000
NODATA_value  -9999.0
-9999.0 -9999.0 -9999.0 -9999.0 -9999.0 -9999.0 -9999.0 -9999.0 -9999.0 -9999.0 -9999.0 -9999.0 -9999.0 -9999.0 -9999.0 -9999.0 -9999.0 -9999.0 -9999.0 -9999.0 -9999.0 -9999.0 -9999.0 -9999.0 -9999.0 -9999.0 -9999.0 -9999.0 -9999.0 -9999.0 -9999.0 -9999.0 -9999.0 -9999.0 -9999.0 -9999.0 -9999.0 -9999.0 -9999.0 -9999.0 -9999.0 -9999.0 -9999.0 -9999.0 -9999.0 -9999.0 -9999.0 -9999.0 -9999.0 -9999.0 -9999.0 -9999.0 -9999.0 -9999.0 -9999.0 -9999.0 -9999.0 -9999.0 -9999.0 -9999.0 -9999.0 -9999.0 -9999.0 -9999.0 -9999.0 -9999.0 -9999.0 -9999.0 -9999.0 -9999.0 -9999.0 -9999.0 -9999.0 -9999.0 -9999.0 -9999.0 -9999.0 -9999.0 -9999.0 -9999.0 -9999.0 -9999.0 -9999.0 -9999.0 -9999.0 -9999.0 -9999.0 -9999.0 -9999.0 -9999.0 -9999.0 -9999.0 -9999.0 -9999.0 -9999.0 -9999.0 -9999.0 -9999.0 -9999.0 -9999.0 -9999.0 -9999.0 -9999.0 -9999.0
-9999.0 -9999.0 -9999.0 -9999.0 -9999.0 -9999.0 -9999.0 -9999.0 -9999.0 -9999.0 -9999.0 -9999.0 -9999.0 -9999.0 -9999.0 -9999.0 -9999.0 -9999.0 -9999.0 -9999.0 -9999.0 -9999.0 -9999.0 -9999.0 -9999.0 -9999.0 -9999.0 -9999.0 -9999.0 -9999.0 -9999.0 -9999.0 -9999.0 -9999.0 -9999.0 -9999.0 -9999.0 -9999.0 -9999.0 -9999.0 -9999.0 -9999.0 -9999.0 -9999.0 -9999.0 -9999.0 -9999.0 -9999.0 -9999.0 -9999.0 -9999.0 -9999.0 -9999.0 -9999.0 -9999.0 -9999.0 -9999.0 -9999.0 -9999.0 -9999.0 -9999.0 -9999.0 -9999.0 -9999.0 -9999.0 -9999.0 -9999.0 -9999.0 -9999.0 -9999.0 -9999.0 -9999.0 -9999.0 -9999.0 -9999.0 -9999.0 -9999.0 -9999.0 -9999.0 -9999.0 -9999.0 -9999.0 -9999.0 -9999.0 -9999.0 -9999.0 -9999.0 -9999.0 -9999.0 -9999.0 -9999.0 -9999.0 -9999.0 -9999.0 -9999.0 -9999.0 -9999.0 -9999.0 -9999.0 -9999.0 -9999.0 -9999.0 -9999.0 -9999.0
-9999.0 -9999.0 740.275541 649.629644 557.230190 463.501161 369.131693 274.484119 179.743059 85.005357 -9.668846 -104.240260 -198.738344 -293.276676 -388.180791 -483.955680 -581.319793 -680.462392 -775.053827 -867.677566 -957.343632 -1036.012768 -1091.550748 -1127.603921 -1148.988446 -1160.953594 -1167.465804 -1171.002167 -1172.955300 -1174.067687 -1174.729607 -1175.144641 -1175.419518 -1175.610547 -1175.747907 -1175.850466 -1175.939269 -1176.055881 -1176.346899 -1177.946249 -1189.102767 -1278.035157 -2081.140020 -4221.082552 -4232.672938 -4232.673267 -4232.673267 -4232.673267 -4232.673267 -4232.673267 -4232.673267 -4232.673267 -4232.673267 -4232.673267 -4232.673267 -4232.673267 -4232.673267 -4232.673267 -4232.673267 -4232.672646 -4214.043230 -1966.641433 -1248.941463 -1184.812684 -1177.310341 -1176.406744 -1176.283307 -1176.263914 -1176.261935 -1176.263106 -1176.264598 -1176.265855 -1176.266824 -1176.267560 -1176.268121 -1176.268556 -1176.268901 -1176.269179 -1176.269410 -1176.269613 -1176.269811 -1176.270030 -1176.270303 -1176.270680 -1176.271238 -1176.272093 -1176.273437 -1176.275581 -1176.279053 -1176.284768 -1176.294367 -1176.310894 -1176.340187 -1176.393701 -1176.494271 -1176.687891 -1177.069038 -1177.841639 -1179.486501 -1183.246299 -1192.516069 -1217.781602 -9999.0 -9999.0
-9999.0 -9999.0 740.280414 649.631285 557.230691 463.501319 369.131745 274.484137 179.743065 85.005359 -9.668845 -104.240260 -198.738343 -293.276676 -388.180791 -483.955680 -581.319793 -680.462392 -775.053827 -867.677567 -957.343632 -1036.012768 -1091.550748 -1127.603921 -1148.988446 -1160.953594 -1167.465804 -1171.002167 -1172.955300 -1174.067687 -1174.729607 -1175.144641 -1175.419518 -1175.610547 -1175.747907 -1175.850466 -1175.939269 -1176.055881 -1176.346899 -1177.946249 -1189.102767 -1278.035157 -2081.140020 -4221.082552 -4232.672938 -4232.673267 -4232.673267 -4232.673267 -4232.673267 -4232.673267 -4232.673267 -4232.673267 -4232.673267 -4232.673267 -4232.673267 -4232.673267 -4232.673267 -4232.673267 -4232.673267 -4232.672646 -4214.043230 -1966.641433 -1248.941463 -1184.812684 -1177.310341 -1176.406744 -1176.283307 -1176.263914 -1176.261935 -1176.263106 -1176.264598 -1176.265855 -1176.266824 -1176.267560 -1176.268121 -1176.268556 -1176.268901 -1176.269179 -1176.269410 -1176.269613 -1176.269811 -1176.270030 -1176.270303 -1176.270680 -1176.271238 -1176.272093 -1176.273437 -1176.275581 -1176.279053 -1176.284768 -1176.294367 -1176.310894 -1176.340187 -1176.393701 -1176.494271 -1176.687891 -1177.069038 -1177.841639 -1179.486501 -1183.246299 -1192.516069 -1217.781602 -9999.0 -9999.0
-9999.0 -9999.0 740.281949 649.632095 557.231025 463.501445 369.131790 274.484153 179.743071 85.005362 -9.668844 -104.240259 -198.738343 -293.276676 -388.180791 -483.955680 -581.319793 -680.462392 -775.053828 -867.677567 -957.343632 -1036.012768 -1091.550748 -1127.603921 -1148.988446 -1160.953594 -1167.465804 -1171.002167 -1172.955300 -1174.067687 -1174.729607 -1175.144641 -1175.419518 -1175.610547 -1175.747907 -1175.850466 -1175.939269 -1176.055881 -1176.346899 -1177.946249 -1189.102767 -1278.035157 -2081.140020 -4221.082552 -4232.672938 -4232.673267 -4232.673267 -4232.673267 -4232.673267 -4232.673267 -4232.673267 -4232.673267 -4232.673267 -4232.673267 -4232.673267 -4232.673267 -4232.673267 -4232.673267 -4232.673267 -4232.672646 -4214.043230 -1966.641433 -1248.941463 -1184.812684 -1177.310341 -1176.406744 -1176.283307 -1176.263914 -1176.261935 -1176.263106 -1176.264598 -1176.265855 -1176.266824 -1176.267560 -1176.268121 -1176.268556 -1176.268901 -1176.269179 -1176.269410 -1176.269613 -1176.269811 -1176.270030 -1176.270303 -1176.270680 -1176.271238 -1176.272093 -1176.273437 -1176.275581 -1176.279053 -1176.284768 -1176.294367 -1176.310894 -1176.340187 -1176.393701 -1176.494271 -1176.687891 -1177.069038 -1177.841639 -1179.486501 -1183.246299 -1192.516069 -1217.781602 -9999.0 -9999.0
-9999.0 -9999.0 740.281949 649.632095 557.231025 463.501445 369.131790 274.484153 179.743071 85.005361 -9.668844 -104.240259 -198.738343 -293.276676 -388.180791 -483.955680 -581.319793 -680.462392 -775.053828 -867.677567 -957.343632 -1036.012768 -1091.550748 -1127.603921 -1148.988446 -1160.953594 -1167.465804 -1171.002167 -1172.955300 -1174.067687 -1174.729607 -1175.144641 -1175.419518 -1175.610547 -1175.747907 -1175.850466 -1175.939269 -1176.055881 -1176.346899 -1177.946249 -1189.102767 -1278.035157 -2081.140020 -4221.082552 -4232.672938 -4232.673267 -4232.673267 -4232.673267 -4232.673267 -4232.673267 -4232.673267 -4232.673267 -4232.673267 -4232.673267 -4232.673267 -4232.673267 -4232.673267 -4232.673267 -4232.673267 -4232.672646 -4214.043230 -1966.641433 -1248.941463 -1184.812684 -1177.310341 -1176.406744 -1176.283307 -1176.263914 -1176.261935 -1176.263106 -1176.264598 -1176.265855 -1176.266824 -1176.267560 -1176.268121 -1176.268556 -1176.268901 -1176.269179 -1176.269410 -1176.269613 -1176.269811 -1176.270030 -1176.270303 -1176.270680 -1176.271238 -1176.272093 -1176.273437 -1176.275581 -1176.279053 -1176.284768 -1176.294367 -1176.310894 -1176.340187 -1176.393701 -1176.494271 -1176.687891 -1177.069038 -1177.841639 -1179.486501 -1183.246299 -1192.516069 -1217.781602 -9999.0 -9999.0
-9999.0 -9999.0 740.280414 649.631285 557.230691 463.501319 369.131745 274.484137 179.743065 85.005359 -9.668845 -104.240260 -198.738343 -293.276676 -388.180791 -483.955680 -581.319793 -680.462392 -775.053828 -867.677567 -957.343632 -1036.012768 -1091.550748 -1127.603921 -1148.988446 -1160.953594 -1167.465804 -1171.002167 -1172.955300 -1174.067687 -1174.729607 -1175.144641 -1175.419518 -1175.610547 -1175.747907 -1175.850466 -1175.939269 -1176.055881 -1176.346899 -1177.946249 -1189.102767 -1278.035157 -2081.140020 -4221.082552 -4232.672938 -4232.673267 -4232.673267 -4232.673267 -4232.673267 -4232.673267 -4232.673267 -4232.673267 -4232.673267 -4232.673267 -4232.673267 -4232.673267 -4232.673267 -4232.673267 -4232.673267 -4232.672646 -4214.043230 -1966.641433 -1248.941463 -1184.812684 -1177.310341 -1176.406744 -1176.283307 -1176.263914 -1176.261935 -1176.263106 -1176.264598 -1176.265855 -1176.266824 -1176.267560 -1176.268121 -1176.268556 -1176.268901 -1176.269179 -1176.269410 -1176.269613 -1176.269811 -1176.270030 -1176.270303 -1176.270680 -1176.271238 -1176.272093 -1176.273437 -1176.275581 -1176.279053 -1176.284768 -1176.294367 -1176.310894 -1176.340187 -1176.393701 -1176.494271 -1176.687891 -1177.069038 -1177.841639 -1179.486501 -1183.246299 -1192.516069 -1217.781602 -9999.0 -9999.0
-9999.0 -9999.0 740.275541 649.629644 557.230190 463.501161 369.131693 274.484119 179.743059 85.005357 -9.668846 -104.240260 -198.738344 -293.276676 -388.180791 -483.955680 -581.319793 -680.462392 -775.053827 -867.677566 -957.343632 -1036.012768 -1091.550748 -1127.603921 -1148.988446 -1160.953594 -1167.465804 -1171.002167 -1172.955300 -1174.067687 -1174.729607 -1175.144641 -1175.419518 -1175.610547 -1175.747907 -1175.850466 -1175.939269 -1176.055881 -1176.346899 -1177.946249 -1189.102767 -1278.035157 -2081.140020 -4221.082552 -4232.672938 -4232.673267 -4232.673267 -4232.673267 -4232.673267 -4232.673267 -4232.673267 -4232.673267 -4232.673267 -4232.673267 -4232.673267 -4232.673267 -4232.673267 -4232.673267 -4232.673267 -4232.672646 -4214.043230 -1966.641433 -1248.941463 -1184.812684 -1177.310341 -1176.406744 -1176.283307 -1176.263914 -1176.261935 -1176.263106 -1176.264598 -1176.265855 -1176.266824 -1176.267560 -1176.268121 -1176.268556 -1176.268901 -1176.269179 -1176.269410 -1176.269613 -1176.269811 -1176.270030 -1176.270303 -1176.270680 -1176.271238 -1176.272093 -1176.273437 -1176.275581 -1176.279053 -1176.284768 -1176.294367 -1176.310894 -1176.340187 -1176.393701 -1176.494271 -1176.687891 -1177.069038 -1177.841639 -1179.486501 -1183.246299 -1192.516069 -1217.781602 -9999.0 -9999.0
-9999.0 -9999.0 -9999.0 -9999.0 -9999.0 -9999.0 -9999.0 -9999.0 -9999.0 -9999.0 -9999.0 -9999.0 -9999.0 -9999.0 -9999.0 -9999.0 -9999.0 -9999.0 -9999.0 -9999.0 -9999.0 -9999.0 -9999.0 -9999.0 -9999.0 -9999.0 -9999.0 -9999.0 -9999.0 -9999.0 -9999.0 -9999.0 -9999.0 -9999.0 -9999.0 -9999.0 -9999.0 -9999.0 -9999.0 -9999.0 -9999.0 -9999.0 -9999.0 -9999.0 -9999.0 -9999.0 -9999.0 -9999.0 -9999.0 -9999.0 -9999.0 -9999.0 -9999.0 -9999.0 -9999.0 -9999.0 -9999.0 -9999.0 -9999.0 -9999.0 -9999.0 -9999.0 -9999.0 -9999.0 -9999.0 -9999.0 -9999.0 -9999.0 -9999.0 -9999.0 -9999.0 -9999.0 -9999.0 -9999.0 -9999.0 -9999.0 -9999.0 -9999.0 -9999.0 -9999.0 -9999.0 -9999.0 -9999.0 -9999.0 -9999.0 -9999.0 -9999.0 -9999.0 -9999.0 -9999.0 -9999.0 -9999.0 -9999.0 -9999.0 -9999.0 -9999.0 -9999.0 -9999.0 -9999.0 -9999.0 -9999.0 -9999.0 -9999.0 -9999.0
-9999.0 -9999.0 -9999.0 -9999.0 -9999.0 -9999.0 -9999.0 -9999.0 -9999.0 -9999.0 -9999.0 -9999.0 -9999.0 -9999.0 -9999.0 -9999.0 -9999.0 -9999.0 -9999.0 -9999.0 -9999.0 -9999.0 -9999.0 -9999.0 -9999.0 -9999.0 -9999.0 -9999.0 -9999.0 -9999.0 -9999.0 -9999.0 -9999.0 -9999.0 -9999.0 -9999.0 -9999.0 -9999.0 -9999.0 -9999.0 -9999.0 -9999.0 -9999.0 -9999.0 -9999.0 -9999.0 -9999.0 -9999.0 -9999.0 -9999.0 -9999.0 -9999.0 -9999.0 -9999.0 -9999.0 -9999.0 -9999.0 -9999.0 -9999.0 -9999.0 -9999.0 -9999.0 -9999.0 -9999.0 -9999.0 -9999.0 -9999.0 -9999.0 -9999.0 -9999.0 -9999.0 -9999.0 -9999.0 -9999.0 -9999.0 -9999.0 -9999.0 -9999.0 -9999.0 -9999.0 -9999.0 -9999.0 -9999.0 -9999.0 -9999.0 -9999.0 -9999.0 -9999.0 -9999.0 -9999.0 -9999.0 -9999.0 -9999.0 -9999.0 -9999.0 -9999.0 -9999.0 -9999.0 -9999.0 -9999.0 -9999.0 -9999.0 -9999.0 -9999.0