inst/processing_geotop_simulation/geotop_simulation/out/maps3D/PwL0008N0226.asc
ncols         104
nrows         10
xllcorner     -2.000000
yllcorner     0.000000
cellsize      1.000000
NODATA_value  -9999.0
-9999.0 -9999.0 -9999.0 -9999.0 -9999.0 -9999.0 -9999.0 -9999.0 -9999.0 -9999.0 -9999.0 -9999.0 -9999.0 -9999.0 -9999.0 -9999.0 -9999.0 -9999.0 -9999.0 -9999.0 -9999.0 -9999.0 -9999.0 -9999.0 -9999.0 -9999.0 -9999.0 -9999.0 -9999.0 -9999.0 -9999.0 -9999.0 -9999.0 -9999.0 -9999.0 -9999.0 -9999.0 -9999.0 -9999.0 -9999.0 -9999.0 -9999.0 -9999.0 -9999.0 -9999.0 -9999.0 -9999.0 -9999.0 -9999.0 -9999.0 -9999.0 -9999.0 -9999.0 -9999.0 -9999.0 -9999.0 -9999.0 -9999.0 -9999.0 -9999.0 -9999.0 -9999.0 -9999.0 -9999.0 -9999.0 -9999.0 -9999.0 -9999.0 -9999.0 -9999.0 -9999.0 -9999.0 -9999.0 -9999.0 -9999.0 -9999.0 -9999.0 -9999.0 -9999.0 -9999.0 -9999.0 -9999.0 -9999.0 -9999.0 -9999.0 -9999.0 -9999.0 -9999.0 -9999.0 -9999.0 -9999.0 -9999.0 -9999.0 -9999.0 -9999.0 -9999.0 -9999.0 -9999.0 -9999.0 -9999.0 -9999.0 -9999.0 -9999.0 -9999.0
-9999.0 -9999.0 -9999.0 -9999.0 -9999.0 -9999.0 -9999.0 -9999.0 -9999.0 -9999.0 -9999.0 -9999.0 -9999.0 -9999.0 -9999.0 -9999.0 -9999.0 -9999.0 -9999.0 -9999.0 -9999.0 -9999.0 -9999.0 -9999.0 -9999.0 -9999.0 -9999.0 -9999.0 -9999.0 -9999.0 -9999.0 -9999.0 -9999.0 -9999.0 -9999.0 -9999.0 -9999.0 -9999.0 -9999.0 -9999.0 -9999.0 -9999.0 -9999.0 -9999.0 -9999.0 -9999.0 -9999.0 -9999.0 -9999.0 -9999.0 -9999.0 -9999.0 -9999.0 -9999.0 -9999.0 -9999.0 -9999.0 -9999.0 -9999.0 -9999.0 -9999.0 -9999.0 -9999.0 -9999.0 -9999.0 -9999.0 -9999.0 -9999.0 -9999.0 -9999.0 -9999.0 -9999.0 -9999.0 -9999.0 -9999.0 -9999.0 -9999.0 -9999.0 -9999.0 -9999.0 -9999.0 -9999.0 -9999.0 -9999.0 -9999.0 -9999.0 -9999.0 -9999.0 -9999.0 -9999.0 -9999.0 -9999.0 -9999.0 -9999.0 -9999.0 -9999.0 -9999.0 -9999.0 -9999.0 -9999.0 -9999.0 -9999.0 -9999.0 -9999.0
-9999.0 -9999.0 377.667111 282.626399 185.765462 88.178615 -9.700483 -107.693216 -205.722103 -303.722728 -401.625207 -499.288219 -596.406177 -692.393663 -788.530947 -884.502259 -980.143435 -1075.607176 -1167.592184 -1256.220404 -1338.084071 -1409.230617 -1467.292052 -1512.162305 -1545.400856 -1569.281726 -1586.075709 -1597.701602 -1605.646777 -1611.014165 -1614.602393 -1616.979418 -1618.542351 -1619.564207 -1620.230012 -1620.665549 -1620.963716 -1621.229655 -1621.773450 -1624.011198 -1632.763601 -1645.084200 -1203.442984 -1287.391413 -1252.419691 -1230.770364 -1220.818837 -1219.464133 -1219.325529 -1219.340668 -1219.377885 -1219.417760 -1219.456050 -1219.491489 -1219.524284 -1219.561595 -1219.673344 -1220.449294 -1225.605941 -1237.313147 -1254.484829 -1152.462257 -1616.865330 -1626.686799 -1622.781985 -1621.769800 -1621.595008 -1621.567812 -1621.564183 -1621.564395 -1621.565143 -1621.565831 -1621.566375 -1621.566792 -1621.567110 -1621.567358 -1621.567554 -1621.567713 -1621.567846 -1621.567965 -1621.568081 -1621.568211 -1621.568374 -1621.568601 -1621.568937 -1621.569452 -1621.570263 -1621.571562 -1621.573676 -1621.577178 -1621.583109 -1621.593425 -1621.611901 -1621.645994 -1621.710660 -1621.836468 -1622.088076 -1622.610890 -1623.759705 -1626.481430 -1633.652532 -1656.275160 -9999.0 -9999.0
-9999.0 -9999.0 377.674677 282.628324 185.765981 88.178769 -9.700433 -107.693200 -205.722098 -303.722726 -401.625206 -499.288219 -596.406177 -692.393663 -788.530947 -884.502259 -980.143435 -1075.607176 -1167.592184 -1256.220405 -1338.084072 -1409.230618 -1467.292053 -1512.162305 -1545.400856 -1569.281726 -1586.075709 -1597.701602 -1605.646777 -1611.014165 -1614.602393 -1616.979418 -1618.542351 -1619.564207 -1620.230012 -1620.665549 -1620.963716 -1621.229655 -1621.773450 -1624.011198 -1632.763601 -1645.084200 -1203.442984 -1287.391413 -1252.419691 -1230.770364 -1220.818837 -1219.464133 -1219.325529 -1219.340668 -1219.377885 -1219.417760 -1219.456050 -1219.491489 -1219.524284 -1219.561595 -1219.673344 -1220.449294 -1225.605941 -1237.313147 -1254.484829 -1152.462257 -1616.865330 -1626.686799 -1622.781985 -1621.769800 -1621.595008 -1621.567812 -1621.564183 -1621.564395 -1621.565143 -1621.565831 -1621.566375 -1621.566792 -1621.567110 -1621.567358 -1621.567554 -1621.567713 -1621.567846 -1621.567965 -1621.568081 -1621.568211 -1621.568374 -1621.568601 -1621.568937 -1621.569452 -1621.570263 -1621.571562 -1621.573676 -1621.577178 -1621.583109 -1621.593425 -1621.611901 -1621.645994 -1621.710660 -1621.836468 -1622.088076 -1622.610890 -1623.759705 -1626.481430 -1633.652532 -1656.275160 -9999.0 -9999.0
-9999.0 -9999.0 377.676231 282.629156 185.766314 88.178891 -9.700390 -107.693184 -205.722092 -303.722724 -401.625205 -499.288218 -596.406176 -692.393663 -788.530947 -884.502259 -980.143435 -1075.607176 -1167.592184 -1256.220405 -1338.084072 -1409.230618 -1467.292053 -1512.162305 -1545.400856 -1569.281726 -1586.075709 -1597.701602 -1605.646777 -1611.014165 -1614.602393 -1616.979418 -1618.542351 -1619.564207 -1620.230012 -1620.665549 -1620.963716 -1621.229655 -1621.773450 -1624.011198 -1632.763601 -1645.084200 -1203.442984 -1287.391413 -1252.419691 -1230.770363 -1220.818837 -1219.464133 -1219.325529 -1219.340668 -1219.377885 -1219.417760 -1219.456050 -1219.491489 -1219.524284 -1219.561595 -1219.673344 -1220.449294 -1225.605941 -1237.313147 -1254.484829 -1152.462257 -1616.865330 -1626.686799 -1622.781985 -1621.769800 -1621.595008 -1621.567812 -1621.564183 -1621.564395 -1621.565143 -1621.565831 -1621.566375 -1621.566792 -1621.567110 -1621.567358 -1621.567554 -1621.567713 -1621.567846 -1621.567965 -1621.568081 -1621.568211 -1621.568374 -1621.568601 -1621.568937 -1621.569452 -1621.570263 -1621.571562 -1621.573676 -1621.577178 -1621.583109 -1621.593425 -1621.611901 -1621.645994 -1621.710660 -1621.836468 -1622.088076 -1622.610890 -1623.759705 -1626.481430 -1633.652532 -1656.275160 -9999.0 -9999.0
-9999.0 -9999.0 377.676230 282.629156 185.766313 88.178891 -9.700390 -107.693184 -205.722092 -303.722724 -401.625205 -499.288218 -596.406176 -692.393663 -788.530947 -884.502259 -980.143435 -1075.607176 -1167.592184 -1256.220405 -1338.084072 -1409.230618 -1467.292053 -1512.162305 -1545.400856 -1569.281726 -1586.075709 -1597.701602 -1605.646777 -1611.014165 -1614.602393 -1616.979418 -1618.542351 -1619.564207 -1620.230012 -1620.665549 -1620.963716 -1621.229655 -1621.773450 -1624.011198 -1632.763601 -1645.084200 -1203.442984 -1287.391413 -1252.419691 -1230.770363 -1220.818837 -1219.464133 -1219.325529 -1219.340668 -1219.377885 -1219.417760 -1219.456050 -1219.491489 -1219.524284 -1219.561595 -1219.673344 -1220.449294 -1225.605941 -1237.313147 -1254.484829 -1152.462257 -1616.865330 -1626.686799 -1622.781985 -1621.769800 -1621.595008 -1621.567812 -1621.564183 -1621.564395 -1621.565143 -1621.565831 -1621.566375 -1621.566792 -1621.567110 -1621.567358 -1621.567554 -1621.567713 -1621.567846 -1621.567965 -1621.568081 -1621.568211 -1621.568374 -1621.568601 -1621.568937 -1621.569452 -1621.570263 -1621.571562 -1621.573676 -1621.577178 -1621.583109 -1621.593425 -1621.611901 -1621.645994 -1621.710660 -1621.836468 -1622.088076 -1622.610890 -1623.759705 -1626.481430 -1633.652532 -1656.275160 -9999.0 -9999.0
-9999.0 -9999.0 377.674677 282.628324 185.765981 88.178769 -9.700433 -107.693200 -205.722098 -303.722726 -401.625206 -499.288219 -596.406177 -692.393663 -788.530947 -884.502259 -980.143435 -1075.607176 -1167.592184 -1256.220405 -1338.084072 -1409.230618 -1467.292053 -1512.162305 -1545.400856 -1569.281726 -1586.075709 -1597.701602 -1605.646777 -1611.014165 -1614.602393 -1616.979418 -1618.542351 -1619.564207 -1620.230012 -1620.665549 -1620.963716 -1621.229655 -1621.773450 -1624.011198 -1632.763601 -1645.084200 -1203.442984 -1287.391413 -1252.419691 -1230.770364 -1220.818837 -1219.464133 -1219.325529 -1219.340668 -1219.377885 -1219.417760 -1219.456050 -1219.491489 -1219.524284 -1219.561595 -1219.673344 -1220.449294 -1225.605941 -1237.313147 -1254.484829 -1152.462257 -1616.865330 -1626.686799 -1622.781985 -1621.769800 -1621.595008 -1621.567812 -1621.564183 -1621.564395 -1621.565143 -1621.565831 -1621.566375 -1621.566792 -1621.567110 -1621.567358 -1621.567554 -1621.567713 -1621.567846 -1621.567965 -1621.568081 -1621.568211 -1621.568374 -1621.568601 -1621.568937 -1621.569452 -1621.570263 -1621.571562 -1621.573676 -1621.577178 -1621.583109 -1621.593425 -1621.611901 -1621.645994 -1621.710660 -1621.836468 -1622.088076 -1622.610890 -1623.759705 -1626.481430 -1633.652532 -1656.275160 -9999.0 -9999.0
-9999.0 -9999.0 377.667111 282.626399 185.765462 88.178615 -9.700483 -107.693216 -205.722103 -303.722728 -401.625207 -499.288219 -596.406177 -692.393663 -788.530947 -884.502259 -980.143435 -1075.607176 -1167.592184 -1256.220404 -1338.084072 -1409.230617 -1467.292052 -1512.162305 -1545.400856 -1569.281726 -1586.075709 -1597.701602 -1605.646777 -1611.014165 -1614.602393 -1616.979418 -1618.542351 -1619.564207 -1620.230012 -1620.665549 -1620.963716 -1621.229655 -1621.773450 -1624.011198 -1632.763601 -1645.084200 -1203.442984 -1287.391413 -1252.419691 -1230.770364 -1220.818837 -1219.464133 -1219.325529 -1219.340668 -1219.377885 -1219.417760 -1219.456050 -1219.491489 -1219.524284 -1219.561595 -1219.673344 -1220.449294 -1225.605941 -1237.313147 -1254.484829 -1152.462257 -1616.865330 -1626.686799 -1622.781985 -1621.769800 -1621.595008 -1621.567812 -1621.564183 -1621.564395 -1621.565143 -1621.565831 -1621.566375 -1621.566792 -1621.567110 -1621.567358 -1621.567554 -1621.567713 -1621.567846 -1621.567965 -1621.568081 -1621.568211 -1621.568374 -1621.568601 -1621.568937 -1621.569452 -1621.570263 -1621.571562 -1621.573676 -1621.577178 -1621.583109 -1621.593425 -1621.611901 -1621.645994 -1621.710660 -1621.836468 -1622.088076 -1622.610890 -1623.759705 -1626.481430 -1633.652532 -1656.275160 -9999.0 -9999.0
-9999.0 -9999.0 -9999.0 -9999.0 -9999.0 -9999.0 -9999.0 -9999.0 -9999.0 -9999.0 -9999.0 -9999.0 -9999.0 -9999.0 -9999.0 -9999.0 -9999.0 -9999.0 -9999.0 -9999.0 -9999.0 -9999.0 -9999.0 -9999.0 -9999.0 -9999.0 -9999.0 -9999.0 -9999.0 -9999.0 -9999.0 -9999.0 -9999.0 -9999.0 -9999.0 -9999.0 -9999.0 -9999.0 -9999.0 -9999.0 -9999.0 -9999.0 -9999.0 -9999.0 -9999.0 -9999.0 -9999.0 -9999.0 -9999.0 -9999.0 -9999.0 -9999.0 -9999.0 -9999.0 -9999.0 -9999.0 -9999.0 -9999.0 -9999.0 -9999.0 -9999.0 -9999.0 -9999.0 -9999.0 -9999.0 -9999.0 -9999.0 -9999.0 -9999.0 -9999.0 -9999.0 -9999.0 -9999.0 -9999.0 -9999.0 -9999.0 -9999.0 -9999.0 -9999.0 -9999.0 -9999.0 -9999.0 -9999.0 -9999.0 -9999.0 -9999.0 -9999.0 -9999.0 -9999.0 -9999.0 -9999.0 -9999.0 -9999.0 -9999.0 -9999.0 -9999.0 -9999.0 -9999.0 -9999.0 -9999.0 -9999.0 -9999.0 -9999.0 -9999.0
-9999.0 -9999.0 -9999.0 -9999.0 -9999.0 -9999.0 -9999.0 -9999.0 -9999.0 -9999.0 -9999.0 -9999.0 -9999.0 -9999.0 -9999.0 -9999.0 -9999.0 -9999.0 -9999.0 -9999.0 -9999.0 -9999.0 -9999.0 -9999.0 -9999.0 -9999.0 -9999.0 -9999.0 -9999.0 -9999.0 -9999.0 -9999.0 -9999.0 -9999.0 -9999.0 -9999.0 -9999.0 -9999.0 -9999.0 -9999.0 -9999.0 -9999.0 -9999.0 -9999.0 -9999.0 -9999.0 -9999.0 -9999.0 -9999.0 -9999.0 -9999.0 -9999.0 -9999.0 -9999.0 -9999.0 -9999.0 -9999.0 -9999.0 -9999.0 -9999.0 -9999.0 -9999.0 -9999.0 -9999.0 -9999.0 -9999.0 -9999.0 -9999.0 -9999.0 -9999.0 -9999.0 -9999.0 -9999.0 -9999.0 -9999.0 -9999.0 -9999.0 -9999.0 -9999.0 -9999.0 -9999.0 -9999.0 -9999.0 -9999.0 -9999.0 -9999.0 -9999.0 -9999.0 -9999.0 -9999.0 -9999.0 -9999.0 -9999.0 -9999.0 -9999.0 -9999.0 -9999.0 -9999.0 -9999.0 -9999.0 -9999.0 -9999.0 -9999.0 -9999.0