inst/processing_geotop_simulation/geotop_simulation/out/maps3D/PwL0021N0242.asc
ncols         104
nrows         10
xllcorner     -2.000000
yllcorner     0.000000
cellsize      1.000000
NODATA_value  -9999.0
-9999.0 -9999.0 -9999.0 -9999.0 -9999.0 -9999.0 -9999.0 -9999.0 -9999.0 -9999.0 -9999.0 -9999.0 -9999.0 -9999.0 -9999.0 -9999.0 -9999.0 -9999.0 -9999.0 -9999.0 -9999.0 -9999.0 -9999.0 -9999.0 -9999.0 -9999.0 -9999.0 -9999.0 -9999.0 -9999.0 -9999.0 -9999.0 -9999.0 -9999.0 -9999.0 -9999.0 -9999.0 -9999.0 -9999.0 -9999.0 -9999.0 -9999.0 -9999.0 -9999.0 -9999.0 -9999.0 -9999.0 -9999.0 -9999.0 -9999.0 -9999.0 -9999.0 -9999.0 -9999.0 -9999.0 -9999.0 -9999.0 -9999.0 -9999.0 -9999.0 -9999.0 -9999.0 -9999.0 -9999.0 -9999.0 -9999.0 -9999.0 -9999.0 -9999.0 -9999.0 -9999.0 -9999.0 -9999.0 -9999.0 -9999.0 -9999.0 -9999.0 -9999.0 -9999.0 -9999.0 -9999.0 -9999.0 -9999.0 -9999.0 -9999.0 -9999.0 -9999.0 -9999.0 -9999.0 -9999.0 -9999.0 -9999.0 -9999.0 -9999.0 -9999.0 -9999.0 -9999.0 -9999.0 -9999.0 -9999.0 -9999.0 -9999.0 -9999.0 -9999.0
-9999.0 -9999.0 -9999.0 -9999.0 -9999.0 -9999.0 -9999.0 -9999.0 -9999.0 -9999.0 -9999.0 -9999.0 -9999.0 -9999.0 -9999.0 -9999.0 -9999.0 -9999.0 -9999.0 -9999.0 -9999.0 -9999.0 -9999.0 -9999.0 -9999.0 -9999.0 -9999.0 -9999.0 -9999.0 -9999.0 -9999.0 -9999.0 -9999.0 -9999.0 -9999.0 -9999.0 -9999.0 -9999.0 -9999.0 -9999.0 -9999.0 -9999.0 -9999.0 -9999.0 -9999.0 -9999.0 -9999.0 -9999.0 -9999.0 -9999.0 -9999.0 -9999.0 -9999.0 -9999.0 -9999.0 -9999.0 -9999.0 -9999.0 -9999.0 -9999.0 -9999.0 -9999.0 -9999.0 -9999.0 -9999.0 -9999.0 -9999.0 -9999.0 -9999.0 -9999.0 -9999.0 -9999.0 -9999.0 -9999.0 -9999.0 -9999.0 -9999.0 -9999.0 -9999.0 -9999.0 -9999.0 -9999.0 -9999.0 -9999.0 -9999.0 -9999.0 -9999.0 -9999.0 -9999.0 -9999.0 -9999.0 -9999.0 -9999.0 -9999.0 -9999.0 -9999.0 -9999.0 -9999.0 -9999.0 -9999.0 -9999.0 -9999.0 -9999.0 -9999.0
-9999.0 -9999.0 1023.339138 925.674106 827.902512 729.858983 631.658319 533.386173 435.091557 336.801692 238.531899 140.290974 42.084383 -56.076723 -154.187398 -252.212056 -350.068158 -447.595632 -544.514507 -640.343069 -735.456091 -830.467047 -924.373410 -1016.911238 -1101.660696 -1172.272711 -1231.765925 -1279.844777 -1317.208121 -1345.253076 -1365.694324 -1380.242173 -1390.403729 -1397.401294 -1402.170579 -1405.401485 -1407.600083 -1409.191712 -1410.839108 -1414.693349 -1428.949338 -1488.686886 -1706.625448 -3245.805681 -3933.026139 -3932.591281 -3859.321629 -3521.451148 -3125.531239 -2827.823637 -2614.916574 -2442.042060 -2339.374595 -2273.662051 -2212.845516 -2149.334375 -2081.031127 -2009.194352 -1936.658483 -1865.209528 -1784.577463 -1434.801865 -1447.276920 -1420.996331 -1413.941175 -1412.468955 -1412.211525 -1412.170712 -1412.164944 -1412.164741 -1412.165351 -1412.165970 -1412.166475 -1412.166872 -1412.167184 -1412.167433 -1412.167637 -1412.167807 -1412.167955 -1412.168090 -1412.168224 -1412.168370 -1412.168547 -1412.168783 -1412.169118 -1412.169617 -1412.170388 -1412.171607 -1412.173579 -1412.176840 -1412.182377 -1412.192053 -1412.209494 -1412.241929 -1412.304115 -1412.427238 -1412.680961 -1413.232579 -1414.511825 -1417.681853 -1426.137778 -1451.574095 -9999.0 -9999.0
-9999.0 -9999.0 1023.342000 925.675242 827.902894 729.859109 631.658362 533.386188 435.091562 336.801695 238.531900 140.290974 42.084383 -56.076723 -154.187399 -252.212056 -350.068158 -447.595632 -544.514507 -640.343070 -735.456091 -830.467047 -924.373410 -1016.911239 -1101.660696 -1172.272711 -1231.765925 -1279.844777 -1317.208121 -1345.253076 -1365.694324 -1380.242173 -1390.403729 -1397.401294 -1402.170579 -1405.401485 -1407.600083 -1409.191712 -1410.839108 -1414.693349 -1428.949338 -1488.686886 -1706.625448 -3245.805679 -3933.026139 -3932.591281 -3859.321629 -3521.451147 -3125.531238 -2827.823635 -2614.916572 -2442.042059 -2339.374595 -2273.662051 -2212.845516 -2149.334374 -2081.031126 -2009.194352 -1936.658482 -1865.209528 -1784.577463 -1434.801865 -1447.276920 -1420.996331 -1413.941175 -1412.468955 -1412.211525 -1412.170712 -1412.164944 -1412.164741 -1412.165351 -1412.165970 -1412.166475 -1412.166872 -1412.167184 -1412.167433 -1412.167637 -1412.167807 -1412.167955 -1412.168090 -1412.168224 -1412.168370 -1412.168547 -1412.168783 -1412.169118 -1412.169617 -1412.170388 -1412.171607 -1412.173579 -1412.176840 -1412.182377 -1412.192053 -1412.209494 -1412.241929 -1412.304115 -1412.427238 -1412.680961 -1413.232579 -1414.511825 -1417.681853 -1426.137778 -1451.574095 -9999.0 -9999.0
-9999.0 -9999.0 1023.343157 925.675870 827.903161 729.859213 631.658401 533.386202 435.091567 336.801696 238.531900 140.290975 42.084383 -56.076723 -154.187399 -252.212056 -350.068158 -447.595632 -544.514507 -640.343070 -735.456091 -830.467048 -924.373411 -1016.911239 -1101.660696 -1172.272711 -1231.765925 -1279.844777 -1317.208121 -1345.253076 -1365.694324 -1380.242173 -1390.403729 -1397.401294 -1402.170579 -1405.401485 -1407.600083 -1409.191712 -1410.839108 -1414.693349 -1428.949338 -1488.686886 -1706.625448 -3245.805679 -3933.026139 -3932.591281 -3859.321629 -3521.451146 -3125.531238 -2827.823633 -2614.916570 -2442.042059 -2339.374595 -2273.662051 -2212.845516 -2149.334374 -2081.031126 -2009.194352 -1936.658482 -1865.209528 -1784.577463 -1434.801865 -1447.276920 -1420.996331 -1413.941175 -1412.468955 -1412.211525 -1412.170712 -1412.164944 -1412.164741 -1412.165351 -1412.165970 -1412.166475 -1412.166872 -1412.167184 -1412.167433 -1412.167637 -1412.167807 -1412.167955 -1412.168090 -1412.168224 -1412.168370 -1412.168547 -1412.168783 -1412.169118 -1412.169617 -1412.170388 -1412.171607 -1412.173579 -1412.176840 -1412.182377 -1412.192053 -1412.209494 -1412.241929 -1412.304115 -1412.427238 -1412.680961 -1413.232579 -1414.511825 -1417.681853 -1426.137778 -1451.574095 -9999.0 -9999.0
-9999.0 -9999.0 1023.343157 925.675870 827.903162 729.859213 631.658401 533.386202 435.091567 336.801696 238.531900 140.290975 42.084383 -56.076723 -154.187399 -252.212056 -350.068158 -447.595632 -544.514508 -640.343070 -735.456091 -830.467048 -924.373411 -1016.911239 -1101.660696 -1172.272711 -1231.765925 -1279.844777 -1317.208121 -1345.253076 -1365.694324 -1380.242173 -1390.403729 -1397.401294 -1402.170579 -1405.401485 -1407.600083 -1409.191712 -1410.839108 -1414.693349 -1428.949338 -1488.686886 -1706.625448 -3245.805679 -3933.026139 -3932.591281 -3859.321629 -3521.451146 -3125.531238 -2827.823634 -2614.916570 -2442.042059 -2339.374595 -2273.662051 -2212.845516 -2149.334374 -2081.031126 -2009.194352 -1936.658482 -1865.209528 -1784.577463 -1434.801865 -1447.276920 -1420.996331 -1413.941175 -1412.468955 -1412.211525 -1412.170712 -1412.164944 -1412.164741 -1412.165351 -1412.165970 -1412.166475 -1412.166872 -1412.167184 -1412.167433 -1412.167637 -1412.167807 -1412.167955 -1412.168090 -1412.168224 -1412.168370 -1412.168547 -1412.168783 -1412.169118 -1412.169617 -1412.170388 -1412.171607 -1412.173579 -1412.176840 -1412.182377 -1412.192053 -1412.209494 -1412.241929 -1412.304115 -1412.427238 -1412.680961 -1413.232579 -1414.511825 -1417.681853 -1426.137778 -1451.574095 -9999.0 -9999.0
-9999.0 -9999.0 1023.342000 925.675242 827.902894 729.859110 631.658362 533.386188 435.091562 336.801695 238.531900 140.290974 42.084383 -56.076723 -154.187399 -252.212056 -350.068158 -447.595632 -544.514507 -640.343070 -735.456091 -830.467047 -924.373410 -1016.911239 -1101.660696 -1172.272711 -1231.765925 -1279.844777 -1317.208121 -1345.253076 -1365.694324 -1380.242173 -1390.403729 -1397.401294 -1402.170579 -1405.401485 -1407.600083 -1409.191712 -1410.839108 -1414.693349 -1428.949338 -1488.686886 -1706.625448 -3245.805679 -3933.026139 -3932.591281 -3859.321629 -3521.451147 -3125.531238 -2827.823634 -2614.916571 -2442.042059 -2339.374595 -2273.662051 -2212.845516 -2149.334374 -2081.031126 -2009.194352 -1936.658482 -1865.209528 -1784.577463 -1434.801865 -1447.276920 -1420.996331 -1413.941175 -1412.468955 -1412.211525 -1412.170712 -1412.164944 -1412.164741 -1412.165351 -1412.165970 -1412.166475 -1412.166872 -1412.167184 -1412.167433 -1412.167637 -1412.167807 -1412.167955 -1412.168090 -1412.168224 -1412.168370 -1412.168547 -1412.168783 -1412.169118 -1412.169617 -1412.170388 -1412.171607 -1412.173579 -1412.176840 -1412.182377 -1412.192053 -1412.209494 -1412.241929 -1412.304115 -1412.427238 -1412.680961 -1413.232579 -1414.511825 -1417.681853 -1426.137778 -1451.574095 -9999.0 -9999.0
-9999.0 -9999.0 1023.339138 925.674106 827.902512 729.858982 631.658319 533.386173 435.091557 336.801692 238.531899 140.290974 42.084383 -56.076723 -154.187398 -252.212056 -350.068158 -447.595632 -544.514507 -640.343069 -735.456091 -830.467047 -924.373410 -1016.911238 -1101.660696 -1172.272711 -1231.765925 -1279.844777 -1317.208121 -1345.253076 -1365.694324 -1380.242173 -1390.403729 -1397.401294 -1402.170579 -1405.401485 -1407.600083 -1409.191712 -1410.839108 -1414.693349 -1428.949338 -1488.686886 -1706.625448 -3245.805681 -3933.026139 -3932.591281 -3859.321629 -3521.451148 -3125.531239 -2827.823637 -2614.916574 -2442.042060 -2339.374595 -2273.662051 -2212.845516 -2149.334375 -2081.031126 -2009.194352 -1936.658483 -1865.209529 -1784.577464 -1434.801865 -1447.276920 -1420.996331 -1413.941175 -1412.468955 -1412.211525 -1412.170712 -1412.164944 -1412.164741 -1412.165351 -1412.165970 -1412.166475 -1412.166872 -1412.167184 -1412.167433 -1412.167637 -1412.167807 -1412.167955 -1412.168090 -1412.168224 -1412.168370 -1412.168547 -1412.168783 -1412.169118 -1412.169617 -1412.170388 -1412.171607 -1412.173579 -1412.176840 -1412.182377 -1412.192053 -1412.209494 -1412.241929 -1412.304115 -1412.427238 -1412.680961 -1413.232579 -1414.511825 -1417.681853 -1426.137778 -1451.574095 -9999.0 -9999.0
-9999.0 -9999.0 -9999.0 -9999.0 -9999.0 -9999.0 -9999.0 -9999.0 -9999.0 -9999.0 -9999.0 -9999.0 -9999.0 -9999.0 -9999.0 -9999.0 -9999.0 -9999.0 -9999.0 -9999.0 -9999.0 -9999.0 -9999.0 -9999.0 -9999.0 -9999.0 -9999.0 -9999.0 -9999.0 -9999.0 -9999.0 -9999.0 -9999.0 -9999.0 -9999.0 -9999.0 -9999.0 -9999.0 -9999.0 -9999.0 -9999.0 -9999.0 -9999.0 -9999.0 -9999.0 -9999.0 -9999.0 -9999.0 -9999.0 -9999.0 -9999.0 -9999.0 -9999.0 -9999.0 -9999.0 -9999.0 -9999.0 -9999.0 -9999.0 -9999.0 -9999.0 -9999.0 -9999.0 -9999.0 -9999.0 -9999.0 -9999.0 -9999.0 -9999.0 -9999.0 -9999.0 -9999.0 -9999.0 -9999.0 -9999.0 -9999.0 -9999.0 -9999.0 -9999.0 -9999.0 -9999.0 -9999.0 -9999.0 -9999.0 -9999.0 -9999.0 -9999.0 -9999.0 -9999.0 -9999.0 -9999.0 -9999.0 -9999.0 -9999.0 -9999.0 -9999.0 -9999.0 -9999.0 -9999.0 -9999.0 -9999.0 -9999.0 -9999.0 -9999.0
-9999.0 -9999.0 -9999.0 -9999.0 -9999.0 -9999.0 -9999.0 -9999.0 -9999.0 -9999.0 -9999.0 -9999.0 -9999.0 -9999.0 -9999.0 -9999.0 -9999.0 -9999.0 -9999.0 -9999.0 -9999.0 -9999.0 -9999.0 -9999.0 -9999.0 -9999.0 -9999.0 -9999.0 -9999.0 -9999.0 -9999.0 -9999.0 -9999.0 -9999.0 -9999.0 -9999.0 -9999.0 -9999.0 -9999.0 -9999.0 -9999.0 -9999.0 -9999.0 -9999.0 -9999.0 -9999.0 -9999.0 -9999.0 -9999.0 -9999.0 -9999.0 -9999.0 -9999.0 -9999.0 -9999.0 -9999.0 -9999.0 -9999.0 -9999.0 -9999.0 -9999.0 -9999.0 -9999.0 -9999.0 -9999.0 -9999.0 -9999.0 -9999.0 -9999.0 -9999.0 -9999.0 -9999.0 -9999.0 -9999.0 -9999.0 -9999.0 -9999.0 -9999.0 -9999.0 -9999.0 -9999.0 -9999.0 -9999.0 -9999.0 -9999.0 -9999.0 -9999.0 -9999.0 -9999.0 -9999.0 -9999.0 -9999.0 -9999.0 -9999.0 -9999.0 -9999.0 -9999.0 -9999.0 -9999.0 -9999.0 -9999.0 -9999.0 -9999.0 -9999.0