inst/processing_geotop_simulation/geotop_simulation/out/maps3D/PwL0014N0280.asc
ncols         104
nrows         10
xllcorner     -2.000000
yllcorner     0.000000
cellsize      1.000000
NODATA_value  -9999.0
-9999.0 -9999.0 -9999.0 -9999.0 -9999.0 -9999.0 -9999.0 -9999.0 -9999.0 -9999.0 -9999.0 -9999.0 -9999.0 -9999.0 -9999.0 -9999.0 -9999.0 -9999.0 -9999.0 -9999.0 -9999.0 -9999.0 -9999.0 -9999.0 -9999.0 -9999.0 -9999.0 -9999.0 -9999.0 -9999.0 -9999.0 -9999.0 -9999.0 -9999.0 -9999.0 -9999.0 -9999.0 -9999.0 -9999.0 -9999.0 -9999.0 -9999.0 -9999.0 -9999.0 -9999.0 -9999.0 -9999.0 -9999.0 -9999.0 -9999.0 -9999.0 -9999.0 -9999.0 -9999.0 -9999.0 -9999.0 -9999.0 -9999.0 -9999.0 -9999.0 -9999.0 -9999.0 -9999.0 -9999.0 -9999.0 -9999.0 -9999.0 -9999.0 -9999.0 -9999.0 -9999.0 -9999.0 -9999.0 -9999.0 -9999.0 -9999.0 -9999.0 -9999.0 -9999.0 -9999.0 -9999.0 -9999.0 -9999.0 -9999.0 -9999.0 -9999.0 -9999.0 -9999.0 -9999.0 -9999.0 -9999.0 -9999.0 -9999.0 -9999.0 -9999.0 -9999.0 -9999.0 -9999.0 -9999.0 -9999.0 -9999.0 -9999.0 -9999.0 -9999.0
-9999.0 -9999.0 -9999.0 -9999.0 -9999.0 -9999.0 -9999.0 -9999.0 -9999.0 -9999.0 -9999.0 -9999.0 -9999.0 -9999.0 -9999.0 -9999.0 -9999.0 -9999.0 -9999.0 -9999.0 -9999.0 -9999.0 -9999.0 -9999.0 -9999.0 -9999.0 -9999.0 -9999.0 -9999.0 -9999.0 -9999.0 -9999.0 -9999.0 -9999.0 -9999.0 -9999.0 -9999.0 -9999.0 -9999.0 -9999.0 -9999.0 -9999.0 -9999.0 -9999.0 -9999.0 -9999.0 -9999.0 -9999.0 -9999.0 -9999.0 -9999.0 -9999.0 -9999.0 -9999.0 -9999.0 -9999.0 -9999.0 -9999.0 -9999.0 -9999.0 -9999.0 -9999.0 -9999.0 -9999.0 -9999.0 -9999.0 -9999.0 -9999.0 -9999.0 -9999.0 -9999.0 -9999.0 -9999.0 -9999.0 -9999.0 -9999.0 -9999.0 -9999.0 -9999.0 -9999.0 -9999.0 -9999.0 -9999.0 -9999.0 -9999.0 -9999.0 -9999.0 -9999.0 -9999.0 -9999.0 -9999.0 -9999.0 -9999.0 -9999.0 -9999.0 -9999.0 -9999.0 -9999.0 -9999.0 -9999.0 -9999.0 -9999.0 -9999.0 -9999.0
-9999.0 -9999.0 673.698028 576.140265 478.052932 379.610233 281.001863 182.322486 83.619370 -15.079806 -113.758226 -212.406812 -310.992094 -409.444813 -507.639618 -605.396939 -702.401309 -799.726609 -896.683408 -993.182130 -1089.036434 -1178.508069 -1261.148506 -1334.382490 -1396.479001 -1446.920505 -1486.327371 -1516.090749 -1537.941748 -1553.613652 -1564.643490 -1572.290479 -1577.530357 -1581.089011 -1583.490681 -1585.108011 -1586.213153 -1587.060051 -1588.155137 -1591.250794 -1601.895246 -1634.883721 -1939.473788 -4222.621283 -4267.384520 -4245.943572 -4227.285251 -4224.300138 -4223.991666 -4224.024194 -4224.104968 -4224.191326 -4224.274092 -4224.350569 -4224.421179 -4224.500848 -4224.737318 -4226.397854 -4237.035524 -4254.317778 -4168.565401 -1745.324099 -1597.900929 -1594.135187 -1589.945245 -1588.752580 -1588.520180 -1588.481568 -1588.475955 -1588.475696 -1588.476230 -1588.476782 -1588.477230 -1588.477579 -1588.477850 -1588.478064 -1588.478237 -1588.478379 -1588.478501 -1588.478612 -1588.478721 -1588.478842 -1588.478993 -1588.479197 -1588.479492 -1588.479941 -1588.480639 -1588.481753 -1588.483562 -1588.486565 -1588.491671 -1588.500603 -1588.516710 -1588.546649 -1588.603951 -1588.716931 -1588.947841 -1589.443350 -1590.576094 -1593.370277 -1600.985067 -1625.117984 -9999.0 -9999.0
-9999.0 -9999.0 673.702621 576.141750 478.053375 379.610371 281.001908 182.322502 83.619375 -15.079804 -113.758225 -212.406811 -310.992094 -409.444813 -507.639618 -605.396939 -702.401309 -799.726609 -896.683408 -993.182131 -1089.036434 -1178.508069 -1261.148506 -1334.382490 -1396.479001 -1446.920505 -1486.327371 -1516.090749 -1537.941748 -1553.613652 -1564.643490 -1572.290480 -1577.530358 -1581.089011 -1583.490681 -1585.108011 -1586.213153 -1587.060051 -1588.155137 -1591.250794 -1601.895246 -1634.883721 -1939.473787 -4222.621283 -4267.384520 -4245.943571 -4227.285251 -4224.300138 -4223.991666 -4224.024194 -4224.104968 -4224.191326 -4224.274092 -4224.350569 -4224.421179 -4224.500848 -4224.737318 -4226.397854 -4237.035524 -4254.317778 -4168.565401 -1745.324099 -1597.900929 -1594.135187 -1589.945245 -1588.752580 -1588.520180 -1588.481568 -1588.475955 -1588.475696 -1588.476230 -1588.476782 -1588.477230 -1588.477579 -1588.477850 -1588.478064 -1588.478237 -1588.478379 -1588.478501 -1588.478612 -1588.478721 -1588.478842 -1588.478993 -1588.479197 -1588.479492 -1588.479941 -1588.480639 -1588.481753 -1588.483562 -1588.486565 -1588.491671 -1588.500603 -1588.516710 -1588.546649 -1588.603951 -1588.716931 -1588.947841 -1589.443350 -1590.576094 -1593.370277 -1600.985067 -1625.117984 -9999.0 -9999.0
-9999.0 -9999.0 673.703997 576.142471 478.053670 379.610481 281.001948 182.322516 83.619381 -15.079802 -113.758224 -212.406811 -310.992094 -409.444813 -507.639618 -605.396939 -702.401309 -799.726609 -896.683408 -993.182131 -1089.036434 -1178.508069 -1261.148506 -1334.382490 -1396.479001 -1446.920505 -1486.327371 -1516.090749 -1537.941748 -1553.613652 -1564.643490 -1572.290480 -1577.530358 -1581.089011 -1583.490681 -1585.108011 -1586.213153 -1587.060051 -1588.155137 -1591.250794 -1601.895246 -1634.883721 -1939.473787 -4222.621283 -4267.384520 -4245.943571 -4227.285251 -4224.300138 -4223.991666 -4224.024194 -4224.104968 -4224.191326 -4224.274092 -4224.350569 -4224.421179 -4224.500848 -4224.737318 -4226.397854 -4237.035524 -4254.317778 -4168.565401 -1745.324099 -1597.900929 -1594.135187 -1589.945245 -1588.752580 -1588.520180 -1588.481568 -1588.475955 -1588.475696 -1588.476230 -1588.476782 -1588.477230 -1588.477579 -1588.477850 -1588.478064 -1588.478237 -1588.478379 -1588.478501 -1588.478612 -1588.478721 -1588.478842 -1588.478993 -1588.479197 -1588.479492 -1588.479941 -1588.480639 -1588.481753 -1588.483562 -1588.486565 -1588.491671 -1588.500603 -1588.516710 -1588.546649 -1588.603951 -1588.716931 -1588.947841 -1589.443350 -1590.576094 -1593.370277 -1600.985067 -1625.117984 -9999.0 -9999.0
-9999.0 -9999.0 673.703997 576.142471 478.053670 379.610481 281.001948 182.322516 83.619381 -15.079802 -113.758224 -212.406811 -310.992094 -409.444813 -507.639618 -605.396939 -702.401309 -799.726609 -896.683408 -993.182131 -1089.036434 -1178.508069 -1261.148506 -1334.382490 -1396.479001 -1446.920505 -1486.327371 -1516.090749 -1537.941748 -1553.613652 -1564.643490 -1572.290480 -1577.530358 -1581.089011 -1583.490681 -1585.108011 -1586.213153 -1587.060051 -1588.155137 -1591.250794 -1601.895246 -1634.883721 -1939.473787 -4222.621283 -4267.384520 -4245.943571 -4227.285251 -4224.300138 -4223.991666 -4224.024194 -4224.104968 -4224.191326 -4224.274092 -4224.350569 -4224.421179 -4224.500848 -4224.737318 -4226.397854 -4237.035524 -4254.317778 -4168.565401 -1745.324099 -1597.900929 -1594.135187 -1589.945245 -1588.752580 -1588.520180 -1588.481568 -1588.475955 -1588.475696 -1588.476230 -1588.476782 -1588.477230 -1588.477579 -1588.477850 -1588.478064 -1588.478237 -1588.478379 -1588.478501 -1588.478612 -1588.478721 -1588.478842 -1588.478993 -1588.479197 -1588.479492 -1588.479941 -1588.480639 -1588.481753 -1588.483562 -1588.486565 -1588.491671 -1588.500603 -1588.516710 -1588.546649 -1588.603951 -1588.716931 -1588.947841 -1589.443350 -1590.576094 -1593.370277 -1600.985067 -1625.117984 -9999.0 -9999.0
-9999.0 -9999.0 673.702621 576.141750 478.053375 379.610371 281.001908 182.322502 83.619375 -15.079804 -113.758225 -212.406811 -310.992094 -409.444813 -507.639618 -605.396939 -702.401309 -799.726609 -896.683408 -993.182131 -1089.036434 -1178.508069 -1261.148506 -1334.382490 -1396.479001 -1446.920505 -1486.327371 -1516.090749 -1537.941748 -1553.613652 -1564.643490 -1572.290480 -1577.530358 -1581.089011 -1583.490681 -1585.108011 -1586.213153 -1587.060051 -1588.155137 -1591.250794 -1601.895246 -1634.883721 -1939.473787 -4222.621283 -4267.384520 -4245.943571 -4227.285251 -4224.300138 -4223.991666 -4224.024194 -4224.104968 -4224.191326 -4224.274092 -4224.350569 -4224.421179 -4224.500848 -4224.737318 -4226.397854 -4237.035524 -4254.317778 -4168.565401 -1745.324099 -1597.900929 -1594.135187 -1589.945245 -1588.752580 -1588.520180 -1588.481568 -1588.475955 -1588.475696 -1588.476230 -1588.476782 -1588.477230 -1588.477579 -1588.477850 -1588.478064 -1588.478237 -1588.478379 -1588.478501 -1588.478612 -1588.478721 -1588.478842 -1588.478993 -1588.479197 -1588.479492 -1588.479941 -1588.480639 -1588.481753 -1588.483562 -1588.486565 -1588.491671 -1588.500603 -1588.516710 -1588.546649 -1588.603951 -1588.716931 -1588.947841 -1589.443350 -1590.576094 -1593.370277 -1600.985067 -1625.117984 -9999.0 -9999.0
-9999.0 -9999.0 673.698028 576.140265 478.052932 379.610233 281.001863 182.322486 83.619370 -15.079806 -113.758226 -212.406812 -310.992094 -409.444813 -507.639618 -605.396939 -702.401309 -799.726609 -896.683408 -993.182130 -1089.036434 -1178.508069 -1261.148506 -1334.382490 -1396.479001 -1446.920505 -1486.327371 -1516.090749 -1537.941748 -1553.613652 -1564.643490 -1572.290479 -1577.530357 -1581.089011 -1583.490681 -1585.108011 -1586.213153 -1587.060051 -1588.155137 -1591.250794 -1601.895246 -1634.883721 -1939.473788 -4222.621283 -4267.384520 -4245.943572 -4227.285251 -4224.300138 -4223.991666 -4224.024194 -4224.104968 -4224.191326 -4224.274092 -4224.350569 -4224.421179 -4224.500848 -4224.737318 -4226.397854 -4237.035524 -4254.317778 -4168.565401 -1745.324099 -1597.900929 -1594.135187 -1589.945245 -1588.752580 -1588.520180 -1588.481568 -1588.475955 -1588.475696 -1588.476230 -1588.476782 -1588.477230 -1588.477579 -1588.477850 -1588.478064 -1588.478237 -1588.478379 -1588.478501 -1588.478612 -1588.478721 -1588.478842 -1588.478993 -1588.479197 -1588.479492 -1588.479941 -1588.480639 -1588.481753 -1588.483562 -1588.486565 -1588.491671 -1588.500603 -1588.516710 -1588.546649 -1588.603951 -1588.716931 -1588.947841 -1589.443350 -1590.576094 -1593.370277 -1600.985067 -1625.117984 -9999.0 -9999.0
-9999.0 -9999.0 -9999.0 -9999.0 -9999.0 -9999.0 -9999.0 -9999.0 -9999.0 -9999.0 -9999.0 -9999.0 -9999.0 -9999.0 -9999.0 -9999.0 -9999.0 -9999.0 -9999.0 -9999.0 -9999.0 -9999.0 -9999.0 -9999.0 -9999.0 -9999.0 -9999.0 -9999.0 -9999.0 -9999.0 -9999.0 -9999.0 -9999.0 -9999.0 -9999.0 -9999.0 -9999.0 -9999.0 -9999.0 -9999.0 -9999.0 -9999.0 -9999.0 -9999.0 -9999.0 -9999.0 -9999.0 -9999.0 -9999.0 -9999.0 -9999.0 -9999.0 -9999.0 -9999.0 -9999.0 -9999.0 -9999.0 -9999.0 -9999.0 -9999.0 -9999.0 -9999.0 -9999.0 -9999.0 -9999.0 -9999.0 -9999.0 -9999.0 -9999.0 -9999.0 -9999.0 -9999.0 -9999.0 -9999.0 -9999.0 -9999.0 -9999.0 -9999.0 -9999.0 -9999.0 -9999.0 -9999.0 -9999.0 -9999.0 -9999.0 -9999.0 -9999.0 -9999.0 -9999.0 -9999.0 -9999.0 -9999.0 -9999.0 -9999.0 -9999.0 -9999.0 -9999.0 -9999.0 -9999.0 -9999.0 -9999.0 -9999.0 -9999.0 -9999.0
-9999.0 -9999.0 -9999.0 -9999.0 -9999.0 -9999.0 -9999.0 -9999.0 -9999.0 -9999.0 -9999.0 -9999.0 -9999.0 -9999.0 -9999.0 -9999.0 -9999.0 -9999.0 -9999.0 -9999.0 -9999.0 -9999.0 -9999.0 -9999.0 -9999.0 -9999.0 -9999.0 -9999.0 -9999.0 -9999.0 -9999.0 -9999.0 -9999.0 -9999.0 -9999.0 -9999.0 -9999.0 -9999.0 -9999.0 -9999.0 -9999.0 -9999.0 -9999.0 -9999.0 -9999.0 -9999.0 -9999.0 -9999.0 -9999.0 -9999.0 -9999.0 -9999.0 -9999.0 -9999.0 -9999.0 -9999.0 -9999.0 -9999.0 -9999.0 -9999.0 -9999.0 -9999.0 -9999.0 -9999.0 -9999.0 -9999.0 -9999.0 -9999.0 -9999.0 -9999.0 -9999.0 -9999.0 -9999.0 -9999.0 -9999.0 -9999.0 -9999.0 -9999.0 -9999.0 -9999.0 -9999.0 -9999.0 -9999.0 -9999.0 -9999.0 -9999.0 -9999.0 -9999.0 -9999.0 -9999.0 -9999.0 -9999.0 -9999.0 -9999.0 -9999.0 -9999.0 -9999.0 -9999.0 -9999.0 -9999.0 -9999.0 -9999.0 -9999.0 -9999.0