inst/processing_geotop_simulation/geotop_simulation/out/maps3D/PwL0001N0251.asc
ncols         104
nrows         10
xllcorner     -2.000000
yllcorner     0.000000
cellsize      1.000000
NODATA_value  -9999.0
-9999.0 -9999.0 -9999.0 -9999.0 -9999.0 -9999.0 -9999.0 -9999.0 -9999.0 -9999.0 -9999.0 -9999.0 -9999.0 -9999.0 -9999.0 -9999.0 -9999.0 -9999.0 -9999.0 -9999.0 -9999.0 -9999.0 -9999.0 -9999.0 -9999.0 -9999.0 -9999.0 -9999.0 -9999.0 -9999.0 -9999.0 -9999.0 -9999.0 -9999.0 -9999.0 -9999.0 -9999.0 -9999.0 -9999.0 -9999.0 -9999.0 -9999.0 -9999.0 -9999.0 -9999.0 -9999.0 -9999.0 -9999.0 -9999.0 -9999.0 -9999.0 -9999.0 -9999.0 -9999.0 -9999.0 -9999.0 -9999.0 -9999.0 -9999.0 -9999.0 -9999.0 -9999.0 -9999.0 -9999.0 -9999.0 -9999.0 -9999.0 -9999.0 -9999.0 -9999.0 -9999.0 -9999.0 -9999.0 -9999.0 -9999.0 -9999.0 -9999.0 -9999.0 -9999.0 -9999.0 -9999.0 -9999.0 -9999.0 -9999.0 -9999.0 -9999.0 -9999.0 -9999.0 -9999.0 -9999.0 -9999.0 -9999.0 -9999.0 -9999.0 -9999.0 -9999.0 -9999.0 -9999.0 -9999.0 -9999.0 -9999.0 -9999.0 -9999.0 -9999.0
-9999.0 -9999.0 -9999.0 -9999.0 -9999.0 -9999.0 -9999.0 -9999.0 -9999.0 -9999.0 -9999.0 -9999.0 -9999.0 -9999.0 -9999.0 -9999.0 -9999.0 -9999.0 -9999.0 -9999.0 -9999.0 -9999.0 -9999.0 -9999.0 -9999.0 -9999.0 -9999.0 -9999.0 -9999.0 -9999.0 -9999.0 -9999.0 -9999.0 -9999.0 -9999.0 -9999.0 -9999.0 -9999.0 -9999.0 -9999.0 -9999.0 -9999.0 -9999.0 -9999.0 -9999.0 -9999.0 -9999.0 -9999.0 -9999.0 -9999.0 -9999.0 -9999.0 -9999.0 -9999.0 -9999.0 -9999.0 -9999.0 -9999.0 -9999.0 -9999.0 -9999.0 -9999.0 -9999.0 -9999.0 -9999.0 -9999.0 -9999.0 -9999.0 -9999.0 -9999.0 -9999.0 -9999.0 -9999.0 -9999.0 -9999.0 -9999.0 -9999.0 -9999.0 -9999.0 -9999.0 -9999.0 -9999.0 -9999.0 -9999.0 -9999.0 -9999.0 -9999.0 -9999.0 -9999.0 -9999.0 -9999.0 -9999.0 -9999.0 -9999.0 -9999.0 -9999.0 -9999.0 -9999.0 -9999.0 -9999.0 -9999.0 -9999.0 -9999.0 -9999.0
-9999.0 -9999.0 27.873997 -66.171712 -163.458789 -261.448179 -359.691108 -458.013816 -556.326719 -654.550289 -752.529783 -850.138494 -947.273879 -1043.781938 -1140.154453 -1236.273589 -1331.025850 -1423.795731 -1513.984168 -1600.038381 -1677.911870 -1743.264695 -1794.241236 -1831.812807 -1858.475968 -1876.975828 -1889.650704 -1898.266677 -1904.084172 -1907.983898 -1910.578306 -1912.291762 -1913.416251 -1914.150550 -1914.628653 -1914.941893 -1915.160067 -1915.372440 -1915.869809 -1917.910463 -1924.100930 -1899.176769 -1176.612507 -1173.281973 -1162.912622 -1156.263268 -1153.139668 -1152.669483 -1152.619803 -1152.625801 -1152.640040 -1152.655301 -1152.669964 -1152.683542 -1152.696120 -1152.710516 -1152.753448 -1153.036719 -1154.708242 -1158.441524 -1163.958628 -1159.913736 -1877.507231 -1918.640015 -1916.693075 -1915.798233 -1915.629175 -1915.602150 -1915.598479 -1915.598638 -1915.599337 -1915.599986 -1915.600500 -1915.600893 -1915.601194 -1915.601428 -1915.601612 -1915.601762 -1915.601887 -1915.601999 -1915.602108 -1915.602231 -1915.602385 -1915.602600 -1915.602918 -1915.603407 -1915.604178 -1915.605413 -1915.607424 -1915.610757 -1915.616406 -1915.626234 -1915.643847 -1915.676359 -1915.738033 -1915.857995 -1916.097731 -1916.595171 -1917.686544 -1920.275825 -1927.172686 -1949.432769 -9999.0 -9999.0
-9999.0 -9999.0 27.886756 -66.169590 -163.458261 -261.448025 -359.691059 -458.013799 -556.326713 -654.550287 -752.529782 -850.138493 -947.273878 -1043.781938 -1140.154453 -1236.273589 -1331.025850 -1423.795731 -1513.984168 -1600.038381 -1677.911870 -1743.264695 -1794.241236 -1831.812807 -1858.475968 -1876.975828 -1889.650704 -1898.266677 -1904.084172 -1907.983898 -1910.578306 -1912.291762 -1913.416251 -1914.150550 -1914.628654 -1914.941893 -1915.160067 -1915.372440 -1915.869809 -1917.910463 -1924.100930 -1899.176769 -1176.612507 -1173.281973 -1162.912622 -1156.263268 -1153.139668 -1152.669483 -1152.619803 -1152.625801 -1152.640040 -1152.655301 -1152.669964 -1152.683542 -1152.696120 -1152.710516 -1152.753448 -1153.036719 -1154.708242 -1158.441524 -1163.958628 -1159.913736 -1877.507231 -1918.640015 -1916.693075 -1915.798233 -1915.629175 -1915.602150 -1915.598479 -1915.598638 -1915.599337 -1915.599986 -1915.600500 -1915.600893 -1915.601194 -1915.601428 -1915.601612 -1915.601762 -1915.601887 -1915.601999 -1915.602108 -1915.602231 -1915.602385 -1915.602600 -1915.602918 -1915.603407 -1915.604178 -1915.605413 -1915.607424 -1915.610757 -1915.616406 -1915.626234 -1915.643847 -1915.676359 -1915.738033 -1915.857995 -1916.097731 -1916.595171 -1917.686544 -1920.275825 -1927.172686 -1949.432769 -9999.0 -9999.0
-9999.0 -9999.0 27.887934 -66.168743 -163.457927 -261.447905 -359.691017 -458.013784 -556.326707 -654.550285 -752.529781 -850.138493 -947.273878 -1043.781938 -1140.154453 -1236.273589 -1331.025850 -1423.795731 -1513.984168 -1600.038381 -1677.911871 -1743.264696 -1794.241236 -1831.812807 -1858.475968 -1876.975828 -1889.650704 -1898.266677 -1904.084172 -1907.983898 -1910.578306 -1912.291762 -1913.416251 -1914.150550 -1914.628654 -1914.941893 -1915.160067 -1915.372440 -1915.869809 -1917.910463 -1924.100930 -1899.176769 -1176.612507 -1173.281973 -1162.912622 -1156.263268 -1153.139668 -1152.669483 -1152.619803 -1152.625801 -1152.640040 -1152.655301 -1152.669964 -1152.683542 -1152.696120 -1152.710516 -1152.753448 -1153.036719 -1154.708242 -1158.441524 -1163.958628 -1159.913736 -1877.507231 -1918.640015 -1916.693075 -1915.798233 -1915.629175 -1915.602150 -1915.598479 -1915.598638 -1915.599337 -1915.599986 -1915.600500 -1915.600893 -1915.601194 -1915.601428 -1915.601612 -1915.601762 -1915.601887 -1915.601999 -1915.602108 -1915.602231 -1915.602385 -1915.602600 -1915.602918 -1915.603407 -1915.604178 -1915.605413 -1915.607424 -1915.610757 -1915.616406 -1915.626234 -1915.643847 -1915.676359 -1915.738033 -1915.857995 -1916.097731 -1916.595171 -1917.686544 -1920.275825 -1927.172686 -1949.432769 -9999.0 -9999.0
-9999.0 -9999.0 27.887934 -66.168743 -163.457927 -261.447905 -359.691017 -458.013784 -556.326707 -654.550285 -752.529781 -850.138493 -947.273878 -1043.781938 -1140.154453 -1236.273589 -1331.025850 -1423.795731 -1513.984168 -1600.038381 -1677.911871 -1743.264696 -1794.241236 -1831.812807 -1858.475968 -1876.975828 -1889.650704 -1898.266677 -1904.084172 -1907.983898 -1910.578306 -1912.291762 -1913.416251 -1914.150550 -1914.628654 -1914.941893 -1915.160067 -1915.372440 -1915.869809 -1917.910463 -1924.100930 -1899.176769 -1176.612507 -1173.281973 -1162.912622 -1156.263268 -1153.139668 -1152.669483 -1152.619803 -1152.625801 -1152.640040 -1152.655301 -1152.669964 -1152.683542 -1152.696120 -1152.710516 -1152.753448 -1153.036719 -1154.708242 -1158.441524 -1163.958628 -1159.913736 -1877.507231 -1918.640015 -1916.693075 -1915.798233 -1915.629175 -1915.602150 -1915.598479 -1915.598638 -1915.599337 -1915.599986 -1915.600500 -1915.600893 -1915.601194 -1915.601428 -1915.601612 -1915.601762 -1915.601887 -1915.601999 -1915.602108 -1915.602231 -1915.602385 -1915.602600 -1915.602918 -1915.603407 -1915.604178 -1915.605413 -1915.607424 -1915.610757 -1915.616406 -1915.626234 -1915.643847 -1915.676359 -1915.738033 -1915.857995 -1916.097731 -1916.595171 -1917.686544 -1920.275825 -1927.172686 -1949.432769 -9999.0 -9999.0
-9999.0 -9999.0 27.886756 -66.169590 -163.458261 -261.448025 -359.691059 -458.013799 -556.326713 -654.550287 -752.529782 -850.138493 -947.273878 -1043.781938 -1140.154453 -1236.273589 -1331.025850 -1423.795731 -1513.984168 -1600.038381 -1677.911870 -1743.264695 -1794.241236 -1831.812807 -1858.475968 -1876.975828 -1889.650704 -1898.266677 -1904.084172 -1907.983898 -1910.578306 -1912.291762 -1913.416251 -1914.150550 -1914.628654 -1914.941893 -1915.160067 -1915.372440 -1915.869809 -1917.910463 -1924.100930 -1899.176769 -1176.612507 -1173.281973 -1162.912622 -1156.263268 -1153.139668 -1152.669483 -1152.619803 -1152.625801 -1152.640040 -1152.655301 -1152.669964 -1152.683542 -1152.696120 -1152.710516 -1152.753448 -1153.036719 -1154.708242 -1158.441524 -1163.958628 -1159.913736 -1877.507231 -1918.640015 -1916.693075 -1915.798233 -1915.629175 -1915.602150 -1915.598479 -1915.598638 -1915.599337 -1915.599986 -1915.600500 -1915.600893 -1915.601194 -1915.601428 -1915.601612 -1915.601762 -1915.601887 -1915.601999 -1915.602108 -1915.602231 -1915.602385 -1915.602600 -1915.602918 -1915.603407 -1915.604178 -1915.605413 -1915.607424 -1915.610757 -1915.616406 -1915.626234 -1915.643847 -1915.676359 -1915.738033 -1915.857995 -1916.097731 -1916.595171 -1917.686544 -1920.275825 -1927.172686 -1949.432769 -9999.0 -9999.0
-9999.0 -9999.0 27.873997 -66.171712 -163.458789 -261.448179 -359.691108 -458.013816 -556.326719 -654.550289 -752.529783 -850.138494 -947.273879 -1043.781938 -1140.154453 -1236.273589 -1331.025850 -1423.795731 -1513.984168 -1600.038381 -1677.911870 -1743.264695 -1794.241236 -1831.812807 -1858.475968 -1876.975828 -1889.650704 -1898.266677 -1904.084172 -1907.983898 -1910.578306 -1912.291762 -1913.416251 -1914.150550 -1914.628653 -1914.941893 -1915.160067 -1915.372440 -1915.869809 -1917.910463 -1924.100930 -1899.176769 -1176.612507 -1173.281973 -1162.912622 -1156.263268 -1153.139668 -1152.669483 -1152.619803 -1152.625801 -1152.640040 -1152.655301 -1152.669964 -1152.683542 -1152.696120 -1152.710516 -1152.753448 -1153.036719 -1154.708242 -1158.441524 -1163.958628 -1159.913736 -1877.507231 -1918.640015 -1916.693075 -1915.798233 -1915.629175 -1915.602150 -1915.598479 -1915.598638 -1915.599337 -1915.599986 -1915.600500 -1915.600893 -1915.601194 -1915.601428 -1915.601612 -1915.601762 -1915.601887 -1915.601999 -1915.602108 -1915.602231 -1915.602385 -1915.602600 -1915.602918 -1915.603407 -1915.604178 -1915.605413 -1915.607424 -1915.610757 -1915.616406 -1915.626234 -1915.643847 -1915.676359 -1915.738033 -1915.857995 -1916.097731 -1916.595171 -1917.686544 -1920.275825 -1927.172686 -1949.432769 -9999.0 -9999.0
-9999.0 -9999.0 -9999.0 -9999.0 -9999.0 -9999.0 -9999.0 -9999.0 -9999.0 -9999.0 -9999.0 -9999.0 -9999.0 -9999.0 -9999.0 -9999.0 -9999.0 -9999.0 -9999.0 -9999.0 -9999.0 -9999.0 -9999.0 -9999.0 -9999.0 -9999.0 -9999.0 -9999.0 -9999.0 -9999.0 -9999.0 -9999.0 -9999.0 -9999.0 -9999.0 -9999.0 -9999.0 -9999.0 -9999.0 -9999.0 -9999.0 -9999.0 -9999.0 -9999.0 -9999.0 -9999.0 -9999.0 -9999.0 -9999.0 -9999.0 -9999.0 -9999.0 -9999.0 -9999.0 -9999.0 -9999.0 -9999.0 -9999.0 -9999.0 -9999.0 -9999.0 -9999.0 -9999.0 -9999.0 -9999.0 -9999.0 -9999.0 -9999.0 -9999.0 -9999.0 -9999.0 -9999.0 -9999.0 -9999.0 -9999.0 -9999.0 -9999.0 -9999.0 -9999.0 -9999.0 -9999.0 -9999.0 -9999.0 -9999.0 -9999.0 -9999.0 -9999.0 -9999.0 -9999.0 -9999.0 -9999.0 -9999.0 -9999.0 -9999.0 -9999.0 -9999.0 -9999.0 -9999.0 -9999.0 -9999.0 -9999.0 -9999.0 -9999.0 -9999.0
-9999.0 -9999.0 -9999.0 -9999.0 -9999.0 -9999.0 -9999.0 -9999.0 -9999.0 -9999.0 -9999.0 -9999.0 -9999.0 -9999.0 -9999.0 -9999.0 -9999.0 -9999.0 -9999.0 -9999.0 -9999.0 -9999.0 -9999.0 -9999.0 -9999.0 -9999.0 -9999.0 -9999.0 -9999.0 -9999.0 -9999.0 -9999.0 -9999.0 -9999.0 -9999.0 -9999.0 -9999.0 -9999.0 -9999.0 -9999.0 -9999.0 -9999.0 -9999.0 -9999.0 -9999.0 -9999.0 -9999.0 -9999.0 -9999.0 -9999.0 -9999.0 -9999.0 -9999.0 -9999.0 -9999.0 -9999.0 -9999.0 -9999.0 -9999.0 -9999.0 -9999.0 -9999.0 -9999.0 -9999.0 -9999.0 -9999.0 -9999.0 -9999.0 -9999.0 -9999.0 -9999.0 -9999.0 -9999.0 -9999.0 -9999.0 -9999.0 -9999.0 -9999.0 -9999.0 -9999.0 -9999.0 -9999.0 -9999.0 -9999.0 -9999.0 -9999.0 -9999.0 -9999.0 -9999.0 -9999.0 -9999.0 -9999.0 -9999.0 -9999.0 -9999.0 -9999.0 -9999.0 -9999.0 -9999.0 -9999.0 -9999.0 -9999.0 -9999.0 -9999.0