inst/processing_geotop_simulation/geotop_simulation/out/maps3D/PwL0019N0417.asc
ncols         104
nrows         10
xllcorner     -2.000000
yllcorner     0.000000
cellsize      1.000000
NODATA_value  -9999.0
-9999.0 -9999.0 -9999.0 -9999.0 -9999.0 -9999.0 -9999.0 -9999.0 -9999.0 -9999.0 -9999.0 -9999.0 -9999.0 -9999.0 -9999.0 -9999.0 -9999.0 -9999.0 -9999.0 -9999.0 -9999.0 -9999.0 -9999.0 -9999.0 -9999.0 -9999.0 -9999.0 -9999.0 -9999.0 -9999.0 -9999.0 -9999.0 -9999.0 -9999.0 -9999.0 -9999.0 -9999.0 -9999.0 -9999.0 -9999.0 -9999.0 -9999.0 -9999.0 -9999.0 -9999.0 -9999.0 -9999.0 -9999.0 -9999.0 -9999.0 -9999.0 -9999.0 -9999.0 -9999.0 -9999.0 -9999.0 -9999.0 -9999.0 -9999.0 -9999.0 -9999.0 -9999.0 -9999.0 -9999.0 -9999.0 -9999.0 -9999.0 -9999.0 -9999.0 -9999.0 -9999.0 -9999.0 -9999.0 -9999.0 -9999.0 -9999.0 -9999.0 -9999.0 -9999.0 -9999.0 -9999.0 -9999.0 -9999.0 -9999.0 -9999.0 -9999.0 -9999.0 -9999.0 -9999.0 -9999.0 -9999.0 -9999.0 -9999.0 -9999.0 -9999.0 -9999.0 -9999.0 -9999.0 -9999.0 -9999.0 -9999.0 -9999.0 -9999.0 -9999.0
-9999.0 -9999.0 -9999.0 -9999.0 -9999.0 -9999.0 -9999.0 -9999.0 -9999.0 -9999.0 -9999.0 -9999.0 -9999.0 -9999.0 -9999.0 -9999.0 -9999.0 -9999.0 -9999.0 -9999.0 -9999.0 -9999.0 -9999.0 -9999.0 -9999.0 -9999.0 -9999.0 -9999.0 -9999.0 -9999.0 -9999.0 -9999.0 -9999.0 -9999.0 -9999.0 -9999.0 -9999.0 -9999.0 -9999.0 -9999.0 -9999.0 -9999.0 -9999.0 -9999.0 -9999.0 -9999.0 -9999.0 -9999.0 -9999.0 -9999.0 -9999.0 -9999.0 -9999.0 -9999.0 -9999.0 -9999.0 -9999.0 -9999.0 -9999.0 -9999.0 -9999.0 -9999.0 -9999.0 -9999.0 -9999.0 -9999.0 -9999.0 -9999.0 -9999.0 -9999.0 -9999.0 -9999.0 -9999.0 -9999.0 -9999.0 -9999.0 -9999.0 -9999.0 -9999.0 -9999.0 -9999.0 -9999.0 -9999.0 -9999.0 -9999.0 -9999.0 -9999.0 -9999.0 -9999.0 -9999.0 -9999.0 -9999.0 -9999.0 -9999.0 -9999.0 -9999.0 -9999.0 -9999.0 -9999.0 -9999.0 -9999.0 -9999.0 -9999.0 -9999.0
-9999.0 -9999.0 918.885833 819.841017 720.705395 621.447453 522.123924 422.771396 323.409877 224.050269 124.698656 25.358995 -73.963542 -173.268827 -272.548938 -371.785733 -470.945602 -569.967133 -668.741603 -767.350852 -865.912739 -964.144274 -1061.859332 -1157.042109 -1246.527904 -1329.303471 -1403.433219 -1467.509843 -1520.923521 -1563.920050 -1597.446506 -1622.874907 -1641.719286 -1655.423377 -1665.241319 -1672.198353 -1677.113962 -1680.706168 -1683.900585 -1688.559216 -1698.084478 -1717.253192 -1861.663568 -3916.345053 -4034.597728 -4034.610038 -4033.647946 -4025.521799 -3995.529515 -3924.898781 -3803.118151 -3620.043354 -3466.470267 -3352.103277 -3237.628109 -3112.105258 -2973.740961 -2827.827790 -2682.275808 -2541.356669 -2365.650600 -1609.055211 -1673.021121 -1690.065536 -1689.350875 -1688.377362 -1688.092999 -1688.033336 -1688.022968 -1688.021743 -1688.022039 -1688.022517 -1688.022955 -1688.023333 -1688.023659 -1688.023949 -1688.024212 -1688.024458 -1688.024694 -1688.024928 -1688.025166 -1688.025420 -1688.025702 -1688.026032 -1688.026441 -1688.026976 -1688.027713 -1688.028784 -1688.030414 -1688.033006 -1688.037307 -1688.044747 -1688.058142 -1688.083187 -1688.131788 -1688.229966 -1688.438106 -1688.906007 -1690.031029 -1692.950083 -1701.243491 -1727.545097 -9999.0 -9999.0
-9999.0 -9999.0 918.888699 819.842095 720.705746 621.447568 522.123963 422.771409 323.409882 224.050272 124.698657 25.358995 -73.963542 -173.268826 -272.548938 -371.785733 -470.945602 -569.967133 -668.741604 -767.350852 -865.912739 -964.144275 -1061.859332 -1157.042109 -1246.527904 -1329.303471 -1403.433219 -1467.509843 -1520.923521 -1563.920050 -1597.446506 -1622.874907 -1641.719286 -1655.423377 -1665.241319 -1672.198353 -1677.113962 -1680.706168 -1683.900584 -1688.559215 -1698.084478 -1717.253192 -1861.663567 -3916.345052 -4034.597728 -4034.610038 -4033.647946 -4025.521799 -3995.529515 -3924.898780 -3803.118149 -3620.043353 -3466.470267 -3352.103277 -3237.628108 -3112.105258 -2973.740960 -2827.827790 -2682.275807 -2541.356669 -2365.650600 -1609.055211 -1673.021121 -1690.065536 -1689.350875 -1688.377362 -1688.092999 -1688.033336 -1688.022968 -1688.021743 -1688.022039 -1688.022516 -1688.022955 -1688.023333 -1688.023659 -1688.023949 -1688.024212 -1688.024458 -1688.024694 -1688.024928 -1688.025166 -1688.025420 -1688.025702 -1688.026032 -1688.026441 -1688.026976 -1688.027713 -1688.028784 -1688.030414 -1688.033006 -1688.037307 -1688.044747 -1688.058142 -1688.083187 -1688.131788 -1688.229966 -1688.438106 -1688.906007 -1690.031029 -1692.950083 -1701.243491 -1727.545097 -9999.0 -9999.0
-9999.0 -9999.0 918.889773 819.842670 720.705988 621.447661 522.123997 422.771422 323.409887 224.050274 124.698658 25.358996 -73.963541 -173.268826 -272.548938 -371.785733 -470.945602 -569.967133 -668.741604 -767.350853 -865.912740 -964.144275 -1061.859332 -1157.042109 -1246.527904 -1329.303471 -1403.433220 -1467.509843 -1520.923521 -1563.920050 -1597.446506 -1622.874907 -1641.719286 -1655.423377 -1665.241319 -1672.198353 -1677.113962 -1680.706168 -1683.900584 -1688.559216 -1698.084478 -1717.253192 -1861.663567 -3916.345052 -4034.597728 -4034.610038 -4033.647946 -4025.521799 -3995.529515 -3924.898779 -3803.118147 -3620.043352 -3466.470267 -3352.103277 -3237.628109 -3112.105257 -2973.740960 -2827.827790 -2682.275808 -2541.356669 -2365.650600 -1609.055211 -1673.021121 -1690.065536 -1689.350875 -1688.377362 -1688.092999 -1688.033336 -1688.022968 -1688.021743 -1688.022039 -1688.022516 -1688.022955 -1688.023333 -1688.023659 -1688.023949 -1688.024212 -1688.024458 -1688.024694 -1688.024928 -1688.025166 -1688.025420 -1688.025702 -1688.026032 -1688.026441 -1688.026976 -1688.027713 -1688.028784 -1688.030414 -1688.033006 -1688.037307 -1688.044747 -1688.058142 -1688.083187 -1688.131788 -1688.229966 -1688.438106 -1688.906007 -1690.031029 -1692.950083 -1701.243491 -1727.545097 -9999.0 -9999.0
-9999.0 -9999.0 918.889773 819.842670 720.705988 621.447661 522.123997 422.771422 323.409887 224.050274 124.698658 25.358996 -73.963541 -173.268826 -272.548938 -371.785733 -470.945602 -569.967133 -668.741604 -767.350853 -865.912740 -964.144275 -1061.859332 -1157.042109 -1246.527904 -1329.303471 -1403.433220 -1467.509843 -1520.923521 -1563.920050 -1597.446506 -1622.874907 -1641.719286 -1655.423377 -1665.241319 -1672.198353 -1677.113962 -1680.706168 -1683.900584 -1688.559216 -1698.084478 -1717.253192 -1861.663567 -3916.345052 -4034.597728 -4034.610038 -4033.647946 -4025.521799 -3995.529515 -3924.898780 -3803.118147 -3620.043353 -3466.470267 -3352.103277 -3237.628108 -3112.105258 -2973.740960 -2827.827790 -2682.275807 -2541.356669 -2365.650600 -1609.055211 -1673.021121 -1690.065536 -1689.350875 -1688.377362 -1688.092999 -1688.033336 -1688.022968 -1688.021743 -1688.022039 -1688.022516 -1688.022955 -1688.023333 -1688.023659 -1688.023949 -1688.024212 -1688.024458 -1688.024694 -1688.024928 -1688.025166 -1688.025420 -1688.025702 -1688.026032 -1688.026441 -1688.026976 -1688.027713 -1688.028784 -1688.030414 -1688.033006 -1688.037307 -1688.044747 -1688.058142 -1688.083187 -1688.131788 -1688.229966 -1688.438106 -1688.906007 -1690.031029 -1692.950083 -1701.243491 -1727.545097 -9999.0 -9999.0
-9999.0 -9999.0 918.888699 819.842095 720.705746 621.447568 522.123963 422.771409 323.409882 224.050272 124.698657 25.358995 -73.963542 -173.268826 -272.548938 -371.785733 -470.945602 -569.967133 -668.741604 -767.350852 -865.912739 -964.144275 -1061.859332 -1157.042109 -1246.527904 -1329.303471 -1403.433219 -1467.509843 -1520.923521 -1563.920050 -1597.446506 -1622.874907 -1641.719286 -1655.423377 -1665.241319 -1672.198353 -1677.113962 -1680.706168 -1683.900584 -1688.559215 -1698.084478 -1717.253192 -1861.663567 -3916.345052 -4034.597728 -4034.610038 -4033.647946 -4025.521799 -3995.529515 -3924.898780 -3803.118148 -3620.043353 -3466.470267 -3352.103277 -3237.628109 -3112.105258 -2973.740960 -2827.827790 -2682.275808 -2541.356669 -2365.650600 -1609.055211 -1673.021121 -1690.065536 -1689.350875 -1688.377362 -1688.092999 -1688.033336 -1688.022968 -1688.021743 -1688.022039 -1688.022516 -1688.022955 -1688.023333 -1688.023659 -1688.023949 -1688.024212 -1688.024458 -1688.024694 -1688.024928 -1688.025166 -1688.025420 -1688.025702 -1688.026032 -1688.026441 -1688.026976 -1688.027713 -1688.028784 -1688.030414 -1688.033006 -1688.037307 -1688.044747 -1688.058142 -1688.083187 -1688.131788 -1688.229966 -1688.438106 -1688.906007 -1690.031029 -1692.950083 -1701.243491 -1727.545097 -9999.0 -9999.0
-9999.0 -9999.0 918.885833 819.841017 720.705395 621.447453 522.123924 422.771396 323.409877 224.050269 124.698656 25.358995 -73.963542 -173.268827 -272.548938 -371.785733 -470.945602 -569.967133 -668.741603 -767.350852 -865.912739 -964.144274 -1061.859332 -1157.042109 -1246.527904 -1329.303471 -1403.433219 -1467.509843 -1520.923521 -1563.920050 -1597.446506 -1622.874907 -1641.719286 -1655.423377 -1665.241319 -1672.198353 -1677.113962 -1680.706168 -1683.900585 -1688.559216 -1698.084478 -1717.253192 -1861.663568 -3916.345053 -4034.597728 -4034.610038 -4033.647946 -4025.521799 -3995.529515 -3924.898781 -3803.118151 -3620.043354 -3466.470267 -3352.103278 -3237.628109 -3112.105259 -2973.740961 -2827.827791 -2682.275808 -2541.356669 -2365.650600 -1609.055211 -1673.021121 -1690.065536 -1689.350875 -1688.377362 -1688.092999 -1688.033336 -1688.022968 -1688.021743 -1688.022039 -1688.022517 -1688.022955 -1688.023333 -1688.023659 -1688.023949 -1688.024212 -1688.024458 -1688.024694 -1688.024928 -1688.025166 -1688.025420 -1688.025702 -1688.026032 -1688.026441 -1688.026976 -1688.027713 -1688.028784 -1688.030414 -1688.033006 -1688.037307 -1688.044747 -1688.058142 -1688.083187 -1688.131788 -1688.229966 -1688.438106 -1688.906007 -1690.031029 -1692.950083 -1701.243491 -1727.545097 -9999.0 -9999.0
-9999.0 -9999.0 -9999.0 -9999.0 -9999.0 -9999.0 -9999.0 -9999.0 -9999.0 -9999.0 -9999.0 -9999.0 -9999.0 -9999.0 -9999.0 -9999.0 -9999.0 -9999.0 -9999.0 -9999.0 -9999.0 -9999.0 -9999.0 -9999.0 -9999.0 -9999.0 -9999.0 -9999.0 -9999.0 -9999.0 -9999.0 -9999.0 -9999.0 -9999.0 -9999.0 -9999.0 -9999.0 -9999.0 -9999.0 -9999.0 -9999.0 -9999.0 -9999.0 -9999.0 -9999.0 -9999.0 -9999.0 -9999.0 -9999.0 -9999.0 -9999.0 -9999.0 -9999.0 -9999.0 -9999.0 -9999.0 -9999.0 -9999.0 -9999.0 -9999.0 -9999.0 -9999.0 -9999.0 -9999.0 -9999.0 -9999.0 -9999.0 -9999.0 -9999.0 -9999.0 -9999.0 -9999.0 -9999.0 -9999.0 -9999.0 -9999.0 -9999.0 -9999.0 -9999.0 -9999.0 -9999.0 -9999.0 -9999.0 -9999.0 -9999.0 -9999.0 -9999.0 -9999.0 -9999.0 -9999.0 -9999.0 -9999.0 -9999.0 -9999.0 -9999.0 -9999.0 -9999.0 -9999.0 -9999.0 -9999.0 -9999.0 -9999.0 -9999.0 -9999.0
-9999.0 -9999.0 -9999.0 -9999.0 -9999.0 -9999.0 -9999.0 -9999.0 -9999.0 -9999.0 -9999.0 -9999.0 -9999.0 -9999.0 -9999.0 -9999.0 -9999.0 -9999.0 -9999.0 -9999.0 -9999.0 -9999.0 -9999.0 -9999.0 -9999.0 -9999.0 -9999.0 -9999.0 -9999.0 -9999.0 -9999.0 -9999.0 -9999.0 -9999.0 -9999.0 -9999.0 -9999.0 -9999.0 -9999.0 -9999.0 -9999.0 -9999.0 -9999.0 -9999.0 -9999.0 -9999.0 -9999.0 -9999.0 -9999.0 -9999.0 -9999.0 -9999.0 -9999.0 -9999.0 -9999.0 -9999.0 -9999.0 -9999.0 -9999.0 -9999.0 -9999.0 -9999.0 -9999.0 -9999.0 -9999.0 -9999.0 -9999.0 -9999.0 -9999.0 -9999.0 -9999.0 -9999.0 -9999.0 -9999.0 -9999.0 -9999.0 -9999.0 -9999.0 -9999.0 -9999.0 -9999.0 -9999.0 -9999.0 -9999.0 -9999.0 -9999.0 -9999.0 -9999.0 -9999.0 -9999.0 -9999.0 -9999.0 -9999.0 -9999.0 -9999.0 -9999.0 -9999.0 -9999.0 -9999.0 -9999.0 -9999.0 -9999.0 -9999.0 -9999.0