inst/processing_geotop_simulation/geotop_simulation/out/maps3D/PwL0000N0244.asc
ncols         104
nrows         10
xllcorner     -2.000000
yllcorner     0.000000
cellsize      1.000000
NODATA_value  -9999.0
-9999.0 -9999.0 -9999.0 -9999.0 -9999.0 -9999.0 -9999.0 -9999.0 -9999.0 -9999.0 -9999.0 -9999.0 -9999.0 -9999.0 -9999.0 -9999.0 -9999.0 -9999.0 -9999.0 -9999.0 -9999.0 -9999.0 -9999.0 -9999.0 -9999.0 -9999.0 -9999.0 -9999.0 -9999.0 -9999.0 -9999.0 -9999.0 -9999.0 -9999.0 -9999.0 -9999.0 -9999.0 -9999.0 -9999.0 -9999.0 -9999.0 -9999.0 -9999.0 -9999.0 -9999.0 -9999.0 -9999.0 -9999.0 -9999.0 -9999.0 -9999.0 -9999.0 -9999.0 -9999.0 -9999.0 -9999.0 -9999.0 -9999.0 -9999.0 -9999.0 -9999.0 -9999.0 -9999.0 -9999.0 -9999.0 -9999.0 -9999.0 -9999.0 -9999.0 -9999.0 -9999.0 -9999.0 -9999.0 -9999.0 -9999.0 -9999.0 -9999.0 -9999.0 -9999.0 -9999.0 -9999.0 -9999.0 -9999.0 -9999.0 -9999.0 -9999.0 -9999.0 -9999.0 -9999.0 -9999.0 -9999.0 -9999.0 -9999.0 -9999.0 -9999.0 -9999.0 -9999.0 -9999.0 -9999.0 -9999.0 -9999.0 -9999.0 -9999.0 -9999.0
-9999.0 -9999.0 -9999.0 -9999.0 -9999.0 -9999.0 -9999.0 -9999.0 -9999.0 -9999.0 -9999.0 -9999.0 -9999.0 -9999.0 -9999.0 -9999.0 -9999.0 -9999.0 -9999.0 -9999.0 -9999.0 -9999.0 -9999.0 -9999.0 -9999.0 -9999.0 -9999.0 -9999.0 -9999.0 -9999.0 -9999.0 -9999.0 -9999.0 -9999.0 -9999.0 -9999.0 -9999.0 -9999.0 -9999.0 -9999.0 -9999.0 -9999.0 -9999.0 -9999.0 -9999.0 -9999.0 -9999.0 -9999.0 -9999.0 -9999.0 -9999.0 -9999.0 -9999.0 -9999.0 -9999.0 -9999.0 -9999.0 -9999.0 -9999.0 -9999.0 -9999.0 -9999.0 -9999.0 -9999.0 -9999.0 -9999.0 -9999.0 -9999.0 -9999.0 -9999.0 -9999.0 -9999.0 -9999.0 -9999.0 -9999.0 -9999.0 -9999.0 -9999.0 -9999.0 -9999.0 -9999.0 -9999.0 -9999.0 -9999.0 -9999.0 -9999.0 -9999.0 -9999.0 -9999.0 -9999.0 -9999.0 -9999.0 -9999.0 -9999.0 -9999.0 -9999.0 -9999.0 -9999.0 -9999.0 -9999.0 -9999.0 -9999.0 -9999.0 -9999.0
-9999.0 -9999.0 0.030948 -90.423081 -187.559871 -285.437703 -383.582846 -481.811609 -580.028866 -678.149900 -776.008092 -873.467299 -970.419155 -1066.701317 -1162.846420 -1258.725338 -1353.162044 -1445.562568 -1535.394152 -1620.980161 -1697.939486 -1761.904156 -1811.283132 -1847.334375 -1872.717899 -1890.222595 -1902.162377 -1910.253504 -1915.704756 -1919.352979 -1921.776708 -1923.375388 -1924.423239 -1925.106630 -1925.551012 -1925.841881 -1926.044901 -1926.245053 -1926.724035 -1928.734117 -1935.081860 -1912.257383 -1194.747680 -1191.406601 -1181.009828 -1174.352674 -1171.225784 -1170.756412 -1170.706920 -1170.713011 -1170.727345 -1170.742701 -1170.757456 -1170.771117 -1170.783768 -1170.798210 -1170.841046 -1171.123682 -1172.796492 -1176.535485 -1182.087139 -1178.043600 -1890.713570 -1929.686312 -1927.544927 -1926.650908 -1926.485271 -1926.458962 -1926.455421 -1926.455620 -1926.456343 -1926.457010 -1926.457536 -1926.457939 -1926.458247 -1926.458486 -1926.458675 -1926.458828 -1926.458956 -1926.459070 -1926.459182 -1926.459307 -1926.459464 -1926.459683 -1926.460008 -1926.460507 -1926.461293 -1926.462553 -1926.464604 -1926.468001 -1926.473755 -1926.483763 -1926.501685 -1926.534746 -1926.597425 -1926.719237 -1926.962336 -1927.465639 -1928.566493 -1931.168158 -1938.065241 -1960.247524 -9999.0 -9999.0
-9999.0 -9999.0 0.102469 -90.420946 -187.559338 -285.437548 -383.582797 -481.811592 -580.028860 -678.149898 -776.008091 -873.467298 -970.419155 -1066.701317 -1162.846420 -1258.725338 -1353.162044 -1445.562568 -1535.394152 -1620.980162 -1697.939487 -1761.904156 -1811.283132 -1847.334376 -1872.717899 -1890.222595 -1902.162377 -1910.253504 -1915.704756 -1919.352979 -1921.776708 -1923.375388 -1924.423239 -1925.106630 -1925.551012 -1925.841881 -1926.044901 -1926.245053 -1926.724035 -1928.734117 -1935.081860 -1912.257383 -1194.747680 -1191.406601 -1181.009828 -1174.352674 -1171.225784 -1170.756412 -1170.706920 -1170.713011 -1170.727345 -1170.742701 -1170.757456 -1170.771117 -1170.783768 -1170.798210 -1170.841046 -1171.123682 -1172.796492 -1176.535485 -1182.087139 -1178.043600 -1890.713570 -1929.686312 -1927.544927 -1926.650908 -1926.485271 -1926.458962 -1926.455421 -1926.455620 -1926.456343 -1926.457010 -1926.457536 -1926.457939 -1926.458247 -1926.458486 -1926.458675 -1926.458828 -1926.458956 -1926.459070 -1926.459182 -1926.459307 -1926.459464 -1926.459683 -1926.460008 -1926.460507 -1926.461293 -1926.462553 -1926.464604 -1926.468001 -1926.473755 -1926.483763 -1926.501685 -1926.534746 -1926.597425 -1926.719237 -1926.962336 -1927.465639 -1928.566493 -1931.168158 -1938.065241 -1960.247524 -9999.0 -9999.0
-9999.0 -9999.0 0.102476 -90.420093 -187.559002 -285.437427 -383.582754 -481.811577 -580.028854 -678.149896 -776.008090 -873.467298 -970.419155 -1066.701317 -1162.846420 -1258.725338 -1353.162045 -1445.562568 -1535.394152 -1620.980162 -1697.939487 -1761.904156 -1811.283133 -1847.334376 -1872.717899 -1890.222595 -1902.162377 -1910.253504 -1915.704756 -1919.352979 -1921.776708 -1923.375388 -1924.423239 -1925.106630 -1925.551012 -1925.841881 -1926.044901 -1926.245053 -1926.724035 -1928.734117 -1935.081860 -1912.257383 -1194.747680 -1191.406601 -1181.009828 -1174.352674 -1171.225784 -1170.756412 -1170.706920 -1170.713011 -1170.727345 -1170.742701 -1170.757456 -1170.771117 -1170.783768 -1170.798210 -1170.841046 -1171.123682 -1172.796492 -1176.535485 -1182.087139 -1178.043600 -1890.713570 -1929.686312 -1927.544927 -1926.650908 -1926.485271 -1926.458962 -1926.455421 -1926.455620 -1926.456343 -1926.457010 -1926.457536 -1926.457939 -1926.458247 -1926.458486 -1926.458675 -1926.458828 -1926.458956 -1926.459070 -1926.459182 -1926.459307 -1926.459464 -1926.459683 -1926.460008 -1926.460507 -1926.461293 -1926.462553 -1926.464604 -1926.468001 -1926.473755 -1926.483763 -1926.501685 -1926.534746 -1926.597425 -1926.719237 -1926.962336 -1927.465639 -1928.566493 -1931.168158 -1938.065241 -1960.247524 -9999.0 -9999.0
-9999.0 -9999.0 0.102476 -90.420093 -187.559002 -285.437427 -383.582754 -481.811577 -580.028854 -678.149896 -776.008090 -873.467298 -970.419155 -1066.701317 -1162.846420 -1258.725338 -1353.162045 -1445.562568 -1535.394152 -1620.980162 -1697.939487 -1761.904156 -1811.283133 -1847.334376 -1872.717899 -1890.222595 -1902.162377 -1910.253504 -1915.704756 -1919.352979 -1921.776708 -1923.375388 -1924.423239 -1925.106630 -1925.551012 -1925.841881 -1926.044901 -1926.245053 -1926.724035 -1928.734117 -1935.081860 -1912.257383 -1194.747680 -1191.406601 -1181.009828 -1174.352674 -1171.225784 -1170.756412 -1170.706920 -1170.713011 -1170.727345 -1170.742701 -1170.757456 -1170.771117 -1170.783768 -1170.798210 -1170.841046 -1171.123682 -1172.796492 -1176.535485 -1182.087139 -1178.043600 -1890.713570 -1929.686312 -1927.544927 -1926.650908 -1926.485271 -1926.458962 -1926.455421 -1926.455620 -1926.456343 -1926.457010 -1926.457536 -1926.457939 -1926.458247 -1926.458486 -1926.458675 -1926.458828 -1926.458956 -1926.459070 -1926.459182 -1926.459307 -1926.459464 -1926.459683 -1926.460008 -1926.460507 -1926.461293 -1926.462553 -1926.464604 -1926.468001 -1926.473755 -1926.483763 -1926.501685 -1926.534746 -1926.597425 -1926.719237 -1926.962336 -1927.465639 -1928.566493 -1931.168158 -1938.065241 -1960.247524 -9999.0 -9999.0
-9999.0 -9999.0 0.102469 -90.420945 -187.559338 -285.437548 -383.582797 -481.811592 -580.028860 -678.149898 -776.008091 -873.467298 -970.419155 -1066.701317 -1162.846420 -1258.725338 -1353.162044 -1445.562568 -1535.394152 -1620.980162 -1697.939487 -1761.904156 -1811.283132 -1847.334376 -1872.717899 -1890.222595 -1902.162377 -1910.253504 -1915.704756 -1919.352979 -1921.776708 -1923.375388 -1924.423239 -1925.106630 -1925.551012 -1925.841881 -1926.044901 -1926.245053 -1926.724035 -1928.734117 -1935.081860 -1912.257383 -1194.747680 -1191.406601 -1181.009828 -1174.352674 -1171.225784 -1170.756412 -1170.706920 -1170.713011 -1170.727345 -1170.742701 -1170.757456 -1170.771117 -1170.783768 -1170.798210 -1170.841046 -1171.123682 -1172.796492 -1176.535485 -1182.087139 -1178.043600 -1890.713570 -1929.686312 -1927.544927 -1926.650908 -1926.485271 -1926.458962 -1926.455421 -1926.455620 -1926.456343 -1926.457010 -1926.457536 -1926.457939 -1926.458247 -1926.458486 -1926.458675 -1926.458828 -1926.458956 -1926.459070 -1926.459182 -1926.459307 -1926.459464 -1926.459683 -1926.460008 -1926.460507 -1926.461293 -1926.462553 -1926.464604 -1926.468001 -1926.473755 -1926.483763 -1926.501685 -1926.534746 -1926.597425 -1926.719237 -1926.962336 -1927.465639 -1928.566493 -1931.168158 -1938.065241 -1960.247524 -9999.0 -9999.0
-9999.0 -9999.0 0.030948 -90.423082 -187.559871 -285.437703 -383.582846 -481.811609 -580.028866 -678.149900 -776.008092 -873.467298 -970.419155 -1066.701317 -1162.846420 -1258.725338 -1353.162044 -1445.562568 -1535.394152 -1620.980161 -1697.939487 -1761.904156 -1811.283132 -1847.334375 -1872.717899 -1890.222595 -1902.162377 -1910.253504 -1915.704756 -1919.352979 -1921.776708 -1923.375388 -1924.423239 -1925.106630 -1925.551012 -1925.841881 -1926.044901 -1926.245053 -1926.724035 -1928.734117 -1935.081860 -1912.257383 -1194.747680 -1191.406601 -1181.009828 -1174.352674 -1171.225784 -1170.756412 -1170.706920 -1170.713011 -1170.727345 -1170.742701 -1170.757456 -1170.771117 -1170.783768 -1170.798210 -1170.841046 -1171.123682 -1172.796492 -1176.535485 -1182.087139 -1178.043600 -1890.713570 -1929.686312 -1927.544927 -1926.650908 -1926.485271 -1926.458962 -1926.455421 -1926.455620 -1926.456343 -1926.457010 -1926.457536 -1926.457939 -1926.458247 -1926.458486 -1926.458675 -1926.458828 -1926.458956 -1926.459070 -1926.459182 -1926.459307 -1926.459464 -1926.459683 -1926.460008 -1926.460507 -1926.461293 -1926.462553 -1926.464604 -1926.468001 -1926.473755 -1926.483763 -1926.501685 -1926.534746 -1926.597425 -1926.719237 -1926.962336 -1927.465639 -1928.566493 -1931.168158 -1938.065241 -1960.247524 -9999.0 -9999.0
-9999.0 -9999.0 -9999.0 -9999.0 -9999.0 -9999.0 -9999.0 -9999.0 -9999.0 -9999.0 -9999.0 -9999.0 -9999.0 -9999.0 -9999.0 -9999.0 -9999.0 -9999.0 -9999.0 -9999.0 -9999.0 -9999.0 -9999.0 -9999.0 -9999.0 -9999.0 -9999.0 -9999.0 -9999.0 -9999.0 -9999.0 -9999.0 -9999.0 -9999.0 -9999.0 -9999.0 -9999.0 -9999.0 -9999.0 -9999.0 -9999.0 -9999.0 -9999.0 -9999.0 -9999.0 -9999.0 -9999.0 -9999.0 -9999.0 -9999.0 -9999.0 -9999.0 -9999.0 -9999.0 -9999.0 -9999.0 -9999.0 -9999.0 -9999.0 -9999.0 -9999.0 -9999.0 -9999.0 -9999.0 -9999.0 -9999.0 -9999.0 -9999.0 -9999.0 -9999.0 -9999.0 -9999.0 -9999.0 -9999.0 -9999.0 -9999.0 -9999.0 -9999.0 -9999.0 -9999.0 -9999.0 -9999.0 -9999.0 -9999.0 -9999.0 -9999.0 -9999.0 -9999.0 -9999.0 -9999.0 -9999.0 -9999.0 -9999.0 -9999.0 -9999.0 -9999.0 -9999.0 -9999.0 -9999.0 -9999.0 -9999.0 -9999.0 -9999.0 -9999.0
-9999.0 -9999.0 -9999.0 -9999.0 -9999.0 -9999.0 -9999.0 -9999.0 -9999.0 -9999.0 -9999.0 -9999.0 -9999.0 -9999.0 -9999.0 -9999.0 -9999.0 -9999.0 -9999.0 -9999.0 -9999.0 -9999.0 -9999.0 -9999.0 -9999.0 -9999.0 -9999.0 -9999.0 -9999.0 -9999.0 -9999.0 -9999.0 -9999.0 -9999.0 -9999.0 -9999.0 -9999.0 -9999.0 -9999.0 -9999.0 -9999.0 -9999.0 -9999.0 -9999.0 -9999.0 -9999.0 -9999.0 -9999.0 -9999.0 -9999.0 -9999.0 -9999.0 -9999.0 -9999.0 -9999.0 -9999.0 -9999.0 -9999.0 -9999.0 -9999.0 -9999.0 -9999.0 -9999.0 -9999.0 -9999.0 -9999.0 -9999.0 -9999.0 -9999.0 -9999.0 -9999.0 -9999.0 -9999.0 -9999.0 -9999.0 -9999.0 -9999.0 -9999.0 -9999.0 -9999.0 -9999.0 -9999.0 -9999.0 -9999.0 -9999.0 -9999.0 -9999.0 -9999.0 -9999.0 -9999.0 -9999.0 -9999.0 -9999.0 -9999.0 -9999.0 -9999.0 -9999.0 -9999.0 -9999.0 -9999.0 -9999.0 -9999.0 -9999.0 -9999.0