inst/processing_geotop_simulation/geotop_simulation/out/maps3D/PwL0020N0043.asc
ncols         104
nrows         10
xllcorner     -2.000000
yllcorner     0.000000
cellsize      1.000000
NODATA_value  -9999.0
-9999.0 -9999.0 -9999.0 -9999.0 -9999.0 -9999.0 -9999.0 -9999.0 -9999.0 -9999.0 -9999.0 -9999.0 -9999.0 -9999.0 -9999.0 -9999.0 -9999.0 -9999.0 -9999.0 -9999.0 -9999.0 -9999.0 -9999.0 -9999.0 -9999.0 -9999.0 -9999.0 -9999.0 -9999.0 -9999.0 -9999.0 -9999.0 -9999.0 -9999.0 -9999.0 -9999.0 -9999.0 -9999.0 -9999.0 -9999.0 -9999.0 -9999.0 -9999.0 -9999.0 -9999.0 -9999.0 -9999.0 -9999.0 -9999.0 -9999.0 -9999.0 -9999.0 -9999.0 -9999.0 -9999.0 -9999.0 -9999.0 -9999.0 -9999.0 -9999.0 -9999.0 -9999.0 -9999.0 -9999.0 -9999.0 -9999.0 -9999.0 -9999.0 -9999.0 -9999.0 -9999.0 -9999.0 -9999.0 -9999.0 -9999.0 -9999.0 -9999.0 -9999.0 -9999.0 -9999.0 -9999.0 -9999.0 -9999.0 -9999.0 -9999.0 -9999.0 -9999.0 -9999.0 -9999.0 -9999.0 -9999.0 -9999.0 -9999.0 -9999.0 -9999.0 -9999.0 -9999.0 -9999.0 -9999.0 -9999.0 -9999.0 -9999.0 -9999.0 -9999.0
-9999.0 -9999.0 -9999.0 -9999.0 -9999.0 -9999.0 -9999.0 -9999.0 -9999.0 -9999.0 -9999.0 -9999.0 -9999.0 -9999.0 -9999.0 -9999.0 -9999.0 -9999.0 -9999.0 -9999.0 -9999.0 -9999.0 -9999.0 -9999.0 -9999.0 -9999.0 -9999.0 -9999.0 -9999.0 -9999.0 -9999.0 -9999.0 -9999.0 -9999.0 -9999.0 -9999.0 -9999.0 -9999.0 -9999.0 -9999.0 -9999.0 -9999.0 -9999.0 -9999.0 -9999.0 -9999.0 -9999.0 -9999.0 -9999.0 -9999.0 -9999.0 -9999.0 -9999.0 -9999.0 -9999.0 -9999.0 -9999.0 -9999.0 -9999.0 -9999.0 -9999.0 -9999.0 -9999.0 -9999.0 -9999.0 -9999.0 -9999.0 -9999.0 -9999.0 -9999.0 -9999.0 -9999.0 -9999.0 -9999.0 -9999.0 -9999.0 -9999.0 -9999.0 -9999.0 -9999.0 -9999.0 -9999.0 -9999.0 -9999.0 -9999.0 -9999.0 -9999.0 -9999.0 -9999.0 -9999.0 -9999.0 -9999.0 -9999.0 -9999.0 -9999.0 -9999.0 -9999.0 -9999.0 -9999.0 -9999.0 -9999.0 -9999.0 -9999.0 -9999.0
-9999.0 -9999.0 -527.762261 -590.518685 -628.342892 -650.343888 -662.834426 -669.749391 -673.500773 -674.911281 -671.462324 -664.468807 -653.865451 -636.453543 -611.359917 -587.049776 -566.491970 -549.952448 -537.253635 -527.846009 -522.125592 -510.554148 -496.413423 -480.763013 -488.169409 -504.296158 -526.592984 -551.639021 -576.959386 -600.571263 -621.017603 -637.532400 -650.065507 -659.085297 -665.297035 -669.423112 -672.105737 -673.964255 -675.428109 -675.792537 -677.851776 -717.052301 -2428.556880 -3984.631144 -3985.148510 -3985.148515 -3985.148515 -3985.148514 -3985.148510 -3985.148479 -3985.148330 -3985.147624 -3985.145941 -3985.143089 -3985.137014 -3985.121640 -3985.076548 -3984.928972 -3984.397054 -3982.262047 -3972.047521 -2293.582897 -701.512129 -680.947495 -677.907011 -677.088163 -676.895038 -676.857388 -676.853795 -676.857125 -676.861254 -676.864808 -676.867615 -676.869797 -676.871510 -676.872875 -676.873983 -676.874894 -676.875662 -676.876344 -676.877007 -676.877733 -676.878633 -676.879865 -676.881669 -676.884420 -676.888720 -676.895551 -676.906555 -676.924544 -676.954507 -677.005617 -677.095377 -677.258248 -677.563515 -678.151838 -679.309681 -681.629090 -686.426114 -697.270405 -726.977257 -813.173872 -9999.0 -9999.0
-9999.0 -9999.0 -527.762228 -590.518630 -628.342843 -650.343863 -662.834419 -669.749391 -673.500775 -674.911282 -671.462325 -664.468807 -653.865451 -636.453543 -611.359917 -587.049776 -566.491970 -549.952448 -537.253635 -527.846009 -522.125592 -510.554148 -496.413423 -480.763013 -488.169409 -504.296158 -526.592984 -551.639021 -576.959386 -600.571263 -621.017603 -637.532400 -650.065507 -659.085297 -665.297035 -669.423112 -672.105737 -673.964255 -675.428109 -675.792537 -677.851776 -717.052301 -2428.556880 -3984.631144 -3985.148510 -3985.148515 -3985.148515 -3985.148514 -3985.148510 -3985.148479 -3985.148330 -3985.147624 -3985.145941 -3985.143089 -3985.137014 -3985.121640 -3985.076548 -3984.928972 -3984.397054 -3982.262047 -3972.047521 -2293.582897 -701.512129 -680.947495 -677.907011 -677.088163 -676.895038 -676.857388 -676.853795 -676.857125 -676.861254 -676.864808 -676.867615 -676.869797 -676.871510 -676.872875 -676.873983 -676.874894 -676.875662 -676.876344 -676.877007 -676.877733 -676.878633 -676.879865 -676.881669 -676.884420 -676.888720 -676.895551 -676.906555 -676.924544 -676.954507 -677.005617 -677.095377 -677.258248 -677.563515 -678.151838 -679.309681 -681.629090 -686.426114 -697.270405 -726.977257 -813.173872 -9999.0 -9999.0
-9999.0 -9999.0 -527.762212 -590.518598 -628.342810 -650.343845 -662.834414 -669.749391 -673.500776 -674.911284 -671.462325 -664.468807 -653.865451 -636.453543 -611.359917 -587.049776 -566.491970 -549.952448 -537.253635 -527.846009 -522.125592 -510.554148 -496.413423 -480.763013 -488.169409 -504.296158 -526.592984 -551.639021 -576.959386 -600.571263 -621.017603 -637.532400 -650.065507 -659.085297 -665.297035 -669.423112 -672.105737 -673.964255 -675.428109 -675.792537 -677.851776 -717.052301 -2428.556880 -3984.631144 -3985.148510 -3985.148515 -3985.148515 -3985.148514 -3985.148510 -3985.148479 -3985.148330 -3985.147624 -3985.145941 -3985.143089 -3985.137014 -3985.121640 -3985.076548 -3984.928972 -3984.397054 -3982.262047 -3972.047521 -2293.582897 -701.512129 -680.947495 -677.907011 -677.088163 -676.895038 -676.857388 -676.853795 -676.857125 -676.861254 -676.864808 -676.867615 -676.869797 -676.871510 -676.872875 -676.873983 -676.874894 -676.875662 -676.876344 -676.877007 -676.877733 -676.878633 -676.879865 -676.881669 -676.884420 -676.888720 -676.895551 -676.906555 -676.924544 -676.954507 -677.005617 -677.095377 -677.258248 -677.563515 -678.151838 -679.309681 -681.629090 -686.426114 -697.270405 -726.977257 -813.173872 -9999.0 -9999.0
-9999.0 -9999.0 -527.762212 -590.518598 -628.342810 -650.343845 -662.834414 -669.749391 -673.500776 -674.911284 -671.462325 -664.468807 -653.865451 -636.453543 -611.359917 -587.049776 -566.491970 -549.952448 -537.253635 -527.846009 -522.125592 -510.554148 -496.413423 -480.763013 -488.169409 -504.296158 -526.592984 -551.639021 -576.959386 -600.571263 -621.017603 -637.532400 -650.065507 -659.085297 -665.297035 -669.423112 -672.105737 -673.964255 -675.428109 -675.792537 -677.851776 -717.052301 -2428.556880 -3984.631144 -3985.148510 -3985.148515 -3985.148515 -3985.148514 -3985.148510 -3985.148479 -3985.148330 -3985.147624 -3985.145941 -3985.143089 -3985.137014 -3985.121640 -3985.076548 -3984.928972 -3984.397054 -3982.262047 -3972.047521 -2293.582897 -701.512129 -680.947495 -677.907011 -677.088163 -676.895038 -676.857388 -676.853795 -676.857125 -676.861254 -676.864808 -676.867615 -676.869797 -676.871510 -676.872875 -676.873983 -676.874894 -676.875662 -676.876344 -676.877007 -676.877733 -676.878633 -676.879865 -676.881669 -676.884420 -676.888720 -676.895551 -676.906555 -676.924544 -676.954507 -677.005617 -677.095377 -677.258248 -677.563515 -678.151838 -679.309681 -681.629090 -686.426114 -697.270405 -726.977257 -813.173872 -9999.0 -9999.0
-9999.0 -9999.0 -527.762228 -590.518630 -628.342843 -650.343863 -662.834419 -669.749391 -673.500775 -674.911282 -671.462325 -664.468807 -653.865451 -636.453543 -611.359917 -587.049776 -566.491970 -549.952448 -537.253635 -527.846009 -522.125592 -510.554148 -496.413423 -480.763013 -488.169409 -504.296158 -526.592984 -551.639021 -576.959386 -600.571263 -621.017603 -637.532400 -650.065507 -659.085297 -665.297035 -669.423112 -672.105737 -673.964255 -675.428109 -675.792537 -677.851776 -717.052301 -2428.556880 -3984.631144 -3985.148510 -3985.148515 -3985.148515 -3985.148514 -3985.148510 -3985.148479 -3985.148330 -3985.147624 -3985.145941 -3985.143089 -3985.137014 -3985.121640 -3985.076548 -3984.928972 -3984.397054 -3982.262047 -3972.047521 -2293.582897 -701.512129 -680.947495 -677.907011 -677.088163 -676.895038 -676.857388 -676.853795 -676.857125 -676.861254 -676.864808 -676.867615 -676.869797 -676.871510 -676.872875 -676.873983 -676.874894 -676.875662 -676.876344 -676.877007 -676.877733 -676.878633 -676.879865 -676.881669 -676.884420 -676.888720 -676.895551 -676.906555 -676.924544 -676.954507 -677.005617 -677.095377 -677.258248 -677.563515 -678.151838 -679.309681 -681.629090 -686.426114 -697.270405 -726.977257 -813.173872 -9999.0 -9999.0
-9999.0 -9999.0 -527.762261 -590.518685 -628.342892 -650.343888 -662.834426 -669.749391 -673.500773 -674.911281 -671.462324 -664.468807 -653.865451 -636.453543 -611.359917 -587.049776 -566.491970 -549.952448 -537.253635 -527.846009 -522.125592 -510.554148 -496.413423 -480.763013 -488.169409 -504.296158 -526.592984 -551.639021 -576.959386 -600.571263 -621.017603 -637.532400 -650.065507 -659.085297 -665.297035 -669.423112 -672.105737 -673.964255 -675.428109 -675.792537 -677.851776 -717.052301 -2428.556880 -3984.631144 -3985.148510 -3985.148515 -3985.148515 -3985.148514 -3985.148510 -3985.148479 -3985.148330 -3985.147624 -3985.145941 -3985.143089 -3985.137014 -3985.121640 -3985.076548 -3984.928972 -3984.397054 -3982.262047 -3972.047521 -2293.582897 -701.512129 -680.947495 -677.907011 -677.088163 -676.895038 -676.857388 -676.853795 -676.857125 -676.861254 -676.864808 -676.867615 -676.869797 -676.871510 -676.872875 -676.873983 -676.874894 -676.875662 -676.876344 -676.877007 -676.877733 -676.878633 -676.879865 -676.881669 -676.884420 -676.888720 -676.895551 -676.906555 -676.924544 -676.954507 -677.005617 -677.095377 -677.258248 -677.563515 -678.151838 -679.309681 -681.629090 -686.426114 -697.270405 -726.977257 -813.173872 -9999.0 -9999.0
-9999.0 -9999.0 -9999.0 -9999.0 -9999.0 -9999.0 -9999.0 -9999.0 -9999.0 -9999.0 -9999.0 -9999.0 -9999.0 -9999.0 -9999.0 -9999.0 -9999.0 -9999.0 -9999.0 -9999.0 -9999.0 -9999.0 -9999.0 -9999.0 -9999.0 -9999.0 -9999.0 -9999.0 -9999.0 -9999.0 -9999.0 -9999.0 -9999.0 -9999.0 -9999.0 -9999.0 -9999.0 -9999.0 -9999.0 -9999.0 -9999.0 -9999.0 -9999.0 -9999.0 -9999.0 -9999.0 -9999.0 -9999.0 -9999.0 -9999.0 -9999.0 -9999.0 -9999.0 -9999.0 -9999.0 -9999.0 -9999.0 -9999.0 -9999.0 -9999.0 -9999.0 -9999.0 -9999.0 -9999.0 -9999.0 -9999.0 -9999.0 -9999.0 -9999.0 -9999.0 -9999.0 -9999.0 -9999.0 -9999.0 -9999.0 -9999.0 -9999.0 -9999.0 -9999.0 -9999.0 -9999.0 -9999.0 -9999.0 -9999.0 -9999.0 -9999.0 -9999.0 -9999.0 -9999.0 -9999.0 -9999.0 -9999.0 -9999.0 -9999.0 -9999.0 -9999.0 -9999.0 -9999.0 -9999.0 -9999.0 -9999.0 -9999.0 -9999.0 -9999.0
-9999.0 -9999.0 -9999.0 -9999.0 -9999.0 -9999.0 -9999.0 -9999.0 -9999.0 -9999.0 -9999.0 -9999.0 -9999.0 -9999.0 -9999.0 -9999.0 -9999.0 -9999.0 -9999.0 -9999.0 -9999.0 -9999.0 -9999.0 -9999.0 -9999.0 -9999.0 -9999.0 -9999.0 -9999.0 -9999.0 -9999.0 -9999.0 -9999.0 -9999.0 -9999.0 -9999.0 -9999.0 -9999.0 -9999.0 -9999.0 -9999.0 -9999.0 -9999.0 -9999.0 -9999.0 -9999.0 -9999.0 -9999.0 -9999.0 -9999.0 -9999.0 -9999.0 -9999.0 -9999.0 -9999.0 -9999.0 -9999.0 -9999.0 -9999.0 -9999.0 -9999.0 -9999.0 -9999.0 -9999.0 -9999.0 -9999.0 -9999.0 -9999.0 -9999.0 -9999.0 -9999.0 -9999.0 -9999.0 -9999.0 -9999.0 -9999.0 -9999.0 -9999.0 -9999.0 -9999.0 -9999.0 -9999.0 -9999.0 -9999.0 -9999.0 -9999.0 -9999.0 -9999.0 -9999.0 -9999.0 -9999.0 -9999.0 -9999.0 -9999.0 -9999.0 -9999.0 -9999.0 -9999.0 -9999.0 -9999.0 -9999.0 -9999.0 -9999.0 -9999.0