inst/processing_geotop_simulation/geotop_simulation/out/maps3D/PwL0002N0329.asc
ncols         104
nrows         10
xllcorner     -2.000000
yllcorner     0.000000
cellsize      1.000000
NODATA_value  -9999.0
-9999.0 -9999.0 -9999.0 -9999.0 -9999.0 -9999.0 -9999.0 -9999.0 -9999.0 -9999.0 -9999.0 -9999.0 -9999.0 -9999.0 -9999.0 -9999.0 -9999.0 -9999.0 -9999.0 -9999.0 -9999.0 -9999.0 -9999.0 -9999.0 -9999.0 -9999.0 -9999.0 -9999.0 -9999.0 -9999.0 -9999.0 -9999.0 -9999.0 -9999.0 -9999.0 -9999.0 -9999.0 -9999.0 -9999.0 -9999.0 -9999.0 -9999.0 -9999.0 -9999.0 -9999.0 -9999.0 -9999.0 -9999.0 -9999.0 -9999.0 -9999.0 -9999.0 -9999.0 -9999.0 -9999.0 -9999.0 -9999.0 -9999.0 -9999.0 -9999.0 -9999.0 -9999.0 -9999.0 -9999.0 -9999.0 -9999.0 -9999.0 -9999.0 -9999.0 -9999.0 -9999.0 -9999.0 -9999.0 -9999.0 -9999.0 -9999.0 -9999.0 -9999.0 -9999.0 -9999.0 -9999.0 -9999.0 -9999.0 -9999.0 -9999.0 -9999.0 -9999.0 -9999.0 -9999.0 -9999.0 -9999.0 -9999.0 -9999.0 -9999.0 -9999.0 -9999.0 -9999.0 -9999.0 -9999.0 -9999.0 -9999.0 -9999.0 -9999.0 -9999.0
-9999.0 -9999.0 -9999.0 -9999.0 -9999.0 -9999.0 -9999.0 -9999.0 -9999.0 -9999.0 -9999.0 -9999.0 -9999.0 -9999.0 -9999.0 -9999.0 -9999.0 -9999.0 -9999.0 -9999.0 -9999.0 -9999.0 -9999.0 -9999.0 -9999.0 -9999.0 -9999.0 -9999.0 -9999.0 -9999.0 -9999.0 -9999.0 -9999.0 -9999.0 -9999.0 -9999.0 -9999.0 -9999.0 -9999.0 -9999.0 -9999.0 -9999.0 -9999.0 -9999.0 -9999.0 -9999.0 -9999.0 -9999.0 -9999.0 -9999.0 -9999.0 -9999.0 -9999.0 -9999.0 -9999.0 -9999.0 -9999.0 -9999.0 -9999.0 -9999.0 -9999.0 -9999.0 -9999.0 -9999.0 -9999.0 -9999.0 -9999.0 -9999.0 -9999.0 -9999.0 -9999.0 -9999.0 -9999.0 -9999.0 -9999.0 -9999.0 -9999.0 -9999.0 -9999.0 -9999.0 -9999.0 -9999.0 -9999.0 -9999.0 -9999.0 -9999.0 -9999.0 -9999.0 -9999.0 -9999.0 -9999.0 -9999.0 -9999.0 -9999.0 -9999.0 -9999.0 -9999.0 -9999.0 -9999.0 -9999.0 -9999.0 -9999.0 -9999.0 -9999.0
-9999.0 -9999.0 76.347441 -20.248791 -118.613083 -217.400625 -316.343084 -415.338719 -514.335573 -613.293429 -712.128131 -810.799930 -909.256235 -1007.424398 -1105.518961 -1203.485805 -1300.793335 -1397.008311 -1491.436058 -1582.938501 -1669.340644 -1747.256856 -1813.476544 -1866.558983 -1907.099723 -1936.964820 -1958.408878 -1973.525680 -1984.033561 -1991.254171 -1996.167694 -1999.483792 -2001.706721 -2003.189070 -2004.174341 -2004.831096 -2005.285576 -2005.682493 -2006.401530 -2008.662401 -2012.612929 -1966.703159 -1206.559582 -1204.725855 -1194.165044 -1187.278800 -1184.041434 -1183.541744 -1183.487908 -1183.493239 -1183.507179 -1183.522182 -1183.536606 -1183.549965 -1183.562384 -1183.576976 -1183.622819 -1183.925155 -1185.661327 -1189.509653 -1194.870913 -1189.098602 -1943.495076 -2006.700496 -2007.243266 -2006.426250 -2006.227308 -2006.192141 -2006.186904 -2006.186645 -2006.187133 -2006.187638 -2006.188047 -2006.188364 -2006.188607 -2006.188797 -2006.188949 -2006.189072 -2006.189176 -2006.189270 -2006.189363 -2006.189466 -2006.189597 -2006.189778 -2006.190044 -2006.190453 -2006.191097 -2006.192127 -2006.193808 -2006.196604 -2006.201365 -2006.209697 -2006.224721 -2006.252626 -2006.305935 -2006.410635 -2006.623133 -2007.074521 -2008.096254 -2010.615201 -2017.622649 -2040.805928 -9999.0 -9999.0
-9999.0 -9999.0 76.358468 -20.246819 -118.612590 -217.400482 -316.343038 -415.338704 -514.335567 -613.293427 -712.128130 -810.799929 -909.256234 -1007.424398 -1105.518961 -1203.485805 -1300.793336 -1397.008311 -1491.436058 -1582.938502 -1669.340644 -1747.256856 -1813.476545 -1866.558983 -1907.099723 -1936.964820 -1958.408878 -1973.525680 -1984.033561 -1991.254171 -1996.167694 -1999.483792 -2001.706721 -2003.189070 -2004.174341 -2004.831096 -2005.285576 -2005.682493 -2006.401530 -2008.662401 -2012.612929 -1966.703159 -1206.559582 -1204.725855 -1194.165044 -1187.278800 -1184.041434 -1183.541744 -1183.487908 -1183.493239 -1183.507179 -1183.522182 -1183.536606 -1183.549965 -1183.562384 -1183.576976 -1183.622819 -1183.925155 -1185.661327 -1189.509653 -1194.870913 -1189.098602 -1943.495076 -2006.700496 -2007.243266 -2006.426250 -2006.227308 -2006.192141 -2006.186904 -2006.186645 -2006.187133 -2006.187638 -2006.188047 -2006.188364 -2006.188607 -2006.188797 -2006.188949 -2006.189072 -2006.189176 -2006.189270 -2006.189363 -2006.189466 -2006.189597 -2006.189778 -2006.190044 -2006.190453 -2006.191097 -2006.192127 -2006.193808 -2006.196604 -2006.201365 -2006.209697 -2006.224721 -2006.252626 -2006.305935 -2006.410635 -2006.623133 -2007.074521 -2008.096254 -2010.615201 -2017.622649 -2040.805928 -9999.0 -9999.0
-9999.0 -9999.0 76.359665 -20.246028 -118.612279 -217.400369 -316.342998 -415.338689 -514.335562 -613.293425 -712.128129 -810.799929 -909.256234 -1007.424398 -1105.518961 -1203.485805 -1300.793336 -1397.008311 -1491.436058 -1582.938502 -1669.340644 -1747.256856 -1813.476545 -1866.558983 -1907.099723 -1936.964820 -1958.408878 -1973.525680 -1984.033561 -1991.254171 -1996.167694 -1999.483792 -2001.706721 -2003.189070 -2004.174341 -2004.831096 -2005.285576 -2005.682493 -2006.401530 -2008.662401 -2012.612929 -1966.703159 -1206.559582 -1204.725855 -1194.165044 -1187.278800 -1184.041434 -1183.541744 -1183.487908 -1183.493239 -1183.507179 -1183.522182 -1183.536606 -1183.549965 -1183.562384 -1183.576976 -1183.622819 -1183.925155 -1185.661327 -1189.509653 -1194.870913 -1189.098602 -1943.495076 -2006.700496 -2007.243266 -2006.426250 -2006.227308 -2006.192141 -2006.186904 -2006.186645 -2006.187133 -2006.187638 -2006.188047 -2006.188364 -2006.188607 -2006.188797 -2006.188949 -2006.189072 -2006.189176 -2006.189270 -2006.189363 -2006.189466 -2006.189597 -2006.189778 -2006.190044 -2006.190453 -2006.191097 -2006.192127 -2006.193808 -2006.196604 -2006.201365 -2006.209697 -2006.224721 -2006.252626 -2006.305935 -2006.410635 -2006.623133 -2007.074521 -2008.096254 -2010.615201 -2017.622649 -2040.805928 -9999.0 -9999.0
-9999.0 -9999.0 76.359665 -20.246028 -118.612279 -217.400369 -316.342998 -415.338689 -514.335562 -613.293425 -712.128129 -810.799929 -909.256234 -1007.424398 -1105.518961 -1203.485805 -1300.793336 -1397.008311 -1491.436058 -1582.938502 -1669.340644 -1747.256856 -1813.476545 -1866.558983 -1907.099723 -1936.964820 -1958.408878 -1973.525680 -1984.033561 -1991.254171 -1996.167694 -1999.483792 -2001.706721 -2003.189070 -2004.174341 -2004.831096 -2005.285576 -2005.682493 -2006.401530 -2008.662401 -2012.612929 -1966.703159 -1206.559582 -1204.725855 -1194.165044 -1187.278800 -1184.041434 -1183.541744 -1183.487908 -1183.493239 -1183.507179 -1183.522182 -1183.536606 -1183.549965 -1183.562384 -1183.576976 -1183.622819 -1183.925155 -1185.661327 -1189.509653 -1194.870913 -1189.098602 -1943.495076 -2006.700496 -2007.243266 -2006.426250 -2006.227308 -2006.192141 -2006.186904 -2006.186645 -2006.187133 -2006.187638 -2006.188047 -2006.188364 -2006.188607 -2006.188797 -2006.188949 -2006.189072 -2006.189176 -2006.189270 -2006.189363 -2006.189466 -2006.189597 -2006.189778 -2006.190044 -2006.190453 -2006.191097 -2006.192127 -2006.193808 -2006.196604 -2006.201365 -2006.209697 -2006.224721 -2006.252626 -2006.305935 -2006.410635 -2006.623133 -2007.074521 -2008.096254 -2010.615201 -2017.622649 -2040.805928 -9999.0 -9999.0
-9999.0 -9999.0 76.358468 -20.246819 -118.612590 -217.400482 -316.343038 -415.338704 -514.335567 -613.293427 -712.128130 -810.799929 -909.256234 -1007.424398 -1105.518961 -1203.485805 -1300.793336 -1397.008311 -1491.436058 -1582.938501 -1669.340644 -1747.256856 -1813.476545 -1866.558983 -1907.099723 -1936.964820 -1958.408878 -1973.525680 -1984.033561 -1991.254171 -1996.167694 -1999.483792 -2001.706721 -2003.189070 -2004.174341 -2004.831096 -2005.285576 -2005.682493 -2006.401530 -2008.662401 -2012.612929 -1966.703159 -1206.559582 -1204.725855 -1194.165044 -1187.278800 -1184.041434 -1183.541744 -1183.487908 -1183.493239 -1183.507179 -1183.522182 -1183.536606 -1183.549965 -1183.562384 -1183.576976 -1183.622819 -1183.925155 -1185.661327 -1189.509653 -1194.870913 -1189.098602 -1943.495076 -2006.700496 -2007.243266 -2006.426250 -2006.227308 -2006.192141 -2006.186904 -2006.186645 -2006.187133 -2006.187638 -2006.188047 -2006.188364 -2006.188607 -2006.188797 -2006.188949 -2006.189072 -2006.189176 -2006.189270 -2006.189363 -2006.189466 -2006.189597 -2006.189778 -2006.190044 -2006.190453 -2006.191097 -2006.192127 -2006.193808 -2006.196604 -2006.201365 -2006.209697 -2006.224721 -2006.252626 -2006.305935 -2006.410635 -2006.623133 -2007.074521 -2008.096254 -2010.615201 -2017.622649 -2040.805928 -9999.0 -9999.0
-9999.0 -9999.0 76.347441 -20.248791 -118.613083 -217.400625 -316.343084 -415.338719 -514.335573 -613.293429 -712.128131 -810.799930 -909.256235 -1007.424398 -1105.518961 -1203.485805 -1300.793335 -1397.008311 -1491.436058 -1582.938501 -1669.340644 -1747.256856 -1813.476544 -1866.558983 -1907.099723 -1936.964820 -1958.408878 -1973.525680 -1984.033561 -1991.254171 -1996.167694 -1999.483792 -2001.706721 -2003.189070 -2004.174341 -2004.831096 -2005.285576 -2005.682493 -2006.401530 -2008.662401 -2012.612929 -1966.703159 -1206.559582 -1204.725855 -1194.165044 -1187.278800 -1184.041434 -1183.541744 -1183.487908 -1183.493239 -1183.507179 -1183.522182 -1183.536606 -1183.549965 -1183.562384 -1183.576976 -1183.622819 -1183.925155 -1185.661327 -1189.509653 -1194.870913 -1189.098602 -1943.495076 -2006.700496 -2007.243266 -2006.426250 -2006.227308 -2006.192141 -2006.186904 -2006.186645 -2006.187133 -2006.187638 -2006.188047 -2006.188364 -2006.188607 -2006.188797 -2006.188949 -2006.189072 -2006.189176 -2006.189270 -2006.189363 -2006.189466 -2006.189597 -2006.189778 -2006.190044 -2006.190453 -2006.191097 -2006.192127 -2006.193808 -2006.196604 -2006.201365 -2006.209697 -2006.224721 -2006.252626 -2006.305935 -2006.410635 -2006.623133 -2007.074521 -2008.096254 -2010.615201 -2017.622649 -2040.805928 -9999.0 -9999.0
-9999.0 -9999.0 -9999.0 -9999.0 -9999.0 -9999.0 -9999.0 -9999.0 -9999.0 -9999.0 -9999.0 -9999.0 -9999.0 -9999.0 -9999.0 -9999.0 -9999.0 -9999.0 -9999.0 -9999.0 -9999.0 -9999.0 -9999.0 -9999.0 -9999.0 -9999.0 -9999.0 -9999.0 -9999.0 -9999.0 -9999.0 -9999.0 -9999.0 -9999.0 -9999.0 -9999.0 -9999.0 -9999.0 -9999.0 -9999.0 -9999.0 -9999.0 -9999.0 -9999.0 -9999.0 -9999.0 -9999.0 -9999.0 -9999.0 -9999.0 -9999.0 -9999.0 -9999.0 -9999.0 -9999.0 -9999.0 -9999.0 -9999.0 -9999.0 -9999.0 -9999.0 -9999.0 -9999.0 -9999.0 -9999.0 -9999.0 -9999.0 -9999.0 -9999.0 -9999.0 -9999.0 -9999.0 -9999.0 -9999.0 -9999.0 -9999.0 -9999.0 -9999.0 -9999.0 -9999.0 -9999.0 -9999.0 -9999.0 -9999.0 -9999.0 -9999.0 -9999.0 -9999.0 -9999.0 -9999.0 -9999.0 -9999.0 -9999.0 -9999.0 -9999.0 -9999.0 -9999.0 -9999.0 -9999.0 -9999.0 -9999.0 -9999.0 -9999.0 -9999.0
-9999.0 -9999.0 -9999.0 -9999.0 -9999.0 -9999.0 -9999.0 -9999.0 -9999.0 -9999.0 -9999.0 -9999.0 -9999.0 -9999.0 -9999.0 -9999.0 -9999.0 -9999.0 -9999.0 -9999.0 -9999.0 -9999.0 -9999.0 -9999.0 -9999.0 -9999.0 -9999.0 -9999.0 -9999.0 -9999.0 -9999.0 -9999.0 -9999.0 -9999.0 -9999.0 -9999.0 -9999.0 -9999.0 -9999.0 -9999.0 -9999.0 -9999.0 -9999.0 -9999.0 -9999.0 -9999.0 -9999.0 -9999.0 -9999.0 -9999.0 -9999.0 -9999.0 -9999.0 -9999.0 -9999.0 -9999.0 -9999.0 -9999.0 -9999.0 -9999.0 -9999.0 -9999.0 -9999.0 -9999.0 -9999.0 -9999.0 -9999.0 -9999.0 -9999.0 -9999.0 -9999.0 -9999.0 -9999.0 -9999.0 -9999.0 -9999.0 -9999.0 -9999.0 -9999.0 -9999.0 -9999.0 -9999.0 -9999.0 -9999.0 -9999.0 -9999.0 -9999.0 -9999.0 -9999.0 -9999.0 -9999.0 -9999.0 -9999.0 -9999.0 -9999.0 -9999.0 -9999.0 -9999.0 -9999.0 -9999.0 -9999.0 -9999.0 -9999.0 -9999.0