inst/processing_geotop_simulation/geotop_simulation/out/maps3D/PwL0019N0026.asc
ncols         104
nrows         10
xllcorner     -2.000000
yllcorner     0.000000
cellsize      1.000000
NODATA_value  -9999.0
-9999.0 -9999.0 -9999.0 -9999.0 -9999.0 -9999.0 -9999.0 -9999.0 -9999.0 -9999.0 -9999.0 -9999.0 -9999.0 -9999.0 -9999.0 -9999.0 -9999.0 -9999.0 -9999.0 -9999.0 -9999.0 -9999.0 -9999.0 -9999.0 -9999.0 -9999.0 -9999.0 -9999.0 -9999.0 -9999.0 -9999.0 -9999.0 -9999.0 -9999.0 -9999.0 -9999.0 -9999.0 -9999.0 -9999.0 -9999.0 -9999.0 -9999.0 -9999.0 -9999.0 -9999.0 -9999.0 -9999.0 -9999.0 -9999.0 -9999.0 -9999.0 -9999.0 -9999.0 -9999.0 -9999.0 -9999.0 -9999.0 -9999.0 -9999.0 -9999.0 -9999.0 -9999.0 -9999.0 -9999.0 -9999.0 -9999.0 -9999.0 -9999.0 -9999.0 -9999.0 -9999.0 -9999.0 -9999.0 -9999.0 -9999.0 -9999.0 -9999.0 -9999.0 -9999.0 -9999.0 -9999.0 -9999.0 -9999.0 -9999.0 -9999.0 -9999.0 -9999.0 -9999.0 -9999.0 -9999.0 -9999.0 -9999.0 -9999.0 -9999.0 -9999.0 -9999.0 -9999.0 -9999.0 -9999.0 -9999.0 -9999.0 -9999.0 -9999.0 -9999.0
-9999.0 -9999.0 -9999.0 -9999.0 -9999.0 -9999.0 -9999.0 -9999.0 -9999.0 -9999.0 -9999.0 -9999.0 -9999.0 -9999.0 -9999.0 -9999.0 -9999.0 -9999.0 -9999.0 -9999.0 -9999.0 -9999.0 -9999.0 -9999.0 -9999.0 -9999.0 -9999.0 -9999.0 -9999.0 -9999.0 -9999.0 -9999.0 -9999.0 -9999.0 -9999.0 -9999.0 -9999.0 -9999.0 -9999.0 -9999.0 -9999.0 -9999.0 -9999.0 -9999.0 -9999.0 -9999.0 -9999.0 -9999.0 -9999.0 -9999.0 -9999.0 -9999.0 -9999.0 -9999.0 -9999.0 -9999.0 -9999.0 -9999.0 -9999.0 -9999.0 -9999.0 -9999.0 -9999.0 -9999.0 -9999.0 -9999.0 -9999.0 -9999.0 -9999.0 -9999.0 -9999.0 -9999.0 -9999.0 -9999.0 -9999.0 -9999.0 -9999.0 -9999.0 -9999.0 -9999.0 -9999.0 -9999.0 -9999.0 -9999.0 -9999.0 -9999.0 -9999.0 -9999.0 -9999.0 -9999.0 -9999.0 -9999.0 -9999.0 -9999.0 -9999.0 -9999.0 -9999.0 -9999.0 -9999.0 -9999.0 -9999.0 -9999.0 -9999.0 -9999.0
-9999.0 -9999.0 851.023071 751.511635 651.069259 548.324564 443.421603 336.969217 229.349823 120.132871 6.388768 -102.189874 -202.040112 -283.619190 -336.056952 -355.402420 -359.494298 -357.902978 -354.614909 -260.604362 -91.163688 81.890689 265.197919 455.764062 376.734367 294.516269 210.278298 124.690111 38.222124 -48.412552 -133.046575 -210.301210 -271.657313 -312.025949 -334.161321 -344.149544 -346.904709 -343.058685 -295.768290 -207.653527 -288.637168 -370.888385 -2837.868876 -4034.582094 -4034.653465 -4034.653465 -4034.653465 -4034.653465 -4034.653465 -4034.653465 -4034.653465 -4034.653465 -4034.653465 -4034.653465 -4034.653465 -4034.653465 -4034.653465 -4034.653465 -4034.653465 -4034.653464 -4034.513152 -2692.437969 -179.053323 -284.866259 -317.773894 -333.125080 -341.868371 -347.161115 -350.396371 -352.427135 -353.698380 -354.496947 -355.006685 -355.326973 -355.531198 -355.662585 -355.750080 -355.807265 -355.846241 -355.875575 -355.903167 -355.936347 -355.977166 -356.037089 -356.128919 -356.271973 -356.496810 -356.849834 -357.406265 -358.282281 -359.658550 -361.814562 -365.175989 -370.380314 -378.356911 -390.411294 -408.287861 -434.195937 -471.191171 -529.444764 -667.284624 -1171.117212 -9999.0 -9999.0
-9999.0 -9999.0 851.087836 751.539517 651.079523 548.328358 443.423048 336.969779 229.350042 120.132958 6.388804 -102.189860 -202.040107 -283.619189 -336.056952 -355.402420 -359.494298 -357.902978 -354.614909 -260.604362 -91.163688 81.890688 265.197919 455.764062 376.734367 294.516269 210.278298 124.690111 38.222124 -48.412552 -133.046575 -210.301210 -271.657313 -312.025949 -334.161321 -344.149544 -346.904709 -343.058685 -295.768289 -207.653529 -288.637170 -370.888386 -2837.868876 -4034.582094 -4034.653465 -4034.653465 -4034.653465 -4034.653465 -4034.653465 -4034.653465 -4034.653465 -4034.653465 -4034.653465 -4034.653465 -4034.653465 -4034.653465 -4034.653465 -4034.653465 -4034.653465 -4034.653464 -4034.513152 -2692.437969 -179.053320 -284.866259 -317.773894 -333.125080 -341.868371 -347.161115 -350.396371 -352.427135 -353.698381 -354.496947 -355.006685 -355.326973 -355.531198 -355.662585 -355.750080 -355.807265 -355.846241 -355.875575 -355.903167 -355.936347 -355.977166 -356.037089 -356.128919 -356.271973 -356.496810 -356.849834 -357.406265 -358.282281 -359.658550 -361.814562 -365.175989 -370.380314 -378.356911 -390.411294 -408.287861 -434.195937 -471.191171 -529.444764 -667.284624 -1171.117213 -9999.0 -9999.0
-9999.0 -9999.0 851.123226 751.558291 651.087660 548.331689 443.424393 336.970319 229.350257 120.133044 6.388839 -102.189846 -202.040102 -283.619187 -336.056951 -355.402420 -359.494298 -357.902978 -354.614909 -260.604362 -91.163688 81.890688 265.197919 455.764062 376.734367 294.516269 210.278298 124.690111 38.222124 -48.412552 -133.046575 -210.301210 -271.657313 -312.025949 -334.161321 -344.149544 -346.904709 -343.058685 -295.768288 -207.653532 -288.637172 -370.888387 -2837.868876 -4034.582094 -4034.653465 -4034.653465 -4034.653465 -4034.653465 -4034.653465 -4034.653465 -4034.653465 -4034.653465 -4034.653465 -4034.653465 -4034.653465 -4034.653465 -4034.653465 -4034.653465 -4034.653465 -4034.653464 -4034.513152 -2692.437969 -179.053326 -284.866259 -317.773894 -333.125080 -341.868372 -347.161116 -350.396371 -352.427135 -353.698381 -354.496948 -355.006685 -355.326973 -355.531198 -355.662585 -355.750080 -355.807265 -355.846241 -355.875575 -355.903167 -355.936347 -355.977166 -356.037089 -356.128919 -356.271973 -356.496810 -356.849834 -357.406265 -358.282281 -359.658550 -361.814562 -365.175989 -370.380314 -378.356911 -390.411294 -408.287861 -434.195937 -471.191171 -529.444764 -667.284624 -1171.117210 -9999.0 -9999.0
-9999.0 -9999.0 851.123226 751.558291 651.087660 548.331689 443.424393 336.970319 229.350257 120.133044 6.388839 -102.189846 -202.040102 -283.619187 -336.056951 -355.402420 -359.494298 -357.902978 -354.614909 -260.604362 -91.163688 81.890688 265.197919 455.764062 376.734367 294.516269 210.278298 124.690111 38.222124 -48.412552 -133.046575 -210.301210 -271.657313 -312.025949 -334.161321 -344.149544 -346.904709 -343.058685 -295.768288 -207.653532 -288.637172 -370.888387 -2837.868876 -4034.582094 -4034.653465 -4034.653465 -4034.653465 -4034.653465 -4034.653465 -4034.653465 -4034.653465 -4034.653465 -4034.653465 -4034.653465 -4034.653465 -4034.653465 -4034.653465 -4034.653465 -4034.653465 -4034.653464 -4034.513152 -2692.437969 -179.053325 -284.866259 -317.773894 -333.125080 -341.868372 -347.161116 -350.396371 -352.427135 -353.698381 -354.496948 -355.006685 -355.326973 -355.531198 -355.662585 -355.750080 -355.807265 -355.846241 -355.875575 -355.903167 -355.936347 -355.977166 -356.037089 -356.128919 -356.271973 -356.496810 -356.849834 -357.406265 -358.282281 -359.658550 -361.814562 -365.175989 -370.380314 -378.356911 -390.411294 -408.287861 -434.195937 -471.191171 -529.444764 -667.284624 -1171.117211 -9999.0 -9999.0
-9999.0 -9999.0 851.087836 751.539517 651.079523 548.328358 443.423048 336.969779 229.350042 120.132958 6.388803 -102.189860 -202.040107 -283.619189 -336.056952 -355.402420 -359.494298 -357.902978 -354.614909 -260.604362 -91.163688 81.890688 265.197919 455.764062 376.734367 294.516269 210.278298 124.690111 38.222124 -48.412552 -133.046575 -210.301210 -271.657313 -312.025949 -334.161321 -344.149544 -346.904709 -343.058685 -295.768289 -207.653529 -288.637170 -370.888386 -2837.868876 -4034.582094 -4034.653465 -4034.653465 -4034.653465 -4034.653465 -4034.653465 -4034.653465 -4034.653465 -4034.653465 -4034.653465 -4034.653465 -4034.653465 -4034.653465 -4034.653465 -4034.653465 -4034.653465 -4034.653464 -4034.513152 -2692.437969 -179.053321 -284.866259 -317.773894 -333.125080 -341.868371 -347.161115 -350.396371 -352.427135 -353.698381 -354.496947 -355.006685 -355.326973 -355.531198 -355.662585 -355.750080 -355.807265 -355.846241 -355.875575 -355.903167 -355.936347 -355.977166 -356.037089 -356.128919 -356.271973 -356.496810 -356.849834 -357.406265 -358.282281 -359.658550 -361.814562 -365.175989 -370.380314 -378.356911 -390.411294 -408.287861 -434.195937 -471.191171 -529.444764 -667.284624 -1171.117212 -9999.0 -9999.0
-9999.0 -9999.0 851.023071 751.511635 651.069259 548.324564 443.421603 336.969217 229.349823 120.132871 6.388768 -102.189874 -202.040112 -283.619190 -336.056952 -355.402420 -359.494298 -357.902978 -354.614909 -260.604362 -91.163688 81.890689 265.197919 455.764062 376.734367 294.516269 210.278298 124.690111 38.222124 -48.412552 -133.046575 -210.301210 -271.657313 -312.025949 -334.161321 -344.149544 -346.904709 -343.058685 -295.768290 -207.653527 -288.637167 -370.888385 -2837.868876 -4034.582094 -4034.653465 -4034.653465 -4034.653465 -4034.653465 -4034.653465 -4034.653465 -4034.653465 -4034.653465 -4034.653465 -4034.653465 -4034.653465 -4034.653465 -4034.653465 -4034.653465 -4034.653465 -4034.653464 -4034.513152 -2692.437969 -179.053321 -284.866259 -317.773894 -333.125080 -341.868371 -347.161115 -350.396371 -352.427134 -353.698380 -354.496947 -355.006685 -355.326973 -355.531198 -355.662585 -355.750080 -355.807265 -355.846241 -355.875575 -355.903167 -355.936347 -355.977166 -356.037089 -356.128919 -356.271973 -356.496810 -356.849834 -357.406265 -358.282281 -359.658550 -361.814562 -365.175989 -370.380314 -378.356911 -390.411294 -408.287861 -434.195937 -471.191171 -529.444764 -667.284624 -1171.117213 -9999.0 -9999.0
-9999.0 -9999.0 -9999.0 -9999.0 -9999.0 -9999.0 -9999.0 -9999.0 -9999.0 -9999.0 -9999.0 -9999.0 -9999.0 -9999.0 -9999.0 -9999.0 -9999.0 -9999.0 -9999.0 -9999.0 -9999.0 -9999.0 -9999.0 -9999.0 -9999.0 -9999.0 -9999.0 -9999.0 -9999.0 -9999.0 -9999.0 -9999.0 -9999.0 -9999.0 -9999.0 -9999.0 -9999.0 -9999.0 -9999.0 -9999.0 -9999.0 -9999.0 -9999.0 -9999.0 -9999.0 -9999.0 -9999.0 -9999.0 -9999.0 -9999.0 -9999.0 -9999.0 -9999.0 -9999.0 -9999.0 -9999.0 -9999.0 -9999.0 -9999.0 -9999.0 -9999.0 -9999.0 -9999.0 -9999.0 -9999.0 -9999.0 -9999.0 -9999.0 -9999.0 -9999.0 -9999.0 -9999.0 -9999.0 -9999.0 -9999.0 -9999.0 -9999.0 -9999.0 -9999.0 -9999.0 -9999.0 -9999.0 -9999.0 -9999.0 -9999.0 -9999.0 -9999.0 -9999.0 -9999.0 -9999.0 -9999.0 -9999.0 -9999.0 -9999.0 -9999.0 -9999.0 -9999.0 -9999.0 -9999.0 -9999.0 -9999.0 -9999.0 -9999.0 -9999.0
-9999.0 -9999.0 -9999.0 -9999.0 -9999.0 -9999.0 -9999.0 -9999.0 -9999.0 -9999.0 -9999.0 -9999.0 -9999.0 -9999.0 -9999.0 -9999.0 -9999.0 -9999.0 -9999.0 -9999.0 -9999.0 -9999.0 -9999.0 -9999.0 -9999.0 -9999.0 -9999.0 -9999.0 -9999.0 -9999.0 -9999.0 -9999.0 -9999.0 -9999.0 -9999.0 -9999.0 -9999.0 -9999.0 -9999.0 -9999.0 -9999.0 -9999.0 -9999.0 -9999.0 -9999.0 -9999.0 -9999.0 -9999.0 -9999.0 -9999.0 -9999.0 -9999.0 -9999.0 -9999.0 -9999.0 -9999.0 -9999.0 -9999.0 -9999.0 -9999.0 -9999.0 -9999.0 -9999.0 -9999.0 -9999.0 -9999.0 -9999.0 -9999.0 -9999.0 -9999.0 -9999.0 -9999.0 -9999.0 -9999.0 -9999.0 -9999.0 -9999.0 -9999.0 -9999.0 -9999.0 -9999.0 -9999.0 -9999.0 -9999.0 -9999.0 -9999.0 -9999.0 -9999.0 -9999.0 -9999.0 -9999.0 -9999.0 -9999.0 -9999.0 -9999.0 -9999.0 -9999.0 -9999.0 -9999.0 -9999.0 -9999.0 -9999.0 -9999.0 -9999.0