inst/processing_geotop_simulation/geotop_simulation/out/maps3D/PwL0018N0189.asc
ncols         104
nrows         10
xllcorner     -2.000000
yllcorner     0.000000
cellsize      1.000000
NODATA_value  -9999.0
-9999.0 -9999.0 -9999.0 -9999.0 -9999.0 -9999.0 -9999.0 -9999.0 -9999.0 -9999.0 -9999.0 -9999.0 -9999.0 -9999.0 -9999.0 -9999.0 -9999.0 -9999.0 -9999.0 -9999.0 -9999.0 -9999.0 -9999.0 -9999.0 -9999.0 -9999.0 -9999.0 -9999.0 -9999.0 -9999.0 -9999.0 -9999.0 -9999.0 -9999.0 -9999.0 -9999.0 -9999.0 -9999.0 -9999.0 -9999.0 -9999.0 -9999.0 -9999.0 -9999.0 -9999.0 -9999.0 -9999.0 -9999.0 -9999.0 -9999.0 -9999.0 -9999.0 -9999.0 -9999.0 -9999.0 -9999.0 -9999.0 -9999.0 -9999.0 -9999.0 -9999.0 -9999.0 -9999.0 -9999.0 -9999.0 -9999.0 -9999.0 -9999.0 -9999.0 -9999.0 -9999.0 -9999.0 -9999.0 -9999.0 -9999.0 -9999.0 -9999.0 -9999.0 -9999.0 -9999.0 -9999.0 -9999.0 -9999.0 -9999.0 -9999.0 -9999.0 -9999.0 -9999.0 -9999.0 -9999.0 -9999.0 -9999.0 -9999.0 -9999.0 -9999.0 -9999.0 -9999.0 -9999.0 -9999.0 -9999.0 -9999.0 -9999.0 -9999.0 -9999.0
-9999.0 -9999.0 -9999.0 -9999.0 -9999.0 -9999.0 -9999.0 -9999.0 -9999.0 -9999.0 -9999.0 -9999.0 -9999.0 -9999.0 -9999.0 -9999.0 -9999.0 -9999.0 -9999.0 -9999.0 -9999.0 -9999.0 -9999.0 -9999.0 -9999.0 -9999.0 -9999.0 -9999.0 -9999.0 -9999.0 -9999.0 -9999.0 -9999.0 -9999.0 -9999.0 -9999.0 -9999.0 -9999.0 -9999.0 -9999.0 -9999.0 -9999.0 -9999.0 -9999.0 -9999.0 -9999.0 -9999.0 -9999.0 -9999.0 -9999.0 -9999.0 -9999.0 -9999.0 -9999.0 -9999.0 -9999.0 -9999.0 -9999.0 -9999.0 -9999.0 -9999.0 -9999.0 -9999.0 -9999.0 -9999.0 -9999.0 -9999.0 -9999.0 -9999.0 -9999.0 -9999.0 -9999.0 -9999.0 -9999.0 -9999.0 -9999.0 -9999.0 -9999.0 -9999.0 -9999.0 -9999.0 -9999.0 -9999.0 -9999.0 -9999.0 -9999.0 -9999.0 -9999.0 -9999.0 -9999.0 -9999.0 -9999.0 -9999.0 -9999.0 -9999.0 -9999.0 -9999.0 -9999.0 -9999.0 -9999.0 -9999.0 -9999.0 -9999.0 -9999.0
-9999.0 -9999.0 878.978184 783.225604 686.977630 590.168884 493.065896 395.830875 298.552597 201.277863 104.032395 6.833673 -90.297266 -187.343344 -284.223671 -380.787184 -476.765758 -571.747375 -665.097493 -759.018381 -851.763230 -943.101041 -1032.865906 -1106.208401 -1168.081207 -1217.886581 -1256.271805 -1284.741465 -1305.177338 -1319.452686 -1329.207031 -1335.757281 -1340.098192 -1342.947746 -1344.806943 -1346.018935 -1346.823736 -1347.430188 -1348.260234 -1351.155278 -1364.769017 -1437.968584 -2000.851528 -4058.359737 -4084.156786 -4084.158415 -4084.158393 -4084.158101 -4084.156545 -4084.150999 -4084.134740 -4084.085032 -4083.998956 -4083.883414 -4083.685152 -4083.287733 -4082.386993 -4080.140712 -4074.108414 -4057.016642 -3954.376872 -1781.308118 -1400.147316 -1357.773254 -1349.980192 -1348.661447 -1348.460261 -1348.430403 -1348.426508 -1348.426761 -1348.427587 -1348.428347 -1348.428949 -1348.429412 -1348.429768 -1348.430047 -1348.430269 -1348.430450 -1348.430602 -1348.430738 -1348.430872 -1348.431019 -1348.431203 -1348.431455 -1348.431826 -1348.432394 -1348.433284 -1348.434707 -1348.437021 -1348.440852 -1348.447343 -1348.458638 -1348.478884 -1348.516289 -1348.587397 -1348.726379 -1349.006983 -1349.600067 -1350.934351 -1354.153977 -1362.528749 -1387.222908 -9999.0 -9999.0
-9999.0 -9999.0 878.981906 783.226969 686.978068 590.169025 493.065943 395.830891 298.552602 201.277865 104.032396 6.833674 -90.297266 -187.343344 -284.223671 -380.787184 -476.765758 -571.747375 -665.097493 -759.018382 -851.763230 -943.101042 -1032.865906 -1106.208401 -1168.081207 -1217.886582 -1256.271805 -1284.741465 -1305.177338 -1319.452686 -1329.207031 -1335.757281 -1340.098193 -1342.947746 -1344.806943 -1346.018935 -1346.823736 -1347.430188 -1348.260234 -1351.155278 -1364.769017 -1437.968584 -2000.851528 -4058.359737 -4084.156786 -4084.158415 -4084.158393 -4084.158101 -4084.156545 -4084.150999 -4084.134740 -4084.085032 -4083.998956 -4083.883414 -4083.685152 -4083.287733 -4082.386993 -4080.140712 -4074.108413 -4057.016642 -3954.376872 -1781.308118 -1400.147316 -1357.773254 -1349.980192 -1348.661447 -1348.460261 -1348.430403 -1348.426508 -1348.426761 -1348.427587 -1348.428347 -1348.428949 -1348.429412 -1348.429768 -1348.430047 -1348.430269 -1348.430450 -1348.430602 -1348.430738 -1348.430872 -1348.431019 -1348.431203 -1348.431455 -1348.431826 -1348.432394 -1348.433284 -1348.434707 -1348.437021 -1348.440852 -1348.447343 -1348.458638 -1348.478884 -1348.516289 -1348.587397 -1348.726379 -1349.006983 -1349.600067 -1350.934351 -1354.153977 -1362.528749 -1387.222908 -9999.0 -9999.0
-9999.0 -9999.0 878.983247 783.227683 686.978367 590.169138 493.065984 395.830906 298.552608 201.277867 104.032397 6.833674 -90.297266 -187.343344 -284.223671 -380.787184 -476.765758 -571.747376 -665.097493 -759.018382 -851.763230 -943.101042 -1032.865906 -1106.208402 -1168.081208 -1217.886582 -1256.271806 -1284.741465 -1305.177338 -1319.452686 -1329.207031 -1335.757281 -1340.098193 -1342.947746 -1344.806943 -1346.018935 -1346.823736 -1347.430188 -1348.260234 -1351.155278 -1364.769017 -1437.968584 -2000.851528 -4058.359737 -4084.156786 -4084.158415 -4084.158393 -4084.158101 -4084.156545 -4084.150999 -4084.134740 -4084.085032 -4083.998956 -4083.883414 -4083.685152 -4083.287733 -4082.386993 -4080.140712 -4074.108413 -4057.016642 -3954.376872 -1781.308118 -1400.147316 -1357.773254 -1349.980192 -1348.661447 -1348.460261 -1348.430403 -1348.426508 -1348.426761 -1348.427587 -1348.428347 -1348.428949 -1348.429412 -1348.429768 -1348.430047 -1348.430269 -1348.430450 -1348.430602 -1348.430738 -1348.430872 -1348.431019 -1348.431203 -1348.431455 -1348.431826 -1348.432394 -1348.433284 -1348.434707 -1348.437021 -1348.440852 -1348.447343 -1348.458638 -1348.478884 -1348.516289 -1348.587397 -1348.726379 -1349.006983 -1349.600067 -1350.934351 -1354.153977 -1362.528749 -1387.222908 -9999.0 -9999.0
-9999.0 -9999.0 878.983247 783.227683 686.978367 590.169138 493.065984 395.830906 298.552608 201.277867 104.032397 6.833674 -90.297266 -187.343344 -284.223671 -380.787184 -476.765758 -571.747375 -665.097493 -759.018382 -851.763230 -943.101042 -1032.865906 -1106.208402 -1168.081208 -1217.886582 -1256.271806 -1284.741465 -1305.177338 -1319.452686 -1329.207031 -1335.757281 -1340.098193 -1342.947746 -1344.806943 -1346.018935 -1346.823736 -1347.430188 -1348.260234 -1351.155278 -1364.769017 -1437.968584 -2000.851528 -4058.359737 -4084.156786 -4084.158415 -4084.158393 -4084.158101 -4084.156545 -4084.150999 -4084.134740 -4084.085032 -4083.998956 -4083.883414 -4083.685152 -4083.287733 -4082.386993 -4080.140712 -4074.108413 -4057.016642 -3954.376872 -1781.308118 -1400.147316 -1357.773254 -1349.980192 -1348.661447 -1348.460261 -1348.430403 -1348.426508 -1348.426761 -1348.427587 -1348.428347 -1348.428949 -1348.429412 -1348.429768 -1348.430047 -1348.430269 -1348.430450 -1348.430602 -1348.430738 -1348.430872 -1348.431019 -1348.431203 -1348.431455 -1348.431826 -1348.432394 -1348.433284 -1348.434707 -1348.437021 -1348.440852 -1348.447343 -1348.458638 -1348.478884 -1348.516289 -1348.587397 -1348.726379 -1349.006983 -1349.600067 -1350.934351 -1354.153977 -1362.528749 -1387.222908 -9999.0 -9999.0
-9999.0 -9999.0 878.981906 783.226969 686.978068 590.169025 493.065943 395.830891 298.552602 201.277865 104.032396 6.833674 -90.297266 -187.343344 -284.223671 -380.787184 -476.765758 -571.747375 -665.097493 -759.018382 -851.763230 -943.101042 -1032.865906 -1106.208401 -1168.081207 -1217.886582 -1256.271805 -1284.741465 -1305.177338 -1319.452686 -1329.207031 -1335.757281 -1340.098193 -1342.947746 -1344.806943 -1346.018935 -1346.823736 -1347.430188 -1348.260234 -1351.155278 -1364.769017 -1437.968584 -2000.851528 -4058.359737 -4084.156786 -4084.158415 -4084.158393 -4084.158101 -4084.156545 -4084.150999 -4084.134740 -4084.085032 -4083.998956 -4083.883414 -4083.685152 -4083.287733 -4082.386993 -4080.140712 -4074.108414 -4057.016642 -3954.376872 -1781.308118 -1400.147316 -1357.773254 -1349.980192 -1348.661447 -1348.460261 -1348.430403 -1348.426508 -1348.426761 -1348.427587 -1348.428347 -1348.428949 -1348.429412 -1348.429768 -1348.430047 -1348.430269 -1348.430450 -1348.430602 -1348.430738 -1348.430872 -1348.431019 -1348.431203 -1348.431455 -1348.431826 -1348.432394 -1348.433284 -1348.434707 -1348.437021 -1348.440852 -1348.447343 -1348.458638 -1348.478884 -1348.516289 -1348.587397 -1348.726379 -1349.006983 -1349.600067 -1350.934351 -1354.153977 -1362.528749 -1387.222908 -9999.0 -9999.0
-9999.0 -9999.0 878.978184 783.225604 686.977630 590.168884 493.065896 395.830875 298.552597 201.277863 104.032395 6.833673 -90.297266 -187.343344 -284.223671 -380.787184 -476.765758 -571.747375 -665.097493 -759.018381 -851.763230 -943.101041 -1032.865906 -1106.208401 -1168.081207 -1217.886581 -1256.271805 -1284.741465 -1305.177338 -1319.452686 -1329.207031 -1335.757281 -1340.098192 -1342.947746 -1344.806943 -1346.018935 -1346.823736 -1347.430188 -1348.260234 -1351.155278 -1364.769017 -1437.968584 -2000.851528 -4058.359737 -4084.156786 -4084.158415 -4084.158393 -4084.158101 -4084.156545 -4084.150999 -4084.134740 -4084.085032 -4083.998956 -4083.883414 -4083.685152 -4083.287733 -4082.386993 -4080.140712 -4074.108414 -4057.016642 -3954.376873 -1781.308118 -1400.147316 -1357.773254 -1349.980192 -1348.661447 -1348.460261 -1348.430403 -1348.426508 -1348.426761 -1348.427587 -1348.428347 -1348.428949 -1348.429412 -1348.429768 -1348.430047 -1348.430269 -1348.430450 -1348.430602 -1348.430738 -1348.430872 -1348.431019 -1348.431203 -1348.431455 -1348.431826 -1348.432394 -1348.433284 -1348.434707 -1348.437021 -1348.440852 -1348.447343 -1348.458638 -1348.478884 -1348.516289 -1348.587397 -1348.726379 -1349.006983 -1349.600067 -1350.934351 -1354.153977 -1362.528749 -1387.222908 -9999.0 -9999.0
-9999.0 -9999.0 -9999.0 -9999.0 -9999.0 -9999.0 -9999.0 -9999.0 -9999.0 -9999.0 -9999.0 -9999.0 -9999.0 -9999.0 -9999.0 -9999.0 -9999.0 -9999.0 -9999.0 -9999.0 -9999.0 -9999.0 -9999.0 -9999.0 -9999.0 -9999.0 -9999.0 -9999.0 -9999.0 -9999.0 -9999.0 -9999.0 -9999.0 -9999.0 -9999.0 -9999.0 -9999.0 -9999.0 -9999.0 -9999.0 -9999.0 -9999.0 -9999.0 -9999.0 -9999.0 -9999.0 -9999.0 -9999.0 -9999.0 -9999.0 -9999.0 -9999.0 -9999.0 -9999.0 -9999.0 -9999.0 -9999.0 -9999.0 -9999.0 -9999.0 -9999.0 -9999.0 -9999.0 -9999.0 -9999.0 -9999.0 -9999.0 -9999.0 -9999.0 -9999.0 -9999.0 -9999.0 -9999.0 -9999.0 -9999.0 -9999.0 -9999.0 -9999.0 -9999.0 -9999.0 -9999.0 -9999.0 -9999.0 -9999.0 -9999.0 -9999.0 -9999.0 -9999.0 -9999.0 -9999.0 -9999.0 -9999.0 -9999.0 -9999.0 -9999.0 -9999.0 -9999.0 -9999.0 -9999.0 -9999.0 -9999.0 -9999.0 -9999.0 -9999.0
-9999.0 -9999.0 -9999.0 -9999.0 -9999.0 -9999.0 -9999.0 -9999.0 -9999.0 -9999.0 -9999.0 -9999.0 -9999.0 -9999.0 -9999.0 -9999.0 -9999.0 -9999.0 -9999.0 -9999.0 -9999.0 -9999.0 -9999.0 -9999.0 -9999.0 -9999.0 -9999.0 -9999.0 -9999.0 -9999.0 -9999.0 -9999.0 -9999.0 -9999.0 -9999.0 -9999.0 -9999.0 -9999.0 -9999.0 -9999.0 -9999.0 -9999.0 -9999.0 -9999.0 -9999.0 -9999.0 -9999.0 -9999.0 -9999.0 -9999.0 -9999.0 -9999.0 -9999.0 -9999.0 -9999.0 -9999.0 -9999.0 -9999.0 -9999.0 -9999.0 -9999.0 -9999.0 -9999.0 -9999.0 -9999.0 -9999.0 -9999.0 -9999.0 -9999.0 -9999.0 -9999.0 -9999.0 -9999.0 -9999.0 -9999.0 -9999.0 -9999.0 -9999.0 -9999.0 -9999.0 -9999.0 -9999.0 -9999.0 -9999.0 -9999.0 -9999.0 -9999.0 -9999.0 -9999.0 -9999.0 -9999.0 -9999.0 -9999.0 -9999.0 -9999.0 -9999.0 -9999.0 -9999.0 -9999.0 -9999.0 -9999.0 -9999.0 -9999.0 -9999.0