inst/processing_geotop_simulation/geotop_simulation/out/maps3D/PwL0018N0095.asc
ncols         104
nrows         10
xllcorner     -2.000000
yllcorner     0.000000
cellsize      1.000000
NODATA_value  -9999.0
-9999.0 -9999.0 -9999.0 -9999.0 -9999.0 -9999.0 -9999.0 -9999.0 -9999.0 -9999.0 -9999.0 -9999.0 -9999.0 -9999.0 -9999.0 -9999.0 -9999.0 -9999.0 -9999.0 -9999.0 -9999.0 -9999.0 -9999.0 -9999.0 -9999.0 -9999.0 -9999.0 -9999.0 -9999.0 -9999.0 -9999.0 -9999.0 -9999.0 -9999.0 -9999.0 -9999.0 -9999.0 -9999.0 -9999.0 -9999.0 -9999.0 -9999.0 -9999.0 -9999.0 -9999.0 -9999.0 -9999.0 -9999.0 -9999.0 -9999.0 -9999.0 -9999.0 -9999.0 -9999.0 -9999.0 -9999.0 -9999.0 -9999.0 -9999.0 -9999.0 -9999.0 -9999.0 -9999.0 -9999.0 -9999.0 -9999.0 -9999.0 -9999.0 -9999.0 -9999.0 -9999.0 -9999.0 -9999.0 -9999.0 -9999.0 -9999.0 -9999.0 -9999.0 -9999.0 -9999.0 -9999.0 -9999.0 -9999.0 -9999.0 -9999.0 -9999.0 -9999.0 -9999.0 -9999.0 -9999.0 -9999.0 -9999.0 -9999.0 -9999.0 -9999.0 -9999.0 -9999.0 -9999.0 -9999.0 -9999.0 -9999.0 -9999.0 -9999.0 -9999.0
-9999.0 -9999.0 -9999.0 -9999.0 -9999.0 -9999.0 -9999.0 -9999.0 -9999.0 -9999.0 -9999.0 -9999.0 -9999.0 -9999.0 -9999.0 -9999.0 -9999.0 -9999.0 -9999.0 -9999.0 -9999.0 -9999.0 -9999.0 -9999.0 -9999.0 -9999.0 -9999.0 -9999.0 -9999.0 -9999.0 -9999.0 -9999.0 -9999.0 -9999.0 -9999.0 -9999.0 -9999.0 -9999.0 -9999.0 -9999.0 -9999.0 -9999.0 -9999.0 -9999.0 -9999.0 -9999.0 -9999.0 -9999.0 -9999.0 -9999.0 -9999.0 -9999.0 -9999.0 -9999.0 -9999.0 -9999.0 -9999.0 -9999.0 -9999.0 -9999.0 -9999.0 -9999.0 -9999.0 -9999.0 -9999.0 -9999.0 -9999.0 -9999.0 -9999.0 -9999.0 -9999.0 -9999.0 -9999.0 -9999.0 -9999.0 -9999.0 -9999.0 -9999.0 -9999.0 -9999.0 -9999.0 -9999.0 -9999.0 -9999.0 -9999.0 -9999.0 -9999.0 -9999.0 -9999.0 -9999.0 -9999.0 -9999.0 -9999.0 -9999.0 -9999.0 -9999.0 -9999.0 -9999.0 -9999.0 -9999.0 -9999.0 -9999.0 -9999.0 -9999.0
-9999.0 -9999.0 886.066900 792.664212 698.496353 603.462306 507.983671 412.321064 316.615840 220.942989 125.335460 29.814944 -65.487657 -160.627526 -255.911063 -352.056996 -450.321140 -552.462358 -660.543258 -767.387589 -864.604021 -955.576031 -1035.468748 -1060.004971 -1068.132191 -1069.031471 -1067.564648 -1065.786058 -1064.371971 -1063.432432 -1062.889609 -1062.626468 -1062.539869 -1062.553173 -1062.614908 -1062.695390 -1062.788801 -1062.922414 -1063.209934 -1064.670999 -1075.758802 -1175.580132 -2088.282858 -4077.310168 -4084.158246 -4084.158416 -4084.158416 -4084.158416 -4084.158414 -4084.158408 -4084.158387 -4084.158313 -4084.158168 -4084.157955 -4084.157558 -4084.156692 -4084.154526 -4084.148486 -4084.129932 -4084.067126 -4072.584742 -1964.949864 -1144.711638 -1071.920396 -1064.227555 -1063.372642 -1063.254140 -1063.234725 -1063.232903 -1063.234347 -1063.236091 -1063.237550 -1063.238672 -1063.239523 -1063.240173 -1063.240678 -1063.241078 -1063.241401 -1063.241669 -1063.241905 -1063.242134 -1063.242387 -1063.242702 -1063.243138 -1063.243781 -1063.244766 -1063.246313 -1063.248781 -1063.252774 -1063.259340 -1063.270353 -1063.289289 -1063.322800 -1063.383944 -1063.498751 -1063.719678 -1064.154545 -1065.037030 -1066.926853 -1071.313839 -1082.315947 -1111.345972 -9999.0 -9999.0
-9999.0 -9999.0 886.070754 792.665628 698.496807 603.462452 507.983720 412.321080 316.615845 220.942991 125.335460 29.814943 -65.487657 -160.627527 -255.911063 -352.056996 -450.321140 -552.462358 -660.543259 -767.387589 -864.604020 -955.576030 -1035.468748 -1060.004970 -1068.132191 -1069.031471 -1067.564648 -1065.786058 -1064.371971 -1063.432432 -1062.889609 -1062.626468 -1062.539869 -1062.553173 -1062.614908 -1062.695390 -1062.788801 -1062.922414 -1063.209934 -1064.670999 -1075.758802 -1175.580132 -2088.282858 -4077.310168 -4084.158246 -4084.158416 -4084.158416 -4084.158416 -4084.158414 -4084.158408 -4084.158387 -4084.158313 -4084.158168 -4084.157955 -4084.157558 -4084.156692 -4084.154526 -4084.148486 -4084.129932 -4084.067126 -4072.584742 -1964.949864 -1144.711638 -1071.920396 -1064.227555 -1063.372642 -1063.254140 -1063.234725 -1063.232903 -1063.234347 -1063.236091 -1063.237550 -1063.238672 -1063.239523 -1063.240173 -1063.240678 -1063.241078 -1063.241401 -1063.241669 -1063.241905 -1063.242134 -1063.242387 -1063.242702 -1063.243138 -1063.243781 -1063.244766 -1063.246313 -1063.248781 -1063.252774 -1063.259340 -1063.270353 -1063.289289 -1063.322800 -1063.383944 -1063.498751 -1063.719678 -1064.154545 -1065.037030 -1066.926853 -1071.313839 -1082.315947 -1111.345972 -9999.0 -9999.0
-9999.0 -9999.0 886.072143 792.666367 698.497117 603.462571 507.983762 412.321096 316.615851 220.942993 125.335461 29.814943 -65.487657 -160.627527 -255.911063 -352.056996 -450.321140 -552.462358 -660.543258 -767.387589 -864.604020 -955.576030 -1035.468748 -1060.004970 -1068.132191 -1069.031471 -1067.564648 -1065.786058 -1064.371971 -1063.432432 -1062.889609 -1062.626468 -1062.539869 -1062.553173 -1062.614908 -1062.695390 -1062.788801 -1062.922414 -1063.209934 -1064.670999 -1075.758802 -1175.580132 -2088.282858 -4077.310168 -4084.158246 -4084.158416 -4084.158416 -4084.158416 -4084.158414 -4084.158408 -4084.158387 -4084.158313 -4084.158168 -4084.157955 -4084.157558 -4084.156692 -4084.154526 -4084.148486 -4084.129932 -4084.067126 -4072.584742 -1964.949864 -1144.711638 -1071.920396 -1064.227555 -1063.372642 -1063.254140 -1063.234725 -1063.232903 -1063.234347 -1063.236091 -1063.237550 -1063.238672 -1063.239523 -1063.240173 -1063.240678 -1063.241078 -1063.241401 -1063.241669 -1063.241905 -1063.242134 -1063.242387 -1063.242702 -1063.243138 -1063.243781 -1063.244766 -1063.246313 -1063.248781 -1063.252774 -1063.259340 -1063.270353 -1063.289289 -1063.322800 -1063.383944 -1063.498751 -1063.719678 -1064.154545 -1065.037030 -1066.926853 -1071.313839 -1082.315947 -1111.345972 -9999.0 -9999.0
-9999.0 -9999.0 886.072143 792.666367 698.497117 603.462570 507.983763 412.321096 316.615851 220.942992 125.335461 29.814943 -65.487657 -160.627527 -255.911063 -352.056996 -450.321140 -552.462358 -660.543259 -767.387589 -864.604020 -955.576030 -1035.468748 -1060.004970 -1068.132191 -1069.031471 -1067.564648 -1065.786058 -1064.371971 -1063.432432 -1062.889609 -1062.626468 -1062.539869 -1062.553173 -1062.614908 -1062.695390 -1062.788801 -1062.922414 -1063.209934 -1064.670999 -1075.758802 -1175.580132 -2088.282858 -4077.310168 -4084.158246 -4084.158416 -4084.158416 -4084.158416 -4084.158414 -4084.158408 -4084.158387 -4084.158313 -4084.158168 -4084.157955 -4084.157558 -4084.156692 -4084.154526 -4084.148486 -4084.129932 -4084.067126 -4072.584742 -1964.949864 -1144.711638 -1071.920396 -1064.227555 -1063.372642 -1063.254140 -1063.234725 -1063.232903 -1063.234347 -1063.236091 -1063.237550 -1063.238672 -1063.239523 -1063.240173 -1063.240678 -1063.241078 -1063.241401 -1063.241669 -1063.241905 -1063.242134 -1063.242387 -1063.242702 -1063.243138 -1063.243781 -1063.244766 -1063.246313 -1063.248781 -1063.252774 -1063.259340 -1063.270353 -1063.289289 -1063.322800 -1063.383944 -1063.498751 -1063.719678 -1064.154545 -1065.037030 -1066.926853 -1071.313839 -1082.315947 -1111.345972 -9999.0 -9999.0
-9999.0 -9999.0 886.070754 792.665628 698.496807 603.462453 507.983720 412.321080 316.615845 220.942991 125.335460 29.814943 -65.487657 -160.627527 -255.911063 -352.056996 -450.321140 -552.462358 -660.543258 -767.387589 -864.604020 -955.576031 -1035.468748 -1060.004970 -1068.132191 -1069.031471 -1067.564648 -1065.786058 -1064.371971 -1063.432432 -1062.889609 -1062.626468 -1062.539869 -1062.553173 -1062.614908 -1062.695390 -1062.788801 -1062.922414 -1063.209934 -1064.670999 -1075.758802 -1175.580132 -2088.282858 -4077.310168 -4084.158246 -4084.158416 -4084.158416 -4084.158416 -4084.158414 -4084.158408 -4084.158387 -4084.158313 -4084.158168 -4084.157955 -4084.157558 -4084.156692 -4084.154526 -4084.148486 -4084.129932 -4084.067126 -4072.584742 -1964.949864 -1144.711638 -1071.920396 -1064.227555 -1063.372642 -1063.254140 -1063.234725 -1063.232903 -1063.234347 -1063.236091 -1063.237550 -1063.238672 -1063.239523 -1063.240173 -1063.240678 -1063.241078 -1063.241401 -1063.241669 -1063.241905 -1063.242134 -1063.242387 -1063.242702 -1063.243138 -1063.243781 -1063.244766 -1063.246313 -1063.248781 -1063.252774 -1063.259340 -1063.270353 -1063.289289 -1063.322800 -1063.383944 -1063.498751 -1063.719678 -1064.154545 -1065.037030 -1066.926853 -1071.313839 -1082.315947 -1111.345972 -9999.0 -9999.0
-9999.0 -9999.0 886.066900 792.664212 698.496353 603.462306 507.983671 412.321064 316.615840 220.942989 125.335460 29.814943 -65.487657 -160.627527 -255.911062 -352.056996 -450.321139 -552.462358 -660.543259 -767.387589 -864.604021 -955.576031 -1035.468748 -1060.004971 -1068.132191 -1069.031471 -1067.564648 -1065.786058 -1064.371971 -1063.432432 -1062.889609 -1062.626468 -1062.539869 -1062.553173 -1062.614908 -1062.695390 -1062.788801 -1062.922414 -1063.209934 -1064.670999 -1075.758802 -1175.580132 -2088.282858 -4077.310168 -4084.158246 -4084.158416 -4084.158416 -4084.158416 -4084.158414 -4084.158408 -4084.158387 -4084.158313 -4084.158168 -4084.157955 -4084.157558 -4084.156692 -4084.154526 -4084.148486 -4084.129932 -4084.067126 -4072.584742 -1964.949864 -1144.711638 -1071.920396 -1064.227555 -1063.372642 -1063.254140 -1063.234725 -1063.232903 -1063.234347 -1063.236091 -1063.237550 -1063.238672 -1063.239523 -1063.240173 -1063.240678 -1063.241078 -1063.241401 -1063.241669 -1063.241905 -1063.242134 -1063.242387 -1063.242702 -1063.243138 -1063.243781 -1063.244766 -1063.246313 -1063.248781 -1063.252774 -1063.259340 -1063.270353 -1063.289289 -1063.322800 -1063.383944 -1063.498751 -1063.719678 -1064.154545 -1065.037030 -1066.926853 -1071.313839 -1082.315947 -1111.345972 -9999.0 -9999.0
-9999.0 -9999.0 -9999.0 -9999.0 -9999.0 -9999.0 -9999.0 -9999.0 -9999.0 -9999.0 -9999.0 -9999.0 -9999.0 -9999.0 -9999.0 -9999.0 -9999.0 -9999.0 -9999.0 -9999.0 -9999.0 -9999.0 -9999.0 -9999.0 -9999.0 -9999.0 -9999.0 -9999.0 -9999.0 -9999.0 -9999.0 -9999.0 -9999.0 -9999.0 -9999.0 -9999.0 -9999.0 -9999.0 -9999.0 -9999.0 -9999.0 -9999.0 -9999.0 -9999.0 -9999.0 -9999.0 -9999.0 -9999.0 -9999.0 -9999.0 -9999.0 -9999.0 -9999.0 -9999.0 -9999.0 -9999.0 -9999.0 -9999.0 -9999.0 -9999.0 -9999.0 -9999.0 -9999.0 -9999.0 -9999.0 -9999.0 -9999.0 -9999.0 -9999.0 -9999.0 -9999.0 -9999.0 -9999.0 -9999.0 -9999.0 -9999.0 -9999.0 -9999.0 -9999.0 -9999.0 -9999.0 -9999.0 -9999.0 -9999.0 -9999.0 -9999.0 -9999.0 -9999.0 -9999.0 -9999.0 -9999.0 -9999.0 -9999.0 -9999.0 -9999.0 -9999.0 -9999.0 -9999.0 -9999.0 -9999.0 -9999.0 -9999.0 -9999.0 -9999.0
-9999.0 -9999.0 -9999.0 -9999.0 -9999.0 -9999.0 -9999.0 -9999.0 -9999.0 -9999.0 -9999.0 -9999.0 -9999.0 -9999.0 -9999.0 -9999.0 -9999.0 -9999.0 -9999.0 -9999.0 -9999.0 -9999.0 -9999.0 -9999.0 -9999.0 -9999.0 -9999.0 -9999.0 -9999.0 -9999.0 -9999.0 -9999.0 -9999.0 -9999.0 -9999.0 -9999.0 -9999.0 -9999.0 -9999.0 -9999.0 -9999.0 -9999.0 -9999.0 -9999.0 -9999.0 -9999.0 -9999.0 -9999.0 -9999.0 -9999.0 -9999.0 -9999.0 -9999.0 -9999.0 -9999.0 -9999.0 -9999.0 -9999.0 -9999.0 -9999.0 -9999.0 -9999.0 -9999.0 -9999.0 -9999.0 -9999.0 -9999.0 -9999.0 -9999.0 -9999.0 -9999.0 -9999.0 -9999.0 -9999.0 -9999.0 -9999.0 -9999.0 -9999.0 -9999.0 -9999.0 -9999.0 -9999.0 -9999.0 -9999.0 -9999.0 -9999.0 -9999.0 -9999.0 -9999.0 -9999.0 -9999.0 -9999.0 -9999.0 -9999.0 -9999.0 -9999.0 -9999.0 -9999.0 -9999.0 -9999.0 -9999.0 -9999.0 -9999.0 -9999.0