inst/processing_geotop_simulation/geotop_simulation/out/maps3D/PwL0002N0311.asc
ncols         104
nrows         10
xllcorner     -2.000000
yllcorner     0.000000
cellsize      1.000000
NODATA_value  -9999.0
-9999.0 -9999.0 -9999.0 -9999.0 -9999.0 -9999.0 -9999.0 -9999.0 -9999.0 -9999.0 -9999.0 -9999.0 -9999.0 -9999.0 -9999.0 -9999.0 -9999.0 -9999.0 -9999.0 -9999.0 -9999.0 -9999.0 -9999.0 -9999.0 -9999.0 -9999.0 -9999.0 -9999.0 -9999.0 -9999.0 -9999.0 -9999.0 -9999.0 -9999.0 -9999.0 -9999.0 -9999.0 -9999.0 -9999.0 -9999.0 -9999.0 -9999.0 -9999.0 -9999.0 -9999.0 -9999.0 -9999.0 -9999.0 -9999.0 -9999.0 -9999.0 -9999.0 -9999.0 -9999.0 -9999.0 -9999.0 -9999.0 -9999.0 -9999.0 -9999.0 -9999.0 -9999.0 -9999.0 -9999.0 -9999.0 -9999.0 -9999.0 -9999.0 -9999.0 -9999.0 -9999.0 -9999.0 -9999.0 -9999.0 -9999.0 -9999.0 -9999.0 -9999.0 -9999.0 -9999.0 -9999.0 -9999.0 -9999.0 -9999.0 -9999.0 -9999.0 -9999.0 -9999.0 -9999.0 -9999.0 -9999.0 -9999.0 -9999.0 -9999.0 -9999.0 -9999.0 -9999.0 -9999.0 -9999.0 -9999.0 -9999.0 -9999.0 -9999.0 -9999.0
-9999.0 -9999.0 -9999.0 -9999.0 -9999.0 -9999.0 -9999.0 -9999.0 -9999.0 -9999.0 -9999.0 -9999.0 -9999.0 -9999.0 -9999.0 -9999.0 -9999.0 -9999.0 -9999.0 -9999.0 -9999.0 -9999.0 -9999.0 -9999.0 -9999.0 -9999.0 -9999.0 -9999.0 -9999.0 -9999.0 -9999.0 -9999.0 -9999.0 -9999.0 -9999.0 -9999.0 -9999.0 -9999.0 -9999.0 -9999.0 -9999.0 -9999.0 -9999.0 -9999.0 -9999.0 -9999.0 -9999.0 -9999.0 -9999.0 -9999.0 -9999.0 -9999.0 -9999.0 -9999.0 -9999.0 -9999.0 -9999.0 -9999.0 -9999.0 -9999.0 -9999.0 -9999.0 -9999.0 -9999.0 -9999.0 -9999.0 -9999.0 -9999.0 -9999.0 -9999.0 -9999.0 -9999.0 -9999.0 -9999.0 -9999.0 -9999.0 -9999.0 -9999.0 -9999.0 -9999.0 -9999.0 -9999.0 -9999.0 -9999.0 -9999.0 -9999.0 -9999.0 -9999.0 -9999.0 -9999.0 -9999.0 -9999.0 -9999.0 -9999.0 -9999.0 -9999.0 -9999.0 -9999.0 -9999.0 -9999.0 -9999.0 -9999.0 -9999.0 -9999.0
-9999.0 -9999.0 76.570572 -19.662321 -117.851317 -216.508744 -315.337470 -414.224261 -513.111181 -611.952377 -710.649352 -809.153215 -907.401560 -1005.307502 -1103.128755 -1200.801565 -1297.693194 -1393.307982 -1486.903608 -1577.285245 -1662.049171 -1737.588903 -1800.823466 -1850.727514 -1888.305866 -1915.661917 -1935.116589 -1948.725167 -1958.123994 -1964.546230 -1968.893819 -1971.813411 -1973.761079 -1975.053725 -1975.908966 -1976.476790 -1976.869634 -1977.219021 -1977.887133 -1980.120604 -1984.687445 -1943.693290 -1193.588069 -1191.822269 -1181.186651 -1174.276238 -1171.028484 -1170.530267 -1170.476821 -1170.482321 -1170.496423 -1170.511587 -1170.526163 -1170.539664 -1170.552204 -1170.566860 -1170.612451 -1170.913442 -1172.653679 -1176.517600 -1181.966392 -1176.087568 -1920.747118 -1978.821136 -1978.729197 -1977.879367 -1977.685537 -1977.652173 -1977.647306 -1977.647138 -1977.647666 -1977.648198 -1977.648626 -1977.648956 -1977.649210 -1977.649408 -1977.649565 -1977.649693 -1977.649800 -1977.649897 -1977.649992 -1977.650099 -1977.650234 -1977.650420 -1977.650696 -1977.651119 -1977.651786 -1977.652854 -1977.654596 -1977.657491 -1977.662417 -1977.671028 -1977.686533 -1977.715296 -1977.770156 -1977.877667 -1978.095117 -1978.554696 -1979.588168 -1982.115836 -1989.087602 -2012.062853 -9999.0 -9999.0
-9999.0 -9999.0 76.581763 -19.660319 -117.850817 -216.508598 -315.337424 -414.224246 -513.111176 -611.952374 -710.649351 -809.153215 -907.401560 -1005.307502 -1103.128755 -1200.801565 -1297.693195 -1393.307982 -1486.903609 -1577.285245 -1662.049171 -1737.588903 -1800.823466 -1850.727514 -1888.305867 -1915.661917 -1935.116589 -1948.725167 -1958.123994 -1964.546230 -1968.893819 -1971.813411 -1973.761079 -1975.053725 -1975.908966 -1976.476790 -1976.869634 -1977.219021 -1977.887133 -1980.120604 -1984.687445 -1943.693290 -1193.588069 -1191.822269 -1181.186651 -1174.276237 -1171.028484 -1170.530267 -1170.476821 -1170.482321 -1170.496423 -1170.511587 -1170.526163 -1170.539664 -1170.552204 -1170.566860 -1170.612451 -1170.913442 -1172.653679 -1176.517600 -1181.966392 -1176.087568 -1920.747118 -1978.821136 -1978.729197 -1977.879367 -1977.685537 -1977.652173 -1977.647306 -1977.647138 -1977.647666 -1977.648198 -1977.648626 -1977.648956 -1977.649210 -1977.649408 -1977.649565 -1977.649693 -1977.649800 -1977.649897 -1977.649992 -1977.650099 -1977.650234 -1977.650420 -1977.650696 -1977.651119 -1977.651786 -1977.652854 -1977.654596 -1977.657491 -1977.662417 -1977.671028 -1977.686533 -1977.715296 -1977.770156 -1977.877667 -1978.095117 -1978.554696 -1979.588168 -1982.115836 -1989.087602 -2012.062853 -9999.0 -9999.0
-9999.0 -9999.0 76.582978 -19.659516 -117.850501 -216.508484 -315.337383 -414.224231 -513.111170 -611.952372 -710.649350 -809.153214 -907.401560 -1005.307502 -1103.128755 -1200.801565 -1297.693195 -1393.307982 -1486.903609 -1577.285245 -1662.049171 -1737.588904 -1800.823466 -1850.727514 -1888.305867 -1915.661917 -1935.116589 -1948.725167 -1958.123994 -1964.546230 -1968.893819 -1971.813411 -1973.761079 -1975.053725 -1975.908966 -1976.476790 -1976.869634 -1977.219021 -1977.887133 -1980.120604 -1984.687445 -1943.693290 -1193.588069 -1191.822269 -1181.186651 -1174.276237 -1171.028484 -1170.530267 -1170.476821 -1170.482321 -1170.496423 -1170.511587 -1170.526163 -1170.539664 -1170.552204 -1170.566860 -1170.612451 -1170.913442 -1172.653679 -1176.517600 -1181.966392 -1176.087568 -1920.747118 -1978.821136 -1978.729197 -1977.879367 -1977.685537 -1977.652173 -1977.647306 -1977.647138 -1977.647666 -1977.648198 -1977.648626 -1977.648956 -1977.649210 -1977.649408 -1977.649565 -1977.649693 -1977.649800 -1977.649897 -1977.649992 -1977.650099 -1977.650234 -1977.650420 -1977.650696 -1977.651119 -1977.651786 -1977.652854 -1977.654596 -1977.657491 -1977.662417 -1977.671028 -1977.686533 -1977.715296 -1977.770156 -1977.877667 -1978.095117 -1978.554696 -1979.588168 -1982.115836 -1989.087602 -2012.062853 -9999.0 -9999.0
-9999.0 -9999.0 76.582978 -19.659516 -117.850501 -216.508484 -315.337383 -414.224231 -513.111170 -611.952372 -710.649350 -809.153214 -907.401560 -1005.307502 -1103.128755 -1200.801565 -1297.693195 -1393.307982 -1486.903609 -1577.285245 -1662.049171 -1737.588904 -1800.823466 -1850.727514 -1888.305867 -1915.661917 -1935.116589 -1948.725167 -1958.123994 -1964.546230 -1968.893819 -1971.813411 -1973.761079 -1975.053725 -1975.908966 -1976.476790 -1976.869634 -1977.219021 -1977.887133 -1980.120604 -1984.687445 -1943.693290 -1193.588069 -1191.822269 -1181.186651 -1174.276237 -1171.028484 -1170.530267 -1170.476821 -1170.482321 -1170.496423 -1170.511587 -1170.526163 -1170.539664 -1170.552204 -1170.566860 -1170.612451 -1170.913442 -1172.653679 -1176.517600 -1181.966392 -1176.087568 -1920.747118 -1978.821136 -1978.729197 -1977.879367 -1977.685537 -1977.652173 -1977.647306 -1977.647138 -1977.647666 -1977.648198 -1977.648626 -1977.648956 -1977.649210 -1977.649408 -1977.649565 -1977.649693 -1977.649800 -1977.649897 -1977.649992 -1977.650099 -1977.650234 -1977.650420 -1977.650696 -1977.651119 -1977.651786 -1977.652854 -1977.654596 -1977.657491 -1977.662417 -1977.671028 -1977.686533 -1977.715296 -1977.770156 -1977.877667 -1978.095117 -1978.554696 -1979.588168 -1982.115836 -1989.087602 -2012.062853 -9999.0 -9999.0
-9999.0 -9999.0 76.581763 -19.660319 -117.850817 -216.508598 -315.337424 -414.224246 -513.111176 -611.952374 -710.649351 -809.153215 -907.401560 -1005.307502 -1103.128755 -1200.801565 -1297.693195 -1393.307982 -1486.903609 -1577.285245 -1662.049171 -1737.588903 -1800.823466 -1850.727514 -1888.305867 -1915.661917 -1935.116589 -1948.725167 -1958.123994 -1964.546230 -1968.893819 -1971.813411 -1973.761079 -1975.053725 -1975.908966 -1976.476790 -1976.869634 -1977.219021 -1977.887133 -1980.120604 -1984.687445 -1943.693290 -1193.588069 -1191.822269 -1181.186651 -1174.276237 -1171.028484 -1170.530267 -1170.476821 -1170.482321 -1170.496423 -1170.511587 -1170.526163 -1170.539664 -1170.552204 -1170.566860 -1170.612451 -1170.913442 -1172.653679 -1176.517600 -1181.966392 -1176.087568 -1920.747118 -1978.821136 -1978.729197 -1977.879367 -1977.685537 -1977.652173 -1977.647306 -1977.647138 -1977.647666 -1977.648198 -1977.648626 -1977.648956 -1977.649210 -1977.649408 -1977.649565 -1977.649693 -1977.649800 -1977.649897 -1977.649992 -1977.650099 -1977.650234 -1977.650420 -1977.650696 -1977.651119 -1977.651786 -1977.652854 -1977.654596 -1977.657491 -1977.662417 -1977.671028 -1977.686533 -1977.715296 -1977.770156 -1977.877667 -1978.095117 -1978.554696 -1979.588168 -1982.115836 -1989.087602 -2012.062853 -9999.0 -9999.0
-9999.0 -9999.0 76.570572 -19.662321 -117.851317 -216.508744 -315.337470 -414.224261 -513.111181 -611.952377 -710.649352 -809.153215 -907.401560 -1005.307502 -1103.128755 -1200.801565 -1297.693194 -1393.307982 -1486.903608 -1577.285245 -1662.049171 -1737.588903 -1800.823466 -1850.727514 -1888.305866 -1915.661917 -1935.116589 -1948.725167 -1958.123994 -1964.546230 -1968.893819 -1971.813411 -1973.761079 -1975.053725 -1975.908966 -1976.476790 -1976.869634 -1977.219021 -1977.887133 -1980.120604 -1984.687445 -1943.693290 -1193.588069 -1191.822269 -1181.186651 -1174.276238 -1171.028484 -1170.530267 -1170.476821 -1170.482321 -1170.496423 -1170.511587 -1170.526163 -1170.539664 -1170.552204 -1170.566860 -1170.612451 -1170.913442 -1172.653679 -1176.517600 -1181.966392 -1176.087568 -1920.747118 -1978.821136 -1978.729197 -1977.879367 -1977.685537 -1977.652173 -1977.647306 -1977.647138 -1977.647666 -1977.648198 -1977.648626 -1977.648956 -1977.649210 -1977.649408 -1977.649565 -1977.649693 -1977.649800 -1977.649897 -1977.649992 -1977.650099 -1977.650234 -1977.650420 -1977.650696 -1977.651119 -1977.651786 -1977.652854 -1977.654596 -1977.657491 -1977.662417 -1977.671028 -1977.686533 -1977.715296 -1977.770156 -1977.877667 -1978.095117 -1978.554696 -1979.588168 -1982.115836 -1989.087602 -2012.062853 -9999.0 -9999.0
-9999.0 -9999.0 -9999.0 -9999.0 -9999.0 -9999.0 -9999.0 -9999.0 -9999.0 -9999.0 -9999.0 -9999.0 -9999.0 -9999.0 -9999.0 -9999.0 -9999.0 -9999.0 -9999.0 -9999.0 -9999.0 -9999.0 -9999.0 -9999.0 -9999.0 -9999.0 -9999.0 -9999.0 -9999.0 -9999.0 -9999.0 -9999.0 -9999.0 -9999.0 -9999.0 -9999.0 -9999.0 -9999.0 -9999.0 -9999.0 -9999.0 -9999.0 -9999.0 -9999.0 -9999.0 -9999.0 -9999.0 -9999.0 -9999.0 -9999.0 -9999.0 -9999.0 -9999.0 -9999.0 -9999.0 -9999.0 -9999.0 -9999.0 -9999.0 -9999.0 -9999.0 -9999.0 -9999.0 -9999.0 -9999.0 -9999.0 -9999.0 -9999.0 -9999.0 -9999.0 -9999.0 -9999.0 -9999.0 -9999.0 -9999.0 -9999.0 -9999.0 -9999.0 -9999.0 -9999.0 -9999.0 -9999.0 -9999.0 -9999.0 -9999.0 -9999.0 -9999.0 -9999.0 -9999.0 -9999.0 -9999.0 -9999.0 -9999.0 -9999.0 -9999.0 -9999.0 -9999.0 -9999.0 -9999.0 -9999.0 -9999.0 -9999.0 -9999.0 -9999.0
-9999.0 -9999.0 -9999.0 -9999.0 -9999.0 -9999.0 -9999.0 -9999.0 -9999.0 -9999.0 -9999.0 -9999.0 -9999.0 -9999.0 -9999.0 -9999.0 -9999.0 -9999.0 -9999.0 -9999.0 -9999.0 -9999.0 -9999.0 -9999.0 -9999.0 -9999.0 -9999.0 -9999.0 -9999.0 -9999.0 -9999.0 -9999.0 -9999.0 -9999.0 -9999.0 -9999.0 -9999.0 -9999.0 -9999.0 -9999.0 -9999.0 -9999.0 -9999.0 -9999.0 -9999.0 -9999.0 -9999.0 -9999.0 -9999.0 -9999.0 -9999.0 -9999.0 -9999.0 -9999.0 -9999.0 -9999.0 -9999.0 -9999.0 -9999.0 -9999.0 -9999.0 -9999.0 -9999.0 -9999.0 -9999.0 -9999.0 -9999.0 -9999.0 -9999.0 -9999.0 -9999.0 -9999.0 -9999.0 -9999.0 -9999.0 -9999.0 -9999.0 -9999.0 -9999.0 -9999.0 -9999.0 -9999.0 -9999.0 -9999.0 -9999.0 -9999.0 -9999.0 -9999.0 -9999.0 -9999.0 -9999.0 -9999.0 -9999.0 -9999.0 -9999.0 -9999.0 -9999.0 -9999.0 -9999.0 -9999.0 -9999.0 -9999.0 -9999.0 -9999.0