inst/processing_geotop_simulation/geotop_simulation/out/maps3D/PwL0005N0185.asc
ncols         104
nrows         10
xllcorner     -2.000000
yllcorner     0.000000
cellsize      1.000000
NODATA_value  -9999.0
-9999.0 -9999.0 -9999.0 -9999.0 -9999.0 -9999.0 -9999.0 -9999.0 -9999.0 -9999.0 -9999.0 -9999.0 -9999.0 -9999.0 -9999.0 -9999.0 -9999.0 -9999.0 -9999.0 -9999.0 -9999.0 -9999.0 -9999.0 -9999.0 -9999.0 -9999.0 -9999.0 -9999.0 -9999.0 -9999.0 -9999.0 -9999.0 -9999.0 -9999.0 -9999.0 -9999.0 -9999.0 -9999.0 -9999.0 -9999.0 -9999.0 -9999.0 -9999.0 -9999.0 -9999.0 -9999.0 -9999.0 -9999.0 -9999.0 -9999.0 -9999.0 -9999.0 -9999.0 -9999.0 -9999.0 -9999.0 -9999.0 -9999.0 -9999.0 -9999.0 -9999.0 -9999.0 -9999.0 -9999.0 -9999.0 -9999.0 -9999.0 -9999.0 -9999.0 -9999.0 -9999.0 -9999.0 -9999.0 -9999.0 -9999.0 -9999.0 -9999.0 -9999.0 -9999.0 -9999.0 -9999.0 -9999.0 -9999.0 -9999.0 -9999.0 -9999.0 -9999.0 -9999.0 -9999.0 -9999.0 -9999.0 -9999.0 -9999.0 -9999.0 -9999.0 -9999.0 -9999.0 -9999.0 -9999.0 -9999.0 -9999.0 -9999.0 -9999.0 -9999.0
-9999.0 -9999.0 -9999.0 -9999.0 -9999.0 -9999.0 -9999.0 -9999.0 -9999.0 -9999.0 -9999.0 -9999.0 -9999.0 -9999.0 -9999.0 -9999.0 -9999.0 -9999.0 -9999.0 -9999.0 -9999.0 -9999.0 -9999.0 -9999.0 -9999.0 -9999.0 -9999.0 -9999.0 -9999.0 -9999.0 -9999.0 -9999.0 -9999.0 -9999.0 -9999.0 -9999.0 -9999.0 -9999.0 -9999.0 -9999.0 -9999.0 -9999.0 -9999.0 -9999.0 -9999.0 -9999.0 -9999.0 -9999.0 -9999.0 -9999.0 -9999.0 -9999.0 -9999.0 -9999.0 -9999.0 -9999.0 -9999.0 -9999.0 -9999.0 -9999.0 -9999.0 -9999.0 -9999.0 -9999.0 -9999.0 -9999.0 -9999.0 -9999.0 -9999.0 -9999.0 -9999.0 -9999.0 -9999.0 -9999.0 -9999.0 -9999.0 -9999.0 -9999.0 -9999.0 -9999.0 -9999.0 -9999.0 -9999.0 -9999.0 -9999.0 -9999.0 -9999.0 -9999.0 -9999.0 -9999.0 -9999.0 -9999.0 -9999.0 -9999.0 -9999.0 -9999.0 -9999.0 -9999.0 -9999.0 -9999.0 -9999.0 -9999.0 -9999.0 -9999.0
-9999.0 -9999.0 230.580606 139.020116 43.728408 -52.717513 -149.611679 -246.677816 -343.754509 -440.727637 -537.417818 -633.372427 -728.364583 -822.784080 -916.902277 -1011.285747 -1104.774844 -1196.263409 -1286.168318 -1369.980274 -1440.447518 -1494.663018 -1533.603881 -1560.330775 -1578.238454 -1590.147558 -1598.086401 -1603.404483 -1606.974452 -1609.365420 -1610.958255 -1612.012492 -1612.705934 -1613.159645 -1613.455318 -1613.649375 -1613.787544 -1613.931609 -1614.295969 -1616.072100 -1624.071986 -1631.754687 -1067.317926 -1082.193062 -1064.864013 -1053.977980 -1048.901926 -1048.187372 -1048.113994 -1048.123441 -1048.145092 -1048.168236 -1048.190461 -1048.211030 -1048.230040 -1048.251404 -1048.313183 -1048.731420 -1051.399849 -1057.420873 -1066.596393 -1039.832255 -1608.578250 -1619.122990 -1615.135335 -1614.257367 -1614.117526 -1614.095982 -1614.093327 -1614.093886 -1614.094855 -1614.095704 -1614.096366 -1614.096870 -1614.097254 -1614.097552 -1614.097788 -1614.097978 -1614.098136 -1614.098276 -1614.098414 -1614.098566 -1614.098757 -1614.099023 -1614.099416 -1614.100021 -1614.100972 -1614.102493 -1614.104964 -1614.109043 -1614.115925 -1614.127835 -1614.149057 -1614.188014 -1614.261519 -1614.403526 -1614.684238 -1615.256276 -1616.479018 -1619.281798 -1626.400864 -1648.280625 -9999.0 -9999.0
-9999.0 -9999.0 230.590498 139.022275 43.728965 -52.717350 -149.611628 -246.677798 -343.754503 -440.727635 -537.417818 -633.372426 -728.364583 -822.784080 -916.902277 -1011.285747 -1104.774844 -1196.263410 -1286.168318 -1369.980275 -1440.447518 -1494.663018 -1533.603881 -1560.330775 -1578.238454 -1590.147558 -1598.086401 -1603.404483 -1606.974452 -1609.365420 -1610.958255 -1612.012492 -1612.705934 -1613.159645 -1613.455318 -1613.649375 -1613.787544 -1613.931609 -1614.295969 -1616.072100 -1624.071986 -1631.754687 -1067.317925 -1082.193062 -1064.864013 -1053.977979 -1048.901926 -1048.187372 -1048.113994 -1048.123441 -1048.145092 -1048.168236 -1048.190461 -1048.211030 -1048.230040 -1048.251404 -1048.313183 -1048.731420 -1051.399849 -1057.420873 -1066.596393 -1039.832255 -1608.578250 -1619.122990 -1615.135335 -1614.257367 -1614.117526 -1614.095982 -1614.093327 -1614.093886 -1614.094855 -1614.095704 -1614.096366 -1614.096870 -1614.097254 -1614.097552 -1614.097788 -1614.097978 -1614.098136 -1614.098276 -1614.098414 -1614.098566 -1614.098757 -1614.099023 -1614.099416 -1614.100021 -1614.100972 -1614.102493 -1614.104964 -1614.109043 -1614.115925 -1614.127835 -1614.149057 -1614.188014 -1614.261519 -1614.403526 -1614.684238 -1615.256276 -1616.479018 -1619.281798 -1626.400864 -1648.280625 -9999.0 -9999.0
-9999.0 -9999.0 230.592052 139.023162 43.729318 -52.717222 -149.611583 -246.677783 -343.754497 -440.727633 -537.417817 -633.372426 -728.364583 -822.784080 -916.902277 -1011.285748 -1104.774844 -1196.263410 -1286.168319 -1369.980275 -1440.447518 -1494.663019 -1533.603881 -1560.330775 -1578.238454 -1590.147559 -1598.086401 -1603.404483 -1606.974452 -1609.365420 -1610.958255 -1612.012492 -1612.705934 -1613.159645 -1613.455318 -1613.649375 -1613.787544 -1613.931609 -1614.295969 -1616.072100 -1624.071986 -1631.754687 -1067.317925 -1082.193062 -1064.864013 -1053.977979 -1048.901926 -1048.187372 -1048.113994 -1048.123441 -1048.145092 -1048.168236 -1048.190461 -1048.211030 -1048.230040 -1048.251404 -1048.313183 -1048.731420 -1051.399849 -1057.420873 -1066.596393 -1039.832255 -1608.578250 -1619.122990 -1615.135335 -1614.257367 -1614.117526 -1614.095982 -1614.093327 -1614.093886 -1614.094855 -1614.095704 -1614.096366 -1614.096870 -1614.097254 -1614.097552 -1614.097788 -1614.097978 -1614.098136 -1614.098276 -1614.098414 -1614.098566 -1614.098757 -1614.099023 -1614.099416 -1614.100021 -1614.100972 -1614.102493 -1614.104964 -1614.109043 -1614.115925 -1614.127835 -1614.149057 -1614.188014 -1614.261519 -1614.403526 -1614.684238 -1615.256276 -1616.479018 -1619.281798 -1626.400864 -1648.280625 -9999.0 -9999.0
-9999.0 -9999.0 230.592052 139.023163 43.729318 -52.717222 -149.611583 -246.677782 -343.754497 -440.727633 -537.417817 -633.372426 -728.364583 -822.784080 -916.902277 -1011.285748 -1104.774844 -1196.263410 -1286.168319 -1369.980275 -1440.447518 -1494.663019 -1533.603881 -1560.330775 -1578.238454 -1590.147559 -1598.086401 -1603.404483 -1606.974452 -1609.365420 -1610.958255 -1612.012492 -1612.705934 -1613.159645 -1613.455318 -1613.649375 -1613.787544 -1613.931609 -1614.295969 -1616.072100 -1624.071986 -1631.754687 -1067.317925 -1082.193062 -1064.864013 -1053.977979 -1048.901926 -1048.187372 -1048.113994 -1048.123441 -1048.145092 -1048.168236 -1048.190461 -1048.211030 -1048.230040 -1048.251404 -1048.313183 -1048.731420 -1051.399849 -1057.420873 -1066.596393 -1039.832255 -1608.578250 -1619.122990 -1615.135335 -1614.257367 -1614.117526 -1614.095982 -1614.093327 -1614.093886 -1614.094855 -1614.095704 -1614.096366 -1614.096870 -1614.097254 -1614.097552 -1614.097788 -1614.097978 -1614.098136 -1614.098276 -1614.098414 -1614.098566 -1614.098757 -1614.099023 -1614.099416 -1614.100021 -1614.100972 -1614.102493 -1614.104964 -1614.109043 -1614.115925 -1614.127835 -1614.149057 -1614.188014 -1614.261519 -1614.403526 -1614.684238 -1615.256276 -1616.479018 -1619.281798 -1626.400864 -1648.280625 -9999.0 -9999.0
-9999.0 -9999.0 230.590498 139.022275 43.728965 -52.717350 -149.611628 -246.677799 -343.754503 -440.727635 -537.417817 -633.372426 -728.364583 -822.784080 -916.902277 -1011.285747 -1104.774844 -1196.263410 -1286.168318 -1369.980275 -1440.447518 -1494.663018 -1533.603881 -1560.330775 -1578.238454 -1590.147558 -1598.086401 -1603.404483 -1606.974452 -1609.365420 -1610.958255 -1612.012492 -1612.705934 -1613.159645 -1613.455318 -1613.649375 -1613.787544 -1613.931609 -1614.295969 -1616.072100 -1624.071986 -1631.754687 -1067.317925 -1082.193062 -1064.864013 -1053.977979 -1048.901926 -1048.187372 -1048.113994 -1048.123441 -1048.145092 -1048.168236 -1048.190461 -1048.211030 -1048.230040 -1048.251404 -1048.313183 -1048.731420 -1051.399849 -1057.420873 -1066.596393 -1039.832255 -1608.578250 -1619.122990 -1615.135335 -1614.257367 -1614.117526 -1614.095982 -1614.093327 -1614.093886 -1614.094855 -1614.095704 -1614.096366 -1614.096870 -1614.097254 -1614.097552 -1614.097788 -1614.097978 -1614.098136 -1614.098276 -1614.098414 -1614.098566 -1614.098757 -1614.099023 -1614.099416 -1614.100021 -1614.100972 -1614.102493 -1614.104964 -1614.109043 -1614.115925 -1614.127835 -1614.149057 -1614.188014 -1614.261519 -1614.403526 -1614.684238 -1615.256276 -1616.479018 -1619.281798 -1626.400864 -1648.280625 -9999.0 -9999.0
-9999.0 -9999.0 230.580605 139.020116 43.728408 -52.717513 -149.611680 -246.677816 -343.754509 -440.727637 -537.417818 -633.372426 -728.364583 -822.784080 -916.902277 -1011.285747 -1104.774844 -1196.263409 -1286.168318 -1369.980274 -1440.447518 -1494.663018 -1533.603881 -1560.330775 -1578.238454 -1590.147558 -1598.086401 -1603.404483 -1606.974452 -1609.365420 -1610.958255 -1612.012492 -1612.705934 -1613.159645 -1613.455318 -1613.649375 -1613.787544 -1613.931609 -1614.295969 -1616.072100 -1624.071986 -1631.754687 -1067.317926 -1082.193062 -1064.864013 -1053.977980 -1048.901926 -1048.187372 -1048.113994 -1048.123441 -1048.145092 -1048.168236 -1048.190461 -1048.211030 -1048.230040 -1048.251404 -1048.313183 -1048.731420 -1051.399849 -1057.420873 -1066.596393 -1039.832255 -1608.578250 -1619.122990 -1615.135335 -1614.257367 -1614.117526 -1614.095982 -1614.093327 -1614.093886 -1614.094855 -1614.095704 -1614.096366 -1614.096870 -1614.097254 -1614.097552 -1614.097788 -1614.097978 -1614.098136 -1614.098276 -1614.098414 -1614.098566 -1614.098757 -1614.099023 -1614.099416 -1614.100021 -1614.100972 -1614.102493 -1614.104964 -1614.109043 -1614.115925 -1614.127835 -1614.149057 -1614.188014 -1614.261519 -1614.403526 -1614.684238 -1615.256276 -1616.479018 -1619.281798 -1626.400864 -1648.280625 -9999.0 -9999.0
-9999.0 -9999.0 -9999.0 -9999.0 -9999.0 -9999.0 -9999.0 -9999.0 -9999.0 -9999.0 -9999.0 -9999.0 -9999.0 -9999.0 -9999.0 -9999.0 -9999.0 -9999.0 -9999.0 -9999.0 -9999.0 -9999.0 -9999.0 -9999.0 -9999.0 -9999.0 -9999.0 -9999.0 -9999.0 -9999.0 -9999.0 -9999.0 -9999.0 -9999.0 -9999.0 -9999.0 -9999.0 -9999.0 -9999.0 -9999.0 -9999.0 -9999.0 -9999.0 -9999.0 -9999.0 -9999.0 -9999.0 -9999.0 -9999.0 -9999.0 -9999.0 -9999.0 -9999.0 -9999.0 -9999.0 -9999.0 -9999.0 -9999.0 -9999.0 -9999.0 -9999.0 -9999.0 -9999.0 -9999.0 -9999.0 -9999.0 -9999.0 -9999.0 -9999.0 -9999.0 -9999.0 -9999.0 -9999.0 -9999.0 -9999.0 -9999.0 -9999.0 -9999.0 -9999.0 -9999.0 -9999.0 -9999.0 -9999.0 -9999.0 -9999.0 -9999.0 -9999.0 -9999.0 -9999.0 -9999.0 -9999.0 -9999.0 -9999.0 -9999.0 -9999.0 -9999.0 -9999.0 -9999.0 -9999.0 -9999.0 -9999.0 -9999.0 -9999.0 -9999.0
-9999.0 -9999.0 -9999.0 -9999.0 -9999.0 -9999.0 -9999.0 -9999.0 -9999.0 -9999.0 -9999.0 -9999.0 -9999.0 -9999.0 -9999.0 -9999.0 -9999.0 -9999.0 -9999.0 -9999.0 -9999.0 -9999.0 -9999.0 -9999.0 -9999.0 -9999.0 -9999.0 -9999.0 -9999.0 -9999.0 -9999.0 -9999.0 -9999.0 -9999.0 -9999.0 -9999.0 -9999.0 -9999.0 -9999.0 -9999.0 -9999.0 -9999.0 -9999.0 -9999.0 -9999.0 -9999.0 -9999.0 -9999.0 -9999.0 -9999.0 -9999.0 -9999.0 -9999.0 -9999.0 -9999.0 -9999.0 -9999.0 -9999.0 -9999.0 -9999.0 -9999.0 -9999.0 -9999.0 -9999.0 -9999.0 -9999.0 -9999.0 -9999.0 -9999.0 -9999.0 -9999.0 -9999.0 -9999.0 -9999.0 -9999.0 -9999.0 -9999.0 -9999.0 -9999.0 -9999.0 -9999.0 -9999.0 -9999.0 -9999.0 -9999.0 -9999.0 -9999.0 -9999.0 -9999.0 -9999.0 -9999.0 -9999.0 -9999.0 -9999.0 -9999.0 -9999.0 -9999.0 -9999.0 -9999.0 -9999.0 -9999.0 -9999.0 -9999.0 -9999.0