inst/processing_geotop_simulation/geotop_simulation/out/maps3D/PwL0015N0425.asc
ncols         104
nrows         10
xllcorner     -2.000000
yllcorner     0.000000
cellsize      1.000000
NODATA_value  -9999.0
-9999.0 -9999.0 -9999.0 -9999.0 -9999.0 -9999.0 -9999.0 -9999.0 -9999.0 -9999.0 -9999.0 -9999.0 -9999.0 -9999.0 -9999.0 -9999.0 -9999.0 -9999.0 -9999.0 -9999.0 -9999.0 -9999.0 -9999.0 -9999.0 -9999.0 -9999.0 -9999.0 -9999.0 -9999.0 -9999.0 -9999.0 -9999.0 -9999.0 -9999.0 -9999.0 -9999.0 -9999.0 -9999.0 -9999.0 -9999.0 -9999.0 -9999.0 -9999.0 -9999.0 -9999.0 -9999.0 -9999.0 -9999.0 -9999.0 -9999.0 -9999.0 -9999.0 -9999.0 -9999.0 -9999.0 -9999.0 -9999.0 -9999.0 -9999.0 -9999.0 -9999.0 -9999.0 -9999.0 -9999.0 -9999.0 -9999.0 -9999.0 -9999.0 -9999.0 -9999.0 -9999.0 -9999.0 -9999.0 -9999.0 -9999.0 -9999.0 -9999.0 -9999.0 -9999.0 -9999.0 -9999.0 -9999.0 -9999.0 -9999.0 -9999.0 -9999.0 -9999.0 -9999.0 -9999.0 -9999.0 -9999.0 -9999.0 -9999.0 -9999.0 -9999.0 -9999.0 -9999.0 -9999.0 -9999.0 -9999.0 -9999.0 -9999.0 -9999.0 -9999.0
-9999.0 -9999.0 -9999.0 -9999.0 -9999.0 -9999.0 -9999.0 -9999.0 -9999.0 -9999.0 -9999.0 -9999.0 -9999.0 -9999.0 -9999.0 -9999.0 -9999.0 -9999.0 -9999.0 -9999.0 -9999.0 -9999.0 -9999.0 -9999.0 -9999.0 -9999.0 -9999.0 -9999.0 -9999.0 -9999.0 -9999.0 -9999.0 -9999.0 -9999.0 -9999.0 -9999.0 -9999.0 -9999.0 -9999.0 -9999.0 -9999.0 -9999.0 -9999.0 -9999.0 -9999.0 -9999.0 -9999.0 -9999.0 -9999.0 -9999.0 -9999.0 -9999.0 -9999.0 -9999.0 -9999.0 -9999.0 -9999.0 -9999.0 -9999.0 -9999.0 -9999.0 -9999.0 -9999.0 -9999.0 -9999.0 -9999.0 -9999.0 -9999.0 -9999.0 -9999.0 -9999.0 -9999.0 -9999.0 -9999.0 -9999.0 -9999.0 -9999.0 -9999.0 -9999.0 -9999.0 -9999.0 -9999.0 -9999.0 -9999.0 -9999.0 -9999.0 -9999.0 -9999.0 -9999.0 -9999.0 -9999.0 -9999.0 -9999.0 -9999.0 -9999.0 -9999.0 -9999.0 -9999.0 -9999.0 -9999.0 -9999.0 -9999.0 -9999.0 -9999.0
-9999.0 -9999.0 720.479490 621.593522 522.492430 423.231576 323.894518 224.524793 125.144488 25.765634 -73.602612 -172.958096 -272.294695 -371.595963 -470.833744 -569.964480 -668.909764 -767.744054 -866.574233 -965.228952 -1063.623182 -1160.725400 -1254.521743 -1343.508775 -1425.407065 -1498.176295 -1560.462649 -1611.835217 -1652.759549 -1684.366392 -1708.138789 -1725.630556 -1738.274623 -1747.286467 -1753.639523 -1758.085395 -1761.205028 -1763.516717 -1765.760069 -1769.468666 -1776.225342 -1778.049938 -1837.964464 -4113.974791 -4172.349673 -4099.221822 -4043.968514 -4035.370099 -4034.478038 -4034.568763 -4034.798782 -4035.045089 -4035.281270 -4035.499583 -4035.701328 -4035.930925 -4036.624753 -4041.468285 -4072.238047 -4126.541506 -3978.327552 -1635.162138 -1736.353009 -1768.205710 -1769.099527 -1768.301526 -1768.043313 -1767.988453 -1767.978940 -1767.977822 -1767.978091 -1767.978518 -1767.978899 -1767.979217 -1767.979482 -1767.979708 -1767.979907 -1767.980086 -1767.980253 -1767.980415 -1767.980580 -1767.980758 -1767.980961 -1767.981209 -1767.981531 -1767.981975 -1767.982617 -1767.983586 -1767.985104 -1767.987570 -1767.991723 -1767.998972 -1768.012087 -1768.036651 -1768.084262 -1768.180036 -1768.381666 -1768.831204 -1769.905118 -1772.689342 -1780.663679 -1806.390076 -9999.0 -9999.0
-9999.0 -9999.0 720.483300 621.594795 522.492816 423.231697 323.894559 224.524807 125.144494 25.765636 -73.602611 -172.958096 -272.294694 -371.595963 -470.833744 -569.964481 -668.909765 -767.744055 -866.574233 -965.228952 -1063.623182 -1160.725400 -1254.521744 -1343.508775 -1425.407065 -1498.176296 -1560.462649 -1611.835217 -1652.759549 -1684.366392 -1708.138789 -1725.630556 -1738.274623 -1747.286467 -1753.639523 -1758.085395 -1761.205028 -1763.516717 -1765.760069 -1769.468666 -1776.225342 -1778.049938 -1837.964464 -4113.974791 -4172.349673 -4099.221819 -4043.968514 -4035.370099 -4034.478038 -4034.568763 -4034.798782 -4035.045089 -4035.281270 -4035.499583 -4035.701328 -4035.930925 -4036.624753 -4041.468285 -4072.238047 -4126.541506 -3978.327552 -1635.162138 -1736.353009 -1768.205710 -1769.099527 -1768.301526 -1768.043313 -1767.988453 -1767.978940 -1767.977822 -1767.978091 -1767.978518 -1767.978899 -1767.979217 -1767.979482 -1767.979708 -1767.979907 -1767.980086 -1767.980253 -1767.980415 -1767.980580 -1767.980758 -1767.980961 -1767.981209 -1767.981531 -1767.981975 -1767.982617 -1767.983586 -1767.985104 -1767.987570 -1767.991723 -1767.998972 -1768.012087 -1768.036651 -1768.084262 -1768.180036 -1768.381666 -1768.831204 -1769.905118 -1772.689342 -1780.663679 -1806.390076 -9999.0 -9999.0
-9999.0 -9999.0 720.484500 621.595425 522.493075 423.231794 323.894594 224.524820 125.144498 25.765638 -73.602610 -172.958095 -272.294694 -371.595963 -470.833744 -569.964481 -668.909765 -767.744055 -866.574234 -965.228952 -1063.623182 -1160.725400 -1254.521744 -1343.508775 -1425.407066 -1498.176296 -1560.462649 -1611.835217 -1652.759549 -1684.366392 -1708.138789 -1725.630556 -1738.274623 -1747.286467 -1753.639523 -1758.085395 -1761.205028 -1763.516717 -1765.760069 -1769.468666 -1776.225342 -1778.049938 -1837.964464 -4113.974791 -4172.349673 -4099.221818 -4043.968514 -4035.370099 -4034.478038 -4034.568763 -4034.798782 -4035.045089 -4035.281270 -4035.499583 -4035.701328 -4035.930925 -4036.624753 -4041.468285 -4072.238047 -4126.541506 -3978.327552 -1635.162138 -1736.353009 -1768.205710 -1769.099527 -1768.301526 -1768.043313 -1767.988453 -1767.978940 -1767.977822 -1767.978091 -1767.978518 -1767.978899 -1767.979217 -1767.979482 -1767.979708 -1767.979907 -1767.980086 -1767.980253 -1767.980415 -1767.980580 -1767.980758 -1767.980961 -1767.981209 -1767.981531 -1767.981975 -1767.982617 -1767.983586 -1767.985104 -1767.987570 -1767.991723 -1767.998972 -1768.012087 -1768.036651 -1768.084262 -1768.180036 -1768.381666 -1768.831204 -1769.905118 -1772.689342 -1780.663679 -1806.390076 -9999.0 -9999.0
-9999.0 -9999.0 720.484500 621.595425 522.493075 423.231794 323.894594 224.524820 125.144498 25.765638 -73.602610 -172.958095 -272.294694 -371.595963 -470.833744 -569.964481 -668.909765 -767.744055 -866.574233 -965.228952 -1063.623182 -1160.725400 -1254.521744 -1343.508775 -1425.407066 -1498.176296 -1560.462649 -1611.835217 -1652.759549 -1684.366392 -1708.138789 -1725.630556 -1738.274623 -1747.286467 -1753.639523 -1758.085395 -1761.205028 -1763.516717 -1765.760069 -1769.468666 -1776.225342 -1778.049938 -1837.964464 -4113.974791 -4172.349673 -4099.221818 -4043.968514 -4035.370099 -4034.478038 -4034.568763 -4034.798782 -4035.045089 -4035.281270 -4035.499583 -4035.701328 -4035.930925 -4036.624753 -4041.468285 -4072.238047 -4126.541506 -3978.327552 -1635.162138 -1736.353009 -1768.205710 -1769.099527 -1768.301526 -1768.043313 -1767.988453 -1767.978940 -1767.977822 -1767.978091 -1767.978518 -1767.978899 -1767.979217 -1767.979482 -1767.979708 -1767.979907 -1767.980086 -1767.980253 -1767.980415 -1767.980580 -1767.980758 -1767.980961 -1767.981209 -1767.981531 -1767.981975 -1767.982617 -1767.983586 -1767.985104 -1767.987570 -1767.991723 -1767.998972 -1768.012087 -1768.036651 -1768.084262 -1768.180036 -1768.381666 -1768.831204 -1769.905118 -1772.689342 -1780.663679 -1806.390076 -9999.0 -9999.0
-9999.0 -9999.0 720.483300 621.594795 522.492816 423.231697 323.894559 224.524807 125.144494 25.765636 -73.602611 -172.958096 -272.294694 -371.595963 -470.833744 -569.964481 -668.909765 -767.744055 -866.574233 -965.228952 -1063.623182 -1160.725400 -1254.521744 -1343.508775 -1425.407065 -1498.176296 -1560.462649 -1611.835217 -1652.759549 -1684.366392 -1708.138789 -1725.630556 -1738.274623 -1747.286467 -1753.639523 -1758.085395 -1761.205028 -1763.516717 -1765.760069 -1769.468666 -1776.225342 -1778.049938 -1837.964464 -4113.974791 -4172.349673 -4099.221819 -4043.968514 -4035.370099 -4034.478038 -4034.568763 -4034.798782 -4035.045089 -4035.281270 -4035.499583 -4035.701328 -4035.930925 -4036.624753 -4041.468285 -4072.238047 -4126.541506 -3978.327552 -1635.162138 -1736.353009 -1768.205710 -1769.099527 -1768.301526 -1768.043313 -1767.988453 -1767.978940 -1767.977822 -1767.978091 -1767.978518 -1767.978899 -1767.979217 -1767.979482 -1767.979708 -1767.979907 -1767.980086 -1767.980253 -1767.980415 -1767.980580 -1767.980758 -1767.980961 -1767.981209 -1767.981531 -1767.981975 -1767.982617 -1767.983586 -1767.985104 -1767.987570 -1767.991723 -1767.998972 -1768.012087 -1768.036651 -1768.084262 -1768.180036 -1768.381666 -1768.831204 -1769.905118 -1772.689342 -1780.663679 -1806.390076 -9999.0 -9999.0
-9999.0 -9999.0 720.479490 621.593522 522.492430 423.231576 323.894518 224.524793 125.144488 25.765634 -73.602612 -172.958096 -272.294695 -371.595963 -470.833744 -569.964481 -668.909764 -767.744054 -866.574233 -965.228952 -1063.623182 -1160.725400 -1254.521743 -1343.508775 -1425.407065 -1498.176295 -1560.462649 -1611.835217 -1652.759549 -1684.366392 -1708.138789 -1725.630556 -1738.274623 -1747.286467 -1753.639523 -1758.085395 -1761.205028 -1763.516717 -1765.760069 -1769.468666 -1776.225342 -1778.049938 -1837.964464 -4113.974791 -4172.349673 -4099.221822 -4043.968514 -4035.370099 -4034.478038 -4034.568763 -4034.798782 -4035.045089 -4035.281270 -4035.499583 -4035.701328 -4035.930925 -4036.624753 -4041.468285 -4072.238047 -4126.541506 -3978.327552 -1635.162138 -1736.353009 -1768.205710 -1769.099527 -1768.301526 -1768.043313 -1767.988453 -1767.978940 -1767.977822 -1767.978091 -1767.978518 -1767.978899 -1767.979217 -1767.979482 -1767.979708 -1767.979907 -1767.980086 -1767.980253 -1767.980415 -1767.980580 -1767.980758 -1767.980961 -1767.981209 -1767.981531 -1767.981975 -1767.982617 -1767.983586 -1767.985104 -1767.987570 -1767.991723 -1767.998972 -1768.012087 -1768.036651 -1768.084262 -1768.180036 -1768.381666 -1768.831204 -1769.905118 -1772.689342 -1780.663679 -1806.390076 -9999.0 -9999.0
-9999.0 -9999.0 -9999.0 -9999.0 -9999.0 -9999.0 -9999.0 -9999.0 -9999.0 -9999.0 -9999.0 -9999.0 -9999.0 -9999.0 -9999.0 -9999.0 -9999.0 -9999.0 -9999.0 -9999.0 -9999.0 -9999.0 -9999.0 -9999.0 -9999.0 -9999.0 -9999.0 -9999.0 -9999.0 -9999.0 -9999.0 -9999.0 -9999.0 -9999.0 -9999.0 -9999.0 -9999.0 -9999.0 -9999.0 -9999.0 -9999.0 -9999.0 -9999.0 -9999.0 -9999.0 -9999.0 -9999.0 -9999.0 -9999.0 -9999.0 -9999.0 -9999.0 -9999.0 -9999.0 -9999.0 -9999.0 -9999.0 -9999.0 -9999.0 -9999.0 -9999.0 -9999.0 -9999.0 -9999.0 -9999.0 -9999.0 -9999.0 -9999.0 -9999.0 -9999.0 -9999.0 -9999.0 -9999.0 -9999.0 -9999.0 -9999.0 -9999.0 -9999.0 -9999.0 -9999.0 -9999.0 -9999.0 -9999.0 -9999.0 -9999.0 -9999.0 -9999.0 -9999.0 -9999.0 -9999.0 -9999.0 -9999.0 -9999.0 -9999.0 -9999.0 -9999.0 -9999.0 -9999.0 -9999.0 -9999.0 -9999.0 -9999.0 -9999.0 -9999.0
-9999.0 -9999.0 -9999.0 -9999.0 -9999.0 -9999.0 -9999.0 -9999.0 -9999.0 -9999.0 -9999.0 -9999.0 -9999.0 -9999.0 -9999.0 -9999.0 -9999.0 -9999.0 -9999.0 -9999.0 -9999.0 -9999.0 -9999.0 -9999.0 -9999.0 -9999.0 -9999.0 -9999.0 -9999.0 -9999.0 -9999.0 -9999.0 -9999.0 -9999.0 -9999.0 -9999.0 -9999.0 -9999.0 -9999.0 -9999.0 -9999.0 -9999.0 -9999.0 -9999.0 -9999.0 -9999.0 -9999.0 -9999.0 -9999.0 -9999.0 -9999.0 -9999.0 -9999.0 -9999.0 -9999.0 -9999.0 -9999.0 -9999.0 -9999.0 -9999.0 -9999.0 -9999.0 -9999.0 -9999.0 -9999.0 -9999.0 -9999.0 -9999.0 -9999.0 -9999.0 -9999.0 -9999.0 -9999.0 -9999.0 -9999.0 -9999.0 -9999.0 -9999.0 -9999.0 -9999.0 -9999.0 -9999.0 -9999.0 -9999.0 -9999.0 -9999.0 -9999.0 -9999.0 -9999.0 -9999.0 -9999.0 -9999.0 -9999.0 -9999.0 -9999.0 -9999.0 -9999.0 -9999.0 -9999.0 -9999.0 -9999.0 -9999.0 -9999.0 -9999.0