inst/processing_geotop_simulation/geotop_simulation/out/maps3D/PwL0002N0075.asc
ncols         104
nrows         10
xllcorner     -2.000000
yllcorner     0.000000
cellsize      1.000000
NODATA_value  -9999.0
-9999.0 -9999.0 -9999.0 -9999.0 -9999.0 -9999.0 -9999.0 -9999.0 -9999.0 -9999.0 -9999.0 -9999.0 -9999.0 -9999.0 -9999.0 -9999.0 -9999.0 -9999.0 -9999.0 -9999.0 -9999.0 -9999.0 -9999.0 -9999.0 -9999.0 -9999.0 -9999.0 -9999.0 -9999.0 -9999.0 -9999.0 -9999.0 -9999.0 -9999.0 -9999.0 -9999.0 -9999.0 -9999.0 -9999.0 -9999.0 -9999.0 -9999.0 -9999.0 -9999.0 -9999.0 -9999.0 -9999.0 -9999.0 -9999.0 -9999.0 -9999.0 -9999.0 -9999.0 -9999.0 -9999.0 -9999.0 -9999.0 -9999.0 -9999.0 -9999.0 -9999.0 -9999.0 -9999.0 -9999.0 -9999.0 -9999.0 -9999.0 -9999.0 -9999.0 -9999.0 -9999.0 -9999.0 -9999.0 -9999.0 -9999.0 -9999.0 -9999.0 -9999.0 -9999.0 -9999.0 -9999.0 -9999.0 -9999.0 -9999.0 -9999.0 -9999.0 -9999.0 -9999.0 -9999.0 -9999.0 -9999.0 -9999.0 -9999.0 -9999.0 -9999.0 -9999.0 -9999.0 -9999.0 -9999.0 -9999.0 -9999.0 -9999.0 -9999.0 -9999.0
-9999.0 -9999.0 -9999.0 -9999.0 -9999.0 -9999.0 -9999.0 -9999.0 -9999.0 -9999.0 -9999.0 -9999.0 -9999.0 -9999.0 -9999.0 -9999.0 -9999.0 -9999.0 -9999.0 -9999.0 -9999.0 -9999.0 -9999.0 -9999.0 -9999.0 -9999.0 -9999.0 -9999.0 -9999.0 -9999.0 -9999.0 -9999.0 -9999.0 -9999.0 -9999.0 -9999.0 -9999.0 -9999.0 -9999.0 -9999.0 -9999.0 -9999.0 -9999.0 -9999.0 -9999.0 -9999.0 -9999.0 -9999.0 -9999.0 -9999.0 -9999.0 -9999.0 -9999.0 -9999.0 -9999.0 -9999.0 -9999.0 -9999.0 -9999.0 -9999.0 -9999.0 -9999.0 -9999.0 -9999.0 -9999.0 -9999.0 -9999.0 -9999.0 -9999.0 -9999.0 -9999.0 -9999.0 -9999.0 -9999.0 -9999.0 -9999.0 -9999.0 -9999.0 -9999.0 -9999.0 -9999.0 -9999.0 -9999.0 -9999.0 -9999.0 -9999.0 -9999.0 -9999.0 -9999.0 -9999.0 -9999.0 -9999.0 -9999.0 -9999.0 -9999.0 -9999.0 -9999.0 -9999.0 -9999.0 -9999.0 -9999.0 -9999.0 -9999.0 -9999.0
-9999.0 -9999.0 -149.287152 -250.196224 -352.660050 -458.866304 -575.134387 -720.307620 -907.152754 -1083.426814 -1147.897485 -1140.857557 -1150.212369 -1170.175270 -1208.831283 -1254.582134 -1280.677191 -1286.513582 -1280.492219 -1271.334435 -1263.794172 -1259.509297 -1258.544708 -1260.326054 -1264.060479 -1268.916091 -1274.110482 -1279.008886 -1283.209107 -1286.553401 -1289.066154 -1290.870046 -1292.119146 -1292.958353 -1293.506022 -1293.852624 -1294.076237 -1294.273305 -1294.503209 -1294.827873 -1298.687791 -1321.607245 -856.444077 -850.467162 -837.767976 -830.023019 -826.409097 -825.916679 -825.869367 -825.883429 -825.907813 -825.933518 -825.958168 -825.980964 -826.001830 -826.023318 -826.071328 -826.369943 -828.309759 -832.792031 -840.359836 -838.048596 -1306.291585 -1297.668512 -1295.131165 -1294.679902 -1294.585299 -1294.568377 -1294.568327 -1294.571280 -1294.574207 -1294.576550 -1294.578323 -1294.579656 -1294.580670 -1294.581453 -1294.582071 -1294.582568 -1294.582976 -1294.583332 -1294.583673 -1294.584041 -1294.584497 -1294.585120 -1294.586034 -1294.587430 -1294.589616 -1294.593091 -1294.598687 -1294.607832 -1294.623043 -1294.648929 -1294.694216 -1294.775888 -1294.927581 -1295.216224 -1295.774501 -1296.865458 -1299.024497 -1303.423881 -1312.914216 -1336.117012 -9999.0 -9999.0
-9999.0 -9999.0 -149.287153 -250.196225 -352.660050 -458.866305 -575.134387 -720.307621 -907.152756 -1083.426815 -1147.897485 -1140.857557 -1150.212369 -1170.175270 -1208.831283 -1254.582134 -1280.677191 -1286.513582 -1280.492219 -1271.334435 -1263.794172 -1259.509297 -1258.544708 -1260.326054 -1264.060479 -1268.916091 -1274.110482 -1279.008886 -1283.209107 -1286.553401 -1289.066154 -1290.870046 -1292.119146 -1292.958353 -1293.506022 -1293.852624 -1294.076237 -1294.273305 -1294.503209 -1294.827873 -1298.687791 -1321.607245 -856.444077 -850.467162 -837.767976 -830.023019 -826.409097 -825.916679 -825.869367 -825.883429 -825.907813 -825.933518 -825.958168 -825.980964 -826.001830 -826.023318 -826.071328 -826.369943 -828.309759 -832.792031 -840.359836 -838.048596 -1306.291585 -1297.668512 -1295.131165 -1294.679902 -1294.585299 -1294.568377 -1294.568327 -1294.571280 -1294.574207 -1294.576550 -1294.578323 -1294.579656 -1294.580670 -1294.581453 -1294.582071 -1294.582568 -1294.582976 -1294.583332 -1294.583673 -1294.584041 -1294.584497 -1294.585120 -1294.586034 -1294.587430 -1294.589616 -1294.593091 -1294.598687 -1294.607832 -1294.623043 -1294.648929 -1294.694216 -1294.775888 -1294.927581 -1295.216224 -1295.774501 -1296.865458 -1299.024497 -1303.423881 -1312.914216 -1336.117012 -9999.0 -9999.0
-9999.0 -9999.0 -149.287153 -250.196225 -352.660051 -458.866305 -575.134388 -720.307622 -907.152756 -1083.426815 -1147.897485 -1140.857557 -1150.212369 -1170.175270 -1208.831283 -1254.582134 -1280.677191 -1286.513582 -1280.492219 -1271.334435 -1263.794172 -1259.509297 -1258.544708 -1260.326054 -1264.060479 -1268.916091 -1274.110482 -1279.008886 -1283.209107 -1286.553401 -1289.066154 -1290.870046 -1292.119146 -1292.958353 -1293.506022 -1293.852624 -1294.076237 -1294.273305 -1294.503209 -1294.827873 -1298.687791 -1321.607245 -856.444077 -850.467162 -837.767976 -830.023019 -826.409097 -825.916679 -825.869367 -825.883429 -825.907813 -825.933518 -825.958168 -825.980964 -826.001830 -826.023318 -826.071328 -826.369943 -828.309759 -832.792031 -840.359836 -838.048596 -1306.291585 -1297.668512 -1295.131165 -1294.679902 -1294.585299 -1294.568377 -1294.568327 -1294.571280 -1294.574207 -1294.576550 -1294.578323 -1294.579656 -1294.580670 -1294.581453 -1294.582071 -1294.582568 -1294.582976 -1294.583332 -1294.583673 -1294.584041 -1294.584497 -1294.585120 -1294.586034 -1294.587430 -1294.589616 -1294.593091 -1294.598687 -1294.607832 -1294.623043 -1294.648929 -1294.694216 -1294.775888 -1294.927581 -1295.216224 -1295.774501 -1296.865458 -1299.024497 -1303.423881 -1312.914216 -1336.117012 -9999.0 -9999.0
-9999.0 -9999.0 -149.287153 -250.196225 -352.660051 -458.866305 -575.134388 -720.307622 -907.152756 -1083.426815 -1147.897485 -1140.857557 -1150.212369 -1170.175270 -1208.831283 -1254.582134 -1280.677191 -1286.513582 -1280.492219 -1271.334435 -1263.794172 -1259.509297 -1258.544708 -1260.326054 -1264.060479 -1268.916091 -1274.110482 -1279.008886 -1283.209107 -1286.553401 -1289.066154 -1290.870046 -1292.119146 -1292.958353 -1293.506022 -1293.852624 -1294.076237 -1294.273305 -1294.503209 -1294.827873 -1298.687791 -1321.607245 -856.444077 -850.467162 -837.767976 -830.023019 -826.409097 -825.916679 -825.869367 -825.883429 -825.907813 -825.933518 -825.958168 -825.980964 -826.001830 -826.023318 -826.071328 -826.369943 -828.309759 -832.792031 -840.359836 -838.048596 -1306.291585 -1297.668512 -1295.131165 -1294.679902 -1294.585299 -1294.568377 -1294.568327 -1294.571280 -1294.574207 -1294.576550 -1294.578323 -1294.579656 -1294.580670 -1294.581453 -1294.582071 -1294.582568 -1294.582976 -1294.583332 -1294.583673 -1294.584041 -1294.584497 -1294.585120 -1294.586034 -1294.587430 -1294.589616 -1294.593091 -1294.598687 -1294.607832 -1294.623043 -1294.648929 -1294.694216 -1294.775888 -1294.927581 -1295.216224 -1295.774501 -1296.865458 -1299.024497 -1303.423881 -1312.914216 -1336.117012 -9999.0 -9999.0
-9999.0 -9999.0 -149.287153 -250.196225 -352.660050 -458.866305 -575.134387 -720.307621 -907.152756 -1083.426815 -1147.897485 -1140.857557 -1150.212369 -1170.175270 -1208.831283 -1254.582134 -1280.677191 -1286.513582 -1280.492219 -1271.334435 -1263.794172 -1259.509297 -1258.544708 -1260.326054 -1264.060479 -1268.916091 -1274.110482 -1279.008886 -1283.209107 -1286.553401 -1289.066154 -1290.870046 -1292.119146 -1292.958353 -1293.506022 -1293.852624 -1294.076237 -1294.273305 -1294.503209 -1294.827873 -1298.687791 -1321.607245 -856.444077 -850.467162 -837.767976 -830.023019 -826.409097 -825.916679 -825.869367 -825.883429 -825.907813 -825.933518 -825.958168 -825.980964 -826.001830 -826.023318 -826.071328 -826.369943 -828.309759 -832.792031 -840.359836 -838.048596 -1306.291585 -1297.668512 -1295.131165 -1294.679902 -1294.585299 -1294.568377 -1294.568327 -1294.571280 -1294.574207 -1294.576550 -1294.578323 -1294.579656 -1294.580670 -1294.581453 -1294.582071 -1294.582568 -1294.582976 -1294.583332 -1294.583673 -1294.584041 -1294.584497 -1294.585120 -1294.586034 -1294.587430 -1294.589616 -1294.593091 -1294.598687 -1294.607832 -1294.623043 -1294.648929 -1294.694216 -1294.775888 -1294.927581 -1295.216224 -1295.774501 -1296.865458 -1299.024497 -1303.423881 -1312.914216 -1336.117012 -9999.0 -9999.0
-9999.0 -9999.0 -149.287152 -250.196224 -352.660050 -458.866304 -575.134387 -720.307620 -907.152754 -1083.426814 -1147.897485 -1140.857557 -1150.212369 -1170.175270 -1208.831283 -1254.582134 -1280.677191 -1286.513582 -1280.492219 -1271.334435 -1263.794172 -1259.509297 -1258.544708 -1260.326054 -1264.060479 -1268.916091 -1274.110482 -1279.008886 -1283.209107 -1286.553401 -1289.066154 -1290.870046 -1292.119146 -1292.958353 -1293.506022 -1293.852624 -1294.076237 -1294.273305 -1294.503209 -1294.827873 -1298.687791 -1321.607245 -856.444077 -850.467162 -837.767976 -830.023019 -826.409097 -825.916679 -825.869367 -825.883429 -825.907813 -825.933518 -825.958168 -825.980964 -826.001830 -826.023318 -826.071328 -826.369943 -828.309759 -832.792031 -840.359836 -838.048596 -1306.291585 -1297.668512 -1295.131165 -1294.679902 -1294.585299 -1294.568377 -1294.568327 -1294.571280 -1294.574207 -1294.576550 -1294.578323 -1294.579656 -1294.580670 -1294.581453 -1294.582071 -1294.582568 -1294.582976 -1294.583332 -1294.583673 -1294.584041 -1294.584497 -1294.585120 -1294.586034 -1294.587430 -1294.589616 -1294.593091 -1294.598687 -1294.607832 -1294.623043 -1294.648929 -1294.694216 -1294.775888 -1294.927581 -1295.216224 -1295.774501 -1296.865458 -1299.024497 -1303.423881 -1312.914216 -1336.117012 -9999.0 -9999.0
-9999.0 -9999.0 -9999.0 -9999.0 -9999.0 -9999.0 -9999.0 -9999.0 -9999.0 -9999.0 -9999.0 -9999.0 -9999.0 -9999.0 -9999.0 -9999.0 -9999.0 -9999.0 -9999.0 -9999.0 -9999.0 -9999.0 -9999.0 -9999.0 -9999.0 -9999.0 -9999.0 -9999.0 -9999.0 -9999.0 -9999.0 -9999.0 -9999.0 -9999.0 -9999.0 -9999.0 -9999.0 -9999.0 -9999.0 -9999.0 -9999.0 -9999.0 -9999.0 -9999.0 -9999.0 -9999.0 -9999.0 -9999.0 -9999.0 -9999.0 -9999.0 -9999.0 -9999.0 -9999.0 -9999.0 -9999.0 -9999.0 -9999.0 -9999.0 -9999.0 -9999.0 -9999.0 -9999.0 -9999.0 -9999.0 -9999.0 -9999.0 -9999.0 -9999.0 -9999.0 -9999.0 -9999.0 -9999.0 -9999.0 -9999.0 -9999.0 -9999.0 -9999.0 -9999.0 -9999.0 -9999.0 -9999.0 -9999.0 -9999.0 -9999.0 -9999.0 -9999.0 -9999.0 -9999.0 -9999.0 -9999.0 -9999.0 -9999.0 -9999.0 -9999.0 -9999.0 -9999.0 -9999.0 -9999.0 -9999.0 -9999.0 -9999.0 -9999.0 -9999.0
-9999.0 -9999.0 -9999.0 -9999.0 -9999.0 -9999.0 -9999.0 -9999.0 -9999.0 -9999.0 -9999.0 -9999.0 -9999.0 -9999.0 -9999.0 -9999.0 -9999.0 -9999.0 -9999.0 -9999.0 -9999.0 -9999.0 -9999.0 -9999.0 -9999.0 -9999.0 -9999.0 -9999.0 -9999.0 -9999.0 -9999.0 -9999.0 -9999.0 -9999.0 -9999.0 -9999.0 -9999.0 -9999.0 -9999.0 -9999.0 -9999.0 -9999.0 -9999.0 -9999.0 -9999.0 -9999.0 -9999.0 -9999.0 -9999.0 -9999.0 -9999.0 -9999.0 -9999.0 -9999.0 -9999.0 -9999.0 -9999.0 -9999.0 -9999.0 -9999.0 -9999.0 -9999.0 -9999.0 -9999.0 -9999.0 -9999.0 -9999.0 -9999.0 -9999.0 -9999.0 -9999.0 -9999.0 -9999.0 -9999.0 -9999.0 -9999.0 -9999.0 -9999.0 -9999.0 -9999.0 -9999.0 -9999.0 -9999.0 -9999.0 -9999.0 -9999.0 -9999.0 -9999.0 -9999.0 -9999.0 -9999.0 -9999.0 -9999.0 -9999.0 -9999.0 -9999.0 -9999.0 -9999.0 -9999.0 -9999.0 -9999.0 -9999.0 -9999.0 -9999.0