inst/processing_geotop_simulation/geotop_simulation/out/maps3D/PwL0016N0074.asc
ncols         104
nrows         10
xllcorner     -2.000000
yllcorner     0.000000
cellsize      1.000000
NODATA_value  -9999.0
-9999.0 -9999.0 -9999.0 -9999.0 -9999.0 -9999.0 -9999.0 -9999.0 -9999.0 -9999.0 -9999.0 -9999.0 -9999.0 -9999.0 -9999.0 -9999.0 -9999.0 -9999.0 -9999.0 -9999.0 -9999.0 -9999.0 -9999.0 -9999.0 -9999.0 -9999.0 -9999.0 -9999.0 -9999.0 -9999.0 -9999.0 -9999.0 -9999.0 -9999.0 -9999.0 -9999.0 -9999.0 -9999.0 -9999.0 -9999.0 -9999.0 -9999.0 -9999.0 -9999.0 -9999.0 -9999.0 -9999.0 -9999.0 -9999.0 -9999.0 -9999.0 -9999.0 -9999.0 -9999.0 -9999.0 -9999.0 -9999.0 -9999.0 -9999.0 -9999.0 -9999.0 -9999.0 -9999.0 -9999.0 -9999.0 -9999.0 -9999.0 -9999.0 -9999.0 -9999.0 -9999.0 -9999.0 -9999.0 -9999.0 -9999.0 -9999.0 -9999.0 -9999.0 -9999.0 -9999.0 -9999.0 -9999.0 -9999.0 -9999.0 -9999.0 -9999.0 -9999.0 -9999.0 -9999.0 -9999.0 -9999.0 -9999.0 -9999.0 -9999.0 -9999.0 -9999.0 -9999.0 -9999.0 -9999.0 -9999.0 -9999.0 -9999.0 -9999.0 -9999.0
-9999.0 -9999.0 -9999.0 -9999.0 -9999.0 -9999.0 -9999.0 -9999.0 -9999.0 -9999.0 -9999.0 -9999.0 -9999.0 -9999.0 -9999.0 -9999.0 -9999.0 -9999.0 -9999.0 -9999.0 -9999.0 -9999.0 -9999.0 -9999.0 -9999.0 -9999.0 -9999.0 -9999.0 -9999.0 -9999.0 -9999.0 -9999.0 -9999.0 -9999.0 -9999.0 -9999.0 -9999.0 -9999.0 -9999.0 -9999.0 -9999.0 -9999.0 -9999.0 -9999.0 -9999.0 -9999.0 -9999.0 -9999.0 -9999.0 -9999.0 -9999.0 -9999.0 -9999.0 -9999.0 -9999.0 -9999.0 -9999.0 -9999.0 -9999.0 -9999.0 -9999.0 -9999.0 -9999.0 -9999.0 -9999.0 -9999.0 -9999.0 -9999.0 -9999.0 -9999.0 -9999.0 -9999.0 -9999.0 -9999.0 -9999.0 -9999.0 -9999.0 -9999.0 -9999.0 -9999.0 -9999.0 -9999.0 -9999.0 -9999.0 -9999.0 -9999.0 -9999.0 -9999.0 -9999.0 -9999.0 -9999.0 -9999.0 -9999.0 -9999.0 -9999.0 -9999.0 -9999.0 -9999.0 -9999.0 -9999.0 -9999.0 -9999.0 -9999.0 -9999.0
-9999.0 -9999.0 519.063351 419.146515 319.470455 220.144628 121.237186 22.833476 -75.012268 -172.833377 -271.809017 -373.517315 -478.530976 -583.334394 -678.428305 -749.823430 -792.828243 -817.043460 -874.003227 -927.428010 -978.555116 -1028.825764 -1008.727279 -993.139379 -982.873989 -977.097219 -974.541593 -974.024398 -974.631724 -975.743513 -976.982008 -978.142620 -979.133618 -979.929941 -980.541789 -980.996955 -981.339868 -981.642720 -981.983392 -982.895416 -991.334804 -1087.847810 -2153.803544 -4179.031523 -4183.168250 -4183.168317 -4183.168317 -4183.168317 -4183.168317 -4183.168317 -4183.168317 -4183.168317 -4183.168317 -4183.168317 -4183.168317 -4183.168317 -4183.168317 -4183.168317 -4183.168317 -4183.168190 -4176.576013 -2045.879239 -1062.997111 -989.021386 -983.021729 -982.377812 -982.270981 -982.251841 -982.250700 -982.252937 -982.255358 -982.257339 -982.258853 -982.259998 -982.260873 -982.261551 -982.262089 -982.262522 -982.262881 -982.263196 -982.263500 -982.263832 -982.264245 -982.264814 -982.265651 -982.266933 -982.268942 -982.272141 -982.277306 -982.285772 -982.299913 -982.324106 -982.366690 -982.443983 -982.588446 -982.865115 -983.405345 -984.482832 -986.717805 -991.703365 -1003.847834 -1034.906814 -9999.0 -9999.0
-9999.0 -9999.0 519.063351 419.146515 319.470454 220.144627 121.237185 22.833476 -75.012268 -172.833377 -271.809018 -373.517316 -478.530976 -583.334394 -678.428305 -749.823430 -792.828243 -817.043460 -874.003227 -927.428010 -978.555116 -1028.825764 -1008.727279 -993.139379 -982.873989 -977.097219 -974.541593 -974.024398 -974.631724 -975.743513 -976.982008 -978.142620 -979.133618 -979.929941 -980.541789 -980.996955 -981.339868 -981.642720 -981.983392 -982.895416 -991.334804 -1087.847810 -2153.803543 -4179.031523 -4183.168250 -4183.168317 -4183.168317 -4183.168317 -4183.168317 -4183.168317 -4183.168317 -4183.168317 -4183.168317 -4183.168317 -4183.168317 -4183.168317 -4183.168317 -4183.168317 -4183.168317 -4183.168190 -4176.576013 -2045.879239 -1062.997111 -989.021386 -983.021729 -982.377812 -982.270981 -982.251841 -982.250700 -982.252937 -982.255358 -982.257339 -982.258853 -982.259998 -982.260873 -982.261551 -982.262089 -982.262522 -982.262881 -982.263196 -982.263500 -982.263832 -982.264245 -982.264814 -982.265651 -982.266933 -982.268942 -982.272141 -982.277306 -982.285772 -982.299913 -982.324106 -982.366690 -982.443983 -982.588446 -982.865115 -983.405345 -984.482832 -986.717805 -991.703365 -1003.847834 -1034.906814 -9999.0 -9999.0
-9999.0 -9999.0 519.063351 419.146514 319.470454 220.144627 121.237185 22.833476 -75.012269 -172.833378 -271.809018 -373.517316 -478.530976 -583.334394 -678.428305 -749.823430 -792.828243 -817.043460 -874.003227 -927.428010 -978.555116 -1028.825764 -1008.727279 -993.139379 -982.873989 -977.097219 -974.541593 -974.024398 -974.631724 -975.743513 -976.982008 -978.142620 -979.133618 -979.929941 -980.541789 -980.996955 -981.339868 -981.642720 -981.983392 -982.895416 -991.334804 -1087.847810 -2153.803543 -4179.031523 -4183.168250 -4183.168317 -4183.168317 -4183.168317 -4183.168317 -4183.168317 -4183.168317 -4183.168317 -4183.168317 -4183.168317 -4183.168317 -4183.168317 -4183.168317 -4183.168317 -4183.168317 -4183.168190 -4176.576013 -2045.879239 -1062.997111 -989.021386 -983.021729 -982.377812 -982.270981 -982.251841 -982.250700 -982.252937 -982.255358 -982.257339 -982.258853 -982.259998 -982.260873 -982.261551 -982.262089 -982.262522 -982.262881 -982.263196 -982.263500 -982.263832 -982.264245 -982.264814 -982.265651 -982.266933 -982.268942 -982.272141 -982.277306 -982.285772 -982.299913 -982.324106 -982.366690 -982.443983 -982.588446 -982.865115 -983.405345 -984.482832 -986.717805 -991.703365 -1003.847834 -1034.906814 -9999.0 -9999.0
-9999.0 -9999.0 519.063350 419.146514 319.470454 220.144627 121.237185 22.833476 -75.012269 -172.833377 -271.809018 -373.517316 -478.530976 -583.334394 -678.428305 -749.823430 -792.828243 -817.043460 -874.003227 -927.428010 -978.555116 -1028.825764 -1008.727279 -993.139379 -982.873989 -977.097219 -974.541593 -974.024398 -974.631724 -975.743513 -976.982008 -978.142620 -979.133618 -979.929941 -980.541789 -980.996955 -981.339868 -981.642720 -981.983392 -982.895416 -991.334804 -1087.847810 -2153.803543 -4179.031523 -4183.168250 -4183.168317 -4183.168317 -4183.168317 -4183.168317 -4183.168317 -4183.168317 -4183.168317 -4183.168317 -4183.168317 -4183.168317 -4183.168317 -4183.168317 -4183.168317 -4183.168317 -4183.168190 -4176.576013 -2045.879239 -1062.997111 -989.021386 -983.021729 -982.377812 -982.270981 -982.251841 -982.250700 -982.252937 -982.255358 -982.257339 -982.258853 -982.259998 -982.260873 -982.261551 -982.262089 -982.262522 -982.262881 -982.263196 -982.263500 -982.263832 -982.264245 -982.264814 -982.265651 -982.266933 -982.268942 -982.272141 -982.277306 -982.285772 -982.299913 -982.324106 -982.366690 -982.443983 -982.588446 -982.865115 -983.405345 -984.482832 -986.717805 -991.703365 -1003.847834 -1034.906814 -9999.0 -9999.0
-9999.0 -9999.0 519.063351 419.146515 319.470454 220.144627 121.237186 22.833476 -75.012268 -172.833377 -271.809018 -373.517316 -478.530976 -583.334394 -678.428305 -749.823430 -792.828243 -817.043460 -874.003227 -927.428010 -978.555116 -1028.825764 -1008.727279 -993.139379 -982.873989 -977.097219 -974.541593 -974.024398 -974.631724 -975.743513 -976.982008 -978.142620 -979.133618 -979.929941 -980.541789 -980.996955 -981.339868 -981.642720 -981.983392 -982.895416 -991.334804 -1087.847810 -2153.803543 -4179.031523 -4183.168250 -4183.168317 -4183.168317 -4183.168317 -4183.168317 -4183.168317 -4183.168317 -4183.168317 -4183.168317 -4183.168317 -4183.168317 -4183.168317 -4183.168317 -4183.168317 -4183.168317 -4183.168190 -4176.576013 -2045.879239 -1062.997111 -989.021386 -983.021729 -982.377812 -982.270981 -982.251841 -982.250700 -982.252937 -982.255358 -982.257339 -982.258853 -982.259998 -982.260873 -982.261551 -982.262089 -982.262522 -982.262881 -982.263196 -982.263500 -982.263832 -982.264245 -982.264814 -982.265651 -982.266933 -982.268942 -982.272141 -982.277306 -982.285772 -982.299913 -982.324106 -982.366690 -982.443983 -982.588446 -982.865115 -983.405345 -984.482832 -986.717805 -991.703365 -1003.847834 -1034.906814 -9999.0 -9999.0
-9999.0 -9999.0 519.063351 419.146516 319.470455 220.144628 121.237186 22.833477 -75.012268 -172.833377 -271.809017 -373.517315 -478.530976 -583.334394 -678.428305 -749.823430 -792.828243 -817.043460 -874.003227 -927.428010 -978.555116 -1028.825764 -1008.727279 -993.139379 -982.873989 -977.097219 -974.541593 -974.024398 -974.631724 -975.743513 -976.982008 -978.142620 -979.133618 -979.929941 -980.541789 -980.996955 -981.339868 -981.642720 -981.983392 -982.895416 -991.334804 -1087.847810 -2153.803544 -4179.031523 -4183.168250 -4183.168317 -4183.168317 -4183.168317 -4183.168317 -4183.168317 -4183.168317 -4183.168317 -4183.168317 -4183.168317 -4183.168317 -4183.168317 -4183.168317 -4183.168317 -4183.168317 -4183.168190 -4176.576013 -2045.879239 -1062.997111 -989.021386 -983.021729 -982.377812 -982.270981 -982.251841 -982.250700 -982.252937 -982.255358 -982.257339 -982.258853 -982.259998 -982.260873 -982.261551 -982.262089 -982.262522 -982.262881 -982.263196 -982.263500 -982.263832 -982.264245 -982.264814 -982.265651 -982.266933 -982.268942 -982.272141 -982.277306 -982.285772 -982.299913 -982.324106 -982.366690 -982.443983 -982.588446 -982.865115 -983.405345 -984.482832 -986.717805 -991.703365 -1003.847834 -1034.906814 -9999.0 -9999.0
-9999.0 -9999.0 -9999.0 -9999.0 -9999.0 -9999.0 -9999.0 -9999.0 -9999.0 -9999.0 -9999.0 -9999.0 -9999.0 -9999.0 -9999.0 -9999.0 -9999.0 -9999.0 -9999.0 -9999.0 -9999.0 -9999.0 -9999.0 -9999.0 -9999.0 -9999.0 -9999.0 -9999.0 -9999.0 -9999.0 -9999.0 -9999.0 -9999.0 -9999.0 -9999.0 -9999.0 -9999.0 -9999.0 -9999.0 -9999.0 -9999.0 -9999.0 -9999.0 -9999.0 -9999.0 -9999.0 -9999.0 -9999.0 -9999.0 -9999.0 -9999.0 -9999.0 -9999.0 -9999.0 -9999.0 -9999.0 -9999.0 -9999.0 -9999.0 -9999.0 -9999.0 -9999.0 -9999.0 -9999.0 -9999.0 -9999.0 -9999.0 -9999.0 -9999.0 -9999.0 -9999.0 -9999.0 -9999.0 -9999.0 -9999.0 -9999.0 -9999.0 -9999.0 -9999.0 -9999.0 -9999.0 -9999.0 -9999.0 -9999.0 -9999.0 -9999.0 -9999.0 -9999.0 -9999.0 -9999.0 -9999.0 -9999.0 -9999.0 -9999.0 -9999.0 -9999.0 -9999.0 -9999.0 -9999.0 -9999.0 -9999.0 -9999.0 -9999.0 -9999.0
-9999.0 -9999.0 -9999.0 -9999.0 -9999.0 -9999.0 -9999.0 -9999.0 -9999.0 -9999.0 -9999.0 -9999.0 -9999.0 -9999.0 -9999.0 -9999.0 -9999.0 -9999.0 -9999.0 -9999.0 -9999.0 -9999.0 -9999.0 -9999.0 -9999.0 -9999.0 -9999.0 -9999.0 -9999.0 -9999.0 -9999.0 -9999.0 -9999.0 -9999.0 -9999.0 -9999.0 -9999.0 -9999.0 -9999.0 -9999.0 -9999.0 -9999.0 -9999.0 -9999.0 -9999.0 -9999.0 -9999.0 -9999.0 -9999.0 -9999.0 -9999.0 -9999.0 -9999.0 -9999.0 -9999.0 -9999.0 -9999.0 -9999.0 -9999.0 -9999.0 -9999.0 -9999.0 -9999.0 -9999.0 -9999.0 -9999.0 -9999.0 -9999.0 -9999.0 -9999.0 -9999.0 -9999.0 -9999.0 -9999.0 -9999.0 -9999.0 -9999.0 -9999.0 -9999.0 -9999.0 -9999.0 -9999.0 -9999.0 -9999.0 -9999.0 -9999.0 -9999.0 -9999.0 -9999.0 -9999.0 -9999.0 -9999.0 -9999.0 -9999.0 -9999.0 -9999.0 -9999.0 -9999.0 -9999.0 -9999.0 -9999.0 -9999.0 -9999.0 -9999.0