inst/processing_geotop_simulation/geotop_simulation/out/maps3D/PwL0004N0219.asc
ncols         104
nrows         10
xllcorner     -2.000000
yllcorner     0.000000
cellsize      1.000000
NODATA_value  -9999.0
-9999.0 -9999.0 -9999.0 -9999.0 -9999.0 -9999.0 -9999.0 -9999.0 -9999.0 -9999.0 -9999.0 -9999.0 -9999.0 -9999.0 -9999.0 -9999.0 -9999.0 -9999.0 -9999.0 -9999.0 -9999.0 -9999.0 -9999.0 -9999.0 -9999.0 -9999.0 -9999.0 -9999.0 -9999.0 -9999.0 -9999.0 -9999.0 -9999.0 -9999.0 -9999.0 -9999.0 -9999.0 -9999.0 -9999.0 -9999.0 -9999.0 -9999.0 -9999.0 -9999.0 -9999.0 -9999.0 -9999.0 -9999.0 -9999.0 -9999.0 -9999.0 -9999.0 -9999.0 -9999.0 -9999.0 -9999.0 -9999.0 -9999.0 -9999.0 -9999.0 -9999.0 -9999.0 -9999.0 -9999.0 -9999.0 -9999.0 -9999.0 -9999.0 -9999.0 -9999.0 -9999.0 -9999.0 -9999.0 -9999.0 -9999.0 -9999.0 -9999.0 -9999.0 -9999.0 -9999.0 -9999.0 -9999.0 -9999.0 -9999.0 -9999.0 -9999.0 -9999.0 -9999.0 -9999.0 -9999.0 -9999.0 -9999.0 -9999.0 -9999.0 -9999.0 -9999.0 -9999.0 -9999.0 -9999.0 -9999.0 -9999.0 -9999.0 -9999.0 -9999.0
-9999.0 -9999.0 -9999.0 -9999.0 -9999.0 -9999.0 -9999.0 -9999.0 -9999.0 -9999.0 -9999.0 -9999.0 -9999.0 -9999.0 -9999.0 -9999.0 -9999.0 -9999.0 -9999.0 -9999.0 -9999.0 -9999.0 -9999.0 -9999.0 -9999.0 -9999.0 -9999.0 -9999.0 -9999.0 -9999.0 -9999.0 -9999.0 -9999.0 -9999.0 -9999.0 -9999.0 -9999.0 -9999.0 -9999.0 -9999.0 -9999.0 -9999.0 -9999.0 -9999.0 -9999.0 -9999.0 -9999.0 -9999.0 -9999.0 -9999.0 -9999.0 -9999.0 -9999.0 -9999.0 -9999.0 -9999.0 -9999.0 -9999.0 -9999.0 -9999.0 -9999.0 -9999.0 -9999.0 -9999.0 -9999.0 -9999.0 -9999.0 -9999.0 -9999.0 -9999.0 -9999.0 -9999.0 -9999.0 -9999.0 -9999.0 -9999.0 -9999.0 -9999.0 -9999.0 -9999.0 -9999.0 -9999.0 -9999.0 -9999.0 -9999.0 -9999.0 -9999.0 -9999.0 -9999.0 -9999.0 -9999.0 -9999.0 -9999.0 -9999.0 -9999.0 -9999.0 -9999.0 -9999.0 -9999.0 -9999.0 -9999.0 -9999.0 -9999.0 -9999.0
-9999.0 -9999.0 178.580196 85.100826 -11.427382 -108.823491 -206.552307 -304.399738 -402.246707 -500.005857 -597.515727 -694.349858 -790.744068 -886.395714 -981.744340 -1077.452508 -1171.316119 -1263.215356 -1352.844070 -1438.001013 -1513.407014 -1574.885898 -1621.535144 -1655.130260 -1678.539951 -1694.562412 -1705.435857 -1712.780852 -1717.719294 -1721.019157 -1723.208194 -1724.649772 -1725.593012 -1726.207018 -1726.605428 -1726.865685 -1727.047630 -1727.228506 -1727.668568 -1729.629543 -1736.959742 -1729.219542 -1090.322530 -1097.076901 -1083.153146 -1074.288136 -1070.139780 -1069.536849 -1069.474055 -1069.481741 -1069.499806 -1069.519148 -1069.537727 -1069.554927 -1069.570844 -1069.588925 -1069.642272 -1069.999761 -1072.197401 -1077.130062 -1084.448697 -1067.879361 -1706.339982 -1731.611619 -1728.519527 -1727.608834 -1727.451612 -1727.427127 -1727.423929 -1727.424256 -1727.425063 -1727.425792 -1727.426364 -1727.426801 -1727.427135 -1727.427394 -1727.427599 -1727.427765 -1727.427903 -1727.428026 -1727.428147 -1727.428281 -1727.428450 -1727.428685 -1727.429033 -1727.429569 -1727.430412 -1727.431762 -1727.433957 -1727.437589 -1727.443733 -1727.454399 -1727.473465 -1727.508575 -1727.575022 -1727.703871 -1727.960120 -1728.487657 -1729.632228 -1732.307559 -1739.287334 -1761.362658 -9999.0 -9999.0
-9999.0 -9999.0 178.590569 85.102956 -11.426840 -108.823333 -206.552257 -304.399721 -402.246701 -500.005855 -597.515726 -694.349857 -790.744068 -886.395714 -981.744340 -1077.452508 -1171.316119 -1263.215356 -1352.844070 -1438.001014 -1513.407014 -1574.885898 -1621.535144 -1655.130260 -1678.539952 -1694.562412 -1705.435857 -1712.780852 -1717.719294 -1721.019157 -1723.208194 -1724.649772 -1725.593012 -1726.207018 -1726.605428 -1726.865685 -1727.047630 -1727.228506 -1727.668568 -1729.629543 -1736.959742 -1729.219542 -1090.322530 -1097.076901 -1083.153146 -1074.288135 -1070.139780 -1069.536849 -1069.474055 -1069.481741 -1069.499806 -1069.519148 -1069.537727 -1069.554927 -1069.570844 -1069.588925 -1069.642272 -1069.999761 -1072.197401 -1077.130062 -1084.448697 -1067.879361 -1706.339982 -1731.611619 -1728.519527 -1727.608834 -1727.451612 -1727.427127 -1727.423929 -1727.424256 -1727.425063 -1727.425792 -1727.426364 -1727.426801 -1727.427135 -1727.427394 -1727.427599 -1727.427765 -1727.427903 -1727.428026 -1727.428147 -1727.428281 -1727.428450 -1727.428685 -1727.429033 -1727.429569 -1727.430412 -1727.431762 -1727.433957 -1727.437589 -1727.443733 -1727.454399 -1727.473465 -1727.508575 -1727.575022 -1727.703871 -1727.960120 -1728.487657 -1729.632228 -1732.307559 -1739.287334 -1761.362658 -9999.0 -9999.0
-9999.0 -9999.0 178.592031 85.103822 -11.426497 -108.823209 -206.552213 -304.399706 -402.246695 -500.005853 -597.515726 -694.349857 -790.744067 -886.395714 -981.744340 -1077.452508 -1171.316119 -1263.215356 -1352.844071 -1438.001014 -1513.407014 -1574.885899 -1621.535144 -1655.130260 -1678.539952 -1694.562412 -1705.435857 -1712.780852 -1717.719294 -1721.019157 -1723.208194 -1724.649772 -1725.593012 -1726.207018 -1726.605428 -1726.865685 -1727.047630 -1727.228506 -1727.668568 -1729.629543 -1736.959742 -1729.219542 -1090.322530 -1097.076901 -1083.153146 -1074.288135 -1070.139780 -1069.536849 -1069.474055 -1069.481741 -1069.499806 -1069.519148 -1069.537727 -1069.554927 -1069.570844 -1069.588925 -1069.642272 -1069.999761 -1072.197401 -1077.130062 -1084.448697 -1067.879361 -1706.339982 -1731.611619 -1728.519527 -1727.608834 -1727.451612 -1727.427127 -1727.423929 -1727.424256 -1727.425063 -1727.425792 -1727.426364 -1727.426801 -1727.427135 -1727.427394 -1727.427599 -1727.427765 -1727.427903 -1727.428026 -1727.428147 -1727.428281 -1727.428450 -1727.428685 -1727.429033 -1727.429569 -1727.430412 -1727.431762 -1727.433957 -1727.437589 -1727.443733 -1727.454399 -1727.473465 -1727.508575 -1727.575022 -1727.703871 -1727.960120 -1728.487657 -1729.632228 -1732.307559 -1739.287334 -1761.362658 -9999.0 -9999.0
-9999.0 -9999.0 178.592031 85.103822 -11.426497 -108.823209 -206.552213 -304.399706 -402.246695 -500.005853 -597.515726 -694.349857 -790.744067 -886.395714 -981.744340 -1077.452508 -1171.316119 -1263.215356 -1352.844071 -1438.001014 -1513.407014 -1574.885899 -1621.535144 -1655.130260 -1678.539952 -1694.562412 -1705.435857 -1712.780852 -1717.719294 -1721.019157 -1723.208194 -1724.649772 -1725.593012 -1726.207018 -1726.605428 -1726.865685 -1727.047630 -1727.228506 -1727.668568 -1729.629543 -1736.959742 -1729.219542 -1090.322530 -1097.076901 -1083.153146 -1074.288135 -1070.139780 -1069.536849 -1069.474055 -1069.481741 -1069.499806 -1069.519148 -1069.537727 -1069.554927 -1069.570844 -1069.588925 -1069.642272 -1069.999761 -1072.197401 -1077.130062 -1084.448697 -1067.879361 -1706.339982 -1731.611619 -1728.519527 -1727.608834 -1727.451612 -1727.427127 -1727.423929 -1727.424256 -1727.425063 -1727.425792 -1727.426364 -1727.426801 -1727.427135 -1727.427394 -1727.427599 -1727.427765 -1727.427903 -1727.428026 -1727.428147 -1727.428281 -1727.428450 -1727.428685 -1727.429033 -1727.429569 -1727.430412 -1727.431762 -1727.433957 -1727.437589 -1727.443733 -1727.454399 -1727.473465 -1727.508575 -1727.575022 -1727.703871 -1727.960120 -1728.487657 -1729.632228 -1732.307559 -1739.287334 -1761.362658 -9999.0 -9999.0
-9999.0 -9999.0 178.590569 85.102956 -11.426840 -108.823333 -206.552257 -304.399722 -402.246701 -500.005855 -597.515726 -694.349857 -790.744068 -886.395714 -981.744340 -1077.452508 -1171.316119 -1263.215356 -1352.844070 -1438.001014 -1513.407014 -1574.885898 -1621.535144 -1655.130260 -1678.539952 -1694.562412 -1705.435857 -1712.780852 -1717.719294 -1721.019157 -1723.208194 -1724.649772 -1725.593012 -1726.207018 -1726.605428 -1726.865685 -1727.047630 -1727.228506 -1727.668568 -1729.629543 -1736.959742 -1729.219542 -1090.322530 -1097.076901 -1083.153146 -1074.288135 -1070.139780 -1069.536849 -1069.474055 -1069.481741 -1069.499806 -1069.519148 -1069.537727 -1069.554927 -1069.570844 -1069.588925 -1069.642272 -1069.999761 -1072.197401 -1077.130062 -1084.448697 -1067.879361 -1706.339982 -1731.611619 -1728.519527 -1727.608834 -1727.451612 -1727.427127 -1727.423929 -1727.424256 -1727.425063 -1727.425792 -1727.426364 -1727.426801 -1727.427135 -1727.427394 -1727.427599 -1727.427765 -1727.427903 -1727.428026 -1727.428147 -1727.428281 -1727.428450 -1727.428685 -1727.429033 -1727.429569 -1727.430412 -1727.431762 -1727.433957 -1727.437589 -1727.443733 -1727.454399 -1727.473465 -1727.508575 -1727.575022 -1727.703871 -1727.960120 -1728.487657 -1729.632228 -1732.307559 -1739.287334 -1761.362658 -9999.0 -9999.0
-9999.0 -9999.0 178.580196 85.100826 -11.427382 -108.823491 -206.552307 -304.399738 -402.246707 -500.005857 -597.515727 -694.349858 -790.744068 -886.395714 -981.744340 -1077.452508 -1171.316119 -1263.215356 -1352.844070 -1438.001013 -1513.407014 -1574.885898 -1621.535144 -1655.130260 -1678.539951 -1694.562412 -1705.435857 -1712.780852 -1717.719294 -1721.019157 -1723.208194 -1724.649772 -1725.593012 -1726.207018 -1726.605428 -1726.865685 -1727.047630 -1727.228506 -1727.668568 -1729.629543 -1736.959742 -1729.219542 -1090.322530 -1097.076901 -1083.153146 -1074.288136 -1070.139780 -1069.536849 -1069.474055 -1069.481741 -1069.499806 -1069.519148 -1069.537727 -1069.554927 -1069.570844 -1069.588925 -1069.642272 -1069.999761 -1072.197401 -1077.130062 -1084.448697 -1067.879361 -1706.339982 -1731.611619 -1728.519527 -1727.608834 -1727.451612 -1727.427127 -1727.423929 -1727.424256 -1727.425063 -1727.425792 -1727.426364 -1727.426801 -1727.427135 -1727.427394 -1727.427599 -1727.427765 -1727.427903 -1727.428026 -1727.428147 -1727.428281 -1727.428450 -1727.428685 -1727.429033 -1727.429569 -1727.430412 -1727.431762 -1727.433957 -1727.437589 -1727.443733 -1727.454399 -1727.473465 -1727.508575 -1727.575022 -1727.703871 -1727.960120 -1728.487657 -1729.632228 -1732.307559 -1739.287334 -1761.362658 -9999.0 -9999.0
-9999.0 -9999.0 -9999.0 -9999.0 -9999.0 -9999.0 -9999.0 -9999.0 -9999.0 -9999.0 -9999.0 -9999.0 -9999.0 -9999.0 -9999.0 -9999.0 -9999.0 -9999.0 -9999.0 -9999.0 -9999.0 -9999.0 -9999.0 -9999.0 -9999.0 -9999.0 -9999.0 -9999.0 -9999.0 -9999.0 -9999.0 -9999.0 -9999.0 -9999.0 -9999.0 -9999.0 -9999.0 -9999.0 -9999.0 -9999.0 -9999.0 -9999.0 -9999.0 -9999.0 -9999.0 -9999.0 -9999.0 -9999.0 -9999.0 -9999.0 -9999.0 -9999.0 -9999.0 -9999.0 -9999.0 -9999.0 -9999.0 -9999.0 -9999.0 -9999.0 -9999.0 -9999.0 -9999.0 -9999.0 -9999.0 -9999.0 -9999.0 -9999.0 -9999.0 -9999.0 -9999.0 -9999.0 -9999.0 -9999.0 -9999.0 -9999.0 -9999.0 -9999.0 -9999.0 -9999.0 -9999.0 -9999.0 -9999.0 -9999.0 -9999.0 -9999.0 -9999.0 -9999.0 -9999.0 -9999.0 -9999.0 -9999.0 -9999.0 -9999.0 -9999.0 -9999.0 -9999.0 -9999.0 -9999.0 -9999.0 -9999.0 -9999.0 -9999.0 -9999.0
-9999.0 -9999.0 -9999.0 -9999.0 -9999.0 -9999.0 -9999.0 -9999.0 -9999.0 -9999.0 -9999.0 -9999.0 -9999.0 -9999.0 -9999.0 -9999.0 -9999.0 -9999.0 -9999.0 -9999.0 -9999.0 -9999.0 -9999.0 -9999.0 -9999.0 -9999.0 -9999.0 -9999.0 -9999.0 -9999.0 -9999.0 -9999.0 -9999.0 -9999.0 -9999.0 -9999.0 -9999.0 -9999.0 -9999.0 -9999.0 -9999.0 -9999.0 -9999.0 -9999.0 -9999.0 -9999.0 -9999.0 -9999.0 -9999.0 -9999.0 -9999.0 -9999.0 -9999.0 -9999.0 -9999.0 -9999.0 -9999.0 -9999.0 -9999.0 -9999.0 -9999.0 -9999.0 -9999.0 -9999.0 -9999.0 -9999.0 -9999.0 -9999.0 -9999.0 -9999.0 -9999.0 -9999.0 -9999.0 -9999.0 -9999.0 -9999.0 -9999.0 -9999.0 -9999.0 -9999.0 -9999.0 -9999.0 -9999.0 -9999.0 -9999.0 -9999.0 -9999.0 -9999.0 -9999.0 -9999.0 -9999.0 -9999.0 -9999.0 -9999.0 -9999.0 -9999.0 -9999.0 -9999.0 -9999.0 -9999.0 -9999.0 -9999.0 -9999.0 -9999.0