inst/processing_geotop_simulation/geotop_simulation/out/maps3D/PwL0020N0315.asc
ncols         104
nrows         10
xllcorner     -2.000000
yllcorner     0.000000
cellsize      1.000000
NODATA_value  -9999.0
-9999.0 -9999.0 -9999.0 -9999.0 -9999.0 -9999.0 -9999.0 -9999.0 -9999.0 -9999.0 -9999.0 -9999.0 -9999.0 -9999.0 -9999.0 -9999.0 -9999.0 -9999.0 -9999.0 -9999.0 -9999.0 -9999.0 -9999.0 -9999.0 -9999.0 -9999.0 -9999.0 -9999.0 -9999.0 -9999.0 -9999.0 -9999.0 -9999.0 -9999.0 -9999.0 -9999.0 -9999.0 -9999.0 -9999.0 -9999.0 -9999.0 -9999.0 -9999.0 -9999.0 -9999.0 -9999.0 -9999.0 -9999.0 -9999.0 -9999.0 -9999.0 -9999.0 -9999.0 -9999.0 -9999.0 -9999.0 -9999.0 -9999.0 -9999.0 -9999.0 -9999.0 -9999.0 -9999.0 -9999.0 -9999.0 -9999.0 -9999.0 -9999.0 -9999.0 -9999.0 -9999.0 -9999.0 -9999.0 -9999.0 -9999.0 -9999.0 -9999.0 -9999.0 -9999.0 -9999.0 -9999.0 -9999.0 -9999.0 -9999.0 -9999.0 -9999.0 -9999.0 -9999.0 -9999.0 -9999.0 -9999.0 -9999.0 -9999.0 -9999.0 -9999.0 -9999.0 -9999.0 -9999.0 -9999.0 -9999.0 -9999.0 -9999.0 -9999.0 -9999.0
-9999.0 -9999.0 -9999.0 -9999.0 -9999.0 -9999.0 -9999.0 -9999.0 -9999.0 -9999.0 -9999.0 -9999.0 -9999.0 -9999.0 -9999.0 -9999.0 -9999.0 -9999.0 -9999.0 -9999.0 -9999.0 -9999.0 -9999.0 -9999.0 -9999.0 -9999.0 -9999.0 -9999.0 -9999.0 -9999.0 -9999.0 -9999.0 -9999.0 -9999.0 -9999.0 -9999.0 -9999.0 -9999.0 -9999.0 -9999.0 -9999.0 -9999.0 -9999.0 -9999.0 -9999.0 -9999.0 -9999.0 -9999.0 -9999.0 -9999.0 -9999.0 -9999.0 -9999.0 -9999.0 -9999.0 -9999.0 -9999.0 -9999.0 -9999.0 -9999.0 -9999.0 -9999.0 -9999.0 -9999.0 -9999.0 -9999.0 -9999.0 -9999.0 -9999.0 -9999.0 -9999.0 -9999.0 -9999.0 -9999.0 -9999.0 -9999.0 -9999.0 -9999.0 -9999.0 -9999.0 -9999.0 -9999.0 -9999.0 -9999.0 -9999.0 -9999.0 -9999.0 -9999.0 -9999.0 -9999.0 -9999.0 -9999.0 -9999.0 -9999.0 -9999.0 -9999.0 -9999.0 -9999.0 -9999.0 -9999.0 -9999.0 -9999.0 -9999.0 -9999.0
-9999.0 -9999.0 970.414988 871.903462 773.287243 674.488571 575.588510 476.643031 377.683420 278.726889 179.783081 80.857562 -18.043527 -116.915258 -215.751223 -314.521822 -413.168701 -511.580561 -609.560143 -706.777748 -804.240998 -901.136920 -997.227890 -1092.224193 -1177.027499 -1253.389863 -1319.599690 -1374.792852 -1419.072544 -1453.369011 -1479.131232 -1497.993855 -1511.522296 -1521.068737 -1527.722346 -1532.321129 -1535.502686 -1537.814476 -1540.045859 -1544.305406 -1556.946559 -1599.092134 -1797.370866 -3761.614734 -3984.875528 -3984.852315 -3977.565963 -3917.916201 -3751.716269 -3510.246613 -3259.120623 -3014.205523 -2860.118977 -2761.234920 -2670.606757 -2577.226628 -2478.060563 -2374.532439 -2270.227390 -2167.992248 -2049.723387 -1528.883672 -1556.278100 -1548.565420 -1543.953399 -1542.607203 -1542.323874 -1542.273722 -1542.265978 -1542.265323 -1542.265759 -1542.266278 -1542.266719 -1542.267076 -1542.267366 -1542.267606 -1542.267810 -1542.267988 -1542.268150 -1542.268302 -1542.268456 -1542.268623 -1542.268817 -1542.269062 -1542.269394 -1542.269867 -1542.270572 -1542.271660 -1542.273392 -1542.276233 -1542.281038 -1542.289433 -1542.304601 -1542.332923 -1542.387559 -1542.496742 -1542.724641 -1543.227460 -1544.410752 -1547.397825 -1555.614438 -1581.196555 -9999.0 -9999.0
-9999.0 -9999.0 970.417872 871.904577 773.287612 674.488692 575.588551 476.643045 377.683426 278.726891 179.783082 80.857562 -18.043527 -116.915258 -215.751223 -314.521822 -413.168701 -511.580561 -609.560143 -706.777748 -804.240998 -901.136920 -997.227890 -1092.224193 -1177.027500 -1253.389863 -1319.599690 -1374.792853 -1419.072544 -1453.369011 -1479.131232 -1497.993855 -1511.522296 -1521.068737 -1527.722346 -1532.321129 -1535.502686 -1537.814476 -1540.045859 -1544.305406 -1556.946559 -1599.092134 -1797.370865 -3761.614733 -3984.875528 -3984.852315 -3977.565963 -3917.916201 -3751.716269 -3510.246611 -3259.120620 -3014.205522 -2860.118977 -2761.234920 -2670.606756 -2577.226628 -2478.060562 -2374.532439 -2270.227390 -2167.992248 -2049.723387 -1528.883672 -1556.278100 -1548.565420 -1543.953399 -1542.607203 -1542.323874 -1542.273722 -1542.265978 -1542.265323 -1542.265759 -1542.266278 -1542.266719 -1542.267076 -1542.267366 -1542.267606 -1542.267810 -1542.267988 -1542.268150 -1542.268302 -1542.268456 -1542.268623 -1542.268817 -1542.269062 -1542.269394 -1542.269867 -1542.270572 -1542.271660 -1542.273392 -1542.276233 -1542.281038 -1542.289433 -1542.304601 -1542.332923 -1542.387559 -1542.496742 -1542.724641 -1543.227460 -1544.410752 -1547.397825 -1555.614438 -1581.196555 -9999.0 -9999.0
-9999.0 -9999.0 970.418995 871.905182 773.287868 674.488791 575.588588 476.643058 377.683431 278.726893 179.783083 80.857563 -18.043526 -116.915258 -215.751223 -314.521822 -413.168701 -511.580561 -609.560143 -706.777748 -804.240998 -901.136920 -997.227890 -1092.224193 -1177.027500 -1253.389863 -1319.599691 -1374.792853 -1419.072544 -1453.369011 -1479.131232 -1497.993855 -1511.522296 -1521.068737 -1527.722346 -1532.321129 -1535.502686 -1537.814476 -1540.045859 -1544.305406 -1556.946559 -1599.092134 -1797.370865 -3761.614733 -3984.875528 -3984.852315 -3977.565963 -3917.916200 -3751.716269 -3510.246609 -3259.120618 -3014.205521 -2860.118977 -2761.234920 -2670.606756 -2577.226627 -2478.060562 -2374.532439 -2270.227390 -2167.992248 -2049.723386 -1528.883672 -1556.278100 -1548.565420 -1543.953399 -1542.607203 -1542.323874 -1542.273722 -1542.265978 -1542.265323 -1542.265759 -1542.266278 -1542.266719 -1542.267076 -1542.267366 -1542.267606 -1542.267810 -1542.267988 -1542.268150 -1542.268302 -1542.268456 -1542.268623 -1542.268817 -1542.269062 -1542.269394 -1542.269867 -1542.270572 -1542.271660 -1542.273392 -1542.276233 -1542.281038 -1542.289433 -1542.304601 -1542.332923 -1542.387559 -1542.496742 -1542.724641 -1543.227460 -1544.410752 -1547.397825 -1555.614438 -1581.196555 -9999.0 -9999.0
-9999.0 -9999.0 970.418995 871.905182 773.287868 674.488791 575.588588 476.643058 377.683431 278.726893 179.783083 80.857563 -18.043526 -116.915258 -215.751223 -314.521822 -413.168701 -511.580561 -609.560143 -706.777748 -804.240998 -901.136920 -997.227890 -1092.224193 -1177.027500 -1253.389863 -1319.599691 -1374.792853 -1419.072544 -1453.369011 -1479.131232 -1497.993855 -1511.522296 -1521.068737 -1527.722346 -1532.321129 -1535.502686 -1537.814476 -1540.045859 -1544.305406 -1556.946559 -1599.092134 -1797.370865 -3761.614733 -3984.875528 -3984.852315 -3977.565963 -3917.916200 -3751.716269 -3510.246610 -3259.120618 -3014.205521 -2860.118977 -2761.234920 -2670.606756 -2577.226628 -2478.060562 -2374.532439 -2270.227390 -2167.992248 -2049.723387 -1528.883672 -1556.278100 -1548.565420 -1543.953399 -1542.607203 -1542.323874 -1542.273722 -1542.265978 -1542.265323 -1542.265759 -1542.266278 -1542.266719 -1542.267076 -1542.267366 -1542.267606 -1542.267810 -1542.267988 -1542.268150 -1542.268302 -1542.268456 -1542.268623 -1542.268817 -1542.269062 -1542.269394 -1542.269867 -1542.270572 -1542.271660 -1542.273392 -1542.276233 -1542.281038 -1542.289433 -1542.304601 -1542.332923 -1542.387559 -1542.496742 -1542.724641 -1543.227460 -1544.410752 -1547.397825 -1555.614438 -1581.196555 -9999.0 -9999.0
-9999.0 -9999.0 970.417872 871.904577 773.287612 674.488693 575.588551 476.643045 377.683426 278.726891 179.783082 80.857562 -18.043527 -116.915258 -215.751223 -314.521822 -413.168701 -511.580561 -609.560143 -706.777748 -804.240998 -901.136920 -997.227890 -1092.224193 -1177.027500 -1253.389863 -1319.599690 -1374.792853 -1419.072544 -1453.369011 -1479.131232 -1497.993855 -1511.522296 -1521.068737 -1527.722346 -1532.321129 -1535.502686 -1537.814476 -1540.045859 -1544.305406 -1556.946559 -1599.092134 -1797.370865 -3761.614733 -3984.875528 -3984.852315 -3977.565963 -3917.916201 -3751.716269 -3510.246610 -3259.120619 -3014.205522 -2860.118977 -2761.234920 -2670.606756 -2577.226628 -2478.060562 -2374.532439 -2270.227390 -2167.992248 -2049.723387 -1528.883672 -1556.278100 -1548.565420 -1543.953399 -1542.607203 -1542.323874 -1542.273722 -1542.265978 -1542.265323 -1542.265759 -1542.266278 -1542.266719 -1542.267076 -1542.267366 -1542.267606 -1542.267810 -1542.267988 -1542.268150 -1542.268302 -1542.268456 -1542.268623 -1542.268817 -1542.269062 -1542.269394 -1542.269867 -1542.270572 -1542.271660 -1542.273392 -1542.276233 -1542.281038 -1542.289433 -1542.304601 -1542.332923 -1542.387559 -1542.496742 -1542.724641 -1543.227460 -1544.410752 -1547.397825 -1555.614438 -1581.196555 -9999.0 -9999.0
-9999.0 -9999.0 970.414988 871.903462 773.287243 674.488571 575.588510 476.643030 377.683421 278.726888 179.783081 80.857562 -18.043527 -116.915258 -215.751223 -314.521822 -413.168701 -511.580561 -609.560143 -706.777748 -804.240998 -901.136920 -997.227890 -1092.224193 -1177.027499 -1253.389863 -1319.599690 -1374.792852 -1419.072544 -1453.369011 -1479.131232 -1497.993855 -1511.522296 -1521.068737 -1527.722346 -1532.321129 -1535.502686 -1537.814476 -1540.045859 -1544.305406 -1556.946559 -1599.092134 -1797.370866 -3761.614734 -3984.875528 -3984.852315 -3977.565963 -3917.916201 -3751.716269 -3510.246614 -3259.120623 -3014.205523 -2860.118977 -2761.234920 -2670.606757 -2577.226628 -2478.060563 -2374.532439 -2270.227390 -2167.992249 -2049.723387 -1528.883672 -1556.278100 -1548.565420 -1543.953399 -1542.607203 -1542.323874 -1542.273722 -1542.265978 -1542.265323 -1542.265759 -1542.266278 -1542.266719 -1542.267076 -1542.267366 -1542.267606 -1542.267810 -1542.267988 -1542.268150 -1542.268302 -1542.268456 -1542.268623 -1542.268817 -1542.269062 -1542.269394 -1542.269867 -1542.270572 -1542.271660 -1542.273392 -1542.276233 -1542.281038 -1542.289433 -1542.304601 -1542.332923 -1542.387559 -1542.496742 -1542.724641 -1543.227460 -1544.410752 -1547.397825 -1555.614438 -1581.196555 -9999.0 -9999.0
-9999.0 -9999.0 -9999.0 -9999.0 -9999.0 -9999.0 -9999.0 -9999.0 -9999.0 -9999.0 -9999.0 -9999.0 -9999.0 -9999.0 -9999.0 -9999.0 -9999.0 -9999.0 -9999.0 -9999.0 -9999.0 -9999.0 -9999.0 -9999.0 -9999.0 -9999.0 -9999.0 -9999.0 -9999.0 -9999.0 -9999.0 -9999.0 -9999.0 -9999.0 -9999.0 -9999.0 -9999.0 -9999.0 -9999.0 -9999.0 -9999.0 -9999.0 -9999.0 -9999.0 -9999.0 -9999.0 -9999.0 -9999.0 -9999.0 -9999.0 -9999.0 -9999.0 -9999.0 -9999.0 -9999.0 -9999.0 -9999.0 -9999.0 -9999.0 -9999.0 -9999.0 -9999.0 -9999.0 -9999.0 -9999.0 -9999.0 -9999.0 -9999.0 -9999.0 -9999.0 -9999.0 -9999.0 -9999.0 -9999.0 -9999.0 -9999.0 -9999.0 -9999.0 -9999.0 -9999.0 -9999.0 -9999.0 -9999.0 -9999.0 -9999.0 -9999.0 -9999.0 -9999.0 -9999.0 -9999.0 -9999.0 -9999.0 -9999.0 -9999.0 -9999.0 -9999.0 -9999.0 -9999.0 -9999.0 -9999.0 -9999.0 -9999.0 -9999.0 -9999.0
-9999.0 -9999.0 -9999.0 -9999.0 -9999.0 -9999.0 -9999.0 -9999.0 -9999.0 -9999.0 -9999.0 -9999.0 -9999.0 -9999.0 -9999.0 -9999.0 -9999.0 -9999.0 -9999.0 -9999.0 -9999.0 -9999.0 -9999.0 -9999.0 -9999.0 -9999.0 -9999.0 -9999.0 -9999.0 -9999.0 -9999.0 -9999.0 -9999.0 -9999.0 -9999.0 -9999.0 -9999.0 -9999.0 -9999.0 -9999.0 -9999.0 -9999.0 -9999.0 -9999.0 -9999.0 -9999.0 -9999.0 -9999.0 -9999.0 -9999.0 -9999.0 -9999.0 -9999.0 -9999.0 -9999.0 -9999.0 -9999.0 -9999.0 -9999.0 -9999.0 -9999.0 -9999.0 -9999.0 -9999.0 -9999.0 -9999.0 -9999.0 -9999.0 -9999.0 -9999.0 -9999.0 -9999.0 -9999.0 -9999.0 -9999.0 -9999.0 -9999.0 -9999.0 -9999.0 -9999.0 -9999.0 -9999.0 -9999.0 -9999.0 -9999.0 -9999.0 -9999.0 -9999.0 -9999.0 -9999.0 -9999.0 -9999.0 -9999.0 -9999.0 -9999.0 -9999.0 -9999.0 -9999.0 -9999.0 -9999.0 -9999.0 -9999.0 -9999.0 -9999.0