inst/processing_geotop_simulation/geotop_simulation/out/maps3D/PwL0004N0478.asc
ncols         104
nrows         10
xllcorner     -2.000000
yllcorner     0.000000
cellsize      1.000000
NODATA_value  -9999.0
-9999.0 -9999.0 -9999.0 -9999.0 -9999.0 -9999.0 -9999.0 -9999.0 -9999.0 -9999.0 -9999.0 -9999.0 -9999.0 -9999.0 -9999.0 -9999.0 -9999.0 -9999.0 -9999.0 -9999.0 -9999.0 -9999.0 -9999.0 -9999.0 -9999.0 -9999.0 -9999.0 -9999.0 -9999.0 -9999.0 -9999.0 -9999.0 -9999.0 -9999.0 -9999.0 -9999.0 -9999.0 -9999.0 -9999.0 -9999.0 -9999.0 -9999.0 -9999.0 -9999.0 -9999.0 -9999.0 -9999.0 -9999.0 -9999.0 -9999.0 -9999.0 -9999.0 -9999.0 -9999.0 -9999.0 -9999.0 -9999.0 -9999.0 -9999.0 -9999.0 -9999.0 -9999.0 -9999.0 -9999.0 -9999.0 -9999.0 -9999.0 -9999.0 -9999.0 -9999.0 -9999.0 -9999.0 -9999.0 -9999.0 -9999.0 -9999.0 -9999.0 -9999.0 -9999.0 -9999.0 -9999.0 -9999.0 -9999.0 -9999.0 -9999.0 -9999.0 -9999.0 -9999.0 -9999.0 -9999.0 -9999.0 -9999.0 -9999.0 -9999.0 -9999.0 -9999.0 -9999.0 -9999.0 -9999.0 -9999.0 -9999.0 -9999.0 -9999.0 -9999.0
-9999.0 -9999.0 -9999.0 -9999.0 -9999.0 -9999.0 -9999.0 -9999.0 -9999.0 -9999.0 -9999.0 -9999.0 -9999.0 -9999.0 -9999.0 -9999.0 -9999.0 -9999.0 -9999.0 -9999.0 -9999.0 -9999.0 -9999.0 -9999.0 -9999.0 -9999.0 -9999.0 -9999.0 -9999.0 -9999.0 -9999.0 -9999.0 -9999.0 -9999.0 -9999.0 -9999.0 -9999.0 -9999.0 -9999.0 -9999.0 -9999.0 -9999.0 -9999.0 -9999.0 -9999.0 -9999.0 -9999.0 -9999.0 -9999.0 -9999.0 -9999.0 -9999.0 -9999.0 -9999.0 -9999.0 -9999.0 -9999.0 -9999.0 -9999.0 -9999.0 -9999.0 -9999.0 -9999.0 -9999.0 -9999.0 -9999.0 -9999.0 -9999.0 -9999.0 -9999.0 -9999.0 -9999.0 -9999.0 -9999.0 -9999.0 -9999.0 -9999.0 -9999.0 -9999.0 -9999.0 -9999.0 -9999.0 -9999.0 -9999.0 -9999.0 -9999.0 -9999.0 -9999.0 -9999.0 -9999.0 -9999.0 -9999.0 -9999.0 -9999.0 -9999.0 -9999.0 -9999.0 -9999.0 -9999.0 -9999.0 -9999.0 -9999.0 -9999.0 -9999.0
-9999.0 -9999.0 174.587270 76.207268 -22.933541 -122.290717 -221.730430 -321.202001 -420.679791 -520.146910 -619.581692 -718.937949 -818.244308 -917.467295 -1016.646246 -1115.844058 -1214.831823 -1313.531337 -1411.736060 -1509.002505 -1604.388936 -1696.088369 -1781.349602 -1857.180106 -1921.448085 -1973.510117 -2014.090092 -2044.750302 -2067.353434 -2083.698937 -2095.341820 -2103.536824 -2109.251035 -2113.206167 -2115.928884 -2117.800286 -2119.108718 -2120.139593 -2121.388937 -2123.630636 -2121.868185 -2045.373568 -1253.340549 -1258.466299 -1246.725395 -1238.793644 -1235.062874 -1234.468551 -1234.402859 -1234.407755 -1234.422729 -1234.438940 -1234.454537 -1234.468991 -1234.482494 -1234.498955 -1234.554064 -1234.915664 -1236.921663 -1241.315497 -1246.609236 -1233.011428 -2018.796094 -2116.222504 -2122.409093 -2122.092899 -2121.886816 -2121.838814 -2121.830285 -2121.829267 -2121.829496 -2121.829861 -2121.830180 -2121.830435 -2121.830638 -2121.830803 -2121.830940 -2121.831056 -2121.831160 -2121.831257 -2121.831355 -2121.831463 -2121.831593 -2121.831764 -2121.832003 -2121.832356 -2121.832894 -2121.833742 -2121.835111 -2121.837381 -2121.841255 -2121.848071 -2121.860456 -2121.883681 -2121.928612 -2122.018535 -2122.206287 -2122.620939 -2123.605717 -2126.169935 -2133.656115 -2158.581005 -9999.0 -9999.0
-9999.0 -9999.0 174.595733 76.208998 -22.933101 -122.290589 -221.730389 -321.201987 -420.679785 -520.146908 -619.581691 -718.937949 -818.244307 -917.467295 -1016.646245 -1115.844058 -1214.831823 -1313.531338 -1411.736060 -1509.002505 -1604.388936 -1696.088369 -1781.349602 -1857.180106 -1921.448085 -1973.510117 -2014.090092 -2044.750302 -2067.353434 -2083.698937 -2095.341820 -2103.536824 -2109.251035 -2113.206167 -2115.928884 -2117.800286 -2119.108718 -2120.139593 -2121.388937 -2123.630636 -2121.868185 -2045.373568 -1253.340549 -1258.466299 -1246.725395 -1238.793643 -1235.062874 -1234.468551 -1234.402859 -1234.407755 -1234.422729 -1234.438940 -1234.454537 -1234.468991 -1234.482494 -1234.498955 -1234.554064 -1234.915664 -1236.921663 -1241.315497 -1246.609236 -1233.011428 -2018.796094 -2116.222504 -2122.409093 -2122.092899 -2121.886816 -2121.838814 -2121.830285 -2121.829267 -2121.829496 -2121.829861 -2121.830180 -2121.830435 -2121.830638 -2121.830803 -2121.830940 -2121.831056 -2121.831160 -2121.831257 -2121.831355 -2121.831463 -2121.831593 -2121.831764 -2121.832003 -2121.832355 -2121.832894 -2121.833742 -2121.835111 -2121.837381 -2121.841255 -2121.848071 -2121.860456 -2121.883681 -2121.928612 -2122.018535 -2122.206287 -2122.620939 -2123.605717 -2126.169935 -2133.656115 -2158.581005 -9999.0 -9999.0
-9999.0 -9999.0 174.596927 76.209704 -22.932822 -122.290488 -221.730353 -321.201974 -420.679781 -520.146906 -619.581690 -718.937948 -818.244307 -917.467295 -1016.646245 -1115.844058 -1214.831823 -1313.531338 -1411.736061 -1509.002505 -1604.388937 -1696.088369 -1781.349602 -1857.180106 -1921.448085 -1973.510117 -2014.090093 -2044.750302 -2067.353434 -2083.698937 -2095.341820 -2103.536824 -2109.251035 -2113.206167 -2115.928884 -2117.800286 -2119.108718 -2120.139593 -2121.388937 -2123.630636 -2121.868185 -2045.373568 -1253.340549 -1258.466299 -1246.725395 -1238.793643 -1235.062874 -1234.468551 -1234.402859 -1234.407755 -1234.422729 -1234.438940 -1234.454537 -1234.468991 -1234.482494 -1234.498955 -1234.554064 -1234.915664 -1236.921663 -1241.315497 -1246.609236 -1233.011428 -2018.796094 -2116.222504 -2122.409093 -2122.092899 -2121.886816 -2121.838814 -2121.830285 -2121.829267 -2121.829496 -2121.829861 -2121.830180 -2121.830435 -2121.830638 -2121.830803 -2121.830940 -2121.831056 -2121.831160 -2121.831257 -2121.831355 -2121.831463 -2121.831593 -2121.831764 -2121.832003 -2121.832355 -2121.832894 -2121.833742 -2121.835111 -2121.837381 -2121.841255 -2121.848071 -2121.860456 -2121.883681 -2121.928612 -2122.018535 -2122.206287 -2122.620939 -2123.605717 -2126.169935 -2133.656115 -2158.581005 -9999.0 -9999.0
-9999.0 -9999.0 174.596927 76.209704 -22.932822 -122.290488 -221.730353 -321.201974 -420.679781 -520.146907 -619.581690 -718.937948 -818.244307 -917.467295 -1016.646245 -1115.844058 -1214.831823 -1313.531338 -1411.736061 -1509.002505 -1604.388937 -1696.088369 -1781.349602 -1857.180106 -1921.448085 -1973.510117 -2014.090093 -2044.750302 -2067.353434 -2083.698937 -2095.341820 -2103.536824 -2109.251035 -2113.206167 -2115.928884 -2117.800286 -2119.108718 -2120.139593 -2121.388937 -2123.630636 -2121.868185 -2045.373568 -1253.340549 -1258.466299 -1246.725395 -1238.793643 -1235.062874 -1234.468551 -1234.402859 -1234.407755 -1234.422729 -1234.438940 -1234.454537 -1234.468991 -1234.482494 -1234.498955 -1234.554064 -1234.915664 -1236.921663 -1241.315497 -1246.609236 -1233.011428 -2018.796094 -2116.222504 -2122.409093 -2122.092899 -2121.886816 -2121.838814 -2121.830285 -2121.829267 -2121.829496 -2121.829861 -2121.830180 -2121.830435 -2121.830638 -2121.830803 -2121.830940 -2121.831056 -2121.831160 -2121.831257 -2121.831355 -2121.831463 -2121.831593 -2121.831764 -2121.832003 -2121.832355 -2121.832894 -2121.833742 -2121.835111 -2121.837381 -2121.841255 -2121.848071 -2121.860456 -2121.883681 -2121.928612 -2122.018535 -2122.206287 -2122.620939 -2123.605717 -2126.169935 -2133.656115 -2158.581005 -9999.0 -9999.0
-9999.0 -9999.0 174.595733 76.208998 -22.933101 -122.290589 -221.730389 -321.201987 -420.679786 -520.146908 -619.581691 -718.937948 -818.244307 -917.467295 -1016.646245 -1115.844058 -1214.831823 -1313.531338 -1411.736060 -1509.002505 -1604.388936 -1696.088369 -1781.349602 -1857.180106 -1921.448085 -1973.510117 -2014.090092 -2044.750302 -2067.353434 -2083.698937 -2095.341820 -2103.536824 -2109.251035 -2113.206167 -2115.928884 -2117.800286 -2119.108718 -2120.139593 -2121.388937 -2123.630636 -2121.868185 -2045.373568 -1253.340549 -1258.466299 -1246.725395 -1238.793643 -1235.062874 -1234.468551 -1234.402859 -1234.407755 -1234.422729 -1234.438940 -1234.454537 -1234.468991 -1234.482494 -1234.498955 -1234.554064 -1234.915664 -1236.921663 -1241.315497 -1246.609236 -1233.011428 -2018.796094 -2116.222504 -2122.409093 -2122.092899 -2121.886816 -2121.838814 -2121.830285 -2121.829267 -2121.829496 -2121.829861 -2121.830180 -2121.830435 -2121.830638 -2121.830803 -2121.830940 -2121.831056 -2121.831160 -2121.831257 -2121.831355 -2121.831463 -2121.831593 -2121.831764 -2121.832003 -2121.832355 -2121.832894 -2121.833742 -2121.835111 -2121.837381 -2121.841255 -2121.848071 -2121.860456 -2121.883681 -2121.928612 -2122.018535 -2122.206287 -2122.620939 -2123.605717 -2126.169935 -2133.656115 -2158.581005 -9999.0 -9999.0
-9999.0 -9999.0 174.587270 76.207268 -22.933541 -122.290717 -221.730430 -321.202001 -420.679791 -520.146911 -619.581692 -718.937949 -818.244307 -917.467295 -1016.646245 -1115.844058 -1214.831823 -1313.531337 -1411.736060 -1509.002505 -1604.388936 -1696.088369 -1781.349602 -1857.180106 -1921.448085 -1973.510117 -2014.090092 -2044.750302 -2067.353434 -2083.698937 -2095.341820 -2103.536824 -2109.251035 -2113.206167 -2115.928884 -2117.800286 -2119.108718 -2120.139593 -2121.388937 -2123.630636 -2121.868185 -2045.373568 -1253.340549 -1258.466299 -1246.725395 -1238.793644 -1235.062874 -1234.468551 -1234.402859 -1234.407755 -1234.422729 -1234.438940 -1234.454537 -1234.468991 -1234.482494 -1234.498955 -1234.554064 -1234.915664 -1236.921663 -1241.315497 -1246.609236 -1233.011428 -2018.796094 -2116.222504 -2122.409093 -2122.092899 -2121.886816 -2121.838814 -2121.830285 -2121.829267 -2121.829496 -2121.829861 -2121.830180 -2121.830435 -2121.830638 -2121.830803 -2121.830940 -2121.831056 -2121.831160 -2121.831257 -2121.831355 -2121.831463 -2121.831593 -2121.831764 -2121.832003 -2121.832356 -2121.832894 -2121.833742 -2121.835111 -2121.837381 -2121.841255 -2121.848071 -2121.860456 -2121.883681 -2121.928612 -2122.018535 -2122.206287 -2122.620939 -2123.605717 -2126.169935 -2133.656115 -2158.581005 -9999.0 -9999.0
-9999.0 -9999.0 -9999.0 -9999.0 -9999.0 -9999.0 -9999.0 -9999.0 -9999.0 -9999.0 -9999.0 -9999.0 -9999.0 -9999.0 -9999.0 -9999.0 -9999.0 -9999.0 -9999.0 -9999.0 -9999.0 -9999.0 -9999.0 -9999.0 -9999.0 -9999.0 -9999.0 -9999.0 -9999.0 -9999.0 -9999.0 -9999.0 -9999.0 -9999.0 -9999.0 -9999.0 -9999.0 -9999.0 -9999.0 -9999.0 -9999.0 -9999.0 -9999.0 -9999.0 -9999.0 -9999.0 -9999.0 -9999.0 -9999.0 -9999.0 -9999.0 -9999.0 -9999.0 -9999.0 -9999.0 -9999.0 -9999.0 -9999.0 -9999.0 -9999.0 -9999.0 -9999.0 -9999.0 -9999.0 -9999.0 -9999.0 -9999.0 -9999.0 -9999.0 -9999.0 -9999.0 -9999.0 -9999.0 -9999.0 -9999.0 -9999.0 -9999.0 -9999.0 -9999.0 -9999.0 -9999.0 -9999.0 -9999.0 -9999.0 -9999.0 -9999.0 -9999.0 -9999.0 -9999.0 -9999.0 -9999.0 -9999.0 -9999.0 -9999.0 -9999.0 -9999.0 -9999.0 -9999.0 -9999.0 -9999.0 -9999.0 -9999.0 -9999.0 -9999.0
-9999.0 -9999.0 -9999.0 -9999.0 -9999.0 -9999.0 -9999.0 -9999.0 -9999.0 -9999.0 -9999.0 -9999.0 -9999.0 -9999.0 -9999.0 -9999.0 -9999.0 -9999.0 -9999.0 -9999.0 -9999.0 -9999.0 -9999.0 -9999.0 -9999.0 -9999.0 -9999.0 -9999.0 -9999.0 -9999.0 -9999.0 -9999.0 -9999.0 -9999.0 -9999.0 -9999.0 -9999.0 -9999.0 -9999.0 -9999.0 -9999.0 -9999.0 -9999.0 -9999.0 -9999.0 -9999.0 -9999.0 -9999.0 -9999.0 -9999.0 -9999.0 -9999.0 -9999.0 -9999.0 -9999.0 -9999.0 -9999.0 -9999.0 -9999.0 -9999.0 -9999.0 -9999.0 -9999.0 -9999.0 -9999.0 -9999.0 -9999.0 -9999.0 -9999.0 -9999.0 -9999.0 -9999.0 -9999.0 -9999.0 -9999.0 -9999.0 -9999.0 -9999.0 -9999.0 -9999.0 -9999.0 -9999.0 -9999.0 -9999.0 -9999.0 -9999.0 -9999.0 -9999.0 -9999.0 -9999.0 -9999.0 -9999.0 -9999.0 -9999.0 -9999.0 -9999.0 -9999.0 -9999.0 -9999.0 -9999.0 -9999.0 -9999.0 -9999.0 -9999.0