inst/processing_geotop_simulation/geotop_simulation/out/maps3D/PwL0005N0284.asc
ncols         104
nrows         10
xllcorner     -2.000000
yllcorner     0.000000
cellsize      1.000000
NODATA_value  -9999.0
-9999.0 -9999.0 -9999.0 -9999.0 -9999.0 -9999.0 -9999.0 -9999.0 -9999.0 -9999.0 -9999.0 -9999.0 -9999.0 -9999.0 -9999.0 -9999.0 -9999.0 -9999.0 -9999.0 -9999.0 -9999.0 -9999.0 -9999.0 -9999.0 -9999.0 -9999.0 -9999.0 -9999.0 -9999.0 -9999.0 -9999.0 -9999.0 -9999.0 -9999.0 -9999.0 -9999.0 -9999.0 -9999.0 -9999.0 -9999.0 -9999.0 -9999.0 -9999.0 -9999.0 -9999.0 -9999.0 -9999.0 -9999.0 -9999.0 -9999.0 -9999.0 -9999.0 -9999.0 -9999.0 -9999.0 -9999.0 -9999.0 -9999.0 -9999.0 -9999.0 -9999.0 -9999.0 -9999.0 -9999.0 -9999.0 -9999.0 -9999.0 -9999.0 -9999.0 -9999.0 -9999.0 -9999.0 -9999.0 -9999.0 -9999.0 -9999.0 -9999.0 -9999.0 -9999.0 -9999.0 -9999.0 -9999.0 -9999.0 -9999.0 -9999.0 -9999.0 -9999.0 -9999.0 -9999.0 -9999.0 -9999.0 -9999.0 -9999.0 -9999.0 -9999.0 -9999.0 -9999.0 -9999.0 -9999.0 -9999.0 -9999.0 -9999.0 -9999.0 -9999.0
-9999.0 -9999.0 -9999.0 -9999.0 -9999.0 -9999.0 -9999.0 -9999.0 -9999.0 -9999.0 -9999.0 -9999.0 -9999.0 -9999.0 -9999.0 -9999.0 -9999.0 -9999.0 -9999.0 -9999.0 -9999.0 -9999.0 -9999.0 -9999.0 -9999.0 -9999.0 -9999.0 -9999.0 -9999.0 -9999.0 -9999.0 -9999.0 -9999.0 -9999.0 -9999.0 -9999.0 -9999.0 -9999.0 -9999.0 -9999.0 -9999.0 -9999.0 -9999.0 -9999.0 -9999.0 -9999.0 -9999.0 -9999.0 -9999.0 -9999.0 -9999.0 -9999.0 -9999.0 -9999.0 -9999.0 -9999.0 -9999.0 -9999.0 -9999.0 -9999.0 -9999.0 -9999.0 -9999.0 -9999.0 -9999.0 -9999.0 -9999.0 -9999.0 -9999.0 -9999.0 -9999.0 -9999.0 -9999.0 -9999.0 -9999.0 -9999.0 -9999.0 -9999.0 -9999.0 -9999.0 -9999.0 -9999.0 -9999.0 -9999.0 -9999.0 -9999.0 -9999.0 -9999.0 -9999.0 -9999.0 -9999.0 -9999.0 -9999.0 -9999.0 -9999.0 -9999.0 -9999.0 -9999.0 -9999.0 -9999.0 -9999.0 -9999.0 -9999.0 -9999.0
-9999.0 -9999.0 226.248189 130.019658 32.117197 -66.300864 -164.918903 -263.614513 -362.319609 -460.987030 -559.547235 -657.824170 -755.714250 -853.321265 -950.707462 -1048.137313 -1145.003539 -1240.257636 -1333.448586 -1423.417303 -1507.617624 -1582.373962 -1644.765361 -1693.955502 -1731.020066 -1758.038809 -1777.279635 -1790.751161 -1800.058283 -1806.415693 -1810.715357 -1813.598642 -1815.518644 -1816.790333 -1817.629836 -1818.185841 -1818.569145 -1818.906937 -1819.553607 -1821.841927 -1827.989768 -1805.035436 -1143.531442 -1158.351174 -1143.084188 -1133.210464 -1128.593451 -1127.911468 -1127.839448 -1127.846906 -1127.865878 -1127.886261 -1127.905847 -1127.923984 -1127.940812 -1127.960332 -1128.020546 -1128.425380 -1130.871422 -1136.333935 -1143.926542 -1118.422456 -1779.880222 -1821.892450 -1820.482949 -1819.559505 -1819.368397 -1819.336625 -1819.332104 -1819.332036 -1819.332619 -1819.333189 -1819.333646 -1819.333997 -1819.334266 -1819.334476 -1819.334643 -1819.334779 -1819.334893 -1819.334995 -1819.335095 -1819.335208 -1819.335350 -1819.335546 -1819.335837 -1819.336283 -1819.336985 -1819.338110 -1819.339943 -1819.342988 -1819.348161 -1819.357193 -1819.373433 -1819.403516 -1819.460811 -1819.572873 -1819.798852 -1820.274332 -1821.336990 -1823.913123 -1830.929872 -1853.798824 -9999.0 -9999.0
-9999.0 -9999.0 226.257241 130.021626 32.117704 -66.300716 -164.918856 -263.614497 -362.319603 -460.987028 -559.547234 -657.824170 -755.714249 -853.321265 -950.707462 -1048.137313 -1145.003539 -1240.257636 -1333.448586 -1423.417303 -1507.617625 -1582.373963 -1644.765361 -1693.955502 -1731.020066 -1758.038809 -1777.279635 -1790.751161 -1800.058283 -1806.415693 -1810.715357 -1813.598642 -1815.518644 -1816.790333 -1817.629836 -1818.185841 -1818.569145 -1818.906937 -1819.553607 -1821.841927 -1827.989768 -1805.035436 -1143.531442 -1158.351174 -1143.084188 -1133.210464 -1128.593451 -1127.911468 -1127.839448 -1127.846906 -1127.865878 -1127.886261 -1127.905847 -1127.923984 -1127.940812 -1127.960332 -1128.020546 -1128.425380 -1130.871422 -1136.333935 -1143.926542 -1118.422456 -1779.880222 -1821.892450 -1820.482949 -1819.559505 -1819.368397 -1819.336625 -1819.332104 -1819.332036 -1819.332619 -1819.333189 -1819.333646 -1819.333997 -1819.334266 -1819.334476 -1819.334643 -1819.334779 -1819.334893 -1819.334995 -1819.335095 -1819.335208 -1819.335350 -1819.335546 -1819.335837 -1819.336283 -1819.336985 -1819.338110 -1819.339943 -1819.342988 -1819.348161 -1819.357193 -1819.373433 -1819.403516 -1819.460811 -1819.572873 -1819.798852 -1820.274332 -1821.336990 -1823.913123 -1830.929872 -1853.798824 -9999.0 -9999.0
-9999.0 -9999.0 226.258663 130.022438 32.118026 -66.300599 -164.918815 -263.614482 -362.319598 -460.987026 -559.547233 -657.824169 -755.714249 -853.321265 -950.707462 -1048.137313 -1145.003539 -1240.257636 -1333.448586 -1423.417303 -1507.617625 -1582.373963 -1644.765361 -1693.955502 -1731.020066 -1758.038809 -1777.279635 -1790.751161 -1800.058283 -1806.415693 -1810.715357 -1813.598642 -1815.518644 -1816.790333 -1817.629836 -1818.185841 -1818.569145 -1818.906937 -1819.553607 -1821.841927 -1827.989768 -1805.035436 -1143.531442 -1158.351174 -1143.084188 -1133.210464 -1128.593451 -1127.911468 -1127.839448 -1127.846906 -1127.865878 -1127.886261 -1127.905847 -1127.923984 -1127.940812 -1127.960332 -1128.020546 -1128.425380 -1130.871422 -1136.333935 -1143.926542 -1118.422456 -1779.880222 -1821.892450 -1820.482949 -1819.559505 -1819.368397 -1819.336625 -1819.332104 -1819.332036 -1819.332619 -1819.333189 -1819.333646 -1819.333997 -1819.334266 -1819.334476 -1819.334643 -1819.334779 -1819.334893 -1819.334995 -1819.335095 -1819.335208 -1819.335350 -1819.335546 -1819.335837 -1819.336283 -1819.336985 -1819.338110 -1819.339943 -1819.342988 -1819.348161 -1819.357193 -1819.373433 -1819.403516 -1819.460811 -1819.572873 -1819.798852 -1820.274332 -1821.336990 -1823.913123 -1830.929872 -1853.798824 -9999.0 -9999.0
-9999.0 -9999.0 226.258663 130.022438 32.118026 -66.300599 -164.918814 -263.614482 -362.319598 -460.987026 -559.547233 -657.824169 -755.714249 -853.321265 -950.707462 -1048.137313 -1145.003539 -1240.257636 -1333.448586 -1423.417303 -1507.617625 -1582.373963 -1644.765361 -1693.955502 -1731.020066 -1758.038809 -1777.279635 -1790.751161 -1800.058283 -1806.415693 -1810.715357 -1813.598642 -1815.518644 -1816.790333 -1817.629836 -1818.185841 -1818.569145 -1818.906937 -1819.553607 -1821.841927 -1827.989768 -1805.035436 -1143.531442 -1158.351174 -1143.084188 -1133.210464 -1128.593451 -1127.911468 -1127.839448 -1127.846906 -1127.865878 -1127.886261 -1127.905847 -1127.923984 -1127.940812 -1127.960332 -1128.020546 -1128.425380 -1130.871422 -1136.333935 -1143.926542 -1118.422456 -1779.880222 -1821.892450 -1820.482949 -1819.559505 -1819.368397 -1819.336625 -1819.332104 -1819.332036 -1819.332619 -1819.333189 -1819.333646 -1819.333997 -1819.334266 -1819.334476 -1819.334643 -1819.334779 -1819.334893 -1819.334995 -1819.335095 -1819.335208 -1819.335350 -1819.335546 -1819.335837 -1819.336283 -1819.336985 -1819.338110 -1819.339943 -1819.342988 -1819.348161 -1819.357193 -1819.373433 -1819.403516 -1819.460811 -1819.572873 -1819.798852 -1820.274332 -1821.336990 -1823.913123 -1830.929872 -1853.798824 -9999.0 -9999.0
-9999.0 -9999.0 226.257241 130.021626 32.117704 -66.300716 -164.918856 -263.614497 -362.319603 -460.987028 -559.547234 -657.824170 -755.714250 -853.321265 -950.707462 -1048.137313 -1145.003539 -1240.257636 -1333.448586 -1423.417303 -1507.617625 -1582.373963 -1644.765361 -1693.955502 -1731.020066 -1758.038809 -1777.279635 -1790.751161 -1800.058283 -1806.415693 -1810.715357 -1813.598642 -1815.518644 -1816.790333 -1817.629836 -1818.185841 -1818.569145 -1818.906937 -1819.553607 -1821.841927 -1827.989768 -1805.035436 -1143.531442 -1158.351174 -1143.084188 -1133.210464 -1128.593451 -1127.911468 -1127.839448 -1127.846906 -1127.865878 -1127.886261 -1127.905847 -1127.923984 -1127.940812 -1127.960332 -1128.020546 -1128.425380 -1130.871422 -1136.333935 -1143.926542 -1118.422456 -1779.880222 -1821.892450 -1820.482949 -1819.559505 -1819.368397 -1819.336625 -1819.332104 -1819.332036 -1819.332619 -1819.333189 -1819.333646 -1819.333997 -1819.334266 -1819.334476 -1819.334643 -1819.334779 -1819.334893 -1819.334995 -1819.335095 -1819.335208 -1819.335350 -1819.335546 -1819.335837 -1819.336283 -1819.336985 -1819.338110 -1819.339943 -1819.342988 -1819.348161 -1819.357193 -1819.373433 -1819.403516 -1819.460811 -1819.572873 -1819.798852 -1820.274332 -1821.336990 -1823.913123 -1830.929872 -1853.798824 -9999.0 -9999.0
-9999.0 -9999.0 226.248189 130.019658 32.117197 -66.300864 -164.918903 -263.614513 -362.319609 -460.987030 -559.547235 -657.824170 -755.714250 -853.321265 -950.707462 -1048.137313 -1145.003539 -1240.257636 -1333.448586 -1423.417303 -1507.617624 -1582.373962 -1644.765361 -1693.955502 -1731.020066 -1758.038809 -1777.279635 -1790.751161 -1800.058283 -1806.415693 -1810.715357 -1813.598641 -1815.518644 -1816.790333 -1817.629836 -1818.185841 -1818.569145 -1818.906937 -1819.553607 -1821.841927 -1827.989768 -1805.035436 -1143.531442 -1158.351174 -1143.084188 -1133.210464 -1128.593451 -1127.911468 -1127.839448 -1127.846906 -1127.865878 -1127.886261 -1127.905847 -1127.923984 -1127.940812 -1127.960332 -1128.020546 -1128.425380 -1130.871422 -1136.333935 -1143.926542 -1118.422456 -1779.880222 -1821.892450 -1820.482949 -1819.559505 -1819.368397 -1819.336625 -1819.332104 -1819.332036 -1819.332619 -1819.333189 -1819.333646 -1819.333997 -1819.334266 -1819.334476 -1819.334643 -1819.334779 -1819.334893 -1819.334995 -1819.335095 -1819.335208 -1819.335350 -1819.335546 -1819.335837 -1819.336283 -1819.336985 -1819.338110 -1819.339943 -1819.342988 -1819.348161 -1819.357193 -1819.373433 -1819.403516 -1819.460811 -1819.572873 -1819.798852 -1820.274332 -1821.336990 -1823.913123 -1830.929872 -1853.798824 -9999.0 -9999.0
-9999.0 -9999.0 -9999.0 -9999.0 -9999.0 -9999.0 -9999.0 -9999.0 -9999.0 -9999.0 -9999.0 -9999.0 -9999.0 -9999.0 -9999.0 -9999.0 -9999.0 -9999.0 -9999.0 -9999.0 -9999.0 -9999.0 -9999.0 -9999.0 -9999.0 -9999.0 -9999.0 -9999.0 -9999.0 -9999.0 -9999.0 -9999.0 -9999.0 -9999.0 -9999.0 -9999.0 -9999.0 -9999.0 -9999.0 -9999.0 -9999.0 -9999.0 -9999.0 -9999.0 -9999.0 -9999.0 -9999.0 -9999.0 -9999.0 -9999.0 -9999.0 -9999.0 -9999.0 -9999.0 -9999.0 -9999.0 -9999.0 -9999.0 -9999.0 -9999.0 -9999.0 -9999.0 -9999.0 -9999.0 -9999.0 -9999.0 -9999.0 -9999.0 -9999.0 -9999.0 -9999.0 -9999.0 -9999.0 -9999.0 -9999.0 -9999.0 -9999.0 -9999.0 -9999.0 -9999.0 -9999.0 -9999.0 -9999.0 -9999.0 -9999.0 -9999.0 -9999.0 -9999.0 -9999.0 -9999.0 -9999.0 -9999.0 -9999.0 -9999.0 -9999.0 -9999.0 -9999.0 -9999.0 -9999.0 -9999.0 -9999.0 -9999.0 -9999.0 -9999.0
-9999.0 -9999.0 -9999.0 -9999.0 -9999.0 -9999.0 -9999.0 -9999.0 -9999.0 -9999.0 -9999.0 -9999.0 -9999.0 -9999.0 -9999.0 -9999.0 -9999.0 -9999.0 -9999.0 -9999.0 -9999.0 -9999.0 -9999.0 -9999.0 -9999.0 -9999.0 -9999.0 -9999.0 -9999.0 -9999.0 -9999.0 -9999.0 -9999.0 -9999.0 -9999.0 -9999.0 -9999.0 -9999.0 -9999.0 -9999.0 -9999.0 -9999.0 -9999.0 -9999.0 -9999.0 -9999.0 -9999.0 -9999.0 -9999.0 -9999.0 -9999.0 -9999.0 -9999.0 -9999.0 -9999.0 -9999.0 -9999.0 -9999.0 -9999.0 -9999.0 -9999.0 -9999.0 -9999.0 -9999.0 -9999.0 -9999.0 -9999.0 -9999.0 -9999.0 -9999.0 -9999.0 -9999.0 -9999.0 -9999.0 -9999.0 -9999.0 -9999.0 -9999.0 -9999.0 -9999.0 -9999.0 -9999.0 -9999.0 -9999.0 -9999.0 -9999.0 -9999.0 -9999.0 -9999.0 -9999.0 -9999.0 -9999.0 -9999.0 -9999.0 -9999.0 -9999.0 -9999.0 -9999.0 -9999.0 -9999.0 -9999.0 -9999.0 -9999.0 -9999.0