inst/processing_geotop_simulation/geotop_simulation/out/maps3D/PwL0008N0303.asc
ncols         104
nrows         10
xllcorner     -2.000000
yllcorner     0.000000
cellsize      1.000000
NODATA_value  -9999.0
-9999.0 -9999.0 -9999.0 -9999.0 -9999.0 -9999.0 -9999.0 -9999.0 -9999.0 -9999.0 -9999.0 -9999.0 -9999.0 -9999.0 -9999.0 -9999.0 -9999.0 -9999.0 -9999.0 -9999.0 -9999.0 -9999.0 -9999.0 -9999.0 -9999.0 -9999.0 -9999.0 -9999.0 -9999.0 -9999.0 -9999.0 -9999.0 -9999.0 -9999.0 -9999.0 -9999.0 -9999.0 -9999.0 -9999.0 -9999.0 -9999.0 -9999.0 -9999.0 -9999.0 -9999.0 -9999.0 -9999.0 -9999.0 -9999.0 -9999.0 -9999.0 -9999.0 -9999.0 -9999.0 -9999.0 -9999.0 -9999.0 -9999.0 -9999.0 -9999.0 -9999.0 -9999.0 -9999.0 -9999.0 -9999.0 -9999.0 -9999.0 -9999.0 -9999.0 -9999.0 -9999.0 -9999.0 -9999.0 -9999.0 -9999.0 -9999.0 -9999.0 -9999.0 -9999.0 -9999.0 -9999.0 -9999.0 -9999.0 -9999.0 -9999.0 -9999.0 -9999.0 -9999.0 -9999.0 -9999.0 -9999.0 -9999.0 -9999.0 -9999.0 -9999.0 -9999.0 -9999.0 -9999.0 -9999.0 -9999.0 -9999.0 -9999.0 -9999.0 -9999.0
-9999.0 -9999.0 -9999.0 -9999.0 -9999.0 -9999.0 -9999.0 -9999.0 -9999.0 -9999.0 -9999.0 -9999.0 -9999.0 -9999.0 -9999.0 -9999.0 -9999.0 -9999.0 -9999.0 -9999.0 -9999.0 -9999.0 -9999.0 -9999.0 -9999.0 -9999.0 -9999.0 -9999.0 -9999.0 -9999.0 -9999.0 -9999.0 -9999.0 -9999.0 -9999.0 -9999.0 -9999.0 -9999.0 -9999.0 -9999.0 -9999.0 -9999.0 -9999.0 -9999.0 -9999.0 -9999.0 -9999.0 -9999.0 -9999.0 -9999.0 -9999.0 -9999.0 -9999.0 -9999.0 -9999.0 -9999.0 -9999.0 -9999.0 -9999.0 -9999.0 -9999.0 -9999.0 -9999.0 -9999.0 -9999.0 -9999.0 -9999.0 -9999.0 -9999.0 -9999.0 -9999.0 -9999.0 -9999.0 -9999.0 -9999.0 -9999.0 -9999.0 -9999.0 -9999.0 -9999.0 -9999.0 -9999.0 -9999.0 -9999.0 -9999.0 -9999.0 -9999.0 -9999.0 -9999.0 -9999.0 -9999.0 -9999.0 -9999.0 -9999.0 -9999.0 -9999.0 -9999.0 -9999.0 -9999.0 -9999.0 -9999.0 -9999.0 -9999.0 -9999.0
-9999.0 -9999.0 374.951511 277.803003 179.604715 80.988704 -17.794251 -116.642483 -215.511903 -314.368276 -413.176701 -511.870744 -610.306475 -708.204478 -806.156343 -904.006286 -1001.650914 -1099.103597 -1194.474124 -1287.505982 -1376.397728 -1458.209907 -1529.844399 -1589.373022 -1636.557393 -1672.521864 -1699.101054 -1718.277293 -1731.851515 -1741.312920 -1747.824554 -1752.259964 -1755.256336 -1757.267797 -1758.612396 -1759.511991 -1760.130402 -1760.639893 -1761.454961 -1764.001864 -1770.854514 -1760.024563 -1219.692270 -1293.018962 -1264.349263 -1245.990203 -1237.507330 -1236.306868 -1236.181837 -1236.194191 -1236.226192 -1236.260569 -1236.293595 -1236.324171 -1236.352528 -1236.385347 -1236.486862 -1237.184326 -1241.615299 -1251.594155 -1264.850148 -1175.719326 -1730.259158 -1764.090606 -1762.590932 -1761.625430 -1761.416273 -1761.380475 -1761.375222 -1761.374991 -1761.375507 -1761.376036 -1761.376464 -1761.376795 -1761.377051 -1761.377251 -1761.377411 -1761.377541 -1761.377652 -1761.377752 -1761.377851 -1761.377961 -1761.378099 -1761.378289 -1761.378568 -1761.378994 -1761.379664 -1761.380734 -1761.382478 -1761.385377 -1761.390310 -1761.398938 -1761.414489 -1761.443370 -1761.498547 -1761.606975 -1761.827279 -1762.295960 -1763.357766 -1765.968528 -1773.160552 -1796.581644 -9999.0 -9999.0
-9999.0 -9999.0 374.958578 277.804798 179.605199 80.988848 -17.794204 -116.642467 -215.511897 -314.368274 -413.176700 -511.870743 -610.306475 -708.204478 -806.156343 -904.006286 -1001.650914 -1099.103597 -1194.474125 -1287.505982 -1376.397728 -1458.209907 -1529.844399 -1589.373022 -1636.557394 -1672.521864 -1699.101054 -1718.277293 -1731.851515 -1741.312920 -1747.824555 -1752.259964 -1755.256336 -1757.267797 -1758.612396 -1759.511991 -1760.130402 -1760.639893 -1761.454961 -1764.001864 -1770.854514 -1760.024563 -1219.692270 -1293.018961 -1264.349263 -1245.990203 -1237.507330 -1236.306868 -1236.181837 -1236.194191 -1236.226192 -1236.260569 -1236.293595 -1236.324171 -1236.352528 -1236.385347 -1236.486862 -1237.184326 -1241.615299 -1251.594155 -1264.850148 -1175.719326 -1730.259158 -1764.090606 -1762.590932 -1761.625430 -1761.416273 -1761.380475 -1761.375222 -1761.374991 -1761.375507 -1761.376036 -1761.376464 -1761.376795 -1761.377051 -1761.377251 -1761.377411 -1761.377541 -1761.377652 -1761.377752 -1761.377851 -1761.377961 -1761.378099 -1761.378289 -1761.378568 -1761.378994 -1761.379664 -1761.380734 -1761.382478 -1761.385377 -1761.390310 -1761.398938 -1761.414489 -1761.443370 -1761.498547 -1761.606975 -1761.827279 -1762.295960 -1763.357766 -1765.968528 -1773.160552 -1796.581644 -9999.0 -9999.0
-9999.0 -9999.0 374.960029 277.805575 179.605508 80.988961 -17.794164 -116.642453 -215.511892 -314.368272 -413.176699 -511.870743 -610.306475 -708.204478 -806.156343 -904.006287 -1001.650914 -1099.103597 -1194.474125 -1287.505983 -1376.397728 -1458.209907 -1529.844399 -1589.373022 -1636.557394 -1672.521864 -1699.101054 -1718.277293 -1731.851515 -1741.312920 -1747.824555 -1752.259964 -1755.256336 -1757.267797 -1758.612396 -1759.511991 -1760.130402 -1760.639893 -1761.454961 -1764.001864 -1770.854514 -1760.024563 -1219.692270 -1293.018961 -1264.349263 -1245.990203 -1237.507330 -1236.306868 -1236.181837 -1236.194191 -1236.226192 -1236.260569 -1236.293595 -1236.324171 -1236.352528 -1236.385347 -1236.486862 -1237.184326 -1241.615299 -1251.594155 -1264.850148 -1175.719326 -1730.259158 -1764.090606 -1762.590932 -1761.625430 -1761.416273 -1761.380475 -1761.375222 -1761.374991 -1761.375507 -1761.376036 -1761.376464 -1761.376795 -1761.377051 -1761.377251 -1761.377411 -1761.377541 -1761.377652 -1761.377752 -1761.377851 -1761.377961 -1761.378099 -1761.378289 -1761.378568 -1761.378994 -1761.379664 -1761.380734 -1761.382478 -1761.385377 -1761.390310 -1761.398938 -1761.414489 -1761.443370 -1761.498547 -1761.606975 -1761.827279 -1762.295960 -1763.357766 -1765.968528 -1773.160552 -1796.581644 -9999.0 -9999.0
-9999.0 -9999.0 374.960029 277.805575 179.605508 80.988961 -17.794164 -116.642453 -215.511892 -314.368272 -413.176699 -511.870743 -610.306475 -708.204478 -806.156343 -904.006287 -1001.650914 -1099.103597 -1194.474125 -1287.505983 -1376.397728 -1458.209907 -1529.844399 -1589.373022 -1636.557394 -1672.521864 -1699.101054 -1718.277293 -1731.851515 -1741.312920 -1747.824555 -1752.259964 -1755.256336 -1757.267797 -1758.612396 -1759.511991 -1760.130402 -1760.639893 -1761.454961 -1764.001864 -1770.854514 -1760.024563 -1219.692270 -1293.018961 -1264.349263 -1245.990203 -1237.507330 -1236.306868 -1236.181837 -1236.194191 -1236.226192 -1236.260569 -1236.293595 -1236.324171 -1236.352528 -1236.385347 -1236.486862 -1237.184326 -1241.615299 -1251.594155 -1264.850148 -1175.719326 -1730.259158 -1764.090606 -1762.590932 -1761.625430 -1761.416273 -1761.380475 -1761.375222 -1761.374991 -1761.375507 -1761.376036 -1761.376464 -1761.376795 -1761.377051 -1761.377251 -1761.377411 -1761.377541 -1761.377652 -1761.377752 -1761.377851 -1761.377961 -1761.378099 -1761.378289 -1761.378568 -1761.378994 -1761.379664 -1761.380734 -1761.382478 -1761.385377 -1761.390310 -1761.398938 -1761.414489 -1761.443370 -1761.498547 -1761.606975 -1761.827279 -1762.295960 -1763.357766 -1765.968528 -1773.160552 -1796.581644 -9999.0 -9999.0
-9999.0 -9999.0 374.958578 277.804798 179.605198 80.988848 -17.794205 -116.642467 -215.511897 -314.368274 -413.176700 -511.870743 -610.306475 -708.204478 -806.156343 -904.006286 -1001.650914 -1099.103597 -1194.474125 -1287.505982 -1376.397728 -1458.209907 -1529.844399 -1589.373022 -1636.557394 -1672.521864 -1699.101054 -1718.277293 -1731.851515 -1741.312920 -1747.824555 -1752.259964 -1755.256336 -1757.267797 -1758.612396 -1759.511991 -1760.130402 -1760.639893 -1761.454961 -1764.001864 -1770.854514 -1760.024563 -1219.692270 -1293.018961 -1264.349263 -1245.990203 -1237.507330 -1236.306868 -1236.181837 -1236.194191 -1236.226192 -1236.260569 -1236.293595 -1236.324171 -1236.352528 -1236.385347 -1236.486862 -1237.184326 -1241.615299 -1251.594155 -1264.850148 -1175.719326 -1730.259158 -1764.090606 -1762.590932 -1761.625430 -1761.416273 -1761.380475 -1761.375222 -1761.374991 -1761.375507 -1761.376036 -1761.376464 -1761.376795 -1761.377051 -1761.377251 -1761.377411 -1761.377541 -1761.377652 -1761.377752 -1761.377851 -1761.377961 -1761.378099 -1761.378289 -1761.378568 -1761.378994 -1761.379664 -1761.380734 -1761.382478 -1761.385377 -1761.390310 -1761.398938 -1761.414489 -1761.443370 -1761.498547 -1761.606975 -1761.827279 -1762.295960 -1763.357766 -1765.968528 -1773.160552 -1796.581644 -9999.0 -9999.0
-9999.0 -9999.0 374.951511 277.803003 179.604715 80.988704 -17.794251 -116.642483 -215.511903 -314.368276 -413.176701 -511.870744 -610.306475 -708.204478 -806.156343 -904.006286 -1001.650914 -1099.103597 -1194.474124 -1287.505982 -1376.397728 -1458.209907 -1529.844399 -1589.373022 -1636.557393 -1672.521864 -1699.101054 -1718.277293 -1731.851515 -1741.312920 -1747.824554 -1752.259964 -1755.256336 -1757.267797 -1758.612396 -1759.511991 -1760.130402 -1760.639893 -1761.454961 -1764.001864 -1770.854514 -1760.024563 -1219.692270 -1293.018962 -1264.349263 -1245.990203 -1237.507330 -1236.306868 -1236.181837 -1236.194191 -1236.226192 -1236.260569 -1236.293595 -1236.324171 -1236.352528 -1236.385347 -1236.486862 -1237.184326 -1241.615299 -1251.594155 -1264.850148 -1175.719326 -1730.259158 -1764.090606 -1762.590932 -1761.625430 -1761.416273 -1761.380475 -1761.375222 -1761.374991 -1761.375507 -1761.376036 -1761.376464 -1761.376795 -1761.377051 -1761.377251 -1761.377411 -1761.377541 -1761.377652 -1761.377752 -1761.377851 -1761.377961 -1761.378099 -1761.378289 -1761.378568 -1761.378994 -1761.379664 -1761.380734 -1761.382478 -1761.385377 -1761.390310 -1761.398938 -1761.414489 -1761.443370 -1761.498547 -1761.606975 -1761.827279 -1762.295960 -1763.357766 -1765.968528 -1773.160552 -1796.581644 -9999.0 -9999.0
-9999.0 -9999.0 -9999.0 -9999.0 -9999.0 -9999.0 -9999.0 -9999.0 -9999.0 -9999.0 -9999.0 -9999.0 -9999.0 -9999.0 -9999.0 -9999.0 -9999.0 -9999.0 -9999.0 -9999.0 -9999.0 -9999.0 -9999.0 -9999.0 -9999.0 -9999.0 -9999.0 -9999.0 -9999.0 -9999.0 -9999.0 -9999.0 -9999.0 -9999.0 -9999.0 -9999.0 -9999.0 -9999.0 -9999.0 -9999.0 -9999.0 -9999.0 -9999.0 -9999.0 -9999.0 -9999.0 -9999.0 -9999.0 -9999.0 -9999.0 -9999.0 -9999.0 -9999.0 -9999.0 -9999.0 -9999.0 -9999.0 -9999.0 -9999.0 -9999.0 -9999.0 -9999.0 -9999.0 -9999.0 -9999.0 -9999.0 -9999.0 -9999.0 -9999.0 -9999.0 -9999.0 -9999.0 -9999.0 -9999.0 -9999.0 -9999.0 -9999.0 -9999.0 -9999.0 -9999.0 -9999.0 -9999.0 -9999.0 -9999.0 -9999.0 -9999.0 -9999.0 -9999.0 -9999.0 -9999.0 -9999.0 -9999.0 -9999.0 -9999.0 -9999.0 -9999.0 -9999.0 -9999.0 -9999.0 -9999.0 -9999.0 -9999.0 -9999.0 -9999.0
-9999.0 -9999.0 -9999.0 -9999.0 -9999.0 -9999.0 -9999.0 -9999.0 -9999.0 -9999.0 -9999.0 -9999.0 -9999.0 -9999.0 -9999.0 -9999.0 -9999.0 -9999.0 -9999.0 -9999.0 -9999.0 -9999.0 -9999.0 -9999.0 -9999.0 -9999.0 -9999.0 -9999.0 -9999.0 -9999.0 -9999.0 -9999.0 -9999.0 -9999.0 -9999.0 -9999.0 -9999.0 -9999.0 -9999.0 -9999.0 -9999.0 -9999.0 -9999.0 -9999.0 -9999.0 -9999.0 -9999.0 -9999.0 -9999.0 -9999.0 -9999.0 -9999.0 -9999.0 -9999.0 -9999.0 -9999.0 -9999.0 -9999.0 -9999.0 -9999.0 -9999.0 -9999.0 -9999.0 -9999.0 -9999.0 -9999.0 -9999.0 -9999.0 -9999.0 -9999.0 -9999.0 -9999.0 -9999.0 -9999.0 -9999.0 -9999.0 -9999.0 -9999.0 -9999.0 -9999.0 -9999.0 -9999.0 -9999.0 -9999.0 -9999.0 -9999.0 -9999.0 -9999.0 -9999.0 -9999.0 -9999.0 -9999.0 -9999.0 -9999.0 -9999.0 -9999.0 -9999.0 -9999.0 -9999.0 -9999.0 -9999.0 -9999.0 -9999.0 -9999.0