inst/processing_geotop_simulation/geotop_simulation/out/maps3D/PwL0018N0328.asc
ncols         104
nrows         10
xllcorner     -2.000000
yllcorner     0.000000
cellsize      1.000000
NODATA_value  -9999.0
-9999.0 -9999.0 -9999.0 -9999.0 -9999.0 -9999.0 -9999.0 -9999.0 -9999.0 -9999.0 -9999.0 -9999.0 -9999.0 -9999.0 -9999.0 -9999.0 -9999.0 -9999.0 -9999.0 -9999.0 -9999.0 -9999.0 -9999.0 -9999.0 -9999.0 -9999.0 -9999.0 -9999.0 -9999.0 -9999.0 -9999.0 -9999.0 -9999.0 -9999.0 -9999.0 -9999.0 -9999.0 -9999.0 -9999.0 -9999.0 -9999.0 -9999.0 -9999.0 -9999.0 -9999.0 -9999.0 -9999.0 -9999.0 -9999.0 -9999.0 -9999.0 -9999.0 -9999.0 -9999.0 -9999.0 -9999.0 -9999.0 -9999.0 -9999.0 -9999.0 -9999.0 -9999.0 -9999.0 -9999.0 -9999.0 -9999.0 -9999.0 -9999.0 -9999.0 -9999.0 -9999.0 -9999.0 -9999.0 -9999.0 -9999.0 -9999.0 -9999.0 -9999.0 -9999.0 -9999.0 -9999.0 -9999.0 -9999.0 -9999.0 -9999.0 -9999.0 -9999.0 -9999.0 -9999.0 -9999.0 -9999.0 -9999.0 -9999.0 -9999.0 -9999.0 -9999.0 -9999.0 -9999.0 -9999.0 -9999.0 -9999.0 -9999.0 -9999.0 -9999.0
-9999.0 -9999.0 -9999.0 -9999.0 -9999.0 -9999.0 -9999.0 -9999.0 -9999.0 -9999.0 -9999.0 -9999.0 -9999.0 -9999.0 -9999.0 -9999.0 -9999.0 -9999.0 -9999.0 -9999.0 -9999.0 -9999.0 -9999.0 -9999.0 -9999.0 -9999.0 -9999.0 -9999.0 -9999.0 -9999.0 -9999.0 -9999.0 -9999.0 -9999.0 -9999.0 -9999.0 -9999.0 -9999.0 -9999.0 -9999.0 -9999.0 -9999.0 -9999.0 -9999.0 -9999.0 -9999.0 -9999.0 -9999.0 -9999.0 -9999.0 -9999.0 -9999.0 -9999.0 -9999.0 -9999.0 -9999.0 -9999.0 -9999.0 -9999.0 -9999.0 -9999.0 -9999.0 -9999.0 -9999.0 -9999.0 -9999.0 -9999.0 -9999.0 -9999.0 -9999.0 -9999.0 -9999.0 -9999.0 -9999.0 -9999.0 -9999.0 -9999.0 -9999.0 -9999.0 -9999.0 -9999.0 -9999.0 -9999.0 -9999.0 -9999.0 -9999.0 -9999.0 -9999.0 -9999.0 -9999.0 -9999.0 -9999.0 -9999.0 -9999.0 -9999.0 -9999.0 -9999.0 -9999.0 -9999.0 -9999.0 -9999.0 -9999.0 -9999.0 -9999.0
-9999.0 -9999.0 870.835515 772.349446 673.683606 574.816994 475.845853 376.828673 277.796796 178.767124 79.749025 -19.249472 -118.222890 -217.166201 -316.053586 -414.838492 -513.431445 -611.674575 -709.309436 -807.165022 -904.608813 -1001.440452 -1097.391778 -1185.575703 -1266.373799 -1337.740637 -1398.357967 -1447.874638 -1486.870115 -1516.596390 -1538.637580 -1554.612761 -1565.982695 -1573.960731 -1579.498697 -1583.316218 -1585.956575 -1587.894300 -1589.852216 -1593.790247 -1605.211912 -1640.782576 -1946.070147 -4023.919845 -4084.150913 -4084.158305 -4084.155147 -4084.123097 -4083.980032 -4083.537726 -4082.387840 -4079.269983 -4074.401912 -4068.387912 -4058.887534 -4041.725430 -4008.299750 -3942.761686 -3823.133400 -3632.331023 -3279.247997 -1692.830037 -1598.704203 -1596.789611 -1593.117229 -1591.874380 -1591.601330 -1591.552145 -1591.544475 -1591.543804 -1591.544217 -1591.544713 -1591.545135 -1591.545474 -1591.545747 -1591.545971 -1591.546161 -1591.546325 -1591.546473 -1591.546612 -1591.546752 -1591.546904 -1591.547083 -1591.547312 -1591.547625 -1591.548076 -1591.548753 -1591.549805 -1591.551488 -1591.554254 -1591.558943 -1591.567145 -1591.581972 -1591.609664 -1591.663063 -1591.769636 -1591.991567 -1592.479647 -1593.625292 -1596.520318 -1604.543762 -1629.847442 -9999.0 -9999.0
-9999.0 -9999.0 870.838809 772.350652 673.683992 574.817119 475.845895 376.828688 277.796801 178.767126 79.749026 -19.249472 -118.222890 -217.166201 -316.053586 -414.838492 -513.431445 -611.674575 -709.309436 -807.165022 -904.608813 -1001.440453 -1097.391778 -1185.575703 -1266.373799 -1337.740637 -1398.357967 -1447.874638 -1486.870115 -1516.596390 -1538.637580 -1554.612761 -1565.982695 -1573.960731 -1579.498697 -1583.316218 -1585.956575 -1587.894300 -1589.852216 -1593.790247 -1605.211912 -1640.782576 -1946.070147 -4023.919845 -4084.150913 -4084.158305 -4084.155147 -4084.123097 -4083.980032 -4083.537726 -4082.387840 -4079.269983 -4074.401912 -4068.387912 -4058.887534 -4041.725430 -4008.299750 -3942.761686 -3823.133399 -3632.331023 -3279.247997 -1692.830037 -1598.704203 -1596.789611 -1593.117229 -1591.874380 -1591.601330 -1591.552145 -1591.544475 -1591.543804 -1591.544217 -1591.544713 -1591.545135 -1591.545474 -1591.545747 -1591.545971 -1591.546161 -1591.546325 -1591.546473 -1591.546612 -1591.546752 -1591.546904 -1591.547083 -1591.547312 -1591.547625 -1591.548076 -1591.548753 -1591.549805 -1591.551488 -1591.554254 -1591.558943 -1591.567145 -1591.581972 -1591.609664 -1591.663063 -1591.769636 -1591.991567 -1592.479647 -1593.625292 -1596.520318 -1604.543762 -1629.847442 -9999.0 -9999.0
-9999.0 -9999.0 870.839995 772.351283 673.684256 574.817220 475.845932 376.828701 277.796806 178.767128 79.749027 -19.249472 -118.222890 -217.166201 -316.053586 -414.838492 -513.431446 -611.674575 -709.309436 -807.165022 -904.608813 -1001.440453 -1097.391778 -1185.575703 -1266.373800 -1337.740637 -1398.357967 -1447.874639 -1486.870115 -1516.596390 -1538.637580 -1554.612761 -1565.982695 -1573.960732 -1579.498697 -1583.316218 -1585.956575 -1587.894300 -1589.852216 -1593.790247 -1605.211912 -1640.782576 -1946.070147 -4023.919845 -4084.150913 -4084.158305 -4084.155147 -4084.123097 -4083.980032 -4083.537726 -4082.387840 -4079.269983 -4074.401912 -4068.387912 -4058.887534 -4041.725430 -4008.299750 -3942.761686 -3823.133399 -3632.331022 -3279.247996 -1692.830037 -1598.704203 -1596.789611 -1593.117229 -1591.874380 -1591.601330 -1591.552145 -1591.544475 -1591.543804 -1591.544217 -1591.544713 -1591.545135 -1591.545474 -1591.545747 -1591.545971 -1591.546161 -1591.546325 -1591.546473 -1591.546612 -1591.546752 -1591.546904 -1591.547083 -1591.547312 -1591.547625 -1591.548076 -1591.548753 -1591.549805 -1591.551488 -1591.554254 -1591.558943 -1591.567145 -1591.581972 -1591.609664 -1591.663063 -1591.769636 -1591.991567 -1592.479647 -1593.625292 -1596.520318 -1604.543762 -1629.847442 -9999.0 -9999.0
-9999.0 -9999.0 870.839995 772.351283 673.684256 574.817220 475.845932 376.828701 277.796806 178.767128 79.749027 -19.249472 -118.222890 -217.166201 -316.053586 -414.838492 -513.431445 -611.674575 -709.309436 -807.165022 -904.608813 -1001.440453 -1097.391778 -1185.575703 -1266.373800 -1337.740637 -1398.357967 -1447.874639 -1486.870115 -1516.596390 -1538.637580 -1554.612761 -1565.982695 -1573.960732 -1579.498697 -1583.316218 -1585.956575 -1587.894300 -1589.852216 -1593.790247 -1605.211912 -1640.782576 -1946.070147 -4023.919845 -4084.150913 -4084.158305 -4084.155147 -4084.123097 -4083.980032 -4083.537726 -4082.387840 -4079.269983 -4074.401912 -4068.387912 -4058.887534 -4041.725430 -4008.299750 -3942.761686 -3823.133399 -3632.331022 -3279.247997 -1692.830037 -1598.704203 -1596.789611 -1593.117229 -1591.874380 -1591.601330 -1591.552145 -1591.544475 -1591.543804 -1591.544217 -1591.544713 -1591.545135 -1591.545474 -1591.545747 -1591.545971 -1591.546161 -1591.546325 -1591.546473 -1591.546612 -1591.546752 -1591.546904 -1591.547083 -1591.547312 -1591.547625 -1591.548076 -1591.548753 -1591.549805 -1591.551488 -1591.554254 -1591.558943 -1591.567145 -1591.581972 -1591.609664 -1591.663063 -1591.769636 -1591.991567 -1592.479647 -1593.625292 -1596.520318 -1604.543762 -1629.847442 -9999.0 -9999.0
-9999.0 -9999.0 870.838809 772.350652 673.683992 574.817119 475.845895 376.828688 277.796801 178.767126 79.749026 -19.249472 -118.222890 -217.166201 -316.053586 -414.838492 -513.431445 -611.674575 -709.309436 -807.165022 -904.608813 -1001.440452 -1097.391778 -1185.575703 -1266.373799 -1337.740637 -1398.357967 -1447.874638 -1486.870115 -1516.596390 -1538.637580 -1554.612761 -1565.982695 -1573.960731 -1579.498697 -1583.316218 -1585.956575 -1587.894300 -1589.852216 -1593.790247 -1605.211912 -1640.782576 -1946.070147 -4023.919845 -4084.150913 -4084.158305 -4084.155147 -4084.123097 -4083.980032 -4083.537726 -4082.387840 -4079.269983 -4074.401912 -4068.387912 -4058.887534 -4041.725430 -4008.299750 -3942.761686 -3823.133399 -3632.331022 -3279.247997 -1692.830037 -1598.704203 -1596.789611 -1593.117229 -1591.874380 -1591.601330 -1591.552145 -1591.544475 -1591.543804 -1591.544217 -1591.544713 -1591.545135 -1591.545474 -1591.545747 -1591.545971 -1591.546161 -1591.546325 -1591.546473 -1591.546612 -1591.546752 -1591.546904 -1591.547083 -1591.547312 -1591.547625 -1591.548076 -1591.548753 -1591.549805 -1591.551488 -1591.554254 -1591.558943 -1591.567145 -1591.581972 -1591.609664 -1591.663063 -1591.769636 -1591.991567 -1592.479647 -1593.625292 -1596.520318 -1604.543762 -1629.847442 -9999.0 -9999.0
-9999.0 -9999.0 870.835515 772.349446 673.683606 574.816994 475.845853 376.828673 277.796796 178.767124 79.749025 -19.249473 -118.222890 -217.166201 -316.053586 -414.838492 -513.431445 -611.674575 -709.309435 -807.165022 -904.608813 -1001.440452 -1097.391778 -1185.575703 -1266.373799 -1337.740637 -1398.357967 -1447.874638 -1486.870115 -1516.596390 -1538.637580 -1554.612761 -1565.982695 -1573.960731 -1579.498697 -1583.316218 -1585.956575 -1587.894300 -1589.852216 -1593.790247 -1605.211912 -1640.782576 -1946.070147 -4023.919845 -4084.150913 -4084.158305 -4084.155147 -4084.123097 -4083.980032 -4083.537726 -4082.387840 -4079.269983 -4074.401912 -4068.387912 -4058.887534 -4041.725430 -4008.299750 -3942.761687 -3823.133399 -3632.331023 -3279.247998 -1692.830037 -1598.704203 -1596.789611 -1593.117229 -1591.874380 -1591.601330 -1591.552145 -1591.544475 -1591.543804 -1591.544217 -1591.544713 -1591.545135 -1591.545474 -1591.545747 -1591.545971 -1591.546161 -1591.546325 -1591.546473 -1591.546612 -1591.546752 -1591.546904 -1591.547083 -1591.547312 -1591.547625 -1591.548076 -1591.548753 -1591.549805 -1591.551488 -1591.554254 -1591.558943 -1591.567145 -1591.581972 -1591.609664 -1591.663063 -1591.769636 -1591.991567 -1592.479647 -1593.625292 -1596.520318 -1604.543762 -1629.847442 -9999.0 -9999.0
-9999.0 -9999.0 -9999.0 -9999.0 -9999.0 -9999.0 -9999.0 -9999.0 -9999.0 -9999.0 -9999.0 -9999.0 -9999.0 -9999.0 -9999.0 -9999.0 -9999.0 -9999.0 -9999.0 -9999.0 -9999.0 -9999.0 -9999.0 -9999.0 -9999.0 -9999.0 -9999.0 -9999.0 -9999.0 -9999.0 -9999.0 -9999.0 -9999.0 -9999.0 -9999.0 -9999.0 -9999.0 -9999.0 -9999.0 -9999.0 -9999.0 -9999.0 -9999.0 -9999.0 -9999.0 -9999.0 -9999.0 -9999.0 -9999.0 -9999.0 -9999.0 -9999.0 -9999.0 -9999.0 -9999.0 -9999.0 -9999.0 -9999.0 -9999.0 -9999.0 -9999.0 -9999.0 -9999.0 -9999.0 -9999.0 -9999.0 -9999.0 -9999.0 -9999.0 -9999.0 -9999.0 -9999.0 -9999.0 -9999.0 -9999.0 -9999.0 -9999.0 -9999.0 -9999.0 -9999.0 -9999.0 -9999.0 -9999.0 -9999.0 -9999.0 -9999.0 -9999.0 -9999.0 -9999.0 -9999.0 -9999.0 -9999.0 -9999.0 -9999.0 -9999.0 -9999.0 -9999.0 -9999.0 -9999.0 -9999.0 -9999.0 -9999.0 -9999.0 -9999.0
-9999.0 -9999.0 -9999.0 -9999.0 -9999.0 -9999.0 -9999.0 -9999.0 -9999.0 -9999.0 -9999.0 -9999.0 -9999.0 -9999.0 -9999.0 -9999.0 -9999.0 -9999.0 -9999.0 -9999.0 -9999.0 -9999.0 -9999.0 -9999.0 -9999.0 -9999.0 -9999.0 -9999.0 -9999.0 -9999.0 -9999.0 -9999.0 -9999.0 -9999.0 -9999.0 -9999.0 -9999.0 -9999.0 -9999.0 -9999.0 -9999.0 -9999.0 -9999.0 -9999.0 -9999.0 -9999.0 -9999.0 -9999.0 -9999.0 -9999.0 -9999.0 -9999.0 -9999.0 -9999.0 -9999.0 -9999.0 -9999.0 -9999.0 -9999.0 -9999.0 -9999.0 -9999.0 -9999.0 -9999.0 -9999.0 -9999.0 -9999.0 -9999.0 -9999.0 -9999.0 -9999.0 -9999.0 -9999.0 -9999.0 -9999.0 -9999.0 -9999.0 -9999.0 -9999.0 -9999.0 -9999.0 -9999.0 -9999.0 -9999.0 -9999.0 -9999.0 -9999.0 -9999.0 -9999.0 -9999.0 -9999.0 -9999.0 -9999.0 -9999.0 -9999.0 -9999.0 -9999.0 -9999.0 -9999.0 -9999.0 -9999.0 -9999.0 -9999.0 -9999.0