inst/processing_geotop_simulation/geotop_simulation/out/maps3D/PwL0018N0341.asc
ncols         104
nrows         10
xllcorner     -2.000000
yllcorner     0.000000
cellsize      1.000000
NODATA_value  -9999.0
-9999.0 -9999.0 -9999.0 -9999.0 -9999.0 -9999.0 -9999.0 -9999.0 -9999.0 -9999.0 -9999.0 -9999.0 -9999.0 -9999.0 -9999.0 -9999.0 -9999.0 -9999.0 -9999.0 -9999.0 -9999.0 -9999.0 -9999.0 -9999.0 -9999.0 -9999.0 -9999.0 -9999.0 -9999.0 -9999.0 -9999.0 -9999.0 -9999.0 -9999.0 -9999.0 -9999.0 -9999.0 -9999.0 -9999.0 -9999.0 -9999.0 -9999.0 -9999.0 -9999.0 -9999.0 -9999.0 -9999.0 -9999.0 -9999.0 -9999.0 -9999.0 -9999.0 -9999.0 -9999.0 -9999.0 -9999.0 -9999.0 -9999.0 -9999.0 -9999.0 -9999.0 -9999.0 -9999.0 -9999.0 -9999.0 -9999.0 -9999.0 -9999.0 -9999.0 -9999.0 -9999.0 -9999.0 -9999.0 -9999.0 -9999.0 -9999.0 -9999.0 -9999.0 -9999.0 -9999.0 -9999.0 -9999.0 -9999.0 -9999.0 -9999.0 -9999.0 -9999.0 -9999.0 -9999.0 -9999.0 -9999.0 -9999.0 -9999.0 -9999.0 -9999.0 -9999.0 -9999.0 -9999.0 -9999.0 -9999.0 -9999.0 -9999.0 -9999.0 -9999.0
-9999.0 -9999.0 -9999.0 -9999.0 -9999.0 -9999.0 -9999.0 -9999.0 -9999.0 -9999.0 -9999.0 -9999.0 -9999.0 -9999.0 -9999.0 -9999.0 -9999.0 -9999.0 -9999.0 -9999.0 -9999.0 -9999.0 -9999.0 -9999.0 -9999.0 -9999.0 -9999.0 -9999.0 -9999.0 -9999.0 -9999.0 -9999.0 -9999.0 -9999.0 -9999.0 -9999.0 -9999.0 -9999.0 -9999.0 -9999.0 -9999.0 -9999.0 -9999.0 -9999.0 -9999.0 -9999.0 -9999.0 -9999.0 -9999.0 -9999.0 -9999.0 -9999.0 -9999.0 -9999.0 -9999.0 -9999.0 -9999.0 -9999.0 -9999.0 -9999.0 -9999.0 -9999.0 -9999.0 -9999.0 -9999.0 -9999.0 -9999.0 -9999.0 -9999.0 -9999.0 -9999.0 -9999.0 -9999.0 -9999.0 -9999.0 -9999.0 -9999.0 -9999.0 -9999.0 -9999.0 -9999.0 -9999.0 -9999.0 -9999.0 -9999.0 -9999.0 -9999.0 -9999.0 -9999.0 -9999.0 -9999.0 -9999.0 -9999.0 -9999.0 -9999.0 -9999.0 -9999.0 -9999.0 -9999.0 -9999.0 -9999.0 -9999.0 -9999.0 -9999.0
-9999.0 -9999.0 870.533603 771.945810 673.190184 574.247236 475.206796 376.123446 277.026435 177.931537 78.847496 -20.218125 -119.260324 -218.274727 -317.238018 -416.108557 -514.806447 -613.190364 -711.027127 -809.055983 -906.707678 -1003.794037 -1100.054054 -1189.110612 -1271.128851 -1344.022928 -1406.363782 -1457.652094 -1498.326242 -1529.537547 -1552.820701 -1569.788997 -1581.925549 -1590.479331 -1596.440572 -1600.564290 -1603.424168 -1605.521364 -1607.602082 -1611.608692 -1622.692777 -1655.206870 -1942.197673 -4020.402416 -4084.150083 -4084.158259 -4084.153910 -4084.110543 -4083.919473 -4083.334630 -4081.828736 -4077.788362 -4071.541511 -4063.896389 -4051.952820 -4030.715221 -3990.324724 -3913.838407 -3780.476307 -3578.359449 -3222.817147 -1689.299279 -1612.835935 -1614.259394 -1611.050132 -1609.842473 -1609.566845 -1609.516126 -1609.508091 -1609.507343 -1609.507732 -1609.508219 -1609.508635 -1609.508973 -1609.509247 -1609.509474 -1609.509668 -1609.509837 -1609.509991 -1609.510136 -1609.510283 -1609.510442 -1609.510629 -1609.510864 -1609.511181 -1609.511634 -1609.512309 -1609.513350 -1609.515008 -1609.517729 -1609.522332 -1609.530380 -1609.544932 -1609.572125 -1609.624617 -1609.729562 -1609.948646 -1610.431932 -1611.570165 -1614.458008 -1622.498301 -1647.918179 -9999.0 -9999.0
-9999.0 -9999.0 870.536862 771.947004 673.190566 574.247360 475.206837 376.123460 277.026440 177.931539 78.847497 -20.218124 -119.260324 -218.274727 -317.238018 -416.108557 -514.806447 -613.190364 -711.027128 -809.055983 -906.707678 -1003.794037 -1100.054054 -1189.110613 -1271.128851 -1344.022928 -1406.363782 -1457.652094 -1498.326242 -1529.537547 -1552.820701 -1569.788997 -1581.925549 -1590.479331 -1596.440572 -1600.564290 -1603.424168 -1605.521364 -1607.602082 -1611.608692 -1622.692777 -1655.206870 -1942.197673 -4020.402416 -4084.150083 -4084.158259 -4084.153910 -4084.110543 -4083.919473 -4083.334630 -4081.828736 -4077.788362 -4071.541511 -4063.896389 -4051.952820 -4030.715221 -3990.324724 -3913.838406 -3780.476306 -3578.359449 -3222.817147 -1689.299279 -1612.835935 -1614.259394 -1611.050132 -1609.842473 -1609.566845 -1609.516126 -1609.508091 -1609.507343 -1609.507732 -1609.508219 -1609.508635 -1609.508973 -1609.509247 -1609.509474 -1609.509668 -1609.509837 -1609.509991 -1609.510136 -1609.510283 -1609.510442 -1609.510629 -1609.510864 -1609.511181 -1609.511634 -1609.512309 -1609.513350 -1609.515008 -1609.517729 -1609.522332 -1609.530380 -1609.544932 -1609.572125 -1609.624617 -1609.729562 -1609.948646 -1610.431932 -1611.570165 -1614.458008 -1622.498301 -1647.918179 -9999.0 -9999.0
-9999.0 -9999.0 870.538036 771.947628 673.190827 574.247459 475.206873 376.123474 277.026445 177.931541 78.847498 -20.218124 -119.260323 -218.274727 -317.238018 -416.108557 -514.806447 -613.190364 -711.027128 -809.055983 -906.707678 -1003.794037 -1100.054055 -1189.110613 -1271.128851 -1344.022928 -1406.363782 -1457.652094 -1498.326242 -1529.537547 -1552.820701 -1569.788997 -1581.925549 -1590.479331 -1596.440572 -1600.564290 -1603.424168 -1605.521364 -1607.602082 -1611.608692 -1622.692777 -1655.206870 -1942.197673 -4020.402416 -4084.150083 -4084.158259 -4084.153910 -4084.110543 -4083.919473 -4083.334630 -4081.828736 -4077.788362 -4071.541511 -4063.896389 -4051.952820 -4030.715221 -3990.324724 -3913.838406 -3780.476307 -3578.359448 -3222.817146 -1689.299279 -1612.835935 -1614.259394 -1611.050132 -1609.842473 -1609.566845 -1609.516126 -1609.508091 -1609.507343 -1609.507732 -1609.508219 -1609.508635 -1609.508973 -1609.509247 -1609.509474 -1609.509668 -1609.509837 -1609.509991 -1609.510136 -1609.510283 -1609.510442 -1609.510629 -1609.510864 -1609.511181 -1609.511634 -1609.512309 -1609.513350 -1609.515008 -1609.517729 -1609.522332 -1609.530380 -1609.544932 -1609.572125 -1609.624617 -1609.729562 -1609.948646 -1610.431932 -1611.570165 -1614.458008 -1622.498301 -1647.918179 -9999.0 -9999.0
-9999.0 -9999.0 870.538036 771.947628 673.190827 574.247459 475.206873 376.123474 277.026445 177.931541 78.847498 -20.218124 -119.260323 -218.274727 -317.238018 -416.108557 -514.806447 -613.190364 -711.027128 -809.055983 -906.707678 -1003.794037 -1100.054055 -1189.110613 -1271.128851 -1344.022928 -1406.363782 -1457.652094 -1498.326242 -1529.537547 -1552.820701 -1569.788997 -1581.925549 -1590.479331 -1596.440572 -1600.564290 -1603.424168 -1605.521364 -1607.602082 -1611.608692 -1622.692777 -1655.206870 -1942.197673 -4020.402416 -4084.150083 -4084.158259 -4084.153910 -4084.110543 -4083.919473 -4083.334630 -4081.828736 -4077.788362 -4071.541511 -4063.896389 -4051.952820 -4030.715221 -3990.324724 -3913.838406 -3780.476306 -3578.359448 -3222.817146 -1689.299279 -1612.835935 -1614.259394 -1611.050132 -1609.842473 -1609.566845 -1609.516126 -1609.508091 -1609.507343 -1609.507732 -1609.508219 -1609.508635 -1609.508973 -1609.509247 -1609.509474 -1609.509668 -1609.509837 -1609.509991 -1609.510136 -1609.510283 -1609.510442 -1609.510629 -1609.510864 -1609.511181 -1609.511634 -1609.512309 -1609.513350 -1609.515008 -1609.517729 -1609.522332 -1609.530380 -1609.544932 -1609.572125 -1609.624617 -1609.729562 -1609.948646 -1610.431932 -1611.570165 -1614.458008 -1622.498301 -1647.918179 -9999.0 -9999.0
-9999.0 -9999.0 870.536862 771.947004 673.190566 574.247360 475.206837 376.123460 277.026440 177.931539 78.847497 -20.218124 -119.260324 -218.274727 -317.238018 -416.108557 -514.806447 -613.190364 -711.027128 -809.055983 -906.707678 -1003.794037 -1100.054054 -1189.110613 -1271.128851 -1344.022928 -1406.363782 -1457.652094 -1498.326242 -1529.537547 -1552.820701 -1569.788997 -1581.925549 -1590.479331 -1596.440572 -1600.564290 -1603.424168 -1605.521364 -1607.602082 -1611.608692 -1622.692777 -1655.206870 -1942.197673 -4020.402416 -4084.150083 -4084.158259 -4084.153910 -4084.110543 -4083.919473 -4083.334630 -4081.828736 -4077.788362 -4071.541511 -4063.896389 -4051.952820 -4030.715221 -3990.324724 -3913.838406 -3780.476307 -3578.359448 -3222.817147 -1689.299279 -1612.835935 -1614.259394 -1611.050132 -1609.842473 -1609.566845 -1609.516126 -1609.508091 -1609.507343 -1609.507732 -1609.508219 -1609.508635 -1609.508973 -1609.509247 -1609.509474 -1609.509668 -1609.509837 -1609.509991 -1609.510136 -1609.510283 -1609.510442 -1609.510629 -1609.510864 -1609.511181 -1609.511634 -1609.512309 -1609.513350 -1609.515008 -1609.517729 -1609.522332 -1609.530380 -1609.544932 -1609.572125 -1609.624617 -1609.729562 -1609.948646 -1610.431932 -1611.570165 -1614.458008 -1622.498301 -1647.918179 -9999.0 -9999.0
-9999.0 -9999.0 870.533603 771.945810 673.190184 574.247236 475.206796 376.123446 277.026435 177.931537 78.847496 -20.218125 -119.260324 -218.274727 -317.238018 -416.108557 -514.806447 -613.190364 -711.027127 -809.055983 -906.707678 -1003.794037 -1100.054054 -1189.110612 -1271.128851 -1344.022928 -1406.363782 -1457.652094 -1498.326242 -1529.537547 -1552.820701 -1569.788997 -1581.925549 -1590.479331 -1596.440572 -1600.564290 -1603.424168 -1605.521364 -1607.602082 -1611.608692 -1622.692777 -1655.206870 -1942.197673 -4020.402416 -4084.150083 -4084.158259 -4084.153910 -4084.110543 -4083.919473 -4083.334630 -4081.828736 -4077.788362 -4071.541511 -4063.896389 -4051.952820 -4030.715222 -3990.324724 -3913.838407 -3780.476307 -3578.359449 -3222.817148 -1689.299279 -1612.835935 -1614.259394 -1611.050132 -1609.842473 -1609.566845 -1609.516126 -1609.508091 -1609.507343 -1609.507732 -1609.508219 -1609.508635 -1609.508973 -1609.509247 -1609.509474 -1609.509668 -1609.509837 -1609.509991 -1609.510136 -1609.510283 -1609.510442 -1609.510629 -1609.510864 -1609.511181 -1609.511634 -1609.512309 -1609.513350 -1609.515008 -1609.517729 -1609.522332 -1609.530380 -1609.544932 -1609.572125 -1609.624617 -1609.729562 -1609.948646 -1610.431932 -1611.570165 -1614.458008 -1622.498301 -1647.918179 -9999.0 -9999.0
-9999.0 -9999.0 -9999.0 -9999.0 -9999.0 -9999.0 -9999.0 -9999.0 -9999.0 -9999.0 -9999.0 -9999.0 -9999.0 -9999.0 -9999.0 -9999.0 -9999.0 -9999.0 -9999.0 -9999.0 -9999.0 -9999.0 -9999.0 -9999.0 -9999.0 -9999.0 -9999.0 -9999.0 -9999.0 -9999.0 -9999.0 -9999.0 -9999.0 -9999.0 -9999.0 -9999.0 -9999.0 -9999.0 -9999.0 -9999.0 -9999.0 -9999.0 -9999.0 -9999.0 -9999.0 -9999.0 -9999.0 -9999.0 -9999.0 -9999.0 -9999.0 -9999.0 -9999.0 -9999.0 -9999.0 -9999.0 -9999.0 -9999.0 -9999.0 -9999.0 -9999.0 -9999.0 -9999.0 -9999.0 -9999.0 -9999.0 -9999.0 -9999.0 -9999.0 -9999.0 -9999.0 -9999.0 -9999.0 -9999.0 -9999.0 -9999.0 -9999.0 -9999.0 -9999.0 -9999.0 -9999.0 -9999.0 -9999.0 -9999.0 -9999.0 -9999.0 -9999.0 -9999.0 -9999.0 -9999.0 -9999.0 -9999.0 -9999.0 -9999.0 -9999.0 -9999.0 -9999.0 -9999.0 -9999.0 -9999.0 -9999.0 -9999.0 -9999.0 -9999.0
-9999.0 -9999.0 -9999.0 -9999.0 -9999.0 -9999.0 -9999.0 -9999.0 -9999.0 -9999.0 -9999.0 -9999.0 -9999.0 -9999.0 -9999.0 -9999.0 -9999.0 -9999.0 -9999.0 -9999.0 -9999.0 -9999.0 -9999.0 -9999.0 -9999.0 -9999.0 -9999.0 -9999.0 -9999.0 -9999.0 -9999.0 -9999.0 -9999.0 -9999.0 -9999.0 -9999.0 -9999.0 -9999.0 -9999.0 -9999.0 -9999.0 -9999.0 -9999.0 -9999.0 -9999.0 -9999.0 -9999.0 -9999.0 -9999.0 -9999.0 -9999.0 -9999.0 -9999.0 -9999.0 -9999.0 -9999.0 -9999.0 -9999.0 -9999.0 -9999.0 -9999.0 -9999.0 -9999.0 -9999.0 -9999.0 -9999.0 -9999.0 -9999.0 -9999.0 -9999.0 -9999.0 -9999.0 -9999.0 -9999.0 -9999.0 -9999.0 -9999.0 -9999.0 -9999.0 -9999.0 -9999.0 -9999.0 -9999.0 -9999.0 -9999.0 -9999.0 -9999.0 -9999.0 -9999.0 -9999.0 -9999.0 -9999.0 -9999.0 -9999.0 -9999.0 -9999.0 -9999.0 -9999.0 -9999.0 -9999.0 -9999.0 -9999.0 -9999.0 -9999.0