inst/processing_geotop_simulation/geotop_simulation/out/maps3D/PwL0005N0283.asc
ncols         104
nrows         10
xllcorner     -2.000000
yllcorner     0.000000
cellsize      1.000000
NODATA_value  -9999.0
-9999.0 -9999.0 -9999.0 -9999.0 -9999.0 -9999.0 -9999.0 -9999.0 -9999.0 -9999.0 -9999.0 -9999.0 -9999.0 -9999.0 -9999.0 -9999.0 -9999.0 -9999.0 -9999.0 -9999.0 -9999.0 -9999.0 -9999.0 -9999.0 -9999.0 -9999.0 -9999.0 -9999.0 -9999.0 -9999.0 -9999.0 -9999.0 -9999.0 -9999.0 -9999.0 -9999.0 -9999.0 -9999.0 -9999.0 -9999.0 -9999.0 -9999.0 -9999.0 -9999.0 -9999.0 -9999.0 -9999.0 -9999.0 -9999.0 -9999.0 -9999.0 -9999.0 -9999.0 -9999.0 -9999.0 -9999.0 -9999.0 -9999.0 -9999.0 -9999.0 -9999.0 -9999.0 -9999.0 -9999.0 -9999.0 -9999.0 -9999.0 -9999.0 -9999.0 -9999.0 -9999.0 -9999.0 -9999.0 -9999.0 -9999.0 -9999.0 -9999.0 -9999.0 -9999.0 -9999.0 -9999.0 -9999.0 -9999.0 -9999.0 -9999.0 -9999.0 -9999.0 -9999.0 -9999.0 -9999.0 -9999.0 -9999.0 -9999.0 -9999.0 -9999.0 -9999.0 -9999.0 -9999.0 -9999.0 -9999.0 -9999.0 -9999.0 -9999.0 -9999.0
-9999.0 -9999.0 -9999.0 -9999.0 -9999.0 -9999.0 -9999.0 -9999.0 -9999.0 -9999.0 -9999.0 -9999.0 -9999.0 -9999.0 -9999.0 -9999.0 -9999.0 -9999.0 -9999.0 -9999.0 -9999.0 -9999.0 -9999.0 -9999.0 -9999.0 -9999.0 -9999.0 -9999.0 -9999.0 -9999.0 -9999.0 -9999.0 -9999.0 -9999.0 -9999.0 -9999.0 -9999.0 -9999.0 -9999.0 -9999.0 -9999.0 -9999.0 -9999.0 -9999.0 -9999.0 -9999.0 -9999.0 -9999.0 -9999.0 -9999.0 -9999.0 -9999.0 -9999.0 -9999.0 -9999.0 -9999.0 -9999.0 -9999.0 -9999.0 -9999.0 -9999.0 -9999.0 -9999.0 -9999.0 -9999.0 -9999.0 -9999.0 -9999.0 -9999.0 -9999.0 -9999.0 -9999.0 -9999.0 -9999.0 -9999.0 -9999.0 -9999.0 -9999.0 -9999.0 -9999.0 -9999.0 -9999.0 -9999.0 -9999.0 -9999.0 -9999.0 -9999.0 -9999.0 -9999.0 -9999.0 -9999.0 -9999.0 -9999.0 -9999.0 -9999.0 -9999.0 -9999.0 -9999.0 -9999.0 -9999.0 -9999.0 -9999.0 -9999.0 -9999.0
-9999.0 -9999.0 226.271229 130.067666 32.179134 -66.228410 -164.837255 -263.524171 -362.220564 -460.878919 -559.429033 -657.693083 -755.566452 -853.154023 -950.518835 -1047.928172 -1144.768847 -1239.983906 -1333.124854 -1423.029307 -1507.131891 -1581.743570 -1643.955030 -1692.956451 -1729.847139 -1756.719742 -1775.845316 -1789.229839 -1798.473233 -1804.784945 -1809.052346 -1811.913122 -1813.817567 -1815.078582 -1815.910800 -1816.461843 -1816.841724 -1817.176871 -1817.820502 -1820.105899 -1826.282763 -1803.621432 -1142.878082 -1157.705322 -1142.422872 -1132.541861 -1127.921564 -1127.239380 -1127.167357 -1127.174829 -1127.193821 -1127.214223 -1127.233828 -1127.251981 -1127.268824 -1127.288357 -1127.348575 -1127.753478 -1130.201085 -1135.667634 -1143.272790 -1117.751942 -1778.482093 -1820.191519 -1818.749240 -1817.824764 -1817.634044 -1817.602379 -1817.597878 -1817.597816 -1817.598401 -1817.598973 -1817.599431 -1817.599783 -1817.600054 -1817.600264 -1817.600432 -1817.600567 -1817.600681 -1817.600784 -1817.600885 -1817.600997 -1817.601139 -1817.601336 -1817.601627 -1817.602075 -1817.602778 -1817.603906 -1817.605744 -1817.608795 -1817.613980 -1817.623031 -1817.639304 -1817.669447 -1817.726849 -1817.839107 -1818.065436 -1818.541513 -1819.605091 -1822.182222 -1829.197826 -1852.055497 -9999.0 -9999.0
-9999.0 -9999.0 226.280289 130.069636 32.179642 -66.228262 -164.837208 -263.524155 -362.220558 -460.878917 -559.429032 -657.693082 -755.566451 -853.154023 -950.518835 -1047.928172 -1144.768847 -1239.983906 -1333.124855 -1423.029307 -1507.131892 -1581.743570 -1643.955030 -1692.956451 -1729.847139 -1756.719742 -1775.845316 -1789.229839 -1798.473233 -1804.784945 -1809.052346 -1811.913122 -1813.817567 -1815.078582 -1815.910800 -1816.461843 -1816.841724 -1817.176871 -1817.820502 -1820.105899 -1826.282763 -1803.621432 -1142.878082 -1157.705322 -1142.422872 -1132.541861 -1127.921564 -1127.239380 -1127.167357 -1127.174829 -1127.193821 -1127.214223 -1127.233828 -1127.251981 -1127.268824 -1127.288357 -1127.348575 -1127.753478 -1130.201085 -1135.667634 -1143.272790 -1117.751942 -1778.482093 -1820.191519 -1818.749240 -1817.824764 -1817.634044 -1817.602379 -1817.597878 -1817.597816 -1817.598401 -1817.598973 -1817.599431 -1817.599783 -1817.600054 -1817.600264 -1817.600432 -1817.600567 -1817.600681 -1817.600784 -1817.600885 -1817.600997 -1817.601139 -1817.601336 -1817.601627 -1817.602075 -1817.602778 -1817.603906 -1817.605744 -1817.608795 -1817.613980 -1817.623031 -1817.639304 -1817.669447 -1817.726849 -1817.839107 -1818.065436 -1818.541513 -1819.605091 -1822.182222 -1829.197826 -1852.055497 -9999.0 -9999.0
-9999.0 -9999.0 226.281712 130.070448 32.179964 -66.228145 -164.837167 -263.524140 -362.220553 -460.878915 -559.429031 -657.693082 -755.566451 -853.154023 -950.518835 -1047.928172 -1144.768847 -1239.983906 -1333.124855 -1423.029308 -1507.131892 -1581.743570 -1643.955031 -1692.956451 -1729.847139 -1756.719742 -1775.845316 -1789.229839 -1798.473233 -1804.784945 -1809.052346 -1811.913122 -1813.817567 -1815.078582 -1815.910800 -1816.461843 -1816.841724 -1817.176871 -1817.820502 -1820.105899 -1826.282763 -1803.621432 -1142.878082 -1157.705322 -1142.422872 -1132.541861 -1127.921564 -1127.239380 -1127.167357 -1127.174829 -1127.193821 -1127.214223 -1127.233828 -1127.251981 -1127.268824 -1127.288357 -1127.348575 -1127.753478 -1130.201085 -1135.667634 -1143.272790 -1117.751942 -1778.482093 -1820.191519 -1818.749240 -1817.824764 -1817.634044 -1817.602379 -1817.597878 -1817.597816 -1817.598401 -1817.598973 -1817.599431 -1817.599783 -1817.600054 -1817.600264 -1817.600432 -1817.600567 -1817.600681 -1817.600784 -1817.600885 -1817.600997 -1817.601139 -1817.601336 -1817.601627 -1817.602075 -1817.602778 -1817.603906 -1817.605744 -1817.608795 -1817.613980 -1817.623031 -1817.639304 -1817.669447 -1817.726849 -1817.839107 -1818.065436 -1818.541513 -1819.605091 -1822.182222 -1829.197826 -1852.055497 -9999.0 -9999.0
-9999.0 -9999.0 226.281712 130.070448 32.179964 -66.228145 -164.837167 -263.524140 -362.220553 -460.878915 -559.429031 -657.693082 -755.566451 -853.154023 -950.518835 -1047.928172 -1144.768847 -1239.983906 -1333.124855 -1423.029308 -1507.131892 -1581.743570 -1643.955031 -1692.956451 -1729.847139 -1756.719742 -1775.845316 -1789.229839 -1798.473233 -1804.784945 -1809.052346 -1811.913122 -1813.817567 -1815.078582 -1815.910800 -1816.461843 -1816.841724 -1817.176871 -1817.820502 -1820.105899 -1826.282763 -1803.621432 -1142.878082 -1157.705322 -1142.422872 -1132.541861 -1127.921564 -1127.239380 -1127.167357 -1127.174829 -1127.193821 -1127.214223 -1127.233828 -1127.251981 -1127.268824 -1127.288357 -1127.348575 -1127.753478 -1130.201085 -1135.667634 -1143.272790 -1117.751942 -1778.482093 -1820.191519 -1818.749240 -1817.824764 -1817.634044 -1817.602379 -1817.597878 -1817.597816 -1817.598401 -1817.598973 -1817.599431 -1817.599783 -1817.600054 -1817.600264 -1817.600432 -1817.600567 -1817.600681 -1817.600784 -1817.600885 -1817.600997 -1817.601139 -1817.601336 -1817.601627 -1817.602075 -1817.602778 -1817.603906 -1817.605744 -1817.608795 -1817.613980 -1817.623031 -1817.639304 -1817.669447 -1817.726849 -1817.839107 -1818.065436 -1818.541513 -1819.605091 -1822.182222 -1829.197826 -1852.055497 -9999.0 -9999.0
-9999.0 -9999.0 226.280288 130.069636 32.179642 -66.228262 -164.837208 -263.524155 -362.220558 -460.878917 -559.429032 -657.693082 -755.566451 -853.154023 -950.518835 -1047.928172 -1144.768847 -1239.983906 -1333.124855 -1423.029307 -1507.131892 -1581.743570 -1643.955030 -1692.956451 -1729.847139 -1756.719742 -1775.845316 -1789.229839 -1798.473233 -1804.784945 -1809.052346 -1811.913122 -1813.817567 -1815.078582 -1815.910800 -1816.461843 -1816.841724 -1817.176871 -1817.820502 -1820.105899 -1826.282763 -1803.621432 -1142.878082 -1157.705322 -1142.422872 -1132.541861 -1127.921564 -1127.239380 -1127.167357 -1127.174829 -1127.193821 -1127.214223 -1127.233828 -1127.251981 -1127.268824 -1127.288357 -1127.348575 -1127.753478 -1130.201085 -1135.667634 -1143.272790 -1117.751942 -1778.482093 -1820.191519 -1818.749240 -1817.824764 -1817.634044 -1817.602379 -1817.597878 -1817.597816 -1817.598401 -1817.598973 -1817.599431 -1817.599783 -1817.600054 -1817.600264 -1817.600432 -1817.600567 -1817.600681 -1817.600784 -1817.600885 -1817.600997 -1817.601139 -1817.601336 -1817.601627 -1817.602075 -1817.602778 -1817.603906 -1817.605744 -1817.608795 -1817.613980 -1817.623031 -1817.639304 -1817.669447 -1817.726849 -1817.839107 -1818.065436 -1818.541513 -1819.605091 -1822.182222 -1829.197826 -1852.055497 -9999.0 -9999.0
-9999.0 -9999.0 226.271229 130.067666 32.179135 -66.228410 -164.837255 -263.524171 -362.220564 -460.878919 -559.429032 -657.693083 -755.566452 -853.154023 -950.518835 -1047.928172 -1144.768847 -1239.983906 -1333.124854 -1423.029307 -1507.131891 -1581.743570 -1643.955030 -1692.956451 -1729.847139 -1756.719742 -1775.845316 -1789.229839 -1798.473233 -1804.784945 -1809.052346 -1811.913122 -1813.817567 -1815.078582 -1815.910800 -1816.461843 -1816.841724 -1817.176871 -1817.820502 -1820.105899 -1826.282763 -1803.621432 -1142.878082 -1157.705322 -1142.422872 -1132.541861 -1127.921564 -1127.239380 -1127.167357 -1127.174829 -1127.193821 -1127.214223 -1127.233828 -1127.251981 -1127.268824 -1127.288357 -1127.348575 -1127.753478 -1130.201085 -1135.667634 -1143.272790 -1117.751942 -1778.482093 -1820.191519 -1818.749240 -1817.824764 -1817.634044 -1817.602379 -1817.597878 -1817.597816 -1817.598401 -1817.598973 -1817.599431 -1817.599783 -1817.600054 -1817.600264 -1817.600432 -1817.600567 -1817.600681 -1817.600784 -1817.600885 -1817.600997 -1817.601139 -1817.601336 -1817.601627 -1817.602075 -1817.602778 -1817.603906 -1817.605744 -1817.608795 -1817.613980 -1817.623031 -1817.639304 -1817.669447 -1817.726849 -1817.839107 -1818.065436 -1818.541513 -1819.605091 -1822.182222 -1829.197826 -1852.055497 -9999.0 -9999.0
-9999.0 -9999.0 -9999.0 -9999.0 -9999.0 -9999.0 -9999.0 -9999.0 -9999.0 -9999.0 -9999.0 -9999.0 -9999.0 -9999.0 -9999.0 -9999.0 -9999.0 -9999.0 -9999.0 -9999.0 -9999.0 -9999.0 -9999.0 -9999.0 -9999.0 -9999.0 -9999.0 -9999.0 -9999.0 -9999.0 -9999.0 -9999.0 -9999.0 -9999.0 -9999.0 -9999.0 -9999.0 -9999.0 -9999.0 -9999.0 -9999.0 -9999.0 -9999.0 -9999.0 -9999.0 -9999.0 -9999.0 -9999.0 -9999.0 -9999.0 -9999.0 -9999.0 -9999.0 -9999.0 -9999.0 -9999.0 -9999.0 -9999.0 -9999.0 -9999.0 -9999.0 -9999.0 -9999.0 -9999.0 -9999.0 -9999.0 -9999.0 -9999.0 -9999.0 -9999.0 -9999.0 -9999.0 -9999.0 -9999.0 -9999.0 -9999.0 -9999.0 -9999.0 -9999.0 -9999.0 -9999.0 -9999.0 -9999.0 -9999.0 -9999.0 -9999.0 -9999.0 -9999.0 -9999.0 -9999.0 -9999.0 -9999.0 -9999.0 -9999.0 -9999.0 -9999.0 -9999.0 -9999.0 -9999.0 -9999.0 -9999.0 -9999.0 -9999.0 -9999.0
-9999.0 -9999.0 -9999.0 -9999.0 -9999.0 -9999.0 -9999.0 -9999.0 -9999.0 -9999.0 -9999.0 -9999.0 -9999.0 -9999.0 -9999.0 -9999.0 -9999.0 -9999.0 -9999.0 -9999.0 -9999.0 -9999.0 -9999.0 -9999.0 -9999.0 -9999.0 -9999.0 -9999.0 -9999.0 -9999.0 -9999.0 -9999.0 -9999.0 -9999.0 -9999.0 -9999.0 -9999.0 -9999.0 -9999.0 -9999.0 -9999.0 -9999.0 -9999.0 -9999.0 -9999.0 -9999.0 -9999.0 -9999.0 -9999.0 -9999.0 -9999.0 -9999.0 -9999.0 -9999.0 -9999.0 -9999.0 -9999.0 -9999.0 -9999.0 -9999.0 -9999.0 -9999.0 -9999.0 -9999.0 -9999.0 -9999.0 -9999.0 -9999.0 -9999.0 -9999.0 -9999.0 -9999.0 -9999.0 -9999.0 -9999.0 -9999.0 -9999.0 -9999.0 -9999.0 -9999.0 -9999.0 -9999.0 -9999.0 -9999.0 -9999.0 -9999.0 -9999.0 -9999.0 -9999.0 -9999.0 -9999.0 -9999.0 -9999.0 -9999.0 -9999.0 -9999.0 -9999.0 -9999.0 -9999.0 -9999.0 -9999.0 -9999.0 -9999.0 -9999.0