inst/processing_geotop_simulation/geotop_simulation/out/maps3D/PwL0018N0124.asc
ncols         104
nrows         10
xllcorner     -2.000000
yllcorner     0.000000
cellsize      1.000000
NODATA_value  -9999.0
-9999.0 -9999.0 -9999.0 -9999.0 -9999.0 -9999.0 -9999.0 -9999.0 -9999.0 -9999.0 -9999.0 -9999.0 -9999.0 -9999.0 -9999.0 -9999.0 -9999.0 -9999.0 -9999.0 -9999.0 -9999.0 -9999.0 -9999.0 -9999.0 -9999.0 -9999.0 -9999.0 -9999.0 -9999.0 -9999.0 -9999.0 -9999.0 -9999.0 -9999.0 -9999.0 -9999.0 -9999.0 -9999.0 -9999.0 -9999.0 -9999.0 -9999.0 -9999.0 -9999.0 -9999.0 -9999.0 -9999.0 -9999.0 -9999.0 -9999.0 -9999.0 -9999.0 -9999.0 -9999.0 -9999.0 -9999.0 -9999.0 -9999.0 -9999.0 -9999.0 -9999.0 -9999.0 -9999.0 -9999.0 -9999.0 -9999.0 -9999.0 -9999.0 -9999.0 -9999.0 -9999.0 -9999.0 -9999.0 -9999.0 -9999.0 -9999.0 -9999.0 -9999.0 -9999.0 -9999.0 -9999.0 -9999.0 -9999.0 -9999.0 -9999.0 -9999.0 -9999.0 -9999.0 -9999.0 -9999.0 -9999.0 -9999.0 -9999.0 -9999.0 -9999.0 -9999.0 -9999.0 -9999.0 -9999.0 -9999.0 -9999.0 -9999.0 -9999.0 -9999.0
-9999.0 -9999.0 -9999.0 -9999.0 -9999.0 -9999.0 -9999.0 -9999.0 -9999.0 -9999.0 -9999.0 -9999.0 -9999.0 -9999.0 -9999.0 -9999.0 -9999.0 -9999.0 -9999.0 -9999.0 -9999.0 -9999.0 -9999.0 -9999.0 -9999.0 -9999.0 -9999.0 -9999.0 -9999.0 -9999.0 -9999.0 -9999.0 -9999.0 -9999.0 -9999.0 -9999.0 -9999.0 -9999.0 -9999.0 -9999.0 -9999.0 -9999.0 -9999.0 -9999.0 -9999.0 -9999.0 -9999.0 -9999.0 -9999.0 -9999.0 -9999.0 -9999.0 -9999.0 -9999.0 -9999.0 -9999.0 -9999.0 -9999.0 -9999.0 -9999.0 -9999.0 -9999.0 -9999.0 -9999.0 -9999.0 -9999.0 -9999.0 -9999.0 -9999.0 -9999.0 -9999.0 -9999.0 -9999.0 -9999.0 -9999.0 -9999.0 -9999.0 -9999.0 -9999.0 -9999.0 -9999.0 -9999.0 -9999.0 -9999.0 -9999.0 -9999.0 -9999.0 -9999.0 -9999.0 -9999.0 -9999.0 -9999.0 -9999.0 -9999.0 -9999.0 -9999.0 -9999.0 -9999.0 -9999.0 -9999.0 -9999.0 -9999.0 -9999.0 -9999.0
-9999.0 -9999.0 889.612814 797.398637 704.299814 610.179624 515.521642 420.622812 325.642792 230.667484 135.743773 40.897706 -53.837823 -148.463049 -242.966552 -337.370786 -431.750306 -526.089482 -619.963833 -712.354189 -803.160979 -891.785139 -977.230756 -1040.244513 -1087.250548 -1119.804791 -1141.023065 -1154.218804 -1162.132745 -1166.741531 -1169.363334 -1170.827908 -1171.636484 -1172.081825 -1172.329698 -1172.473894 -1172.574784 -1172.697538 -1173.048866 -1175.023994 -1187.636542 -1280.481575 -2046.851229 -4072.054135 -4084.157978 -4084.158416 -4084.158416 -4084.158411 -4084.158385 -4084.158279 -4084.157938 -4084.156790 -4084.154646 -4084.151624 -4084.146215 -4084.134862 -4084.107574 -4084.034154 -4083.818189 -4083.135212 -4059.906234 -1895.403942 -1246.481733 -1182.469430 -1174.121624 -1173.058467 -1172.915549 -1172.894053 -1172.891629 -1172.892542 -1172.893842 -1172.894957 -1172.895823 -1172.896481 -1172.896985 -1172.897377 -1172.897687 -1172.897938 -1172.898147 -1172.898332 -1172.898513 -1172.898712 -1172.898961 -1172.899305 -1172.899814 -1172.900594 -1172.901819 -1172.903777 -1172.906951 -1172.912185 -1172.920997 -1172.936217 -1172.963280 -1173.012882 -1173.106408 -1173.287245 -1173.646068 -1174.384774 -1175.997629 -1179.796026 -1189.384963 -1215.679647 -9999.0 -9999.0
-9999.0 -9999.0 889.616720 797.400077 704.300276 610.179773 515.521692 420.622829 325.642798 230.667486 135.743773 40.897707 -53.837823 -148.463049 -242.966552 -337.370786 -431.750306 -526.089482 -619.963833 -712.354189 -803.160979 -891.785139 -977.230756 -1040.244513 -1087.250548 -1119.804791 -1141.023065 -1154.218804 -1162.132745 -1166.741531 -1169.363334 -1170.827908 -1171.636484 -1172.081825 -1172.329698 -1172.473894 -1172.574784 -1172.697538 -1173.048866 -1175.023994 -1187.636542 -1280.481575 -2046.851229 -4072.054135 -4084.157978 -4084.158416 -4084.158416 -4084.158411 -4084.158385 -4084.158279 -4084.157938 -4084.156790 -4084.154646 -4084.151624 -4084.146215 -4084.134862 -4084.107574 -4084.034154 -4083.818189 -4083.135212 -4059.906234 -1895.403942 -1246.481733 -1182.469430 -1174.121624 -1173.058467 -1172.915549 -1172.894053 -1172.891629 -1172.892542 -1172.893842 -1172.894957 -1172.895823 -1172.896481 -1172.896985 -1172.897377 -1172.897687 -1172.897938 -1172.898147 -1172.898332 -1172.898513 -1172.898712 -1172.898961 -1172.899305 -1172.899814 -1172.900594 -1172.901819 -1172.903777 -1172.906951 -1172.912185 -1172.920997 -1172.936217 -1172.963280 -1173.012882 -1173.106408 -1173.287245 -1173.646068 -1174.384774 -1175.997629 -1179.796026 -1189.384963 -1215.679647 -9999.0 -9999.0
-9999.0 -9999.0 889.618128 797.400829 704.300592 610.179893 515.521736 420.622845 325.642803 230.667488 135.743774 40.897707 -53.837823 -148.463049 -242.966552 -337.370786 -431.750306 -526.089483 -619.963833 -712.354189 -803.160979 -891.785139 -977.230757 -1040.244513 -1087.250548 -1119.804791 -1141.023065 -1154.218804 -1162.132745 -1166.741531 -1169.363334 -1170.827908 -1171.636484 -1172.081825 -1172.329698 -1172.473894 -1172.574784 -1172.697538 -1173.048866 -1175.023994 -1187.636542 -1280.481575 -2046.851229 -4072.054135 -4084.157978 -4084.158416 -4084.158416 -4084.158411 -4084.158385 -4084.158279 -4084.157938 -4084.156790 -4084.154646 -4084.151624 -4084.146215 -4084.134862 -4084.107574 -4084.034154 -4083.818189 -4083.135212 -4059.906234 -1895.403942 -1246.481733 -1182.469430 -1174.121624 -1173.058467 -1172.915549 -1172.894053 -1172.891629 -1172.892542 -1172.893842 -1172.894957 -1172.895823 -1172.896481 -1172.896985 -1172.897377 -1172.897687 -1172.897938 -1172.898147 -1172.898332 -1172.898513 -1172.898712 -1172.898961 -1172.899305 -1172.899814 -1172.900594 -1172.901819 -1172.903777 -1172.906951 -1172.912185 -1172.920997 -1172.936217 -1172.963280 -1173.012882 -1173.106408 -1173.287245 -1173.646068 -1174.384774 -1175.997629 -1179.796026 -1189.384963 -1215.679647 -9999.0 -9999.0
-9999.0 -9999.0 889.618128 797.400829 704.300592 610.179893 515.521736 420.622845 325.642803 230.667488 135.743774 40.897707 -53.837823 -148.463049 -242.966552 -337.370786 -431.750307 -526.089483 -619.963833 -712.354189 -803.160979 -891.785139 -977.230757 -1040.244513 -1087.250548 -1119.804791 -1141.023065 -1154.218804 -1162.132745 -1166.741531 -1169.363334 -1170.827908 -1171.636484 -1172.081825 -1172.329698 -1172.473894 -1172.574784 -1172.697538 -1173.048866 -1175.023994 -1187.636542 -1280.481575 -2046.851229 -4072.054135 -4084.157978 -4084.158416 -4084.158416 -4084.158411 -4084.158385 -4084.158279 -4084.157938 -4084.156790 -4084.154646 -4084.151624 -4084.146215 -4084.134862 -4084.107574 -4084.034154 -4083.818189 -4083.135212 -4059.906234 -1895.403942 -1246.481733 -1182.469430 -1174.121624 -1173.058467 -1172.915549 -1172.894053 -1172.891629 -1172.892542 -1172.893842 -1172.894957 -1172.895823 -1172.896481 -1172.896985 -1172.897377 -1172.897687 -1172.897938 -1172.898147 -1172.898332 -1172.898513 -1172.898712 -1172.898961 -1172.899305 -1172.899814 -1172.900594 -1172.901819 -1172.903777 -1172.906951 -1172.912185 -1172.920997 -1172.936217 -1172.963280 -1173.012882 -1173.106408 -1173.287245 -1173.646068 -1174.384774 -1175.997629 -1179.796026 -1189.384963 -1215.679647 -9999.0 -9999.0
-9999.0 -9999.0 889.616720 797.400077 704.300276 610.179773 515.521692 420.622829 325.642798 230.667486 135.743773 40.897707 -53.837823 -148.463049 -242.966552 -337.370786 -431.750306 -526.089483 -619.963833 -712.354189 -803.160979 -891.785139 -977.230756 -1040.244513 -1087.250548 -1119.804791 -1141.023065 -1154.218804 -1162.132745 -1166.741531 -1169.363334 -1170.827908 -1171.636484 -1172.081825 -1172.329698 -1172.473894 -1172.574784 -1172.697538 -1173.048866 -1175.023994 -1187.636542 -1280.481575 -2046.851229 -4072.054135 -4084.157978 -4084.158416 -4084.158416 -4084.158411 -4084.158385 -4084.158279 -4084.157938 -4084.156790 -4084.154646 -4084.151624 -4084.146215 -4084.134862 -4084.107574 -4084.034154 -4083.818189 -4083.135212 -4059.906234 -1895.403942 -1246.481733 -1182.469430 -1174.121624 -1173.058467 -1172.915549 -1172.894053 -1172.891629 -1172.892542 -1172.893842 -1172.894957 -1172.895823 -1172.896481 -1172.896985 -1172.897377 -1172.897687 -1172.897938 -1172.898147 -1172.898332 -1172.898513 -1172.898712 -1172.898961 -1172.899305 -1172.899814 -1172.900594 -1172.901819 -1172.903777 -1172.906951 -1172.912185 -1172.920997 -1172.936217 -1172.963280 -1173.012882 -1173.106408 -1173.287245 -1173.646068 -1174.384774 -1175.997629 -1179.796026 -1189.384963 -1215.679647 -9999.0 -9999.0
-9999.0 -9999.0 889.612814 797.398637 704.299814 610.179624 515.521642 420.622812 325.642792 230.667484 135.743773 40.897706 -53.837823 -148.463049 -242.966552 -337.370786 -431.750306 -526.089482 -619.963833 -712.354189 -803.160979 -891.785139 -977.230756 -1040.244513 -1087.250548 -1119.804791 -1141.023065 -1154.218804 -1162.132745 -1166.741531 -1169.363334 -1170.827908 -1171.636484 -1172.081825 -1172.329698 -1172.473894 -1172.574784 -1172.697538 -1173.048866 -1175.023994 -1187.636542 -1280.481575 -2046.851229 -4072.054135 -4084.157978 -4084.158416 -4084.158416 -4084.158411 -4084.158385 -4084.158279 -4084.157938 -4084.156790 -4084.154646 -4084.151624 -4084.146215 -4084.134862 -4084.107574 -4084.034154 -4083.818189 -4083.135212 -4059.906234 -1895.403942 -1246.481733 -1182.469430 -1174.121624 -1173.058467 -1172.915549 -1172.894053 -1172.891629 -1172.892542 -1172.893842 -1172.894957 -1172.895823 -1172.896481 -1172.896985 -1172.897377 -1172.897687 -1172.897938 -1172.898147 -1172.898332 -1172.898513 -1172.898712 -1172.898961 -1172.899305 -1172.899814 -1172.900594 -1172.901819 -1172.903777 -1172.906951 -1172.912185 -1172.920997 -1172.936217 -1172.963280 -1173.012882 -1173.106408 -1173.287245 -1173.646068 -1174.384774 -1175.997629 -1179.796026 -1189.384963 -1215.679647 -9999.0 -9999.0
-9999.0 -9999.0 -9999.0 -9999.0 -9999.0 -9999.0 -9999.0 -9999.0 -9999.0 -9999.0 -9999.0 -9999.0 -9999.0 -9999.0 -9999.0 -9999.0 -9999.0 -9999.0 -9999.0 -9999.0 -9999.0 -9999.0 -9999.0 -9999.0 -9999.0 -9999.0 -9999.0 -9999.0 -9999.0 -9999.0 -9999.0 -9999.0 -9999.0 -9999.0 -9999.0 -9999.0 -9999.0 -9999.0 -9999.0 -9999.0 -9999.0 -9999.0 -9999.0 -9999.0 -9999.0 -9999.0 -9999.0 -9999.0 -9999.0 -9999.0 -9999.0 -9999.0 -9999.0 -9999.0 -9999.0 -9999.0 -9999.0 -9999.0 -9999.0 -9999.0 -9999.0 -9999.0 -9999.0 -9999.0 -9999.0 -9999.0 -9999.0 -9999.0 -9999.0 -9999.0 -9999.0 -9999.0 -9999.0 -9999.0 -9999.0 -9999.0 -9999.0 -9999.0 -9999.0 -9999.0 -9999.0 -9999.0 -9999.0 -9999.0 -9999.0 -9999.0 -9999.0 -9999.0 -9999.0 -9999.0 -9999.0 -9999.0 -9999.0 -9999.0 -9999.0 -9999.0 -9999.0 -9999.0 -9999.0 -9999.0 -9999.0 -9999.0 -9999.0 -9999.0
-9999.0 -9999.0 -9999.0 -9999.0 -9999.0 -9999.0 -9999.0 -9999.0 -9999.0 -9999.0 -9999.0 -9999.0 -9999.0 -9999.0 -9999.0 -9999.0 -9999.0 -9999.0 -9999.0 -9999.0 -9999.0 -9999.0 -9999.0 -9999.0 -9999.0 -9999.0 -9999.0 -9999.0 -9999.0 -9999.0 -9999.0 -9999.0 -9999.0 -9999.0 -9999.0 -9999.0 -9999.0 -9999.0 -9999.0 -9999.0 -9999.0 -9999.0 -9999.0 -9999.0 -9999.0 -9999.0 -9999.0 -9999.0 -9999.0 -9999.0 -9999.0 -9999.0 -9999.0 -9999.0 -9999.0 -9999.0 -9999.0 -9999.0 -9999.0 -9999.0 -9999.0 -9999.0 -9999.0 -9999.0 -9999.0 -9999.0 -9999.0 -9999.0 -9999.0 -9999.0 -9999.0 -9999.0 -9999.0 -9999.0 -9999.0 -9999.0 -9999.0 -9999.0 -9999.0 -9999.0 -9999.0 -9999.0 -9999.0 -9999.0 -9999.0 -9999.0 -9999.0 -9999.0 -9999.0 -9999.0 -9999.0 -9999.0 -9999.0 -9999.0 -9999.0 -9999.0 -9999.0 -9999.0 -9999.0 -9999.0 -9999.0 -9999.0 -9999.0 -9999.0