inst/processing_geotop_simulation/geotop_simulation/out/maps3D/PwL0012N0274.asc
ncols         104
nrows         10
xllcorner     -2.000000
yllcorner     0.000000
cellsize      1.000000
NODATA_value  -9999.0
-9999.0 -9999.0 -9999.0 -9999.0 -9999.0 -9999.0 -9999.0 -9999.0 -9999.0 -9999.0 -9999.0 -9999.0 -9999.0 -9999.0 -9999.0 -9999.0 -9999.0 -9999.0 -9999.0 -9999.0 -9999.0 -9999.0 -9999.0 -9999.0 -9999.0 -9999.0 -9999.0 -9999.0 -9999.0 -9999.0 -9999.0 -9999.0 -9999.0 -9999.0 -9999.0 -9999.0 -9999.0 -9999.0 -9999.0 -9999.0 -9999.0 -9999.0 -9999.0 -9999.0 -9999.0 -9999.0 -9999.0 -9999.0 -9999.0 -9999.0 -9999.0 -9999.0 -9999.0 -9999.0 -9999.0 -9999.0 -9999.0 -9999.0 -9999.0 -9999.0 -9999.0 -9999.0 -9999.0 -9999.0 -9999.0 -9999.0 -9999.0 -9999.0 -9999.0 -9999.0 -9999.0 -9999.0 -9999.0 -9999.0 -9999.0 -9999.0 -9999.0 -9999.0 -9999.0 -9999.0 -9999.0 -9999.0 -9999.0 -9999.0 -9999.0 -9999.0 -9999.0 -9999.0 -9999.0 -9999.0 -9999.0 -9999.0 -9999.0 -9999.0 -9999.0 -9999.0 -9999.0 -9999.0 -9999.0 -9999.0 -9999.0 -9999.0 -9999.0 -9999.0
-9999.0 -9999.0 -9999.0 -9999.0 -9999.0 -9999.0 -9999.0 -9999.0 -9999.0 -9999.0 -9999.0 -9999.0 -9999.0 -9999.0 -9999.0 -9999.0 -9999.0 -9999.0 -9999.0 -9999.0 -9999.0 -9999.0 -9999.0 -9999.0 -9999.0 -9999.0 -9999.0 -9999.0 -9999.0 -9999.0 -9999.0 -9999.0 -9999.0 -9999.0 -9999.0 -9999.0 -9999.0 -9999.0 -9999.0 -9999.0 -9999.0 -9999.0 -9999.0 -9999.0 -9999.0 -9999.0 -9999.0 -9999.0 -9999.0 -9999.0 -9999.0 -9999.0 -9999.0 -9999.0 -9999.0 -9999.0 -9999.0 -9999.0 -9999.0 -9999.0 -9999.0 -9999.0 -9999.0 -9999.0 -9999.0 -9999.0 -9999.0 -9999.0 -9999.0 -9999.0 -9999.0 -9999.0 -9999.0 -9999.0 -9999.0 -9999.0 -9999.0 -9999.0 -9999.0 -9999.0 -9999.0 -9999.0 -9999.0 -9999.0 -9999.0 -9999.0 -9999.0 -9999.0 -9999.0 -9999.0 -9999.0 -9999.0 -9999.0 -9999.0 -9999.0 -9999.0 -9999.0 -9999.0 -9999.0 -9999.0 -9999.0 -9999.0 -9999.0 -9999.0
-9999.0 -9999.0 574.545852 477.351308 379.408257 281.049042 182.505135 83.883131 -14.762185 -113.400817 -212.018433 -310.582355 -409.030700 -507.227840 -604.964777 -701.997569 -799.335862 -896.332415 -992.958856 -1089.171011 -1180.461514 -1266.137376 -1343.267359 -1409.520134 -1463.854403 -1506.585517 -1539.009970 -1562.896758 -1580.074118 -1592.185971 -1600.591004 -1606.349699 -1610.255989 -1612.885740 -1614.646945 -1615.825704 -1616.630676 -1617.265496 -1618.180157 -1621.017206 -1630.765637 -1654.107659 -1622.819194 -2626.695639 -2370.362280 -2225.959023 -2164.177793 -2156.338422 -2155.549410 -2155.632059 -2155.838238 -2156.059107 -2156.271151 -2156.467389 -2156.648894 -2156.854599 -2157.469940 -2161.843534 -2193.074574 -2266.814432 -2367.449479 -1475.294563 -1619.353599 -1623.399214 -1619.652740 -1618.523517 -1618.305135 -1618.269214 -1618.264061 -1618.263892 -1618.264454 -1618.265020 -1618.265477 -1618.265830 -1618.266104 -1618.266318 -1618.266490 -1618.266630 -1618.266750 -1618.266857 -1618.266964 -1618.267082 -1618.267230 -1618.267432 -1618.267728 -1618.268180 -1618.268887 -1618.270017 -1618.271856 -1618.274909 -1618.280100 -1618.289173 -1618.305515 -1618.335849 -1618.393789 -1618.507664 -1618.739200 -1619.232401 -1620.350462 -1623.089027 -1630.531532 -1654.254063 -9999.0 -9999.0
-9999.0 -9999.0 574.551208 477.352920 379.408722 281.049184 182.505181 83.883147 -14.762179 -113.400815 -212.018432 -310.582355 -409.030700 -507.227840 -604.964777 -701.997569 -799.335862 -896.332415 -992.958856 -1089.171011 -1180.461514 -1266.137376 -1343.267360 -1409.520134 -1463.854403 -1506.585517 -1539.009971 -1562.896758 -1580.074118 -1592.185971 -1600.591004 -1606.349699 -1610.255989 -1612.885740 -1614.646945 -1615.825704 -1616.630676 -1617.265496 -1618.180157 -1621.017206 -1630.765637 -1654.107659 -1622.819194 -2626.695638 -2370.362278 -2225.959019 -2164.177793 -2156.338422 -2155.549410 -2155.632059 -2155.838238 -2156.059107 -2156.271151 -2156.467389 -2156.648894 -2156.854599 -2157.469940 -2161.843534 -2193.074574 -2266.814432 -2367.449479 -1475.294563 -1619.353599 -1623.399214 -1619.652740 -1618.523517 -1618.305135 -1618.269214 -1618.264061 -1618.263892 -1618.264454 -1618.265020 -1618.265477 -1618.265830 -1618.266104 -1618.266318 -1618.266490 -1618.266630 -1618.266750 -1618.266857 -1618.266964 -1618.267082 -1618.267230 -1618.267432 -1618.267728 -1618.268180 -1618.268887 -1618.270017 -1618.271856 -1618.274909 -1618.280100 -1618.289173 -1618.305515 -1618.335849 -1618.393789 -1618.507664 -1618.739200 -1619.232401 -1620.350462 -1623.089027 -1630.531532 -1654.254063 -9999.0 -9999.0
-9999.0 -9999.0 574.552647 477.353672 379.409027 281.049297 182.505222 83.883162 -14.762174 -113.400813 -212.018431 -310.582355 -409.030700 -507.227839 -604.964777 -701.997569 -799.335862 -896.332415 -992.958856 -1089.171011 -1180.461514 -1266.137376 -1343.267360 -1409.520134 -1463.854403 -1506.585517 -1539.009971 -1562.896758 -1580.074118 -1592.185971 -1600.591004 -1606.349699 -1610.255989 -1612.885740 -1614.646945 -1615.825704 -1616.630676 -1617.265496 -1618.180157 -1621.017206 -1630.765637 -1654.107659 -1622.819194 -2626.695638 -2370.362278 -2225.959017 -2164.177793 -2156.338422 -2155.549410 -2155.632059 -2155.838238 -2156.059107 -2156.271151 -2156.467389 -2156.648894 -2156.854599 -2157.469940 -2161.843534 -2193.074574 -2266.814432 -2367.449479 -1475.294563 -1619.353599 -1623.399214 -1619.652740 -1618.523517 -1618.305135 -1618.269214 -1618.264061 -1618.263892 -1618.264454 -1618.265020 -1618.265477 -1618.265830 -1618.266104 -1618.266318 -1618.266490 -1618.266630 -1618.266750 -1618.266857 -1618.266964 -1618.267082 -1618.267230 -1618.267432 -1618.267728 -1618.268180 -1618.268887 -1618.270017 -1618.271856 -1618.274909 -1618.280100 -1618.289173 -1618.305515 -1618.335849 -1618.393789 -1618.507664 -1618.739200 -1619.232401 -1620.350462 -1623.089027 -1630.531532 -1654.254063 -9999.0 -9999.0
-9999.0 -9999.0 574.552647 477.353672 379.409027 281.049297 182.505222 83.883162 -14.762174 -113.400813 -212.018431 -310.582355 -409.030700 -507.227839 -604.964777 -701.997569 -799.335862 -896.332415 -992.958856 -1089.171011 -1180.461514 -1266.137376 -1343.267360 -1409.520134 -1463.854403 -1506.585517 -1539.009971 -1562.896758 -1580.074118 -1592.185971 -1600.591004 -1606.349699 -1610.255989 -1612.885740 -1614.646945 -1615.825704 -1616.630676 -1617.265496 -1618.180157 -1621.017206 -1630.765637 -1654.107659 -1622.819194 -2626.695638 -2370.362278 -2225.959017 -2164.177793 -2156.338422 -2155.549410 -2155.632059 -2155.838238 -2156.059107 -2156.271151 -2156.467389 -2156.648894 -2156.854599 -2157.469940 -2161.843534 -2193.074574 -2266.814432 -2367.449479 -1475.294563 -1619.353599 -1623.399214 -1619.652740 -1618.523517 -1618.305135 -1618.269214 -1618.264061 -1618.263892 -1618.264454 -1618.265020 -1618.265477 -1618.265830 -1618.266104 -1618.266318 -1618.266490 -1618.266630 -1618.266750 -1618.266857 -1618.266964 -1618.267082 -1618.267230 -1618.267432 -1618.267728 -1618.268180 -1618.268887 -1618.270017 -1618.271856 -1618.274909 -1618.280100 -1618.289173 -1618.305515 -1618.335849 -1618.393789 -1618.507664 -1618.739200 -1619.232401 -1620.350462 -1623.089027 -1630.531532 -1654.254063 -9999.0 -9999.0
-9999.0 -9999.0 574.551208 477.352920 379.408722 281.049184 182.505181 83.883147 -14.762179 -113.400815 -212.018432 -310.582355 -409.030700 -507.227839 -604.964777 -701.997569 -799.335862 -896.332415 -992.958856 -1089.171011 -1180.461514 -1266.137376 -1343.267360 -1409.520134 -1463.854403 -1506.585517 -1539.009971 -1562.896758 -1580.074118 -1592.185971 -1600.591004 -1606.349699 -1610.255989 -1612.885740 -1614.646945 -1615.825704 -1616.630676 -1617.265496 -1618.180157 -1621.017206 -1630.765637 -1654.107659 -1622.819194 -2626.695638 -2370.362278 -2225.959019 -2164.177793 -2156.338422 -2155.549410 -2155.632059 -2155.838238 -2156.059107 -2156.271151 -2156.467389 -2156.648894 -2156.854599 -2157.469940 -2161.843534 -2193.074574 -2266.814432 -2367.449479 -1475.294563 -1619.353599 -1623.399214 -1619.652740 -1618.523517 -1618.305135 -1618.269214 -1618.264061 -1618.263892 -1618.264454 -1618.265020 -1618.265477 -1618.265830 -1618.266104 -1618.266318 -1618.266490 -1618.266630 -1618.266750 -1618.266857 -1618.266964 -1618.267082 -1618.267230 -1618.267432 -1618.267728 -1618.268180 -1618.268887 -1618.270017 -1618.271856 -1618.274909 -1618.280100 -1618.289173 -1618.305515 -1618.335849 -1618.393789 -1618.507664 -1618.739200 -1619.232401 -1620.350462 -1623.089027 -1630.531532 -1654.254063 -9999.0 -9999.0
-9999.0 -9999.0 574.545852 477.351308 379.408257 281.049042 182.505135 83.883131 -14.762185 -113.400817 -212.018433 -310.582356 -409.030700 -507.227840 -604.964777 -701.997569 -799.335862 -896.332415 -992.958856 -1089.171011 -1180.461514 -1266.137376 -1343.267359 -1409.520134 -1463.854403 -1506.585517 -1539.009970 -1562.896758 -1580.074118 -1592.185971 -1600.591004 -1606.349699 -1610.255989 -1612.885740 -1614.646945 -1615.825704 -1616.630676 -1617.265496 -1618.180157 -1621.017206 -1630.765637 -1654.107659 -1622.819194 -2626.695639 -2370.362280 -2225.959023 -2164.177793 -2156.338422 -2155.549410 -2155.632059 -2155.838238 -2156.059107 -2156.271151 -2156.467389 -2156.648894 -2156.854599 -2157.469940 -2161.843534 -2193.074574 -2266.814432 -2367.449479 -1475.294563 -1619.353599 -1623.399214 -1619.652740 -1618.523517 -1618.305135 -1618.269214 -1618.264061 -1618.263892 -1618.264454 -1618.265020 -1618.265477 -1618.265830 -1618.266104 -1618.266318 -1618.266490 -1618.266630 -1618.266750 -1618.266857 -1618.266964 -1618.267082 -1618.267230 -1618.267432 -1618.267728 -1618.268180 -1618.268887 -1618.270017 -1618.271856 -1618.274909 -1618.280100 -1618.289173 -1618.305515 -1618.335849 -1618.393789 -1618.507664 -1618.739200 -1619.232401 -1620.350462 -1623.089027 -1630.531532 -1654.254063 -9999.0 -9999.0
-9999.0 -9999.0 -9999.0 -9999.0 -9999.0 -9999.0 -9999.0 -9999.0 -9999.0 -9999.0 -9999.0 -9999.0 -9999.0 -9999.0 -9999.0 -9999.0 -9999.0 -9999.0 -9999.0 -9999.0 -9999.0 -9999.0 -9999.0 -9999.0 -9999.0 -9999.0 -9999.0 -9999.0 -9999.0 -9999.0 -9999.0 -9999.0 -9999.0 -9999.0 -9999.0 -9999.0 -9999.0 -9999.0 -9999.0 -9999.0 -9999.0 -9999.0 -9999.0 -9999.0 -9999.0 -9999.0 -9999.0 -9999.0 -9999.0 -9999.0 -9999.0 -9999.0 -9999.0 -9999.0 -9999.0 -9999.0 -9999.0 -9999.0 -9999.0 -9999.0 -9999.0 -9999.0 -9999.0 -9999.0 -9999.0 -9999.0 -9999.0 -9999.0 -9999.0 -9999.0 -9999.0 -9999.0 -9999.0 -9999.0 -9999.0 -9999.0 -9999.0 -9999.0 -9999.0 -9999.0 -9999.0 -9999.0 -9999.0 -9999.0 -9999.0 -9999.0 -9999.0 -9999.0 -9999.0 -9999.0 -9999.0 -9999.0 -9999.0 -9999.0 -9999.0 -9999.0 -9999.0 -9999.0 -9999.0 -9999.0 -9999.0 -9999.0 -9999.0 -9999.0
-9999.0 -9999.0 -9999.0 -9999.0 -9999.0 -9999.0 -9999.0 -9999.0 -9999.0 -9999.0 -9999.0 -9999.0 -9999.0 -9999.0 -9999.0 -9999.0 -9999.0 -9999.0 -9999.0 -9999.0 -9999.0 -9999.0 -9999.0 -9999.0 -9999.0 -9999.0 -9999.0 -9999.0 -9999.0 -9999.0 -9999.0 -9999.0 -9999.0 -9999.0 -9999.0 -9999.0 -9999.0 -9999.0 -9999.0 -9999.0 -9999.0 -9999.0 -9999.0 -9999.0 -9999.0 -9999.0 -9999.0 -9999.0 -9999.0 -9999.0 -9999.0 -9999.0 -9999.0 -9999.0 -9999.0 -9999.0 -9999.0 -9999.0 -9999.0 -9999.0 -9999.0 -9999.0 -9999.0 -9999.0 -9999.0 -9999.0 -9999.0 -9999.0 -9999.0 -9999.0 -9999.0 -9999.0 -9999.0 -9999.0 -9999.0 -9999.0 -9999.0 -9999.0 -9999.0 -9999.0 -9999.0 -9999.0 -9999.0 -9999.0 -9999.0 -9999.0 -9999.0 -9999.0 -9999.0 -9999.0 -9999.0 -9999.0 -9999.0 -9999.0 -9999.0 -9999.0 -9999.0 -9999.0 -9999.0 -9999.0 -9999.0 -9999.0 -9999.0 -9999.0