inst/processing_geotop_simulation/geotop_simulation/out/maps3D/PwL0002N0017.asc
ncols         104
nrows         10
xllcorner     -2.000000
yllcorner     0.000000
cellsize      1.000000
NODATA_value  -9999.0
-9999.0 -9999.0 -9999.0 -9999.0 -9999.0 -9999.0 -9999.0 -9999.0 -9999.0 -9999.0 -9999.0 -9999.0 -9999.0 -9999.0 -9999.0 -9999.0 -9999.0 -9999.0 -9999.0 -9999.0 -9999.0 -9999.0 -9999.0 -9999.0 -9999.0 -9999.0 -9999.0 -9999.0 -9999.0 -9999.0 -9999.0 -9999.0 -9999.0 -9999.0 -9999.0 -9999.0 -9999.0 -9999.0 -9999.0 -9999.0 -9999.0 -9999.0 -9999.0 -9999.0 -9999.0 -9999.0 -9999.0 -9999.0 -9999.0 -9999.0 -9999.0 -9999.0 -9999.0 -9999.0 -9999.0 -9999.0 -9999.0 -9999.0 -9999.0 -9999.0 -9999.0 -9999.0 -9999.0 -9999.0 -9999.0 -9999.0 -9999.0 -9999.0 -9999.0 -9999.0 -9999.0 -9999.0 -9999.0 -9999.0 -9999.0 -9999.0 -9999.0 -9999.0 -9999.0 -9999.0 -9999.0 -9999.0 -9999.0 -9999.0 -9999.0 -9999.0 -9999.0 -9999.0 -9999.0 -9999.0 -9999.0 -9999.0 -9999.0 -9999.0 -9999.0 -9999.0 -9999.0 -9999.0 -9999.0 -9999.0 -9999.0 -9999.0 -9999.0 -9999.0
-9999.0 -9999.0 -9999.0 -9999.0 -9999.0 -9999.0 -9999.0 -9999.0 -9999.0 -9999.0 -9999.0 -9999.0 -9999.0 -9999.0 -9999.0 -9999.0 -9999.0 -9999.0 -9999.0 -9999.0 -9999.0 -9999.0 -9999.0 -9999.0 -9999.0 -9999.0 -9999.0 -9999.0 -9999.0 -9999.0 -9999.0 -9999.0 -9999.0 -9999.0 -9999.0 -9999.0 -9999.0 -9999.0 -9999.0 -9999.0 -9999.0 -9999.0 -9999.0 -9999.0 -9999.0 -9999.0 -9999.0 -9999.0 -9999.0 -9999.0 -9999.0 -9999.0 -9999.0 -9999.0 -9999.0 -9999.0 -9999.0 -9999.0 -9999.0 -9999.0 -9999.0 -9999.0 -9999.0 -9999.0 -9999.0 -9999.0 -9999.0 -9999.0 -9999.0 -9999.0 -9999.0 -9999.0 -9999.0 -9999.0 -9999.0 -9999.0 -9999.0 -9999.0 -9999.0 -9999.0 -9999.0 -9999.0 -9999.0 -9999.0 -9999.0 -9999.0 -9999.0 -9999.0 -9999.0 -9999.0 -9999.0 -9999.0 -9999.0 -9999.0 -9999.0 -9999.0 -9999.0 -9999.0 -9999.0 -9999.0 -9999.0 -9999.0 -9999.0 -9999.0
-9999.0 -9999.0 76.734807 -17.114123 -107.620174 -186.550898 -243.198982 -274.200158 -281.210453 -263.948097 -351.151650 -247.796280 -178.457713 -121.398646 -37.334882 64.929340 54.334819 28.317868 -7.435364 -49.145161 -94.510850 -141.828206 -188.635705 -231.420783 -267.268926 -294.957517 -314.948229 -328.758582 -337.939362 -343.874214 -347.601728 -349.842407 -350.982365 -351.241635 -350.664049 -349.106963 -346.197736 -341.223210 -332.912734 -318.887318 -294.351519 -253.431514 -416.646397 -362.628372 -317.202548 -287.347251 -272.420048 -270.826163 -270.662935 -270.647222 -270.646383 -270.646999 -270.647720 -270.648470 -270.649861 -270.658163 -270.735433 -271.470616 -278.418570 -295.487205 -323.822202 -355.333881 -212.464615 -264.233527 -297.373818 -319.262352 -333.339125 -342.140457 -347.576634 -350.884545 -352.876520 -354.092630 -354.820288 -355.253793 -355.512981 -355.669629 -355.762887 -355.818125 -355.856539 -355.886124 -355.909015 -355.938533 -355.974799 -356.030865 -356.116028 -356.250008 -356.460422 -356.792008 -357.315062 -358.139220 -359.436637 -361.473747 -364.660724 -369.618571 -377.265815 -388.913828 -406.340471 -431.786903 -467.824949 -517.155512 -582.587695 -666.773412 -9999.0 -9999.0
-9999.0 -9999.0 76.841041 -17.088223 -107.612695 -186.548603 -243.198285 -274.199946 -281.210390 -263.948079 -351.151647 -247.796279 -178.457712 -121.398646 -37.334882 64.929339 54.334820 28.317868 -7.435363 -49.145161 -94.510850 -141.828207 -188.635705 -231.420783 -267.268926 -294.957517 -314.948228 -328.758582 -337.939360 -343.874213 -347.601726 -349.842405 -350.982363 -351.241634 -350.664047 -349.106962 -346.197736 -341.223210 -332.912734 -318.887317 -294.351520 -253.431515 -416.646397 -362.628370 -317.202543 -287.347243 -272.420048 -270.826163 -270.662935 -270.647222 -270.646383 -270.646999 -270.647720 -270.648470 -270.649861 -270.658163 -270.735433 -271.470616 -278.418571 -295.487205 -323.822202 -355.333881 -212.464615 -264.233527 -297.373818 -319.262352 -333.339126 -342.140456 -347.576634 -350.884545 -352.876520 -354.092630 -354.820288 -355.253793 -355.512981 -355.669629 -355.762887 -355.818125 -355.856540 -355.886124 -355.909015 -355.938533 -355.974799 -356.030865 -356.116028 -356.250008 -356.460422 -356.792008 -357.315062 -358.139220 -359.436637 -361.473747 -364.660724 -369.618572 -377.265814 -388.913828 -406.340471 -431.786903 -467.824949 -517.155512 -582.587695 -666.773412 -9999.0 -9999.0
-9999.0 -9999.0 76.859895 -17.076600 -107.607711 -186.546766 -243.197674 -274.199752 -281.210330 -263.948061 -351.151644 -247.796277 -178.457712 -121.398646 -37.334882 64.929340 54.334819 28.317868 -7.435364 -49.145161 -94.510850 -141.828206 -188.635705 -231.420783 -267.268926 -294.957517 -314.948228 -328.758582 -337.939360 -343.874212 -347.601725 -349.842405 -350.982363 -351.241633 -350.664046 -349.106961 -346.197734 -341.223210 -332.912734 -318.887316 -294.351520 -253.431514 -416.646397 -362.628370 -317.202544 -287.347243 -272.420048 -270.826163 -270.662935 -270.647222 -270.646383 -270.646999 -270.647720 -270.648470 -270.649861 -270.658163 -270.735433 -271.470616 -278.418570 -295.487205 -323.822202 -355.333881 -212.464615 -264.233527 -297.373818 -319.262352 -333.339125 -342.140457 -347.576634 -350.884545 -352.876520 -354.092630 -354.820288 -355.253793 -355.512981 -355.669629 -355.762887 -355.818125 -355.856539 -355.886124 -355.909015 -355.938533 -355.974799 -356.030865 -356.116028 -356.250008 -356.460422 -356.792008 -357.315062 -358.139220 -359.436637 -361.473747 -364.660724 -369.618571 -377.265815 -388.913828 -406.340471 -431.786903 -467.824949 -517.155512 -582.587695 -666.773412 -9999.0 -9999.0
-9999.0 -9999.0 76.859895 -17.076600 -107.607711 -186.546766 -243.197674 -274.199751 -281.210330 -263.948061 -351.151644 -247.796277 -178.457711 -121.398646 -37.334882 64.929339 54.334820 28.317868 -7.435363 -49.145161 -94.510850 -141.828207 -188.635705 -231.420783 -267.268925 -294.957517 -314.948228 -328.758582 -337.939360 -343.874212 -347.601725 -349.842404 -350.982363 -351.241633 -350.664047 -349.106961 -346.197735 -341.223210 -332.912734 -318.887316 -294.351520 -253.431514 -416.646397 -362.628370 -317.202544 -287.347243 -272.420048 -270.826163 -270.662935 -270.647222 -270.646383 -270.646999 -270.647720 -270.648470 -270.649861 -270.658163 -270.735433 -271.470616 -278.418571 -295.487205 -323.822202 -355.333881 -212.464615 -264.233527 -297.373818 -319.262352 -333.339126 -342.140456 -347.576634 -350.884545 -352.876520 -354.092630 -354.820288 -355.253793 -355.512981 -355.669629 -355.762887 -355.818125 -355.856540 -355.886124 -355.909015 -355.938533 -355.974799 -356.030865 -356.116028 -356.250008 -356.460422 -356.792008 -357.315062 -358.139220 -359.436637 -361.473747 -364.660724 -369.618572 -377.265815 -388.913828 -406.340471 -431.786903 -467.824949 -517.155512 -582.587695 -666.773412 -9999.0 -9999.0
-9999.0 -9999.0 76.841041 -17.088223 -107.612695 -186.548603 -243.198285 -274.199946 -281.210390 -263.948079 -351.151647 -247.796279 -178.457712 -121.398646 -37.334882 64.929340 54.334819 28.317868 -7.435364 -49.145161 -94.510850 -141.828206 -188.635705 -231.420783 -267.268926 -294.957517 -314.948228 -328.758582 -337.939360 -343.874213 -347.601726 -349.842406 -350.982363 -351.241634 -350.664047 -349.106962 -346.197735 -341.223210 -332.912734 -318.887318 -294.351520 -253.431515 -416.646397 -362.628370 -317.202543 -287.347243 -272.420048 -270.826163 -270.662935 -270.647222 -270.646383 -270.646999 -270.647720 -270.648470 -270.649861 -270.658163 -270.735433 -271.470616 -278.418570 -295.487205 -323.822202 -355.333881 -212.464615 -264.233527 -297.373818 -319.262352 -333.339125 -342.140457 -347.576634 -350.884545 -352.876520 -354.092630 -354.820288 -355.253793 -355.512981 -355.669629 -355.762887 -355.818125 -355.856539 -355.886124 -355.909015 -355.938533 -355.974799 -356.030865 -356.116028 -356.250008 -356.460422 -356.792008 -357.315062 -358.139220 -359.436637 -361.473747 -364.660724 -369.618571 -377.265815 -388.913828 -406.340471 -431.786903 -467.824949 -517.155512 -582.587695 -666.773412 -9999.0 -9999.0
-9999.0 -9999.0 76.734807 -17.114123 -107.620174 -186.550898 -243.198982 -274.200157 -281.210453 -263.948097 -351.151650 -247.796280 -178.457713 -121.398646 -37.334882 64.929339 54.334820 28.317868 -7.435363 -49.145161 -94.510850 -141.828207 -188.635705 -231.420783 -267.268926 -294.957517 -314.948229 -328.758582 -337.939362 -343.874214 -347.601728 -349.842406 -350.982366 -351.241635 -350.664049 -349.106963 -346.197736 -341.223210 -332.912734 -318.887318 -294.351519 -253.431514 -416.646397 -362.628372 -317.202548 -287.347251 -272.420048 -270.826163 -270.662935 -270.647222 -270.646383 -270.646999 -270.647720 -270.648470 -270.649861 -270.658163 -270.735433 -271.470616 -278.418571 -295.487205 -323.822202 -355.333881 -212.464615 -264.233527 -297.373818 -319.262352 -333.339126 -342.140456 -347.576634 -350.884545 -352.876520 -354.092630 -354.820288 -355.253793 -355.512981 -355.669629 -355.762887 -355.818125 -355.856540 -355.886124 -355.909015 -355.938533 -355.974799 -356.030865 -356.116028 -356.250008 -356.460422 -356.792008 -357.315062 -358.139220 -359.436637 -361.473747 -364.660724 -369.618572 -377.265814 -388.913828 -406.340471 -431.786903 -467.824949 -517.155512 -582.587695 -666.773412 -9999.0 -9999.0
-9999.0 -9999.0 -9999.0 -9999.0 -9999.0 -9999.0 -9999.0 -9999.0 -9999.0 -9999.0 -9999.0 -9999.0 -9999.0 -9999.0 -9999.0 -9999.0 -9999.0 -9999.0 -9999.0 -9999.0 -9999.0 -9999.0 -9999.0 -9999.0 -9999.0 -9999.0 -9999.0 -9999.0 -9999.0 -9999.0 -9999.0 -9999.0 -9999.0 -9999.0 -9999.0 -9999.0 -9999.0 -9999.0 -9999.0 -9999.0 -9999.0 -9999.0 -9999.0 -9999.0 -9999.0 -9999.0 -9999.0 -9999.0 -9999.0 -9999.0 -9999.0 -9999.0 -9999.0 -9999.0 -9999.0 -9999.0 -9999.0 -9999.0 -9999.0 -9999.0 -9999.0 -9999.0 -9999.0 -9999.0 -9999.0 -9999.0 -9999.0 -9999.0 -9999.0 -9999.0 -9999.0 -9999.0 -9999.0 -9999.0 -9999.0 -9999.0 -9999.0 -9999.0 -9999.0 -9999.0 -9999.0 -9999.0 -9999.0 -9999.0 -9999.0 -9999.0 -9999.0 -9999.0 -9999.0 -9999.0 -9999.0 -9999.0 -9999.0 -9999.0 -9999.0 -9999.0 -9999.0 -9999.0 -9999.0 -9999.0 -9999.0 -9999.0 -9999.0 -9999.0
-9999.0 -9999.0 -9999.0 -9999.0 -9999.0 -9999.0 -9999.0 -9999.0 -9999.0 -9999.0 -9999.0 -9999.0 -9999.0 -9999.0 -9999.0 -9999.0 -9999.0 -9999.0 -9999.0 -9999.0 -9999.0 -9999.0 -9999.0 -9999.0 -9999.0 -9999.0 -9999.0 -9999.0 -9999.0 -9999.0 -9999.0 -9999.0 -9999.0 -9999.0 -9999.0 -9999.0 -9999.0 -9999.0 -9999.0 -9999.0 -9999.0 -9999.0 -9999.0 -9999.0 -9999.0 -9999.0 -9999.0 -9999.0 -9999.0 -9999.0 -9999.0 -9999.0 -9999.0 -9999.0 -9999.0 -9999.0 -9999.0 -9999.0 -9999.0 -9999.0 -9999.0 -9999.0 -9999.0 -9999.0 -9999.0 -9999.0 -9999.0 -9999.0 -9999.0 -9999.0 -9999.0 -9999.0 -9999.0 -9999.0 -9999.0 -9999.0 -9999.0 -9999.0 -9999.0 -9999.0 -9999.0 -9999.0 -9999.0 -9999.0 -9999.0 -9999.0 -9999.0 -9999.0 -9999.0 -9999.0 -9999.0 -9999.0 -9999.0 -9999.0 -9999.0 -9999.0 -9999.0 -9999.0 -9999.0 -9999.0 -9999.0 -9999.0 -9999.0 -9999.0