inst/processing_geotop_simulation/geotop_simulation/out/maps3D/PwL0020N0470.asc
ncols         104
nrows         10
xllcorner     -2.000000
yllcorner     0.000000
cellsize      1.000000
NODATA_value  -9999.0
-9999.0 -9999.0 -9999.0 -9999.0 -9999.0 -9999.0 -9999.0 -9999.0 -9999.0 -9999.0 -9999.0 -9999.0 -9999.0 -9999.0 -9999.0 -9999.0 -9999.0 -9999.0 -9999.0 -9999.0 -9999.0 -9999.0 -9999.0 -9999.0 -9999.0 -9999.0 -9999.0 -9999.0 -9999.0 -9999.0 -9999.0 -9999.0 -9999.0 -9999.0 -9999.0 -9999.0 -9999.0 -9999.0 -9999.0 -9999.0 -9999.0 -9999.0 -9999.0 -9999.0 -9999.0 -9999.0 -9999.0 -9999.0 -9999.0 -9999.0 -9999.0 -9999.0 -9999.0 -9999.0 -9999.0 -9999.0 -9999.0 -9999.0 -9999.0 -9999.0 -9999.0 -9999.0 -9999.0 -9999.0 -9999.0 -9999.0 -9999.0 -9999.0 -9999.0 -9999.0 -9999.0 -9999.0 -9999.0 -9999.0 -9999.0 -9999.0 -9999.0 -9999.0 -9999.0 -9999.0 -9999.0 -9999.0 -9999.0 -9999.0 -9999.0 -9999.0 -9999.0 -9999.0 -9999.0 -9999.0 -9999.0 -9999.0 -9999.0 -9999.0 -9999.0 -9999.0 -9999.0 -9999.0 -9999.0 -9999.0 -9999.0 -9999.0 -9999.0 -9999.0
-9999.0 -9999.0 -9999.0 -9999.0 -9999.0 -9999.0 -9999.0 -9999.0 -9999.0 -9999.0 -9999.0 -9999.0 -9999.0 -9999.0 -9999.0 -9999.0 -9999.0 -9999.0 -9999.0 -9999.0 -9999.0 -9999.0 -9999.0 -9999.0 -9999.0 -9999.0 -9999.0 -9999.0 -9999.0 -9999.0 -9999.0 -9999.0 -9999.0 -9999.0 -9999.0 -9999.0 -9999.0 -9999.0 -9999.0 -9999.0 -9999.0 -9999.0 -9999.0 -9999.0 -9999.0 -9999.0 -9999.0 -9999.0 -9999.0 -9999.0 -9999.0 -9999.0 -9999.0 -9999.0 -9999.0 -9999.0 -9999.0 -9999.0 -9999.0 -9999.0 -9999.0 -9999.0 -9999.0 -9999.0 -9999.0 -9999.0 -9999.0 -9999.0 -9999.0 -9999.0 -9999.0 -9999.0 -9999.0 -9999.0 -9999.0 -9999.0 -9999.0 -9999.0 -9999.0 -9999.0 -9999.0 -9999.0 -9999.0 -9999.0 -9999.0 -9999.0 -9999.0 -9999.0 -9999.0 -9999.0 -9999.0 -9999.0 -9999.0 -9999.0 -9999.0 -9999.0 -9999.0 -9999.0 -9999.0 -9999.0 -9999.0 -9999.0 -9999.0 -9999.0
-9999.0 -9999.0 967.911781 868.663903 769.362444 669.968585 570.523551 471.055746 371.581044 272.108185 172.642076 73.185567 -26.257836 -125.686193 -225.098346 -324.484265 -423.825780 -523.089316 -622.214473 -721.094932 -820.028502 -918.740453 -1017.095244 -1114.883884 -1208.093083 -1296.271971 -1377.459535 -1449.900639 -1512.377256 -1564.429596 -1606.384271 -1639.197432 -1664.198086 -1682.832654 -1696.476090 -1706.329107 -1713.398522 -1718.579948 -1722.941459 -1728.285923 -1736.987459 -1749.923026 -1787.080290 -3401.393426 -3981.965349 -3981.650941 -3924.479529 -3677.477149 -3358.964141 -3095.471061 -2894.637102 -2724.925709 -2621.471170 -2554.358517 -2491.802001 -2426.012447 -2354.754716 -2279.241535 -2202.350124 -2125.774556 -2026.861991 -1558.426328 -1704.936336 -1729.907845 -1730.824658 -1730.054706 -1729.774596 -1729.709795 -1729.697797 -1729.696255 -1729.696538 -1729.697071 -1729.697586 -1729.698052 -1729.698476 -1729.698870 -1729.699244 -1729.699607 -1729.699966 -1729.700327 -1729.700699 -1729.701090 -1729.701515 -1729.701992 -1729.702550 -1729.703233 -1729.704116 -1729.705321 -1729.707063 -1729.709723 -1729.714014 -1729.721301 -1729.734284 -1729.758459 -1729.805422 -1729.900844 -1730.105110 -1730.569894 -1731.702312 -1734.679772 -1743.214518 -1770.175446 -9999.0 -9999.0
-9999.0 -9999.0 967.914355 868.664898 769.362773 669.968693 570.523588 471.055759 371.581049 272.108187 172.642077 73.185568 -26.257836 -125.686192 -225.098346 -324.484265 -423.825780 -523.089316 -622.214473 -721.094933 -820.028502 -918.740453 -1017.095244 -1114.883884 -1208.093083 -1296.271971 -1377.459535 -1449.900639 -1512.377256 -1564.429596 -1606.384271 -1639.197432 -1664.198086 -1682.832654 -1696.476090 -1706.329107 -1713.398522 -1718.579948 -1722.941459 -1728.285923 -1736.987459 -1749.923026 -1787.080290 -3401.393424 -3981.965349 -3981.650941 -3924.479529 -3677.477148 -3358.964141 -3095.471059 -2894.637100 -2724.925709 -2621.471169 -2554.358517 -2491.802000 -2426.012447 -2354.754715 -2279.241535 -2202.350123 -2125.774556 -2026.861991 -1558.426328 -1704.936336 -1729.907845 -1730.824658 -1730.054706 -1729.774596 -1729.709794 -1729.697797 -1729.696255 -1729.696538 -1729.697071 -1729.697586 -1729.698052 -1729.698476 -1729.698870 -1729.699244 -1729.699607 -1729.699966 -1729.700327 -1729.700698 -1729.701090 -1729.701515 -1729.701992 -1729.702550 -1729.703233 -1729.704116 -1729.705321 -1729.707063 -1729.709723 -1729.714014 -1729.721301 -1729.734284 -1729.758459 -1729.805422 -1729.900844 -1730.105110 -1730.569894 -1731.702311 -1734.679772 -1743.214518 -1770.175446 -9999.0 -9999.0
-9999.0 -9999.0 967.915358 868.665438 769.363002 669.968781 570.523620 471.055771 371.581053 272.108189 172.642078 73.185568 -26.257836 -125.686192 -225.098346 -324.484265 -423.825780 -523.089316 -622.214474 -721.094933 -820.028502 -918.740453 -1017.095244 -1114.883884 -1208.093083 -1296.271971 -1377.459535 -1449.900639 -1512.377256 -1564.429596 -1606.384271 -1639.197432 -1664.198086 -1682.832654 -1696.476090 -1706.329107 -1713.398522 -1718.579948 -1722.941459 -1728.285923 -1736.987459 -1749.923026 -1787.080290 -3401.393424 -3981.965349 -3981.650941 -3924.479529 -3677.477148 -3358.964140 -3095.471057 -2894.637098 -2724.925708 -2621.471169 -2554.358517 -2491.802000 -2426.012447 -2354.754715 -2279.241535 -2202.350123 -2125.774556 -2026.861991 -1558.426328 -1704.936336 -1729.907845 -1730.824658 -1730.054706 -1729.774596 -1729.709794 -1729.697797 -1729.696255 -1729.696538 -1729.697071 -1729.697586 -1729.698052 -1729.698476 -1729.698870 -1729.699244 -1729.699607 -1729.699966 -1729.700327 -1729.700698 -1729.701090 -1729.701515 -1729.701992 -1729.702550 -1729.703233 -1729.704116 -1729.705321 -1729.707063 -1729.709723 -1729.714014 -1729.721301 -1729.734284 -1729.758459 -1729.805422 -1729.900844 -1730.105110 -1730.569894 -1731.702311 -1734.679772 -1743.214518 -1770.175446 -9999.0 -9999.0
-9999.0 -9999.0 967.915358 868.665438 769.363002 669.968781 570.523620 471.055771 371.581053 272.108189 172.642078 73.185568 -26.257836 -125.686192 -225.098346 -324.484265 -423.825780 -523.089316 -622.214473 -721.094933 -820.028502 -918.740454 -1017.095244 -1114.883884 -1208.093083 -1296.271971 -1377.459535 -1449.900639 -1512.377256 -1564.429596 -1606.384271 -1639.197432 -1664.198086 -1682.832654 -1696.476090 -1706.329107 -1713.398522 -1718.579948 -1722.941459 -1728.285923 -1736.987459 -1749.923026 -1787.080290 -3401.393424 -3981.965349 -3981.650941 -3924.479529 -3677.477148 -3358.964140 -3095.471058 -2894.637098 -2724.925708 -2621.471169 -2554.358517 -2491.802000 -2426.012447 -2354.754715 -2279.241535 -2202.350123 -2125.774556 -2026.861991 -1558.426328 -1704.936336 -1729.907845 -1730.824658 -1730.054706 -1729.774596 -1729.709794 -1729.697797 -1729.696255 -1729.696538 -1729.697071 -1729.697586 -1729.698052 -1729.698476 -1729.698870 -1729.699244 -1729.699607 -1729.699966 -1729.700327 -1729.700698 -1729.701090 -1729.701515 -1729.701992 -1729.702550 -1729.703233 -1729.704116 -1729.705321 -1729.707063 -1729.709723 -1729.714014 -1729.721301 -1729.734284 -1729.758459 -1729.805422 -1729.900844 -1730.105110 -1730.569894 -1731.702311 -1734.679772 -1743.214518 -1770.175446 -9999.0 -9999.0
-9999.0 -9999.0 967.914355 868.664898 769.362773 669.968693 570.523588 471.055759 371.581049 272.108187 172.642077 73.185568 -26.257836 -125.686192 -225.098346 -324.484265 -423.825780 -523.089316 -622.214473 -721.094933 -820.028502 -918.740453 -1017.095244 -1114.883884 -1208.093083 -1296.271971 -1377.459535 -1449.900639 -1512.377256 -1564.429596 -1606.384271 -1639.197432 -1664.198086 -1682.832654 -1696.476090 -1706.329107 -1713.398521 -1718.579948 -1722.941459 -1728.285923 -1736.987459 -1749.923026 -1787.080290 -3401.393424 -3981.965349 -3981.650941 -3924.479529 -3677.477148 -3358.964141 -3095.471058 -2894.637099 -2724.925709 -2621.471169 -2554.358517 -2491.802000 -2426.012447 -2354.754715 -2279.241535 -2202.350124 -2125.774556 -2026.861991 -1558.426328 -1704.936336 -1729.907845 -1730.824658 -1730.054706 -1729.774596 -1729.709794 -1729.697797 -1729.696255 -1729.696538 -1729.697071 -1729.697586 -1729.698052 -1729.698476 -1729.698870 -1729.699244 -1729.699607 -1729.699966 -1729.700327 -1729.700698 -1729.701090 -1729.701515 -1729.701992 -1729.702550 -1729.703233 -1729.704116 -1729.705321 -1729.707063 -1729.709723 -1729.714014 -1729.721301 -1729.734284 -1729.758459 -1729.805422 -1729.900844 -1730.105110 -1730.569894 -1731.702311 -1734.679772 -1743.214518 -1770.175446 -9999.0 -9999.0
-9999.0 -9999.0 967.911781 868.663903 769.362444 669.968585 570.523551 471.055746 371.581044 272.108185 172.642076 73.185567 -26.257836 -125.686193 -225.098346 -324.484265 -423.825780 -523.089316 -622.214473 -721.094932 -820.028502 -918.740453 -1017.095243 -1114.883884 -1208.093083 -1296.271971 -1377.459535 -1449.900639 -1512.377256 -1564.429596 -1606.384271 -1639.197432 -1664.198086 -1682.832654 -1696.476090 -1706.329107 -1713.398522 -1718.579948 -1722.941459 -1728.285923 -1736.987459 -1749.923026 -1787.080290 -3401.393426 -3981.965349 -3981.650941 -3924.479529 -3677.477149 -3358.964141 -3095.471061 -2894.637102 -2724.925709 -2621.471170 -2554.358517 -2491.802000 -2426.012447 -2354.754716 -2279.241535 -2202.350124 -2125.774556 -2026.861991 -1558.426328 -1704.936336 -1729.907845 -1730.824658 -1730.054706 -1729.774596 -1729.709795 -1729.697797 -1729.696255 -1729.696538 -1729.697071 -1729.697586 -1729.698052 -1729.698476 -1729.698870 -1729.699244 -1729.699607 -1729.699966 -1729.700327 -1729.700699 -1729.701090 -1729.701515 -1729.701992 -1729.702550 -1729.703233 -1729.704116 -1729.705321 -1729.707063 -1729.709723 -1729.714014 -1729.721301 -1729.734284 -1729.758459 -1729.805422 -1729.900844 -1730.105110 -1730.569894 -1731.702312 -1734.679772 -1743.214518 -1770.175446 -9999.0 -9999.0
-9999.0 -9999.0 -9999.0 -9999.0 -9999.0 -9999.0 -9999.0 -9999.0 -9999.0 -9999.0 -9999.0 -9999.0 -9999.0 -9999.0 -9999.0 -9999.0 -9999.0 -9999.0 -9999.0 -9999.0 -9999.0 -9999.0 -9999.0 -9999.0 -9999.0 -9999.0 -9999.0 -9999.0 -9999.0 -9999.0 -9999.0 -9999.0 -9999.0 -9999.0 -9999.0 -9999.0 -9999.0 -9999.0 -9999.0 -9999.0 -9999.0 -9999.0 -9999.0 -9999.0 -9999.0 -9999.0 -9999.0 -9999.0 -9999.0 -9999.0 -9999.0 -9999.0 -9999.0 -9999.0 -9999.0 -9999.0 -9999.0 -9999.0 -9999.0 -9999.0 -9999.0 -9999.0 -9999.0 -9999.0 -9999.0 -9999.0 -9999.0 -9999.0 -9999.0 -9999.0 -9999.0 -9999.0 -9999.0 -9999.0 -9999.0 -9999.0 -9999.0 -9999.0 -9999.0 -9999.0 -9999.0 -9999.0 -9999.0 -9999.0 -9999.0 -9999.0 -9999.0 -9999.0 -9999.0 -9999.0 -9999.0 -9999.0 -9999.0 -9999.0 -9999.0 -9999.0 -9999.0 -9999.0 -9999.0 -9999.0 -9999.0 -9999.0 -9999.0 -9999.0
-9999.0 -9999.0 -9999.0 -9999.0 -9999.0 -9999.0 -9999.0 -9999.0 -9999.0 -9999.0 -9999.0 -9999.0 -9999.0 -9999.0 -9999.0 -9999.0 -9999.0 -9999.0 -9999.0 -9999.0 -9999.0 -9999.0 -9999.0 -9999.0 -9999.0 -9999.0 -9999.0 -9999.0 -9999.0 -9999.0 -9999.0 -9999.0 -9999.0 -9999.0 -9999.0 -9999.0 -9999.0 -9999.0 -9999.0 -9999.0 -9999.0 -9999.0 -9999.0 -9999.0 -9999.0 -9999.0 -9999.0 -9999.0 -9999.0 -9999.0 -9999.0 -9999.0 -9999.0 -9999.0 -9999.0 -9999.0 -9999.0 -9999.0 -9999.0 -9999.0 -9999.0 -9999.0 -9999.0 -9999.0 -9999.0 -9999.0 -9999.0 -9999.0 -9999.0 -9999.0 -9999.0 -9999.0 -9999.0 -9999.0 -9999.0 -9999.0 -9999.0 -9999.0 -9999.0 -9999.0 -9999.0 -9999.0 -9999.0 -9999.0 -9999.0 -9999.0 -9999.0 -9999.0 -9999.0 -9999.0 -9999.0 -9999.0 -9999.0 -9999.0 -9999.0 -9999.0 -9999.0 -9999.0 -9999.0 -9999.0 -9999.0 -9999.0 -9999.0 -9999.0