inst/processing_geotop_simulation/geotop_simulation/out/maps3D/PwL0016N0006.asc
ncols         104
nrows         10
xllcorner     -2.000000
yllcorner     0.000000
cellsize      1.000000
NODATA_value  -9999.0
-9999.0 -9999.0 -9999.0 -9999.0 -9999.0 -9999.0 -9999.0 -9999.0 -9999.0 -9999.0 -9999.0 -9999.0 -9999.0 -9999.0 -9999.0 -9999.0 -9999.0 -9999.0 -9999.0 -9999.0 -9999.0 -9999.0 -9999.0 -9999.0 -9999.0 -9999.0 -9999.0 -9999.0 -9999.0 -9999.0 -9999.0 -9999.0 -9999.0 -9999.0 -9999.0 -9999.0 -9999.0 -9999.0 -9999.0 -9999.0 -9999.0 -9999.0 -9999.0 -9999.0 -9999.0 -9999.0 -9999.0 -9999.0 -9999.0 -9999.0 -9999.0 -9999.0 -9999.0 -9999.0 -9999.0 -9999.0 -9999.0 -9999.0 -9999.0 -9999.0 -9999.0 -9999.0 -9999.0 -9999.0 -9999.0 -9999.0 -9999.0 -9999.0 -9999.0 -9999.0 -9999.0 -9999.0 -9999.0 -9999.0 -9999.0 -9999.0 -9999.0 -9999.0 -9999.0 -9999.0 -9999.0 -9999.0 -9999.0 -9999.0 -9999.0 -9999.0 -9999.0 -9999.0 -9999.0 -9999.0 -9999.0 -9999.0 -9999.0 -9999.0 -9999.0 -9999.0 -9999.0 -9999.0 -9999.0 -9999.0 -9999.0 -9999.0 -9999.0 -9999.0
-9999.0 -9999.0 -9999.0 -9999.0 -9999.0 -9999.0 -9999.0 -9999.0 -9999.0 -9999.0 -9999.0 -9999.0 -9999.0 -9999.0 -9999.0 -9999.0 -9999.0 -9999.0 -9999.0 -9999.0 -9999.0 -9999.0 -9999.0 -9999.0 -9999.0 -9999.0 -9999.0 -9999.0 -9999.0 -9999.0 -9999.0 -9999.0 -9999.0 -9999.0 -9999.0 -9999.0 -9999.0 -9999.0 -9999.0 -9999.0 -9999.0 -9999.0 -9999.0 -9999.0 -9999.0 -9999.0 -9999.0 -9999.0 -9999.0 -9999.0 -9999.0 -9999.0 -9999.0 -9999.0 -9999.0 -9999.0 -9999.0 -9999.0 -9999.0 -9999.0 -9999.0 -9999.0 -9999.0 -9999.0 -9999.0 -9999.0 -9999.0 -9999.0 -9999.0 -9999.0 -9999.0 -9999.0 -9999.0 -9999.0 -9999.0 -9999.0 -9999.0 -9999.0 -9999.0 -9999.0 -9999.0 -9999.0 -9999.0 -9999.0 -9999.0 -9999.0 -9999.0 -9999.0 -9999.0 -9999.0 -9999.0 -9999.0 -9999.0 -9999.0 -9999.0 -9999.0 -9999.0 -9999.0 -9999.0 -9999.0 -9999.0 -9999.0 -9999.0 -9999.0
-9999.0 -9999.0 -4183.081049 -4183.166046 -4183.166121 -4183.166154 -4183.166185 -4183.166216 -4183.166248 -4183.166285 -4183.166346 -4183.166423 -4183.166619 -4183.168278 -4183.168289 -4183.167775 -4183.174965 -4183.216754 -4183.168350 -4183.168316 -4183.167755 -4183.147326 -4183.166112 -4183.166299 -4183.166301 -4183.166299 -4183.166296 -4183.166292 -4183.166287 -4183.166281 -4183.166276 -4183.166271 -4183.166267 -4183.166262 -4183.166258 -4183.166254 -4183.166251 -4183.166248 -4183.166247 -4183.166247 -4183.166293 -4183.249833 -4183.168317 -4183.168317 -4183.168317 -4183.168317 -4183.168317 -4183.168317 -4183.168317 -4183.168317 -4183.168317 -4183.168317 -4183.168317 -4183.168317 -4183.168317 -4183.168317 -4183.168317 -4183.168317 -4183.168317 -4183.168317 -4183.168317 -4183.134350 -4183.166076 -4183.166129 -4183.166165 -4183.166198 -4183.166229 -4183.166255 -4183.166276 -4183.166292 -4183.166302 -4183.166309 -4183.166314 -4183.166317 -4183.166319 -4183.166320 -4183.166322 -4183.166323 -4183.166324 -4183.166325 -4183.166326 -4183.166327 -4183.166329 -4183.166331 -4183.166333 -4183.166335 -4183.166338 -4183.166341 -4183.166345 -4183.166350 -4183.166356 -4183.166363 -4183.166372 -4183.166384 -4183.166401 -4183.166427 -4183.166473 -4183.166575 -4183.167138 -4183.168294 -4183.168359 -4183.253193 -9999.0 -9999.0
-9999.0 -9999.0 -4183.081049 -4183.166046 -4183.166121 -4183.166154 -4183.166185 -4183.166216 -4183.166248 -4183.166285 -4183.166346 -4183.166423 -4183.166619 -4183.168278 -4183.168289 -4183.167775 -4183.174965 -4183.216754 -4183.168350 -4183.168316 -4183.167755 -4183.147326 -4183.166112 -4183.166299 -4183.166301 -4183.166299 -4183.166296 -4183.166292 -4183.166287 -4183.166281 -4183.166276 -4183.166271 -4183.166267 -4183.166262 -4183.166258 -4183.166254 -4183.166251 -4183.166248 -4183.166247 -4183.166247 -4183.166293 -4183.249833 -4183.168317 -4183.168317 -4183.168317 -4183.168317 -4183.168317 -4183.168317 -4183.168317 -4183.168317 -4183.168317 -4183.168317 -4183.168317 -4183.168317 -4183.168317 -4183.168317 -4183.168317 -4183.168317 -4183.168317 -4183.168317 -4183.168317 -4183.134350 -4183.166076 -4183.166129 -4183.166165 -4183.166198 -4183.166229 -4183.166255 -4183.166276 -4183.166292 -4183.166302 -4183.166309 -4183.166314 -4183.166317 -4183.166319 -4183.166320 -4183.166322 -4183.166323 -4183.166324 -4183.166325 -4183.166326 -4183.166327 -4183.166329 -4183.166331 -4183.166333 -4183.166335 -4183.166338 -4183.166341 -4183.166345 -4183.166350 -4183.166356 -4183.166363 -4183.166372 -4183.166384 -4183.166401 -4183.166427 -4183.166473 -4183.166575 -4183.167138 -4183.168294 -4183.168359 -4183.253193 -9999.0 -9999.0
-9999.0 -9999.0 -4183.081049 -4183.166046 -4183.166121 -4183.166154 -4183.166185 -4183.166216 -4183.166248 -4183.166285 -4183.166346 -4183.166423 -4183.166619 -4183.168278 -4183.168289 -4183.167775 -4183.174965 -4183.216754 -4183.168350 -4183.168316 -4183.167755 -4183.147326 -4183.166112 -4183.166299 -4183.166301 -4183.166299 -4183.166296 -4183.166292 -4183.166287 -4183.166281 -4183.166276 -4183.166271 -4183.166267 -4183.166262 -4183.166258 -4183.166254 -4183.166251 -4183.166248 -4183.166247 -4183.166247 -4183.166293 -4183.249833 -4183.168317 -4183.168317 -4183.168317 -4183.168317 -4183.168317 -4183.168317 -4183.168317 -4183.168317 -4183.168317 -4183.168317 -4183.168317 -4183.168317 -4183.168317 -4183.168317 -4183.168317 -4183.168317 -4183.168317 -4183.168317 -4183.168317 -4183.134350 -4183.166076 -4183.166129 -4183.166165 -4183.166198 -4183.166229 -4183.166255 -4183.166276 -4183.166292 -4183.166302 -4183.166309 -4183.166314 -4183.166317 -4183.166319 -4183.166320 -4183.166322 -4183.166323 -4183.166324 -4183.166325 -4183.166326 -4183.166327 -4183.166329 -4183.166331 -4183.166333 -4183.166335 -4183.166338 -4183.166341 -4183.166345 -4183.166350 -4183.166356 -4183.166363 -4183.166372 -4183.166384 -4183.166401 -4183.166427 -4183.166473 -4183.166575 -4183.167138 -4183.168294 -4183.168359 -4183.253193 -9999.0 -9999.0
-9999.0 -9999.0 -4183.081049 -4183.166046 -4183.166121 -4183.166154 -4183.166185 -4183.166216 -4183.166248 -4183.166285 -4183.166346 -4183.166423 -4183.166619 -4183.168278 -4183.168289 -4183.167775 -4183.174965 -4183.216754 -4183.168350 -4183.168316 -4183.167755 -4183.147326 -4183.166112 -4183.166299 -4183.166301 -4183.166299 -4183.166296 -4183.166292 -4183.166287 -4183.166281 -4183.166276 -4183.166271 -4183.166267 -4183.166262 -4183.166258 -4183.166254 -4183.166251 -4183.166248 -4183.166247 -4183.166247 -4183.166293 -4183.249833 -4183.168317 -4183.168317 -4183.168317 -4183.168317 -4183.168317 -4183.168317 -4183.168317 -4183.168317 -4183.168317 -4183.168317 -4183.168317 -4183.168317 -4183.168317 -4183.168317 -4183.168317 -4183.168317 -4183.168317 -4183.168317 -4183.168317 -4183.134350 -4183.166076 -4183.166129 -4183.166165 -4183.166198 -4183.166229 -4183.166255 -4183.166276 -4183.166292 -4183.166302 -4183.166309 -4183.166314 -4183.166317 -4183.166319 -4183.166320 -4183.166322 -4183.166323 -4183.166324 -4183.166325 -4183.166326 -4183.166327 -4183.166329 -4183.166331 -4183.166333 -4183.166335 -4183.166338 -4183.166341 -4183.166345 -4183.166350 -4183.166356 -4183.166363 -4183.166372 -4183.166384 -4183.166401 -4183.166427 -4183.166473 -4183.166575 -4183.167138 -4183.168294 -4183.168359 -4183.253193 -9999.0 -9999.0
-9999.0 -9999.0 -4183.081049 -4183.166046 -4183.166121 -4183.166154 -4183.166185 -4183.166216 -4183.166248 -4183.166285 -4183.166346 -4183.166423 -4183.166619 -4183.168278 -4183.168289 -4183.167775 -4183.174965 -4183.216754 -4183.168350 -4183.168316 -4183.167755 -4183.147326 -4183.166112 -4183.166299 -4183.166301 -4183.166299 -4183.166296 -4183.166292 -4183.166287 -4183.166281 -4183.166276 -4183.166271 -4183.166267 -4183.166262 -4183.166258 -4183.166254 -4183.166251 -4183.166248 -4183.166247 -4183.166247 -4183.166293 -4183.249833 -4183.168317 -4183.168317 -4183.168317 -4183.168317 -4183.168317 -4183.168317 -4183.168317 -4183.168317 -4183.168317 -4183.168317 -4183.168317 -4183.168317 -4183.168317 -4183.168317 -4183.168317 -4183.168317 -4183.168317 -4183.168317 -4183.168317 -4183.134350 -4183.166076 -4183.166129 -4183.166165 -4183.166198 -4183.166229 -4183.166255 -4183.166276 -4183.166292 -4183.166302 -4183.166309 -4183.166314 -4183.166317 -4183.166319 -4183.166320 -4183.166322 -4183.166323 -4183.166324 -4183.166325 -4183.166326 -4183.166327 -4183.166329 -4183.166331 -4183.166333 -4183.166335 -4183.166338 -4183.166341 -4183.166345 -4183.166350 -4183.166356 -4183.166363 -4183.166372 -4183.166384 -4183.166401 -4183.166427 -4183.166473 -4183.166575 -4183.167138 -4183.168294 -4183.168359 -4183.253193 -9999.0 -9999.0
-9999.0 -9999.0 -4183.081049 -4183.166046 -4183.166121 -4183.166154 -4183.166185 -4183.166216 -4183.166248 -4183.166285 -4183.166346 -4183.166423 -4183.166619 -4183.168278 -4183.168289 -4183.167775 -4183.174965 -4183.216754 -4183.168350 -4183.168316 -4183.167755 -4183.147326 -4183.166112 -4183.166299 -4183.166301 -4183.166299 -4183.166296 -4183.166292 -4183.166287 -4183.166281 -4183.166276 -4183.166271 -4183.166267 -4183.166262 -4183.166258 -4183.166254 -4183.166251 -4183.166248 -4183.166247 -4183.166247 -4183.166293 -4183.249833 -4183.168317 -4183.168317 -4183.168317 -4183.168317 -4183.168317 -4183.168317 -4183.168317 -4183.168317 -4183.168317 -4183.168317 -4183.168317 -4183.168317 -4183.168317 -4183.168317 -4183.168317 -4183.168317 -4183.168317 -4183.168317 -4183.168317 -4183.134350 -4183.166076 -4183.166129 -4183.166165 -4183.166198 -4183.166229 -4183.166255 -4183.166276 -4183.166292 -4183.166302 -4183.166309 -4183.166314 -4183.166317 -4183.166319 -4183.166320 -4183.166322 -4183.166323 -4183.166324 -4183.166325 -4183.166326 -4183.166327 -4183.166329 -4183.166331 -4183.166333 -4183.166335 -4183.166338 -4183.166341 -4183.166345 -4183.166350 -4183.166356 -4183.166363 -4183.166372 -4183.166384 -4183.166401 -4183.166427 -4183.166473 -4183.166575 -4183.167138 -4183.168294 -4183.168359 -4183.253193 -9999.0 -9999.0
-9999.0 -9999.0 -9999.0 -9999.0 -9999.0 -9999.0 -9999.0 -9999.0 -9999.0 -9999.0 -9999.0 -9999.0 -9999.0 -9999.0 -9999.0 -9999.0 -9999.0 -9999.0 -9999.0 -9999.0 -9999.0 -9999.0 -9999.0 -9999.0 -9999.0 -9999.0 -9999.0 -9999.0 -9999.0 -9999.0 -9999.0 -9999.0 -9999.0 -9999.0 -9999.0 -9999.0 -9999.0 -9999.0 -9999.0 -9999.0 -9999.0 -9999.0 -9999.0 -9999.0 -9999.0 -9999.0 -9999.0 -9999.0 -9999.0 -9999.0 -9999.0 -9999.0 -9999.0 -9999.0 -9999.0 -9999.0 -9999.0 -9999.0 -9999.0 -9999.0 -9999.0 -9999.0 -9999.0 -9999.0 -9999.0 -9999.0 -9999.0 -9999.0 -9999.0 -9999.0 -9999.0 -9999.0 -9999.0 -9999.0 -9999.0 -9999.0 -9999.0 -9999.0 -9999.0 -9999.0 -9999.0 -9999.0 -9999.0 -9999.0 -9999.0 -9999.0 -9999.0 -9999.0 -9999.0 -9999.0 -9999.0 -9999.0 -9999.0 -9999.0 -9999.0 -9999.0 -9999.0 -9999.0 -9999.0 -9999.0 -9999.0 -9999.0 -9999.0 -9999.0
-9999.0 -9999.0 -9999.0 -9999.0 -9999.0 -9999.0 -9999.0 -9999.0 -9999.0 -9999.0 -9999.0 -9999.0 -9999.0 -9999.0 -9999.0 -9999.0 -9999.0 -9999.0 -9999.0 -9999.0 -9999.0 -9999.0 -9999.0 -9999.0 -9999.0 -9999.0 -9999.0 -9999.0 -9999.0 -9999.0 -9999.0 -9999.0 -9999.0 -9999.0 -9999.0 -9999.0 -9999.0 -9999.0 -9999.0 -9999.0 -9999.0 -9999.0 -9999.0 -9999.0 -9999.0 -9999.0 -9999.0 -9999.0 -9999.0 -9999.0 -9999.0 -9999.0 -9999.0 -9999.0 -9999.0 -9999.0 -9999.0 -9999.0 -9999.0 -9999.0 -9999.0 -9999.0 -9999.0 -9999.0 -9999.0 -9999.0 -9999.0 -9999.0 -9999.0 -9999.0 -9999.0 -9999.0 -9999.0 -9999.0 -9999.0 -9999.0 -9999.0 -9999.0 -9999.0 -9999.0 -9999.0 -9999.0 -9999.0 -9999.0 -9999.0 -9999.0 -9999.0 -9999.0 -9999.0 -9999.0 -9999.0 -9999.0 -9999.0 -9999.0 -9999.0 -9999.0 -9999.0 -9999.0 -9999.0 -9999.0 -9999.0 -9999.0 -9999.0 -9999.0