inst/processing_geotop_simulation/geotop_simulation/out/maps3D/PwL0011N0420.asc
ncols         104
nrows         10
xllcorner     -2.000000
yllcorner     0.000000
cellsize      1.000000
NODATA_value  -9999.0
-9999.0 -9999.0 -9999.0 -9999.0 -9999.0 -9999.0 -9999.0 -9999.0 -9999.0 -9999.0 -9999.0 -9999.0 -9999.0 -9999.0 -9999.0 -9999.0 -9999.0 -9999.0 -9999.0 -9999.0 -9999.0 -9999.0 -9999.0 -9999.0 -9999.0 -9999.0 -9999.0 -9999.0 -9999.0 -9999.0 -9999.0 -9999.0 -9999.0 -9999.0 -9999.0 -9999.0 -9999.0 -9999.0 -9999.0 -9999.0 -9999.0 -9999.0 -9999.0 -9999.0 -9999.0 -9999.0 -9999.0 -9999.0 -9999.0 -9999.0 -9999.0 -9999.0 -9999.0 -9999.0 -9999.0 -9999.0 -9999.0 -9999.0 -9999.0 -9999.0 -9999.0 -9999.0 -9999.0 -9999.0 -9999.0 -9999.0 -9999.0 -9999.0 -9999.0 -9999.0 -9999.0 -9999.0 -9999.0 -9999.0 -9999.0 -9999.0 -9999.0 -9999.0 -9999.0 -9999.0 -9999.0 -9999.0 -9999.0 -9999.0 -9999.0 -9999.0 -9999.0 -9999.0 -9999.0 -9999.0 -9999.0 -9999.0 -9999.0 -9999.0 -9999.0 -9999.0 -9999.0 -9999.0 -9999.0 -9999.0 -9999.0 -9999.0 -9999.0 -9999.0
-9999.0 -9999.0 -9999.0 -9999.0 -9999.0 -9999.0 -9999.0 -9999.0 -9999.0 -9999.0 -9999.0 -9999.0 -9999.0 -9999.0 -9999.0 -9999.0 -9999.0 -9999.0 -9999.0 -9999.0 -9999.0 -9999.0 -9999.0 -9999.0 -9999.0 -9999.0 -9999.0 -9999.0 -9999.0 -9999.0 -9999.0 -9999.0 -9999.0 -9999.0 -9999.0 -9999.0 -9999.0 -9999.0 -9999.0 -9999.0 -9999.0 -9999.0 -9999.0 -9999.0 -9999.0 -9999.0 -9999.0 -9999.0 -9999.0 -9999.0 -9999.0 -9999.0 -9999.0 -9999.0 -9999.0 -9999.0 -9999.0 -9999.0 -9999.0 -9999.0 -9999.0 -9999.0 -9999.0 -9999.0 -9999.0 -9999.0 -9999.0 -9999.0 -9999.0 -9999.0 -9999.0 -9999.0 -9999.0 -9999.0 -9999.0 -9999.0 -9999.0 -9999.0 -9999.0 -9999.0 -9999.0 -9999.0 -9999.0 -9999.0 -9999.0 -9999.0 -9999.0 -9999.0 -9999.0 -9999.0 -9999.0 -9999.0 -9999.0 -9999.0 -9999.0 -9999.0 -9999.0 -9999.0 -9999.0 -9999.0 -9999.0 -9999.0 -9999.0 -9999.0
-9999.0 -9999.0 522.168279 423.550183 324.526961 225.297817 125.979683 26.624827 -72.739178 -172.101296 -271.452997 -370.779866 -470.057495 -569.235765 -668.244299 -767.168806 -866.101880 -964.922819 -1063.609646 -1161.672252 -1258.098944 -1351.821078 -1440.698650 -1522.151949 -1593.892534 -1654.539996 -1703.848036 -1742.556600 -1772.041299 -1793.941758 -1809.878225 -1821.285374 -1829.344553 -1834.980337 -1838.890917 -1841.593009 -1843.477755 -1844.909548 -1846.484861 -1849.495729 -1853.833688 -1832.776039 -1391.000655 -1651.876005 -1590.613268 -1550.650884 -1532.591634 -1530.079826 -1529.818671 -1529.842758 -1529.907273 -1529.976649 -1530.043302 -1530.105014 -1530.162285 -1530.228914 -1530.437686 -1531.883857 -1541.235922 -1562.514316 -1584.929415 -1316.037001 -1796.329582 -1846.402102 -1848.457373 -1847.761510 -1847.524199 -1847.474425 -1847.465960 -1847.465020 -1847.465303 -1847.465710 -1847.466064 -1847.466350 -1847.466581 -1847.466770 -1847.466929 -1847.467068 -1847.467193 -1847.467311 -1847.467430 -1847.467560 -1847.467714 -1847.467912 -1847.468184 -1847.468576 -1847.469167 -1847.470086 -1847.471558 -1847.473985 -1847.478109 -1847.485345 -1847.498462 -1847.523025 -1847.570505 -1847.665494 -1847.863782 -1848.301290 -1849.336290 -1852.004485 -1859.667326 -1884.749999 -9999.0 -9999.0
-9999.0 -9999.0 522.173424 423.551670 324.527382 225.297945 125.979725 26.624841 -72.739173 -172.101294 -271.452995 -370.779866 -470.057494 -569.235764 -668.244299 -767.168806 -866.101881 -964.922819 -1063.609646 -1161.672253 -1258.098944 -1351.821078 -1440.698650 -1522.151949 -1593.892535 -1654.539996 -1703.848036 -1742.556600 -1772.041299 -1793.941758 -1809.878225 -1821.285374 -1829.344553 -1834.980337 -1838.890917 -1841.593009 -1843.477755 -1844.909548 -1846.484861 -1849.495729 -1853.833688 -1832.776039 -1391.000655 -1651.876005 -1590.613268 -1550.650883 -1532.591634 -1530.079826 -1529.818671 -1529.842758 -1529.907273 -1529.976649 -1530.043302 -1530.105014 -1530.162285 -1530.228914 -1530.437686 -1531.883857 -1541.235922 -1562.514316 -1584.929415 -1316.037001 -1796.329582 -1846.402102 -1848.457373 -1847.761510 -1847.524199 -1847.474425 -1847.465960 -1847.465020 -1847.465303 -1847.465710 -1847.466064 -1847.466350 -1847.466581 -1847.466770 -1847.466929 -1847.467068 -1847.467193 -1847.467311 -1847.467430 -1847.467560 -1847.467714 -1847.467912 -1847.468184 -1847.468576 -1847.469166 -1847.470086 -1847.471558 -1847.473985 -1847.478109 -1847.485345 -1847.498462 -1847.523025 -1847.570505 -1847.665494 -1847.863782 -1848.301290 -1849.336290 -1852.004485 -1859.667326 -1884.749999 -9999.0 -9999.0
-9999.0 -9999.0 522.174726 423.552352 324.527657 225.298047 125.979761 26.624855 -72.739168 -172.101292 -271.452995 -370.779865 -470.057494 -569.235764 -668.244299 -767.168806 -866.101881 -964.922819 -1063.609647 -1161.672253 -1258.098944 -1351.821078 -1440.698650 -1522.151949 -1593.892535 -1654.539997 -1703.848036 -1742.556600 -1772.041299 -1793.941758 -1809.878225 -1821.285374 -1829.344553 -1834.980337 -1838.890917 -1841.593009 -1843.477755 -1844.909548 -1846.484861 -1849.495729 -1853.833688 -1832.776039 -1391.000655 -1651.876005 -1590.613268 -1550.650882 -1532.591634 -1530.079826 -1529.818671 -1529.842758 -1529.907273 -1529.976649 -1530.043302 -1530.105014 -1530.162285 -1530.228914 -1530.437686 -1531.883857 -1541.235922 -1562.514316 -1584.929415 -1316.037001 -1796.329582 -1846.402102 -1848.457373 -1847.761510 -1847.524199 -1847.474425 -1847.465960 -1847.465020 -1847.465303 -1847.465710 -1847.466064 -1847.466350 -1847.466581 -1847.466770 -1847.466929 -1847.467068 -1847.467193 -1847.467311 -1847.467430 -1847.467560 -1847.467714 -1847.467912 -1847.468184 -1847.468576 -1847.469166 -1847.470086 -1847.471558 -1847.473985 -1847.478109 -1847.485345 -1847.498462 -1847.523025 -1847.570505 -1847.665494 -1847.863782 -1848.301290 -1849.336290 -1852.004485 -1859.667326 -1884.749999 -9999.0 -9999.0
-9999.0 -9999.0 522.174726 423.552352 324.527657 225.298047 125.979761 26.624855 -72.739168 -172.101292 -271.452995 -370.779865 -470.057494 -569.235764 -668.244299 -767.168806 -866.101881 -964.922819 -1063.609647 -1161.672253 -1258.098944 -1351.821078 -1440.698650 -1522.151949 -1593.892535 -1654.539997 -1703.848036 -1742.556600 -1772.041299 -1793.941758 -1809.878225 -1821.285374 -1829.344553 -1834.980337 -1838.890917 -1841.593009 -1843.477755 -1844.909548 -1846.484861 -1849.495729 -1853.833688 -1832.776039 -1391.000655 -1651.876005 -1590.613268 -1550.650882 -1532.591634 -1530.079826 -1529.818671 -1529.842758 -1529.907273 -1529.976649 -1530.043302 -1530.105014 -1530.162285 -1530.228914 -1530.437686 -1531.883857 -1541.235922 -1562.514316 -1584.929415 -1316.037001 -1796.329582 -1846.402102 -1848.457373 -1847.761510 -1847.524199 -1847.474425 -1847.465960 -1847.465020 -1847.465303 -1847.465710 -1847.466064 -1847.466350 -1847.466581 -1847.466770 -1847.466929 -1847.467068 -1847.467193 -1847.467311 -1847.467430 -1847.467560 -1847.467714 -1847.467912 -1847.468184 -1847.468576 -1847.469166 -1847.470086 -1847.471558 -1847.473985 -1847.478109 -1847.485345 -1847.498462 -1847.523025 -1847.570505 -1847.665494 -1847.863782 -1848.301290 -1849.336290 -1852.004485 -1859.667326 -1884.749999 -9999.0 -9999.0
-9999.0 -9999.0 522.173424 423.551670 324.527382 225.297945 125.979725 26.624841 -72.739173 -172.101294 -271.452996 -370.779866 -470.057494 -569.235764 -668.244299 -767.168806 -866.101881 -964.922819 -1063.609646 -1161.672253 -1258.098944 -1351.821078 -1440.698650 -1522.151949 -1593.892535 -1654.539996 -1703.848036 -1742.556600 -1772.041299 -1793.941758 -1809.878225 -1821.285374 -1829.344553 -1834.980337 -1838.890917 -1841.593009 -1843.477755 -1844.909548 -1846.484861 -1849.495729 -1853.833688 -1832.776039 -1391.000655 -1651.876005 -1590.613268 -1550.650883 -1532.591634 -1530.079826 -1529.818671 -1529.842758 -1529.907273 -1529.976649 -1530.043302 -1530.105014 -1530.162285 -1530.228914 -1530.437686 -1531.883857 -1541.235922 -1562.514316 -1584.929415 -1316.037001 -1796.329582 -1846.402102 -1848.457373 -1847.761510 -1847.524199 -1847.474425 -1847.465960 -1847.465020 -1847.465303 -1847.465710 -1847.466064 -1847.466350 -1847.466581 -1847.466770 -1847.466929 -1847.467068 -1847.467193 -1847.467311 -1847.467430 -1847.467560 -1847.467714 -1847.467912 -1847.468184 -1847.468576 -1847.469166 -1847.470086 -1847.471558 -1847.473985 -1847.478109 -1847.485345 -1847.498462 -1847.523025 -1847.570505 -1847.665494 -1847.863782 -1848.301290 -1849.336290 -1852.004485 -1859.667326 -1884.749999 -9999.0 -9999.0
-9999.0 -9999.0 522.168279 423.550183 324.526961 225.297817 125.979683 26.624827 -72.739178 -172.101296 -271.452997 -370.779866 -470.057495 -569.235765 -668.244299 -767.168806 -866.101880 -964.922819 -1063.609646 -1161.672252 -1258.098944 -1351.821078 -1440.698650 -1522.151949 -1593.892534 -1654.539996 -1703.848036 -1742.556600 -1772.041299 -1793.941758 -1809.878225 -1821.285374 -1829.344553 -1834.980337 -1838.890917 -1841.593009 -1843.477755 -1844.909548 -1846.484861 -1849.495729 -1853.833688 -1832.776039 -1391.000655 -1651.876005 -1590.613268 -1550.650884 -1532.591634 -1530.079826 -1529.818671 -1529.842758 -1529.907273 -1529.976649 -1530.043302 -1530.105014 -1530.162285 -1530.228914 -1530.437686 -1531.883857 -1541.235922 -1562.514316 -1584.929415 -1316.037001 -1796.329582 -1846.402102 -1848.457373 -1847.761510 -1847.524199 -1847.474425 -1847.465960 -1847.465020 -1847.465303 -1847.465710 -1847.466064 -1847.466350 -1847.466581 -1847.466770 -1847.466929 -1847.467068 -1847.467193 -1847.467311 -1847.467430 -1847.467560 -1847.467714 -1847.467912 -1847.468184 -1847.468576 -1847.469167 -1847.470086 -1847.471558 -1847.473985 -1847.478109 -1847.485345 -1847.498462 -1847.523025 -1847.570505 -1847.665494 -1847.863782 -1848.301290 -1849.336290 -1852.004485 -1859.667326 -1884.749999 -9999.0 -9999.0
-9999.0 -9999.0 -9999.0 -9999.0 -9999.0 -9999.0 -9999.0 -9999.0 -9999.0 -9999.0 -9999.0 -9999.0 -9999.0 -9999.0 -9999.0 -9999.0 -9999.0 -9999.0 -9999.0 -9999.0 -9999.0 -9999.0 -9999.0 -9999.0 -9999.0 -9999.0 -9999.0 -9999.0 -9999.0 -9999.0 -9999.0 -9999.0 -9999.0 -9999.0 -9999.0 -9999.0 -9999.0 -9999.0 -9999.0 -9999.0 -9999.0 -9999.0 -9999.0 -9999.0 -9999.0 -9999.0 -9999.0 -9999.0 -9999.0 -9999.0 -9999.0 -9999.0 -9999.0 -9999.0 -9999.0 -9999.0 -9999.0 -9999.0 -9999.0 -9999.0 -9999.0 -9999.0 -9999.0 -9999.0 -9999.0 -9999.0 -9999.0 -9999.0 -9999.0 -9999.0 -9999.0 -9999.0 -9999.0 -9999.0 -9999.0 -9999.0 -9999.0 -9999.0 -9999.0 -9999.0 -9999.0 -9999.0 -9999.0 -9999.0 -9999.0 -9999.0 -9999.0 -9999.0 -9999.0 -9999.0 -9999.0 -9999.0 -9999.0 -9999.0 -9999.0 -9999.0 -9999.0 -9999.0 -9999.0 -9999.0 -9999.0 -9999.0 -9999.0 -9999.0
-9999.0 -9999.0 -9999.0 -9999.0 -9999.0 -9999.0 -9999.0 -9999.0 -9999.0 -9999.0 -9999.0 -9999.0 -9999.0 -9999.0 -9999.0 -9999.0 -9999.0 -9999.0 -9999.0 -9999.0 -9999.0 -9999.0 -9999.0 -9999.0 -9999.0 -9999.0 -9999.0 -9999.0 -9999.0 -9999.0 -9999.0 -9999.0 -9999.0 -9999.0 -9999.0 -9999.0 -9999.0 -9999.0 -9999.0 -9999.0 -9999.0 -9999.0 -9999.0 -9999.0 -9999.0 -9999.0 -9999.0 -9999.0 -9999.0 -9999.0 -9999.0 -9999.0 -9999.0 -9999.0 -9999.0 -9999.0 -9999.0 -9999.0 -9999.0 -9999.0 -9999.0 -9999.0 -9999.0 -9999.0 -9999.0 -9999.0 -9999.0 -9999.0 -9999.0 -9999.0 -9999.0 -9999.0 -9999.0 -9999.0 -9999.0 -9999.0 -9999.0 -9999.0 -9999.0 -9999.0 -9999.0 -9999.0 -9999.0 -9999.0 -9999.0 -9999.0 -9999.0 -9999.0 -9999.0 -9999.0 -9999.0 -9999.0 -9999.0 -9999.0 -9999.0 -9999.0 -9999.0 -9999.0 -9999.0 -9999.0 -9999.0 -9999.0 -9999.0 -9999.0