inst/processing_geotop_simulation/geotop_simulation/out/maps3D/PwL0018N0231.asc
ncols         104
nrows         10
xllcorner     -2.000000
yllcorner     0.000000
cellsize      1.000000
NODATA_value  -9999.0
-9999.0 -9999.0 -9999.0 -9999.0 -9999.0 -9999.0 -9999.0 -9999.0 -9999.0 -9999.0 -9999.0 -9999.0 -9999.0 -9999.0 -9999.0 -9999.0 -9999.0 -9999.0 -9999.0 -9999.0 -9999.0 -9999.0 -9999.0 -9999.0 -9999.0 -9999.0 -9999.0 -9999.0 -9999.0 -9999.0 -9999.0 -9999.0 -9999.0 -9999.0 -9999.0 -9999.0 -9999.0 -9999.0 -9999.0 -9999.0 -9999.0 -9999.0 -9999.0 -9999.0 -9999.0 -9999.0 -9999.0 -9999.0 -9999.0 -9999.0 -9999.0 -9999.0 -9999.0 -9999.0 -9999.0 -9999.0 -9999.0 -9999.0 -9999.0 -9999.0 -9999.0 -9999.0 -9999.0 -9999.0 -9999.0 -9999.0 -9999.0 -9999.0 -9999.0 -9999.0 -9999.0 -9999.0 -9999.0 -9999.0 -9999.0 -9999.0 -9999.0 -9999.0 -9999.0 -9999.0 -9999.0 -9999.0 -9999.0 -9999.0 -9999.0 -9999.0 -9999.0 -9999.0 -9999.0 -9999.0 -9999.0 -9999.0 -9999.0 -9999.0 -9999.0 -9999.0 -9999.0 -9999.0 -9999.0 -9999.0 -9999.0 -9999.0 -9999.0 -9999.0
-9999.0 -9999.0 -9999.0 -9999.0 -9999.0 -9999.0 -9999.0 -9999.0 -9999.0 -9999.0 -9999.0 -9999.0 -9999.0 -9999.0 -9999.0 -9999.0 -9999.0 -9999.0 -9999.0 -9999.0 -9999.0 -9999.0 -9999.0 -9999.0 -9999.0 -9999.0 -9999.0 -9999.0 -9999.0 -9999.0 -9999.0 -9999.0 -9999.0 -9999.0 -9999.0 -9999.0 -9999.0 -9999.0 -9999.0 -9999.0 -9999.0 -9999.0 -9999.0 -9999.0 -9999.0 -9999.0 -9999.0 -9999.0 -9999.0 -9999.0 -9999.0 -9999.0 -9999.0 -9999.0 -9999.0 -9999.0 -9999.0 -9999.0 -9999.0 -9999.0 -9999.0 -9999.0 -9999.0 -9999.0 -9999.0 -9999.0 -9999.0 -9999.0 -9999.0 -9999.0 -9999.0 -9999.0 -9999.0 -9999.0 -9999.0 -9999.0 -9999.0 -9999.0 -9999.0 -9999.0 -9999.0 -9999.0 -9999.0 -9999.0 -9999.0 -9999.0 -9999.0 -9999.0 -9999.0 -9999.0 -9999.0 -9999.0 -9999.0 -9999.0 -9999.0 -9999.0 -9999.0 -9999.0 -9999.0 -9999.0 -9999.0 -9999.0 -9999.0 -9999.0
-9999.0 -9999.0 875.006293 777.922913 680.496647 582.684557 484.670765 386.567373 288.434443 190.304329 92.194917 -5.880559 -103.908617 -201.875779 -299.722111 -397.334339 -494.500470 -590.871626 -685.929517 -781.567626 -876.361046 -970.036831 -1062.358702 -1141.277623 -1209.979314 -1267.221898 -1312.936731 -1348.058521 -1374.145881 -1392.979915 -1406.265650 -1415.466641 -1421.748934 -1425.993256 -1428.839708 -1430.742839 -1432.029670 -1432.985954 -1434.137678 -1437.440343 -1450.782321 -1511.666448 -1981.378017 -4048.600157 -4084.155527 -4084.158412 -4084.158262 -4084.156491 -4084.147629 -4084.117629 -4084.033582 -4083.786408 -4083.371713 -4082.829599 -4081.922707 -4080.153980 -4076.268452 -4066.971766 -4043.760547 -3986.548953 -3780.349635 -1739.120636 -1472.295754 -1443.082898 -1436.295359 -1434.929194 -1434.697617 -1434.661604 -1434.656627 -1434.656574 -1434.657230 -1434.657870 -1434.658386 -1434.658786 -1434.659096 -1434.659341 -1434.659537 -1434.659699 -1434.659837 -1434.659962 -1434.660084 -1434.660220 -1434.660387 -1434.660614 -1434.660945 -1434.661446 -1434.662228 -1434.663476 -1434.665502 -1434.668861 -1434.674564 -1434.684522 -1434.702440 -1434.735678 -1434.799169 -1434.924100 -1435.178932 -1435.725013 -1436.971579 -1440.023238 -1448.132836 -1472.787337 -9999.0 -9999.0
-9999.0 -9999.0 875.009877 777.924226 680.497068 582.684692 484.670811 386.567389 288.434449 190.304332 92.194918 -5.880558 -103.908616 -201.875778 -299.722110 -397.334339 -494.500470 -590.871626 -685.929517 -781.567626 -876.361046 -970.036832 -1062.358702 -1141.277624 -1209.979314 -1267.221898 -1312.936731 -1348.058522 -1374.145881 -1392.979915 -1406.265650 -1415.466641 -1421.748934 -1425.993256 -1428.839708 -1430.742839 -1432.029670 -1432.985954 -1434.137678 -1437.440343 -1450.782321 -1511.666448 -1981.378017 -4048.600157 -4084.155527 -4084.158412 -4084.158262 -4084.156491 -4084.147629 -4084.117629 -4084.033582 -4083.786408 -4083.371713 -4082.829599 -4081.922707 -4080.153980 -4076.268452 -4066.971766 -4043.760547 -3986.548953 -3780.349635 -1739.120636 -1472.295754 -1443.082898 -1436.295359 -1434.929194 -1434.697617 -1434.661604 -1434.656627 -1434.656574 -1434.657230 -1434.657870 -1434.658386 -1434.658786 -1434.659096 -1434.659341 -1434.659537 -1434.659699 -1434.659837 -1434.659962 -1434.660084 -1434.660220 -1434.660387 -1434.660614 -1434.660945 -1434.661446 -1434.662228 -1434.663476 -1434.665502 -1434.668861 -1434.674564 -1434.684522 -1434.702440 -1434.735678 -1434.799169 -1434.924100 -1435.178932 -1435.725013 -1436.971579 -1440.023238 -1448.132836 -1472.787337 -9999.0 -9999.0
-9999.0 -9999.0 875.011168 777.924913 680.497355 582.684802 484.670851 386.567403 288.434455 190.304334 92.194919 -5.880558 -103.908616 -201.875778 -299.722110 -397.334339 -494.500470 -590.871626 -685.929517 -781.567626 -876.361046 -970.036832 -1062.358702 -1141.277624 -1209.979314 -1267.221898 -1312.936731 -1348.058522 -1374.145881 -1392.979915 -1406.265650 -1415.466641 -1421.748934 -1425.993256 -1428.839708 -1430.742839 -1432.029670 -1432.985954 -1434.137678 -1437.440343 -1450.782321 -1511.666448 -1981.378017 -4048.600157 -4084.155527 -4084.158412 -4084.158262 -4084.156491 -4084.147629 -4084.117629 -4084.033582 -4083.786408 -4083.371713 -4082.829599 -4081.922707 -4080.153980 -4076.268452 -4066.971766 -4043.760547 -3986.548953 -3780.349634 -1739.120636 -1472.295754 -1443.082898 -1436.295359 -1434.929194 -1434.697617 -1434.661604 -1434.656627 -1434.656574 -1434.657230 -1434.657870 -1434.658386 -1434.658786 -1434.659096 -1434.659341 -1434.659537 -1434.659699 -1434.659837 -1434.659962 -1434.660084 -1434.660220 -1434.660387 -1434.660614 -1434.660945 -1434.661446 -1434.662228 -1434.663476 -1434.665502 -1434.668861 -1434.674564 -1434.684522 -1434.702440 -1434.735678 -1434.799169 -1434.924100 -1435.178932 -1435.725013 -1436.971579 -1440.023238 -1448.132836 -1472.787337 -9999.0 -9999.0
-9999.0 -9999.0 875.011168 777.924913 680.497355 582.684802 484.670851 386.567403 288.434455 190.304334 92.194919 -5.880558 -103.908616 -201.875778 -299.722110 -397.334339 -494.500470 -590.871626 -685.929517 -781.567626 -876.361046 -970.036832 -1062.358702 -1141.277624 -1209.979314 -1267.221898 -1312.936731 -1348.058522 -1374.145881 -1392.979915 -1406.265650 -1415.466641 -1421.748934 -1425.993256 -1428.839708 -1430.742839 -1432.029670 -1432.985954 -1434.137678 -1437.440343 -1450.782321 -1511.666448 -1981.378017 -4048.600157 -4084.155527 -4084.158412 -4084.158262 -4084.156491 -4084.147629 -4084.117629 -4084.033582 -4083.786408 -4083.371713 -4082.829599 -4081.922707 -4080.153980 -4076.268452 -4066.971766 -4043.760547 -3986.548953 -3780.349634 -1739.120636 -1472.295754 -1443.082898 -1436.295359 -1434.929194 -1434.697617 -1434.661604 -1434.656627 -1434.656574 -1434.657230 -1434.657870 -1434.658386 -1434.658786 -1434.659096 -1434.659341 -1434.659537 -1434.659699 -1434.659837 -1434.659962 -1434.660084 -1434.660220 -1434.660387 -1434.660614 -1434.660945 -1434.661446 -1434.662228 -1434.663476 -1434.665502 -1434.668861 -1434.674564 -1434.684522 -1434.702440 -1434.735678 -1434.799169 -1434.924100 -1435.178932 -1435.725013 -1436.971579 -1440.023238 -1448.132836 -1472.787337 -9999.0 -9999.0
-9999.0 -9999.0 875.009877 777.924226 680.497068 582.684692 484.670811 386.567389 288.434449 190.304332 92.194918 -5.880558 -103.908616 -201.875778 -299.722110 -397.334339 -494.500470 -590.871626 -685.929517 -781.567626 -876.361046 -970.036832 -1062.358702 -1141.277624 -1209.979314 -1267.221898 -1312.936731 -1348.058522 -1374.145881 -1392.979915 -1406.265650 -1415.466641 -1421.748934 -1425.993256 -1428.839708 -1430.742839 -1432.029670 -1432.985954 -1434.137678 -1437.440343 -1450.782321 -1511.666448 -1981.378017 -4048.600157 -4084.155527 -4084.158412 -4084.158262 -4084.156491 -4084.147629 -4084.117629 -4084.033582 -4083.786408 -4083.371713 -4082.829599 -4081.922707 -4080.153980 -4076.268452 -4066.971766 -4043.760547 -3986.548953 -3780.349635 -1739.120636 -1472.295754 -1443.082898 -1436.295359 -1434.929194 -1434.697617 -1434.661604 -1434.656627 -1434.656574 -1434.657230 -1434.657870 -1434.658386 -1434.658786 -1434.659096 -1434.659341 -1434.659537 -1434.659699 -1434.659837 -1434.659962 -1434.660084 -1434.660220 -1434.660387 -1434.660614 -1434.660945 -1434.661446 -1434.662228 -1434.663476 -1434.665502 -1434.668861 -1434.674564 -1434.684522 -1434.702440 -1434.735678 -1434.799169 -1434.924100 -1435.178932 -1435.725013 -1436.971579 -1440.023238 -1448.132836 -1472.787337 -9999.0 -9999.0
-9999.0 -9999.0 875.006293 777.922913 680.496647 582.684557 484.670765 386.567373 288.434443 190.304329 92.194917 -5.880559 -103.908617 -201.875779 -299.722111 -397.334339 -494.500470 -590.871626 -685.929517 -781.567625 -876.361046 -970.036831 -1062.358702 -1141.277623 -1209.979314 -1267.221897 -1312.936731 -1348.058521 -1374.145881 -1392.979915 -1406.265650 -1415.466641 -1421.748934 -1425.993256 -1428.839708 -1430.742839 -1432.029670 -1432.985954 -1434.137678 -1437.440343 -1450.782321 -1511.666448 -1981.378017 -4048.600157 -4084.155527 -4084.158412 -4084.158262 -4084.156491 -4084.147629 -4084.117629 -4084.033582 -4083.786408 -4083.371713 -4082.829599 -4081.922707 -4080.153980 -4076.268452 -4066.971766 -4043.760547 -3986.548953 -3780.349635 -1739.120636 -1472.295754 -1443.082898 -1436.295359 -1434.929194 -1434.697617 -1434.661604 -1434.656627 -1434.656574 -1434.657230 -1434.657870 -1434.658386 -1434.658786 -1434.659096 -1434.659341 -1434.659537 -1434.659699 -1434.659837 -1434.659962 -1434.660084 -1434.660220 -1434.660387 -1434.660614 -1434.660945 -1434.661446 -1434.662228 -1434.663476 -1434.665502 -1434.668861 -1434.674564 -1434.684522 -1434.702440 -1434.735678 -1434.799169 -1434.924100 -1435.178932 -1435.725013 -1436.971579 -1440.023238 -1448.132836 -1472.787337 -9999.0 -9999.0
-9999.0 -9999.0 -9999.0 -9999.0 -9999.0 -9999.0 -9999.0 -9999.0 -9999.0 -9999.0 -9999.0 -9999.0 -9999.0 -9999.0 -9999.0 -9999.0 -9999.0 -9999.0 -9999.0 -9999.0 -9999.0 -9999.0 -9999.0 -9999.0 -9999.0 -9999.0 -9999.0 -9999.0 -9999.0 -9999.0 -9999.0 -9999.0 -9999.0 -9999.0 -9999.0 -9999.0 -9999.0 -9999.0 -9999.0 -9999.0 -9999.0 -9999.0 -9999.0 -9999.0 -9999.0 -9999.0 -9999.0 -9999.0 -9999.0 -9999.0 -9999.0 -9999.0 -9999.0 -9999.0 -9999.0 -9999.0 -9999.0 -9999.0 -9999.0 -9999.0 -9999.0 -9999.0 -9999.0 -9999.0 -9999.0 -9999.0 -9999.0 -9999.0 -9999.0 -9999.0 -9999.0 -9999.0 -9999.0 -9999.0 -9999.0 -9999.0 -9999.0 -9999.0 -9999.0 -9999.0 -9999.0 -9999.0 -9999.0 -9999.0 -9999.0 -9999.0 -9999.0 -9999.0 -9999.0 -9999.0 -9999.0 -9999.0 -9999.0 -9999.0 -9999.0 -9999.0 -9999.0 -9999.0 -9999.0 -9999.0 -9999.0 -9999.0 -9999.0 -9999.0
-9999.0 -9999.0 -9999.0 -9999.0 -9999.0 -9999.0 -9999.0 -9999.0 -9999.0 -9999.0 -9999.0 -9999.0 -9999.0 -9999.0 -9999.0 -9999.0 -9999.0 -9999.0 -9999.0 -9999.0 -9999.0 -9999.0 -9999.0 -9999.0 -9999.0 -9999.0 -9999.0 -9999.0 -9999.0 -9999.0 -9999.0 -9999.0 -9999.0 -9999.0 -9999.0 -9999.0 -9999.0 -9999.0 -9999.0 -9999.0 -9999.0 -9999.0 -9999.0 -9999.0 -9999.0 -9999.0 -9999.0 -9999.0 -9999.0 -9999.0 -9999.0 -9999.0 -9999.0 -9999.0 -9999.0 -9999.0 -9999.0 -9999.0 -9999.0 -9999.0 -9999.0 -9999.0 -9999.0 -9999.0 -9999.0 -9999.0 -9999.0 -9999.0 -9999.0 -9999.0 -9999.0 -9999.0 -9999.0 -9999.0 -9999.0 -9999.0 -9999.0 -9999.0 -9999.0 -9999.0 -9999.0 -9999.0 -9999.0 -9999.0 -9999.0 -9999.0 -9999.0 -9999.0 -9999.0 -9999.0 -9999.0 -9999.0 -9999.0 -9999.0 -9999.0 -9999.0 -9999.0 -9999.0 -9999.0 -9999.0 -9999.0 -9999.0 -9999.0 -9999.0