inst/processing_geotop_simulation/geotop_simulation/out/maps3D/PwL0003N0210.asc
ncols         104
nrows         10
xllcorner     -2.000000
yllcorner     0.000000
cellsize      1.000000
NODATA_value  -9999.0
-9999.0 -9999.0 -9999.0 -9999.0 -9999.0 -9999.0 -9999.0 -9999.0 -9999.0 -9999.0 -9999.0 -9999.0 -9999.0 -9999.0 -9999.0 -9999.0 -9999.0 -9999.0 -9999.0 -9999.0 -9999.0 -9999.0 -9999.0 -9999.0 -9999.0 -9999.0 -9999.0 -9999.0 -9999.0 -9999.0 -9999.0 -9999.0 -9999.0 -9999.0 -9999.0 -9999.0 -9999.0 -9999.0 -9999.0 -9999.0 -9999.0 -9999.0 -9999.0 -9999.0 -9999.0 -9999.0 -9999.0 -9999.0 -9999.0 -9999.0 -9999.0 -9999.0 -9999.0 -9999.0 -9999.0 -9999.0 -9999.0 -9999.0 -9999.0 -9999.0 -9999.0 -9999.0 -9999.0 -9999.0 -9999.0 -9999.0 -9999.0 -9999.0 -9999.0 -9999.0 -9999.0 -9999.0 -9999.0 -9999.0 -9999.0 -9999.0 -9999.0 -9999.0 -9999.0 -9999.0 -9999.0 -9999.0 -9999.0 -9999.0 -9999.0 -9999.0 -9999.0 -9999.0 -9999.0 -9999.0 -9999.0 -9999.0 -9999.0 -9999.0 -9999.0 -9999.0 -9999.0 -9999.0 -9999.0 -9999.0 -9999.0 -9999.0 -9999.0 -9999.0
-9999.0 -9999.0 -9999.0 -9999.0 -9999.0 -9999.0 -9999.0 -9999.0 -9999.0 -9999.0 -9999.0 -9999.0 -9999.0 -9999.0 -9999.0 -9999.0 -9999.0 -9999.0 -9999.0 -9999.0 -9999.0 -9999.0 -9999.0 -9999.0 -9999.0 -9999.0 -9999.0 -9999.0 -9999.0 -9999.0 -9999.0 -9999.0 -9999.0 -9999.0 -9999.0 -9999.0 -9999.0 -9999.0 -9999.0 -9999.0 -9999.0 -9999.0 -9999.0 -9999.0 -9999.0 -9999.0 -9999.0 -9999.0 -9999.0 -9999.0 -9999.0 -9999.0 -9999.0 -9999.0 -9999.0 -9999.0 -9999.0 -9999.0 -9999.0 -9999.0 -9999.0 -9999.0 -9999.0 -9999.0 -9999.0 -9999.0 -9999.0 -9999.0 -9999.0 -9999.0 -9999.0 -9999.0 -9999.0 -9999.0 -9999.0 -9999.0 -9999.0 -9999.0 -9999.0 -9999.0 -9999.0 -9999.0 -9999.0 -9999.0 -9999.0 -9999.0 -9999.0 -9999.0 -9999.0 -9999.0 -9999.0 -9999.0 -9999.0 -9999.0 -9999.0 -9999.0 -9999.0 -9999.0 -9999.0 -9999.0 -9999.0 -9999.0 -9999.0 -9999.0
-9999.0 -9999.0 129.078259 36.535671 -59.675115 -156.852432 -254.389465 -352.045478 -449.691709 -547.226037 -644.429249 -740.986431 -836.966357 -932.109570 -1027.041541 -1122.041090 -1215.202619 -1306.437997 -1395.564179 -1479.671758 -1552.537112 -1610.245604 -1652.739312 -1682.518843 -1702.808485 -1716.464332 -1725.629779 -1731.782958 -1735.909134 -1738.664827 -1740.494031 -1741.700059 -1742.490276 -1743.005389 -1743.340021 -1743.559024 -1743.713739 -1743.873241 -1744.278457 -1746.147713 -1753.360834 -1744.793684 -1086.772001 -1088.145079 -1075.858134 -1068.046122 -1064.385197 -1063.849653 -1063.793894 -1063.801124 -1063.817708 -1063.835450 -1063.852491 -1063.868266 -1063.882857 -1063.899345 -1063.947338 -1064.266615 -1066.213005 -1070.582442 -1077.155126 -1067.094422 -1722.986962 -1748.243384 -1745.102620 -1744.217547 -1744.067607 -1744.044325 -1744.041334 -1744.041733 -1744.042587 -1744.043349 -1744.043947 -1744.044402 -1744.044750 -1744.045019 -1744.045233 -1744.045405 -1744.045548 -1744.045676 -1744.045801 -1744.045940 -1744.046115 -1744.046358 -1744.046719 -1744.047273 -1744.048145 -1744.049542 -1744.051811 -1744.055565 -1744.061907 -1744.072906 -1744.092545 -1744.128671 -1744.196963 -1744.329198 -1744.591532 -1745.129371 -1746.289391 -1748.981248 -1755.947118 -1777.857121 -9999.0 -9999.0
-9999.0 -9999.0 129.089569 36.537851 -59.674566 -156.852273 -254.389414 -352.045460 -449.691703 -547.226034 -644.429248 -740.986430 -836.966356 -932.109570 -1027.041541 -1122.041090 -1215.202619 -1306.437997 -1395.564180 -1479.671758 -1552.537112 -1610.245605 -1652.739312 -1682.518844 -1702.808485 -1716.464333 -1725.629779 -1731.782958 -1735.909134 -1738.664827 -1740.494031 -1741.700059 -1742.490276 -1743.005389 -1743.340021 -1743.559024 -1743.713739 -1743.873241 -1744.278457 -1746.147713 -1753.360834 -1744.793684 -1086.772001 -1088.145079 -1075.858134 -1068.046122 -1064.385197 -1063.849653 -1063.793894 -1063.801124 -1063.817708 -1063.835450 -1063.852491 -1063.868266 -1063.882857 -1063.899345 -1063.947338 -1064.266615 -1066.213005 -1070.582442 -1077.155126 -1067.094422 -1722.986962 -1748.243384 -1745.102620 -1744.217547 -1744.067607 -1744.044325 -1744.041334 -1744.041733 -1744.042587 -1744.043349 -1744.043947 -1744.044402 -1744.044750 -1744.045019 -1744.045233 -1744.045405 -1744.045548 -1744.045676 -1744.045801 -1744.045940 -1744.046115 -1744.046358 -1744.046719 -1744.047273 -1744.048145 -1744.049542 -1744.051811 -1744.055565 -1744.061907 -1744.072906 -1744.092545 -1744.128671 -1744.196963 -1744.329198 -1744.591532 -1745.129371 -1746.289391 -1748.981248 -1755.947118 -1777.857121 -9999.0 -9999.0
-9999.0 -9999.0 129.090980 36.538728 -59.674220 -156.852148 -254.389370 -352.045445 -449.691698 -547.226032 -644.429247 -740.986430 -836.966356 -932.109570 -1027.041541 -1122.041090 -1215.202619 -1306.437998 -1395.564180 -1479.671758 -1552.537112 -1610.245605 -1652.739312 -1682.518844 -1702.808485 -1716.464333 -1725.629779 -1731.782958 -1735.909134 -1738.664827 -1740.494031 -1741.700059 -1742.490276 -1743.005389 -1743.340021 -1743.559024 -1743.713739 -1743.873241 -1744.278457 -1746.147713 -1753.360834 -1744.793684 -1086.772001 -1088.145079 -1075.858133 -1068.046122 -1064.385197 -1063.849653 -1063.793894 -1063.801124 -1063.817708 -1063.835450 -1063.852491 -1063.868266 -1063.882857 -1063.899345 -1063.947338 -1064.266615 -1066.213005 -1070.582442 -1077.155126 -1067.094422 -1722.986962 -1748.243384 -1745.102620 -1744.217547 -1744.067607 -1744.044325 -1744.041334 -1744.041733 -1744.042587 -1744.043349 -1744.043947 -1744.044402 -1744.044750 -1744.045019 -1744.045233 -1744.045405 -1744.045548 -1744.045676 -1744.045801 -1744.045940 -1744.046115 -1744.046358 -1744.046719 -1744.047273 -1744.048145 -1744.049542 -1744.051811 -1744.055565 -1744.061907 -1744.072906 -1744.092545 -1744.128671 -1744.196963 -1744.329198 -1744.591532 -1745.129371 -1746.289391 -1748.981248 -1755.947118 -1777.857121 -9999.0 -9999.0
-9999.0 -9999.0 129.090980 36.538728 -59.674220 -156.852147 -254.389370 -352.045445 -449.691698 -547.226032 -644.429247 -740.986430 -836.966356 -932.109570 -1027.041541 -1122.041090 -1215.202619 -1306.437998 -1395.564180 -1479.671758 -1552.537112 -1610.245605 -1652.739312 -1682.518844 -1702.808485 -1716.464333 -1725.629779 -1731.782958 -1735.909134 -1738.664827 -1740.494031 -1741.700059 -1742.490276 -1743.005389 -1743.340021 -1743.559024 -1743.713739 -1743.873241 -1744.278457 -1746.147713 -1753.360834 -1744.793684 -1086.772001 -1088.145079 -1075.858133 -1068.046122 -1064.385197 -1063.849653 -1063.793894 -1063.801124 -1063.817708 -1063.835450 -1063.852491 -1063.868266 -1063.882857 -1063.899345 -1063.947338 -1064.266615 -1066.213005 -1070.582442 -1077.155126 -1067.094422 -1722.986962 -1748.243384 -1745.102620 -1744.217547 -1744.067607 -1744.044325 -1744.041334 -1744.041733 -1744.042587 -1744.043349 -1744.043947 -1744.044402 -1744.044750 -1744.045019 -1744.045233 -1744.045405 -1744.045548 -1744.045676 -1744.045801 -1744.045940 -1744.046115 -1744.046358 -1744.046719 -1744.047273 -1744.048145 -1744.049542 -1744.051811 -1744.055565 -1744.061907 -1744.072906 -1744.092545 -1744.128671 -1744.196963 -1744.329198 -1744.591532 -1745.129371 -1746.289391 -1748.981248 -1755.947118 -1777.857121 -9999.0 -9999.0
-9999.0 -9999.0 129.089569 36.537851 -59.674566 -156.852273 -254.389414 -352.045460 -449.691703 -547.226034 -644.429248 -740.986430 -836.966356 -932.109570 -1027.041541 -1122.041090 -1215.202619 -1306.437998 -1395.564180 -1479.671758 -1552.537112 -1610.245605 -1652.739312 -1682.518844 -1702.808485 -1716.464333 -1725.629779 -1731.782958 -1735.909134 -1738.664827 -1740.494031 -1741.700059 -1742.490276 -1743.005389 -1743.340021 -1743.559024 -1743.713739 -1743.873241 -1744.278457 -1746.147713 -1753.360834 -1744.793684 -1086.772001 -1088.145079 -1075.858133 -1068.046122 -1064.385197 -1063.849653 -1063.793894 -1063.801124 -1063.817708 -1063.835450 -1063.852491 -1063.868266 -1063.882857 -1063.899345 -1063.947338 -1064.266615 -1066.213005 -1070.582442 -1077.155126 -1067.094422 -1722.986962 -1748.243384 -1745.102620 -1744.217547 -1744.067607 -1744.044325 -1744.041334 -1744.041733 -1744.042587 -1744.043349 -1744.043947 -1744.044402 -1744.044750 -1744.045019 -1744.045233 -1744.045405 -1744.045548 -1744.045676 -1744.045801 -1744.045940 -1744.046115 -1744.046358 -1744.046719 -1744.047273 -1744.048145 -1744.049542 -1744.051811 -1744.055565 -1744.061907 -1744.072906 -1744.092545 -1744.128671 -1744.196963 -1744.329198 -1744.591532 -1745.129371 -1746.289391 -1748.981248 -1755.947118 -1777.857121 -9999.0 -9999.0
-9999.0 -9999.0 129.078259 36.535671 -59.675115 -156.852432 -254.389465 -352.045477 -449.691709 -547.226037 -644.429249 -740.986431 -836.966357 -932.109570 -1027.041541 -1122.041090 -1215.202619 -1306.437997 -1395.564179 -1479.671758 -1552.537112 -1610.245604 -1652.739312 -1682.518843 -1702.808485 -1716.464332 -1725.629779 -1731.782958 -1735.909134 -1738.664827 -1740.494031 -1741.700059 -1742.490276 -1743.005389 -1743.340021 -1743.559024 -1743.713739 -1743.873241 -1744.278457 -1746.147713 -1753.360834 -1744.793684 -1086.772001 -1088.145079 -1075.858134 -1068.046122 -1064.385197 -1063.849653 -1063.793894 -1063.801124 -1063.817708 -1063.835450 -1063.852491 -1063.868266 -1063.882857 -1063.899345 -1063.947338 -1064.266615 -1066.213005 -1070.582442 -1077.155126 -1067.094422 -1722.986962 -1748.243384 -1745.102620 -1744.217547 -1744.067607 -1744.044325 -1744.041334 -1744.041733 -1744.042587 -1744.043349 -1744.043947 -1744.044402 -1744.044750 -1744.045019 -1744.045233 -1744.045405 -1744.045548 -1744.045676 -1744.045801 -1744.045940 -1744.046115 -1744.046358 -1744.046719 -1744.047273 -1744.048145 -1744.049542 -1744.051811 -1744.055565 -1744.061907 -1744.072906 -1744.092545 -1744.128671 -1744.196963 -1744.329198 -1744.591532 -1745.129371 -1746.289391 -1748.981248 -1755.947118 -1777.857121 -9999.0 -9999.0
-9999.0 -9999.0 -9999.0 -9999.0 -9999.0 -9999.0 -9999.0 -9999.0 -9999.0 -9999.0 -9999.0 -9999.0 -9999.0 -9999.0 -9999.0 -9999.0 -9999.0 -9999.0 -9999.0 -9999.0 -9999.0 -9999.0 -9999.0 -9999.0 -9999.0 -9999.0 -9999.0 -9999.0 -9999.0 -9999.0 -9999.0 -9999.0 -9999.0 -9999.0 -9999.0 -9999.0 -9999.0 -9999.0 -9999.0 -9999.0 -9999.0 -9999.0 -9999.0 -9999.0 -9999.0 -9999.0 -9999.0 -9999.0 -9999.0 -9999.0 -9999.0 -9999.0 -9999.0 -9999.0 -9999.0 -9999.0 -9999.0 -9999.0 -9999.0 -9999.0 -9999.0 -9999.0 -9999.0 -9999.0 -9999.0 -9999.0 -9999.0 -9999.0 -9999.0 -9999.0 -9999.0 -9999.0 -9999.0 -9999.0 -9999.0 -9999.0 -9999.0 -9999.0 -9999.0 -9999.0 -9999.0 -9999.0 -9999.0 -9999.0 -9999.0 -9999.0 -9999.0 -9999.0 -9999.0 -9999.0 -9999.0 -9999.0 -9999.0 -9999.0 -9999.0 -9999.0 -9999.0 -9999.0 -9999.0 -9999.0 -9999.0 -9999.0 -9999.0 -9999.0
-9999.0 -9999.0 -9999.0 -9999.0 -9999.0 -9999.0 -9999.0 -9999.0 -9999.0 -9999.0 -9999.0 -9999.0 -9999.0 -9999.0 -9999.0 -9999.0 -9999.0 -9999.0 -9999.0 -9999.0 -9999.0 -9999.0 -9999.0 -9999.0 -9999.0 -9999.0 -9999.0 -9999.0 -9999.0 -9999.0 -9999.0 -9999.0 -9999.0 -9999.0 -9999.0 -9999.0 -9999.0 -9999.0 -9999.0 -9999.0 -9999.0 -9999.0 -9999.0 -9999.0 -9999.0 -9999.0 -9999.0 -9999.0 -9999.0 -9999.0 -9999.0 -9999.0 -9999.0 -9999.0 -9999.0 -9999.0 -9999.0 -9999.0 -9999.0 -9999.0 -9999.0 -9999.0 -9999.0 -9999.0 -9999.0 -9999.0 -9999.0 -9999.0 -9999.0 -9999.0 -9999.0 -9999.0 -9999.0 -9999.0 -9999.0 -9999.0 -9999.0 -9999.0 -9999.0 -9999.0 -9999.0 -9999.0 -9999.0 -9999.0 -9999.0 -9999.0 -9999.0 -9999.0 -9999.0 -9999.0 -9999.0 -9999.0 -9999.0 -9999.0 -9999.0 -9999.0 -9999.0 -9999.0 -9999.0 -9999.0 -9999.0 -9999.0 -9999.0 -9999.0