inst/processing_geotop_simulation/geotop_simulation/out/maps3D/PwL0007N0013.asc
ncols         104
nrows         10
xllcorner     -2.000000
yllcorner     0.000000
cellsize      1.000000
NODATA_value  -9999.0
-9999.0 -9999.0 -9999.0 -9999.0 -9999.0 -9999.0 -9999.0 -9999.0 -9999.0 -9999.0 -9999.0 -9999.0 -9999.0 -9999.0 -9999.0 -9999.0 -9999.0 -9999.0 -9999.0 -9999.0 -9999.0 -9999.0 -9999.0 -9999.0 -9999.0 -9999.0 -9999.0 -9999.0 -9999.0 -9999.0 -9999.0 -9999.0 -9999.0 -9999.0 -9999.0 -9999.0 -9999.0 -9999.0 -9999.0 -9999.0 -9999.0 -9999.0 -9999.0 -9999.0 -9999.0 -9999.0 -9999.0 -9999.0 -9999.0 -9999.0 -9999.0 -9999.0 -9999.0 -9999.0 -9999.0 -9999.0 -9999.0 -9999.0 -9999.0 -9999.0 -9999.0 -9999.0 -9999.0 -9999.0 -9999.0 -9999.0 -9999.0 -9999.0 -9999.0 -9999.0 -9999.0 -9999.0 -9999.0 -9999.0 -9999.0 -9999.0 -9999.0 -9999.0 -9999.0 -9999.0 -9999.0 -9999.0 -9999.0 -9999.0 -9999.0 -9999.0 -9999.0 -9999.0 -9999.0 -9999.0 -9999.0 -9999.0 -9999.0 -9999.0 -9999.0 -9999.0 -9999.0 -9999.0 -9999.0 -9999.0 -9999.0 -9999.0 -9999.0 -9999.0
-9999.0 -9999.0 -9999.0 -9999.0 -9999.0 -9999.0 -9999.0 -9999.0 -9999.0 -9999.0 -9999.0 -9999.0 -9999.0 -9999.0 -9999.0 -9999.0 -9999.0 -9999.0 -9999.0 -9999.0 -9999.0 -9999.0 -9999.0 -9999.0 -9999.0 -9999.0 -9999.0 -9999.0 -9999.0 -9999.0 -9999.0 -9999.0 -9999.0 -9999.0 -9999.0 -9999.0 -9999.0 -9999.0 -9999.0 -9999.0 -9999.0 -9999.0 -9999.0 -9999.0 -9999.0 -9999.0 -9999.0 -9999.0 -9999.0 -9999.0 -9999.0 -9999.0 -9999.0 -9999.0 -9999.0 -9999.0 -9999.0 -9999.0 -9999.0 -9999.0 -9999.0 -9999.0 -9999.0 -9999.0 -9999.0 -9999.0 -9999.0 -9999.0 -9999.0 -9999.0 -9999.0 -9999.0 -9999.0 -9999.0 -9999.0 -9999.0 -9999.0 -9999.0 -9999.0 -9999.0 -9999.0 -9999.0 -9999.0 -9999.0 -9999.0 -9999.0 -9999.0 -9999.0 -9999.0 -9999.0 -9999.0 -9999.0 -9999.0 -9999.0 -9999.0 -9999.0 -9999.0 -9999.0 -9999.0 -9999.0 -9999.0 -9999.0 -9999.0 -9999.0
-9999.0 -9999.0 325.766902 233.991015 143.249253 50.728150 -45.235366 -139.662932 -215.171157 -246.982261 -334.162626 -367.388330 -381.183991 -333.516071 -236.114236 -91.406335 70.064481 253.478721 217.660237 175.877312 129.610137 79.189170 24.625826 -33.705475 -92.555284 -149.505274 -201.528088 -245.869654 -278.464048 -301.243052 -316.832072 -327.538045 -334.538826 -339.242880 -341.801090 -342.673711 -341.647032 -338.021625 -330.700512 -317.185381 -293.127573 -256.530994 -3351.815771 -4628.689959 -4628.710065 -4628.708345 -4628.707228 -4628.707069 -4628.707050 -4628.707049 -4628.707048 -4628.707048 -4628.707049 -4628.707049 -4628.707049 -4628.707049 -4628.707053 -4628.707073 -4628.707120 -4628.707329 -4628.674923 -3228.484033 290.989631 208.280248 126.983538 45.693698 -35.506825 -113.834910 -184.360779 -241.309085 -282.496837 -309.746459 -326.810014 -337.309184 -343.828039 -347.841262 -350.368142 -352.030887 -353.145586 -353.851213 -354.424302 -354.841442 -355.127280 -355.362573 -355.619656 -355.896857 -356.193071 -356.585907 -357.181765 -358.071801 -359.424764 -361.528921 -364.796364 -369.860774 -377.651922 -389.492406 -407.185385 -433.065479 -470.589559 -527.022677 -616.522464 -755.928927 -9999.0 -9999.0
-9999.0 -9999.0 325.849248 234.017806 143.258328 50.731540 -45.234055 -139.662458 -215.171006 -246.982223 -334.162616 -367.388327 -381.183991 -333.516071 -236.114236 -91.406335 70.064481 253.478721 217.660237 175.877312 129.610137 79.189170 24.625826 -33.705475 -92.555284 -149.505275 -201.528088 -245.869654 -278.464048 -301.243051 -316.832071 -327.538044 -334.538826 -339.242880 -341.801090 -342.673710 -341.647033 -338.021625 -330.700512 -317.185381 -293.127574 -256.530995 -3351.815771 -4628.689959 -4628.710065 -4628.708345 -4628.707228 -4628.707069 -4628.707050 -4628.707049 -4628.707048 -4628.707048 -4628.707049 -4628.707049 -4628.707049 -4628.707049 -4628.707053 -4628.707073 -4628.707120 -4628.707329 -4628.674923 -3228.484033 290.989631 208.280248 126.983538 45.693698 -35.506825 -113.834910 -184.360779 -241.309085 -282.496837 -309.746459 -326.810014 -337.309184 -343.828039 -347.841262 -350.368142 -352.030887 -353.145586 -353.851213 -354.424302 -354.841442 -355.127280 -355.362573 -355.619656 -355.896857 -356.193071 -356.585907 -357.181765 -358.071801 -359.424764 -361.528921 -364.796364 -369.860774 -377.651922 -389.492406 -407.185385 -433.065479 -470.589558 -527.022678 -616.522463 -755.928928 -9999.0 -9999.0
-9999.0 -9999.0 325.872263 234.031526 143.264773 50.734384 -45.232860 -139.662008 -215.170861 -246.982186 -334.162605 -367.388325 -381.183990 -333.516070 -236.114235 -91.406335 70.064481 253.478721 217.660237 175.877312 129.610137 79.189170 24.625826 -33.705475 -92.555284 -149.505275 -201.528088 -245.869654 -278.464048 -301.243051 -316.832071 -327.538045 -334.538826 -339.242880 -341.801090 -342.673710 -341.647033 -338.021625 -330.700512 -317.185381 -293.127574 -256.530995 -3351.815771 -4628.689959 -4628.710065 -4628.708345 -4628.707228 -4628.707069 -4628.707050 -4628.707049 -4628.707048 -4628.707048 -4628.707049 -4628.707049 -4628.707049 -4628.707049 -4628.707053 -4628.707073 -4628.707120 -4628.707329 -4628.674923 -3228.484033 290.989631 208.280248 126.983538 45.693698 -35.506825 -113.834910 -184.360779 -241.309085 -282.496837 -309.746459 -326.810014 -337.309184 -343.828039 -347.841262 -350.368142 -352.030887 -353.145586 -353.851213 -354.424302 -354.841442 -355.127280 -355.362573 -355.619656 -355.896857 -356.193071 -356.585907 -357.181765 -358.071801 -359.424764 -361.528921 -364.796364 -369.860774 -377.651922 -389.492406 -407.185385 -433.065479 -470.589559 -527.022677 -616.522464 -755.928927 -9999.0 -9999.0
-9999.0 -9999.0 325.872263 234.031526 143.264773 50.734384 -45.232860 -139.662008 -215.170861 -246.982186 -334.162605 -367.388325 -381.183990 -333.516070 -236.114235 -91.406335 70.064481 253.478721 217.660237 175.877312 129.610137 79.189170 24.625826 -33.705475 -92.555284 -149.505275 -201.528088 -245.869654 -278.464048 -301.243051 -316.832071 -327.538045 -334.538826 -339.242880 -341.801090 -342.673710 -341.647033 -338.021625 -330.700512 -317.185381 -293.127574 -256.530995 -3351.815771 -4628.689959 -4628.710065 -4628.708345 -4628.707228 -4628.707069 -4628.707050 -4628.707049 -4628.707048 -4628.707048 -4628.707049 -4628.707049 -4628.707049 -4628.707049 -4628.707053 -4628.707073 -4628.707120 -4628.707329 -4628.674923 -3228.484033 290.989631 208.280248 126.983538 45.693698 -35.506825 -113.834910 -184.360779 -241.309085 -282.496837 -309.746459 -326.810014 -337.309184 -343.828039 -347.841262 -350.368142 -352.030887 -353.145586 -353.851213 -354.424302 -354.841442 -355.127280 -355.362573 -355.619656 -355.896857 -356.193071 -356.585907 -357.181765 -358.071801 -359.424764 -361.528921 -364.796364 -369.860774 -377.651922 -389.492406 -407.185384 -433.065479 -470.589558 -527.022678 -616.522463 -755.928927 -9999.0 -9999.0
-9999.0 -9999.0 325.849248 234.017806 143.258328 50.731540 -45.234055 -139.662458 -215.171006 -246.982223 -334.162616 -367.388327 -381.183991 -333.516071 -236.114236 -91.406335 70.064481 253.478721 217.660237 175.877312 129.610137 79.189170 24.625826 -33.705475 -92.555284 -149.505275 -201.528088 -245.869654 -278.464048 -301.243051 -316.832071 -327.538044 -334.538826 -339.242880 -341.801090 -342.673710 -341.647033 -338.021625 -330.700512 -317.185381 -293.127574 -256.530995 -3351.815771 -4628.689959 -4628.710065 -4628.708345 -4628.707228 -4628.707069 -4628.707050 -4628.707049 -4628.707048 -4628.707048 -4628.707049 -4628.707049 -4628.707049 -4628.707049 -4628.707053 -4628.707073 -4628.707120 -4628.707329 -4628.674923 -3228.484033 290.989631 208.280248 126.983538 45.693698 -35.506825 -113.834910 -184.360779 -241.309085 -282.496837 -309.746459 -326.810014 -337.309184 -343.828039 -347.841262 -350.368142 -352.030887 -353.145586 -353.851213 -354.424302 -354.841442 -355.127280 -355.362573 -355.619656 -355.896857 -356.193071 -356.585907 -357.181765 -358.071801 -359.424764 -361.528921 -364.796364 -369.860774 -377.651922 -389.492406 -407.185385 -433.065479 -470.589559 -527.022677 -616.522464 -755.928927 -9999.0 -9999.0
-9999.0 -9999.0 325.766902 233.991015 143.249253 50.728150 -45.235366 -139.662932 -215.171157 -246.982261 -334.162626 -367.388330 -381.183991 -333.516071 -236.114236 -91.406335 70.064481 253.478721 217.660238 175.877312 129.610137 79.189170 24.625826 -33.705475 -92.555284 -149.505274 -201.528088 -245.869654 -278.464048 -301.243052 -316.832072 -327.538045 -334.538826 -339.242880 -341.801090 -342.673711 -341.647032 -338.021625 -330.700512 -317.185381 -293.127573 -256.530994 -3351.815771 -4628.689959 -4628.710065 -4628.708345 -4628.707228 -4628.707069 -4628.707050 -4628.707049 -4628.707048 -4628.707048 -4628.707049 -4628.707049 -4628.707049 -4628.707049 -4628.707053 -4628.707073 -4628.707120 -4628.707329 -4628.674923 -3228.484033 290.989631 208.280248 126.983538 45.693698 -35.506825 -113.834910 -184.360779 -241.309085 -282.496837 -309.746459 -326.810014 -337.309184 -343.828039 -347.841262 -350.368142 -352.030887 -353.145586 -353.851213 -354.424302 -354.841442 -355.127280 -355.362573 -355.619656 -355.896857 -356.193071 -356.585907 -357.181765 -358.071801 -359.424764 -361.528921 -364.796364 -369.860774 -377.651922 -389.492406 -407.185384 -433.065479 -470.589558 -527.022678 -616.522464 -755.928928 -9999.0 -9999.0
-9999.0 -9999.0 -9999.0 -9999.0 -9999.0 -9999.0 -9999.0 -9999.0 -9999.0 -9999.0 -9999.0 -9999.0 -9999.0 -9999.0 -9999.0 -9999.0 -9999.0 -9999.0 -9999.0 -9999.0 -9999.0 -9999.0 -9999.0 -9999.0 -9999.0 -9999.0 -9999.0 -9999.0 -9999.0 -9999.0 -9999.0 -9999.0 -9999.0 -9999.0 -9999.0 -9999.0 -9999.0 -9999.0 -9999.0 -9999.0 -9999.0 -9999.0 -9999.0 -9999.0 -9999.0 -9999.0 -9999.0 -9999.0 -9999.0 -9999.0 -9999.0 -9999.0 -9999.0 -9999.0 -9999.0 -9999.0 -9999.0 -9999.0 -9999.0 -9999.0 -9999.0 -9999.0 -9999.0 -9999.0 -9999.0 -9999.0 -9999.0 -9999.0 -9999.0 -9999.0 -9999.0 -9999.0 -9999.0 -9999.0 -9999.0 -9999.0 -9999.0 -9999.0 -9999.0 -9999.0 -9999.0 -9999.0 -9999.0 -9999.0 -9999.0 -9999.0 -9999.0 -9999.0 -9999.0 -9999.0 -9999.0 -9999.0 -9999.0 -9999.0 -9999.0 -9999.0 -9999.0 -9999.0 -9999.0 -9999.0 -9999.0 -9999.0 -9999.0 -9999.0
-9999.0 -9999.0 -9999.0 -9999.0 -9999.0 -9999.0 -9999.0 -9999.0 -9999.0 -9999.0 -9999.0 -9999.0 -9999.0 -9999.0 -9999.0 -9999.0 -9999.0 -9999.0 -9999.0 -9999.0 -9999.0 -9999.0 -9999.0 -9999.0 -9999.0 -9999.0 -9999.0 -9999.0 -9999.0 -9999.0 -9999.0 -9999.0 -9999.0 -9999.0 -9999.0 -9999.0 -9999.0 -9999.0 -9999.0 -9999.0 -9999.0 -9999.0 -9999.0 -9999.0 -9999.0 -9999.0 -9999.0 -9999.0 -9999.0 -9999.0 -9999.0 -9999.0 -9999.0 -9999.0 -9999.0 -9999.0 -9999.0 -9999.0 -9999.0 -9999.0 -9999.0 -9999.0 -9999.0 -9999.0 -9999.0 -9999.0 -9999.0 -9999.0 -9999.0 -9999.0 -9999.0 -9999.0 -9999.0 -9999.0 -9999.0 -9999.0 -9999.0 -9999.0 -9999.0 -9999.0 -9999.0 -9999.0 -9999.0 -9999.0 -9999.0 -9999.0 -9999.0 -9999.0 -9999.0 -9999.0 -9999.0 -9999.0 -9999.0 -9999.0 -9999.0 -9999.0 -9999.0 -9999.0 -9999.0 -9999.0 -9999.0 -9999.0 -9999.0 -9999.0