inst/processing_geotop_simulation/geotop_simulation/out/maps3D/PwL0001N0048.asc
ncols         104
nrows         10
xllcorner     -2.000000
yllcorner     0.000000
cellsize      1.000000
NODATA_value  -9999.0
-9999.0 -9999.0 -9999.0 -9999.0 -9999.0 -9999.0 -9999.0 -9999.0 -9999.0 -9999.0 -9999.0 -9999.0 -9999.0 -9999.0 -9999.0 -9999.0 -9999.0 -9999.0 -9999.0 -9999.0 -9999.0 -9999.0 -9999.0 -9999.0 -9999.0 -9999.0 -9999.0 -9999.0 -9999.0 -9999.0 -9999.0 -9999.0 -9999.0 -9999.0 -9999.0 -9999.0 -9999.0 -9999.0 -9999.0 -9999.0 -9999.0 -9999.0 -9999.0 -9999.0 -9999.0 -9999.0 -9999.0 -9999.0 -9999.0 -9999.0 -9999.0 -9999.0 -9999.0 -9999.0 -9999.0 -9999.0 -9999.0 -9999.0 -9999.0 -9999.0 -9999.0 -9999.0 -9999.0 -9999.0 -9999.0 -9999.0 -9999.0 -9999.0 -9999.0 -9999.0 -9999.0 -9999.0 -9999.0 -9999.0 -9999.0 -9999.0 -9999.0 -9999.0 -9999.0 -9999.0 -9999.0 -9999.0 -9999.0 -9999.0 -9999.0 -9999.0 -9999.0 -9999.0 -9999.0 -9999.0 -9999.0 -9999.0 -9999.0 -9999.0 -9999.0 -9999.0 -9999.0 -9999.0 -9999.0 -9999.0 -9999.0 -9999.0 -9999.0 -9999.0
-9999.0 -9999.0 -9999.0 -9999.0 -9999.0 -9999.0 -9999.0 -9999.0 -9999.0 -9999.0 -9999.0 -9999.0 -9999.0 -9999.0 -9999.0 -9999.0 -9999.0 -9999.0 -9999.0 -9999.0 -9999.0 -9999.0 -9999.0 -9999.0 -9999.0 -9999.0 -9999.0 -9999.0 -9999.0 -9999.0 -9999.0 -9999.0 -9999.0 -9999.0 -9999.0 -9999.0 -9999.0 -9999.0 -9999.0 -9999.0 -9999.0 -9999.0 -9999.0 -9999.0 -9999.0 -9999.0 -9999.0 -9999.0 -9999.0 -9999.0 -9999.0 -9999.0 -9999.0 -9999.0 -9999.0 -9999.0 -9999.0 -9999.0 -9999.0 -9999.0 -9999.0 -9999.0 -9999.0 -9999.0 -9999.0 -9999.0 -9999.0 -9999.0 -9999.0 -9999.0 -9999.0 -9999.0 -9999.0 -9999.0 -9999.0 -9999.0 -9999.0 -9999.0 -9999.0 -9999.0 -9999.0 -9999.0 -9999.0 -9999.0 -9999.0 -9999.0 -9999.0 -9999.0 -9999.0 -9999.0 -9999.0 -9999.0 -9999.0 -9999.0 -9999.0 -9999.0 -9999.0 -9999.0 -9999.0 -9999.0 -9999.0 -9999.0 -9999.0 -9999.0
-9999.0 -9999.0 -1066.462118 -1077.024846 -1080.453377 -1083.515032 -1086.129696 -1087.972219 -1088.917821 -1082.272753 -1030.682600 -1015.022504 -1024.519940 -1036.086239 -1052.704961 -1058.203902 -1036.968600 -1009.281207 -988.947707 -978.948663 -977.995178 -984.034335 -995.089765 -1009.309644 -1024.911867 -1040.251482 -1053.950191 -1065.133373 -1073.560447 -1079.501307 -1083.473612 -1086.022130 -1087.604498 -1088.558517 -1089.113183 -1089.414252 -1089.566828 -1089.747656 -1090.143957 -1089.887486 -1090.109056 -1104.111372 -732.136949 -721.527197 -709.002216 -701.522397 -698.053371 -697.580332 -697.538983 -697.564528 -697.603215 -697.643655 -697.682406 -697.718226 -697.750836 -697.782629 -697.839052 -698.147092 -700.069511 -704.670553 -712.683746 -715.790351 -1094.005950 -1092.569658 -1090.777634 -1090.188609 -1090.054889 -1090.035201 -1090.038899 -1090.046052 -1090.052449 -1090.057420 -1090.061135 -1090.063909 -1090.066009 -1090.067626 -1090.068899 -1090.069915 -1090.070746 -1090.071462 -1090.072137 -1090.072857 -1090.073734 -1090.074924 -1090.076660 -1090.079304 -1090.083429 -1090.089968 -1090.100461 -1090.117521 -1090.145709 -1090.193268 -1090.275634 -1090.422619 -1090.693010 -1091.203512 -1092.184168 -1094.081022 -1097.747421 -1104.840183 -1118.786879 -1147.540758 -9999.0 -9999.0
-9999.0 -9999.0 -1066.462033 -1077.024750 -1080.453307 -1083.515000 -1086.129687 -1087.972219 -1088.917823 -1082.272754 -1030.682600 -1015.022504 -1024.519940 -1036.086239 -1052.704961 -1058.203902 -1036.968600 -1009.281207 -988.947707 -978.948663 -977.995178 -984.034335 -995.089765 -1009.309644 -1024.911867 -1040.251482 -1053.950191 -1065.133373 -1073.560447 -1079.501307 -1083.473612 -1086.022130 -1087.604498 -1088.558517 -1089.113183 -1089.414252 -1089.566828 -1089.747656 -1090.143957 -1089.887486 -1090.109056 -1104.111372 -732.136949 -721.527197 -709.002216 -701.522397 -698.053371 -697.580332 -697.538983 -697.564528 -697.603215 -697.643655 -697.682406 -697.718226 -697.750836 -697.782629 -697.839052 -698.147092 -700.069511 -704.670553 -712.683746 -715.790351 -1094.005950 -1092.569658 -1090.777634 -1090.188609 -1090.054889 -1090.035201 -1090.038899 -1090.046052 -1090.052449 -1090.057420 -1090.061135 -1090.063909 -1090.066009 -1090.067626 -1090.068899 -1090.069915 -1090.070746 -1090.071462 -1090.072137 -1090.072857 -1090.073734 -1090.074924 -1090.076660 -1090.079304 -1090.083429 -1090.089968 -1090.100461 -1090.117521 -1090.145709 -1090.193268 -1090.275634 -1090.422619 -1090.693010 -1091.203512 -1092.184168 -1094.081022 -1097.747421 -1104.840183 -1118.786879 -1147.540758 -9999.0 -9999.0
-9999.0 -9999.0 -1066.461993 -1077.024697 -1080.453262 -1083.514977 -1086.129681 -1087.972219 -1088.917824 -1082.272756 -1030.682601 -1015.022504 -1024.519940 -1036.086239 -1052.704961 -1058.203902 -1036.968600 -1009.281207 -988.947707 -978.948663 -977.995178 -984.034335 -995.089765 -1009.309644 -1024.911867 -1040.251482 -1053.950191 -1065.133373 -1073.560447 -1079.501307 -1083.473612 -1086.022130 -1087.604498 -1088.558517 -1089.113183 -1089.414252 -1089.566828 -1089.747656 -1090.143957 -1089.887486 -1090.109056 -1104.111372 -732.136949 -721.527197 -709.002216 -701.522397 -698.053371 -697.580332 -697.538983 -697.564528 -697.603215 -697.643655 -697.682406 -697.718226 -697.750836 -697.782629 -697.839052 -698.147092 -700.069511 -704.670553 -712.683746 -715.790351 -1094.005950 -1092.569658 -1090.777634 -1090.188609 -1090.054889 -1090.035201 -1090.038899 -1090.046052 -1090.052449 -1090.057420 -1090.061135 -1090.063909 -1090.066009 -1090.067626 -1090.068899 -1090.069915 -1090.070746 -1090.071462 -1090.072137 -1090.072857 -1090.073734 -1090.074924 -1090.076660 -1090.079304 -1090.083429 -1090.089968 -1090.100461 -1090.117521 -1090.145709 -1090.193268 -1090.275634 -1090.422619 -1090.693010 -1091.203512 -1092.184168 -1094.081022 -1097.747421 -1104.840183 -1118.786879 -1147.540758 -9999.0 -9999.0
-9999.0 -9999.0 -1066.461993 -1077.024697 -1080.453262 -1083.514977 -1086.129681 -1087.972219 -1088.917824 -1082.272756 -1030.682601 -1015.022504 -1024.519940 -1036.086239 -1052.704961 -1058.203902 -1036.968600 -1009.281207 -988.947707 -978.948663 -977.995178 -984.034335 -995.089765 -1009.309644 -1024.911867 -1040.251482 -1053.950191 -1065.133373 -1073.560447 -1079.501307 -1083.473612 -1086.022130 -1087.604498 -1088.558517 -1089.113183 -1089.414252 -1089.566828 -1089.747656 -1090.143957 -1089.887486 -1090.109056 -1104.111372 -732.136949 -721.527197 -709.002216 -701.522397 -698.053371 -697.580332 -697.538983 -697.564528 -697.603215 -697.643655 -697.682406 -697.718226 -697.750836 -697.782629 -697.839052 -698.147092 -700.069511 -704.670553 -712.683746 -715.790351 -1094.005950 -1092.569658 -1090.777634 -1090.188609 -1090.054889 -1090.035201 -1090.038899 -1090.046052 -1090.052449 -1090.057420 -1090.061135 -1090.063909 -1090.066009 -1090.067626 -1090.068899 -1090.069915 -1090.070746 -1090.071462 -1090.072137 -1090.072857 -1090.073734 -1090.074924 -1090.076660 -1090.079304 -1090.083429 -1090.089968 -1090.100461 -1090.117521 -1090.145709 -1090.193268 -1090.275634 -1090.422619 -1090.693010 -1091.203512 -1092.184168 -1094.081022 -1097.747421 -1104.840183 -1118.786879 -1147.540758 -9999.0 -9999.0
-9999.0 -9999.0 -1066.462033 -1077.024750 -1080.453307 -1083.515000 -1086.129687 -1087.972219 -1088.917823 -1082.272754 -1030.682600 -1015.022504 -1024.519940 -1036.086239 -1052.704961 -1058.203902 -1036.968600 -1009.281207 -988.947707 -978.948663 -977.995178 -984.034335 -995.089765 -1009.309644 -1024.911867 -1040.251482 -1053.950191 -1065.133373 -1073.560447 -1079.501307 -1083.473612 -1086.022130 -1087.604498 -1088.558517 -1089.113183 -1089.414252 -1089.566828 -1089.747656 -1090.143957 -1089.887486 -1090.109056 -1104.111372 -732.136949 -721.527197 -709.002216 -701.522397 -698.053371 -697.580332 -697.538983 -697.564528 -697.603215 -697.643655 -697.682406 -697.718226 -697.750836 -697.782629 -697.839052 -698.147092 -700.069511 -704.670553 -712.683746 -715.790351 -1094.005950 -1092.569658 -1090.777634 -1090.188609 -1090.054889 -1090.035201 -1090.038899 -1090.046052 -1090.052449 -1090.057420 -1090.061135 -1090.063909 -1090.066009 -1090.067626 -1090.068899 -1090.069915 -1090.070746 -1090.071462 -1090.072137 -1090.072857 -1090.073734 -1090.074924 -1090.076660 -1090.079304 -1090.083429 -1090.089968 -1090.100461 -1090.117521 -1090.145709 -1090.193268 -1090.275634 -1090.422619 -1090.693010 -1091.203512 -1092.184168 -1094.081022 -1097.747421 -1104.840183 -1118.786879 -1147.540758 -9999.0 -9999.0
-9999.0 -9999.0 -1066.462118 -1077.024846 -1080.453377 -1083.515032 -1086.129696 -1087.972219 -1088.917821 -1082.272753 -1030.682600 -1015.022504 -1024.519940 -1036.086239 -1052.704961 -1058.203902 -1036.968600 -1009.281207 -988.947707 -978.948663 -977.995178 -984.034335 -995.089765 -1009.309644 -1024.911867 -1040.251482 -1053.950191 -1065.133373 -1073.560447 -1079.501307 -1083.473612 -1086.022130 -1087.604498 -1088.558517 -1089.113183 -1089.414252 -1089.566828 -1089.747656 -1090.143957 -1089.887486 -1090.109056 -1104.111372 -732.136949 -721.527197 -709.002216 -701.522397 -698.053371 -697.580332 -697.538983 -697.564528 -697.603215 -697.643655 -697.682406 -697.718226 -697.750836 -697.782629 -697.839052 -698.147092 -700.069511 -704.670553 -712.683746 -715.790351 -1094.005950 -1092.569658 -1090.777634 -1090.188609 -1090.054889 -1090.035201 -1090.038899 -1090.046052 -1090.052449 -1090.057420 -1090.061135 -1090.063909 -1090.066009 -1090.067626 -1090.068899 -1090.069915 -1090.070746 -1090.071462 -1090.072137 -1090.072857 -1090.073734 -1090.074924 -1090.076660 -1090.079304 -1090.083429 -1090.089968 -1090.100461 -1090.117521 -1090.145709 -1090.193268 -1090.275634 -1090.422619 -1090.693010 -1091.203512 -1092.184168 -1094.081022 -1097.747421 -1104.840183 -1118.786879 -1147.540758 -9999.0 -9999.0
-9999.0 -9999.0 -9999.0 -9999.0 -9999.0 -9999.0 -9999.0 -9999.0 -9999.0 -9999.0 -9999.0 -9999.0 -9999.0 -9999.0 -9999.0 -9999.0 -9999.0 -9999.0 -9999.0 -9999.0 -9999.0 -9999.0 -9999.0 -9999.0 -9999.0 -9999.0 -9999.0 -9999.0 -9999.0 -9999.0 -9999.0 -9999.0 -9999.0 -9999.0 -9999.0 -9999.0 -9999.0 -9999.0 -9999.0 -9999.0 -9999.0 -9999.0 -9999.0 -9999.0 -9999.0 -9999.0 -9999.0 -9999.0 -9999.0 -9999.0 -9999.0 -9999.0 -9999.0 -9999.0 -9999.0 -9999.0 -9999.0 -9999.0 -9999.0 -9999.0 -9999.0 -9999.0 -9999.0 -9999.0 -9999.0 -9999.0 -9999.0 -9999.0 -9999.0 -9999.0 -9999.0 -9999.0 -9999.0 -9999.0 -9999.0 -9999.0 -9999.0 -9999.0 -9999.0 -9999.0 -9999.0 -9999.0 -9999.0 -9999.0 -9999.0 -9999.0 -9999.0 -9999.0 -9999.0 -9999.0 -9999.0 -9999.0 -9999.0 -9999.0 -9999.0 -9999.0 -9999.0 -9999.0 -9999.0 -9999.0 -9999.0 -9999.0 -9999.0 -9999.0
-9999.0 -9999.0 -9999.0 -9999.0 -9999.0 -9999.0 -9999.0 -9999.0 -9999.0 -9999.0 -9999.0 -9999.0 -9999.0 -9999.0 -9999.0 -9999.0 -9999.0 -9999.0 -9999.0 -9999.0 -9999.0 -9999.0 -9999.0 -9999.0 -9999.0 -9999.0 -9999.0 -9999.0 -9999.0 -9999.0 -9999.0 -9999.0 -9999.0 -9999.0 -9999.0 -9999.0 -9999.0 -9999.0 -9999.0 -9999.0 -9999.0 -9999.0 -9999.0 -9999.0 -9999.0 -9999.0 -9999.0 -9999.0 -9999.0 -9999.0 -9999.0 -9999.0 -9999.0 -9999.0 -9999.0 -9999.0 -9999.0 -9999.0 -9999.0 -9999.0 -9999.0 -9999.0 -9999.0 -9999.0 -9999.0 -9999.0 -9999.0 -9999.0 -9999.0 -9999.0 -9999.0 -9999.0 -9999.0 -9999.0 -9999.0 -9999.0 -9999.0 -9999.0 -9999.0 -9999.0 -9999.0 -9999.0 -9999.0 -9999.0 -9999.0 -9999.0 -9999.0 -9999.0 -9999.0 -9999.0 -9999.0 -9999.0 -9999.0 -9999.0 -9999.0 -9999.0 -9999.0 -9999.0 -9999.0 -9999.0 -9999.0 -9999.0 -9999.0 -9999.0