inst/processing_geotop_simulation/geotop_simulation/out/maps3D/PwL0002N0067.asc
ncols         104
nrows         10
xllcorner     -2.000000
yllcorner     0.000000
cellsize      1.000000
NODATA_value  -9999.0
-9999.0 -9999.0 -9999.0 -9999.0 -9999.0 -9999.0 -9999.0 -9999.0 -9999.0 -9999.0 -9999.0 -9999.0 -9999.0 -9999.0 -9999.0 -9999.0 -9999.0 -9999.0 -9999.0 -9999.0 -9999.0 -9999.0 -9999.0 -9999.0 -9999.0 -9999.0 -9999.0 -9999.0 -9999.0 -9999.0 -9999.0 -9999.0 -9999.0 -9999.0 -9999.0 -9999.0 -9999.0 -9999.0 -9999.0 -9999.0 -9999.0 -9999.0 -9999.0 -9999.0 -9999.0 -9999.0 -9999.0 -9999.0 -9999.0 -9999.0 -9999.0 -9999.0 -9999.0 -9999.0 -9999.0 -9999.0 -9999.0 -9999.0 -9999.0 -9999.0 -9999.0 -9999.0 -9999.0 -9999.0 -9999.0 -9999.0 -9999.0 -9999.0 -9999.0 -9999.0 -9999.0 -9999.0 -9999.0 -9999.0 -9999.0 -9999.0 -9999.0 -9999.0 -9999.0 -9999.0 -9999.0 -9999.0 -9999.0 -9999.0 -9999.0 -9999.0 -9999.0 -9999.0 -9999.0 -9999.0 -9999.0 -9999.0 -9999.0 -9999.0 -9999.0 -9999.0 -9999.0 -9999.0 -9999.0 -9999.0 -9999.0 -9999.0 -9999.0 -9999.0
-9999.0 -9999.0 -9999.0 -9999.0 -9999.0 -9999.0 -9999.0 -9999.0 -9999.0 -9999.0 -9999.0 -9999.0 -9999.0 -9999.0 -9999.0 -9999.0 -9999.0 -9999.0 -9999.0 -9999.0 -9999.0 -9999.0 -9999.0 -9999.0 -9999.0 -9999.0 -9999.0 -9999.0 -9999.0 -9999.0 -9999.0 -9999.0 -9999.0 -9999.0 -9999.0 -9999.0 -9999.0 -9999.0 -9999.0 -9999.0 -9999.0 -9999.0 -9999.0 -9999.0 -9999.0 -9999.0 -9999.0 -9999.0 -9999.0 -9999.0 -9999.0 -9999.0 -9999.0 -9999.0 -9999.0 -9999.0 -9999.0 -9999.0 -9999.0 -9999.0 -9999.0 -9999.0 -9999.0 -9999.0 -9999.0 -9999.0 -9999.0 -9999.0 -9999.0 -9999.0 -9999.0 -9999.0 -9999.0 -9999.0 -9999.0 -9999.0 -9999.0 -9999.0 -9999.0 -9999.0 -9999.0 -9999.0 -9999.0 -9999.0 -9999.0 -9999.0 -9999.0 -9999.0 -9999.0 -9999.0 -9999.0 -9999.0 -9999.0 -9999.0 -9999.0 -9999.0 -9999.0 -9999.0 -9999.0 -9999.0 -9999.0 -9999.0 -9999.0 -9999.0
-9999.0 -9999.0 -386.248340 -499.652008 -640.012420 -828.647763 -1025.025106 -1153.314659 -1207.715674 -1214.441116 -1144.627019 -1111.281153 -1115.511065 -1132.050325 -1166.831280 -1206.407387 -1224.162059 -1222.271218 -1211.570289 -1200.681637 -1193.311108 -1190.213942 -1190.911463 -1194.524248 -1200.079805 -1206.624405 -1213.282222 -1219.358834 -1224.439295 -1228.396505 -1231.309593 -1233.360067 -1234.752676 -1235.670297 -1236.257011 -1236.619183 -1236.845358 -1237.048695 -1237.296595 -1237.467359 -1240.493160 -1262.580392 -825.033850 -818.227003 -805.276449 -797.411846 -793.745657 -793.248890 -793.201808 -793.217634 -793.244294 -793.272348 -793.299247 -793.324120 -793.346861 -793.370021 -793.419699 -793.723330 -795.698781 -800.286271 -808.094475 -806.561403 -1248.151895 -1240.115862 -1237.912831 -1237.463600 -1237.363611 -1237.346130 -1237.346609 -1237.350188 -1237.353640 -1237.356383 -1237.358453 -1237.360008 -1237.361189 -1237.362101 -1237.362821 -1237.363398 -1237.363873 -1237.364285 -1237.364679 -1237.365103 -1237.365626 -1237.366340 -1237.367386 -1237.368983 -1237.371481 -1237.375449 -1237.381835 -1237.392257 -1237.409565 -1237.438961 -1237.490271 -1237.582595 -1237.753727 -1238.078844 -1238.706732 -1239.930465 -1242.336974 -1247.177553 -1257.400886 -1281.468402 -9999.0 -9999.0
-9999.0 -9999.0 -386.248341 -499.652009 -640.012419 -828.647758 -1025.025102 -1153.314658 -1207.715675 -1214.441116 -1144.627019 -1111.281153 -1115.511065 -1132.050325 -1166.831280 -1206.407387 -1224.162059 -1222.271218 -1211.570289 -1200.681637 -1193.311108 -1190.213942 -1190.911463 -1194.524248 -1200.079805 -1206.624405 -1213.282222 -1219.358834 -1224.439295 -1228.396505 -1231.309593 -1233.360067 -1234.752676 -1235.670297 -1236.257011 -1236.619183 -1236.845358 -1237.048695 -1237.296595 -1237.467359 -1240.493160 -1262.580392 -825.033850 -818.227003 -805.276449 -797.411846 -793.745657 -793.248890 -793.201808 -793.217634 -793.244294 -793.272348 -793.299247 -793.324120 -793.346861 -793.370021 -793.419699 -793.723330 -795.698781 -800.286271 -808.094475 -806.561403 -1248.151895 -1240.115862 -1237.912831 -1237.463600 -1237.363611 -1237.346130 -1237.346609 -1237.350188 -1237.353640 -1237.356383 -1237.358453 -1237.360008 -1237.361189 -1237.362101 -1237.362821 -1237.363398 -1237.363873 -1237.364285 -1237.364679 -1237.365103 -1237.365626 -1237.366340 -1237.367386 -1237.368983 -1237.371481 -1237.375449 -1237.381835 -1237.392257 -1237.409565 -1237.438961 -1237.490271 -1237.582595 -1237.753727 -1238.078844 -1238.706732 -1239.930465 -1242.336974 -1247.177553 -1257.400886 -1281.468402 -9999.0 -9999.0
-9999.0 -9999.0 -386.248341 -499.652009 -640.012418 -828.647754 -1025.025099 -1153.314657 -1207.715676 -1214.441117 -1144.627019 -1111.281153 -1115.511065 -1132.050325 -1166.831280 -1206.407387 -1224.162059 -1222.271218 -1211.570289 -1200.681637 -1193.311108 -1190.213942 -1190.911463 -1194.524248 -1200.079805 -1206.624405 -1213.282222 -1219.358834 -1224.439295 -1228.396505 -1231.309593 -1233.360067 -1234.752676 -1235.670297 -1236.257011 -1236.619183 -1236.845358 -1237.048695 -1237.296595 -1237.467359 -1240.493160 -1262.580392 -825.033850 -818.227003 -805.276449 -797.411846 -793.745657 -793.248890 -793.201808 -793.217634 -793.244294 -793.272348 -793.299247 -793.324120 -793.346861 -793.370021 -793.419699 -793.723330 -795.698781 -800.286271 -808.094475 -806.561403 -1248.151895 -1240.115862 -1237.912831 -1237.463600 -1237.363611 -1237.346130 -1237.346609 -1237.350188 -1237.353640 -1237.356383 -1237.358453 -1237.360008 -1237.361189 -1237.362101 -1237.362821 -1237.363398 -1237.363873 -1237.364285 -1237.364679 -1237.365103 -1237.365626 -1237.366340 -1237.367386 -1237.368983 -1237.371481 -1237.375449 -1237.381835 -1237.392257 -1237.409565 -1237.438961 -1237.490271 -1237.582595 -1237.753727 -1238.078844 -1238.706732 -1239.930465 -1242.336974 -1247.177553 -1257.400886 -1281.468402 -9999.0 -9999.0
-9999.0 -9999.0 -386.248341 -499.652009 -640.012418 -828.647755 -1025.025099 -1153.314657 -1207.715676 -1214.441117 -1144.627019 -1111.281153 -1115.511065 -1132.050325 -1166.831280 -1206.407387 -1224.162059 -1222.271218 -1211.570289 -1200.681637 -1193.311108 -1190.213942 -1190.911463 -1194.524248 -1200.079805 -1206.624405 -1213.282222 -1219.358834 -1224.439295 -1228.396505 -1231.309593 -1233.360067 -1234.752676 -1235.670297 -1236.257011 -1236.619183 -1236.845358 -1237.048695 -1237.296595 -1237.467359 -1240.493160 -1262.580392 -825.033850 -818.227003 -805.276449 -797.411846 -793.745657 -793.248890 -793.201808 -793.217634 -793.244294 -793.272348 -793.299247 -793.324120 -793.346861 -793.370021 -793.419699 -793.723330 -795.698781 -800.286271 -808.094475 -806.561403 -1248.151895 -1240.115862 -1237.912831 -1237.463600 -1237.363611 -1237.346130 -1237.346609 -1237.350188 -1237.353640 -1237.356383 -1237.358453 -1237.360008 -1237.361189 -1237.362101 -1237.362821 -1237.363398 -1237.363873 -1237.364285 -1237.364679 -1237.365103 -1237.365626 -1237.366340 -1237.367386 -1237.368983 -1237.371481 -1237.375449 -1237.381835 -1237.392257 -1237.409565 -1237.438961 -1237.490271 -1237.582595 -1237.753727 -1238.078844 -1238.706732 -1239.930465 -1242.336974 -1247.177553 -1257.400886 -1281.468402 -9999.0 -9999.0
-9999.0 -9999.0 -386.248341 -499.652008 -640.012419 -828.647758 -1025.025102 -1153.314658 -1207.715675 -1214.441116 -1144.627019 -1111.281153 -1115.511065 -1132.050325 -1166.831280 -1206.407387 -1224.162059 -1222.271218 -1211.570289 -1200.681637 -1193.311108 -1190.213942 -1190.911463 -1194.524248 -1200.079805 -1206.624405 -1213.282222 -1219.358834 -1224.439295 -1228.396505 -1231.309593 -1233.360067 -1234.752676 -1235.670297 -1236.257011 -1236.619183 -1236.845358 -1237.048695 -1237.296595 -1237.467359 -1240.493160 -1262.580392 -825.033850 -818.227003 -805.276449 -797.411846 -793.745657 -793.248890 -793.201808 -793.217634 -793.244294 -793.272348 -793.299247 -793.324120 -793.346861 -793.370021 -793.419699 -793.723330 -795.698781 -800.286271 -808.094475 -806.561403 -1248.151895 -1240.115862 -1237.912831 -1237.463600 -1237.363611 -1237.346130 -1237.346609 -1237.350188 -1237.353640 -1237.356383 -1237.358453 -1237.360008 -1237.361189 -1237.362101 -1237.362821 -1237.363398 -1237.363873 -1237.364285 -1237.364679 -1237.365103 -1237.365626 -1237.366340 -1237.367386 -1237.368983 -1237.371481 -1237.375449 -1237.381835 -1237.392257 -1237.409565 -1237.438961 -1237.490271 -1237.582595 -1237.753727 -1238.078844 -1238.706732 -1239.930465 -1242.336974 -1247.177553 -1257.400886 -1281.468402 -9999.0 -9999.0
-9999.0 -9999.0 -386.248340 -499.652008 -640.012419 -828.647763 -1025.025106 -1153.314659 -1207.715674 -1214.441116 -1144.627019 -1111.281153 -1115.511065 -1132.050325 -1166.831280 -1206.407387 -1224.162059 -1222.271218 -1211.570289 -1200.681637 -1193.311108 -1190.213942 -1190.911463 -1194.524248 -1200.079805 -1206.624405 -1213.282222 -1219.358834 -1224.439295 -1228.396505 -1231.309593 -1233.360067 -1234.752676 -1235.670297 -1236.257011 -1236.619183 -1236.845358 -1237.048695 -1237.296595 -1237.467359 -1240.493160 -1262.580392 -825.033850 -818.227003 -805.276449 -797.411846 -793.745657 -793.248890 -793.201808 -793.217634 -793.244294 -793.272348 -793.299247 -793.324120 -793.346861 -793.370021 -793.419699 -793.723330 -795.698781 -800.286271 -808.094475 -806.561403 -1248.151895 -1240.115862 -1237.912831 -1237.463600 -1237.363611 -1237.346130 -1237.346609 -1237.350188 -1237.353640 -1237.356383 -1237.358453 -1237.360008 -1237.361189 -1237.362101 -1237.362821 -1237.363398 -1237.363873 -1237.364285 -1237.364679 -1237.365103 -1237.365626 -1237.366340 -1237.367386 -1237.368983 -1237.371481 -1237.375449 -1237.381835 -1237.392257 -1237.409565 -1237.438961 -1237.490271 -1237.582595 -1237.753727 -1238.078844 -1238.706732 -1239.930465 -1242.336974 -1247.177553 -1257.400886 -1281.468402 -9999.0 -9999.0
-9999.0 -9999.0 -9999.0 -9999.0 -9999.0 -9999.0 -9999.0 -9999.0 -9999.0 -9999.0 -9999.0 -9999.0 -9999.0 -9999.0 -9999.0 -9999.0 -9999.0 -9999.0 -9999.0 -9999.0 -9999.0 -9999.0 -9999.0 -9999.0 -9999.0 -9999.0 -9999.0 -9999.0 -9999.0 -9999.0 -9999.0 -9999.0 -9999.0 -9999.0 -9999.0 -9999.0 -9999.0 -9999.0 -9999.0 -9999.0 -9999.0 -9999.0 -9999.0 -9999.0 -9999.0 -9999.0 -9999.0 -9999.0 -9999.0 -9999.0 -9999.0 -9999.0 -9999.0 -9999.0 -9999.0 -9999.0 -9999.0 -9999.0 -9999.0 -9999.0 -9999.0 -9999.0 -9999.0 -9999.0 -9999.0 -9999.0 -9999.0 -9999.0 -9999.0 -9999.0 -9999.0 -9999.0 -9999.0 -9999.0 -9999.0 -9999.0 -9999.0 -9999.0 -9999.0 -9999.0 -9999.0 -9999.0 -9999.0 -9999.0 -9999.0 -9999.0 -9999.0 -9999.0 -9999.0 -9999.0 -9999.0 -9999.0 -9999.0 -9999.0 -9999.0 -9999.0 -9999.0 -9999.0 -9999.0 -9999.0 -9999.0 -9999.0 -9999.0 -9999.0
-9999.0 -9999.0 -9999.0 -9999.0 -9999.0 -9999.0 -9999.0 -9999.0 -9999.0 -9999.0 -9999.0 -9999.0 -9999.0 -9999.0 -9999.0 -9999.0 -9999.0 -9999.0 -9999.0 -9999.0 -9999.0 -9999.0 -9999.0 -9999.0 -9999.0 -9999.0 -9999.0 -9999.0 -9999.0 -9999.0 -9999.0 -9999.0 -9999.0 -9999.0 -9999.0 -9999.0 -9999.0 -9999.0 -9999.0 -9999.0 -9999.0 -9999.0 -9999.0 -9999.0 -9999.0 -9999.0 -9999.0 -9999.0 -9999.0 -9999.0 -9999.0 -9999.0 -9999.0 -9999.0 -9999.0 -9999.0 -9999.0 -9999.0 -9999.0 -9999.0 -9999.0 -9999.0 -9999.0 -9999.0 -9999.0 -9999.0 -9999.0 -9999.0 -9999.0 -9999.0 -9999.0 -9999.0 -9999.0 -9999.0 -9999.0 -9999.0 -9999.0 -9999.0 -9999.0 -9999.0 -9999.0 -9999.0 -9999.0 -9999.0 -9999.0 -9999.0 -9999.0 -9999.0 -9999.0 -9999.0 -9999.0 -9999.0 -9999.0 -9999.0 -9999.0 -9999.0 -9999.0 -9999.0 -9999.0 -9999.0 -9999.0 -9999.0 -9999.0 -9999.0