inst/processing_geotop_simulation/geotop_simulation/out/maps3D/PwL0006N0415.asc
ncols         104
nrows         10
xllcorner     -2.000000
yllcorner     0.000000
cellsize      1.000000
NODATA_value  -9999.0
-9999.0 -9999.0 -9999.0 -9999.0 -9999.0 -9999.0 -9999.0 -9999.0 -9999.0 -9999.0 -9999.0 -9999.0 -9999.0 -9999.0 -9999.0 -9999.0 -9999.0 -9999.0 -9999.0 -9999.0 -9999.0 -9999.0 -9999.0 -9999.0 -9999.0 -9999.0 -9999.0 -9999.0 -9999.0 -9999.0 -9999.0 -9999.0 -9999.0 -9999.0 -9999.0 -9999.0 -9999.0 -9999.0 -9999.0 -9999.0 -9999.0 -9999.0 -9999.0 -9999.0 -9999.0 -9999.0 -9999.0 -9999.0 -9999.0 -9999.0 -9999.0 -9999.0 -9999.0 -9999.0 -9999.0 -9999.0 -9999.0 -9999.0 -9999.0 -9999.0 -9999.0 -9999.0 -9999.0 -9999.0 -9999.0 -9999.0 -9999.0 -9999.0 -9999.0 -9999.0 -9999.0 -9999.0 -9999.0 -9999.0 -9999.0 -9999.0 -9999.0 -9999.0 -9999.0 -9999.0 -9999.0 -9999.0 -9999.0 -9999.0 -9999.0 -9999.0 -9999.0 -9999.0 -9999.0 -9999.0 -9999.0 -9999.0 -9999.0 -9999.0 -9999.0 -9999.0 -9999.0 -9999.0 -9999.0 -9999.0 -9999.0 -9999.0 -9999.0 -9999.0
-9999.0 -9999.0 -9999.0 -9999.0 -9999.0 -9999.0 -9999.0 -9999.0 -9999.0 -9999.0 -9999.0 -9999.0 -9999.0 -9999.0 -9999.0 -9999.0 -9999.0 -9999.0 -9999.0 -9999.0 -9999.0 -9999.0 -9999.0 -9999.0 -9999.0 -9999.0 -9999.0 -9999.0 -9999.0 -9999.0 -9999.0 -9999.0 -9999.0 -9999.0 -9999.0 -9999.0 -9999.0 -9999.0 -9999.0 -9999.0 -9999.0 -9999.0 -9999.0 -9999.0 -9999.0 -9999.0 -9999.0 -9999.0 -9999.0 -9999.0 -9999.0 -9999.0 -9999.0 -9999.0 -9999.0 -9999.0 -9999.0 -9999.0 -9999.0 -9999.0 -9999.0 -9999.0 -9999.0 -9999.0 -9999.0 -9999.0 -9999.0 -9999.0 -9999.0 -9999.0 -9999.0 -9999.0 -9999.0 -9999.0 -9999.0 -9999.0 -9999.0 -9999.0 -9999.0 -9999.0 -9999.0 -9999.0 -9999.0 -9999.0 -9999.0 -9999.0 -9999.0 -9999.0 -9999.0 -9999.0 -9999.0 -9999.0 -9999.0 -9999.0 -9999.0 -9999.0 -9999.0 -9999.0 -9999.0 -9999.0 -9999.0 -9999.0 -9999.0 -9999.0
-9999.0 -9999.0 274.172502 176.000112 77.060615 -22.135991 -121.431734 -220.767958 -320.114715 -419.451076 -518.755437 -617.982869 -717.046431 -816.052938 -914.982960 -1013.891902 -1112.748965 -1211.065191 -1308.678665 -1404.991310 -1498.824291 -1588.060647 -1669.774890 -1741.178653 -1800.648887 -1848.076244 -1884.548649 -1911.787629 -1931.664301 -1945.904501 -1955.958704 -1962.975475 -1967.827618 -1971.158871 -1973.434057 -1974.986243 -1976.065514 -1976.923513 -1978.046365 -1980.512691 -1982.262132 -1929.545963 -1218.773631 -1242.855538 -1226.923778 -1216.257528 -1211.267198 -1210.504386 -1210.421910 -1210.428740 -1210.448319 -1210.469455 -1210.489778 -1210.508605 -1210.526144 -1210.547120 -1210.615489 -1211.072139 -1213.727384 -1219.598588 -1226.674000 -1191.678416 -1901.288655 -1975.896163 -1979.160362 -1978.553903 -1978.336044 -1978.291149 -1978.283695 -1978.282938 -1978.283251 -1978.283658 -1978.284003 -1978.284276 -1978.284490 -1978.284661 -1978.284801 -1978.284918 -1978.285021 -1978.285115 -1978.285210 -1978.285315 -1978.285443 -1978.285615 -1978.285861 -1978.286229 -1978.286798 -1978.287700 -1978.289164 -1978.291596 -1978.295746 -1978.303040 -1978.316263 -1978.340986 -1978.388624 -1978.483392 -1978.679525 -1979.107579 -1980.109116 -1982.671214 -1990.032895 -2014.461367 -9999.0 -9999.0
-9999.0 -9999.0 274.180060 176.001846 77.061068 -22.135858 -121.431692 -220.767944 -320.114710 -419.451074 -518.755436 -617.982869 -717.046430 -816.052938 -914.982960 -1013.891902 -1112.748965 -1211.065191 -1308.678665 -1404.991311 -1498.824291 -1588.060648 -1669.774890 -1741.178653 -1800.648887 -1848.076244 -1884.548649 -1911.787629 -1931.664301 -1945.904501 -1955.958704 -1962.975475 -1967.827618 -1971.158871 -1973.434057 -1974.986243 -1976.065514 -1976.923513 -1978.046365 -1980.512691 -1982.262132 -1929.545963 -1218.773631 -1242.855538 -1226.923778 -1216.257528 -1211.267198 -1210.504386 -1210.421910 -1210.428740 -1210.448319 -1210.469455 -1210.489778 -1210.508605 -1210.526144 -1210.547120 -1210.615489 -1211.072139 -1213.727384 -1219.598588 -1226.674000 -1191.678416 -1901.288655 -1975.896163 -1979.160362 -1978.553903 -1978.336044 -1978.291149 -1978.283695 -1978.282938 -1978.283251 -1978.283658 -1978.284003 -1978.284276 -1978.284490 -1978.284661 -1978.284801 -1978.284918 -1978.285021 -1978.285115 -1978.285210 -1978.285315 -1978.285443 -1978.285615 -1978.285861 -1978.286229 -1978.286798 -1978.287700 -1978.289164 -1978.291596 -1978.295746 -1978.303040 -1978.316263 -1978.340986 -1978.388624 -1978.483392 -1978.679525 -1979.107579 -1980.109116 -1982.671214 -1990.032895 -2014.461367 -9999.0 -9999.0
-9999.0 -9999.0 274.181369 176.002573 77.061356 -22.135753 -121.431654 -220.767930 -320.114705 -419.451072 -518.755436 -617.982869 -717.046430 -816.052938 -914.982960 -1013.891902 -1112.748965 -1211.065191 -1308.678665 -1404.991311 -1498.824291 -1588.060648 -1669.774890 -1741.178653 -1800.648887 -1848.076244 -1884.548649 -1911.787629 -1931.664301 -1945.904501 -1955.958704 -1962.975475 -1967.827618 -1971.158871 -1973.434057 -1974.986243 -1976.065514 -1976.923513 -1978.046365 -1980.512691 -1982.262132 -1929.545963 -1218.773631 -1242.855538 -1226.923778 -1216.257528 -1211.267198 -1210.504386 -1210.421910 -1210.428740 -1210.448319 -1210.469455 -1210.489778 -1210.508605 -1210.526144 -1210.547120 -1210.615489 -1211.072139 -1213.727384 -1219.598588 -1226.674000 -1191.678416 -1901.288655 -1975.896163 -1979.160362 -1978.553903 -1978.336044 -1978.291149 -1978.283695 -1978.282938 -1978.283251 -1978.283658 -1978.284003 -1978.284276 -1978.284490 -1978.284661 -1978.284801 -1978.284918 -1978.285021 -1978.285115 -1978.285210 -1978.285315 -1978.285443 -1978.285615 -1978.285861 -1978.286229 -1978.286798 -1978.287700 -1978.289164 -1978.291596 -1978.295746 -1978.303040 -1978.316263 -1978.340986 -1978.388624 -1978.483392 -1978.679525 -1979.107579 -1980.109116 -1982.671214 -1990.032895 -2014.461367 -9999.0 -9999.0
-9999.0 -9999.0 274.181369 176.002573 77.061356 -22.135753 -121.431654 -220.767930 -320.114705 -419.451072 -518.755436 -617.982869 -717.046430 -816.052938 -914.982960 -1013.891902 -1112.748965 -1211.065191 -1308.678665 -1404.991311 -1498.824291 -1588.060648 -1669.774890 -1741.178653 -1800.648887 -1848.076244 -1884.548649 -1911.787629 -1931.664301 -1945.904501 -1955.958704 -1962.975475 -1967.827618 -1971.158871 -1973.434057 -1974.986243 -1976.065514 -1976.923513 -1978.046365 -1980.512691 -1982.262132 -1929.545963 -1218.773631 -1242.855538 -1226.923778 -1216.257528 -1211.267198 -1210.504386 -1210.421910 -1210.428740 -1210.448319 -1210.469455 -1210.489778 -1210.508605 -1210.526144 -1210.547120 -1210.615489 -1211.072139 -1213.727384 -1219.598588 -1226.674000 -1191.678416 -1901.288655 -1975.896163 -1979.160362 -1978.553903 -1978.336044 -1978.291149 -1978.283695 -1978.282938 -1978.283251 -1978.283658 -1978.284003 -1978.284276 -1978.284490 -1978.284661 -1978.284801 -1978.284918 -1978.285021 -1978.285115 -1978.285210 -1978.285315 -1978.285443 -1978.285615 -1978.285861 -1978.286229 -1978.286798 -1978.287700 -1978.289164 -1978.291596 -1978.295746 -1978.303040 -1978.316263 -1978.340986 -1978.388624 -1978.483392 -1978.679525 -1979.107579 -1980.109116 -1982.671214 -1990.032895 -2014.461367 -9999.0 -9999.0
-9999.0 -9999.0 274.180060 176.001846 77.061068 -22.135858 -121.431691 -220.767944 -320.114710 -419.451074 -518.755436 -617.982869 -717.046431 -816.052938 -914.982960 -1013.891902 -1112.748965 -1211.065191 -1308.678665 -1404.991311 -1498.824291 -1588.060648 -1669.774890 -1741.178653 -1800.648887 -1848.076244 -1884.548649 -1911.787629 -1931.664301 -1945.904501 -1955.958704 -1962.975475 -1967.827618 -1971.158871 -1973.434057 -1974.986243 -1976.065514 -1976.923513 -1978.046365 -1980.512691 -1982.262132 -1929.545963 -1218.773631 -1242.855538 -1226.923778 -1216.257528 -1211.267198 -1210.504386 -1210.421910 -1210.428740 -1210.448319 -1210.469455 -1210.489778 -1210.508605 -1210.526144 -1210.547120 -1210.615489 -1211.072139 -1213.727384 -1219.598588 -1226.674000 -1191.678416 -1901.288655 -1975.896163 -1979.160362 -1978.553903 -1978.336044 -1978.291149 -1978.283695 -1978.282938 -1978.283251 -1978.283658 -1978.284003 -1978.284276 -1978.284490 -1978.284661 -1978.284801 -1978.284918 -1978.285021 -1978.285115 -1978.285210 -1978.285315 -1978.285443 -1978.285615 -1978.285861 -1978.286229 -1978.286798 -1978.287700 -1978.289164 -1978.291596 -1978.295746 -1978.303040 -1978.316263 -1978.340986 -1978.388624 -1978.483392 -1978.679525 -1979.107579 -1980.109116 -1982.671214 -1990.032895 -2014.461367 -9999.0 -9999.0
-9999.0 -9999.0 274.172502 176.000112 77.060615 -22.135991 -121.431734 -220.767958 -320.114715 -419.451076 -518.755437 -617.982870 -717.046431 -816.052938 -914.982960 -1013.891902 -1112.748965 -1211.065191 -1308.678665 -1404.991310 -1498.824291 -1588.060647 -1669.774890 -1741.178653 -1800.648887 -1848.076244 -1884.548649 -1911.787629 -1931.664301 -1945.904501 -1955.958704 -1962.975475 -1967.827618 -1971.158871 -1973.434057 -1974.986243 -1976.065514 -1976.923513 -1978.046365 -1980.512691 -1982.262132 -1929.545963 -1218.773631 -1242.855538 -1226.923778 -1216.257528 -1211.267198 -1210.504386 -1210.421910 -1210.428740 -1210.448319 -1210.469455 -1210.489778 -1210.508605 -1210.526144 -1210.547120 -1210.615489 -1211.072139 -1213.727384 -1219.598588 -1226.674000 -1191.678416 -1901.288655 -1975.896163 -1979.160362 -1978.553903 -1978.336044 -1978.291149 -1978.283695 -1978.282938 -1978.283251 -1978.283658 -1978.284003 -1978.284276 -1978.284490 -1978.284661 -1978.284801 -1978.284918 -1978.285021 -1978.285115 -1978.285210 -1978.285315 -1978.285443 -1978.285615 -1978.285861 -1978.286229 -1978.286798 -1978.287700 -1978.289164 -1978.291596 -1978.295746 -1978.303040 -1978.316263 -1978.340986 -1978.388624 -1978.483392 -1978.679525 -1979.107579 -1980.109116 -1982.671214 -1990.032895 -2014.461367 -9999.0 -9999.0
-9999.0 -9999.0 -9999.0 -9999.0 -9999.0 -9999.0 -9999.0 -9999.0 -9999.0 -9999.0 -9999.0 -9999.0 -9999.0 -9999.0 -9999.0 -9999.0 -9999.0 -9999.0 -9999.0 -9999.0 -9999.0 -9999.0 -9999.0 -9999.0 -9999.0 -9999.0 -9999.0 -9999.0 -9999.0 -9999.0 -9999.0 -9999.0 -9999.0 -9999.0 -9999.0 -9999.0 -9999.0 -9999.0 -9999.0 -9999.0 -9999.0 -9999.0 -9999.0 -9999.0 -9999.0 -9999.0 -9999.0 -9999.0 -9999.0 -9999.0 -9999.0 -9999.0 -9999.0 -9999.0 -9999.0 -9999.0 -9999.0 -9999.0 -9999.0 -9999.0 -9999.0 -9999.0 -9999.0 -9999.0 -9999.0 -9999.0 -9999.0 -9999.0 -9999.0 -9999.0 -9999.0 -9999.0 -9999.0 -9999.0 -9999.0 -9999.0 -9999.0 -9999.0 -9999.0 -9999.0 -9999.0 -9999.0 -9999.0 -9999.0 -9999.0 -9999.0 -9999.0 -9999.0 -9999.0 -9999.0 -9999.0 -9999.0 -9999.0 -9999.0 -9999.0 -9999.0 -9999.0 -9999.0 -9999.0 -9999.0 -9999.0 -9999.0 -9999.0 -9999.0
-9999.0 -9999.0 -9999.0 -9999.0 -9999.0 -9999.0 -9999.0 -9999.0 -9999.0 -9999.0 -9999.0 -9999.0 -9999.0 -9999.0 -9999.0 -9999.0 -9999.0 -9999.0 -9999.0 -9999.0 -9999.0 -9999.0 -9999.0 -9999.0 -9999.0 -9999.0 -9999.0 -9999.0 -9999.0 -9999.0 -9999.0 -9999.0 -9999.0 -9999.0 -9999.0 -9999.0 -9999.0 -9999.0 -9999.0 -9999.0 -9999.0 -9999.0 -9999.0 -9999.0 -9999.0 -9999.0 -9999.0 -9999.0 -9999.0 -9999.0 -9999.0 -9999.0 -9999.0 -9999.0 -9999.0 -9999.0 -9999.0 -9999.0 -9999.0 -9999.0 -9999.0 -9999.0 -9999.0 -9999.0 -9999.0 -9999.0 -9999.0 -9999.0 -9999.0 -9999.0 -9999.0 -9999.0 -9999.0 -9999.0 -9999.0 -9999.0 -9999.0 -9999.0 -9999.0 -9999.0 -9999.0 -9999.0 -9999.0 -9999.0 -9999.0 -9999.0 -9999.0 -9999.0 -9999.0 -9999.0 -9999.0 -9999.0 -9999.0 -9999.0 -9999.0 -9999.0 -9999.0 -9999.0 -9999.0 -9999.0 -9999.0 -9999.0 -9999.0 -9999.0