inst/processing_geotop_simulation/geotop_simulation/out/maps3D/PwL0013N0306.asc
ncols         104
nrows         10
xllcorner     -2.000000
yllcorner     0.000000
cellsize      1.000000
NODATA_value  -9999.0
-9999.0 -9999.0 -9999.0 -9999.0 -9999.0 -9999.0 -9999.0 -9999.0 -9999.0 -9999.0 -9999.0 -9999.0 -9999.0 -9999.0 -9999.0 -9999.0 -9999.0 -9999.0 -9999.0 -9999.0 -9999.0 -9999.0 -9999.0 -9999.0 -9999.0 -9999.0 -9999.0 -9999.0 -9999.0 -9999.0 -9999.0 -9999.0 -9999.0 -9999.0 -9999.0 -9999.0 -9999.0 -9999.0 -9999.0 -9999.0 -9999.0 -9999.0 -9999.0 -9999.0 -9999.0 -9999.0 -9999.0 -9999.0 -9999.0 -9999.0 -9999.0 -9999.0 -9999.0 -9999.0 -9999.0 -9999.0 -9999.0 -9999.0 -9999.0 -9999.0 -9999.0 -9999.0 -9999.0 -9999.0 -9999.0 -9999.0 -9999.0 -9999.0 -9999.0 -9999.0 -9999.0 -9999.0 -9999.0 -9999.0 -9999.0 -9999.0 -9999.0 -9999.0 -9999.0 -9999.0 -9999.0 -9999.0 -9999.0 -9999.0 -9999.0 -9999.0 -9999.0 -9999.0 -9999.0 -9999.0 -9999.0 -9999.0 -9999.0 -9999.0 -9999.0 -9999.0 -9999.0 -9999.0 -9999.0 -9999.0 -9999.0 -9999.0 -9999.0 -9999.0
-9999.0 -9999.0 -9999.0 -9999.0 -9999.0 -9999.0 -9999.0 -9999.0 -9999.0 -9999.0 -9999.0 -9999.0 -9999.0 -9999.0 -9999.0 -9999.0 -9999.0 -9999.0 -9999.0 -9999.0 -9999.0 -9999.0 -9999.0 -9999.0 -9999.0 -9999.0 -9999.0 -9999.0 -9999.0 -9999.0 -9999.0 -9999.0 -9999.0 -9999.0 -9999.0 -9999.0 -9999.0 -9999.0 -9999.0 -9999.0 -9999.0 -9999.0 -9999.0 -9999.0 -9999.0 -9999.0 -9999.0 -9999.0 -9999.0 -9999.0 -9999.0 -9999.0 -9999.0 -9999.0 -9999.0 -9999.0 -9999.0 -9999.0 -9999.0 -9999.0 -9999.0 -9999.0 -9999.0 -9999.0 -9999.0 -9999.0 -9999.0 -9999.0 -9999.0 -9999.0 -9999.0 -9999.0 -9999.0 -9999.0 -9999.0 -9999.0 -9999.0 -9999.0 -9999.0 -9999.0 -9999.0 -9999.0 -9999.0 -9999.0 -9999.0 -9999.0 -9999.0 -9999.0 -9999.0 -9999.0 -9999.0 -9999.0 -9999.0 -9999.0 -9999.0 -9999.0 -9999.0 -9999.0 -9999.0 -9999.0 -9999.0 -9999.0 -9999.0 -9999.0
-9999.0 -9999.0 623.229186 525.403647 427.051679 328.379418 229.561679 130.682147 31.782519 -67.111040 -165.988852 -264.835142 -363.614505 -462.253078 -560.626777 -658.570694 -756.259435 -853.977857 -951.378790 -1048.394925 -1143.313185 -1233.150679 -1316.271885 -1390.096980 -1452.858045 -1503.991563 -1544.073841 -1574.461055 -1596.862032 -1613.000127 -1624.412103 -1632.363378 -1637.839502 -1641.577576 -1644.112962 -1645.828513 -1647.005919 -1647.910626 -1649.062682 -1652.138180 -1661.570222 -1681.681609 -1735.575556 -3571.778006 -3199.658976 -2935.630494 -2819.726861 -2805.027796 -2803.548843 -2803.703151 -2804.088803 -2804.501963 -2804.898625 -2805.265725 -2805.605283 -2805.990234 -2807.142687 -2815.338571 -2873.957049 -3011.718907 -3158.259257 -1562.584225 -1644.954425 -1653.792340 -1650.823019 -1649.708085 -1649.472284 -1649.431554 -1649.425462 -1649.425080 -1649.425557 -1649.426071 -1649.426493 -1649.426822 -1649.427080 -1649.427283 -1649.427448 -1649.427585 -1649.427703 -1649.427811 -1649.427918 -1649.428036 -1649.428182 -1649.428379 -1649.428663 -1649.429091 -1649.429758 -1649.430817 -1649.432537 -1649.435391 -1649.440249 -1649.448755 -1649.464113 -1649.492704 -1649.547518 -1649.655851 -1649.878010 -1650.356839 -1651.457427 -1654.193864 -1661.742678 -1685.947873 -9999.0 -9999.0
-9999.0 -9999.0 623.234023 525.405156 427.052122 328.379555 229.561724 130.682162 31.782524 -67.111038 -165.988851 -264.835141 -363.614505 -462.253078 -560.626777 -658.570694 -756.259435 -853.977858 -951.378790 -1048.394925 -1143.313185 -1233.150679 -1316.271885 -1390.096980 -1452.858045 -1503.991564 -1544.073841 -1574.461055 -1596.862033 -1613.000128 -1624.412103 -1632.363378 -1637.839502 -1641.577576 -1644.112962 -1645.828513 -1647.005919 -1647.910626 -1649.062682 -1652.138180 -1661.570222 -1681.681609 -1735.575556 -3571.778004 -3199.658972 -2935.630486 -2819.726862 -2805.027796 -2803.548843 -2803.703151 -2804.088803 -2804.501963 -2804.898625 -2805.265725 -2805.605283 -2805.990234 -2807.142687 -2815.338571 -2873.957048 -3011.718907 -3158.259257 -1562.584225 -1644.954425 -1653.792340 -1650.823019 -1649.708085 -1649.472284 -1649.431554 -1649.425462 -1649.425080 -1649.425557 -1649.426071 -1649.426493 -1649.426822 -1649.427080 -1649.427283 -1649.427448 -1649.427585 -1649.427703 -1649.427811 -1649.427918 -1649.428036 -1649.428182 -1649.428379 -1649.428663 -1649.429091 -1649.429758 -1649.430817 -1649.432537 -1649.435391 -1649.440249 -1649.448755 -1649.464113 -1649.492704 -1649.547518 -1649.655851 -1649.878010 -1650.356839 -1651.457427 -1654.193864 -1661.742678 -1685.947873 -9999.0 -9999.0
-9999.0 -9999.0 623.235398 525.405875 427.052414 328.379663 229.561763 130.682176 31.782529 -67.111036 -165.988850 -264.835141 -363.614505 -462.253078 -560.626777 -658.570694 -756.259435 -853.977858 -951.378791 -1048.394925 -1143.313185 -1233.150679 -1316.271886 -1390.096980 -1452.858045 -1503.991564 -1544.073841 -1574.461055 -1596.862033 -1613.000128 -1624.412103 -1632.363378 -1637.839502 -1641.577576 -1644.112962 -1645.828513 -1647.005919 -1647.910626 -1649.062682 -1652.138180 -1661.570222 -1681.681609 -1735.575556 -3571.778004 -3199.658971 -2935.630483 -2819.726861 -2805.027796 -2803.548843 -2803.703151 -2804.088803 -2804.501963 -2804.898625 -2805.265725 -2805.605283 -2805.990234 -2807.142687 -2815.338571 -2873.957048 -3011.718907 -3158.259256 -1562.584225 -1644.954425 -1653.792340 -1650.823019 -1649.708085 -1649.472284 -1649.431554 -1649.425462 -1649.425080 -1649.425557 -1649.426071 -1649.426493 -1649.426822 -1649.427080 -1649.427283 -1649.427448 -1649.427585 -1649.427703 -1649.427811 -1649.427918 -1649.428036 -1649.428182 -1649.428379 -1649.428663 -1649.429091 -1649.429758 -1649.430817 -1649.432537 -1649.435391 -1649.440249 -1649.448755 -1649.464113 -1649.492704 -1649.547518 -1649.655851 -1649.878010 -1650.356839 -1651.457427 -1654.193864 -1661.742678 -1685.947873 -9999.0 -9999.0
-9999.0 -9999.0 623.235398 525.405875 427.052414 328.379663 229.561763 130.682176 31.782529 -67.111036 -165.988850 -264.835141 -363.614505 -462.253078 -560.626777 -658.570694 -756.259435 -853.977858 -951.378791 -1048.394926 -1143.313185 -1233.150679 -1316.271886 -1390.096980 -1452.858045 -1503.991564 -1544.073841 -1574.461055 -1596.862033 -1613.000128 -1624.412103 -1632.363378 -1637.839502 -1641.577576 -1644.112962 -1645.828513 -1647.005919 -1647.910626 -1649.062682 -1652.138180 -1661.570222 -1681.681609 -1735.575556 -3571.778004 -3199.658971 -2935.630483 -2819.726861 -2805.027796 -2803.548843 -2803.703151 -2804.088803 -2804.501963 -2804.898625 -2805.265725 -2805.605283 -2805.990234 -2807.142687 -2815.338571 -2873.957048 -3011.718907 -3158.259256 -1562.584225 -1644.954425 -1653.792340 -1650.823019 -1649.708085 -1649.472284 -1649.431554 -1649.425462 -1649.425080 -1649.425557 -1649.426071 -1649.426493 -1649.426822 -1649.427080 -1649.427283 -1649.427448 -1649.427585 -1649.427703 -1649.427811 -1649.427918 -1649.428036 -1649.428182 -1649.428379 -1649.428663 -1649.429091 -1649.429758 -1649.430817 -1649.432537 -1649.435391 -1649.440249 -1649.448755 -1649.464113 -1649.492704 -1649.547518 -1649.655851 -1649.878010 -1650.356839 -1651.457427 -1654.193864 -1661.742678 -1685.947873 -9999.0 -9999.0
-9999.0 -9999.0 623.234023 525.405157 427.052122 328.379555 229.561724 130.682162 31.782524 -67.111038 -165.988851 -264.835141 -363.614505 -462.253078 -560.626777 -658.570694 -756.259435 -853.977858 -951.378790 -1048.394925 -1143.313185 -1233.150679 -1316.271885 -1390.096980 -1452.858045 -1503.991564 -1544.073841 -1574.461055 -1596.862033 -1613.000128 -1624.412103 -1632.363378 -1637.839502 -1641.577576 -1644.112962 -1645.828513 -1647.005919 -1647.910626 -1649.062682 -1652.138180 -1661.570222 -1681.681609 -1735.575556 -3571.778004 -3199.658972 -2935.630486 -2819.726862 -2805.027796 -2803.548843 -2803.703151 -2804.088803 -2804.501963 -2804.898625 -2805.265725 -2805.605283 -2805.990234 -2807.142687 -2815.338571 -2873.957048 -3011.718907 -3158.259257 -1562.584225 -1644.954425 -1653.792340 -1650.823019 -1649.708085 -1649.472284 -1649.431554 -1649.425462 -1649.425080 -1649.425557 -1649.426071 -1649.426493 -1649.426822 -1649.427080 -1649.427283 -1649.427448 -1649.427585 -1649.427703 -1649.427811 -1649.427918 -1649.428036 -1649.428182 -1649.428379 -1649.428663 -1649.429091 -1649.429758 -1649.430817 -1649.432537 -1649.435391 -1649.440249 -1649.448755 -1649.464113 -1649.492704 -1649.547518 -1649.655851 -1649.878010 -1650.356839 -1651.457427 -1654.193864 -1661.742678 -1685.947873 -9999.0 -9999.0
-9999.0 -9999.0 623.229186 525.403647 427.051679 328.379418 229.561679 130.682147 31.782519 -67.111040 -165.988852 -264.835142 -363.614505 -462.253078 -560.626777 -658.570694 -756.259435 -853.977858 -951.378790 -1048.394925 -1143.313185 -1233.150679 -1316.271885 -1390.096980 -1452.858045 -1503.991563 -1544.073841 -1574.461055 -1596.862032 -1613.000127 -1624.412103 -1632.363378 -1637.839502 -1641.577576 -1644.112962 -1645.828513 -1647.005919 -1647.910626 -1649.062682 -1652.138180 -1661.570222 -1681.681609 -1735.575556 -3571.778006 -3199.658976 -2935.630493 -2819.726861 -2805.027796 -2803.548843 -2803.703151 -2804.088803 -2804.501963 -2804.898625 -2805.265725 -2805.605283 -2805.990234 -2807.142687 -2815.338571 -2873.957049 -3011.718907 -3158.259257 -1562.584225 -1644.954425 -1653.792340 -1650.823019 -1649.708085 -1649.472284 -1649.431554 -1649.425462 -1649.425080 -1649.425557 -1649.426071 -1649.426493 -1649.426822 -1649.427080 -1649.427283 -1649.427448 -1649.427585 -1649.427703 -1649.427811 -1649.427918 -1649.428036 -1649.428182 -1649.428379 -1649.428663 -1649.429091 -1649.429758 -1649.430817 -1649.432537 -1649.435391 -1649.440249 -1649.448755 -1649.464113 -1649.492704 -1649.547518 -1649.655851 -1649.878010 -1650.356839 -1651.457427 -1654.193864 -1661.742678 -1685.947873 -9999.0 -9999.0
-9999.0 -9999.0 -9999.0 -9999.0 -9999.0 -9999.0 -9999.0 -9999.0 -9999.0 -9999.0 -9999.0 -9999.0 -9999.0 -9999.0 -9999.0 -9999.0 -9999.0 -9999.0 -9999.0 -9999.0 -9999.0 -9999.0 -9999.0 -9999.0 -9999.0 -9999.0 -9999.0 -9999.0 -9999.0 -9999.0 -9999.0 -9999.0 -9999.0 -9999.0 -9999.0 -9999.0 -9999.0 -9999.0 -9999.0 -9999.0 -9999.0 -9999.0 -9999.0 -9999.0 -9999.0 -9999.0 -9999.0 -9999.0 -9999.0 -9999.0 -9999.0 -9999.0 -9999.0 -9999.0 -9999.0 -9999.0 -9999.0 -9999.0 -9999.0 -9999.0 -9999.0 -9999.0 -9999.0 -9999.0 -9999.0 -9999.0 -9999.0 -9999.0 -9999.0 -9999.0 -9999.0 -9999.0 -9999.0 -9999.0 -9999.0 -9999.0 -9999.0 -9999.0 -9999.0 -9999.0 -9999.0 -9999.0 -9999.0 -9999.0 -9999.0 -9999.0 -9999.0 -9999.0 -9999.0 -9999.0 -9999.0 -9999.0 -9999.0 -9999.0 -9999.0 -9999.0 -9999.0 -9999.0 -9999.0 -9999.0 -9999.0 -9999.0 -9999.0 -9999.0
-9999.0 -9999.0 -9999.0 -9999.0 -9999.0 -9999.0 -9999.0 -9999.0 -9999.0 -9999.0 -9999.0 -9999.0 -9999.0 -9999.0 -9999.0 -9999.0 -9999.0 -9999.0 -9999.0 -9999.0 -9999.0 -9999.0 -9999.0 -9999.0 -9999.0 -9999.0 -9999.0 -9999.0 -9999.0 -9999.0 -9999.0 -9999.0 -9999.0 -9999.0 -9999.0 -9999.0 -9999.0 -9999.0 -9999.0 -9999.0 -9999.0 -9999.0 -9999.0 -9999.0 -9999.0 -9999.0 -9999.0 -9999.0 -9999.0 -9999.0 -9999.0 -9999.0 -9999.0 -9999.0 -9999.0 -9999.0 -9999.0 -9999.0 -9999.0 -9999.0 -9999.0 -9999.0 -9999.0 -9999.0 -9999.0 -9999.0 -9999.0 -9999.0 -9999.0 -9999.0 -9999.0 -9999.0 -9999.0 -9999.0 -9999.0 -9999.0 -9999.0 -9999.0 -9999.0 -9999.0 -9999.0 -9999.0 -9999.0 -9999.0 -9999.0 -9999.0 -9999.0 -9999.0 -9999.0 -9999.0 -9999.0 -9999.0 -9999.0 -9999.0 -9999.0 -9999.0 -9999.0 -9999.0 -9999.0 -9999.0 -9999.0 -9999.0 -9999.0 -9999.0