inst/processing_geotop_simulation/geotop_simulation/out/maps3D/PwL0011N0321.asc
ncols         104
nrows         10
xllcorner     -2.000000
yllcorner     0.000000
cellsize      1.000000
NODATA_value  -9999.0
-9999.0 -9999.0 -9999.0 -9999.0 -9999.0 -9999.0 -9999.0 -9999.0 -9999.0 -9999.0 -9999.0 -9999.0 -9999.0 -9999.0 -9999.0 -9999.0 -9999.0 -9999.0 -9999.0 -9999.0 -9999.0 -9999.0 -9999.0 -9999.0 -9999.0 -9999.0 -9999.0 -9999.0 -9999.0 -9999.0 -9999.0 -9999.0 -9999.0 -9999.0 -9999.0 -9999.0 -9999.0 -9999.0 -9999.0 -9999.0 -9999.0 -9999.0 -9999.0 -9999.0 -9999.0 -9999.0 -9999.0 -9999.0 -9999.0 -9999.0 -9999.0 -9999.0 -9999.0 -9999.0 -9999.0 -9999.0 -9999.0 -9999.0 -9999.0 -9999.0 -9999.0 -9999.0 -9999.0 -9999.0 -9999.0 -9999.0 -9999.0 -9999.0 -9999.0 -9999.0 -9999.0 -9999.0 -9999.0 -9999.0 -9999.0 -9999.0 -9999.0 -9999.0 -9999.0 -9999.0 -9999.0 -9999.0 -9999.0 -9999.0 -9999.0 -9999.0 -9999.0 -9999.0 -9999.0 -9999.0 -9999.0 -9999.0 -9999.0 -9999.0 -9999.0 -9999.0 -9999.0 -9999.0 -9999.0 -9999.0 -9999.0 -9999.0 -9999.0 -9999.0
-9999.0 -9999.0 -9999.0 -9999.0 -9999.0 -9999.0 -9999.0 -9999.0 -9999.0 -9999.0 -9999.0 -9999.0 -9999.0 -9999.0 -9999.0 -9999.0 -9999.0 -9999.0 -9999.0 -9999.0 -9999.0 -9999.0 -9999.0 -9999.0 -9999.0 -9999.0 -9999.0 -9999.0 -9999.0 -9999.0 -9999.0 -9999.0 -9999.0 -9999.0 -9999.0 -9999.0 -9999.0 -9999.0 -9999.0 -9999.0 -9999.0 -9999.0 -9999.0 -9999.0 -9999.0 -9999.0 -9999.0 -9999.0 -9999.0 -9999.0 -9999.0 -9999.0 -9999.0 -9999.0 -9999.0 -9999.0 -9999.0 -9999.0 -9999.0 -9999.0 -9999.0 -9999.0 -9999.0 -9999.0 -9999.0 -9999.0 -9999.0 -9999.0 -9999.0 -9999.0 -9999.0 -9999.0 -9999.0 -9999.0 -9999.0 -9999.0 -9999.0 -9999.0 -9999.0 -9999.0 -9999.0 -9999.0 -9999.0 -9999.0 -9999.0 -9999.0 -9999.0 -9999.0 -9999.0 -9999.0 -9999.0 -9999.0 -9999.0 -9999.0 -9999.0 -9999.0 -9999.0 -9999.0 -9999.0 -9999.0 -9999.0 -9999.0 -9999.0 -9999.0
-9999.0 -9999.0 523.568508 425.770118 327.327814 228.557681 129.645612 30.674628 -68.311414 -167.294412 -266.258152 -365.174808 -463.991014 -562.592726 -660.818261 -758.859458 -856.928223 -954.755952 -1052.314539 -1148.538915 -1241.453936 -1329.549491 -1410.026125 -1480.354605 -1539.086694 -1586.107366 -1622.391411 -1649.540007 -1669.345693 -1683.500566 -1693.450696 -1700.353288 -1705.092224 -1708.319800 -1710.505513 -1711.983376 -1712.999929 -1713.795106 -1714.861047 -1717.743639 -1725.620598 -1729.556641 -1428.785512 -1787.112606 -1697.041172 -1641.833360 -1617.155008 -1613.862532 -1613.526186 -1613.560046 -1613.646475 -1613.739193 -1613.828232 -1613.910647 -1613.986972 -1614.074363 -1614.340531 -1616.207645 -1628.870042 -1658.011063 -1694.997012 -1335.739579 -1694.878754 -1718.149105 -1716.372913 -1715.355650 -1715.126744 -1715.086340 -1715.080227 -1715.079819 -1715.080275 -1715.080772 -1715.081180 -1715.081498 -1715.081746 -1715.081943 -1715.082101 -1715.082232 -1715.082345 -1715.082447 -1715.082550 -1715.082663 -1715.082803 -1715.082993 -1715.083268 -1715.083684 -1715.084331 -1715.085363 -1715.087039 -1715.089823 -1715.094563 -1715.102867 -1715.117866 -1715.145793 -1715.199334 -1715.305113 -1715.521869 -1715.988518 -1717.060385 -1719.730622 -1727.148294 -1751.187397 -9999.0 -9999.0
-9999.0 -9999.0 523.574055 425.771723 327.328269 228.557819 129.645657 30.674643 -68.311408 -167.294410 -266.258151 -365.174808 -463.991014 -562.592726 -660.818261 -758.859459 -856.928223 -954.755952 -1052.314539 -1148.538915 -1241.453936 -1329.549491 -1410.026125 -1480.354605 -1539.086694 -1586.107366 -1622.391411 -1649.540007 -1669.345693 -1683.500566 -1693.450696 -1700.353288 -1705.092224 -1708.319800 -1710.505513 -1711.983376 -1712.999929 -1713.795106 -1714.861047 -1717.743639 -1725.620598 -1729.556641 -1428.785511 -1787.112605 -1697.041171 -1641.833358 -1617.155008 -1613.862532 -1613.526186 -1613.560046 -1613.646475 -1613.739193 -1613.828232 -1613.910647 -1613.986972 -1614.074363 -1614.340531 -1616.207645 -1628.870042 -1658.011063 -1694.997012 -1335.739579 -1694.878754 -1718.149105 -1716.372913 -1715.355650 -1715.126744 -1715.086340 -1715.080227 -1715.079819 -1715.080275 -1715.080772 -1715.081180 -1715.081498 -1715.081746 -1715.081943 -1715.082101 -1715.082232 -1715.082345 -1715.082447 -1715.082550 -1715.082663 -1715.082803 -1715.082993 -1715.083268 -1715.083684 -1715.084331 -1715.085363 -1715.087039 -1715.089823 -1715.094563 -1715.102867 -1715.117866 -1715.145793 -1715.199334 -1715.305113 -1715.521869 -1715.988518 -1717.060385 -1719.730622 -1727.148294 -1751.187397 -9999.0 -9999.0
-9999.0 -9999.0 523.575458 425.772457 327.328565 228.557929 129.645696 30.674657 -68.311403 -167.294408 -266.258151 -365.174807 -463.991014 -562.592726 -660.818261 -758.859459 -856.928223 -954.755952 -1052.314539 -1148.538916 -1241.453936 -1329.549491 -1410.026125 -1480.354605 -1539.086694 -1586.107366 -1622.391411 -1649.540007 -1669.345693 -1683.500566 -1693.450696 -1700.353288 -1705.092224 -1708.319800 -1710.505513 -1711.983376 -1712.999929 -1713.795106 -1714.861047 -1717.743639 -1725.620598 -1729.556641 -1428.785511 -1787.112605 -1697.041171 -1641.833358 -1617.155008 -1613.862532 -1613.526186 -1613.560046 -1613.646475 -1613.739193 -1613.828232 -1613.910647 -1613.986972 -1614.074363 -1614.340531 -1616.207645 -1628.870042 -1658.011063 -1694.997012 -1335.739579 -1694.878754 -1718.149105 -1716.372913 -1715.355650 -1715.126744 -1715.086340 -1715.080227 -1715.079819 -1715.080275 -1715.080772 -1715.081180 -1715.081498 -1715.081746 -1715.081943 -1715.082101 -1715.082232 -1715.082345 -1715.082447 -1715.082550 -1715.082663 -1715.082803 -1715.082993 -1715.083268 -1715.083684 -1715.084331 -1715.085363 -1715.087039 -1715.089823 -1715.094563 -1715.102867 -1715.117866 -1715.145793 -1715.199334 -1715.305113 -1715.521869 -1715.988518 -1717.060385 -1719.730622 -1727.148294 -1751.187397 -9999.0 -9999.0
-9999.0 -9999.0 523.575458 425.772457 327.328565 228.557929 129.645696 30.674657 -68.311403 -167.294408 -266.258151 -365.174807 -463.991014 -562.592726 -660.818261 -758.859459 -856.928223 -954.755952 -1052.314539 -1148.538916 -1241.453936 -1329.549491 -1410.026125 -1480.354605 -1539.086694 -1586.107366 -1622.391411 -1649.540007 -1669.345693 -1683.500566 -1693.450696 -1700.353288 -1705.092224 -1708.319800 -1710.505513 -1711.983376 -1712.999929 -1713.795106 -1714.861047 -1717.743639 -1725.620598 -1729.556641 -1428.785511 -1787.112605 -1697.041171 -1641.833358 -1617.155008 -1613.862532 -1613.526186 -1613.560046 -1613.646475 -1613.739193 -1613.828232 -1613.910647 -1613.986972 -1614.074363 -1614.340531 -1616.207645 -1628.870042 -1658.011063 -1694.997012 -1335.739579 -1694.878754 -1718.149105 -1716.372913 -1715.355650 -1715.126744 -1715.086340 -1715.080227 -1715.079819 -1715.080275 -1715.080772 -1715.081180 -1715.081498 -1715.081746 -1715.081943 -1715.082101 -1715.082232 -1715.082345 -1715.082447 -1715.082550 -1715.082663 -1715.082803 -1715.082993 -1715.083268 -1715.083684 -1715.084331 -1715.085363 -1715.087039 -1715.089823 -1715.094563 -1715.102867 -1715.117866 -1715.145793 -1715.199334 -1715.305113 -1715.521869 -1715.988518 -1717.060385 -1719.730622 -1727.148294 -1751.187397 -9999.0 -9999.0
-9999.0 -9999.0 523.574055 425.771723 327.328269 228.557819 129.645657 30.674643 -68.311408 -167.294410 -266.258151 -365.174807 -463.991014 -562.592726 -660.818261 -758.859459 -856.928223 -954.755952 -1052.314539 -1148.538915 -1241.453936 -1329.549491 -1410.026125 -1480.354605 -1539.086694 -1586.107366 -1622.391411 -1649.540007 -1669.345693 -1683.500566 -1693.450696 -1700.353288 -1705.092224 -1708.319800 -1710.505513 -1711.983376 -1712.999929 -1713.795106 -1714.861047 -1717.743639 -1725.620598 -1729.556641 -1428.785511 -1787.112605 -1697.041171 -1641.833358 -1617.155008 -1613.862532 -1613.526186 -1613.560046 -1613.646475 -1613.739193 -1613.828232 -1613.910647 -1613.986972 -1614.074363 -1614.340531 -1616.207645 -1628.870042 -1658.011063 -1694.997012 -1335.739579 -1694.878754 -1718.149105 -1716.372913 -1715.355650 -1715.126744 -1715.086340 -1715.080227 -1715.079819 -1715.080275 -1715.080772 -1715.081180 -1715.081498 -1715.081746 -1715.081943 -1715.082101 -1715.082232 -1715.082345 -1715.082447 -1715.082550 -1715.082663 -1715.082803 -1715.082993 -1715.083268 -1715.083684 -1715.084331 -1715.085363 -1715.087039 -1715.089823 -1715.094563 -1715.102867 -1715.117866 -1715.145793 -1715.199334 -1715.305113 -1715.521869 -1715.988518 -1717.060385 -1719.730622 -1727.148294 -1751.187397 -9999.0 -9999.0
-9999.0 -9999.0 523.568508 425.770118 327.327814 228.557681 129.645612 30.674628 -68.311414 -167.294412 -266.258152 -365.174808 -463.991014 -562.592726 -660.818261 -758.859458 -856.928223 -954.755952 -1052.314539 -1148.538915 -1241.453936 -1329.549491 -1410.026125 -1480.354605 -1539.086694 -1586.107366 -1622.391411 -1649.540007 -1669.345693 -1683.500566 -1693.450696 -1700.353288 -1705.092224 -1708.319800 -1710.505513 -1711.983376 -1712.999929 -1713.795106 -1714.861047 -1717.743639 -1725.620598 -1729.556641 -1428.785512 -1787.112606 -1697.041172 -1641.833360 -1617.155008 -1613.862532 -1613.526186 -1613.560046 -1613.646475 -1613.739193 -1613.828232 -1613.910647 -1613.986972 -1614.074363 -1614.340531 -1616.207645 -1628.870042 -1658.011063 -1694.997012 -1335.739579 -1694.878754 -1718.149105 -1716.372913 -1715.355650 -1715.126744 -1715.086340 -1715.080227 -1715.079819 -1715.080275 -1715.080772 -1715.081180 -1715.081498 -1715.081746 -1715.081943 -1715.082101 -1715.082232 -1715.082345 -1715.082447 -1715.082550 -1715.082663 -1715.082803 -1715.082993 -1715.083268 -1715.083684 -1715.084331 -1715.085363 -1715.087039 -1715.089823 -1715.094563 -1715.102867 -1715.117866 -1715.145793 -1715.199334 -1715.305113 -1715.521869 -1715.988518 -1717.060385 -1719.730622 -1727.148294 -1751.187397 -9999.0 -9999.0
-9999.0 -9999.0 -9999.0 -9999.0 -9999.0 -9999.0 -9999.0 -9999.0 -9999.0 -9999.0 -9999.0 -9999.0 -9999.0 -9999.0 -9999.0 -9999.0 -9999.0 -9999.0 -9999.0 -9999.0 -9999.0 -9999.0 -9999.0 -9999.0 -9999.0 -9999.0 -9999.0 -9999.0 -9999.0 -9999.0 -9999.0 -9999.0 -9999.0 -9999.0 -9999.0 -9999.0 -9999.0 -9999.0 -9999.0 -9999.0 -9999.0 -9999.0 -9999.0 -9999.0 -9999.0 -9999.0 -9999.0 -9999.0 -9999.0 -9999.0 -9999.0 -9999.0 -9999.0 -9999.0 -9999.0 -9999.0 -9999.0 -9999.0 -9999.0 -9999.0 -9999.0 -9999.0 -9999.0 -9999.0 -9999.0 -9999.0 -9999.0 -9999.0 -9999.0 -9999.0 -9999.0 -9999.0 -9999.0 -9999.0 -9999.0 -9999.0 -9999.0 -9999.0 -9999.0 -9999.0 -9999.0 -9999.0 -9999.0 -9999.0 -9999.0 -9999.0 -9999.0 -9999.0 -9999.0 -9999.0 -9999.0 -9999.0 -9999.0 -9999.0 -9999.0 -9999.0 -9999.0 -9999.0 -9999.0 -9999.0 -9999.0 -9999.0 -9999.0 -9999.0
-9999.0 -9999.0 -9999.0 -9999.0 -9999.0 -9999.0 -9999.0 -9999.0 -9999.0 -9999.0 -9999.0 -9999.0 -9999.0 -9999.0 -9999.0 -9999.0 -9999.0 -9999.0 -9999.0 -9999.0 -9999.0 -9999.0 -9999.0 -9999.0 -9999.0 -9999.0 -9999.0 -9999.0 -9999.0 -9999.0 -9999.0 -9999.0 -9999.0 -9999.0 -9999.0 -9999.0 -9999.0 -9999.0 -9999.0 -9999.0 -9999.0 -9999.0 -9999.0 -9999.0 -9999.0 -9999.0 -9999.0 -9999.0 -9999.0 -9999.0 -9999.0 -9999.0 -9999.0 -9999.0 -9999.0 -9999.0 -9999.0 -9999.0 -9999.0 -9999.0 -9999.0 -9999.0 -9999.0 -9999.0 -9999.0 -9999.0 -9999.0 -9999.0 -9999.0 -9999.0 -9999.0 -9999.0 -9999.0 -9999.0 -9999.0 -9999.0 -9999.0 -9999.0 -9999.0 -9999.0 -9999.0 -9999.0 -9999.0 -9999.0 -9999.0 -9999.0 -9999.0 -9999.0 -9999.0 -9999.0 -9999.0 -9999.0 -9999.0 -9999.0 -9999.0 -9999.0 -9999.0 -9999.0 -9999.0 -9999.0 -9999.0 -9999.0 -9999.0 -9999.0