inst/processing_geotop_simulation/geotop_simulation/out/maps3D/PwL0006N0155.asc
ncols         104
nrows         10
xllcorner     -2.000000
yllcorner     0.000000
cellsize      1.000000
NODATA_value  -9999.0
-9999.0 -9999.0 -9999.0 -9999.0 -9999.0 -9999.0 -9999.0 -9999.0 -9999.0 -9999.0 -9999.0 -9999.0 -9999.0 -9999.0 -9999.0 -9999.0 -9999.0 -9999.0 -9999.0 -9999.0 -9999.0 -9999.0 -9999.0 -9999.0 -9999.0 -9999.0 -9999.0 -9999.0 -9999.0 -9999.0 -9999.0 -9999.0 -9999.0 -9999.0 -9999.0 -9999.0 -9999.0 -9999.0 -9999.0 -9999.0 -9999.0 -9999.0 -9999.0 -9999.0 -9999.0 -9999.0 -9999.0 -9999.0 -9999.0 -9999.0 -9999.0 -9999.0 -9999.0 -9999.0 -9999.0 -9999.0 -9999.0 -9999.0 -9999.0 -9999.0 -9999.0 -9999.0 -9999.0 -9999.0 -9999.0 -9999.0 -9999.0 -9999.0 -9999.0 -9999.0 -9999.0 -9999.0 -9999.0 -9999.0 -9999.0 -9999.0 -9999.0 -9999.0 -9999.0 -9999.0 -9999.0 -9999.0 -9999.0 -9999.0 -9999.0 -9999.0 -9999.0 -9999.0 -9999.0 -9999.0 -9999.0 -9999.0 -9999.0 -9999.0 -9999.0 -9999.0 -9999.0 -9999.0 -9999.0 -9999.0 -9999.0 -9999.0 -9999.0 -9999.0
-9999.0 -9999.0 -9999.0 -9999.0 -9999.0 -9999.0 -9999.0 -9999.0 -9999.0 -9999.0 -9999.0 -9999.0 -9999.0 -9999.0 -9999.0 -9999.0 -9999.0 -9999.0 -9999.0 -9999.0 -9999.0 -9999.0 -9999.0 -9999.0 -9999.0 -9999.0 -9999.0 -9999.0 -9999.0 -9999.0 -9999.0 -9999.0 -9999.0 -9999.0 -9999.0 -9999.0 -9999.0 -9999.0 -9999.0 -9999.0 -9999.0 -9999.0 -9999.0 -9999.0 -9999.0 -9999.0 -9999.0 -9999.0 -9999.0 -9999.0 -9999.0 -9999.0 -9999.0 -9999.0 -9999.0 -9999.0 -9999.0 -9999.0 -9999.0 -9999.0 -9999.0 -9999.0 -9999.0 -9999.0 -9999.0 -9999.0 -9999.0 -9999.0 -9999.0 -9999.0 -9999.0 -9999.0 -9999.0 -9999.0 -9999.0 -9999.0 -9999.0 -9999.0 -9999.0 -9999.0 -9999.0 -9999.0 -9999.0 -9999.0 -9999.0 -9999.0 -9999.0 -9999.0 -9999.0 -9999.0 -9999.0 -9999.0 -9999.0 -9999.0 -9999.0 -9999.0 -9999.0 -9999.0 -9999.0 -9999.0 -9999.0 -9999.0 -9999.0 -9999.0
-9999.0 -9999.0 283.501961 194.258120 100.542666 5.315106 -90.494448 -186.545871 -282.640856 -378.635931 -474.353366 -569.411220 -663.175161 -756.971571 -850.855749 -944.744660 -1038.838276 -1132.099240 -1223.874136 -1305.626627 -1369.245562 -1414.710484 -1445.128702 -1464.701756 -1477.151819 -1485.163866 -1490.451095 -1494.029418 -1496.489566 -1498.188392 -1499.357789 -1500.157281 -1500.699703 -1501.064929 -1501.309015 -1501.472686 -1501.592274 -1501.719406 -1502.024348 -1503.585551 -1511.898026 -1534.472921 -1070.096585 -1098.738855 -1075.291856 -1060.829236 -1054.123139 -1053.213343 -1053.121169 -1053.133309 -1053.160765 -1053.190083 -1053.218226 -1053.244268 -1053.268311 -1053.295111 -1053.371496 -1053.895449 -1057.387204 -1065.311729 -1077.788745 -1033.991952 -1511.102602 -1507.448945 -1502.845639 -1502.026133 -1501.902286 -1501.882966 -1501.880770 -1501.881591 -1501.882760 -1501.883760 -1501.884535 -1501.885122 -1501.885570 -1501.885918 -1501.886192 -1501.886413 -1501.886597 -1501.886759 -1501.886918 -1501.887093 -1501.887312 -1501.887616 -1501.888066 -1501.888757 -1501.889842 -1501.891577 -1501.894389 -1501.899024 -1501.906822 -1501.920277 -1501.944174 -1501.987907 -1502.070186 -1502.228629 -1502.540202 -1503.169294 -1504.494975 -1507.476682 -1514.848468 -1536.720925 -9999.0 -9999.0
-9999.0 -9999.0 283.511346 194.260290 100.543235 5.315274 -90.494395 -186.545853 -282.640850 -378.635929 -474.353365 -569.411220 -663.175161 -756.971571 -850.855749 -944.744660 -1038.838276 -1132.099241 -1223.874137 -1305.626627 -1369.245563 -1414.710484 -1445.128702 -1464.701756 -1477.151820 -1485.163867 -1490.451095 -1494.029418 -1496.489566 -1498.188392 -1499.357789 -1500.157281 -1500.699703 -1501.064929 -1501.309015 -1501.472686 -1501.592274 -1501.719406 -1502.024348 -1503.585551 -1511.898026 -1534.472921 -1070.096585 -1098.738855 -1075.291855 -1060.829236 -1054.123139 -1053.213343 -1053.121169 -1053.133309 -1053.160765 -1053.190083 -1053.218226 -1053.244268 -1053.268311 -1053.295111 -1053.371496 -1053.895449 -1057.387204 -1065.311729 -1077.788745 -1033.991952 -1511.102602 -1507.448945 -1502.845639 -1502.026133 -1501.902286 -1501.882966 -1501.880770 -1501.881591 -1501.882760 -1501.883760 -1501.884535 -1501.885122 -1501.885570 -1501.885918 -1501.886192 -1501.886413 -1501.886597 -1501.886759 -1501.886918 -1501.887093 -1501.887312 -1501.887616 -1501.888066 -1501.888757 -1501.889842 -1501.891577 -1501.894389 -1501.899024 -1501.906822 -1501.920277 -1501.944174 -1501.987907 -1502.070186 -1502.228629 -1502.540202 -1503.169294 -1504.494975 -1507.476682 -1514.848468 -1536.720925 -9999.0 -9999.0
-9999.0 -9999.0 283.512973 194.261193 100.543596 5.315406 -90.494348 -186.545837 -282.640844 -378.635927 -474.353364 -569.411220 -663.175161 -756.971571 -850.855749 -944.744660 -1038.838276 -1132.099241 -1223.874137 -1305.626627 -1369.245563 -1414.710484 -1445.128702 -1464.701756 -1477.151820 -1485.163867 -1490.451095 -1494.029418 -1496.489566 -1498.188392 -1499.357789 -1500.157281 -1500.699703 -1501.064929 -1501.309015 -1501.472686 -1501.592274 -1501.719406 -1502.024348 -1503.585551 -1511.898026 -1534.472921 -1070.096585 -1098.738855 -1075.291855 -1060.829236 -1054.123139 -1053.213343 -1053.121169 -1053.133309 -1053.160765 -1053.190083 -1053.218226 -1053.244268 -1053.268311 -1053.295111 -1053.371496 -1053.895449 -1057.387204 -1065.311729 -1077.788745 -1033.991952 -1511.102602 -1507.448945 -1502.845639 -1502.026133 -1501.902286 -1501.882966 -1501.880770 -1501.881591 -1501.882760 -1501.883760 -1501.884535 -1501.885122 -1501.885570 -1501.885918 -1501.886192 -1501.886413 -1501.886597 -1501.886759 -1501.886918 -1501.887093 -1501.887312 -1501.887616 -1501.888066 -1501.888757 -1501.889842 -1501.891577 -1501.894389 -1501.899024 -1501.906822 -1501.920277 -1501.944174 -1501.987907 -1502.070186 -1502.228629 -1502.540202 -1503.169294 -1504.494975 -1507.476682 -1514.848468 -1536.720925 -9999.0 -9999.0
-9999.0 -9999.0 283.512973 194.261193 100.543596 5.315405 -90.494348 -186.545837 -282.640844 -378.635927 -474.353364 -569.411220 -663.175161 -756.971571 -850.855749 -944.744660 -1038.838276 -1132.099241 -1223.874137 -1305.626627 -1369.245563 -1414.710484 -1445.128702 -1464.701756 -1477.151820 -1485.163867 -1490.451095 -1494.029418 -1496.489566 -1498.188392 -1499.357789 -1500.157281 -1500.699703 -1501.064929 -1501.309015 -1501.472686 -1501.592274 -1501.719406 -1502.024348 -1503.585551 -1511.898026 -1534.472921 -1070.096585 -1098.738855 -1075.291855 -1060.829236 -1054.123139 -1053.213343 -1053.121169 -1053.133309 -1053.160765 -1053.190083 -1053.218226 -1053.244268 -1053.268311 -1053.295111 -1053.371496 -1053.895449 -1057.387204 -1065.311729 -1077.788745 -1033.991952 -1511.102602 -1507.448945 -1502.845639 -1502.026133 -1501.902286 -1501.882966 -1501.880770 -1501.881591 -1501.882760 -1501.883760 -1501.884535 -1501.885122 -1501.885570 -1501.885918 -1501.886192 -1501.886413 -1501.886597 -1501.886759 -1501.886918 -1501.887093 -1501.887312 -1501.887616 -1501.888066 -1501.888757 -1501.889842 -1501.891577 -1501.894389 -1501.899024 -1501.906822 -1501.920277 -1501.944174 -1501.987907 -1502.070186 -1502.228629 -1502.540202 -1503.169294 -1504.494975 -1507.476682 -1514.848468 -1536.720925 -9999.0 -9999.0
-9999.0 -9999.0 283.511346 194.260290 100.543235 5.315274 -90.494395 -186.545853 -282.640850 -378.635929 -474.353365 -569.411220 -663.175161 -756.971571 -850.855749 -944.744660 -1038.838276 -1132.099241 -1223.874137 -1305.626627 -1369.245563 -1414.710484 -1445.128702 -1464.701756 -1477.151820 -1485.163867 -1490.451095 -1494.029418 -1496.489566 -1498.188392 -1499.357789 -1500.157281 -1500.699703 -1501.064929 -1501.309015 -1501.472686 -1501.592274 -1501.719406 -1502.024348 -1503.585551 -1511.898026 -1534.472921 -1070.096585 -1098.738855 -1075.291855 -1060.829236 -1054.123139 -1053.213343 -1053.121169 -1053.133309 -1053.160765 -1053.190083 -1053.218226 -1053.244268 -1053.268311 -1053.295111 -1053.371496 -1053.895449 -1057.387204 -1065.311729 -1077.788745 -1033.991952 -1511.102602 -1507.448945 -1502.845639 -1502.026133 -1501.902286 -1501.882966 -1501.880770 -1501.881591 -1501.882760 -1501.883760 -1501.884535 -1501.885122 -1501.885570 -1501.885918 -1501.886192 -1501.886413 -1501.886597 -1501.886759 -1501.886918 -1501.887093 -1501.887312 -1501.887616 -1501.888066 -1501.888757 -1501.889842 -1501.891577 -1501.894389 -1501.899024 -1501.906822 -1501.920277 -1501.944174 -1501.987907 -1502.070186 -1502.228629 -1502.540202 -1503.169294 -1504.494975 -1507.476682 -1514.848468 -1536.720925 -9999.0 -9999.0
-9999.0 -9999.0 283.501961 194.258120 100.542666 5.315106 -90.494448 -186.545871 -282.640856 -378.635931 -474.353366 -569.411220 -663.175161 -756.971571 -850.855749 -944.744660 -1038.838276 -1132.099240 -1223.874136 -1305.626627 -1369.245562 -1414.710484 -1445.128702 -1464.701756 -1477.151819 -1485.163866 -1490.451095 -1494.029418 -1496.489566 -1498.188392 -1499.357789 -1500.157281 -1500.699703 -1501.064929 -1501.309015 -1501.472686 -1501.592274 -1501.719406 -1502.024348 -1503.585551 -1511.898026 -1534.472921 -1070.096585 -1098.738855 -1075.291856 -1060.829236 -1054.123139 -1053.213343 -1053.121169 -1053.133309 -1053.160765 -1053.190083 -1053.218226 -1053.244268 -1053.268311 -1053.295111 -1053.371496 -1053.895449 -1057.387204 -1065.311729 -1077.788745 -1033.991952 -1511.102602 -1507.448945 -1502.845639 -1502.026133 -1501.902286 -1501.882966 -1501.880770 -1501.881591 -1501.882760 -1501.883760 -1501.884535 -1501.885122 -1501.885570 -1501.885918 -1501.886192 -1501.886413 -1501.886597 -1501.886759 -1501.886918 -1501.887093 -1501.887312 -1501.887616 -1501.888066 -1501.888757 -1501.889842 -1501.891577 -1501.894389 -1501.899024 -1501.906822 -1501.920277 -1501.944174 -1501.987907 -1502.070186 -1502.228629 -1502.540202 -1503.169294 -1504.494975 -1507.476682 -1514.848468 -1536.720925 -9999.0 -9999.0
-9999.0 -9999.0 -9999.0 -9999.0 -9999.0 -9999.0 -9999.0 -9999.0 -9999.0 -9999.0 -9999.0 -9999.0 -9999.0 -9999.0 -9999.0 -9999.0 -9999.0 -9999.0 -9999.0 -9999.0 -9999.0 -9999.0 -9999.0 -9999.0 -9999.0 -9999.0 -9999.0 -9999.0 -9999.0 -9999.0 -9999.0 -9999.0 -9999.0 -9999.0 -9999.0 -9999.0 -9999.0 -9999.0 -9999.0 -9999.0 -9999.0 -9999.0 -9999.0 -9999.0 -9999.0 -9999.0 -9999.0 -9999.0 -9999.0 -9999.0 -9999.0 -9999.0 -9999.0 -9999.0 -9999.0 -9999.0 -9999.0 -9999.0 -9999.0 -9999.0 -9999.0 -9999.0 -9999.0 -9999.0 -9999.0 -9999.0 -9999.0 -9999.0 -9999.0 -9999.0 -9999.0 -9999.0 -9999.0 -9999.0 -9999.0 -9999.0 -9999.0 -9999.0 -9999.0 -9999.0 -9999.0 -9999.0 -9999.0 -9999.0 -9999.0 -9999.0 -9999.0 -9999.0 -9999.0 -9999.0 -9999.0 -9999.0 -9999.0 -9999.0 -9999.0 -9999.0 -9999.0 -9999.0 -9999.0 -9999.0 -9999.0 -9999.0 -9999.0 -9999.0
-9999.0 -9999.0 -9999.0 -9999.0 -9999.0 -9999.0 -9999.0 -9999.0 -9999.0 -9999.0 -9999.0 -9999.0 -9999.0 -9999.0 -9999.0 -9999.0 -9999.0 -9999.0 -9999.0 -9999.0 -9999.0 -9999.0 -9999.0 -9999.0 -9999.0 -9999.0 -9999.0 -9999.0 -9999.0 -9999.0 -9999.0 -9999.0 -9999.0 -9999.0 -9999.0 -9999.0 -9999.0 -9999.0 -9999.0 -9999.0 -9999.0 -9999.0 -9999.0 -9999.0 -9999.0 -9999.0 -9999.0 -9999.0 -9999.0 -9999.0 -9999.0 -9999.0 -9999.0 -9999.0 -9999.0 -9999.0 -9999.0 -9999.0 -9999.0 -9999.0 -9999.0 -9999.0 -9999.0 -9999.0 -9999.0 -9999.0 -9999.0 -9999.0 -9999.0 -9999.0 -9999.0 -9999.0 -9999.0 -9999.0 -9999.0 -9999.0 -9999.0 -9999.0 -9999.0 -9999.0 -9999.0 -9999.0 -9999.0 -9999.0 -9999.0 -9999.0 -9999.0 -9999.0 -9999.0 -9999.0 -9999.0 -9999.0 -9999.0 -9999.0 -9999.0 -9999.0 -9999.0 -9999.0 -9999.0 -9999.0 -9999.0 -9999.0 -9999.0 -9999.0