inst/processing_geotop_simulation/geotop_simulation/out/maps3D/PwL0010N0412.asc
ncols         104
nrows         10
xllcorner     -2.000000
yllcorner     0.000000
cellsize      1.000000
NODATA_value  -9999.0
-9999.0 -9999.0 -9999.0 -9999.0 -9999.0 -9999.0 -9999.0 -9999.0 -9999.0 -9999.0 -9999.0 -9999.0 -9999.0 -9999.0 -9999.0 -9999.0 -9999.0 -9999.0 -9999.0 -9999.0 -9999.0 -9999.0 -9999.0 -9999.0 -9999.0 -9999.0 -9999.0 -9999.0 -9999.0 -9999.0 -9999.0 -9999.0 -9999.0 -9999.0 -9999.0 -9999.0 -9999.0 -9999.0 -9999.0 -9999.0 -9999.0 -9999.0 -9999.0 -9999.0 -9999.0 -9999.0 -9999.0 -9999.0 -9999.0 -9999.0 -9999.0 -9999.0 -9999.0 -9999.0 -9999.0 -9999.0 -9999.0 -9999.0 -9999.0 -9999.0 -9999.0 -9999.0 -9999.0 -9999.0 -9999.0 -9999.0 -9999.0 -9999.0 -9999.0 -9999.0 -9999.0 -9999.0 -9999.0 -9999.0 -9999.0 -9999.0 -9999.0 -9999.0 -9999.0 -9999.0 -9999.0 -9999.0 -9999.0 -9999.0 -9999.0 -9999.0 -9999.0 -9999.0 -9999.0 -9999.0 -9999.0 -9999.0 -9999.0 -9999.0 -9999.0 -9999.0 -9999.0 -9999.0 -9999.0 -9999.0 -9999.0 -9999.0 -9999.0 -9999.0
-9999.0 -9999.0 -9999.0 -9999.0 -9999.0 -9999.0 -9999.0 -9999.0 -9999.0 -9999.0 -9999.0 -9999.0 -9999.0 -9999.0 -9999.0 -9999.0 -9999.0 -9999.0 -9999.0 -9999.0 -9999.0 -9999.0 -9999.0 -9999.0 -9999.0 -9999.0 -9999.0 -9999.0 -9999.0 -9999.0 -9999.0 -9999.0 -9999.0 -9999.0 -9999.0 -9999.0 -9999.0 -9999.0 -9999.0 -9999.0 -9999.0 -9999.0 -9999.0 -9999.0 -9999.0 -9999.0 -9999.0 -9999.0 -9999.0 -9999.0 -9999.0 -9999.0 -9999.0 -9999.0 -9999.0 -9999.0 -9999.0 -9999.0 -9999.0 -9999.0 -9999.0 -9999.0 -9999.0 -9999.0 -9999.0 -9999.0 -9999.0 -9999.0 -9999.0 -9999.0 -9999.0 -9999.0 -9999.0 -9999.0 -9999.0 -9999.0 -9999.0 -9999.0 -9999.0 -9999.0 -9999.0 -9999.0 -9999.0 -9999.0 -9999.0 -9999.0 -9999.0 -9999.0 -9999.0 -9999.0 -9999.0 -9999.0 -9999.0 -9999.0 -9999.0 -9999.0 -9999.0 -9999.0 -9999.0 -9999.0 -9999.0 -9999.0 -9999.0 -9999.0
-9999.0 -9999.0 472.642643 374.143415 275.166405 175.966026 76.671228 -22.660854 -122.003273 -221.344075 -320.670850 -419.965394 -519.193935 -618.287812 -717.161735 -816.122939 -914.987333 -1013.737142 -1112.357087 -1209.763767 -1305.511646 -1398.054791 -1485.023690 -1563.739880 -1632.044518 -1688.876108 -1734.366958 -1769.570244 -1796.048089 -1815.502714 -1829.529362 -1839.491041 -1846.481892 -1851.342290 -1854.697864 -1857.006748 -1858.614154 -1859.847232 -1861.269020 -1864.143469 -1868.171014 -1842.157820 -1328.622516 -1488.843438 -1446.555686 -1418.736469 -1406.011598 -1404.206101 -1404.016978 -1404.034022 -1404.080311 -1404.130127 -1404.177994 -1404.222317 -1404.263480 -1404.311633 -1404.463815 -1405.511218 -1412.139644 -1427.095768 -1443.560486 -1269.285341 -1807.450105 -1860.919821 -1862.976818 -1862.275304 -1862.042152 -1861.994043 -1861.985968 -1861.985106 -1861.985404 -1861.985814 -1861.986167 -1861.986450 -1861.986675 -1861.986859 -1861.987012 -1861.987143 -1861.987260 -1861.987369 -1861.987480 -1861.987601 -1861.987746 -1861.987935 -1861.988197 -1861.988582 -1861.989168 -1861.990086 -1861.991563 -1861.994007 -1861.998165 -1862.005465 -1862.018699 -1862.043466 -1862.091282 -1862.186742 -1862.385386 -1862.821915 -1863.850168 -1866.491139 -1874.064219 -1898.927682 -9999.0 -9999.0
-9999.0 -9999.0 472.648222 374.144963 275.166836 175.966156 76.671270 -22.660839 -122.003268 -221.344073 -320.670849 -419.965394 -519.193934 -618.287812 -717.161735 -816.122939 -914.987333 -1013.737142 -1112.357087 -1209.763767 -1305.511646 -1398.054791 -1485.023691 -1563.739880 -1632.044518 -1688.876108 -1734.366958 -1769.570244 -1796.048089 -1815.502714 -1829.529362 -1839.491041 -1846.481892 -1851.342290 -1854.697864 -1857.006748 -1858.614154 -1859.847232 -1861.269020 -1864.143468 -1868.171014 -1842.157820 -1328.622516 -1488.843438 -1446.555685 -1418.736469 -1406.011598 -1404.206101 -1404.016978 -1404.034022 -1404.080311 -1404.130127 -1404.177994 -1404.222317 -1404.263480 -1404.311633 -1404.463815 -1405.511218 -1412.139644 -1427.095768 -1443.560486 -1269.285341 -1807.450105 -1860.919821 -1862.976818 -1862.275304 -1862.042152 -1861.994043 -1861.985968 -1861.985106 -1861.985404 -1861.985814 -1861.986167 -1861.986450 -1861.986675 -1861.986859 -1861.987012 -1861.987143 -1861.987260 -1861.987369 -1861.987480 -1861.987601 -1861.987746 -1861.987935 -1861.988197 -1861.988582 -1861.989168 -1861.990086 -1861.991563 -1861.994007 -1861.998165 -1862.005465 -1862.018699 -1862.043466 -1862.091282 -1862.186742 -1862.385386 -1862.821915 -1863.850168 -1866.491139 -1874.064219 -1898.927682 -9999.0 -9999.0
-9999.0 -9999.0 472.649545 374.145659 275.167116 175.966259 76.671307 -22.660826 -122.003263 -221.344071 -320.670848 -419.965393 -519.193934 -618.287811 -717.161735 -816.122940 -914.987334 -1013.737142 -1112.357087 -1209.763767 -1305.511646 -1398.054791 -1485.023691 -1563.739880 -1632.044518 -1688.876108 -1734.366958 -1769.570244 -1796.048089 -1815.502714 -1829.529362 -1839.491041 -1846.481892 -1851.342290 -1854.697864 -1857.006748 -1858.614154 -1859.847232 -1861.269020 -1864.143468 -1868.171014 -1842.157820 -1328.622516 -1488.843438 -1446.555685 -1418.736468 -1406.011598 -1404.206101 -1404.016978 -1404.034022 -1404.080311 -1404.130127 -1404.177994 -1404.222317 -1404.263480 -1404.311633 -1404.463815 -1405.511218 -1412.139644 -1427.095768 -1443.560486 -1269.285341 -1807.450105 -1860.919821 -1862.976818 -1862.275304 -1862.042152 -1861.994043 -1861.985968 -1861.985106 -1861.985404 -1861.985814 -1861.986167 -1861.986450 -1861.986675 -1861.986859 -1861.987012 -1861.987143 -1861.987260 -1861.987369 -1861.987480 -1861.987601 -1861.987746 -1861.987935 -1861.988197 -1861.988582 -1861.989168 -1861.990086 -1861.991563 -1861.994007 -1861.998165 -1862.005465 -1862.018699 -1862.043466 -1862.091282 -1862.186742 -1862.385386 -1862.821915 -1863.850168 -1866.491139 -1874.064219 -1898.927682 -9999.0 -9999.0
-9999.0 -9999.0 472.649545 374.145659 275.167115 175.966259 76.671307 -22.660826 -122.003263 -221.344071 -320.670848 -419.965393 -519.193934 -618.287812 -717.161735 -816.122940 -914.987334 -1013.737142 -1112.357087 -1209.763767 -1305.511646 -1398.054791 -1485.023691 -1563.739880 -1632.044518 -1688.876108 -1734.366958 -1769.570244 -1796.048089 -1815.502714 -1829.529362 -1839.491041 -1846.481892 -1851.342290 -1854.697864 -1857.006748 -1858.614154 -1859.847232 -1861.269020 -1864.143468 -1868.171014 -1842.157820 -1328.622516 -1488.843438 -1446.555685 -1418.736468 -1406.011598 -1404.206101 -1404.016978 -1404.034022 -1404.080311 -1404.130127 -1404.177994 -1404.222317 -1404.263480 -1404.311633 -1404.463815 -1405.511218 -1412.139644 -1427.095768 -1443.560486 -1269.285341 -1807.450105 -1860.919821 -1862.976818 -1862.275304 -1862.042152 -1861.994043 -1861.985968 -1861.985106 -1861.985404 -1861.985814 -1861.986167 -1861.986450 -1861.986675 -1861.986859 -1861.987012 -1861.987143 -1861.987260 -1861.987369 -1861.987480 -1861.987601 -1861.987746 -1861.987935 -1861.988197 -1861.988582 -1861.989168 -1861.990086 -1861.991563 -1861.994007 -1861.998165 -1862.005465 -1862.018699 -1862.043466 -1862.091282 -1862.186742 -1862.385386 -1862.821915 -1863.850168 -1866.491139 -1874.064219 -1898.927682 -9999.0 -9999.0
-9999.0 -9999.0 472.648222 374.144963 275.166836 175.966156 76.671270 -22.660839 -122.003268 -221.344073 -320.670849 -419.965393 -519.193934 -618.287812 -717.161735 -816.122939 -914.987333 -1013.737142 -1112.357087 -1209.763767 -1305.511646 -1398.054791 -1485.023691 -1563.739880 -1632.044518 -1688.876108 -1734.366958 -1769.570244 -1796.048089 -1815.502714 -1829.529362 -1839.491041 -1846.481892 -1851.342290 -1854.697864 -1857.006748 -1858.614154 -1859.847232 -1861.269020 -1864.143468 -1868.171014 -1842.157820 -1328.622516 -1488.843438 -1446.555685 -1418.736469 -1406.011598 -1404.206101 -1404.016978 -1404.034022 -1404.080311 -1404.130127 -1404.177994 -1404.222317 -1404.263480 -1404.311633 -1404.463815 -1405.511218 -1412.139644 -1427.095768 -1443.560486 -1269.285341 -1807.450105 -1860.919821 -1862.976818 -1862.275304 -1862.042152 -1861.994043 -1861.985968 -1861.985106 -1861.985404 -1861.985814 -1861.986167 -1861.986450 -1861.986675 -1861.986859 -1861.987012 -1861.987143 -1861.987260 -1861.987369 -1861.987480 -1861.987601 -1861.987746 -1861.987935 -1861.988197 -1861.988582 -1861.989168 -1861.990086 -1861.991563 -1861.994007 -1861.998165 -1862.005465 -1862.018699 -1862.043466 -1862.091282 -1862.186742 -1862.385386 -1862.821915 -1863.850168 -1866.491139 -1874.064219 -1898.927682 -9999.0 -9999.0
-9999.0 -9999.0 472.642643 374.143415 275.166405 175.966026 76.671228 -22.660854 -122.003273 -221.344076 -320.670850 -419.965394 -519.193934 -618.287812 -717.161735 -816.122939 -914.987333 -1013.737142 -1112.357087 -1209.763767 -1305.511646 -1398.054791 -1485.023690 -1563.739880 -1632.044518 -1688.876108 -1734.366958 -1769.570244 -1796.048089 -1815.502714 -1829.529362 -1839.491041 -1846.481892 -1851.342290 -1854.697864 -1857.006748 -1858.614154 -1859.847232 -1861.269020 -1864.143469 -1868.171014 -1842.157820 -1328.622516 -1488.843438 -1446.555686 -1418.736469 -1406.011598 -1404.206101 -1404.016978 -1404.034022 -1404.080311 -1404.130127 -1404.177994 -1404.222317 -1404.263480 -1404.311633 -1404.463815 -1405.511218 -1412.139644 -1427.095768 -1443.560486 -1269.285341 -1807.450105 -1860.919821 -1862.976818 -1862.275304 -1862.042152 -1861.994043 -1861.985968 -1861.985106 -1861.985404 -1861.985814 -1861.986167 -1861.986450 -1861.986675 -1861.986859 -1861.987012 -1861.987143 -1861.987260 -1861.987369 -1861.987480 -1861.987601 -1861.987746 -1861.987935 -1861.988197 -1861.988582 -1861.989168 -1861.990086 -1861.991563 -1861.994007 -1861.998165 -1862.005465 -1862.018699 -1862.043466 -1862.091282 -1862.186742 -1862.385386 -1862.821915 -1863.850168 -1866.491139 -1874.064219 -1898.927682 -9999.0 -9999.0
-9999.0 -9999.0 -9999.0 -9999.0 -9999.0 -9999.0 -9999.0 -9999.0 -9999.0 -9999.0 -9999.0 -9999.0 -9999.0 -9999.0 -9999.0 -9999.0 -9999.0 -9999.0 -9999.0 -9999.0 -9999.0 -9999.0 -9999.0 -9999.0 -9999.0 -9999.0 -9999.0 -9999.0 -9999.0 -9999.0 -9999.0 -9999.0 -9999.0 -9999.0 -9999.0 -9999.0 -9999.0 -9999.0 -9999.0 -9999.0 -9999.0 -9999.0 -9999.0 -9999.0 -9999.0 -9999.0 -9999.0 -9999.0 -9999.0 -9999.0 -9999.0 -9999.0 -9999.0 -9999.0 -9999.0 -9999.0 -9999.0 -9999.0 -9999.0 -9999.0 -9999.0 -9999.0 -9999.0 -9999.0 -9999.0 -9999.0 -9999.0 -9999.0 -9999.0 -9999.0 -9999.0 -9999.0 -9999.0 -9999.0 -9999.0 -9999.0 -9999.0 -9999.0 -9999.0 -9999.0 -9999.0 -9999.0 -9999.0 -9999.0 -9999.0 -9999.0 -9999.0 -9999.0 -9999.0 -9999.0 -9999.0 -9999.0 -9999.0 -9999.0 -9999.0 -9999.0 -9999.0 -9999.0 -9999.0 -9999.0 -9999.0 -9999.0 -9999.0 -9999.0
-9999.0 -9999.0 -9999.0 -9999.0 -9999.0 -9999.0 -9999.0 -9999.0 -9999.0 -9999.0 -9999.0 -9999.0 -9999.0 -9999.0 -9999.0 -9999.0 -9999.0 -9999.0 -9999.0 -9999.0 -9999.0 -9999.0 -9999.0 -9999.0 -9999.0 -9999.0 -9999.0 -9999.0 -9999.0 -9999.0 -9999.0 -9999.0 -9999.0 -9999.0 -9999.0 -9999.0 -9999.0 -9999.0 -9999.0 -9999.0 -9999.0 -9999.0 -9999.0 -9999.0 -9999.0 -9999.0 -9999.0 -9999.0 -9999.0 -9999.0 -9999.0 -9999.0 -9999.0 -9999.0 -9999.0 -9999.0 -9999.0 -9999.0 -9999.0 -9999.0 -9999.0 -9999.0 -9999.0 -9999.0 -9999.0 -9999.0 -9999.0 -9999.0 -9999.0 -9999.0 -9999.0 -9999.0 -9999.0 -9999.0 -9999.0 -9999.0 -9999.0 -9999.0 -9999.0 -9999.0 -9999.0 -9999.0 -9999.0 -9999.0 -9999.0 -9999.0 -9999.0 -9999.0 -9999.0 -9999.0 -9999.0 -9999.0 -9999.0 -9999.0 -9999.0 -9999.0 -9999.0 -9999.0 -9999.0 -9999.0 -9999.0 -9999.0 -9999.0 -9999.0