inst/processing_geotop_simulation/geotop_simulation/out/maps3D/PwL0008N0407.asc
ncols         104
nrows         10
xllcorner     -2.000000
yllcorner     0.000000
cellsize      1.000000
NODATA_value  -9999.0
-9999.0 -9999.0 -9999.0 -9999.0 -9999.0 -9999.0 -9999.0 -9999.0 -9999.0 -9999.0 -9999.0 -9999.0 -9999.0 -9999.0 -9999.0 -9999.0 -9999.0 -9999.0 -9999.0 -9999.0 -9999.0 -9999.0 -9999.0 -9999.0 -9999.0 -9999.0 -9999.0 -9999.0 -9999.0 -9999.0 -9999.0 -9999.0 -9999.0 -9999.0 -9999.0 -9999.0 -9999.0 -9999.0 -9999.0 -9999.0 -9999.0 -9999.0 -9999.0 -9999.0 -9999.0 -9999.0 -9999.0 -9999.0 -9999.0 -9999.0 -9999.0 -9999.0 -9999.0 -9999.0 -9999.0 -9999.0 -9999.0 -9999.0 -9999.0 -9999.0 -9999.0 -9999.0 -9999.0 -9999.0 -9999.0 -9999.0 -9999.0 -9999.0 -9999.0 -9999.0 -9999.0 -9999.0 -9999.0 -9999.0 -9999.0 -9999.0 -9999.0 -9999.0 -9999.0 -9999.0 -9999.0 -9999.0 -9999.0 -9999.0 -9999.0 -9999.0 -9999.0 -9999.0 -9999.0 -9999.0 -9999.0 -9999.0 -9999.0 -9999.0 -9999.0 -9999.0 -9999.0 -9999.0 -9999.0 -9999.0 -9999.0 -9999.0 -9999.0 -9999.0
-9999.0 -9999.0 -9999.0 -9999.0 -9999.0 -9999.0 -9999.0 -9999.0 -9999.0 -9999.0 -9999.0 -9999.0 -9999.0 -9999.0 -9999.0 -9999.0 -9999.0 -9999.0 -9999.0 -9999.0 -9999.0 -9999.0 -9999.0 -9999.0 -9999.0 -9999.0 -9999.0 -9999.0 -9999.0 -9999.0 -9999.0 -9999.0 -9999.0 -9999.0 -9999.0 -9999.0 -9999.0 -9999.0 -9999.0 -9999.0 -9999.0 -9999.0 -9999.0 -9999.0 -9999.0 -9999.0 -9999.0 -9999.0 -9999.0 -9999.0 -9999.0 -9999.0 -9999.0 -9999.0 -9999.0 -9999.0 -9999.0 -9999.0 -9999.0 -9999.0 -9999.0 -9999.0 -9999.0 -9999.0 -9999.0 -9999.0 -9999.0 -9999.0 -9999.0 -9999.0 -9999.0 -9999.0 -9999.0 -9999.0 -9999.0 -9999.0 -9999.0 -9999.0 -9999.0 -9999.0 -9999.0 -9999.0 -9999.0 -9999.0 -9999.0 -9999.0 -9999.0 -9999.0 -9999.0 -9999.0 -9999.0 -9999.0 -9999.0 -9999.0 -9999.0 -9999.0 -9999.0 -9999.0 -9999.0 -9999.0 -9999.0 -9999.0 -9999.0 -9999.0
-9999.0 -9999.0 373.471090 275.169283 176.240922 77.063642 -22.212686 -121.527853 -220.855769 -320.178698 -419.478729 -518.727028 -617.864541 -716.780102 -815.717641 -914.606496 -1013.405366 -1112.114002 -1209.958125 -1306.670674 -1401.214979 -1491.693035 -1575.388950 -1649.545072 -1712.314846 -1763.212964 -1802.967749 -1833.064752 -1855.279023 -1871.343776 -1882.773314 -1890.800199 -1896.379896 -1900.227529 -1902.865145 -1904.669627 -1905.923858 -1906.905031 -1908.127852 -1910.776039 -1913.844812 -1875.380602 -1248.184816 -1312.123089 -1288.194771 -1272.267659 -1264.874139 -1263.783258 -1263.667150 -1263.677155 -1263.705097 -1263.735216 -1263.764167 -1263.790981 -1263.815922 -1263.845432 -1263.940261 -1264.583391 -1268.477940 -1277.159508 -1287.229063 -1209.463317 -1844.101730 -1907.023355 -1909.473716 -1908.800002 -1908.575101 -1908.529269 -1908.521676 -1908.520904 -1908.521219 -1908.521632 -1908.521983 -1908.522261 -1908.522481 -1908.522657 -1908.522802 -1908.522924 -1908.523032 -1908.523132 -1908.523232 -1908.523342 -1908.523476 -1908.523655 -1908.523908 -1908.524283 -1908.524862 -1908.525776 -1908.527256 -1908.529710 -1908.533895 -1908.541246 -1908.554570 -1908.579486 -1908.627514 -1908.723139 -1908.921308 -1909.354505 -1910.369357 -1912.965032 -1920.403506 -1944.962334 -9999.0 -9999.0
-9999.0 -9999.0 373.477608 275.170938 176.241367 77.063775 -22.212643 -121.527839 -220.855764 -320.178696 -419.478728 -518.727027 -617.864541 -716.780102 -815.717641 -914.606496 -1013.405367 -1112.114002 -1209.958125 -1306.670674 -1401.214980 -1491.693035 -1575.388950 -1649.545072 -1712.314846 -1763.212964 -1802.967749 -1833.064752 -1855.279023 -1871.343776 -1882.773314 -1890.800199 -1896.379896 -1900.227529 -1902.865145 -1904.669627 -1905.923858 -1906.905031 -1908.127852 -1910.776039 -1913.844812 -1875.380602 -1248.184816 -1312.123089 -1288.194771 -1272.267658 -1264.874139 -1263.783258 -1263.667150 -1263.677155 -1263.705097 -1263.735216 -1263.764167 -1263.790981 -1263.815922 -1263.845432 -1263.940261 -1264.583391 -1268.477940 -1277.159508 -1287.229063 -1209.463317 -1844.101730 -1907.023355 -1909.473716 -1908.800002 -1908.575101 -1908.529269 -1908.521676 -1908.520904 -1908.521219 -1908.521632 -1908.521983 -1908.522261 -1908.522481 -1908.522657 -1908.522802 -1908.522924 -1908.523032 -1908.523132 -1908.523232 -1908.523342 -1908.523476 -1908.523655 -1908.523908 -1908.524283 -1908.524862 -1908.525776 -1908.527256 -1908.529710 -1908.533895 -1908.541246 -1908.554570 -1908.579486 -1908.627514 -1908.723139 -1908.921308 -1909.354505 -1910.369357 -1912.965032 -1920.403506 -1944.962334 -9999.0 -9999.0
-9999.0 -9999.0 373.478946 275.171654 176.241653 77.063880 -22.212606 -121.527825 -220.855759 -320.178694 -419.478728 -518.727027 -617.864541 -716.780102 -815.717641 -914.606497 -1013.405367 -1112.114002 -1209.958125 -1306.670674 -1401.214980 -1491.693036 -1575.388951 -1649.545073 -1712.314846 -1763.212964 -1802.967749 -1833.064752 -1855.279023 -1871.343776 -1882.773314 -1890.800199 -1896.379896 -1900.227529 -1902.865145 -1904.669627 -1905.923858 -1906.905031 -1908.127852 -1910.776039 -1913.844812 -1875.380602 -1248.184816 -1312.123089 -1288.194771 -1272.267658 -1264.874139 -1263.783258 -1263.667150 -1263.677155 -1263.705097 -1263.735216 -1263.764167 -1263.790981 -1263.815922 -1263.845432 -1263.940261 -1264.583391 -1268.477940 -1277.159508 -1287.229063 -1209.463317 -1844.101730 -1907.023355 -1909.473716 -1908.800002 -1908.575101 -1908.529269 -1908.521676 -1908.520904 -1908.521219 -1908.521632 -1908.521983 -1908.522261 -1908.522481 -1908.522657 -1908.522802 -1908.522924 -1908.523032 -1908.523132 -1908.523232 -1908.523342 -1908.523476 -1908.523655 -1908.523908 -1908.524283 -1908.524862 -1908.525776 -1908.527256 -1908.529710 -1908.533895 -1908.541246 -1908.554570 -1908.579486 -1908.627514 -1908.723139 -1908.921308 -1909.354505 -1910.369357 -1912.965032 -1920.403506 -1944.962334 -9999.0 -9999.0
-9999.0 -9999.0 373.478946 275.171654 176.241653 77.063880 -22.212606 -121.527825 -220.855759 -320.178694 -419.478727 -518.727027 -617.864541 -716.780102 -815.717641 -914.606497 -1013.405367 -1112.114002 -1209.958125 -1306.670674 -1401.214980 -1491.693036 -1575.388951 -1649.545073 -1712.314846 -1763.212964 -1802.967749 -1833.064752 -1855.279023 -1871.343776 -1882.773314 -1890.800199 -1896.379896 -1900.227529 -1902.865145 -1904.669627 -1905.923858 -1906.905031 -1908.127852 -1910.776039 -1913.844812 -1875.380602 -1248.184816 -1312.123089 -1288.194771 -1272.267658 -1264.874139 -1263.783258 -1263.667150 -1263.677155 -1263.705097 -1263.735216 -1263.764167 -1263.790981 -1263.815922 -1263.845432 -1263.940261 -1264.583391 -1268.477940 -1277.159508 -1287.229063 -1209.463317 -1844.101730 -1907.023355 -1909.473716 -1908.800002 -1908.575101 -1908.529269 -1908.521676 -1908.520904 -1908.521219 -1908.521632 -1908.521983 -1908.522261 -1908.522481 -1908.522657 -1908.522802 -1908.522924 -1908.523032 -1908.523132 -1908.523232 -1908.523342 -1908.523476 -1908.523655 -1908.523908 -1908.524283 -1908.524862 -1908.525776 -1908.527256 -1908.529710 -1908.533895 -1908.541246 -1908.554570 -1908.579486 -1908.627514 -1908.723139 -1908.921308 -1909.354505 -1910.369357 -1912.965032 -1920.403506 -1944.962334 -9999.0 -9999.0
-9999.0 -9999.0 373.477608 275.170938 176.241367 77.063775 -22.212643 -121.527839 -220.855764 -320.178696 -419.478728 -518.727027 -617.864541 -716.780102 -815.717641 -914.606496 -1013.405367 -1112.114002 -1209.958125 -1306.670674 -1401.214980 -1491.693035 -1575.388950 -1649.545072 -1712.314846 -1763.212964 -1802.967749 -1833.064752 -1855.279023 -1871.343776 -1882.773314 -1890.800199 -1896.379896 -1900.227529 -1902.865145 -1904.669627 -1905.923858 -1906.905031 -1908.127852 -1910.776039 -1913.844812 -1875.380602 -1248.184816 -1312.123089 -1288.194771 -1272.267658 -1264.874139 -1263.783258 -1263.667150 -1263.677155 -1263.705097 -1263.735216 -1263.764167 -1263.790981 -1263.815922 -1263.845432 -1263.940261 -1264.583391 -1268.477940 -1277.159508 -1287.229063 -1209.463317 -1844.101730 -1907.023355 -1909.473716 -1908.800002 -1908.575101 -1908.529269 -1908.521676 -1908.520904 -1908.521219 -1908.521632 -1908.521983 -1908.522261 -1908.522481 -1908.522657 -1908.522802 -1908.522924 -1908.523032 -1908.523132 -1908.523232 -1908.523342 -1908.523476 -1908.523655 -1908.523908 -1908.524283 -1908.524862 -1908.525776 -1908.527256 -1908.529710 -1908.533895 -1908.541246 -1908.554570 -1908.579486 -1908.627514 -1908.723139 -1908.921308 -1909.354505 -1910.369357 -1912.965032 -1920.403506 -1944.962334 -9999.0 -9999.0
-9999.0 -9999.0 373.471090 275.169283 176.240922 77.063642 -22.212686 -121.527853 -220.855769 -320.178698 -419.478729 -518.727028 -617.864541 -716.780102 -815.717641 -914.606496 -1013.405366 -1112.114002 -1209.958124 -1306.670674 -1401.214979 -1491.693035 -1575.388950 -1649.545072 -1712.314846 -1763.212964 -1802.967749 -1833.064752 -1855.279023 -1871.343776 -1882.773314 -1890.800199 -1896.379896 -1900.227529 -1902.865145 -1904.669627 -1905.923858 -1906.905031 -1908.127852 -1910.776039 -1913.844812 -1875.380602 -1248.184816 -1312.123089 -1288.194771 -1272.267659 -1264.874139 -1263.783258 -1263.667150 -1263.677155 -1263.705097 -1263.735216 -1263.764167 -1263.790981 -1263.815922 -1263.845432 -1263.940261 -1264.583391 -1268.477940 -1277.159508 -1287.229063 -1209.463317 -1844.101730 -1907.023355 -1909.473716 -1908.800002 -1908.575101 -1908.529269 -1908.521676 -1908.520904 -1908.521219 -1908.521632 -1908.521983 -1908.522261 -1908.522481 -1908.522657 -1908.522802 -1908.522924 -1908.523032 -1908.523132 -1908.523232 -1908.523342 -1908.523476 -1908.523655 -1908.523908 -1908.524283 -1908.524862 -1908.525776 -1908.527256 -1908.529710 -1908.533895 -1908.541246 -1908.554570 -1908.579486 -1908.627514 -1908.723139 -1908.921308 -1909.354505 -1910.369357 -1912.965032 -1920.403506 -1944.962334 -9999.0 -9999.0
-9999.0 -9999.0 -9999.0 -9999.0 -9999.0 -9999.0 -9999.0 -9999.0 -9999.0 -9999.0 -9999.0 -9999.0 -9999.0 -9999.0 -9999.0 -9999.0 -9999.0 -9999.0 -9999.0 -9999.0 -9999.0 -9999.0 -9999.0 -9999.0 -9999.0 -9999.0 -9999.0 -9999.0 -9999.0 -9999.0 -9999.0 -9999.0 -9999.0 -9999.0 -9999.0 -9999.0 -9999.0 -9999.0 -9999.0 -9999.0 -9999.0 -9999.0 -9999.0 -9999.0 -9999.0 -9999.0 -9999.0 -9999.0 -9999.0 -9999.0 -9999.0 -9999.0 -9999.0 -9999.0 -9999.0 -9999.0 -9999.0 -9999.0 -9999.0 -9999.0 -9999.0 -9999.0 -9999.0 -9999.0 -9999.0 -9999.0 -9999.0 -9999.0 -9999.0 -9999.0 -9999.0 -9999.0 -9999.0 -9999.0 -9999.0 -9999.0 -9999.0 -9999.0 -9999.0 -9999.0 -9999.0 -9999.0 -9999.0 -9999.0 -9999.0 -9999.0 -9999.0 -9999.0 -9999.0 -9999.0 -9999.0 -9999.0 -9999.0 -9999.0 -9999.0 -9999.0 -9999.0 -9999.0 -9999.0 -9999.0 -9999.0 -9999.0 -9999.0 -9999.0
-9999.0 -9999.0 -9999.0 -9999.0 -9999.0 -9999.0 -9999.0 -9999.0 -9999.0 -9999.0 -9999.0 -9999.0 -9999.0 -9999.0 -9999.0 -9999.0 -9999.0 -9999.0 -9999.0 -9999.0 -9999.0 -9999.0 -9999.0 -9999.0 -9999.0 -9999.0 -9999.0 -9999.0 -9999.0 -9999.0 -9999.0 -9999.0 -9999.0 -9999.0 -9999.0 -9999.0 -9999.0 -9999.0 -9999.0 -9999.0 -9999.0 -9999.0 -9999.0 -9999.0 -9999.0 -9999.0 -9999.0 -9999.0 -9999.0 -9999.0 -9999.0 -9999.0 -9999.0 -9999.0 -9999.0 -9999.0 -9999.0 -9999.0 -9999.0 -9999.0 -9999.0 -9999.0 -9999.0 -9999.0 -9999.0 -9999.0 -9999.0 -9999.0 -9999.0 -9999.0 -9999.0 -9999.0 -9999.0 -9999.0 -9999.0 -9999.0 -9999.0 -9999.0 -9999.0 -9999.0 -9999.0 -9999.0 -9999.0 -9999.0 -9999.0 -9999.0 -9999.0 -9999.0 -9999.0 -9999.0 -9999.0 -9999.0 -9999.0 -9999.0 -9999.0 -9999.0 -9999.0 -9999.0 -9999.0 -9999.0 -9999.0 -9999.0 -9999.0 -9999.0