inst/processing_geotop_simulation/geotop_simulation/out/maps3D/PwL0007N0261.asc
ncols         104
nrows         10
xllcorner     -2.000000
yllcorner     0.000000
cellsize      1.000000
NODATA_value  -9999.0
-9999.0 -9999.0 -9999.0 -9999.0 -9999.0 -9999.0 -9999.0 -9999.0 -9999.0 -9999.0 -9999.0 -9999.0 -9999.0 -9999.0 -9999.0 -9999.0 -9999.0 -9999.0 -9999.0 -9999.0 -9999.0 -9999.0 -9999.0 -9999.0 -9999.0 -9999.0 -9999.0 -9999.0 -9999.0 -9999.0 -9999.0 -9999.0 -9999.0 -9999.0 -9999.0 -9999.0 -9999.0 -9999.0 -9999.0 -9999.0 -9999.0 -9999.0 -9999.0 -9999.0 -9999.0 -9999.0 -9999.0 -9999.0 -9999.0 -9999.0 -9999.0 -9999.0 -9999.0 -9999.0 -9999.0 -9999.0 -9999.0 -9999.0 -9999.0 -9999.0 -9999.0 -9999.0 -9999.0 -9999.0 -9999.0 -9999.0 -9999.0 -9999.0 -9999.0 -9999.0 -9999.0 -9999.0 -9999.0 -9999.0 -9999.0 -9999.0 -9999.0 -9999.0 -9999.0 -9999.0 -9999.0 -9999.0 -9999.0 -9999.0 -9999.0 -9999.0 -9999.0 -9999.0 -9999.0 -9999.0 -9999.0 -9999.0 -9999.0 -9999.0 -9999.0 -9999.0 -9999.0 -9999.0 -9999.0 -9999.0 -9999.0 -9999.0 -9999.0 -9999.0
-9999.0 -9999.0 -9999.0 -9999.0 -9999.0 -9999.0 -9999.0 -9999.0 -9999.0 -9999.0 -9999.0 -9999.0 -9999.0 -9999.0 -9999.0 -9999.0 -9999.0 -9999.0 -9999.0 -9999.0 -9999.0 -9999.0 -9999.0 -9999.0 -9999.0 -9999.0 -9999.0 -9999.0 -9999.0 -9999.0 -9999.0 -9999.0 -9999.0 -9999.0 -9999.0 -9999.0 -9999.0 -9999.0 -9999.0 -9999.0 -9999.0 -9999.0 -9999.0 -9999.0 -9999.0 -9999.0 -9999.0 -9999.0 -9999.0 -9999.0 -9999.0 -9999.0 -9999.0 -9999.0 -9999.0 -9999.0 -9999.0 -9999.0 -9999.0 -9999.0 -9999.0 -9999.0 -9999.0 -9999.0 -9999.0 -9999.0 -9999.0 -9999.0 -9999.0 -9999.0 -9999.0 -9999.0 -9999.0 -9999.0 -9999.0 -9999.0 -9999.0 -9999.0 -9999.0 -9999.0 -9999.0 -9999.0 -9999.0 -9999.0 -9999.0 -9999.0 -9999.0 -9999.0 -9999.0 -9999.0 -9999.0 -9999.0 -9999.0 -9999.0 -9999.0 -9999.0 -9999.0 -9999.0 -9999.0 -9999.0 -9999.0 -9999.0 -9999.0 -9999.0
-9999.0 -9999.0 326.382880 230.357182 132.769624 34.608924 -63.774095 -162.248090 -260.745634 -359.214219 -457.595265 -555.758273 -653.424118 -750.521000 -847.550735 -944.485784 -1041.195625 -1136.823914 -1229.886667 -1319.814133 -1403.959318 -1478.637035 -1541.032624 -1590.361553 -1627.658008 -1654.931556 -1674.399651 -1688.049116 -1697.483022 -1703.924042 -1708.275084 -1711.187733 -1713.123132 -1714.401936 -1715.243945 -1715.800016 -1716.181743 -1716.514111 -1717.145225 -1719.480934 -1727.046660 -1722.223414 -1167.878703 -1214.608824 -1190.782191 -1175.632064 -1168.604337 -1167.609866 -1167.506595 -1167.517458 -1167.544750 -1167.574035 -1167.602166 -1167.628208 -1167.652340 -1167.680079 -1167.764609 -1168.343577 -1172.021735 -1180.301586 -1191.917914 -1130.412288 -1694.723925 -1720.768161 -1718.153807 -1717.168111 -1716.979571 -1716.949109 -1716.944869 -1716.944890 -1716.945526 -1716.946134 -1716.946618 -1716.946991 -1716.947276 -1716.947499 -1716.947675 -1716.947818 -1716.947939 -1716.948046 -1716.948153 -1716.948271 -1716.948420 -1716.948626 -1716.948932 -1716.949401 -1716.950138 -1716.951320 -1716.953245 -1716.956440 -1716.961862 -1716.971317 -1716.988297 -1717.019714 -1717.079475 -1717.196180 -1717.430977 -1717.923315 -1719.018387 -1721.653785 -1728.748244 -1751.585178 -9999.0 -9999.0
-9999.0 -9999.0 326.390794 230.359098 132.770132 34.609075 -63.774047 -162.248074 -260.745629 -359.214217 -457.595264 -555.758273 -653.424118 -750.521000 -847.550735 -944.485784 -1041.195625 -1136.823914 -1229.886667 -1319.814133 -1403.959318 -1478.637035 -1541.032624 -1590.361553 -1627.658008 -1654.931556 -1674.399651 -1688.049116 -1697.483022 -1703.924042 -1708.275084 -1711.187733 -1713.123132 -1714.401936 -1715.243945 -1715.800016 -1716.181743 -1716.514111 -1717.145225 -1719.480934 -1727.046660 -1722.223414 -1167.878703 -1214.608824 -1190.782191 -1175.632063 -1168.604337 -1167.609866 -1167.506595 -1167.517458 -1167.544750 -1167.574035 -1167.602166 -1167.628208 -1167.652340 -1167.680079 -1167.764609 -1168.343577 -1172.021735 -1180.301586 -1191.917914 -1130.412288 -1694.723925 -1720.768161 -1718.153807 -1717.168111 -1716.979571 -1716.949109 -1716.944869 -1716.944890 -1716.945526 -1716.946134 -1716.946618 -1716.946991 -1716.947276 -1716.947499 -1716.947675 -1716.947818 -1716.947939 -1716.948046 -1716.948153 -1716.948271 -1716.948420 -1716.948626 -1716.948932 -1716.949401 -1716.950138 -1716.951320 -1716.953245 -1716.956440 -1716.961862 -1716.971317 -1716.988297 -1717.019714 -1717.079475 -1717.196180 -1717.430977 -1717.923315 -1719.018387 -1721.653785 -1728.748244 -1751.585178 -9999.0 -9999.0
-9999.0 -9999.0 326.392292 230.359913 132.770457 34.609193 -63.774005 -162.248059 -260.745623 -359.214215 -457.595263 -555.758272 -653.424118 -750.521000 -847.550735 -944.485784 -1041.195625 -1136.823914 -1229.886667 -1319.814133 -1403.959318 -1478.637035 -1541.032625 -1590.361553 -1627.658008 -1654.931556 -1674.399651 -1688.049116 -1697.483022 -1703.924042 -1708.275084 -1711.187733 -1713.123132 -1714.401936 -1715.243945 -1715.800016 -1716.181743 -1716.514111 -1717.145225 -1719.480934 -1727.046660 -1722.223414 -1167.878703 -1214.608824 -1190.782191 -1175.632063 -1168.604337 -1167.609866 -1167.506595 -1167.517458 -1167.544750 -1167.574035 -1167.602166 -1167.628208 -1167.652340 -1167.680079 -1167.764609 -1168.343577 -1172.021735 -1180.301586 -1191.917914 -1130.412288 -1694.723925 -1720.768161 -1718.153807 -1717.168111 -1716.979571 -1716.949109 -1716.944869 -1716.944890 -1716.945526 -1716.946134 -1716.946618 -1716.946991 -1716.947276 -1716.947499 -1716.947675 -1716.947818 -1716.947939 -1716.948046 -1716.948153 -1716.948271 -1716.948420 -1716.948626 -1716.948932 -1716.949401 -1716.950138 -1716.951320 -1716.953245 -1716.956440 -1716.961862 -1716.971317 -1716.988297 -1717.019714 -1717.079475 -1717.196180 -1717.430977 -1717.923315 -1719.018387 -1721.653785 -1728.748244 -1751.585178 -9999.0 -9999.0
-9999.0 -9999.0 326.392292 230.359913 132.770457 34.609193 -63.774005 -162.248059 -260.745623 -359.214215 -457.595263 -555.758272 -653.424118 -750.521000 -847.550735 -944.485784 -1041.195625 -1136.823914 -1229.886667 -1319.814133 -1403.959318 -1478.637035 -1541.032625 -1590.361553 -1627.658008 -1654.931556 -1674.399651 -1688.049116 -1697.483022 -1703.924042 -1708.275084 -1711.187733 -1713.123132 -1714.401936 -1715.243945 -1715.800016 -1716.181743 -1716.514111 -1717.145225 -1719.480934 -1727.046660 -1722.223414 -1167.878703 -1214.608824 -1190.782191 -1175.632063 -1168.604337 -1167.609866 -1167.506595 -1167.517458 -1167.544750 -1167.574035 -1167.602166 -1167.628208 -1167.652340 -1167.680079 -1167.764609 -1168.343577 -1172.021735 -1180.301586 -1191.917914 -1130.412288 -1694.723925 -1720.768161 -1718.153807 -1717.168111 -1716.979571 -1716.949109 -1716.944869 -1716.944890 -1716.945526 -1716.946134 -1716.946618 -1716.946991 -1716.947276 -1716.947499 -1716.947675 -1716.947818 -1716.947939 -1716.948046 -1716.948153 -1716.948271 -1716.948420 -1716.948626 -1716.948932 -1716.949401 -1716.950138 -1716.951320 -1716.953245 -1716.956440 -1716.961862 -1716.971317 -1716.988297 -1717.019714 -1717.079475 -1717.196180 -1717.430977 -1717.923315 -1719.018387 -1721.653785 -1728.748244 -1751.585178 -9999.0 -9999.0
-9999.0 -9999.0 326.390794 230.359098 132.770132 34.609075 -63.774047 -162.248074 -260.745629 -359.214217 -457.595264 -555.758273 -653.424118 -750.521000 -847.550735 -944.485784 -1041.195625 -1136.823914 -1229.886667 -1319.814133 -1403.959318 -1478.637035 -1541.032624 -1590.361553 -1627.658008 -1654.931556 -1674.399651 -1688.049116 -1697.483022 -1703.924042 -1708.275084 -1711.187733 -1713.123132 -1714.401936 -1715.243945 -1715.800016 -1716.181743 -1716.514111 -1717.145225 -1719.480934 -1727.046660 -1722.223414 -1167.878703 -1214.608824 -1190.782191 -1175.632063 -1168.604337 -1167.609866 -1167.506595 -1167.517458 -1167.544750 -1167.574035 -1167.602166 -1167.628208 -1167.652340 -1167.680079 -1167.764609 -1168.343577 -1172.021735 -1180.301586 -1191.917914 -1130.412288 -1694.723925 -1720.768161 -1718.153807 -1717.168111 -1716.979571 -1716.949109 -1716.944869 -1716.944890 -1716.945526 -1716.946134 -1716.946618 -1716.946991 -1716.947276 -1716.947499 -1716.947675 -1716.947818 -1716.947939 -1716.948046 -1716.948153 -1716.948271 -1716.948420 -1716.948626 -1716.948932 -1716.949401 -1716.950138 -1716.951320 -1716.953245 -1716.956440 -1716.961862 -1716.971317 -1716.988297 -1717.019714 -1717.079475 -1717.196180 -1717.430977 -1717.923315 -1719.018387 -1721.653785 -1728.748244 -1751.585178 -9999.0 -9999.0
-9999.0 -9999.0 326.382880 230.357182 132.769624 34.608924 -63.774095 -162.248090 -260.745634 -359.214219 -457.595265 -555.758273 -653.424118 -750.521000 -847.550735 -944.485784 -1041.195625 -1136.823914 -1229.886667 -1319.814133 -1403.959318 -1478.637035 -1541.032624 -1590.361553 -1627.658008 -1654.931556 -1674.399651 -1688.049116 -1697.483022 -1703.924042 -1708.275084 -1711.187733 -1713.123132 -1714.401936 -1715.243945 -1715.800016 -1716.181743 -1716.514111 -1717.145225 -1719.480934 -1727.046660 -1722.223414 -1167.878703 -1214.608824 -1190.782191 -1175.632064 -1168.604337 -1167.609866 -1167.506595 -1167.517458 -1167.544750 -1167.574035 -1167.602166 -1167.628208 -1167.652340 -1167.680079 -1167.764609 -1168.343577 -1172.021735 -1180.301586 -1191.917914 -1130.412288 -1694.723925 -1720.768161 -1718.153807 -1717.168111 -1716.979571 -1716.949109 -1716.944869 -1716.944890 -1716.945526 -1716.946134 -1716.946618 -1716.946991 -1716.947276 -1716.947499 -1716.947675 -1716.947818 -1716.947939 -1716.948046 -1716.948153 -1716.948271 -1716.948420 -1716.948626 -1716.948932 -1716.949401 -1716.950138 -1716.951320 -1716.953245 -1716.956440 -1716.961862 -1716.971317 -1716.988297 -1717.019714 -1717.079475 -1717.196180 -1717.430977 -1717.923315 -1719.018387 -1721.653785 -1728.748244 -1751.585178 -9999.0 -9999.0
-9999.0 -9999.0 -9999.0 -9999.0 -9999.0 -9999.0 -9999.0 -9999.0 -9999.0 -9999.0 -9999.0 -9999.0 -9999.0 -9999.0 -9999.0 -9999.0 -9999.0 -9999.0 -9999.0 -9999.0 -9999.0 -9999.0 -9999.0 -9999.0 -9999.0 -9999.0 -9999.0 -9999.0 -9999.0 -9999.0 -9999.0 -9999.0 -9999.0 -9999.0 -9999.0 -9999.0 -9999.0 -9999.0 -9999.0 -9999.0 -9999.0 -9999.0 -9999.0 -9999.0 -9999.0 -9999.0 -9999.0 -9999.0 -9999.0 -9999.0 -9999.0 -9999.0 -9999.0 -9999.0 -9999.0 -9999.0 -9999.0 -9999.0 -9999.0 -9999.0 -9999.0 -9999.0 -9999.0 -9999.0 -9999.0 -9999.0 -9999.0 -9999.0 -9999.0 -9999.0 -9999.0 -9999.0 -9999.0 -9999.0 -9999.0 -9999.0 -9999.0 -9999.0 -9999.0 -9999.0 -9999.0 -9999.0 -9999.0 -9999.0 -9999.0 -9999.0 -9999.0 -9999.0 -9999.0 -9999.0 -9999.0 -9999.0 -9999.0 -9999.0 -9999.0 -9999.0 -9999.0 -9999.0 -9999.0 -9999.0 -9999.0 -9999.0 -9999.0 -9999.0
-9999.0 -9999.0 -9999.0 -9999.0 -9999.0 -9999.0 -9999.0 -9999.0 -9999.0 -9999.0 -9999.0 -9999.0 -9999.0 -9999.0 -9999.0 -9999.0 -9999.0 -9999.0 -9999.0 -9999.0 -9999.0 -9999.0 -9999.0 -9999.0 -9999.0 -9999.0 -9999.0 -9999.0 -9999.0 -9999.0 -9999.0 -9999.0 -9999.0 -9999.0 -9999.0 -9999.0 -9999.0 -9999.0 -9999.0 -9999.0 -9999.0 -9999.0 -9999.0 -9999.0 -9999.0 -9999.0 -9999.0 -9999.0 -9999.0 -9999.0 -9999.0 -9999.0 -9999.0 -9999.0 -9999.0 -9999.0 -9999.0 -9999.0 -9999.0 -9999.0 -9999.0 -9999.0 -9999.0 -9999.0 -9999.0 -9999.0 -9999.0 -9999.0 -9999.0 -9999.0 -9999.0 -9999.0 -9999.0 -9999.0 -9999.0 -9999.0 -9999.0 -9999.0 -9999.0 -9999.0 -9999.0 -9999.0 -9999.0 -9999.0 -9999.0 -9999.0 -9999.0 -9999.0 -9999.0 -9999.0 -9999.0 -9999.0 -9999.0 -9999.0 -9999.0 -9999.0 -9999.0 -9999.0 -9999.0 -9999.0 -9999.0 -9999.0 -9999.0 -9999.0