inst/processing_geotop_simulation/geotop_simulation/out/maps3D/PwL0021N0063.asc
ncols         104
nrows         10
xllcorner     -2.000000
yllcorner     0.000000
cellsize      1.000000
NODATA_value  -9999.0
-9999.0 -9999.0 -9999.0 -9999.0 -9999.0 -9999.0 -9999.0 -9999.0 -9999.0 -9999.0 -9999.0 -9999.0 -9999.0 -9999.0 -9999.0 -9999.0 -9999.0 -9999.0 -9999.0 -9999.0 -9999.0 -9999.0 -9999.0 -9999.0 -9999.0 -9999.0 -9999.0 -9999.0 -9999.0 -9999.0 -9999.0 -9999.0 -9999.0 -9999.0 -9999.0 -9999.0 -9999.0 -9999.0 -9999.0 -9999.0 -9999.0 -9999.0 -9999.0 -9999.0 -9999.0 -9999.0 -9999.0 -9999.0 -9999.0 -9999.0 -9999.0 -9999.0 -9999.0 -9999.0 -9999.0 -9999.0 -9999.0 -9999.0 -9999.0 -9999.0 -9999.0 -9999.0 -9999.0 -9999.0 -9999.0 -9999.0 -9999.0 -9999.0 -9999.0 -9999.0 -9999.0 -9999.0 -9999.0 -9999.0 -9999.0 -9999.0 -9999.0 -9999.0 -9999.0 -9999.0 -9999.0 -9999.0 -9999.0 -9999.0 -9999.0 -9999.0 -9999.0 -9999.0 -9999.0 -9999.0 -9999.0 -9999.0 -9999.0 -9999.0 -9999.0 -9999.0 -9999.0 -9999.0 -9999.0 -9999.0 -9999.0 -9999.0 -9999.0 -9999.0
-9999.0 -9999.0 -9999.0 -9999.0 -9999.0 -9999.0 -9999.0 -9999.0 -9999.0 -9999.0 -9999.0 -9999.0 -9999.0 -9999.0 -9999.0 -9999.0 -9999.0 -9999.0 -9999.0 -9999.0 -9999.0 -9999.0 -9999.0 -9999.0 -9999.0 -9999.0 -9999.0 -9999.0 -9999.0 -9999.0 -9999.0 -9999.0 -9999.0 -9999.0 -9999.0 -9999.0 -9999.0 -9999.0 -9999.0 -9999.0 -9999.0 -9999.0 -9999.0 -9999.0 -9999.0 -9999.0 -9999.0 -9999.0 -9999.0 -9999.0 -9999.0 -9999.0 -9999.0 -9999.0 -9999.0 -9999.0 -9999.0 -9999.0 -9999.0 -9999.0 -9999.0 -9999.0 -9999.0 -9999.0 -9999.0 -9999.0 -9999.0 -9999.0 -9999.0 -9999.0 -9999.0 -9999.0 -9999.0 -9999.0 -9999.0 -9999.0 -9999.0 -9999.0 -9999.0 -9999.0 -9999.0 -9999.0 -9999.0 -9999.0 -9999.0 -9999.0 -9999.0 -9999.0 -9999.0 -9999.0 -9999.0 -9999.0 -9999.0 -9999.0 -9999.0 -9999.0 -9999.0 -9999.0 -9999.0 -9999.0 -9999.0 -9999.0 -9999.0 -9999.0
-9999.0 -9999.0 423.329682 323.886535 225.141607 127.169420 29.995741 -66.410628 -162.729305 -260.423781 -361.377755 -465.766360 -567.706055 -651.385599 -699.671188 -722.662110 -731.202512 -733.167346 -732.932113 -732.552829 -757.389540 -804.236006 -848.675184 -891.976706 -895.570712 -871.453381 -858.137993 -851.487379 -848.819919 -848.415495 -849.184406 -850.454584 -851.833725 -853.113650 -854.202691 -855.080131 -855.775699 -856.369611 -856.934238 -857.852969 -865.521084 -954.354164 -2165.951350 -3933.214221 -3935.643501 -3935.643537 -3935.640109 -3935.567334 -3935.022585 -3932.564182 -3923.682339 -3892.223440 -3837.721651 -3771.528503 -3675.579486 -3529.700838 -3316.526498 -3039.555865 -2730.393233 -2430.068382 -2159.761850 -1519.873361 -922.992942 -863.584556 -858.489122 -857.866688 -857.749355 -857.727290 -857.725774 -857.728206 -857.730903 -857.733130 -857.734843 -857.736145 -857.737143 -857.737922 -857.738542 -857.739043 -857.739459 -857.739826 -857.740182 -857.740571 -857.741055 -857.741722 -857.742703 -857.744205 -857.746558 -857.750306 -857.756356 -857.766273 -857.782845 -857.811210 -857.861180 -857.951999 -858.122080 -858.448798 -859.090021 -860.382823 -863.136861 -869.664479 -887.281919 -934.842406 -9999.0 -9999.0
-9999.0 -9999.0 423.329685 323.886538 225.141610 127.169421 29.995743 -66.410627 -162.729304 -260.423780 -361.377753 -465.766359 -567.706054 -651.385598 -699.671188 -722.662110 -731.202512 -733.167346 -732.932113 -732.552829 -757.389540 -804.236006 -848.675184 -891.976706 -895.570712 -871.453381 -858.137993 -851.487379 -848.819919 -848.415495 -849.184406 -850.454584 -851.833725 -853.113650 -854.202691 -855.080131 -855.775699 -856.369611 -856.934238 -857.852969 -865.521084 -954.354164 -2165.951349 -3933.214221 -3935.643501 -3935.643537 -3935.640109 -3935.567334 -3935.022585 -3932.564182 -3923.682338 -3892.223440 -3837.721651 -3771.528503 -3675.579485 -3529.700837 -3316.526496 -3039.555864 -2730.393232 -2430.068382 -2159.761850 -1519.873361 -922.992942 -863.584556 -858.489122 -857.866688 -857.749355 -857.727290 -857.725774 -857.728206 -857.730903 -857.733130 -857.734843 -857.736145 -857.737143 -857.737922 -857.738542 -857.739043 -857.739459 -857.739826 -857.740182 -857.740571 -857.741055 -857.741722 -857.742703 -857.744205 -857.746558 -857.750306 -857.756356 -857.766273 -857.782845 -857.811210 -857.861180 -857.951999 -858.122080 -858.448798 -859.090021 -860.382823 -863.136861 -869.664479 -887.281919 -934.842406 -9999.0 -9999.0
-9999.0 -9999.0 423.329686 323.886539 225.141611 127.169423 29.995744 -66.410626 -162.729303 -260.423779 -361.377753 -465.766358 -567.706054 -651.385598 -699.671188 -722.662110 -731.202512 -733.167346 -732.932113 -732.552829 -757.389540 -804.236006 -848.675184 -891.976706 -895.570712 -871.453381 -858.137993 -851.487379 -848.819919 -848.415495 -849.184406 -850.454584 -851.833725 -853.113650 -854.202691 -855.080131 -855.775699 -856.369611 -856.934238 -857.852969 -865.521084 -954.354164 -2165.951349 -3933.214221 -3935.643501 -3935.643537 -3935.640109 -3935.567334 -3935.022585 -3932.564182 -3923.682338 -3892.223439 -3837.721651 -3771.528503 -3675.579485 -3529.700837 -3316.526496 -3039.555863 -2730.393232 -2430.068381 -2159.761850 -1519.873361 -922.992942 -863.584556 -858.489122 -857.866688 -857.749355 -857.727290 -857.725774 -857.728206 -857.730903 -857.733130 -857.734843 -857.736145 -857.737143 -857.737922 -857.738542 -857.739043 -857.739459 -857.739826 -857.740182 -857.740571 -857.741055 -857.741722 -857.742703 -857.744205 -857.746558 -857.750306 -857.756356 -857.766273 -857.782845 -857.811210 -857.861180 -857.951999 -858.122080 -858.448798 -859.090021 -860.382823 -863.136861 -869.664479 -887.281919 -934.842405 -9999.0 -9999.0
-9999.0 -9999.0 423.329686 323.886539 225.141611 127.169423 29.995744 -66.410626 -162.729303 -260.423779 -361.377753 -465.766359 -567.706054 -651.385598 -699.671188 -722.662110 -731.202512 -733.167346 -732.932113 -732.552829 -757.389540 -804.236006 -848.675184 -891.976706 -895.570712 -871.453381 -858.137993 -851.487379 -848.819919 -848.415495 -849.184406 -850.454584 -851.833725 -853.113650 -854.202691 -855.080131 -855.775699 -856.369611 -856.934238 -857.852969 -865.521084 -954.354164 -2165.951349 -3933.214221 -3935.643501 -3935.643537 -3935.640109 -3935.567334 -3935.022585 -3932.564182 -3923.682338 -3892.223439 -3837.721651 -3771.528503 -3675.579485 -3529.700837 -3316.526495 -3039.555864 -2730.393231 -2430.068381 -2159.761850 -1519.873361 -922.992942 -863.584556 -858.489122 -857.866688 -857.749355 -857.727290 -857.725774 -857.728206 -857.730903 -857.733130 -857.734843 -857.736145 -857.737143 -857.737922 -857.738542 -857.739043 -857.739459 -857.739826 -857.740182 -857.740571 -857.741055 -857.741722 -857.742703 -857.744205 -857.746558 -857.750306 -857.756356 -857.766273 -857.782845 -857.811210 -857.861180 -857.951999 -858.122080 -858.448798 -859.090021 -860.382823 -863.136861 -869.664479 -887.281919 -934.842405 -9999.0 -9999.0
-9999.0 -9999.0 423.329685 323.886538 225.141610 127.169421 29.995743 -66.410627 -162.729304 -260.423780 -361.377753 -465.766359 -567.706054 -651.385598 -699.671188 -722.662110 -731.202512 -733.167346 -732.932113 -732.552829 -757.389540 -804.236006 -848.675184 -891.976706 -895.570712 -871.453381 -858.137993 -851.487379 -848.819919 -848.415495 -849.184406 -850.454584 -851.833725 -853.113650 -854.202691 -855.080131 -855.775699 -856.369611 -856.934238 -857.852969 -865.521084 -954.354164 -2165.951349 -3933.214221 -3935.643501 -3935.643537 -3935.640109 -3935.567334 -3935.022585 -3932.564182 -3923.682338 -3892.223440 -3837.721651 -3771.528503 -3675.579485 -3529.700837 -3316.526496 -3039.555864 -2730.393232 -2430.068381 -2159.761851 -1519.873361 -922.992942 -863.584556 -858.489122 -857.866688 -857.749355 -857.727290 -857.725774 -857.728206 -857.730903 -857.733130 -857.734843 -857.736145 -857.737143 -857.737922 -857.738542 -857.739043 -857.739459 -857.739826 -857.740182 -857.740571 -857.741055 -857.741722 -857.742703 -857.744205 -857.746558 -857.750306 -857.756356 -857.766273 -857.782845 -857.811210 -857.861180 -857.951999 -858.122080 -858.448798 -859.090021 -860.382823 -863.136861 -869.664479 -887.281919 -934.842405 -9999.0 -9999.0
-9999.0 -9999.0 423.329682 323.886535 225.141607 127.169420 29.995741 -66.410628 -162.729305 -260.423781 -361.377755 -465.766360 -567.706055 -651.385599 -699.671188 -722.662110 -731.202512 -733.167346 -732.932113 -732.552829 -757.389540 -804.236006 -848.675184 -891.976706 -895.570712 -871.453381 -858.137993 -851.487379 -848.819919 -848.415495 -849.184406 -850.454584 -851.833725 -853.113650 -854.202691 -855.080131 -855.775699 -856.369611 -856.934238 -857.852969 -865.521084 -954.354164 -2165.951350 -3933.214221 -3935.643501 -3935.643537 -3935.640109 -3935.567334 -3935.022585 -3932.564182 -3923.682339 -3892.223440 -3837.721651 -3771.528503 -3675.579485 -3529.700838 -3316.526497 -3039.555865 -2730.393233 -2430.068382 -2159.761851 -1519.873361 -922.992942 -863.584556 -858.489122 -857.866688 -857.749355 -857.727290 -857.725774 -857.728206 -857.730903 -857.733130 -857.734843 -857.736145 -857.737143 -857.737922 -857.738542 -857.739043 -857.739459 -857.739826 -857.740182 -857.740571 -857.741055 -857.741722 -857.742703 -857.744205 -857.746558 -857.750306 -857.756356 -857.766273 -857.782845 -857.811210 -857.861180 -857.951999 -858.122080 -858.448798 -859.090021 -860.382823 -863.136861 -869.664479 -887.281919 -934.842406 -9999.0 -9999.0
-9999.0 -9999.0 -9999.0 -9999.0 -9999.0 -9999.0 -9999.0 -9999.0 -9999.0 -9999.0 -9999.0 -9999.0 -9999.0 -9999.0 -9999.0 -9999.0 -9999.0 -9999.0 -9999.0 -9999.0 -9999.0 -9999.0 -9999.0 -9999.0 -9999.0 -9999.0 -9999.0 -9999.0 -9999.0 -9999.0 -9999.0 -9999.0 -9999.0 -9999.0 -9999.0 -9999.0 -9999.0 -9999.0 -9999.0 -9999.0 -9999.0 -9999.0 -9999.0 -9999.0 -9999.0 -9999.0 -9999.0 -9999.0 -9999.0 -9999.0 -9999.0 -9999.0 -9999.0 -9999.0 -9999.0 -9999.0 -9999.0 -9999.0 -9999.0 -9999.0 -9999.0 -9999.0 -9999.0 -9999.0 -9999.0 -9999.0 -9999.0 -9999.0 -9999.0 -9999.0 -9999.0 -9999.0 -9999.0 -9999.0 -9999.0 -9999.0 -9999.0 -9999.0 -9999.0 -9999.0 -9999.0 -9999.0 -9999.0 -9999.0 -9999.0 -9999.0 -9999.0 -9999.0 -9999.0 -9999.0 -9999.0 -9999.0 -9999.0 -9999.0 -9999.0 -9999.0 -9999.0 -9999.0 -9999.0 -9999.0 -9999.0 -9999.0 -9999.0 -9999.0
-9999.0 -9999.0 -9999.0 -9999.0 -9999.0 -9999.0 -9999.0 -9999.0 -9999.0 -9999.0 -9999.0 -9999.0 -9999.0 -9999.0 -9999.0 -9999.0 -9999.0 -9999.0 -9999.0 -9999.0 -9999.0 -9999.0 -9999.0 -9999.0 -9999.0 -9999.0 -9999.0 -9999.0 -9999.0 -9999.0 -9999.0 -9999.0 -9999.0 -9999.0 -9999.0 -9999.0 -9999.0 -9999.0 -9999.0 -9999.0 -9999.0 -9999.0 -9999.0 -9999.0 -9999.0 -9999.0 -9999.0 -9999.0 -9999.0 -9999.0 -9999.0 -9999.0 -9999.0 -9999.0 -9999.0 -9999.0 -9999.0 -9999.0 -9999.0 -9999.0 -9999.0 -9999.0 -9999.0 -9999.0 -9999.0 -9999.0 -9999.0 -9999.0 -9999.0 -9999.0 -9999.0 -9999.0 -9999.0 -9999.0 -9999.0 -9999.0 -9999.0 -9999.0 -9999.0 -9999.0 -9999.0 -9999.0 -9999.0 -9999.0 -9999.0 -9999.0 -9999.0 -9999.0 -9999.0 -9999.0 -9999.0 -9999.0 -9999.0 -9999.0 -9999.0 -9999.0 -9999.0 -9999.0 -9999.0 -9999.0 -9999.0 -9999.0 -9999.0 -9999.0