inst/processing_geotop_simulation/geotop_simulation/out/maps3D/PwL0021N0407.asc
ncols         104
nrows         10
xllcorner     -2.000000
yllcorner     0.000000
cellsize      1.000000
NODATA_value  -9999.0
-9999.0 -9999.0 -9999.0 -9999.0 -9999.0 -9999.0 -9999.0 -9999.0 -9999.0 -9999.0 -9999.0 -9999.0 -9999.0 -9999.0 -9999.0 -9999.0 -9999.0 -9999.0 -9999.0 -9999.0 -9999.0 -9999.0 -9999.0 -9999.0 -9999.0 -9999.0 -9999.0 -9999.0 -9999.0 -9999.0 -9999.0 -9999.0 -9999.0 -9999.0 -9999.0 -9999.0 -9999.0 -9999.0 -9999.0 -9999.0 -9999.0 -9999.0 -9999.0 -9999.0 -9999.0 -9999.0 -9999.0 -9999.0 -9999.0 -9999.0 -9999.0 -9999.0 -9999.0 -9999.0 -9999.0 -9999.0 -9999.0 -9999.0 -9999.0 -9999.0 -9999.0 -9999.0 -9999.0 -9999.0 -9999.0 -9999.0 -9999.0 -9999.0 -9999.0 -9999.0 -9999.0 -9999.0 -9999.0 -9999.0 -9999.0 -9999.0 -9999.0 -9999.0 -9999.0 -9999.0 -9999.0 -9999.0 -9999.0 -9999.0 -9999.0 -9999.0 -9999.0 -9999.0 -9999.0 -9999.0 -9999.0 -9999.0 -9999.0 -9999.0 -9999.0 -9999.0 -9999.0 -9999.0 -9999.0 -9999.0 -9999.0 -9999.0 -9999.0 -9999.0
-9999.0 -9999.0 -9999.0 -9999.0 -9999.0 -9999.0 -9999.0 -9999.0 -9999.0 -9999.0 -9999.0 -9999.0 -9999.0 -9999.0 -9999.0 -9999.0 -9999.0 -9999.0 -9999.0 -9999.0 -9999.0 -9999.0 -9999.0 -9999.0 -9999.0 -9999.0 -9999.0 -9999.0 -9999.0 -9999.0 -9999.0 -9999.0 -9999.0 -9999.0 -9999.0 -9999.0 -9999.0 -9999.0 -9999.0 -9999.0 -9999.0 -9999.0 -9999.0 -9999.0 -9999.0 -9999.0 -9999.0 -9999.0 -9999.0 -9999.0 -9999.0 -9999.0 -9999.0 -9999.0 -9999.0 -9999.0 -9999.0 -9999.0 -9999.0 -9999.0 -9999.0 -9999.0 -9999.0 -9999.0 -9999.0 -9999.0 -9999.0 -9999.0 -9999.0 -9999.0 -9999.0 -9999.0 -9999.0 -9999.0 -9999.0 -9999.0 -9999.0 -9999.0 -9999.0 -9999.0 -9999.0 -9999.0 -9999.0 -9999.0 -9999.0 -9999.0 -9999.0 -9999.0 -9999.0 -9999.0 -9999.0 -9999.0 -9999.0 -9999.0 -9999.0 -9999.0 -9999.0 -9999.0 -9999.0 -9999.0 -9999.0 -9999.0 -9999.0 -9999.0
-9999.0 -9999.0 1018.162840 919.073120 819.940537 720.701513 621.401350 522.073705 422.737838 323.404462 224.079629 124.766865 25.468795 -73.809895 -173.069282 -272.300104 -371.481347 -470.572682 -569.498549 -668.120225 -766.521356 -864.833941 -962.701186 -1059.903793 -1153.737086 -1240.473397 -1319.642685 -1389.524467 -1449.035225 -1497.923966 -1536.746511 -1566.653628 -1589.101830 -1605.593444 -1617.502132 -1625.990649 -1632.008532 -1636.386869 -1640.157655 -1645.372887 -1656.341738 -1682.146945 -1712.227611 -2804.629482 -3895.321646 -3889.757364 -3517.142484 -3023.039667 -2731.636907 -2548.017464 -2415.362355 -2302.650987 -2233.346553 -2188.267041 -2146.205107 -2101.847731 -2053.486932 -2001.607662 -1947.874509 -1893.364796 -1824.561707 -1495.304637 -1637.872708 -1648.606143 -1646.938051 -1645.849542 -1645.550491 -1645.488751 -1645.478095 -1645.476858 -1645.477185 -1645.477701 -1645.478179 -1645.478596 -1645.478962 -1645.479292 -1645.479596 -1645.479884 -1645.480162 -1645.480439 -1645.480723 -1645.481023 -1645.481355 -1645.481736 -1645.482199 -1645.482791 -1645.483591 -1645.484732 -1645.486441 -1645.489128 -1645.493551 -1645.501160 -1645.514815 -1645.540308 -1645.589777 -1645.689855 -1645.902604 -1646.382391 -1647.538180 -1650.532458 -1658.986913 -1685.540978 -9999.0 -9999.0
-9999.0 -9999.0 1018.165342 919.074113 819.940871 720.701624 621.401387 522.073719 422.737843 323.404464 224.079630 124.766865 25.468796 -73.809895 -173.069282 -272.300104 -371.481348 -470.572683 -569.498549 -668.120226 -766.521356 -864.833941 -962.701186 -1059.903793 -1153.737086 -1240.473397 -1319.642685 -1389.524467 -1449.035225 -1497.923966 -1536.746511 -1566.653628 -1589.101830 -1605.593444 -1617.502132 -1625.990649 -1632.008532 -1636.386869 -1640.157655 -1645.372887 -1656.341738 -1682.146945 -1712.227611 -2804.629481 -3895.321646 -3889.757364 -3517.142483 -3023.039666 -2731.636906 -2548.017463 -2415.362354 -2302.650986 -2233.346553 -2188.267041 -2146.205107 -2101.847731 -2053.486931 -2001.607662 -1947.874509 -1893.364796 -1824.561707 -1495.304637 -1637.872708 -1648.606143 -1646.938051 -1645.849542 -1645.550491 -1645.488751 -1645.478095 -1645.476858 -1645.477185 -1645.477701 -1645.478179 -1645.478596 -1645.478962 -1645.479292 -1645.479596 -1645.479884 -1645.480162 -1645.480439 -1645.480723 -1645.481023 -1645.481354 -1645.481736 -1645.482199 -1645.482791 -1645.483591 -1645.484732 -1645.486441 -1645.489128 -1645.493551 -1645.501160 -1645.514815 -1645.540308 -1645.589777 -1645.689855 -1645.902604 -1646.382391 -1647.538180 -1650.532458 -1658.986913 -1685.540978 -9999.0 -9999.0
-9999.0 -9999.0 1018.166353 919.074661 819.941105 720.701714 621.401421 522.073731 422.737847 323.404466 224.079630 124.766866 25.468796 -73.809895 -173.069282 -272.300104 -371.481348 -470.572683 -569.498550 -668.120226 -766.521357 -864.833942 -962.701186 -1059.903793 -1153.737086 -1240.473397 -1319.642685 -1389.524467 -1449.035225 -1497.923966 -1536.746511 -1566.653628 -1589.101830 -1605.593444 -1617.502132 -1625.990649 -1632.008532 -1636.386869 -1640.157655 -1645.372887 -1656.341738 -1682.146945 -1712.227611 -2804.629481 -3895.321646 -3889.757364 -3517.142483 -3023.039665 -2731.636906 -2548.017462 -2415.362353 -2302.650986 -2233.346553 -2188.267041 -2146.205107 -2101.847731 -2053.486931 -2001.607661 -1947.874509 -1893.364796 -1824.561707 -1495.304637 -1637.872708 -1648.606143 -1646.938051 -1645.849542 -1645.550491 -1645.488751 -1645.478095 -1645.476858 -1645.477185 -1645.477701 -1645.478179 -1645.478596 -1645.478962 -1645.479292 -1645.479596 -1645.479884 -1645.480162 -1645.480439 -1645.480723 -1645.481023 -1645.481354 -1645.481736 -1645.482199 -1645.482791 -1645.483591 -1645.484732 -1645.486441 -1645.489128 -1645.493551 -1645.501160 -1645.514815 -1645.540308 -1645.589777 -1645.689855 -1645.902604 -1646.382391 -1647.538180 -1650.532458 -1658.986913 -1685.540978 -9999.0 -9999.0
-9999.0 -9999.0 1018.166353 919.074661 819.941105 720.701714 621.401421 522.073731 422.737847 323.404466 224.079630 124.766865 25.468796 -73.809895 -173.069282 -272.300105 -371.481348 -470.572683 -569.498550 -668.120226 -766.521357 -864.833942 -962.701186 -1059.903793 -1153.737086 -1240.473397 -1319.642685 -1389.524467 -1449.035225 -1497.923966 -1536.746511 -1566.653628 -1589.101830 -1605.593444 -1617.502132 -1625.990649 -1632.008532 -1636.386869 -1640.157655 -1645.372887 -1656.341738 -1682.146945 -1712.227611 -2804.629481 -3895.321646 -3889.757364 -3517.142483 -3023.039665 -2731.636906 -2548.017463 -2415.362353 -2302.650986 -2233.346553 -2188.267041 -2146.205107 -2101.847731 -2053.486931 -2001.607661 -1947.874509 -1893.364796 -1824.561707 -1495.304637 -1637.872708 -1648.606143 -1646.938051 -1645.849542 -1645.550491 -1645.488751 -1645.478095 -1645.476858 -1645.477185 -1645.477701 -1645.478179 -1645.478596 -1645.478962 -1645.479292 -1645.479596 -1645.479884 -1645.480162 -1645.480439 -1645.480723 -1645.481023 -1645.481354 -1645.481736 -1645.482199 -1645.482791 -1645.483591 -1645.484732 -1645.486441 -1645.489128 -1645.493551 -1645.501160 -1645.514815 -1645.540308 -1645.589777 -1645.689855 -1645.902604 -1646.382391 -1647.538180 -1650.532458 -1658.986913 -1685.540978 -9999.0 -9999.0
-9999.0 -9999.0 1018.165342 919.074113 819.940871 720.701624 621.401387 522.073719 422.737843 323.404464 224.079630 124.766865 25.468796 -73.809895 -173.069282 -272.300104 -371.481348 -470.572683 -569.498549 -668.120226 -766.521356 -864.833941 -962.701186 -1059.903793 -1153.737086 -1240.473397 -1319.642685 -1389.524467 -1449.035225 -1497.923966 -1536.746511 -1566.653628 -1589.101830 -1605.593444 -1617.502132 -1625.990649 -1632.008532 -1636.386869 -1640.157655 -1645.372887 -1656.341738 -1682.146945 -1712.227611 -2804.629481 -3895.321646 -3889.757364 -3517.142483 -3023.039666 -2731.636906 -2548.017463 -2415.362354 -2302.650986 -2233.346553 -2188.267041 -2146.205107 -2101.847731 -2053.486931 -2001.607661 -1947.874509 -1893.364796 -1824.561707 -1495.304637 -1637.872708 -1648.606143 -1646.938051 -1645.849542 -1645.550491 -1645.488751 -1645.478095 -1645.476858 -1645.477185 -1645.477701 -1645.478179 -1645.478596 -1645.478962 -1645.479292 -1645.479596 -1645.479884 -1645.480162 -1645.480439 -1645.480723 -1645.481023 -1645.481354 -1645.481736 -1645.482199 -1645.482791 -1645.483591 -1645.484732 -1645.486441 -1645.489128 -1645.493551 -1645.501160 -1645.514815 -1645.540308 -1645.589777 -1645.689855 -1645.902604 -1646.382391 -1647.538180 -1650.532458 -1658.986913 -1685.540978 -9999.0 -9999.0
-9999.0 -9999.0 1018.162840 919.073121 819.940537 720.701513 621.401350 522.073705 422.737838 323.404462 224.079629 124.766865 25.468795 -73.809895 -173.069282 -272.300104 -371.481347 -470.572683 -569.498549 -668.120225 -766.521356 -864.833941 -962.701186 -1059.903793 -1153.737086 -1240.473397 -1319.642685 -1389.524467 -1449.035225 -1497.923966 -1536.746511 -1566.653628 -1589.101830 -1605.593444 -1617.502132 -1625.990649 -1632.008532 -1636.386869 -1640.157655 -1645.372887 -1656.341738 -1682.146945 -1712.227611 -2804.629482 -3895.321646 -3889.757364 -3517.142484 -3023.039667 -2731.636907 -2548.017465 -2415.362355 -2302.650987 -2233.346553 -2188.267041 -2146.205107 -2101.847731 -2053.486932 -2001.607662 -1947.874509 -1893.364796 -1824.561707 -1495.304637 -1637.872708 -1648.606143 -1646.938051 -1645.849542 -1645.550491 -1645.488751 -1645.478095 -1645.476858 -1645.477185 -1645.477701 -1645.478179 -1645.478596 -1645.478962 -1645.479292 -1645.479596 -1645.479884 -1645.480162 -1645.480439 -1645.480723 -1645.481023 -1645.481355 -1645.481736 -1645.482199 -1645.482791 -1645.483591 -1645.484732 -1645.486441 -1645.489128 -1645.493551 -1645.501160 -1645.514815 -1645.540308 -1645.589777 -1645.689855 -1645.902604 -1646.382391 -1647.538180 -1650.532458 -1658.986913 -1685.540978 -9999.0 -9999.0
-9999.0 -9999.0 -9999.0 -9999.0 -9999.0 -9999.0 -9999.0 -9999.0 -9999.0 -9999.0 -9999.0 -9999.0 -9999.0 -9999.0 -9999.0 -9999.0 -9999.0 -9999.0 -9999.0 -9999.0 -9999.0 -9999.0 -9999.0 -9999.0 -9999.0 -9999.0 -9999.0 -9999.0 -9999.0 -9999.0 -9999.0 -9999.0 -9999.0 -9999.0 -9999.0 -9999.0 -9999.0 -9999.0 -9999.0 -9999.0 -9999.0 -9999.0 -9999.0 -9999.0 -9999.0 -9999.0 -9999.0 -9999.0 -9999.0 -9999.0 -9999.0 -9999.0 -9999.0 -9999.0 -9999.0 -9999.0 -9999.0 -9999.0 -9999.0 -9999.0 -9999.0 -9999.0 -9999.0 -9999.0 -9999.0 -9999.0 -9999.0 -9999.0 -9999.0 -9999.0 -9999.0 -9999.0 -9999.0 -9999.0 -9999.0 -9999.0 -9999.0 -9999.0 -9999.0 -9999.0 -9999.0 -9999.0 -9999.0 -9999.0 -9999.0 -9999.0 -9999.0 -9999.0 -9999.0 -9999.0 -9999.0 -9999.0 -9999.0 -9999.0 -9999.0 -9999.0 -9999.0 -9999.0 -9999.0 -9999.0 -9999.0 -9999.0 -9999.0 -9999.0
-9999.0 -9999.0 -9999.0 -9999.0 -9999.0 -9999.0 -9999.0 -9999.0 -9999.0 -9999.0 -9999.0 -9999.0 -9999.0 -9999.0 -9999.0 -9999.0 -9999.0 -9999.0 -9999.0 -9999.0 -9999.0 -9999.0 -9999.0 -9999.0 -9999.0 -9999.0 -9999.0 -9999.0 -9999.0 -9999.0 -9999.0 -9999.0 -9999.0 -9999.0 -9999.0 -9999.0 -9999.0 -9999.0 -9999.0 -9999.0 -9999.0 -9999.0 -9999.0 -9999.0 -9999.0 -9999.0 -9999.0 -9999.0 -9999.0 -9999.0 -9999.0 -9999.0 -9999.0 -9999.0 -9999.0 -9999.0 -9999.0 -9999.0 -9999.0 -9999.0 -9999.0 -9999.0 -9999.0 -9999.0 -9999.0 -9999.0 -9999.0 -9999.0 -9999.0 -9999.0 -9999.0 -9999.0 -9999.0 -9999.0 -9999.0 -9999.0 -9999.0 -9999.0 -9999.0 -9999.0 -9999.0 -9999.0 -9999.0 -9999.0 -9999.0 -9999.0 -9999.0 -9999.0 -9999.0 -9999.0 -9999.0 -9999.0 -9999.0 -9999.0 -9999.0 -9999.0 -9999.0 -9999.0 -9999.0 -9999.0 -9999.0 -9999.0 -9999.0 -9999.0