inst/processing_geotop_simulation/geotop_simulation/out/maps3D/PwL0009N0118.asc
ncols         104
nrows         10
xllcorner     -2.000000
yllcorner     0.000000
cellsize      1.000000
NODATA_value  -9999.0
-9999.0 -9999.0 -9999.0 -9999.0 -9999.0 -9999.0 -9999.0 -9999.0 -9999.0 -9999.0 -9999.0 -9999.0 -9999.0 -9999.0 -9999.0 -9999.0 -9999.0 -9999.0 -9999.0 -9999.0 -9999.0 -9999.0 -9999.0 -9999.0 -9999.0 -9999.0 -9999.0 -9999.0 -9999.0 -9999.0 -9999.0 -9999.0 -9999.0 -9999.0 -9999.0 -9999.0 -9999.0 -9999.0 -9999.0 -9999.0 -9999.0 -9999.0 -9999.0 -9999.0 -9999.0 -9999.0 -9999.0 -9999.0 -9999.0 -9999.0 -9999.0 -9999.0 -9999.0 -9999.0 -9999.0 -9999.0 -9999.0 -9999.0 -9999.0 -9999.0 -9999.0 -9999.0 -9999.0 -9999.0 -9999.0 -9999.0 -9999.0 -9999.0 -9999.0 -9999.0 -9999.0 -9999.0 -9999.0 -9999.0 -9999.0 -9999.0 -9999.0 -9999.0 -9999.0 -9999.0 -9999.0 -9999.0 -9999.0 -9999.0 -9999.0 -9999.0 -9999.0 -9999.0 -9999.0 -9999.0 -9999.0 -9999.0 -9999.0 -9999.0 -9999.0 -9999.0 -9999.0 -9999.0 -9999.0 -9999.0 -9999.0 -9999.0 -9999.0 -9999.0
-9999.0 -9999.0 -9999.0 -9999.0 -9999.0 -9999.0 -9999.0 -9999.0 -9999.0 -9999.0 -9999.0 -9999.0 -9999.0 -9999.0 -9999.0 -9999.0 -9999.0 -9999.0 -9999.0 -9999.0 -9999.0 -9999.0 -9999.0 -9999.0 -9999.0 -9999.0 -9999.0 -9999.0 -9999.0 -9999.0 -9999.0 -9999.0 -9999.0 -9999.0 -9999.0 -9999.0 -9999.0 -9999.0 -9999.0 -9999.0 -9999.0 -9999.0 -9999.0 -9999.0 -9999.0 -9999.0 -9999.0 -9999.0 -9999.0 -9999.0 -9999.0 -9999.0 -9999.0 -9999.0 -9999.0 -9999.0 -9999.0 -9999.0 -9999.0 -9999.0 -9999.0 -9999.0 -9999.0 -9999.0 -9999.0 -9999.0 -9999.0 -9999.0 -9999.0 -9999.0 -9999.0 -9999.0 -9999.0 -9999.0 -9999.0 -9999.0 -9999.0 -9999.0 -9999.0 -9999.0 -9999.0 -9999.0 -9999.0 -9999.0 -9999.0 -9999.0 -9999.0 -9999.0 -9999.0 -9999.0 -9999.0 -9999.0 -9999.0 -9999.0 -9999.0 -9999.0 -9999.0 -9999.0 -9999.0 -9999.0 -9999.0 -9999.0 -9999.0 -9999.0
-9999.0 -9999.0 438.593980 351.017186 259.243021 165.636470 71.264006 -23.415661 -118.188906 -212.960872 -307.658359 -402.264535 -497.253290 -594.730435 -696.140715 -794.244652 -891.533808 -986.121594 -1075.917951 -1158.967296 -1216.515531 -1252.430596 -1272.767623 -1283.703187 -1289.655352 -1293.198047 -1295.615368 -1297.455394 -1298.919448 -1300.081084 -1300.982623 -1301.664068 -1302.166656 -1302.529273 -1302.785567 -1302.964750 -1303.098729 -1303.235772 -1303.498119 -1304.794258 -1313.589040 -1366.038462 -1424.195193 -1717.219787 -1598.140792 -1531.590410 -1502.148818 -1498.539606 -1498.180815 -1498.219501 -1498.314281 -1498.415655 -1498.512928 -1498.602918 -1498.686037 -1498.779291 -1499.053284 -1501.028175 -1515.853299 -1550.393662 -1610.362062 -1301.073260 -1341.613793 -1309.850803 -1304.328342 -1303.579603 -1303.470130 -1303.452321 -1303.450630 -1303.451891 -1303.453425 -1303.454706 -1303.455690 -1303.456435 -1303.457003 -1303.457443 -1303.457790 -1303.458070 -1303.458302 -1303.458507 -1303.458705 -1303.458923 -1303.459195 -1303.459572 -1303.460127 -1303.460979 -1303.462317 -1303.464451 -1303.467905 -1303.473583 -1303.483105 -1303.499471 -1303.528419 -1303.581191 -1303.680144 -1303.870063 -1304.241710 -1304.985476 -1306.530917 -1309.942471 -1318.119167 -1340.886111 -9999.0 -9999.0
-9999.0 -9999.0 438.601600 351.019235 259.243585 165.636639 71.264060 -23.415643 -118.188900 -212.960870 -307.658358 -402.264534 -497.253290 -594.730435 -696.140715 -794.244653 -891.533808 -986.121594 -1075.917951 -1158.967296 -1216.515532 -1252.430596 -1272.767623 -1283.703187 -1289.655352 -1293.198047 -1295.615368 -1297.455394 -1298.919448 -1300.081084 -1300.982623 -1301.664068 -1302.166656 -1302.529273 -1302.785567 -1302.964750 -1303.098729 -1303.235772 -1303.498119 -1304.794258 -1313.589040 -1366.038462 -1424.195192 -1717.219786 -1598.140791 -1531.590408 -1502.148818 -1498.539606 -1498.180815 -1498.219501 -1498.314281 -1498.415655 -1498.512928 -1498.602918 -1498.686037 -1498.779291 -1499.053284 -1501.028175 -1515.853299 -1550.393662 -1610.362062 -1301.073260 -1341.613793 -1309.850803 -1304.328342 -1303.579603 -1303.470130 -1303.452321 -1303.450630 -1303.451891 -1303.453425 -1303.454706 -1303.455690 -1303.456435 -1303.457003 -1303.457443 -1303.457790 -1303.458070 -1303.458302 -1303.458507 -1303.458705 -1303.458923 -1303.459195 -1303.459572 -1303.460127 -1303.460979 -1303.462317 -1303.464451 -1303.467905 -1303.473583 -1303.483105 -1303.499471 -1303.528419 -1303.581191 -1303.680144 -1303.870063 -1304.241710 -1304.985476 -1306.530917 -1309.942471 -1318.119167 -1340.886111 -9999.0 -9999.0
-9999.0 -9999.0 438.603287 351.020133 259.243946 165.636773 71.264108 -23.415626 -118.188894 -212.960867 -307.658357 -402.264534 -497.253290 -594.730435 -696.140715 -794.244653 -891.533808 -986.121594 -1075.917951 -1158.967296 -1216.515532 -1252.430596 -1272.767623 -1283.703187 -1289.655352 -1293.198047 -1295.615368 -1297.455394 -1298.919448 -1300.081084 -1300.982623 -1301.664068 -1302.166656 -1302.529273 -1302.785567 -1302.964750 -1303.098729 -1303.235772 -1303.498119 -1304.794258 -1313.589040 -1366.038462 -1424.195192 -1717.219786 -1598.140791 -1531.590408 -1502.148818 -1498.539606 -1498.180815 -1498.219501 -1498.314281 -1498.415655 -1498.512928 -1498.602918 -1498.686037 -1498.779291 -1499.053284 -1501.028175 -1515.853299 -1550.393662 -1610.362062 -1301.073260 -1341.613793 -1309.850803 -1304.328342 -1303.579603 -1303.470130 -1303.452321 -1303.450630 -1303.451891 -1303.453425 -1303.454706 -1303.455690 -1303.456435 -1303.457003 -1303.457443 -1303.457790 -1303.458070 -1303.458302 -1303.458507 -1303.458705 -1303.458923 -1303.459195 -1303.459572 -1303.460127 -1303.460979 -1303.462317 -1303.464451 -1303.467905 -1303.473583 -1303.483105 -1303.499471 -1303.528419 -1303.581191 -1303.680144 -1303.870063 -1304.241710 -1304.985476 -1306.530917 -1309.942471 -1318.119167 -1340.886111 -9999.0 -9999.0
-9999.0 -9999.0 438.603287 351.020133 259.243946 165.636773 71.264108 -23.415626 -118.188894 -212.960868 -307.658357 -402.264534 -497.253290 -594.730435 -696.140715 -794.244653 -891.533808 -986.121594 -1075.917951 -1158.967296 -1216.515532 -1252.430596 -1272.767623 -1283.703187 -1289.655352 -1293.198047 -1295.615368 -1297.455394 -1298.919448 -1300.081084 -1300.982623 -1301.664068 -1302.166656 -1302.529273 -1302.785567 -1302.964750 -1303.098729 -1303.235772 -1303.498119 -1304.794258 -1313.589040 -1366.038462 -1424.195192 -1717.219786 -1598.140791 -1531.590408 -1502.148818 -1498.539606 -1498.180815 -1498.219501 -1498.314281 -1498.415655 -1498.512928 -1498.602918 -1498.686037 -1498.779291 -1499.053284 -1501.028175 -1515.853299 -1550.393662 -1610.362062 -1301.073260 -1341.613793 -1309.850803 -1304.328342 -1303.579603 -1303.470130 -1303.452321 -1303.450630 -1303.451891 -1303.453425 -1303.454706 -1303.455690 -1303.456435 -1303.457003 -1303.457443 -1303.457790 -1303.458070 -1303.458302 -1303.458507 -1303.458705 -1303.458923 -1303.459195 -1303.459572 -1303.460127 -1303.460979 -1303.462317 -1303.464451 -1303.467905 -1303.473583 -1303.483105 -1303.499471 -1303.528419 -1303.581191 -1303.680144 -1303.870063 -1304.241710 -1304.985476 -1306.530917 -1309.942471 -1318.119167 -1340.886111 -9999.0 -9999.0
-9999.0 -9999.0 438.601600 351.019235 259.243585 165.636640 71.264060 -23.415643 -118.188900 -212.960870 -307.658358 -402.264534 -497.253290 -594.730435 -696.140715 -794.244652 -891.533808 -986.121594 -1075.917951 -1158.967296 -1216.515532 -1252.430596 -1272.767623 -1283.703187 -1289.655352 -1293.198047 -1295.615368 -1297.455394 -1298.919448 -1300.081084 -1300.982623 -1301.664068 -1302.166656 -1302.529273 -1302.785567 -1302.964750 -1303.098729 -1303.235772 -1303.498119 -1304.794258 -1313.589040 -1366.038462 -1424.195192 -1717.219786 -1598.140791 -1531.590408 -1502.148818 -1498.539606 -1498.180815 -1498.219501 -1498.314281 -1498.415655 -1498.512928 -1498.602918 -1498.686037 -1498.779291 -1499.053284 -1501.028175 -1515.853299 -1550.393662 -1610.362062 -1301.073260 -1341.613793 -1309.850803 -1304.328342 -1303.579603 -1303.470130 -1303.452321 -1303.450630 -1303.451891 -1303.453425 -1303.454706 -1303.455690 -1303.456435 -1303.457003 -1303.457443 -1303.457790 -1303.458070 -1303.458302 -1303.458507 -1303.458705 -1303.458923 -1303.459195 -1303.459572 -1303.460127 -1303.460979 -1303.462317 -1303.464451 -1303.467905 -1303.473583 -1303.483105 -1303.499471 -1303.528419 -1303.581191 -1303.680144 -1303.870063 -1304.241710 -1304.985476 -1306.530917 -1309.942471 -1318.119167 -1340.886111 -9999.0 -9999.0
-9999.0 -9999.0 438.593980 351.017186 259.243021 165.636470 71.264006 -23.415661 -118.188906 -212.960872 -307.658359 -402.264535 -497.253290 -594.730436 -696.140715 -794.244652 -891.533808 -986.121594 -1075.917951 -1158.967296 -1216.515531 -1252.430596 -1272.767623 -1283.703187 -1289.655352 -1293.198047 -1295.615368 -1297.455394 -1298.919448 -1300.081084 -1300.982623 -1301.664068 -1302.166656 -1302.529273 -1302.785567 -1302.964750 -1303.098729 -1303.235772 -1303.498119 -1304.794258 -1313.589040 -1366.038462 -1424.195193 -1717.219787 -1598.140792 -1531.590410 -1502.148818 -1498.539606 -1498.180815 -1498.219501 -1498.314281 -1498.415655 -1498.512928 -1498.602918 -1498.686037 -1498.779291 -1499.053284 -1501.028175 -1515.853299 -1550.393662 -1610.362062 -1301.073260 -1341.613793 -1309.850803 -1304.328342 -1303.579603 -1303.470130 -1303.452321 -1303.450630 -1303.451891 -1303.453425 -1303.454706 -1303.455690 -1303.456435 -1303.457003 -1303.457443 -1303.457790 -1303.458070 -1303.458302 -1303.458507 -1303.458705 -1303.458923 -1303.459195 -1303.459572 -1303.460127 -1303.460979 -1303.462317 -1303.464451 -1303.467905 -1303.473583 -1303.483105 -1303.499471 -1303.528419 -1303.581191 -1303.680144 -1303.870063 -1304.241710 -1304.985476 -1306.530917 -1309.942471 -1318.119167 -1340.886111 -9999.0 -9999.0
-9999.0 -9999.0 -9999.0 -9999.0 -9999.0 -9999.0 -9999.0 -9999.0 -9999.0 -9999.0 -9999.0 -9999.0 -9999.0 -9999.0 -9999.0 -9999.0 -9999.0 -9999.0 -9999.0 -9999.0 -9999.0 -9999.0 -9999.0 -9999.0 -9999.0 -9999.0 -9999.0 -9999.0 -9999.0 -9999.0 -9999.0 -9999.0 -9999.0 -9999.0 -9999.0 -9999.0 -9999.0 -9999.0 -9999.0 -9999.0 -9999.0 -9999.0 -9999.0 -9999.0 -9999.0 -9999.0 -9999.0 -9999.0 -9999.0 -9999.0 -9999.0 -9999.0 -9999.0 -9999.0 -9999.0 -9999.0 -9999.0 -9999.0 -9999.0 -9999.0 -9999.0 -9999.0 -9999.0 -9999.0 -9999.0 -9999.0 -9999.0 -9999.0 -9999.0 -9999.0 -9999.0 -9999.0 -9999.0 -9999.0 -9999.0 -9999.0 -9999.0 -9999.0 -9999.0 -9999.0 -9999.0 -9999.0 -9999.0 -9999.0 -9999.0 -9999.0 -9999.0 -9999.0 -9999.0 -9999.0 -9999.0 -9999.0 -9999.0 -9999.0 -9999.0 -9999.0 -9999.0 -9999.0 -9999.0 -9999.0 -9999.0 -9999.0 -9999.0 -9999.0
-9999.0 -9999.0 -9999.0 -9999.0 -9999.0 -9999.0 -9999.0 -9999.0 -9999.0 -9999.0 -9999.0 -9999.0 -9999.0 -9999.0 -9999.0 -9999.0 -9999.0 -9999.0 -9999.0 -9999.0 -9999.0 -9999.0 -9999.0 -9999.0 -9999.0 -9999.0 -9999.0 -9999.0 -9999.0 -9999.0 -9999.0 -9999.0 -9999.0 -9999.0 -9999.0 -9999.0 -9999.0 -9999.0 -9999.0 -9999.0 -9999.0 -9999.0 -9999.0 -9999.0 -9999.0 -9999.0 -9999.0 -9999.0 -9999.0 -9999.0 -9999.0 -9999.0 -9999.0 -9999.0 -9999.0 -9999.0 -9999.0 -9999.0 -9999.0 -9999.0 -9999.0 -9999.0 -9999.0 -9999.0 -9999.0 -9999.0 -9999.0 -9999.0 -9999.0 -9999.0 -9999.0 -9999.0 -9999.0 -9999.0 -9999.0 -9999.0 -9999.0 -9999.0 -9999.0 -9999.0 -9999.0 -9999.0 -9999.0 -9999.0 -9999.0 -9999.0 -9999.0 -9999.0 -9999.0 -9999.0 -9999.0 -9999.0 -9999.0 -9999.0 -9999.0 -9999.0 -9999.0 -9999.0 -9999.0 -9999.0 -9999.0 -9999.0 -9999.0 -9999.0