inst/processing_geotop_simulation/geotop_simulation/out/maps3D/PwL0004N0132.asc
ncols         104
nrows         10
xllcorner     -2.000000
yllcorner     0.000000
cellsize      1.000000
NODATA_value  -9999.0
-9999.0 -9999.0 -9999.0 -9999.0 -9999.0 -9999.0 -9999.0 -9999.0 -9999.0 -9999.0 -9999.0 -9999.0 -9999.0 -9999.0 -9999.0 -9999.0 -9999.0 -9999.0 -9999.0 -9999.0 -9999.0 -9999.0 -9999.0 -9999.0 -9999.0 -9999.0 -9999.0 -9999.0 -9999.0 -9999.0 -9999.0 -9999.0 -9999.0 -9999.0 -9999.0 -9999.0 -9999.0 -9999.0 -9999.0 -9999.0 -9999.0 -9999.0 -9999.0 -9999.0 -9999.0 -9999.0 -9999.0 -9999.0 -9999.0 -9999.0 -9999.0 -9999.0 -9999.0 -9999.0 -9999.0 -9999.0 -9999.0 -9999.0 -9999.0 -9999.0 -9999.0 -9999.0 -9999.0 -9999.0 -9999.0 -9999.0 -9999.0 -9999.0 -9999.0 -9999.0 -9999.0 -9999.0 -9999.0 -9999.0 -9999.0 -9999.0 -9999.0 -9999.0 -9999.0 -9999.0 -9999.0 -9999.0 -9999.0 -9999.0 -9999.0 -9999.0 -9999.0 -9999.0 -9999.0 -9999.0 -9999.0 -9999.0 -9999.0 -9999.0 -9999.0 -9999.0 -9999.0 -9999.0 -9999.0 -9999.0 -9999.0 -9999.0 -9999.0 -9999.0
-9999.0 -9999.0 -9999.0 -9999.0 -9999.0 -9999.0 -9999.0 -9999.0 -9999.0 -9999.0 -9999.0 -9999.0 -9999.0 -9999.0 -9999.0 -9999.0 -9999.0 -9999.0 -9999.0 -9999.0 -9999.0 -9999.0 -9999.0 -9999.0 -9999.0 -9999.0 -9999.0 -9999.0 -9999.0 -9999.0 -9999.0 -9999.0 -9999.0 -9999.0 -9999.0 -9999.0 -9999.0 -9999.0 -9999.0 -9999.0 -9999.0 -9999.0 -9999.0 -9999.0 -9999.0 -9999.0 -9999.0 -9999.0 -9999.0 -9999.0 -9999.0 -9999.0 -9999.0 -9999.0 -9999.0 -9999.0 -9999.0 -9999.0 -9999.0 -9999.0 -9999.0 -9999.0 -9999.0 -9999.0 -9999.0 -9999.0 -9999.0 -9999.0 -9999.0 -9999.0 -9999.0 -9999.0 -9999.0 -9999.0 -9999.0 -9999.0 -9999.0 -9999.0 -9999.0 -9999.0 -9999.0 -9999.0 -9999.0 -9999.0 -9999.0 -9999.0 -9999.0 -9999.0 -9999.0 -9999.0 -9999.0 -9999.0 -9999.0 -9999.0 -9999.0 -9999.0 -9999.0 -9999.0 -9999.0 -9999.0 -9999.0 -9999.0 -9999.0 -9999.0
-9999.0 -9999.0 185.456661 100.269156 8.207995 -85.824176 -180.619282 -275.705919 -370.826264 -465.810679 -560.442722 -654.379705 -748.661268 -844.681067 -941.906644 -1037.632269 -1134.348441 -1234.051930 -1325.508508 -1392.454010 -1432.254820 -1454.654424 -1466.643629 -1473.112103 -1476.945474 -1479.619649 -1481.770448 -1483.602434 -1485.148594 -1486.406811 -1487.389872 -1488.130284 -1488.671086 -1489.055983 -1489.323634 -1489.507274 -1489.641191 -1489.773902 -1490.027070 -1491.250924 -1498.544599 -1517.905257 -990.593809 -995.689572 -980.039820 -970.331763 -965.800746 -965.174155 -965.110955 -965.121198 -965.142580 -965.165338 -965.187182 -965.207393 -965.226014 -965.246385 -965.301424 -965.669040 -968.055894 -973.473130 -982.149920 -966.299944 -1497.616960 -1494.939380 -1490.783520 -1490.092514 -1489.986427 -1489.969065 -1489.967353 -1489.968506 -1489.969935 -1489.971131 -1489.972052 -1489.972748 -1489.973279 -1489.973690 -1489.974014 -1489.974275 -1489.974492 -1489.974683 -1489.974868 -1489.975071 -1489.975326 -1489.975678 -1489.976197 -1489.976995 -1489.978246 -1489.980244 -1489.983477 -1489.988794 -1489.997712 -1490.013046 -1490.040178 -1490.089653 -1490.182430 -1490.360448 -1490.708483 -1491.403402 -1492.840353 -1495.989837 -1503.533296 -1525.165125 -9999.0 -9999.0
-9999.0 -9999.0 185.467793 100.271470 8.208586 -85.824004 -180.619228 -275.705901 -370.826258 -465.810677 -560.442721 -654.379705 -748.661268 -844.681067 -941.906644 -1037.632270 -1134.348441 -1234.051931 -1325.508508 -1392.454010 -1432.254820 -1454.654424 -1466.643629 -1473.112103 -1476.945474 -1479.619649 -1481.770448 -1483.602434 -1485.148594 -1486.406811 -1487.389872 -1488.130284 -1488.671086 -1489.055983 -1489.323634 -1489.507274 -1489.641191 -1489.773902 -1490.027070 -1491.250924 -1498.544599 -1517.905257 -990.593809 -995.689572 -980.039819 -970.331762 -965.800746 -965.174155 -965.110955 -965.121198 -965.142580 -965.165338 -965.187182 -965.207393 -965.226014 -965.246385 -965.301424 -965.669040 -968.055894 -973.473130 -982.149920 -966.299944 -1497.616960 -1494.939380 -1490.783520 -1490.092514 -1489.986427 -1489.969065 -1489.967353 -1489.968506 -1489.969935 -1489.971131 -1489.972052 -1489.972748 -1489.973279 -1489.973690 -1489.974014 -1489.974275 -1489.974492 -1489.974683 -1489.974868 -1489.975071 -1489.975326 -1489.975678 -1489.976197 -1489.976995 -1489.978246 -1489.980244 -1489.983477 -1489.988794 -1489.997712 -1490.013046 -1490.040178 -1490.089653 -1490.182430 -1490.360448 -1490.708483 -1491.403402 -1492.840353 -1495.989837 -1503.533296 -1525.165125 -9999.0 -9999.0
-9999.0 -9999.0 185.469362 100.272405 8.208958 -85.823870 -180.619180 -275.705884 -370.826252 -465.810675 -560.442720 -654.379704 -748.661268 -844.681067 -941.906644 -1037.632270 -1134.348441 -1234.051931 -1325.508508 -1392.454010 -1432.254820 -1454.654424 -1466.643629 -1473.112103 -1476.945474 -1479.619649 -1481.770448 -1483.602434 -1485.148594 -1486.406811 -1487.389872 -1488.130284 -1488.671086 -1489.055983 -1489.323634 -1489.507274 -1489.641191 -1489.773902 -1490.027070 -1491.250924 -1498.544599 -1517.905257 -990.593809 -995.689572 -980.039819 -970.331762 -965.800746 -965.174155 -965.110955 -965.121198 -965.142580 -965.165338 -965.187182 -965.207393 -965.226014 -965.246385 -965.301424 -965.669040 -968.055894 -973.473130 -982.149920 -966.299944 -1497.616960 -1494.939380 -1490.783520 -1490.092514 -1489.986427 -1489.969065 -1489.967353 -1489.968506 -1489.969935 -1489.971131 -1489.972052 -1489.972748 -1489.973279 -1489.973690 -1489.974014 -1489.974275 -1489.974492 -1489.974683 -1489.974868 -1489.975071 -1489.975326 -1489.975678 -1489.976197 -1489.976995 -1489.978246 -1489.980244 -1489.983477 -1489.988794 -1489.997712 -1490.013046 -1490.040178 -1490.089653 -1490.182430 -1490.360448 -1490.708483 -1491.403402 -1492.840353 -1495.989837 -1503.533296 -1525.165125 -9999.0 -9999.0
-9999.0 -9999.0 185.469362 100.272405 8.208958 -85.823870 -180.619181 -275.705884 -370.826252 -465.810675 -560.442720 -654.379704 -748.661268 -844.681067 -941.906644 -1037.632270 -1134.348441 -1234.051931 -1325.508508 -1392.454010 -1432.254820 -1454.654424 -1466.643629 -1473.112103 -1476.945474 -1479.619649 -1481.770448 -1483.602434 -1485.148594 -1486.406811 -1487.389872 -1488.130284 -1488.671086 -1489.055983 -1489.323634 -1489.507274 -1489.641191 -1489.773902 -1490.027070 -1491.250924 -1498.544599 -1517.905257 -990.593809 -995.689572 -980.039819 -970.331762 -965.800746 -965.174155 -965.110955 -965.121198 -965.142580 -965.165338 -965.187182 -965.207393 -965.226014 -965.246385 -965.301424 -965.669040 -968.055894 -973.473130 -982.149920 -966.299944 -1497.616960 -1494.939380 -1490.783520 -1490.092514 -1489.986427 -1489.969065 -1489.967353 -1489.968506 -1489.969935 -1489.971131 -1489.972052 -1489.972748 -1489.973279 -1489.973690 -1489.974014 -1489.974275 -1489.974492 -1489.974683 -1489.974868 -1489.975071 -1489.975326 -1489.975678 -1489.976197 -1489.976995 -1489.978246 -1489.980244 -1489.983477 -1489.988794 -1489.997712 -1490.013046 -1490.040178 -1490.089653 -1490.182430 -1490.360448 -1490.708483 -1491.403402 -1492.840353 -1495.989837 -1503.533296 -1525.165125 -9999.0 -9999.0
-9999.0 -9999.0 185.467793 100.271470 8.208586 -85.824004 -180.619228 -275.705901 -370.826258 -465.810677 -560.442721 -654.379705 -748.661268 -844.681067 -941.906644 -1037.632270 -1134.348441 -1234.051931 -1325.508508 -1392.454010 -1432.254820 -1454.654424 -1466.643629 -1473.112103 -1476.945474 -1479.619649 -1481.770448 -1483.602434 -1485.148594 -1486.406811 -1487.389872 -1488.130284 -1488.671086 -1489.055983 -1489.323634 -1489.507274 -1489.641191 -1489.773902 -1490.027070 -1491.250924 -1498.544599 -1517.905257 -990.593809 -995.689572 -980.039819 -970.331762 -965.800746 -965.174155 -965.110955 -965.121198 -965.142580 -965.165338 -965.187182 -965.207393 -965.226014 -965.246385 -965.301424 -965.669040 -968.055894 -973.473130 -982.149920 -966.299944 -1497.616960 -1494.939380 -1490.783520 -1490.092514 -1489.986427 -1489.969065 -1489.967353 -1489.968506 -1489.969935 -1489.971131 -1489.972052 -1489.972748 -1489.973279 -1489.973690 -1489.974014 -1489.974275 -1489.974492 -1489.974683 -1489.974868 -1489.975071 -1489.975326 -1489.975678 -1489.976197 -1489.976995 -1489.978246 -1489.980244 -1489.983477 -1489.988794 -1489.997712 -1490.013046 -1490.040178 -1490.089653 -1490.182430 -1490.360448 -1490.708483 -1491.403402 -1492.840353 -1495.989837 -1503.533296 -1525.165125 -9999.0 -9999.0
-9999.0 -9999.0 185.456661 100.269156 8.207995 -85.824176 -180.619282 -275.705919 -370.826264 -465.810679 -560.442722 -654.379705 -748.661268 -844.681067 -941.906644 -1037.632269 -1134.348441 -1234.051930 -1325.508508 -1392.454010 -1432.254820 -1454.654424 -1466.643629 -1473.112103 -1476.945474 -1479.619649 -1481.770448 -1483.602434 -1485.148594 -1486.406811 -1487.389872 -1488.130284 -1488.671086 -1489.055983 -1489.323634 -1489.507274 -1489.641191 -1489.773902 -1490.027070 -1491.250924 -1498.544599 -1517.905257 -990.593809 -995.689572 -980.039820 -970.331763 -965.800746 -965.174155 -965.110955 -965.121198 -965.142580 -965.165338 -965.187182 -965.207393 -965.226014 -965.246385 -965.301424 -965.669040 -968.055894 -973.473130 -982.149920 -966.299944 -1497.616960 -1494.939380 -1490.783520 -1490.092514 -1489.986427 -1489.969065 -1489.967353 -1489.968506 -1489.969935 -1489.971131 -1489.972052 -1489.972748 -1489.973279 -1489.973690 -1489.974014 -1489.974275 -1489.974492 -1489.974683 -1489.974868 -1489.975071 -1489.975326 -1489.975678 -1489.976197 -1489.976995 -1489.978246 -1489.980244 -1489.983477 -1489.988794 -1489.997712 -1490.013046 -1490.040178 -1490.089653 -1490.182430 -1490.360448 -1490.708483 -1491.403402 -1492.840353 -1495.989837 -1503.533296 -1525.165125 -9999.0 -9999.0
-9999.0 -9999.0 -9999.0 -9999.0 -9999.0 -9999.0 -9999.0 -9999.0 -9999.0 -9999.0 -9999.0 -9999.0 -9999.0 -9999.0 -9999.0 -9999.0 -9999.0 -9999.0 -9999.0 -9999.0 -9999.0 -9999.0 -9999.0 -9999.0 -9999.0 -9999.0 -9999.0 -9999.0 -9999.0 -9999.0 -9999.0 -9999.0 -9999.0 -9999.0 -9999.0 -9999.0 -9999.0 -9999.0 -9999.0 -9999.0 -9999.0 -9999.0 -9999.0 -9999.0 -9999.0 -9999.0 -9999.0 -9999.0 -9999.0 -9999.0 -9999.0 -9999.0 -9999.0 -9999.0 -9999.0 -9999.0 -9999.0 -9999.0 -9999.0 -9999.0 -9999.0 -9999.0 -9999.0 -9999.0 -9999.0 -9999.0 -9999.0 -9999.0 -9999.0 -9999.0 -9999.0 -9999.0 -9999.0 -9999.0 -9999.0 -9999.0 -9999.0 -9999.0 -9999.0 -9999.0 -9999.0 -9999.0 -9999.0 -9999.0 -9999.0 -9999.0 -9999.0 -9999.0 -9999.0 -9999.0 -9999.0 -9999.0 -9999.0 -9999.0 -9999.0 -9999.0 -9999.0 -9999.0 -9999.0 -9999.0 -9999.0 -9999.0 -9999.0 -9999.0
-9999.0 -9999.0 -9999.0 -9999.0 -9999.0 -9999.0 -9999.0 -9999.0 -9999.0 -9999.0 -9999.0 -9999.0 -9999.0 -9999.0 -9999.0 -9999.0 -9999.0 -9999.0 -9999.0 -9999.0 -9999.0 -9999.0 -9999.0 -9999.0 -9999.0 -9999.0 -9999.0 -9999.0 -9999.0 -9999.0 -9999.0 -9999.0 -9999.0 -9999.0 -9999.0 -9999.0 -9999.0 -9999.0 -9999.0 -9999.0 -9999.0 -9999.0 -9999.0 -9999.0 -9999.0 -9999.0 -9999.0 -9999.0 -9999.0 -9999.0 -9999.0 -9999.0 -9999.0 -9999.0 -9999.0 -9999.0 -9999.0 -9999.0 -9999.0 -9999.0 -9999.0 -9999.0 -9999.0 -9999.0 -9999.0 -9999.0 -9999.0 -9999.0 -9999.0 -9999.0 -9999.0 -9999.0 -9999.0 -9999.0 -9999.0 -9999.0 -9999.0 -9999.0 -9999.0 -9999.0 -9999.0 -9999.0 -9999.0 -9999.0 -9999.0 -9999.0 -9999.0 -9999.0 -9999.0 -9999.0 -9999.0 -9999.0 -9999.0 -9999.0 -9999.0 -9999.0 -9999.0 -9999.0 -9999.0 -9999.0 -9999.0 -9999.0 -9999.0 -9999.0