inst/processing_geotop_simulation/geotop_simulation/out/maps3D/PwL0007N0141.asc
ncols         104
nrows         10
xllcorner     -2.000000
yllcorner     0.000000
cellsize      1.000000
NODATA_value  -9999.0
-9999.0 -9999.0 -9999.0 -9999.0 -9999.0 -9999.0 -9999.0 -9999.0 -9999.0 -9999.0 -9999.0 -9999.0 -9999.0 -9999.0 -9999.0 -9999.0 -9999.0 -9999.0 -9999.0 -9999.0 -9999.0 -9999.0 -9999.0 -9999.0 -9999.0 -9999.0 -9999.0 -9999.0 -9999.0 -9999.0 -9999.0 -9999.0 -9999.0 -9999.0 -9999.0 -9999.0 -9999.0 -9999.0 -9999.0 -9999.0 -9999.0 -9999.0 -9999.0 -9999.0 -9999.0 -9999.0 -9999.0 -9999.0 -9999.0 -9999.0 -9999.0 -9999.0 -9999.0 -9999.0 -9999.0 -9999.0 -9999.0 -9999.0 -9999.0 -9999.0 -9999.0 -9999.0 -9999.0 -9999.0 -9999.0 -9999.0 -9999.0 -9999.0 -9999.0 -9999.0 -9999.0 -9999.0 -9999.0 -9999.0 -9999.0 -9999.0 -9999.0 -9999.0 -9999.0 -9999.0 -9999.0 -9999.0 -9999.0 -9999.0 -9999.0 -9999.0 -9999.0 -9999.0 -9999.0 -9999.0 -9999.0 -9999.0 -9999.0 -9999.0 -9999.0 -9999.0 -9999.0 -9999.0 -9999.0 -9999.0 -9999.0 -9999.0 -9999.0 -9999.0
-9999.0 -9999.0 -9999.0 -9999.0 -9999.0 -9999.0 -9999.0 -9999.0 -9999.0 -9999.0 -9999.0 -9999.0 -9999.0 -9999.0 -9999.0 -9999.0 -9999.0 -9999.0 -9999.0 -9999.0 -9999.0 -9999.0 -9999.0 -9999.0 -9999.0 -9999.0 -9999.0 -9999.0 -9999.0 -9999.0 -9999.0 -9999.0 -9999.0 -9999.0 -9999.0 -9999.0 -9999.0 -9999.0 -9999.0 -9999.0 -9999.0 -9999.0 -9999.0 -9999.0 -9999.0 -9999.0 -9999.0 -9999.0 -9999.0 -9999.0 -9999.0 -9999.0 -9999.0 -9999.0 -9999.0 -9999.0 -9999.0 -9999.0 -9999.0 -9999.0 -9999.0 -9999.0 -9999.0 -9999.0 -9999.0 -9999.0 -9999.0 -9999.0 -9999.0 -9999.0 -9999.0 -9999.0 -9999.0 -9999.0 -9999.0 -9999.0 -9999.0 -9999.0 -9999.0 -9999.0 -9999.0 -9999.0 -9999.0 -9999.0 -9999.0 -9999.0 -9999.0 -9999.0 -9999.0 -9999.0 -9999.0 -9999.0 -9999.0 -9999.0 -9999.0 -9999.0 -9999.0 -9999.0 -9999.0 -9999.0 -9999.0 -9999.0 -9999.0 -9999.0
-9999.0 -9999.0 335.396972 247.056995 154.185291 59.632602 -35.581698 -131.064141 -226.626256 -322.116547 -417.385361 -512.173450 -606.162601 -700.132797 -794.959929 -889.413695 -983.891951 -1078.273550 -1171.183851 -1252.221850 -1313.353609 -1355.670704 -1382.970878 -1399.892519 -1410.317045 -1416.899060 -1421.236738 -1424.215354 -1426.312791 -1427.801014 -1428.853281 -1429.590828 -1430.102606 -1430.454123 -1430.693055 -1430.855419 -1430.975240 -1431.101779 -1431.386971 -1432.854117 -1441.383433 -1474.206427 -1119.866116 -1174.875635 -1140.979829 -1120.482360 -1111.053046 -1109.813420 -1109.688813 -1109.704608 -1109.740813 -1109.779473 -1109.816578 -1109.850910 -1109.882599 -1109.917898 -1110.018809 -1110.721392 -1115.584262 -1126.678070 -1144.579937 -1070.183849 -1450.245277 -1437.165944 -1432.208559 -1431.413688 -1431.295823 -1431.277218 -1431.275213 -1431.276177 -1431.277462 -1431.278551 -1431.279392 -1431.280029 -1431.280515 -1431.280892 -1431.281189 -1431.281429 -1431.281628 -1431.281804 -1431.281974 -1431.282163 -1431.282399 -1431.282726 -1431.283209 -1431.283951 -1431.285116 -1431.286977 -1431.289992 -1431.294957 -1431.303299 -1431.317673 -1431.343163 -1431.389747 -1431.477280 -1431.645622 -1431.976007 -1432.640711 -1434.033563 -1437.142451 -1444.734952 -1466.789060 -9999.0 -9999.0
-9999.0 -9999.0 335.405749 247.059135 154.185862 59.632770 -35.581644 -131.064124 -226.626249 -322.116545 -417.385360 -512.173450 -606.162601 -700.132797 -794.959929 -889.413696 -983.891951 -1078.273550 -1171.183851 -1252.221850 -1313.353609 -1355.670704 -1382.970878 -1399.892519 -1410.317045 -1416.899060 -1421.236738 -1424.215354 -1426.312791 -1427.801014 -1428.853281 -1429.590828 -1430.102606 -1430.454123 -1430.693055 -1430.855419 -1430.975240 -1431.101779 -1431.386971 -1432.854117 -1441.383433 -1474.206427 -1119.866116 -1174.875635 -1140.979829 -1120.482359 -1111.053046 -1109.813420 -1109.688813 -1109.704608 -1109.740813 -1109.779473 -1109.816578 -1109.850910 -1109.882599 -1109.917898 -1110.018809 -1110.721392 -1115.584262 -1126.678070 -1144.579937 -1070.183849 -1450.245277 -1437.165944 -1432.208559 -1431.413688 -1431.295823 -1431.277218 -1431.275213 -1431.276177 -1431.277462 -1431.278551 -1431.279392 -1431.280029 -1431.280515 -1431.280892 -1431.281189 -1431.281429 -1431.281628 -1431.281804 -1431.281974 -1431.282163 -1431.282399 -1431.282726 -1431.283209 -1431.283951 -1431.285116 -1431.286977 -1431.289992 -1431.294957 -1431.303299 -1431.317673 -1431.343163 -1431.389747 -1431.477280 -1431.645622 -1431.976007 -1432.640711 -1434.033563 -1437.142451 -1444.734952 -1466.789060 -9999.0 -9999.0
-9999.0 -9999.0 335.407412 247.060040 154.186224 59.632903 -35.581597 -131.064107 -226.626244 -322.116543 -417.385360 -512.173449 -606.162601 -700.132797 -794.959929 -889.413696 -983.891951 -1078.273550 -1171.183851 -1252.221851 -1313.353609 -1355.670704 -1382.970878 -1399.892519 -1410.317045 -1416.899060 -1421.236738 -1424.215354 -1426.312791 -1427.801014 -1428.853281 -1429.590828 -1430.102606 -1430.454123 -1430.693055 -1430.855419 -1430.975240 -1431.101779 -1431.386971 -1432.854117 -1441.383433 -1474.206427 -1119.866116 -1174.875635 -1140.979829 -1120.482359 -1111.053046 -1109.813420 -1109.688813 -1109.704608 -1109.740813 -1109.779473 -1109.816578 -1109.850910 -1109.882599 -1109.917898 -1110.018809 -1110.721392 -1115.584262 -1126.678070 -1144.579937 -1070.183849 -1450.245277 -1437.165944 -1432.208559 -1431.413688 -1431.295823 -1431.277218 -1431.275213 -1431.276177 -1431.277462 -1431.278551 -1431.279392 -1431.280029 -1431.280515 -1431.280892 -1431.281189 -1431.281429 -1431.281628 -1431.281804 -1431.281974 -1431.282163 -1431.282399 -1431.282726 -1431.283209 -1431.283951 -1431.285116 -1431.286977 -1431.289992 -1431.294957 -1431.303299 -1431.317673 -1431.343163 -1431.389747 -1431.477280 -1431.645622 -1431.976007 -1432.640711 -1434.033563 -1437.142451 -1444.734952 -1466.789060 -9999.0 -9999.0
-9999.0 -9999.0 335.407412 247.060040 154.186224 59.632903 -35.581597 -131.064107 -226.626244 -322.116543 -417.385360 -512.173449 -606.162601 -700.132797 -794.959929 -889.413696 -983.891951 -1078.273550 -1171.183851 -1252.221851 -1313.353609 -1355.670704 -1382.970878 -1399.892519 -1410.317045 -1416.899060 -1421.236738 -1424.215354 -1426.312791 -1427.801014 -1428.853281 -1429.590828 -1430.102606 -1430.454123 -1430.693055 -1430.855419 -1430.975240 -1431.101779 -1431.386971 -1432.854117 -1441.383433 -1474.206427 -1119.866116 -1174.875635 -1140.979829 -1120.482359 -1111.053046 -1109.813420 -1109.688813 -1109.704608 -1109.740813 -1109.779473 -1109.816578 -1109.850910 -1109.882599 -1109.917898 -1110.018809 -1110.721392 -1115.584262 -1126.678070 -1144.579937 -1070.183849 -1450.245277 -1437.165944 -1432.208559 -1431.413688 -1431.295823 -1431.277218 -1431.275213 -1431.276177 -1431.277462 -1431.278551 -1431.279392 -1431.280029 -1431.280515 -1431.280892 -1431.281189 -1431.281429 -1431.281628 -1431.281804 -1431.281974 -1431.282163 -1431.282399 -1431.282726 -1431.283209 -1431.283951 -1431.285116 -1431.286977 -1431.289992 -1431.294957 -1431.303299 -1431.317673 -1431.343163 -1431.389747 -1431.477280 -1431.645622 -1431.976007 -1432.640711 -1434.033563 -1437.142451 -1444.734952 -1466.789060 -9999.0 -9999.0
-9999.0 -9999.0 335.405749 247.059135 154.185862 59.632771 -35.581644 -131.064124 -226.626249 -322.116545 -417.385360 -512.173450 -606.162601 -700.132797 -794.959929 -889.413696 -983.891951 -1078.273550 -1171.183851 -1252.221850 -1313.353609 -1355.670704 -1382.970878 -1399.892519 -1410.317045 -1416.899060 -1421.236738 -1424.215354 -1426.312791 -1427.801014 -1428.853281 -1429.590828 -1430.102606 -1430.454123 -1430.693055 -1430.855419 -1430.975240 -1431.101779 -1431.386971 -1432.854117 -1441.383433 -1474.206427 -1119.866116 -1174.875635 -1140.979829 -1120.482359 -1111.053046 -1109.813420 -1109.688813 -1109.704608 -1109.740813 -1109.779473 -1109.816578 -1109.850910 -1109.882599 -1109.917898 -1110.018809 -1110.721392 -1115.584262 -1126.678070 -1144.579937 -1070.183849 -1450.245277 -1437.165944 -1432.208559 -1431.413688 -1431.295823 -1431.277218 -1431.275213 -1431.276177 -1431.277462 -1431.278551 -1431.279392 -1431.280029 -1431.280515 -1431.280892 -1431.281189 -1431.281429 -1431.281628 -1431.281804 -1431.281974 -1431.282163 -1431.282399 -1431.282726 -1431.283209 -1431.283951 -1431.285116 -1431.286977 -1431.289992 -1431.294957 -1431.303299 -1431.317673 -1431.343163 -1431.389747 -1431.477280 -1431.645622 -1431.976007 -1432.640711 -1434.033563 -1437.142451 -1444.734952 -1466.789060 -9999.0 -9999.0
-9999.0 -9999.0 335.396972 247.056995 154.185291 59.632602 -35.581698 -131.064141 -226.626256 -322.116547 -417.385361 -512.173450 -606.162601 -700.132797 -794.959929 -889.413695 -983.891951 -1078.273550 -1171.183851 -1252.221850 -1313.353609 -1355.670704 -1382.970878 -1399.892519 -1410.317045 -1416.899060 -1421.236738 -1424.215354 -1426.312791 -1427.801014 -1428.853281 -1429.590828 -1430.102606 -1430.454123 -1430.693055 -1430.855419 -1430.975240 -1431.101779 -1431.386971 -1432.854117 -1441.383433 -1474.206427 -1119.866116 -1174.875635 -1140.979829 -1120.482360 -1111.053046 -1109.813420 -1109.688813 -1109.704608 -1109.740813 -1109.779473 -1109.816578 -1109.850910 -1109.882599 -1109.917898 -1110.018809 -1110.721392 -1115.584262 -1126.678070 -1144.579937 -1070.183849 -1450.245277 -1437.165944 -1432.208559 -1431.413688 -1431.295823 -1431.277218 -1431.275213 -1431.276177 -1431.277462 -1431.278551 -1431.279392 -1431.280029 -1431.280515 -1431.280892 -1431.281189 -1431.281429 -1431.281628 -1431.281804 -1431.281974 -1431.282163 -1431.282399 -1431.282726 -1431.283209 -1431.283951 -1431.285116 -1431.286977 -1431.289992 -1431.294957 -1431.303299 -1431.317673 -1431.343163 -1431.389747 -1431.477280 -1431.645622 -1431.976007 -1432.640711 -1434.033563 -1437.142451 -1444.734952 -1466.789060 -9999.0 -9999.0
-9999.0 -9999.0 -9999.0 -9999.0 -9999.0 -9999.0 -9999.0 -9999.0 -9999.0 -9999.0 -9999.0 -9999.0 -9999.0 -9999.0 -9999.0 -9999.0 -9999.0 -9999.0 -9999.0 -9999.0 -9999.0 -9999.0 -9999.0 -9999.0 -9999.0 -9999.0 -9999.0 -9999.0 -9999.0 -9999.0 -9999.0 -9999.0 -9999.0 -9999.0 -9999.0 -9999.0 -9999.0 -9999.0 -9999.0 -9999.0 -9999.0 -9999.0 -9999.0 -9999.0 -9999.0 -9999.0 -9999.0 -9999.0 -9999.0 -9999.0 -9999.0 -9999.0 -9999.0 -9999.0 -9999.0 -9999.0 -9999.0 -9999.0 -9999.0 -9999.0 -9999.0 -9999.0 -9999.0 -9999.0 -9999.0 -9999.0 -9999.0 -9999.0 -9999.0 -9999.0 -9999.0 -9999.0 -9999.0 -9999.0 -9999.0 -9999.0 -9999.0 -9999.0 -9999.0 -9999.0 -9999.0 -9999.0 -9999.0 -9999.0 -9999.0 -9999.0 -9999.0 -9999.0 -9999.0 -9999.0 -9999.0 -9999.0 -9999.0 -9999.0 -9999.0 -9999.0 -9999.0 -9999.0 -9999.0 -9999.0 -9999.0 -9999.0 -9999.0 -9999.0
-9999.0 -9999.0 -9999.0 -9999.0 -9999.0 -9999.0 -9999.0 -9999.0 -9999.0 -9999.0 -9999.0 -9999.0 -9999.0 -9999.0 -9999.0 -9999.0 -9999.0 -9999.0 -9999.0 -9999.0 -9999.0 -9999.0 -9999.0 -9999.0 -9999.0 -9999.0 -9999.0 -9999.0 -9999.0 -9999.0 -9999.0 -9999.0 -9999.0 -9999.0 -9999.0 -9999.0 -9999.0 -9999.0 -9999.0 -9999.0 -9999.0 -9999.0 -9999.0 -9999.0 -9999.0 -9999.0 -9999.0 -9999.0 -9999.0 -9999.0 -9999.0 -9999.0 -9999.0 -9999.0 -9999.0 -9999.0 -9999.0 -9999.0 -9999.0 -9999.0 -9999.0 -9999.0 -9999.0 -9999.0 -9999.0 -9999.0 -9999.0 -9999.0 -9999.0 -9999.0 -9999.0 -9999.0 -9999.0 -9999.0 -9999.0 -9999.0 -9999.0 -9999.0 -9999.0 -9999.0 -9999.0 -9999.0 -9999.0 -9999.0 -9999.0 -9999.0 -9999.0 -9999.0 -9999.0 -9999.0 -9999.0 -9999.0 -9999.0 -9999.0 -9999.0 -9999.0 -9999.0 -9999.0 -9999.0 -9999.0 -9999.0 -9999.0 -9999.0 -9999.0