inst/processing_geotop_simulation/geotop_simulation/out/maps3D/PwL0011N0103.asc
ncols         104
nrows         10
xllcorner     -2.000000
yllcorner     0.000000
cellsize      1.000000
NODATA_value  -9999.0
-9999.0 -9999.0 -9999.0 -9999.0 -9999.0 -9999.0 -9999.0 -9999.0 -9999.0 -9999.0 -9999.0 -9999.0 -9999.0 -9999.0 -9999.0 -9999.0 -9999.0 -9999.0 -9999.0 -9999.0 -9999.0 -9999.0 -9999.0 -9999.0 -9999.0 -9999.0 -9999.0 -9999.0 -9999.0 -9999.0 -9999.0 -9999.0 -9999.0 -9999.0 -9999.0 -9999.0 -9999.0 -9999.0 -9999.0 -9999.0 -9999.0 -9999.0 -9999.0 -9999.0 -9999.0 -9999.0 -9999.0 -9999.0 -9999.0 -9999.0 -9999.0 -9999.0 -9999.0 -9999.0 -9999.0 -9999.0 -9999.0 -9999.0 -9999.0 -9999.0 -9999.0 -9999.0 -9999.0 -9999.0 -9999.0 -9999.0 -9999.0 -9999.0 -9999.0 -9999.0 -9999.0 -9999.0 -9999.0 -9999.0 -9999.0 -9999.0 -9999.0 -9999.0 -9999.0 -9999.0 -9999.0 -9999.0 -9999.0 -9999.0 -9999.0 -9999.0 -9999.0 -9999.0 -9999.0 -9999.0 -9999.0 -9999.0 -9999.0 -9999.0 -9999.0 -9999.0 -9999.0 -9999.0 -9999.0 -9999.0 -9999.0 -9999.0 -9999.0 -9999.0
-9999.0 -9999.0 -9999.0 -9999.0 -9999.0 -9999.0 -9999.0 -9999.0 -9999.0 -9999.0 -9999.0 -9999.0 -9999.0 -9999.0 -9999.0 -9999.0 -9999.0 -9999.0 -9999.0 -9999.0 -9999.0 -9999.0 -9999.0 -9999.0 -9999.0 -9999.0 -9999.0 -9999.0 -9999.0 -9999.0 -9999.0 -9999.0 -9999.0 -9999.0 -9999.0 -9999.0 -9999.0 -9999.0 -9999.0 -9999.0 -9999.0 -9999.0 -9999.0 -9999.0 -9999.0 -9999.0 -9999.0 -9999.0 -9999.0 -9999.0 -9999.0 -9999.0 -9999.0 -9999.0 -9999.0 -9999.0 -9999.0 -9999.0 -9999.0 -9999.0 -9999.0 -9999.0 -9999.0 -9999.0 -9999.0 -9999.0 -9999.0 -9999.0 -9999.0 -9999.0 -9999.0 -9999.0 -9999.0 -9999.0 -9999.0 -9999.0 -9999.0 -9999.0 -9999.0 -9999.0 -9999.0 -9999.0 -9999.0 -9999.0 -9999.0 -9999.0 -9999.0 -9999.0 -9999.0 -9999.0 -9999.0 -9999.0 -9999.0 -9999.0 -9999.0 -9999.0 -9999.0 -9999.0 -9999.0 -9999.0 -9999.0 -9999.0 -9999.0 -9999.0
-9999.0 -9999.0 538.699928 449.651160 357.449695 263.623244 169.091640 74.266998 -20.639586 -115.524474 -210.378697 -305.397437 -401.745291 -501.431333 -606.138435 -719.026819 -820.887452 -920.082974 -1013.692069 -1095.288487 -1148.651537 -1176.508165 -1188.726527 -1193.303622 -1194.905179 -1195.720935 -1196.545853 -1197.520411 -1198.555289 -1199.534618 -1200.384382 -1201.076702 -1201.615267 -1202.019516 -1202.313980 -1202.524383 -1202.682793 -1202.839685 -1203.100610 -1204.291776 -1213.306986 -1284.219020 -2080.704952 -4389.158270 -4318.325857 -4196.799438 -4111.592357 -4099.900963 -4098.720283 -4098.822884 -4099.101495 -4099.400163 -4099.686516 -4099.951234 -4100.195978 -4100.474644 -4101.328601 -4107.594461 -4153.396552 -4238.541502 -4315.054570 -1909.549599 -1259.553882 -1209.936947 -1203.958618 -1203.234310 -1203.127976 -1203.110251 -1203.108752 -1203.110258 -1203.112005 -1203.113453 -1203.114563 -1203.115402 -1203.116041 -1203.116537 -1203.116929 -1203.117244 -1203.117505 -1203.117735 -1203.117957 -1203.118202 -1203.118506 -1203.118927 -1203.119547 -1203.120497 -1203.121989 -1203.124367 -1203.128212 -1203.134527 -1203.145104 -1203.163255 -1203.195306 -1203.253650 -1203.362913 -1203.572408 -1203.981847 -1204.799502 -1206.493498 -1210.223306 -1219.103383 -1243.029611 -9999.0 -9999.0
-9999.0 -9999.0 538.706466 449.653069 357.450238 263.623408 169.091693 74.267016 -20.639580 -115.524472 -210.378697 -305.397437 -401.745291 -501.431334 -606.138435 -719.026820 -820.887453 -920.082974 -1013.692069 -1095.288487 -1148.651537 -1176.508165 -1188.726527 -1193.303622 -1194.905179 -1195.720935 -1196.545853 -1197.520411 -1198.555289 -1199.534618 -1200.384382 -1201.076702 -1201.615267 -1202.019516 -1202.313980 -1202.524383 -1202.682793 -1202.839685 -1203.100610 -1204.291776 -1213.306986 -1284.219020 -2080.704951 -4389.158270 -4318.325856 -4196.799433 -4111.592357 -4099.900963 -4098.720283 -4098.822884 -4099.101495 -4099.400163 -4099.686516 -4099.951234 -4100.195978 -4100.474644 -4101.328601 -4107.594461 -4153.396552 -4238.541502 -4315.054570 -1909.549599 -1259.553882 -1209.936947 -1203.958618 -1203.234310 -1203.127976 -1203.110251 -1203.108752 -1203.110258 -1203.112005 -1203.113453 -1203.114563 -1203.115402 -1203.116041 -1203.116537 -1203.116929 -1203.117244 -1203.117505 -1203.117735 -1203.117957 -1203.118202 -1203.118506 -1203.118927 -1203.119547 -1203.120497 -1203.121989 -1203.124367 -1203.128212 -1203.134527 -1203.145104 -1203.163255 -1203.195306 -1203.253650 -1203.362913 -1203.572408 -1203.981847 -1204.799502 -1206.493498 -1210.223306 -1219.103383 -1243.029611 -9999.0 -9999.0
-9999.0 -9999.0 538.708120 449.653940 357.450591 263.623539 169.091739 74.267032 -20.639575 -115.524470 -210.378696 -305.397437 -401.745291 -501.431334 -606.138435 -719.026820 -820.887453 -920.082974 -1013.692069 -1095.288487 -1148.651537 -1176.508165 -1188.726527 -1193.303622 -1194.905179 -1195.720935 -1196.545853 -1197.520411 -1198.555289 -1199.534618 -1200.384382 -1201.076702 -1201.615267 -1202.019516 -1202.313980 -1202.524383 -1202.682793 -1202.839685 -1203.100610 -1204.291776 -1213.306986 -1284.219020 -2080.704951 -4389.158270 -4318.325855 -4196.799431 -4111.592357 -4099.900963 -4098.720283 -4098.822884 -4099.101495 -4099.400163 -4099.686516 -4099.951234 -4100.195978 -4100.474644 -4101.328601 -4107.594461 -4153.396552 -4238.541502 -4315.054569 -1909.549599 -1259.553882 -1209.936947 -1203.958618 -1203.234310 -1203.127976 -1203.110251 -1203.108752 -1203.110258 -1203.112005 -1203.113453 -1203.114563 -1203.115402 -1203.116041 -1203.116537 -1203.116929 -1203.117244 -1203.117505 -1203.117735 -1203.117957 -1203.118202 -1203.118506 -1203.118927 -1203.119547 -1203.120497 -1203.121989 -1203.124367 -1203.128212 -1203.134527 -1203.145104 -1203.163255 -1203.195306 -1203.253650 -1203.362913 -1203.572408 -1203.981847 -1204.799502 -1206.493498 -1210.223306 -1219.103383 -1243.029610 -9999.0 -9999.0
-9999.0 -9999.0 538.708120 449.653940 357.450591 263.623539 169.091739 74.267032 -20.639575 -115.524470 -210.378696 -305.397437 -401.745291 -501.431334 -606.138435 -719.026820 -820.887453 -920.082974 -1013.692069 -1095.288487 -1148.651537 -1176.508165 -1188.726527 -1193.303622 -1194.905179 -1195.720935 -1196.545853 -1197.520411 -1198.555289 -1199.534618 -1200.384382 -1201.076702 -1201.615267 -1202.019516 -1202.313980 -1202.524383 -1202.682793 -1202.839685 -1203.100610 -1204.291776 -1213.306986 -1284.219020 -2080.704951 -4389.158270 -4318.325855 -4196.799431 -4111.592357 -4099.900963 -4098.720283 -4098.822884 -4099.101495 -4099.400163 -4099.686516 -4099.951234 -4100.195978 -4100.474644 -4101.328601 -4107.594461 -4153.396552 -4238.541502 -4315.054569 -1909.549599 -1259.553882 -1209.936947 -1203.958618 -1203.234310 -1203.127976 -1203.110251 -1203.108752 -1203.110258 -1203.112005 -1203.113453 -1203.114563 -1203.115402 -1203.116041 -1203.116537 -1203.116929 -1203.117244 -1203.117505 -1203.117735 -1203.117957 -1203.118202 -1203.118506 -1203.118927 -1203.119547 -1203.120497 -1203.121989 -1203.124367 -1203.128212 -1203.134527 -1203.145104 -1203.163255 -1203.195306 -1203.253650 -1203.362913 -1203.572408 -1203.981847 -1204.799502 -1206.493498 -1210.223306 -1219.103383 -1243.029610 -9999.0 -9999.0
-9999.0 -9999.0 538.706466 449.653069 357.450238 263.623408 169.091693 74.267016 -20.639580 -115.524472 -210.378697 -305.397437 -401.745291 -501.431334 -606.138435 -719.026820 -820.887453 -920.082974 -1013.692069 -1095.288487 -1148.651537 -1176.508165 -1188.726527 -1193.303622 -1194.905179 -1195.720935 -1196.545853 -1197.520411 -1198.555289 -1199.534618 -1200.384382 -1201.076702 -1201.615267 -1202.019516 -1202.313980 -1202.524383 -1202.682793 -1202.839685 -1203.100610 -1204.291776 -1213.306986 -1284.219020 -2080.704951 -4389.158270 -4318.325856 -4196.799433 -4111.592357 -4099.900963 -4098.720283 -4098.822884 -4099.101495 -4099.400163 -4099.686516 -4099.951234 -4100.195978 -4100.474644 -4101.328601 -4107.594461 -4153.396552 -4238.541502 -4315.054570 -1909.549599 -1259.553882 -1209.936947 -1203.958618 -1203.234310 -1203.127976 -1203.110251 -1203.108752 -1203.110258 -1203.112005 -1203.113453 -1203.114563 -1203.115402 -1203.116041 -1203.116537 -1203.116929 -1203.117244 -1203.117505 -1203.117735 -1203.117957 -1203.118202 -1203.118506 -1203.118927 -1203.119547 -1203.120497 -1203.121989 -1203.124367 -1203.128212 -1203.134527 -1203.145104 -1203.163255 -1203.195306 -1203.253650 -1203.362913 -1203.572408 -1203.981847 -1204.799502 -1206.493498 -1210.223306 -1219.103383 -1243.029611 -9999.0 -9999.0
-9999.0 -9999.0 538.699928 449.651160 357.449695 263.623243 169.091640 74.266998 -20.639586 -115.524474 -210.378697 -305.397437 -401.745291 -501.431333 -606.138435 -719.026819 -820.887452 -920.082974 -1013.692069 -1095.288487 -1148.651537 -1176.508165 -1188.726527 -1193.303622 -1194.905179 -1195.720935 -1196.545853 -1197.520411 -1198.555289 -1199.534618 -1200.384382 -1201.076702 -1201.615267 -1202.019516 -1202.313980 -1202.524383 -1202.682793 -1202.839685 -1203.100610 -1204.291776 -1213.306986 -1284.219020 -2080.704952 -4389.158270 -4318.325857 -4196.799438 -4111.592357 -4099.900963 -4098.720283 -4098.822884 -4099.101495 -4099.400163 -4099.686516 -4099.951234 -4100.195978 -4100.474644 -4101.328601 -4107.594461 -4153.396552 -4238.541502 -4315.054570 -1909.549599 -1259.553882 -1209.936947 -1203.958618 -1203.234310 -1203.127976 -1203.110251 -1203.108752 -1203.110258 -1203.112005 -1203.113453 -1203.114563 -1203.115402 -1203.116041 -1203.116537 -1203.116929 -1203.117244 -1203.117505 -1203.117735 -1203.117957 -1203.118202 -1203.118506 -1203.118927 -1203.119547 -1203.120497 -1203.121989 -1203.124367 -1203.128212 -1203.134527 -1203.145104 -1203.163255 -1203.195306 -1203.253650 -1203.362913 -1203.572408 -1203.981847 -1204.799502 -1206.493498 -1210.223306 -1219.103383 -1243.029611 -9999.0 -9999.0
-9999.0 -9999.0 -9999.0 -9999.0 -9999.0 -9999.0 -9999.0 -9999.0 -9999.0 -9999.0 -9999.0 -9999.0 -9999.0 -9999.0 -9999.0 -9999.0 -9999.0 -9999.0 -9999.0 -9999.0 -9999.0 -9999.0 -9999.0 -9999.0 -9999.0 -9999.0 -9999.0 -9999.0 -9999.0 -9999.0 -9999.0 -9999.0 -9999.0 -9999.0 -9999.0 -9999.0 -9999.0 -9999.0 -9999.0 -9999.0 -9999.0 -9999.0 -9999.0 -9999.0 -9999.0 -9999.0 -9999.0 -9999.0 -9999.0 -9999.0 -9999.0 -9999.0 -9999.0 -9999.0 -9999.0 -9999.0 -9999.0 -9999.0 -9999.0 -9999.0 -9999.0 -9999.0 -9999.0 -9999.0 -9999.0 -9999.0 -9999.0 -9999.0 -9999.0 -9999.0 -9999.0 -9999.0 -9999.0 -9999.0 -9999.0 -9999.0 -9999.0 -9999.0 -9999.0 -9999.0 -9999.0 -9999.0 -9999.0 -9999.0 -9999.0 -9999.0 -9999.0 -9999.0 -9999.0 -9999.0 -9999.0 -9999.0 -9999.0 -9999.0 -9999.0 -9999.0 -9999.0 -9999.0 -9999.0 -9999.0 -9999.0 -9999.0 -9999.0 -9999.0
-9999.0 -9999.0 -9999.0 -9999.0 -9999.0 -9999.0 -9999.0 -9999.0 -9999.0 -9999.0 -9999.0 -9999.0 -9999.0 -9999.0 -9999.0 -9999.0 -9999.0 -9999.0 -9999.0 -9999.0 -9999.0 -9999.0 -9999.0 -9999.0 -9999.0 -9999.0 -9999.0 -9999.0 -9999.0 -9999.0 -9999.0 -9999.0 -9999.0 -9999.0 -9999.0 -9999.0 -9999.0 -9999.0 -9999.0 -9999.0 -9999.0 -9999.0 -9999.0 -9999.0 -9999.0 -9999.0 -9999.0 -9999.0 -9999.0 -9999.0 -9999.0 -9999.0 -9999.0 -9999.0 -9999.0 -9999.0 -9999.0 -9999.0 -9999.0 -9999.0 -9999.0 -9999.0 -9999.0 -9999.0 -9999.0 -9999.0 -9999.0 -9999.0 -9999.0 -9999.0 -9999.0 -9999.0 -9999.0 -9999.0 -9999.0 -9999.0 -9999.0 -9999.0 -9999.0 -9999.0 -9999.0 -9999.0 -9999.0 -9999.0 -9999.0 -9999.0 -9999.0 -9999.0 -9999.0 -9999.0 -9999.0 -9999.0 -9999.0 -9999.0 -9999.0 -9999.0 -9999.0 -9999.0 -9999.0 -9999.0 -9999.0 -9999.0 -9999.0 -9999.0