inst/processing_geotop_simulation/geotop_simulation/out/maps3D/PwL0019N0080.asc
ncols         104
nrows         10
xllcorner     -2.000000
yllcorner     0.000000
cellsize      1.000000
NODATA_value  -9999.0
-9999.0 -9999.0 -9999.0 -9999.0 -9999.0 -9999.0 -9999.0 -9999.0 -9999.0 -9999.0 -9999.0 -9999.0 -9999.0 -9999.0 -9999.0 -9999.0 -9999.0 -9999.0 -9999.0 -9999.0 -9999.0 -9999.0 -9999.0 -9999.0 -9999.0 -9999.0 -9999.0 -9999.0 -9999.0 -9999.0 -9999.0 -9999.0 -9999.0 -9999.0 -9999.0 -9999.0 -9999.0 -9999.0 -9999.0 -9999.0 -9999.0 -9999.0 -9999.0 -9999.0 -9999.0 -9999.0 -9999.0 -9999.0 -9999.0 -9999.0 -9999.0 -9999.0 -9999.0 -9999.0 -9999.0 -9999.0 -9999.0 -9999.0 -9999.0 -9999.0 -9999.0 -9999.0 -9999.0 -9999.0 -9999.0 -9999.0 -9999.0 -9999.0 -9999.0 -9999.0 -9999.0 -9999.0 -9999.0 -9999.0 -9999.0 -9999.0 -9999.0 -9999.0 -9999.0 -9999.0 -9999.0 -9999.0 -9999.0 -9999.0 -9999.0 -9999.0 -9999.0 -9999.0 -9999.0 -9999.0 -9999.0 -9999.0 -9999.0 -9999.0 -9999.0 -9999.0 -9999.0 -9999.0 -9999.0 -9999.0 -9999.0 -9999.0 -9999.0 -9999.0
-9999.0 -9999.0 -9999.0 -9999.0 -9999.0 -9999.0 -9999.0 -9999.0 -9999.0 -9999.0 -9999.0 -9999.0 -9999.0 -9999.0 -9999.0 -9999.0 -9999.0 -9999.0 -9999.0 -9999.0 -9999.0 -9999.0 -9999.0 -9999.0 -9999.0 -9999.0 -9999.0 -9999.0 -9999.0 -9999.0 -9999.0 -9999.0 -9999.0 -9999.0 -9999.0 -9999.0 -9999.0 -9999.0 -9999.0 -9999.0 -9999.0 -9999.0 -9999.0 -9999.0 -9999.0 -9999.0 -9999.0 -9999.0 -9999.0 -9999.0 -9999.0 -9999.0 -9999.0 -9999.0 -9999.0 -9999.0 -9999.0 -9999.0 -9999.0 -9999.0 -9999.0 -9999.0 -9999.0 -9999.0 -9999.0 -9999.0 -9999.0 -9999.0 -9999.0 -9999.0 -9999.0 -9999.0 -9999.0 -9999.0 -9999.0 -9999.0 -9999.0 -9999.0 -9999.0 -9999.0 -9999.0 -9999.0 -9999.0 -9999.0 -9999.0 -9999.0 -9999.0 -9999.0 -9999.0 -9999.0 -9999.0 -9999.0 -9999.0 -9999.0 -9999.0 -9999.0 -9999.0 -9999.0 -9999.0 -9999.0 -9999.0 -9999.0 -9999.0 -9999.0
-9999.0 -9999.0 809.860318 709.801298 609.841115 510.099339 410.656030 311.558350 212.845806 114.581981 16.832180 -80.425387 -177.645724 -275.666672 -375.530113 -477.599710 -579.651592 -675.242884 -753.544964 -821.459788 -889.701272 -951.501042 -1008.230137 -1025.462260 -1008.467245 -995.931388 -987.646402 -982.624665 -979.847975 -978.504794 -978.016787 -977.998758 -978.208368 -978.501943 -978.800736 -979.068723 -979.305090 -979.547614 -979.881103 -981.085308 -991.043791 -1092.269962 -2119.869009 -4030.439620 -4034.653380 -4034.653465 -4034.653465 -4034.653456 -4034.653396 -4034.653126 -4034.652160 -4034.648616 -4034.641589 -4034.631173 -4034.611571 -4034.568059 -4034.457198 -4034.142833 -4033.169965 -4029.884756 -4010.191957 -1964.140820 -1062.034313 -987.950948 -980.993195 -980.249699 -980.137341 -980.117731 -980.116150 -980.117984 -980.120082 -980.121819 -980.123153 -980.124164 -980.124937 -980.125538 -980.126014 -980.126398 -980.126717 -980.126998 -980.127270 -980.127568 -980.127941 -980.128455 -980.129212 -980.130373 -980.132193 -980.135095 -980.139786 -980.147488 -980.160382 -980.182502 -980.221559 -980.292672 -980.425973 -980.682099 -981.185045 -982.201091 -984.365796 -989.402455 -1002.222841 -1035.653260 -9999.0 -9999.0
-9999.0 -9999.0 809.860318 709.801297 609.841114 510.099339 410.656030 311.558349 212.845806 114.581981 16.832180 -80.425387 -177.645724 -275.666672 -375.530113 -477.599710 -579.651592 -675.242884 -753.544964 -821.459788 -889.701272 -951.501042 -1008.230137 -1025.462260 -1008.467245 -995.931388 -987.646402 -982.624665 -979.847975 -978.504794 -978.016787 -977.998758 -978.208368 -978.501943 -978.800736 -979.068723 -979.305090 -979.547614 -979.881103 -981.085308 -991.043791 -1092.269962 -2119.869009 -4030.439620 -4034.653380 -4034.653465 -4034.653465 -4034.653456 -4034.653396 -4034.653126 -4034.652160 -4034.648616 -4034.641589 -4034.631173 -4034.611571 -4034.568059 -4034.457198 -4034.142833 -4033.169965 -4029.884756 -4010.191957 -1964.140820 -1062.034313 -987.950948 -980.993195 -980.249699 -980.137341 -980.117731 -980.116150 -980.117984 -980.120082 -980.121819 -980.123153 -980.124164 -980.124937 -980.125538 -980.126014 -980.126398 -980.126717 -980.126998 -980.127270 -980.127568 -980.127941 -980.128455 -980.129212 -980.130373 -980.132193 -980.135095 -980.139786 -980.147488 -980.160382 -980.182502 -980.221559 -980.292672 -980.425973 -980.682099 -981.185045 -982.201091 -984.365796 -989.402455 -1002.222841 -1035.653260 -9999.0 -9999.0
-9999.0 -9999.0 809.860317 709.801297 609.841114 510.099338 410.656030 311.558349 212.845805 114.581981 16.832180 -80.425387 -177.645724 -275.666672 -375.530113 -477.599710 -579.651592 -675.242884 -753.544964 -821.459788 -889.701272 -951.501042 -1008.230137 -1025.462260 -1008.467245 -995.931388 -987.646402 -982.624665 -979.847975 -978.504794 -978.016787 -977.998758 -978.208368 -978.501943 -978.800736 -979.068723 -979.305090 -979.547614 -979.881103 -981.085308 -991.043791 -1092.269962 -2119.869009 -4030.439620 -4034.653380 -4034.653465 -4034.653465 -4034.653456 -4034.653396 -4034.653126 -4034.652160 -4034.648616 -4034.641589 -4034.631173 -4034.611571 -4034.568059 -4034.457198 -4034.142833 -4033.169965 -4029.884756 -4010.191957 -1964.140820 -1062.034313 -987.950948 -980.993195 -980.249699 -980.137341 -980.117731 -980.116150 -980.117984 -980.120082 -980.121819 -980.123153 -980.124164 -980.124937 -980.125538 -980.126014 -980.126398 -980.126717 -980.126998 -980.127270 -980.127568 -980.127941 -980.128455 -980.129212 -980.130373 -980.132193 -980.135095 -980.139786 -980.147488 -980.160382 -980.182502 -980.221559 -980.292672 -980.425973 -980.682099 -981.185045 -982.201091 -984.365796 -989.402455 -1002.222841 -1035.653260 -9999.0 -9999.0
-9999.0 -9999.0 809.860317 709.801297 609.841114 510.099338 410.656030 311.558349 212.845805 114.581981 16.832180 -80.425387 -177.645724 -275.666672 -375.530113 -477.599710 -579.651592 -675.242884 -753.544964 -821.459788 -889.701272 -951.501042 -1008.230137 -1025.462260 -1008.467245 -995.931388 -987.646402 -982.624665 -979.847975 -978.504794 -978.016787 -977.998758 -978.208368 -978.501943 -978.800736 -979.068723 -979.305090 -979.547614 -979.881103 -981.085308 -991.043791 -1092.269962 -2119.869009 -4030.439620 -4034.653380 -4034.653465 -4034.653465 -4034.653456 -4034.653396 -4034.653126 -4034.652160 -4034.648616 -4034.641589 -4034.631173 -4034.611571 -4034.568059 -4034.457198 -4034.142833 -4033.169965 -4029.884756 -4010.191957 -1964.140820 -1062.034313 -987.950948 -980.993195 -980.249699 -980.137341 -980.117731 -980.116150 -980.117984 -980.120082 -980.121819 -980.123153 -980.124164 -980.124937 -980.125538 -980.126014 -980.126398 -980.126717 -980.126998 -980.127270 -980.127568 -980.127941 -980.128455 -980.129212 -980.130373 -980.132193 -980.135095 -980.139786 -980.147488 -980.160382 -980.182502 -980.221559 -980.292672 -980.425973 -980.682099 -981.185045 -982.201091 -984.365796 -989.402455 -1002.222841 -1035.653260 -9999.0 -9999.0
-9999.0 -9999.0 809.860318 709.801297 609.841114 510.099339 410.656030 311.558349 212.845805 114.581981 16.832180 -80.425387 -177.645724 -275.666672 -375.530113 -477.599710 -579.651592 -675.242884 -753.544964 -821.459788 -889.701272 -951.501042 -1008.230137 -1025.462260 -1008.467245 -995.931388 -987.646402 -982.624665 -979.847975 -978.504794 -978.016787 -977.998758 -978.208368 -978.501943 -978.800736 -979.068723 -979.305090 -979.547614 -979.881103 -981.085308 -991.043791 -1092.269962 -2119.869009 -4030.439620 -4034.653380 -4034.653465 -4034.653465 -4034.653456 -4034.653396 -4034.653126 -4034.652160 -4034.648616 -4034.641589 -4034.631173 -4034.611571 -4034.568059 -4034.457198 -4034.142833 -4033.169965 -4029.884756 -4010.191957 -1964.140820 -1062.034313 -987.950948 -980.993195 -980.249699 -980.137341 -980.117731 -980.116150 -980.117984 -980.120082 -980.121819 -980.123153 -980.124164 -980.124937 -980.125538 -980.126014 -980.126398 -980.126717 -980.126998 -980.127270 -980.127568 -980.127941 -980.128455 -980.129212 -980.130373 -980.132193 -980.135095 -980.139786 -980.147488 -980.160382 -980.182502 -980.221559 -980.292672 -980.425973 -980.682099 -981.185045 -982.201091 -984.365796 -989.402455 -1002.222841 -1035.653260 -9999.0 -9999.0
-9999.0 -9999.0 809.860318 709.801298 609.841115 510.099339 410.656030 311.558350 212.845806 114.581981 16.832180 -80.425387 -177.645724 -275.666672 -375.530113 -477.599710 -579.651592 -675.242884 -753.544964 -821.459788 -889.701272 -951.501042 -1008.230137 -1025.462260 -1008.467245 -995.931388 -987.646402 -982.624665 -979.847975 -978.504794 -978.016787 -977.998758 -978.208368 -978.501943 -978.800736 -979.068723 -979.305090 -979.547614 -979.881103 -981.085308 -991.043791 -1092.269962 -2119.869009 -4030.439620 -4034.653380 -4034.653465 -4034.653465 -4034.653456 -4034.653396 -4034.653126 -4034.652160 -4034.648616 -4034.641589 -4034.631173 -4034.611571 -4034.568059 -4034.457198 -4034.142833 -4033.169965 -4029.884756 -4010.191957 -1964.140820 -1062.034313 -987.950948 -980.993195 -980.249699 -980.137341 -980.117731 -980.116150 -980.117984 -980.120082 -980.121819 -980.123153 -980.124164 -980.124937 -980.125538 -980.126014 -980.126398 -980.126717 -980.126998 -980.127270 -980.127568 -980.127941 -980.128455 -980.129212 -980.130373 -980.132193 -980.135095 -980.139786 -980.147488 -980.160382 -980.182502 -980.221559 -980.292672 -980.425973 -980.682099 -981.185045 -982.201091 -984.365796 -989.402455 -1002.222841 -1035.653260 -9999.0 -9999.0
-9999.0 -9999.0 -9999.0 -9999.0 -9999.0 -9999.0 -9999.0 -9999.0 -9999.0 -9999.0 -9999.0 -9999.0 -9999.0 -9999.0 -9999.0 -9999.0 -9999.0 -9999.0 -9999.0 -9999.0 -9999.0 -9999.0 -9999.0 -9999.0 -9999.0 -9999.0 -9999.0 -9999.0 -9999.0 -9999.0 -9999.0 -9999.0 -9999.0 -9999.0 -9999.0 -9999.0 -9999.0 -9999.0 -9999.0 -9999.0 -9999.0 -9999.0 -9999.0 -9999.0 -9999.0 -9999.0 -9999.0 -9999.0 -9999.0 -9999.0 -9999.0 -9999.0 -9999.0 -9999.0 -9999.0 -9999.0 -9999.0 -9999.0 -9999.0 -9999.0 -9999.0 -9999.0 -9999.0 -9999.0 -9999.0 -9999.0 -9999.0 -9999.0 -9999.0 -9999.0 -9999.0 -9999.0 -9999.0 -9999.0 -9999.0 -9999.0 -9999.0 -9999.0 -9999.0 -9999.0 -9999.0 -9999.0 -9999.0 -9999.0 -9999.0 -9999.0 -9999.0 -9999.0 -9999.0 -9999.0 -9999.0 -9999.0 -9999.0 -9999.0 -9999.0 -9999.0 -9999.0 -9999.0 -9999.0 -9999.0 -9999.0 -9999.0 -9999.0 -9999.0
-9999.0 -9999.0 -9999.0 -9999.0 -9999.0 -9999.0 -9999.0 -9999.0 -9999.0 -9999.0 -9999.0 -9999.0 -9999.0 -9999.0 -9999.0 -9999.0 -9999.0 -9999.0 -9999.0 -9999.0 -9999.0 -9999.0 -9999.0 -9999.0 -9999.0 -9999.0 -9999.0 -9999.0 -9999.0 -9999.0 -9999.0 -9999.0 -9999.0 -9999.0 -9999.0 -9999.0 -9999.0 -9999.0 -9999.0 -9999.0 -9999.0 -9999.0 -9999.0 -9999.0 -9999.0 -9999.0 -9999.0 -9999.0 -9999.0 -9999.0 -9999.0 -9999.0 -9999.0 -9999.0 -9999.0 -9999.0 -9999.0 -9999.0 -9999.0 -9999.0 -9999.0 -9999.0 -9999.0 -9999.0 -9999.0 -9999.0 -9999.0 -9999.0 -9999.0 -9999.0 -9999.0 -9999.0 -9999.0 -9999.0 -9999.0 -9999.0 -9999.0 -9999.0 -9999.0 -9999.0 -9999.0 -9999.0 -9999.0 -9999.0 -9999.0 -9999.0 -9999.0 -9999.0 -9999.0 -9999.0 -9999.0 -9999.0 -9999.0 -9999.0 -9999.0 -9999.0 -9999.0 -9999.0 -9999.0 -9999.0 -9999.0 -9999.0 -9999.0 -9999.0