inst/processing_geotop_simulation/geotop_simulation/out/maps3D/PwL0005N0145.asc
ncols         104
nrows         10
xllcorner     -2.000000
yllcorner     0.000000
cellsize      1.000000
NODATA_value  -9999.0
-9999.0 -9999.0 -9999.0 -9999.0 -9999.0 -9999.0 -9999.0 -9999.0 -9999.0 -9999.0 -9999.0 -9999.0 -9999.0 -9999.0 -9999.0 -9999.0 -9999.0 -9999.0 -9999.0 -9999.0 -9999.0 -9999.0 -9999.0 -9999.0 -9999.0 -9999.0 -9999.0 -9999.0 -9999.0 -9999.0 -9999.0 -9999.0 -9999.0 -9999.0 -9999.0 -9999.0 -9999.0 -9999.0 -9999.0 -9999.0 -9999.0 -9999.0 -9999.0 -9999.0 -9999.0 -9999.0 -9999.0 -9999.0 -9999.0 -9999.0 -9999.0 -9999.0 -9999.0 -9999.0 -9999.0 -9999.0 -9999.0 -9999.0 -9999.0 -9999.0 -9999.0 -9999.0 -9999.0 -9999.0 -9999.0 -9999.0 -9999.0 -9999.0 -9999.0 -9999.0 -9999.0 -9999.0 -9999.0 -9999.0 -9999.0 -9999.0 -9999.0 -9999.0 -9999.0 -9999.0 -9999.0 -9999.0 -9999.0 -9999.0 -9999.0 -9999.0 -9999.0 -9999.0 -9999.0 -9999.0 -9999.0 -9999.0 -9999.0 -9999.0 -9999.0 -9999.0 -9999.0 -9999.0 -9999.0 -9999.0 -9999.0 -9999.0 -9999.0 -9999.0
-9999.0 -9999.0 -9999.0 -9999.0 -9999.0 -9999.0 -9999.0 -9999.0 -9999.0 -9999.0 -9999.0 -9999.0 -9999.0 -9999.0 -9999.0 -9999.0 -9999.0 -9999.0 -9999.0 -9999.0 -9999.0 -9999.0 -9999.0 -9999.0 -9999.0 -9999.0 -9999.0 -9999.0 -9999.0 -9999.0 -9999.0 -9999.0 -9999.0 -9999.0 -9999.0 -9999.0 -9999.0 -9999.0 -9999.0 -9999.0 -9999.0 -9999.0 -9999.0 -9999.0 -9999.0 -9999.0 -9999.0 -9999.0 -9999.0 -9999.0 -9999.0 -9999.0 -9999.0 -9999.0 -9999.0 -9999.0 -9999.0 -9999.0 -9999.0 -9999.0 -9999.0 -9999.0 -9999.0 -9999.0 -9999.0 -9999.0 -9999.0 -9999.0 -9999.0 -9999.0 -9999.0 -9999.0 -9999.0 -9999.0 -9999.0 -9999.0 -9999.0 -9999.0 -9999.0 -9999.0 -9999.0 -9999.0 -9999.0 -9999.0 -9999.0 -9999.0 -9999.0 -9999.0 -9999.0 -9999.0 -9999.0 -9999.0 -9999.0 -9999.0 -9999.0 -9999.0 -9999.0 -9999.0 -9999.0 -9999.0 -9999.0 -9999.0 -9999.0 -9999.0
-9999.0 -9999.0 234.400853 146.901586 53.903218 -40.804769 -136.176205 -231.810691 -327.477678 -423.016469 -518.214700 -612.619833 -706.262612 -800.231331 -894.774839 -989.157754 -1083.631170 -1178.878458 -1271.479199 -1348.955996 -1403.776172 -1439.659798 -1461.781845 -1475.082580 -1483.189663 -1488.374569 -1491.907863 -1494.442597 -1496.306159 -1497.678045 -1498.676778 -1499.392519 -1499.897350 -1500.248089 -1500.488247 -1500.652004 -1500.772590 -1500.898403 -1501.176664 -1502.586368 -1510.427607 -1530.667653 -1026.670433 -1040.815944 -1022.076242 -1010.458249 -1005.049135 -1004.306683 -1004.231511 -1004.242340 -1004.265977 -1004.291183 -1004.315378 -1004.337767 -1004.358419 -1004.381265 -1004.444970 -1004.876567 -1007.709652 -1014.133592 -1024.309901 -997.471391 -1508.817261 -1506.356876 -1501.965661 -1501.204573 -1501.089291 -1501.070964 -1501.068986 -1501.069942 -1501.071215 -1501.072293 -1501.073125 -1501.073756 -1501.074237 -1501.074609 -1501.074903 -1501.075140 -1501.075337 -1501.075511 -1501.075679 -1501.075866 -1501.076099 -1501.076422 -1501.076900 -1501.077633 -1501.078784 -1501.080624 -1501.083603 -1501.088509 -1501.096752 -1501.110953 -1501.136133 -1501.182143 -1501.268580 -1501.434755 -1501.760639 -1502.415237 -1503.782941 -1506.824449 -1514.243645 -1535.968110 -9999.0 -9999.0
-9999.0 -9999.0 234.411069 146.903825 53.903797 -40.804599 -136.176152 -231.810673 -327.477672 -423.016467 -518.214699 -612.619833 -706.262612 -800.231331 -894.774839 -989.157755 -1083.631171 -1178.878458 -1271.479200 -1348.955996 -1403.776172 -1439.659798 -1461.781845 -1475.082580 -1483.189663 -1488.374569 -1491.907863 -1494.442597 -1496.306159 -1497.678045 -1498.676778 -1499.392519 -1499.897350 -1500.248089 -1500.488247 -1500.652004 -1500.772590 -1500.898403 -1501.176664 -1502.586368 -1510.427607 -1530.667653 -1026.670433 -1040.815944 -1022.076241 -1010.458249 -1005.049135 -1004.306683 -1004.231511 -1004.242340 -1004.265977 -1004.291183 -1004.315378 -1004.337767 -1004.358419 -1004.381265 -1004.444970 -1004.876567 -1007.709652 -1014.133592 -1024.309901 -997.471391 -1508.817261 -1506.356876 -1501.965661 -1501.204573 -1501.089291 -1501.070964 -1501.068986 -1501.069942 -1501.071215 -1501.072293 -1501.073125 -1501.073756 -1501.074237 -1501.074609 -1501.074903 -1501.075140 -1501.075337 -1501.075511 -1501.075679 -1501.075866 -1501.076099 -1501.076422 -1501.076900 -1501.077633 -1501.078784 -1501.080624 -1501.083603 -1501.088509 -1501.096752 -1501.110953 -1501.136133 -1501.182143 -1501.268580 -1501.434755 -1501.760639 -1502.415237 -1503.782941 -1506.824449 -1514.243645 -1535.968110 -9999.0 -9999.0
-9999.0 -9999.0 234.412675 146.904742 53.904163 -40.804466 -136.176105 -231.810656 -327.477666 -423.016465 -518.214699 -612.619833 -706.262612 -800.231331 -894.774839 -989.157755 -1083.631171 -1178.878458 -1271.479200 -1348.955996 -1403.776172 -1439.659798 -1461.781845 -1475.082580 -1483.189663 -1488.374569 -1491.907863 -1494.442597 -1496.306159 -1497.678045 -1498.676778 -1499.392519 -1499.897350 -1500.248089 -1500.488247 -1500.652004 -1500.772590 -1500.898403 -1501.176664 -1502.586368 -1510.427607 -1530.667653 -1026.670433 -1040.815944 -1022.076241 -1010.458249 -1005.049135 -1004.306683 -1004.231511 -1004.242340 -1004.265977 -1004.291183 -1004.315378 -1004.337767 -1004.358419 -1004.381265 -1004.444970 -1004.876567 -1007.709652 -1014.133592 -1024.309901 -997.471391 -1508.817261 -1506.356876 -1501.965661 -1501.204573 -1501.089291 -1501.070964 -1501.068986 -1501.069942 -1501.071215 -1501.072293 -1501.073125 -1501.073756 -1501.074237 -1501.074609 -1501.074903 -1501.075140 -1501.075337 -1501.075511 -1501.075679 -1501.075866 -1501.076099 -1501.076422 -1501.076900 -1501.077633 -1501.078784 -1501.080624 -1501.083603 -1501.088509 -1501.096752 -1501.110953 -1501.136133 -1501.182143 -1501.268580 -1501.434755 -1501.760639 -1502.415237 -1503.782941 -1506.824449 -1514.243645 -1535.968110 -9999.0 -9999.0
-9999.0 -9999.0 234.412675 146.904742 53.904163 -40.804466 -136.176105 -231.810656 -327.477666 -423.016465 -518.214699 -612.619833 -706.262612 -800.231331 -894.774839 -989.157755 -1083.631171 -1178.878458 -1271.479200 -1348.955996 -1403.776172 -1439.659798 -1461.781845 -1475.082580 -1483.189663 -1488.374569 -1491.907863 -1494.442597 -1496.306159 -1497.678045 -1498.676778 -1499.392519 -1499.897350 -1500.248089 -1500.488247 -1500.652004 -1500.772590 -1500.898403 -1501.176664 -1502.586368 -1510.427607 -1530.667653 -1026.670433 -1040.815944 -1022.076241 -1010.458249 -1005.049135 -1004.306683 -1004.231511 -1004.242340 -1004.265977 -1004.291183 -1004.315378 -1004.337767 -1004.358419 -1004.381265 -1004.444970 -1004.876567 -1007.709652 -1014.133592 -1024.309901 -997.471391 -1508.817261 -1506.356876 -1501.965661 -1501.204573 -1501.089291 -1501.070964 -1501.068986 -1501.069942 -1501.071215 -1501.072293 -1501.073125 -1501.073756 -1501.074237 -1501.074609 -1501.074903 -1501.075140 -1501.075337 -1501.075511 -1501.075679 -1501.075866 -1501.076099 -1501.076422 -1501.076900 -1501.077633 -1501.078784 -1501.080624 -1501.083603 -1501.088509 -1501.096752 -1501.110953 -1501.136133 -1501.182143 -1501.268580 -1501.434755 -1501.760639 -1502.415237 -1503.782941 -1506.824449 -1514.243645 -1535.968110 -9999.0 -9999.0
-9999.0 -9999.0 234.411069 146.903825 53.903797 -40.804599 -136.176152 -231.810673 -327.477672 -423.016467 -518.214699 -612.619833 -706.262612 -800.231331 -894.774839 -989.157755 -1083.631171 -1178.878458 -1271.479200 -1348.955996 -1403.776172 -1439.659798 -1461.781845 -1475.082580 -1483.189663 -1488.374569 -1491.907863 -1494.442597 -1496.306159 -1497.678045 -1498.676778 -1499.392519 -1499.897350 -1500.248089 -1500.488247 -1500.652004 -1500.772590 -1500.898403 -1501.176664 -1502.586368 -1510.427607 -1530.667653 -1026.670433 -1040.815944 -1022.076241 -1010.458249 -1005.049135 -1004.306683 -1004.231511 -1004.242340 -1004.265977 -1004.291183 -1004.315378 -1004.337767 -1004.358419 -1004.381265 -1004.444970 -1004.876567 -1007.709652 -1014.133592 -1024.309901 -997.471391 -1508.817261 -1506.356876 -1501.965661 -1501.204573 -1501.089291 -1501.070964 -1501.068986 -1501.069942 -1501.071215 -1501.072293 -1501.073125 -1501.073756 -1501.074237 -1501.074609 -1501.074903 -1501.075140 -1501.075337 -1501.075511 -1501.075679 -1501.075866 -1501.076099 -1501.076422 -1501.076900 -1501.077633 -1501.078784 -1501.080624 -1501.083603 -1501.088509 -1501.096752 -1501.110953 -1501.136133 -1501.182143 -1501.268580 -1501.434755 -1501.760639 -1502.415237 -1503.782941 -1506.824449 -1514.243645 -1535.968110 -9999.0 -9999.0
-9999.0 -9999.0 234.400853 146.901586 53.903217 -40.804769 -136.176205 -231.810691 -327.477678 -423.016469 -518.214700 -612.619833 -706.262612 -800.231331 -894.774839 -989.157754 -1083.631170 -1178.878458 -1271.479199 -1348.955996 -1403.776172 -1439.659798 -1461.781845 -1475.082580 -1483.189663 -1488.374569 -1491.907863 -1494.442597 -1496.306159 -1497.678045 -1498.676778 -1499.392519 -1499.897350 -1500.248089 -1500.488247 -1500.652004 -1500.772590 -1500.898403 -1501.176664 -1502.586368 -1510.427607 -1530.667653 -1026.670433 -1040.815944 -1022.076242 -1010.458249 -1005.049135 -1004.306683 -1004.231511 -1004.242340 -1004.265977 -1004.291183 -1004.315378 -1004.337767 -1004.358419 -1004.381265 -1004.444970 -1004.876567 -1007.709652 -1014.133592 -1024.309901 -997.471391 -1508.817261 -1506.356876 -1501.965661 -1501.204573 -1501.089291 -1501.070964 -1501.068986 -1501.069942 -1501.071215 -1501.072293 -1501.073125 -1501.073756 -1501.074237 -1501.074609 -1501.074903 -1501.075140 -1501.075337 -1501.075511 -1501.075679 -1501.075866 -1501.076099 -1501.076422 -1501.076900 -1501.077633 -1501.078784 -1501.080624 -1501.083603 -1501.088509 -1501.096752 -1501.110953 -1501.136133 -1501.182143 -1501.268580 -1501.434755 -1501.760639 -1502.415237 -1503.782941 -1506.824449 -1514.243645 -1535.968110 -9999.0 -9999.0
-9999.0 -9999.0 -9999.0 -9999.0 -9999.0 -9999.0 -9999.0 -9999.0 -9999.0 -9999.0 -9999.0 -9999.0 -9999.0 -9999.0 -9999.0 -9999.0 -9999.0 -9999.0 -9999.0 -9999.0 -9999.0 -9999.0 -9999.0 -9999.0 -9999.0 -9999.0 -9999.0 -9999.0 -9999.0 -9999.0 -9999.0 -9999.0 -9999.0 -9999.0 -9999.0 -9999.0 -9999.0 -9999.0 -9999.0 -9999.0 -9999.0 -9999.0 -9999.0 -9999.0 -9999.0 -9999.0 -9999.0 -9999.0 -9999.0 -9999.0 -9999.0 -9999.0 -9999.0 -9999.0 -9999.0 -9999.0 -9999.0 -9999.0 -9999.0 -9999.0 -9999.0 -9999.0 -9999.0 -9999.0 -9999.0 -9999.0 -9999.0 -9999.0 -9999.0 -9999.0 -9999.0 -9999.0 -9999.0 -9999.0 -9999.0 -9999.0 -9999.0 -9999.0 -9999.0 -9999.0 -9999.0 -9999.0 -9999.0 -9999.0 -9999.0 -9999.0 -9999.0 -9999.0 -9999.0 -9999.0 -9999.0 -9999.0 -9999.0 -9999.0 -9999.0 -9999.0 -9999.0 -9999.0 -9999.0 -9999.0 -9999.0 -9999.0 -9999.0 -9999.0
-9999.0 -9999.0 -9999.0 -9999.0 -9999.0 -9999.0 -9999.0 -9999.0 -9999.0 -9999.0 -9999.0 -9999.0 -9999.0 -9999.0 -9999.0 -9999.0 -9999.0 -9999.0 -9999.0 -9999.0 -9999.0 -9999.0 -9999.0 -9999.0 -9999.0 -9999.0 -9999.0 -9999.0 -9999.0 -9999.0 -9999.0 -9999.0 -9999.0 -9999.0 -9999.0 -9999.0 -9999.0 -9999.0 -9999.0 -9999.0 -9999.0 -9999.0 -9999.0 -9999.0 -9999.0 -9999.0 -9999.0 -9999.0 -9999.0 -9999.0 -9999.0 -9999.0 -9999.0 -9999.0 -9999.0 -9999.0 -9999.0 -9999.0 -9999.0 -9999.0 -9999.0 -9999.0 -9999.0 -9999.0 -9999.0 -9999.0 -9999.0 -9999.0 -9999.0 -9999.0 -9999.0 -9999.0 -9999.0 -9999.0 -9999.0 -9999.0 -9999.0 -9999.0 -9999.0 -9999.0 -9999.0 -9999.0 -9999.0 -9999.0 -9999.0 -9999.0 -9999.0 -9999.0 -9999.0 -9999.0 -9999.0 -9999.0 -9999.0 -9999.0 -9999.0 -9999.0 -9999.0 -9999.0 -9999.0 -9999.0 -9999.0 -9999.0 -9999.0 -9999.0