inst/processing_geotop_simulation/geotop_simulation/out/maps3D/PwL0011N0275.asc
ncols         104
nrows         10
xllcorner     -2.000000
yllcorner     0.000000
cellsize      1.000000
NODATA_value  -9999.0
-9999.0 -9999.0 -9999.0 -9999.0 -9999.0 -9999.0 -9999.0 -9999.0 -9999.0 -9999.0 -9999.0 -9999.0 -9999.0 -9999.0 -9999.0 -9999.0 -9999.0 -9999.0 -9999.0 -9999.0 -9999.0 -9999.0 -9999.0 -9999.0 -9999.0 -9999.0 -9999.0 -9999.0 -9999.0 -9999.0 -9999.0 -9999.0 -9999.0 -9999.0 -9999.0 -9999.0 -9999.0 -9999.0 -9999.0 -9999.0 -9999.0 -9999.0 -9999.0 -9999.0 -9999.0 -9999.0 -9999.0 -9999.0 -9999.0 -9999.0 -9999.0 -9999.0 -9999.0 -9999.0 -9999.0 -9999.0 -9999.0 -9999.0 -9999.0 -9999.0 -9999.0 -9999.0 -9999.0 -9999.0 -9999.0 -9999.0 -9999.0 -9999.0 -9999.0 -9999.0 -9999.0 -9999.0 -9999.0 -9999.0 -9999.0 -9999.0 -9999.0 -9999.0 -9999.0 -9999.0 -9999.0 -9999.0 -9999.0 -9999.0 -9999.0 -9999.0 -9999.0 -9999.0 -9999.0 -9999.0 -9999.0 -9999.0 -9999.0 -9999.0 -9999.0 -9999.0 -9999.0 -9999.0 -9999.0 -9999.0 -9999.0 -9999.0 -9999.0 -9999.0
-9999.0 -9999.0 -9999.0 -9999.0 -9999.0 -9999.0 -9999.0 -9999.0 -9999.0 -9999.0 -9999.0 -9999.0 -9999.0 -9999.0 -9999.0 -9999.0 -9999.0 -9999.0 -9999.0 -9999.0 -9999.0 -9999.0 -9999.0 -9999.0 -9999.0 -9999.0 -9999.0 -9999.0 -9999.0 -9999.0 -9999.0 -9999.0 -9999.0 -9999.0 -9999.0 -9999.0 -9999.0 -9999.0 -9999.0 -9999.0 -9999.0 -9999.0 -9999.0 -9999.0 -9999.0 -9999.0 -9999.0 -9999.0 -9999.0 -9999.0 -9999.0 -9999.0 -9999.0 -9999.0 -9999.0 -9999.0 -9999.0 -9999.0 -9999.0 -9999.0 -9999.0 -9999.0 -9999.0 -9999.0 -9999.0 -9999.0 -9999.0 -9999.0 -9999.0 -9999.0 -9999.0 -9999.0 -9999.0 -9999.0 -9999.0 -9999.0 -9999.0 -9999.0 -9999.0 -9999.0 -9999.0 -9999.0 -9999.0 -9999.0 -9999.0 -9999.0 -9999.0 -9999.0 -9999.0 -9999.0 -9999.0 -9999.0 -9999.0 -9999.0 -9999.0 -9999.0 -9999.0 -9999.0 -9999.0 -9999.0 -9999.0 -9999.0 -9999.0 -9999.0
-9999.0 -9999.0 524.812939 427.741851 329.815592 231.453435 132.902287 34.272310 -64.378252 -163.024789 -261.643561 -360.193264 -458.591629 -556.660821 -654.150281 -751.361000 -848.630301 -945.563769 -1042.161582 -1136.909377 -1227.133913 -1311.117065 -1385.861479 -1449.206886 -1500.442444 -1540.220133 -1570.068388 -1591.856073 -1607.408891 -1618.311065 -1625.840990 -1630.980165 -1634.454912 -1636.787647 -1638.346191 -1639.387438 -1640.099057 -1640.668418 -1641.526542 -1644.262859 -1653.458526 -1670.350928 -1467.062038 -1913.582911 -1795.930960 -1726.353461 -1695.660801 -1691.666366 -1691.261769 -1691.303838 -1691.409331 -1691.522389 -1691.630939 -1691.731402 -1691.824362 -1691.930080 -1692.248106 -1694.494073 -1710.140996 -1746.493424 -1796.890763 -1359.681135 -1636.767564 -1646.272071 -1642.886256 -1641.791980 -1641.578590 -1641.543455 -1641.538424 -1641.538274 -1641.538841 -1641.539407 -1641.539864 -1641.540217 -1641.540490 -1641.540703 -1641.540874 -1641.541013 -1641.541132 -1641.541238 -1641.541343 -1641.541460 -1641.541607 -1641.541808 -1641.542103 -1641.542553 -1641.543260 -1641.544389 -1641.546228 -1641.549281 -1641.554472 -1641.563544 -1641.579877 -1641.610184 -1641.668041 -1641.781644 -1642.012260 -1642.502349 -1643.610386 -1646.319200 -1653.683530 -1677.248798 -9999.0 -9999.0
-9999.0 -9999.0 524.818707 427.743520 329.816065 231.453579 132.902334 34.272325 -64.378246 -163.024787 -261.643560 -360.193263 -458.591629 -556.660821 -654.150281 -751.361000 -848.630301 -945.563769 -1042.161582 -1136.909377 -1227.133913 -1311.117065 -1385.861479 -1449.206886 -1500.442444 -1540.220133 -1570.068388 -1591.856073 -1607.408891 -1618.311065 -1625.840990 -1630.980165 -1634.454912 -1636.787647 -1638.346191 -1639.387438 -1640.099057 -1640.668418 -1641.526542 -1644.262859 -1653.458526 -1670.350928 -1467.062037 -1913.582910 -1795.930959 -1726.353459 -1695.660801 -1691.666366 -1691.261769 -1691.303838 -1691.409331 -1691.522389 -1691.630939 -1691.731402 -1691.824362 -1691.930080 -1692.248106 -1694.494073 -1710.140996 -1746.493424 -1796.890763 -1359.681135 -1636.767564 -1646.272071 -1642.886256 -1641.791980 -1641.578590 -1641.543455 -1641.538424 -1641.538274 -1641.538841 -1641.539407 -1641.539864 -1641.540217 -1641.540490 -1641.540703 -1641.540874 -1641.541013 -1641.541132 -1641.541238 -1641.541343 -1641.541460 -1641.541607 -1641.541808 -1641.542103 -1641.542553 -1641.543260 -1641.544389 -1641.546228 -1641.549281 -1641.554472 -1641.563544 -1641.579877 -1641.610184 -1641.668041 -1641.781644 -1642.012260 -1642.502349 -1643.610386 -1646.319200 -1653.683530 -1677.248798 -9999.0 -9999.0
-9999.0 -9999.0 524.820165 427.744284 329.816373 231.453693 132.902375 34.272340 -64.378241 -163.024785 -261.643559 -360.193263 -458.591629 -556.660820 -654.150281 -751.361000 -848.630301 -945.563769 -1042.161582 -1136.909378 -1227.133913 -1311.117065 -1385.861479 -1449.206886 -1500.442444 -1540.220133 -1570.068388 -1591.856073 -1607.408891 -1618.311065 -1625.840990 -1630.980165 -1634.454912 -1636.787647 -1638.346191 -1639.387438 -1640.099057 -1640.668418 -1641.526542 -1644.262859 -1653.458526 -1670.350928 -1467.062037 -1913.582910 -1795.930959 -1726.353459 -1695.660801 -1691.666366 -1691.261768 -1691.303838 -1691.409331 -1691.522389 -1691.630939 -1691.731402 -1691.824362 -1691.930080 -1692.248106 -1694.494073 -1710.140996 -1746.493424 -1796.890763 -1359.681135 -1636.767564 -1646.272071 -1642.886256 -1641.791980 -1641.578590 -1641.543455 -1641.538424 -1641.538274 -1641.538841 -1641.539407 -1641.539864 -1641.540217 -1641.540490 -1641.540703 -1641.540874 -1641.541013 -1641.541132 -1641.541238 -1641.541343 -1641.541460 -1641.541607 -1641.541808 -1641.542103 -1641.542553 -1641.543260 -1641.544389 -1641.546228 -1641.549281 -1641.554472 -1641.563544 -1641.579877 -1641.610184 -1641.668041 -1641.781644 -1642.012260 -1642.502349 -1643.610386 -1646.319200 -1653.683530 -1677.248798 -9999.0 -9999.0
-9999.0 -9999.0 524.820165 427.744284 329.816373 231.453693 132.902375 34.272340 -64.378241 -163.024785 -261.643559 -360.193263 -458.591629 -556.660820 -654.150281 -751.361000 -848.630301 -945.563769 -1042.161582 -1136.909378 -1227.133913 -1311.117065 -1385.861479 -1449.206886 -1500.442444 -1540.220133 -1570.068388 -1591.856073 -1607.408891 -1618.311065 -1625.840990 -1630.980165 -1634.454912 -1636.787647 -1638.346191 -1639.387438 -1640.099057 -1640.668418 -1641.526542 -1644.262859 -1653.458526 -1670.350928 -1467.062037 -1913.582910 -1795.930959 -1726.353459 -1695.660801 -1691.666366 -1691.261768 -1691.303838 -1691.409331 -1691.522389 -1691.630939 -1691.731402 -1691.824362 -1691.930080 -1692.248106 -1694.494073 -1710.140996 -1746.493424 -1796.890763 -1359.681135 -1636.767564 -1646.272071 -1642.886256 -1641.791980 -1641.578590 -1641.543455 -1641.538424 -1641.538274 -1641.538841 -1641.539407 -1641.539864 -1641.540217 -1641.540490 -1641.540703 -1641.540874 -1641.541013 -1641.541132 -1641.541238 -1641.541343 -1641.541460 -1641.541607 -1641.541808 -1641.542103 -1641.542553 -1641.543260 -1641.544389 -1641.546228 -1641.549281 -1641.554472 -1641.563544 -1641.579877 -1641.610184 -1641.668041 -1641.781644 -1642.012260 -1642.502349 -1643.610386 -1646.319200 -1653.683530 -1677.248798 -9999.0 -9999.0
-9999.0 -9999.0 524.818707 427.743520 329.816065 231.453579 132.902334 34.272325 -64.378246 -163.024787 -261.643560 -360.193263 -458.591629 -556.660820 -654.150281 -751.361000 -848.630301 -945.563769 -1042.161582 -1136.909377 -1227.133913 -1311.117065 -1385.861479 -1449.206886 -1500.442444 -1540.220133 -1570.068388 -1591.856073 -1607.408891 -1618.311065 -1625.840990 -1630.980165 -1634.454912 -1636.787647 -1638.346191 -1639.387438 -1640.099057 -1640.668418 -1641.526542 -1644.262859 -1653.458526 -1670.350928 -1467.062037 -1913.582910 -1795.930959 -1726.353459 -1695.660801 -1691.666366 -1691.261769 -1691.303838 -1691.409331 -1691.522389 -1691.630939 -1691.731402 -1691.824362 -1691.930080 -1692.248106 -1694.494073 -1710.140996 -1746.493424 -1796.890763 -1359.681135 -1636.767564 -1646.272071 -1642.886256 -1641.791980 -1641.578590 -1641.543455 -1641.538424 -1641.538274 -1641.538841 -1641.539407 -1641.539864 -1641.540217 -1641.540490 -1641.540703 -1641.540874 -1641.541013 -1641.541132 -1641.541238 -1641.541343 -1641.541460 -1641.541607 -1641.541808 -1641.542103 -1641.542553 -1641.543260 -1641.544389 -1641.546228 -1641.549281 -1641.554472 -1641.563544 -1641.579877 -1641.610184 -1641.668041 -1641.781644 -1642.012260 -1642.502349 -1643.610386 -1646.319200 -1653.683530 -1677.248798 -9999.0 -9999.0
-9999.0 -9999.0 524.812939 427.741851 329.815592 231.453435 132.902287 34.272310 -64.378252 -163.024790 -261.643561 -360.193264 -458.591629 -556.660821 -654.150281 -751.361000 -848.630301 -945.563769 -1042.161582 -1136.909377 -1227.133913 -1311.117065 -1385.861479 -1449.206886 -1500.442444 -1540.220133 -1570.068388 -1591.856073 -1607.408891 -1618.311065 -1625.840990 -1630.980165 -1634.454912 -1636.787647 -1638.346191 -1639.387438 -1640.099057 -1640.668418 -1641.526542 -1644.262859 -1653.458526 -1670.350928 -1467.062038 -1913.582911 -1795.930960 -1726.353461 -1695.660801 -1691.666366 -1691.261769 -1691.303838 -1691.409331 -1691.522389 -1691.630939 -1691.731402 -1691.824362 -1691.930080 -1692.248106 -1694.494073 -1710.140996 -1746.493424 -1796.890763 -1359.681135 -1636.767564 -1646.272071 -1642.886256 -1641.791980 -1641.578590 -1641.543455 -1641.538424 -1641.538274 -1641.538841 -1641.539407 -1641.539864 -1641.540217 -1641.540490 -1641.540703 -1641.540874 -1641.541013 -1641.541132 -1641.541238 -1641.541343 -1641.541460 -1641.541607 -1641.541808 -1641.542103 -1641.542553 -1641.543260 -1641.544389 -1641.546228 -1641.549281 -1641.554472 -1641.563544 -1641.579877 -1641.610184 -1641.668041 -1641.781644 -1642.012260 -1642.502349 -1643.610386 -1646.319200 -1653.683530 -1677.248798 -9999.0 -9999.0
-9999.0 -9999.0 -9999.0 -9999.0 -9999.0 -9999.0 -9999.0 -9999.0 -9999.0 -9999.0 -9999.0 -9999.0 -9999.0 -9999.0 -9999.0 -9999.0 -9999.0 -9999.0 -9999.0 -9999.0 -9999.0 -9999.0 -9999.0 -9999.0 -9999.0 -9999.0 -9999.0 -9999.0 -9999.0 -9999.0 -9999.0 -9999.0 -9999.0 -9999.0 -9999.0 -9999.0 -9999.0 -9999.0 -9999.0 -9999.0 -9999.0 -9999.0 -9999.0 -9999.0 -9999.0 -9999.0 -9999.0 -9999.0 -9999.0 -9999.0 -9999.0 -9999.0 -9999.0 -9999.0 -9999.0 -9999.0 -9999.0 -9999.0 -9999.0 -9999.0 -9999.0 -9999.0 -9999.0 -9999.0 -9999.0 -9999.0 -9999.0 -9999.0 -9999.0 -9999.0 -9999.0 -9999.0 -9999.0 -9999.0 -9999.0 -9999.0 -9999.0 -9999.0 -9999.0 -9999.0 -9999.0 -9999.0 -9999.0 -9999.0 -9999.0 -9999.0 -9999.0 -9999.0 -9999.0 -9999.0 -9999.0 -9999.0 -9999.0 -9999.0 -9999.0 -9999.0 -9999.0 -9999.0 -9999.0 -9999.0 -9999.0 -9999.0 -9999.0 -9999.0
-9999.0 -9999.0 -9999.0 -9999.0 -9999.0 -9999.0 -9999.0 -9999.0 -9999.0 -9999.0 -9999.0 -9999.0 -9999.0 -9999.0 -9999.0 -9999.0 -9999.0 -9999.0 -9999.0 -9999.0 -9999.0 -9999.0 -9999.0 -9999.0 -9999.0 -9999.0 -9999.0 -9999.0 -9999.0 -9999.0 -9999.0 -9999.0 -9999.0 -9999.0 -9999.0 -9999.0 -9999.0 -9999.0 -9999.0 -9999.0 -9999.0 -9999.0 -9999.0 -9999.0 -9999.0 -9999.0 -9999.0 -9999.0 -9999.0 -9999.0 -9999.0 -9999.0 -9999.0 -9999.0 -9999.0 -9999.0 -9999.0 -9999.0 -9999.0 -9999.0 -9999.0 -9999.0 -9999.0 -9999.0 -9999.0 -9999.0 -9999.0 -9999.0 -9999.0 -9999.0 -9999.0 -9999.0 -9999.0 -9999.0 -9999.0 -9999.0 -9999.0 -9999.0 -9999.0 -9999.0 -9999.0 -9999.0 -9999.0 -9999.0 -9999.0 -9999.0 -9999.0 -9999.0 -9999.0 -9999.0 -9999.0 -9999.0 -9999.0 -9999.0 -9999.0 -9999.0 -9999.0 -9999.0 -9999.0 -9999.0 -9999.0 -9999.0 -9999.0 -9999.0