inst/processing_geotop_simulation/geotop_simulation/out/maps3D/PwL0003N0066.asc
ncols         104
nrows         10
xllcorner     -2.000000
yllcorner     0.000000
cellsize      1.000000
NODATA_value  -9999.0
-9999.0 -9999.0 -9999.0 -9999.0 -9999.0 -9999.0 -9999.0 -9999.0 -9999.0 -9999.0 -9999.0 -9999.0 -9999.0 -9999.0 -9999.0 -9999.0 -9999.0 -9999.0 -9999.0 -9999.0 -9999.0 -9999.0 -9999.0 -9999.0 -9999.0 -9999.0 -9999.0 -9999.0 -9999.0 -9999.0 -9999.0 -9999.0 -9999.0 -9999.0 -9999.0 -9999.0 -9999.0 -9999.0 -9999.0 -9999.0 -9999.0 -9999.0 -9999.0 -9999.0 -9999.0 -9999.0 -9999.0 -9999.0 -9999.0 -9999.0 -9999.0 -9999.0 -9999.0 -9999.0 -9999.0 -9999.0 -9999.0 -9999.0 -9999.0 -9999.0 -9999.0 -9999.0 -9999.0 -9999.0 -9999.0 -9999.0 -9999.0 -9999.0 -9999.0 -9999.0 -9999.0 -9999.0 -9999.0 -9999.0 -9999.0 -9999.0 -9999.0 -9999.0 -9999.0 -9999.0 -9999.0 -9999.0 -9999.0 -9999.0 -9999.0 -9999.0 -9999.0 -9999.0 -9999.0 -9999.0 -9999.0 -9999.0 -9999.0 -9999.0 -9999.0 -9999.0 -9999.0 -9999.0 -9999.0 -9999.0 -9999.0 -9999.0 -9999.0 -9999.0
-9999.0 -9999.0 -9999.0 -9999.0 -9999.0 -9999.0 -9999.0 -9999.0 -9999.0 -9999.0 -9999.0 -9999.0 -9999.0 -9999.0 -9999.0 -9999.0 -9999.0 -9999.0 -9999.0 -9999.0 -9999.0 -9999.0 -9999.0 -9999.0 -9999.0 -9999.0 -9999.0 -9999.0 -9999.0 -9999.0 -9999.0 -9999.0 -9999.0 -9999.0 -9999.0 -9999.0 -9999.0 -9999.0 -9999.0 -9999.0 -9999.0 -9999.0 -9999.0 -9999.0 -9999.0 -9999.0 -9999.0 -9999.0 -9999.0 -9999.0 -9999.0 -9999.0 -9999.0 -9999.0 -9999.0 -9999.0 -9999.0 -9999.0 -9999.0 -9999.0 -9999.0 -9999.0 -9999.0 -9999.0 -9999.0 -9999.0 -9999.0 -9999.0 -9999.0 -9999.0 -9999.0 -9999.0 -9999.0 -9999.0 -9999.0 -9999.0 -9999.0 -9999.0 -9999.0 -9999.0 -9999.0 -9999.0 -9999.0 -9999.0 -9999.0 -9999.0 -9999.0 -9999.0 -9999.0 -9999.0 -9999.0 -9999.0 -9999.0 -9999.0 -9999.0 -9999.0 -9999.0 -9999.0 -9999.0 -9999.0 -9999.0 -9999.0 -9999.0 -9999.0
-9999.0 -9999.0 -370.823961 -487.008839 -633.159691 -816.462944 -995.562611 -1112.514100 -1163.609165 -1170.914341 -1110.474537 -1063.427134 -1067.749035 -1084.572235 -1117.035931 -1160.540990 -1179.364891 -1177.909630 -1167.088882 -1155.881855 -1148.218222 -1144.926283 -1145.528363 -1149.122911 -1154.711974 -1161.319776 -1168.053265 -1174.205921 -1179.355489 -1183.371353 -1186.331650 -1188.418460 -1189.837984 -1190.774882 -1191.374980 -1191.746140 -1191.978228 -1192.186349 -1192.439523 -1192.608239 -1195.683579 -1220.241285 -823.672444 -818.746254 -803.398773 -794.100830 -789.772629 -789.195821 -789.140782 -789.157234 -789.185681 -789.215654 -789.244393 -789.270967 -789.295283 -789.320255 -789.375632 -789.722202 -792.032300 -797.380363 -806.500812 -801.420748 -1205.505154 -1195.331736 -1193.064750 -1192.610801 -1192.509888 -1192.492276 -1192.492782 -1192.496410 -1192.499906 -1192.502684 -1192.504781 -1192.506355 -1192.507551 -1192.508475 -1192.509204 -1192.509789 -1192.510270 -1192.510688 -1192.511086 -1192.511516 -1192.512045 -1192.512768 -1192.513828 -1192.515445 -1192.517974 -1192.521991 -1192.528456 -1192.539006 -1192.556527 -1192.586283 -1192.638217 -1192.731655 -1192.904846 -1193.233872 -1193.869329 -1195.107917 -1197.544075 -1202.446478 -1212.807204 -1237.139124 -9999.0 -9999.0
-9999.0 -9999.0 -370.823960 -487.008838 -633.159689 -816.462938 -995.562607 -1112.514100 -1163.609165 -1170.914342 -1110.474537 -1063.427134 -1067.749035 -1084.572235 -1117.035931 -1160.540990 -1179.364891 -1177.909630 -1167.088882 -1155.881855 -1148.218222 -1144.926283 -1145.528363 -1149.122911 -1154.711974 -1161.319776 -1168.053265 -1174.205921 -1179.355489 -1183.371353 -1186.331650 -1188.418460 -1189.837984 -1190.774882 -1191.374980 -1191.746140 -1191.978228 -1192.186349 -1192.439523 -1192.608239 -1195.683579 -1220.241285 -823.672444 -818.746254 -803.398773 -794.100830 -789.772629 -789.195821 -789.140782 -789.157234 -789.185681 -789.215654 -789.244393 -789.270967 -789.295283 -789.320255 -789.375632 -789.722202 -792.032300 -797.380363 -806.500812 -801.420748 -1205.505154 -1195.331736 -1193.064750 -1192.610801 -1192.509888 -1192.492276 -1192.492782 -1192.496410 -1192.499906 -1192.502684 -1192.504781 -1192.506355 -1192.507551 -1192.508475 -1192.509204 -1192.509789 -1192.510270 -1192.510688 -1192.511086 -1192.511516 -1192.512045 -1192.512768 -1192.513828 -1192.515445 -1192.517974 -1192.521991 -1192.528456 -1192.539006 -1192.556527 -1192.586283 -1192.638217 -1192.731655 -1192.904846 -1193.233872 -1193.869329 -1195.107917 -1197.544075 -1202.446478 -1212.807204 -1237.139124 -9999.0 -9999.0
-9999.0 -9999.0 -370.823960 -487.008837 -633.159686 -816.462933 -995.562604 -1112.514099 -1163.609166 -1170.914343 -1110.474537 -1063.427134 -1067.749035 -1084.572235 -1117.035931 -1160.540990 -1179.364891 -1177.909630 -1167.088882 -1155.881855 -1148.218222 -1144.926283 -1145.528363 -1149.122911 -1154.711974 -1161.319776 -1168.053265 -1174.205921 -1179.355489 -1183.371353 -1186.331650 -1188.418460 -1189.837984 -1190.774882 -1191.374980 -1191.746140 -1191.978228 -1192.186349 -1192.439523 -1192.608239 -1195.683579 -1220.241285 -823.672444 -818.746254 -803.398773 -794.100830 -789.772629 -789.195821 -789.140782 -789.157234 -789.185681 -789.215654 -789.244393 -789.270967 -789.295283 -789.320255 -789.375632 -789.722202 -792.032300 -797.380363 -806.500812 -801.420748 -1205.505154 -1195.331736 -1193.064750 -1192.610801 -1192.509888 -1192.492276 -1192.492782 -1192.496410 -1192.499906 -1192.502684 -1192.504781 -1192.506355 -1192.507551 -1192.508475 -1192.509204 -1192.509789 -1192.510270 -1192.510688 -1192.511086 -1192.511516 -1192.512045 -1192.512768 -1192.513828 -1192.515445 -1192.517974 -1192.521991 -1192.528456 -1192.539006 -1192.556527 -1192.586283 -1192.638217 -1192.731655 -1192.904846 -1193.233872 -1193.869329 -1195.107917 -1197.544075 -1202.446478 -1212.807204 -1237.139124 -9999.0 -9999.0
-9999.0 -9999.0 -370.823960 -487.008837 -633.159686 -816.462934 -995.562604 -1112.514099 -1163.609166 -1170.914343 -1110.474537 -1063.427134 -1067.749035 -1084.572235 -1117.035931 -1160.540990 -1179.364891 -1177.909630 -1167.088882 -1155.881855 -1148.218222 -1144.926283 -1145.528363 -1149.122911 -1154.711974 -1161.319776 -1168.053265 -1174.205921 -1179.355489 -1183.371353 -1186.331650 -1188.418460 -1189.837984 -1190.774882 -1191.374980 -1191.746140 -1191.978228 -1192.186349 -1192.439523 -1192.608239 -1195.683579 -1220.241285 -823.672444 -818.746254 -803.398773 -794.100830 -789.772629 -789.195821 -789.140782 -789.157234 -789.185681 -789.215654 -789.244393 -789.270967 -789.295283 -789.320255 -789.375632 -789.722202 -792.032300 -797.380363 -806.500812 -801.420748 -1205.505154 -1195.331736 -1193.064750 -1192.610801 -1192.509888 -1192.492276 -1192.492782 -1192.496410 -1192.499906 -1192.502684 -1192.504781 -1192.506355 -1192.507551 -1192.508475 -1192.509204 -1192.509789 -1192.510270 -1192.510688 -1192.511086 -1192.511516 -1192.512045 -1192.512768 -1192.513828 -1192.515445 -1192.517974 -1192.521991 -1192.528456 -1192.539006 -1192.556527 -1192.586283 -1192.638217 -1192.731655 -1192.904846 -1193.233872 -1193.869329 -1195.107917 -1197.544075 -1202.446478 -1212.807204 -1237.139124 -9999.0 -9999.0
-9999.0 -9999.0 -370.823960 -487.008838 -633.159689 -816.462938 -995.562607 -1112.514100 -1163.609165 -1170.914342 -1110.474537 -1063.427134 -1067.749035 -1084.572235 -1117.035931 -1160.540990 -1179.364891 -1177.909630 -1167.088882 -1155.881855 -1148.218222 -1144.926283 -1145.528363 -1149.122911 -1154.711974 -1161.319776 -1168.053265 -1174.205921 -1179.355489 -1183.371353 -1186.331650 -1188.418460 -1189.837984 -1190.774882 -1191.374980 -1191.746140 -1191.978228 -1192.186349 -1192.439523 -1192.608239 -1195.683579 -1220.241285 -823.672444 -818.746254 -803.398773 -794.100830 -789.772629 -789.195821 -789.140782 -789.157234 -789.185681 -789.215654 -789.244393 -789.270967 -789.295283 -789.320255 -789.375632 -789.722202 -792.032300 -797.380363 -806.500812 -801.420748 -1205.505154 -1195.331736 -1193.064750 -1192.610801 -1192.509888 -1192.492276 -1192.492782 -1192.496410 -1192.499906 -1192.502684 -1192.504781 -1192.506355 -1192.507551 -1192.508475 -1192.509204 -1192.509789 -1192.510270 -1192.510688 -1192.511086 -1192.511516 -1192.512045 -1192.512768 -1192.513828 -1192.515445 -1192.517974 -1192.521991 -1192.528456 -1192.539006 -1192.556527 -1192.586283 -1192.638217 -1192.731655 -1192.904846 -1193.233872 -1193.869329 -1195.107917 -1197.544075 -1202.446478 -1212.807204 -1237.139124 -9999.0 -9999.0
-9999.0 -9999.0 -370.823961 -487.008839 -633.159691 -816.462944 -995.562611 -1112.514101 -1163.609165 -1170.914341 -1110.474537 -1063.427134 -1067.749035 -1084.572235 -1117.035931 -1160.540990 -1179.364891 -1177.909630 -1167.088882 -1155.881855 -1148.218222 -1144.926283 -1145.528363 -1149.122911 -1154.711974 -1161.319776 -1168.053265 -1174.205921 -1179.355489 -1183.371353 -1186.331650 -1188.418460 -1189.837984 -1190.774882 -1191.374980 -1191.746140 -1191.978228 -1192.186349 -1192.439523 -1192.608239 -1195.683579 -1220.241285 -823.672444 -818.746254 -803.398773 -794.100830 -789.772629 -789.195821 -789.140782 -789.157234 -789.185681 -789.215654 -789.244393 -789.270967 -789.295283 -789.320255 -789.375632 -789.722202 -792.032300 -797.380363 -806.500812 -801.420748 -1205.505154 -1195.331736 -1193.064750 -1192.610801 -1192.509888 -1192.492276 -1192.492782 -1192.496410 -1192.499906 -1192.502684 -1192.504781 -1192.506355 -1192.507551 -1192.508475 -1192.509204 -1192.509789 -1192.510270 -1192.510688 -1192.511086 -1192.511516 -1192.512045 -1192.512768 -1192.513828 -1192.515445 -1192.517974 -1192.521991 -1192.528456 -1192.539006 -1192.556527 -1192.586283 -1192.638217 -1192.731655 -1192.904846 -1193.233872 -1193.869329 -1195.107917 -1197.544075 -1202.446478 -1212.807204 -1237.139124 -9999.0 -9999.0
-9999.0 -9999.0 -9999.0 -9999.0 -9999.0 -9999.0 -9999.0 -9999.0 -9999.0 -9999.0 -9999.0 -9999.0 -9999.0 -9999.0 -9999.0 -9999.0 -9999.0 -9999.0 -9999.0 -9999.0 -9999.0 -9999.0 -9999.0 -9999.0 -9999.0 -9999.0 -9999.0 -9999.0 -9999.0 -9999.0 -9999.0 -9999.0 -9999.0 -9999.0 -9999.0 -9999.0 -9999.0 -9999.0 -9999.0 -9999.0 -9999.0 -9999.0 -9999.0 -9999.0 -9999.0 -9999.0 -9999.0 -9999.0 -9999.0 -9999.0 -9999.0 -9999.0 -9999.0 -9999.0 -9999.0 -9999.0 -9999.0 -9999.0 -9999.0 -9999.0 -9999.0 -9999.0 -9999.0 -9999.0 -9999.0 -9999.0 -9999.0 -9999.0 -9999.0 -9999.0 -9999.0 -9999.0 -9999.0 -9999.0 -9999.0 -9999.0 -9999.0 -9999.0 -9999.0 -9999.0 -9999.0 -9999.0 -9999.0 -9999.0 -9999.0 -9999.0 -9999.0 -9999.0 -9999.0 -9999.0 -9999.0 -9999.0 -9999.0 -9999.0 -9999.0 -9999.0 -9999.0 -9999.0 -9999.0 -9999.0 -9999.0 -9999.0 -9999.0 -9999.0
-9999.0 -9999.0 -9999.0 -9999.0 -9999.0 -9999.0 -9999.0 -9999.0 -9999.0 -9999.0 -9999.0 -9999.0 -9999.0 -9999.0 -9999.0 -9999.0 -9999.0 -9999.0 -9999.0 -9999.0 -9999.0 -9999.0 -9999.0 -9999.0 -9999.0 -9999.0 -9999.0 -9999.0 -9999.0 -9999.0 -9999.0 -9999.0 -9999.0 -9999.0 -9999.0 -9999.0 -9999.0 -9999.0 -9999.0 -9999.0 -9999.0 -9999.0 -9999.0 -9999.0 -9999.0 -9999.0 -9999.0 -9999.0 -9999.0 -9999.0 -9999.0 -9999.0 -9999.0 -9999.0 -9999.0 -9999.0 -9999.0 -9999.0 -9999.0 -9999.0 -9999.0 -9999.0 -9999.0 -9999.0 -9999.0 -9999.0 -9999.0 -9999.0 -9999.0 -9999.0 -9999.0 -9999.0 -9999.0 -9999.0 -9999.0 -9999.0 -9999.0 -9999.0 -9999.0 -9999.0 -9999.0 -9999.0 -9999.0 -9999.0 -9999.0 -9999.0 -9999.0 -9999.0 -9999.0 -9999.0 -9999.0 -9999.0 -9999.0 -9999.0 -9999.0 -9999.0 -9999.0 -9999.0 -9999.0 -9999.0 -9999.0 -9999.0 -9999.0 -9999.0