inst/processing_geotop_simulation/geotop_simulation/out/maps3D/PwL0006N0282.asc
ncols         104
nrows         10
xllcorner     -2.000000
yllcorner     0.000000
cellsize      1.000000
NODATA_value  -9999.0
-9999.0 -9999.0 -9999.0 -9999.0 -9999.0 -9999.0 -9999.0 -9999.0 -9999.0 -9999.0 -9999.0 -9999.0 -9999.0 -9999.0 -9999.0 -9999.0 -9999.0 -9999.0 -9999.0 -9999.0 -9999.0 -9999.0 -9999.0 -9999.0 -9999.0 -9999.0 -9999.0 -9999.0 -9999.0 -9999.0 -9999.0 -9999.0 -9999.0 -9999.0 -9999.0 -9999.0 -9999.0 -9999.0 -9999.0 -9999.0 -9999.0 -9999.0 -9999.0 -9999.0 -9999.0 -9999.0 -9999.0 -9999.0 -9999.0 -9999.0 -9999.0 -9999.0 -9999.0 -9999.0 -9999.0 -9999.0 -9999.0 -9999.0 -9999.0 -9999.0 -9999.0 -9999.0 -9999.0 -9999.0 -9999.0 -9999.0 -9999.0 -9999.0 -9999.0 -9999.0 -9999.0 -9999.0 -9999.0 -9999.0 -9999.0 -9999.0 -9999.0 -9999.0 -9999.0 -9999.0 -9999.0 -9999.0 -9999.0 -9999.0 -9999.0 -9999.0 -9999.0 -9999.0 -9999.0 -9999.0 -9999.0 -9999.0 -9999.0 -9999.0 -9999.0 -9999.0 -9999.0 -9999.0 -9999.0 -9999.0 -9999.0 -9999.0 -9999.0 -9999.0
-9999.0 -9999.0 -9999.0 -9999.0 -9999.0 -9999.0 -9999.0 -9999.0 -9999.0 -9999.0 -9999.0 -9999.0 -9999.0 -9999.0 -9999.0 -9999.0 -9999.0 -9999.0 -9999.0 -9999.0 -9999.0 -9999.0 -9999.0 -9999.0 -9999.0 -9999.0 -9999.0 -9999.0 -9999.0 -9999.0 -9999.0 -9999.0 -9999.0 -9999.0 -9999.0 -9999.0 -9999.0 -9999.0 -9999.0 -9999.0 -9999.0 -9999.0 -9999.0 -9999.0 -9999.0 -9999.0 -9999.0 -9999.0 -9999.0 -9999.0 -9999.0 -9999.0 -9999.0 -9999.0 -9999.0 -9999.0 -9999.0 -9999.0 -9999.0 -9999.0 -9999.0 -9999.0 -9999.0 -9999.0 -9999.0 -9999.0 -9999.0 -9999.0 -9999.0 -9999.0 -9999.0 -9999.0 -9999.0 -9999.0 -9999.0 -9999.0 -9999.0 -9999.0 -9999.0 -9999.0 -9999.0 -9999.0 -9999.0 -9999.0 -9999.0 -9999.0 -9999.0 -9999.0 -9999.0 -9999.0 -9999.0 -9999.0 -9999.0 -9999.0 -9999.0 -9999.0 -9999.0 -9999.0 -9999.0 -9999.0 -9999.0 -9999.0 -9999.0 -9999.0
-9999.0 -9999.0 276.029914 179.651358 81.756713 -16.647690 -115.248431 -213.929307 -312.625633 -411.291013 -509.867351 -608.216206 -706.055935 -803.707269 -901.125362 -998.510645 -1095.763946 -1191.270314 -1284.825116 -1375.320018 -1460.335515 -1536.311814 -1600.284335 -1651.216664 -1689.955840 -1718.426561 -1738.836198 -1753.200358 -1763.164164 -1769.991799 -1774.621526 -1777.733056 -1779.809131 -1781.186651 -1782.097494 -1782.701434 -1783.117073 -1783.477731 -1784.146107 -1786.488077 -1793.069748 -1776.023264 -1153.599926 -1180.551849 -1162.189120 -1150.354578 -1144.837172 -1144.034908 -1143.950665 -1143.959309 -1143.981356 -1144.005037 -1144.027791 -1144.048858 -1144.068401 -1144.091029 -1144.160770 -1144.633354 -1147.542041 -1154.054497 -1163.036183 -1123.721390 -1749.585651 -1786.814756 -1785.122407 -1784.176654 -1783.982982 -1783.950851 -1783.946277 -1783.946202 -1783.946784 -1783.947354 -1783.947812 -1783.948163 -1783.948433 -1783.948644 -1783.948811 -1783.948947 -1783.949062 -1783.949164 -1783.949266 -1783.949379 -1783.949521 -1783.949718 -1783.950009 -1783.950457 -1783.951160 -1783.952287 -1783.954123 -1783.957172 -1783.962353 -1783.971399 -1783.987668 -1784.017809 -1784.075228 -1784.187577 -1784.414294 -1784.891832 -1785.960398 -1788.553012 -1795.611481 -1818.560209 -9999.0 -9999.0
-9999.0 -9999.0 276.038305 179.653286 81.757217 -16.647542 -115.248383 -213.929292 -312.625627 -411.291011 -509.867350 -608.216205 -706.055935 -803.707269 -901.125362 -998.510645 -1095.763947 -1191.270315 -1284.825116 -1375.320018 -1460.335515 -1536.311815 -1600.284335 -1651.216664 -1689.955840 -1718.426561 -1738.836198 -1753.200358 -1763.164164 -1769.991799 -1774.621526 -1777.733056 -1779.809131 -1781.186651 -1782.097494 -1782.701434 -1783.117073 -1783.477731 -1784.146107 -1786.488077 -1793.069748 -1776.023264 -1153.599926 -1180.551849 -1162.189120 -1150.354578 -1144.837172 -1144.034908 -1143.950665 -1143.959309 -1143.981356 -1144.005037 -1144.027791 -1144.048858 -1144.068401 -1144.091029 -1144.160770 -1144.633354 -1147.542041 -1154.054497 -1163.036183 -1123.721390 -1749.585651 -1786.814756 -1785.122407 -1784.176654 -1783.982982 -1783.950851 -1783.946277 -1783.946202 -1783.946784 -1783.947354 -1783.947812 -1783.948163 -1783.948433 -1783.948644 -1783.948811 -1783.948947 -1783.949062 -1783.949164 -1783.949266 -1783.949379 -1783.949521 -1783.949718 -1783.950009 -1783.950457 -1783.951160 -1783.952287 -1783.954123 -1783.957172 -1783.962353 -1783.971399 -1783.987668 -1784.017809 -1784.075228 -1784.187577 -1784.414294 -1784.891832 -1785.960398 -1788.553012 -1795.611481 -1818.560209 -9999.0 -9999.0
-9999.0 -9999.0 276.039758 179.654093 81.757537 -16.647425 -115.248342 -213.929277 -312.625622 -411.291009 -509.867350 -608.216205 -706.055935 -803.707269 -901.125362 -998.510645 -1095.763947 -1191.270315 -1284.825116 -1375.320018 -1460.335515 -1536.311815 -1600.284335 -1651.216664 -1689.955840 -1718.426561 -1738.836199 -1753.200358 -1763.164164 -1769.991799 -1774.621526 -1777.733056 -1779.809131 -1781.186651 -1782.097494 -1782.701434 -1783.117073 -1783.477731 -1784.146107 -1786.488077 -1793.069748 -1776.023264 -1153.599926 -1180.551849 -1162.189120 -1150.354578 -1144.837172 -1144.034908 -1143.950665 -1143.959309 -1143.981356 -1144.005037 -1144.027791 -1144.048858 -1144.068401 -1144.091029 -1144.160770 -1144.633354 -1147.542041 -1154.054497 -1163.036183 -1123.721391 -1749.585651 -1786.814756 -1785.122407 -1784.176654 -1783.982982 -1783.950851 -1783.946277 -1783.946202 -1783.946784 -1783.947354 -1783.947812 -1783.948163 -1783.948433 -1783.948644 -1783.948811 -1783.948947 -1783.949062 -1783.949164 -1783.949266 -1783.949379 -1783.949521 -1783.949718 -1783.950009 -1783.950457 -1783.951160 -1783.952287 -1783.954123 -1783.957172 -1783.962353 -1783.971399 -1783.987668 -1784.017809 -1784.075228 -1784.187577 -1784.414294 -1784.891832 -1785.960398 -1788.553012 -1795.611481 -1818.560209 -9999.0 -9999.0
-9999.0 -9999.0 276.039758 179.654093 81.757537 -16.647425 -115.248342 -213.929277 -312.625622 -411.291009 -509.867350 -608.216205 -706.055935 -803.707269 -901.125362 -998.510645 -1095.763947 -1191.270315 -1284.825116 -1375.320018 -1460.335515 -1536.311815 -1600.284335 -1651.216664 -1689.955840 -1718.426561 -1738.836199 -1753.200358 -1763.164164 -1769.991799 -1774.621526 -1777.733056 -1779.809131 -1781.186651 -1782.097494 -1782.701434 -1783.117073 -1783.477731 -1784.146107 -1786.488077 -1793.069748 -1776.023264 -1153.599926 -1180.551849 -1162.189120 -1150.354578 -1144.837172 -1144.034908 -1143.950665 -1143.959309 -1143.981356 -1144.005037 -1144.027791 -1144.048858 -1144.068401 -1144.091029 -1144.160770 -1144.633354 -1147.542041 -1154.054497 -1163.036183 -1123.721391 -1749.585651 -1786.814756 -1785.122407 -1784.176654 -1783.982982 -1783.950851 -1783.946277 -1783.946202 -1783.946784 -1783.947354 -1783.947812 -1783.948163 -1783.948433 -1783.948644 -1783.948811 -1783.948947 -1783.949062 -1783.949164 -1783.949266 -1783.949379 -1783.949521 -1783.949718 -1783.950009 -1783.950457 -1783.951160 -1783.952287 -1783.954123 -1783.957172 -1783.962353 -1783.971399 -1783.987668 -1784.017809 -1784.075228 -1784.187577 -1784.414294 -1784.891832 -1785.960398 -1788.553012 -1795.611481 -1818.560209 -9999.0 -9999.0
-9999.0 -9999.0 276.038305 179.653286 81.757217 -16.647542 -115.248384 -213.929292 -312.625627 -411.291011 -509.867350 -608.216205 -706.055935 -803.707269 -901.125362 -998.510645 -1095.763947 -1191.270315 -1284.825116 -1375.320018 -1460.335515 -1536.311815 -1600.284335 -1651.216664 -1689.955840 -1718.426561 -1738.836198 -1753.200358 -1763.164164 -1769.991799 -1774.621526 -1777.733056 -1779.809131 -1781.186651 -1782.097494 -1782.701434 -1783.117073 -1783.477731 -1784.146107 -1786.488077 -1793.069748 -1776.023264 -1153.599926 -1180.551849 -1162.189120 -1150.354578 -1144.837172 -1144.034908 -1143.950665 -1143.959309 -1143.981356 -1144.005037 -1144.027791 -1144.048858 -1144.068401 -1144.091029 -1144.160770 -1144.633354 -1147.542041 -1154.054497 -1163.036183 -1123.721390 -1749.585651 -1786.814756 -1785.122407 -1784.176654 -1783.982982 -1783.950851 -1783.946277 -1783.946202 -1783.946784 -1783.947354 -1783.947812 -1783.948163 -1783.948433 -1783.948644 -1783.948811 -1783.948947 -1783.949062 -1783.949164 -1783.949266 -1783.949379 -1783.949521 -1783.949718 -1783.950009 -1783.950457 -1783.951160 -1783.952287 -1783.954123 -1783.957172 -1783.962353 -1783.971399 -1783.987668 -1784.017809 -1784.075228 -1784.187577 -1784.414294 -1784.891832 -1785.960398 -1788.553012 -1795.611481 -1818.560209 -9999.0 -9999.0
-9999.0 -9999.0 276.029914 179.651358 81.756713 -16.647690 -115.248431 -213.929308 -312.625633 -411.291013 -509.867351 -608.216206 -706.055935 -803.707269 -901.125362 -998.510645 -1095.763946 -1191.270314 -1284.825116 -1375.320018 -1460.335515 -1536.311814 -1600.284335 -1651.216664 -1689.955840 -1718.426561 -1738.836198 -1753.200358 -1763.164164 -1769.991799 -1774.621526 -1777.733056 -1779.809131 -1781.186651 -1782.097494 -1782.701434 -1783.117073 -1783.477731 -1784.146107 -1786.488077 -1793.069748 -1776.023264 -1153.599926 -1180.551849 -1162.189120 -1150.354578 -1144.837172 -1144.034908 -1143.950665 -1143.959309 -1143.981356 -1144.005037 -1144.027791 -1144.048858 -1144.068401 -1144.091029 -1144.160770 -1144.633354 -1147.542041 -1154.054497 -1163.036183 -1123.721390 -1749.585651 -1786.814756 -1785.122407 -1784.176654 -1783.982982 -1783.950851 -1783.946277 -1783.946202 -1783.946784 -1783.947354 -1783.947812 -1783.948163 -1783.948433 -1783.948644 -1783.948811 -1783.948947 -1783.949062 -1783.949164 -1783.949266 -1783.949379 -1783.949521 -1783.949718 -1783.950009 -1783.950457 -1783.951160 -1783.952287 -1783.954123 -1783.957172 -1783.962353 -1783.971399 -1783.987668 -1784.017809 -1784.075228 -1784.187577 -1784.414294 -1784.891832 -1785.960398 -1788.553012 -1795.611481 -1818.560209 -9999.0 -9999.0
-9999.0 -9999.0 -9999.0 -9999.0 -9999.0 -9999.0 -9999.0 -9999.0 -9999.0 -9999.0 -9999.0 -9999.0 -9999.0 -9999.0 -9999.0 -9999.0 -9999.0 -9999.0 -9999.0 -9999.0 -9999.0 -9999.0 -9999.0 -9999.0 -9999.0 -9999.0 -9999.0 -9999.0 -9999.0 -9999.0 -9999.0 -9999.0 -9999.0 -9999.0 -9999.0 -9999.0 -9999.0 -9999.0 -9999.0 -9999.0 -9999.0 -9999.0 -9999.0 -9999.0 -9999.0 -9999.0 -9999.0 -9999.0 -9999.0 -9999.0 -9999.0 -9999.0 -9999.0 -9999.0 -9999.0 -9999.0 -9999.0 -9999.0 -9999.0 -9999.0 -9999.0 -9999.0 -9999.0 -9999.0 -9999.0 -9999.0 -9999.0 -9999.0 -9999.0 -9999.0 -9999.0 -9999.0 -9999.0 -9999.0 -9999.0 -9999.0 -9999.0 -9999.0 -9999.0 -9999.0 -9999.0 -9999.0 -9999.0 -9999.0 -9999.0 -9999.0 -9999.0 -9999.0 -9999.0 -9999.0 -9999.0 -9999.0 -9999.0 -9999.0 -9999.0 -9999.0 -9999.0 -9999.0 -9999.0 -9999.0 -9999.0 -9999.0 -9999.0 -9999.0
-9999.0 -9999.0 -9999.0 -9999.0 -9999.0 -9999.0 -9999.0 -9999.0 -9999.0 -9999.0 -9999.0 -9999.0 -9999.0 -9999.0 -9999.0 -9999.0 -9999.0 -9999.0 -9999.0 -9999.0 -9999.0 -9999.0 -9999.0 -9999.0 -9999.0 -9999.0 -9999.0 -9999.0 -9999.0 -9999.0 -9999.0 -9999.0 -9999.0 -9999.0 -9999.0 -9999.0 -9999.0 -9999.0 -9999.0 -9999.0 -9999.0 -9999.0 -9999.0 -9999.0 -9999.0 -9999.0 -9999.0 -9999.0 -9999.0 -9999.0 -9999.0 -9999.0 -9999.0 -9999.0 -9999.0 -9999.0 -9999.0 -9999.0 -9999.0 -9999.0 -9999.0 -9999.0 -9999.0 -9999.0 -9999.0 -9999.0 -9999.0 -9999.0 -9999.0 -9999.0 -9999.0 -9999.0 -9999.0 -9999.0 -9999.0 -9999.0 -9999.0 -9999.0 -9999.0 -9999.0 -9999.0 -9999.0 -9999.0 -9999.0 -9999.0 -9999.0 -9999.0 -9999.0 -9999.0 -9999.0 -9999.0 -9999.0 -9999.0 -9999.0 -9999.0 -9999.0 -9999.0 -9999.0 -9999.0 -9999.0 -9999.0 -9999.0 -9999.0 -9999.0