inst/processing_geotop_simulation/geotop_simulation/out/maps3D/PwL0010N0329.asc
ncols         104
nrows         10
xllcorner     -2.000000
yllcorner     0.000000
cellsize      1.000000
NODATA_value  -9999.0
-9999.0 -9999.0 -9999.0 -9999.0 -9999.0 -9999.0 -9999.0 -9999.0 -9999.0 -9999.0 -9999.0 -9999.0 -9999.0 -9999.0 -9999.0 -9999.0 -9999.0 -9999.0 -9999.0 -9999.0 -9999.0 -9999.0 -9999.0 -9999.0 -9999.0 -9999.0 -9999.0 -9999.0 -9999.0 -9999.0 -9999.0 -9999.0 -9999.0 -9999.0 -9999.0 -9999.0 -9999.0 -9999.0 -9999.0 -9999.0 -9999.0 -9999.0 -9999.0 -9999.0 -9999.0 -9999.0 -9999.0 -9999.0 -9999.0 -9999.0 -9999.0 -9999.0 -9999.0 -9999.0 -9999.0 -9999.0 -9999.0 -9999.0 -9999.0 -9999.0 -9999.0 -9999.0 -9999.0 -9999.0 -9999.0 -9999.0 -9999.0 -9999.0 -9999.0 -9999.0 -9999.0 -9999.0 -9999.0 -9999.0 -9999.0 -9999.0 -9999.0 -9999.0 -9999.0 -9999.0 -9999.0 -9999.0 -9999.0 -9999.0 -9999.0 -9999.0 -9999.0 -9999.0 -9999.0 -9999.0 -9999.0 -9999.0 -9999.0 -9999.0 -9999.0 -9999.0 -9999.0 -9999.0 -9999.0 -9999.0 -9999.0 -9999.0 -9999.0 -9999.0
-9999.0 -9999.0 -9999.0 -9999.0 -9999.0 -9999.0 -9999.0 -9999.0 -9999.0 -9999.0 -9999.0 -9999.0 -9999.0 -9999.0 -9999.0 -9999.0 -9999.0 -9999.0 -9999.0 -9999.0 -9999.0 -9999.0 -9999.0 -9999.0 -9999.0 -9999.0 -9999.0 -9999.0 -9999.0 -9999.0 -9999.0 -9999.0 -9999.0 -9999.0 -9999.0 -9999.0 -9999.0 -9999.0 -9999.0 -9999.0 -9999.0 -9999.0 -9999.0 -9999.0 -9999.0 -9999.0 -9999.0 -9999.0 -9999.0 -9999.0 -9999.0 -9999.0 -9999.0 -9999.0 -9999.0 -9999.0 -9999.0 -9999.0 -9999.0 -9999.0 -9999.0 -9999.0 -9999.0 -9999.0 -9999.0 -9999.0 -9999.0 -9999.0 -9999.0 -9999.0 -9999.0 -9999.0 -9999.0 -9999.0 -9999.0 -9999.0 -9999.0 -9999.0 -9999.0 -9999.0 -9999.0 -9999.0 -9999.0 -9999.0 -9999.0 -9999.0 -9999.0 -9999.0 -9999.0 -9999.0 -9999.0 -9999.0 -9999.0 -9999.0 -9999.0 -9999.0 -9999.0 -9999.0 -9999.0 -9999.0 -9999.0 -9999.0 -9999.0 -9999.0
-9999.0 -9999.0 473.757351 375.973031 277.484620 178.666615 79.709078 -19.303979 -118.332366 -217.357951 -316.359202 -415.304152 -514.126903 -612.689881 -710.820277 -809.129117 -907.252550 -1005.157868 -1102.833764 -1198.160929 -1290.612918 -1377.929553 -1457.228217 -1526.012533 -1582.988378 -1628.243109 -1662.920262 -1688.716423 -1707.449753 -1720.791867 -1730.146552 -1736.623870 -1741.064785 -1744.086432 -1746.131304 -1747.513539 -1748.465461 -1749.216774 -1750.247789 -1753.039552 -1760.103284 -1755.323837 -1335.471105 -1529.152678 -1475.604162 -1441.885126 -1426.562684 -1424.461473 -1424.244805 -1424.266080 -1424.321191 -1424.380365 -1424.437202 -1424.489816 -1424.538585 -1424.594790 -1424.767857 -1425.971756 -1433.895485 -1451.931220 -1474.755072 -1266.611002 -1721.951051 -1752.812122 -1751.649795 -1750.681469 -1750.455755 -1750.415444 -1750.409308 -1750.408885 -1750.409330 -1750.409818 -1750.410220 -1750.410533 -1750.410776 -1750.410969 -1750.411124 -1750.411253 -1750.411363 -1750.411464 -1750.411563 -1750.411674 -1750.411812 -1750.411998 -1750.412269 -1750.412679 -1750.413318 -1750.414335 -1750.415990 -1750.418739 -1750.423421 -1750.431625 -1750.446446 -1750.474046 -1750.526962 -1750.631504 -1750.845687 -1751.306679 -1752.365602 -1755.006988 -1762.370047 -1786.347021 -9999.0 -9999.0
-9999.0 -9999.0 473.763292 375.974681 277.485079 178.666754 79.709123 -19.303964 -118.332360 -217.357949 -316.359201 -415.304152 -514.126903 -612.689881 -710.820277 -809.129117 -907.252551 -1005.157868 -1102.833764 -1198.160930 -1290.612918 -1377.929553 -1457.228217 -1526.012533 -1582.988378 -1628.243109 -1662.920262 -1688.716423 -1707.449753 -1720.791867 -1730.146552 -1736.623870 -1741.064785 -1744.086432 -1746.131304 -1747.513539 -1748.465461 -1749.216774 -1750.247789 -1753.039552 -1760.103284 -1755.323837 -1335.471104 -1529.152678 -1475.604161 -1441.885125 -1426.562684 -1424.461473 -1424.244805 -1424.266080 -1424.321191 -1424.380365 -1424.437202 -1424.489816 -1424.538585 -1424.594790 -1424.767857 -1425.971756 -1433.895485 -1451.931220 -1474.755072 -1266.611002 -1721.951051 -1752.812122 -1751.649795 -1750.681469 -1750.455755 -1750.415444 -1750.409308 -1750.408885 -1750.409330 -1750.409818 -1750.410220 -1750.410533 -1750.410776 -1750.410969 -1750.411124 -1750.411253 -1750.411363 -1750.411464 -1750.411563 -1750.411674 -1750.411812 -1750.411998 -1750.412269 -1750.412679 -1750.413318 -1750.414335 -1750.415990 -1750.418739 -1750.423421 -1750.431625 -1750.446446 -1750.474046 -1750.526962 -1750.631504 -1750.845687 -1751.306679 -1752.365602 -1755.006988 -1762.370047 -1786.347021 -9999.0 -9999.0
-9999.0 -9999.0 473.764701 375.975422 277.485376 178.666864 79.709162 -19.303950 -118.332355 -217.357947 -316.359200 -415.304151 -514.126903 -612.689881 -710.820277 -809.129117 -907.252551 -1005.157868 -1102.833764 -1198.160930 -1290.612918 -1377.929553 -1457.228217 -1526.012533 -1582.988378 -1628.243109 -1662.920263 -1688.716423 -1707.449753 -1720.791867 -1730.146552 -1736.623870 -1741.064785 -1744.086432 -1746.131304 -1747.513539 -1748.465461 -1749.216774 -1750.247789 -1753.039552 -1760.103284 -1755.323837 -1335.471104 -1529.152678 -1475.604161 -1441.885124 -1426.562684 -1424.461473 -1424.244805 -1424.266080 -1424.321191 -1424.380365 -1424.437202 -1424.489816 -1424.538585 -1424.594790 -1424.767857 -1425.971756 -1433.895485 -1451.931220 -1474.755072 -1266.611002 -1721.951051 -1752.812122 -1751.649795 -1750.681469 -1750.455755 -1750.415444 -1750.409308 -1750.408885 -1750.409330 -1750.409818 -1750.410220 -1750.410533 -1750.410776 -1750.410969 -1750.411124 -1750.411253 -1750.411363 -1750.411464 -1750.411563 -1750.411674 -1750.411812 -1750.411998 -1750.412269 -1750.412679 -1750.413318 -1750.414335 -1750.415990 -1750.418739 -1750.423421 -1750.431625 -1750.446446 -1750.474046 -1750.526962 -1750.631504 -1750.845687 -1751.306679 -1752.365602 -1755.006988 -1762.370047 -1786.347021 -9999.0 -9999.0
-9999.0 -9999.0 473.764701 375.975422 277.485376 178.666864 79.709162 -19.303950 -118.332355 -217.357947 -316.359200 -415.304151 -514.126903 -612.689881 -710.820277 -809.129117 -907.252551 -1005.157868 -1102.833764 -1198.160930 -1290.612918 -1377.929553 -1457.228217 -1526.012533 -1582.988378 -1628.243109 -1662.920263 -1688.716423 -1707.449753 -1720.791867 -1730.146552 -1736.623870 -1741.064785 -1744.086432 -1746.131304 -1747.513539 -1748.465461 -1749.216774 -1750.247789 -1753.039552 -1760.103284 -1755.323837 -1335.471104 -1529.152678 -1475.604161 -1441.885124 -1426.562684 -1424.461473 -1424.244805 -1424.266080 -1424.321191 -1424.380365 -1424.437202 -1424.489816 -1424.538585 -1424.594790 -1424.767857 -1425.971756 -1433.895485 -1451.931220 -1474.755072 -1266.611002 -1721.951051 -1752.812122 -1751.649795 -1750.681469 -1750.455755 -1750.415444 -1750.409308 -1750.408885 -1750.409330 -1750.409818 -1750.410220 -1750.410533 -1750.410776 -1750.410969 -1750.411124 -1750.411253 -1750.411363 -1750.411464 -1750.411563 -1750.411674 -1750.411812 -1750.411998 -1750.412269 -1750.412679 -1750.413318 -1750.414335 -1750.415990 -1750.418739 -1750.423421 -1750.431625 -1750.446446 -1750.474046 -1750.526962 -1750.631504 -1750.845687 -1751.306679 -1752.365602 -1755.006988 -1762.370047 -1786.347021 -9999.0 -9999.0
-9999.0 -9999.0 473.763292 375.974681 277.485079 178.666754 79.709123 -19.303964 -118.332360 -217.357949 -316.359201 -415.304151 -514.126903 -612.689881 -710.820277 -809.129117 -907.252551 -1005.157868 -1102.833764 -1198.160929 -1290.612918 -1377.929553 -1457.228217 -1526.012533 -1582.988378 -1628.243109 -1662.920262 -1688.716423 -1707.449753 -1720.791867 -1730.146552 -1736.623870 -1741.064785 -1744.086432 -1746.131304 -1747.513539 -1748.465461 -1749.216774 -1750.247789 -1753.039552 -1760.103284 -1755.323837 -1335.471104 -1529.152678 -1475.604161 -1441.885125 -1426.562684 -1424.461473 -1424.244805 -1424.266080 -1424.321191 -1424.380365 -1424.437202 -1424.489816 -1424.538585 -1424.594790 -1424.767857 -1425.971756 -1433.895485 -1451.931220 -1474.755072 -1266.611002 -1721.951051 -1752.812122 -1751.649795 -1750.681469 -1750.455755 -1750.415444 -1750.409308 -1750.408885 -1750.409330 -1750.409818 -1750.410220 -1750.410533 -1750.410776 -1750.410969 -1750.411124 -1750.411253 -1750.411363 -1750.411464 -1750.411563 -1750.411674 -1750.411812 -1750.411998 -1750.412269 -1750.412679 -1750.413318 -1750.414335 -1750.415990 -1750.418739 -1750.423421 -1750.431625 -1750.446446 -1750.474046 -1750.526962 -1750.631504 -1750.845687 -1751.306679 -1752.365602 -1755.006988 -1762.370047 -1786.347021 -9999.0 -9999.0
-9999.0 -9999.0 473.757351 375.973031 277.484620 178.666615 79.709078 -19.303979 -118.332366 -217.357951 -316.359202 -415.304152 -514.126903 -612.689881 -710.820277 -809.129117 -907.252550 -1005.157868 -1102.833764 -1198.160929 -1290.612918 -1377.929553 -1457.228217 -1526.012533 -1582.988378 -1628.243109 -1662.920262 -1688.716423 -1707.449753 -1720.791867 -1730.146552 -1736.623870 -1741.064785 -1744.086432 -1746.131304 -1747.513539 -1748.465461 -1749.216774 -1750.247789 -1753.039552 -1760.103284 -1755.323837 -1335.471105 -1529.152678 -1475.604162 -1441.885126 -1426.562684 -1424.461473 -1424.244805 -1424.266080 -1424.321191 -1424.380365 -1424.437202 -1424.489816 -1424.538585 -1424.594790 -1424.767857 -1425.971756 -1433.895485 -1451.931220 -1474.755072 -1266.611002 -1721.951051 -1752.812122 -1751.649795 -1750.681469 -1750.455755 -1750.415444 -1750.409308 -1750.408885 -1750.409330 -1750.409818 -1750.410220 -1750.410533 -1750.410776 -1750.410969 -1750.411124 -1750.411253 -1750.411363 -1750.411464 -1750.411563 -1750.411674 -1750.411812 -1750.411998 -1750.412269 -1750.412679 -1750.413318 -1750.414335 -1750.415990 -1750.418739 -1750.423421 -1750.431625 -1750.446446 -1750.474046 -1750.526962 -1750.631504 -1750.845687 -1751.306679 -1752.365602 -1755.006988 -1762.370047 -1786.347021 -9999.0 -9999.0
-9999.0 -9999.0 -9999.0 -9999.0 -9999.0 -9999.0 -9999.0 -9999.0 -9999.0 -9999.0 -9999.0 -9999.0 -9999.0 -9999.0 -9999.0 -9999.0 -9999.0 -9999.0 -9999.0 -9999.0 -9999.0 -9999.0 -9999.0 -9999.0 -9999.0 -9999.0 -9999.0 -9999.0 -9999.0 -9999.0 -9999.0 -9999.0 -9999.0 -9999.0 -9999.0 -9999.0 -9999.0 -9999.0 -9999.0 -9999.0 -9999.0 -9999.0 -9999.0 -9999.0 -9999.0 -9999.0 -9999.0 -9999.0 -9999.0 -9999.0 -9999.0 -9999.0 -9999.0 -9999.0 -9999.0 -9999.0 -9999.0 -9999.0 -9999.0 -9999.0 -9999.0 -9999.0 -9999.0 -9999.0 -9999.0 -9999.0 -9999.0 -9999.0 -9999.0 -9999.0 -9999.0 -9999.0 -9999.0 -9999.0 -9999.0 -9999.0 -9999.0 -9999.0 -9999.0 -9999.0 -9999.0 -9999.0 -9999.0 -9999.0 -9999.0 -9999.0 -9999.0 -9999.0 -9999.0 -9999.0 -9999.0 -9999.0 -9999.0 -9999.0 -9999.0 -9999.0 -9999.0 -9999.0 -9999.0 -9999.0 -9999.0 -9999.0 -9999.0 -9999.0
-9999.0 -9999.0 -9999.0 -9999.0 -9999.0 -9999.0 -9999.0 -9999.0 -9999.0 -9999.0 -9999.0 -9999.0 -9999.0 -9999.0 -9999.0 -9999.0 -9999.0 -9999.0 -9999.0 -9999.0 -9999.0 -9999.0 -9999.0 -9999.0 -9999.0 -9999.0 -9999.0 -9999.0 -9999.0 -9999.0 -9999.0 -9999.0 -9999.0 -9999.0 -9999.0 -9999.0 -9999.0 -9999.0 -9999.0 -9999.0 -9999.0 -9999.0 -9999.0 -9999.0 -9999.0 -9999.0 -9999.0 -9999.0 -9999.0 -9999.0 -9999.0 -9999.0 -9999.0 -9999.0 -9999.0 -9999.0 -9999.0 -9999.0 -9999.0 -9999.0 -9999.0 -9999.0 -9999.0 -9999.0 -9999.0 -9999.0 -9999.0 -9999.0 -9999.0 -9999.0 -9999.0 -9999.0 -9999.0 -9999.0 -9999.0 -9999.0 -9999.0 -9999.0 -9999.0 -9999.0 -9999.0 -9999.0 -9999.0 -9999.0 -9999.0 -9999.0 -9999.0 -9999.0 -9999.0 -9999.0 -9999.0 -9999.0 -9999.0 -9999.0 -9999.0 -9999.0 -9999.0 -9999.0 -9999.0 -9999.0 -9999.0 -9999.0 -9999.0 -9999.0