inst/processing_geotop_simulation/geotop_simulation/out/maps3D/PwL0017N0041.asc
ncols         104
nrows         10
xllcorner     -2.000000
yllcorner     0.000000
cellsize      1.000000
NODATA_value  -9999.0
-9999.0 -9999.0 -9999.0 -9999.0 -9999.0 -9999.0 -9999.0 -9999.0 -9999.0 -9999.0 -9999.0 -9999.0 -9999.0 -9999.0 -9999.0 -9999.0 -9999.0 -9999.0 -9999.0 -9999.0 -9999.0 -9999.0 -9999.0 -9999.0 -9999.0 -9999.0 -9999.0 -9999.0 -9999.0 -9999.0 -9999.0 -9999.0 -9999.0 -9999.0 -9999.0 -9999.0 -9999.0 -9999.0 -9999.0 -9999.0 -9999.0 -9999.0 -9999.0 -9999.0 -9999.0 -9999.0 -9999.0 -9999.0 -9999.0 -9999.0 -9999.0 -9999.0 -9999.0 -9999.0 -9999.0 -9999.0 -9999.0 -9999.0 -9999.0 -9999.0 -9999.0 -9999.0 -9999.0 -9999.0 -9999.0 -9999.0 -9999.0 -9999.0 -9999.0 -9999.0 -9999.0 -9999.0 -9999.0 -9999.0 -9999.0 -9999.0 -9999.0 -9999.0 -9999.0 -9999.0 -9999.0 -9999.0 -9999.0 -9999.0 -9999.0 -9999.0 -9999.0 -9999.0 -9999.0 -9999.0 -9999.0 -9999.0 -9999.0 -9999.0 -9999.0 -9999.0 -9999.0 -9999.0 -9999.0 -9999.0 -9999.0 -9999.0 -9999.0 -9999.0
-9999.0 -9999.0 -9999.0 -9999.0 -9999.0 -9999.0 -9999.0 -9999.0 -9999.0 -9999.0 -9999.0 -9999.0 -9999.0 -9999.0 -9999.0 -9999.0 -9999.0 -9999.0 -9999.0 -9999.0 -9999.0 -9999.0 -9999.0 -9999.0 -9999.0 -9999.0 -9999.0 -9999.0 -9999.0 -9999.0 -9999.0 -9999.0 -9999.0 -9999.0 -9999.0 -9999.0 -9999.0 -9999.0 -9999.0 -9999.0 -9999.0 -9999.0 -9999.0 -9999.0 -9999.0 -9999.0 -9999.0 -9999.0 -9999.0 -9999.0 -9999.0 -9999.0 -9999.0 -9999.0 -9999.0 -9999.0 -9999.0 -9999.0 -9999.0 -9999.0 -9999.0 -9999.0 -9999.0 -9999.0 -9999.0 -9999.0 -9999.0 -9999.0 -9999.0 -9999.0 -9999.0 -9999.0 -9999.0 -9999.0 -9999.0 -9999.0 -9999.0 -9999.0 -9999.0 -9999.0 -9999.0 -9999.0 -9999.0 -9999.0 -9999.0 -9999.0 -9999.0 -9999.0 -9999.0 -9999.0 -9999.0 -9999.0 -9999.0 -9999.0 -9999.0 -9999.0 -9999.0 -9999.0 -9999.0 -9999.0 -9999.0 -9999.0 -9999.0 -9999.0
-9999.0 -9999.0 -615.502672 -641.905314 -654.337911 -661.912604 -666.791712 -669.826034 -671.665873 -672.237111 -668.028928 -660.380699 -649.062464 -630.201784 -601.496100 -572.948596 -548.493792 -528.429436 -511.507922 -485.090482 -451.170839 -414.928797 -387.063198 -414.172495 -448.373317 -485.403771 -522.342069 -556.837990 -587.051999 -611.881895 -631.086028 -645.144898 -654.965702 -661.561405 -665.840584 -668.528444 -670.185692 -671.365065 -672.480777 -672.387959 -673.158557 -707.726859 -2451.799753 -4133.094300 -4133.663362 -4133.663366 -4133.663366 -4133.663366 -4133.663366 -4133.663366 -4133.663366 -4133.663366 -4133.663366 -4133.663366 -4133.663366 -4133.663366 -4133.663366 -4133.663366 -4133.663366 -4133.663357 -4132.698933 -2343.753173 -695.785636 -677.234369 -674.139278 -673.252504 -673.047625 -673.009247 -673.006650 -673.011146 -673.016266 -673.020585 -673.023965 -673.026578 -673.028620 -673.030241 -673.031552 -673.032627 -673.033529 -673.034326 -673.035096 -673.035934 -673.036967 -673.038377 -673.040437 -673.043574 -673.048473 -673.056249 -673.068757 -673.089172 -673.123096 -673.180789 -673.281746 -673.464211 -673.804857 -674.458851 -675.740142 -678.285105 -683.431878 -694.408560 -721.177509 -790.547900 -9999.0 -9999.0
-9999.0 -9999.0 -615.502593 -641.905215 -654.337837 -661.912571 -666.791703 -669.826034 -671.665875 -672.237113 -668.028928 -660.380699 -649.062464 -630.201784 -601.496100 -572.948596 -548.493792 -528.429436 -511.507922 -485.090482 -451.170839 -414.928797 -387.063198 -414.172495 -448.373317 -485.403771 -522.342069 -556.837990 -587.051999 -611.881895 -631.086028 -645.144898 -654.965702 -661.561405 -665.840584 -668.528444 -670.185692 -671.365065 -672.480777 -672.387959 -673.158557 -707.726859 -2451.799753 -4133.094300 -4133.663362 -4133.663366 -4133.663366 -4133.663366 -4133.663366 -4133.663366 -4133.663366 -4133.663366 -4133.663366 -4133.663366 -4133.663366 -4133.663366 -4133.663366 -4133.663366 -4133.663366 -4133.663357 -4132.698933 -2343.753173 -695.785636 -677.234369 -674.139278 -673.252504 -673.047625 -673.009247 -673.006650 -673.011146 -673.016266 -673.020585 -673.023965 -673.026578 -673.028620 -673.030241 -673.031552 -673.032627 -673.033529 -673.034326 -673.035096 -673.035934 -673.036967 -673.038377 -673.040437 -673.043574 -673.048473 -673.056249 -673.068757 -673.089172 -673.123096 -673.180789 -673.281746 -673.464211 -673.804857 -674.458851 -675.740142 -678.285105 -683.431878 -694.408560 -721.177509 -790.547900 -9999.0 -9999.0
-9999.0 -9999.0 -615.502556 -641.905160 -654.337789 -661.912547 -666.791696 -669.826035 -671.665877 -672.237114 -668.028929 -660.380699 -649.062464 -630.201784 -601.496100 -572.948596 -548.493792 -528.429436 -511.507922 -485.090482 -451.170839 -414.928797 -387.063198 -414.172495 -448.373317 -485.403771 -522.342069 -556.837990 -587.051999 -611.881895 -631.086028 -645.144898 -654.965702 -661.561405 -665.840584 -668.528444 -670.185692 -671.365065 -672.480777 -672.387959 -673.158557 -707.726859 -2451.799753 -4133.094300 -4133.663362 -4133.663366 -4133.663366 -4133.663366 -4133.663366 -4133.663366 -4133.663366 -4133.663366 -4133.663366 -4133.663366 -4133.663366 -4133.663366 -4133.663366 -4133.663366 -4133.663366 -4133.663357 -4132.698933 -2343.753173 -695.785636 -677.234369 -674.139278 -673.252504 -673.047625 -673.009247 -673.006650 -673.011146 -673.016266 -673.020585 -673.023965 -673.026578 -673.028620 -673.030241 -673.031552 -673.032627 -673.033529 -673.034326 -673.035096 -673.035934 -673.036967 -673.038377 -673.040437 -673.043574 -673.048473 -673.056249 -673.068757 -673.089172 -673.123096 -673.180789 -673.281746 -673.464211 -673.804857 -674.458851 -675.740142 -678.285105 -683.431878 -694.408560 -721.177509 -790.547900 -9999.0 -9999.0
-9999.0 -9999.0 -615.502556 -641.905160 -654.337789 -661.912547 -666.791696 -669.826035 -671.665877 -672.237114 -668.028929 -660.380699 -649.062464 -630.201784 -601.496100 -572.948596 -548.493792 -528.429436 -511.507922 -485.090482 -451.170839 -414.928797 -387.063198 -414.172495 -448.373317 -485.403771 -522.342069 -556.837990 -587.051999 -611.881895 -631.086028 -645.144898 -654.965702 -661.561405 -665.840584 -668.528444 -670.185692 -671.365065 -672.480777 -672.387959 -673.158557 -707.726859 -2451.799753 -4133.094300 -4133.663362 -4133.663366 -4133.663366 -4133.663366 -4133.663366 -4133.663366 -4133.663366 -4133.663366 -4133.663366 -4133.663366 -4133.663366 -4133.663366 -4133.663366 -4133.663366 -4133.663366 -4133.663357 -4132.698933 -2343.753173 -695.785636 -677.234369 -674.139278 -673.252504 -673.047625 -673.009247 -673.006650 -673.011146 -673.016266 -673.020585 -673.023965 -673.026578 -673.028620 -673.030241 -673.031552 -673.032627 -673.033529 -673.034326 -673.035096 -673.035934 -673.036967 -673.038377 -673.040437 -673.043574 -673.048473 -673.056249 -673.068757 -673.089172 -673.123096 -673.180789 -673.281746 -673.464211 -673.804857 -674.458851 -675.740142 -678.285105 -683.431878 -694.408560 -721.177509 -790.547900 -9999.0 -9999.0
-9999.0 -9999.0 -615.502593 -641.905215 -654.337837 -661.912571 -666.791703 -669.826034 -671.665875 -672.237113 -668.028928 -660.380699 -649.062464 -630.201784 -601.496100 -572.948596 -548.493792 -528.429436 -511.507922 -485.090482 -451.170839 -414.928797 -387.063198 -414.172495 -448.373317 -485.403771 -522.342069 -556.837990 -587.051999 -611.881895 -631.086028 -645.144898 -654.965702 -661.561405 -665.840584 -668.528444 -670.185692 -671.365065 -672.480777 -672.387959 -673.158557 -707.726859 -2451.799753 -4133.094300 -4133.663362 -4133.663366 -4133.663366 -4133.663366 -4133.663366 -4133.663366 -4133.663366 -4133.663366 -4133.663366 -4133.663366 -4133.663366 -4133.663366 -4133.663366 -4133.663366 -4133.663366 -4133.663357 -4132.698933 -2343.753173 -695.785636 -677.234369 -674.139278 -673.252504 -673.047625 -673.009247 -673.006650 -673.011146 -673.016266 -673.020585 -673.023965 -673.026578 -673.028620 -673.030241 -673.031552 -673.032627 -673.033529 -673.034326 -673.035096 -673.035934 -673.036967 -673.038377 -673.040437 -673.043574 -673.048473 -673.056249 -673.068757 -673.089172 -673.123096 -673.180789 -673.281746 -673.464211 -673.804857 -674.458851 -675.740142 -678.285105 -683.431878 -694.408560 -721.177509 -790.547900 -9999.0 -9999.0
-9999.0 -9999.0 -615.502672 -641.905314 -654.337911 -661.912604 -666.791712 -669.826034 -671.665873 -672.237111 -668.028928 -660.380699 -649.062464 -630.201784 -601.496100 -572.948596 -548.493792 -528.429436 -511.507922 -485.090482 -451.170839 -414.928797 -387.063198 -414.172495 -448.373317 -485.403771 -522.342069 -556.837990 -587.051999 -611.881895 -631.086028 -645.144898 -654.965702 -661.561405 -665.840584 -668.528444 -670.185692 -671.365065 -672.480777 -672.387959 -673.158557 -707.726859 -2451.799753 -4133.094300 -4133.663362 -4133.663366 -4133.663366 -4133.663366 -4133.663366 -4133.663366 -4133.663366 -4133.663366 -4133.663366 -4133.663366 -4133.663366 -4133.663366 -4133.663366 -4133.663366 -4133.663366 -4133.663357 -4132.698933 -2343.753173 -695.785636 -677.234369 -674.139278 -673.252504 -673.047625 -673.009247 -673.006650 -673.011146 -673.016266 -673.020585 -673.023965 -673.026578 -673.028620 -673.030241 -673.031552 -673.032627 -673.033529 -673.034326 -673.035096 -673.035934 -673.036967 -673.038377 -673.040437 -673.043574 -673.048473 -673.056249 -673.068757 -673.089172 -673.123096 -673.180789 -673.281746 -673.464211 -673.804857 -674.458851 -675.740142 -678.285105 -683.431878 -694.408560 -721.177509 -790.547900 -9999.0 -9999.0
-9999.0 -9999.0 -9999.0 -9999.0 -9999.0 -9999.0 -9999.0 -9999.0 -9999.0 -9999.0 -9999.0 -9999.0 -9999.0 -9999.0 -9999.0 -9999.0 -9999.0 -9999.0 -9999.0 -9999.0 -9999.0 -9999.0 -9999.0 -9999.0 -9999.0 -9999.0 -9999.0 -9999.0 -9999.0 -9999.0 -9999.0 -9999.0 -9999.0 -9999.0 -9999.0 -9999.0 -9999.0 -9999.0 -9999.0 -9999.0 -9999.0 -9999.0 -9999.0 -9999.0 -9999.0 -9999.0 -9999.0 -9999.0 -9999.0 -9999.0 -9999.0 -9999.0 -9999.0 -9999.0 -9999.0 -9999.0 -9999.0 -9999.0 -9999.0 -9999.0 -9999.0 -9999.0 -9999.0 -9999.0 -9999.0 -9999.0 -9999.0 -9999.0 -9999.0 -9999.0 -9999.0 -9999.0 -9999.0 -9999.0 -9999.0 -9999.0 -9999.0 -9999.0 -9999.0 -9999.0 -9999.0 -9999.0 -9999.0 -9999.0 -9999.0 -9999.0 -9999.0 -9999.0 -9999.0 -9999.0 -9999.0 -9999.0 -9999.0 -9999.0 -9999.0 -9999.0 -9999.0 -9999.0 -9999.0 -9999.0 -9999.0 -9999.0 -9999.0 -9999.0
-9999.0 -9999.0 -9999.0 -9999.0 -9999.0 -9999.0 -9999.0 -9999.0 -9999.0 -9999.0 -9999.0 -9999.0 -9999.0 -9999.0 -9999.0 -9999.0 -9999.0 -9999.0 -9999.0 -9999.0 -9999.0 -9999.0 -9999.0 -9999.0 -9999.0 -9999.0 -9999.0 -9999.0 -9999.0 -9999.0 -9999.0 -9999.0 -9999.0 -9999.0 -9999.0 -9999.0 -9999.0 -9999.0 -9999.0 -9999.0 -9999.0 -9999.0 -9999.0 -9999.0 -9999.0 -9999.0 -9999.0 -9999.0 -9999.0 -9999.0 -9999.0 -9999.0 -9999.0 -9999.0 -9999.0 -9999.0 -9999.0 -9999.0 -9999.0 -9999.0 -9999.0 -9999.0 -9999.0 -9999.0 -9999.0 -9999.0 -9999.0 -9999.0 -9999.0 -9999.0 -9999.0 -9999.0 -9999.0 -9999.0 -9999.0 -9999.0 -9999.0 -9999.0 -9999.0 -9999.0 -9999.0 -9999.0 -9999.0 -9999.0 -9999.0 -9999.0 -9999.0 -9999.0 -9999.0 -9999.0 -9999.0 -9999.0 -9999.0 -9999.0 -9999.0 -9999.0 -9999.0 -9999.0 -9999.0 -9999.0 -9999.0 -9999.0 -9999.0 -9999.0