inst/processing_geotop_simulation/geotop_simulation/out/maps3D/PwL0015N0121.asc
ncols         104
nrows         10
xllcorner     -2.000000
yllcorner     0.000000
cellsize      1.000000
NODATA_value  -9999.0
-9999.0 -9999.0 -9999.0 -9999.0 -9999.0 -9999.0 -9999.0 -9999.0 -9999.0 -9999.0 -9999.0 -9999.0 -9999.0 -9999.0 -9999.0 -9999.0 -9999.0 -9999.0 -9999.0 -9999.0 -9999.0 -9999.0 -9999.0 -9999.0 -9999.0 -9999.0 -9999.0 -9999.0 -9999.0 -9999.0 -9999.0 -9999.0 -9999.0 -9999.0 -9999.0 -9999.0 -9999.0 -9999.0 -9999.0 -9999.0 -9999.0 -9999.0 -9999.0 -9999.0 -9999.0 -9999.0 -9999.0 -9999.0 -9999.0 -9999.0 -9999.0 -9999.0 -9999.0 -9999.0 -9999.0 -9999.0 -9999.0 -9999.0 -9999.0 -9999.0 -9999.0 -9999.0 -9999.0 -9999.0 -9999.0 -9999.0 -9999.0 -9999.0 -9999.0 -9999.0 -9999.0 -9999.0 -9999.0 -9999.0 -9999.0 -9999.0 -9999.0 -9999.0 -9999.0 -9999.0 -9999.0 -9999.0 -9999.0 -9999.0 -9999.0 -9999.0 -9999.0 -9999.0 -9999.0 -9999.0 -9999.0 -9999.0 -9999.0 -9999.0 -9999.0 -9999.0 -9999.0 -9999.0 -9999.0 -9999.0 -9999.0 -9999.0 -9999.0 -9999.0
-9999.0 -9999.0 -9999.0 -9999.0 -9999.0 -9999.0 -9999.0 -9999.0 -9999.0 -9999.0 -9999.0 -9999.0 -9999.0 -9999.0 -9999.0 -9999.0 -9999.0 -9999.0 -9999.0 -9999.0 -9999.0 -9999.0 -9999.0 -9999.0 -9999.0 -9999.0 -9999.0 -9999.0 -9999.0 -9999.0 -9999.0 -9999.0 -9999.0 -9999.0 -9999.0 -9999.0 -9999.0 -9999.0 -9999.0 -9999.0 -9999.0 -9999.0 -9999.0 -9999.0 -9999.0 -9999.0 -9999.0 -9999.0 -9999.0 -9999.0 -9999.0 -9999.0 -9999.0 -9999.0 -9999.0 -9999.0 -9999.0 -9999.0 -9999.0 -9999.0 -9999.0 -9999.0 -9999.0 -9999.0 -9999.0 -9999.0 -9999.0 -9999.0 -9999.0 -9999.0 -9999.0 -9999.0 -9999.0 -9999.0 -9999.0 -9999.0 -9999.0 -9999.0 -9999.0 -9999.0 -9999.0 -9999.0 -9999.0 -9999.0 -9999.0 -9999.0 -9999.0 -9999.0 -9999.0 -9999.0 -9999.0 -9999.0 -9999.0 -9999.0 -9999.0 -9999.0 -9999.0 -9999.0 -9999.0 -9999.0 -9999.0 -9999.0 -9999.0 -9999.0
-9999.0 -9999.0 739.675628 648.781779 556.182379 462.288698 367.770406 272.979346 178.094610 83.210172 -11.614329 -106.338258 -200.965501 -295.533797 -390.192865 -485.152523 -580.746722 -676.776960 -770.015070 -861.505381 -950.756525 -1030.886614 -1091.487466 -1134.391270 -1162.445759 -1179.781769 -1190.134038 -1196.207635 -1199.744137 -1201.799701 -1202.999812 -1203.708430 -1204.135119 -1204.399218 -1204.568024 -1204.681494 -1204.771891 -1204.887543 -1205.196548 -1206.920752 -1218.403391 -1305.112286 -2072.713999 -4219.423466 -4232.672854 -4232.673267 -4232.673267 -4232.673267 -4232.673267 -4232.673267 -4232.673267 -4232.673267 -4232.673267 -4232.673267 -4232.673267 -4232.673267 -4232.673267 -4232.673267 -4232.673267 -4232.672484 -4211.320003 -1957.236315 -1275.251534 -1213.783544 -1206.177308 -1205.225249 -1205.095590 -1205.075612 -1205.073471 -1205.074510 -1205.075892 -1205.077066 -1205.077973 -1205.078661 -1205.079187 -1205.079595 -1205.079918 -1205.080178 -1205.080395 -1205.080586 -1205.080772 -1205.080978 -1205.081235 -1205.081591 -1205.082117 -1205.082923 -1205.084191 -1205.086214 -1205.089493 -1205.094893 -1205.103972 -1205.119622 -1205.147396 -1205.198198 -1205.293774 -1205.478006 -1205.841405 -1206.580734 -1208.163206 -1211.799793 -1220.813602 -1245.697125 -9999.0 -9999.0
-9999.0 -9999.0 739.680492 648.783417 556.182879 462.288855 367.770458 272.979364 178.094616 83.210174 -11.614329 -106.338258 -200.965501 -295.533797 -390.192865 -485.152523 -580.746723 -676.776960 -770.015070 -861.505382 -950.756525 -1030.886614 -1091.487466 -1134.391270 -1162.445759 -1179.781769 -1190.134038 -1196.207635 -1199.744137 -1201.799701 -1202.999812 -1203.708430 -1204.135119 -1204.399218 -1204.568024 -1204.681494 -1204.771891 -1204.887543 -1205.196548 -1206.920752 -1218.403391 -1305.112286 -2072.713999 -4219.423466 -4232.672854 -4232.673267 -4232.673267 -4232.673267 -4232.673267 -4232.673267 -4232.673267 -4232.673267 -4232.673267 -4232.673267 -4232.673267 -4232.673267 -4232.673267 -4232.673267 -4232.673267 -4232.672484 -4211.320003 -1957.236315 -1275.251534 -1213.783544 -1206.177308 -1205.225249 -1205.095590 -1205.075612 -1205.073471 -1205.074510 -1205.075892 -1205.077066 -1205.077973 -1205.078661 -1205.079187 -1205.079595 -1205.079918 -1205.080178 -1205.080395 -1205.080586 -1205.080772 -1205.080978 -1205.081235 -1205.081591 -1205.082117 -1205.082923 -1205.084191 -1205.086214 -1205.089493 -1205.094893 -1205.103972 -1205.119622 -1205.147396 -1205.198198 -1205.293774 -1205.478006 -1205.841405 -1206.580734 -1208.163206 -1211.799793 -1220.813602 -1245.697125 -9999.0 -9999.0
-9999.0 -9999.0 739.682025 648.784225 556.183212 462.288981 367.770503 272.979380 178.094622 83.210176 -11.614328 -106.338258 -200.965501 -295.533797 -390.192865 -485.152523 -580.746723 -676.776960 -770.015071 -861.505382 -950.756525 -1030.886614 -1091.487466 -1134.391270 -1162.445759 -1179.781769 -1190.134038 -1196.207635 -1199.744137 -1201.799701 -1202.999812 -1203.708430 -1204.135119 -1204.399218 -1204.568024 -1204.681494 -1204.771891 -1204.887543 -1205.196548 -1206.920752 -1218.403391 -1305.112286 -2072.713999 -4219.423466 -4232.672854 -4232.673267 -4232.673267 -4232.673267 -4232.673267 -4232.673267 -4232.673267 -4232.673267 -4232.673267 -4232.673267 -4232.673267 -4232.673267 -4232.673267 -4232.673267 -4232.673267 -4232.672484 -4211.320003 -1957.236315 -1275.251534 -1213.783544 -1206.177308 -1205.225249 -1205.095590 -1205.075612 -1205.073471 -1205.074510 -1205.075892 -1205.077066 -1205.077973 -1205.078661 -1205.079187 -1205.079595 -1205.079918 -1205.080178 -1205.080395 -1205.080586 -1205.080772 -1205.080978 -1205.081235 -1205.081591 -1205.082117 -1205.082923 -1205.084191 -1205.086214 -1205.089493 -1205.094893 -1205.103972 -1205.119622 -1205.147396 -1205.198198 -1205.293774 -1205.478006 -1205.841405 -1206.580734 -1208.163206 -1211.799793 -1220.813602 -1245.697125 -9999.0 -9999.0
-9999.0 -9999.0 739.682025 648.784225 556.183213 462.288980 367.770503 272.979380 178.094622 83.210176 -11.614328 -106.338258 -200.965501 -295.533797 -390.192865 -485.152523 -580.746723 -676.776960 -770.015071 -861.505382 -950.756525 -1030.886614 -1091.487466 -1134.391270 -1162.445759 -1179.781769 -1190.134038 -1196.207635 -1199.744137 -1201.799701 -1202.999812 -1203.708430 -1204.135119 -1204.399218 -1204.568024 -1204.681494 -1204.771891 -1204.887543 -1205.196548 -1206.920752 -1218.403391 -1305.112286 -2072.713999 -4219.423466 -4232.672854 -4232.673267 -4232.673267 -4232.673267 -4232.673267 -4232.673267 -4232.673267 -4232.673267 -4232.673267 -4232.673267 -4232.673267 -4232.673267 -4232.673267 -4232.673267 -4232.673267 -4232.672484 -4211.320003 -1957.236315 -1275.251534 -1213.783544 -1206.177308 -1205.225249 -1205.095590 -1205.075612 -1205.073471 -1205.074510 -1205.075892 -1205.077066 -1205.077973 -1205.078661 -1205.079187 -1205.079595 -1205.079918 -1205.080178 -1205.080395 -1205.080586 -1205.080772 -1205.080978 -1205.081235 -1205.081591 -1205.082117 -1205.082923 -1205.084191 -1205.086214 -1205.089493 -1205.094893 -1205.103972 -1205.119622 -1205.147396 -1205.198198 -1205.293774 -1205.478006 -1205.841405 -1206.580734 -1208.163206 -1211.799793 -1220.813602 -1245.697125 -9999.0 -9999.0
-9999.0 -9999.0 739.680492 648.783417 556.182879 462.288855 367.770458 272.979364 178.094616 83.210174 -11.614329 -106.338258 -200.965501 -295.533797 -390.192865 -485.152523 -580.746723 -676.776960 -770.015071 -861.505382 -950.756525 -1030.886614 -1091.487466 -1134.391270 -1162.445759 -1179.781769 -1190.134038 -1196.207635 -1199.744137 -1201.799701 -1202.999812 -1203.708430 -1204.135119 -1204.399218 -1204.568024 -1204.681494 -1204.771891 -1204.887543 -1205.196548 -1206.920752 -1218.403391 -1305.112286 -2072.713999 -4219.423466 -4232.672854 -4232.673267 -4232.673267 -4232.673267 -4232.673267 -4232.673267 -4232.673267 -4232.673267 -4232.673267 -4232.673267 -4232.673267 -4232.673267 -4232.673267 -4232.673267 -4232.673267 -4232.672484 -4211.320003 -1957.236315 -1275.251534 -1213.783544 -1206.177308 -1205.225249 -1205.095590 -1205.075612 -1205.073471 -1205.074510 -1205.075892 -1205.077066 -1205.077973 -1205.078661 -1205.079187 -1205.079595 -1205.079918 -1205.080178 -1205.080395 -1205.080586 -1205.080772 -1205.080978 -1205.081235 -1205.081591 -1205.082117 -1205.082923 -1205.084191 -1205.086214 -1205.089493 -1205.094893 -1205.103972 -1205.119622 -1205.147396 -1205.198198 -1205.293774 -1205.478006 -1205.841405 -1206.580734 -1208.163206 -1211.799793 -1220.813602 -1245.697125 -9999.0 -9999.0
-9999.0 -9999.0 739.675628 648.781779 556.182379 462.288698 367.770406 272.979346 178.094610 83.210172 -11.614329 -106.338258 -200.965501 -295.533797 -390.192865 -485.152523 -580.746722 -676.776960 -770.015070 -861.505381 -950.756525 -1030.886614 -1091.487466 -1134.391270 -1162.445759 -1179.781769 -1190.134038 -1196.207635 -1199.744137 -1201.799701 -1202.999812 -1203.708430 -1204.135119 -1204.399218 -1204.568024 -1204.681494 -1204.771891 -1204.887543 -1205.196548 -1206.920752 -1218.403391 -1305.112286 -2072.713999 -4219.423466 -4232.672854 -4232.673267 -4232.673267 -4232.673267 -4232.673267 -4232.673267 -4232.673267 -4232.673267 -4232.673267 -4232.673267 -4232.673267 -4232.673267 -4232.673267 -4232.673267 -4232.673267 -4232.672484 -4211.320003 -1957.236315 -1275.251534 -1213.783544 -1206.177308 -1205.225249 -1205.095590 -1205.075612 -1205.073471 -1205.074510 -1205.075892 -1205.077066 -1205.077973 -1205.078661 -1205.079187 -1205.079595 -1205.079918 -1205.080178 -1205.080395 -1205.080586 -1205.080772 -1205.080978 -1205.081235 -1205.081591 -1205.082117 -1205.082923 -1205.084191 -1205.086214 -1205.089493 -1205.094893 -1205.103972 -1205.119622 -1205.147396 -1205.198198 -1205.293774 -1205.478006 -1205.841405 -1206.580734 -1208.163206 -1211.799793 -1220.813602 -1245.697125 -9999.0 -9999.0
-9999.0 -9999.0 -9999.0 -9999.0 -9999.0 -9999.0 -9999.0 -9999.0 -9999.0 -9999.0 -9999.0 -9999.0 -9999.0 -9999.0 -9999.0 -9999.0 -9999.0 -9999.0 -9999.0 -9999.0 -9999.0 -9999.0 -9999.0 -9999.0 -9999.0 -9999.0 -9999.0 -9999.0 -9999.0 -9999.0 -9999.0 -9999.0 -9999.0 -9999.0 -9999.0 -9999.0 -9999.0 -9999.0 -9999.0 -9999.0 -9999.0 -9999.0 -9999.0 -9999.0 -9999.0 -9999.0 -9999.0 -9999.0 -9999.0 -9999.0 -9999.0 -9999.0 -9999.0 -9999.0 -9999.0 -9999.0 -9999.0 -9999.0 -9999.0 -9999.0 -9999.0 -9999.0 -9999.0 -9999.0 -9999.0 -9999.0 -9999.0 -9999.0 -9999.0 -9999.0 -9999.0 -9999.0 -9999.0 -9999.0 -9999.0 -9999.0 -9999.0 -9999.0 -9999.0 -9999.0 -9999.0 -9999.0 -9999.0 -9999.0 -9999.0 -9999.0 -9999.0 -9999.0 -9999.0 -9999.0 -9999.0 -9999.0 -9999.0 -9999.0 -9999.0 -9999.0 -9999.0 -9999.0 -9999.0 -9999.0 -9999.0 -9999.0 -9999.0 -9999.0
-9999.0 -9999.0 -9999.0 -9999.0 -9999.0 -9999.0 -9999.0 -9999.0 -9999.0 -9999.0 -9999.0 -9999.0 -9999.0 -9999.0 -9999.0 -9999.0 -9999.0 -9999.0 -9999.0 -9999.0 -9999.0 -9999.0 -9999.0 -9999.0 -9999.0 -9999.0 -9999.0 -9999.0 -9999.0 -9999.0 -9999.0 -9999.0 -9999.0 -9999.0 -9999.0 -9999.0 -9999.0 -9999.0 -9999.0 -9999.0 -9999.0 -9999.0 -9999.0 -9999.0 -9999.0 -9999.0 -9999.0 -9999.0 -9999.0 -9999.0 -9999.0 -9999.0 -9999.0 -9999.0 -9999.0 -9999.0 -9999.0 -9999.0 -9999.0 -9999.0 -9999.0 -9999.0 -9999.0 -9999.0 -9999.0 -9999.0 -9999.0 -9999.0 -9999.0 -9999.0 -9999.0 -9999.0 -9999.0 -9999.0 -9999.0 -9999.0 -9999.0 -9999.0 -9999.0 -9999.0 -9999.0 -9999.0 -9999.0 -9999.0 -9999.0 -9999.0 -9999.0 -9999.0 -9999.0 -9999.0 -9999.0 -9999.0 -9999.0 -9999.0 -9999.0 -9999.0 -9999.0 -9999.0 -9999.0 -9999.0 -9999.0 -9999.0 -9999.0 -9999.0