inst/processing_geotop_simulation/geotop_simulation/out/maps3D/PwL0003N0234.asc
ncols         104
nrows         10
xllcorner     -2.000000
yllcorner     0.000000
cellsize      1.000000
NODATA_value  -9999.0
-9999.0 -9999.0 -9999.0 -9999.0 -9999.0 -9999.0 -9999.0 -9999.0 -9999.0 -9999.0 -9999.0 -9999.0 -9999.0 -9999.0 -9999.0 -9999.0 -9999.0 -9999.0 -9999.0 -9999.0 -9999.0 -9999.0 -9999.0 -9999.0 -9999.0 -9999.0 -9999.0 -9999.0 -9999.0 -9999.0 -9999.0 -9999.0 -9999.0 -9999.0 -9999.0 -9999.0 -9999.0 -9999.0 -9999.0 -9999.0 -9999.0 -9999.0 -9999.0 -9999.0 -9999.0 -9999.0 -9999.0 -9999.0 -9999.0 -9999.0 -9999.0 -9999.0 -9999.0 -9999.0 -9999.0 -9999.0 -9999.0 -9999.0 -9999.0 -9999.0 -9999.0 -9999.0 -9999.0 -9999.0 -9999.0 -9999.0 -9999.0 -9999.0 -9999.0 -9999.0 -9999.0 -9999.0 -9999.0 -9999.0 -9999.0 -9999.0 -9999.0 -9999.0 -9999.0 -9999.0 -9999.0 -9999.0 -9999.0 -9999.0 -9999.0 -9999.0 -9999.0 -9999.0 -9999.0 -9999.0 -9999.0 -9999.0 -9999.0 -9999.0 -9999.0 -9999.0 -9999.0 -9999.0 -9999.0 -9999.0 -9999.0 -9999.0 -9999.0 -9999.0
-9999.0 -9999.0 -9999.0 -9999.0 -9999.0 -9999.0 -9999.0 -9999.0 -9999.0 -9999.0 -9999.0 -9999.0 -9999.0 -9999.0 -9999.0 -9999.0 -9999.0 -9999.0 -9999.0 -9999.0 -9999.0 -9999.0 -9999.0 -9999.0 -9999.0 -9999.0 -9999.0 -9999.0 -9999.0 -9999.0 -9999.0 -9999.0 -9999.0 -9999.0 -9999.0 -9999.0 -9999.0 -9999.0 -9999.0 -9999.0 -9999.0 -9999.0 -9999.0 -9999.0 -9999.0 -9999.0 -9999.0 -9999.0 -9999.0 -9999.0 -9999.0 -9999.0 -9999.0 -9999.0 -9999.0 -9999.0 -9999.0 -9999.0 -9999.0 -9999.0 -9999.0 -9999.0 -9999.0 -9999.0 -9999.0 -9999.0 -9999.0 -9999.0 -9999.0 -9999.0 -9999.0 -9999.0 -9999.0 -9999.0 -9999.0 -9999.0 -9999.0 -9999.0 -9999.0 -9999.0 -9999.0 -9999.0 -9999.0 -9999.0 -9999.0 -9999.0 -9999.0 -9999.0 -9999.0 -9999.0 -9999.0 -9999.0 -9999.0 -9999.0 -9999.0 -9999.0 -9999.0 -9999.0 -9999.0 -9999.0 -9999.0 -9999.0 -9999.0 -9999.0
-9999.0 -9999.0 128.086322 34.160151 -62.756457 -160.460603 -258.457613 -356.552499 -454.641388 -552.643182 -650.384006 -747.615434 -844.384558 -940.463158 -1036.323058 -1132.207928 -1226.483609 -1318.748500 -1408.553809 -1494.091044 -1570.711294 -1634.099220 -1682.861380 -1718.385763 -1743.368322 -1760.585798 -1772.326517 -1780.282099 -1785.641787 -1789.228279 -1791.610389 -1793.181010 -1794.209963 -1794.880643 -1795.316463 -1795.601507 -1795.800333 -1795.995866 -1796.463478 -1798.467813 -1805.285797 -1789.256791 -1110.221141 -1111.733306 -1099.656704 -1091.932908 -1088.311485 -1087.775910 -1087.719730 -1087.726543 -1087.742653 -1087.759911 -1087.776491 -1087.791841 -1087.806055 -1087.822264 -1087.870378 -1088.190423 -1090.118279 -1094.434456 -1100.807712 -1090.713234 -1766.963047 -1799.868532 -1797.303746 -1796.397366 -1796.234290 -1796.208610 -1796.205191 -1796.205435 -1796.206188 -1796.206877 -1796.207420 -1796.207834 -1796.208152 -1796.208398 -1796.208593 -1796.208750 -1796.208882 -1796.208999 -1796.209114 -1796.209242 -1796.209404 -1796.209629 -1796.209962 -1796.210474 -1796.211281 -1796.212573 -1796.214675 -1796.218157 -1796.224051 -1796.234295 -1796.252629 -1796.286430 -1796.350472 -1796.474838 -1796.722742 -1797.235020 -1798.352457 -1800.983141 -1807.916147 -1830.070527 -9999.0 -9999.0
-9999.0 -9999.0 128.097388 34.162281 -62.755922 -160.460447 -258.457563 -356.552482 -454.641382 -552.643179 -650.384005 -747.615434 -844.384558 -940.463158 -1036.323058 -1132.207928 -1226.483609 -1318.748500 -1408.553809 -1494.091044 -1570.711294 -1634.099221 -1682.861380 -1718.385763 -1743.368322 -1760.585798 -1772.326517 -1780.282099 -1785.641787 -1789.228279 -1791.610389 -1793.181010 -1794.209963 -1794.880643 -1795.316463 -1795.601507 -1795.800333 -1795.995866 -1796.463478 -1798.467813 -1805.285797 -1789.256791 -1110.221141 -1111.733306 -1099.656704 -1091.932908 -1088.311485 -1087.775910 -1087.719730 -1087.726543 -1087.742653 -1087.759911 -1087.776491 -1087.791841 -1087.806055 -1087.822264 -1087.870378 -1088.190423 -1090.118279 -1094.434456 -1100.807712 -1090.713234 -1766.963047 -1799.868532 -1797.303746 -1796.397366 -1796.234290 -1796.208610 -1796.205191 -1796.205435 -1796.206188 -1796.206877 -1796.207420 -1796.207834 -1796.208152 -1796.208398 -1796.208593 -1796.208750 -1796.208882 -1796.208999 -1796.209114 -1796.209242 -1796.209404 -1796.209629 -1796.209962 -1796.210474 -1796.211281 -1796.212573 -1796.214675 -1796.218157 -1796.224051 -1796.234295 -1796.252629 -1796.286430 -1796.350472 -1796.474838 -1796.722742 -1797.235020 -1798.352457 -1800.983141 -1807.916147 -1830.070527 -9999.0 -9999.0
-9999.0 -9999.0 128.098768 34.163138 -62.755583 -160.460325 -258.457520 -356.552467 -454.641376 -552.643177 -650.384004 -747.615434 -844.384558 -940.463158 -1036.323058 -1132.207928 -1226.483609 -1318.748500 -1408.553810 -1494.091044 -1570.711295 -1634.099221 -1682.861380 -1718.385763 -1743.368322 -1760.585798 -1772.326517 -1780.282099 -1785.641787 -1789.228279 -1791.610389 -1793.181010 -1794.209963 -1794.880643 -1795.316463 -1795.601507 -1795.800333 -1795.995866 -1796.463478 -1798.467813 -1805.285797 -1789.256791 -1110.221141 -1111.733306 -1099.656704 -1091.932908 -1088.311485 -1087.775910 -1087.719730 -1087.726543 -1087.742653 -1087.759911 -1087.776491 -1087.791841 -1087.806055 -1087.822264 -1087.870378 -1088.190423 -1090.118279 -1094.434456 -1100.807712 -1090.713234 -1766.963047 -1799.868532 -1797.303746 -1796.397366 -1796.234290 -1796.208610 -1796.205191 -1796.205435 -1796.206188 -1796.206877 -1796.207420 -1796.207834 -1796.208152 -1796.208398 -1796.208593 -1796.208750 -1796.208882 -1796.208999 -1796.209114 -1796.209242 -1796.209404 -1796.209629 -1796.209962 -1796.210474 -1796.211281 -1796.212573 -1796.214675 -1796.218157 -1796.224051 -1796.234295 -1796.252629 -1796.286430 -1796.350472 -1796.474838 -1796.722742 -1797.235020 -1798.352457 -1800.983141 -1807.916147 -1830.070527 -9999.0 -9999.0
-9999.0 -9999.0 128.098768 34.163138 -62.755583 -160.460325 -258.457520 -356.552467 -454.641376 -552.643177 -650.384004 -747.615433 -844.384558 -940.463157 -1036.323058 -1132.207928 -1226.483609 -1318.748500 -1408.553810 -1494.091044 -1570.711295 -1634.099221 -1682.861380 -1718.385763 -1743.368322 -1760.585798 -1772.326517 -1780.282099 -1785.641787 -1789.228279 -1791.610389 -1793.181010 -1794.209963 -1794.880643 -1795.316463 -1795.601507 -1795.800333 -1795.995866 -1796.463478 -1798.467813 -1805.285797 -1789.256791 -1110.221141 -1111.733306 -1099.656704 -1091.932908 -1088.311485 -1087.775910 -1087.719730 -1087.726543 -1087.742653 -1087.759911 -1087.776491 -1087.791841 -1087.806055 -1087.822264 -1087.870378 -1088.190423 -1090.118279 -1094.434456 -1100.807712 -1090.713234 -1766.963047 -1799.868532 -1797.303746 -1796.397366 -1796.234290 -1796.208610 -1796.205191 -1796.205435 -1796.206188 -1796.206877 -1796.207420 -1796.207834 -1796.208152 -1796.208398 -1796.208593 -1796.208750 -1796.208882 -1796.208999 -1796.209114 -1796.209242 -1796.209404 -1796.209629 -1796.209962 -1796.210474 -1796.211281 -1796.212573 -1796.214675 -1796.218157 -1796.224051 -1796.234295 -1796.252629 -1796.286430 -1796.350472 -1796.474838 -1796.722742 -1797.235020 -1798.352457 -1800.983141 -1807.916147 -1830.070527 -9999.0 -9999.0
-9999.0 -9999.0 128.097388 34.162281 -62.755922 -160.460447 -258.457563 -356.552482 -454.641382 -552.643180 -650.384005 -747.615434 -844.384558 -940.463158 -1036.323058 -1132.207928 -1226.483609 -1318.748500 -1408.553809 -1494.091044 -1570.711294 -1634.099221 -1682.861380 -1718.385763 -1743.368322 -1760.585798 -1772.326517 -1780.282099 -1785.641787 -1789.228279 -1791.610389 -1793.181010 -1794.209963 -1794.880643 -1795.316463 -1795.601507 -1795.800333 -1795.995866 -1796.463478 -1798.467813 -1805.285797 -1789.256791 -1110.221141 -1111.733306 -1099.656704 -1091.932908 -1088.311485 -1087.775910 -1087.719730 -1087.726543 -1087.742653 -1087.759911 -1087.776491 -1087.791841 -1087.806055 -1087.822264 -1087.870378 -1088.190423 -1090.118279 -1094.434456 -1100.807712 -1090.713234 -1766.963047 -1799.868532 -1797.303746 -1796.397366 -1796.234290 -1796.208610 -1796.205191 -1796.205435 -1796.206188 -1796.206877 -1796.207420 -1796.207834 -1796.208152 -1796.208398 -1796.208593 -1796.208750 -1796.208882 -1796.208999 -1796.209114 -1796.209242 -1796.209404 -1796.209629 -1796.209962 -1796.210474 -1796.211281 -1796.212573 -1796.214675 -1796.218157 -1796.224051 -1796.234295 -1796.252629 -1796.286430 -1796.350472 -1796.474838 -1796.722742 -1797.235020 -1798.352457 -1800.983141 -1807.916147 -1830.070527 -9999.0 -9999.0
-9999.0 -9999.0 128.086322 34.160151 -62.756457 -160.460603 -258.457613 -356.552499 -454.641388 -552.643182 -650.384006 -747.615434 -844.384558 -940.463158 -1036.323058 -1132.207928 -1226.483609 -1318.748499 -1408.553809 -1494.091044 -1570.711294 -1634.099220 -1682.861380 -1718.385763 -1743.368322 -1760.585798 -1772.326517 -1780.282099 -1785.641787 -1789.228279 -1791.610389 -1793.181010 -1794.209963 -1794.880643 -1795.316463 -1795.601507 -1795.800333 -1795.995866 -1796.463478 -1798.467813 -1805.285797 -1789.256791 -1110.221141 -1111.733306 -1099.656704 -1091.932908 -1088.311485 -1087.775910 -1087.719730 -1087.726543 -1087.742653 -1087.759911 -1087.776491 -1087.791841 -1087.806055 -1087.822264 -1087.870378 -1088.190423 -1090.118279 -1094.434456 -1100.807712 -1090.713234 -1766.963047 -1799.868532 -1797.303746 -1796.397366 -1796.234290 -1796.208610 -1796.205191 -1796.205435 -1796.206188 -1796.206877 -1796.207420 -1796.207834 -1796.208152 -1796.208398 -1796.208593 -1796.208750 -1796.208882 -1796.208999 -1796.209114 -1796.209242 -1796.209404 -1796.209629 -1796.209962 -1796.210474 -1796.211281 -1796.212573 -1796.214675 -1796.218157 -1796.224051 -1796.234295 -1796.252629 -1796.286430 -1796.350472 -1796.474838 -1796.722742 -1797.235020 -1798.352457 -1800.983141 -1807.916147 -1830.070527 -9999.0 -9999.0
-9999.0 -9999.0 -9999.0 -9999.0 -9999.0 -9999.0 -9999.0 -9999.0 -9999.0 -9999.0 -9999.0 -9999.0 -9999.0 -9999.0 -9999.0 -9999.0 -9999.0 -9999.0 -9999.0 -9999.0 -9999.0 -9999.0 -9999.0 -9999.0 -9999.0 -9999.0 -9999.0 -9999.0 -9999.0 -9999.0 -9999.0 -9999.0 -9999.0 -9999.0 -9999.0 -9999.0 -9999.0 -9999.0 -9999.0 -9999.0 -9999.0 -9999.0 -9999.0 -9999.0 -9999.0 -9999.0 -9999.0 -9999.0 -9999.0 -9999.0 -9999.0 -9999.0 -9999.0 -9999.0 -9999.0 -9999.0 -9999.0 -9999.0 -9999.0 -9999.0 -9999.0 -9999.0 -9999.0 -9999.0 -9999.0 -9999.0 -9999.0 -9999.0 -9999.0 -9999.0 -9999.0 -9999.0 -9999.0 -9999.0 -9999.0 -9999.0 -9999.0 -9999.0 -9999.0 -9999.0 -9999.0 -9999.0 -9999.0 -9999.0 -9999.0 -9999.0 -9999.0 -9999.0 -9999.0 -9999.0 -9999.0 -9999.0 -9999.0 -9999.0 -9999.0 -9999.0 -9999.0 -9999.0 -9999.0 -9999.0 -9999.0 -9999.0 -9999.0 -9999.0
-9999.0 -9999.0 -9999.0 -9999.0 -9999.0 -9999.0 -9999.0 -9999.0 -9999.0 -9999.0 -9999.0 -9999.0 -9999.0 -9999.0 -9999.0 -9999.0 -9999.0 -9999.0 -9999.0 -9999.0 -9999.0 -9999.0 -9999.0 -9999.0 -9999.0 -9999.0 -9999.0 -9999.0 -9999.0 -9999.0 -9999.0 -9999.0 -9999.0 -9999.0 -9999.0 -9999.0 -9999.0 -9999.0 -9999.0 -9999.0 -9999.0 -9999.0 -9999.0 -9999.0 -9999.0 -9999.0 -9999.0 -9999.0 -9999.0 -9999.0 -9999.0 -9999.0 -9999.0 -9999.0 -9999.0 -9999.0 -9999.0 -9999.0 -9999.0 -9999.0 -9999.0 -9999.0 -9999.0 -9999.0 -9999.0 -9999.0 -9999.0 -9999.0 -9999.0 -9999.0 -9999.0 -9999.0 -9999.0 -9999.0 -9999.0 -9999.0 -9999.0 -9999.0 -9999.0 -9999.0 -9999.0 -9999.0 -9999.0 -9999.0 -9999.0 -9999.0 -9999.0 -9999.0 -9999.0 -9999.0 -9999.0 -9999.0 -9999.0 -9999.0 -9999.0 -9999.0 -9999.0 -9999.0 -9999.0 -9999.0 -9999.0 -9999.0 -9999.0 -9999.0