inst/processing_geotop_simulation/geotop_simulation/out/maps3D/PwL0021N0056.asc
ncols         104
nrows         10
xllcorner     -2.000000
yllcorner     0.000000
cellsize      1.000000
NODATA_value  -9999.0
-9999.0 -9999.0 -9999.0 -9999.0 -9999.0 -9999.0 -9999.0 -9999.0 -9999.0 -9999.0 -9999.0 -9999.0 -9999.0 -9999.0 -9999.0 -9999.0 -9999.0 -9999.0 -9999.0 -9999.0 -9999.0 -9999.0 -9999.0 -9999.0 -9999.0 -9999.0 -9999.0 -9999.0 -9999.0 -9999.0 -9999.0 -9999.0 -9999.0 -9999.0 -9999.0 -9999.0 -9999.0 -9999.0 -9999.0 -9999.0 -9999.0 -9999.0 -9999.0 -9999.0 -9999.0 -9999.0 -9999.0 -9999.0 -9999.0 -9999.0 -9999.0 -9999.0 -9999.0 -9999.0 -9999.0 -9999.0 -9999.0 -9999.0 -9999.0 -9999.0 -9999.0 -9999.0 -9999.0 -9999.0 -9999.0 -9999.0 -9999.0 -9999.0 -9999.0 -9999.0 -9999.0 -9999.0 -9999.0 -9999.0 -9999.0 -9999.0 -9999.0 -9999.0 -9999.0 -9999.0 -9999.0 -9999.0 -9999.0 -9999.0 -9999.0 -9999.0 -9999.0 -9999.0 -9999.0 -9999.0 -9999.0 -9999.0 -9999.0 -9999.0 -9999.0 -9999.0 -9999.0 -9999.0 -9999.0 -9999.0 -9999.0 -9999.0 -9999.0 -9999.0
-9999.0 -9999.0 -9999.0 -9999.0 -9999.0 -9999.0 -9999.0 -9999.0 -9999.0 -9999.0 -9999.0 -9999.0 -9999.0 -9999.0 -9999.0 -9999.0 -9999.0 -9999.0 -9999.0 -9999.0 -9999.0 -9999.0 -9999.0 -9999.0 -9999.0 -9999.0 -9999.0 -9999.0 -9999.0 -9999.0 -9999.0 -9999.0 -9999.0 -9999.0 -9999.0 -9999.0 -9999.0 -9999.0 -9999.0 -9999.0 -9999.0 -9999.0 -9999.0 -9999.0 -9999.0 -9999.0 -9999.0 -9999.0 -9999.0 -9999.0 -9999.0 -9999.0 -9999.0 -9999.0 -9999.0 -9999.0 -9999.0 -9999.0 -9999.0 -9999.0 -9999.0 -9999.0 -9999.0 -9999.0 -9999.0 -9999.0 -9999.0 -9999.0 -9999.0 -9999.0 -9999.0 -9999.0 -9999.0 -9999.0 -9999.0 -9999.0 -9999.0 -9999.0 -9999.0 -9999.0 -9999.0 -9999.0 -9999.0 -9999.0 -9999.0 -9999.0 -9999.0 -9999.0 -9999.0 -9999.0 -9999.0 -9999.0 -9999.0 -9999.0 -9999.0 -9999.0 -9999.0 -9999.0 -9999.0 -9999.0 -9999.0 -9999.0 -9999.0 -9999.0
-9999.0 -9999.0 122.161380 23.054052 -75.293444 -173.943321 -275.056766 -381.445429 -493.580417 -603.090426 -686.953571 -727.179674 -737.982524 -732.363652 -720.337302 -709.133943 -699.115907 -691.049249 -685.284380 -681.744629 -702.117453 -742.057122 -779.774447 -816.991564 -818.150892 -796.479991 -786.460780 -783.118243 -783.484247 -785.741820 -788.771824 -791.903496 -794.767475 -797.195117 -799.144756 -800.649082 -801.790638 -802.707117 -803.495316 -804.281142 -810.339125 -883.750801 -2248.307400 -3934.211124 -3935.643539 -3935.643559 -3935.642765 -3935.624091 -3935.468965 -3934.723350 -3931.913960 -3920.872254 -3898.776003 -3867.974706 -3816.666010 -3725.030935 -3564.195827 -3313.410420 -2988.913915 -2642.056428 -2316.007503 -1584.753906 -855.487949 -809.419518 -805.395997 -804.795746 -804.668381 -804.644036 -804.642475 -804.645295 -804.648403 -804.650973 -804.652954 -804.654463 -804.655624 -804.656532 -804.657257 -804.657845 -804.658334 -804.658765 -804.659182 -804.659639 -804.660206 -804.660985 -804.662130 -804.663881 -804.666624 -804.670989 -804.678030 -804.689561 -804.708806 -804.741701 -804.799571 -804.904634 -805.101280 -805.478980 -806.219772 -807.708213 -810.853545 -818.262456 -838.599247 -894.934211 -9999.0 -9999.0
-9999.0 -9999.0 122.161377 23.054052 -75.293447 -173.943321 -275.056769 -381.445429 -493.580418 -603.090426 -686.953571 -727.179674 -737.982524 -732.363652 -720.337302 -709.133943 -699.115907 -691.049249 -685.284380 -681.744629 -702.117453 -742.057122 -779.774447 -816.991564 -818.150892 -796.479991 -786.460780 -783.118243 -783.484247 -785.741820 -788.771824 -791.903496 -794.767475 -797.195117 -799.144756 -800.649082 -801.790638 -802.707117 -803.495316 -804.281142 -810.339125 -883.750801 -2248.307400 -3934.211124 -3935.643539 -3935.643559 -3935.642765 -3935.624091 -3935.468965 -3934.723350 -3931.913960 -3920.872254 -3898.776003 -3867.974706 -3816.666009 -3725.030935 -3564.195826 -3313.410419 -2988.913913 -2642.056428 -2316.007503 -1584.753906 -855.487949 -809.419518 -805.395997 -804.795746 -804.668381 -804.644036 -804.642475 -804.645295 -804.648403 -804.650973 -804.652954 -804.654463 -804.655624 -804.656532 -804.657257 -804.657845 -804.658334 -804.658765 -804.659182 -804.659639 -804.660206 -804.660985 -804.662130 -804.663881 -804.666624 -804.670989 -804.678030 -804.689561 -804.708806 -804.741701 -804.799571 -804.904634 -805.101280 -805.478980 -806.219772 -807.708213 -810.853545 -818.262456 -838.599247 -894.934211 -9999.0 -9999.0
-9999.0 -9999.0 122.161378 23.054051 -75.293447 -173.943322 -275.056768 -381.445431 -493.580418 -603.090427 -686.953571 -727.179674 -737.982524 -732.363652 -720.337302 -709.133943 -699.115907 -691.049249 -685.284380 -681.744629 -702.117453 -742.057122 -779.774447 -816.991564 -818.150892 -796.479991 -786.460780 -783.118243 -783.484247 -785.741820 -788.771824 -791.903496 -794.767475 -797.195117 -799.144756 -800.649082 -801.790638 -802.707117 -803.495316 -804.281142 -810.339125 -883.750801 -2248.307400 -3934.211124 -3935.643539 -3935.643559 -3935.642765 -3935.624091 -3935.468965 -3934.723350 -3931.913960 -3920.872254 -3898.776003 -3867.974705 -3816.666009 -3725.030934 -3564.195826 -3313.410418 -2988.913913 -2642.056427 -2316.007502 -1584.753906 -855.487949 -809.419518 -805.395997 -804.795746 -804.668381 -804.644036 -804.642475 -804.645295 -804.648403 -804.650973 -804.652954 -804.654463 -804.655624 -804.656532 -804.657257 -804.657845 -804.658334 -804.658765 -804.659182 -804.659639 -804.660206 -804.660985 -804.662130 -804.663881 -804.666624 -804.670989 -804.678030 -804.689561 -804.708806 -804.741701 -804.799571 -804.904634 -805.101280 -805.478980 -806.219772 -807.708213 -810.853545 -818.262456 -838.599247 -894.934211 -9999.0 -9999.0
-9999.0 -9999.0 122.161377 23.054051 -75.293447 -173.943322 -275.056769 -381.445430 -493.580418 -603.090427 -686.953571 -727.179674 -737.982524 -732.363652 -720.337302 -709.133943 -699.115907 -691.049249 -685.284380 -681.744629 -702.117453 -742.057122 -779.774447 -816.991564 -818.150892 -796.479991 -786.460780 -783.118243 -783.484247 -785.741820 -788.771824 -791.903496 -794.767475 -797.195117 -799.144756 -800.649082 -801.790638 -802.707117 -803.495316 -804.281142 -810.339125 -883.750801 -2248.307400 -3934.211124 -3935.643539 -3935.643559 -3935.642765 -3935.624091 -3935.468965 -3934.723350 -3931.913960 -3920.872254 -3898.776003 -3867.974706 -3816.666009 -3725.030934 -3564.195825 -3313.410419 -2988.913913 -2642.056428 -2316.007502 -1584.753906 -855.487949 -809.419518 -805.395997 -804.795746 -804.668381 -804.644036 -804.642475 -804.645295 -804.648403 -804.650973 -804.652954 -804.654463 -804.655624 -804.656532 -804.657257 -804.657845 -804.658334 -804.658765 -804.659182 -804.659639 -804.660206 -804.660985 -804.662130 -804.663881 -804.666624 -804.670989 -804.678030 -804.689561 -804.708806 -804.741701 -804.799571 -804.904634 -805.101280 -805.478980 -806.219772 -807.708213 -810.853545 -818.262456 -838.599247 -894.934211 -9999.0 -9999.0
-9999.0 -9999.0 122.161378 23.054052 -75.293446 -173.943321 -275.056768 -381.445430 -493.580418 -603.090426 -686.953571 -727.179674 -737.982524 -732.363652 -720.337302 -709.133943 -699.115907 -691.049249 -685.284380 -681.744629 -702.117453 -742.057122 -779.774447 -816.991564 -818.150892 -796.479991 -786.460780 -783.118243 -783.484247 -785.741820 -788.771824 -791.903496 -794.767475 -797.195117 -799.144756 -800.649082 -801.790638 -802.707117 -803.495316 -804.281142 -810.339125 -883.750801 -2248.307400 -3934.211124 -3935.643539 -3935.643559 -3935.642765 -3935.624091 -3935.468965 -3934.723350 -3931.913960 -3920.872254 -3898.776003 -3867.974706 -3816.666009 -3725.030934 -3564.195826 -3313.410419 -2988.913914 -2642.056428 -2316.007503 -1584.753906 -855.487949 -809.419518 -805.395997 -804.795746 -804.668381 -804.644036 -804.642475 -804.645295 -804.648403 -804.650973 -804.652954 -804.654463 -804.655624 -804.656532 -804.657257 -804.657845 -804.658334 -804.658765 -804.659182 -804.659639 -804.660206 -804.660985 -804.662130 -804.663881 -804.666624 -804.670989 -804.678030 -804.689561 -804.708806 -804.741701 -804.799571 -804.904634 -805.101280 -805.478980 -806.219772 -807.708213 -810.853545 -818.262456 -838.599247 -894.934211 -9999.0 -9999.0
-9999.0 -9999.0 122.161379 23.054053 -75.293445 -173.943320 -275.056767 -381.445429 -493.580417 -603.090426 -686.953571 -727.179674 -737.982524 -732.363652 -720.337302 -709.133943 -699.115907 -691.049249 -685.284380 -681.744629 -702.117453 -742.057122 -779.774447 -816.991564 -818.150892 -796.479991 -786.460780 -783.118243 -783.484247 -785.741820 -788.771824 -791.903496 -794.767475 -797.195117 -799.144756 -800.649082 -801.790638 -802.707117 -803.495316 -804.281142 -810.339125 -883.750801 -2248.307400 -3934.211124 -3935.643539 -3935.643559 -3935.642765 -3935.624091 -3935.468965 -3934.723350 -3931.913960 -3920.872254 -3898.776003 -3867.974706 -3816.666010 -3725.030935 -3564.195827 -3313.410420 -2988.913914 -2642.056429 -2316.007503 -1584.753906 -855.487949 -809.419518 -805.395997 -804.795746 -804.668381 -804.644036 -804.642475 -804.645295 -804.648403 -804.650973 -804.652954 -804.654463 -804.655624 -804.656532 -804.657257 -804.657845 -804.658334 -804.658765 -804.659182 -804.659639 -804.660206 -804.660985 -804.662130 -804.663881 -804.666624 -804.670989 -804.678030 -804.689561 -804.708806 -804.741701 -804.799571 -804.904634 -805.101280 -805.478980 -806.219772 -807.708213 -810.853545 -818.262456 -838.599247 -894.934211 -9999.0 -9999.0
-9999.0 -9999.0 -9999.0 -9999.0 -9999.0 -9999.0 -9999.0 -9999.0 -9999.0 -9999.0 -9999.0 -9999.0 -9999.0 -9999.0 -9999.0 -9999.0 -9999.0 -9999.0 -9999.0 -9999.0 -9999.0 -9999.0 -9999.0 -9999.0 -9999.0 -9999.0 -9999.0 -9999.0 -9999.0 -9999.0 -9999.0 -9999.0 -9999.0 -9999.0 -9999.0 -9999.0 -9999.0 -9999.0 -9999.0 -9999.0 -9999.0 -9999.0 -9999.0 -9999.0 -9999.0 -9999.0 -9999.0 -9999.0 -9999.0 -9999.0 -9999.0 -9999.0 -9999.0 -9999.0 -9999.0 -9999.0 -9999.0 -9999.0 -9999.0 -9999.0 -9999.0 -9999.0 -9999.0 -9999.0 -9999.0 -9999.0 -9999.0 -9999.0 -9999.0 -9999.0 -9999.0 -9999.0 -9999.0 -9999.0 -9999.0 -9999.0 -9999.0 -9999.0 -9999.0 -9999.0 -9999.0 -9999.0 -9999.0 -9999.0 -9999.0 -9999.0 -9999.0 -9999.0 -9999.0 -9999.0 -9999.0 -9999.0 -9999.0 -9999.0 -9999.0 -9999.0 -9999.0 -9999.0 -9999.0 -9999.0 -9999.0 -9999.0 -9999.0 -9999.0
-9999.0 -9999.0 -9999.0 -9999.0 -9999.0 -9999.0 -9999.0 -9999.0 -9999.0 -9999.0 -9999.0 -9999.0 -9999.0 -9999.0 -9999.0 -9999.0 -9999.0 -9999.0 -9999.0 -9999.0 -9999.0 -9999.0 -9999.0 -9999.0 -9999.0 -9999.0 -9999.0 -9999.0 -9999.0 -9999.0 -9999.0 -9999.0 -9999.0 -9999.0 -9999.0 -9999.0 -9999.0 -9999.0 -9999.0 -9999.0 -9999.0 -9999.0 -9999.0 -9999.0 -9999.0 -9999.0 -9999.0 -9999.0 -9999.0 -9999.0 -9999.0 -9999.0 -9999.0 -9999.0 -9999.0 -9999.0 -9999.0 -9999.0 -9999.0 -9999.0 -9999.0 -9999.0 -9999.0 -9999.0 -9999.0 -9999.0 -9999.0 -9999.0 -9999.0 -9999.0 -9999.0 -9999.0 -9999.0 -9999.0 -9999.0 -9999.0 -9999.0 -9999.0 -9999.0 -9999.0 -9999.0 -9999.0 -9999.0 -9999.0 -9999.0 -9999.0 -9999.0 -9999.0 -9999.0 -9999.0 -9999.0 -9999.0 -9999.0 -9999.0 -9999.0 -9999.0 -9999.0 -9999.0 -9999.0 -9999.0 -9999.0 -9999.0 -9999.0 -9999.0