inst/processing_geotop_simulation/geotop_simulation/out/maps3D/PwL0022N0444.asc
ncols         104
nrows         10
xllcorner     -2.000000
yllcorner     0.000000
cellsize      1.000000
NODATA_value  -9999.0
-9999.0 -9999.0 -9999.0 -9999.0 -9999.0 -9999.0 -9999.0 -9999.0 -9999.0 -9999.0 -9999.0 -9999.0 -9999.0 -9999.0 -9999.0 -9999.0 -9999.0 -9999.0 -9999.0 -9999.0 -9999.0 -9999.0 -9999.0 -9999.0 -9999.0 -9999.0 -9999.0 -9999.0 -9999.0 -9999.0 -9999.0 -9999.0 -9999.0 -9999.0 -9999.0 -9999.0 -9999.0 -9999.0 -9999.0 -9999.0 -9999.0 -9999.0 -9999.0 -9999.0 -9999.0 -9999.0 -9999.0 -9999.0 -9999.0 -9999.0 -9999.0 -9999.0 -9999.0 -9999.0 -9999.0 -9999.0 -9999.0 -9999.0 -9999.0 -9999.0 -9999.0 -9999.0 -9999.0 -9999.0 -9999.0 -9999.0 -9999.0 -9999.0 -9999.0 -9999.0 -9999.0 -9999.0 -9999.0 -9999.0 -9999.0 -9999.0 -9999.0 -9999.0 -9999.0 -9999.0 -9999.0 -9999.0 -9999.0 -9999.0 -9999.0 -9999.0 -9999.0 -9999.0 -9999.0 -9999.0 -9999.0 -9999.0 -9999.0 -9999.0 -9999.0 -9999.0 -9999.0 -9999.0 -9999.0 -9999.0 -9999.0 -9999.0 -9999.0 -9999.0
-9999.0 -9999.0 -9999.0 -9999.0 -9999.0 -9999.0 -9999.0 -9999.0 -9999.0 -9999.0 -9999.0 -9999.0 -9999.0 -9999.0 -9999.0 -9999.0 -9999.0 -9999.0 -9999.0 -9999.0 -9999.0 -9999.0 -9999.0 -9999.0 -9999.0 -9999.0 -9999.0 -9999.0 -9999.0 -9999.0 -9999.0 -9999.0 -9999.0 -9999.0 -9999.0 -9999.0 -9999.0 -9999.0 -9999.0 -9999.0 -9999.0 -9999.0 -9999.0 -9999.0 -9999.0 -9999.0 -9999.0 -9999.0 -9999.0 -9999.0 -9999.0 -9999.0 -9999.0 -9999.0 -9999.0 -9999.0 -9999.0 -9999.0 -9999.0 -9999.0 -9999.0 -9999.0 -9999.0 -9999.0 -9999.0 -9999.0 -9999.0 -9999.0 -9999.0 -9999.0 -9999.0 -9999.0 -9999.0 -9999.0 -9999.0 -9999.0 -9999.0 -9999.0 -9999.0 -9999.0 -9999.0 -9999.0 -9999.0 -9999.0 -9999.0 -9999.0 -9999.0 -9999.0 -9999.0 -9999.0 -9999.0 -9999.0 -9999.0 -9999.0 -9999.0 -9999.0 -9999.0 -9999.0 -9999.0 -9999.0 -9999.0 -9999.0 -9999.0 -9999.0
-9999.0 -9999.0 1067.285761 968.041172 868.778743 769.432752 670.036930 570.618558 471.193637 371.771172 272.356287 172.951986 73.560122 -25.816106 -125.174818 -224.514290 -323.821673 -423.073520 -522.224584 -621.189427 -719.809155 -818.478694 -916.818759 -1014.655296 -1111.738812 -1202.325025 -1286.762249 -1363.172901 -1430.062287 -1486.608631 -1532.792940 -1569.323052 -1597.407113 -1618.481957 -1633.985580 -1645.215420 -1653.280628 -1659.170946 -1664.054400 -1669.990292 -1680.696921 -1702.890784 -1658.887960 -2329.396584 -3376.977116 -3342.648334 -2752.892289 -2445.250546 -2281.247124 -2175.451680 -2097.388370 -2029.628045 -1986.902485 -1958.597258 -1931.854828 -1903.276527 -1871.671710 -1837.233734 -1800.923407 -1763.125448 -1713.314914 -1474.666951 -1658.602180 -1673.901084 -1673.240798 -1672.272186 -1671.971664 -1671.905457 -1671.893517 -1671.892050 -1671.892386 -1671.892962 -1671.893518 -1671.894021 -1671.894481 -1671.894911 -1671.895321 -1671.895720 -1671.896114 -1671.896512 -1671.896921 -1671.897352 -1671.897818 -1671.898339 -1671.898943 -1671.899679 -1671.900622 -1671.901899 -1671.903729 -1671.906509 -1671.910968 -1671.918513 -1671.931918 -1671.956836 -1672.005196 -1672.103436 -1672.313792 -1672.792432 -1673.956345 -1676.999329 -1685.642842 -1712.702240 -9999.0 -9999.0
-9999.0 -9999.0 1067.288033 968.042095 868.779059 769.432858 670.036967 570.618571 471.193642 371.771174 272.356288 172.951986 73.560122 -25.816106 -125.174818 -224.514290 -323.821673 -423.073520 -522.224584 -621.189427 -719.809155 -818.478694 -916.818759 -1014.655296 -1111.738813 -1202.325025 -1286.762249 -1363.172901 -1430.062287 -1486.608631 -1532.792940 -1569.323052 -1597.407113 -1618.481957 -1633.985580 -1645.215419 -1653.280628 -1659.170946 -1664.054400 -1669.990292 -1680.696921 -1702.890784 -1658.887959 -2329.396583 -3376.977116 -3342.648334 -2752.892289 -2445.250545 -2281.247124 -2175.451680 -2097.388369 -2029.628045 -1986.902484 -1958.597258 -1931.854828 -1903.276527 -1871.671710 -1837.233734 -1800.923407 -1763.125448 -1713.314914 -1474.666951 -1658.602180 -1673.901084 -1673.240798 -1672.272186 -1671.971664 -1671.905457 -1671.893517 -1671.892050 -1671.892386 -1671.892962 -1671.893518 -1671.894021 -1671.894481 -1671.894911 -1671.895321 -1671.895720 -1671.896114 -1671.896512 -1671.896921 -1671.897352 -1671.897818 -1671.898339 -1671.898943 -1671.899679 -1671.900622 -1671.901899 -1671.903729 -1671.906509 -1671.910968 -1671.918513 -1671.931918 -1671.956836 -1672.005196 -1672.103436 -1672.313792 -1672.792432 -1673.956345 -1676.999329 -1685.642841 -1712.702240 -9999.0 -9999.0
-9999.0 -9999.0 1067.288984 968.042614 868.779282 769.432944 670.036999 570.618583 471.193647 371.771176 272.356289 172.951987 73.560122 -25.816105 -125.174818 -224.514290 -323.821673 -423.073520 -522.224584 -621.189427 -719.809155 -818.478694 -916.818760 -1014.655296 -1111.738813 -1202.325025 -1286.762249 -1363.172901 -1430.062287 -1486.608631 -1532.792940 -1569.323052 -1597.407113 -1618.481957 -1633.985580 -1645.215420 -1653.280628 -1659.170946 -1664.054400 -1669.990292 -1680.696921 -1702.890784 -1658.887959 -2329.396583 -3376.977115 -3342.648334 -2752.892289 -2445.250545 -2281.247124 -2175.451679 -2097.388368 -2029.628045 -1986.902484 -1958.597258 -1931.854828 -1903.276527 -1871.671710 -1837.233734 -1800.923407 -1763.125448 -1713.314914 -1474.666951 -1658.602180 -1673.901084 -1673.240798 -1672.272186 -1671.971664 -1671.905457 -1671.893517 -1671.892050 -1671.892386 -1671.892962 -1671.893518 -1671.894021 -1671.894481 -1671.894911 -1671.895321 -1671.895720 -1671.896114 -1671.896512 -1671.896921 -1671.897352 -1671.897818 -1671.898339 -1671.898943 -1671.899679 -1671.900622 -1671.901899 -1671.903729 -1671.906509 -1671.910968 -1671.918513 -1671.931918 -1671.956836 -1672.005196 -1672.103436 -1672.313792 -1672.792432 -1673.956345 -1676.999329 -1685.642841 -1712.702240 -9999.0 -9999.0
-9999.0 -9999.0 1067.288983 968.042614 868.779282 769.432944 670.036999 570.618584 471.193647 371.771176 272.356289 172.951987 73.560122 -25.816105 -125.174818 -224.514290 -323.821673 -423.073521 -522.224584 -621.189427 -719.809155 -818.478694 -916.818760 -1014.655296 -1111.738813 -1202.325025 -1286.762249 -1363.172901 -1430.062287 -1486.608631 -1532.792940 -1569.323052 -1597.407113 -1618.481957 -1633.985580 -1645.215420 -1653.280628 -1659.170946 -1664.054400 -1669.990292 -1680.696921 -1702.890784 -1658.887959 -2329.396583 -3376.977115 -3342.648334 -2752.892289 -2445.250545 -2281.247124 -2175.451679 -2097.388368 -2029.628045 -1986.902484 -1958.597258 -1931.854828 -1903.276527 -1871.671710 -1837.233734 -1800.923407 -1763.125448 -1713.314914 -1474.666951 -1658.602180 -1673.901084 -1673.240798 -1672.272186 -1671.971664 -1671.905457 -1671.893517 -1671.892050 -1671.892386 -1671.892962 -1671.893518 -1671.894021 -1671.894481 -1671.894911 -1671.895321 -1671.895720 -1671.896114 -1671.896512 -1671.896921 -1671.897352 -1671.897818 -1671.898339 -1671.898943 -1671.899679 -1671.900622 -1671.901899 -1671.903729 -1671.906509 -1671.910968 -1671.918513 -1671.931918 -1671.956836 -1672.005196 -1672.103436 -1672.313792 -1672.792432 -1673.956345 -1676.999329 -1685.642841 -1712.702240 -9999.0 -9999.0
-9999.0 -9999.0 1067.288033 968.042095 868.779059 769.432858 670.036967 570.618571 471.193642 371.771174 272.356288 172.951987 73.560122 -25.816105 -125.174818 -224.514290 -323.821673 -423.073520 -522.224584 -621.189427 -719.809155 -818.478694 -916.818759 -1014.655296 -1111.738813 -1202.325025 -1286.762249 -1363.172901 -1430.062287 -1486.608631 -1532.792940 -1569.323052 -1597.407113 -1618.481957 -1633.985580 -1645.215419 -1653.280628 -1659.170946 -1664.054400 -1669.990292 -1680.696921 -1702.890784 -1658.887959 -2329.396583 -3376.977116 -3342.648334 -2752.892289 -2445.250545 -2281.247124 -2175.451679 -2097.388369 -2029.628045 -1986.902484 -1958.597258 -1931.854828 -1903.276527 -1871.671710 -1837.233734 -1800.923407 -1763.125448 -1713.314914 -1474.666951 -1658.602180 -1673.901084 -1673.240798 -1672.272186 -1671.971664 -1671.905457 -1671.893517 -1671.892050 -1671.892386 -1671.892962 -1671.893518 -1671.894021 -1671.894481 -1671.894911 -1671.895321 -1671.895720 -1671.896114 -1671.896512 -1671.896921 -1671.897352 -1671.897818 -1671.898339 -1671.898943 -1671.899679 -1671.900622 -1671.901899 -1671.903729 -1671.906509 -1671.910968 -1671.918513 -1671.931918 -1671.956836 -1672.005196 -1672.103436 -1672.313792 -1672.792432 -1673.956345 -1676.999329 -1685.642841 -1712.702240 -9999.0 -9999.0
-9999.0 -9999.0 1067.285761 968.041172 868.778743 769.432752 670.036930 570.618558 471.193637 371.771172 272.356287 172.951986 73.560122 -25.816106 -125.174818 -224.514290 -323.821673 -423.073520 -522.224584 -621.189427 -719.809155 -818.478694 -916.818759 -1014.655296 -1111.738812 -1202.325025 -1286.762249 -1363.172901 -1430.062287 -1486.608631 -1532.792940 -1569.323052 -1597.407113 -1618.481957 -1633.985580 -1645.215420 -1653.280628 -1659.170946 -1664.054400 -1669.990292 -1680.696921 -1702.890784 -1658.887960 -2329.396584 -3376.977116 -3342.648334 -2752.892289 -2445.250546 -2281.247124 -2175.451680 -2097.388370 -2029.628045 -1986.902485 -1958.597258 -1931.854828 -1903.276527 -1871.671710 -1837.233734 -1800.923407 -1763.125448 -1713.314914 -1474.666951 -1658.602181 -1673.901084 -1673.240798 -1672.272186 -1671.971664 -1671.905457 -1671.893517 -1671.892050 -1671.892386 -1671.892962 -1671.893518 -1671.894021 -1671.894481 -1671.894911 -1671.895321 -1671.895720 -1671.896114 -1671.896512 -1671.896921 -1671.897352 -1671.897818 -1671.898339 -1671.898943 -1671.899679 -1671.900622 -1671.901899 -1671.903729 -1671.906509 -1671.910968 -1671.918513 -1671.931918 -1671.956836 -1672.005196 -1672.103436 -1672.313792 -1672.792432 -1673.956345 -1676.999329 -1685.642842 -1712.702240 -9999.0 -9999.0
-9999.0 -9999.0 -9999.0 -9999.0 -9999.0 -9999.0 -9999.0 -9999.0 -9999.0 -9999.0 -9999.0 -9999.0 -9999.0 -9999.0 -9999.0 -9999.0 -9999.0 -9999.0 -9999.0 -9999.0 -9999.0 -9999.0 -9999.0 -9999.0 -9999.0 -9999.0 -9999.0 -9999.0 -9999.0 -9999.0 -9999.0 -9999.0 -9999.0 -9999.0 -9999.0 -9999.0 -9999.0 -9999.0 -9999.0 -9999.0 -9999.0 -9999.0 -9999.0 -9999.0 -9999.0 -9999.0 -9999.0 -9999.0 -9999.0 -9999.0 -9999.0 -9999.0 -9999.0 -9999.0 -9999.0 -9999.0 -9999.0 -9999.0 -9999.0 -9999.0 -9999.0 -9999.0 -9999.0 -9999.0 -9999.0 -9999.0 -9999.0 -9999.0 -9999.0 -9999.0 -9999.0 -9999.0 -9999.0 -9999.0 -9999.0 -9999.0 -9999.0 -9999.0 -9999.0 -9999.0 -9999.0 -9999.0 -9999.0 -9999.0 -9999.0 -9999.0 -9999.0 -9999.0 -9999.0 -9999.0 -9999.0 -9999.0 -9999.0 -9999.0 -9999.0 -9999.0 -9999.0 -9999.0 -9999.0 -9999.0 -9999.0 -9999.0 -9999.0 -9999.0
-9999.0 -9999.0 -9999.0 -9999.0 -9999.0 -9999.0 -9999.0 -9999.0 -9999.0 -9999.0 -9999.0 -9999.0 -9999.0 -9999.0 -9999.0 -9999.0 -9999.0 -9999.0 -9999.0 -9999.0 -9999.0 -9999.0 -9999.0 -9999.0 -9999.0 -9999.0 -9999.0 -9999.0 -9999.0 -9999.0 -9999.0 -9999.0 -9999.0 -9999.0 -9999.0 -9999.0 -9999.0 -9999.0 -9999.0 -9999.0 -9999.0 -9999.0 -9999.0 -9999.0 -9999.0 -9999.0 -9999.0 -9999.0 -9999.0 -9999.0 -9999.0 -9999.0 -9999.0 -9999.0 -9999.0 -9999.0 -9999.0 -9999.0 -9999.0 -9999.0 -9999.0 -9999.0 -9999.0 -9999.0 -9999.0 -9999.0 -9999.0 -9999.0 -9999.0 -9999.0 -9999.0 -9999.0 -9999.0 -9999.0 -9999.0 -9999.0 -9999.0 -9999.0 -9999.0 -9999.0 -9999.0 -9999.0 -9999.0 -9999.0 -9999.0 -9999.0 -9999.0 -9999.0 -9999.0 -9999.0 -9999.0 -9999.0 -9999.0 -9999.0 -9999.0 -9999.0 -9999.0 -9999.0 -9999.0 -9999.0 -9999.0 -9999.0 -9999.0 -9999.0