inst/processing_geotop_simulation/geotop_simulation/out/maps3D/PwL0014N0294.asc
ncols         104
nrows         10
xllcorner     -2.000000
yllcorner     0.000000
cellsize      1.000000
NODATA_value  -9999.0
-9999.0 -9999.0 -9999.0 -9999.0 -9999.0 -9999.0 -9999.0 -9999.0 -9999.0 -9999.0 -9999.0 -9999.0 -9999.0 -9999.0 -9999.0 -9999.0 -9999.0 -9999.0 -9999.0 -9999.0 -9999.0 -9999.0 -9999.0 -9999.0 -9999.0 -9999.0 -9999.0 -9999.0 -9999.0 -9999.0 -9999.0 -9999.0 -9999.0 -9999.0 -9999.0 -9999.0 -9999.0 -9999.0 -9999.0 -9999.0 -9999.0 -9999.0 -9999.0 -9999.0 -9999.0 -9999.0 -9999.0 -9999.0 -9999.0 -9999.0 -9999.0 -9999.0 -9999.0 -9999.0 -9999.0 -9999.0 -9999.0 -9999.0 -9999.0 -9999.0 -9999.0 -9999.0 -9999.0 -9999.0 -9999.0 -9999.0 -9999.0 -9999.0 -9999.0 -9999.0 -9999.0 -9999.0 -9999.0 -9999.0 -9999.0 -9999.0 -9999.0 -9999.0 -9999.0 -9999.0 -9999.0 -9999.0 -9999.0 -9999.0 -9999.0 -9999.0 -9999.0 -9999.0 -9999.0 -9999.0 -9999.0 -9999.0 -9999.0 -9999.0 -9999.0 -9999.0 -9999.0 -9999.0 -9999.0 -9999.0 -9999.0 -9999.0 -9999.0 -9999.0
-9999.0 -9999.0 -9999.0 -9999.0 -9999.0 -9999.0 -9999.0 -9999.0 -9999.0 -9999.0 -9999.0 -9999.0 -9999.0 -9999.0 -9999.0 -9999.0 -9999.0 -9999.0 -9999.0 -9999.0 -9999.0 -9999.0 -9999.0 -9999.0 -9999.0 -9999.0 -9999.0 -9999.0 -9999.0 -9999.0 -9999.0 -9999.0 -9999.0 -9999.0 -9999.0 -9999.0 -9999.0 -9999.0 -9999.0 -9999.0 -9999.0 -9999.0 -9999.0 -9999.0 -9999.0 -9999.0 -9999.0 -9999.0 -9999.0 -9999.0 -9999.0 -9999.0 -9999.0 -9999.0 -9999.0 -9999.0 -9999.0 -9999.0 -9999.0 -9999.0 -9999.0 -9999.0 -9999.0 -9999.0 -9999.0 -9999.0 -9999.0 -9999.0 -9999.0 -9999.0 -9999.0 -9999.0 -9999.0 -9999.0 -9999.0 -9999.0 -9999.0 -9999.0 -9999.0 -9999.0 -9999.0 -9999.0 -9999.0 -9999.0 -9999.0 -9999.0 -9999.0 -9999.0 -9999.0 -9999.0 -9999.0 -9999.0 -9999.0 -9999.0 -9999.0 -9999.0 -9999.0 -9999.0 -9999.0 -9999.0 -9999.0 -9999.0 -9999.0 -9999.0
-9999.0 -9999.0 673.229537 575.459201 477.205030 378.626350 279.896457 181.101823 82.285622 -16.526726 -115.320084 -214.086522 -312.796404 -411.389121 -509.755057 -607.736683 -705.055553 -802.649229 -899.904889 -996.738410 -1092.980320 -1183.416745 -1267.475687 -1342.566789 -1406.814456 -1459.489047 -1501.009231 -1532.627909 -1556.014155 -1572.899734 -1584.856021 -1593.191477 -1598.932482 -1602.850068 -1605.505623 -1607.300920 -1608.530759 -1609.468964 -1610.644106 -1613.801006 -1624.093894 -1653.071674 -1915.279412 -4213.329071 -4251.481608 -4209.819551 -4175.676563 -4170.337988 -4169.787662 -4169.845588 -4169.989614 -4170.143646 -4170.291305 -4170.427772 -4170.553804 -4170.696153 -4171.119404 -4174.093238 -4193.326256 -4225.769365 -4142.851698 -1718.198482 -1615.686214 -1616.226541 -1612.515253 -1611.343448 -1611.105711 -1611.065365 -1611.059400 -1611.059058 -1611.059557 -1611.060087 -1611.060521 -1611.060859 -1611.061123 -1611.061333 -1611.061502 -1611.061642 -1611.061763 -1611.061874 -1611.061983 -1611.062104 -1611.062253 -1611.062455 -1611.062745 -1611.063184 -1611.063865 -1611.064948 -1611.066707 -1611.069625 -1611.074589 -1611.083278 -1611.098959 -1611.128139 -1611.184063 -1611.294541 -1611.521002 -1612.008868 -1613.129251 -1615.907835 -1623.529384 -1647.791433 -9999.0 -9999.0
-9999.0 -9999.0 673.234075 575.460668 477.205468 378.626486 279.896502 181.101838 82.285628 -16.526724 -115.320083 -214.086522 -312.796403 -411.389121 -509.755058 -607.736683 -705.055553 -802.649229 -899.904890 -996.738410 -1092.980320 -1183.416745 -1267.475687 -1342.566790 -1406.814456 -1459.489047 -1501.009231 -1532.627909 -1556.014155 -1572.899734 -1584.856022 -1593.191477 -1598.932482 -1602.850068 -1605.505623 -1607.300920 -1608.530759 -1609.468965 -1610.644106 -1613.801006 -1624.093894 -1653.071674 -1915.279412 -4213.329071 -4251.481607 -4209.819549 -4175.676563 -4170.337988 -4169.787662 -4169.845588 -4169.989614 -4170.143646 -4170.291305 -4170.427772 -4170.553804 -4170.696153 -4171.119404 -4174.093238 -4193.326256 -4225.769365 -4142.851698 -1718.198482 -1615.686214 -1616.226541 -1612.515253 -1611.343448 -1611.105711 -1611.065365 -1611.059400 -1611.059058 -1611.059557 -1611.060087 -1611.060521 -1611.060859 -1611.061123 -1611.061333 -1611.061502 -1611.061642 -1611.061763 -1611.061874 -1611.061983 -1611.062104 -1611.062253 -1611.062455 -1611.062745 -1611.063184 -1611.063865 -1611.064948 -1611.066707 -1611.069625 -1611.074589 -1611.083278 -1611.098959 -1611.128139 -1611.184063 -1611.294541 -1611.521002 -1612.008868 -1613.129251 -1615.907835 -1623.529384 -1647.791433 -9999.0 -9999.0
-9999.0 -9999.0 673.235434 575.461380 477.205759 378.626595 279.896541 181.101852 82.285633 -16.526722 -115.320083 -214.086522 -312.796403 -411.389121 -509.755058 -607.736683 -705.055553 -802.649229 -899.904890 -996.738410 -1092.980320 -1183.416745 -1267.475687 -1342.566790 -1406.814456 -1459.489047 -1501.009231 -1532.627909 -1556.014156 -1572.899734 -1584.856022 -1593.191477 -1598.932482 -1602.850068 -1605.505623 -1607.300920 -1608.530759 -1609.468965 -1610.644106 -1613.801006 -1624.093894 -1653.071674 -1915.279411 -4213.329071 -4251.481607 -4209.819548 -4175.676563 -4170.337988 -4169.787662 -4169.845588 -4169.989614 -4170.143646 -4170.291305 -4170.427772 -4170.553804 -4170.696153 -4171.119404 -4174.093238 -4193.326256 -4225.769365 -4142.851698 -1718.198482 -1615.686214 -1616.226541 -1612.515253 -1611.343448 -1611.105711 -1611.065365 -1611.059400 -1611.059058 -1611.059557 -1611.060087 -1611.060521 -1611.060859 -1611.061123 -1611.061333 -1611.061502 -1611.061642 -1611.061763 -1611.061874 -1611.061983 -1611.062104 -1611.062253 -1611.062455 -1611.062745 -1611.063184 -1611.063865 -1611.064948 -1611.066707 -1611.069625 -1611.074589 -1611.083278 -1611.098959 -1611.128139 -1611.184063 -1611.294541 -1611.521002 -1612.008868 -1613.129251 -1615.907835 -1623.529384 -1647.791433 -9999.0 -9999.0
-9999.0 -9999.0 673.235434 575.461380 477.205759 378.626595 279.896541 181.101852 82.285633 -16.526722 -115.320083 -214.086522 -312.796403 -411.389121 -509.755058 -607.736683 -705.055553 -802.649229 -899.904890 -996.738410 -1092.980320 -1183.416745 -1267.475687 -1342.566790 -1406.814456 -1459.489047 -1501.009231 -1532.627909 -1556.014156 -1572.899734 -1584.856022 -1593.191477 -1598.932482 -1602.850068 -1605.505623 -1607.300920 -1608.530759 -1609.468965 -1610.644106 -1613.801006 -1624.093894 -1653.071674 -1915.279412 -4213.329071 -4251.481607 -4209.819548 -4175.676563 -4170.337988 -4169.787662 -4169.845588 -4169.989614 -4170.143646 -4170.291305 -4170.427772 -4170.553804 -4170.696153 -4171.119404 -4174.093238 -4193.326256 -4225.769365 -4142.851698 -1718.198482 -1615.686214 -1616.226541 -1612.515253 -1611.343448 -1611.105711 -1611.065365 -1611.059400 -1611.059058 -1611.059557 -1611.060087 -1611.060521 -1611.060859 -1611.061123 -1611.061333 -1611.061502 -1611.061642 -1611.061763 -1611.061874 -1611.061983 -1611.062104 -1611.062253 -1611.062455 -1611.062745 -1611.063184 -1611.063865 -1611.064948 -1611.066707 -1611.069625 -1611.074589 -1611.083278 -1611.098959 -1611.128139 -1611.184063 -1611.294541 -1611.521002 -1612.008868 -1613.129251 -1615.907835 -1623.529384 -1647.791433 -9999.0 -9999.0
-9999.0 -9999.0 673.234075 575.460668 477.205468 378.626486 279.896502 181.101838 82.285628 -16.526723 -115.320083 -214.086522 -312.796404 -411.389121 -509.755058 -607.736683 -705.055553 -802.649229 -899.904890 -996.738410 -1092.980320 -1183.416745 -1267.475687 -1342.566790 -1406.814456 -1459.489047 -1501.009231 -1532.627909 -1556.014155 -1572.899734 -1584.856022 -1593.191477 -1598.932482 -1602.850068 -1605.505623 -1607.300920 -1608.530759 -1609.468965 -1610.644106 -1613.801006 -1624.093894 -1653.071674 -1915.279412 -4213.329071 -4251.481607 -4209.819549 -4175.676563 -4170.337988 -4169.787662 -4169.845588 -4169.989614 -4170.143646 -4170.291305 -4170.427772 -4170.553804 -4170.696153 -4171.119404 -4174.093238 -4193.326256 -4225.769365 -4142.851698 -1718.198482 -1615.686214 -1616.226541 -1612.515253 -1611.343448 -1611.105711 -1611.065365 -1611.059400 -1611.059058 -1611.059557 -1611.060087 -1611.060521 -1611.060859 -1611.061123 -1611.061333 -1611.061502 -1611.061642 -1611.061763 -1611.061874 -1611.061983 -1611.062104 -1611.062253 -1611.062455 -1611.062745 -1611.063184 -1611.063865 -1611.064948 -1611.066707 -1611.069625 -1611.074589 -1611.083278 -1611.098959 -1611.128139 -1611.184063 -1611.294541 -1611.521002 -1612.008868 -1613.129251 -1615.907835 -1623.529384 -1647.791433 -9999.0 -9999.0
-9999.0 -9999.0 673.229537 575.459201 477.205030 378.626350 279.896457 181.101823 82.285622 -16.526726 -115.320084 -214.086522 -312.796404 -411.389121 -509.755057 -607.736683 -705.055553 -802.649229 -899.904889 -996.738410 -1092.980320 -1183.416745 -1267.475687 -1342.566789 -1406.814456 -1459.489047 -1501.009231 -1532.627909 -1556.014155 -1572.899734 -1584.856021 -1593.191477 -1598.932482 -1602.850068 -1605.505623 -1607.300920 -1608.530759 -1609.468964 -1610.644106 -1613.801006 -1624.093894 -1653.071674 -1915.279412 -4213.329071 -4251.481608 -4209.819551 -4175.676563 -4170.337988 -4169.787662 -4169.845588 -4169.989614 -4170.143646 -4170.291305 -4170.427772 -4170.553804 -4170.696153 -4171.119404 -4174.093238 -4193.326256 -4225.769365 -4142.851698 -1718.198482 -1615.686214 -1616.226541 -1612.515253 -1611.343448 -1611.105711 -1611.065365 -1611.059400 -1611.059058 -1611.059557 -1611.060087 -1611.060521 -1611.060859 -1611.061123 -1611.061333 -1611.061502 -1611.061642 -1611.061763 -1611.061874 -1611.061983 -1611.062104 -1611.062253 -1611.062455 -1611.062745 -1611.063184 -1611.063865 -1611.064948 -1611.066707 -1611.069625 -1611.074589 -1611.083278 -1611.098959 -1611.128139 -1611.184063 -1611.294541 -1611.521002 -1612.008868 -1613.129251 -1615.907835 -1623.529384 -1647.791433 -9999.0 -9999.0
-9999.0 -9999.0 -9999.0 -9999.0 -9999.0 -9999.0 -9999.0 -9999.0 -9999.0 -9999.0 -9999.0 -9999.0 -9999.0 -9999.0 -9999.0 -9999.0 -9999.0 -9999.0 -9999.0 -9999.0 -9999.0 -9999.0 -9999.0 -9999.0 -9999.0 -9999.0 -9999.0 -9999.0 -9999.0 -9999.0 -9999.0 -9999.0 -9999.0 -9999.0 -9999.0 -9999.0 -9999.0 -9999.0 -9999.0 -9999.0 -9999.0 -9999.0 -9999.0 -9999.0 -9999.0 -9999.0 -9999.0 -9999.0 -9999.0 -9999.0 -9999.0 -9999.0 -9999.0 -9999.0 -9999.0 -9999.0 -9999.0 -9999.0 -9999.0 -9999.0 -9999.0 -9999.0 -9999.0 -9999.0 -9999.0 -9999.0 -9999.0 -9999.0 -9999.0 -9999.0 -9999.0 -9999.0 -9999.0 -9999.0 -9999.0 -9999.0 -9999.0 -9999.0 -9999.0 -9999.0 -9999.0 -9999.0 -9999.0 -9999.0 -9999.0 -9999.0 -9999.0 -9999.0 -9999.0 -9999.0 -9999.0 -9999.0 -9999.0 -9999.0 -9999.0 -9999.0 -9999.0 -9999.0 -9999.0 -9999.0 -9999.0 -9999.0 -9999.0 -9999.0
-9999.0 -9999.0 -9999.0 -9999.0 -9999.0 -9999.0 -9999.0 -9999.0 -9999.0 -9999.0 -9999.0 -9999.0 -9999.0 -9999.0 -9999.0 -9999.0 -9999.0 -9999.0 -9999.0 -9999.0 -9999.0 -9999.0 -9999.0 -9999.0 -9999.0 -9999.0 -9999.0 -9999.0 -9999.0 -9999.0 -9999.0 -9999.0 -9999.0 -9999.0 -9999.0 -9999.0 -9999.0 -9999.0 -9999.0 -9999.0 -9999.0 -9999.0 -9999.0 -9999.0 -9999.0 -9999.0 -9999.0 -9999.0 -9999.0 -9999.0 -9999.0 -9999.0 -9999.0 -9999.0 -9999.0 -9999.0 -9999.0 -9999.0 -9999.0 -9999.0 -9999.0 -9999.0 -9999.0 -9999.0 -9999.0 -9999.0 -9999.0 -9999.0 -9999.0 -9999.0 -9999.0 -9999.0 -9999.0 -9999.0 -9999.0 -9999.0 -9999.0 -9999.0 -9999.0 -9999.0 -9999.0 -9999.0 -9999.0 -9999.0 -9999.0 -9999.0 -9999.0 -9999.0 -9999.0 -9999.0 -9999.0 -9999.0 -9999.0 -9999.0 -9999.0 -9999.0 -9999.0 -9999.0 -9999.0 -9999.0 -9999.0 -9999.0 -9999.0 -9999.0