inst/processing_geotop_simulation/geotop_simulation/out/maps3D/PwL0005N0287.asc
ncols         104
nrows         10
xllcorner     -2.000000
yllcorner     0.000000
cellsize      1.000000
NODATA_value  -9999.0
-9999.0 -9999.0 -9999.0 -9999.0 -9999.0 -9999.0 -9999.0 -9999.0 -9999.0 -9999.0 -9999.0 -9999.0 -9999.0 -9999.0 -9999.0 -9999.0 -9999.0 -9999.0 -9999.0 -9999.0 -9999.0 -9999.0 -9999.0 -9999.0 -9999.0 -9999.0 -9999.0 -9999.0 -9999.0 -9999.0 -9999.0 -9999.0 -9999.0 -9999.0 -9999.0 -9999.0 -9999.0 -9999.0 -9999.0 -9999.0 -9999.0 -9999.0 -9999.0 -9999.0 -9999.0 -9999.0 -9999.0 -9999.0 -9999.0 -9999.0 -9999.0 -9999.0 -9999.0 -9999.0 -9999.0 -9999.0 -9999.0 -9999.0 -9999.0 -9999.0 -9999.0 -9999.0 -9999.0 -9999.0 -9999.0 -9999.0 -9999.0 -9999.0 -9999.0 -9999.0 -9999.0 -9999.0 -9999.0 -9999.0 -9999.0 -9999.0 -9999.0 -9999.0 -9999.0 -9999.0 -9999.0 -9999.0 -9999.0 -9999.0 -9999.0 -9999.0 -9999.0 -9999.0 -9999.0 -9999.0 -9999.0 -9999.0 -9999.0 -9999.0 -9999.0 -9999.0 -9999.0 -9999.0 -9999.0 -9999.0 -9999.0 -9999.0 -9999.0 -9999.0
-9999.0 -9999.0 -9999.0 -9999.0 -9999.0 -9999.0 -9999.0 -9999.0 -9999.0 -9999.0 -9999.0 -9999.0 -9999.0 -9999.0 -9999.0 -9999.0 -9999.0 -9999.0 -9999.0 -9999.0 -9999.0 -9999.0 -9999.0 -9999.0 -9999.0 -9999.0 -9999.0 -9999.0 -9999.0 -9999.0 -9999.0 -9999.0 -9999.0 -9999.0 -9999.0 -9999.0 -9999.0 -9999.0 -9999.0 -9999.0 -9999.0 -9999.0 -9999.0 -9999.0 -9999.0 -9999.0 -9999.0 -9999.0 -9999.0 -9999.0 -9999.0 -9999.0 -9999.0 -9999.0 -9999.0 -9999.0 -9999.0 -9999.0 -9999.0 -9999.0 -9999.0 -9999.0 -9999.0 -9999.0 -9999.0 -9999.0 -9999.0 -9999.0 -9999.0 -9999.0 -9999.0 -9999.0 -9999.0 -9999.0 -9999.0 -9999.0 -9999.0 -9999.0 -9999.0 -9999.0 -9999.0 -9999.0 -9999.0 -9999.0 -9999.0 -9999.0 -9999.0 -9999.0 -9999.0 -9999.0 -9999.0 -9999.0 -9999.0 -9999.0 -9999.0 -9999.0 -9999.0 -9999.0 -9999.0 -9999.0 -9999.0 -9999.0 -9999.0 -9999.0
-9999.0 -9999.0 226.180551 129.878715 31.935362 -66.513570 -165.158595 -263.879724 -362.610356 -461.304380 -559.894182 -658.208904 -756.148020 -853.812128 -951.261151 -1048.751318 -1145.692764 -1241.062173 -1334.401856 -1424.562354 -1509.053128 -1584.238906 -1647.165568 -1696.918669 -1734.503266 -1761.960048 -1781.546960 -1795.280143 -1804.779164 -1811.274331 -1815.671345 -1818.622608 -1820.589635 -1821.893612 -1822.755166 -1823.326197 -1823.719873 -1824.065672 -1824.721475 -1827.018333 -1833.078167 -1809.247165 -1145.480498 -1160.277165 -1145.056118 -1135.204006 -1130.596733 -1129.915340 -1129.843328 -1129.850742 -1129.869659 -1129.889984 -1129.909516 -1129.927602 -1129.944385 -1129.963870 -1130.024070 -1130.428706 -1132.870106 -1138.320646 -1145.875909 -1120.422420 -1784.044776 -1826.963196 -1825.652602 -1824.732415 -1824.540159 -1824.508068 -1824.503485 -1824.503402 -1824.503977 -1824.504541 -1824.504994 -1824.505342 -1824.505610 -1824.505818 -1824.505984 -1824.506118 -1824.506231 -1824.506333 -1824.506433 -1824.506545 -1824.506685 -1824.506881 -1824.507169 -1824.507612 -1824.508310 -1824.509427 -1824.511248 -1824.514272 -1824.519412 -1824.528387 -1824.544529 -1824.574437 -1824.631414 -1824.742895 -1824.967837 -1825.441556 -1826.501509 -1829.074751 -1836.095096 -1858.997935 -9999.0 -9999.0
-9999.0 -9999.0 226.189579 129.880678 31.935868 -66.513422 -165.158548 -263.879708 -362.610350 -461.304378 -559.894181 -658.208904 -756.148020 -853.812128 -951.261151 -1048.751318 -1145.692764 -1241.062173 -1334.401856 -1424.562354 -1509.053128 -1584.238906 -1647.165569 -1696.918669 -1734.503266 -1761.960048 -1781.546961 -1795.280143 -1804.779164 -1811.274331 -1815.671345 -1818.622608 -1820.589635 -1821.893612 -1822.755166 -1823.326197 -1823.719873 -1824.065672 -1824.721475 -1827.018333 -1833.078167 -1809.247165 -1145.480498 -1160.277165 -1145.056118 -1135.204006 -1130.596733 -1129.915340 -1129.843328 -1129.850742 -1129.869659 -1129.889984 -1129.909516 -1129.927602 -1129.944385 -1129.963870 -1130.024070 -1130.428706 -1132.870106 -1138.320646 -1145.875909 -1120.422420 -1784.044776 -1826.963196 -1825.652602 -1824.732415 -1824.540159 -1824.508068 -1824.503485 -1824.503402 -1824.503977 -1824.504541 -1824.504994 -1824.505342 -1824.505610 -1824.505818 -1824.505984 -1824.506118 -1824.506231 -1824.506333 -1824.506433 -1824.506545 -1824.506685 -1824.506881 -1824.507169 -1824.507612 -1824.508310 -1824.509427 -1824.511248 -1824.514272 -1824.519412 -1824.528387 -1824.544529 -1824.574437 -1824.631414 -1824.742895 -1824.967837 -1825.441556 -1826.501509 -1829.074751 -1836.095096 -1858.997935 -9999.0 -9999.0
-9999.0 -9999.0 226.190997 129.881487 31.936189 -66.513306 -165.158507 -263.879694 -362.610345 -461.304376 -559.894180 -658.208903 -756.148020 -853.812127 -951.261151 -1048.751318 -1145.692764 -1241.062173 -1334.401856 -1424.562354 -1509.053128 -1584.238906 -1647.165569 -1696.918669 -1734.503266 -1761.960048 -1781.546961 -1795.280143 -1804.779164 -1811.274331 -1815.671345 -1818.622608 -1820.589635 -1821.893612 -1822.755166 -1823.326197 -1823.719873 -1824.065672 -1824.721475 -1827.018333 -1833.078167 -1809.247165 -1145.480498 -1160.277165 -1145.056118 -1135.204006 -1130.596733 -1129.915340 -1129.843328 -1129.850742 -1129.869659 -1129.889984 -1129.909516 -1129.927602 -1129.944385 -1129.963870 -1130.024070 -1130.428706 -1132.870106 -1138.320646 -1145.875909 -1120.422420 -1784.044776 -1826.963196 -1825.652602 -1824.732415 -1824.540159 -1824.508068 -1824.503485 -1824.503402 -1824.503977 -1824.504541 -1824.504994 -1824.505342 -1824.505610 -1824.505818 -1824.505984 -1824.506118 -1824.506231 -1824.506333 -1824.506433 -1824.506545 -1824.506685 -1824.506881 -1824.507169 -1824.507612 -1824.508310 -1824.509427 -1824.511248 -1824.514272 -1824.519412 -1824.528387 -1824.544529 -1824.574437 -1824.631414 -1824.742895 -1824.967837 -1825.441556 -1826.501509 -1829.074751 -1836.095096 -1858.997935 -9999.0 -9999.0
-9999.0 -9999.0 226.190997 129.881487 31.936189 -66.513306 -165.158507 -263.879694 -362.610345 -461.304376 -559.894180 -658.208903 -756.148019 -853.812127 -951.261151 -1048.751319 -1145.692764 -1241.062173 -1334.401856 -1424.562354 -1509.053128 -1584.238906 -1647.165569 -1696.918669 -1734.503266 -1761.960048 -1781.546961 -1795.280143 -1804.779164 -1811.274331 -1815.671345 -1818.622608 -1820.589635 -1821.893612 -1822.755166 -1823.326197 -1823.719873 -1824.065672 -1824.721475 -1827.018333 -1833.078167 -1809.247165 -1145.480498 -1160.277165 -1145.056118 -1135.204006 -1130.596733 -1129.915340 -1129.843328 -1129.850742 -1129.869659 -1129.889984 -1129.909516 -1129.927602 -1129.944385 -1129.963870 -1130.024070 -1130.428706 -1132.870106 -1138.320646 -1145.875909 -1120.422420 -1784.044776 -1826.963196 -1825.652602 -1824.732415 -1824.540159 -1824.508068 -1824.503485 -1824.503402 -1824.503977 -1824.504541 -1824.504994 -1824.505342 -1824.505610 -1824.505818 -1824.505984 -1824.506118 -1824.506231 -1824.506333 -1824.506433 -1824.506545 -1824.506685 -1824.506881 -1824.507169 -1824.507612 -1824.508310 -1824.509427 -1824.511248 -1824.514272 -1824.519412 -1824.528387 -1824.544529 -1824.574437 -1824.631414 -1824.742895 -1824.967837 -1825.441556 -1826.501509 -1829.074751 -1836.095096 -1858.997935 -9999.0 -9999.0
-9999.0 -9999.0 226.189579 129.880678 31.935868 -66.513422 -165.158548 -263.879708 -362.610350 -461.304378 -559.894181 -658.208904 -756.148020 -853.812128 -951.261151 -1048.751318 -1145.692764 -1241.062173 -1334.401856 -1424.562354 -1509.053128 -1584.238906 -1647.165569 -1696.918669 -1734.503266 -1761.960048 -1781.546961 -1795.280143 -1804.779164 -1811.274331 -1815.671345 -1818.622608 -1820.589635 -1821.893612 -1822.755166 -1823.326197 -1823.719873 -1824.065672 -1824.721475 -1827.018333 -1833.078167 -1809.247165 -1145.480498 -1160.277165 -1145.056118 -1135.204006 -1130.596733 -1129.915340 -1129.843328 -1129.850742 -1129.869659 -1129.889984 -1129.909516 -1129.927602 -1129.944385 -1129.963870 -1130.024070 -1130.428706 -1132.870106 -1138.320646 -1145.875909 -1120.422420 -1784.044776 -1826.963196 -1825.652602 -1824.732415 -1824.540159 -1824.508068 -1824.503485 -1824.503402 -1824.503977 -1824.504541 -1824.504994 -1824.505342 -1824.505610 -1824.505818 -1824.505984 -1824.506118 -1824.506231 -1824.506333 -1824.506433 -1824.506545 -1824.506685 -1824.506881 -1824.507169 -1824.507612 -1824.508310 -1824.509427 -1824.511248 -1824.514272 -1824.519412 -1824.528387 -1824.544529 -1824.574437 -1824.631414 -1824.742895 -1824.967837 -1825.441556 -1826.501509 -1829.074751 -1836.095096 -1858.997935 -9999.0 -9999.0
-9999.0 -9999.0 226.180551 129.878715 31.935362 -66.513570 -165.158595 -263.879724 -362.610356 -461.304380 -559.894182 -658.208904 -756.148020 -853.812128 -951.261151 -1048.751318 -1145.692764 -1241.062173 -1334.401856 -1424.562354 -1509.053128 -1584.238906 -1647.165568 -1696.918669 -1734.503266 -1761.960048 -1781.546960 -1795.280143 -1804.779164 -1811.274331 -1815.671345 -1818.622608 -1820.589635 -1821.893612 -1822.755166 -1823.326197 -1823.719873 -1824.065672 -1824.721475 -1827.018333 -1833.078167 -1809.247165 -1145.480498 -1160.277165 -1145.056118 -1135.204006 -1130.596733 -1129.915340 -1129.843328 -1129.850742 -1129.869659 -1129.889984 -1129.909516 -1129.927602 -1129.944385 -1129.963870 -1130.024070 -1130.428706 -1132.870106 -1138.320646 -1145.875909 -1120.422420 -1784.044776 -1826.963196 -1825.652602 -1824.732415 -1824.540159 -1824.508068 -1824.503485 -1824.503402 -1824.503977 -1824.504541 -1824.504994 -1824.505342 -1824.505610 -1824.505818 -1824.505984 -1824.506118 -1824.506231 -1824.506333 -1824.506433 -1824.506545 -1824.506685 -1824.506881 -1824.507169 -1824.507612 -1824.508310 -1824.509427 -1824.511248 -1824.514272 -1824.519412 -1824.528387 -1824.544529 -1824.574437 -1824.631414 -1824.742895 -1824.967837 -1825.441556 -1826.501509 -1829.074751 -1836.095096 -1858.997935 -9999.0 -9999.0
-9999.0 -9999.0 -9999.0 -9999.0 -9999.0 -9999.0 -9999.0 -9999.0 -9999.0 -9999.0 -9999.0 -9999.0 -9999.0 -9999.0 -9999.0 -9999.0 -9999.0 -9999.0 -9999.0 -9999.0 -9999.0 -9999.0 -9999.0 -9999.0 -9999.0 -9999.0 -9999.0 -9999.0 -9999.0 -9999.0 -9999.0 -9999.0 -9999.0 -9999.0 -9999.0 -9999.0 -9999.0 -9999.0 -9999.0 -9999.0 -9999.0 -9999.0 -9999.0 -9999.0 -9999.0 -9999.0 -9999.0 -9999.0 -9999.0 -9999.0 -9999.0 -9999.0 -9999.0 -9999.0 -9999.0 -9999.0 -9999.0 -9999.0 -9999.0 -9999.0 -9999.0 -9999.0 -9999.0 -9999.0 -9999.0 -9999.0 -9999.0 -9999.0 -9999.0 -9999.0 -9999.0 -9999.0 -9999.0 -9999.0 -9999.0 -9999.0 -9999.0 -9999.0 -9999.0 -9999.0 -9999.0 -9999.0 -9999.0 -9999.0 -9999.0 -9999.0 -9999.0 -9999.0 -9999.0 -9999.0 -9999.0 -9999.0 -9999.0 -9999.0 -9999.0 -9999.0 -9999.0 -9999.0 -9999.0 -9999.0 -9999.0 -9999.0 -9999.0 -9999.0
-9999.0 -9999.0 -9999.0 -9999.0 -9999.0 -9999.0 -9999.0 -9999.0 -9999.0 -9999.0 -9999.0 -9999.0 -9999.0 -9999.0 -9999.0 -9999.0 -9999.0 -9999.0 -9999.0 -9999.0 -9999.0 -9999.0 -9999.0 -9999.0 -9999.0 -9999.0 -9999.0 -9999.0 -9999.0 -9999.0 -9999.0 -9999.0 -9999.0 -9999.0 -9999.0 -9999.0 -9999.0 -9999.0 -9999.0 -9999.0 -9999.0 -9999.0 -9999.0 -9999.0 -9999.0 -9999.0 -9999.0 -9999.0 -9999.0 -9999.0 -9999.0 -9999.0 -9999.0 -9999.0 -9999.0 -9999.0 -9999.0 -9999.0 -9999.0 -9999.0 -9999.0 -9999.0 -9999.0 -9999.0 -9999.0 -9999.0 -9999.0 -9999.0 -9999.0 -9999.0 -9999.0 -9999.0 -9999.0 -9999.0 -9999.0 -9999.0 -9999.0 -9999.0 -9999.0 -9999.0 -9999.0 -9999.0 -9999.0 -9999.0 -9999.0 -9999.0 -9999.0 -9999.0 -9999.0 -9999.0 -9999.0 -9999.0 -9999.0 -9999.0 -9999.0 -9999.0 -9999.0 -9999.0 -9999.0 -9999.0 -9999.0 -9999.0 -9999.0 -9999.0