inst/processing_geotop_simulation/geotop_simulation/out/maps3D/PwL0012N0452.asc
ncols         104
nrows         10
xllcorner     -2.000000
yllcorner     0.000000
cellsize      1.000000
NODATA_value  -9999.0
-9999.0 -9999.0 -9999.0 -9999.0 -9999.0 -9999.0 -9999.0 -9999.0 -9999.0 -9999.0 -9999.0 -9999.0 -9999.0 -9999.0 -9999.0 -9999.0 -9999.0 -9999.0 -9999.0 -9999.0 -9999.0 -9999.0 -9999.0 -9999.0 -9999.0 -9999.0 -9999.0 -9999.0 -9999.0 -9999.0 -9999.0 -9999.0 -9999.0 -9999.0 -9999.0 -9999.0 -9999.0 -9999.0 -9999.0 -9999.0 -9999.0 -9999.0 -9999.0 -9999.0 -9999.0 -9999.0 -9999.0 -9999.0 -9999.0 -9999.0 -9999.0 -9999.0 -9999.0 -9999.0 -9999.0 -9999.0 -9999.0 -9999.0 -9999.0 -9999.0 -9999.0 -9999.0 -9999.0 -9999.0 -9999.0 -9999.0 -9999.0 -9999.0 -9999.0 -9999.0 -9999.0 -9999.0 -9999.0 -9999.0 -9999.0 -9999.0 -9999.0 -9999.0 -9999.0 -9999.0 -9999.0 -9999.0 -9999.0 -9999.0 -9999.0 -9999.0 -9999.0 -9999.0 -9999.0 -9999.0 -9999.0 -9999.0 -9999.0 -9999.0 -9999.0 -9999.0 -9999.0 -9999.0 -9999.0 -9999.0 -9999.0 -9999.0 -9999.0 -9999.0
-9999.0 -9999.0 -9999.0 -9999.0 -9999.0 -9999.0 -9999.0 -9999.0 -9999.0 -9999.0 -9999.0 -9999.0 -9999.0 -9999.0 -9999.0 -9999.0 -9999.0 -9999.0 -9999.0 -9999.0 -9999.0 -9999.0 -9999.0 -9999.0 -9999.0 -9999.0 -9999.0 -9999.0 -9999.0 -9999.0 -9999.0 -9999.0 -9999.0 -9999.0 -9999.0 -9999.0 -9999.0 -9999.0 -9999.0 -9999.0 -9999.0 -9999.0 -9999.0 -9999.0 -9999.0 -9999.0 -9999.0 -9999.0 -9999.0 -9999.0 -9999.0 -9999.0 -9999.0 -9999.0 -9999.0 -9999.0 -9999.0 -9999.0 -9999.0 -9999.0 -9999.0 -9999.0 -9999.0 -9999.0 -9999.0 -9999.0 -9999.0 -9999.0 -9999.0 -9999.0 -9999.0 -9999.0 -9999.0 -9999.0 -9999.0 -9999.0 -9999.0 -9999.0 -9999.0 -9999.0 -9999.0 -9999.0 -9999.0 -9999.0 -9999.0 -9999.0 -9999.0 -9999.0 -9999.0 -9999.0 -9999.0 -9999.0 -9999.0 -9999.0 -9999.0 -9999.0 -9999.0 -9999.0 -9999.0 -9999.0 -9999.0 -9999.0 -9999.0 -9999.0
-9999.0 -9999.0 571.487316 472.653398 373.506780 274.186908 174.790435 75.361826 -24.075689 -123.510304 -222.937115 -322.347194 -421.724709 -521.039016 -620.243733 -719.283535 -818.386990 -917.400498 -1016.302526 -1115.057149 -1212.493361 -1307.989724 -1399.802256 -1485.590060 -1562.963767 -1630.107307 -1686.167187 -1731.307837 -1766.499341 -1793.183702 -1812.955824 -1827.334061 -1837.634273 -1844.926156 -1850.041394 -1853.609508 -1856.113369 -1857.993419 -1859.904828 -1863.085095 -1866.830563 -1845.250995 -1460.691227 -1875.141875 -1786.959556 -1728.918056 -1702.978039 -1699.411187 -1699.041627 -1699.075897 -1699.167352 -1699.265673 -1699.360131 -1699.447584 -1699.528722 -1699.622926 -1699.917203 -1701.962339 -1715.342634 -1745.986195 -1774.398822 -1368.694334 -1806.788487 -1859.390770 -1862.400060 -1861.816141 -1861.578308 -1861.525153 -1861.515731 -1861.514586 -1861.514823 -1861.515220 -1861.515575 -1861.515868 -1861.516110 -1861.516314 -1861.516492 -1861.516650 -1861.516796 -1861.516937 -1861.517080 -1861.517234 -1861.517413 -1861.517635 -1861.517929 -1861.518339 -1861.518941 -1861.519859 -1861.521310 -1861.523680 -1861.527686 -1861.534700 -1861.547410 -1861.571238 -1861.617429 -1861.710296 -1861.905573 -1862.340471 -1863.380134 -1866.088461 -1873.919555 -1899.468606 -9999.0 -9999.0
-9999.0 -9999.0 571.491987 472.654802 373.507185 274.187032 174.790475 75.361840 -24.075683 -123.510301 -222.937114 -322.347193 -421.724708 -521.039016 -620.243733 -719.283535 -818.386991 -917.400498 -1016.302526 -1115.057149 -1212.493361 -1307.989725 -1399.802256 -1485.590060 -1562.963767 -1630.107307 -1686.167187 -1731.307837 -1766.499341 -1793.183702 -1812.955824 -1827.334061 -1837.634273 -1844.926156 -1850.041394 -1853.609508 -1856.113369 -1857.993419 -1859.904828 -1863.085095 -1866.830563 -1845.250995 -1460.691226 -1875.141874 -1786.959555 -1728.918055 -1702.978039 -1699.411187 -1699.041627 -1699.075897 -1699.167352 -1699.265673 -1699.360131 -1699.447584 -1699.528722 -1699.622926 -1699.917203 -1701.962339 -1715.342634 -1745.986195 -1774.398822 -1368.694334 -1806.788487 -1859.390770 -1862.400060 -1861.816141 -1861.578308 -1861.525153 -1861.515731 -1861.514586 -1861.514823 -1861.515220 -1861.515575 -1861.515868 -1861.516110 -1861.516314 -1861.516492 -1861.516650 -1861.516796 -1861.516937 -1861.517080 -1861.517234 -1861.517413 -1861.517635 -1861.517929 -1861.518339 -1861.518941 -1861.519859 -1861.521310 -1861.523680 -1861.527686 -1861.534699 -1861.547410 -1861.571238 -1861.617429 -1861.710295 -1861.905573 -1862.340471 -1863.380134 -1866.088461 -1873.919555 -1899.468606 -9999.0 -9999.0
-9999.0 -9999.0 571.493242 472.655457 373.507450 274.187130 174.790511 75.361853 -24.075679 -123.510300 -222.937113 -322.347193 -421.724708 -521.039016 -620.243733 -719.283535 -818.386991 -917.400498 -1016.302526 -1115.057149 -1212.493361 -1307.989725 -1399.802256 -1485.590061 -1562.963767 -1630.107307 -1686.167187 -1731.307837 -1766.499341 -1793.183702 -1812.955824 -1827.334061 -1837.634273 -1844.926156 -1850.041394 -1853.609508 -1856.113369 -1857.993419 -1859.904828 -1863.085095 -1866.830563 -1845.250995 -1460.691226 -1875.141874 -1786.959555 -1728.918054 -1702.978039 -1699.411187 -1699.041627 -1699.075897 -1699.167352 -1699.265673 -1699.360131 -1699.447584 -1699.528722 -1699.622926 -1699.917203 -1701.962339 -1715.342634 -1745.986195 -1774.398822 -1368.694334 -1806.788487 -1859.390770 -1862.400060 -1861.816141 -1861.578308 -1861.525153 -1861.515731 -1861.514586 -1861.514823 -1861.515220 -1861.515575 -1861.515868 -1861.516110 -1861.516314 -1861.516492 -1861.516650 -1861.516796 -1861.516937 -1861.517080 -1861.517234 -1861.517413 -1861.517635 -1861.517929 -1861.518339 -1861.518941 -1861.519859 -1861.521310 -1861.523680 -1861.527686 -1861.534699 -1861.547410 -1861.571238 -1861.617429 -1861.710295 -1861.905573 -1862.340471 -1863.380134 -1866.088461 -1873.919555 -1899.468606 -9999.0 -9999.0
-9999.0 -9999.0 571.493242 472.655457 373.507450 274.187130 174.790511 75.361853 -24.075678 -123.510300 -222.937113 -322.347193 -421.724708 -521.039016 -620.243733 -719.283535 -818.386991 -917.400498 -1016.302526 -1115.057149 -1212.493361 -1307.989725 -1399.802256 -1485.590061 -1562.963767 -1630.107307 -1686.167187 -1731.307837 -1766.499341 -1793.183702 -1812.955824 -1827.334061 -1837.634273 -1844.926156 -1850.041394 -1853.609508 -1856.113369 -1857.993419 -1859.904828 -1863.085095 -1866.830563 -1845.250995 -1460.691226 -1875.141874 -1786.959555 -1728.918054 -1702.978039 -1699.411187 -1699.041627 -1699.075897 -1699.167352 -1699.265673 -1699.360131 -1699.447584 -1699.528722 -1699.622926 -1699.917203 -1701.962339 -1715.342634 -1745.986195 -1774.398822 -1368.694334 -1806.788487 -1859.390770 -1862.400060 -1861.816141 -1861.578308 -1861.525153 -1861.515731 -1861.514586 -1861.514823 -1861.515220 -1861.515575 -1861.515868 -1861.516110 -1861.516314 -1861.516492 -1861.516650 -1861.516796 -1861.516937 -1861.517080 -1861.517234 -1861.517413 -1861.517635 -1861.517929 -1861.518339 -1861.518941 -1861.519859 -1861.521310 -1861.523680 -1861.527686 -1861.534699 -1861.547410 -1861.571238 -1861.617429 -1861.710295 -1861.905573 -1862.340471 -1863.380134 -1866.088461 -1873.919555 -1899.468606 -9999.0 -9999.0
-9999.0 -9999.0 571.491987 472.654802 373.507185 274.187032 174.790475 75.361840 -24.075683 -123.510301 -222.937114 -322.347193 -421.724708 -521.039016 -620.243733 -719.283535 -818.386991 -917.400498 -1016.302526 -1115.057149 -1212.493361 -1307.989725 -1399.802256 -1485.590060 -1562.963767 -1630.107307 -1686.167187 -1731.307837 -1766.499341 -1793.183702 -1812.955824 -1827.334061 -1837.634273 -1844.926156 -1850.041394 -1853.609508 -1856.113369 -1857.993419 -1859.904828 -1863.085095 -1866.830563 -1845.250995 -1460.691226 -1875.141874 -1786.959555 -1728.918055 -1702.978039 -1699.411187 -1699.041627 -1699.075897 -1699.167352 -1699.265673 -1699.360131 -1699.447584 -1699.528722 -1699.622926 -1699.917203 -1701.962339 -1715.342634 -1745.986195 -1774.398822 -1368.694334 -1806.788487 -1859.390770 -1862.400060 -1861.816141 -1861.578308 -1861.525153 -1861.515731 -1861.514586 -1861.514823 -1861.515220 -1861.515575 -1861.515868 -1861.516110 -1861.516314 -1861.516492 -1861.516650 -1861.516796 -1861.516937 -1861.517080 -1861.517234 -1861.517413 -1861.517635 -1861.517929 -1861.518339 -1861.518941 -1861.519859 -1861.521310 -1861.523680 -1861.527686 -1861.534699 -1861.547410 -1861.571238 -1861.617429 -1861.710295 -1861.905573 -1862.340471 -1863.380134 -1866.088461 -1873.919555 -1899.468606 -9999.0 -9999.0
-9999.0 -9999.0 571.487316 472.653398 373.506780 274.186908 174.790435 75.361826 -24.075689 -123.510304 -222.937115 -322.347194 -421.724709 -521.039017 -620.243733 -719.283535 -818.386990 -917.400498 -1016.302526 -1115.057149 -1212.493361 -1307.989724 -1399.802256 -1485.590060 -1562.963767 -1630.107307 -1686.167187 -1731.307837 -1766.499341 -1793.183702 -1812.955824 -1827.334061 -1837.634273 -1844.926156 -1850.041394 -1853.609508 -1856.113369 -1857.993419 -1859.904828 -1863.085095 -1866.830563 -1845.250995 -1460.691227 -1875.141875 -1786.959556 -1728.918056 -1702.978039 -1699.411187 -1699.041627 -1699.075897 -1699.167352 -1699.265673 -1699.360131 -1699.447584 -1699.528722 -1699.622926 -1699.917203 -1701.962339 -1715.342634 -1745.986195 -1774.398822 -1368.694334 -1806.788487 -1859.390770 -1862.400060 -1861.816141 -1861.578308 -1861.525153 -1861.515731 -1861.514586 -1861.514823 -1861.515220 -1861.515575 -1861.515868 -1861.516110 -1861.516314 -1861.516492 -1861.516650 -1861.516796 -1861.516937 -1861.517080 -1861.517234 -1861.517413 -1861.517635 -1861.517929 -1861.518339 -1861.518941 -1861.519859 -1861.521310 -1861.523680 -1861.527686 -1861.534700 -1861.547410 -1861.571238 -1861.617429 -1861.710296 -1861.905573 -1862.340471 -1863.380134 -1866.088461 -1873.919555 -1899.468606 -9999.0 -9999.0
-9999.0 -9999.0 -9999.0 -9999.0 -9999.0 -9999.0 -9999.0 -9999.0 -9999.0 -9999.0 -9999.0 -9999.0 -9999.0 -9999.0 -9999.0 -9999.0 -9999.0 -9999.0 -9999.0 -9999.0 -9999.0 -9999.0 -9999.0 -9999.0 -9999.0 -9999.0 -9999.0 -9999.0 -9999.0 -9999.0 -9999.0 -9999.0 -9999.0 -9999.0 -9999.0 -9999.0 -9999.0 -9999.0 -9999.0 -9999.0 -9999.0 -9999.0 -9999.0 -9999.0 -9999.0 -9999.0 -9999.0 -9999.0 -9999.0 -9999.0 -9999.0 -9999.0 -9999.0 -9999.0 -9999.0 -9999.0 -9999.0 -9999.0 -9999.0 -9999.0 -9999.0 -9999.0 -9999.0 -9999.0 -9999.0 -9999.0 -9999.0 -9999.0 -9999.0 -9999.0 -9999.0 -9999.0 -9999.0 -9999.0 -9999.0 -9999.0 -9999.0 -9999.0 -9999.0 -9999.0 -9999.0 -9999.0 -9999.0 -9999.0 -9999.0 -9999.0 -9999.0 -9999.0 -9999.0 -9999.0 -9999.0 -9999.0 -9999.0 -9999.0 -9999.0 -9999.0 -9999.0 -9999.0 -9999.0 -9999.0 -9999.0 -9999.0 -9999.0 -9999.0
-9999.0 -9999.0 -9999.0 -9999.0 -9999.0 -9999.0 -9999.0 -9999.0 -9999.0 -9999.0 -9999.0 -9999.0 -9999.0 -9999.0 -9999.0 -9999.0 -9999.0 -9999.0 -9999.0 -9999.0 -9999.0 -9999.0 -9999.0 -9999.0 -9999.0 -9999.0 -9999.0 -9999.0 -9999.0 -9999.0 -9999.0 -9999.0 -9999.0 -9999.0 -9999.0 -9999.0 -9999.0 -9999.0 -9999.0 -9999.0 -9999.0 -9999.0 -9999.0 -9999.0 -9999.0 -9999.0 -9999.0 -9999.0 -9999.0 -9999.0 -9999.0 -9999.0 -9999.0 -9999.0 -9999.0 -9999.0 -9999.0 -9999.0 -9999.0 -9999.0 -9999.0 -9999.0 -9999.0 -9999.0 -9999.0 -9999.0 -9999.0 -9999.0 -9999.0 -9999.0 -9999.0 -9999.0 -9999.0 -9999.0 -9999.0 -9999.0 -9999.0 -9999.0 -9999.0 -9999.0 -9999.0 -9999.0 -9999.0 -9999.0 -9999.0 -9999.0 -9999.0 -9999.0 -9999.0 -9999.0 -9999.0 -9999.0 -9999.0 -9999.0 -9999.0 -9999.0 -9999.0 -9999.0 -9999.0 -9999.0 -9999.0 -9999.0 -9999.0 -9999.0