inst/processing_geotop_simulation/geotop_simulation/out/maps3D/PwL0006N0438.asc
ncols         104
nrows         10
xllcorner     -2.000000
yllcorner     0.000000
cellsize      1.000000
NODATA_value  -9999.0
-9999.0 -9999.0 -9999.0 -9999.0 -9999.0 -9999.0 -9999.0 -9999.0 -9999.0 -9999.0 -9999.0 -9999.0 -9999.0 -9999.0 -9999.0 -9999.0 -9999.0 -9999.0 -9999.0 -9999.0 -9999.0 -9999.0 -9999.0 -9999.0 -9999.0 -9999.0 -9999.0 -9999.0 -9999.0 -9999.0 -9999.0 -9999.0 -9999.0 -9999.0 -9999.0 -9999.0 -9999.0 -9999.0 -9999.0 -9999.0 -9999.0 -9999.0 -9999.0 -9999.0 -9999.0 -9999.0 -9999.0 -9999.0 -9999.0 -9999.0 -9999.0 -9999.0 -9999.0 -9999.0 -9999.0 -9999.0 -9999.0 -9999.0 -9999.0 -9999.0 -9999.0 -9999.0 -9999.0 -9999.0 -9999.0 -9999.0 -9999.0 -9999.0 -9999.0 -9999.0 -9999.0 -9999.0 -9999.0 -9999.0 -9999.0 -9999.0 -9999.0 -9999.0 -9999.0 -9999.0 -9999.0 -9999.0 -9999.0 -9999.0 -9999.0 -9999.0 -9999.0 -9999.0 -9999.0 -9999.0 -9999.0 -9999.0 -9999.0 -9999.0 -9999.0 -9999.0 -9999.0 -9999.0 -9999.0 -9999.0 -9999.0 -9999.0 -9999.0 -9999.0
-9999.0 -9999.0 -9999.0 -9999.0 -9999.0 -9999.0 -9999.0 -9999.0 -9999.0 -9999.0 -9999.0 -9999.0 -9999.0 -9999.0 -9999.0 -9999.0 -9999.0 -9999.0 -9999.0 -9999.0 -9999.0 -9999.0 -9999.0 -9999.0 -9999.0 -9999.0 -9999.0 -9999.0 -9999.0 -9999.0 -9999.0 -9999.0 -9999.0 -9999.0 -9999.0 -9999.0 -9999.0 -9999.0 -9999.0 -9999.0 -9999.0 -9999.0 -9999.0 -9999.0 -9999.0 -9999.0 -9999.0 -9999.0 -9999.0 -9999.0 -9999.0 -9999.0 -9999.0 -9999.0 -9999.0 -9999.0 -9999.0 -9999.0 -9999.0 -9999.0 -9999.0 -9999.0 -9999.0 -9999.0 -9999.0 -9999.0 -9999.0 -9999.0 -9999.0 -9999.0 -9999.0 -9999.0 -9999.0 -9999.0 -9999.0 -9999.0 -9999.0 -9999.0 -9999.0 -9999.0 -9999.0 -9999.0 -9999.0 -9999.0 -9999.0 -9999.0 -9999.0 -9999.0 -9999.0 -9999.0 -9999.0 -9999.0 -9999.0 -9999.0 -9999.0 -9999.0 -9999.0 -9999.0 -9999.0 -9999.0 -9999.0 -9999.0 -9999.0 -9999.0
-9999.0 -9999.0 274.012342 175.684972 76.655338 -22.609597 -121.965264 -221.357990 -320.760637 -420.154309 -519.520115 -618.819592 -717.979105 -817.090540 -916.136870 -1015.164108 -1114.146976 -1212.678104 -1310.626016 -1407.480755 -1502.204407 -1592.875665 -1676.703435 -1750.822252 -1813.331567 -1863.787303 -1903.014787 -1932.593521 -1954.358215 -1970.065466 -1981.228096 -1989.064857 -1994.513889 -1998.274184 -2000.854730 -2002.622784 -2003.855042 -2004.825783 -2006.036249 -2008.480833 -2009.253895 -1951.066539 -1228.534295 -1252.091254 -1236.467879 -1225.943459 -1221.016760 -1220.258130 -1220.175735 -1220.182328 -1220.201607 -1220.222435 -1220.242465 -1220.261022 -1220.278321 -1220.299116 -1220.367442 -1220.822656 -1223.447655 -1229.239778 -1236.058569 -1201.777443 -1922.541476 -2002.998407 -2007.192812 -2006.678439 -2006.462007 -2006.415387 -2006.407434 -2006.406564 -2006.406841 -2006.407232 -2006.407567 -2006.407833 -2006.408044 -2006.408214 -2006.408353 -2006.408472 -2006.408576 -2006.408673 -2006.408771 -2006.408879 -2006.409009 -2006.409183 -2006.409428 -2006.409791 -2006.410349 -2006.411231 -2006.412657 -2006.415024 -2006.419062 -2006.426162 -2006.439044 -2006.463161 -2006.509715 -2006.602583 -2006.795569 -2007.219059 -2008.216515 -2010.787305 -2018.220400 -2042.894070 -9999.0 -9999.0
-9999.0 -9999.0 274.019781 175.686679 76.655783 -22.609466 -121.965222 -221.357975 -320.760631 -420.154306 -519.520114 -618.819591 -717.979105 -817.090540 -916.136870 -1015.164108 -1114.146976 -1212.678105 -1310.626017 -1407.480755 -1502.204407 -1592.875666 -1676.703435 -1750.822252 -1813.331567 -1863.787304 -1903.014788 -1932.593521 -1954.358215 -1970.065466 -1981.228096 -1989.064857 -1994.513889 -1998.274184 -2000.854730 -2002.622784 -2003.855042 -2004.825783 -2006.036249 -2008.480833 -2009.253895 -1951.066539 -1228.534295 -1252.091254 -1236.467879 -1225.943459 -1221.016760 -1220.258130 -1220.175735 -1220.182328 -1220.201607 -1220.222435 -1220.242465 -1220.261022 -1220.278321 -1220.299116 -1220.367442 -1220.822656 -1223.447655 -1229.239778 -1236.058569 -1201.777443 -1922.541476 -2002.998407 -2007.192812 -2006.678439 -2006.462007 -2006.415387 -2006.407434 -2006.406564 -2006.406841 -2006.407232 -2006.407567 -2006.407833 -2006.408044 -2006.408214 -2006.408353 -2006.408472 -2006.408576 -2006.408673 -2006.408771 -2006.408879 -2006.409009 -2006.409183 -2006.409428 -2006.409791 -2006.410349 -2006.411231 -2006.412657 -2006.415024 -2006.419062 -2006.426161 -2006.439044 -2006.463161 -2006.509715 -2006.602583 -2006.795569 -2007.219059 -2008.216515 -2010.787305 -2018.220400 -2042.894070 -9999.0 -9999.0
-9999.0 -9999.0 274.021070 175.687394 76.656067 -22.609362 -121.965185 -221.357962 -320.760626 -420.154304 -519.520113 -618.819591 -717.979105 -817.090540 -916.136870 -1015.164109 -1114.146976 -1212.678105 -1310.626017 -1407.480755 -1502.204407 -1592.875666 -1676.703435 -1750.822252 -1813.331567 -1863.787304 -1903.014788 -1932.593521 -1954.358215 -1970.065466 -1981.228096 -1989.064857 -1994.513889 -1998.274184 -2000.854730 -2002.622784 -2003.855042 -2004.825783 -2006.036249 -2008.480833 -2009.253895 -1951.066539 -1228.534295 -1252.091254 -1236.467879 -1225.943458 -1221.016760 -1220.258130 -1220.175735 -1220.182328 -1220.201607 -1220.222435 -1220.242465 -1220.261022 -1220.278321 -1220.299116 -1220.367442 -1220.822656 -1223.447655 -1229.239778 -1236.058569 -1201.777443 -1922.541476 -2002.998407 -2007.192812 -2006.678439 -2006.462007 -2006.415387 -2006.407434 -2006.406564 -2006.406841 -2006.407232 -2006.407567 -2006.407833 -2006.408044 -2006.408214 -2006.408353 -2006.408472 -2006.408576 -2006.408673 -2006.408771 -2006.408879 -2006.409009 -2006.409183 -2006.409428 -2006.409791 -2006.410349 -2006.411231 -2006.412657 -2006.415024 -2006.419062 -2006.426161 -2006.439044 -2006.463161 -2006.509715 -2006.602583 -2006.795569 -2007.219059 -2008.216515 -2010.787305 -2018.220400 -2042.894070 -9999.0 -9999.0
-9999.0 -9999.0 274.021070 175.687394 76.656067 -22.609362 -121.965185 -221.357962 -320.760626 -420.154304 -519.520113 -618.819591 -717.979105 -817.090540 -916.136870 -1015.164109 -1114.146976 -1212.678105 -1310.626017 -1407.480755 -1502.204407 -1592.875666 -1676.703435 -1750.822252 -1813.331567 -1863.787304 -1903.014788 -1932.593521 -1954.358215 -1970.065466 -1981.228096 -1989.064857 -1994.513889 -1998.274184 -2000.854730 -2002.622784 -2003.855042 -2004.825783 -2006.036249 -2008.480833 -2009.253895 -1951.066539 -1228.534295 -1252.091254 -1236.467879 -1225.943458 -1221.016760 -1220.258130 -1220.175735 -1220.182328 -1220.201607 -1220.222435 -1220.242465 -1220.261022 -1220.278321 -1220.299116 -1220.367442 -1220.822656 -1223.447655 -1229.239778 -1236.058569 -1201.777443 -1922.541476 -2002.998407 -2007.192812 -2006.678439 -2006.462007 -2006.415387 -2006.407434 -2006.406564 -2006.406841 -2006.407232 -2006.407567 -2006.407833 -2006.408044 -2006.408214 -2006.408353 -2006.408472 -2006.408576 -2006.408673 -2006.408771 -2006.408879 -2006.409009 -2006.409183 -2006.409428 -2006.409791 -2006.410349 -2006.411231 -2006.412657 -2006.415024 -2006.419062 -2006.426161 -2006.439044 -2006.463161 -2006.509715 -2006.602583 -2006.795569 -2007.219059 -2008.216515 -2010.787305 -2018.220400 -2042.894070 -9999.0 -9999.0
-9999.0 -9999.0 274.019781 175.686679 76.655783 -22.609466 -121.965222 -221.357976 -320.760631 -420.154306 -519.520114 -618.819591 -717.979105 -817.090540 -916.136870 -1015.164108 -1114.146976 -1212.678105 -1310.626017 -1407.480755 -1502.204407 -1592.875666 -1676.703435 -1750.822252 -1813.331567 -1863.787304 -1903.014788 -1932.593521 -1954.358215 -1970.065466 -1981.228096 -1989.064857 -1994.513889 -1998.274184 -2000.854730 -2002.622784 -2003.855042 -2004.825783 -2006.036249 -2008.480833 -2009.253895 -1951.066539 -1228.534295 -1252.091254 -1236.467879 -1225.943459 -1221.016760 -1220.258130 -1220.175735 -1220.182328 -1220.201607 -1220.222435 -1220.242465 -1220.261022 -1220.278321 -1220.299116 -1220.367442 -1220.822656 -1223.447655 -1229.239778 -1236.058569 -1201.777443 -1922.541476 -2002.998407 -2007.192812 -2006.678439 -2006.462007 -2006.415387 -2006.407434 -2006.406564 -2006.406841 -2006.407232 -2006.407567 -2006.407833 -2006.408044 -2006.408214 -2006.408353 -2006.408472 -2006.408576 -2006.408673 -2006.408771 -2006.408879 -2006.409009 -2006.409183 -2006.409428 -2006.409791 -2006.410349 -2006.411231 -2006.412657 -2006.415024 -2006.419062 -2006.426161 -2006.439044 -2006.463161 -2006.509715 -2006.602583 -2006.795569 -2007.219059 -2008.216515 -2010.787305 -2018.220400 -2042.894070 -9999.0 -9999.0
-9999.0 -9999.0 274.012342 175.684972 76.655338 -22.609597 -121.965264 -221.357990 -320.760637 -420.154309 -519.520115 -618.819592 -717.979105 -817.090540 -916.136870 -1015.164108 -1114.146976 -1212.678104 -1310.626016 -1407.480755 -1502.204407 -1592.875665 -1676.703435 -1750.822252 -1813.331567 -1863.787303 -1903.014787 -1932.593521 -1954.358215 -1970.065466 -1981.228096 -1989.064857 -1994.513889 -1998.274184 -2000.854730 -2002.622784 -2003.855042 -2004.825783 -2006.036249 -2008.480833 -2009.253895 -1951.066539 -1228.534295 -1252.091254 -1236.467879 -1225.943459 -1221.016760 -1220.258130 -1220.175735 -1220.182328 -1220.201607 -1220.222435 -1220.242465 -1220.261022 -1220.278321 -1220.299116 -1220.367442 -1220.822656 -1223.447655 -1229.239778 -1236.058569 -1201.777443 -1922.541476 -2002.998408 -2007.192812 -2006.678439 -2006.462007 -2006.415387 -2006.407434 -2006.406564 -2006.406841 -2006.407232 -2006.407567 -2006.407833 -2006.408044 -2006.408214 -2006.408353 -2006.408472 -2006.408576 -2006.408673 -2006.408771 -2006.408879 -2006.409009 -2006.409183 -2006.409428 -2006.409791 -2006.410349 -2006.411231 -2006.412657 -2006.415024 -2006.419062 -2006.426162 -2006.439044 -2006.463161 -2006.509715 -2006.602583 -2006.795569 -2007.219059 -2008.216515 -2010.787305 -2018.220400 -2042.894070 -9999.0 -9999.0
-9999.0 -9999.0 -9999.0 -9999.0 -9999.0 -9999.0 -9999.0 -9999.0 -9999.0 -9999.0 -9999.0 -9999.0 -9999.0 -9999.0 -9999.0 -9999.0 -9999.0 -9999.0 -9999.0 -9999.0 -9999.0 -9999.0 -9999.0 -9999.0 -9999.0 -9999.0 -9999.0 -9999.0 -9999.0 -9999.0 -9999.0 -9999.0 -9999.0 -9999.0 -9999.0 -9999.0 -9999.0 -9999.0 -9999.0 -9999.0 -9999.0 -9999.0 -9999.0 -9999.0 -9999.0 -9999.0 -9999.0 -9999.0 -9999.0 -9999.0 -9999.0 -9999.0 -9999.0 -9999.0 -9999.0 -9999.0 -9999.0 -9999.0 -9999.0 -9999.0 -9999.0 -9999.0 -9999.0 -9999.0 -9999.0 -9999.0 -9999.0 -9999.0 -9999.0 -9999.0 -9999.0 -9999.0 -9999.0 -9999.0 -9999.0 -9999.0 -9999.0 -9999.0 -9999.0 -9999.0 -9999.0 -9999.0 -9999.0 -9999.0 -9999.0 -9999.0 -9999.0 -9999.0 -9999.0 -9999.0 -9999.0 -9999.0 -9999.0 -9999.0 -9999.0 -9999.0 -9999.0 -9999.0 -9999.0 -9999.0 -9999.0 -9999.0 -9999.0 -9999.0
-9999.0 -9999.0 -9999.0 -9999.0 -9999.0 -9999.0 -9999.0 -9999.0 -9999.0 -9999.0 -9999.0 -9999.0 -9999.0 -9999.0 -9999.0 -9999.0 -9999.0 -9999.0 -9999.0 -9999.0 -9999.0 -9999.0 -9999.0 -9999.0 -9999.0 -9999.0 -9999.0 -9999.0 -9999.0 -9999.0 -9999.0 -9999.0 -9999.0 -9999.0 -9999.0 -9999.0 -9999.0 -9999.0 -9999.0 -9999.0 -9999.0 -9999.0 -9999.0 -9999.0 -9999.0 -9999.0 -9999.0 -9999.0 -9999.0 -9999.0 -9999.0 -9999.0 -9999.0 -9999.0 -9999.0 -9999.0 -9999.0 -9999.0 -9999.0 -9999.0 -9999.0 -9999.0 -9999.0 -9999.0 -9999.0 -9999.0 -9999.0 -9999.0 -9999.0 -9999.0 -9999.0 -9999.0 -9999.0 -9999.0 -9999.0 -9999.0 -9999.0 -9999.0 -9999.0 -9999.0 -9999.0 -9999.0 -9999.0 -9999.0 -9999.0 -9999.0 -9999.0 -9999.0 -9999.0 -9999.0 -9999.0 -9999.0 -9999.0 -9999.0 -9999.0 -9999.0 -9999.0 -9999.0 -9999.0 -9999.0 -9999.0 -9999.0 -9999.0 -9999.0