inst/processing_geotop_simulation/geotop_simulation/out/maps3D/PwL0014N0413.asc
ncols         104
nrows         10
xllcorner     -2.000000
yllcorner     0.000000
cellsize      1.000000
NODATA_value  -9999.0
-9999.0 -9999.0 -9999.0 -9999.0 -9999.0 -9999.0 -9999.0 -9999.0 -9999.0 -9999.0 -9999.0 -9999.0 -9999.0 -9999.0 -9999.0 -9999.0 -9999.0 -9999.0 -9999.0 -9999.0 -9999.0 -9999.0 -9999.0 -9999.0 -9999.0 -9999.0 -9999.0 -9999.0 -9999.0 -9999.0 -9999.0 -9999.0 -9999.0 -9999.0 -9999.0 -9999.0 -9999.0 -9999.0 -9999.0 -9999.0 -9999.0 -9999.0 -9999.0 -9999.0 -9999.0 -9999.0 -9999.0 -9999.0 -9999.0 -9999.0 -9999.0 -9999.0 -9999.0 -9999.0 -9999.0 -9999.0 -9999.0 -9999.0 -9999.0 -9999.0 -9999.0 -9999.0 -9999.0 -9999.0 -9999.0 -9999.0 -9999.0 -9999.0 -9999.0 -9999.0 -9999.0 -9999.0 -9999.0 -9999.0 -9999.0 -9999.0 -9999.0 -9999.0 -9999.0 -9999.0 -9999.0 -9999.0 -9999.0 -9999.0 -9999.0 -9999.0 -9999.0 -9999.0 -9999.0 -9999.0 -9999.0 -9999.0 -9999.0 -9999.0 -9999.0 -9999.0 -9999.0 -9999.0 -9999.0 -9999.0 -9999.0 -9999.0 -9999.0 -9999.0
-9999.0 -9999.0 -9999.0 -9999.0 -9999.0 -9999.0 -9999.0 -9999.0 -9999.0 -9999.0 -9999.0 -9999.0 -9999.0 -9999.0 -9999.0 -9999.0 -9999.0 -9999.0 -9999.0 -9999.0 -9999.0 -9999.0 -9999.0 -9999.0 -9999.0 -9999.0 -9999.0 -9999.0 -9999.0 -9999.0 -9999.0 -9999.0 -9999.0 -9999.0 -9999.0 -9999.0 -9999.0 -9999.0 -9999.0 -9999.0 -9999.0 -9999.0 -9999.0 -9999.0 -9999.0 -9999.0 -9999.0 -9999.0 -9999.0 -9999.0 -9999.0 -9999.0 -9999.0 -9999.0 -9999.0 -9999.0 -9999.0 -9999.0 -9999.0 -9999.0 -9999.0 -9999.0 -9999.0 -9999.0 -9999.0 -9999.0 -9999.0 -9999.0 -9999.0 -9999.0 -9999.0 -9999.0 -9999.0 -9999.0 -9999.0 -9999.0 -9999.0 -9999.0 -9999.0 -9999.0 -9999.0 -9999.0 -9999.0 -9999.0 -9999.0 -9999.0 -9999.0 -9999.0 -9999.0 -9999.0 -9999.0 -9999.0 -9999.0 -9999.0 -9999.0 -9999.0 -9999.0 -9999.0 -9999.0 -9999.0 -9999.0 -9999.0 -9999.0 -9999.0
-9999.0 -9999.0 671.019416 572.244906 473.203359 373.983220 274.680085 175.341612 75.991600 -23.355612 -122.692287 -222.015224 -321.312722 -420.561770 -519.722779 -618.738740 -717.509262 -816.371673 -915.089594 -1013.611318 -1111.842765 -1207.534112 -1299.765291 -1386.306081 -1464.817126 -1533.418352 -1591.097100 -1637.832438 -1674.447899 -1702.306866 -1722.988425 -1738.036213 -1748.810034 -1756.426385 -1761.758207 -1765.467584 -1768.060799 -1769.994184 -1771.954296 -1775.442993 -1781.973809 -1781.123130 -1721.862765 -3662.208601 -3361.229674 -3093.294541 -2972.467575 -2956.667808 -2955.062743 -2955.224567 -2955.636755 -2956.078828 -2956.503338 -2956.896263 -2957.260046 -2957.675531 -2958.936365 -2967.831476 -3029.451126 -3172.185281 -3247.434336 -1552.687063 -1740.721783 -1773.995761 -1774.758258 -1773.942921 -1773.689279 -1773.636619 -1773.627644 -1773.626630 -1773.626915 -1773.627338 -1773.627711 -1773.628017 -1773.628268 -1773.628478 -1773.628660 -1773.628821 -1773.628969 -1773.629110 -1773.629254 -1773.629410 -1773.629590 -1773.629816 -1773.630116 -1773.630539 -1773.631161 -1773.632115 -1773.633627 -1773.636100 -1773.640282 -1773.647600 -1773.660851 -1773.685667 -1773.733700 -1773.830066 -1774.032122 -1774.480350 -1775.545567 -1778.295067 -1786.155862 -1811.607077 -9999.0 -9999.0
-9999.0 -9999.0 671.023551 572.246242 473.203757 373.983345 274.680126 175.341627 75.991605 -23.355610 -122.692285 -222.015224 -321.312721 -420.561770 -519.722779 -618.738740 -717.509262 -816.371674 -915.089594 -1013.611318 -1111.842766 -1207.534112 -1299.765292 -1386.306081 -1464.817126 -1533.418352 -1591.097100 -1637.832438 -1674.447899 -1702.306866 -1722.988425 -1738.036213 -1748.810034 -1756.426385 -1761.758207 -1765.467584 -1768.060799 -1769.994184 -1771.954296 -1775.442993 -1781.973809 -1781.123130 -1721.862765 -3662.208599 -3361.229671 -3093.294533 -2972.467575 -2956.667808 -2955.062743 -2955.224567 -2955.636755 -2956.078828 -2956.503338 -2956.896263 -2957.260046 -2957.675531 -2958.936365 -2967.831476 -3029.451126 -3172.185281 -3247.434336 -1552.687063 -1740.721783 -1773.995761 -1774.758258 -1773.942921 -1773.689279 -1773.636619 -1773.627644 -1773.626630 -1773.626915 -1773.627338 -1773.627711 -1773.628017 -1773.628268 -1773.628478 -1773.628660 -1773.628821 -1773.628969 -1773.629110 -1773.629254 -1773.629410 -1773.629590 -1773.629816 -1773.630116 -1773.630539 -1773.631161 -1773.632115 -1773.633627 -1773.636100 -1773.640282 -1773.647600 -1773.660851 -1773.685667 -1773.733700 -1773.830066 -1774.032122 -1774.480350 -1775.545567 -1778.295067 -1786.155862 -1811.607077 -9999.0 -9999.0
-9999.0 -9999.0 671.024790 572.246890 473.204022 373.983444 274.680162 175.341640 75.991610 -23.355608 -122.692285 -222.015223 -321.312721 -420.561770 -519.722779 -618.738740 -717.509262 -816.371674 -915.089595 -1013.611318 -1111.842766 -1207.534113 -1299.765292 -1386.306082 -1464.817126 -1533.418352 -1591.097100 -1637.832438 -1674.447899 -1702.306866 -1722.988425 -1738.036213 -1748.810034 -1756.426385 -1761.758207 -1765.467584 -1768.060799 -1769.994184 -1771.954296 -1775.442993 -1781.973809 -1781.123130 -1721.862765 -3662.208599 -3361.229669 -3093.294530 -2972.467575 -2956.667808 -2955.062743 -2955.224567 -2955.636755 -2956.078828 -2956.503338 -2956.896263 -2957.260046 -2957.675531 -2958.936365 -2967.831476 -3029.451126 -3172.185281 -3247.434336 -1552.687063 -1740.721783 -1773.995761 -1774.758258 -1773.942921 -1773.689279 -1773.636619 -1773.627644 -1773.626630 -1773.626915 -1773.627338 -1773.627711 -1773.628017 -1773.628268 -1773.628478 -1773.628660 -1773.628821 -1773.628969 -1773.629110 -1773.629254 -1773.629410 -1773.629590 -1773.629816 -1773.630116 -1773.630539 -1773.631161 -1773.632115 -1773.633627 -1773.636100 -1773.640282 -1773.647600 -1773.660851 -1773.685667 -1773.733700 -1773.830066 -1774.032122 -1774.480350 -1775.545567 -1778.295067 -1786.155862 -1811.607077 -9999.0 -9999.0
-9999.0 -9999.0 671.024790 572.246890 473.204022 373.983444 274.680162 175.341640 75.991610 -23.355608 -122.692284 -222.015224 -321.312721 -420.561770 -519.722779 -618.738740 -717.509262 -816.371674 -915.089595 -1013.611318 -1111.842766 -1207.534113 -1299.765292 -1386.306082 -1464.817126 -1533.418352 -1591.097100 -1637.832438 -1674.447899 -1702.306866 -1722.988425 -1738.036213 -1748.810034 -1756.426385 -1761.758207 -1765.467584 -1768.060799 -1769.994184 -1771.954296 -1775.442993 -1781.973809 -1781.123130 -1721.862765 -3662.208599 -3361.229670 -3093.294530 -2972.467575 -2956.667808 -2955.062743 -2955.224567 -2955.636755 -2956.078828 -2956.503338 -2956.896263 -2957.260046 -2957.675531 -2958.936365 -2967.831476 -3029.451126 -3172.185281 -3247.434336 -1552.687063 -1740.721783 -1773.995761 -1774.758258 -1773.942921 -1773.689279 -1773.636619 -1773.627644 -1773.626630 -1773.626915 -1773.627338 -1773.627711 -1773.628017 -1773.628268 -1773.628478 -1773.628660 -1773.628821 -1773.628969 -1773.629110 -1773.629254 -1773.629410 -1773.629590 -1773.629816 -1773.630116 -1773.630539 -1773.631161 -1773.632115 -1773.633627 -1773.636100 -1773.640282 -1773.647600 -1773.660851 -1773.685667 -1773.733700 -1773.830066 -1774.032122 -1774.480350 -1775.545567 -1778.295067 -1786.155862 -1811.607077 -9999.0 -9999.0
-9999.0 -9999.0 671.023551 572.246242 473.203757 373.983345 274.680126 175.341627 75.991605 -23.355610 -122.692285 -222.015224 -321.312721 -420.561770 -519.722779 -618.738740 -717.509262 -816.371673 -915.089594 -1013.611318 -1111.842766 -1207.534112 -1299.765292 -1386.306081 -1464.817126 -1533.418352 -1591.097100 -1637.832438 -1674.447899 -1702.306866 -1722.988425 -1738.036213 -1748.810034 -1756.426385 -1761.758207 -1765.467584 -1768.060799 -1769.994184 -1771.954296 -1775.442993 -1781.973809 -1781.123130 -1721.862765 -3662.208599 -3361.229670 -3093.294533 -2972.467575 -2956.667808 -2955.062743 -2955.224567 -2955.636755 -2956.078828 -2956.503338 -2956.896263 -2957.260046 -2957.675531 -2958.936365 -2967.831476 -3029.451126 -3172.185281 -3247.434336 -1552.687063 -1740.721783 -1773.995761 -1774.758258 -1773.942921 -1773.689279 -1773.636619 -1773.627644 -1773.626630 -1773.626915 -1773.627338 -1773.627711 -1773.628017 -1773.628268 -1773.628478 -1773.628660 -1773.628821 -1773.628969 -1773.629110 -1773.629254 -1773.629410 -1773.629590 -1773.629816 -1773.630116 -1773.630539 -1773.631161 -1773.632115 -1773.633627 -1773.636100 -1773.640282 -1773.647600 -1773.660851 -1773.685667 -1773.733700 -1773.830066 -1774.032122 -1774.480350 -1775.545567 -1778.295067 -1786.155862 -1811.607077 -9999.0 -9999.0
-9999.0 -9999.0 671.019416 572.244906 473.203358 373.983221 274.680085 175.341612 75.991600 -23.355613 -122.692286 -222.015225 -321.312722 -420.561770 -519.722779 -618.738740 -717.509262 -816.371673 -915.089594 -1013.611318 -1111.842765 -1207.534112 -1299.765291 -1386.306081 -1464.817126 -1533.418352 -1591.097100 -1637.832438 -1674.447899 -1702.306866 -1722.988425 -1738.036213 -1748.810034 -1756.426385 -1761.758207 -1765.467584 -1768.060799 -1769.994184 -1771.954296 -1775.442993 -1781.973809 -1781.123130 -1721.862765 -3662.208601 -3361.229674 -3093.294540 -2972.467575 -2956.667808 -2955.062743 -2955.224567 -2955.636755 -2956.078828 -2956.503338 -2956.896263 -2957.260046 -2957.675531 -2958.936365 -2967.831476 -3029.451126 -3172.185281 -3247.434336 -1552.687063 -1740.721783 -1773.995761 -1774.758258 -1773.942921 -1773.689279 -1773.636619 -1773.627644 -1773.626630 -1773.626915 -1773.627338 -1773.627711 -1773.628017 -1773.628268 -1773.628478 -1773.628660 -1773.628821 -1773.628969 -1773.629110 -1773.629254 -1773.629410 -1773.629590 -1773.629816 -1773.630116 -1773.630539 -1773.631161 -1773.632115 -1773.633627 -1773.636100 -1773.640282 -1773.647600 -1773.660851 -1773.685667 -1773.733700 -1773.830066 -1774.032122 -1774.480350 -1775.545567 -1778.295067 -1786.155862 -1811.607077 -9999.0 -9999.0
-9999.0 -9999.0 -9999.0 -9999.0 -9999.0 -9999.0 -9999.0 -9999.0 -9999.0 -9999.0 -9999.0 -9999.0 -9999.0 -9999.0 -9999.0 -9999.0 -9999.0 -9999.0 -9999.0 -9999.0 -9999.0 -9999.0 -9999.0 -9999.0 -9999.0 -9999.0 -9999.0 -9999.0 -9999.0 -9999.0 -9999.0 -9999.0 -9999.0 -9999.0 -9999.0 -9999.0 -9999.0 -9999.0 -9999.0 -9999.0 -9999.0 -9999.0 -9999.0 -9999.0 -9999.0 -9999.0 -9999.0 -9999.0 -9999.0 -9999.0 -9999.0 -9999.0 -9999.0 -9999.0 -9999.0 -9999.0 -9999.0 -9999.0 -9999.0 -9999.0 -9999.0 -9999.0 -9999.0 -9999.0 -9999.0 -9999.0 -9999.0 -9999.0 -9999.0 -9999.0 -9999.0 -9999.0 -9999.0 -9999.0 -9999.0 -9999.0 -9999.0 -9999.0 -9999.0 -9999.0 -9999.0 -9999.0 -9999.0 -9999.0 -9999.0 -9999.0 -9999.0 -9999.0 -9999.0 -9999.0 -9999.0 -9999.0 -9999.0 -9999.0 -9999.0 -9999.0 -9999.0 -9999.0 -9999.0 -9999.0 -9999.0 -9999.0 -9999.0 -9999.0
-9999.0 -9999.0 -9999.0 -9999.0 -9999.0 -9999.0 -9999.0 -9999.0 -9999.0 -9999.0 -9999.0 -9999.0 -9999.0 -9999.0 -9999.0 -9999.0 -9999.0 -9999.0 -9999.0 -9999.0 -9999.0 -9999.0 -9999.0 -9999.0 -9999.0 -9999.0 -9999.0 -9999.0 -9999.0 -9999.0 -9999.0 -9999.0 -9999.0 -9999.0 -9999.0 -9999.0 -9999.0 -9999.0 -9999.0 -9999.0 -9999.0 -9999.0 -9999.0 -9999.0 -9999.0 -9999.0 -9999.0 -9999.0 -9999.0 -9999.0 -9999.0 -9999.0 -9999.0 -9999.0 -9999.0 -9999.0 -9999.0 -9999.0 -9999.0 -9999.0 -9999.0 -9999.0 -9999.0 -9999.0 -9999.0 -9999.0 -9999.0 -9999.0 -9999.0 -9999.0 -9999.0 -9999.0 -9999.0 -9999.0 -9999.0 -9999.0 -9999.0 -9999.0 -9999.0 -9999.0 -9999.0 -9999.0 -9999.0 -9999.0 -9999.0 -9999.0 -9999.0 -9999.0 -9999.0 -9999.0 -9999.0 -9999.0 -9999.0 -9999.0 -9999.0 -9999.0 -9999.0 -9999.0 -9999.0 -9999.0 -9999.0 -9999.0 -9999.0 -9999.0