inst/processing_geotop_simulation/geotop_simulation/out/maps3D/PwL0018N0235.asc
ncols         104
nrows         10
xllcorner     -2.000000
yllcorner     0.000000
cellsize      1.000000
NODATA_value  -9999.0
-9999.0 -9999.0 -9999.0 -9999.0 -9999.0 -9999.0 -9999.0 -9999.0 -9999.0 -9999.0 -9999.0 -9999.0 -9999.0 -9999.0 -9999.0 -9999.0 -9999.0 -9999.0 -9999.0 -9999.0 -9999.0 -9999.0 -9999.0 -9999.0 -9999.0 -9999.0 -9999.0 -9999.0 -9999.0 -9999.0 -9999.0 -9999.0 -9999.0 -9999.0 -9999.0 -9999.0 -9999.0 -9999.0 -9999.0 -9999.0 -9999.0 -9999.0 -9999.0 -9999.0 -9999.0 -9999.0 -9999.0 -9999.0 -9999.0 -9999.0 -9999.0 -9999.0 -9999.0 -9999.0 -9999.0 -9999.0 -9999.0 -9999.0 -9999.0 -9999.0 -9999.0 -9999.0 -9999.0 -9999.0 -9999.0 -9999.0 -9999.0 -9999.0 -9999.0 -9999.0 -9999.0 -9999.0 -9999.0 -9999.0 -9999.0 -9999.0 -9999.0 -9999.0 -9999.0 -9999.0 -9999.0 -9999.0 -9999.0 -9999.0 -9999.0 -9999.0 -9999.0 -9999.0 -9999.0 -9999.0 -9999.0 -9999.0 -9999.0 -9999.0 -9999.0 -9999.0 -9999.0 -9999.0 -9999.0 -9999.0 -9999.0 -9999.0 -9999.0 -9999.0
-9999.0 -9999.0 -9999.0 -9999.0 -9999.0 -9999.0 -9999.0 -9999.0 -9999.0 -9999.0 -9999.0 -9999.0 -9999.0 -9999.0 -9999.0 -9999.0 -9999.0 -9999.0 -9999.0 -9999.0 -9999.0 -9999.0 -9999.0 -9999.0 -9999.0 -9999.0 -9999.0 -9999.0 -9999.0 -9999.0 -9999.0 -9999.0 -9999.0 -9999.0 -9999.0 -9999.0 -9999.0 -9999.0 -9999.0 -9999.0 -9999.0 -9999.0 -9999.0 -9999.0 -9999.0 -9999.0 -9999.0 -9999.0 -9999.0 -9999.0 -9999.0 -9999.0 -9999.0 -9999.0 -9999.0 -9999.0 -9999.0 -9999.0 -9999.0 -9999.0 -9999.0 -9999.0 -9999.0 -9999.0 -9999.0 -9999.0 -9999.0 -9999.0 -9999.0 -9999.0 -9999.0 -9999.0 -9999.0 -9999.0 -9999.0 -9999.0 -9999.0 -9999.0 -9999.0 -9999.0 -9999.0 -9999.0 -9999.0 -9999.0 -9999.0 -9999.0 -9999.0 -9999.0 -9999.0 -9999.0 -9999.0 -9999.0 -9999.0 -9999.0 -9999.0 -9999.0 -9999.0 -9999.0 -9999.0 -9999.0 -9999.0 -9999.0 -9999.0 -9999.0
-9999.0 -9999.0 874.726098 777.548645 680.039164 582.156244 484.078146 385.913388 287.720116 189.529653 91.359318 -6.777929 -104.869226 -202.901511 -300.816858 -398.505784 -495.762776 -592.249273 -687.457361 -783.230714 -878.185792 -972.049557 -1064.580023 -1143.985603 -1213.293089 -1271.207732 -1317.596608 -1353.339479 -1379.961012 -1399.230072 -1412.855315 -1422.312668 -1428.783660 -1433.164159 -1436.107399 -1438.078557 -1439.413026 -1440.403923 -1441.586328 -1444.922059 -1458.214667 -1517.967420 -1979.695729 -4047.639804 -4084.155386 -4084.158411 -4084.158236 -4084.156180 -4084.145949 -4084.111471 -4084.015226 -4083.733124 -4083.261304 -4082.646039 -4081.619008 -4079.620563 -4075.243490 -4064.823466 -4039.055037 -3976.584830 -3760.124334 -1736.076130 -1478.464794 -1450.461778 -1443.784932 -1442.418005 -1442.183921 -1442.147322 -1442.142238 -1442.142158 -1442.142801 -1442.143432 -1442.143942 -1442.144337 -1442.144644 -1442.144886 -1442.145081 -1442.145242 -1442.145379 -1442.145503 -1442.145625 -1442.145760 -1442.145926 -1442.146152 -1442.146480 -1442.146977 -1442.147751 -1442.148986 -1442.150990 -1442.154313 -1442.159957 -1442.169812 -1442.187551 -1442.220471 -1442.283379 -1442.407241 -1442.660128 -1443.202700 -1444.442838 -1447.482882 -1455.577596 -1480.244539 -9999.0 -9999.0
-9999.0 -9999.0 874.729669 777.549953 680.039583 582.156379 484.078191 385.913404 287.720122 189.529655 91.359319 -6.777929 -104.869226 -202.901511 -300.816858 -398.505784 -495.762776 -592.249273 -687.457361 -783.230714 -878.185793 -972.049558 -1064.580023 -1143.985603 -1213.293089 -1271.207732 -1317.596609 -1353.339479 -1379.961012 -1399.230072 -1412.855315 -1422.312668 -1428.783660 -1433.164159 -1436.107399 -1438.078557 -1439.413026 -1440.403923 -1441.586328 -1444.922059 -1458.214667 -1517.967420 -1979.695729 -4047.639804 -4084.155386 -4084.158411 -4084.158236 -4084.156180 -4084.145949 -4084.111471 -4084.015226 -4083.733124 -4083.261304 -4082.646039 -4081.619008 -4079.620563 -4075.243490 -4064.823466 -4039.055037 -3976.584830 -3760.124334 -1736.076130 -1478.464794 -1450.461778 -1443.784932 -1442.418005 -1442.183921 -1442.147322 -1442.142238 -1442.142158 -1442.142801 -1442.143432 -1442.143942 -1442.144337 -1442.144644 -1442.144886 -1442.145081 -1442.145242 -1442.145379 -1442.145503 -1442.145625 -1442.145760 -1442.145926 -1442.146152 -1442.146480 -1442.146977 -1442.147751 -1442.148986 -1442.150990 -1442.154313 -1442.159957 -1442.169812 -1442.187551 -1442.220471 -1442.283379 -1442.407241 -1442.660128 -1443.202700 -1444.442838 -1447.482882 -1455.577596 -1480.244539 -9999.0 -9999.0
-9999.0 -9999.0 874.730955 777.550638 680.039869 582.156488 484.078231 385.913418 287.720127 189.529657 91.359320 -6.777928 -104.869226 -202.901511 -300.816858 -398.505784 -495.762776 -592.249273 -687.457361 -783.230714 -878.185793 -972.049558 -1064.580023 -1143.985604 -1213.293089 -1271.207732 -1317.596609 -1353.339480 -1379.961012 -1399.230072 -1412.855316 -1422.312668 -1428.783660 -1433.164159 -1436.107399 -1438.078557 -1439.413026 -1440.403923 -1441.586328 -1444.922059 -1458.214667 -1517.967420 -1979.695729 -4047.639804 -4084.155386 -4084.158411 -4084.158236 -4084.156180 -4084.145949 -4084.111471 -4084.015226 -4083.733124 -4083.261304 -4082.646039 -4081.619008 -4079.620563 -4075.243490 -4064.823466 -4039.055037 -3976.584830 -3760.124333 -1736.076130 -1478.464794 -1450.461778 -1443.784932 -1442.418005 -1442.183921 -1442.147322 -1442.142238 -1442.142158 -1442.142801 -1442.143432 -1442.143942 -1442.144337 -1442.144644 -1442.144886 -1442.145081 -1442.145242 -1442.145379 -1442.145503 -1442.145625 -1442.145760 -1442.145926 -1442.146152 -1442.146480 -1442.146977 -1442.147751 -1442.148986 -1442.150990 -1442.154313 -1442.159957 -1442.169812 -1442.187551 -1442.220471 -1442.283379 -1442.407241 -1442.660128 -1443.202700 -1444.442838 -1447.482882 -1455.577596 -1480.244539 -9999.0 -9999.0
-9999.0 -9999.0 874.730955 777.550638 680.039869 582.156488 484.078231 385.913418 287.720127 189.529657 91.359320 -6.777928 -104.869226 -202.901511 -300.816858 -398.505784 -495.762776 -592.249273 -687.457361 -783.230714 -878.185793 -972.049558 -1064.580023 -1143.985604 -1213.293089 -1271.207732 -1317.596609 -1353.339480 -1379.961012 -1399.230072 -1412.855316 -1422.312668 -1428.783660 -1433.164159 -1436.107399 -1438.078557 -1439.413026 -1440.403923 -1441.586328 -1444.922059 -1458.214667 -1517.967420 -1979.695729 -4047.639804 -4084.155386 -4084.158411 -4084.158236 -4084.156180 -4084.145949 -4084.111471 -4084.015226 -4083.733124 -4083.261304 -4082.646039 -4081.619008 -4079.620563 -4075.243490 -4064.823466 -4039.055037 -3976.584830 -3760.124334 -1736.076130 -1478.464794 -1450.461778 -1443.784932 -1442.418005 -1442.183921 -1442.147322 -1442.142238 -1442.142158 -1442.142801 -1442.143432 -1442.143942 -1442.144337 -1442.144644 -1442.144886 -1442.145081 -1442.145242 -1442.145379 -1442.145503 -1442.145625 -1442.145760 -1442.145926 -1442.146152 -1442.146480 -1442.146977 -1442.147751 -1442.148986 -1442.150990 -1442.154313 -1442.159957 -1442.169812 -1442.187551 -1442.220471 -1442.283379 -1442.407241 -1442.660128 -1443.202700 -1444.442838 -1447.482882 -1455.577596 -1480.244539 -9999.0 -9999.0
-9999.0 -9999.0 874.729669 777.549953 680.039583 582.156379 484.078191 385.913404 287.720122 189.529655 91.359319 -6.777929 -104.869226 -202.901511 -300.816858 -398.505784 -495.762776 -592.249273 -687.457361 -783.230714 -878.185793 -972.049558 -1064.580023 -1143.985603 -1213.293089 -1271.207732 -1317.596609 -1353.339479 -1379.961012 -1399.230072 -1412.855315 -1422.312668 -1428.783660 -1433.164159 -1436.107399 -1438.078557 -1439.413026 -1440.403923 -1441.586328 -1444.922059 -1458.214667 -1517.967420 -1979.695729 -4047.639804 -4084.155386 -4084.158411 -4084.158236 -4084.156180 -4084.145949 -4084.111471 -4084.015226 -4083.733124 -4083.261304 -4082.646039 -4081.619008 -4079.620563 -4075.243490 -4064.823466 -4039.055037 -3976.584830 -3760.124334 -1736.076130 -1478.464794 -1450.461778 -1443.784932 -1442.418005 -1442.183921 -1442.147322 -1442.142238 -1442.142158 -1442.142801 -1442.143432 -1442.143942 -1442.144337 -1442.144644 -1442.144886 -1442.145081 -1442.145242 -1442.145379 -1442.145503 -1442.145625 -1442.145760 -1442.145926 -1442.146152 -1442.146480 -1442.146977 -1442.147751 -1442.148986 -1442.150990 -1442.154313 -1442.159957 -1442.169812 -1442.187551 -1442.220471 -1442.283379 -1442.407241 -1442.660128 -1443.202700 -1444.442838 -1447.482882 -1455.577596 -1480.244539 -9999.0 -9999.0
-9999.0 -9999.0 874.726098 777.548645 680.039164 582.156244 484.078146 385.913388 287.720116 189.529653 91.359318 -6.777929 -104.869226 -202.901511 -300.816858 -398.505784 -495.762776 -592.249273 -687.457361 -783.230714 -878.185792 -972.049557 -1064.580023 -1143.985603 -1213.293089 -1271.207732 -1317.596608 -1353.339479 -1379.961012 -1399.230072 -1412.855315 -1422.312668 -1428.783660 -1433.164159 -1436.107399 -1438.078557 -1439.413026 -1440.403923 -1441.586328 -1444.922059 -1458.214667 -1517.967420 -1979.695729 -4047.639804 -4084.155386 -4084.158411 -4084.158236 -4084.156180 -4084.145949 -4084.111471 -4084.015226 -4083.733124 -4083.261304 -4082.646039 -4081.619008 -4079.620563 -4075.243490 -4064.823466 -4039.055037 -3976.584830 -3760.124335 -1736.076130 -1478.464794 -1450.461778 -1443.784932 -1442.418005 -1442.183921 -1442.147322 -1442.142238 -1442.142158 -1442.142801 -1442.143432 -1442.143942 -1442.144337 -1442.144644 -1442.144886 -1442.145081 -1442.145242 -1442.145379 -1442.145503 -1442.145625 -1442.145760 -1442.145926 -1442.146152 -1442.146480 -1442.146977 -1442.147751 -1442.148986 -1442.150990 -1442.154313 -1442.159957 -1442.169812 -1442.187551 -1442.220471 -1442.283379 -1442.407241 -1442.660128 -1443.202700 -1444.442838 -1447.482882 -1455.577596 -1480.244539 -9999.0 -9999.0
-9999.0 -9999.0 -9999.0 -9999.0 -9999.0 -9999.0 -9999.0 -9999.0 -9999.0 -9999.0 -9999.0 -9999.0 -9999.0 -9999.0 -9999.0 -9999.0 -9999.0 -9999.0 -9999.0 -9999.0 -9999.0 -9999.0 -9999.0 -9999.0 -9999.0 -9999.0 -9999.0 -9999.0 -9999.0 -9999.0 -9999.0 -9999.0 -9999.0 -9999.0 -9999.0 -9999.0 -9999.0 -9999.0 -9999.0 -9999.0 -9999.0 -9999.0 -9999.0 -9999.0 -9999.0 -9999.0 -9999.0 -9999.0 -9999.0 -9999.0 -9999.0 -9999.0 -9999.0 -9999.0 -9999.0 -9999.0 -9999.0 -9999.0 -9999.0 -9999.0 -9999.0 -9999.0 -9999.0 -9999.0 -9999.0 -9999.0 -9999.0 -9999.0 -9999.0 -9999.0 -9999.0 -9999.0 -9999.0 -9999.0 -9999.0 -9999.0 -9999.0 -9999.0 -9999.0 -9999.0 -9999.0 -9999.0 -9999.0 -9999.0 -9999.0 -9999.0 -9999.0 -9999.0 -9999.0 -9999.0 -9999.0 -9999.0 -9999.0 -9999.0 -9999.0 -9999.0 -9999.0 -9999.0 -9999.0 -9999.0 -9999.0 -9999.0 -9999.0 -9999.0
-9999.0 -9999.0 -9999.0 -9999.0 -9999.0 -9999.0 -9999.0 -9999.0 -9999.0 -9999.0 -9999.0 -9999.0 -9999.0 -9999.0 -9999.0 -9999.0 -9999.0 -9999.0 -9999.0 -9999.0 -9999.0 -9999.0 -9999.0 -9999.0 -9999.0 -9999.0 -9999.0 -9999.0 -9999.0 -9999.0 -9999.0 -9999.0 -9999.0 -9999.0 -9999.0 -9999.0 -9999.0 -9999.0 -9999.0 -9999.0 -9999.0 -9999.0 -9999.0 -9999.0 -9999.0 -9999.0 -9999.0 -9999.0 -9999.0 -9999.0 -9999.0 -9999.0 -9999.0 -9999.0 -9999.0 -9999.0 -9999.0 -9999.0 -9999.0 -9999.0 -9999.0 -9999.0 -9999.0 -9999.0 -9999.0 -9999.0 -9999.0 -9999.0 -9999.0 -9999.0 -9999.0 -9999.0 -9999.0 -9999.0 -9999.0 -9999.0 -9999.0 -9999.0 -9999.0 -9999.0 -9999.0 -9999.0 -9999.0 -9999.0 -9999.0 -9999.0 -9999.0 -9999.0 -9999.0 -9999.0 -9999.0 -9999.0 -9999.0 -9999.0 -9999.0 -9999.0 -9999.0 -9999.0 -9999.0 -9999.0 -9999.0 -9999.0 -9999.0 -9999.0