inst/processing_geotop_simulation/geotop_simulation/out/maps3D/PwL0010N0461.asc
ncols         104
nrows         10
xllcorner     -2.000000
yllcorner     0.000000
cellsize      1.000000
NODATA_value  -9999.0
-9999.0 -9999.0 -9999.0 -9999.0 -9999.0 -9999.0 -9999.0 -9999.0 -9999.0 -9999.0 -9999.0 -9999.0 -9999.0 -9999.0 -9999.0 -9999.0 -9999.0 -9999.0 -9999.0 -9999.0 -9999.0 -9999.0 -9999.0 -9999.0 -9999.0 -9999.0 -9999.0 -9999.0 -9999.0 -9999.0 -9999.0 -9999.0 -9999.0 -9999.0 -9999.0 -9999.0 -9999.0 -9999.0 -9999.0 -9999.0 -9999.0 -9999.0 -9999.0 -9999.0 -9999.0 -9999.0 -9999.0 -9999.0 -9999.0 -9999.0 -9999.0 -9999.0 -9999.0 -9999.0 -9999.0 -9999.0 -9999.0 -9999.0 -9999.0 -9999.0 -9999.0 -9999.0 -9999.0 -9999.0 -9999.0 -9999.0 -9999.0 -9999.0 -9999.0 -9999.0 -9999.0 -9999.0 -9999.0 -9999.0 -9999.0 -9999.0 -9999.0 -9999.0 -9999.0 -9999.0 -9999.0 -9999.0 -9999.0 -9999.0 -9999.0 -9999.0 -9999.0 -9999.0 -9999.0 -9999.0 -9999.0 -9999.0 -9999.0 -9999.0 -9999.0 -9999.0 -9999.0 -9999.0 -9999.0 -9999.0 -9999.0 -9999.0 -9999.0 -9999.0
-9999.0 -9999.0 -9999.0 -9999.0 -9999.0 -9999.0 -9999.0 -9999.0 -9999.0 -9999.0 -9999.0 -9999.0 -9999.0 -9999.0 -9999.0 -9999.0 -9999.0 -9999.0 -9999.0 -9999.0 -9999.0 -9999.0 -9999.0 -9999.0 -9999.0 -9999.0 -9999.0 -9999.0 -9999.0 -9999.0 -9999.0 -9999.0 -9999.0 -9999.0 -9999.0 -9999.0 -9999.0 -9999.0 -9999.0 -9999.0 -9999.0 -9999.0 -9999.0 -9999.0 -9999.0 -9999.0 -9999.0 -9999.0 -9999.0 -9999.0 -9999.0 -9999.0 -9999.0 -9999.0 -9999.0 -9999.0 -9999.0 -9999.0 -9999.0 -9999.0 -9999.0 -9999.0 -9999.0 -9999.0 -9999.0 -9999.0 -9999.0 -9999.0 -9999.0 -9999.0 -9999.0 -9999.0 -9999.0 -9999.0 -9999.0 -9999.0 -9999.0 -9999.0 -9999.0 -9999.0 -9999.0 -9999.0 -9999.0 -9999.0 -9999.0 -9999.0 -9999.0 -9999.0 -9999.0 -9999.0 -9999.0 -9999.0 -9999.0 -9999.0 -9999.0 -9999.0 -9999.0 -9999.0 -9999.0 -9999.0 -9999.0 -9999.0 -9999.0 -9999.0
-9999.0 -9999.0 472.250908 373.500222 274.351493 175.016774 75.603487 -23.840739 -123.293558 -222.745080 -322.185826 -421.601964 -520.968980 -620.238413 -719.350693 -818.523733 -917.627052 -1016.649416 -1115.581168 -1213.678461 -1310.595423 -1405.117212 -1495.213595 -1578.316555 -1652.029465 -1714.797287 -1766.197418 -1806.833323 -1837.998989 -1861.303041 -1878.371628 -1890.667097 -1899.408044 -1905.557761 -1909.850150 -1912.832847 -1914.923579 -1916.510663 -1918.195880 -1921.062752 -1923.106871 -1885.747013 -1330.094047 -1476.775916 -1438.859127 -1413.363232 -1401.662788 -1399.972405 -1399.793751 -1399.809023 -1399.851760 -1399.897816 -1399.942080 -1399.983073 -1400.021188 -1400.066166 -1400.210409 -1401.197251 -1407.315481 -1421.047472 -1434.905281 -1274.525430 -1850.416245 -1916.128648 -1920.173216 -1919.683511 -1919.456445 -1919.404849 -1919.395670 -1919.394554 -1919.394784 -1919.395168 -1919.395510 -1919.395789 -1919.396017 -1919.396207 -1919.396370 -1919.396513 -1919.396644 -1919.396770 -1919.396897 -1919.397035 -1919.397197 -1919.397401 -1919.397675 -1919.398064 -1919.398643 -1919.399535 -1919.400954 -1919.403285 -1919.407238 -1919.414171 -1919.426748 -1919.450333 -1919.496033 -1919.587798 -1919.780385 -1920.208325 -1921.229787 -1923.892140 -1931.618283 -1956.987230 -9999.0 -9999.0
-9999.0 -9999.0 472.256304 373.501719 274.351909 175.016900 75.603528 -23.840725 -123.293552 -222.745078 -322.185825 -421.601964 -520.968979 -620.238412 -719.350693 -818.523734 -917.627052 -1016.649416 -1115.581168 -1213.678461 -1310.595423 -1405.117213 -1495.213596 -1578.316555 -1652.029465 -1714.797287 -1766.197418 -1806.833323 -1837.998989 -1861.303041 -1878.371628 -1890.667097 -1899.408044 -1905.557761 -1909.850150 -1912.832847 -1914.923579 -1916.510663 -1918.195880 -1921.062752 -1923.106871 -1885.747013 -1330.094046 -1476.775916 -1438.859126 -1413.363232 -1401.662788 -1399.972405 -1399.793751 -1399.809023 -1399.851760 -1399.897816 -1399.942080 -1399.983073 -1400.021188 -1400.066166 -1400.210409 -1401.197251 -1407.315481 -1421.047472 -1434.905281 -1274.525430 -1850.416245 -1916.128648 -1920.173216 -1919.683511 -1919.456444 -1919.404849 -1919.395670 -1919.394554 -1919.394784 -1919.395168 -1919.395510 -1919.395789 -1919.396017 -1919.396207 -1919.396370 -1919.396513 -1919.396644 -1919.396770 -1919.396897 -1919.397035 -1919.397197 -1919.397401 -1919.397675 -1919.398064 -1919.398643 -1919.399535 -1919.400954 -1919.403285 -1919.407238 -1919.414171 -1919.426748 -1919.450333 -1919.496033 -1919.587798 -1919.780385 -1920.208325 -1921.229787 -1923.892140 -1931.618283 -1956.987230 -9999.0 -9999.0
-9999.0 -9999.0 472.257584 373.502392 274.352180 175.017000 75.603564 -23.840713 -123.293548 -222.745076 -322.185824 -421.601963 -520.968979 -620.238412 -719.350693 -818.523733 -917.627052 -1016.649416 -1115.581168 -1213.678461 -1310.595423 -1405.117213 -1495.213596 -1578.316555 -1652.029465 -1714.797287 -1766.197418 -1806.833323 -1837.998989 -1861.303041 -1878.371628 -1890.667097 -1899.408044 -1905.557761 -1909.850150 -1912.832847 -1914.923579 -1916.510663 -1918.195880 -1921.062752 -1923.106871 -1885.747013 -1330.094046 -1476.775916 -1438.859126 -1413.363231 -1401.662788 -1399.972405 -1399.793751 -1399.809023 -1399.851760 -1399.897816 -1399.942080 -1399.983073 -1400.021188 -1400.066166 -1400.210409 -1401.197251 -1407.315481 -1421.047472 -1434.905281 -1274.525430 -1850.416245 -1916.128648 -1920.173216 -1919.683511 -1919.456444 -1919.404849 -1919.395670 -1919.394554 -1919.394784 -1919.395168 -1919.395510 -1919.395789 -1919.396017 -1919.396207 -1919.396370 -1919.396513 -1919.396644 -1919.396770 -1919.396897 -1919.397035 -1919.397197 -1919.397401 -1919.397675 -1919.398064 -1919.398643 -1919.399535 -1919.400954 -1919.403285 -1919.407238 -1919.414171 -1919.426748 -1919.450333 -1919.496033 -1919.587798 -1919.780385 -1920.208325 -1921.229787 -1923.892140 -1931.618283 -1956.987230 -9999.0 -9999.0
-9999.0 -9999.0 472.257584 373.502392 274.352179 175.017000 75.603564 -23.840713 -123.293548 -222.745076 -322.185824 -421.601963 -520.968979 -620.238412 -719.350693 -818.523734 -917.627052 -1016.649416 -1115.581168 -1213.678461 -1310.595423 -1405.117213 -1495.213596 -1578.316555 -1652.029465 -1714.797287 -1766.197418 -1806.833323 -1837.998989 -1861.303041 -1878.371628 -1890.667097 -1899.408044 -1905.557761 -1909.850150 -1912.832847 -1914.923579 -1916.510663 -1918.195880 -1921.062752 -1923.106871 -1885.747013 -1330.094046 -1476.775916 -1438.859126 -1413.363231 -1401.662788 -1399.972405 -1399.793751 -1399.809023 -1399.851760 -1399.897816 -1399.942080 -1399.983073 -1400.021188 -1400.066166 -1400.210409 -1401.197251 -1407.315481 -1421.047472 -1434.905281 -1274.525430 -1850.416245 -1916.128648 -1920.173216 -1919.683511 -1919.456444 -1919.404849 -1919.395670 -1919.394554 -1919.394784 -1919.395168 -1919.395510 -1919.395789 -1919.396017 -1919.396207 -1919.396370 -1919.396513 -1919.396644 -1919.396770 -1919.396897 -1919.397035 -1919.397197 -1919.397401 -1919.397675 -1919.398064 -1919.398643 -1919.399535 -1919.400954 -1919.403285 -1919.407238 -1919.414171 -1919.426748 -1919.450333 -1919.496033 -1919.587798 -1919.780385 -1920.208325 -1921.229787 -1923.892140 -1931.618283 -1956.987230 -9999.0 -9999.0
-9999.0 -9999.0 472.256304 373.501719 274.351909 175.016900 75.603528 -23.840725 -123.293552 -222.745077 -322.185825 -421.601964 -520.968979 -620.238412 -719.350693 -818.523733 -917.627052 -1016.649416 -1115.581168 -1213.678461 -1310.595423 -1405.117213 -1495.213596 -1578.316555 -1652.029465 -1714.797287 -1766.197418 -1806.833323 -1837.998989 -1861.303041 -1878.371628 -1890.667097 -1899.408044 -1905.557761 -1909.850150 -1912.832847 -1914.923579 -1916.510663 -1918.195880 -1921.062752 -1923.106871 -1885.747013 -1330.094046 -1476.775916 -1438.859126 -1413.363232 -1401.662788 -1399.972405 -1399.793751 -1399.809023 -1399.851760 -1399.897816 -1399.942080 -1399.983073 -1400.021188 -1400.066166 -1400.210409 -1401.197251 -1407.315481 -1421.047472 -1434.905281 -1274.525430 -1850.416245 -1916.128648 -1920.173216 -1919.683511 -1919.456445 -1919.404849 -1919.395670 -1919.394554 -1919.394784 -1919.395168 -1919.395510 -1919.395789 -1919.396017 -1919.396207 -1919.396370 -1919.396513 -1919.396644 -1919.396770 -1919.396897 -1919.397035 -1919.397197 -1919.397401 -1919.397675 -1919.398064 -1919.398643 -1919.399535 -1919.400954 -1919.403285 -1919.407238 -1919.414171 -1919.426748 -1919.450333 -1919.496033 -1919.587798 -1919.780385 -1920.208325 -1921.229787 -1923.892140 -1931.618283 -1956.987230 -9999.0 -9999.0
-9999.0 -9999.0 472.250908 373.500222 274.351493 175.016775 75.603487 -23.840739 -123.293558 -222.745080 -322.185826 -421.601964 -520.968980 -620.238413 -719.350693 -818.523734 -917.627052 -1016.649416 -1115.581168 -1213.678461 -1310.595423 -1405.117212 -1495.213595 -1578.316555 -1652.029465 -1714.797287 -1766.197418 -1806.833323 -1837.998989 -1861.303041 -1878.371628 -1890.667097 -1899.408044 -1905.557761 -1909.850150 -1912.832847 -1914.923579 -1916.510663 -1918.195880 -1921.062752 -1923.106871 -1885.747013 -1330.094047 -1476.775916 -1438.859127 -1413.363232 -1401.662788 -1399.972405 -1399.793751 -1399.809023 -1399.851760 -1399.897816 -1399.942080 -1399.983073 -1400.021188 -1400.066166 -1400.210409 -1401.197251 -1407.315481 -1421.047472 -1434.905281 -1274.525430 -1850.416245 -1916.128648 -1920.173216 -1919.683511 -1919.456445 -1919.404849 -1919.395670 -1919.394554 -1919.394784 -1919.395168 -1919.395510 -1919.395789 -1919.396017 -1919.396207 -1919.396370 -1919.396513 -1919.396644 -1919.396770 -1919.396897 -1919.397035 -1919.397197 -1919.397401 -1919.397675 -1919.398064 -1919.398643 -1919.399535 -1919.400954 -1919.403285 -1919.407238 -1919.414171 -1919.426748 -1919.450333 -1919.496033 -1919.587798 -1919.780385 -1920.208325 -1921.229787 -1923.892140 -1931.618283 -1956.987230 -9999.0 -9999.0
-9999.0 -9999.0 -9999.0 -9999.0 -9999.0 -9999.0 -9999.0 -9999.0 -9999.0 -9999.0 -9999.0 -9999.0 -9999.0 -9999.0 -9999.0 -9999.0 -9999.0 -9999.0 -9999.0 -9999.0 -9999.0 -9999.0 -9999.0 -9999.0 -9999.0 -9999.0 -9999.0 -9999.0 -9999.0 -9999.0 -9999.0 -9999.0 -9999.0 -9999.0 -9999.0 -9999.0 -9999.0 -9999.0 -9999.0 -9999.0 -9999.0 -9999.0 -9999.0 -9999.0 -9999.0 -9999.0 -9999.0 -9999.0 -9999.0 -9999.0 -9999.0 -9999.0 -9999.0 -9999.0 -9999.0 -9999.0 -9999.0 -9999.0 -9999.0 -9999.0 -9999.0 -9999.0 -9999.0 -9999.0 -9999.0 -9999.0 -9999.0 -9999.0 -9999.0 -9999.0 -9999.0 -9999.0 -9999.0 -9999.0 -9999.0 -9999.0 -9999.0 -9999.0 -9999.0 -9999.0 -9999.0 -9999.0 -9999.0 -9999.0 -9999.0 -9999.0 -9999.0 -9999.0 -9999.0 -9999.0 -9999.0 -9999.0 -9999.0 -9999.0 -9999.0 -9999.0 -9999.0 -9999.0 -9999.0 -9999.0 -9999.0 -9999.0 -9999.0 -9999.0
-9999.0 -9999.0 -9999.0 -9999.0 -9999.0 -9999.0 -9999.0 -9999.0 -9999.0 -9999.0 -9999.0 -9999.0 -9999.0 -9999.0 -9999.0 -9999.0 -9999.0 -9999.0 -9999.0 -9999.0 -9999.0 -9999.0 -9999.0 -9999.0 -9999.0 -9999.0 -9999.0 -9999.0 -9999.0 -9999.0 -9999.0 -9999.0 -9999.0 -9999.0 -9999.0 -9999.0 -9999.0 -9999.0 -9999.0 -9999.0 -9999.0 -9999.0 -9999.0 -9999.0 -9999.0 -9999.0 -9999.0 -9999.0 -9999.0 -9999.0 -9999.0 -9999.0 -9999.0 -9999.0 -9999.0 -9999.0 -9999.0 -9999.0 -9999.0 -9999.0 -9999.0 -9999.0 -9999.0 -9999.0 -9999.0 -9999.0 -9999.0 -9999.0 -9999.0 -9999.0 -9999.0 -9999.0 -9999.0 -9999.0 -9999.0 -9999.0 -9999.0 -9999.0 -9999.0 -9999.0 -9999.0 -9999.0 -9999.0 -9999.0 -9999.0 -9999.0 -9999.0 -9999.0 -9999.0 -9999.0 -9999.0 -9999.0 -9999.0 -9999.0 -9999.0 -9999.0 -9999.0 -9999.0 -9999.0 -9999.0 -9999.0 -9999.0 -9999.0 -9999.0