inst/processing_geotop_simulation/geotop_simulation/out/maps3D/PwL0012N0310.asc
ncols         104
nrows         10
xllcorner     -2.000000
yllcorner     0.000000
cellsize      1.000000
NODATA_value  -9999.0
-9999.0 -9999.0 -9999.0 -9999.0 -9999.0 -9999.0 -9999.0 -9999.0 -9999.0 -9999.0 -9999.0 -9999.0 -9999.0 -9999.0 -9999.0 -9999.0 -9999.0 -9999.0 -9999.0 -9999.0 -9999.0 -9999.0 -9999.0 -9999.0 -9999.0 -9999.0 -9999.0 -9999.0 -9999.0 -9999.0 -9999.0 -9999.0 -9999.0 -9999.0 -9999.0 -9999.0 -9999.0 -9999.0 -9999.0 -9999.0 -9999.0 -9999.0 -9999.0 -9999.0 -9999.0 -9999.0 -9999.0 -9999.0 -9999.0 -9999.0 -9999.0 -9999.0 -9999.0 -9999.0 -9999.0 -9999.0 -9999.0 -9999.0 -9999.0 -9999.0 -9999.0 -9999.0 -9999.0 -9999.0 -9999.0 -9999.0 -9999.0 -9999.0 -9999.0 -9999.0 -9999.0 -9999.0 -9999.0 -9999.0 -9999.0 -9999.0 -9999.0 -9999.0 -9999.0 -9999.0 -9999.0 -9999.0 -9999.0 -9999.0 -9999.0 -9999.0 -9999.0 -9999.0 -9999.0 -9999.0 -9999.0 -9999.0 -9999.0 -9999.0 -9999.0 -9999.0 -9999.0 -9999.0 -9999.0 -9999.0 -9999.0 -9999.0 -9999.0 -9999.0
-9999.0 -9999.0 -9999.0 -9999.0 -9999.0 -9999.0 -9999.0 -9999.0 -9999.0 -9999.0 -9999.0 -9999.0 -9999.0 -9999.0 -9999.0 -9999.0 -9999.0 -9999.0 -9999.0 -9999.0 -9999.0 -9999.0 -9999.0 -9999.0 -9999.0 -9999.0 -9999.0 -9999.0 -9999.0 -9999.0 -9999.0 -9999.0 -9999.0 -9999.0 -9999.0 -9999.0 -9999.0 -9999.0 -9999.0 -9999.0 -9999.0 -9999.0 -9999.0 -9999.0 -9999.0 -9999.0 -9999.0 -9999.0 -9999.0 -9999.0 -9999.0 -9999.0 -9999.0 -9999.0 -9999.0 -9999.0 -9999.0 -9999.0 -9999.0 -9999.0 -9999.0 -9999.0 -9999.0 -9999.0 -9999.0 -9999.0 -9999.0 -9999.0 -9999.0 -9999.0 -9999.0 -9999.0 -9999.0 -9999.0 -9999.0 -9999.0 -9999.0 -9999.0 -9999.0 -9999.0 -9999.0 -9999.0 -9999.0 -9999.0 -9999.0 -9999.0 -9999.0 -9999.0 -9999.0 -9999.0 -9999.0 -9999.0 -9999.0 -9999.0 -9999.0 -9999.0 -9999.0 -9999.0 -9999.0 -9999.0 -9999.0 -9999.0 -9999.0 -9999.0
-9999.0 -9999.0 573.472539 475.703354 377.338075 278.641718 179.798603 80.893589 -18.029447 -116.947085 -215.848454 -314.709935 -413.486961 -512.083828 -610.352452 -708.117639 -806.092165 -903.803915 -1001.210420 -1098.261803 -1191.519537 -1280.215469 -1361.619505 -1433.184683 -1493.343666 -1541.814840 -1579.427948 -1607.698361 -1628.392624 -1643.217907 -1653.655491 -1660.902763 -1665.880403 -1669.270778 -1671.566307 -1673.117662 -1674.183003 -1675.009941 -1676.099413 -1679.066762 -1687.834775 -1700.988922 -1565.981820 -2338.551490 -2152.882971 -2042.468222 -1994.217862 -1987.968013 -1987.335274 -1987.400457 -1987.564617 -1987.740576 -1987.909524 -1988.065889 -1988.210590 -1988.375262 -1988.871535 -1992.380668 -2016.922361 -2074.218638 -2146.103500 -1436.165088 -1665.281237 -1680.216904 -1677.716292 -1676.643187 -1676.411870 -1676.371703 -1676.365686 -1676.365310 -1676.365784 -1676.366294 -1676.366712 -1676.367038 -1676.367292 -1676.367493 -1676.367655 -1676.367789 -1676.367904 -1676.368009 -1676.368114 -1676.368230 -1676.368373 -1676.368566 -1676.368847 -1676.369271 -1676.369932 -1676.370983 -1676.372691 -1676.375528 -1676.380356 -1676.388811 -1676.404076 -1676.432489 -1676.486945 -1676.594498 -1676.814811 -1677.288908 -1678.376928 -1681.080993 -1688.555742 -1712.636730 -9999.0 -9999.0
-9999.0 -9999.0 573.477733 475.704916 377.338525 278.641855 179.798648 80.893604 -18.029441 -116.947083 -215.848453 -314.709935 -413.486960 -512.083828 -610.352452 -708.117639 -806.092165 -903.803915 -1001.210420 -1098.261803 -1191.519537 -1280.215469 -1361.619505 -1433.184683 -1493.343666 -1541.814840 -1579.427948 -1607.698361 -1628.392624 -1643.217907 -1653.655491 -1660.902763 -1665.880403 -1669.270778 -1671.566307 -1673.117662 -1674.183003 -1675.009941 -1676.099413 -1679.066762 -1687.834775 -1700.988922 -1565.981820 -2338.551489 -2152.882969 -2042.468219 -1994.217862 -1987.968013 -1987.335274 -1987.400457 -1987.564617 -1987.740576 -1987.909524 -1988.065889 -1988.210590 -1988.375262 -1988.871535 -1992.380668 -2016.922360 -2074.218638 -2146.103500 -1436.165088 -1665.281237 -1680.216904 -1677.716292 -1676.643187 -1676.411870 -1676.371703 -1676.365686 -1676.365310 -1676.365784 -1676.366294 -1676.366712 -1676.367038 -1676.367292 -1676.367493 -1676.367655 -1676.367789 -1676.367904 -1676.368009 -1676.368114 -1676.368230 -1676.368373 -1676.368566 -1676.368847 -1676.369271 -1676.369932 -1676.370983 -1676.372691 -1676.375528 -1676.380356 -1676.388811 -1676.404076 -1676.432489 -1676.486945 -1676.594498 -1676.814811 -1677.288908 -1678.376928 -1681.080993 -1688.555742 -1712.636730 -9999.0 -9999.0
-9999.0 -9999.0 573.479128 475.705645 377.338820 278.641965 179.798687 80.893618 -18.029436 -116.947081 -215.848453 -314.709935 -413.486960 -512.083828 -610.352452 -708.117639 -806.092165 -903.803915 -1001.210420 -1098.261803 -1191.519537 -1280.215469 -1361.619505 -1433.184683 -1493.343666 -1541.814840 -1579.427948 -1607.698361 -1628.392624 -1643.217907 -1653.655491 -1660.902763 -1665.880403 -1669.270778 -1671.566307 -1673.117662 -1674.183003 -1675.009941 -1676.099413 -1679.066762 -1687.834775 -1700.988922 -1565.981820 -2338.551489 -2152.882969 -2042.468218 -1994.217862 -1987.968013 -1987.335274 -1987.400457 -1987.564617 -1987.740576 -1987.909524 -1988.065889 -1988.210590 -1988.375262 -1988.871535 -1992.380668 -2016.922360 -2074.218637 -2146.103500 -1436.165088 -1665.281237 -1680.216904 -1677.716292 -1676.643187 -1676.411870 -1676.371703 -1676.365686 -1676.365310 -1676.365784 -1676.366294 -1676.366712 -1676.367038 -1676.367292 -1676.367493 -1676.367655 -1676.367789 -1676.367904 -1676.368009 -1676.368114 -1676.368230 -1676.368373 -1676.368566 -1676.368847 -1676.369271 -1676.369932 -1676.370983 -1676.372691 -1676.375528 -1676.380356 -1676.388811 -1676.404076 -1676.432489 -1676.486945 -1676.594498 -1676.814811 -1677.288908 -1678.376928 -1681.080993 -1688.555742 -1712.636730 -9999.0 -9999.0
-9999.0 -9999.0 573.479128 475.705645 377.338820 278.641965 179.798687 80.893618 -18.029436 -116.947081 -215.848453 -314.709935 -413.486960 -512.083828 -610.352452 -708.117639 -806.092165 -903.803915 -1001.210420 -1098.261803 -1191.519537 -1280.215469 -1361.619505 -1433.184683 -1493.343666 -1541.814840 -1579.427948 -1607.698361 -1628.392624 -1643.217907 -1653.655491 -1660.902763 -1665.880403 -1669.270778 -1671.566307 -1673.117662 -1674.183003 -1675.009941 -1676.099413 -1679.066762 -1687.834775 -1700.988922 -1565.981820 -2338.551489 -2152.882969 -2042.468218 -1994.217862 -1987.968013 -1987.335274 -1987.400457 -1987.564617 -1987.740576 -1987.909524 -1988.065889 -1988.210590 -1988.375262 -1988.871535 -1992.380668 -2016.922360 -2074.218637 -2146.103500 -1436.165088 -1665.281237 -1680.216904 -1677.716292 -1676.643187 -1676.411870 -1676.371703 -1676.365686 -1676.365310 -1676.365784 -1676.366294 -1676.366712 -1676.367038 -1676.367292 -1676.367493 -1676.367655 -1676.367789 -1676.367904 -1676.368009 -1676.368114 -1676.368230 -1676.368373 -1676.368566 -1676.368847 -1676.369271 -1676.369932 -1676.370983 -1676.372691 -1676.375528 -1676.380356 -1676.388811 -1676.404076 -1676.432489 -1676.486945 -1676.594498 -1676.814811 -1677.288908 -1678.376928 -1681.080993 -1688.555742 -1712.636730 -9999.0 -9999.0
-9999.0 -9999.0 573.477733 475.704916 377.338525 278.641856 179.798648 80.893604 -18.029441 -116.947083 -215.848453 -314.709935 -413.486961 -512.083828 -610.352452 -708.117639 -806.092165 -903.803915 -1001.210420 -1098.261803 -1191.519537 -1280.215469 -1361.619505 -1433.184683 -1493.343666 -1541.814840 -1579.427948 -1607.698361 -1628.392624 -1643.217907 -1653.655491 -1660.902763 -1665.880403 -1669.270778 -1671.566307 -1673.117662 -1674.183003 -1675.009941 -1676.099413 -1679.066762 -1687.834775 -1700.988922 -1565.981820 -2338.551489 -2152.882969 -2042.468219 -1994.217862 -1987.968013 -1987.335274 -1987.400457 -1987.564617 -1987.740576 -1987.909524 -1988.065889 -1988.210590 -1988.375262 -1988.871535 -1992.380668 -2016.922360 -2074.218638 -2146.103500 -1436.165088 -1665.281237 -1680.216904 -1677.716292 -1676.643187 -1676.411870 -1676.371703 -1676.365686 -1676.365310 -1676.365784 -1676.366294 -1676.366712 -1676.367038 -1676.367292 -1676.367493 -1676.367655 -1676.367789 -1676.367904 -1676.368009 -1676.368114 -1676.368230 -1676.368373 -1676.368566 -1676.368847 -1676.369271 -1676.369932 -1676.370983 -1676.372691 -1676.375528 -1676.380356 -1676.388811 -1676.404076 -1676.432489 -1676.486945 -1676.594498 -1676.814811 -1677.288908 -1678.376928 -1681.080993 -1688.555742 -1712.636730 -9999.0 -9999.0
-9999.0 -9999.0 573.472539 475.703354 377.338075 278.641718 179.798603 80.893588 -18.029447 -116.947085 -215.848454 -314.709935 -413.486961 -512.083828 -610.352452 -708.117639 -806.092165 -903.803915 -1001.210420 -1098.261803 -1191.519537 -1280.215469 -1361.619505 -1433.184683 -1493.343666 -1541.814840 -1579.427948 -1607.698361 -1628.392624 -1643.217907 -1653.655491 -1660.902763 -1665.880403 -1669.270778 -1671.566307 -1673.117662 -1674.183003 -1675.009941 -1676.099413 -1679.066762 -1687.834775 -1700.988922 -1565.981820 -2338.551490 -2152.882971 -2042.468222 -1994.217862 -1987.968013 -1987.335274 -1987.400457 -1987.564617 -1987.740576 -1987.909524 -1988.065889 -1988.210590 -1988.375262 -1988.871535 -1992.380668 -2016.922361 -2074.218638 -2146.103500 -1436.165088 -1665.281237 -1680.216904 -1677.716292 -1676.643187 -1676.411870 -1676.371703 -1676.365686 -1676.365310 -1676.365784 -1676.366294 -1676.366712 -1676.367038 -1676.367292 -1676.367493 -1676.367655 -1676.367789 -1676.367904 -1676.368009 -1676.368114 -1676.368230 -1676.368373 -1676.368566 -1676.368847 -1676.369271 -1676.369932 -1676.370983 -1676.372691 -1676.375528 -1676.380356 -1676.388811 -1676.404076 -1676.432489 -1676.486945 -1676.594498 -1676.814811 -1677.288908 -1678.376928 -1681.080993 -1688.555742 -1712.636730 -9999.0 -9999.0
-9999.0 -9999.0 -9999.0 -9999.0 -9999.0 -9999.0 -9999.0 -9999.0 -9999.0 -9999.0 -9999.0 -9999.0 -9999.0 -9999.0 -9999.0 -9999.0 -9999.0 -9999.0 -9999.0 -9999.0 -9999.0 -9999.0 -9999.0 -9999.0 -9999.0 -9999.0 -9999.0 -9999.0 -9999.0 -9999.0 -9999.0 -9999.0 -9999.0 -9999.0 -9999.0 -9999.0 -9999.0 -9999.0 -9999.0 -9999.0 -9999.0 -9999.0 -9999.0 -9999.0 -9999.0 -9999.0 -9999.0 -9999.0 -9999.0 -9999.0 -9999.0 -9999.0 -9999.0 -9999.0 -9999.0 -9999.0 -9999.0 -9999.0 -9999.0 -9999.0 -9999.0 -9999.0 -9999.0 -9999.0 -9999.0 -9999.0 -9999.0 -9999.0 -9999.0 -9999.0 -9999.0 -9999.0 -9999.0 -9999.0 -9999.0 -9999.0 -9999.0 -9999.0 -9999.0 -9999.0 -9999.0 -9999.0 -9999.0 -9999.0 -9999.0 -9999.0 -9999.0 -9999.0 -9999.0 -9999.0 -9999.0 -9999.0 -9999.0 -9999.0 -9999.0 -9999.0 -9999.0 -9999.0 -9999.0 -9999.0 -9999.0 -9999.0 -9999.0 -9999.0
-9999.0 -9999.0 -9999.0 -9999.0 -9999.0 -9999.0 -9999.0 -9999.0 -9999.0 -9999.0 -9999.0 -9999.0 -9999.0 -9999.0 -9999.0 -9999.0 -9999.0 -9999.0 -9999.0 -9999.0 -9999.0 -9999.0 -9999.0 -9999.0 -9999.0 -9999.0 -9999.0 -9999.0 -9999.0 -9999.0 -9999.0 -9999.0 -9999.0 -9999.0 -9999.0 -9999.0 -9999.0 -9999.0 -9999.0 -9999.0 -9999.0 -9999.0 -9999.0 -9999.0 -9999.0 -9999.0 -9999.0 -9999.0 -9999.0 -9999.0 -9999.0 -9999.0 -9999.0 -9999.0 -9999.0 -9999.0 -9999.0 -9999.0 -9999.0 -9999.0 -9999.0 -9999.0 -9999.0 -9999.0 -9999.0 -9999.0 -9999.0 -9999.0 -9999.0 -9999.0 -9999.0 -9999.0 -9999.0 -9999.0 -9999.0 -9999.0 -9999.0 -9999.0 -9999.0 -9999.0 -9999.0 -9999.0 -9999.0 -9999.0 -9999.0 -9999.0 -9999.0 -9999.0 -9999.0 -9999.0 -9999.0 -9999.0 -9999.0 -9999.0 -9999.0 -9999.0 -9999.0 -9999.0 -9999.0 -9999.0 -9999.0 -9999.0 -9999.0 -9999.0