inst/processing_geotop_simulation/geotop_simulation/out/maps3D/PwL0010N0442.asc
ncols         104
nrows         10
xllcorner     -2.000000
yllcorner     0.000000
cellsize      1.000000
NODATA_value  -9999.0
-9999.0 -9999.0 -9999.0 -9999.0 -9999.0 -9999.0 -9999.0 -9999.0 -9999.0 -9999.0 -9999.0 -9999.0 -9999.0 -9999.0 -9999.0 -9999.0 -9999.0 -9999.0 -9999.0 -9999.0 -9999.0 -9999.0 -9999.0 -9999.0 -9999.0 -9999.0 -9999.0 -9999.0 -9999.0 -9999.0 -9999.0 -9999.0 -9999.0 -9999.0 -9999.0 -9999.0 -9999.0 -9999.0 -9999.0 -9999.0 -9999.0 -9999.0 -9999.0 -9999.0 -9999.0 -9999.0 -9999.0 -9999.0 -9999.0 -9999.0 -9999.0 -9999.0 -9999.0 -9999.0 -9999.0 -9999.0 -9999.0 -9999.0 -9999.0 -9999.0 -9999.0 -9999.0 -9999.0 -9999.0 -9999.0 -9999.0 -9999.0 -9999.0 -9999.0 -9999.0 -9999.0 -9999.0 -9999.0 -9999.0 -9999.0 -9999.0 -9999.0 -9999.0 -9999.0 -9999.0 -9999.0 -9999.0 -9999.0 -9999.0 -9999.0 -9999.0 -9999.0 -9999.0 -9999.0 -9999.0 -9999.0 -9999.0 -9999.0 -9999.0 -9999.0 -9999.0 -9999.0 -9999.0 -9999.0 -9999.0 -9999.0 -9999.0 -9999.0 -9999.0
-9999.0 -9999.0 -9999.0 -9999.0 -9999.0 -9999.0 -9999.0 -9999.0 -9999.0 -9999.0 -9999.0 -9999.0 -9999.0 -9999.0 -9999.0 -9999.0 -9999.0 -9999.0 -9999.0 -9999.0 -9999.0 -9999.0 -9999.0 -9999.0 -9999.0 -9999.0 -9999.0 -9999.0 -9999.0 -9999.0 -9999.0 -9999.0 -9999.0 -9999.0 -9999.0 -9999.0 -9999.0 -9999.0 -9999.0 -9999.0 -9999.0 -9999.0 -9999.0 -9999.0 -9999.0 -9999.0 -9999.0 -9999.0 -9999.0 -9999.0 -9999.0 -9999.0 -9999.0 -9999.0 -9999.0 -9999.0 -9999.0 -9999.0 -9999.0 -9999.0 -9999.0 -9999.0 -9999.0 -9999.0 -9999.0 -9999.0 -9999.0 -9999.0 -9999.0 -9999.0 -9999.0 -9999.0 -9999.0 -9999.0 -9999.0 -9999.0 -9999.0 -9999.0 -9999.0 -9999.0 -9999.0 -9999.0 -9999.0 -9999.0 -9999.0 -9999.0 -9999.0 -9999.0 -9999.0 -9999.0 -9999.0 -9999.0 -9999.0 -9999.0 -9999.0 -9999.0 -9999.0 -9999.0 -9999.0 -9999.0 -9999.0 -9999.0 -9999.0 -9999.0
-9999.0 -9999.0 472.387672 373.724787 274.636008 175.348187 75.976262 -23.428813 -122.843089 -222.255959 -321.656970 -421.030772 -520.349822 -619.558962 -718.590128 -817.690773 -916.712668 -1015.642347 -1114.467957 -1212.331274 -1308.846961 -1402.678550 -1491.664352 -1573.180687 -1644.903110 -1705.451189 -1754.610223 -1793.160245 -1822.506868 -1844.303763 -1860.172303 -1871.541155 -1879.583380 -1885.215838 -1889.130758 -1891.840898 -1893.735493 -1895.178913 -1896.758726 -1899.632198 -1902.456896 -1869.393720 -1329.201605 -1480.760845 -1441.275589 -1414.952424 -1402.888692 -1401.157688 -1400.975366 -1400.991275 -1401.035277 -1401.082670 -1401.128216 -1401.170393 -1401.209592 -1401.255693 -1401.402715 -1402.410880 -1408.709889 -1422.877288 -1437.675003 -1272.290520 -1834.292067 -1895.352496 -1898.621798 -1898.045860 -1897.815551 -1897.765199 -1897.756442 -1897.755424 -1897.755679 -1897.756072 -1897.756416 -1897.756695 -1897.756921 -1897.757108 -1897.757266 -1897.757403 -1897.757528 -1897.757646 -1897.757766 -1897.757896 -1897.758050 -1897.758247 -1897.758515 -1897.758902 -1897.759481 -1897.760380 -1897.761818 -1897.764188 -1897.768213 -1897.775276 -1897.788089 -1897.812099 -1897.858559 -1897.951646 -1898.146373 -1898.577251 -1899.600583 -1902.253217 -1909.918335 -1935.093416 -9999.0 -9999.0
-9999.0 -9999.0 472.393137 373.726304 274.636430 175.348314 75.976304 -23.428799 -122.843084 -222.255957 -321.656969 -421.030772 -520.349822 -619.558962 -718.590128 -817.690773 -916.712668 -1015.642347 -1114.467957 -1212.331274 -1308.846961 -1402.678550 -1491.664352 -1573.180687 -1644.903110 -1705.451189 -1754.610223 -1793.160245 -1822.506868 -1844.303763 -1860.172303 -1871.541155 -1879.583380 -1885.215838 -1889.130758 -1891.840898 -1893.735493 -1895.178913 -1896.758726 -1899.632198 -1902.456896 -1869.393720 -1329.201605 -1480.760844 -1441.275588 -1414.952423 -1402.888692 -1401.157688 -1400.975365 -1400.991275 -1401.035277 -1401.082670 -1401.128216 -1401.170393 -1401.209592 -1401.255693 -1401.402715 -1402.410880 -1408.709889 -1422.877288 -1437.675003 -1272.290520 -1834.292067 -1895.352496 -1898.621798 -1898.045860 -1897.815551 -1897.765199 -1897.756442 -1897.755424 -1897.755679 -1897.756072 -1897.756416 -1897.756695 -1897.756921 -1897.757108 -1897.757266 -1897.757403 -1897.757528 -1897.757646 -1897.757766 -1897.757896 -1897.758050 -1897.758247 -1897.758515 -1897.758902 -1897.759481 -1897.760380 -1897.761818 -1897.764188 -1897.768213 -1897.775276 -1897.788089 -1897.812099 -1897.858559 -1897.951646 -1898.146373 -1898.577251 -1899.600583 -1902.253217 -1909.918335 -1935.093416 -9999.0 -9999.0
-9999.0 -9999.0 472.394433 373.726985 274.636704 175.348415 75.976340 -23.428786 -122.843079 -222.255955 -321.656968 -421.030771 -520.349822 -619.558962 -718.590128 -817.690773 -916.712668 -1015.642347 -1114.467957 -1212.331274 -1308.846961 -1402.678550 -1491.664353 -1573.180688 -1644.903110 -1705.451189 -1754.610223 -1793.160245 -1822.506868 -1844.303763 -1860.172303 -1871.541155 -1879.583380 -1885.215838 -1889.130758 -1891.840898 -1893.735493 -1895.178913 -1896.758726 -1899.632198 -1902.456896 -1869.393720 -1329.201605 -1480.760844 -1441.275588 -1414.952423 -1402.888692 -1401.157688 -1400.975365 -1400.991275 -1401.035277 -1401.082670 -1401.128216 -1401.170393 -1401.209592 -1401.255693 -1401.402715 -1402.410880 -1408.709889 -1422.877288 -1437.675003 -1272.290520 -1834.292067 -1895.352496 -1898.621798 -1898.045860 -1897.815551 -1897.765199 -1897.756442 -1897.755424 -1897.755679 -1897.756072 -1897.756416 -1897.756695 -1897.756921 -1897.757108 -1897.757266 -1897.757403 -1897.757528 -1897.757646 -1897.757766 -1897.757896 -1897.758050 -1897.758247 -1897.758515 -1897.758902 -1897.759481 -1897.760380 -1897.761818 -1897.764188 -1897.768213 -1897.775276 -1897.788089 -1897.812099 -1897.858559 -1897.951646 -1898.146373 -1898.577251 -1899.600583 -1902.253217 -1909.918335 -1935.093416 -9999.0 -9999.0
-9999.0 -9999.0 472.394433 373.726985 274.636704 175.348415 75.976340 -23.428786 -122.843079 -222.255955 -321.656968 -421.030771 -520.349822 -619.558962 -718.590128 -817.690773 -916.712668 -1015.642347 -1114.467957 -1212.331274 -1308.846961 -1402.678550 -1491.664353 -1573.180688 -1644.903110 -1705.451189 -1754.610223 -1793.160245 -1822.506868 -1844.303763 -1860.172303 -1871.541155 -1879.583380 -1885.215838 -1889.130758 -1891.840898 -1893.735493 -1895.178913 -1896.758726 -1899.632198 -1902.456896 -1869.393720 -1329.201605 -1480.760844 -1441.275588 -1414.952423 -1402.888692 -1401.157688 -1400.975365 -1400.991275 -1401.035277 -1401.082670 -1401.128216 -1401.170393 -1401.209592 -1401.255693 -1401.402715 -1402.410880 -1408.709889 -1422.877288 -1437.675003 -1272.290520 -1834.292067 -1895.352496 -1898.621798 -1898.045860 -1897.815551 -1897.765199 -1897.756442 -1897.755424 -1897.755679 -1897.756072 -1897.756416 -1897.756695 -1897.756921 -1897.757108 -1897.757266 -1897.757403 -1897.757528 -1897.757646 -1897.757766 -1897.757896 -1897.758050 -1897.758247 -1897.758515 -1897.758902 -1897.759481 -1897.760380 -1897.761818 -1897.764188 -1897.768213 -1897.775276 -1897.788089 -1897.812099 -1897.858559 -1897.951646 -1898.146373 -1898.577251 -1899.600583 -1902.253217 -1909.918335 -1935.093416 -9999.0 -9999.0
-9999.0 -9999.0 472.393137 373.726304 274.636430 175.348314 75.976304 -23.428799 -122.843084 -222.255957 -321.656969 -421.030772 -520.349822 -619.558962 -718.590128 -817.690773 -916.712668 -1015.642347 -1114.467957 -1212.331274 -1308.846961 -1402.678550 -1491.664352 -1573.180687 -1644.903110 -1705.451189 -1754.610223 -1793.160245 -1822.506868 -1844.303763 -1860.172303 -1871.541155 -1879.583380 -1885.215838 -1889.130758 -1891.840898 -1893.735493 -1895.178913 -1896.758726 -1899.632198 -1902.456896 -1869.393720 -1329.201605 -1480.760844 -1441.275588 -1414.952423 -1402.888692 -1401.157688 -1400.975365 -1400.991275 -1401.035277 -1401.082670 -1401.128216 -1401.170393 -1401.209592 -1401.255693 -1401.402715 -1402.410880 -1408.709889 -1422.877288 -1437.675003 -1272.290520 -1834.292067 -1895.352496 -1898.621798 -1898.045860 -1897.815551 -1897.765199 -1897.756442 -1897.755424 -1897.755679 -1897.756072 -1897.756416 -1897.756695 -1897.756921 -1897.757108 -1897.757266 -1897.757403 -1897.757528 -1897.757646 -1897.757766 -1897.757896 -1897.758050 -1897.758247 -1897.758515 -1897.758902 -1897.759481 -1897.760380 -1897.761818 -1897.764188 -1897.768213 -1897.775276 -1897.788089 -1897.812099 -1897.858559 -1897.951646 -1898.146373 -1898.577251 -1899.600583 -1902.253217 -1909.918335 -1935.093416 -9999.0 -9999.0
-9999.0 -9999.0 472.387672 373.724787 274.636008 175.348187 75.976262 -23.428813 -122.843089 -222.255959 -321.656970 -421.030772 -520.349822 -619.558962 -718.590128 -817.690773 -916.712668 -1015.642347 -1114.467957 -1212.331274 -1308.846961 -1402.678550 -1491.664352 -1573.180687 -1644.903110 -1705.451189 -1754.610223 -1793.160245 -1822.506868 -1844.303763 -1860.172303 -1871.541155 -1879.583380 -1885.215838 -1889.130758 -1891.840898 -1893.735493 -1895.178913 -1896.758726 -1899.632198 -1902.456896 -1869.393720 -1329.201605 -1480.760845 -1441.275589 -1414.952424 -1402.888692 -1401.157688 -1400.975366 -1400.991275 -1401.035277 -1401.082670 -1401.128216 -1401.170393 -1401.209592 -1401.255693 -1401.402715 -1402.410880 -1408.709889 -1422.877288 -1437.675003 -1272.290520 -1834.292067 -1895.352496 -1898.621798 -1898.045860 -1897.815551 -1897.765199 -1897.756442 -1897.755424 -1897.755679 -1897.756072 -1897.756416 -1897.756695 -1897.756921 -1897.757108 -1897.757266 -1897.757403 -1897.757528 -1897.757646 -1897.757766 -1897.757896 -1897.758050 -1897.758247 -1897.758515 -1897.758902 -1897.759481 -1897.760380 -1897.761818 -1897.764188 -1897.768213 -1897.775276 -1897.788089 -1897.812099 -1897.858559 -1897.951646 -1898.146373 -1898.577251 -1899.600583 -1902.253217 -1909.918335 -1935.093416 -9999.0 -9999.0
-9999.0 -9999.0 -9999.0 -9999.0 -9999.0 -9999.0 -9999.0 -9999.0 -9999.0 -9999.0 -9999.0 -9999.0 -9999.0 -9999.0 -9999.0 -9999.0 -9999.0 -9999.0 -9999.0 -9999.0 -9999.0 -9999.0 -9999.0 -9999.0 -9999.0 -9999.0 -9999.0 -9999.0 -9999.0 -9999.0 -9999.0 -9999.0 -9999.0 -9999.0 -9999.0 -9999.0 -9999.0 -9999.0 -9999.0 -9999.0 -9999.0 -9999.0 -9999.0 -9999.0 -9999.0 -9999.0 -9999.0 -9999.0 -9999.0 -9999.0 -9999.0 -9999.0 -9999.0 -9999.0 -9999.0 -9999.0 -9999.0 -9999.0 -9999.0 -9999.0 -9999.0 -9999.0 -9999.0 -9999.0 -9999.0 -9999.0 -9999.0 -9999.0 -9999.0 -9999.0 -9999.0 -9999.0 -9999.0 -9999.0 -9999.0 -9999.0 -9999.0 -9999.0 -9999.0 -9999.0 -9999.0 -9999.0 -9999.0 -9999.0 -9999.0 -9999.0 -9999.0 -9999.0 -9999.0 -9999.0 -9999.0 -9999.0 -9999.0 -9999.0 -9999.0 -9999.0 -9999.0 -9999.0 -9999.0 -9999.0 -9999.0 -9999.0 -9999.0 -9999.0
-9999.0 -9999.0 -9999.0 -9999.0 -9999.0 -9999.0 -9999.0 -9999.0 -9999.0 -9999.0 -9999.0 -9999.0 -9999.0 -9999.0 -9999.0 -9999.0 -9999.0 -9999.0 -9999.0 -9999.0 -9999.0 -9999.0 -9999.0 -9999.0 -9999.0 -9999.0 -9999.0 -9999.0 -9999.0 -9999.0 -9999.0 -9999.0 -9999.0 -9999.0 -9999.0 -9999.0 -9999.0 -9999.0 -9999.0 -9999.0 -9999.0 -9999.0 -9999.0 -9999.0 -9999.0 -9999.0 -9999.0 -9999.0 -9999.0 -9999.0 -9999.0 -9999.0 -9999.0 -9999.0 -9999.0 -9999.0 -9999.0 -9999.0 -9999.0 -9999.0 -9999.0 -9999.0 -9999.0 -9999.0 -9999.0 -9999.0 -9999.0 -9999.0 -9999.0 -9999.0 -9999.0 -9999.0 -9999.0 -9999.0 -9999.0 -9999.0 -9999.0 -9999.0 -9999.0 -9999.0 -9999.0 -9999.0 -9999.0 -9999.0 -9999.0 -9999.0 -9999.0 -9999.0 -9999.0 -9999.0 -9999.0 -9999.0 -9999.0 -9999.0 -9999.0 -9999.0 -9999.0 -9999.0 -9999.0 -9999.0 -9999.0 -9999.0 -9999.0 -9999.0