inst/processing_geotop_simulation/geotop_simulation/out/maps3D/PwL0001N0195.asc
ncols         104
nrows         10
xllcorner     -2.000000
yllcorner     0.000000
cellsize      1.000000
NODATA_value  -9999.0
-9999.0 -9999.0 -9999.0 -9999.0 -9999.0 -9999.0 -9999.0 -9999.0 -9999.0 -9999.0 -9999.0 -9999.0 -9999.0 -9999.0 -9999.0 -9999.0 -9999.0 -9999.0 -9999.0 -9999.0 -9999.0 -9999.0 -9999.0 -9999.0 -9999.0 -9999.0 -9999.0 -9999.0 -9999.0 -9999.0 -9999.0 -9999.0 -9999.0 -9999.0 -9999.0 -9999.0 -9999.0 -9999.0 -9999.0 -9999.0 -9999.0 -9999.0 -9999.0 -9999.0 -9999.0 -9999.0 -9999.0 -9999.0 -9999.0 -9999.0 -9999.0 -9999.0 -9999.0 -9999.0 -9999.0 -9999.0 -9999.0 -9999.0 -9999.0 -9999.0 -9999.0 -9999.0 -9999.0 -9999.0 -9999.0 -9999.0 -9999.0 -9999.0 -9999.0 -9999.0 -9999.0 -9999.0 -9999.0 -9999.0 -9999.0 -9999.0 -9999.0 -9999.0 -9999.0 -9999.0 -9999.0 -9999.0 -9999.0 -9999.0 -9999.0 -9999.0 -9999.0 -9999.0 -9999.0 -9999.0 -9999.0 -9999.0 -9999.0 -9999.0 -9999.0 -9999.0 -9999.0 -9999.0 -9999.0 -9999.0 -9999.0 -9999.0 -9999.0 -9999.0
-9999.0 -9999.0 -9999.0 -9999.0 -9999.0 -9999.0 -9999.0 -9999.0 -9999.0 -9999.0 -9999.0 -9999.0 -9999.0 -9999.0 -9999.0 -9999.0 -9999.0 -9999.0 -9999.0 -9999.0 -9999.0 -9999.0 -9999.0 -9999.0 -9999.0 -9999.0 -9999.0 -9999.0 -9999.0 -9999.0 -9999.0 -9999.0 -9999.0 -9999.0 -9999.0 -9999.0 -9999.0 -9999.0 -9999.0 -9999.0 -9999.0 -9999.0 -9999.0 -9999.0 -9999.0 -9999.0 -9999.0 -9999.0 -9999.0 -9999.0 -9999.0 -9999.0 -9999.0 -9999.0 -9999.0 -9999.0 -9999.0 -9999.0 -9999.0 -9999.0 -9999.0 -9999.0 -9999.0 -9999.0 -9999.0 -9999.0 -9999.0 -9999.0 -9999.0 -9999.0 -9999.0 -9999.0 -9999.0 -9999.0 -9999.0 -9999.0 -9999.0 -9999.0 -9999.0 -9999.0 -9999.0 -9999.0 -9999.0 -9999.0 -9999.0 -9999.0 -9999.0 -9999.0 -9999.0 -9999.0 -9999.0 -9999.0 -9999.0 -9999.0 -9999.0 -9999.0 -9999.0 -9999.0 -9999.0 -9999.0 -9999.0 -9999.0 -9999.0 -9999.0
-9999.0 -9999.0 29.795759 -60.616935 -156.237302 -252.989117 -350.147737 -447.430476 -544.688741 -641.784692 -738.451206 -834.477526 -929.720133 -1024.006708 -1118.257225 -1212.190260 -1304.424541 -1395.123319 -1484.144552 -1566.735628 -1635.097358 -1686.394419 -1722.225108 -1746.199265 -1761.945746 -1772.281356 -1779.128109 -1783.712035 -1786.799821 -1788.879910 -1790.275307 -1791.205651 -1791.822034 -1792.228075 -1792.494327 -1792.670182 -1792.796883 -1792.933340 -1793.291467 -1795.019917 -1802.127975 -1794.391257 -1117.516176 -1113.946141 -1103.337115 -1096.617084 -1093.463524 -1093.000015 -1092.951918 -1092.958821 -1092.974010 -1092.990231 -1093.005811 -1093.020231 -1093.033554 -1093.048456 -1093.090714 -1093.368932 -1095.053164 -1098.839644 -1104.655101 -1100.781527 -1773.858654 -1797.355287 -1794.085698 -1793.241496 -1793.102652 -1793.081104 -1793.078419 -1793.078942 -1793.079880 -1793.080704 -1793.081348 -1793.081837 -1793.082210 -1793.082500 -1793.082728 -1793.082913 -1793.083066 -1793.083203 -1793.083336 -1793.083484 -1793.083670 -1793.083929 -1793.084312 -1793.084900 -1793.085827 -1793.087309 -1793.089715 -1793.093690 -1793.100398 -1793.112010 -1793.132707 -1793.170711 -1793.242429 -1793.380990 -1793.654866 -1794.212820 -1795.404959 -1798.138643 -1805.112971 -1826.798652 -9999.0 -9999.0
-9999.0 -9999.0 29.809183 -60.614695 -156.236743 -252.988954 -350.147685 -447.430458 -544.688735 -641.784690 -738.451205 -834.477525 -929.720133 -1024.006708 -1118.257226 -1212.190260 -1304.424541 -1395.123319 -1484.144553 -1566.735628 -1635.097358 -1686.394419 -1722.225108 -1746.199265 -1761.945746 -1772.281356 -1779.128109 -1783.712035 -1786.799821 -1788.879910 -1790.275307 -1791.205651 -1791.822034 -1792.228075 -1792.494327 -1792.670182 -1792.796883 -1792.933340 -1793.291467 -1795.019917 -1802.127975 -1794.391257 -1117.516176 -1113.946141 -1103.337115 -1096.617084 -1093.463524 -1093.000015 -1092.951918 -1092.958821 -1092.974010 -1092.990231 -1093.005811 -1093.020231 -1093.033554 -1093.048456 -1093.090714 -1093.368932 -1095.053164 -1098.839644 -1104.655101 -1100.781527 -1773.858654 -1797.355287 -1794.085698 -1793.241496 -1793.102652 -1793.081104 -1793.078419 -1793.078942 -1793.079880 -1793.080704 -1793.081348 -1793.081837 -1793.082210 -1793.082500 -1793.082728 -1793.082913 -1793.083066 -1793.083203 -1793.083336 -1793.083484 -1793.083670 -1793.083929 -1793.084312 -1793.084900 -1793.085827 -1793.087309 -1793.089715 -1793.093690 -1793.100398 -1793.112010 -1793.132707 -1793.170711 -1793.242429 -1793.380990 -1793.654866 -1794.212820 -1795.404959 -1798.138643 -1805.112971 -1826.798652 -9999.0 -9999.0
-9999.0 -9999.0 29.810423 -60.613804 -156.236391 -252.988827 -350.147640 -447.430442 -544.688729 -641.784688 -738.451204 -834.477525 -929.720133 -1024.006708 -1118.257226 -1212.190260 -1304.424541 -1395.123320 -1484.144553 -1566.735628 -1635.097358 -1686.394419 -1722.225108 -1746.199265 -1761.945746 -1772.281356 -1779.128109 -1783.712035 -1786.799821 -1788.879910 -1790.275307 -1791.205651 -1791.822034 -1792.228075 -1792.494327 -1792.670182 -1792.796883 -1792.933340 -1793.291467 -1795.019917 -1802.127975 -1794.391257 -1117.516176 -1113.946141 -1103.337115 -1096.617084 -1093.463524 -1093.000015 -1092.951918 -1092.958821 -1092.974010 -1092.990231 -1093.005811 -1093.020231 -1093.033554 -1093.048456 -1093.090714 -1093.368932 -1095.053164 -1098.839644 -1104.655101 -1100.781527 -1773.858654 -1797.355287 -1794.085698 -1793.241496 -1793.102652 -1793.081104 -1793.078419 -1793.078942 -1793.079880 -1793.080704 -1793.081348 -1793.081837 -1793.082210 -1793.082500 -1793.082728 -1793.082913 -1793.083066 -1793.083203 -1793.083336 -1793.083484 -1793.083670 -1793.083929 -1793.084312 -1793.084900 -1793.085827 -1793.087309 -1793.089715 -1793.093690 -1793.100398 -1793.112010 -1793.132707 -1793.170711 -1793.242429 -1793.380990 -1793.654866 -1794.212820 -1795.404959 -1798.138643 -1805.112971 -1826.798652 -9999.0 -9999.0
-9999.0 -9999.0 29.810423 -60.613803 -156.236391 -252.988827 -350.147640 -447.430442 -544.688730 -641.784688 -738.451204 -834.477525 -929.720133 -1024.006708 -1118.257226 -1212.190260 -1304.424541 -1395.123320 -1484.144553 -1566.735628 -1635.097358 -1686.394419 -1722.225108 -1746.199265 -1761.945746 -1772.281356 -1779.128109 -1783.712035 -1786.799821 -1788.879910 -1790.275307 -1791.205651 -1791.822034 -1792.228075 -1792.494327 -1792.670182 -1792.796883 -1792.933340 -1793.291467 -1795.019917 -1802.127975 -1794.391257 -1117.516176 -1113.946141 -1103.337115 -1096.617084 -1093.463524 -1093.000015 -1092.951918 -1092.958821 -1092.974010 -1092.990231 -1093.005811 -1093.020231 -1093.033554 -1093.048456 -1093.090714 -1093.368932 -1095.053164 -1098.839644 -1104.655101 -1100.781527 -1773.858654 -1797.355287 -1794.085698 -1793.241496 -1793.102652 -1793.081104 -1793.078419 -1793.078942 -1793.079880 -1793.080704 -1793.081348 -1793.081837 -1793.082210 -1793.082500 -1793.082728 -1793.082913 -1793.083066 -1793.083203 -1793.083336 -1793.083484 -1793.083670 -1793.083929 -1793.084312 -1793.084900 -1793.085827 -1793.087309 -1793.089715 -1793.093690 -1793.100398 -1793.112010 -1793.132707 -1793.170711 -1793.242429 -1793.380990 -1793.654866 -1794.212820 -1795.404959 -1798.138643 -1805.112971 -1826.798652 -9999.0 -9999.0
-9999.0 -9999.0 29.809183 -60.614695 -156.236743 -252.988954 -350.147685 -447.430458 -544.688735 -641.784690 -738.451205 -834.477525 -929.720133 -1024.006708 -1118.257225 -1212.190260 -1304.424541 -1395.123319 -1484.144553 -1566.735628 -1635.097358 -1686.394419 -1722.225108 -1746.199265 -1761.945746 -1772.281356 -1779.128109 -1783.712035 -1786.799821 -1788.879910 -1790.275307 -1791.205651 -1791.822034 -1792.228075 -1792.494327 -1792.670182 -1792.796883 -1792.933340 -1793.291467 -1795.019917 -1802.127975 -1794.391257 -1117.516176 -1113.946141 -1103.337115 -1096.617084 -1093.463524 -1093.000015 -1092.951918 -1092.958821 -1092.974010 -1092.990231 -1093.005811 -1093.020231 -1093.033554 -1093.048456 -1093.090714 -1093.368932 -1095.053164 -1098.839644 -1104.655101 -1100.781527 -1773.858654 -1797.355287 -1794.085698 -1793.241496 -1793.102652 -1793.081104 -1793.078419 -1793.078942 -1793.079880 -1793.080704 -1793.081348 -1793.081837 -1793.082210 -1793.082500 -1793.082728 -1793.082913 -1793.083066 -1793.083203 -1793.083336 -1793.083484 -1793.083670 -1793.083929 -1793.084312 -1793.084900 -1793.085827 -1793.087309 -1793.089715 -1793.093690 -1793.100398 -1793.112010 -1793.132707 -1793.170711 -1793.242429 -1793.380990 -1793.654866 -1794.212820 -1795.404959 -1798.138643 -1805.112971 -1826.798652 -9999.0 -9999.0
-9999.0 -9999.0 29.795759 -60.616935 -156.237302 -252.989117 -350.147737 -447.430476 -544.688741 -641.784692 -738.451206 -834.477526 -929.720133 -1024.006708 -1118.257225 -1212.190260 -1304.424541 -1395.123319 -1484.144552 -1566.735628 -1635.097358 -1686.394419 -1722.225108 -1746.199265 -1761.945746 -1772.281356 -1779.128109 -1783.712035 -1786.799821 -1788.879910 -1790.275307 -1791.205651 -1791.822034 -1792.228075 -1792.494327 -1792.670182 -1792.796883 -1792.933340 -1793.291467 -1795.019917 -1802.127975 -1794.391257 -1117.516176 -1113.946141 -1103.337115 -1096.617084 -1093.463524 -1093.000015 -1092.951918 -1092.958821 -1092.974010 -1092.990231 -1093.005811 -1093.020231 -1093.033554 -1093.048456 -1093.090714 -1093.368932 -1095.053164 -1098.839644 -1104.655101 -1100.781527 -1773.858654 -1797.355287 -1794.085698 -1793.241496 -1793.102652 -1793.081104 -1793.078419 -1793.078942 -1793.079880 -1793.080704 -1793.081348 -1793.081837 -1793.082210 -1793.082500 -1793.082728 -1793.082913 -1793.083066 -1793.083203 -1793.083336 -1793.083484 -1793.083670 -1793.083929 -1793.084312 -1793.084900 -1793.085827 -1793.087309 -1793.089715 -1793.093690 -1793.100398 -1793.112010 -1793.132707 -1793.170711 -1793.242429 -1793.380990 -1793.654866 -1794.212820 -1795.404959 -1798.138643 -1805.112971 -1826.798652 -9999.0 -9999.0
-9999.0 -9999.0 -9999.0 -9999.0 -9999.0 -9999.0 -9999.0 -9999.0 -9999.0 -9999.0 -9999.0 -9999.0 -9999.0 -9999.0 -9999.0 -9999.0 -9999.0 -9999.0 -9999.0 -9999.0 -9999.0 -9999.0 -9999.0 -9999.0 -9999.0 -9999.0 -9999.0 -9999.0 -9999.0 -9999.0 -9999.0 -9999.0 -9999.0 -9999.0 -9999.0 -9999.0 -9999.0 -9999.0 -9999.0 -9999.0 -9999.0 -9999.0 -9999.0 -9999.0 -9999.0 -9999.0 -9999.0 -9999.0 -9999.0 -9999.0 -9999.0 -9999.0 -9999.0 -9999.0 -9999.0 -9999.0 -9999.0 -9999.0 -9999.0 -9999.0 -9999.0 -9999.0 -9999.0 -9999.0 -9999.0 -9999.0 -9999.0 -9999.0 -9999.0 -9999.0 -9999.0 -9999.0 -9999.0 -9999.0 -9999.0 -9999.0 -9999.0 -9999.0 -9999.0 -9999.0 -9999.0 -9999.0 -9999.0 -9999.0 -9999.0 -9999.0 -9999.0 -9999.0 -9999.0 -9999.0 -9999.0 -9999.0 -9999.0 -9999.0 -9999.0 -9999.0 -9999.0 -9999.0 -9999.0 -9999.0 -9999.0 -9999.0 -9999.0 -9999.0
-9999.0 -9999.0 -9999.0 -9999.0 -9999.0 -9999.0 -9999.0 -9999.0 -9999.0 -9999.0 -9999.0 -9999.0 -9999.0 -9999.0 -9999.0 -9999.0 -9999.0 -9999.0 -9999.0 -9999.0 -9999.0 -9999.0 -9999.0 -9999.0 -9999.0 -9999.0 -9999.0 -9999.0 -9999.0 -9999.0 -9999.0 -9999.0 -9999.0 -9999.0 -9999.0 -9999.0 -9999.0 -9999.0 -9999.0 -9999.0 -9999.0 -9999.0 -9999.0 -9999.0 -9999.0 -9999.0 -9999.0 -9999.0 -9999.0 -9999.0 -9999.0 -9999.0 -9999.0 -9999.0 -9999.0 -9999.0 -9999.0 -9999.0 -9999.0 -9999.0 -9999.0 -9999.0 -9999.0 -9999.0 -9999.0 -9999.0 -9999.0 -9999.0 -9999.0 -9999.0 -9999.0 -9999.0 -9999.0 -9999.0 -9999.0 -9999.0 -9999.0 -9999.0 -9999.0 -9999.0 -9999.0 -9999.0 -9999.0 -9999.0 -9999.0 -9999.0 -9999.0 -9999.0 -9999.0 -9999.0 -9999.0 -9999.0 -9999.0 -9999.0 -9999.0 -9999.0 -9999.0 -9999.0 -9999.0 -9999.0 -9999.0 -9999.0 -9999.0 -9999.0