inst/processing_geotop_simulation/geotop_simulation/out/maps3D/PwL0010N0126.asc
ncols         104
nrows         10
xllcorner     -2.000000
yllcorner     0.000000
cellsize      1.000000
NODATA_value  -9999.0
-9999.0 -9999.0 -9999.0 -9999.0 -9999.0 -9999.0 -9999.0 -9999.0 -9999.0 -9999.0 -9999.0 -9999.0 -9999.0 -9999.0 -9999.0 -9999.0 -9999.0 -9999.0 -9999.0 -9999.0 -9999.0 -9999.0 -9999.0 -9999.0 -9999.0 -9999.0 -9999.0 -9999.0 -9999.0 -9999.0 -9999.0 -9999.0 -9999.0 -9999.0 -9999.0 -9999.0 -9999.0 -9999.0 -9999.0 -9999.0 -9999.0 -9999.0 -9999.0 -9999.0 -9999.0 -9999.0 -9999.0 -9999.0 -9999.0 -9999.0 -9999.0 -9999.0 -9999.0 -9999.0 -9999.0 -9999.0 -9999.0 -9999.0 -9999.0 -9999.0 -9999.0 -9999.0 -9999.0 -9999.0 -9999.0 -9999.0 -9999.0 -9999.0 -9999.0 -9999.0 -9999.0 -9999.0 -9999.0 -9999.0 -9999.0 -9999.0 -9999.0 -9999.0 -9999.0 -9999.0 -9999.0 -9999.0 -9999.0 -9999.0 -9999.0 -9999.0 -9999.0 -9999.0 -9999.0 -9999.0 -9999.0 -9999.0 -9999.0 -9999.0 -9999.0 -9999.0 -9999.0 -9999.0 -9999.0 -9999.0 -9999.0 -9999.0 -9999.0 -9999.0
-9999.0 -9999.0 -9999.0 -9999.0 -9999.0 -9999.0 -9999.0 -9999.0 -9999.0 -9999.0 -9999.0 -9999.0 -9999.0 -9999.0 -9999.0 -9999.0 -9999.0 -9999.0 -9999.0 -9999.0 -9999.0 -9999.0 -9999.0 -9999.0 -9999.0 -9999.0 -9999.0 -9999.0 -9999.0 -9999.0 -9999.0 -9999.0 -9999.0 -9999.0 -9999.0 -9999.0 -9999.0 -9999.0 -9999.0 -9999.0 -9999.0 -9999.0 -9999.0 -9999.0 -9999.0 -9999.0 -9999.0 -9999.0 -9999.0 -9999.0 -9999.0 -9999.0 -9999.0 -9999.0 -9999.0 -9999.0 -9999.0 -9999.0 -9999.0 -9999.0 -9999.0 -9999.0 -9999.0 -9999.0 -9999.0 -9999.0 -9999.0 -9999.0 -9999.0 -9999.0 -9999.0 -9999.0 -9999.0 -9999.0 -9999.0 -9999.0 -9999.0 -9999.0 -9999.0 -9999.0 -9999.0 -9999.0 -9999.0 -9999.0 -9999.0 -9999.0 -9999.0 -9999.0 -9999.0 -9999.0 -9999.0 -9999.0 -9999.0 -9999.0 -9999.0 -9999.0 -9999.0 -9999.0 -9999.0 -9999.0 -9999.0 -9999.0 -9999.0 -9999.0
-9999.0 -9999.0 488.085262 399.379300 307.144797 213.236586 118.613000 23.690095 -71.317015 -166.318880 -261.235150 -355.974604 -450.584887 -545.791364 -642.168923 -738.556757 -834.136556 -928.438699 -1020.001805 -1106.804700 -1176.425374 -1226.211935 -1258.633787 -1278.433458 -1290.197040 -1297.255421 -1301.659449 -1304.545050 -1306.511141 -1307.880002 -1308.840735 -1309.514950 -1309.986352 -1310.314113 -1310.540320 -1310.696763 -1310.814969 -1310.942807 -1311.223552 -1312.688296 -1322.191163 -1379.430226 -1654.576618 -2406.781466 -2146.140744 -2010.759298 -1952.915334 -1945.955233 -1945.264259 -1945.334842 -1945.512091 -1945.701823 -1945.883886 -1946.052327 -1946.207978 -1946.383298 -1946.904256 -1950.687800 -1979.569191 -2047.955329 -2169.866184 -1478.460068 -1353.436744 -1318.042068 -1312.089913 -1311.272007 -1311.154925 -1311.136375 -1311.134471 -1311.135571 -1311.136977 -1311.138162 -1311.139075 -1311.139766 -1311.140294 -1311.140702 -1311.141025 -1311.141286 -1311.141502 -1311.141692 -1311.141877 -1311.142081 -1311.142337 -1311.142690 -1311.143212 -1311.144012 -1311.145270 -1311.147277 -1311.150527 -1311.155877 -1311.164858 -1311.180320 -1311.207714 -1311.257735 -1311.351668 -1311.532247 -1311.886568 -1312.599443 -1314.094477 -1317.436015 -1325.553682 -1348.451429 -9999.0 -9999.0
-9999.0 -9999.0 488.092306 399.381276 307.145350 213.236753 118.613054 23.690113 -71.317009 -166.318877 -261.235149 -355.974603 -450.584887 -545.791364 -642.168923 -738.556757 -834.136556 -928.438699 -1020.001805 -1106.804700 -1176.425374 -1226.211935 -1258.633787 -1278.433458 -1290.197040 -1297.255421 -1301.659449 -1304.545050 -1306.511141 -1307.880002 -1308.840735 -1309.514950 -1309.986352 -1310.314113 -1310.540320 -1310.696763 -1310.814969 -1310.942807 -1311.223552 -1312.688296 -1322.191163 -1379.430226 -1654.576617 -2406.781465 -2146.140741 -2010.759294 -1952.915335 -1945.955233 -1945.264259 -1945.334842 -1945.512092 -1945.701823 -1945.883886 -1946.052327 -1946.207978 -1946.383298 -1946.904256 -1950.687800 -1979.569191 -2047.955329 -2169.866184 -1478.460068 -1353.436744 -1318.042068 -1312.089913 -1311.272007 -1311.154925 -1311.136375 -1311.134471 -1311.135571 -1311.136977 -1311.138162 -1311.139075 -1311.139766 -1311.140294 -1311.140702 -1311.141025 -1311.141286 -1311.141502 -1311.141692 -1311.141877 -1311.142081 -1311.142337 -1311.142690 -1311.143212 -1311.144012 -1311.145270 -1311.147277 -1311.150527 -1311.155877 -1311.164858 -1311.180320 -1311.207714 -1311.257735 -1311.351668 -1311.532247 -1311.886568 -1312.599443 -1314.094477 -1317.436015 -1325.553682 -1348.451429 -9999.0 -9999.0
-9999.0 -9999.0 488.093977 399.382159 307.145707 213.236884 118.613101 23.690130 -71.317003 -166.318875 -261.235148 -355.974603 -450.584887 -545.791364 -642.168923 -738.556757 -834.136557 -928.438699 -1020.001805 -1106.804700 -1176.425375 -1226.211935 -1258.633787 -1278.433458 -1290.197040 -1297.255421 -1301.659449 -1304.545050 -1306.511141 -1307.880002 -1308.840735 -1309.514950 -1309.986352 -1310.314113 -1310.540320 -1310.696763 -1310.814969 -1310.942807 -1311.223552 -1312.688296 -1322.191163 -1379.430226 -1654.576617 -2406.781465 -2146.140741 -2010.759293 -1952.915334 -1945.955233 -1945.264259 -1945.334842 -1945.512092 -1945.701823 -1945.883886 -1946.052327 -1946.207978 -1946.383298 -1946.904256 -1950.687800 -1979.569191 -2047.955329 -2169.866184 -1478.460068 -1353.436744 -1318.042068 -1312.089913 -1311.272007 -1311.154925 -1311.136375 -1311.134471 -1311.135571 -1311.136977 -1311.138162 -1311.139075 -1311.139766 -1311.140294 -1311.140702 -1311.141025 -1311.141286 -1311.141502 -1311.141692 -1311.141877 -1311.142081 -1311.142337 -1311.142690 -1311.143212 -1311.144012 -1311.145270 -1311.147277 -1311.150527 -1311.155877 -1311.164858 -1311.180320 -1311.207714 -1311.257735 -1311.351668 -1311.532247 -1311.886568 -1312.599443 -1314.094477 -1317.436015 -1325.553682 -1348.451429 -9999.0 -9999.0
-9999.0 -9999.0 488.093977 399.382159 307.145707 213.236884 118.613101 23.690130 -71.317003 -166.318875 -261.235148 -355.974603 -450.584887 -545.791364 -642.168923 -738.556757 -834.136557 -928.438699 -1020.001805 -1106.804700 -1176.425375 -1226.211935 -1258.633787 -1278.433458 -1290.197040 -1297.255421 -1301.659449 -1304.545050 -1306.511141 -1307.880002 -1308.840735 -1309.514950 -1309.986352 -1310.314113 -1310.540320 -1310.696763 -1310.814969 -1310.942807 -1311.223552 -1312.688296 -1322.191163 -1379.430226 -1654.576617 -2406.781465 -2146.140741 -2010.759293 -1952.915334 -1945.955233 -1945.264259 -1945.334842 -1945.512092 -1945.701823 -1945.883886 -1946.052327 -1946.207978 -1946.383298 -1946.904256 -1950.687800 -1979.569191 -2047.955329 -2169.866184 -1478.460068 -1353.436744 -1318.042068 -1312.089913 -1311.272007 -1311.154925 -1311.136375 -1311.134471 -1311.135571 -1311.136977 -1311.138162 -1311.139075 -1311.139766 -1311.140294 -1311.140702 -1311.141025 -1311.141286 -1311.141502 -1311.141692 -1311.141877 -1311.142081 -1311.142337 -1311.142690 -1311.143212 -1311.144012 -1311.145270 -1311.147277 -1311.150527 -1311.155877 -1311.164858 -1311.180320 -1311.207714 -1311.257735 -1311.351668 -1311.532247 -1311.886568 -1312.599443 -1314.094477 -1317.436015 -1325.553682 -1348.451429 -9999.0 -9999.0
-9999.0 -9999.0 488.092306 399.381275 307.145350 213.236753 118.613054 23.690113 -71.317009 -166.318878 -261.235149 -355.974603 -450.584887 -545.791364 -642.168923 -738.556757 -834.136556 -928.438699 -1020.001805 -1106.804700 -1176.425374 -1226.211935 -1258.633787 -1278.433458 -1290.197040 -1297.255421 -1301.659449 -1304.545050 -1306.511141 -1307.880002 -1308.840735 -1309.514950 -1309.986352 -1310.314113 -1310.540320 -1310.696763 -1310.814969 -1310.942807 -1311.223552 -1312.688296 -1322.191163 -1379.430226 -1654.576617 -2406.781465 -2146.140741 -2010.759294 -1952.915335 -1945.955233 -1945.264259 -1945.334842 -1945.512092 -1945.701823 -1945.883886 -1946.052327 -1946.207978 -1946.383298 -1946.904256 -1950.687800 -1979.569191 -2047.955329 -2169.866184 -1478.460068 -1353.436744 -1318.042068 -1312.089913 -1311.272007 -1311.154925 -1311.136375 -1311.134471 -1311.135571 -1311.136977 -1311.138162 -1311.139075 -1311.139766 -1311.140294 -1311.140702 -1311.141025 -1311.141286 -1311.141502 -1311.141692 -1311.141877 -1311.142081 -1311.142337 -1311.142690 -1311.143212 -1311.144012 -1311.145270 -1311.147277 -1311.150527 -1311.155877 -1311.164858 -1311.180320 -1311.207714 -1311.257735 -1311.351668 -1311.532247 -1311.886568 -1312.599443 -1314.094477 -1317.436015 -1325.553682 -1348.451429 -9999.0 -9999.0
-9999.0 -9999.0 488.085262 399.379300 307.144797 213.236586 118.613000 23.690095 -71.317015 -166.318880 -261.235150 -355.974604 -450.584887 -545.791364 -642.168923 -738.556757 -834.136556 -928.438699 -1020.001805 -1106.804700 -1176.425374 -1226.211935 -1258.633787 -1278.433458 -1290.197040 -1297.255421 -1301.659449 -1304.545050 -1306.511141 -1307.880002 -1308.840735 -1309.514950 -1309.986352 -1310.314113 -1310.540320 -1310.696763 -1310.814969 -1310.942807 -1311.223552 -1312.688296 -1322.191163 -1379.430226 -1654.576618 -2406.781466 -2146.140744 -2010.759298 -1952.915334 -1945.955233 -1945.264259 -1945.334842 -1945.512091 -1945.701823 -1945.883886 -1946.052327 -1946.207978 -1946.383298 -1946.904256 -1950.687800 -1979.569191 -2047.955329 -2169.866184 -1478.460068 -1353.436744 -1318.042068 -1312.089913 -1311.272007 -1311.154925 -1311.136375 -1311.134471 -1311.135571 -1311.136977 -1311.138162 -1311.139075 -1311.139766 -1311.140294 -1311.140702 -1311.141025 -1311.141286 -1311.141502 -1311.141692 -1311.141877 -1311.142081 -1311.142337 -1311.142690 -1311.143212 -1311.144012 -1311.145270 -1311.147277 -1311.150527 -1311.155877 -1311.164858 -1311.180320 -1311.207714 -1311.257735 -1311.351668 -1311.532247 -1311.886568 -1312.599443 -1314.094477 -1317.436015 -1325.553682 -1348.451429 -9999.0 -9999.0
-9999.0 -9999.0 -9999.0 -9999.0 -9999.0 -9999.0 -9999.0 -9999.0 -9999.0 -9999.0 -9999.0 -9999.0 -9999.0 -9999.0 -9999.0 -9999.0 -9999.0 -9999.0 -9999.0 -9999.0 -9999.0 -9999.0 -9999.0 -9999.0 -9999.0 -9999.0 -9999.0 -9999.0 -9999.0 -9999.0 -9999.0 -9999.0 -9999.0 -9999.0 -9999.0 -9999.0 -9999.0 -9999.0 -9999.0 -9999.0 -9999.0 -9999.0 -9999.0 -9999.0 -9999.0 -9999.0 -9999.0 -9999.0 -9999.0 -9999.0 -9999.0 -9999.0 -9999.0 -9999.0 -9999.0 -9999.0 -9999.0 -9999.0 -9999.0 -9999.0 -9999.0 -9999.0 -9999.0 -9999.0 -9999.0 -9999.0 -9999.0 -9999.0 -9999.0 -9999.0 -9999.0 -9999.0 -9999.0 -9999.0 -9999.0 -9999.0 -9999.0 -9999.0 -9999.0 -9999.0 -9999.0 -9999.0 -9999.0 -9999.0 -9999.0 -9999.0 -9999.0 -9999.0 -9999.0 -9999.0 -9999.0 -9999.0 -9999.0 -9999.0 -9999.0 -9999.0 -9999.0 -9999.0 -9999.0 -9999.0 -9999.0 -9999.0 -9999.0 -9999.0
-9999.0 -9999.0 -9999.0 -9999.0 -9999.0 -9999.0 -9999.0 -9999.0 -9999.0 -9999.0 -9999.0 -9999.0 -9999.0 -9999.0 -9999.0 -9999.0 -9999.0 -9999.0 -9999.0 -9999.0 -9999.0 -9999.0 -9999.0 -9999.0 -9999.0 -9999.0 -9999.0 -9999.0 -9999.0 -9999.0 -9999.0 -9999.0 -9999.0 -9999.0 -9999.0 -9999.0 -9999.0 -9999.0 -9999.0 -9999.0 -9999.0 -9999.0 -9999.0 -9999.0 -9999.0 -9999.0 -9999.0 -9999.0 -9999.0 -9999.0 -9999.0 -9999.0 -9999.0 -9999.0 -9999.0 -9999.0 -9999.0 -9999.0 -9999.0 -9999.0 -9999.0 -9999.0 -9999.0 -9999.0 -9999.0 -9999.0 -9999.0 -9999.0 -9999.0 -9999.0 -9999.0 -9999.0 -9999.0 -9999.0 -9999.0 -9999.0 -9999.0 -9999.0 -9999.0 -9999.0 -9999.0 -9999.0 -9999.0 -9999.0 -9999.0 -9999.0 -9999.0 -9999.0 -9999.0 -9999.0 -9999.0 -9999.0 -9999.0 -9999.0 -9999.0 -9999.0 -9999.0 -9999.0 -9999.0 -9999.0 -9999.0 -9999.0 -9999.0 -9999.0