inst/processing_geotop_simulation/geotop_simulation/out/maps3D/PwL0010N0421.asc
ncols         104
nrows         10
xllcorner     -2.000000
yllcorner     0.000000
cellsize      1.000000
NODATA_value  -9999.0
-9999.0 -9999.0 -9999.0 -9999.0 -9999.0 -9999.0 -9999.0 -9999.0 -9999.0 -9999.0 -9999.0 -9999.0 -9999.0 -9999.0 -9999.0 -9999.0 -9999.0 -9999.0 -9999.0 -9999.0 -9999.0 -9999.0 -9999.0 -9999.0 -9999.0 -9999.0 -9999.0 -9999.0 -9999.0 -9999.0 -9999.0 -9999.0 -9999.0 -9999.0 -9999.0 -9999.0 -9999.0 -9999.0 -9999.0 -9999.0 -9999.0 -9999.0 -9999.0 -9999.0 -9999.0 -9999.0 -9999.0 -9999.0 -9999.0 -9999.0 -9999.0 -9999.0 -9999.0 -9999.0 -9999.0 -9999.0 -9999.0 -9999.0 -9999.0 -9999.0 -9999.0 -9999.0 -9999.0 -9999.0 -9999.0 -9999.0 -9999.0 -9999.0 -9999.0 -9999.0 -9999.0 -9999.0 -9999.0 -9999.0 -9999.0 -9999.0 -9999.0 -9999.0 -9999.0 -9999.0 -9999.0 -9999.0 -9999.0 -9999.0 -9999.0 -9999.0 -9999.0 -9999.0 -9999.0 -9999.0 -9999.0 -9999.0 -9999.0 -9999.0 -9999.0 -9999.0 -9999.0 -9999.0 -9999.0 -9999.0 -9999.0 -9999.0 -9999.0 -9999.0
-9999.0 -9999.0 -9999.0 -9999.0 -9999.0 -9999.0 -9999.0 -9999.0 -9999.0 -9999.0 -9999.0 -9999.0 -9999.0 -9999.0 -9999.0 -9999.0 -9999.0 -9999.0 -9999.0 -9999.0 -9999.0 -9999.0 -9999.0 -9999.0 -9999.0 -9999.0 -9999.0 -9999.0 -9999.0 -9999.0 -9999.0 -9999.0 -9999.0 -9999.0 -9999.0 -9999.0 -9999.0 -9999.0 -9999.0 -9999.0 -9999.0 -9999.0 -9999.0 -9999.0 -9999.0 -9999.0 -9999.0 -9999.0 -9999.0 -9999.0 -9999.0 -9999.0 -9999.0 -9999.0 -9999.0 -9999.0 -9999.0 -9999.0 -9999.0 -9999.0 -9999.0 -9999.0 -9999.0 -9999.0 -9999.0 -9999.0 -9999.0 -9999.0 -9999.0 -9999.0 -9999.0 -9999.0 -9999.0 -9999.0 -9999.0 -9999.0 -9999.0 -9999.0 -9999.0 -9999.0 -9999.0 -9999.0 -9999.0 -9999.0 -9999.0 -9999.0 -9999.0 -9999.0 -9999.0 -9999.0 -9999.0 -9999.0 -9999.0 -9999.0 -9999.0 -9999.0 -9999.0 -9999.0 -9999.0 -9999.0 -9999.0 -9999.0 -9999.0 -9999.0
-9999.0 -9999.0 472.560412 374.008407 274.995351 175.766770 76.447098 -22.908523 -122.274115 -221.638157 -320.988897 -420.309027 -519.566888 -618.698295 -717.623693 -816.630436 -915.546355 -1014.355064 -1113.042268 -1210.598521 -1306.595730 -1399.553106 -1487.163240 -1566.759237 -1636.125465 -1694.099140 -1740.706358 -1776.919490 -1804.256555 -1824.408269 -1838.980132 -1849.356423 -1856.655814 -1861.741983 -1865.260606 -1867.686119 -1869.376803 -1870.670884 -1872.139036 -1875.014541 -1878.685605 -1850.521563 -1328.675259 -1486.160775 -1444.760232 -1417.415991 -1404.901704 -1403.120014 -1402.933074 -1402.949759 -1402.995321 -1403.044367 -1403.091495 -1403.135136 -1403.175674 -1403.223172 -1403.373698 -1404.408545 -1410.931970 -1425.637437 -1441.576632 -1270.109273 -1815.694868 -1871.471546 -1873.890386 -1873.225113 -1872.992516 -1872.943699 -1872.935418 -1872.934508 -1872.934793 -1872.935198 -1872.935547 -1872.935829 -1872.936054 -1872.936238 -1872.936392 -1872.936525 -1872.936644 -1872.936755 -1872.936868 -1872.936992 -1872.937139 -1872.937330 -1872.937594 -1872.937979 -1872.938562 -1872.939473 -1872.940938 -1872.943357 -1872.947473 -1872.954697 -1872.967798 -1872.992326 -1873.039714 -1873.134422 -1873.331816 -1873.766508 -1874.793010 -1877.436962 -1885.037017 -1909.994635 -9999.0 -9999.0
-9999.0 -9999.0 472.565956 374.009946 274.995779 175.766900 76.447140 -22.908509 -122.274109 -221.638155 -320.988896 -420.309027 -519.566887 -618.698295 -717.623693 -816.630437 -915.546355 -1014.355065 -1113.042268 -1210.598521 -1306.595730 -1399.553106 -1487.163241 -1566.759237 -1636.125465 -1694.099140 -1740.706358 -1776.919490 -1804.256555 -1824.408269 -1838.980132 -1849.356423 -1856.655814 -1861.741983 -1865.260605 -1867.686119 -1869.376803 -1870.670884 -1872.139036 -1875.014541 -1878.685604 -1850.521563 -1328.675259 -1486.160775 -1444.760231 -1417.415990 -1404.901704 -1403.120014 -1402.933074 -1402.949759 -1402.995321 -1403.044367 -1403.091495 -1403.135136 -1403.175674 -1403.223172 -1403.373698 -1404.408545 -1410.931970 -1425.637437 -1441.576632 -1270.109273 -1815.694868 -1871.471546 -1873.890386 -1873.225113 -1872.992516 -1872.943699 -1872.935418 -1872.934508 -1872.934793 -1872.935198 -1872.935547 -1872.935829 -1872.936054 -1872.936238 -1872.936392 -1872.936525 -1872.936644 -1872.936755 -1872.936868 -1872.936992 -1872.937139 -1872.937330 -1872.937594 -1872.937979 -1872.938562 -1872.939473 -1872.940938 -1872.943357 -1872.947473 -1872.954697 -1872.967798 -1872.992326 -1873.039714 -1873.134422 -1873.331816 -1873.766508 -1874.793010 -1877.436962 -1885.037017 -1909.994635 -9999.0 -9999.0
-9999.0 -9999.0 472.567271 374.010637 274.996057 175.767002 76.447177 -22.908495 -122.274105 -221.638153 -320.988895 -420.309026 -519.566887 -618.698295 -717.623693 -816.630437 -915.546355 -1014.355065 -1113.042268 -1210.598521 -1306.595730 -1399.553106 -1487.163241 -1566.759237 -1636.125465 -1694.099140 -1740.706358 -1776.919490 -1804.256555 -1824.408269 -1838.980132 -1849.356423 -1856.655814 -1861.741983 -1865.260606 -1867.686119 -1869.376803 -1870.670884 -1872.139036 -1875.014541 -1878.685604 -1850.521563 -1328.675259 -1486.160775 -1444.760231 -1417.415990 -1404.901704 -1403.120014 -1402.933074 -1402.949759 -1402.995321 -1403.044367 -1403.091495 -1403.135136 -1403.175674 -1403.223172 -1403.373698 -1404.408545 -1410.931970 -1425.637437 -1441.576632 -1270.109273 -1815.694868 -1871.471546 -1873.890386 -1873.225113 -1872.992516 -1872.943699 -1872.935418 -1872.934508 -1872.934793 -1872.935198 -1872.935547 -1872.935829 -1872.936054 -1872.936238 -1872.936392 -1872.936525 -1872.936644 -1872.936755 -1872.936868 -1872.936992 -1872.937139 -1872.937330 -1872.937594 -1872.937979 -1872.938562 -1872.939473 -1872.940938 -1872.943357 -1872.947473 -1872.954697 -1872.967798 -1872.992326 -1873.039714 -1873.134422 -1873.331816 -1873.766508 -1874.793010 -1877.436962 -1885.037017 -1909.994635 -9999.0 -9999.0
-9999.0 -9999.0 472.567271 374.010637 274.996057 175.767002 76.447177 -22.908495 -122.274105 -221.638153 -320.988895 -420.309026 -519.566887 -618.698295 -717.623693 -816.630437 -915.546355 -1014.355065 -1113.042268 -1210.598521 -1306.595730 -1399.553106 -1487.163241 -1566.759237 -1636.125465 -1694.099140 -1740.706358 -1776.919490 -1804.256555 -1824.408269 -1838.980132 -1849.356423 -1856.655814 -1861.741983 -1865.260606 -1867.686119 -1869.376803 -1870.670884 -1872.139036 -1875.014541 -1878.685604 -1850.521563 -1328.675259 -1486.160775 -1444.760231 -1417.415990 -1404.901704 -1403.120014 -1402.933074 -1402.949759 -1402.995321 -1403.044367 -1403.091495 -1403.135136 -1403.175674 -1403.223172 -1403.373698 -1404.408545 -1410.931970 -1425.637437 -1441.576632 -1270.109273 -1815.694868 -1871.471546 -1873.890386 -1873.225113 -1872.992516 -1872.943699 -1872.935418 -1872.934508 -1872.934793 -1872.935198 -1872.935547 -1872.935829 -1872.936054 -1872.936238 -1872.936392 -1872.936525 -1872.936644 -1872.936755 -1872.936868 -1872.936992 -1872.937139 -1872.937330 -1872.937594 -1872.937979 -1872.938562 -1872.939473 -1872.940938 -1872.943357 -1872.947473 -1872.954697 -1872.967798 -1872.992326 -1873.039714 -1873.134422 -1873.331816 -1873.766508 -1874.793010 -1877.436962 -1885.037017 -1909.994635 -9999.0 -9999.0
-9999.0 -9999.0 472.565956 374.009946 274.995779 175.766900 76.447140 -22.908509 -122.274109 -221.638155 -320.988896 -420.309026 -519.566887 -618.698295 -717.623693 -816.630436 -915.546355 -1014.355065 -1113.042268 -1210.598521 -1306.595730 -1399.553106 -1487.163241 -1566.759237 -1636.125465 -1694.099140 -1740.706358 -1776.919490 -1804.256555 -1824.408269 -1838.980132 -1849.356423 -1856.655814 -1861.741983 -1865.260605 -1867.686119 -1869.376803 -1870.670884 -1872.139036 -1875.014541 -1878.685604 -1850.521563 -1328.675259 -1486.160775 -1444.760231 -1417.415990 -1404.901704 -1403.120014 -1402.933074 -1402.949759 -1402.995321 -1403.044367 -1403.091495 -1403.135136 -1403.175674 -1403.223172 -1403.373698 -1404.408545 -1410.931970 -1425.637437 -1441.576632 -1270.109273 -1815.694868 -1871.471546 -1873.890386 -1873.225113 -1872.992516 -1872.943699 -1872.935418 -1872.934508 -1872.934793 -1872.935198 -1872.935547 -1872.935829 -1872.936054 -1872.936238 -1872.936392 -1872.936525 -1872.936644 -1872.936755 -1872.936868 -1872.936992 -1872.937139 -1872.937330 -1872.937594 -1872.937979 -1872.938562 -1872.939473 -1872.940938 -1872.943357 -1872.947473 -1872.954697 -1872.967798 -1872.992326 -1873.039714 -1873.134422 -1873.331816 -1873.766508 -1874.793010 -1877.436962 -1885.037017 -1909.994635 -9999.0 -9999.0
-9999.0 -9999.0 472.560412 374.008407 274.995351 175.766770 76.447098 -22.908523 -122.274115 -221.638157 -320.988897 -420.309027 -519.566887 -618.698295 -717.623693 -816.630436 -915.546355 -1014.355064 -1113.042268 -1210.598521 -1306.595730 -1399.553106 -1487.163240 -1566.759237 -1636.125465 -1694.099140 -1740.706358 -1776.919490 -1804.256555 -1824.408269 -1838.980132 -1849.356423 -1856.655814 -1861.741983 -1865.260606 -1867.686119 -1869.376803 -1870.670884 -1872.139036 -1875.014541 -1878.685605 -1850.521563 -1328.675259 -1486.160775 -1444.760232 -1417.415991 -1404.901704 -1403.120014 -1402.933074 -1402.949759 -1402.995321 -1403.044367 -1403.091495 -1403.135136 -1403.175674 -1403.223172 -1403.373698 -1404.408545 -1410.931970 -1425.637437 -1441.576632 -1270.109273 -1815.694868 -1871.471546 -1873.890386 -1873.225113 -1872.992516 -1872.943699 -1872.935418 -1872.934508 -1872.934793 -1872.935198 -1872.935547 -1872.935829 -1872.936054 -1872.936238 -1872.936392 -1872.936525 -1872.936644 -1872.936755 -1872.936868 -1872.936992 -1872.937139 -1872.937330 -1872.937594 -1872.937979 -1872.938562 -1872.939473 -1872.940938 -1872.943357 -1872.947473 -1872.954697 -1872.967798 -1872.992326 -1873.039714 -1873.134422 -1873.331816 -1873.766508 -1874.793010 -1877.436962 -1885.037017 -1909.994635 -9999.0 -9999.0
-9999.0 -9999.0 -9999.0 -9999.0 -9999.0 -9999.0 -9999.0 -9999.0 -9999.0 -9999.0 -9999.0 -9999.0 -9999.0 -9999.0 -9999.0 -9999.0 -9999.0 -9999.0 -9999.0 -9999.0 -9999.0 -9999.0 -9999.0 -9999.0 -9999.0 -9999.0 -9999.0 -9999.0 -9999.0 -9999.0 -9999.0 -9999.0 -9999.0 -9999.0 -9999.0 -9999.0 -9999.0 -9999.0 -9999.0 -9999.0 -9999.0 -9999.0 -9999.0 -9999.0 -9999.0 -9999.0 -9999.0 -9999.0 -9999.0 -9999.0 -9999.0 -9999.0 -9999.0 -9999.0 -9999.0 -9999.0 -9999.0 -9999.0 -9999.0 -9999.0 -9999.0 -9999.0 -9999.0 -9999.0 -9999.0 -9999.0 -9999.0 -9999.0 -9999.0 -9999.0 -9999.0 -9999.0 -9999.0 -9999.0 -9999.0 -9999.0 -9999.0 -9999.0 -9999.0 -9999.0 -9999.0 -9999.0 -9999.0 -9999.0 -9999.0 -9999.0 -9999.0 -9999.0 -9999.0 -9999.0 -9999.0 -9999.0 -9999.0 -9999.0 -9999.0 -9999.0 -9999.0 -9999.0 -9999.0 -9999.0 -9999.0 -9999.0 -9999.0 -9999.0
-9999.0 -9999.0 -9999.0 -9999.0 -9999.0 -9999.0 -9999.0 -9999.0 -9999.0 -9999.0 -9999.0 -9999.0 -9999.0 -9999.0 -9999.0 -9999.0 -9999.0 -9999.0 -9999.0 -9999.0 -9999.0 -9999.0 -9999.0 -9999.0 -9999.0 -9999.0 -9999.0 -9999.0 -9999.0 -9999.0 -9999.0 -9999.0 -9999.0 -9999.0 -9999.0 -9999.0 -9999.0 -9999.0 -9999.0 -9999.0 -9999.0 -9999.0 -9999.0 -9999.0 -9999.0 -9999.0 -9999.0 -9999.0 -9999.0 -9999.0 -9999.0 -9999.0 -9999.0 -9999.0 -9999.0 -9999.0 -9999.0 -9999.0 -9999.0 -9999.0 -9999.0 -9999.0 -9999.0 -9999.0 -9999.0 -9999.0 -9999.0 -9999.0 -9999.0 -9999.0 -9999.0 -9999.0 -9999.0 -9999.0 -9999.0 -9999.0 -9999.0 -9999.0 -9999.0 -9999.0 -9999.0 -9999.0 -9999.0 -9999.0 -9999.0 -9999.0 -9999.0 -9999.0 -9999.0 -9999.0 -9999.0 -9999.0 -9999.0 -9999.0 -9999.0 -9999.0 -9999.0 -9999.0 -9999.0 -9999.0 -9999.0 -9999.0 -9999.0 -9999.0