inst/processing_geotop_simulation/geotop_simulation/out/maps3D/PwL0000N0471.asc
ncols         104
nrows         10
xllcorner     -2.000000
yllcorner     0.000000
cellsize      1.000000
NODATA_value  -9999.0
-9999.0 -9999.0 -9999.0 -9999.0 -9999.0 -9999.0 -9999.0 -9999.0 -9999.0 -9999.0 -9999.0 -9999.0 -9999.0 -9999.0 -9999.0 -9999.0 -9999.0 -9999.0 -9999.0 -9999.0 -9999.0 -9999.0 -9999.0 -9999.0 -9999.0 -9999.0 -9999.0 -9999.0 -9999.0 -9999.0 -9999.0 -9999.0 -9999.0 -9999.0 -9999.0 -9999.0 -9999.0 -9999.0 -9999.0 -9999.0 -9999.0 -9999.0 -9999.0 -9999.0 -9999.0 -9999.0 -9999.0 -9999.0 -9999.0 -9999.0 -9999.0 -9999.0 -9999.0 -9999.0 -9999.0 -9999.0 -9999.0 -9999.0 -9999.0 -9999.0 -9999.0 -9999.0 -9999.0 -9999.0 -9999.0 -9999.0 -9999.0 -9999.0 -9999.0 -9999.0 -9999.0 -9999.0 -9999.0 -9999.0 -9999.0 -9999.0 -9999.0 -9999.0 -9999.0 -9999.0 -9999.0 -9999.0 -9999.0 -9999.0 -9999.0 -9999.0 -9999.0 -9999.0 -9999.0 -9999.0 -9999.0 -9999.0 -9999.0 -9999.0 -9999.0 -9999.0 -9999.0 -9999.0 -9999.0 -9999.0 -9999.0 -9999.0 -9999.0 -9999.0
-9999.0 -9999.0 -9999.0 -9999.0 -9999.0 -9999.0 -9999.0 -9999.0 -9999.0 -9999.0 -9999.0 -9999.0 -9999.0 -9999.0 -9999.0 -9999.0 -9999.0 -9999.0 -9999.0 -9999.0 -9999.0 -9999.0 -9999.0 -9999.0 -9999.0 -9999.0 -9999.0 -9999.0 -9999.0 -9999.0 -9999.0 -9999.0 -9999.0 -9999.0 -9999.0 -9999.0 -9999.0 -9999.0 -9999.0 -9999.0 -9999.0 -9999.0 -9999.0 -9999.0 -9999.0 -9999.0 -9999.0 -9999.0 -9999.0 -9999.0 -9999.0 -9999.0 -9999.0 -9999.0 -9999.0 -9999.0 -9999.0 -9999.0 -9999.0 -9999.0 -9999.0 -9999.0 -9999.0 -9999.0 -9999.0 -9999.0 -9999.0 -9999.0 -9999.0 -9999.0 -9999.0 -9999.0 -9999.0 -9999.0 -9999.0 -9999.0 -9999.0 -9999.0 -9999.0 -9999.0 -9999.0 -9999.0 -9999.0 -9999.0 -9999.0 -9999.0 -9999.0 -9999.0 -9999.0 -9999.0 -9999.0 -9999.0 -9999.0 -9999.0 -9999.0 -9999.0 -9999.0 -9999.0 -9999.0 -9999.0 -9999.0 -9999.0 -9999.0 -9999.0
-9999.0 -9999.0 0.026607 -97.005318 -196.114173 -295.454764 -394.880007 -494.336168 -593.796101 -693.239389 -792.640000 -891.980687 -991.245171 -1090.414120 -1189.554910 -1288.647035 -1387.529694 -1486.075436 -1584.037392 -1680.891738 -1775.550542 -1865.982443 -1949.218239 -2022.232153 -2083.124383 -2131.638778 -2168.864465 -2196.599513 -2216.800750 -2231.259511 -2241.467855 -2248.598179 -2253.536409 -2256.933737 -2259.259723 -2260.851108 -2261.962175 -2262.850876 -2263.990095 -2266.146567 -2264.162340 -2182.861608 -1350.570711 -1346.139941 -1336.444566 -1329.973138 -1326.922620 -1326.430505 -1326.375859 -1326.380044 -1326.392671 -1326.406339 -1326.419490 -1326.431678 -1326.443064 -1326.456939 -1326.503228 -1326.804672 -1328.452846 -1332.060257 -1336.696656 -1334.084265 -2158.049312 -2258.716710 -2264.843417 -2264.506280 -2264.301828 -2264.255159 -2264.246985 -2264.246042 -2264.246287 -2264.246657 -2264.246976 -2264.247229 -2264.247430 -2264.247591 -2264.247723 -2264.247835 -2264.247933 -2264.248024 -2264.248116 -2264.248217 -2264.248341 -2264.248506 -2264.248739 -2264.249087 -2264.249624 -2264.250473 -2264.251849 -2264.254136 -2264.258043 -2264.264920 -2264.277413 -2264.300825 -2264.346066 -2264.436431 -2264.624553 -2265.038460 -2266.017409 -2268.557060 -2275.960463 -2300.685258 -9999.0 -9999.0
-9999.0 -9999.0 0.078661 -97.003534 -196.113729 -295.454634 -394.879965 -494.336154 -593.796096 -693.239387 -792.639999 -891.980686 -991.245171 -1090.414120 -1189.554910 -1288.647035 -1387.529694 -1486.075436 -1584.037392 -1680.891739 -1775.550542 -1865.982443 -1949.218239 -2022.232153 -2083.124383 -2131.638778 -2168.864465 -2196.599513 -2216.800750 -2231.259511 -2241.467855 -2248.598179 -2253.536409 -2256.933737 -2259.259723 -2260.851108 -2261.962175 -2262.850876 -2263.990095 -2266.146567 -2264.162340 -2182.861608 -1350.570711 -1346.139941 -1336.444566 -1329.973138 -1326.922620 -1326.430505 -1326.375859 -1326.380044 -1326.392671 -1326.406339 -1326.419490 -1326.431678 -1326.443064 -1326.456939 -1326.503228 -1326.804672 -1328.452846 -1332.060257 -1336.696656 -1334.084265 -2158.049312 -2258.716710 -2264.843417 -2264.506280 -2264.301828 -2264.255159 -2264.246985 -2264.246042 -2264.246287 -2264.246657 -2264.246976 -2264.247229 -2264.247430 -2264.247591 -2264.247723 -2264.247835 -2264.247933 -2264.248024 -2264.248116 -2264.248217 -2264.248341 -2264.248506 -2264.248739 -2264.249087 -2264.249624 -2264.250473 -2264.251849 -2264.254136 -2264.258043 -2264.264920 -2264.277413 -2264.300825 -2264.346066 -2264.436431 -2264.624553 -2265.038460 -2266.017409 -2268.557060 -2275.960463 -2300.685258 -9999.0 -9999.0
-9999.0 -9999.0 0.078683 -97.002820 -196.113447 -295.454533 -394.879929 -494.336141 -593.796091 -693.239385 -792.639999 -891.980686 -991.245171 -1090.414119 -1189.554910 -1288.647035 -1387.529694 -1486.075436 -1584.037392 -1680.891739 -1775.550542 -1865.982443 -1949.218239 -2022.232153 -2083.124383 -2131.638778 -2168.864465 -2196.599513 -2216.800750 -2231.259511 -2241.467855 -2248.598179 -2253.536409 -2256.933737 -2259.259723 -2260.851108 -2261.962175 -2262.850876 -2263.990095 -2266.146567 -2264.162340 -2182.861608 -1350.570711 -1346.139941 -1336.444566 -1329.973137 -1326.922620 -1326.430505 -1326.375859 -1326.380044 -1326.392671 -1326.406339 -1326.419490 -1326.431678 -1326.443064 -1326.456939 -1326.503228 -1326.804672 -1328.452846 -1332.060257 -1336.696656 -1334.084265 -2158.049312 -2258.716710 -2264.843417 -2264.506280 -2264.301828 -2264.255159 -2264.246985 -2264.246042 -2264.246287 -2264.246657 -2264.246976 -2264.247229 -2264.247430 -2264.247591 -2264.247723 -2264.247835 -2264.247933 -2264.248024 -2264.248116 -2264.248217 -2264.248341 -2264.248506 -2264.248739 -2264.249087 -2264.249624 -2264.250473 -2264.251849 -2264.254136 -2264.258043 -2264.264920 -2264.277413 -2264.300825 -2264.346066 -2264.436431 -2264.624553 -2265.038460 -2266.017409 -2268.557060 -2275.960463 -2300.685258 -9999.0 -9999.0
-9999.0 -9999.0 0.078683 -97.002820 -196.113447 -295.454533 -394.879929 -494.336141 -593.796091 -693.239385 -792.639999 -891.980686 -991.245171 -1090.414119 -1189.554910 -1288.647035 -1387.529694 -1486.075436 -1584.037392 -1680.891739 -1775.550542 -1865.982443 -1949.218239 -2022.232153 -2083.124383 -2131.638778 -2168.864465 -2196.599513 -2216.800750 -2231.259511 -2241.467855 -2248.598179 -2253.536409 -2256.933737 -2259.259723 -2260.851108 -2261.962175 -2262.850876 -2263.990095 -2266.146567 -2264.162340 -2182.861608 -1350.570711 -1346.139941 -1336.444566 -1329.973137 -1326.922620 -1326.430505 -1326.375859 -1326.380044 -1326.392671 -1326.406339 -1326.419490 -1326.431678 -1326.443064 -1326.456939 -1326.503228 -1326.804672 -1328.452846 -1332.060257 -1336.696656 -1334.084265 -2158.049312 -2258.716710 -2264.843417 -2264.506280 -2264.301828 -2264.255159 -2264.246985 -2264.246042 -2264.246287 -2264.246657 -2264.246976 -2264.247229 -2264.247430 -2264.247591 -2264.247723 -2264.247835 -2264.247933 -2264.248024 -2264.248116 -2264.248217 -2264.248341 -2264.248506 -2264.248739 -2264.249087 -2264.249624 -2264.250473 -2264.251849 -2264.254136 -2264.258043 -2264.264920 -2264.277413 -2264.300825 -2264.346066 -2264.436431 -2264.624553 -2265.038460 -2266.017409 -2268.557060 -2275.960463 -2300.685258 -9999.0 -9999.0
-9999.0 -9999.0 0.078661 -97.003534 -196.113729 -295.454634 -394.879965 -494.336154 -593.796096 -693.239387 -792.639999 -891.980686 -991.245171 -1090.414119 -1189.554910 -1288.647035 -1387.529694 -1486.075436 -1584.037392 -1680.891739 -1775.550542 -1865.982443 -1949.218239 -2022.232153 -2083.124383 -2131.638778 -2168.864465 -2196.599513 -2216.800750 -2231.259511 -2241.467855 -2248.598179 -2253.536409 -2256.933737 -2259.259723 -2260.851108 -2261.962175 -2262.850876 -2263.990095 -2266.146567 -2264.162340 -2182.861608 -1350.570711 -1346.139941 -1336.444566 -1329.973138 -1326.922620 -1326.430505 -1326.375859 -1326.380044 -1326.392671 -1326.406339 -1326.419490 -1326.431678 -1326.443064 -1326.456939 -1326.503228 -1326.804672 -1328.452846 -1332.060257 -1336.696656 -1334.084265 -2158.049312 -2258.716710 -2264.843417 -2264.506280 -2264.301828 -2264.255159 -2264.246985 -2264.246042 -2264.246287 -2264.246657 -2264.246976 -2264.247229 -2264.247430 -2264.247591 -2264.247723 -2264.247835 -2264.247933 -2264.248024 -2264.248116 -2264.248217 -2264.248341 -2264.248506 -2264.248739 -2264.249087 -2264.249624 -2264.250473 -2264.251849 -2264.254136 -2264.258043 -2264.264920 -2264.277413 -2264.300825 -2264.346066 -2264.436431 -2264.624553 -2265.038460 -2266.017409 -2268.557060 -2275.960463 -2300.685258 -9999.0 -9999.0
-9999.0 -9999.0 0.026607 -97.005318 -196.114173 -295.454764 -394.880006 -494.336168 -593.796101 -693.239390 -792.640000 -891.980687 -991.245171 -1090.414120 -1189.554910 -1288.647035 -1387.529694 -1486.075436 -1584.037392 -1680.891738 -1775.550542 -1865.982443 -1949.218239 -2022.232153 -2083.124383 -2131.638778 -2168.864465 -2196.599513 -2216.800750 -2231.259511 -2241.467855 -2248.598179 -2253.536409 -2256.933737 -2259.259723 -2260.851108 -2261.962175 -2262.850876 -2263.990095 -2266.146567 -2264.162340 -2182.861608 -1350.570711 -1346.139941 -1336.444566 -1329.973138 -1326.922620 -1326.430505 -1326.375859 -1326.380044 -1326.392671 -1326.406339 -1326.419490 -1326.431678 -1326.443064 -1326.456939 -1326.503228 -1326.804672 -1328.452846 -1332.060257 -1336.696656 -1334.084265 -2158.049312 -2258.716710 -2264.843417 -2264.506280 -2264.301828 -2264.255159 -2264.246985 -2264.246042 -2264.246287 -2264.246657 -2264.246976 -2264.247229 -2264.247430 -2264.247591 -2264.247723 -2264.247835 -2264.247933 -2264.248024 -2264.248116 -2264.248217 -2264.248341 -2264.248506 -2264.248739 -2264.249087 -2264.249624 -2264.250473 -2264.251849 -2264.254136 -2264.258043 -2264.264920 -2264.277413 -2264.300825 -2264.346066 -2264.436431 -2264.624553 -2265.038460 -2266.017409 -2268.557060 -2275.960463 -2300.685258 -9999.0 -9999.0
-9999.0 -9999.0 -9999.0 -9999.0 -9999.0 -9999.0 -9999.0 -9999.0 -9999.0 -9999.0 -9999.0 -9999.0 -9999.0 -9999.0 -9999.0 -9999.0 -9999.0 -9999.0 -9999.0 -9999.0 -9999.0 -9999.0 -9999.0 -9999.0 -9999.0 -9999.0 -9999.0 -9999.0 -9999.0 -9999.0 -9999.0 -9999.0 -9999.0 -9999.0 -9999.0 -9999.0 -9999.0 -9999.0 -9999.0 -9999.0 -9999.0 -9999.0 -9999.0 -9999.0 -9999.0 -9999.0 -9999.0 -9999.0 -9999.0 -9999.0 -9999.0 -9999.0 -9999.0 -9999.0 -9999.0 -9999.0 -9999.0 -9999.0 -9999.0 -9999.0 -9999.0 -9999.0 -9999.0 -9999.0 -9999.0 -9999.0 -9999.0 -9999.0 -9999.0 -9999.0 -9999.0 -9999.0 -9999.0 -9999.0 -9999.0 -9999.0 -9999.0 -9999.0 -9999.0 -9999.0 -9999.0 -9999.0 -9999.0 -9999.0 -9999.0 -9999.0 -9999.0 -9999.0 -9999.0 -9999.0 -9999.0 -9999.0 -9999.0 -9999.0 -9999.0 -9999.0 -9999.0 -9999.0 -9999.0 -9999.0 -9999.0 -9999.0 -9999.0 -9999.0
-9999.0 -9999.0 -9999.0 -9999.0 -9999.0 -9999.0 -9999.0 -9999.0 -9999.0 -9999.0 -9999.0 -9999.0 -9999.0 -9999.0 -9999.0 -9999.0 -9999.0 -9999.0 -9999.0 -9999.0 -9999.0 -9999.0 -9999.0 -9999.0 -9999.0 -9999.0 -9999.0 -9999.0 -9999.0 -9999.0 -9999.0 -9999.0 -9999.0 -9999.0 -9999.0 -9999.0 -9999.0 -9999.0 -9999.0 -9999.0 -9999.0 -9999.0 -9999.0 -9999.0 -9999.0 -9999.0 -9999.0 -9999.0 -9999.0 -9999.0 -9999.0 -9999.0 -9999.0 -9999.0 -9999.0 -9999.0 -9999.0 -9999.0 -9999.0 -9999.0 -9999.0 -9999.0 -9999.0 -9999.0 -9999.0 -9999.0 -9999.0 -9999.0 -9999.0 -9999.0 -9999.0 -9999.0 -9999.0 -9999.0 -9999.0 -9999.0 -9999.0 -9999.0 -9999.0 -9999.0 -9999.0 -9999.0 -9999.0 -9999.0 -9999.0 -9999.0 -9999.0 -9999.0 -9999.0 -9999.0 -9999.0 -9999.0 -9999.0 -9999.0 -9999.0 -9999.0 -9999.0 -9999.0 -9999.0 -9999.0 -9999.0 -9999.0 -9999.0 -9999.0