inst/processing_geotop_simulation/geotop_simulation/out/maps3D/PwL0007N0352.asc
ncols         104
nrows         10
xllcorner     -2.000000
yllcorner     0.000000
cellsize      1.000000
NODATA_value  -9999.0
-9999.0 -9999.0 -9999.0 -9999.0 -9999.0 -9999.0 -9999.0 -9999.0 -9999.0 -9999.0 -9999.0 -9999.0 -9999.0 -9999.0 -9999.0 -9999.0 -9999.0 -9999.0 -9999.0 -9999.0 -9999.0 -9999.0 -9999.0 -9999.0 -9999.0 -9999.0 -9999.0 -9999.0 -9999.0 -9999.0 -9999.0 -9999.0 -9999.0 -9999.0 -9999.0 -9999.0 -9999.0 -9999.0 -9999.0 -9999.0 -9999.0 -9999.0 -9999.0 -9999.0 -9999.0 -9999.0 -9999.0 -9999.0 -9999.0 -9999.0 -9999.0 -9999.0 -9999.0 -9999.0 -9999.0 -9999.0 -9999.0 -9999.0 -9999.0 -9999.0 -9999.0 -9999.0 -9999.0 -9999.0 -9999.0 -9999.0 -9999.0 -9999.0 -9999.0 -9999.0 -9999.0 -9999.0 -9999.0 -9999.0 -9999.0 -9999.0 -9999.0 -9999.0 -9999.0 -9999.0 -9999.0 -9999.0 -9999.0 -9999.0 -9999.0 -9999.0 -9999.0 -9999.0 -9999.0 -9999.0 -9999.0 -9999.0 -9999.0 -9999.0 -9999.0 -9999.0 -9999.0 -9999.0 -9999.0 -9999.0 -9999.0 -9999.0 -9999.0 -9999.0
-9999.0 -9999.0 -9999.0 -9999.0 -9999.0 -9999.0 -9999.0 -9999.0 -9999.0 -9999.0 -9999.0 -9999.0 -9999.0 -9999.0 -9999.0 -9999.0 -9999.0 -9999.0 -9999.0 -9999.0 -9999.0 -9999.0 -9999.0 -9999.0 -9999.0 -9999.0 -9999.0 -9999.0 -9999.0 -9999.0 -9999.0 -9999.0 -9999.0 -9999.0 -9999.0 -9999.0 -9999.0 -9999.0 -9999.0 -9999.0 -9999.0 -9999.0 -9999.0 -9999.0 -9999.0 -9999.0 -9999.0 -9999.0 -9999.0 -9999.0 -9999.0 -9999.0 -9999.0 -9999.0 -9999.0 -9999.0 -9999.0 -9999.0 -9999.0 -9999.0 -9999.0 -9999.0 -9999.0 -9999.0 -9999.0 -9999.0 -9999.0 -9999.0 -9999.0 -9999.0 -9999.0 -9999.0 -9999.0 -9999.0 -9999.0 -9999.0 -9999.0 -9999.0 -9999.0 -9999.0 -9999.0 -9999.0 -9999.0 -9999.0 -9999.0 -9999.0 -9999.0 -9999.0 -9999.0 -9999.0 -9999.0 -9999.0 -9999.0 -9999.0 -9999.0 -9999.0 -9999.0 -9999.0 -9999.0 -9999.0 -9999.0 -9999.0 -9999.0 -9999.0
-9999.0 -9999.0 324.439602 226.735510 128.126954 29.187260 -69.880466 -169.000734 -268.136065 -367.259029 -466.341499 -565.327431 -664.099188 -762.630974 -861.128610 -959.571881 -1057.899328 -1155.725134 -1252.253387 -1346.905213 -1438.172685 -1523.494049 -1599.775535 -1664.622641 -1717.162426 -1758.009465 -1788.723250 -1811.217458 -1827.353034 -1838.736875 -1846.661596 -1852.119222 -1855.845756 -1858.373450 -1860.080067 -1861.232269 -1862.028474 -1862.673930 -1863.618969 -1866.163221 -1870.861470 -1840.079030 -1205.702938 -1248.135199 -1227.534163 -1214.019793 -1207.730286 -1206.804686 -1206.706548 -1206.715545 -1206.739859 -1206.766037 -1206.791195 -1206.814495 -1206.836147 -1206.861581 -1206.942195 -1207.488370 -1210.805154 -1218.206600 -1227.564698 -1172.018088 -1811.129437 -1864.175347 -1864.738455 -1863.905711 -1863.688720 -1863.648644 -1863.642439 -1863.641976 -1863.642392 -1863.642859 -1863.643243 -1863.643542 -1863.643775 -1863.643958 -1863.644105 -1863.644227 -1863.644331 -1863.644426 -1863.644520 -1863.644625 -1863.644756 -1863.644934 -1863.645193 -1863.645587 -1863.646202 -1863.647184 -1863.648783 -1863.651441 -1863.655972 -1863.663917 -1863.678279 -1863.705035 -1863.756345 -1863.857716 -1864.065360 -1864.512183 -1865.539302 -1868.111417 -1875.347272 -1899.190513 -9999.0 -9999.0
-9999.0 -9999.0 324.446934 226.737283 128.127424 29.187399 -69.880421 -169.000719 -268.136060 -367.259027 -466.341498 -565.327431 -664.099187 -762.630974 -861.128610 -959.571881 -1057.899329 -1155.725134 -1252.253387 -1346.905213 -1438.172685 -1523.494049 -1599.775535 -1664.622641 -1717.162426 -1758.009465 -1788.723250 -1811.217458 -1827.353034 -1838.736875 -1846.661596 -1852.119222 -1855.845756 -1858.373450 -1860.080067 -1861.232269 -1862.028474 -1862.673930 -1863.618969 -1866.163221 -1870.861470 -1840.079030 -1205.702938 -1248.135199 -1227.534163 -1214.019792 -1207.730286 -1206.804686 -1206.706548 -1206.715545 -1206.739859 -1206.766037 -1206.791195 -1206.814495 -1206.836147 -1206.861581 -1206.942195 -1207.488370 -1210.805154 -1218.206600 -1227.564698 -1172.018088 -1811.129437 -1864.175347 -1864.738455 -1863.905711 -1863.688720 -1863.648644 -1863.642439 -1863.641976 -1863.642392 -1863.642859 -1863.643243 -1863.643542 -1863.643775 -1863.643958 -1863.644105 -1863.644227 -1863.644331 -1863.644426 -1863.644520 -1863.644625 -1863.644756 -1863.644934 -1863.645193 -1863.645587 -1863.646202 -1863.647184 -1863.648783 -1863.651441 -1863.655972 -1863.663917 -1863.678279 -1863.705035 -1863.756345 -1863.857716 -1864.065360 -1864.512183 -1865.539302 -1868.111417 -1875.347272 -1899.190513 -9999.0 -9999.0
-9999.0 -9999.0 324.448322 226.738037 128.127724 29.187509 -69.880382 -169.000705 -268.136054 -367.259025 -466.341497 -565.327431 -664.099187 -762.630974 -861.128610 -959.571881 -1057.899329 -1155.725134 -1252.253387 -1346.905213 -1438.172685 -1523.494050 -1599.775535 -1664.622641 -1717.162426 -1758.009465 -1788.723250 -1811.217458 -1827.353034 -1838.736875 -1846.661596 -1852.119222 -1855.845757 -1858.373450 -1860.080067 -1861.232269 -1862.028474 -1862.673930 -1863.618969 -1866.163221 -1870.861470 -1840.079030 -1205.702938 -1248.135199 -1227.534163 -1214.019792 -1207.730286 -1206.804686 -1206.706548 -1206.715545 -1206.739859 -1206.766037 -1206.791195 -1206.814495 -1206.836147 -1206.861581 -1206.942195 -1207.488370 -1210.805154 -1218.206600 -1227.564698 -1172.018088 -1811.129437 -1864.175347 -1864.738455 -1863.905711 -1863.688720 -1863.648644 -1863.642439 -1863.641976 -1863.642392 -1863.642859 -1863.643243 -1863.643542 -1863.643775 -1863.643958 -1863.644105 -1863.644227 -1863.644331 -1863.644426 -1863.644520 -1863.644625 -1863.644756 -1863.644934 -1863.645193 -1863.645587 -1863.646202 -1863.647184 -1863.648783 -1863.651441 -1863.655972 -1863.663917 -1863.678279 -1863.705035 -1863.756345 -1863.857716 -1864.065360 -1864.512183 -1865.539302 -1868.111417 -1875.347272 -1899.190513 -9999.0 -9999.0
-9999.0 -9999.0 324.448322 226.738037 128.127724 29.187509 -69.880382 -169.000705 -268.136054 -367.259025 -466.341497 -565.327431 -664.099187 -762.630974 -861.128610 -959.571881 -1057.899329 -1155.725134 -1252.253387 -1346.905213 -1438.172685 -1523.494050 -1599.775535 -1664.622641 -1717.162426 -1758.009465 -1788.723250 -1811.217458 -1827.353034 -1838.736875 -1846.661596 -1852.119222 -1855.845757 -1858.373450 -1860.080067 -1861.232269 -1862.028474 -1862.673930 -1863.618969 -1866.163221 -1870.861470 -1840.079030 -1205.702938 -1248.135199 -1227.534163 -1214.019792 -1207.730286 -1206.804686 -1206.706548 -1206.715545 -1206.739859 -1206.766037 -1206.791195 -1206.814495 -1206.836147 -1206.861581 -1206.942195 -1207.488370 -1210.805154 -1218.206600 -1227.564698 -1172.018088 -1811.129437 -1864.175347 -1864.738455 -1863.905711 -1863.688720 -1863.648644 -1863.642439 -1863.641976 -1863.642392 -1863.642859 -1863.643243 -1863.643542 -1863.643775 -1863.643958 -1863.644105 -1863.644227 -1863.644331 -1863.644426 -1863.644520 -1863.644625 -1863.644756 -1863.644934 -1863.645193 -1863.645587 -1863.646202 -1863.647184 -1863.648783 -1863.651441 -1863.655972 -1863.663917 -1863.678279 -1863.705035 -1863.756345 -1863.857716 -1864.065360 -1864.512183 -1865.539302 -1868.111417 -1875.347272 -1899.190513 -9999.0 -9999.0
-9999.0 -9999.0 324.446934 226.737283 128.127424 29.187399 -69.880421 -169.000719 -268.136060 -367.259027 -466.341498 -565.327431 -664.099188 -762.630974 -861.128610 -959.571881 -1057.899329 -1155.725134 -1252.253387 -1346.905213 -1438.172685 -1523.494049 -1599.775535 -1664.622641 -1717.162426 -1758.009465 -1788.723250 -1811.217458 -1827.353034 -1838.736875 -1846.661596 -1852.119222 -1855.845756 -1858.373450 -1860.080067 -1861.232269 -1862.028474 -1862.673930 -1863.618969 -1866.163221 -1870.861470 -1840.079030 -1205.702938 -1248.135199 -1227.534163 -1214.019792 -1207.730286 -1206.804686 -1206.706548 -1206.715545 -1206.739859 -1206.766037 -1206.791195 -1206.814495 -1206.836147 -1206.861581 -1206.942195 -1207.488370 -1210.805154 -1218.206600 -1227.564698 -1172.018088 -1811.129437 -1864.175347 -1864.738455 -1863.905711 -1863.688720 -1863.648644 -1863.642439 -1863.641976 -1863.642392 -1863.642859 -1863.643243 -1863.643542 -1863.643775 -1863.643958 -1863.644105 -1863.644227 -1863.644331 -1863.644426 -1863.644520 -1863.644625 -1863.644756 -1863.644934 -1863.645193 -1863.645587 -1863.646202 -1863.647184 -1863.648783 -1863.651441 -1863.655972 -1863.663917 -1863.678279 -1863.705035 -1863.756345 -1863.857716 -1864.065360 -1864.512183 -1865.539302 -1868.111417 -1875.347272 -1899.190513 -9999.0 -9999.0
-9999.0 -9999.0 324.439602 226.735510 128.126954 29.187260 -69.880466 -169.000734 -268.136065 -367.259029 -466.341499 -565.327431 -664.099188 -762.630975 -861.128610 -959.571881 -1057.899328 -1155.725134 -1252.253387 -1346.905213 -1438.172685 -1523.494049 -1599.775535 -1664.622641 -1717.162426 -1758.009465 -1788.723250 -1811.217458 -1827.353034 -1838.736875 -1846.661596 -1852.119222 -1855.845756 -1858.373450 -1860.080067 -1861.232269 -1862.028474 -1862.673930 -1863.618969 -1866.163221 -1870.861470 -1840.079030 -1205.702938 -1248.135199 -1227.534163 -1214.019793 -1207.730286 -1206.804686 -1206.706548 -1206.715545 -1206.739859 -1206.766037 -1206.791195 -1206.814495 -1206.836147 -1206.861581 -1206.942195 -1207.488370 -1210.805154 -1218.206600 -1227.564698 -1172.018088 -1811.129437 -1864.175347 -1864.738455 -1863.905711 -1863.688720 -1863.648644 -1863.642439 -1863.641976 -1863.642392 -1863.642859 -1863.643243 -1863.643542 -1863.643775 -1863.643958 -1863.644105 -1863.644227 -1863.644331 -1863.644426 -1863.644520 -1863.644625 -1863.644756 -1863.644934 -1863.645193 -1863.645587 -1863.646202 -1863.647184 -1863.648783 -1863.651441 -1863.655972 -1863.663917 -1863.678279 -1863.705035 -1863.756345 -1863.857716 -1864.065360 -1864.512183 -1865.539302 -1868.111417 -1875.347272 -1899.190513 -9999.0 -9999.0
-9999.0 -9999.0 -9999.0 -9999.0 -9999.0 -9999.0 -9999.0 -9999.0 -9999.0 -9999.0 -9999.0 -9999.0 -9999.0 -9999.0 -9999.0 -9999.0 -9999.0 -9999.0 -9999.0 -9999.0 -9999.0 -9999.0 -9999.0 -9999.0 -9999.0 -9999.0 -9999.0 -9999.0 -9999.0 -9999.0 -9999.0 -9999.0 -9999.0 -9999.0 -9999.0 -9999.0 -9999.0 -9999.0 -9999.0 -9999.0 -9999.0 -9999.0 -9999.0 -9999.0 -9999.0 -9999.0 -9999.0 -9999.0 -9999.0 -9999.0 -9999.0 -9999.0 -9999.0 -9999.0 -9999.0 -9999.0 -9999.0 -9999.0 -9999.0 -9999.0 -9999.0 -9999.0 -9999.0 -9999.0 -9999.0 -9999.0 -9999.0 -9999.0 -9999.0 -9999.0 -9999.0 -9999.0 -9999.0 -9999.0 -9999.0 -9999.0 -9999.0 -9999.0 -9999.0 -9999.0 -9999.0 -9999.0 -9999.0 -9999.0 -9999.0 -9999.0 -9999.0 -9999.0 -9999.0 -9999.0 -9999.0 -9999.0 -9999.0 -9999.0 -9999.0 -9999.0 -9999.0 -9999.0 -9999.0 -9999.0 -9999.0 -9999.0 -9999.0 -9999.0
-9999.0 -9999.0 -9999.0 -9999.0 -9999.0 -9999.0 -9999.0 -9999.0 -9999.0 -9999.0 -9999.0 -9999.0 -9999.0 -9999.0 -9999.0 -9999.0 -9999.0 -9999.0 -9999.0 -9999.0 -9999.0 -9999.0 -9999.0 -9999.0 -9999.0 -9999.0 -9999.0 -9999.0 -9999.0 -9999.0 -9999.0 -9999.0 -9999.0 -9999.0 -9999.0 -9999.0 -9999.0 -9999.0 -9999.0 -9999.0 -9999.0 -9999.0 -9999.0 -9999.0 -9999.0 -9999.0 -9999.0 -9999.0 -9999.0 -9999.0 -9999.0 -9999.0 -9999.0 -9999.0 -9999.0 -9999.0 -9999.0 -9999.0 -9999.0 -9999.0 -9999.0 -9999.0 -9999.0 -9999.0 -9999.0 -9999.0 -9999.0 -9999.0 -9999.0 -9999.0 -9999.0 -9999.0 -9999.0 -9999.0 -9999.0 -9999.0 -9999.0 -9999.0 -9999.0 -9999.0 -9999.0 -9999.0 -9999.0 -9999.0 -9999.0 -9999.0 -9999.0 -9999.0 -9999.0 -9999.0 -9999.0 -9999.0 -9999.0 -9999.0 -9999.0 -9999.0 -9999.0 -9999.0 -9999.0 -9999.0 -9999.0 -9999.0 -9999.0 -9999.0