inst/processing_geotop_simulation/geotop_simulation/out/maps3D/PwL0019N0047.asc
ncols         104
nrows         10
xllcorner     -2.000000
yllcorner     0.000000
cellsize      1.000000
NODATA_value  -9999.0
-9999.0 -9999.0 -9999.0 -9999.0 -9999.0 -9999.0 -9999.0 -9999.0 -9999.0 -9999.0 -9999.0 -9999.0 -9999.0 -9999.0 -9999.0 -9999.0 -9999.0 -9999.0 -9999.0 -9999.0 -9999.0 -9999.0 -9999.0 -9999.0 -9999.0 -9999.0 -9999.0 -9999.0 -9999.0 -9999.0 -9999.0 -9999.0 -9999.0 -9999.0 -9999.0 -9999.0 -9999.0 -9999.0 -9999.0 -9999.0 -9999.0 -9999.0 -9999.0 -9999.0 -9999.0 -9999.0 -9999.0 -9999.0 -9999.0 -9999.0 -9999.0 -9999.0 -9999.0 -9999.0 -9999.0 -9999.0 -9999.0 -9999.0 -9999.0 -9999.0 -9999.0 -9999.0 -9999.0 -9999.0 -9999.0 -9999.0 -9999.0 -9999.0 -9999.0 -9999.0 -9999.0 -9999.0 -9999.0 -9999.0 -9999.0 -9999.0 -9999.0 -9999.0 -9999.0 -9999.0 -9999.0 -9999.0 -9999.0 -9999.0 -9999.0 -9999.0 -9999.0 -9999.0 -9999.0 -9999.0 -9999.0 -9999.0 -9999.0 -9999.0 -9999.0 -9999.0 -9999.0 -9999.0 -9999.0 -9999.0 -9999.0 -9999.0 -9999.0 -9999.0
-9999.0 -9999.0 -9999.0 -9999.0 -9999.0 -9999.0 -9999.0 -9999.0 -9999.0 -9999.0 -9999.0 -9999.0 -9999.0 -9999.0 -9999.0 -9999.0 -9999.0 -9999.0 -9999.0 -9999.0 -9999.0 -9999.0 -9999.0 -9999.0 -9999.0 -9999.0 -9999.0 -9999.0 -9999.0 -9999.0 -9999.0 -9999.0 -9999.0 -9999.0 -9999.0 -9999.0 -9999.0 -9999.0 -9999.0 -9999.0 -9999.0 -9999.0 -9999.0 -9999.0 -9999.0 -9999.0 -9999.0 -9999.0 -9999.0 -9999.0 -9999.0 -9999.0 -9999.0 -9999.0 -9999.0 -9999.0 -9999.0 -9999.0 -9999.0 -9999.0 -9999.0 -9999.0 -9999.0 -9999.0 -9999.0 -9999.0 -9999.0 -9999.0 -9999.0 -9999.0 -9999.0 -9999.0 -9999.0 -9999.0 -9999.0 -9999.0 -9999.0 -9999.0 -9999.0 -9999.0 -9999.0 -9999.0 -9999.0 -9999.0 -9999.0 -9999.0 -9999.0 -9999.0 -9999.0 -9999.0 -9999.0 -9999.0 -9999.0 -9999.0 -9999.0 -9999.0 -9999.0 -9999.0 -9999.0 -9999.0 -9999.0 -9999.0 -9999.0 -9999.0
-9999.0 -9999.0 -456.500893 -558.215267 -633.974341 -680.683127 -706.994632 -721.036132 -728.269237 -730.846440 -725.846827 -715.818936 -702.510952 -684.030009 -661.658106 -641.772205 -625.224347 -612.279223 -602.868267 -610.802290 -630.016232 -647.199250 -665.261607 -664.012836 -654.432755 -655.364632 -662.028056 -671.672861 -682.527159 -693.367969 -703.322613 -711.833693 -718.663924 -723.848229 -727.598077 -730.201450 -731.966605 -733.245197 -734.279703 -734.684377 -737.973643 -789.230328 -2367.937511 -4033.872142 -4034.653457 -4034.653465 -4034.653465 -4034.653465 -4034.653465 -4034.653465 -4034.653464 -4034.653461 -4034.653452 -4034.653437 -4034.653405 -4034.653326 -4034.653098 -4034.652361 -4034.649705 -4034.638998 -4033.277677 -2262.328112 -769.925539 -739.273013 -736.236680 -735.563847 -735.406985 -735.377389 -735.375745 -735.379468 -735.383537 -735.386913 -735.389526 -735.391527 -735.393075 -735.394293 -735.395270 -735.396065 -735.396729 -735.397314 -735.397879 -735.398495 -735.399257 -735.400300 -735.401829 -735.404162 -735.407811 -735.413609 -735.422948 -735.438213 -735.463624 -735.506932 -735.582878 -735.720378 -735.977266 -736.470222 -737.435260 -739.357560 -743.312040 -752.159501 -775.357480 -838.811431 -9999.0 -9999.0
-9999.0 -9999.0 -456.500885 -558.215244 -633.974311 -680.683109 -706.994627 -721.036132 -728.269238 -730.846441 -725.846828 -715.818936 -702.510952 -684.030009 -661.658106 -641.772205 -625.224347 -612.279223 -602.868267 -610.802290 -630.016232 -647.199250 -665.261607 -664.012836 -654.432755 -655.364632 -662.028056 -671.672861 -682.527159 -693.367969 -703.322613 -711.833693 -718.663924 -723.848229 -727.598077 -730.201450 -731.966605 -733.245197 -734.279703 -734.684377 -737.973643 -789.230328 -2367.937511 -4033.872142 -4034.653457 -4034.653465 -4034.653465 -4034.653465 -4034.653465 -4034.653465 -4034.653464 -4034.653461 -4034.653452 -4034.653437 -4034.653405 -4034.653326 -4034.653098 -4034.652361 -4034.649705 -4034.638998 -4033.277677 -2262.328112 -769.925539 -739.273013 -736.236680 -735.563847 -735.406985 -735.377389 -735.375745 -735.379468 -735.383537 -735.386913 -735.389526 -735.391527 -735.393075 -735.394293 -735.395270 -735.396065 -735.396729 -735.397314 -735.397879 -735.398495 -735.399257 -735.400300 -735.401829 -735.404162 -735.407811 -735.413609 -735.422948 -735.438213 -735.463624 -735.506932 -735.582878 -735.720378 -735.977266 -736.470222 -737.435260 -739.357560 -743.312040 -752.159501 -775.357480 -838.811431 -9999.0 -9999.0
-9999.0 -9999.0 -456.500882 -558.215231 -633.974290 -680.683095 -706.994622 -721.036132 -728.269239 -730.846442 -725.846828 -715.818936 -702.510952 -684.030009 -661.658106 -641.772205 -625.224347 -612.279223 -602.868267 -610.802290 -630.016232 -647.199250 -665.261607 -664.012836 -654.432755 -655.364632 -662.028056 -671.672861 -682.527159 -693.367969 -703.322613 -711.833693 -718.663924 -723.848229 -727.598077 -730.201450 -731.966605 -733.245197 -734.279703 -734.684377 -737.973643 -789.230329 -2367.937511 -4033.872142 -4034.653457 -4034.653465 -4034.653465 -4034.653465 -4034.653465 -4034.653465 -4034.653464 -4034.653461 -4034.653452 -4034.653437 -4034.653405 -4034.653326 -4034.653098 -4034.652361 -4034.649705 -4034.638998 -4033.277677 -2262.328112 -769.925539 -739.273013 -736.236680 -735.563847 -735.406985 -735.377389 -735.375745 -735.379468 -735.383537 -735.386913 -735.389526 -735.391527 -735.393075 -735.394293 -735.395270 -735.396065 -735.396729 -735.397314 -735.397879 -735.398495 -735.399257 -735.400300 -735.401829 -735.404162 -735.407811 -735.413609 -735.422948 -735.438213 -735.463624 -735.506932 -735.582878 -735.720378 -735.977266 -736.470222 -737.435260 -739.357560 -743.312040 -752.159501 -775.357480 -838.811431 -9999.0 -9999.0
-9999.0 -9999.0 -456.500882 -558.215231 -633.974290 -680.683095 -706.994622 -721.036132 -728.269239 -730.846442 -725.846828 -715.818936 -702.510952 -684.030009 -661.658106 -641.772205 -625.224347 -612.279223 -602.868267 -610.802290 -630.016232 -647.199250 -665.261607 -664.012836 -654.432755 -655.364632 -662.028056 -671.672861 -682.527159 -693.367969 -703.322613 -711.833693 -718.663924 -723.848229 -727.598077 -730.201450 -731.966605 -733.245197 -734.279703 -734.684377 -737.973643 -789.230329 -2367.937511 -4033.872142 -4034.653457 -4034.653465 -4034.653465 -4034.653465 -4034.653465 -4034.653465 -4034.653464 -4034.653461 -4034.653452 -4034.653437 -4034.653405 -4034.653326 -4034.653098 -4034.652361 -4034.649705 -4034.638998 -4033.277677 -2262.328112 -769.925539 -739.273013 -736.236680 -735.563847 -735.406985 -735.377389 -735.375745 -735.379468 -735.383537 -735.386913 -735.389526 -735.391527 -735.393075 -735.394293 -735.395270 -735.396065 -735.396729 -735.397314 -735.397879 -735.398495 -735.399257 -735.400300 -735.401829 -735.404162 -735.407811 -735.413609 -735.422948 -735.438213 -735.463624 -735.506932 -735.582878 -735.720378 -735.977266 -736.470222 -737.435260 -739.357560 -743.312040 -752.159501 -775.357480 -838.811431 -9999.0 -9999.0
-9999.0 -9999.0 -456.500886 -558.215244 -633.974311 -680.683109 -706.994627 -721.036132 -728.269238 -730.846441 -725.846828 -715.818936 -702.510952 -684.030009 -661.658106 -641.772205 -625.224347 -612.279223 -602.868267 -610.802290 -630.016232 -647.199250 -665.261607 -664.012836 -654.432755 -655.364632 -662.028056 -671.672861 -682.527159 -693.367969 -703.322613 -711.833693 -718.663924 -723.848229 -727.598077 -730.201450 -731.966605 -733.245197 -734.279703 -734.684377 -737.973643 -789.230328 -2367.937511 -4033.872142 -4034.653457 -4034.653465 -4034.653465 -4034.653465 -4034.653465 -4034.653465 -4034.653464 -4034.653461 -4034.653452 -4034.653437 -4034.653405 -4034.653326 -4034.653098 -4034.652361 -4034.649705 -4034.638998 -4033.277677 -2262.328112 -769.925539 -739.273013 -736.236680 -735.563847 -735.406985 -735.377389 -735.375745 -735.379468 -735.383537 -735.386913 -735.389526 -735.391527 -735.393075 -735.394293 -735.395270 -735.396065 -735.396729 -735.397314 -735.397879 -735.398495 -735.399257 -735.400300 -735.401829 -735.404162 -735.407811 -735.413609 -735.422948 -735.438213 -735.463624 -735.506932 -735.582878 -735.720378 -735.977266 -736.470222 -737.435260 -739.357560 -743.312040 -752.159501 -775.357480 -838.811431 -9999.0 -9999.0
-9999.0 -9999.0 -456.500893 -558.215267 -633.974341 -680.683127 -706.994632 -721.036132 -728.269237 -730.846440 -725.846827 -715.818936 -702.510952 -684.030009 -661.658106 -641.772205 -625.224347 -612.279223 -602.868267 -610.802290 -630.016232 -647.199250 -665.261607 -664.012836 -654.432755 -655.364632 -662.028056 -671.672861 -682.527159 -693.367969 -703.322613 -711.833693 -718.663924 -723.848229 -727.598077 -730.201450 -731.966605 -733.245197 -734.279703 -734.684377 -737.973643 -789.230328 -2367.937511 -4033.872142 -4034.653457 -4034.653465 -4034.653465 -4034.653465 -4034.653465 -4034.653465 -4034.653464 -4034.653461 -4034.653452 -4034.653437 -4034.653405 -4034.653326 -4034.653098 -4034.652361 -4034.649705 -4034.638998 -4033.277677 -2262.328112 -769.925539 -739.273013 -736.236680 -735.563847 -735.406985 -735.377389 -735.375745 -735.379468 -735.383537 -735.386913 -735.389526 -735.391527 -735.393075 -735.394293 -735.395270 -735.396065 -735.396729 -735.397314 -735.397879 -735.398495 -735.399257 -735.400300 -735.401829 -735.404162 -735.407811 -735.413609 -735.422948 -735.438213 -735.463624 -735.506932 -735.582878 -735.720378 -735.977266 -736.470222 -737.435260 -739.357560 -743.312040 -752.159501 -775.357480 -838.811431 -9999.0 -9999.0
-9999.0 -9999.0 -9999.0 -9999.0 -9999.0 -9999.0 -9999.0 -9999.0 -9999.0 -9999.0 -9999.0 -9999.0 -9999.0 -9999.0 -9999.0 -9999.0 -9999.0 -9999.0 -9999.0 -9999.0 -9999.0 -9999.0 -9999.0 -9999.0 -9999.0 -9999.0 -9999.0 -9999.0 -9999.0 -9999.0 -9999.0 -9999.0 -9999.0 -9999.0 -9999.0 -9999.0 -9999.0 -9999.0 -9999.0 -9999.0 -9999.0 -9999.0 -9999.0 -9999.0 -9999.0 -9999.0 -9999.0 -9999.0 -9999.0 -9999.0 -9999.0 -9999.0 -9999.0 -9999.0 -9999.0 -9999.0 -9999.0 -9999.0 -9999.0 -9999.0 -9999.0 -9999.0 -9999.0 -9999.0 -9999.0 -9999.0 -9999.0 -9999.0 -9999.0 -9999.0 -9999.0 -9999.0 -9999.0 -9999.0 -9999.0 -9999.0 -9999.0 -9999.0 -9999.0 -9999.0 -9999.0 -9999.0 -9999.0 -9999.0 -9999.0 -9999.0 -9999.0 -9999.0 -9999.0 -9999.0 -9999.0 -9999.0 -9999.0 -9999.0 -9999.0 -9999.0 -9999.0 -9999.0 -9999.0 -9999.0 -9999.0 -9999.0 -9999.0 -9999.0
-9999.0 -9999.0 -9999.0 -9999.0 -9999.0 -9999.0 -9999.0 -9999.0 -9999.0 -9999.0 -9999.0 -9999.0 -9999.0 -9999.0 -9999.0 -9999.0 -9999.0 -9999.0 -9999.0 -9999.0 -9999.0 -9999.0 -9999.0 -9999.0 -9999.0 -9999.0 -9999.0 -9999.0 -9999.0 -9999.0 -9999.0 -9999.0 -9999.0 -9999.0 -9999.0 -9999.0 -9999.0 -9999.0 -9999.0 -9999.0 -9999.0 -9999.0 -9999.0 -9999.0 -9999.0 -9999.0 -9999.0 -9999.0 -9999.0 -9999.0 -9999.0 -9999.0 -9999.0 -9999.0 -9999.0 -9999.0 -9999.0 -9999.0 -9999.0 -9999.0 -9999.0 -9999.0 -9999.0 -9999.0 -9999.0 -9999.0 -9999.0 -9999.0 -9999.0 -9999.0 -9999.0 -9999.0 -9999.0 -9999.0 -9999.0 -9999.0 -9999.0 -9999.0 -9999.0 -9999.0 -9999.0 -9999.0 -9999.0 -9999.0 -9999.0 -9999.0 -9999.0 -9999.0 -9999.0 -9999.0 -9999.0 -9999.0 -9999.0 -9999.0 -9999.0 -9999.0 -9999.0 -9999.0 -9999.0 -9999.0 -9999.0 -9999.0 -9999.0 -9999.0