inst/processing_geotop_simulation/geotop_simulation/out/maps3D/PwL0002N0082.asc
ncols         104
nrows         10
xllcorner     -2.000000
yllcorner     0.000000
cellsize      1.000000
NODATA_value  -9999.0
-9999.0 -9999.0 -9999.0 -9999.0 -9999.0 -9999.0 -9999.0 -9999.0 -9999.0 -9999.0 -9999.0 -9999.0 -9999.0 -9999.0 -9999.0 -9999.0 -9999.0 -9999.0 -9999.0 -9999.0 -9999.0 -9999.0 -9999.0 -9999.0 -9999.0 -9999.0 -9999.0 -9999.0 -9999.0 -9999.0 -9999.0 -9999.0 -9999.0 -9999.0 -9999.0 -9999.0 -9999.0 -9999.0 -9999.0 -9999.0 -9999.0 -9999.0 -9999.0 -9999.0 -9999.0 -9999.0 -9999.0 -9999.0 -9999.0 -9999.0 -9999.0 -9999.0 -9999.0 -9999.0 -9999.0 -9999.0 -9999.0 -9999.0 -9999.0 -9999.0 -9999.0 -9999.0 -9999.0 -9999.0 -9999.0 -9999.0 -9999.0 -9999.0 -9999.0 -9999.0 -9999.0 -9999.0 -9999.0 -9999.0 -9999.0 -9999.0 -9999.0 -9999.0 -9999.0 -9999.0 -9999.0 -9999.0 -9999.0 -9999.0 -9999.0 -9999.0 -9999.0 -9999.0 -9999.0 -9999.0 -9999.0 -9999.0 -9999.0 -9999.0 -9999.0 -9999.0 -9999.0 -9999.0 -9999.0 -9999.0 -9999.0 -9999.0 -9999.0 -9999.0
-9999.0 -9999.0 -9999.0 -9999.0 -9999.0 -9999.0 -9999.0 -9999.0 -9999.0 -9999.0 -9999.0 -9999.0 -9999.0 -9999.0 -9999.0 -9999.0 -9999.0 -9999.0 -9999.0 -9999.0 -9999.0 -9999.0 -9999.0 -9999.0 -9999.0 -9999.0 -9999.0 -9999.0 -9999.0 -9999.0 -9999.0 -9999.0 -9999.0 -9999.0 -9999.0 -9999.0 -9999.0 -9999.0 -9999.0 -9999.0 -9999.0 -9999.0 -9999.0 -9999.0 -9999.0 -9999.0 -9999.0 -9999.0 -9999.0 -9999.0 -9999.0 -9999.0 -9999.0 -9999.0 -9999.0 -9999.0 -9999.0 -9999.0 -9999.0 -9999.0 -9999.0 -9999.0 -9999.0 -9999.0 -9999.0 -9999.0 -9999.0 -9999.0 -9999.0 -9999.0 -9999.0 -9999.0 -9999.0 -9999.0 -9999.0 -9999.0 -9999.0 -9999.0 -9999.0 -9999.0 -9999.0 -9999.0 -9999.0 -9999.0 -9999.0 -9999.0 -9999.0 -9999.0 -9999.0 -9999.0 -9999.0 -9999.0 -9999.0 -9999.0 -9999.0 -9999.0 -9999.0 -9999.0 -9999.0 -9999.0 -9999.0 -9999.0 -9999.0 -9999.0
-9999.0 -9999.0 9.772112 -90.574515 -191.104827 -292.211663 -394.935589 -501.480364 -617.795305 -760.379041 -973.768631 -1105.880459 -1151.199478 -1187.552758 -1233.892424 -1286.486997 -1319.921127 -1332.301731 -1330.593204 -1323.444053 -1316.313773 -1311.524583 -1309.597994 -1310.228330 -1312.779574 -1316.518323 -1320.730710 -1324.824622 -1328.410140 -1331.314060 -1333.528930 -1335.141345 -1336.272969 -1337.043431 -1337.553236 -1337.881257 -1338.097454 -1338.286900 -1338.508691 -1338.959491 -1343.436496 -1366.320956 -880.191374 -874.798107 -862.277186 -854.615618 -851.038004 -850.548078 -850.500559 -850.513484 -850.536410 -850.560609 -850.583819 -850.605284 -850.624950 -850.645374 -850.692377 -850.988087 -852.903926 -857.315451 -864.713416 -861.854342 -1350.353546 -1341.966251 -1339.150054 -1338.684313 -1338.592201 -1338.575611 -1338.575222 -1338.577774 -1338.580365 -1338.582451 -1338.584033 -1338.585223 -1338.586129 -1338.586829 -1338.587381 -1338.587825 -1338.588191 -1338.588510 -1338.588816 -1338.589149 -1338.589560 -1338.590123 -1338.590951 -1338.592216 -1338.594198 -1338.597350 -1338.602429 -1338.610737 -1338.624574 -1338.648158 -1338.689490 -1338.764159 -1338.903055 -1339.167664 -1339.680084 -1340.683774 -1342.680904 -1346.793040 -1355.809976 -1378.489483 -9999.0 -9999.0
-9999.0 -9999.0 9.772110 -90.574515 -191.104826 -292.211663 -394.935590 -501.480364 -617.795305 -760.379041 -973.768632 -1105.880459 -1151.199478 -1187.552758 -1233.892424 -1286.486997 -1319.921127 -1332.301731 -1330.593204 -1323.444053 -1316.313773 -1311.524583 -1309.597994 -1310.228330 -1312.779574 -1316.518323 -1320.730710 -1324.824622 -1328.410140 -1331.314060 -1333.528930 -1335.141345 -1336.272969 -1337.043431 -1337.553236 -1337.881257 -1338.097454 -1338.286900 -1338.508691 -1338.959491 -1343.436496 -1366.320956 -880.191374 -874.798107 -862.277186 -854.615617 -851.038004 -850.548078 -850.500559 -850.513484 -850.536410 -850.560609 -850.583819 -850.605284 -850.624950 -850.645374 -850.692377 -850.988087 -852.903926 -857.315451 -864.713416 -861.854342 -1350.353546 -1341.966251 -1339.150054 -1338.684313 -1338.592201 -1338.575611 -1338.575222 -1338.577774 -1338.580365 -1338.582451 -1338.584033 -1338.585223 -1338.586129 -1338.586829 -1338.587381 -1338.587825 -1338.588191 -1338.588510 -1338.588816 -1338.589149 -1338.589560 -1338.590123 -1338.590951 -1338.592216 -1338.594198 -1338.597350 -1338.602429 -1338.610737 -1338.624574 -1338.648158 -1338.689490 -1338.764159 -1338.903055 -1339.167664 -1339.680084 -1340.683774 -1342.680904 -1346.793040 -1355.809976 -1378.489483 -9999.0 -9999.0
-9999.0 -9999.0 9.772111 -90.574515 -191.104827 -292.211663 -394.935589 -501.480364 -617.795306 -760.379042 -973.768632 -1105.880459 -1151.199478 -1187.552758 -1233.892424 -1286.486997 -1319.921127 -1332.301731 -1330.593204 -1323.444053 -1316.313773 -1311.524583 -1309.597994 -1310.228330 -1312.779574 -1316.518323 -1320.730710 -1324.824622 -1328.410140 -1331.314060 -1333.528930 -1335.141345 -1336.272969 -1337.043431 -1337.553236 -1337.881257 -1338.097454 -1338.286900 -1338.508691 -1338.959491 -1343.436496 -1366.320956 -880.191374 -874.798107 -862.277186 -854.615617 -851.038004 -850.548078 -850.500559 -850.513484 -850.536410 -850.560609 -850.583819 -850.605284 -850.624950 -850.645374 -850.692377 -850.988087 -852.903926 -857.315451 -864.713416 -861.854342 -1350.353546 -1341.966251 -1339.150054 -1338.684313 -1338.592201 -1338.575611 -1338.575222 -1338.577774 -1338.580365 -1338.582451 -1338.584033 -1338.585223 -1338.586129 -1338.586829 -1338.587381 -1338.587825 -1338.588191 -1338.588510 -1338.588816 -1338.589149 -1338.589560 -1338.590123 -1338.590951 -1338.592216 -1338.594198 -1338.597350 -1338.602429 -1338.610737 -1338.624574 -1338.648158 -1338.689490 -1338.764159 -1338.903055 -1339.167664 -1339.680084 -1340.683774 -1342.680904 -1346.793040 -1355.809976 -1378.489483 -9999.0 -9999.0
-9999.0 -9999.0 9.772111 -90.574515 -191.104827 -292.211663 -394.935590 -501.480364 -617.795306 -760.379042 -973.768632 -1105.880459 -1151.199478 -1187.552758 -1233.892424 -1286.486997 -1319.921127 -1332.301731 -1330.593204 -1323.444053 -1316.313773 -1311.524583 -1309.597994 -1310.228330 -1312.779574 -1316.518323 -1320.730710 -1324.824622 -1328.410140 -1331.314060 -1333.528930 -1335.141345 -1336.272969 -1337.043431 -1337.553236 -1337.881257 -1338.097454 -1338.286900 -1338.508691 -1338.959491 -1343.436496 -1366.320956 -880.191374 -874.798107 -862.277186 -854.615617 -851.038004 -850.548078 -850.500559 -850.513484 -850.536410 -850.560609 -850.583819 -850.605284 -850.624950 -850.645374 -850.692377 -850.988087 -852.903926 -857.315451 -864.713416 -861.854342 -1350.353546 -1341.966251 -1339.150054 -1338.684313 -1338.592201 -1338.575611 -1338.575222 -1338.577774 -1338.580365 -1338.582451 -1338.584033 -1338.585223 -1338.586129 -1338.586829 -1338.587381 -1338.587825 -1338.588191 -1338.588510 -1338.588816 -1338.589149 -1338.589560 -1338.590123 -1338.590951 -1338.592216 -1338.594198 -1338.597350 -1338.602429 -1338.610737 -1338.624574 -1338.648158 -1338.689490 -1338.764159 -1338.903055 -1339.167664 -1339.680084 -1340.683774 -1342.680904 -1346.793040 -1355.809976 -1378.489483 -9999.0 -9999.0
-9999.0 -9999.0 9.772110 -90.574515 -191.104826 -292.211663 -394.935590 -501.480364 -617.795305 -760.379041 -973.768632 -1105.880459 -1151.199478 -1187.552758 -1233.892424 -1286.486997 -1319.921127 -1332.301731 -1330.593204 -1323.444053 -1316.313773 -1311.524583 -1309.597994 -1310.228330 -1312.779574 -1316.518323 -1320.730710 -1324.824622 -1328.410140 -1331.314060 -1333.528930 -1335.141345 -1336.272969 -1337.043431 -1337.553236 -1337.881257 -1338.097454 -1338.286900 -1338.508691 -1338.959491 -1343.436496 -1366.320956 -880.191374 -874.798107 -862.277186 -854.615617 -851.038004 -850.548078 -850.500559 -850.513484 -850.536410 -850.560609 -850.583819 -850.605284 -850.624950 -850.645374 -850.692377 -850.988087 -852.903926 -857.315451 -864.713416 -861.854342 -1350.353546 -1341.966251 -1339.150054 -1338.684313 -1338.592201 -1338.575611 -1338.575222 -1338.577774 -1338.580365 -1338.582451 -1338.584033 -1338.585223 -1338.586129 -1338.586829 -1338.587381 -1338.587825 -1338.588191 -1338.588510 -1338.588816 -1338.589149 -1338.589560 -1338.590123 -1338.590951 -1338.592216 -1338.594198 -1338.597350 -1338.602429 -1338.610737 -1338.624574 -1338.648158 -1338.689490 -1338.764159 -1338.903055 -1339.167664 -1339.680084 -1340.683774 -1342.680904 -1346.793040 -1355.809976 -1378.489483 -9999.0 -9999.0
-9999.0 -9999.0 9.772112 -90.574515 -191.104827 -292.211663 -394.935589 -501.480363 -617.795305 -760.379041 -973.768631 -1105.880459 -1151.199478 -1187.552758 -1233.892424 -1286.486997 -1319.921127 -1332.301731 -1330.593204 -1323.444053 -1316.313773 -1311.524583 -1309.597994 -1310.228330 -1312.779574 -1316.518323 -1320.730710 -1324.824622 -1328.410140 -1331.314060 -1333.528930 -1335.141345 -1336.272969 -1337.043431 -1337.553236 -1337.881257 -1338.097454 -1338.286900 -1338.508691 -1338.959491 -1343.436496 -1366.320956 -880.191374 -874.798107 -862.277186 -854.615618 -851.038004 -850.548078 -850.500559 -850.513484 -850.536410 -850.560609 -850.583819 -850.605284 -850.624950 -850.645374 -850.692377 -850.988087 -852.903926 -857.315451 -864.713416 -861.854342 -1350.353546 -1341.966251 -1339.150054 -1338.684313 -1338.592201 -1338.575611 -1338.575222 -1338.577774 -1338.580365 -1338.582451 -1338.584033 -1338.585223 -1338.586129 -1338.586829 -1338.587381 -1338.587825 -1338.588191 -1338.588510 -1338.588816 -1338.589149 -1338.589560 -1338.590123 -1338.590951 -1338.592216 -1338.594198 -1338.597350 -1338.602429 -1338.610737 -1338.624574 -1338.648158 -1338.689490 -1338.764159 -1338.903055 -1339.167664 -1339.680084 -1340.683774 -1342.680904 -1346.793040 -1355.809976 -1378.489483 -9999.0 -9999.0
-9999.0 -9999.0 -9999.0 -9999.0 -9999.0 -9999.0 -9999.0 -9999.0 -9999.0 -9999.0 -9999.0 -9999.0 -9999.0 -9999.0 -9999.0 -9999.0 -9999.0 -9999.0 -9999.0 -9999.0 -9999.0 -9999.0 -9999.0 -9999.0 -9999.0 -9999.0 -9999.0 -9999.0 -9999.0 -9999.0 -9999.0 -9999.0 -9999.0 -9999.0 -9999.0 -9999.0 -9999.0 -9999.0 -9999.0 -9999.0 -9999.0 -9999.0 -9999.0 -9999.0 -9999.0 -9999.0 -9999.0 -9999.0 -9999.0 -9999.0 -9999.0 -9999.0 -9999.0 -9999.0 -9999.0 -9999.0 -9999.0 -9999.0 -9999.0 -9999.0 -9999.0 -9999.0 -9999.0 -9999.0 -9999.0 -9999.0 -9999.0 -9999.0 -9999.0 -9999.0 -9999.0 -9999.0 -9999.0 -9999.0 -9999.0 -9999.0 -9999.0 -9999.0 -9999.0 -9999.0 -9999.0 -9999.0 -9999.0 -9999.0 -9999.0 -9999.0 -9999.0 -9999.0 -9999.0 -9999.0 -9999.0 -9999.0 -9999.0 -9999.0 -9999.0 -9999.0 -9999.0 -9999.0 -9999.0 -9999.0 -9999.0 -9999.0 -9999.0 -9999.0
-9999.0 -9999.0 -9999.0 -9999.0 -9999.0 -9999.0 -9999.0 -9999.0 -9999.0 -9999.0 -9999.0 -9999.0 -9999.0 -9999.0 -9999.0 -9999.0 -9999.0 -9999.0 -9999.0 -9999.0 -9999.0 -9999.0 -9999.0 -9999.0 -9999.0 -9999.0 -9999.0 -9999.0 -9999.0 -9999.0 -9999.0 -9999.0 -9999.0 -9999.0 -9999.0 -9999.0 -9999.0 -9999.0 -9999.0 -9999.0 -9999.0 -9999.0 -9999.0 -9999.0 -9999.0 -9999.0 -9999.0 -9999.0 -9999.0 -9999.0 -9999.0 -9999.0 -9999.0 -9999.0 -9999.0 -9999.0 -9999.0 -9999.0 -9999.0 -9999.0 -9999.0 -9999.0 -9999.0 -9999.0 -9999.0 -9999.0 -9999.0 -9999.0 -9999.0 -9999.0 -9999.0 -9999.0 -9999.0 -9999.0 -9999.0 -9999.0 -9999.0 -9999.0 -9999.0 -9999.0 -9999.0 -9999.0 -9999.0 -9999.0 -9999.0 -9999.0 -9999.0 -9999.0 -9999.0 -9999.0 -9999.0 -9999.0 -9999.0 -9999.0 -9999.0 -9999.0 -9999.0 -9999.0 -9999.0 -9999.0 -9999.0 -9999.0 -9999.0 -9999.0