inst/processing_geotop_simulation/geotop_simulation/out/maps3D/PwL0009N0050.asc
ncols         104
nrows         10
xllcorner     -2.000000
yllcorner     0.000000
cellsize      1.000000
NODATA_value  -9999.0
-9999.0 -9999.0 -9999.0 -9999.0 -9999.0 -9999.0 -9999.0 -9999.0 -9999.0 -9999.0 -9999.0 -9999.0 -9999.0 -9999.0 -9999.0 -9999.0 -9999.0 -9999.0 -9999.0 -9999.0 -9999.0 -9999.0 -9999.0 -9999.0 -9999.0 -9999.0 -9999.0 -9999.0 -9999.0 -9999.0 -9999.0 -9999.0 -9999.0 -9999.0 -9999.0 -9999.0 -9999.0 -9999.0 -9999.0 -9999.0 -9999.0 -9999.0 -9999.0 -9999.0 -9999.0 -9999.0 -9999.0 -9999.0 -9999.0 -9999.0 -9999.0 -9999.0 -9999.0 -9999.0 -9999.0 -9999.0 -9999.0 -9999.0 -9999.0 -9999.0 -9999.0 -9999.0 -9999.0 -9999.0 -9999.0 -9999.0 -9999.0 -9999.0 -9999.0 -9999.0 -9999.0 -9999.0 -9999.0 -9999.0 -9999.0 -9999.0 -9999.0 -9999.0 -9999.0 -9999.0 -9999.0 -9999.0 -9999.0 -9999.0 -9999.0 -9999.0 -9999.0 -9999.0 -9999.0 -9999.0 -9999.0 -9999.0 -9999.0 -9999.0 -9999.0 -9999.0 -9999.0 -9999.0 -9999.0 -9999.0 -9999.0 -9999.0 -9999.0 -9999.0
-9999.0 -9999.0 -9999.0 -9999.0 -9999.0 -9999.0 -9999.0 -9999.0 -9999.0 -9999.0 -9999.0 -9999.0 -9999.0 -9999.0 -9999.0 -9999.0 -9999.0 -9999.0 -9999.0 -9999.0 -9999.0 -9999.0 -9999.0 -9999.0 -9999.0 -9999.0 -9999.0 -9999.0 -9999.0 -9999.0 -9999.0 -9999.0 -9999.0 -9999.0 -9999.0 -9999.0 -9999.0 -9999.0 -9999.0 -9999.0 -9999.0 -9999.0 -9999.0 -9999.0 -9999.0 -9999.0 -9999.0 -9999.0 -9999.0 -9999.0 -9999.0 -9999.0 -9999.0 -9999.0 -9999.0 -9999.0 -9999.0 -9999.0 -9999.0 -9999.0 -9999.0 -9999.0 -9999.0 -9999.0 -9999.0 -9999.0 -9999.0 -9999.0 -9999.0 -9999.0 -9999.0 -9999.0 -9999.0 -9999.0 -9999.0 -9999.0 -9999.0 -9999.0 -9999.0 -9999.0 -9999.0 -9999.0 -9999.0 -9999.0 -9999.0 -9999.0 -9999.0 -9999.0 -9999.0 -9999.0 -9999.0 -9999.0 -9999.0 -9999.0 -9999.0 -9999.0 -9999.0 -9999.0 -9999.0 -9999.0 -9999.0 -9999.0 -9999.0 -9999.0
-9999.0 -9999.0 -827.871243 -861.956647 -876.408525 -884.179568 -888.765878 -891.444201 -892.767771 -890.337175 -868.927889 -839.494121 -811.731057 -783.118208 -782.176641 -808.474313 -832.824894 -857.627127 -856.313795 -831.679821 -817.397074 -812.528852 -814.668100 -821.552308 -831.306833 -842.387682 -853.496530 -863.626849 -872.159647 -878.879457 -883.879211 -887.425883 -889.844072 -891.437790 -892.454160 -893.077684 -893.455798 -893.779169 -894.190098 -894.141810 -896.244755 -942.080918 -2276.669455 -4356.705247 -4057.245247 -3762.630152 -3601.980116 -3582.635701 -3580.673382 -3580.704087 -3580.982185 -3581.287113 -3581.579936 -3581.850951 -3582.104778 -3582.425627 -3583.656450 -3593.450777 -3673.603280 -3842.936068 -4091.106646 -2113.048952 -926.751695 -897.442373 -894.973999 -894.408371 -894.279009 -894.257624 -894.259174 -894.264521 -894.269545 -894.273516 -894.276509 -894.278759 -894.280471 -894.281795 -894.282843 -894.283683 -894.284375 -894.284974 -894.285544 -894.286157 -894.286908 -894.287931 -894.289427 -894.291707 -894.295268 -894.300920 -894.310004 -894.324803 -894.349328 -894.390868 -894.463154 -894.592842 -894.832711 -895.287937 -896.167059 -897.880268 -901.243036 -907.984599 -922.207398 -953.982799 -9999.0 -9999.0
-9999.0 -9999.0 -827.871184 -861.956576 -876.408472 -884.179544 -888.765871 -891.444201 -892.767772 -890.337176 -868.927889 -839.494121 -811.731057 -783.118208 -782.176641 -808.474313 -832.824894 -857.627127 -856.313795 -831.679821 -817.397074 -812.528852 -814.668100 -821.552308 -831.306833 -842.387682 -853.496530 -863.626849 -872.159647 -878.879457 -883.879211 -887.425883 -889.844072 -891.437790 -892.454160 -893.077684 -893.455798 -893.779169 -894.190098 -894.141810 -896.244755 -942.080918 -2276.669455 -4356.705245 -4057.245243 -3762.630141 -3601.980117 -3582.635701 -3580.673382 -3580.704087 -3580.982185 -3581.287113 -3581.579936 -3581.850951 -3582.104778 -3582.425627 -3583.656450 -3593.450777 -3673.603280 -3842.936067 -4091.106646 -2113.048953 -926.751695 -897.442373 -894.973999 -894.408371 -894.279009 -894.257624 -894.259174 -894.264521 -894.269545 -894.273516 -894.276509 -894.278759 -894.280471 -894.281795 -894.282843 -894.283683 -894.284375 -894.284974 -894.285544 -894.286157 -894.286908 -894.287931 -894.289427 -894.291707 -894.295268 -894.300920 -894.310004 -894.324803 -894.349328 -894.390868 -894.463154 -894.592842 -894.832711 -895.287937 -896.167059 -897.880268 -901.243036 -907.984599 -922.207398 -953.982799 -9999.0 -9999.0
-9999.0 -9999.0 -827.871156 -861.956536 -876.408436 -884.179525 -888.765866 -891.444201 -892.767773 -890.337177 -868.927890 -839.494122 -811.731057 -783.118208 -782.176641 -808.474313 -832.824894 -857.627127 -856.313795 -831.679821 -817.397074 -812.528852 -814.668100 -821.552308 -831.306833 -842.387682 -853.496530 -863.626849 -872.159647 -878.879457 -883.879211 -887.425883 -889.844072 -891.437790 -892.454160 -893.077684 -893.455798 -893.779169 -894.190098 -894.141810 -896.244755 -942.080918 -2276.669455 -4356.705245 -4057.245242 -3762.630137 -3601.980117 -3582.635701 -3580.673382 -3580.704087 -3580.982185 -3581.287113 -3581.579936 -3581.850951 -3582.104778 -3582.425627 -3583.656450 -3593.450777 -3673.603280 -3842.936067 -4091.106646 -2113.048953 -926.751695 -897.442373 -894.973999 -894.408371 -894.279009 -894.257624 -894.259174 -894.264521 -894.269545 -894.273516 -894.276509 -894.278759 -894.280471 -894.281795 -894.282843 -894.283683 -894.284375 -894.284974 -894.285544 -894.286157 -894.286908 -894.287931 -894.289427 -894.291707 -894.295268 -894.300920 -894.310004 -894.324803 -894.349328 -894.390868 -894.463154 -894.592842 -894.832711 -895.287937 -896.167059 -897.880268 -901.243036 -907.984599 -922.207398 -953.982799 -9999.0 -9999.0
-9999.0 -9999.0 -827.871156 -861.956536 -876.408436 -884.179525 -888.765866 -891.444201 -892.767773 -890.337177 -868.927890 -839.494122 -811.731057 -783.118208 -782.176641 -808.474313 -832.824894 -857.627127 -856.313795 -831.679821 -817.397074 -812.528852 -814.668100 -821.552308 -831.306833 -842.387682 -853.496530 -863.626849 -872.159647 -878.879457 -883.879211 -887.425883 -889.844072 -891.437790 -892.454160 -893.077684 -893.455798 -893.779169 -894.190098 -894.141810 -896.244755 -942.080918 -2276.669455 -4356.705245 -4057.245242 -3762.630137 -3601.980117 -3582.635701 -3580.673382 -3580.704087 -3580.982185 -3581.287113 -3581.579936 -3581.850951 -3582.104778 -3582.425627 -3583.656450 -3593.450777 -3673.603280 -3842.936067 -4091.106646 -2113.048953 -926.751695 -897.442373 -894.973999 -894.408371 -894.279009 -894.257624 -894.259174 -894.264521 -894.269545 -894.273516 -894.276509 -894.278759 -894.280471 -894.281795 -894.282843 -894.283683 -894.284375 -894.284974 -894.285544 -894.286157 -894.286908 -894.287931 -894.289427 -894.291707 -894.295268 -894.300920 -894.310004 -894.324803 -894.349328 -894.390868 -894.463154 -894.592842 -894.832711 -895.287937 -896.167059 -897.880268 -901.243036 -907.984599 -922.207398 -953.982799 -9999.0 -9999.0
-9999.0 -9999.0 -827.871184 -861.956576 -876.408472 -884.179544 -888.765871 -891.444201 -892.767772 -890.337176 -868.927889 -839.494121 -811.731057 -783.118208 -782.176641 -808.474313 -832.824894 -857.627127 -856.313795 -831.679821 -817.397074 -812.528852 -814.668100 -821.552308 -831.306833 -842.387682 -853.496530 -863.626849 -872.159647 -878.879457 -883.879211 -887.425883 -889.844072 -891.437790 -892.454160 -893.077684 -893.455798 -893.779169 -894.190098 -894.141810 -896.244755 -942.080918 -2276.669455 -4356.705245 -4057.245243 -3762.630141 -3601.980117 -3582.635701 -3580.673382 -3580.704087 -3580.982185 -3581.287113 -3581.579936 -3581.850951 -3582.104778 -3582.425627 -3583.656450 -3593.450777 -3673.603280 -3842.936067 -4091.106646 -2113.048953 -926.751695 -897.442373 -894.973999 -894.408371 -894.279009 -894.257624 -894.259174 -894.264521 -894.269545 -894.273516 -894.276509 -894.278759 -894.280471 -894.281795 -894.282843 -894.283683 -894.284375 -894.284974 -894.285544 -894.286157 -894.286908 -894.287931 -894.289427 -894.291707 -894.295268 -894.300920 -894.310004 -894.324803 -894.349328 -894.390868 -894.463154 -894.592842 -894.832711 -895.287937 -896.167059 -897.880268 -901.243036 -907.984599 -922.207398 -953.982799 -9999.0 -9999.0
-9999.0 -9999.0 -827.871243 -861.956647 -876.408525 -884.179568 -888.765878 -891.444201 -892.767771 -890.337175 -868.927889 -839.494121 -811.731057 -783.118208 -782.176641 -808.474313 -832.824894 -857.627127 -856.313795 -831.679821 -817.397074 -812.528852 -814.668100 -821.552308 -831.306833 -842.387682 -853.496530 -863.626849 -872.159647 -878.879457 -883.879211 -887.425883 -889.844072 -891.437790 -892.454160 -893.077684 -893.455798 -893.779169 -894.190098 -894.141810 -896.244755 -942.080918 -2276.669455 -4356.705247 -4057.245247 -3762.630152 -3601.980116 -3582.635701 -3580.673382 -3580.704087 -3580.982185 -3581.287113 -3581.579936 -3581.850951 -3582.104778 -3582.425627 -3583.656450 -3593.450777 -3673.603280 -3842.936068 -4091.106646 -2113.048952 -926.751695 -897.442373 -894.973999 -894.408371 -894.279009 -894.257624 -894.259174 -894.264521 -894.269545 -894.273516 -894.276509 -894.278759 -894.280471 -894.281795 -894.282843 -894.283683 -894.284375 -894.284974 -894.285544 -894.286157 -894.286908 -894.287931 -894.289427 -894.291707 -894.295268 -894.300920 -894.310004 -894.324803 -894.349328 -894.390868 -894.463154 -894.592842 -894.832711 -895.287937 -896.167059 -897.880268 -901.243036 -907.984599 -922.207398 -953.982799 -9999.0 -9999.0
-9999.0 -9999.0 -9999.0 -9999.0 -9999.0 -9999.0 -9999.0 -9999.0 -9999.0 -9999.0 -9999.0 -9999.0 -9999.0 -9999.0 -9999.0 -9999.0 -9999.0 -9999.0 -9999.0 -9999.0 -9999.0 -9999.0 -9999.0 -9999.0 -9999.0 -9999.0 -9999.0 -9999.0 -9999.0 -9999.0 -9999.0 -9999.0 -9999.0 -9999.0 -9999.0 -9999.0 -9999.0 -9999.0 -9999.0 -9999.0 -9999.0 -9999.0 -9999.0 -9999.0 -9999.0 -9999.0 -9999.0 -9999.0 -9999.0 -9999.0 -9999.0 -9999.0 -9999.0 -9999.0 -9999.0 -9999.0 -9999.0 -9999.0 -9999.0 -9999.0 -9999.0 -9999.0 -9999.0 -9999.0 -9999.0 -9999.0 -9999.0 -9999.0 -9999.0 -9999.0 -9999.0 -9999.0 -9999.0 -9999.0 -9999.0 -9999.0 -9999.0 -9999.0 -9999.0 -9999.0 -9999.0 -9999.0 -9999.0 -9999.0 -9999.0 -9999.0 -9999.0 -9999.0 -9999.0 -9999.0 -9999.0 -9999.0 -9999.0 -9999.0 -9999.0 -9999.0 -9999.0 -9999.0 -9999.0 -9999.0 -9999.0 -9999.0 -9999.0 -9999.0
-9999.0 -9999.0 -9999.0 -9999.0 -9999.0 -9999.0 -9999.0 -9999.0 -9999.0 -9999.0 -9999.0 -9999.0 -9999.0 -9999.0 -9999.0 -9999.0 -9999.0 -9999.0 -9999.0 -9999.0 -9999.0 -9999.0 -9999.0 -9999.0 -9999.0 -9999.0 -9999.0 -9999.0 -9999.0 -9999.0 -9999.0 -9999.0 -9999.0 -9999.0 -9999.0 -9999.0 -9999.0 -9999.0 -9999.0 -9999.0 -9999.0 -9999.0 -9999.0 -9999.0 -9999.0 -9999.0 -9999.0 -9999.0 -9999.0 -9999.0 -9999.0 -9999.0 -9999.0 -9999.0 -9999.0 -9999.0 -9999.0 -9999.0 -9999.0 -9999.0 -9999.0 -9999.0 -9999.0 -9999.0 -9999.0 -9999.0 -9999.0 -9999.0 -9999.0 -9999.0 -9999.0 -9999.0 -9999.0 -9999.0 -9999.0 -9999.0 -9999.0 -9999.0 -9999.0 -9999.0 -9999.0 -9999.0 -9999.0 -9999.0 -9999.0 -9999.0 -9999.0 -9999.0 -9999.0 -9999.0 -9999.0 -9999.0 -9999.0 -9999.0 -9999.0 -9999.0 -9999.0 -9999.0 -9999.0 -9999.0 -9999.0 -9999.0 -9999.0 -9999.0