inst/processing_geotop_simulation/geotop_simulation/out/maps3D/PwL0010N0414.asc
ncols         104
nrows         10
xllcorner     -2.000000
yllcorner     0.000000
cellsize      1.000000
NODATA_value  -9999.0
-9999.0 -9999.0 -9999.0 -9999.0 -9999.0 -9999.0 -9999.0 -9999.0 -9999.0 -9999.0 -9999.0 -9999.0 -9999.0 -9999.0 -9999.0 -9999.0 -9999.0 -9999.0 -9999.0 -9999.0 -9999.0 -9999.0 -9999.0 -9999.0 -9999.0 -9999.0 -9999.0 -9999.0 -9999.0 -9999.0 -9999.0 -9999.0 -9999.0 -9999.0 -9999.0 -9999.0 -9999.0 -9999.0 -9999.0 -9999.0 -9999.0 -9999.0 -9999.0 -9999.0 -9999.0 -9999.0 -9999.0 -9999.0 -9999.0 -9999.0 -9999.0 -9999.0 -9999.0 -9999.0 -9999.0 -9999.0 -9999.0 -9999.0 -9999.0 -9999.0 -9999.0 -9999.0 -9999.0 -9999.0 -9999.0 -9999.0 -9999.0 -9999.0 -9999.0 -9999.0 -9999.0 -9999.0 -9999.0 -9999.0 -9999.0 -9999.0 -9999.0 -9999.0 -9999.0 -9999.0 -9999.0 -9999.0 -9999.0 -9999.0 -9999.0 -9999.0 -9999.0 -9999.0 -9999.0 -9999.0 -9999.0 -9999.0 -9999.0 -9999.0 -9999.0 -9999.0 -9999.0 -9999.0 -9999.0 -9999.0 -9999.0 -9999.0 -9999.0 -9999.0
-9999.0 -9999.0 -9999.0 -9999.0 -9999.0 -9999.0 -9999.0 -9999.0 -9999.0 -9999.0 -9999.0 -9999.0 -9999.0 -9999.0 -9999.0 -9999.0 -9999.0 -9999.0 -9999.0 -9999.0 -9999.0 -9999.0 -9999.0 -9999.0 -9999.0 -9999.0 -9999.0 -9999.0 -9999.0 -9999.0 -9999.0 -9999.0 -9999.0 -9999.0 -9999.0 -9999.0 -9999.0 -9999.0 -9999.0 -9999.0 -9999.0 -9999.0 -9999.0 -9999.0 -9999.0 -9999.0 -9999.0 -9999.0 -9999.0 -9999.0 -9999.0 -9999.0 -9999.0 -9999.0 -9999.0 -9999.0 -9999.0 -9999.0 -9999.0 -9999.0 -9999.0 -9999.0 -9999.0 -9999.0 -9999.0 -9999.0 -9999.0 -9999.0 -9999.0 -9999.0 -9999.0 -9999.0 -9999.0 -9999.0 -9999.0 -9999.0 -9999.0 -9999.0 -9999.0 -9999.0 -9999.0 -9999.0 -9999.0 -9999.0 -9999.0 -9999.0 -9999.0 -9999.0 -9999.0 -9999.0 -9999.0 -9999.0 -9999.0 -9999.0 -9999.0 -9999.0 -9999.0 -9999.0 -9999.0 -9999.0 -9999.0 -9999.0 -9999.0 -9999.0
-9999.0 -9999.0 472.623906 374.112652 275.127429 175.920624 76.620158 -22.717287 -122.064986 -221.411083 -320.743318 -420.043696 -519.278929 -618.381391 -717.267114 -816.238746 -915.114943 -1013.878244 -1112.513585 -1209.954509 -1305.759295 -1398.396660 -1485.510860 -1564.425604 -1632.968881 -1690.056267 -1735.796334 -1771.224404 -1797.893030 -1817.502108 -1831.649342 -1841.702581 -1848.761477 -1853.671609 -1857.063062 -1859.397586 -1861.023286 -1862.269766 -1863.701782 -1866.576573 -1870.525258 -1844.031504 -1328.624437 -1488.226528 -1446.139699 -1418.428070 -1405.750949 -1403.950856 -1403.762229 -1403.779192 -1403.825317 -1403.874958 -1403.922658 -1403.966826 -1404.007848 -1404.055851 -1404.207657 -1405.252209 -1411.856819 -1426.756151 -1443.102087 -1269.462076 -1809.297224 -1863.281791 -1865.419045 -1864.725475 -1864.492424 -1864.444155 -1864.436034 -1864.435161 -1864.435456 -1864.435865 -1864.436217 -1864.436499 -1864.436725 -1864.436909 -1864.437062 -1864.437193 -1864.437310 -1864.437420 -1864.437531 -1864.437653 -1864.437798 -1864.437988 -1864.438251 -1864.438636 -1864.439221 -1864.440137 -1864.441612 -1864.444049 -1864.448198 -1864.455481 -1864.468685 -1864.493397 -1864.541117 -1864.636407 -1864.834767 -1865.270876 -1866.298719 -1868.940312 -1876.519334 -1901.403767 -9999.0 -9999.0
-9999.0 -9999.0 472.629477 374.114198 275.127859 175.920754 76.620200 -22.717273 -122.064981 -221.411081 -320.743317 -420.043695 -519.278929 -618.381391 -717.267114 -816.238747 -915.114943 -1013.878244 -1112.513585 -1209.954510 -1305.759295 -1398.396660 -1485.510860 -1564.425604 -1632.968881 -1690.056268 -1735.796334 -1771.224404 -1797.893030 -1817.502108 -1831.649342 -1841.702581 -1848.761477 -1853.671609 -1857.063062 -1859.397586 -1861.023286 -1862.269766 -1863.701782 -1866.576573 -1870.525258 -1844.031504 -1328.624437 -1488.226527 -1446.139698 -1418.428069 -1405.750949 -1403.950856 -1403.762229 -1403.779192 -1403.825317 -1403.874958 -1403.922658 -1403.966826 -1404.007848 -1404.055851 -1404.207657 -1405.252209 -1411.856819 -1426.756151 -1443.102087 -1269.462076 -1809.297224 -1863.281791 -1865.419045 -1864.725475 -1864.492423 -1864.444155 -1864.436034 -1864.435161 -1864.435456 -1864.435865 -1864.436217 -1864.436499 -1864.436725 -1864.436909 -1864.437062 -1864.437193 -1864.437310 -1864.437420 -1864.437531 -1864.437653 -1864.437798 -1864.437988 -1864.438251 -1864.438636 -1864.439221 -1864.440137 -1864.441611 -1864.444049 -1864.448198 -1864.455481 -1864.468685 -1864.493397 -1864.541117 -1864.636407 -1864.834767 -1865.270876 -1866.298719 -1868.940312 -1876.519334 -1901.403767 -9999.0 -9999.0
-9999.0 -9999.0 472.630798 374.114893 275.128138 175.920857 76.620237 -22.717259 -122.064976 -221.411079 -320.743317 -420.043695 -519.278929 -618.381391 -717.267115 -816.238747 -915.114943 -1013.878245 -1112.513585 -1209.954510 -1305.759295 -1398.396660 -1485.510860 -1564.425604 -1632.968881 -1690.056268 -1735.796334 -1771.224404 -1797.893030 -1817.502108 -1831.649342 -1841.702581 -1848.761477 -1853.671609 -1857.063062 -1859.397586 -1861.023286 -1862.269766 -1863.701782 -1866.576573 -1870.525258 -1844.031504 -1328.624437 -1488.226527 -1446.139698 -1418.428069 -1405.750949 -1403.950856 -1403.762229 -1403.779192 -1403.825317 -1403.874958 -1403.922658 -1403.966826 -1404.007848 -1404.055851 -1404.207657 -1405.252209 -1411.856819 -1426.756151 -1443.102087 -1269.462076 -1809.297224 -1863.281791 -1865.419045 -1864.725475 -1864.492423 -1864.444155 -1864.436034 -1864.435161 -1864.435456 -1864.435865 -1864.436217 -1864.436499 -1864.436725 -1864.436909 -1864.437062 -1864.437193 -1864.437310 -1864.437420 -1864.437531 -1864.437653 -1864.437798 -1864.437988 -1864.438251 -1864.438636 -1864.439221 -1864.440137 -1864.441611 -1864.444049 -1864.448198 -1864.455481 -1864.468685 -1864.493397 -1864.541117 -1864.636407 -1864.834767 -1865.270876 -1866.298719 -1868.940312 -1876.519334 -1901.403767 -9999.0 -9999.0
-9999.0 -9999.0 472.630798 374.114893 275.128138 175.920857 76.620237 -22.717259 -122.064976 -221.411079 -320.743316 -420.043695 -519.278928 -618.381391 -717.267114 -816.238747 -915.114943 -1013.878245 -1112.513585 -1209.954510 -1305.759295 -1398.396660 -1485.510860 -1564.425604 -1632.968881 -1690.056268 -1735.796334 -1771.224404 -1797.893030 -1817.502108 -1831.649342 -1841.702581 -1848.761477 -1853.671609 -1857.063062 -1859.397586 -1861.023286 -1862.269766 -1863.701782 -1866.576573 -1870.525258 -1844.031504 -1328.624437 -1488.226527 -1446.139698 -1418.428069 -1405.750949 -1403.950856 -1403.762229 -1403.779192 -1403.825317 -1403.874958 -1403.922658 -1403.966826 -1404.007848 -1404.055851 -1404.207657 -1405.252209 -1411.856819 -1426.756151 -1443.102087 -1269.462076 -1809.297224 -1863.281791 -1865.419045 -1864.725475 -1864.492423 -1864.444155 -1864.436034 -1864.435161 -1864.435456 -1864.435865 -1864.436217 -1864.436499 -1864.436725 -1864.436909 -1864.437062 -1864.437193 -1864.437310 -1864.437420 -1864.437531 -1864.437653 -1864.437798 -1864.437988 -1864.438251 -1864.438636 -1864.439221 -1864.440137 -1864.441611 -1864.444049 -1864.448198 -1864.455481 -1864.468685 -1864.493397 -1864.541117 -1864.636407 -1864.834767 -1865.270876 -1866.298719 -1868.940312 -1876.519334 -1901.403767 -9999.0 -9999.0
-9999.0 -9999.0 472.629477 374.114198 275.127859 175.920754 76.620200 -22.717273 -122.064981 -221.411081 -320.743317 -420.043695 -519.278929 -618.381391 -717.267115 -816.238746 -915.114943 -1013.878244 -1112.513585 -1209.954510 -1305.759295 -1398.396660 -1485.510860 -1564.425604 -1632.968881 -1690.056268 -1735.796334 -1771.224404 -1797.893030 -1817.502108 -1831.649342 -1841.702581 -1848.761477 -1853.671609 -1857.063062 -1859.397586 -1861.023286 -1862.269766 -1863.701782 -1866.576573 -1870.525258 -1844.031504 -1328.624437 -1488.226527 -1446.139698 -1418.428069 -1405.750949 -1403.950856 -1403.762229 -1403.779192 -1403.825317 -1403.874958 -1403.922658 -1403.966826 -1404.007848 -1404.055851 -1404.207657 -1405.252209 -1411.856819 -1426.756151 -1443.102087 -1269.462076 -1809.297224 -1863.281791 -1865.419045 -1864.725475 -1864.492423 -1864.444155 -1864.436034 -1864.435161 -1864.435456 -1864.435865 -1864.436217 -1864.436499 -1864.436725 -1864.436909 -1864.437062 -1864.437193 -1864.437310 -1864.437420 -1864.437531 -1864.437653 -1864.437798 -1864.437988 -1864.438251 -1864.438636 -1864.439221 -1864.440137 -1864.441611 -1864.444049 -1864.448198 -1864.455481 -1864.468685 -1864.493397 -1864.541117 -1864.636407 -1864.834767 -1865.270876 -1866.298719 -1868.940312 -1876.519334 -1901.403767 -9999.0 -9999.0
-9999.0 -9999.0 472.623906 374.112652 275.127429 175.920624 76.620158 -22.717287 -122.064986 -221.411083 -320.743318 -420.043696 -519.278929 -618.381391 -717.267114 -816.238746 -915.114943 -1013.878244 -1112.513585 -1209.954509 -1305.759295 -1398.396660 -1485.510860 -1564.425604 -1632.968881 -1690.056267 -1735.796334 -1771.224404 -1797.893030 -1817.502108 -1831.649342 -1841.702581 -1848.761477 -1853.671609 -1857.063062 -1859.397586 -1861.023286 -1862.269766 -1863.701782 -1866.576573 -1870.525258 -1844.031504 -1328.624437 -1488.226528 -1446.139699 -1418.428070 -1405.750949 -1403.950856 -1403.762229 -1403.779192 -1403.825317 -1403.874958 -1403.922658 -1403.966826 -1404.007848 -1404.055851 -1404.207657 -1405.252209 -1411.856819 -1426.756151 -1443.102087 -1269.462076 -1809.297224 -1863.281791 -1865.419045 -1864.725475 -1864.492424 -1864.444155 -1864.436034 -1864.435161 -1864.435456 -1864.435865 -1864.436217 -1864.436499 -1864.436725 -1864.436909 -1864.437062 -1864.437193 -1864.437310 -1864.437420 -1864.437531 -1864.437653 -1864.437798 -1864.437988 -1864.438251 -1864.438636 -1864.439221 -1864.440137 -1864.441612 -1864.444049 -1864.448198 -1864.455481 -1864.468685 -1864.493397 -1864.541117 -1864.636407 -1864.834767 -1865.270876 -1866.298719 -1868.940312 -1876.519334 -1901.403767 -9999.0 -9999.0
-9999.0 -9999.0 -9999.0 -9999.0 -9999.0 -9999.0 -9999.0 -9999.0 -9999.0 -9999.0 -9999.0 -9999.0 -9999.0 -9999.0 -9999.0 -9999.0 -9999.0 -9999.0 -9999.0 -9999.0 -9999.0 -9999.0 -9999.0 -9999.0 -9999.0 -9999.0 -9999.0 -9999.0 -9999.0 -9999.0 -9999.0 -9999.0 -9999.0 -9999.0 -9999.0 -9999.0 -9999.0 -9999.0 -9999.0 -9999.0 -9999.0 -9999.0 -9999.0 -9999.0 -9999.0 -9999.0 -9999.0 -9999.0 -9999.0 -9999.0 -9999.0 -9999.0 -9999.0 -9999.0 -9999.0 -9999.0 -9999.0 -9999.0 -9999.0 -9999.0 -9999.0 -9999.0 -9999.0 -9999.0 -9999.0 -9999.0 -9999.0 -9999.0 -9999.0 -9999.0 -9999.0 -9999.0 -9999.0 -9999.0 -9999.0 -9999.0 -9999.0 -9999.0 -9999.0 -9999.0 -9999.0 -9999.0 -9999.0 -9999.0 -9999.0 -9999.0 -9999.0 -9999.0 -9999.0 -9999.0 -9999.0 -9999.0 -9999.0 -9999.0 -9999.0 -9999.0 -9999.0 -9999.0 -9999.0 -9999.0 -9999.0 -9999.0 -9999.0 -9999.0
-9999.0 -9999.0 -9999.0 -9999.0 -9999.0 -9999.0 -9999.0 -9999.0 -9999.0 -9999.0 -9999.0 -9999.0 -9999.0 -9999.0 -9999.0 -9999.0 -9999.0 -9999.0 -9999.0 -9999.0 -9999.0 -9999.0 -9999.0 -9999.0 -9999.0 -9999.0 -9999.0 -9999.0 -9999.0 -9999.0 -9999.0 -9999.0 -9999.0 -9999.0 -9999.0 -9999.0 -9999.0 -9999.0 -9999.0 -9999.0 -9999.0 -9999.0 -9999.0 -9999.0 -9999.0 -9999.0 -9999.0 -9999.0 -9999.0 -9999.0 -9999.0 -9999.0 -9999.0 -9999.0 -9999.0 -9999.0 -9999.0 -9999.0 -9999.0 -9999.0 -9999.0 -9999.0 -9999.0 -9999.0 -9999.0 -9999.0 -9999.0 -9999.0 -9999.0 -9999.0 -9999.0 -9999.0 -9999.0 -9999.0 -9999.0 -9999.0 -9999.0 -9999.0 -9999.0 -9999.0 -9999.0 -9999.0 -9999.0 -9999.0 -9999.0 -9999.0 -9999.0 -9999.0 -9999.0 -9999.0 -9999.0 -9999.0 -9999.0 -9999.0 -9999.0 -9999.0 -9999.0 -9999.0 -9999.0 -9999.0 -9999.0 -9999.0 -9999.0 -9999.0