inst/processing_geotop_simulation/geotop_simulation/out/maps3D/PwL0015N0365.asc
ncols         104
nrows         10
xllcorner     -2.000000
yllcorner     0.000000
cellsize      1.000000
NODATA_value  -9999.0
-9999.0 -9999.0 -9999.0 -9999.0 -9999.0 -9999.0 -9999.0 -9999.0 -9999.0 -9999.0 -9999.0 -9999.0 -9999.0 -9999.0 -9999.0 -9999.0 -9999.0 -9999.0 -9999.0 -9999.0 -9999.0 -9999.0 -9999.0 -9999.0 -9999.0 -9999.0 -9999.0 -9999.0 -9999.0 -9999.0 -9999.0 -9999.0 -9999.0 -9999.0 -9999.0 -9999.0 -9999.0 -9999.0 -9999.0 -9999.0 -9999.0 -9999.0 -9999.0 -9999.0 -9999.0 -9999.0 -9999.0 -9999.0 -9999.0 -9999.0 -9999.0 -9999.0 -9999.0 -9999.0 -9999.0 -9999.0 -9999.0 -9999.0 -9999.0 -9999.0 -9999.0 -9999.0 -9999.0 -9999.0 -9999.0 -9999.0 -9999.0 -9999.0 -9999.0 -9999.0 -9999.0 -9999.0 -9999.0 -9999.0 -9999.0 -9999.0 -9999.0 -9999.0 -9999.0 -9999.0 -9999.0 -9999.0 -9999.0 -9999.0 -9999.0 -9999.0 -9999.0 -9999.0 -9999.0 -9999.0 -9999.0 -9999.0 -9999.0 -9999.0 -9999.0 -9999.0 -9999.0 -9999.0 -9999.0 -9999.0 -9999.0 -9999.0 -9999.0 -9999.0
-9999.0 -9999.0 -9999.0 -9999.0 -9999.0 -9999.0 -9999.0 -9999.0 -9999.0 -9999.0 -9999.0 -9999.0 -9999.0 -9999.0 -9999.0 -9999.0 -9999.0 -9999.0 -9999.0 -9999.0 -9999.0 -9999.0 -9999.0 -9999.0 -9999.0 -9999.0 -9999.0 -9999.0 -9999.0 -9999.0 -9999.0 -9999.0 -9999.0 -9999.0 -9999.0 -9999.0 -9999.0 -9999.0 -9999.0 -9999.0 -9999.0 -9999.0 -9999.0 -9999.0 -9999.0 -9999.0 -9999.0 -9999.0 -9999.0 -9999.0 -9999.0 -9999.0 -9999.0 -9999.0 -9999.0 -9999.0 -9999.0 -9999.0 -9999.0 -9999.0 -9999.0 -9999.0 -9999.0 -9999.0 -9999.0 -9999.0 -9999.0 -9999.0 -9999.0 -9999.0 -9999.0 -9999.0 -9999.0 -9999.0 -9999.0 -9999.0 -9999.0 -9999.0 -9999.0 -9999.0 -9999.0 -9999.0 -9999.0 -9999.0 -9999.0 -9999.0 -9999.0 -9999.0 -9999.0 -9999.0 -9999.0 -9999.0 -9999.0 -9999.0 -9999.0 -9999.0 -9999.0 -9999.0 -9999.0 -9999.0 -9999.0 -9999.0 -9999.0 -9999.0
-9999.0 -9999.0 721.257798 622.699030 523.862466 424.819333 325.677568 226.493430 127.295462 28.099158 -71.083656 -170.249906 -269.389865 -368.478522 -467.471416 -566.299280 -664.835990 -763.197371 -861.558427 -959.655784 -1057.373714 -1153.157518 -1244.249592 -1329.137657 -1405.497847 -1471.571541 -1526.537789 -1570.584247 -1604.709373 -1630.389131 -1649.250144 -1662.832763 -1672.462129 -1679.205665 -1683.884457 -1687.112340 -1689.352608 -1691.021740 -1692.782962 -1696.332505 -1705.092023 -1720.591937 -1915.156186 -4154.037553 -4226.700458 -4217.855174 -4209.833147 -4208.496386 -4208.356855 -4208.371362 -4208.407696 -4208.446548 -4208.483769 -4208.518147 -4208.549867 -4208.585754 -4208.693199 -4209.442461 -4214.074736 -4221.353994 -4085.165487 -1711.184601 -1680.241005 -1696.864384 -1695.436421 -1694.409307 -1694.149896 -1694.100393 -1694.092397 -1694.091614 -1694.091968 -1694.092423 -1694.092813 -1694.093127 -1694.093379 -1694.093587 -1694.093762 -1694.093914 -1694.094050 -1694.094179 -1694.094309 -1694.094450 -1694.094617 -1694.094831 -1694.095124 -1694.095548 -1694.096185 -1694.097175 -1694.098761 -1694.101371 -1694.105800 -1694.113557 -1694.127596 -1694.153843 -1694.204496 -1694.305654 -1694.516367 -1694.979878 -1696.069938 -1698.845589 -1706.663389 -1731.791375 -9999.0 -9999.0
-9999.0 -9999.0 721.261778 622.700359 523.862869 424.819460 325.677610 226.493444 127.295468 28.099160 -71.083655 -170.249906 -269.389865 -368.478522 -467.471416 -566.299280 -664.835990 -763.197371 -861.558428 -959.655784 -1057.373714 -1153.157518 -1244.249593 -1329.137657 -1405.497847 -1471.571541 -1526.537789 -1570.584247 -1604.709373 -1630.389131 -1649.250144 -1662.832763 -1672.462129 -1679.205665 -1683.884457 -1687.112340 -1689.352608 -1691.021740 -1692.782962 -1696.332505 -1705.092023 -1720.591937 -1915.156185 -4154.037553 -4226.700458 -4217.855173 -4209.833147 -4208.496386 -4208.356855 -4208.371362 -4208.407696 -4208.446548 -4208.483769 -4208.518147 -4208.549867 -4208.585754 -4208.693199 -4209.442461 -4214.074736 -4221.353994 -4085.165487 -1711.184601 -1680.241005 -1696.864384 -1695.436421 -1694.409307 -1694.149896 -1694.100393 -1694.092397 -1694.091614 -1694.091968 -1694.092423 -1694.092813 -1694.093127 -1694.093379 -1694.093587 -1694.093762 -1694.093914 -1694.094050 -1694.094179 -1694.094309 -1694.094450 -1694.094617 -1694.094831 -1694.095124 -1694.095548 -1694.096185 -1694.097175 -1694.098761 -1694.101371 -1694.105800 -1694.113557 -1694.127596 -1694.153843 -1694.204496 -1694.305654 -1694.516367 -1694.979878 -1696.069938 -1698.845589 -1706.663389 -1731.791375 -9999.0 -9999.0
-9999.0 -9999.0 721.263032 622.701017 523.863140 424.819561 325.677647 226.493458 127.295473 28.099162 -71.083654 -170.249905 -269.389865 -368.478522 -467.471416 -566.299280 -664.835991 -763.197372 -861.558428 -959.655784 -1057.373715 -1153.157518 -1244.249593 -1329.137657 -1405.497847 -1471.571541 -1526.537789 -1570.584247 -1604.709373 -1630.389131 -1649.250144 -1662.832763 -1672.462129 -1679.205665 -1683.884457 -1687.112340 -1689.352608 -1691.021740 -1692.782962 -1696.332505 -1705.092023 -1720.591937 -1915.156185 -4154.037553 -4226.700458 -4217.855173 -4209.833147 -4208.496386 -4208.356855 -4208.371362 -4208.407696 -4208.446548 -4208.483769 -4208.518147 -4208.549867 -4208.585754 -4208.693199 -4209.442461 -4214.074736 -4221.353994 -4085.165487 -1711.184601 -1680.241005 -1696.864384 -1695.436421 -1694.409307 -1694.149896 -1694.100393 -1694.092397 -1694.091614 -1694.091968 -1694.092423 -1694.092813 -1694.093127 -1694.093379 -1694.093587 -1694.093762 -1694.093914 -1694.094050 -1694.094179 -1694.094309 -1694.094450 -1694.094617 -1694.094831 -1694.095124 -1694.095548 -1694.096185 -1694.097175 -1694.098761 -1694.101371 -1694.105800 -1694.113557 -1694.127596 -1694.153843 -1694.204496 -1694.305654 -1694.516367 -1694.979878 -1696.069938 -1698.845589 -1706.663389 -1731.791375 -9999.0 -9999.0
-9999.0 -9999.0 721.263032 622.701017 523.863140 424.819561 325.677647 226.493458 127.295473 28.099162 -71.083654 -170.249905 -269.389865 -368.478522 -467.471416 -566.299280 -664.835990 -763.197372 -861.558428 -959.655784 -1057.373715 -1153.157518 -1244.249593 -1329.137657 -1405.497847 -1471.571541 -1526.537789 -1570.584247 -1604.709373 -1630.389131 -1649.250144 -1662.832763 -1672.462129 -1679.205665 -1683.884457 -1687.112340 -1689.352608 -1691.021740 -1692.782962 -1696.332505 -1705.092023 -1720.591937 -1915.156185 -4154.037553 -4226.700458 -4217.855173 -4209.833147 -4208.496386 -4208.356855 -4208.371362 -4208.407696 -4208.446548 -4208.483769 -4208.518147 -4208.549867 -4208.585754 -4208.693199 -4209.442461 -4214.074736 -4221.353994 -4085.165487 -1711.184601 -1680.241005 -1696.864384 -1695.436421 -1694.409307 -1694.149896 -1694.100393 -1694.092397 -1694.091614 -1694.091968 -1694.092423 -1694.092813 -1694.093127 -1694.093379 -1694.093587 -1694.093762 -1694.093914 -1694.094050 -1694.094179 -1694.094309 -1694.094450 -1694.094617 -1694.094831 -1694.095124 -1694.095548 -1694.096185 -1694.097175 -1694.098761 -1694.101371 -1694.105800 -1694.113557 -1694.127596 -1694.153843 -1694.204496 -1694.305654 -1694.516367 -1694.979878 -1696.069938 -1698.845589 -1706.663389 -1731.791375 -9999.0 -9999.0
-9999.0 -9999.0 721.261778 622.700359 523.862869 424.819460 325.677610 226.493444 127.295468 28.099160 -71.083655 -170.249906 -269.389865 -368.478522 -467.471416 -566.299280 -664.835990 -763.197371 -861.558428 -959.655784 -1057.373715 -1153.157518 -1244.249593 -1329.137657 -1405.497847 -1471.571541 -1526.537789 -1570.584247 -1604.709373 -1630.389131 -1649.250144 -1662.832763 -1672.462129 -1679.205665 -1683.884457 -1687.112340 -1689.352608 -1691.021740 -1692.782962 -1696.332505 -1705.092023 -1720.591937 -1915.156185 -4154.037553 -4226.700458 -4217.855173 -4209.833147 -4208.496386 -4208.356855 -4208.371362 -4208.407696 -4208.446548 -4208.483769 -4208.518147 -4208.549867 -4208.585754 -4208.693199 -4209.442461 -4214.074736 -4221.353994 -4085.165487 -1711.184601 -1680.241005 -1696.864384 -1695.436421 -1694.409307 -1694.149896 -1694.100393 -1694.092397 -1694.091614 -1694.091968 -1694.092423 -1694.092813 -1694.093127 -1694.093379 -1694.093587 -1694.093762 -1694.093914 -1694.094050 -1694.094179 -1694.094309 -1694.094450 -1694.094617 -1694.094831 -1694.095124 -1694.095548 -1694.096185 -1694.097175 -1694.098761 -1694.101371 -1694.105800 -1694.113557 -1694.127596 -1694.153843 -1694.204496 -1694.305654 -1694.516367 -1694.979878 -1696.069938 -1698.845589 -1706.663389 -1731.791375 -9999.0 -9999.0
-9999.0 -9999.0 721.257798 622.699030 523.862466 424.819333 325.677568 226.493430 127.295462 28.099158 -71.083656 -170.249906 -269.389865 -368.478522 -467.471416 -566.299280 -664.835990 -763.197371 -861.558427 -959.655784 -1057.373714 -1153.157518 -1244.249592 -1329.137657 -1405.497847 -1471.571541 -1526.537789 -1570.584247 -1604.709373 -1630.389131 -1649.250144 -1662.832763 -1672.462129 -1679.205665 -1683.884457 -1687.112340 -1689.352608 -1691.021740 -1692.782962 -1696.332505 -1705.092023 -1720.591937 -1915.156186 -4154.037553 -4226.700458 -4217.855174 -4209.833147 -4208.496386 -4208.356855 -4208.371362 -4208.407696 -4208.446548 -4208.483769 -4208.518147 -4208.549867 -4208.585754 -4208.693199 -4209.442461 -4214.074736 -4221.353994 -4085.165487 -1711.184601 -1680.241005 -1696.864384 -1695.436421 -1694.409307 -1694.149896 -1694.100393 -1694.092397 -1694.091614 -1694.091968 -1694.092423 -1694.092813 -1694.093127 -1694.093379 -1694.093587 -1694.093762 -1694.093914 -1694.094050 -1694.094179 -1694.094309 -1694.094450 -1694.094617 -1694.094831 -1694.095124 -1694.095548 -1694.096185 -1694.097175 -1694.098761 -1694.101371 -1694.105800 -1694.113557 -1694.127596 -1694.153843 -1694.204496 -1694.305654 -1694.516367 -1694.979878 -1696.069938 -1698.845589 -1706.663389 -1731.791375 -9999.0 -9999.0
-9999.0 -9999.0 -9999.0 -9999.0 -9999.0 -9999.0 -9999.0 -9999.0 -9999.0 -9999.0 -9999.0 -9999.0 -9999.0 -9999.0 -9999.0 -9999.0 -9999.0 -9999.0 -9999.0 -9999.0 -9999.0 -9999.0 -9999.0 -9999.0 -9999.0 -9999.0 -9999.0 -9999.0 -9999.0 -9999.0 -9999.0 -9999.0 -9999.0 -9999.0 -9999.0 -9999.0 -9999.0 -9999.0 -9999.0 -9999.0 -9999.0 -9999.0 -9999.0 -9999.0 -9999.0 -9999.0 -9999.0 -9999.0 -9999.0 -9999.0 -9999.0 -9999.0 -9999.0 -9999.0 -9999.0 -9999.0 -9999.0 -9999.0 -9999.0 -9999.0 -9999.0 -9999.0 -9999.0 -9999.0 -9999.0 -9999.0 -9999.0 -9999.0 -9999.0 -9999.0 -9999.0 -9999.0 -9999.0 -9999.0 -9999.0 -9999.0 -9999.0 -9999.0 -9999.0 -9999.0 -9999.0 -9999.0 -9999.0 -9999.0 -9999.0 -9999.0 -9999.0 -9999.0 -9999.0 -9999.0 -9999.0 -9999.0 -9999.0 -9999.0 -9999.0 -9999.0 -9999.0 -9999.0 -9999.0 -9999.0 -9999.0 -9999.0 -9999.0 -9999.0
-9999.0 -9999.0 -9999.0 -9999.0 -9999.0 -9999.0 -9999.0 -9999.0 -9999.0 -9999.0 -9999.0 -9999.0 -9999.0 -9999.0 -9999.0 -9999.0 -9999.0 -9999.0 -9999.0 -9999.0 -9999.0 -9999.0 -9999.0 -9999.0 -9999.0 -9999.0 -9999.0 -9999.0 -9999.0 -9999.0 -9999.0 -9999.0 -9999.0 -9999.0 -9999.0 -9999.0 -9999.0 -9999.0 -9999.0 -9999.0 -9999.0 -9999.0 -9999.0 -9999.0 -9999.0 -9999.0 -9999.0 -9999.0 -9999.0 -9999.0 -9999.0 -9999.0 -9999.0 -9999.0 -9999.0 -9999.0 -9999.0 -9999.0 -9999.0 -9999.0 -9999.0 -9999.0 -9999.0 -9999.0 -9999.0 -9999.0 -9999.0 -9999.0 -9999.0 -9999.0 -9999.0 -9999.0 -9999.0 -9999.0 -9999.0 -9999.0 -9999.0 -9999.0 -9999.0 -9999.0 -9999.0 -9999.0 -9999.0 -9999.0 -9999.0 -9999.0 -9999.0 -9999.0 -9999.0 -9999.0 -9999.0 -9999.0 -9999.0 -9999.0 -9999.0 -9999.0 -9999.0 -9999.0 -9999.0 -9999.0 -9999.0 -9999.0 -9999.0 -9999.0