inst/processing_geotop_simulation/geotop_simulation/out/maps3D/PwL0007N0420.asc
ncols         104
nrows         10
xllcorner     -2.000000
yllcorner     0.000000
cellsize      1.000000
NODATA_value  -9999.0
-9999.0 -9999.0 -9999.0 -9999.0 -9999.0 -9999.0 -9999.0 -9999.0 -9999.0 -9999.0 -9999.0 -9999.0 -9999.0 -9999.0 -9999.0 -9999.0 -9999.0 -9999.0 -9999.0 -9999.0 -9999.0 -9999.0 -9999.0 -9999.0 -9999.0 -9999.0 -9999.0 -9999.0 -9999.0 -9999.0 -9999.0 -9999.0 -9999.0 -9999.0 -9999.0 -9999.0 -9999.0 -9999.0 -9999.0 -9999.0 -9999.0 -9999.0 -9999.0 -9999.0 -9999.0 -9999.0 -9999.0 -9999.0 -9999.0 -9999.0 -9999.0 -9999.0 -9999.0 -9999.0 -9999.0 -9999.0 -9999.0 -9999.0 -9999.0 -9999.0 -9999.0 -9999.0 -9999.0 -9999.0 -9999.0 -9999.0 -9999.0 -9999.0 -9999.0 -9999.0 -9999.0 -9999.0 -9999.0 -9999.0 -9999.0 -9999.0 -9999.0 -9999.0 -9999.0 -9999.0 -9999.0 -9999.0 -9999.0 -9999.0 -9999.0 -9999.0 -9999.0 -9999.0 -9999.0 -9999.0 -9999.0 -9999.0 -9999.0 -9999.0 -9999.0 -9999.0 -9999.0 -9999.0 -9999.0 -9999.0 -9999.0 -9999.0 -9999.0 -9999.0
-9999.0 -9999.0 -9999.0 -9999.0 -9999.0 -9999.0 -9999.0 -9999.0 -9999.0 -9999.0 -9999.0 -9999.0 -9999.0 -9999.0 -9999.0 -9999.0 -9999.0 -9999.0 -9999.0 -9999.0 -9999.0 -9999.0 -9999.0 -9999.0 -9999.0 -9999.0 -9999.0 -9999.0 -9999.0 -9999.0 -9999.0 -9999.0 -9999.0 -9999.0 -9999.0 -9999.0 -9999.0 -9999.0 -9999.0 -9999.0 -9999.0 -9999.0 -9999.0 -9999.0 -9999.0 -9999.0 -9999.0 -9999.0 -9999.0 -9999.0 -9999.0 -9999.0 -9999.0 -9999.0 -9999.0 -9999.0 -9999.0 -9999.0 -9999.0 -9999.0 -9999.0 -9999.0 -9999.0 -9999.0 -9999.0 -9999.0 -9999.0 -9999.0 -9999.0 -9999.0 -9999.0 -9999.0 -9999.0 -9999.0 -9999.0 -9999.0 -9999.0 -9999.0 -9999.0 -9999.0 -9999.0 -9999.0 -9999.0 -9999.0 -9999.0 -9999.0 -9999.0 -9999.0 -9999.0 -9999.0 -9999.0 -9999.0 -9999.0 -9999.0 -9999.0 -9999.0 -9999.0 -9999.0 -9999.0 -9999.0 -9999.0 -9999.0 -9999.0 -9999.0
-9999.0 -9999.0 323.749984 225.448835 126.477680 27.261472 -72.049361 -171.399082 -270.760456 -370.114514 -469.442919 -568.711784 -667.852559 -766.853915 -865.834840 -964.780266 -1063.656526 -1162.248622 -1260.102952 -1356.816914 -1451.333426 -1541.715151 -1625.188246 -1698.949505 -1761.162843 -1811.410921 -1850.509059 -1880.011594 -1901.729892 -1917.405201 -1928.542418 -1936.357120 -1941.786603 -1945.529853 -1948.095944 -1949.851980 -1951.073935 -1952.034413 -1953.239274 -1955.785948 -1957.798011 -1909.748125 -1231.559893 -1271.197806 -1252.226766 -1239.510894 -1233.579837 -1232.685375 -1232.589208 -1232.597207 -1232.620039 -1232.644678 -1232.668366 -1232.690310 -1232.710743 -1232.735107 -1232.814274 -1233.346412 -1236.489046 -1243.456773 -1251.599821 -1199.723561 -1879.934016 -1951.246743 -1954.481021 -1953.877264 -1953.656416 -1953.610382 -1953.602667 -1953.601858 -1953.602158 -1953.602561 -1953.602905 -1953.603178 -1953.603393 -1953.603566 -1953.603708 -1953.603828 -1953.603934 -1953.604032 -1953.604130 -1953.604239 -1953.604371 -1953.604546 -1953.604795 -1953.605165 -1953.605734 -1953.606634 -1953.608090 -1953.610506 -1953.614627 -1953.621869 -1953.635003 -1953.659572 -1953.706956 -1953.801356 -1953.997162 -1954.425736 -1955.431680 -1958.012382 -1965.437032 -1990.021703 -9999.0 -9999.0
-9999.0 -9999.0 323.756957 225.450521 126.478127 27.261604 -72.049319 -171.399068 -270.760451 -370.114512 -469.442918 -568.711784 -667.852559 -766.853915 -865.834840 -964.780266 -1063.656526 -1162.248622 -1260.102952 -1356.816914 -1451.333426 -1541.715151 -1625.188247 -1698.949505 -1761.162843 -1811.410921 -1850.509059 -1880.011594 -1901.729892 -1917.405201 -1928.542418 -1936.357120 -1941.786603 -1945.529853 -1948.095944 -1949.851980 -1951.073935 -1952.034413 -1953.239274 -1955.785948 -1957.798011 -1909.748125 -1231.559892 -1271.197806 -1252.226766 -1239.510894 -1233.579837 -1232.685375 -1232.589208 -1232.597207 -1232.620039 -1232.644678 -1232.668366 -1232.690310 -1232.710743 -1232.735107 -1232.814274 -1233.346412 -1236.489046 -1243.456773 -1251.599821 -1199.723561 -1879.934016 -1951.246743 -1954.481021 -1953.877264 -1953.656416 -1953.610382 -1953.602667 -1953.601858 -1953.602158 -1953.602561 -1953.602905 -1953.603178 -1953.603393 -1953.603566 -1953.603708 -1953.603828 -1953.603934 -1953.604032 -1953.604130 -1953.604239 -1953.604371 -1953.604546 -1953.604795 -1953.605165 -1953.605734 -1953.606633 -1953.608090 -1953.610506 -1953.614627 -1953.621869 -1953.635003 -1953.659572 -1953.706956 -1953.801356 -1953.997162 -1954.425736 -1955.431680 -1958.012382 -1965.437032 -1990.021703 -9999.0 -9999.0
-9999.0 -9999.0 323.758277 225.451238 126.478413 27.261708 -72.049282 -171.399055 -270.760446 -370.114510 -469.442917 -568.711783 -667.852558 -766.853915 -865.834840 -964.780266 -1063.656526 -1162.248622 -1260.102952 -1356.816914 -1451.333426 -1541.715151 -1625.188247 -1698.949505 -1761.162843 -1811.410921 -1850.509059 -1880.011594 -1901.729892 -1917.405201 -1928.542418 -1936.357120 -1941.786603 -1945.529853 -1948.095944 -1949.851980 -1951.073935 -1952.034413 -1953.239274 -1955.785948 -1957.798011 -1909.748125 -1231.559892 -1271.197806 -1252.226766 -1239.510894 -1233.579837 -1232.685375 -1232.589208 -1232.597207 -1232.620039 -1232.644678 -1232.668366 -1232.690310 -1232.710743 -1232.735107 -1232.814274 -1233.346412 -1236.489046 -1243.456773 -1251.599821 -1199.723561 -1879.934016 -1951.246743 -1954.481021 -1953.877264 -1953.656416 -1953.610382 -1953.602667 -1953.601858 -1953.602158 -1953.602561 -1953.602905 -1953.603178 -1953.603393 -1953.603566 -1953.603708 -1953.603828 -1953.603934 -1953.604032 -1953.604130 -1953.604239 -1953.604371 -1953.604546 -1953.604795 -1953.605165 -1953.605734 -1953.606633 -1953.608090 -1953.610506 -1953.614627 -1953.621869 -1953.635003 -1953.659572 -1953.706956 -1953.801356 -1953.997162 -1954.425736 -1955.431680 -1958.012382 -1965.437032 -1990.021703 -9999.0 -9999.0
-9999.0 -9999.0 323.758277 225.451238 126.478413 27.261708 -72.049282 -171.399055 -270.760446 -370.114510 -469.442917 -568.711784 -667.852558 -766.853915 -865.834840 -964.780266 -1063.656526 -1162.248622 -1260.102952 -1356.816914 -1451.333426 -1541.715151 -1625.188247 -1698.949505 -1761.162843 -1811.410921 -1850.509059 -1880.011594 -1901.729892 -1917.405201 -1928.542418 -1936.357120 -1941.786603 -1945.529853 -1948.095944 -1949.851980 -1951.073935 -1952.034413 -1953.239274 -1955.785948 -1957.798011 -1909.748125 -1231.559892 -1271.197806 -1252.226766 -1239.510894 -1233.579837 -1232.685375 -1232.589208 -1232.597207 -1232.620039 -1232.644678 -1232.668366 -1232.690310 -1232.710743 -1232.735107 -1232.814274 -1233.346412 -1236.489046 -1243.456773 -1251.599821 -1199.723561 -1879.934016 -1951.246743 -1954.481021 -1953.877264 -1953.656416 -1953.610382 -1953.602667 -1953.601858 -1953.602158 -1953.602561 -1953.602905 -1953.603178 -1953.603393 -1953.603566 -1953.603708 -1953.603828 -1953.603934 -1953.604032 -1953.604130 -1953.604239 -1953.604371 -1953.604546 -1953.604795 -1953.605165 -1953.605734 -1953.606633 -1953.608090 -1953.610506 -1953.614627 -1953.621869 -1953.635003 -1953.659572 -1953.706956 -1953.801356 -1953.997162 -1954.425736 -1955.431680 -1958.012382 -1965.437032 -1990.021703 -9999.0 -9999.0
-9999.0 -9999.0 323.756957 225.450521 126.478127 27.261604 -72.049319 -171.399068 -270.760451 -370.114512 -469.442918 -568.711784 -667.852559 -766.853915 -865.834840 -964.780266 -1063.656526 -1162.248622 -1260.102952 -1356.816914 -1451.333426 -1541.715151 -1625.188247 -1698.949505 -1761.162843 -1811.410921 -1850.509059 -1880.011594 -1901.729892 -1917.405201 -1928.542418 -1936.357120 -1941.786603 -1945.529853 -1948.095944 -1949.851980 -1951.073935 -1952.034413 -1953.239274 -1955.785948 -1957.798011 -1909.748125 -1231.559892 -1271.197806 -1252.226766 -1239.510894 -1233.579837 -1232.685375 -1232.589208 -1232.597207 -1232.620039 -1232.644678 -1232.668366 -1232.690310 -1232.710743 -1232.735107 -1232.814274 -1233.346412 -1236.489046 -1243.456773 -1251.599821 -1199.723561 -1879.934016 -1951.246743 -1954.481021 -1953.877264 -1953.656416 -1953.610382 -1953.602667 -1953.601858 -1953.602158 -1953.602561 -1953.602905 -1953.603178 -1953.603393 -1953.603566 -1953.603708 -1953.603828 -1953.603934 -1953.604032 -1953.604130 -1953.604239 -1953.604371 -1953.604546 -1953.604795 -1953.605165 -1953.605734 -1953.606633 -1953.608090 -1953.610506 -1953.614627 -1953.621869 -1953.635003 -1953.659572 -1953.706956 -1953.801356 -1953.997162 -1954.425736 -1955.431680 -1958.012382 -1965.437032 -1990.021703 -9999.0 -9999.0
-9999.0 -9999.0 323.749984 225.448835 126.477680 27.261472 -72.049362 -171.399082 -270.760456 -370.114514 -469.442919 -568.711784 -667.852559 -766.853915 -865.834840 -964.780266 -1063.656526 -1162.248622 -1260.102952 -1356.816914 -1451.333426 -1541.715151 -1625.188246 -1698.949505 -1761.162843 -1811.410921 -1850.509059 -1880.011594 -1901.729892 -1917.405201 -1928.542418 -1936.357120 -1941.786603 -1945.529853 -1948.095944 -1949.851980 -1951.073935 -1952.034413 -1953.239274 -1955.785948 -1957.798011 -1909.748125 -1231.559893 -1271.197806 -1252.226766 -1239.510894 -1233.579837 -1232.685375 -1232.589208 -1232.597207 -1232.620039 -1232.644678 -1232.668366 -1232.690310 -1232.710743 -1232.735107 -1232.814274 -1233.346412 -1236.489046 -1243.456773 -1251.599821 -1199.723561 -1879.934016 -1951.246743 -1954.481021 -1953.877264 -1953.656416 -1953.610382 -1953.602667 -1953.601858 -1953.602158 -1953.602561 -1953.602905 -1953.603178 -1953.603393 -1953.603566 -1953.603708 -1953.603828 -1953.603934 -1953.604032 -1953.604130 -1953.604239 -1953.604371 -1953.604546 -1953.604795 -1953.605165 -1953.605734 -1953.606634 -1953.608090 -1953.610506 -1953.614627 -1953.621869 -1953.635003 -1953.659572 -1953.706956 -1953.801356 -1953.997162 -1954.425736 -1955.431680 -1958.012382 -1965.437032 -1990.021703 -9999.0 -9999.0
-9999.0 -9999.0 -9999.0 -9999.0 -9999.0 -9999.0 -9999.0 -9999.0 -9999.0 -9999.0 -9999.0 -9999.0 -9999.0 -9999.0 -9999.0 -9999.0 -9999.0 -9999.0 -9999.0 -9999.0 -9999.0 -9999.0 -9999.0 -9999.0 -9999.0 -9999.0 -9999.0 -9999.0 -9999.0 -9999.0 -9999.0 -9999.0 -9999.0 -9999.0 -9999.0 -9999.0 -9999.0 -9999.0 -9999.0 -9999.0 -9999.0 -9999.0 -9999.0 -9999.0 -9999.0 -9999.0 -9999.0 -9999.0 -9999.0 -9999.0 -9999.0 -9999.0 -9999.0 -9999.0 -9999.0 -9999.0 -9999.0 -9999.0 -9999.0 -9999.0 -9999.0 -9999.0 -9999.0 -9999.0 -9999.0 -9999.0 -9999.0 -9999.0 -9999.0 -9999.0 -9999.0 -9999.0 -9999.0 -9999.0 -9999.0 -9999.0 -9999.0 -9999.0 -9999.0 -9999.0 -9999.0 -9999.0 -9999.0 -9999.0 -9999.0 -9999.0 -9999.0 -9999.0 -9999.0 -9999.0 -9999.0 -9999.0 -9999.0 -9999.0 -9999.0 -9999.0 -9999.0 -9999.0 -9999.0 -9999.0 -9999.0 -9999.0 -9999.0 -9999.0
-9999.0 -9999.0 -9999.0 -9999.0 -9999.0 -9999.0 -9999.0 -9999.0 -9999.0 -9999.0 -9999.0 -9999.0 -9999.0 -9999.0 -9999.0 -9999.0 -9999.0 -9999.0 -9999.0 -9999.0 -9999.0 -9999.0 -9999.0 -9999.0 -9999.0 -9999.0 -9999.0 -9999.0 -9999.0 -9999.0 -9999.0 -9999.0 -9999.0 -9999.0 -9999.0 -9999.0 -9999.0 -9999.0 -9999.0 -9999.0 -9999.0 -9999.0 -9999.0 -9999.0 -9999.0 -9999.0 -9999.0 -9999.0 -9999.0 -9999.0 -9999.0 -9999.0 -9999.0 -9999.0 -9999.0 -9999.0 -9999.0 -9999.0 -9999.0 -9999.0 -9999.0 -9999.0 -9999.0 -9999.0 -9999.0 -9999.0 -9999.0 -9999.0 -9999.0 -9999.0 -9999.0 -9999.0 -9999.0 -9999.0 -9999.0 -9999.0 -9999.0 -9999.0 -9999.0 -9999.0 -9999.0 -9999.0 -9999.0 -9999.0 -9999.0 -9999.0 -9999.0 -9999.0 -9999.0 -9999.0 -9999.0 -9999.0 -9999.0 -9999.0 -9999.0 -9999.0 -9999.0 -9999.0 -9999.0 -9999.0 -9999.0 -9999.0 -9999.0 -9999.0