inst/processing_geotop_simulation/geotop_simulation/out/maps3D/PwL0001N0329.asc
ncols         104
nrows         10
xllcorner     -2.000000
yllcorner     0.000000
cellsize      1.000000
NODATA_value  -9999.0
-9999.0 -9999.0 -9999.0 -9999.0 -9999.0 -9999.0 -9999.0 -9999.0 -9999.0 -9999.0 -9999.0 -9999.0 -9999.0 -9999.0 -9999.0 -9999.0 -9999.0 -9999.0 -9999.0 -9999.0 -9999.0 -9999.0 -9999.0 -9999.0 -9999.0 -9999.0 -9999.0 -9999.0 -9999.0 -9999.0 -9999.0 -9999.0 -9999.0 -9999.0 -9999.0 -9999.0 -9999.0 -9999.0 -9999.0 -9999.0 -9999.0 -9999.0 -9999.0 -9999.0 -9999.0 -9999.0 -9999.0 -9999.0 -9999.0 -9999.0 -9999.0 -9999.0 -9999.0 -9999.0 -9999.0 -9999.0 -9999.0 -9999.0 -9999.0 -9999.0 -9999.0 -9999.0 -9999.0 -9999.0 -9999.0 -9999.0 -9999.0 -9999.0 -9999.0 -9999.0 -9999.0 -9999.0 -9999.0 -9999.0 -9999.0 -9999.0 -9999.0 -9999.0 -9999.0 -9999.0 -9999.0 -9999.0 -9999.0 -9999.0 -9999.0 -9999.0 -9999.0 -9999.0 -9999.0 -9999.0 -9999.0 -9999.0 -9999.0 -9999.0 -9999.0 -9999.0 -9999.0 -9999.0 -9999.0 -9999.0 -9999.0 -9999.0 -9999.0 -9999.0
-9999.0 -9999.0 -9999.0 -9999.0 -9999.0 -9999.0 -9999.0 -9999.0 -9999.0 -9999.0 -9999.0 -9999.0 -9999.0 -9999.0 -9999.0 -9999.0 -9999.0 -9999.0 -9999.0 -9999.0 -9999.0 -9999.0 -9999.0 -9999.0 -9999.0 -9999.0 -9999.0 -9999.0 -9999.0 -9999.0 -9999.0 -9999.0 -9999.0 -9999.0 -9999.0 -9999.0 -9999.0 -9999.0 -9999.0 -9999.0 -9999.0 -9999.0 -9999.0 -9999.0 -9999.0 -9999.0 -9999.0 -9999.0 -9999.0 -9999.0 -9999.0 -9999.0 -9999.0 -9999.0 -9999.0 -9999.0 -9999.0 -9999.0 -9999.0 -9999.0 -9999.0 -9999.0 -9999.0 -9999.0 -9999.0 -9999.0 -9999.0 -9999.0 -9999.0 -9999.0 -9999.0 -9999.0 -9999.0 -9999.0 -9999.0 -9999.0 -9999.0 -9999.0 -9999.0 -9999.0 -9999.0 -9999.0 -9999.0 -9999.0 -9999.0 -9999.0 -9999.0 -9999.0 -9999.0 -9999.0 -9999.0 -9999.0 -9999.0 -9999.0 -9999.0 -9999.0 -9999.0 -9999.0 -9999.0 -9999.0 -9999.0 -9999.0 -9999.0 -9999.0
-9999.0 -9999.0 26.639665 -69.757522 -168.119384 -266.906224 -365.847563 -464.840825 -563.834274 -662.784645 -761.619090 -860.281747 -958.723652 -1056.872135 -1154.939555 -1252.873168 -1350.133798 -1446.278732 -1540.601532 -1631.948078 -1718.110912 -1795.668007 -1861.411895 -1913.955717 -1953.965853 -1983.361241 -2004.420447 -2019.238668 -2029.523617 -2036.582266 -2041.380443 -2044.615605 -2046.782380 -2048.226104 -2049.184974 -2049.823753 -2050.265934 -2050.653968 -2051.364636 -2053.610471 -2057.472739 -2010.406218 -1240.146003 -1236.679815 -1226.583178 -1220.008659 -1216.916357 -1216.437641 -1216.386024 -1216.391192 -1216.404638 -1216.419106 -1216.433016 -1216.445900 -1216.457876 -1216.471938 -1216.516028 -1216.806192 -1218.466605 -1222.146442 -1227.313713 -1223.515547 -1987.502928 -2051.606310 -2052.193235 -2051.380149 -2051.182039 -2051.147042 -2051.141836 -2051.141583 -2051.142073 -2051.142579 -2051.142989 -2051.143306 -2051.143549 -2051.143740 -2051.143891 -2051.144014 -2051.144119 -2051.144212 -2051.144305 -2051.144409 -2051.144539 -2051.144720 -2051.144987 -2051.145396 -2051.146040 -2051.147072 -2051.148755 -2051.151553 -2051.156319 -2051.164660 -2051.179696 -2051.207624 -2051.260969 -2051.365718 -2051.578249 -2052.029503 -2053.050383 -2055.566008 -2062.562719 -2085.720466 -9999.0 -9999.0
-9999.0 -9999.0 26.651597 -69.755542 -168.118891 -266.906080 -365.847517 -464.840809 -563.834268 -662.784643 -761.619089 -860.281747 -958.723651 -1056.872135 -1154.939555 -1252.873168 -1350.133799 -1446.278732 -1540.601532 -1631.948078 -1718.110912 -1795.668007 -1861.411895 -1913.955717 -1953.965853 -1983.361241 -2004.420447 -2019.238668 -2029.523617 -2036.582266 -2041.380443 -2044.615605 -2046.782380 -2048.226104 -2049.184974 -2049.823753 -2050.265934 -2050.653968 -2051.364636 -2053.610471 -2057.472739 -2010.406218 -1240.146003 -1236.679815 -1226.583178 -1220.008658 -1216.916357 -1216.437641 -1216.386024 -1216.391192 -1216.404638 -1216.419106 -1216.433016 -1216.445900 -1216.457876 -1216.471938 -1216.516028 -1216.806192 -1218.466605 -1222.146442 -1227.313713 -1223.515547 -1987.502928 -2051.606310 -2052.193235 -2051.380149 -2051.182039 -2051.147042 -2051.141836 -2051.141583 -2051.142073 -2051.142579 -2051.142989 -2051.143306 -2051.143549 -2051.143740 -2051.143891 -2051.144014 -2051.144119 -2051.144212 -2051.144305 -2051.144409 -2051.144539 -2051.144720 -2051.144987 -2051.145396 -2051.146040 -2051.147072 -2051.148755 -2051.151553 -2051.156319 -2051.164660 -2051.179696 -2051.207624 -2051.260969 -2051.365718 -2051.578249 -2052.029503 -2053.050383 -2055.566008 -2062.562719 -2085.720466 -9999.0 -9999.0
-9999.0 -9999.0 26.652699 -69.754750 -168.118579 -266.905967 -365.847477 -464.840795 -563.834263 -662.784641 -761.619088 -860.281747 -958.723651 -1056.872135 -1154.939556 -1252.873169 -1350.133799 -1446.278732 -1540.601532 -1631.948078 -1718.110912 -1795.668007 -1861.411895 -1913.955717 -1953.965853 -1983.361241 -2004.420447 -2019.238668 -2029.523617 -2036.582266 -2041.380443 -2044.615605 -2046.782380 -2048.226104 -2049.184974 -2049.823753 -2050.265934 -2050.653968 -2051.364636 -2053.610471 -2057.472739 -2010.406218 -1240.146003 -1236.679815 -1226.583178 -1220.008658 -1216.916357 -1216.437641 -1216.386024 -1216.391192 -1216.404638 -1216.419106 -1216.433016 -1216.445900 -1216.457876 -1216.471938 -1216.516028 -1216.806192 -1218.466605 -1222.146442 -1227.313713 -1223.515547 -1987.502928 -2051.606310 -2052.193235 -2051.380149 -2051.182039 -2051.147042 -2051.141836 -2051.141583 -2051.142073 -2051.142579 -2051.142989 -2051.143306 -2051.143549 -2051.143740 -2051.143891 -2051.144014 -2051.144119 -2051.144212 -2051.144305 -2051.144409 -2051.144539 -2051.144720 -2051.144987 -2051.145396 -2051.146040 -2051.147072 -2051.148755 -2051.151553 -2051.156319 -2051.164660 -2051.179696 -2051.207624 -2051.260969 -2051.365718 -2051.578249 -2052.029503 -2053.050383 -2055.566008 -2062.562719 -2085.720466 -9999.0 -9999.0
-9999.0 -9999.0 26.652699 -69.754750 -168.118579 -266.905967 -365.847477 -464.840795 -563.834263 -662.784641 -761.619088 -860.281747 -958.723651 -1056.872135 -1154.939556 -1252.873169 -1350.133799 -1446.278732 -1540.601532 -1631.948078 -1718.110912 -1795.668007 -1861.411895 -1913.955717 -1953.965853 -1983.361241 -2004.420447 -2019.238668 -2029.523617 -2036.582266 -2041.380443 -2044.615605 -2046.782380 -2048.226104 -2049.184974 -2049.823753 -2050.265934 -2050.653968 -2051.364636 -2053.610471 -2057.472739 -2010.406218 -1240.146003 -1236.679815 -1226.583178 -1220.008658 -1216.916357 -1216.437641 -1216.386024 -1216.391192 -1216.404638 -1216.419106 -1216.433016 -1216.445900 -1216.457876 -1216.471938 -1216.516028 -1216.806192 -1218.466605 -1222.146442 -1227.313713 -1223.515547 -1987.502928 -2051.606310 -2052.193235 -2051.380149 -2051.182039 -2051.147042 -2051.141836 -2051.141583 -2051.142073 -2051.142579 -2051.142989 -2051.143306 -2051.143549 -2051.143740 -2051.143891 -2051.144014 -2051.144119 -2051.144212 -2051.144305 -2051.144409 -2051.144539 -2051.144720 -2051.144987 -2051.145396 -2051.146040 -2051.147072 -2051.148755 -2051.151553 -2051.156319 -2051.164660 -2051.179696 -2051.207624 -2051.260969 -2051.365718 -2051.578249 -2052.029503 -2053.050383 -2055.566008 -2062.562719 -2085.720466 -9999.0 -9999.0
-9999.0 -9999.0 26.651597 -69.755542 -168.118891 -266.906080 -365.847517 -464.840809 -563.834268 -662.784643 -761.619089 -860.281747 -958.723651 -1056.872135 -1154.939556 -1252.873168 -1350.133799 -1446.278732 -1540.601532 -1631.948078 -1718.110912 -1795.668007 -1861.411895 -1913.955717 -1953.965853 -1983.361241 -2004.420447 -2019.238668 -2029.523617 -2036.582266 -2041.380443 -2044.615605 -2046.782380 -2048.226104 -2049.184974 -2049.823753 -2050.265934 -2050.653968 -2051.364636 -2053.610471 -2057.472739 -2010.406218 -1240.146003 -1236.679815 -1226.583178 -1220.008658 -1216.916357 -1216.437641 -1216.386024 -1216.391192 -1216.404638 -1216.419106 -1216.433016 -1216.445900 -1216.457876 -1216.471938 -1216.516028 -1216.806192 -1218.466605 -1222.146442 -1227.313713 -1223.515547 -1987.502928 -2051.606310 -2052.193235 -2051.380149 -2051.182039 -2051.147042 -2051.141836 -2051.141583 -2051.142073 -2051.142579 -2051.142989 -2051.143306 -2051.143549 -2051.143740 -2051.143891 -2051.144014 -2051.144119 -2051.144212 -2051.144305 -2051.144409 -2051.144539 -2051.144720 -2051.144987 -2051.145396 -2051.146040 -2051.147072 -2051.148755 -2051.151553 -2051.156319 -2051.164660 -2051.179696 -2051.207624 -2051.260969 -2051.365718 -2051.578249 -2052.029503 -2053.050383 -2055.566008 -2062.562719 -2085.720466 -9999.0 -9999.0
-9999.0 -9999.0 26.639665 -69.757522 -168.119384 -266.906224 -365.847563 -464.840825 -563.834274 -662.784645 -761.619090 -860.281747 -958.723651 -1056.872135 -1154.939555 -1252.873168 -1350.133798 -1446.278732 -1540.601532 -1631.948078 -1718.110912 -1795.668007 -1861.411895 -1913.955717 -1953.965853 -1983.361241 -2004.420447 -2019.238668 -2029.523617 -2036.582266 -2041.380443 -2044.615605 -2046.782380 -2048.226104 -2049.184974 -2049.823753 -2050.265934 -2050.653968 -2051.364636 -2053.610471 -2057.472739 -2010.406218 -1240.146003 -1236.679815 -1226.583178 -1220.008659 -1216.916357 -1216.437641 -1216.386024 -1216.391192 -1216.404638 -1216.419106 -1216.433016 -1216.445900 -1216.457876 -1216.471938 -1216.516028 -1216.806192 -1218.466605 -1222.146442 -1227.313713 -1223.515547 -1987.502928 -2051.606310 -2052.193235 -2051.380149 -2051.182039 -2051.147042 -2051.141836 -2051.141583 -2051.142073 -2051.142579 -2051.142989 -2051.143306 -2051.143549 -2051.143740 -2051.143891 -2051.144014 -2051.144119 -2051.144212 -2051.144305 -2051.144409 -2051.144539 -2051.144720 -2051.144987 -2051.145396 -2051.146040 -2051.147072 -2051.148755 -2051.151553 -2051.156319 -2051.164660 -2051.179696 -2051.207624 -2051.260969 -2051.365718 -2051.578249 -2052.029503 -2053.050383 -2055.566008 -2062.562719 -2085.720466 -9999.0 -9999.0
-9999.0 -9999.0 -9999.0 -9999.0 -9999.0 -9999.0 -9999.0 -9999.0 -9999.0 -9999.0 -9999.0 -9999.0 -9999.0 -9999.0 -9999.0 -9999.0 -9999.0 -9999.0 -9999.0 -9999.0 -9999.0 -9999.0 -9999.0 -9999.0 -9999.0 -9999.0 -9999.0 -9999.0 -9999.0 -9999.0 -9999.0 -9999.0 -9999.0 -9999.0 -9999.0 -9999.0 -9999.0 -9999.0 -9999.0 -9999.0 -9999.0 -9999.0 -9999.0 -9999.0 -9999.0 -9999.0 -9999.0 -9999.0 -9999.0 -9999.0 -9999.0 -9999.0 -9999.0 -9999.0 -9999.0 -9999.0 -9999.0 -9999.0 -9999.0 -9999.0 -9999.0 -9999.0 -9999.0 -9999.0 -9999.0 -9999.0 -9999.0 -9999.0 -9999.0 -9999.0 -9999.0 -9999.0 -9999.0 -9999.0 -9999.0 -9999.0 -9999.0 -9999.0 -9999.0 -9999.0 -9999.0 -9999.0 -9999.0 -9999.0 -9999.0 -9999.0 -9999.0 -9999.0 -9999.0 -9999.0 -9999.0 -9999.0 -9999.0 -9999.0 -9999.0 -9999.0 -9999.0 -9999.0 -9999.0 -9999.0 -9999.0 -9999.0 -9999.0 -9999.0
-9999.0 -9999.0 -9999.0 -9999.0 -9999.0 -9999.0 -9999.0 -9999.0 -9999.0 -9999.0 -9999.0 -9999.0 -9999.0 -9999.0 -9999.0 -9999.0 -9999.0 -9999.0 -9999.0 -9999.0 -9999.0 -9999.0 -9999.0 -9999.0 -9999.0 -9999.0 -9999.0 -9999.0 -9999.0 -9999.0 -9999.0 -9999.0 -9999.0 -9999.0 -9999.0 -9999.0 -9999.0 -9999.0 -9999.0 -9999.0 -9999.0 -9999.0 -9999.0 -9999.0 -9999.0 -9999.0 -9999.0 -9999.0 -9999.0 -9999.0 -9999.0 -9999.0 -9999.0 -9999.0 -9999.0 -9999.0 -9999.0 -9999.0 -9999.0 -9999.0 -9999.0 -9999.0 -9999.0 -9999.0 -9999.0 -9999.0 -9999.0 -9999.0 -9999.0 -9999.0 -9999.0 -9999.0 -9999.0 -9999.0 -9999.0 -9999.0 -9999.0 -9999.0 -9999.0 -9999.0 -9999.0 -9999.0 -9999.0 -9999.0 -9999.0 -9999.0 -9999.0 -9999.0 -9999.0 -9999.0 -9999.0 -9999.0 -9999.0 -9999.0 -9999.0 -9999.0 -9999.0 -9999.0 -9999.0 -9999.0 -9999.0 -9999.0 -9999.0 -9999.0