inst/processing_geotop_simulation/geotop_simulation/out/maps3D/PwL0021N0317.asc
ncols         104
nrows         10
xllcorner     -2.000000
yllcorner     0.000000
cellsize      1.000000
NODATA_value  -9999.0
-9999.0 -9999.0 -9999.0 -9999.0 -9999.0 -9999.0 -9999.0 -9999.0 -9999.0 -9999.0 -9999.0 -9999.0 -9999.0 -9999.0 -9999.0 -9999.0 -9999.0 -9999.0 -9999.0 -9999.0 -9999.0 -9999.0 -9999.0 -9999.0 -9999.0 -9999.0 -9999.0 -9999.0 -9999.0 -9999.0 -9999.0 -9999.0 -9999.0 -9999.0 -9999.0 -9999.0 -9999.0 -9999.0 -9999.0 -9999.0 -9999.0 -9999.0 -9999.0 -9999.0 -9999.0 -9999.0 -9999.0 -9999.0 -9999.0 -9999.0 -9999.0 -9999.0 -9999.0 -9999.0 -9999.0 -9999.0 -9999.0 -9999.0 -9999.0 -9999.0 -9999.0 -9999.0 -9999.0 -9999.0 -9999.0 -9999.0 -9999.0 -9999.0 -9999.0 -9999.0 -9999.0 -9999.0 -9999.0 -9999.0 -9999.0 -9999.0 -9999.0 -9999.0 -9999.0 -9999.0 -9999.0 -9999.0 -9999.0 -9999.0 -9999.0 -9999.0 -9999.0 -9999.0 -9999.0 -9999.0 -9999.0 -9999.0 -9999.0 -9999.0 -9999.0 -9999.0 -9999.0 -9999.0 -9999.0 -9999.0 -9999.0 -9999.0 -9999.0 -9999.0
-9999.0 -9999.0 -9999.0 -9999.0 -9999.0 -9999.0 -9999.0 -9999.0 -9999.0 -9999.0 -9999.0 -9999.0 -9999.0 -9999.0 -9999.0 -9999.0 -9999.0 -9999.0 -9999.0 -9999.0 -9999.0 -9999.0 -9999.0 -9999.0 -9999.0 -9999.0 -9999.0 -9999.0 -9999.0 -9999.0 -9999.0 -9999.0 -9999.0 -9999.0 -9999.0 -9999.0 -9999.0 -9999.0 -9999.0 -9999.0 -9999.0 -9999.0 -9999.0 -9999.0 -9999.0 -9999.0 -9999.0 -9999.0 -9999.0 -9999.0 -9999.0 -9999.0 -9999.0 -9999.0 -9999.0 -9999.0 -9999.0 -9999.0 -9999.0 -9999.0 -9999.0 -9999.0 -9999.0 -9999.0 -9999.0 -9999.0 -9999.0 -9999.0 -9999.0 -9999.0 -9999.0 -9999.0 -9999.0 -9999.0 -9999.0 -9999.0 -9999.0 -9999.0 -9999.0 -9999.0 -9999.0 -9999.0 -9999.0 -9999.0 -9999.0 -9999.0 -9999.0 -9999.0 -9999.0 -9999.0 -9999.0 -9999.0 -9999.0 -9999.0 -9999.0 -9999.0 -9999.0 -9999.0 -9999.0 -9999.0 -9999.0 -9999.0 -9999.0 -9999.0
-9999.0 -9999.0 1019.970305 921.378621 822.721447 723.899859 624.983607 526.024602 427.052549 328.083963 229.128160 130.190542 31.274894 -67.611706 -166.467843 -265.274914 -363.990369 -462.530177 -560.739409 -658.345307 -755.545217 -852.646525 -949.019558 -1044.396617 -1134.444328 -1214.101443 -1284.182888 -1343.496492 -1391.785656 -1429.691198 -1458.496992 -1479.794389 -1495.191385 -1506.126706 -1513.787911 -1519.104581 -1522.791440 -1525.458937 -1527.952805 -1532.450369 -1545.473509 -1588.244331 -1703.519446 -2978.084096 -3923.723149 -3921.878126 -3717.910753 -3238.272750 -2878.920435 -2648.066429 -2485.896459 -2350.378714 -2267.662963 -2214.089511 -2164.288219 -2112.110492 -2055.763399 -1996.018299 -1934.833705 -1873.412939 -1800.096308 -1463.733716 -1545.274699 -1537.168913 -1532.402215 -1531.024960 -1530.734160 -1530.682417 -1530.674385 -1530.673686 -1530.674121 -1530.674646 -1530.675096 -1530.675463 -1530.675764 -1530.676016 -1530.676232 -1530.676423 -1530.676598 -1530.676765 -1530.676933 -1530.677115 -1530.677324 -1530.677585 -1530.677932 -1530.678420 -1530.679140 -1530.680242 -1530.681987 -1530.684836 -1530.689644 -1530.698034 -1530.713185 -1530.741483 -1530.796121 -1530.905507 -1531.134500 -1531.641606 -1532.839142 -1535.868097 -1544.192949 -1569.991467 -9999.0 -9999.0
-9999.0 -9999.0 1019.972986 921.379684 822.721805 723.899978 624.983647 526.024616 427.052554 328.083965 229.128161 130.190542 31.274894 -67.611707 -166.467843 -265.274915 -363.990369 -462.530177 -560.739409 -658.345307 -755.545217 -852.646526 -949.019558 -1044.396617 -1134.444328 -1214.101443 -1284.182888 -1343.496492 -1391.785656 -1429.691198 -1458.496992 -1479.794389 -1495.191385 -1506.126706 -1513.787911 -1519.104582 -1522.791440 -1525.458937 -1527.952805 -1532.450369 -1545.473509 -1588.244331 -1703.519445 -2978.084095 -3923.723149 -3921.878126 -3717.910753 -3238.272749 -2878.920434 -2648.066427 -2485.896457 -2350.378713 -2267.662963 -2214.089511 -2164.288218 -2112.110491 -2055.763398 -1996.018299 -1934.833705 -1873.412939 -1800.096308 -1463.733716 -1545.274699 -1537.168913 -1532.402215 -1531.024960 -1530.734160 -1530.682417 -1530.674385 -1530.673686 -1530.674121 -1530.674646 -1530.675096 -1530.675463 -1530.675764 -1530.676016 -1530.676232 -1530.676423 -1530.676598 -1530.676765 -1530.676933 -1530.677115 -1530.677324 -1530.677585 -1530.677932 -1530.678420 -1530.679140 -1530.680242 -1530.681987 -1530.684836 -1530.689644 -1530.698034 -1530.713185 -1530.741483 -1530.796121 -1530.905507 -1531.134500 -1531.641606 -1532.839142 -1535.868097 -1544.192949 -1569.991467 -9999.0 -9999.0
-9999.0 -9999.0 1019.974070 921.380272 822.722055 723.900075 624.983683 526.024629 427.052559 328.083967 229.128162 130.190542 31.274894 -67.611707 -166.467843 -265.274915 -363.990370 -462.530178 -560.739409 -658.345307 -755.545217 -852.646526 -949.019558 -1044.396617 -1134.444328 -1214.101443 -1284.182888 -1343.496492 -1391.785656 -1429.691198 -1458.496992 -1479.794389 -1495.191385 -1506.126706 -1513.787911 -1519.104582 -1522.791440 -1525.458937 -1527.952805 -1532.450369 -1545.473509 -1588.244331 -1703.519445 -2978.084094 -3923.723149 -3921.878126 -3717.910753 -3238.272748 -2878.920434 -2648.066426 -2485.896456 -2350.378713 -2267.662963 -2214.089511 -2164.288218 -2112.110491 -2055.763398 -1996.018298 -1934.833705 -1873.412939 -1800.096307 -1463.733716 -1545.274699 -1537.168913 -1532.402215 -1531.024960 -1530.734160 -1530.682417 -1530.674385 -1530.673686 -1530.674121 -1530.674646 -1530.675096 -1530.675463 -1530.675764 -1530.676016 -1530.676232 -1530.676423 -1530.676598 -1530.676765 -1530.676933 -1530.677115 -1530.677324 -1530.677585 -1530.677932 -1530.678420 -1530.679140 -1530.680242 -1530.681987 -1530.684836 -1530.689644 -1530.698034 -1530.713185 -1530.741483 -1530.796121 -1530.905507 -1531.134500 -1531.641606 -1532.839142 -1535.868097 -1544.192949 -1569.991467 -9999.0 -9999.0
-9999.0 -9999.0 1019.974070 921.380272 822.722055 723.900075 624.983683 526.024629 427.052559 328.083967 229.128162 130.190542 31.274895 -67.611707 -166.467843 -265.274915 -363.990370 -462.530178 -560.739409 -658.345308 -755.545217 -852.646526 -949.019558 -1044.396617 -1134.444328 -1214.101443 -1284.182888 -1343.496492 -1391.785656 -1429.691198 -1458.496992 -1479.794389 -1495.191385 -1506.126706 -1513.787911 -1519.104582 -1522.791440 -1525.458937 -1527.952805 -1532.450369 -1545.473509 -1588.244331 -1703.519445 -2978.084094 -3923.723149 -3921.878126 -3717.910753 -3238.272748 -2878.920434 -2648.066426 -2485.896456 -2350.378713 -2267.662963 -2214.089511 -2164.288218 -2112.110491 -2055.763398 -1996.018298 -1934.833705 -1873.412939 -1800.096307 -1463.733716 -1545.274699 -1537.168913 -1532.402215 -1531.024960 -1530.734160 -1530.682417 -1530.674385 -1530.673686 -1530.674121 -1530.674646 -1530.675096 -1530.675463 -1530.675764 -1530.676016 -1530.676232 -1530.676423 -1530.676598 -1530.676765 -1530.676933 -1530.677115 -1530.677324 -1530.677585 -1530.677932 -1530.678420 -1530.679140 -1530.680242 -1530.681987 -1530.684836 -1530.689644 -1530.698034 -1530.713185 -1530.741483 -1530.796121 -1530.905507 -1531.134500 -1531.641606 -1532.839142 -1535.868097 -1544.192949 -1569.991467 -9999.0 -9999.0
-9999.0 -9999.0 1019.972986 921.379684 822.721804 723.899978 624.983647 526.024616 427.052554 328.083965 229.128161 130.190542 31.274894 -67.611707 -166.467843 -265.274915 -363.990369 -462.530177 -560.739409 -658.345307 -755.545217 -852.646526 -949.019558 -1044.396617 -1134.444328 -1214.101443 -1284.182888 -1343.496492 -1391.785656 -1429.691198 -1458.496992 -1479.794389 -1495.191385 -1506.126706 -1513.787911 -1519.104582 -1522.791440 -1525.458937 -1527.952805 -1532.450369 -1545.473509 -1588.244331 -1703.519445 -2978.084095 -3923.723149 -3921.878126 -3717.910753 -3238.272749 -2878.920434 -2648.066427 -2485.896457 -2350.378713 -2267.662963 -2214.089511 -2164.288218 -2112.110491 -2055.763398 -1996.018298 -1934.833705 -1873.412939 -1800.096308 -1463.733716 -1545.274699 -1537.168913 -1532.402215 -1531.024960 -1530.734160 -1530.682417 -1530.674385 -1530.673686 -1530.674121 -1530.674646 -1530.675096 -1530.675463 -1530.675764 -1530.676016 -1530.676232 -1530.676423 -1530.676598 -1530.676765 -1530.676933 -1530.677115 -1530.677324 -1530.677585 -1530.677932 -1530.678420 -1530.679140 -1530.680242 -1530.681987 -1530.684836 -1530.689644 -1530.698034 -1530.713185 -1530.741483 -1530.796121 -1530.905507 -1531.134500 -1531.641606 -1532.839142 -1535.868097 -1544.192949 -1569.991467 -9999.0 -9999.0
-9999.0 -9999.0 1019.970305 921.378621 822.721447 723.899859 624.983607 526.024602 427.052549 328.083963 229.128160 130.190542 31.274894 -67.611706 -166.467843 -265.274914 -363.990369 -462.530177 -560.739409 -658.345307 -755.545217 -852.646526 -949.019558 -1044.396617 -1134.444328 -1214.101443 -1284.182888 -1343.496492 -1391.785656 -1429.691198 -1458.496992 -1479.794389 -1495.191385 -1506.126706 -1513.787911 -1519.104581 -1522.791440 -1525.458937 -1527.952805 -1532.450369 -1545.473509 -1588.244331 -1703.519446 -2978.084096 -3923.723149 -3921.878126 -3717.910753 -3238.272750 -2878.920435 -2648.066429 -2485.896459 -2350.378714 -2267.662963 -2214.089511 -2164.288219 -2112.110492 -2055.763399 -1996.018299 -1934.833705 -1873.412940 -1800.096308 -1463.733716 -1545.274699 -1537.168913 -1532.402215 -1531.024960 -1530.734160 -1530.682417 -1530.674385 -1530.673686 -1530.674121 -1530.674646 -1530.675096 -1530.675463 -1530.675764 -1530.676016 -1530.676232 -1530.676423 -1530.676598 -1530.676765 -1530.676933 -1530.677115 -1530.677324 -1530.677585 -1530.677932 -1530.678420 -1530.679140 -1530.680242 -1530.681987 -1530.684836 -1530.689644 -1530.698034 -1530.713185 -1530.741483 -1530.796121 -1530.905507 -1531.134500 -1531.641606 -1532.839142 -1535.868097 -1544.192949 -1569.991467 -9999.0 -9999.0
-9999.0 -9999.0 -9999.0 -9999.0 -9999.0 -9999.0 -9999.0 -9999.0 -9999.0 -9999.0 -9999.0 -9999.0 -9999.0 -9999.0 -9999.0 -9999.0 -9999.0 -9999.0 -9999.0 -9999.0 -9999.0 -9999.0 -9999.0 -9999.0 -9999.0 -9999.0 -9999.0 -9999.0 -9999.0 -9999.0 -9999.0 -9999.0 -9999.0 -9999.0 -9999.0 -9999.0 -9999.0 -9999.0 -9999.0 -9999.0 -9999.0 -9999.0 -9999.0 -9999.0 -9999.0 -9999.0 -9999.0 -9999.0 -9999.0 -9999.0 -9999.0 -9999.0 -9999.0 -9999.0 -9999.0 -9999.0 -9999.0 -9999.0 -9999.0 -9999.0 -9999.0 -9999.0 -9999.0 -9999.0 -9999.0 -9999.0 -9999.0 -9999.0 -9999.0 -9999.0 -9999.0 -9999.0 -9999.0 -9999.0 -9999.0 -9999.0 -9999.0 -9999.0 -9999.0 -9999.0 -9999.0 -9999.0 -9999.0 -9999.0 -9999.0 -9999.0 -9999.0 -9999.0 -9999.0 -9999.0 -9999.0 -9999.0 -9999.0 -9999.0 -9999.0 -9999.0 -9999.0 -9999.0 -9999.0 -9999.0 -9999.0 -9999.0 -9999.0 -9999.0
-9999.0 -9999.0 -9999.0 -9999.0 -9999.0 -9999.0 -9999.0 -9999.0 -9999.0 -9999.0 -9999.0 -9999.0 -9999.0 -9999.0 -9999.0 -9999.0 -9999.0 -9999.0 -9999.0 -9999.0 -9999.0 -9999.0 -9999.0 -9999.0 -9999.0 -9999.0 -9999.0 -9999.0 -9999.0 -9999.0 -9999.0 -9999.0 -9999.0 -9999.0 -9999.0 -9999.0 -9999.0 -9999.0 -9999.0 -9999.0 -9999.0 -9999.0 -9999.0 -9999.0 -9999.0 -9999.0 -9999.0 -9999.0 -9999.0 -9999.0 -9999.0 -9999.0 -9999.0 -9999.0 -9999.0 -9999.0 -9999.0 -9999.0 -9999.0 -9999.0 -9999.0 -9999.0 -9999.0 -9999.0 -9999.0 -9999.0 -9999.0 -9999.0 -9999.0 -9999.0 -9999.0 -9999.0 -9999.0 -9999.0 -9999.0 -9999.0 -9999.0 -9999.0 -9999.0 -9999.0 -9999.0 -9999.0 -9999.0 -9999.0 -9999.0 -9999.0 -9999.0 -9999.0 -9999.0 -9999.0 -9999.0 -9999.0 -9999.0 -9999.0 -9999.0 -9999.0 -9999.0 -9999.0 -9999.0 -9999.0 -9999.0 -9999.0 -9999.0 -9999.0