inst/processing_geotop_simulation/geotop_simulation/out/maps3D/PwL0004N0274.asc
ncols         104
nrows         10
xllcorner     -2.000000
yllcorner     0.000000
cellsize      1.000000
NODATA_value  -9999.0
-9999.0 -9999.0 -9999.0 -9999.0 -9999.0 -9999.0 -9999.0 -9999.0 -9999.0 -9999.0 -9999.0 -9999.0 -9999.0 -9999.0 -9999.0 -9999.0 -9999.0 -9999.0 -9999.0 -9999.0 -9999.0 -9999.0 -9999.0 -9999.0 -9999.0 -9999.0 -9999.0 -9999.0 -9999.0 -9999.0 -9999.0 -9999.0 -9999.0 -9999.0 -9999.0 -9999.0 -9999.0 -9999.0 -9999.0 -9999.0 -9999.0 -9999.0 -9999.0 -9999.0 -9999.0 -9999.0 -9999.0 -9999.0 -9999.0 -9999.0 -9999.0 -9999.0 -9999.0 -9999.0 -9999.0 -9999.0 -9999.0 -9999.0 -9999.0 -9999.0 -9999.0 -9999.0 -9999.0 -9999.0 -9999.0 -9999.0 -9999.0 -9999.0 -9999.0 -9999.0 -9999.0 -9999.0 -9999.0 -9999.0 -9999.0 -9999.0 -9999.0 -9999.0 -9999.0 -9999.0 -9999.0 -9999.0 -9999.0 -9999.0 -9999.0 -9999.0 -9999.0 -9999.0 -9999.0 -9999.0 -9999.0 -9999.0 -9999.0 -9999.0 -9999.0 -9999.0 -9999.0 -9999.0 -9999.0 -9999.0 -9999.0 -9999.0 -9999.0 -9999.0
-9999.0 -9999.0 -9999.0 -9999.0 -9999.0 -9999.0 -9999.0 -9999.0 -9999.0 -9999.0 -9999.0 -9999.0 -9999.0 -9999.0 -9999.0 -9999.0 -9999.0 -9999.0 -9999.0 -9999.0 -9999.0 -9999.0 -9999.0 -9999.0 -9999.0 -9999.0 -9999.0 -9999.0 -9999.0 -9999.0 -9999.0 -9999.0 -9999.0 -9999.0 -9999.0 -9999.0 -9999.0 -9999.0 -9999.0 -9999.0 -9999.0 -9999.0 -9999.0 -9999.0 -9999.0 -9999.0 -9999.0 -9999.0 -9999.0 -9999.0 -9999.0 -9999.0 -9999.0 -9999.0 -9999.0 -9999.0 -9999.0 -9999.0 -9999.0 -9999.0 -9999.0 -9999.0 -9999.0 -9999.0 -9999.0 -9999.0 -9999.0 -9999.0 -9999.0 -9999.0 -9999.0 -9999.0 -9999.0 -9999.0 -9999.0 -9999.0 -9999.0 -9999.0 -9999.0 -9999.0 -9999.0 -9999.0 -9999.0 -9999.0 -9999.0 -9999.0 -9999.0 -9999.0 -9999.0 -9999.0 -9999.0 -9999.0 -9999.0 -9999.0 -9999.0 -9999.0 -9999.0 -9999.0 -9999.0 -9999.0 -9999.0 -9999.0 -9999.0 -9999.0
-9999.0 -9999.0 176.732425 80.992199 -16.742936 -115.045892 -213.565890 -312.165116 -410.768050 -509.321200 -607.730347 -705.750946 -803.513665 -900.829812 -997.928612 -1095.197882 -1191.297229 -1285.827737 -1378.076624 -1466.796379 -1549.069719 -1620.969744 -1679.798744 -1725.240675 -1758.846615 -1782.960461 -1799.916280 -1811.669979 -1819.725700 -1825.191666 -1828.866663 -1831.317637 -1832.941307 -1834.011354 -1834.714357 -1835.178150 -1835.498517 -1835.789117 -1836.383618 -1838.591334 -1844.706366 -1820.183078 -1135.575201 -1142.418367 -1129.154257 -1120.589766 -1116.577343 -1115.979784 -1115.916581 -1115.923381 -1115.940382 -1115.958638 -1115.976180 -1115.992424 -1116.007492 -1116.024923 -1116.078288 -1116.434880 -1118.568104 -1123.329005 -1130.077020 -1113.799751 -1796.312120 -1838.820047 -1837.269646 -1836.354344 -1836.170108 -1836.139883 -1836.135642 -1836.135644 -1836.136261 -1836.136853 -1836.137325 -1836.137688 -1836.137966 -1836.138182 -1836.138354 -1836.138493 -1836.138610 -1836.138714 -1836.138817 -1836.138932 -1836.139077 -1836.139278 -1836.139576 -1836.140034 -1836.140755 -1836.141911 -1836.143794 -1836.146919 -1836.152224 -1836.161478 -1836.178101 -1836.208858 -1836.267363 -1836.381585 -1836.611251 -1837.092362 -1838.161484 -1840.736547 -1847.706105 -1870.374668 -9999.0 -9999.0
-9999.0 -9999.0 176.742296 80.994222 -16.742422 -115.045742 -213.565842 -312.165100 -410.768044 -509.321198 -607.730346 -705.750946 -803.513665 -900.829811 -997.928612 -1095.197882 -1191.297229 -1285.827737 -1378.076625 -1466.796379 -1549.069719 -1620.969744 -1679.798744 -1725.240675 -1758.846615 -1782.960461 -1799.916280 -1811.669979 -1819.725700 -1825.191666 -1828.866663 -1831.317637 -1832.941307 -1834.011354 -1834.714357 -1835.178150 -1835.498517 -1835.789117 -1836.383618 -1838.591334 -1844.706366 -1820.183078 -1135.575201 -1142.418367 -1129.154257 -1120.589766 -1116.577343 -1115.979784 -1115.916581 -1115.923381 -1115.940382 -1115.958638 -1115.976180 -1115.992424 -1116.007492 -1116.024923 -1116.078288 -1116.434880 -1118.568104 -1123.329005 -1130.077020 -1113.799751 -1796.312120 -1838.820047 -1837.269646 -1836.354344 -1836.170108 -1836.139883 -1836.135642 -1836.135644 -1836.136261 -1836.136853 -1836.137325 -1836.137688 -1836.137966 -1836.138182 -1836.138354 -1836.138493 -1836.138610 -1836.138714 -1836.138817 -1836.138932 -1836.139077 -1836.139278 -1836.139576 -1836.140034 -1836.140755 -1836.141911 -1836.143794 -1836.146919 -1836.152224 -1836.161478 -1836.178101 -1836.208858 -1836.267363 -1836.381585 -1836.611251 -1837.092362 -1838.161484 -1840.736547 -1847.706105 -1870.374668 -9999.0 -9999.0
-9999.0 -9999.0 176.743687 80.995046 -16.742096 -115.045624 -213.565801 -312.165085 -410.768039 -509.321196 -607.730345 -705.750946 -803.513665 -900.829811 -997.928612 -1095.197882 -1191.297229 -1285.827737 -1378.076625 -1466.796380 -1549.069719 -1620.969745 -1679.798744 -1725.240675 -1758.846615 -1782.960461 -1799.916280 -1811.669980 -1819.725700 -1825.191666 -1828.866663 -1831.317637 -1832.941307 -1834.011354 -1834.714357 -1835.178150 -1835.498517 -1835.789117 -1836.383618 -1838.591334 -1844.706366 -1820.183078 -1135.575201 -1142.418367 -1129.154257 -1120.589766 -1116.577343 -1115.979784 -1115.916581 -1115.923381 -1115.940382 -1115.958638 -1115.976180 -1115.992424 -1116.007492 -1116.024923 -1116.078288 -1116.434880 -1118.568104 -1123.329005 -1130.077020 -1113.799751 -1796.312120 -1838.820047 -1837.269646 -1836.354344 -1836.170108 -1836.139883 -1836.135642 -1836.135644 -1836.136261 -1836.136853 -1836.137325 -1836.137688 -1836.137966 -1836.138182 -1836.138354 -1836.138493 -1836.138610 -1836.138714 -1836.138817 -1836.138932 -1836.139077 -1836.139278 -1836.139576 -1836.140034 -1836.140755 -1836.141911 -1836.143794 -1836.146919 -1836.152224 -1836.161478 -1836.178101 -1836.208858 -1836.267363 -1836.381585 -1836.611251 -1837.092362 -1838.161484 -1840.736547 -1847.706105 -1870.374668 -9999.0 -9999.0
-9999.0 -9999.0 176.743687 80.995046 -16.742096 -115.045624 -213.565801 -312.165085 -410.768039 -509.321196 -607.730345 -705.750946 -803.513665 -900.829811 -997.928612 -1095.197882 -1191.297229 -1285.827737 -1378.076625 -1466.796380 -1549.069719 -1620.969745 -1679.798744 -1725.240675 -1758.846615 -1782.960461 -1799.916280 -1811.669980 -1819.725700 -1825.191666 -1828.866663 -1831.317637 -1832.941307 -1834.011354 -1834.714357 -1835.178150 -1835.498517 -1835.789117 -1836.383618 -1838.591334 -1844.706366 -1820.183078 -1135.575201 -1142.418367 -1129.154257 -1120.589766 -1116.577343 -1115.979784 -1115.916581 -1115.923381 -1115.940382 -1115.958638 -1115.976180 -1115.992424 -1116.007492 -1116.024923 -1116.078288 -1116.434880 -1118.568104 -1123.329005 -1130.077020 -1113.799751 -1796.312120 -1838.820047 -1837.269646 -1836.354344 -1836.170108 -1836.139883 -1836.135642 -1836.135644 -1836.136261 -1836.136853 -1836.137325 -1836.137688 -1836.137966 -1836.138182 -1836.138354 -1836.138493 -1836.138610 -1836.138714 -1836.138817 -1836.138932 -1836.139077 -1836.139278 -1836.139576 -1836.140034 -1836.140755 -1836.141911 -1836.143794 -1836.146919 -1836.152224 -1836.161478 -1836.178101 -1836.208858 -1836.267363 -1836.381585 -1836.611251 -1837.092362 -1838.161484 -1840.736547 -1847.706105 -1870.374668 -9999.0 -9999.0
-9999.0 -9999.0 176.742296 80.994222 -16.742422 -115.045742 -213.565843 -312.165100 -410.768044 -509.321198 -607.730346 -705.750946 -803.513665 -900.829811 -997.928612 -1095.197882 -1191.297229 -1285.827737 -1378.076625 -1466.796379 -1549.069719 -1620.969744 -1679.798744 -1725.240675 -1758.846615 -1782.960461 -1799.916280 -1811.669979 -1819.725700 -1825.191666 -1828.866663 -1831.317637 -1832.941307 -1834.011354 -1834.714357 -1835.178150 -1835.498517 -1835.789117 -1836.383618 -1838.591334 -1844.706366 -1820.183078 -1135.575201 -1142.418367 -1129.154257 -1120.589766 -1116.577343 -1115.979784 -1115.916581 -1115.923381 -1115.940382 -1115.958638 -1115.976180 -1115.992424 -1116.007492 -1116.024923 -1116.078288 -1116.434880 -1118.568104 -1123.329005 -1130.077020 -1113.799751 -1796.312120 -1838.820047 -1837.269646 -1836.354344 -1836.170108 -1836.139883 -1836.135642 -1836.135644 -1836.136261 -1836.136853 -1836.137325 -1836.137688 -1836.137966 -1836.138182 -1836.138354 -1836.138493 -1836.138610 -1836.138714 -1836.138817 -1836.138932 -1836.139077 -1836.139278 -1836.139576 -1836.140034 -1836.140755 -1836.141911 -1836.143794 -1836.146919 -1836.152224 -1836.161478 -1836.178101 -1836.208858 -1836.267363 -1836.381585 -1836.611251 -1837.092362 -1838.161484 -1840.736547 -1847.706105 -1870.374668 -9999.0 -9999.0
-9999.0 -9999.0 176.732425 80.992199 -16.742936 -115.045892 -213.565890 -312.165116 -410.768050 -509.321200 -607.730347 -705.750946 -803.513665 -900.829812 -997.928612 -1095.197882 -1191.297229 -1285.827737 -1378.076624 -1466.796379 -1549.069719 -1620.969744 -1679.798744 -1725.240675 -1758.846615 -1782.960461 -1799.916280 -1811.669979 -1819.725700 -1825.191666 -1828.866663 -1831.317637 -1832.941307 -1834.011354 -1834.714357 -1835.178150 -1835.498517 -1835.789117 -1836.383618 -1838.591334 -1844.706366 -1820.183078 -1135.575201 -1142.418367 -1129.154257 -1120.589766 -1116.577343 -1115.979784 -1115.916581 -1115.923381 -1115.940382 -1115.958638 -1115.976180 -1115.992424 -1116.007492 -1116.024923 -1116.078288 -1116.434880 -1118.568104 -1123.329005 -1130.077020 -1113.799751 -1796.312120 -1838.820047 -1837.269646 -1836.354344 -1836.170108 -1836.139883 -1836.135642 -1836.135644 -1836.136261 -1836.136853 -1836.137325 -1836.137688 -1836.137966 -1836.138182 -1836.138354 -1836.138493 -1836.138610 -1836.138714 -1836.138817 -1836.138932 -1836.139077 -1836.139278 -1836.139576 -1836.140034 -1836.140755 -1836.141911 -1836.143794 -1836.146919 -1836.152224 -1836.161478 -1836.178101 -1836.208858 -1836.267363 -1836.381585 -1836.611251 -1837.092362 -1838.161484 -1840.736547 -1847.706105 -1870.374668 -9999.0 -9999.0
-9999.0 -9999.0 -9999.0 -9999.0 -9999.0 -9999.0 -9999.0 -9999.0 -9999.0 -9999.0 -9999.0 -9999.0 -9999.0 -9999.0 -9999.0 -9999.0 -9999.0 -9999.0 -9999.0 -9999.0 -9999.0 -9999.0 -9999.0 -9999.0 -9999.0 -9999.0 -9999.0 -9999.0 -9999.0 -9999.0 -9999.0 -9999.0 -9999.0 -9999.0 -9999.0 -9999.0 -9999.0 -9999.0 -9999.0 -9999.0 -9999.0 -9999.0 -9999.0 -9999.0 -9999.0 -9999.0 -9999.0 -9999.0 -9999.0 -9999.0 -9999.0 -9999.0 -9999.0 -9999.0 -9999.0 -9999.0 -9999.0 -9999.0 -9999.0 -9999.0 -9999.0 -9999.0 -9999.0 -9999.0 -9999.0 -9999.0 -9999.0 -9999.0 -9999.0 -9999.0 -9999.0 -9999.0 -9999.0 -9999.0 -9999.0 -9999.0 -9999.0 -9999.0 -9999.0 -9999.0 -9999.0 -9999.0 -9999.0 -9999.0 -9999.0 -9999.0 -9999.0 -9999.0 -9999.0 -9999.0 -9999.0 -9999.0 -9999.0 -9999.0 -9999.0 -9999.0 -9999.0 -9999.0 -9999.0 -9999.0 -9999.0 -9999.0 -9999.0 -9999.0
-9999.0 -9999.0 -9999.0 -9999.0 -9999.0 -9999.0 -9999.0 -9999.0 -9999.0 -9999.0 -9999.0 -9999.0 -9999.0 -9999.0 -9999.0 -9999.0 -9999.0 -9999.0 -9999.0 -9999.0 -9999.0 -9999.0 -9999.0 -9999.0 -9999.0 -9999.0 -9999.0 -9999.0 -9999.0 -9999.0 -9999.0 -9999.0 -9999.0 -9999.0 -9999.0 -9999.0 -9999.0 -9999.0 -9999.0 -9999.0 -9999.0 -9999.0 -9999.0 -9999.0 -9999.0 -9999.0 -9999.0 -9999.0 -9999.0 -9999.0 -9999.0 -9999.0 -9999.0 -9999.0 -9999.0 -9999.0 -9999.0 -9999.0 -9999.0 -9999.0 -9999.0 -9999.0 -9999.0 -9999.0 -9999.0 -9999.0 -9999.0 -9999.0 -9999.0 -9999.0 -9999.0 -9999.0 -9999.0 -9999.0 -9999.0 -9999.0 -9999.0 -9999.0 -9999.0 -9999.0 -9999.0 -9999.0 -9999.0 -9999.0 -9999.0 -9999.0 -9999.0 -9999.0 -9999.0 -9999.0 -9999.0 -9999.0 -9999.0 -9999.0 -9999.0 -9999.0 -9999.0 -9999.0 -9999.0 -9999.0 -9999.0 -9999.0 -9999.0 -9999.0