inst/processing_geotop_simulation/geotop_simulation/out/maps3D/PwL0017N0374.asc
ncols         104
nrows         10
xllcorner     -2.000000
yllcorner     0.000000
cellsize      1.000000
NODATA_value  -9999.0
-9999.0 -9999.0 -9999.0 -9999.0 -9999.0 -9999.0 -9999.0 -9999.0 -9999.0 -9999.0 -9999.0 -9999.0 -9999.0 -9999.0 -9999.0 -9999.0 -9999.0 -9999.0 -9999.0 -9999.0 -9999.0 -9999.0 -9999.0 -9999.0 -9999.0 -9999.0 -9999.0 -9999.0 -9999.0 -9999.0 -9999.0 -9999.0 -9999.0 -9999.0 -9999.0 -9999.0 -9999.0 -9999.0 -9999.0 -9999.0 -9999.0 -9999.0 -9999.0 -9999.0 -9999.0 -9999.0 -9999.0 -9999.0 -9999.0 -9999.0 -9999.0 -9999.0 -9999.0 -9999.0 -9999.0 -9999.0 -9999.0 -9999.0 -9999.0 -9999.0 -9999.0 -9999.0 -9999.0 -9999.0 -9999.0 -9999.0 -9999.0 -9999.0 -9999.0 -9999.0 -9999.0 -9999.0 -9999.0 -9999.0 -9999.0 -9999.0 -9999.0 -9999.0 -9999.0 -9999.0 -9999.0 -9999.0 -9999.0 -9999.0 -9999.0 -9999.0 -9999.0 -9999.0 -9999.0 -9999.0 -9999.0 -9999.0 -9999.0 -9999.0 -9999.0 -9999.0 -9999.0 -9999.0 -9999.0 -9999.0 -9999.0 -9999.0 -9999.0 -9999.0
-9999.0 -9999.0 -9999.0 -9999.0 -9999.0 -9999.0 -9999.0 -9999.0 -9999.0 -9999.0 -9999.0 -9999.0 -9999.0 -9999.0 -9999.0 -9999.0 -9999.0 -9999.0 -9999.0 -9999.0 -9999.0 -9999.0 -9999.0 -9999.0 -9999.0 -9999.0 -9999.0 -9999.0 -9999.0 -9999.0 -9999.0 -9999.0 -9999.0 -9999.0 -9999.0 -9999.0 -9999.0 -9999.0 -9999.0 -9999.0 -9999.0 -9999.0 -9999.0 -9999.0 -9999.0 -9999.0 -9999.0 -9999.0 -9999.0 -9999.0 -9999.0 -9999.0 -9999.0 -9999.0 -9999.0 -9999.0 -9999.0 -9999.0 -9999.0 -9999.0 -9999.0 -9999.0 -9999.0 -9999.0 -9999.0 -9999.0 -9999.0 -9999.0 -9999.0 -9999.0 -9999.0 -9999.0 -9999.0 -9999.0 -9999.0 -9999.0 -9999.0 -9999.0 -9999.0 -9999.0 -9999.0 -9999.0 -9999.0 -9999.0 -9999.0 -9999.0 -9999.0 -9999.0 -9999.0 -9999.0 -9999.0 -9999.0 -9999.0 -9999.0 -9999.0 -9999.0 -9999.0 -9999.0 -9999.0 -9999.0 -9999.0 -9999.0 -9999.0 -9999.0
-9999.0 -9999.0 820.313851 721.571678 622.649012 523.554219 424.372541 325.152981 225.921293 126.691249 27.470923 -71.731777 -170.915678 -270.070563 -369.172356 -468.179873 -567.016478 -665.550322 -763.895601 -862.222309 -960.223897 -1057.727413 -1152.752135 -1242.070438 -1324.469588 -1397.876017 -1460.849826 -1512.858524 -1554.291132 -1586.246358 -1610.215387 -1627.783739 -1640.422874 -1649.382758 -1655.662653 -1660.030720 -1663.075822 -1665.316613 -1667.509576 -1671.466797 -1681.089233 -1702.970016 -1966.650520 -4062.112920 -4133.652911 -4133.662200 -4133.661403 -4133.659798 -4133.653154 -4133.632728 -4133.579715 -4133.435408 -4133.207577 -4132.921515 -4132.458897 -4131.587958 -4129.750839 -4125.542936 -4115.358604 -4089.861624 -3880.749859 -1743.831502 -1660.626411 -1672.723774 -1671.012427 -1669.945503 -1669.672868 -1669.619906 -1669.611205 -1669.610298 -1669.610636 -1669.611096 -1669.611498 -1669.611828 -1669.612098 -1669.612326 -1669.612523 -1669.612697 -1669.612858 -1669.613012 -1669.613168 -1669.613336 -1669.613531 -1669.613773 -1669.614094 -1669.614543 -1669.615205 -1669.616215 -1669.617812 -1669.620421 -1669.624826 -1669.632523 -1669.646442 -1669.672480 -1669.722832 -1669.823780 -1670.035318 -1670.504130 -1671.614777 -1674.457503 -1682.467387 -1708.020047 -9999.0 -9999.0
-9999.0 -9999.0 820.317267 721.572893 622.649394 523.554341 424.372582 325.152995 225.921299 126.691251 27.470924 -71.731776 -170.915677 -270.070563 -369.172356 -468.179874 -567.016478 -665.550322 -763.895602 -862.222309 -960.223897 -1057.727413 -1152.752135 -1242.070439 -1324.469588 -1397.876017 -1460.849826 -1512.858524 -1554.291133 -1586.246358 -1610.215387 -1627.783739 -1640.422874 -1649.382758 -1655.662653 -1660.030720 -1663.075822 -1665.316612 -1667.509576 -1671.466797 -1681.089233 -1702.970016 -1966.650520 -4062.112920 -4133.652911 -4133.662200 -4133.661403 -4133.659798 -4133.653154 -4133.632728 -4133.579715 -4133.435408 -4133.207577 -4132.921515 -4132.458897 -4131.587958 -4129.750839 -4125.542936 -4115.358604 -4089.861624 -3880.749859 -1743.831502 -1660.626411 -1672.723774 -1671.012427 -1669.945503 -1669.672868 -1669.619906 -1669.611205 -1669.610298 -1669.610636 -1669.611096 -1669.611498 -1669.611828 -1669.612098 -1669.612326 -1669.612523 -1669.612697 -1669.612858 -1669.613012 -1669.613168 -1669.613336 -1669.613531 -1669.613773 -1669.614093 -1669.614543 -1669.615205 -1669.616215 -1669.617812 -1669.620421 -1669.624826 -1669.632523 -1669.646442 -1669.672480 -1669.722832 -1669.823780 -1670.035318 -1670.504130 -1671.614777 -1674.457503 -1682.467387 -1708.020047 -9999.0 -9999.0
-9999.0 -9999.0 820.318446 721.573517 622.649654 523.554440 424.372618 325.153008 225.921304 126.691253 27.470925 -71.731776 -170.915677 -270.070563 -369.172356 -468.179873 -567.016479 -665.550322 -763.895602 -862.222309 -960.223897 -1057.727413 -1152.752135 -1242.070439 -1324.469589 -1397.876017 -1460.849826 -1512.858524 -1554.291133 -1586.246358 -1610.215387 -1627.783739 -1640.422874 -1649.382758 -1655.662653 -1660.030720 -1663.075822 -1665.316612 -1667.509576 -1671.466797 -1681.089233 -1702.970016 -1966.650520 -4062.112920 -4133.652911 -4133.662200 -4133.661403 -4133.659798 -4133.653154 -4133.632728 -4133.579715 -4133.435408 -4133.207577 -4132.921515 -4132.458897 -4131.587958 -4129.750839 -4125.542936 -4115.358604 -4089.861624 -3880.749859 -1743.831502 -1660.626411 -1672.723774 -1671.012427 -1669.945503 -1669.672868 -1669.619906 -1669.611205 -1669.610298 -1669.610636 -1669.611096 -1669.611498 -1669.611828 -1669.612098 -1669.612326 -1669.612523 -1669.612697 -1669.612858 -1669.613012 -1669.613168 -1669.613336 -1669.613531 -1669.613773 -1669.614093 -1669.614543 -1669.615205 -1669.616215 -1669.617812 -1669.620421 -1669.624826 -1669.632523 -1669.646442 -1669.672480 -1669.722832 -1669.823780 -1670.035318 -1670.504130 -1671.614777 -1674.457503 -1682.467387 -1708.020047 -9999.0 -9999.0
-9999.0 -9999.0 820.318446 721.573517 622.649654 523.554440 424.372618 325.153008 225.921304 126.691253 27.470925 -71.731776 -170.915677 -270.070563 -369.172356 -468.179874 -567.016478 -665.550322 -763.895602 -862.222309 -960.223897 -1057.727413 -1152.752135 -1242.070439 -1324.469589 -1397.876017 -1460.849826 -1512.858524 -1554.291133 -1586.246358 -1610.215387 -1627.783739 -1640.422874 -1649.382758 -1655.662653 -1660.030720 -1663.075822 -1665.316612 -1667.509576 -1671.466797 -1681.089233 -1702.970016 -1966.650520 -4062.112920 -4133.652911 -4133.662200 -4133.661403 -4133.659798 -4133.653154 -4133.632728 -4133.579715 -4133.435408 -4133.207577 -4132.921515 -4132.458897 -4131.587958 -4129.750839 -4125.542936 -4115.358604 -4089.861624 -3880.749859 -1743.831502 -1660.626411 -1672.723774 -1671.012427 -1669.945503 -1669.672868 -1669.619906 -1669.611205 -1669.610298 -1669.610636 -1669.611096 -1669.611498 -1669.611828 -1669.612098 -1669.612326 -1669.612523 -1669.612697 -1669.612858 -1669.613012 -1669.613168 -1669.613336 -1669.613531 -1669.613773 -1669.614093 -1669.614543 -1669.615205 -1669.616215 -1669.617812 -1669.620421 -1669.624826 -1669.632523 -1669.646442 -1669.672480 -1669.722832 -1669.823780 -1670.035318 -1670.504130 -1671.614777 -1674.457503 -1682.467387 -1708.020047 -9999.0 -9999.0
-9999.0 -9999.0 820.317267 721.572893 622.649394 523.554341 424.372582 325.152995 225.921299 126.691251 27.470924 -71.731776 -170.915677 -270.070563 -369.172356 -468.179873 -567.016478 -665.550322 -763.895602 -862.222309 -960.223897 -1057.727413 -1152.752135 -1242.070439 -1324.469588 -1397.876017 -1460.849826 -1512.858524 -1554.291133 -1586.246358 -1610.215387 -1627.783739 -1640.422874 -1649.382758 -1655.662653 -1660.030720 -1663.075822 -1665.316612 -1667.509576 -1671.466797 -1681.089233 -1702.970016 -1966.650520 -4062.112920 -4133.652911 -4133.662200 -4133.661403 -4133.659798 -4133.653154 -4133.632728 -4133.579715 -4133.435408 -4133.207577 -4132.921515 -4132.458897 -4131.587958 -4129.750839 -4125.542936 -4115.358604 -4089.861624 -3880.749859 -1743.831502 -1660.626411 -1672.723774 -1671.012427 -1669.945503 -1669.672868 -1669.619906 -1669.611205 -1669.610298 -1669.610636 -1669.611096 -1669.611498 -1669.611828 -1669.612098 -1669.612326 -1669.612523 -1669.612697 -1669.612858 -1669.613012 -1669.613168 -1669.613336 -1669.613531 -1669.613773 -1669.614093 -1669.614543 -1669.615205 -1669.616215 -1669.617812 -1669.620421 -1669.624826 -1669.632523 -1669.646442 -1669.672480 -1669.722832 -1669.823780 -1670.035318 -1670.504130 -1671.614777 -1674.457503 -1682.467387 -1708.020047 -9999.0 -9999.0
-9999.0 -9999.0 820.313851 721.571679 622.649012 523.554219 424.372541 325.152981 225.921293 126.691249 27.470923 -71.731777 -170.915677 -270.070563 -369.172356 -468.179873 -567.016478 -665.550322 -763.895601 -862.222309 -960.223897 -1057.727413 -1152.752135 -1242.070438 -1324.469588 -1397.876017 -1460.849826 -1512.858524 -1554.291132 -1586.246358 -1610.215387 -1627.783739 -1640.422874 -1649.382758 -1655.662653 -1660.030720 -1663.075822 -1665.316613 -1667.509576 -1671.466797 -1681.089233 -1702.970016 -1966.650520 -4062.112920 -4133.652911 -4133.662200 -4133.661403 -4133.659798 -4133.653154 -4133.632728 -4133.579715 -4133.435408 -4133.207577 -4132.921515 -4132.458897 -4131.587958 -4129.750839 -4125.542936 -4115.358604 -4089.861624 -3880.749859 -1743.831502 -1660.626411 -1672.723774 -1671.012427 -1669.945503 -1669.672868 -1669.619906 -1669.611205 -1669.610298 -1669.610636 -1669.611096 -1669.611498 -1669.611828 -1669.612098 -1669.612326 -1669.612523 -1669.612697 -1669.612858 -1669.613012 -1669.613168 -1669.613336 -1669.613531 -1669.613773 -1669.614094 -1669.614543 -1669.615205 -1669.616215 -1669.617812 -1669.620421 -1669.624826 -1669.632523 -1669.646442 -1669.672480 -1669.722832 -1669.823780 -1670.035318 -1670.504130 -1671.614777 -1674.457503 -1682.467387 -1708.020047 -9999.0 -9999.0
-9999.0 -9999.0 -9999.0 -9999.0 -9999.0 -9999.0 -9999.0 -9999.0 -9999.0 -9999.0 -9999.0 -9999.0 -9999.0 -9999.0 -9999.0 -9999.0 -9999.0 -9999.0 -9999.0 -9999.0 -9999.0 -9999.0 -9999.0 -9999.0 -9999.0 -9999.0 -9999.0 -9999.0 -9999.0 -9999.0 -9999.0 -9999.0 -9999.0 -9999.0 -9999.0 -9999.0 -9999.0 -9999.0 -9999.0 -9999.0 -9999.0 -9999.0 -9999.0 -9999.0 -9999.0 -9999.0 -9999.0 -9999.0 -9999.0 -9999.0 -9999.0 -9999.0 -9999.0 -9999.0 -9999.0 -9999.0 -9999.0 -9999.0 -9999.0 -9999.0 -9999.0 -9999.0 -9999.0 -9999.0 -9999.0 -9999.0 -9999.0 -9999.0 -9999.0 -9999.0 -9999.0 -9999.0 -9999.0 -9999.0 -9999.0 -9999.0 -9999.0 -9999.0 -9999.0 -9999.0 -9999.0 -9999.0 -9999.0 -9999.0 -9999.0 -9999.0 -9999.0 -9999.0 -9999.0 -9999.0 -9999.0 -9999.0 -9999.0 -9999.0 -9999.0 -9999.0 -9999.0 -9999.0 -9999.0 -9999.0 -9999.0 -9999.0 -9999.0 -9999.0
-9999.0 -9999.0 -9999.0 -9999.0 -9999.0 -9999.0 -9999.0 -9999.0 -9999.0 -9999.0 -9999.0 -9999.0 -9999.0 -9999.0 -9999.0 -9999.0 -9999.0 -9999.0 -9999.0 -9999.0 -9999.0 -9999.0 -9999.0 -9999.0 -9999.0 -9999.0 -9999.0 -9999.0 -9999.0 -9999.0 -9999.0 -9999.0 -9999.0 -9999.0 -9999.0 -9999.0 -9999.0 -9999.0 -9999.0 -9999.0 -9999.0 -9999.0 -9999.0 -9999.0 -9999.0 -9999.0 -9999.0 -9999.0 -9999.0 -9999.0 -9999.0 -9999.0 -9999.0 -9999.0 -9999.0 -9999.0 -9999.0 -9999.0 -9999.0 -9999.0 -9999.0 -9999.0 -9999.0 -9999.0 -9999.0 -9999.0 -9999.0 -9999.0 -9999.0 -9999.0 -9999.0 -9999.0 -9999.0 -9999.0 -9999.0 -9999.0 -9999.0 -9999.0 -9999.0 -9999.0 -9999.0 -9999.0 -9999.0 -9999.0 -9999.0 -9999.0 -9999.0 -9999.0 -9999.0 -9999.0 -9999.0 -9999.0 -9999.0 -9999.0 -9999.0 -9999.0 -9999.0 -9999.0 -9999.0 -9999.0 -9999.0 -9999.0 -9999.0 -9999.0