inst/processing_geotop_simulation/geotop_simulation/out/maps3D/PwL0021N0258.asc
ncols         104
nrows         10
xllcorner     -2.000000
yllcorner     0.000000
cellsize      1.000000
NODATA_value  -9999.0
-9999.0 -9999.0 -9999.0 -9999.0 -9999.0 -9999.0 -9999.0 -9999.0 -9999.0 -9999.0 -9999.0 -9999.0 -9999.0 -9999.0 -9999.0 -9999.0 -9999.0 -9999.0 -9999.0 -9999.0 -9999.0 -9999.0 -9999.0 -9999.0 -9999.0 -9999.0 -9999.0 -9999.0 -9999.0 -9999.0 -9999.0 -9999.0 -9999.0 -9999.0 -9999.0 -9999.0 -9999.0 -9999.0 -9999.0 -9999.0 -9999.0 -9999.0 -9999.0 -9999.0 -9999.0 -9999.0 -9999.0 -9999.0 -9999.0 -9999.0 -9999.0 -9999.0 -9999.0 -9999.0 -9999.0 -9999.0 -9999.0 -9999.0 -9999.0 -9999.0 -9999.0 -9999.0 -9999.0 -9999.0 -9999.0 -9999.0 -9999.0 -9999.0 -9999.0 -9999.0 -9999.0 -9999.0 -9999.0 -9999.0 -9999.0 -9999.0 -9999.0 -9999.0 -9999.0 -9999.0 -9999.0 -9999.0 -9999.0 -9999.0 -9999.0 -9999.0 -9999.0 -9999.0 -9999.0 -9999.0 -9999.0 -9999.0 -9999.0 -9999.0 -9999.0 -9999.0 -9999.0 -9999.0 -9999.0 -9999.0 -9999.0 -9999.0 -9999.0 -9999.0
-9999.0 -9999.0 -9999.0 -9999.0 -9999.0 -9999.0 -9999.0 -9999.0 -9999.0 -9999.0 -9999.0 -9999.0 -9999.0 -9999.0 -9999.0 -9999.0 -9999.0 -9999.0 -9999.0 -9999.0 -9999.0 -9999.0 -9999.0 -9999.0 -9999.0 -9999.0 -9999.0 -9999.0 -9999.0 -9999.0 -9999.0 -9999.0 -9999.0 -9999.0 -9999.0 -9999.0 -9999.0 -9999.0 -9999.0 -9999.0 -9999.0 -9999.0 -9999.0 -9999.0 -9999.0 -9999.0 -9999.0 -9999.0 -9999.0 -9999.0 -9999.0 -9999.0 -9999.0 -9999.0 -9999.0 -9999.0 -9999.0 -9999.0 -9999.0 -9999.0 -9999.0 -9999.0 -9999.0 -9999.0 -9999.0 -9999.0 -9999.0 -9999.0 -9999.0 -9999.0 -9999.0 -9999.0 -9999.0 -9999.0 -9999.0 -9999.0 -9999.0 -9999.0 -9999.0 -9999.0 -9999.0 -9999.0 -9999.0 -9999.0 -9999.0 -9999.0 -9999.0 -9999.0 -9999.0 -9999.0 -9999.0 -9999.0 -9999.0 -9999.0 -9999.0 -9999.0 -9999.0 -9999.0 -9999.0 -9999.0 -9999.0 -9999.0 -9999.0 -9999.0
-9999.0 -9999.0 1022.366099 924.433652 826.406366 728.138127 629.730788 531.260289 432.770087 334.284322 235.816588 137.374715 38.963746 -59.406293 -157.731486 -255.980719 -354.082176 -451.895406 -549.171624 -645.483816 -741.167745 -836.754530 -931.328225 -1024.617078 -1110.704844 -1183.517501 -1245.498969 -1296.129865 -1335.897598 -1366.051814 -1388.238922 -1404.166577 -1415.379939 -1423.157152 -1428.492041 -1432.126681 -1434.610945 -1436.408697 -1438.223907 -1442.226958 -1456.281805 -1512.159707 -1704.434643 -3175.790836 -3931.826714 -3931.201499 -3834.512959 -3453.564233 -3058.451923 -2776.537902 -2577.706932 -2415.572146 -2318.480515 -2256.051816 -2198.154211 -2137.616855 -2072.465435 -2003.873456 -1934.437313 -1865.721640 -1787.104742 -1441.009358 -1470.385440 -1448.190454 -1441.584932 -1440.118651 -1439.851923 -1439.808628 -1439.802383 -1439.802070 -1439.802634 -1439.803225 -1439.803712 -1439.804096 -1439.804400 -1439.804646 -1439.804848 -1439.805018 -1439.805168 -1439.805306 -1439.805443 -1439.805592 -1439.805772 -1439.806007 -1439.806338 -1439.806828 -1439.807578 -1439.808759 -1439.810663 -1439.813809 -1439.819147 -1439.828479 -1439.845313 -1439.876658 -1439.936854 -1440.056339 -1440.303456 -1440.843012 -1442.099359 -1445.225928 -1453.622747 -1479.092955 -9999.0 -9999.0
-9999.0 -9999.0 1022.368920 924.434772 826.406743 728.138252 629.730831 531.260304 432.770092 334.284324 235.816589 137.374715 38.963746 -59.406293 -157.731486 -255.980719 -354.082177 -451.895406 -549.171625 -645.483817 -741.167745 -836.754530 -931.328225 -1024.617078 -1110.704844 -1183.517501 -1245.498969 -1296.129865 -1335.897598 -1366.051814 -1388.238922 -1404.166577 -1415.379939 -1423.157152 -1428.492041 -1432.126682 -1434.610945 -1436.408697 -1438.223907 -1442.226958 -1456.281805 -1512.159707 -1704.434643 -3175.790834 -3931.826714 -3931.201499 -3834.512959 -3453.564232 -3058.451922 -2776.537900 -2577.706929 -2415.572146 -2318.480515 -2256.051816 -2198.154210 -2137.616855 -2072.465434 -2003.873456 -1934.437313 -1865.721640 -1787.104742 -1441.009358 -1470.385440 -1448.190454 -1441.584932 -1440.118651 -1439.851923 -1439.808628 -1439.802383 -1439.802070 -1439.802634 -1439.803225 -1439.803712 -1439.804096 -1439.804400 -1439.804646 -1439.804848 -1439.805018 -1439.805168 -1439.805306 -1439.805443 -1439.805592 -1439.805772 -1439.806007 -1439.806338 -1439.806828 -1439.807578 -1439.808759 -1439.810663 -1439.813809 -1439.819147 -1439.828479 -1439.845313 -1439.876658 -1439.936854 -1440.056339 -1440.303456 -1440.843012 -1442.099359 -1445.225928 -1453.622747 -1479.092955 -9999.0 -9999.0
-9999.0 -9999.0 1022.370060 924.435390 826.407006 728.138354 629.730868 531.260318 432.770097 334.284326 235.816590 137.374715 38.963746 -59.406293 -157.731486 -255.980719 -354.082177 -451.895407 -549.171625 -645.483817 -741.167745 -836.754530 -931.328225 -1024.617079 -1110.704844 -1183.517501 -1245.498969 -1296.129865 -1335.897598 -1366.051815 -1388.238922 -1404.166577 -1415.379939 -1423.157152 -1428.492041 -1432.126682 -1434.610945 -1436.408697 -1438.223907 -1442.226958 -1456.281805 -1512.159707 -1704.434643 -3175.790834 -3931.826714 -3931.201499 -3834.512959 -3453.564231 -3058.451922 -2776.537898 -2577.706928 -2415.572145 -2318.480515 -2256.051816 -2198.154211 -2137.616855 -2072.465434 -2003.873456 -1934.437313 -1865.721640 -1787.104741 -1441.009358 -1470.385440 -1448.190454 -1441.584932 -1440.118651 -1439.851923 -1439.808628 -1439.802383 -1439.802070 -1439.802634 -1439.803225 -1439.803712 -1439.804096 -1439.804400 -1439.804646 -1439.804848 -1439.805018 -1439.805168 -1439.805306 -1439.805443 -1439.805592 -1439.805772 -1439.806007 -1439.806338 -1439.806828 -1439.807578 -1439.808759 -1439.810663 -1439.813809 -1439.819147 -1439.828479 -1439.845313 -1439.876658 -1439.936854 -1440.056339 -1440.303456 -1440.843012 -1442.099359 -1445.225928 -1453.622747 -1479.092955 -9999.0 -9999.0
-9999.0 -9999.0 1022.370060 924.435390 826.407006 728.138354 629.730868 531.260318 432.770097 334.284326 235.816590 137.374715 38.963746 -59.406293 -157.731486 -255.980719 -354.082177 -451.895407 -549.171625 -645.483817 -741.167745 -836.754530 -931.328225 -1024.617079 -1110.704845 -1183.517501 -1245.498969 -1296.129865 -1335.897598 -1366.051815 -1388.238922 -1404.166577 -1415.379939 -1423.157152 -1428.492041 -1432.126682 -1434.610945 -1436.408697 -1438.223907 -1442.226958 -1456.281805 -1512.159707 -1704.434643 -3175.790834 -3931.826714 -3931.201499 -3834.512959 -3453.564231 -3058.451922 -2776.537899 -2577.706928 -2415.572145 -2318.480515 -2256.051816 -2198.154210 -2137.616855 -2072.465434 -2003.873456 -1934.437313 -1865.721640 -1787.104741 -1441.009358 -1470.385440 -1448.190454 -1441.584932 -1440.118651 -1439.851923 -1439.808628 -1439.802383 -1439.802070 -1439.802634 -1439.803225 -1439.803712 -1439.804096 -1439.804400 -1439.804646 -1439.804848 -1439.805018 -1439.805168 -1439.805306 -1439.805443 -1439.805592 -1439.805772 -1439.806007 -1439.806338 -1439.806828 -1439.807578 -1439.808759 -1439.810663 -1439.813809 -1439.819147 -1439.828479 -1439.845313 -1439.876658 -1439.936854 -1440.056339 -1440.303456 -1440.843012 -1442.099359 -1445.225928 -1453.622747 -1479.092955 -9999.0 -9999.0
-9999.0 -9999.0 1022.368920 924.434772 826.406743 728.138252 629.730831 531.260304 432.770092 334.284324 235.816589 137.374715 38.963746 -59.406293 -157.731486 -255.980719 -354.082176 -451.895406 -549.171625 -645.483817 -741.167745 -836.754530 -931.328225 -1024.617078 -1110.704844 -1183.517501 -1245.498969 -1296.129865 -1335.897598 -1366.051814 -1388.238922 -1404.166577 -1415.379939 -1423.157152 -1428.492041 -1432.126682 -1434.610945 -1436.408697 -1438.223907 -1442.226958 -1456.281805 -1512.159707 -1704.434643 -3175.790834 -3931.826714 -3931.201499 -3834.512959 -3453.564232 -3058.451922 -2776.537899 -2577.706929 -2415.572146 -2318.480515 -2256.051816 -2198.154211 -2137.616855 -2072.465434 -2003.873456 -1934.437313 -1865.721640 -1787.104742 -1441.009358 -1470.385440 -1448.190454 -1441.584932 -1440.118651 -1439.851923 -1439.808628 -1439.802383 -1439.802070 -1439.802634 -1439.803225 -1439.803712 -1439.804096 -1439.804400 -1439.804646 -1439.804848 -1439.805018 -1439.805168 -1439.805306 -1439.805443 -1439.805592 -1439.805772 -1439.806007 -1439.806338 -1439.806828 -1439.807578 -1439.808759 -1439.810663 -1439.813809 -1439.819147 -1439.828479 -1439.845313 -1439.876658 -1439.936854 -1440.056339 -1440.303456 -1440.843012 -1442.099359 -1445.225928 -1453.622747 -1479.092955 -9999.0 -9999.0
-9999.0 -9999.0 1022.366099 924.433652 826.406366 728.138127 629.730788 531.260289 432.770087 334.284322 235.816588 137.374715 38.963746 -59.406293 -157.731486 -255.980719 -354.082176 -451.895406 -549.171624 -645.483816 -741.167745 -836.754530 -931.328225 -1024.617078 -1110.704844 -1183.517501 -1245.498969 -1296.129865 -1335.897598 -1366.051814 -1388.238922 -1404.166577 -1415.379939 -1423.157152 -1428.492041 -1432.126681 -1434.610945 -1436.408697 -1438.223907 -1442.226958 -1456.281805 -1512.159707 -1704.434643 -3175.790836 -3931.826714 -3931.201499 -3834.512959 -3453.564233 -3058.451923 -2776.537902 -2577.706932 -2415.572147 -2318.480515 -2256.051816 -2198.154211 -2137.616856 -2072.465434 -2003.873456 -1934.437313 -1865.721641 -1787.104742 -1441.009358 -1470.385440 -1448.190454 -1441.584932 -1440.118651 -1439.851923 -1439.808628 -1439.802383 -1439.802070 -1439.802634 -1439.803225 -1439.803712 -1439.804096 -1439.804400 -1439.804646 -1439.804848 -1439.805018 -1439.805168 -1439.805306 -1439.805443 -1439.805592 -1439.805772 -1439.806007 -1439.806338 -1439.806828 -1439.807578 -1439.808759 -1439.810663 -1439.813809 -1439.819147 -1439.828479 -1439.845313 -1439.876658 -1439.936854 -1440.056339 -1440.303456 -1440.843012 -1442.099359 -1445.225928 -1453.622747 -1479.092955 -9999.0 -9999.0
-9999.0 -9999.0 -9999.0 -9999.0 -9999.0 -9999.0 -9999.0 -9999.0 -9999.0 -9999.0 -9999.0 -9999.0 -9999.0 -9999.0 -9999.0 -9999.0 -9999.0 -9999.0 -9999.0 -9999.0 -9999.0 -9999.0 -9999.0 -9999.0 -9999.0 -9999.0 -9999.0 -9999.0 -9999.0 -9999.0 -9999.0 -9999.0 -9999.0 -9999.0 -9999.0 -9999.0 -9999.0 -9999.0 -9999.0 -9999.0 -9999.0 -9999.0 -9999.0 -9999.0 -9999.0 -9999.0 -9999.0 -9999.0 -9999.0 -9999.0 -9999.0 -9999.0 -9999.0 -9999.0 -9999.0 -9999.0 -9999.0 -9999.0 -9999.0 -9999.0 -9999.0 -9999.0 -9999.0 -9999.0 -9999.0 -9999.0 -9999.0 -9999.0 -9999.0 -9999.0 -9999.0 -9999.0 -9999.0 -9999.0 -9999.0 -9999.0 -9999.0 -9999.0 -9999.0 -9999.0 -9999.0 -9999.0 -9999.0 -9999.0 -9999.0 -9999.0 -9999.0 -9999.0 -9999.0 -9999.0 -9999.0 -9999.0 -9999.0 -9999.0 -9999.0 -9999.0 -9999.0 -9999.0 -9999.0 -9999.0 -9999.0 -9999.0 -9999.0 -9999.0
-9999.0 -9999.0 -9999.0 -9999.0 -9999.0 -9999.0 -9999.0 -9999.0 -9999.0 -9999.0 -9999.0 -9999.0 -9999.0 -9999.0 -9999.0 -9999.0 -9999.0 -9999.0 -9999.0 -9999.0 -9999.0 -9999.0 -9999.0 -9999.0 -9999.0 -9999.0 -9999.0 -9999.0 -9999.0 -9999.0 -9999.0 -9999.0 -9999.0 -9999.0 -9999.0 -9999.0 -9999.0 -9999.0 -9999.0 -9999.0 -9999.0 -9999.0 -9999.0 -9999.0 -9999.0 -9999.0 -9999.0 -9999.0 -9999.0 -9999.0 -9999.0 -9999.0 -9999.0 -9999.0 -9999.0 -9999.0 -9999.0 -9999.0 -9999.0 -9999.0 -9999.0 -9999.0 -9999.0 -9999.0 -9999.0 -9999.0 -9999.0 -9999.0 -9999.0 -9999.0 -9999.0 -9999.0 -9999.0 -9999.0 -9999.0 -9999.0 -9999.0 -9999.0 -9999.0 -9999.0 -9999.0 -9999.0 -9999.0 -9999.0 -9999.0 -9999.0 -9999.0 -9999.0 -9999.0 -9999.0 -9999.0 -9999.0 -9999.0 -9999.0 -9999.0 -9999.0 -9999.0 -9999.0 -9999.0 -9999.0 -9999.0 -9999.0 -9999.0 -9999.0