inst/processing_geotop_simulation/geotop_simulation/out/maps3D/PwL0001N0358.asc
ncols         104
nrows         10
xllcorner     -2.000000
yllcorner     0.000000
cellsize      1.000000
NODATA_value  -9999.0
-9999.0 -9999.0 -9999.0 -9999.0 -9999.0 -9999.0 -9999.0 -9999.0 -9999.0 -9999.0 -9999.0 -9999.0 -9999.0 -9999.0 -9999.0 -9999.0 -9999.0 -9999.0 -9999.0 -9999.0 -9999.0 -9999.0 -9999.0 -9999.0 -9999.0 -9999.0 -9999.0 -9999.0 -9999.0 -9999.0 -9999.0 -9999.0 -9999.0 -9999.0 -9999.0 -9999.0 -9999.0 -9999.0 -9999.0 -9999.0 -9999.0 -9999.0 -9999.0 -9999.0 -9999.0 -9999.0 -9999.0 -9999.0 -9999.0 -9999.0 -9999.0 -9999.0 -9999.0 -9999.0 -9999.0 -9999.0 -9999.0 -9999.0 -9999.0 -9999.0 -9999.0 -9999.0 -9999.0 -9999.0 -9999.0 -9999.0 -9999.0 -9999.0 -9999.0 -9999.0 -9999.0 -9999.0 -9999.0 -9999.0 -9999.0 -9999.0 -9999.0 -9999.0 -9999.0 -9999.0 -9999.0 -9999.0 -9999.0 -9999.0 -9999.0 -9999.0 -9999.0 -9999.0 -9999.0 -9999.0 -9999.0 -9999.0 -9999.0 -9999.0 -9999.0 -9999.0 -9999.0 -9999.0 -9999.0 -9999.0 -9999.0 -9999.0 -9999.0 -9999.0
-9999.0 -9999.0 -9999.0 -9999.0 -9999.0 -9999.0 -9999.0 -9999.0 -9999.0 -9999.0 -9999.0 -9999.0 -9999.0 -9999.0 -9999.0 -9999.0 -9999.0 -9999.0 -9999.0 -9999.0 -9999.0 -9999.0 -9999.0 -9999.0 -9999.0 -9999.0 -9999.0 -9999.0 -9999.0 -9999.0 -9999.0 -9999.0 -9999.0 -9999.0 -9999.0 -9999.0 -9999.0 -9999.0 -9999.0 -9999.0 -9999.0 -9999.0 -9999.0 -9999.0 -9999.0 -9999.0 -9999.0 -9999.0 -9999.0 -9999.0 -9999.0 -9999.0 -9999.0 -9999.0 -9999.0 -9999.0 -9999.0 -9999.0 -9999.0 -9999.0 -9999.0 -9999.0 -9999.0 -9999.0 -9999.0 -9999.0 -9999.0 -9999.0 -9999.0 -9999.0 -9999.0 -9999.0 -9999.0 -9999.0 -9999.0 -9999.0 -9999.0 -9999.0 -9999.0 -9999.0 -9999.0 -9999.0 -9999.0 -9999.0 -9999.0 -9999.0 -9999.0 -9999.0 -9999.0 -9999.0 -9999.0 -9999.0 -9999.0 -9999.0 -9999.0 -9999.0 -9999.0 -9999.0 -9999.0 -9999.0 -9999.0 -9999.0 -9999.0 -9999.0
-9999.0 -9999.0 26.377586 -70.520575 -169.110966 -268.067269 -367.156803 -466.292177 -565.429097 -664.531919 -763.543122 -862.420121 -961.125713 -1059.606074 -1158.023211 -1256.334780 -1354.131492 -1451.067023 -1546.539216 -1639.506809 -1728.049786 -1809.070854 -1879.256431 -1936.656691 -1981.305568 -2014.710347 -2039.000683 -2056.300818 -2068.430549 -2076.829350 -2082.585100 -2086.495989 -2089.134970 -2090.906121 -2092.090688 -2092.884608 -2093.434704 -2093.905220 -2094.698246 -2096.966536 -2099.760429 -2045.081131 -1260.127852 -1256.522509 -1246.515839 -1239.965009 -1236.882450 -1236.400789 -1236.348509 -1236.353438 -1236.366671 -1236.380930 -1236.394640 -1236.407341 -1236.419159 -1236.433153 -1236.477694 -1236.770301 -1238.427636 -1242.090867 -1247.140691 -1243.525576 -2021.762629 -2093.872379 -2095.523534 -2094.777802 -2094.573477 -2094.535691 -2094.529882 -2094.529486 -2094.529916 -2094.530384 -2094.530768 -2094.531066 -2094.531296 -2094.531476 -2094.531619 -2094.531737 -2094.531837 -2094.531927 -2094.532017 -2094.532117 -2094.532242 -2094.532416 -2094.532670 -2094.533060 -2094.533672 -2094.534651 -2094.536249 -2094.538908 -2094.543442 -2094.551390 -2094.565747 -2094.592467 -2094.643630 -2094.744452 -2094.950138 -2095.390308 -2096.396189 -2098.904999 -2105.969721 -2129.460380 -9999.0 -9999.0
-9999.0 -9999.0 26.389247 -70.518641 -169.110484 -268.067128 -367.156758 -466.292162 -565.429091 -664.531917 -763.543121 -862.420120 -961.125713 -1059.606074 -1158.023211 -1256.334780 -1354.131493 -1451.067023 -1546.539216 -1639.506809 -1728.049786 -1809.070854 -1879.256431 -1936.656691 -1981.305568 -2014.710347 -2039.000683 -2056.300818 -2068.430549 -2076.829350 -2082.585100 -2086.495989 -2089.134970 -2090.906121 -2092.090688 -2092.884608 -2093.434704 -2093.905220 -2094.698246 -2096.966536 -2099.760429 -2045.081131 -1260.127852 -1256.522509 -1246.515839 -1239.965009 -1236.882450 -1236.400789 -1236.348509 -1236.353438 -1236.366671 -1236.380930 -1236.394640 -1236.407341 -1236.419159 -1236.433153 -1236.477694 -1236.770301 -1238.427636 -1242.090867 -1247.140691 -1243.525576 -2021.762629 -2093.872379 -2095.523534 -2094.777802 -2094.573477 -2094.535691 -2094.529882 -2094.529486 -2094.529916 -2094.530384 -2094.530768 -2094.531066 -2094.531296 -2094.531476 -2094.531619 -2094.531737 -2094.531837 -2094.531927 -2094.532017 -2094.532117 -2094.532242 -2094.532416 -2094.532670 -2094.533060 -2094.533672 -2094.534651 -2094.536249 -2094.538908 -2094.543442 -2094.551390 -2094.565747 -2094.592467 -2094.643630 -2094.744452 -2094.950138 -2095.390308 -2096.396189 -2098.904999 -2105.969721 -2129.460380 -9999.0 -9999.0
-9999.0 -9999.0 26.390324 -70.517867 -169.110180 -268.067018 -367.156719 -466.292148 -565.429086 -664.531914 -763.543120 -862.420120 -961.125712 -1059.606074 -1158.023211 -1256.334780 -1354.131493 -1451.067023 -1546.539216 -1639.506809 -1728.049786 -1809.070854 -1879.256432 -1936.656691 -1981.305568 -2014.710347 -2039.000683 -2056.300818 -2068.430549 -2076.829350 -2082.585100 -2086.495989 -2089.134970 -2090.906121 -2092.090688 -2092.884608 -2093.434704 -2093.905220 -2094.698246 -2096.966536 -2099.760429 -2045.081131 -1260.127852 -1256.522509 -1246.515839 -1239.965009 -1236.882450 -1236.400789 -1236.348509 -1236.353438 -1236.366671 -1236.380930 -1236.394640 -1236.407341 -1236.419159 -1236.433153 -1236.477694 -1236.770301 -1238.427636 -1242.090867 -1247.140691 -1243.525576 -2021.762629 -2093.872379 -2095.523534 -2094.777802 -2094.573477 -2094.535691 -2094.529882 -2094.529486 -2094.529916 -2094.530384 -2094.530768 -2094.531066 -2094.531296 -2094.531476 -2094.531619 -2094.531737 -2094.531837 -2094.531927 -2094.532017 -2094.532117 -2094.532242 -2094.532416 -2094.532670 -2094.533060 -2094.533672 -2094.534651 -2094.536249 -2094.538908 -2094.543442 -2094.551390 -2094.565747 -2094.592467 -2094.643630 -2094.744452 -2094.950138 -2095.390308 -2096.396189 -2098.904999 -2105.969721 -2129.460380 -9999.0 -9999.0
-9999.0 -9999.0 26.390324 -70.517867 -169.110179 -268.067018 -367.156719 -466.292148 -565.429086 -664.531915 -763.543120 -862.420120 -961.125712 -1059.606074 -1158.023211 -1256.334780 -1354.131493 -1451.067023 -1546.539216 -1639.506809 -1728.049786 -1809.070854 -1879.256432 -1936.656691 -1981.305568 -2014.710347 -2039.000683 -2056.300818 -2068.430549 -2076.829350 -2082.585100 -2086.495989 -2089.134970 -2090.906121 -2092.090688 -2092.884608 -2093.434704 -2093.905220 -2094.698246 -2096.966536 -2099.760429 -2045.081131 -1260.127852 -1256.522509 -1246.515839 -1239.965009 -1236.882450 -1236.400789 -1236.348509 -1236.353438 -1236.366671 -1236.380930 -1236.394640 -1236.407341 -1236.419159 -1236.433153 -1236.477694 -1236.770301 -1238.427636 -1242.090867 -1247.140691 -1243.525576 -2021.762629 -2093.872379 -2095.523534 -2094.777802 -2094.573477 -2094.535691 -2094.529882 -2094.529486 -2094.529916 -2094.530384 -2094.530768 -2094.531066 -2094.531296 -2094.531476 -2094.531619 -2094.531737 -2094.531837 -2094.531927 -2094.532017 -2094.532117 -2094.532242 -2094.532416 -2094.532670 -2094.533060 -2094.533672 -2094.534651 -2094.536249 -2094.538908 -2094.543442 -2094.551390 -2094.565747 -2094.592467 -2094.643630 -2094.744452 -2094.950138 -2095.390308 -2096.396189 -2098.904999 -2105.969721 -2129.460380 -9999.0 -9999.0
-9999.0 -9999.0 26.389247 -70.518641 -169.110484 -268.067128 -367.156758 -466.292162 -565.429091 -664.531916 -763.543121 -862.420120 -961.125713 -1059.606074 -1158.023211 -1256.334780 -1354.131493 -1451.067023 -1546.539216 -1639.506809 -1728.049786 -1809.070854 -1879.256431 -1936.656691 -1981.305568 -2014.710347 -2039.000683 -2056.300818 -2068.430549 -2076.829350 -2082.585100 -2086.495989 -2089.134970 -2090.906121 -2092.090688 -2092.884608 -2093.434704 -2093.905220 -2094.698246 -2096.966536 -2099.760429 -2045.081131 -1260.127852 -1256.522509 -1246.515839 -1239.965009 -1236.882450 -1236.400789 -1236.348509 -1236.353438 -1236.366671 -1236.380930 -1236.394640 -1236.407341 -1236.419159 -1236.433153 -1236.477694 -1236.770301 -1238.427636 -1242.090867 -1247.140691 -1243.525576 -2021.762629 -2093.872379 -2095.523534 -2094.777802 -2094.573477 -2094.535691 -2094.529882 -2094.529486 -2094.529916 -2094.530384 -2094.530768 -2094.531066 -2094.531296 -2094.531476 -2094.531619 -2094.531737 -2094.531837 -2094.531927 -2094.532017 -2094.532117 -2094.532242 -2094.532416 -2094.532670 -2094.533060 -2094.533672 -2094.534651 -2094.536249 -2094.538908 -2094.543442 -2094.551390 -2094.565747 -2094.592467 -2094.643630 -2094.744452 -2094.950138 -2095.390308 -2096.396189 -2098.904999 -2105.969721 -2129.460380 -9999.0 -9999.0
-9999.0 -9999.0 26.377586 -70.520575 -169.110966 -268.067269 -367.156803 -466.292177 -565.429097 -664.531919 -763.543122 -862.420121 -961.125713 -1059.606074 -1158.023211 -1256.334780 -1354.131492 -1451.067023 -1546.539216 -1639.506809 -1728.049786 -1809.070854 -1879.256431 -1936.656691 -1981.305568 -2014.710347 -2039.000683 -2056.300818 -2068.430549 -2076.829350 -2082.585100 -2086.495989 -2089.134970 -2090.906121 -2092.090688 -2092.884608 -2093.434704 -2093.905220 -2094.698246 -2096.966536 -2099.760429 -2045.081131 -1260.127852 -1256.522509 -1246.515839 -1239.965009 -1236.882450 -1236.400789 -1236.348509 -1236.353438 -1236.366671 -1236.380930 -1236.394640 -1236.407341 -1236.419159 -1236.433153 -1236.477694 -1236.770301 -1238.427636 -1242.090867 -1247.140691 -1243.525576 -2021.762629 -2093.872379 -2095.523534 -2094.777802 -2094.573477 -2094.535691 -2094.529882 -2094.529486 -2094.529916 -2094.530384 -2094.530768 -2094.531066 -2094.531296 -2094.531476 -2094.531619 -2094.531737 -2094.531837 -2094.531927 -2094.532017 -2094.532117 -2094.532242 -2094.532416 -2094.532670 -2094.533060 -2094.533672 -2094.534651 -2094.536249 -2094.538908 -2094.543442 -2094.551390 -2094.565747 -2094.592467 -2094.643630 -2094.744452 -2094.950138 -2095.390308 -2096.396189 -2098.904999 -2105.969721 -2129.460380 -9999.0 -9999.0
-9999.0 -9999.0 -9999.0 -9999.0 -9999.0 -9999.0 -9999.0 -9999.0 -9999.0 -9999.0 -9999.0 -9999.0 -9999.0 -9999.0 -9999.0 -9999.0 -9999.0 -9999.0 -9999.0 -9999.0 -9999.0 -9999.0 -9999.0 -9999.0 -9999.0 -9999.0 -9999.0 -9999.0 -9999.0 -9999.0 -9999.0 -9999.0 -9999.0 -9999.0 -9999.0 -9999.0 -9999.0 -9999.0 -9999.0 -9999.0 -9999.0 -9999.0 -9999.0 -9999.0 -9999.0 -9999.0 -9999.0 -9999.0 -9999.0 -9999.0 -9999.0 -9999.0 -9999.0 -9999.0 -9999.0 -9999.0 -9999.0 -9999.0 -9999.0 -9999.0 -9999.0 -9999.0 -9999.0 -9999.0 -9999.0 -9999.0 -9999.0 -9999.0 -9999.0 -9999.0 -9999.0 -9999.0 -9999.0 -9999.0 -9999.0 -9999.0 -9999.0 -9999.0 -9999.0 -9999.0 -9999.0 -9999.0 -9999.0 -9999.0 -9999.0 -9999.0 -9999.0 -9999.0 -9999.0 -9999.0 -9999.0 -9999.0 -9999.0 -9999.0 -9999.0 -9999.0 -9999.0 -9999.0 -9999.0 -9999.0 -9999.0 -9999.0 -9999.0 -9999.0
-9999.0 -9999.0 -9999.0 -9999.0 -9999.0 -9999.0 -9999.0 -9999.0 -9999.0 -9999.0 -9999.0 -9999.0 -9999.0 -9999.0 -9999.0 -9999.0 -9999.0 -9999.0 -9999.0 -9999.0 -9999.0 -9999.0 -9999.0 -9999.0 -9999.0 -9999.0 -9999.0 -9999.0 -9999.0 -9999.0 -9999.0 -9999.0 -9999.0 -9999.0 -9999.0 -9999.0 -9999.0 -9999.0 -9999.0 -9999.0 -9999.0 -9999.0 -9999.0 -9999.0 -9999.0 -9999.0 -9999.0 -9999.0 -9999.0 -9999.0 -9999.0 -9999.0 -9999.0 -9999.0 -9999.0 -9999.0 -9999.0 -9999.0 -9999.0 -9999.0 -9999.0 -9999.0 -9999.0 -9999.0 -9999.0 -9999.0 -9999.0 -9999.0 -9999.0 -9999.0 -9999.0 -9999.0 -9999.0 -9999.0 -9999.0 -9999.0 -9999.0 -9999.0 -9999.0 -9999.0 -9999.0 -9999.0 -9999.0 -9999.0 -9999.0 -9999.0 -9999.0 -9999.0 -9999.0 -9999.0 -9999.0 -9999.0 -9999.0 -9999.0 -9999.0 -9999.0 -9999.0 -9999.0 -9999.0 -9999.0 -9999.0 -9999.0 -9999.0 -9999.0