inst/processing_geotop_simulation/geotop_simulation/out/maps3D/PwL0010N0194.asc
ncols         104
nrows         10
xllcorner     -2.000000
yllcorner     0.000000
cellsize      1.000000
NODATA_value  -9999.0
-9999.0 -9999.0 -9999.0 -9999.0 -9999.0 -9999.0 -9999.0 -9999.0 -9999.0 -9999.0 -9999.0 -9999.0 -9999.0 -9999.0 -9999.0 -9999.0 -9999.0 -9999.0 -9999.0 -9999.0 -9999.0 -9999.0 -9999.0 -9999.0 -9999.0 -9999.0 -9999.0 -9999.0 -9999.0 -9999.0 -9999.0 -9999.0 -9999.0 -9999.0 -9999.0 -9999.0 -9999.0 -9999.0 -9999.0 -9999.0 -9999.0 -9999.0 -9999.0 -9999.0 -9999.0 -9999.0 -9999.0 -9999.0 -9999.0 -9999.0 -9999.0 -9999.0 -9999.0 -9999.0 -9999.0 -9999.0 -9999.0 -9999.0 -9999.0 -9999.0 -9999.0 -9999.0 -9999.0 -9999.0 -9999.0 -9999.0 -9999.0 -9999.0 -9999.0 -9999.0 -9999.0 -9999.0 -9999.0 -9999.0 -9999.0 -9999.0 -9999.0 -9999.0 -9999.0 -9999.0 -9999.0 -9999.0 -9999.0 -9999.0 -9999.0 -9999.0 -9999.0 -9999.0 -9999.0 -9999.0 -9999.0 -9999.0 -9999.0 -9999.0 -9999.0 -9999.0 -9999.0 -9999.0 -9999.0 -9999.0 -9999.0 -9999.0 -9999.0 -9999.0
-9999.0 -9999.0 -9999.0 -9999.0 -9999.0 -9999.0 -9999.0 -9999.0 -9999.0 -9999.0 -9999.0 -9999.0 -9999.0 -9999.0 -9999.0 -9999.0 -9999.0 -9999.0 -9999.0 -9999.0 -9999.0 -9999.0 -9999.0 -9999.0 -9999.0 -9999.0 -9999.0 -9999.0 -9999.0 -9999.0 -9999.0 -9999.0 -9999.0 -9999.0 -9999.0 -9999.0 -9999.0 -9999.0 -9999.0 -9999.0 -9999.0 -9999.0 -9999.0 -9999.0 -9999.0 -9999.0 -9999.0 -9999.0 -9999.0 -9999.0 -9999.0 -9999.0 -9999.0 -9999.0 -9999.0 -9999.0 -9999.0 -9999.0 -9999.0 -9999.0 -9999.0 -9999.0 -9999.0 -9999.0 -9999.0 -9999.0 -9999.0 -9999.0 -9999.0 -9999.0 -9999.0 -9999.0 -9999.0 -9999.0 -9999.0 -9999.0 -9999.0 -9999.0 -9999.0 -9999.0 -9999.0 -9999.0 -9999.0 -9999.0 -9999.0 -9999.0 -9999.0 -9999.0 -9999.0 -9999.0 -9999.0 -9999.0 -9999.0 -9999.0 -9999.0 -9999.0 -9999.0 -9999.0 -9999.0 -9999.0 -9999.0 -9999.0 -9999.0 -9999.0
-9999.0 -9999.0 479.620123 385.576506 289.652604 192.844442 95.659719 -1.680688 -99.063749 -196.436580 -293.730454 -390.834523 -487.515755 -583.310212 -677.699901 -772.774945 -867.425735 -961.765595 -1055.928378 -1144.651326 -1226.318377 -1296.924199 -1354.260530 -1398.339402 -1430.786636 -1453.923759 -1470.055712 -1481.118525 -1488.601937 -1493.601799 -1496.905150 -1499.066608 -1500.469941 -1501.375886 -1501.958809 -1502.335704 -1502.592098 -1502.822623 -1503.308716 -1505.481599 -1515.569537 -1550.945750 -1427.856785 -1775.552179 -1666.442012 -1603.941637 -1576.271787 -1572.753004 -1572.399750 -1572.437974 -1572.531801 -1572.632231 -1572.728629 -1572.817830 -1572.900281 -1572.993291 -1573.268769 -1575.227870 -1589.277831 -1621.930264 -1673.486593 -1319.977342 -1521.209373 -1509.653627 -1504.347120 -1503.307838 -1503.143896 -1503.119051 -1503.115872 -1503.116264 -1503.117135 -1503.117916 -1503.118528 -1503.118996 -1503.119353 -1503.119631 -1503.119851 -1503.120029 -1503.120178 -1503.120310 -1503.120439 -1503.120583 -1503.120764 -1503.121015 -1503.121386 -1503.121956 -1503.122853 -1503.124289 -1503.126622 -1503.130483 -1503.137009 -1503.148333 -1503.168568 -1503.205820 -1503.276322 -1503.413111 -1503.685552 -1504.248106 -1505.473892 -1508.344350 -1515.754098 -1538.471886 -9999.0 -9999.0
-9999.0 -9999.0 479.626813 385.578370 289.653124 192.844599 95.659769 -1.680670 -99.063743 -196.436577 -293.730453 -390.834522 -487.515755 -583.310212 -677.699901 -772.774945 -867.425735 -961.765595 -1055.928378 -1144.651326 -1226.318378 -1296.924199 -1354.260530 -1398.339402 -1430.786636 -1453.923759 -1470.055712 -1481.118525 -1488.601937 -1493.601799 -1496.905151 -1499.066608 -1500.469941 -1501.375886 -1501.958809 -1502.335704 -1502.592098 -1502.822623 -1503.308716 -1505.481599 -1515.569537 -1550.945750 -1427.856785 -1775.552178 -1666.442011 -1603.941635 -1576.271787 -1572.753004 -1572.399750 -1572.437974 -1572.531801 -1572.632231 -1572.728629 -1572.817830 -1572.900281 -1572.993291 -1573.268769 -1575.227870 -1589.277831 -1621.930264 -1673.486593 -1319.977342 -1521.209373 -1509.653627 -1504.347120 -1503.307838 -1503.143896 -1503.119051 -1503.115872 -1503.116264 -1503.117135 -1503.117916 -1503.118528 -1503.118996 -1503.119353 -1503.119631 -1503.119851 -1503.120029 -1503.120178 -1503.120310 -1503.120439 -1503.120583 -1503.120764 -1503.121015 -1503.121386 -1503.121956 -1503.122853 -1503.124289 -1503.126622 -1503.130483 -1503.137009 -1503.148333 -1503.168568 -1503.205820 -1503.276322 -1503.413111 -1503.685552 -1504.248106 -1505.473892 -1508.344350 -1515.754098 -1538.471886 -9999.0 -9999.0
-9999.0 -9999.0 479.628400 385.579204 289.653460 192.844722 95.659814 -1.680655 -99.063738 -196.436576 -293.730452 -390.834522 -487.515755 -583.310212 -677.699901 -772.774945 -867.425735 -961.765595 -1055.928378 -1144.651326 -1226.318378 -1296.924199 -1354.260530 -1398.339402 -1430.786636 -1453.923759 -1470.055712 -1481.118525 -1488.601937 -1493.601799 -1496.905151 -1499.066608 -1500.469941 -1501.375886 -1501.958809 -1502.335704 -1502.592098 -1502.822623 -1503.308716 -1505.481599 -1515.569537 -1550.945750 -1427.856785 -1775.552178 -1666.442011 -1603.941635 -1576.271787 -1572.753004 -1572.399750 -1572.437974 -1572.531801 -1572.632231 -1572.728629 -1572.817830 -1572.900281 -1572.993291 -1573.268769 -1575.227870 -1589.277831 -1621.930264 -1673.486593 -1319.977342 -1521.209373 -1509.653627 -1504.347120 -1503.307838 -1503.143896 -1503.119051 -1503.115872 -1503.116264 -1503.117135 -1503.117916 -1503.118528 -1503.118996 -1503.119353 -1503.119631 -1503.119851 -1503.120029 -1503.120178 -1503.120310 -1503.120439 -1503.120583 -1503.120764 -1503.121015 -1503.121386 -1503.121956 -1503.122853 -1503.124289 -1503.126622 -1503.130483 -1503.137009 -1503.148333 -1503.168568 -1503.205820 -1503.276322 -1503.413111 -1503.685552 -1504.248106 -1505.473892 -1508.344350 -1515.754098 -1538.471886 -9999.0 -9999.0
-9999.0 -9999.0 479.628400 385.579205 289.653459 192.844722 95.659813 -1.680655 -99.063738 -196.436575 -293.730452 -390.834522 -487.515755 -583.310212 -677.699901 -772.774945 -867.425735 -961.765595 -1055.928378 -1144.651326 -1226.318378 -1296.924199 -1354.260530 -1398.339402 -1430.786636 -1453.923759 -1470.055712 -1481.118525 -1488.601937 -1493.601799 -1496.905151 -1499.066608 -1500.469941 -1501.375886 -1501.958809 -1502.335704 -1502.592098 -1502.822623 -1503.308716 -1505.481599 -1515.569537 -1550.945750 -1427.856785 -1775.552178 -1666.442011 -1603.941635 -1576.271787 -1572.753004 -1572.399750 -1572.437974 -1572.531801 -1572.632231 -1572.728629 -1572.817830 -1572.900281 -1572.993291 -1573.268769 -1575.227870 -1589.277831 -1621.930264 -1673.486593 -1319.977342 -1521.209373 -1509.653627 -1504.347120 -1503.307838 -1503.143896 -1503.119051 -1503.115872 -1503.116264 -1503.117135 -1503.117916 -1503.118528 -1503.118996 -1503.119353 -1503.119631 -1503.119851 -1503.120029 -1503.120178 -1503.120310 -1503.120439 -1503.120583 -1503.120764 -1503.121015 -1503.121386 -1503.121956 -1503.122853 -1503.124289 -1503.126622 -1503.130483 -1503.137009 -1503.148333 -1503.168568 -1503.205820 -1503.276322 -1503.413111 -1503.685552 -1504.248106 -1505.473892 -1508.344350 -1515.754098 -1538.471886 -9999.0 -9999.0
-9999.0 -9999.0 479.626813 385.578369 289.653124 192.844598 95.659769 -1.680671 -99.063743 -196.436578 -293.730453 -390.834522 -487.515755 -583.310212 -677.699901 -772.774945 -867.425735 -961.765595 -1055.928378 -1144.651326 -1226.318378 -1296.924199 -1354.260530 -1398.339402 -1430.786636 -1453.923759 -1470.055712 -1481.118525 -1488.601937 -1493.601799 -1496.905151 -1499.066608 -1500.469941 -1501.375886 -1501.958809 -1502.335704 -1502.592098 -1502.822623 -1503.308716 -1505.481599 -1515.569537 -1550.945750 -1427.856785 -1775.552178 -1666.442011 -1603.941635 -1576.271787 -1572.753004 -1572.399750 -1572.437974 -1572.531801 -1572.632231 -1572.728629 -1572.817830 -1572.900281 -1572.993291 -1573.268769 -1575.227870 -1589.277831 -1621.930264 -1673.486593 -1319.977342 -1521.209373 -1509.653627 -1504.347120 -1503.307838 -1503.143896 -1503.119051 -1503.115872 -1503.116264 -1503.117135 -1503.117916 -1503.118528 -1503.118996 -1503.119353 -1503.119631 -1503.119851 -1503.120029 -1503.120178 -1503.120310 -1503.120439 -1503.120583 -1503.120764 -1503.121015 -1503.121386 -1503.121956 -1503.122853 -1503.124289 -1503.126622 -1503.130483 -1503.137009 -1503.148333 -1503.168568 -1503.205820 -1503.276322 -1503.413111 -1503.685552 -1504.248106 -1505.473892 -1508.344350 -1515.754098 -1538.471886 -9999.0 -9999.0
-9999.0 -9999.0 479.620123 385.576507 289.652604 192.844442 95.659719 -1.680687 -99.063749 -196.436580 -293.730454 -390.834522 -487.515755 -583.310212 -677.699901 -772.774945 -867.425735 -961.765595 -1055.928378 -1144.651326 -1226.318377 -1296.924199 -1354.260530 -1398.339402 -1430.786636 -1453.923759 -1470.055712 -1481.118525 -1488.601937 -1493.601799 -1496.905150 -1499.066608 -1500.469941 -1501.375886 -1501.958809 -1502.335704 -1502.592098 -1502.822623 -1503.308716 -1505.481599 -1515.569537 -1550.945750 -1427.856785 -1775.552179 -1666.442012 -1603.941637 -1576.271787 -1572.753004 -1572.399750 -1572.437974 -1572.531801 -1572.632231 -1572.728629 -1572.817830 -1572.900281 -1572.993291 -1573.268769 -1575.227870 -1589.277831 -1621.930264 -1673.486593 -1319.977342 -1521.209373 -1509.653627 -1504.347120 -1503.307838 -1503.143896 -1503.119051 -1503.115872 -1503.116264 -1503.117135 -1503.117916 -1503.118528 -1503.118996 -1503.119353 -1503.119631 -1503.119851 -1503.120029 -1503.120178 -1503.120310 -1503.120439 -1503.120583 -1503.120764 -1503.121015 -1503.121386 -1503.121956 -1503.122853 -1503.124289 -1503.126622 -1503.130483 -1503.137009 -1503.148333 -1503.168568 -1503.205820 -1503.276322 -1503.413111 -1503.685552 -1504.248106 -1505.473892 -1508.344350 -1515.754098 -1538.471886 -9999.0 -9999.0
-9999.0 -9999.0 -9999.0 -9999.0 -9999.0 -9999.0 -9999.0 -9999.0 -9999.0 -9999.0 -9999.0 -9999.0 -9999.0 -9999.0 -9999.0 -9999.0 -9999.0 -9999.0 -9999.0 -9999.0 -9999.0 -9999.0 -9999.0 -9999.0 -9999.0 -9999.0 -9999.0 -9999.0 -9999.0 -9999.0 -9999.0 -9999.0 -9999.0 -9999.0 -9999.0 -9999.0 -9999.0 -9999.0 -9999.0 -9999.0 -9999.0 -9999.0 -9999.0 -9999.0 -9999.0 -9999.0 -9999.0 -9999.0 -9999.0 -9999.0 -9999.0 -9999.0 -9999.0 -9999.0 -9999.0 -9999.0 -9999.0 -9999.0 -9999.0 -9999.0 -9999.0 -9999.0 -9999.0 -9999.0 -9999.0 -9999.0 -9999.0 -9999.0 -9999.0 -9999.0 -9999.0 -9999.0 -9999.0 -9999.0 -9999.0 -9999.0 -9999.0 -9999.0 -9999.0 -9999.0 -9999.0 -9999.0 -9999.0 -9999.0 -9999.0 -9999.0 -9999.0 -9999.0 -9999.0 -9999.0 -9999.0 -9999.0 -9999.0 -9999.0 -9999.0 -9999.0 -9999.0 -9999.0 -9999.0 -9999.0 -9999.0 -9999.0 -9999.0 -9999.0
-9999.0 -9999.0 -9999.0 -9999.0 -9999.0 -9999.0 -9999.0 -9999.0 -9999.0 -9999.0 -9999.0 -9999.0 -9999.0 -9999.0 -9999.0 -9999.0 -9999.0 -9999.0 -9999.0 -9999.0 -9999.0 -9999.0 -9999.0 -9999.0 -9999.0 -9999.0 -9999.0 -9999.0 -9999.0 -9999.0 -9999.0 -9999.0 -9999.0 -9999.0 -9999.0 -9999.0 -9999.0 -9999.0 -9999.0 -9999.0 -9999.0 -9999.0 -9999.0 -9999.0 -9999.0 -9999.0 -9999.0 -9999.0 -9999.0 -9999.0 -9999.0 -9999.0 -9999.0 -9999.0 -9999.0 -9999.0 -9999.0 -9999.0 -9999.0 -9999.0 -9999.0 -9999.0 -9999.0 -9999.0 -9999.0 -9999.0 -9999.0 -9999.0 -9999.0 -9999.0 -9999.0 -9999.0 -9999.0 -9999.0 -9999.0 -9999.0 -9999.0 -9999.0 -9999.0 -9999.0 -9999.0 -9999.0 -9999.0 -9999.0 -9999.0 -9999.0 -9999.0 -9999.0 -9999.0 -9999.0 -9999.0 -9999.0 -9999.0 -9999.0 -9999.0 -9999.0 -9999.0 -9999.0 -9999.0 -9999.0 -9999.0 -9999.0 -9999.0 -9999.0