inst/processing_geotop_simulation/geotop_simulation/out/maps3D/PwL0017N0478.asc
ncols         104
nrows         10
xllcorner     -2.000000
yllcorner     0.000000
cellsize      1.000000
NODATA_value  -9999.0
-9999.0 -9999.0 -9999.0 -9999.0 -9999.0 -9999.0 -9999.0 -9999.0 -9999.0 -9999.0 -9999.0 -9999.0 -9999.0 -9999.0 -9999.0 -9999.0 -9999.0 -9999.0 -9999.0 -9999.0 -9999.0 -9999.0 -9999.0 -9999.0 -9999.0 -9999.0 -9999.0 -9999.0 -9999.0 -9999.0 -9999.0 -9999.0 -9999.0 -9999.0 -9999.0 -9999.0 -9999.0 -9999.0 -9999.0 -9999.0 -9999.0 -9999.0 -9999.0 -9999.0 -9999.0 -9999.0 -9999.0 -9999.0 -9999.0 -9999.0 -9999.0 -9999.0 -9999.0 -9999.0 -9999.0 -9999.0 -9999.0 -9999.0 -9999.0 -9999.0 -9999.0 -9999.0 -9999.0 -9999.0 -9999.0 -9999.0 -9999.0 -9999.0 -9999.0 -9999.0 -9999.0 -9999.0 -9999.0 -9999.0 -9999.0 -9999.0 -9999.0 -9999.0 -9999.0 -9999.0 -9999.0 -9999.0 -9999.0 -9999.0 -9999.0 -9999.0 -9999.0 -9999.0 -9999.0 -9999.0 -9999.0 -9999.0 -9999.0 -9999.0 -9999.0 -9999.0 -9999.0 -9999.0 -9999.0 -9999.0 -9999.0 -9999.0 -9999.0 -9999.0
-9999.0 -9999.0 -9999.0 -9999.0 -9999.0 -9999.0 -9999.0 -9999.0 -9999.0 -9999.0 -9999.0 -9999.0 -9999.0 -9999.0 -9999.0 -9999.0 -9999.0 -9999.0 -9999.0 -9999.0 -9999.0 -9999.0 -9999.0 -9999.0 -9999.0 -9999.0 -9999.0 -9999.0 -9999.0 -9999.0 -9999.0 -9999.0 -9999.0 -9999.0 -9999.0 -9999.0 -9999.0 -9999.0 -9999.0 -9999.0 -9999.0 -9999.0 -9999.0 -9999.0 -9999.0 -9999.0 -9999.0 -9999.0 -9999.0 -9999.0 -9999.0 -9999.0 -9999.0 -9999.0 -9999.0 -9999.0 -9999.0 -9999.0 -9999.0 -9999.0 -9999.0 -9999.0 -9999.0 -9999.0 -9999.0 -9999.0 -9999.0 -9999.0 -9999.0 -9999.0 -9999.0 -9999.0 -9999.0 -9999.0 -9999.0 -9999.0 -9999.0 -9999.0 -9999.0 -9999.0 -9999.0 -9999.0 -9999.0 -9999.0 -9999.0 -9999.0 -9999.0 -9999.0 -9999.0 -9999.0 -9999.0 -9999.0 -9999.0 -9999.0 -9999.0 -9999.0 -9999.0 -9999.0 -9999.0 -9999.0 -9999.0 -9999.0 -9999.0 -9999.0
-9999.0 -9999.0 819.156716 719.995498 620.713473 521.316549 421.861725 322.381737 222.893793 123.407094 23.927090 -75.540924 -174.996455 -274.434872 -373.843766 -473.203309 -572.477496 -671.605152 -770.642501 -869.664909 -968.519340 -1067.100435 -1164.355449 -1258.261713 -1347.434704 -1429.794947 -1503.453541 -1567.082903 -1620.152181 -1662.954784 -1696.443359 -1721.962465 -1740.983223 -1754.906530 -1764.952659 -1772.124873 -1777.232456 -1780.992082 -1784.301076 -1788.671436 -1795.001771 -1795.753818 -1923.261226 -4033.692085 -4133.608726 -4133.572373 -4133.520598 -4133.500066 -4133.450481 -4133.309823 -4132.963920 -4132.069226 -4130.715441 -4129.071672 -4126.496829 -4121.825589 -4112.446510 -4092.499392 -4049.852095 -3962.797838 -3613.386191 -1677.956592 -1751.564776 -1787.471169 -1789.734212 -1789.114655 -1788.855983 -1788.795040 -1788.783725 -1788.782246 -1788.782477 -1788.782935 -1788.783371 -1788.783753 -1788.784092 -1788.784398 -1788.784682 -1788.784952 -1788.785215 -1788.785477 -1788.785746 -1788.786031 -1788.786345 -1788.786707 -1788.787143 -1788.787699 -1788.788447 -1788.789508 -1788.791093 -1788.793580 -1788.797672 -1788.804715 -1788.817368 -1788.841028 -1788.887025 -1788.980283 -1789.179038 -1789.628985 -1790.721567 -1793.597073 -1801.897719 -1828.451175 -9999.0 -9999.0
-9999.0 -9999.0 819.159893 719.996628 620.713828 521.316663 421.861763 322.381751 222.893798 123.407096 23.927091 -75.540923 -174.996455 -274.434872 -373.843766 -473.203309 -572.477496 -671.605152 -770.642501 -869.664910 -968.519341 -1067.100435 -1164.355450 -1258.261713 -1347.434704 -1429.794948 -1503.453541 -1567.082903 -1620.152181 -1662.954784 -1696.443359 -1721.962465 -1740.983223 -1754.906530 -1764.952659 -1772.124873 -1777.232456 -1780.992082 -1784.301076 -1788.671436 -1795.001771 -1795.753818 -1923.261225 -4033.692085 -4133.608726 -4133.572373 -4133.520598 -4133.500066 -4133.450481 -4133.309823 -4132.963920 -4132.069226 -4130.715441 -4129.071672 -4126.496828 -4121.825589 -4112.446510 -4092.499392 -4049.852095 -3962.797838 -3613.386191 -1677.956592 -1751.564776 -1787.471169 -1789.734212 -1789.114655 -1788.855983 -1788.795040 -1788.783725 -1788.782246 -1788.782477 -1788.782935 -1788.783370 -1788.783753 -1788.784092 -1788.784398 -1788.784682 -1788.784952 -1788.785215 -1788.785477 -1788.785746 -1788.786031 -1788.786345 -1788.786707 -1788.787143 -1788.787699 -1788.788447 -1788.789508 -1788.791093 -1788.793580 -1788.797672 -1788.804715 -1788.817368 -1788.841028 -1788.887025 -1788.980283 -1789.179038 -1789.628985 -1790.721567 -1793.597073 -1801.897719 -1828.451175 -9999.0 -9999.0
-9999.0 -9999.0 819.160991 719.997208 620.714069 521.316754 421.861796 322.381763 222.893803 123.407098 23.927092 -75.540923 -174.996455 -274.434871 -373.843766 -473.203309 -572.477496 -671.605152 -770.642502 -869.664910 -968.519341 -1067.100436 -1164.355450 -1258.261714 -1347.434704 -1429.794948 -1503.453541 -1567.082903 -1620.152181 -1662.954784 -1696.443359 -1721.962465 -1740.983223 -1754.906530 -1764.952659 -1772.124873 -1777.232456 -1780.992082 -1784.301076 -1788.671436 -1795.001771 -1795.753818 -1923.261225 -4033.692085 -4133.608726 -4133.572373 -4133.520598 -4133.500066 -4133.450481 -4133.309823 -4132.963920 -4132.069226 -4130.715441 -4129.071672 -4126.496828 -4121.825589 -4112.446510 -4092.499391 -4049.852095 -3962.797838 -3613.386191 -1677.956592 -1751.564776 -1787.471169 -1789.734212 -1789.114655 -1788.855983 -1788.795040 -1788.783725 -1788.782246 -1788.782477 -1788.782935 -1788.783370 -1788.783753 -1788.784092 -1788.784398 -1788.784682 -1788.784952 -1788.785215 -1788.785477 -1788.785746 -1788.786031 -1788.786345 -1788.786707 -1788.787143 -1788.787699 -1788.788447 -1788.789508 -1788.791093 -1788.793580 -1788.797672 -1788.804715 -1788.817368 -1788.841028 -1788.887025 -1788.980283 -1789.179038 -1789.628985 -1790.721567 -1793.597073 -1801.897719 -1828.451175 -9999.0 -9999.0
-9999.0 -9999.0 819.160991 719.997208 620.714069 521.316754 421.861796 322.381763 222.893803 123.407098 23.927092 -75.540923 -174.996455 -274.434871 -373.843766 -473.203309 -572.477496 -671.605152 -770.642502 -869.664910 -968.519341 -1067.100436 -1164.355450 -1258.261714 -1347.434704 -1429.794948 -1503.453541 -1567.082903 -1620.152181 -1662.954784 -1696.443359 -1721.962465 -1740.983223 -1754.906530 -1764.952659 -1772.124873 -1777.232456 -1780.992082 -1784.301076 -1788.671436 -1795.001771 -1795.753818 -1923.261225 -4033.692085 -4133.608726 -4133.572373 -4133.520598 -4133.500066 -4133.450481 -4133.309823 -4132.963920 -4132.069226 -4130.715441 -4129.071672 -4126.496828 -4121.825589 -4112.446510 -4092.499391 -4049.852095 -3962.797838 -3613.386191 -1677.956592 -1751.564776 -1787.471169 -1789.734212 -1789.114655 -1788.855983 -1788.795040 -1788.783725 -1788.782246 -1788.782477 -1788.782935 -1788.783370 -1788.783753 -1788.784092 -1788.784398 -1788.784682 -1788.784952 -1788.785215 -1788.785477 -1788.785746 -1788.786031 -1788.786345 -1788.786707 -1788.787143 -1788.787699 -1788.788447 -1788.789508 -1788.791093 -1788.793580 -1788.797672 -1788.804715 -1788.817368 -1788.841028 -1788.887025 -1788.980283 -1789.179038 -1789.628985 -1790.721567 -1793.597073 -1801.897719 -1828.451175 -9999.0 -9999.0
-9999.0 -9999.0 819.159893 719.996628 620.713828 521.316663 421.861763 322.381751 222.893798 123.407096 23.927091 -75.540923 -174.996455 -274.434872 -373.843766 -473.203309 -572.477496 -671.605152 -770.642501 -869.664909 -968.519341 -1067.100435 -1164.355450 -1258.261713 -1347.434704 -1429.794948 -1503.453541 -1567.082903 -1620.152181 -1662.954784 -1696.443359 -1721.962465 -1740.983223 -1754.906530 -1764.952659 -1772.124873 -1777.232456 -1780.992082 -1784.301076 -1788.671436 -1795.001771 -1795.753818 -1923.261225 -4033.692085 -4133.608726 -4133.572373 -4133.520598 -4133.500066 -4133.450481 -4133.309823 -4132.963920 -4132.069226 -4130.715441 -4129.071672 -4126.496829 -4121.825589 -4112.446510 -4092.499391 -4049.852095 -3962.797838 -3613.386191 -1677.956592 -1751.564776 -1787.471169 -1789.734212 -1789.114655 -1788.855983 -1788.795040 -1788.783725 -1788.782246 -1788.782477 -1788.782935 -1788.783370 -1788.783753 -1788.784092 -1788.784398 -1788.784682 -1788.784952 -1788.785215 -1788.785477 -1788.785746 -1788.786031 -1788.786345 -1788.786707 -1788.787143 -1788.787699 -1788.788447 -1788.789508 -1788.791093 -1788.793580 -1788.797672 -1788.804715 -1788.817368 -1788.841028 -1788.887025 -1788.980283 -1789.179038 -1789.628985 -1790.721567 -1793.597073 -1801.897719 -1828.451175 -9999.0 -9999.0
-9999.0 -9999.0 819.156716 719.995498 620.713473 521.316549 421.861725 322.381737 222.893793 123.407094 23.927090 -75.540924 -174.996455 -274.434872 -373.843766 -473.203309 -572.477496 -671.605152 -770.642501 -869.664909 -968.519340 -1067.100435 -1164.355449 -1258.261713 -1347.434704 -1429.794947 -1503.453541 -1567.082903 -1620.152181 -1662.954784 -1696.443359 -1721.962465 -1740.983223 -1754.906530 -1764.952659 -1772.124873 -1777.232456 -1780.992082 -1784.301076 -1788.671436 -1795.001771 -1795.753818 -1923.261226 -4033.692085 -4133.608726 -4133.572373 -4133.520598 -4133.500066 -4133.450481 -4133.309823 -4132.963920 -4132.069226 -4130.715441 -4129.071672 -4126.496829 -4121.825589 -4112.446510 -4092.499392 -4049.852095 -3962.797838 -3613.386192 -1677.956592 -1751.564776 -1787.471169 -1789.734212 -1789.114655 -1788.855983 -1788.795040 -1788.783725 -1788.782246 -1788.782477 -1788.782935 -1788.783371 -1788.783753 -1788.784092 -1788.784398 -1788.784682 -1788.784952 -1788.785215 -1788.785477 -1788.785746 -1788.786031 -1788.786345 -1788.786707 -1788.787143 -1788.787699 -1788.788447 -1788.789508 -1788.791093 -1788.793580 -1788.797672 -1788.804715 -1788.817368 -1788.841028 -1788.887025 -1788.980283 -1789.179038 -1789.628985 -1790.721567 -1793.597073 -1801.897719 -1828.451175 -9999.0 -9999.0
-9999.0 -9999.0 -9999.0 -9999.0 -9999.0 -9999.0 -9999.0 -9999.0 -9999.0 -9999.0 -9999.0 -9999.0 -9999.0 -9999.0 -9999.0 -9999.0 -9999.0 -9999.0 -9999.0 -9999.0 -9999.0 -9999.0 -9999.0 -9999.0 -9999.0 -9999.0 -9999.0 -9999.0 -9999.0 -9999.0 -9999.0 -9999.0 -9999.0 -9999.0 -9999.0 -9999.0 -9999.0 -9999.0 -9999.0 -9999.0 -9999.0 -9999.0 -9999.0 -9999.0 -9999.0 -9999.0 -9999.0 -9999.0 -9999.0 -9999.0 -9999.0 -9999.0 -9999.0 -9999.0 -9999.0 -9999.0 -9999.0 -9999.0 -9999.0 -9999.0 -9999.0 -9999.0 -9999.0 -9999.0 -9999.0 -9999.0 -9999.0 -9999.0 -9999.0 -9999.0 -9999.0 -9999.0 -9999.0 -9999.0 -9999.0 -9999.0 -9999.0 -9999.0 -9999.0 -9999.0 -9999.0 -9999.0 -9999.0 -9999.0 -9999.0 -9999.0 -9999.0 -9999.0 -9999.0 -9999.0 -9999.0 -9999.0 -9999.0 -9999.0 -9999.0 -9999.0 -9999.0 -9999.0 -9999.0 -9999.0 -9999.0 -9999.0 -9999.0 -9999.0
-9999.0 -9999.0 -9999.0 -9999.0 -9999.0 -9999.0 -9999.0 -9999.0 -9999.0 -9999.0 -9999.0 -9999.0 -9999.0 -9999.0 -9999.0 -9999.0 -9999.0 -9999.0 -9999.0 -9999.0 -9999.0 -9999.0 -9999.0 -9999.0 -9999.0 -9999.0 -9999.0 -9999.0 -9999.0 -9999.0 -9999.0 -9999.0 -9999.0 -9999.0 -9999.0 -9999.0 -9999.0 -9999.0 -9999.0 -9999.0 -9999.0 -9999.0 -9999.0 -9999.0 -9999.0 -9999.0 -9999.0 -9999.0 -9999.0 -9999.0 -9999.0 -9999.0 -9999.0 -9999.0 -9999.0 -9999.0 -9999.0 -9999.0 -9999.0 -9999.0 -9999.0 -9999.0 -9999.0 -9999.0 -9999.0 -9999.0 -9999.0 -9999.0 -9999.0 -9999.0 -9999.0 -9999.0 -9999.0 -9999.0 -9999.0 -9999.0 -9999.0 -9999.0 -9999.0 -9999.0 -9999.0 -9999.0 -9999.0 -9999.0 -9999.0 -9999.0 -9999.0 -9999.0 -9999.0 -9999.0 -9999.0 -9999.0 -9999.0 -9999.0 -9999.0 -9999.0 -9999.0 -9999.0 -9999.0 -9999.0 -9999.0 -9999.0 -9999.0 -9999.0