inst/processing_geotop_simulation/geotop_simulation/out/maps3D/PwL0005N0002.asc
ncols         104
nrows         10
xllcorner     -2.000000
yllcorner     0.000000
cellsize      1.000000
NODATA_value  -9999.0
-9999.0 -9999.0 -9999.0 -9999.0 -9999.0 -9999.0 -9999.0 -9999.0 -9999.0 -9999.0 -9999.0 -9999.0 -9999.0 -9999.0 -9999.0 -9999.0 -9999.0 -9999.0 -9999.0 -9999.0 -9999.0 -9999.0 -9999.0 -9999.0 -9999.0 -9999.0 -9999.0 -9999.0 -9999.0 -9999.0 -9999.0 -9999.0 -9999.0 -9999.0 -9999.0 -9999.0 -9999.0 -9999.0 -9999.0 -9999.0 -9999.0 -9999.0 -9999.0 -9999.0 -9999.0 -9999.0 -9999.0 -9999.0 -9999.0 -9999.0 -9999.0 -9999.0 -9999.0 -9999.0 -9999.0 -9999.0 -9999.0 -9999.0 -9999.0 -9999.0 -9999.0 -9999.0 -9999.0 -9999.0 -9999.0 -9999.0 -9999.0 -9999.0 -9999.0 -9999.0 -9999.0 -9999.0 -9999.0 -9999.0 -9999.0 -9999.0 -9999.0 -9999.0 -9999.0 -9999.0 -9999.0 -9999.0 -9999.0 -9999.0 -9999.0 -9999.0 -9999.0 -9999.0 -9999.0 -9999.0 -9999.0 -9999.0 -9999.0 -9999.0 -9999.0 -9999.0 -9999.0 -9999.0 -9999.0 -9999.0 -9999.0 -9999.0 -9999.0 -9999.0
-9999.0 -9999.0 -9999.0 -9999.0 -9999.0 -9999.0 -9999.0 -9999.0 -9999.0 -9999.0 -9999.0 -9999.0 -9999.0 -9999.0 -9999.0 -9999.0 -9999.0 -9999.0 -9999.0 -9999.0 -9999.0 -9999.0 -9999.0 -9999.0 -9999.0 -9999.0 -9999.0 -9999.0 -9999.0 -9999.0 -9999.0 -9999.0 -9999.0 -9999.0 -9999.0 -9999.0 -9999.0 -9999.0 -9999.0 -9999.0 -9999.0 -9999.0 -9999.0 -9999.0 -9999.0 -9999.0 -9999.0 -9999.0 -9999.0 -9999.0 -9999.0 -9999.0 -9999.0 -9999.0 -9999.0 -9999.0 -9999.0 -9999.0 -9999.0 -9999.0 -9999.0 -9999.0 -9999.0 -9999.0 -9999.0 -9999.0 -9999.0 -9999.0 -9999.0 -9999.0 -9999.0 -9999.0 -9999.0 -9999.0 -9999.0 -9999.0 -9999.0 -9999.0 -9999.0 -9999.0 -9999.0 -9999.0 -9999.0 -9999.0 -9999.0 -9999.0 -9999.0 -9999.0 -9999.0 -9999.0 -9999.0 -9999.0 -9999.0 -9999.0 -9999.0 -9999.0 -9999.0 -9999.0 -9999.0 -9999.0 -9999.0 -9999.0 -9999.0 -9999.0
-9999.0 -9999.0 -4622.375680 -4623.877441 -4625.129158 -4626.129801 -4626.896025 -4627.466350 -4627.878664 -4628.203047 -4631.830963 -4642.588268 -4717.239514 -4717.267447 -4716.930889 -4715.342307 -4629.217484 -4629.220887 -4629.233684 -4629.237198 -4629.235182 -4629.229779 -4629.222066 -4629.212389 -4629.200571 -4629.186008 -4629.167713 -4629.144285 -4629.113844 -4629.073907 -4629.021221 -4628.951530 -4628.859292 -4628.737352 -4628.576619 -4628.365945 -4628.092647 -4627.744838 -4627.317892 -4626.827401 -4626.323573 -4625.940773 -4727.722741 -4727.722771 -4727.722771 -4727.722771 -4727.722771 -4727.722771 -4727.722771 -4727.722771 -4727.722771 -4727.722771 -4727.722771 -4727.722771 -4727.722771 -4727.722771 -4727.722771 -4727.722771 -4727.722771 -4727.722771 -4727.722771 -4727.710852 -4624.924207 -4626.051970 -4626.905813 -4627.537766 -4628.001106 -4628.341030 -4628.591449 -4628.776926 -4628.915151 -4629.018925 -4629.097578 -4629.157976 -4629.205234 -4629.243224 -4629.274941 -4629.302779 -4629.328736 -4629.354574 -4629.381957 -4629.412564 -4629.448203 -4629.490930 -4629.543178 -4629.607921 -4629.688886 -4629.790833 -4629.919960 -4630.084477 -4630.295463 -4630.568148 -4630.923892 -4631.393285 -4632.021187 -4632.875224 -4634.060947 -4635.750401 -4638.238587 -4642.054895 -4648.157814 -4658.146962 -9999.0 -9999.0
-9999.0 -9999.0 -4622.372064 -4623.876285 -4625.128766 -4626.129666 -4626.895976 -4627.466333 -4627.878657 -4628.203045 -4631.830962 -4642.588268 -4717.239514 -4717.267447 -4716.930889 -4715.342307 -4629.217484 -4629.220887 -4629.233684 -4629.237198 -4629.235182 -4629.229779 -4629.222066 -4629.212389 -4629.200571 -4629.186008 -4629.167713 -4629.144285 -4629.113844 -4629.073907 -4629.021221 -4628.951530 -4628.859292 -4628.737352 -4628.576619 -4628.365945 -4628.092647 -4627.744838 -4627.317892 -4626.827401 -4626.323573 -4625.940773 -4727.722741 -4727.722771 -4727.722771 -4727.722771 -4727.722771 -4727.722771 -4727.722771 -4727.722771 -4727.722771 -4727.722771 -4727.722771 -4727.722771 -4727.722771 -4727.722771 -4727.722771 -4727.722771 -4727.722771 -4727.722771 -4727.722771 -4727.710852 -4624.924207 -4626.051970 -4626.905813 -4627.537766 -4628.001106 -4628.341030 -4628.591449 -4628.776926 -4628.915151 -4629.018925 -4629.097578 -4629.157976 -4629.205234 -4629.243224 -4629.274941 -4629.302779 -4629.328736 -4629.354574 -4629.381957 -4629.412564 -4629.448203 -4629.490930 -4629.543178 -4629.607921 -4629.688886 -4629.790833 -4629.919960 -4630.084477 -4630.295463 -4630.568148 -4630.923892 -4631.393285 -4632.021187 -4632.875224 -4634.060947 -4635.750401 -4638.238587 -4642.054895 -4648.157814 -4658.146962 -9999.0 -9999.0
-9999.0 -9999.0 -4622.371488 -4623.875790 -4625.128516 -4626.129559 -4626.895934 -4627.466317 -4627.878651 -4628.203043 -4631.830960 -4642.588268 -4717.239514 -4717.267447 -4716.930889 -4715.342307 -4629.217484 -4629.220887 -4629.233684 -4629.237198 -4629.235182 -4629.229779 -4629.222066 -4629.212389 -4629.200571 -4629.186008 -4629.167713 -4629.144285 -4629.113844 -4629.073907 -4629.021221 -4628.951530 -4628.859292 -4628.737352 -4628.576619 -4628.365945 -4628.092647 -4627.744838 -4627.317892 -4626.827401 -4626.323573 -4625.940773 -4727.722741 -4727.722771 -4727.722771 -4727.722771 -4727.722771 -4727.722771 -4727.722771 -4727.722771 -4727.722771 -4727.722771 -4727.722771 -4727.722771 -4727.722771 -4727.722771 -4727.722771 -4727.722771 -4727.722771 -4727.722771 -4727.722771 -4727.710852 -4624.924207 -4626.051970 -4626.905813 -4627.537766 -4628.001106 -4628.341030 -4628.591449 -4628.776926 -4628.915151 -4629.018925 -4629.097578 -4629.157976 -4629.205234 -4629.243224 -4629.274941 -4629.302779 -4629.328736 -4629.354574 -4629.381957 -4629.412564 -4629.448203 -4629.490930 -4629.543178 -4629.607921 -4629.688886 -4629.790833 -4629.919960 -4630.084477 -4630.295463 -4630.568148 -4630.923892 -4631.393285 -4632.021187 -4632.875224 -4634.060947 -4635.750401 -4638.238587 -4642.054895 -4648.157814 -4658.146962 -9999.0 -9999.0
-9999.0 -9999.0 -4622.371488 -4623.875790 -4625.128516 -4626.129559 -4626.895934 -4627.466317 -4627.878651 -4628.203043 -4631.830960 -4642.588268 -4717.239514 -4717.267447 -4716.930889 -4715.342307 -4629.217484 -4629.220887 -4629.233684 -4629.237198 -4629.235182 -4629.229779 -4629.222066 -4629.212389 -4629.200571 -4629.186008 -4629.167713 -4629.144285 -4629.113844 -4629.073907 -4629.021221 -4628.951530 -4628.859292 -4628.737352 -4628.576619 -4628.365945 -4628.092647 -4627.744838 -4627.317892 -4626.827401 -4626.323573 -4625.940773 -4727.722741 -4727.722771 -4727.722771 -4727.722771 -4727.722771 -4727.722771 -4727.722771 -4727.722771 -4727.722771 -4727.722771 -4727.722771 -4727.722771 -4727.722771 -4727.722771 -4727.722771 -4727.722771 -4727.722771 -4727.722771 -4727.722771 -4727.710852 -4624.924207 -4626.051970 -4626.905813 -4627.537766 -4628.001106 -4628.341030 -4628.591449 -4628.776926 -4628.915151 -4629.018925 -4629.097578 -4629.157976 -4629.205234 -4629.243224 -4629.274941 -4629.302779 -4629.328736 -4629.354574 -4629.381957 -4629.412564 -4629.448203 -4629.490930 -4629.543178 -4629.607921 -4629.688886 -4629.790833 -4629.919960 -4630.084477 -4630.295463 -4630.568148 -4630.923892 -4631.393285 -4632.021187 -4632.875224 -4634.060947 -4635.750401 -4638.238587 -4642.054895 -4648.157814 -4658.146962 -9999.0 -9999.0
-9999.0 -9999.0 -4622.372064 -4623.876285 -4625.128766 -4626.129666 -4626.895976 -4627.466333 -4627.878657 -4628.203045 -4631.830962 -4642.588268 -4717.239514 -4717.267447 -4716.930889 -4715.342307 -4629.217484 -4629.220887 -4629.233684 -4629.237198 -4629.235182 -4629.229779 -4629.222066 -4629.212389 -4629.200571 -4629.186008 -4629.167713 -4629.144285 -4629.113844 -4629.073907 -4629.021221 -4628.951530 -4628.859292 -4628.737352 -4628.576619 -4628.365945 -4628.092647 -4627.744838 -4627.317892 -4626.827401 -4626.323573 -4625.940773 -4727.722741 -4727.722771 -4727.722771 -4727.722771 -4727.722771 -4727.722771 -4727.722771 -4727.722771 -4727.722771 -4727.722771 -4727.722771 -4727.722771 -4727.722771 -4727.722771 -4727.722771 -4727.722771 -4727.722771 -4727.722771 -4727.722771 -4727.710852 -4624.924207 -4626.051970 -4626.905813 -4627.537766 -4628.001106 -4628.341030 -4628.591449 -4628.776926 -4628.915151 -4629.018925 -4629.097578 -4629.157976 -4629.205234 -4629.243224 -4629.274941 -4629.302779 -4629.328736 -4629.354574 -4629.381957 -4629.412564 -4629.448203 -4629.490930 -4629.543178 -4629.607921 -4629.688886 -4629.790833 -4629.919960 -4630.084477 -4630.295463 -4630.568148 -4630.923892 -4631.393285 -4632.021187 -4632.875224 -4634.060947 -4635.750401 -4638.238587 -4642.054895 -4648.157814 -4658.146962 -9999.0 -9999.0
-9999.0 -9999.0 -4622.375680 -4623.877441 -4625.129158 -4626.129801 -4626.896025 -4627.466350 -4627.878664 -4628.203047 -4631.830963 -4642.588268 -4717.239514 -4717.267447 -4716.930889 -4715.342307 -4629.217484 -4629.220887 -4629.233684 -4629.237198 -4629.235182 -4629.229779 -4629.222066 -4629.212389 -4629.200571 -4629.186008 -4629.167713 -4629.144285 -4629.113844 -4629.073907 -4629.021221 -4628.951530 -4628.859292 -4628.737352 -4628.576619 -4628.365945 -4628.092647 -4627.744838 -4627.317892 -4626.827401 -4626.323573 -4625.940773 -4727.722741 -4727.722771 -4727.722771 -4727.722771 -4727.722771 -4727.722771 -4727.722771 -4727.722771 -4727.722771 -4727.722771 -4727.722771 -4727.722771 -4727.722771 -4727.722771 -4727.722771 -4727.722771 -4727.722771 -4727.722771 -4727.722771 -4727.710852 -4624.924207 -4626.051970 -4626.905813 -4627.537766 -4628.001106 -4628.341030 -4628.591449 -4628.776926 -4628.915151 -4629.018925 -4629.097578 -4629.157976 -4629.205234 -4629.243224 -4629.274941 -4629.302779 -4629.328736 -4629.354574 -4629.381957 -4629.412564 -4629.448203 -4629.490930 -4629.543178 -4629.607921 -4629.688886 -4629.790833 -4629.919960 -4630.084477 -4630.295463 -4630.568148 -4630.923892 -4631.393285 -4632.021187 -4632.875224 -4634.060947 -4635.750401 -4638.238587 -4642.054895 -4648.157814 -4658.146962 -9999.0 -9999.0
-9999.0 -9999.0 -9999.0 -9999.0 -9999.0 -9999.0 -9999.0 -9999.0 -9999.0 -9999.0 -9999.0 -9999.0 -9999.0 -9999.0 -9999.0 -9999.0 -9999.0 -9999.0 -9999.0 -9999.0 -9999.0 -9999.0 -9999.0 -9999.0 -9999.0 -9999.0 -9999.0 -9999.0 -9999.0 -9999.0 -9999.0 -9999.0 -9999.0 -9999.0 -9999.0 -9999.0 -9999.0 -9999.0 -9999.0 -9999.0 -9999.0 -9999.0 -9999.0 -9999.0 -9999.0 -9999.0 -9999.0 -9999.0 -9999.0 -9999.0 -9999.0 -9999.0 -9999.0 -9999.0 -9999.0 -9999.0 -9999.0 -9999.0 -9999.0 -9999.0 -9999.0 -9999.0 -9999.0 -9999.0 -9999.0 -9999.0 -9999.0 -9999.0 -9999.0 -9999.0 -9999.0 -9999.0 -9999.0 -9999.0 -9999.0 -9999.0 -9999.0 -9999.0 -9999.0 -9999.0 -9999.0 -9999.0 -9999.0 -9999.0 -9999.0 -9999.0 -9999.0 -9999.0 -9999.0 -9999.0 -9999.0 -9999.0 -9999.0 -9999.0 -9999.0 -9999.0 -9999.0 -9999.0 -9999.0 -9999.0 -9999.0 -9999.0 -9999.0 -9999.0
-9999.0 -9999.0 -9999.0 -9999.0 -9999.0 -9999.0 -9999.0 -9999.0 -9999.0 -9999.0 -9999.0 -9999.0 -9999.0 -9999.0 -9999.0 -9999.0 -9999.0 -9999.0 -9999.0 -9999.0 -9999.0 -9999.0 -9999.0 -9999.0 -9999.0 -9999.0 -9999.0 -9999.0 -9999.0 -9999.0 -9999.0 -9999.0 -9999.0 -9999.0 -9999.0 -9999.0 -9999.0 -9999.0 -9999.0 -9999.0 -9999.0 -9999.0 -9999.0 -9999.0 -9999.0 -9999.0 -9999.0 -9999.0 -9999.0 -9999.0 -9999.0 -9999.0 -9999.0 -9999.0 -9999.0 -9999.0 -9999.0 -9999.0 -9999.0 -9999.0 -9999.0 -9999.0 -9999.0 -9999.0 -9999.0 -9999.0 -9999.0 -9999.0 -9999.0 -9999.0 -9999.0 -9999.0 -9999.0 -9999.0 -9999.0 -9999.0 -9999.0 -9999.0 -9999.0 -9999.0 -9999.0 -9999.0 -9999.0 -9999.0 -9999.0 -9999.0 -9999.0 -9999.0 -9999.0 -9999.0 -9999.0 -9999.0 -9999.0 -9999.0 -9999.0 -9999.0 -9999.0 -9999.0 -9999.0 -9999.0 -9999.0 -9999.0 -9999.0 -9999.0