inst/processing_geotop_simulation/geotop_simulation/out/maps3D/PwL0019N0160.asc
ncols         104
nrows         10
xllcorner     -2.000000
yllcorner     0.000000
cellsize      1.000000
NODATA_value  -9999.0
-9999.0 -9999.0 -9999.0 -9999.0 -9999.0 -9999.0 -9999.0 -9999.0 -9999.0 -9999.0 -9999.0 -9999.0 -9999.0 -9999.0 -9999.0 -9999.0 -9999.0 -9999.0 -9999.0 -9999.0 -9999.0 -9999.0 -9999.0 -9999.0 -9999.0 -9999.0 -9999.0 -9999.0 -9999.0 -9999.0 -9999.0 -9999.0 -9999.0 -9999.0 -9999.0 -9999.0 -9999.0 -9999.0 -9999.0 -9999.0 -9999.0 -9999.0 -9999.0 -9999.0 -9999.0 -9999.0 -9999.0 -9999.0 -9999.0 -9999.0 -9999.0 -9999.0 -9999.0 -9999.0 -9999.0 -9999.0 -9999.0 -9999.0 -9999.0 -9999.0 -9999.0 -9999.0 -9999.0 -9999.0 -9999.0 -9999.0 -9999.0 -9999.0 -9999.0 -9999.0 -9999.0 -9999.0 -9999.0 -9999.0 -9999.0 -9999.0 -9999.0 -9999.0 -9999.0 -9999.0 -9999.0 -9999.0 -9999.0 -9999.0 -9999.0 -9999.0 -9999.0 -9999.0 -9999.0 -9999.0 -9999.0 -9999.0 -9999.0 -9999.0 -9999.0 -9999.0 -9999.0 -9999.0 -9999.0 -9999.0 -9999.0 -9999.0 -9999.0 -9999.0
-9999.0 -9999.0 -9999.0 -9999.0 -9999.0 -9999.0 -9999.0 -9999.0 -9999.0 -9999.0 -9999.0 -9999.0 -9999.0 -9999.0 -9999.0 -9999.0 -9999.0 -9999.0 -9999.0 -9999.0 -9999.0 -9999.0 -9999.0 -9999.0 -9999.0 -9999.0 -9999.0 -9999.0 -9999.0 -9999.0 -9999.0 -9999.0 -9999.0 -9999.0 -9999.0 -9999.0 -9999.0 -9999.0 -9999.0 -9999.0 -9999.0 -9999.0 -9999.0 -9999.0 -9999.0 -9999.0 -9999.0 -9999.0 -9999.0 -9999.0 -9999.0 -9999.0 -9999.0 -9999.0 -9999.0 -9999.0 -9999.0 -9999.0 -9999.0 -9999.0 -9999.0 -9999.0 -9999.0 -9999.0 -9999.0 -9999.0 -9999.0 -9999.0 -9999.0 -9999.0 -9999.0 -9999.0 -9999.0 -9999.0 -9999.0 -9999.0 -9999.0 -9999.0 -9999.0 -9999.0 -9999.0 -9999.0 -9999.0 -9999.0 -9999.0 -9999.0 -9999.0 -9999.0 -9999.0 -9999.0 -9999.0 -9999.0 -9999.0 -9999.0 -9999.0 -9999.0 -9999.0 -9999.0 -9999.0 -9999.0 -9999.0 -9999.0 -9999.0 -9999.0
-9999.0 -9999.0 933.099930 838.501963 743.409045 647.633528 551.487343 455.173542 358.803532 262.437921 166.110277 69.839450 -26.352984 -122.452429 -218.413019 -314.120698 -409.379439 -503.876051 -597.020334 -688.999102 -780.459411 -870.383750 -958.551651 -1037.088321 -1098.260151 -1146.817554 -1183.542213 -1210.154219 -1228.749477 -1241.357286 -1249.700540 -1255.118067 -1258.586446 -1260.785435 -1262.171797 -1263.046924 -1263.614662 -1264.047706 -1264.705045 -1267.334562 -1281.092188 -1363.807363 -1993.374165 -4015.603610 -4034.652455 -4034.653452 -4034.652817 -4034.644314 -4034.598059 -4034.430774 -4033.933316 -4032.400496 -4029.748227 -4026.204132 -4020.175953 -4008.342598 -3982.895558 -3926.948798 -3811.833325 -3608.536941 -3275.694965 -1685.308329 -1326.069789 -1274.643663 -1266.209802 -1264.939899 -1264.758711 -1264.732264 -1264.728963 -1264.729443 -1264.730424 -1264.731300 -1264.731988 -1264.732515 -1264.732920 -1264.733236 -1264.733488 -1264.733692 -1264.733863 -1264.734015 -1264.734164 -1264.734328 -1264.734533 -1264.734816 -1264.735232 -1264.735869 -1264.736870 -1264.738469 -1264.741067 -1264.745365 -1264.752630 -1264.765241 -1264.787783 -1264.829318 -1264.908056 -1265.061394 -1265.369338 -1266.015747 -1267.461167 -1270.933373 -1279.857001 -1305.290845 -9999.0 -9999.0
-9999.0 -9999.0 933.103480 838.503304 743.409483 647.633670 551.487391 455.173559 358.803538 262.437923 166.110278 69.839450 -26.352983 -122.452429 -218.413019 -314.120698 -409.379439 -503.876051 -597.020334 -688.999102 -780.459411 -870.383751 -958.551651 -1037.088321 -1098.260151 -1146.817555 -1183.542214 -1210.154219 -1228.749477 -1241.357286 -1249.700540 -1255.118067 -1258.586446 -1260.785435 -1262.171797 -1263.046924 -1263.614662 -1264.047706 -1264.705045 -1267.334562 -1281.092188 -1363.807363 -1993.374165 -4015.603610 -4034.652455 -4034.653452 -4034.652817 -4034.644314 -4034.598059 -4034.430774 -4033.933316 -4032.400496 -4029.748227 -4026.204132 -4020.175953 -4008.342598 -3982.895557 -3926.948798 -3811.833324 -3608.536941 -3275.694965 -1685.308329 -1326.069789 -1274.643663 -1266.209802 -1264.939899 -1264.758711 -1264.732264 -1264.728963 -1264.729443 -1264.730424 -1264.731300 -1264.731988 -1264.732515 -1264.732920 -1264.733236 -1264.733488 -1264.733692 -1264.733863 -1264.734015 -1264.734164 -1264.734328 -1264.734533 -1264.734816 -1264.735232 -1264.735869 -1264.736870 -1264.738469 -1264.741067 -1264.745365 -1264.752630 -1264.765241 -1264.787783 -1264.829318 -1264.908056 -1265.061394 -1265.369338 -1266.015747 -1267.461167 -1270.933373 -1279.857001 -1305.290845 -9999.0 -9999.0
-9999.0 -9999.0 933.104812 838.504017 743.409784 647.633786 551.487433 455.173574 358.803543 262.437925 166.110278 69.839450 -26.352983 -122.452429 -218.413019 -314.120698 -409.379439 -503.876051 -597.020334 -688.999103 -780.459411 -870.383751 -958.551651 -1037.088322 -1098.260151 -1146.817555 -1183.542214 -1210.154220 -1228.749477 -1241.357286 -1249.700540 -1255.118067 -1258.586446 -1260.785435 -1262.171797 -1263.046924 -1263.614662 -1264.047706 -1264.705045 -1267.334562 -1281.092188 -1363.807363 -1993.374165 -4015.603610 -4034.652455 -4034.653452 -4034.652817 -4034.644314 -4034.598059 -4034.430774 -4033.933316 -4032.400496 -4029.748227 -4026.204132 -4020.175953 -4008.342598 -3982.895557 -3926.948798 -3811.833324 -3608.536941 -3275.694964 -1685.308329 -1326.069789 -1274.643663 -1266.209802 -1264.939899 -1264.758711 -1264.732264 -1264.728963 -1264.729443 -1264.730424 -1264.731300 -1264.731988 -1264.732515 -1264.732920 -1264.733236 -1264.733488 -1264.733692 -1264.733863 -1264.734015 -1264.734164 -1264.734328 -1264.734533 -1264.734816 -1264.735232 -1264.735869 -1264.736870 -1264.738469 -1264.741067 -1264.745365 -1264.752630 -1264.765241 -1264.787783 -1264.829318 -1264.908056 -1265.061394 -1265.369338 -1266.015747 -1267.461167 -1270.933373 -1279.857001 -1305.290845 -9999.0 -9999.0
-9999.0 -9999.0 933.104812 838.504017 743.409784 647.633786 551.487433 455.173574 358.803543 262.437925 166.110278 69.839450 -26.352983 -122.452429 -218.413019 -314.120698 -409.379439 -503.876051 -597.020334 -688.999103 -780.459411 -870.383751 -958.551651 -1037.088322 -1098.260151 -1146.817555 -1183.542214 -1210.154220 -1228.749477 -1241.357286 -1249.700540 -1255.118067 -1258.586446 -1260.785435 -1262.171797 -1263.046924 -1263.614662 -1264.047706 -1264.705045 -1267.334562 -1281.092188 -1363.807363 -1993.374165 -4015.603610 -4034.652455 -4034.653452 -4034.652817 -4034.644314 -4034.598059 -4034.430774 -4033.933316 -4032.400496 -4029.748227 -4026.204132 -4020.175953 -4008.342598 -3982.895557 -3926.948798 -3811.833324 -3608.536941 -3275.694965 -1685.308329 -1326.069789 -1274.643663 -1266.209802 -1264.939899 -1264.758711 -1264.732264 -1264.728963 -1264.729443 -1264.730424 -1264.731300 -1264.731988 -1264.732515 -1264.732920 -1264.733236 -1264.733488 -1264.733692 -1264.733863 -1264.734015 -1264.734164 -1264.734328 -1264.734533 -1264.734816 -1264.735232 -1264.735869 -1264.736870 -1264.738469 -1264.741067 -1264.745365 -1264.752630 -1264.765241 -1264.787783 -1264.829318 -1264.908056 -1265.061394 -1265.369338 -1266.015747 -1267.461167 -1270.933373 -1279.857001 -1305.290845 -9999.0 -9999.0
-9999.0 -9999.0 933.103480 838.503304 743.409483 647.633671 551.487391 455.173559 358.803538 262.437923 166.110278 69.839450 -26.352983 -122.452429 -218.413019 -314.120698 -409.379439 -503.876051 -597.020334 -688.999102 -780.459411 -870.383751 -958.551651 -1037.088321 -1098.260151 -1146.817555 -1183.542214 -1210.154219 -1228.749477 -1241.357286 -1249.700540 -1255.118067 -1258.586446 -1260.785435 -1262.171797 -1263.046924 -1263.614662 -1264.047706 -1264.705045 -1267.334562 -1281.092188 -1363.807363 -1993.374165 -4015.603610 -4034.652455 -4034.653452 -4034.652817 -4034.644314 -4034.598059 -4034.430774 -4033.933316 -4032.400496 -4029.748227 -4026.204132 -4020.175953 -4008.342598 -3982.895558 -3926.948798 -3811.833324 -3608.536941 -3275.694966 -1685.308329 -1326.069789 -1274.643663 -1266.209802 -1264.939899 -1264.758711 -1264.732264 -1264.728963 -1264.729443 -1264.730424 -1264.731300 -1264.731988 -1264.732515 -1264.732920 -1264.733236 -1264.733488 -1264.733692 -1264.733863 -1264.734015 -1264.734164 -1264.734328 -1264.734533 -1264.734816 -1264.735232 -1264.735869 -1264.736870 -1264.738469 -1264.741067 -1264.745365 -1264.752630 -1264.765241 -1264.787783 -1264.829318 -1264.908056 -1265.061394 -1265.369338 -1266.015747 -1267.461167 -1270.933373 -1279.857001 -1305.290845 -9999.0 -9999.0
-9999.0 -9999.0 933.099930 838.501963 743.409045 647.633528 551.487343 455.173542 358.803532 262.437921 166.110277 69.839450 -26.352983 -122.452429 -218.413019 -314.120698 -409.379439 -503.876051 -597.020334 -688.999102 -780.459411 -870.383750 -958.551651 -1037.088321 -1098.260151 -1146.817554 -1183.542213 -1210.154219 -1228.749477 -1241.357286 -1249.700540 -1255.118067 -1258.586446 -1260.785435 -1262.171797 -1263.046924 -1263.614662 -1264.047706 -1264.705045 -1267.334562 -1281.092188 -1363.807363 -1993.374165 -4015.603610 -4034.652455 -4034.653452 -4034.652817 -4034.644314 -4034.598059 -4034.430774 -4033.933316 -4032.400496 -4029.748227 -4026.204132 -4020.175953 -4008.342598 -3982.895558 -3926.948798 -3811.833324 -3608.536942 -3275.694966 -1685.308329 -1326.069789 -1274.643663 -1266.209802 -1264.939899 -1264.758711 -1264.732264 -1264.728963 -1264.729443 -1264.730424 -1264.731300 -1264.731988 -1264.732515 -1264.732920 -1264.733236 -1264.733488 -1264.733692 -1264.733863 -1264.734015 -1264.734164 -1264.734328 -1264.734533 -1264.734816 -1264.735232 -1264.735869 -1264.736870 -1264.738469 -1264.741067 -1264.745365 -1264.752630 -1264.765241 -1264.787783 -1264.829318 -1264.908056 -1265.061394 -1265.369338 -1266.015747 -1267.461167 -1270.933373 -1279.857001 -1305.290845 -9999.0 -9999.0
-9999.0 -9999.0 -9999.0 -9999.0 -9999.0 -9999.0 -9999.0 -9999.0 -9999.0 -9999.0 -9999.0 -9999.0 -9999.0 -9999.0 -9999.0 -9999.0 -9999.0 -9999.0 -9999.0 -9999.0 -9999.0 -9999.0 -9999.0 -9999.0 -9999.0 -9999.0 -9999.0 -9999.0 -9999.0 -9999.0 -9999.0 -9999.0 -9999.0 -9999.0 -9999.0 -9999.0 -9999.0 -9999.0 -9999.0 -9999.0 -9999.0 -9999.0 -9999.0 -9999.0 -9999.0 -9999.0 -9999.0 -9999.0 -9999.0 -9999.0 -9999.0 -9999.0 -9999.0 -9999.0 -9999.0 -9999.0 -9999.0 -9999.0 -9999.0 -9999.0 -9999.0 -9999.0 -9999.0 -9999.0 -9999.0 -9999.0 -9999.0 -9999.0 -9999.0 -9999.0 -9999.0 -9999.0 -9999.0 -9999.0 -9999.0 -9999.0 -9999.0 -9999.0 -9999.0 -9999.0 -9999.0 -9999.0 -9999.0 -9999.0 -9999.0 -9999.0 -9999.0 -9999.0 -9999.0 -9999.0 -9999.0 -9999.0 -9999.0 -9999.0 -9999.0 -9999.0 -9999.0 -9999.0 -9999.0 -9999.0 -9999.0 -9999.0 -9999.0 -9999.0
-9999.0 -9999.0 -9999.0 -9999.0 -9999.0 -9999.0 -9999.0 -9999.0 -9999.0 -9999.0 -9999.0 -9999.0 -9999.0 -9999.0 -9999.0 -9999.0 -9999.0 -9999.0 -9999.0 -9999.0 -9999.0 -9999.0 -9999.0 -9999.0 -9999.0 -9999.0 -9999.0 -9999.0 -9999.0 -9999.0 -9999.0 -9999.0 -9999.0 -9999.0 -9999.0 -9999.0 -9999.0 -9999.0 -9999.0 -9999.0 -9999.0 -9999.0 -9999.0 -9999.0 -9999.0 -9999.0 -9999.0 -9999.0 -9999.0 -9999.0 -9999.0 -9999.0 -9999.0 -9999.0 -9999.0 -9999.0 -9999.0 -9999.0 -9999.0 -9999.0 -9999.0 -9999.0 -9999.0 -9999.0 -9999.0 -9999.0 -9999.0 -9999.0 -9999.0 -9999.0 -9999.0 -9999.0 -9999.0 -9999.0 -9999.0 -9999.0 -9999.0 -9999.0 -9999.0 -9999.0 -9999.0 -9999.0 -9999.0 -9999.0 -9999.0 -9999.0 -9999.0 -9999.0 -9999.0 -9999.0 -9999.0 -9999.0 -9999.0 -9999.0 -9999.0 -9999.0 -9999.0 -9999.0 -9999.0 -9999.0 -9999.0 -9999.0 -9999.0 -9999.0