inst/processing_geotop_simulation/geotop_simulation/out/maps3D/PwL0001N0370.asc
ncols         104
nrows         10
xllcorner     -2.000000
yllcorner     0.000000
cellsize      1.000000
NODATA_value  -9999.0
-9999.0 -9999.0 -9999.0 -9999.0 -9999.0 -9999.0 -9999.0 -9999.0 -9999.0 -9999.0 -9999.0 -9999.0 -9999.0 -9999.0 -9999.0 -9999.0 -9999.0 -9999.0 -9999.0 -9999.0 -9999.0 -9999.0 -9999.0 -9999.0 -9999.0 -9999.0 -9999.0 -9999.0 -9999.0 -9999.0 -9999.0 -9999.0 -9999.0 -9999.0 -9999.0 -9999.0 -9999.0 -9999.0 -9999.0 -9999.0 -9999.0 -9999.0 -9999.0 -9999.0 -9999.0 -9999.0 -9999.0 -9999.0 -9999.0 -9999.0 -9999.0 -9999.0 -9999.0 -9999.0 -9999.0 -9999.0 -9999.0 -9999.0 -9999.0 -9999.0 -9999.0 -9999.0 -9999.0 -9999.0 -9999.0 -9999.0 -9999.0 -9999.0 -9999.0 -9999.0 -9999.0 -9999.0 -9999.0 -9999.0 -9999.0 -9999.0 -9999.0 -9999.0 -9999.0 -9999.0 -9999.0 -9999.0 -9999.0 -9999.0 -9999.0 -9999.0 -9999.0 -9999.0 -9999.0 -9999.0 -9999.0 -9999.0 -9999.0 -9999.0 -9999.0 -9999.0 -9999.0 -9999.0 -9999.0 -9999.0 -9999.0 -9999.0 -9999.0 -9999.0
-9999.0 -9999.0 -9999.0 -9999.0 -9999.0 -9999.0 -9999.0 -9999.0 -9999.0 -9999.0 -9999.0 -9999.0 -9999.0 -9999.0 -9999.0 -9999.0 -9999.0 -9999.0 -9999.0 -9999.0 -9999.0 -9999.0 -9999.0 -9999.0 -9999.0 -9999.0 -9999.0 -9999.0 -9999.0 -9999.0 -9999.0 -9999.0 -9999.0 -9999.0 -9999.0 -9999.0 -9999.0 -9999.0 -9999.0 -9999.0 -9999.0 -9999.0 -9999.0 -9999.0 -9999.0 -9999.0 -9999.0 -9999.0 -9999.0 -9999.0 -9999.0 -9999.0 -9999.0 -9999.0 -9999.0 -9999.0 -9999.0 -9999.0 -9999.0 -9999.0 -9999.0 -9999.0 -9999.0 -9999.0 -9999.0 -9999.0 -9999.0 -9999.0 -9999.0 -9999.0 -9999.0 -9999.0 -9999.0 -9999.0 -9999.0 -9999.0 -9999.0 -9999.0 -9999.0 -9999.0 -9999.0 -9999.0 -9999.0 -9999.0 -9999.0 -9999.0 -9999.0 -9999.0 -9999.0 -9999.0 -9999.0 -9999.0 -9999.0 -9999.0 -9999.0 -9999.0 -9999.0 -9999.0 -9999.0 -9999.0 -9999.0 -9999.0 -9999.0 -9999.0
-9999.0 -9999.0 26.287355 -70.783417 -169.452510 -268.467165 -367.607710 -466.791904 -565.978119 -665.133149 -764.204716 -863.154777 -961.949653 -1060.541431 -1159.075802 -1257.514100 -1355.489552 -1452.691015 -1548.563222 -1642.119310 -1731.541513 -1813.857262 -1885.741131 -1945.049759 -1991.568499 -2026.624374 -2052.268465 -2070.622933 -2083.545173 -2092.525070 -2098.699337 -2102.907625 -2105.755740 -2107.672737 -2108.958363 -2109.822072 -2110.420864 -2110.928288 -2111.755962 -2114.026436 -2116.354579 -2058.622640 -1267.953671 -1264.280243 -1254.309385 -1247.767867 -1244.689117 -1244.206271 -1244.153725 -1244.158561 -1244.171715 -1244.185896 -1244.199532 -1244.212166 -1244.223926 -1244.237898 -1244.282625 -1244.576221 -1246.232395 -1249.889108 -1254.891910 -1251.363327 -2035.136980 -2110.475259 -2112.580088 -2111.867264 -2111.661115 -2111.622224 -2111.616163 -2111.615709 -2111.616116 -2111.616571 -2111.616945 -2111.617236 -2111.617461 -2111.617637 -2111.617778 -2111.617894 -2111.617993 -2111.618082 -2111.618171 -2111.618270 -2111.618394 -2111.618565 -2111.618815 -2111.619198 -2111.619798 -2111.620759 -2111.622326 -2111.624933 -2111.629382 -2111.637185 -2111.651290 -2111.677564 -2111.727925 -2111.827309 -2112.030516 -2112.466755 -2113.467646 -2115.975865 -2123.071798 -2146.698690 -9999.0 -9999.0
-9999.0 -9999.0 26.298909 -70.781501 -169.452033 -268.467026 -367.607666 -466.791888 -565.978113 -665.133147 -764.204715 -863.154777 -961.949653 -1060.541431 -1159.075802 -1257.514100 -1355.489552 -1452.691015 -1548.563222 -1642.119310 -1731.541513 -1813.857262 -1885.741131 -1945.049759 -1991.568500 -2026.624374 -2052.268465 -2070.622933 -2083.545173 -2092.525070 -2098.699337 -2102.907625 -2105.755740 -2107.672737 -2108.958363 -2109.822072 -2110.420864 -2110.928288 -2111.755962 -2114.026436 -2116.354579 -2058.622640 -1267.953671 -1264.280243 -1254.309385 -1247.767867 -1244.689117 -1244.206271 -1244.153725 -1244.158561 -1244.171715 -1244.185896 -1244.199532 -1244.212166 -1244.223926 -1244.237898 -1244.282625 -1244.576221 -1246.232395 -1249.889108 -1254.891910 -1251.363327 -2035.136980 -2110.475259 -2112.580088 -2111.867264 -2111.661115 -2111.622224 -2111.616163 -2111.615709 -2111.616116 -2111.616571 -2111.616945 -2111.617236 -2111.617461 -2111.617637 -2111.617778 -2111.617894 -2111.617993 -2111.618082 -2111.618171 -2111.618270 -2111.618394 -2111.618565 -2111.618815 -2111.619198 -2111.619798 -2111.620759 -2111.622326 -2111.624933 -2111.629382 -2111.637185 -2111.651290 -2111.677564 -2111.727925 -2111.827309 -2112.030516 -2112.466755 -2113.467646 -2115.975865 -2123.071798 -2146.698690 -9999.0 -9999.0
-9999.0 -9999.0 26.299976 -70.780734 -169.451731 -268.466916 -367.607627 -466.791874 -565.978108 -665.133145 -764.204714 -863.154776 -961.949653 -1060.541431 -1159.075802 -1257.514100 -1355.489552 -1452.691015 -1548.563222 -1642.119310 -1731.541513 -1813.857262 -1885.741132 -1945.049759 -1991.568500 -2026.624374 -2052.268465 -2070.622933 -2083.545173 -2092.525070 -2098.699337 -2102.907625 -2105.755740 -2107.672737 -2108.958363 -2109.822072 -2110.420864 -2110.928288 -2111.755962 -2114.026436 -2116.354579 -2058.622640 -1267.953671 -1264.280243 -1254.309385 -1247.767867 -1244.689117 -1244.206271 -1244.153725 -1244.158561 -1244.171715 -1244.185896 -1244.199532 -1244.212166 -1244.223926 -1244.237898 -1244.282625 -1244.576221 -1246.232395 -1249.889108 -1254.891910 -1251.363327 -2035.136980 -2110.475259 -2112.580088 -2111.867264 -2111.661115 -2111.622224 -2111.616163 -2111.615709 -2111.616116 -2111.616571 -2111.616945 -2111.617236 -2111.617461 -2111.617637 -2111.617778 -2111.617894 -2111.617993 -2111.618082 -2111.618171 -2111.618270 -2111.618394 -2111.618565 -2111.618815 -2111.619198 -2111.619798 -2111.620759 -2111.622326 -2111.624933 -2111.629382 -2111.637185 -2111.651290 -2111.677564 -2111.727925 -2111.827309 -2112.030516 -2112.466755 -2113.467646 -2115.975865 -2123.071798 -2146.698690 -9999.0 -9999.0
-9999.0 -9999.0 26.299976 -70.780734 -169.451731 -268.466916 -367.607627 -466.791874 -565.978108 -665.133145 -764.204714 -863.154776 -961.949653 -1060.541431 -1159.075802 -1257.514100 -1355.489552 -1452.691015 -1548.563222 -1642.119310 -1731.541513 -1813.857262 -1885.741132 -1945.049759 -1991.568500 -2026.624374 -2052.268465 -2070.622933 -2083.545173 -2092.525070 -2098.699337 -2102.907625 -2105.755740 -2107.672737 -2108.958363 -2109.822072 -2110.420864 -2110.928288 -2111.755962 -2114.026436 -2116.354579 -2058.622640 -1267.953671 -1264.280243 -1254.309385 -1247.767867 -1244.689117 -1244.206271 -1244.153725 -1244.158561 -1244.171715 -1244.185896 -1244.199532 -1244.212166 -1244.223926 -1244.237898 -1244.282625 -1244.576221 -1246.232395 -1249.889108 -1254.891910 -1251.363327 -2035.136980 -2110.475259 -2112.580088 -2111.867264 -2111.661115 -2111.622224 -2111.616163 -2111.615709 -2111.616116 -2111.616571 -2111.616945 -2111.617236 -2111.617461 -2111.617637 -2111.617778 -2111.617894 -2111.617993 -2111.618082 -2111.618171 -2111.618270 -2111.618394 -2111.618565 -2111.618815 -2111.619198 -2111.619798 -2111.620759 -2111.622326 -2111.624933 -2111.629382 -2111.637185 -2111.651290 -2111.677564 -2111.727925 -2111.827309 -2112.030516 -2112.466755 -2113.467646 -2115.975865 -2123.071798 -2146.698690 -9999.0 -9999.0
-9999.0 -9999.0 26.298909 -70.781501 -169.452033 -268.467026 -367.607666 -466.791888 -565.978114 -665.133147 -764.204715 -863.154777 -961.949653 -1060.541431 -1159.075802 -1257.514100 -1355.489552 -1452.691015 -1548.563222 -1642.119310 -1731.541513 -1813.857262 -1885.741131 -1945.049759 -1991.568500 -2026.624374 -2052.268465 -2070.622933 -2083.545173 -2092.525070 -2098.699337 -2102.907625 -2105.755740 -2107.672737 -2108.958363 -2109.822072 -2110.420864 -2110.928288 -2111.755962 -2114.026436 -2116.354579 -2058.622640 -1267.953671 -1264.280243 -1254.309385 -1247.767867 -1244.689117 -1244.206271 -1244.153725 -1244.158561 -1244.171715 -1244.185896 -1244.199532 -1244.212166 -1244.223926 -1244.237898 -1244.282625 -1244.576221 -1246.232395 -1249.889108 -1254.891910 -1251.363327 -2035.136980 -2110.475259 -2112.580088 -2111.867264 -2111.661115 -2111.622224 -2111.616163 -2111.615709 -2111.616116 -2111.616571 -2111.616945 -2111.617236 -2111.617461 -2111.617637 -2111.617778 -2111.617894 -2111.617993 -2111.618082 -2111.618171 -2111.618270 -2111.618394 -2111.618565 -2111.618815 -2111.619198 -2111.619798 -2111.620759 -2111.622326 -2111.624933 -2111.629382 -2111.637185 -2111.651290 -2111.677564 -2111.727925 -2111.827309 -2112.030516 -2112.466755 -2113.467646 -2115.975865 -2123.071798 -2146.698690 -9999.0 -9999.0
-9999.0 -9999.0 26.287355 -70.783417 -169.452511 -268.467165 -367.607710 -466.791904 -565.978119 -665.133149 -764.204716 -863.154777 -961.949653 -1060.541431 -1159.075802 -1257.514100 -1355.489552 -1452.691015 -1548.563222 -1642.119310 -1731.541513 -1813.857262 -1885.741131 -1945.049759 -1991.568499 -2026.624374 -2052.268465 -2070.622933 -2083.545173 -2092.525070 -2098.699337 -2102.907625 -2105.755740 -2107.672737 -2108.958363 -2109.822072 -2110.420864 -2110.928288 -2111.755962 -2114.026436 -2116.354579 -2058.622640 -1267.953671 -1264.280243 -1254.309385 -1247.767867 -1244.689117 -1244.206271 -1244.153725 -1244.158561 -1244.171715 -1244.185896 -1244.199532 -1244.212166 -1244.223926 -1244.237898 -1244.282625 -1244.576221 -1246.232395 -1249.889108 -1254.891910 -1251.363327 -2035.136980 -2110.475259 -2112.580088 -2111.867264 -2111.661115 -2111.622224 -2111.616163 -2111.615709 -2111.616116 -2111.616571 -2111.616945 -2111.617236 -2111.617461 -2111.617637 -2111.617778 -2111.617894 -2111.617993 -2111.618082 -2111.618171 -2111.618270 -2111.618394 -2111.618565 -2111.618815 -2111.619198 -2111.619798 -2111.620759 -2111.622326 -2111.624933 -2111.629382 -2111.637185 -2111.651290 -2111.677564 -2111.727925 -2111.827309 -2112.030516 -2112.466755 -2113.467646 -2115.975865 -2123.071798 -2146.698690 -9999.0 -9999.0
-9999.0 -9999.0 -9999.0 -9999.0 -9999.0 -9999.0 -9999.0 -9999.0 -9999.0 -9999.0 -9999.0 -9999.0 -9999.0 -9999.0 -9999.0 -9999.0 -9999.0 -9999.0 -9999.0 -9999.0 -9999.0 -9999.0 -9999.0 -9999.0 -9999.0 -9999.0 -9999.0 -9999.0 -9999.0 -9999.0 -9999.0 -9999.0 -9999.0 -9999.0 -9999.0 -9999.0 -9999.0 -9999.0 -9999.0 -9999.0 -9999.0 -9999.0 -9999.0 -9999.0 -9999.0 -9999.0 -9999.0 -9999.0 -9999.0 -9999.0 -9999.0 -9999.0 -9999.0 -9999.0 -9999.0 -9999.0 -9999.0 -9999.0 -9999.0 -9999.0 -9999.0 -9999.0 -9999.0 -9999.0 -9999.0 -9999.0 -9999.0 -9999.0 -9999.0 -9999.0 -9999.0 -9999.0 -9999.0 -9999.0 -9999.0 -9999.0 -9999.0 -9999.0 -9999.0 -9999.0 -9999.0 -9999.0 -9999.0 -9999.0 -9999.0 -9999.0 -9999.0 -9999.0 -9999.0 -9999.0 -9999.0 -9999.0 -9999.0 -9999.0 -9999.0 -9999.0 -9999.0 -9999.0 -9999.0 -9999.0 -9999.0 -9999.0 -9999.0 -9999.0
-9999.0 -9999.0 -9999.0 -9999.0 -9999.0 -9999.0 -9999.0 -9999.0 -9999.0 -9999.0 -9999.0 -9999.0 -9999.0 -9999.0 -9999.0 -9999.0 -9999.0 -9999.0 -9999.0 -9999.0 -9999.0 -9999.0 -9999.0 -9999.0 -9999.0 -9999.0 -9999.0 -9999.0 -9999.0 -9999.0 -9999.0 -9999.0 -9999.0 -9999.0 -9999.0 -9999.0 -9999.0 -9999.0 -9999.0 -9999.0 -9999.0 -9999.0 -9999.0 -9999.0 -9999.0 -9999.0 -9999.0 -9999.0 -9999.0 -9999.0 -9999.0 -9999.0 -9999.0 -9999.0 -9999.0 -9999.0 -9999.0 -9999.0 -9999.0 -9999.0 -9999.0 -9999.0 -9999.0 -9999.0 -9999.0 -9999.0 -9999.0 -9999.0 -9999.0 -9999.0 -9999.0 -9999.0 -9999.0 -9999.0 -9999.0 -9999.0 -9999.0 -9999.0 -9999.0 -9999.0 -9999.0 -9999.0 -9999.0 -9999.0 -9999.0 -9999.0 -9999.0 -9999.0 -9999.0 -9999.0 -9999.0 -9999.0 -9999.0 -9999.0 -9999.0 -9999.0 -9999.0 -9999.0 -9999.0 -9999.0 -9999.0 -9999.0 -9999.0 -9999.0