inst/processing_geotop_simulation/geotop_simulation/out/maps3D/PwL0004N0339.asc
ncols         104
nrows         10
xllcorner     -2.000000
yllcorner     0.000000
cellsize      1.000000
NODATA_value  -9999.0
-9999.0 -9999.0 -9999.0 -9999.0 -9999.0 -9999.0 -9999.0 -9999.0 -9999.0 -9999.0 -9999.0 -9999.0 -9999.0 -9999.0 -9999.0 -9999.0 -9999.0 -9999.0 -9999.0 -9999.0 -9999.0 -9999.0 -9999.0 -9999.0 -9999.0 -9999.0 -9999.0 -9999.0 -9999.0 -9999.0 -9999.0 -9999.0 -9999.0 -9999.0 -9999.0 -9999.0 -9999.0 -9999.0 -9999.0 -9999.0 -9999.0 -9999.0 -9999.0 -9999.0 -9999.0 -9999.0 -9999.0 -9999.0 -9999.0 -9999.0 -9999.0 -9999.0 -9999.0 -9999.0 -9999.0 -9999.0 -9999.0 -9999.0 -9999.0 -9999.0 -9999.0 -9999.0 -9999.0 -9999.0 -9999.0 -9999.0 -9999.0 -9999.0 -9999.0 -9999.0 -9999.0 -9999.0 -9999.0 -9999.0 -9999.0 -9999.0 -9999.0 -9999.0 -9999.0 -9999.0 -9999.0 -9999.0 -9999.0 -9999.0 -9999.0 -9999.0 -9999.0 -9999.0 -9999.0 -9999.0 -9999.0 -9999.0 -9999.0 -9999.0 -9999.0 -9999.0 -9999.0 -9999.0 -9999.0 -9999.0 -9999.0 -9999.0 -9999.0 -9999.0
-9999.0 -9999.0 -9999.0 -9999.0 -9999.0 -9999.0 -9999.0 -9999.0 -9999.0 -9999.0 -9999.0 -9999.0 -9999.0 -9999.0 -9999.0 -9999.0 -9999.0 -9999.0 -9999.0 -9999.0 -9999.0 -9999.0 -9999.0 -9999.0 -9999.0 -9999.0 -9999.0 -9999.0 -9999.0 -9999.0 -9999.0 -9999.0 -9999.0 -9999.0 -9999.0 -9999.0 -9999.0 -9999.0 -9999.0 -9999.0 -9999.0 -9999.0 -9999.0 -9999.0 -9999.0 -9999.0 -9999.0 -9999.0 -9999.0 -9999.0 -9999.0 -9999.0 -9999.0 -9999.0 -9999.0 -9999.0 -9999.0 -9999.0 -9999.0 -9999.0 -9999.0 -9999.0 -9999.0 -9999.0 -9999.0 -9999.0 -9999.0 -9999.0 -9999.0 -9999.0 -9999.0 -9999.0 -9999.0 -9999.0 -9999.0 -9999.0 -9999.0 -9999.0 -9999.0 -9999.0 -9999.0 -9999.0 -9999.0 -9999.0 -9999.0 -9999.0 -9999.0 -9999.0 -9999.0 -9999.0 -9999.0 -9999.0 -9999.0 -9999.0 -9999.0 -9999.0 -9999.0 -9999.0 -9999.0 -9999.0 -9999.0 -9999.0 -9999.0 -9999.0
-9999.0 -9999.0 175.613128 78.497387 -19.970740 -118.823702 -217.823581 -316.878605 -415.939556 -514.973146 -613.926116 -712.668295 -811.272141 -909.636495 -1007.877187 -1106.192985 -1203.877274 -1300.652446 -1395.908733 -1488.616486 -1576.841895 -1657.476550 -1727.280418 -1784.405744 -1828.924324 -1862.314178 -1886.653442 -1904.024235 -1916.221932 -1924.675811 -1930.471944 -1934.410503 -1937.067524 -1938.849986 -1940.041391 -1940.839208 -1941.390874 -1941.859384 -1942.646841 -1944.988123 -1949.003848 -1906.142471 -1179.602388 -1186.135320 -1173.467988 -1165.161353 -1161.264503 -1160.669710 -1160.605799 -1160.611836 -1160.627977 -1160.645360 -1160.662070 -1160.677548 -1160.691940 -1160.708903 -1160.762662 -1161.120058 -1163.199999 -1167.813067 -1174.015825 -1158.408765 -1881.311640 -1942.865353 -1943.553997 -1942.739952 -1942.534929 -1942.498028 -1942.492448 -1942.492114 -1942.492573 -1942.493061 -1942.493459 -1942.493767 -1942.494005 -1942.494191 -1942.494340 -1942.494461 -1942.494564 -1942.494657 -1942.494749 -1942.494852 -1942.494982 -1942.495160 -1942.495422 -1942.495823 -1942.496453 -1942.497462 -1942.499106 -1942.501840 -1942.506500 -1942.514662 -1942.529394 -1942.556788 -1942.609194 -1942.712336 -1942.922360 -1943.370595 -1944.391056 -1946.922493 -1954.000732 -1977.412154 -9999.0 -9999.0
-9999.0 -9999.0 175.622475 78.499301 -19.970253 -118.823560 -217.823535 -316.878589 -415.939550 -514.973144 -613.926115 -712.668294 -811.272141 -909.636495 -1007.877187 -1106.192985 -1203.877274 -1300.652447 -1395.908733 -1488.616486 -1576.841895 -1657.476550 -1727.280418 -1784.405744 -1828.924324 -1862.314178 -1886.653443 -1904.024235 -1916.221932 -1924.675812 -1930.471944 -1934.410503 -1937.067524 -1938.849986 -1940.041391 -1940.839208 -1941.390874 -1941.859384 -1942.646841 -1944.988123 -1949.003848 -1906.142471 -1179.602388 -1186.135320 -1173.467988 -1165.161353 -1161.264503 -1160.669710 -1160.605799 -1160.611836 -1160.627977 -1160.645360 -1160.662070 -1160.677548 -1160.691940 -1160.708903 -1160.762662 -1161.120058 -1163.199999 -1167.813067 -1174.015825 -1158.408765 -1881.311640 -1942.865353 -1943.553997 -1942.739952 -1942.534929 -1942.498028 -1942.492448 -1942.492114 -1942.492573 -1942.493061 -1942.493459 -1942.493767 -1942.494005 -1942.494191 -1942.494340 -1942.494461 -1942.494564 -1942.494657 -1942.494749 -1942.494852 -1942.494982 -1942.495160 -1942.495422 -1942.495823 -1942.496453 -1942.497462 -1942.499106 -1942.501840 -1942.506500 -1942.514662 -1942.529394 -1942.556788 -1942.609194 -1942.712336 -1942.922360 -1943.370595 -1944.391056 -1946.922493 -1954.000732 -1977.412154 -9999.0 -9999.0
-9999.0 -9999.0 175.623793 78.500081 -19.969945 -118.823448 -217.823496 -316.878575 -415.939545 -514.973142 -613.926114 -712.668294 -811.272140 -909.636495 -1007.877187 -1106.192986 -1203.877274 -1300.652447 -1395.908733 -1488.616486 -1576.841895 -1657.476550 -1727.280418 -1784.405745 -1828.924324 -1862.314178 -1886.653443 -1904.024235 -1916.221932 -1924.675812 -1930.471944 -1934.410503 -1937.067524 -1938.849986 -1940.041391 -1940.839208 -1941.390874 -1941.859384 -1942.646841 -1944.988123 -1949.003848 -1906.142471 -1179.602388 -1186.135320 -1173.467988 -1165.161353 -1161.264503 -1160.669710 -1160.605799 -1160.611836 -1160.627977 -1160.645360 -1160.662070 -1160.677548 -1160.691940 -1160.708903 -1160.762662 -1161.120058 -1163.199999 -1167.813067 -1174.015825 -1158.408765 -1881.311640 -1942.865353 -1943.553997 -1942.739952 -1942.534929 -1942.498028 -1942.492448 -1942.492114 -1942.492573 -1942.493061 -1942.493459 -1942.493767 -1942.494005 -1942.494191 -1942.494340 -1942.494461 -1942.494564 -1942.494657 -1942.494749 -1942.494852 -1942.494982 -1942.495160 -1942.495422 -1942.495823 -1942.496453 -1942.497462 -1942.499106 -1942.501840 -1942.506500 -1942.514662 -1942.529394 -1942.556788 -1942.609194 -1942.712336 -1942.922360 -1943.370595 -1944.391056 -1946.922493 -1954.000732 -1977.412154 -9999.0 -9999.0
-9999.0 -9999.0 175.623793 78.500081 -19.969945 -118.823448 -217.823496 -316.878575 -415.939545 -514.973142 -613.926114 -712.668294 -811.272140 -909.636495 -1007.877187 -1106.192986 -1203.877274 -1300.652447 -1395.908733 -1488.616486 -1576.841895 -1657.476550 -1727.280418 -1784.405745 -1828.924324 -1862.314178 -1886.653443 -1904.024235 -1916.221932 -1924.675812 -1930.471944 -1934.410503 -1937.067524 -1938.849986 -1940.041391 -1940.839208 -1941.390874 -1941.859384 -1942.646841 -1944.988123 -1949.003848 -1906.142471 -1179.602388 -1186.135320 -1173.467988 -1165.161353 -1161.264503 -1160.669710 -1160.605799 -1160.611836 -1160.627977 -1160.645360 -1160.662070 -1160.677548 -1160.691940 -1160.708903 -1160.762662 -1161.120058 -1163.199999 -1167.813067 -1174.015825 -1158.408765 -1881.311640 -1942.865353 -1943.553997 -1942.739952 -1942.534929 -1942.498028 -1942.492448 -1942.492114 -1942.492573 -1942.493061 -1942.493459 -1942.493767 -1942.494005 -1942.494191 -1942.494340 -1942.494461 -1942.494564 -1942.494657 -1942.494749 -1942.494852 -1942.494982 -1942.495160 -1942.495422 -1942.495823 -1942.496453 -1942.497462 -1942.499106 -1942.501840 -1942.506500 -1942.514662 -1942.529394 -1942.556788 -1942.609194 -1942.712336 -1942.922360 -1943.370595 -1944.391056 -1946.922493 -1954.000732 -1977.412154 -9999.0 -9999.0
-9999.0 -9999.0 175.622475 78.499301 -19.970253 -118.823560 -217.823535 -316.878589 -415.939550 -514.973144 -613.926115 -712.668294 -811.272141 -909.636495 -1007.877187 -1106.192985 -1203.877274 -1300.652446 -1395.908733 -1488.616486 -1576.841895 -1657.476550 -1727.280418 -1784.405744 -1828.924324 -1862.314178 -1886.653443 -1904.024235 -1916.221932 -1924.675812 -1930.471944 -1934.410503 -1937.067524 -1938.849986 -1940.041391 -1940.839208 -1941.390874 -1941.859384 -1942.646841 -1944.988123 -1949.003848 -1906.142471 -1179.602388 -1186.135320 -1173.467988 -1165.161353 -1161.264503 -1160.669710 -1160.605799 -1160.611836 -1160.627977 -1160.645360 -1160.662070 -1160.677548 -1160.691940 -1160.708903 -1160.762662 -1161.120058 -1163.199999 -1167.813067 -1174.015825 -1158.408765 -1881.311640 -1942.865353 -1943.553997 -1942.739952 -1942.534929 -1942.498028 -1942.492448 -1942.492114 -1942.492573 -1942.493061 -1942.493459 -1942.493767 -1942.494005 -1942.494191 -1942.494340 -1942.494461 -1942.494564 -1942.494657 -1942.494749 -1942.494852 -1942.494982 -1942.495160 -1942.495422 -1942.495823 -1942.496453 -1942.497462 -1942.499106 -1942.501840 -1942.506500 -1942.514662 -1942.529394 -1942.556788 -1942.609194 -1942.712336 -1942.922360 -1943.370595 -1944.391056 -1946.922493 -1954.000732 -1977.412154 -9999.0 -9999.0
-9999.0 -9999.0 175.613128 78.497387 -19.970740 -118.823702 -217.823581 -316.878605 -415.939556 -514.973146 -613.926116 -712.668295 -811.272141 -909.636495 -1007.877187 -1106.192985 -1203.877274 -1300.652446 -1395.908733 -1488.616486 -1576.841895 -1657.476550 -1727.280418 -1784.405744 -1828.924324 -1862.314178 -1886.653442 -1904.024235 -1916.221932 -1924.675811 -1930.471944 -1934.410503 -1937.067524 -1938.849986 -1940.041391 -1940.839208 -1941.390874 -1941.859384 -1942.646841 -1944.988123 -1949.003848 -1906.142471 -1179.602388 -1186.135320 -1173.467988 -1165.161353 -1161.264503 -1160.669710 -1160.605799 -1160.611836 -1160.627977 -1160.645360 -1160.662070 -1160.677548 -1160.691940 -1160.708903 -1160.762662 -1161.120058 -1163.199999 -1167.813067 -1174.015825 -1158.408765 -1881.311640 -1942.865353 -1943.553997 -1942.739952 -1942.534929 -1942.498028 -1942.492448 -1942.492114 -1942.492573 -1942.493061 -1942.493459 -1942.493767 -1942.494005 -1942.494191 -1942.494340 -1942.494461 -1942.494564 -1942.494657 -1942.494749 -1942.494852 -1942.494982 -1942.495160 -1942.495422 -1942.495823 -1942.496453 -1942.497462 -1942.499106 -1942.501840 -1942.506500 -1942.514662 -1942.529394 -1942.556788 -1942.609194 -1942.712336 -1942.922360 -1943.370595 -1944.391056 -1946.922493 -1954.000732 -1977.412154 -9999.0 -9999.0
-9999.0 -9999.0 -9999.0 -9999.0 -9999.0 -9999.0 -9999.0 -9999.0 -9999.0 -9999.0 -9999.0 -9999.0 -9999.0 -9999.0 -9999.0 -9999.0 -9999.0 -9999.0 -9999.0 -9999.0 -9999.0 -9999.0 -9999.0 -9999.0 -9999.0 -9999.0 -9999.0 -9999.0 -9999.0 -9999.0 -9999.0 -9999.0 -9999.0 -9999.0 -9999.0 -9999.0 -9999.0 -9999.0 -9999.0 -9999.0 -9999.0 -9999.0 -9999.0 -9999.0 -9999.0 -9999.0 -9999.0 -9999.0 -9999.0 -9999.0 -9999.0 -9999.0 -9999.0 -9999.0 -9999.0 -9999.0 -9999.0 -9999.0 -9999.0 -9999.0 -9999.0 -9999.0 -9999.0 -9999.0 -9999.0 -9999.0 -9999.0 -9999.0 -9999.0 -9999.0 -9999.0 -9999.0 -9999.0 -9999.0 -9999.0 -9999.0 -9999.0 -9999.0 -9999.0 -9999.0 -9999.0 -9999.0 -9999.0 -9999.0 -9999.0 -9999.0 -9999.0 -9999.0 -9999.0 -9999.0 -9999.0 -9999.0 -9999.0 -9999.0 -9999.0 -9999.0 -9999.0 -9999.0 -9999.0 -9999.0 -9999.0 -9999.0 -9999.0 -9999.0
-9999.0 -9999.0 -9999.0 -9999.0 -9999.0 -9999.0 -9999.0 -9999.0 -9999.0 -9999.0 -9999.0 -9999.0 -9999.0 -9999.0 -9999.0 -9999.0 -9999.0 -9999.0 -9999.0 -9999.0 -9999.0 -9999.0 -9999.0 -9999.0 -9999.0 -9999.0 -9999.0 -9999.0 -9999.0 -9999.0 -9999.0 -9999.0 -9999.0 -9999.0 -9999.0 -9999.0 -9999.0 -9999.0 -9999.0 -9999.0 -9999.0 -9999.0 -9999.0 -9999.0 -9999.0 -9999.0 -9999.0 -9999.0 -9999.0 -9999.0 -9999.0 -9999.0 -9999.0 -9999.0 -9999.0 -9999.0 -9999.0 -9999.0 -9999.0 -9999.0 -9999.0 -9999.0 -9999.0 -9999.0 -9999.0 -9999.0 -9999.0 -9999.0 -9999.0 -9999.0 -9999.0 -9999.0 -9999.0 -9999.0 -9999.0 -9999.0 -9999.0 -9999.0 -9999.0 -9999.0 -9999.0 -9999.0 -9999.0 -9999.0 -9999.0 -9999.0 -9999.0 -9999.0 -9999.0 -9999.0 -9999.0 -9999.0 -9999.0 -9999.0 -9999.0 -9999.0 -9999.0 -9999.0 -9999.0 -9999.0 -9999.0 -9999.0 -9999.0 -9999.0