inst/processing_geotop_simulation/geotop_simulation/out/maps3D/PwL0010N0132.asc
ncols         104
nrows         10
xllcorner     -2.000000
yllcorner     0.000000
cellsize      1.000000
NODATA_value  -9999.0
-9999.0 -9999.0 -9999.0 -9999.0 -9999.0 -9999.0 -9999.0 -9999.0 -9999.0 -9999.0 -9999.0 -9999.0 -9999.0 -9999.0 -9999.0 -9999.0 -9999.0 -9999.0 -9999.0 -9999.0 -9999.0 -9999.0 -9999.0 -9999.0 -9999.0 -9999.0 -9999.0 -9999.0 -9999.0 -9999.0 -9999.0 -9999.0 -9999.0 -9999.0 -9999.0 -9999.0 -9999.0 -9999.0 -9999.0 -9999.0 -9999.0 -9999.0 -9999.0 -9999.0 -9999.0 -9999.0 -9999.0 -9999.0 -9999.0 -9999.0 -9999.0 -9999.0 -9999.0 -9999.0 -9999.0 -9999.0 -9999.0 -9999.0 -9999.0 -9999.0 -9999.0 -9999.0 -9999.0 -9999.0 -9999.0 -9999.0 -9999.0 -9999.0 -9999.0 -9999.0 -9999.0 -9999.0 -9999.0 -9999.0 -9999.0 -9999.0 -9999.0 -9999.0 -9999.0 -9999.0 -9999.0 -9999.0 -9999.0 -9999.0 -9999.0 -9999.0 -9999.0 -9999.0 -9999.0 -9999.0 -9999.0 -9999.0 -9999.0 -9999.0 -9999.0 -9999.0 -9999.0 -9999.0 -9999.0 -9999.0 -9999.0 -9999.0 -9999.0 -9999.0
-9999.0 -9999.0 -9999.0 -9999.0 -9999.0 -9999.0 -9999.0 -9999.0 -9999.0 -9999.0 -9999.0 -9999.0 -9999.0 -9999.0 -9999.0 -9999.0 -9999.0 -9999.0 -9999.0 -9999.0 -9999.0 -9999.0 -9999.0 -9999.0 -9999.0 -9999.0 -9999.0 -9999.0 -9999.0 -9999.0 -9999.0 -9999.0 -9999.0 -9999.0 -9999.0 -9999.0 -9999.0 -9999.0 -9999.0 -9999.0 -9999.0 -9999.0 -9999.0 -9999.0 -9999.0 -9999.0 -9999.0 -9999.0 -9999.0 -9999.0 -9999.0 -9999.0 -9999.0 -9999.0 -9999.0 -9999.0 -9999.0 -9999.0 -9999.0 -9999.0 -9999.0 -9999.0 -9999.0 -9999.0 -9999.0 -9999.0 -9999.0 -9999.0 -9999.0 -9999.0 -9999.0 -9999.0 -9999.0 -9999.0 -9999.0 -9999.0 -9999.0 -9999.0 -9999.0 -9999.0 -9999.0 -9999.0 -9999.0 -9999.0 -9999.0 -9999.0 -9999.0 -9999.0 -9999.0 -9999.0 -9999.0 -9999.0 -9999.0 -9999.0 -9999.0 -9999.0 -9999.0 -9999.0 -9999.0 -9999.0 -9999.0 -9999.0 -9999.0 -9999.0
-9999.0 -9999.0 487.297701 398.093911 305.518079 211.341992 116.481647 21.335005 -73.892154 -169.113739 -264.238285 -359.152179 -453.776525 -548.464936 -643.761385 -738.845466 -833.679440 -927.706209 -1019.608083 -1106.621834 -1178.378410 -1231.789441 -1268.218073 -1291.542050 -1305.991205 -1314.909976 -1320.517979 -1324.142158 -1326.540409 -1328.150344 -1329.238431 -1329.975313 -1330.474350 -1330.811926 -1331.039704 -1331.194561 -1331.310389 -1331.436703 -1331.728901 -1333.270885 -1342.934445 -1398.321582 -1619.513495 -2295.262716 -2064.759301 -1943.261672 -1890.860212 -1884.507252 -1883.875959 -1883.941385 -1884.104627 -1884.279335 -1884.446985 -1884.602090 -1884.745407 -1884.906718 -1885.384860 -1888.847795 -1915.088134 -1976.922596 -2085.356207 -1453.267213 -1371.853309 -1338.583052 -1332.606029 -1331.760030 -1331.639008 -1331.620055 -1331.618037 -1331.619049 -1331.620384 -1331.621514 -1331.622387 -1331.623048 -1331.623552 -1331.623943 -1331.624252 -1331.624501 -1331.624708 -1331.624890 -1331.625068 -1331.625264 -1331.625509 -1331.625849 -1331.626350 -1331.627120 -1331.628330 -1331.630261 -1331.633390 -1331.638542 -1331.647198 -1331.662112 -1331.688558 -1331.736889 -1331.827719 -1332.002476 -1332.345819 -1333.038293 -1334.496244 -1337.771033 -1345.776482 -1368.584505 -9999.0 -9999.0
-9999.0 -9999.0 487.304723 398.095881 305.518630 211.342159 116.481700 21.335023 -73.892148 -169.113737 -264.238285 -359.152178 -453.776525 -548.464936 -643.761385 -738.845466 -833.679440 -927.706210 -1019.608083 -1106.621835 -1178.378411 -1231.789441 -1268.218073 -1291.542050 -1305.991205 -1314.909976 -1320.517979 -1324.142158 -1326.540409 -1328.150344 -1329.238431 -1329.975313 -1330.474350 -1330.811926 -1331.039704 -1331.194561 -1331.310389 -1331.436703 -1331.728901 -1333.270885 -1342.934445 -1398.321582 -1619.513495 -2295.262714 -2064.759299 -1943.261669 -1890.860212 -1884.507252 -1883.875959 -1883.941385 -1884.104627 -1884.279335 -1884.446985 -1884.602090 -1884.745407 -1884.906718 -1885.384860 -1888.847795 -1915.088134 -1976.922596 -2085.356207 -1453.267213 -1371.853309 -1338.583052 -1332.606029 -1331.760030 -1331.639008 -1331.620055 -1331.618037 -1331.619049 -1331.620384 -1331.621514 -1331.622387 -1331.623048 -1331.623552 -1331.623943 -1331.624252 -1331.624501 -1331.624708 -1331.624890 -1331.625068 -1331.625264 -1331.625509 -1331.625849 -1331.626350 -1331.627120 -1331.628330 -1331.630261 -1331.633390 -1331.638542 -1331.647198 -1331.662112 -1331.688558 -1331.736889 -1331.827719 -1332.002476 -1332.345819 -1333.038293 -1334.496244 -1337.771033 -1345.776482 -1368.584505 -9999.0 -9999.0
-9999.0 -9999.0 487.306388 398.096762 305.518986 211.342290 116.481747 21.335039 -73.892142 -169.113735 -264.238284 -359.152178 -453.776525 -548.464936 -643.761385 -738.845466 -833.679440 -927.706210 -1019.608083 -1106.621835 -1178.378411 -1231.789441 -1268.218073 -1291.542050 -1305.991205 -1314.909976 -1320.517979 -1324.142158 -1326.540409 -1328.150344 -1329.238431 -1329.975313 -1330.474350 -1330.811926 -1331.039704 -1331.194561 -1331.310389 -1331.436703 -1331.728901 -1333.270885 -1342.934445 -1398.321582 -1619.513494 -2295.262714 -2064.759299 -1943.261667 -1890.860212 -1884.507252 -1883.875959 -1883.941385 -1884.104627 -1884.279335 -1884.446985 -1884.602090 -1884.745407 -1884.906718 -1885.384860 -1888.847795 -1915.088134 -1976.922596 -2085.356207 -1453.267213 -1371.853309 -1338.583052 -1332.606029 -1331.760030 -1331.639008 -1331.620055 -1331.618037 -1331.619049 -1331.620384 -1331.621514 -1331.622387 -1331.623048 -1331.623552 -1331.623943 -1331.624252 -1331.624501 -1331.624708 -1331.624890 -1331.625068 -1331.625264 -1331.625509 -1331.625849 -1331.626350 -1331.627120 -1331.628330 -1331.630261 -1331.633390 -1331.638542 -1331.647198 -1331.662112 -1331.688558 -1331.736889 -1331.827719 -1332.002476 -1332.345819 -1333.038293 -1334.496244 -1337.771033 -1345.776482 -1368.584505 -9999.0 -9999.0
-9999.0 -9999.0 487.306388 398.096762 305.518986 211.342290 116.481747 21.335039 -73.892142 -169.113735 -264.238284 -359.152178 -453.776525 -548.464936 -643.761385 -738.845466 -833.679440 -927.706210 -1019.608083 -1106.621835 -1178.378411 -1231.789441 -1268.218073 -1291.542050 -1305.991205 -1314.909976 -1320.517979 -1324.142158 -1326.540409 -1328.150344 -1329.238431 -1329.975313 -1330.474350 -1330.811926 -1331.039704 -1331.194561 -1331.310389 -1331.436703 -1331.728901 -1333.270885 -1342.934445 -1398.321582 -1619.513494 -2295.262714 -2064.759299 -1943.261667 -1890.860212 -1884.507252 -1883.875959 -1883.941385 -1884.104627 -1884.279335 -1884.446985 -1884.602090 -1884.745407 -1884.906718 -1885.384860 -1888.847795 -1915.088134 -1976.922596 -2085.356207 -1453.267213 -1371.853309 -1338.583052 -1332.606029 -1331.760030 -1331.639008 -1331.620055 -1331.618037 -1331.619049 -1331.620384 -1331.621514 -1331.622387 -1331.623048 -1331.623552 -1331.623943 -1331.624252 -1331.624501 -1331.624708 -1331.624890 -1331.625068 -1331.625264 -1331.625509 -1331.625849 -1331.626350 -1331.627120 -1331.628330 -1331.630261 -1331.633390 -1331.638542 -1331.647198 -1331.662112 -1331.688558 -1331.736889 -1331.827719 -1332.002476 -1332.345819 -1333.038293 -1334.496244 -1337.771033 -1345.776482 -1368.584505 -9999.0 -9999.0
-9999.0 -9999.0 487.304723 398.095881 305.518630 211.342159 116.481701 21.335022 -73.892148 -169.113737 -264.238284 -359.152178 -453.776525 -548.464936 -643.761385 -738.845466 -833.679440 -927.706210 -1019.608083 -1106.621835 -1178.378411 -1231.789441 -1268.218073 -1291.542050 -1305.991205 -1314.909976 -1320.517979 -1324.142158 -1326.540409 -1328.150344 -1329.238431 -1329.975313 -1330.474350 -1330.811926 -1331.039704 -1331.194561 -1331.310389 -1331.436703 -1331.728901 -1333.270885 -1342.934445 -1398.321582 -1619.513495 -2295.262714 -2064.759299 -1943.261669 -1890.860212 -1884.507252 -1883.875959 -1883.941385 -1884.104627 -1884.279335 -1884.446985 -1884.602090 -1884.745407 -1884.906718 -1885.384860 -1888.847795 -1915.088134 -1976.922596 -2085.356207 -1453.267213 -1371.853309 -1338.583052 -1332.606029 -1331.760030 -1331.639008 -1331.620055 -1331.618037 -1331.619049 -1331.620384 -1331.621514 -1331.622387 -1331.623048 -1331.623552 -1331.623943 -1331.624252 -1331.624501 -1331.624708 -1331.624890 -1331.625068 -1331.625264 -1331.625509 -1331.625849 -1331.626350 -1331.627120 -1331.628330 -1331.630261 -1331.633390 -1331.638542 -1331.647198 -1331.662112 -1331.688558 -1331.736889 -1331.827719 -1332.002476 -1332.345819 -1333.038293 -1334.496244 -1337.771033 -1345.776482 -1368.584505 -9999.0 -9999.0
-9999.0 -9999.0 487.297701 398.093911 305.518079 211.341992 116.481647 21.335005 -73.892154 -169.113739 -264.238285 -359.152179 -453.776525 -548.464936 -643.761385 -738.845466 -833.679440 -927.706209 -1019.608083 -1106.621834 -1178.378410 -1231.789441 -1268.218073 -1291.542050 -1305.991205 -1314.909976 -1320.517979 -1324.142158 -1326.540409 -1328.150344 -1329.238431 -1329.975313 -1330.474350 -1330.811926 -1331.039704 -1331.194561 -1331.310389 -1331.436703 -1331.728901 -1333.270885 -1342.934445 -1398.321582 -1619.513495 -2295.262716 -2064.759301 -1943.261672 -1890.860212 -1884.507252 -1883.875959 -1883.941385 -1884.104627 -1884.279335 -1884.446985 -1884.602090 -1884.745407 -1884.906718 -1885.384860 -1888.847795 -1915.088134 -1976.922596 -2085.356207 -1453.267213 -1371.853309 -1338.583052 -1332.606029 -1331.760030 -1331.639008 -1331.620055 -1331.618037 -1331.619049 -1331.620384 -1331.621514 -1331.622387 -1331.623048 -1331.623552 -1331.623943 -1331.624252 -1331.624501 -1331.624708 -1331.624890 -1331.625068 -1331.625264 -1331.625509 -1331.625849 -1331.626350 -1331.627120 -1331.628330 -1331.630261 -1331.633390 -1331.638542 -1331.647198 -1331.662112 -1331.688558 -1331.736889 -1331.827719 -1332.002476 -1332.345819 -1333.038293 -1334.496244 -1337.771033 -1345.776482 -1368.584505 -9999.0 -9999.0
-9999.0 -9999.0 -9999.0 -9999.0 -9999.0 -9999.0 -9999.0 -9999.0 -9999.0 -9999.0 -9999.0 -9999.0 -9999.0 -9999.0 -9999.0 -9999.0 -9999.0 -9999.0 -9999.0 -9999.0 -9999.0 -9999.0 -9999.0 -9999.0 -9999.0 -9999.0 -9999.0 -9999.0 -9999.0 -9999.0 -9999.0 -9999.0 -9999.0 -9999.0 -9999.0 -9999.0 -9999.0 -9999.0 -9999.0 -9999.0 -9999.0 -9999.0 -9999.0 -9999.0 -9999.0 -9999.0 -9999.0 -9999.0 -9999.0 -9999.0 -9999.0 -9999.0 -9999.0 -9999.0 -9999.0 -9999.0 -9999.0 -9999.0 -9999.0 -9999.0 -9999.0 -9999.0 -9999.0 -9999.0 -9999.0 -9999.0 -9999.0 -9999.0 -9999.0 -9999.0 -9999.0 -9999.0 -9999.0 -9999.0 -9999.0 -9999.0 -9999.0 -9999.0 -9999.0 -9999.0 -9999.0 -9999.0 -9999.0 -9999.0 -9999.0 -9999.0 -9999.0 -9999.0 -9999.0 -9999.0 -9999.0 -9999.0 -9999.0 -9999.0 -9999.0 -9999.0 -9999.0 -9999.0 -9999.0 -9999.0 -9999.0 -9999.0 -9999.0 -9999.0
-9999.0 -9999.0 -9999.0 -9999.0 -9999.0 -9999.0 -9999.0 -9999.0 -9999.0 -9999.0 -9999.0 -9999.0 -9999.0 -9999.0 -9999.0 -9999.0 -9999.0 -9999.0 -9999.0 -9999.0 -9999.0 -9999.0 -9999.0 -9999.0 -9999.0 -9999.0 -9999.0 -9999.0 -9999.0 -9999.0 -9999.0 -9999.0 -9999.0 -9999.0 -9999.0 -9999.0 -9999.0 -9999.0 -9999.0 -9999.0 -9999.0 -9999.0 -9999.0 -9999.0 -9999.0 -9999.0 -9999.0 -9999.0 -9999.0 -9999.0 -9999.0 -9999.0 -9999.0 -9999.0 -9999.0 -9999.0 -9999.0 -9999.0 -9999.0 -9999.0 -9999.0 -9999.0 -9999.0 -9999.0 -9999.0 -9999.0 -9999.0 -9999.0 -9999.0 -9999.0 -9999.0 -9999.0 -9999.0 -9999.0 -9999.0 -9999.0 -9999.0 -9999.0 -9999.0 -9999.0 -9999.0 -9999.0 -9999.0 -9999.0 -9999.0 -9999.0 -9999.0 -9999.0 -9999.0 -9999.0 -9999.0 -9999.0 -9999.0 -9999.0 -9999.0 -9999.0 -9999.0 -9999.0 -9999.0 -9999.0 -9999.0 -9999.0 -9999.0 -9999.0