inst/processing_geotop_simulation/geotop_simulation/out/maps3D/PwL0020N0267.asc
ncols         104
nrows         10
xllcorner     -2.000000
yllcorner     0.000000
cellsize      1.000000
NODATA_value  -9999.0
-9999.0 -9999.0 -9999.0 -9999.0 -9999.0 -9999.0 -9999.0 -9999.0 -9999.0 -9999.0 -9999.0 -9999.0 -9999.0 -9999.0 -9999.0 -9999.0 -9999.0 -9999.0 -9999.0 -9999.0 -9999.0 -9999.0 -9999.0 -9999.0 -9999.0 -9999.0 -9999.0 -9999.0 -9999.0 -9999.0 -9999.0 -9999.0 -9999.0 -9999.0 -9999.0 -9999.0 -9999.0 -9999.0 -9999.0 -9999.0 -9999.0 -9999.0 -9999.0 -9999.0 -9999.0 -9999.0 -9999.0 -9999.0 -9999.0 -9999.0 -9999.0 -9999.0 -9999.0 -9999.0 -9999.0 -9999.0 -9999.0 -9999.0 -9999.0 -9999.0 -9999.0 -9999.0 -9999.0 -9999.0 -9999.0 -9999.0 -9999.0 -9999.0 -9999.0 -9999.0 -9999.0 -9999.0 -9999.0 -9999.0 -9999.0 -9999.0 -9999.0 -9999.0 -9999.0 -9999.0 -9999.0 -9999.0 -9999.0 -9999.0 -9999.0 -9999.0 -9999.0 -9999.0 -9999.0 -9999.0 -9999.0 -9999.0 -9999.0 -9999.0 -9999.0 -9999.0 -9999.0 -9999.0 -9999.0 -9999.0 -9999.0 -9999.0 -9999.0 -9999.0
-9999.0 -9999.0 -9999.0 -9999.0 -9999.0 -9999.0 -9999.0 -9999.0 -9999.0 -9999.0 -9999.0 -9999.0 -9999.0 -9999.0 -9999.0 -9999.0 -9999.0 -9999.0 -9999.0 -9999.0 -9999.0 -9999.0 -9999.0 -9999.0 -9999.0 -9999.0 -9999.0 -9999.0 -9999.0 -9999.0 -9999.0 -9999.0 -9999.0 -9999.0 -9999.0 -9999.0 -9999.0 -9999.0 -9999.0 -9999.0 -9999.0 -9999.0 -9999.0 -9999.0 -9999.0 -9999.0 -9999.0 -9999.0 -9999.0 -9999.0 -9999.0 -9999.0 -9999.0 -9999.0 -9999.0 -9999.0 -9999.0 -9999.0 -9999.0 -9999.0 -9999.0 -9999.0 -9999.0 -9999.0 -9999.0 -9999.0 -9999.0 -9999.0 -9999.0 -9999.0 -9999.0 -9999.0 -9999.0 -9999.0 -9999.0 -9999.0 -9999.0 -9999.0 -9999.0 -9999.0 -9999.0 -9999.0 -9999.0 -9999.0 -9999.0 -9999.0 -9999.0 -9999.0 -9999.0 -9999.0 -9999.0 -9999.0 -9999.0 -9999.0 -9999.0 -9999.0 -9999.0 -9999.0 -9999.0 -9999.0 -9999.0 -9999.0 -9999.0 -9999.0
-9999.0 -9999.0 972.238499 874.262613 776.145379 677.780347 579.277339 480.712263 382.127556 283.546542 184.982280 86.442262 -12.065964 -110.534708 -208.953287 -307.276818 -405.414940 -503.198524 -600.338976 -696.364261 -792.785634 -888.426524 -983.027495 -1076.308112 -1156.461199 -1226.891753 -1286.295376 -1334.398543 -1371.894177 -1400.150858 -1420.845277 -1435.652713 -1446.055086 -1453.260670 -1458.200351 -1461.565410 -1463.867490 -1465.543099 -1467.274226 -1471.174894 -1484.740755 -1538.115571 -1812.100049 -3855.379706 -3985.058143 -3985.052874 -3982.347969 -3956.693770 -3864.936941 -3688.372496 -3458.953999 -3198.907542 -3021.655681 -2904.262787 -2795.344298 -2683.023195 -2564.868885 -2443.557265 -2323.310291 -2206.634172 -2075.909708 -1521.396112 -1496.328283 -1476.566371 -1470.412957 -1468.988630 -1468.723862 -1468.680384 -1468.674057 -1468.673711 -1468.674253 -1468.674827 -1468.675300 -1468.675674 -1468.675969 -1468.676207 -1468.676403 -1468.676568 -1468.676713 -1468.676846 -1468.676979 -1468.677124 -1468.677299 -1468.677528 -1468.677852 -1468.678330 -1468.679064 -1468.680221 -1468.682086 -1468.685169 -1468.690402 -1468.699553 -1468.716067 -1468.746820 -1468.805885 -1468.923100 -1469.165360 -1469.693615 -1470.921805 -1473.978989 -1482.229220 -1507.500097 -9999.0 -9999.0
-9999.0 -9999.0 972.241504 874.263775 776.145764 677.780474 579.277381 480.712278 382.127562 283.546544 184.982281 86.442262 -12.065964 -110.534708 -208.953287 -307.276818 -405.414941 -503.198524 -600.338976 -696.364261 -792.785634 -888.426524 -983.027495 -1076.308112 -1156.461199 -1226.891753 -1286.295377 -1334.398543 -1371.894177 -1400.150858 -1420.845277 -1435.652713 -1446.055086 -1453.260670 -1458.200351 -1461.565410 -1463.867490 -1465.543099 -1467.274226 -1471.174894 -1484.740755 -1538.115571 -1812.100049 -3855.379706 -3985.058143 -3985.052874 -3982.347969 -3956.693769 -3864.936941 -3688.372495 -3458.953995 -3198.907540 -3021.655680 -2904.262787 -2795.344298 -2683.023195 -2564.868884 -2443.557265 -2323.310291 -2206.634172 -2075.909708 -1521.396112 -1496.328283 -1476.566371 -1470.412957 -1468.988630 -1468.723862 -1468.680384 -1468.674057 -1468.673711 -1468.674253 -1468.674827 -1468.675300 -1468.675674 -1468.675969 -1468.676207 -1468.676403 -1468.676568 -1468.676713 -1468.676846 -1468.676979 -1468.677124 -1468.677299 -1468.677528 -1468.677852 -1468.678330 -1468.679064 -1468.680221 -1468.682086 -1468.685169 -1468.690402 -1468.699553 -1468.716067 -1468.746820 -1468.805885 -1468.923100 -1469.165360 -1469.693615 -1470.921805 -1473.978989 -1482.229220 -1507.500097 -9999.0 -9999.0
-9999.0 -9999.0 972.242676 874.264406 776.146031 677.780576 579.277419 480.712292 382.127567 283.546546 184.982282 86.442263 -12.065964 -110.534708 -208.953287 -307.276818 -405.414941 -503.198524 -600.338976 -696.364261 -792.785634 -888.426524 -983.027495 -1076.308112 -1156.461199 -1226.891754 -1286.295377 -1334.398543 -1371.894177 -1400.150858 -1420.845277 -1435.652713 -1446.055086 -1453.260670 -1458.200351 -1461.565410 -1463.867490 -1465.543099 -1467.274226 -1471.174894 -1484.740755 -1538.115571 -1812.100049 -3855.379705 -3985.058143 -3985.052874 -3982.347969 -3956.693769 -3864.936941 -3688.372493 -3458.953993 -3198.907539 -3021.655680 -2904.262787 -2795.344298 -2683.023195 -2564.868884 -2443.557264 -2323.310291 -2206.634172 -2075.909708 -1521.396112 -1496.328283 -1476.566371 -1470.412957 -1468.988630 -1468.723862 -1468.680384 -1468.674057 -1468.673711 -1468.674253 -1468.674827 -1468.675300 -1468.675674 -1468.675969 -1468.676207 -1468.676403 -1468.676568 -1468.676713 -1468.676846 -1468.676979 -1468.677124 -1468.677299 -1468.677528 -1468.677852 -1468.678330 -1468.679064 -1468.680221 -1468.682086 -1468.685169 -1468.690402 -1468.699553 -1468.716067 -1468.746820 -1468.805885 -1468.923100 -1469.165360 -1469.693615 -1470.921805 -1473.978989 -1482.229220 -1507.500097 -9999.0 -9999.0
-9999.0 -9999.0 972.242675 874.264406 776.146031 677.780577 579.277419 480.712292 382.127567 283.546546 184.982282 86.442263 -12.065963 -110.534708 -208.953287 -307.276818 -405.414941 -503.198524 -600.338976 -696.364261 -792.785634 -888.426524 -983.027495 -1076.308112 -1156.461199 -1226.891754 -1286.295377 -1334.398543 -1371.894177 -1400.150858 -1420.845277 -1435.652713 -1446.055086 -1453.260670 -1458.200351 -1461.565410 -1463.867490 -1465.543099 -1467.274226 -1471.174894 -1484.740755 -1538.115571 -1812.100049 -3855.379705 -3985.058143 -3985.052874 -3982.347969 -3956.693769 -3864.936941 -3688.372494 -3458.953994 -3198.907540 -3021.655680 -2904.262787 -2795.344297 -2683.023195 -2564.868884 -2443.557264 -2323.310291 -2206.634172 -2075.909708 -1521.396112 -1496.328283 -1476.566371 -1470.412957 -1468.988630 -1468.723862 -1468.680384 -1468.674057 -1468.673711 -1468.674253 -1468.674827 -1468.675300 -1468.675674 -1468.675969 -1468.676207 -1468.676403 -1468.676568 -1468.676713 -1468.676846 -1468.676979 -1468.677124 -1468.677299 -1468.677528 -1468.677852 -1468.678330 -1468.679064 -1468.680221 -1468.682086 -1468.685169 -1468.690402 -1468.699553 -1468.716067 -1468.746820 -1468.805885 -1468.923100 -1469.165360 -1469.693615 -1470.921805 -1473.978989 -1482.229220 -1507.500097 -9999.0 -9999.0
-9999.0 -9999.0 972.241505 874.263775 776.145764 677.780474 579.277382 480.712278 382.127562 283.546544 184.982281 86.442262 -12.065964 -110.534708 -208.953287 -307.276818 -405.414941 -503.198524 -600.338976 -696.364261 -792.785634 -888.426524 -983.027495 -1076.308112 -1156.461199 -1226.891753 -1286.295377 -1334.398543 -1371.894177 -1400.150858 -1420.845277 -1435.652713 -1446.055086 -1453.260670 -1458.200351 -1461.565410 -1463.867490 -1465.543099 -1467.274226 -1471.174894 -1484.740755 -1538.115571 -1812.100049 -3855.379706 -3985.058143 -3985.052874 -3982.347969 -3956.693769 -3864.936941 -3688.372494 -3458.953995 -3198.907540 -3021.655680 -2904.262787 -2795.344298 -2683.023195 -2564.868885 -2443.557264 -2323.310291 -2206.634172 -2075.909708 -1521.396112 -1496.328283 -1476.566371 -1470.412957 -1468.988630 -1468.723862 -1468.680384 -1468.674057 -1468.673711 -1468.674253 -1468.674827 -1468.675300 -1468.675674 -1468.675969 -1468.676207 -1468.676403 -1468.676568 -1468.676713 -1468.676846 -1468.676979 -1468.677124 -1468.677299 -1468.677528 -1468.677852 -1468.678330 -1468.679064 -1468.680221 -1468.682086 -1468.685169 -1468.690402 -1468.699553 -1468.716067 -1468.746820 -1468.805885 -1468.923100 -1469.165360 -1469.693615 -1470.921805 -1473.978989 -1482.229220 -1507.500097 -9999.0 -9999.0
-9999.0 -9999.0 972.238499 874.262613 776.145379 677.780347 579.277339 480.712263 382.127556 283.546542 184.982280 86.442262 -12.065964 -110.534708 -208.953287 -307.276818 -405.414940 -503.198524 -600.338976 -696.364261 -792.785634 -888.426524 -983.027495 -1076.308112 -1156.461199 -1226.891753 -1286.295376 -1334.398543 -1371.894177 -1400.150858 -1420.845277 -1435.652713 -1446.055086 -1453.260670 -1458.200351 -1461.565410 -1463.867490 -1465.543099 -1467.274226 -1471.174894 -1484.740755 -1538.115571 -1812.100049 -3855.379706 -3985.058143 -3985.052874 -3982.347969 -3956.693770 -3864.936941 -3688.372497 -3458.953999 -3198.907542 -3021.655681 -2904.262787 -2795.344298 -2683.023196 -2564.868885 -2443.557265 -2323.310291 -2206.634172 -2075.909708 -1521.396112 -1496.328283 -1476.566371 -1470.412957 -1468.988630 -1468.723862 -1468.680384 -1468.674057 -1468.673711 -1468.674253 -1468.674827 -1468.675300 -1468.675674 -1468.675969 -1468.676207 -1468.676403 -1468.676568 -1468.676713 -1468.676846 -1468.676979 -1468.677124 -1468.677299 -1468.677528 -1468.677852 -1468.678330 -1468.679064 -1468.680221 -1468.682086 -1468.685169 -1468.690402 -1468.699553 -1468.716067 -1468.746820 -1468.805885 -1468.923100 -1469.165360 -1469.693615 -1470.921805 -1473.978989 -1482.229220 -1507.500097 -9999.0 -9999.0
-9999.0 -9999.0 -9999.0 -9999.0 -9999.0 -9999.0 -9999.0 -9999.0 -9999.0 -9999.0 -9999.0 -9999.0 -9999.0 -9999.0 -9999.0 -9999.0 -9999.0 -9999.0 -9999.0 -9999.0 -9999.0 -9999.0 -9999.0 -9999.0 -9999.0 -9999.0 -9999.0 -9999.0 -9999.0 -9999.0 -9999.0 -9999.0 -9999.0 -9999.0 -9999.0 -9999.0 -9999.0 -9999.0 -9999.0 -9999.0 -9999.0 -9999.0 -9999.0 -9999.0 -9999.0 -9999.0 -9999.0 -9999.0 -9999.0 -9999.0 -9999.0 -9999.0 -9999.0 -9999.0 -9999.0 -9999.0 -9999.0 -9999.0 -9999.0 -9999.0 -9999.0 -9999.0 -9999.0 -9999.0 -9999.0 -9999.0 -9999.0 -9999.0 -9999.0 -9999.0 -9999.0 -9999.0 -9999.0 -9999.0 -9999.0 -9999.0 -9999.0 -9999.0 -9999.0 -9999.0 -9999.0 -9999.0 -9999.0 -9999.0 -9999.0 -9999.0 -9999.0 -9999.0 -9999.0 -9999.0 -9999.0 -9999.0 -9999.0 -9999.0 -9999.0 -9999.0 -9999.0 -9999.0 -9999.0 -9999.0 -9999.0 -9999.0 -9999.0 -9999.0
-9999.0 -9999.0 -9999.0 -9999.0 -9999.0 -9999.0 -9999.0 -9999.0 -9999.0 -9999.0 -9999.0 -9999.0 -9999.0 -9999.0 -9999.0 -9999.0 -9999.0 -9999.0 -9999.0 -9999.0 -9999.0 -9999.0 -9999.0 -9999.0 -9999.0 -9999.0 -9999.0 -9999.0 -9999.0 -9999.0 -9999.0 -9999.0 -9999.0 -9999.0 -9999.0 -9999.0 -9999.0 -9999.0 -9999.0 -9999.0 -9999.0 -9999.0 -9999.0 -9999.0 -9999.0 -9999.0 -9999.0 -9999.0 -9999.0 -9999.0 -9999.0 -9999.0 -9999.0 -9999.0 -9999.0 -9999.0 -9999.0 -9999.0 -9999.0 -9999.0 -9999.0 -9999.0 -9999.0 -9999.0 -9999.0 -9999.0 -9999.0 -9999.0 -9999.0 -9999.0 -9999.0 -9999.0 -9999.0 -9999.0 -9999.0 -9999.0 -9999.0 -9999.0 -9999.0 -9999.0 -9999.0 -9999.0 -9999.0 -9999.0 -9999.0 -9999.0 -9999.0 -9999.0 -9999.0 -9999.0 -9999.0 -9999.0 -9999.0 -9999.0 -9999.0 -9999.0 -9999.0 -9999.0 -9999.0 -9999.0 -9999.0 -9999.0 -9999.0 -9999.0