inst/processing_geotop_simulation/geotop_simulation/out/maps3D/PwL0019N0065.asc
ncols         104
nrows         10
xllcorner     -2.000000
yllcorner     0.000000
cellsize      1.000000
NODATA_value  -9999.0
-9999.0 -9999.0 -9999.0 -9999.0 -9999.0 -9999.0 -9999.0 -9999.0 -9999.0 -9999.0 -9999.0 -9999.0 -9999.0 -9999.0 -9999.0 -9999.0 -9999.0 -9999.0 -9999.0 -9999.0 -9999.0 -9999.0 -9999.0 -9999.0 -9999.0 -9999.0 -9999.0 -9999.0 -9999.0 -9999.0 -9999.0 -9999.0 -9999.0 -9999.0 -9999.0 -9999.0 -9999.0 -9999.0 -9999.0 -9999.0 -9999.0 -9999.0 -9999.0 -9999.0 -9999.0 -9999.0 -9999.0 -9999.0 -9999.0 -9999.0 -9999.0 -9999.0 -9999.0 -9999.0 -9999.0 -9999.0 -9999.0 -9999.0 -9999.0 -9999.0 -9999.0 -9999.0 -9999.0 -9999.0 -9999.0 -9999.0 -9999.0 -9999.0 -9999.0 -9999.0 -9999.0 -9999.0 -9999.0 -9999.0 -9999.0 -9999.0 -9999.0 -9999.0 -9999.0 -9999.0 -9999.0 -9999.0 -9999.0 -9999.0 -9999.0 -9999.0 -9999.0 -9999.0 -9999.0 -9999.0 -9999.0 -9999.0 -9999.0 -9999.0 -9999.0 -9999.0 -9999.0 -9999.0 -9999.0 -9999.0 -9999.0 -9999.0 -9999.0 -9999.0
-9999.0 -9999.0 -9999.0 -9999.0 -9999.0 -9999.0 -9999.0 -9999.0 -9999.0 -9999.0 -9999.0 -9999.0 -9999.0 -9999.0 -9999.0 -9999.0 -9999.0 -9999.0 -9999.0 -9999.0 -9999.0 -9999.0 -9999.0 -9999.0 -9999.0 -9999.0 -9999.0 -9999.0 -9999.0 -9999.0 -9999.0 -9999.0 -9999.0 -9999.0 -9999.0 -9999.0 -9999.0 -9999.0 -9999.0 -9999.0 -9999.0 -9999.0 -9999.0 -9999.0 -9999.0 -9999.0 -9999.0 -9999.0 -9999.0 -9999.0 -9999.0 -9999.0 -9999.0 -9999.0 -9999.0 -9999.0 -9999.0 -9999.0 -9999.0 -9999.0 -9999.0 -9999.0 -9999.0 -9999.0 -9999.0 -9999.0 -9999.0 -9999.0 -9999.0 -9999.0 -9999.0 -9999.0 -9999.0 -9999.0 -9999.0 -9999.0 -9999.0 -9999.0 -9999.0 -9999.0 -9999.0 -9999.0 -9999.0 -9999.0 -9999.0 -9999.0 -9999.0 -9999.0 -9999.0 -9999.0 -9999.0 -9999.0 -9999.0 -9999.0 -9999.0 -9999.0 -9999.0 -9999.0 -9999.0 -9999.0 -9999.0 -9999.0 -9999.0 -9999.0
-9999.0 -9999.0 396.604720 297.008051 197.994727 99.712737 2.202817 -94.701160 -191.890402 -291.089737 -394.220871 -500.788220 -603.366120 -684.179100 -728.612530 -749.448549 -756.943413 -758.459974 -758.130078 -783.034768 -830.780874 -876.455037 -921.247199 -927.262304 -904.178983 -890.859727 -884.042488 -881.291055 -880.907073 -881.767791 -883.165547 -884.680434 -886.086785 -887.283544 -888.244291 -888.984922 -889.553161 -890.035938 -890.508906 -891.363306 -899.120070 -993.972684 -2187.362835 -4032.340449 -4034.653430 -4034.653465 -4034.653465 -4034.653465 -4034.653460 -4034.653437 -4034.653350 -4034.653002 -4034.652267 -4034.651140 -4034.648971 -4034.644035 -4034.630964 -4034.591611 -4034.461092 -4033.998118 -4028.388698 -2069.447503 -966.186447 -897.181218 -891.825476 -891.207132 -891.093705 -891.072699 -891.071442 -891.073931 -891.076633 -891.078850 -891.080550 -891.081839 -891.082825 -891.083593 -891.084202 -891.084695 -891.085103 -891.085463 -891.085810 -891.086189 -891.086661 -891.087310 -891.088265 -891.089727 -891.092017 -891.095663 -891.101547 -891.111189 -891.127291 -891.154831 -891.203299 -891.291287 -891.455841 -891.771394 -892.388926 -893.626200 -896.222942 -902.189775 -917.527300 -957.610071 -9999.0 -9999.0
-9999.0 -9999.0 396.604721 297.008053 197.994729 99.712738 2.202819 -94.701159 -191.890401 -291.089735 -394.220870 -500.788219 -603.366119 -684.179100 -728.612530 -749.448549 -756.943413 -758.459974 -758.130078 -783.034768 -830.780874 -876.455037 -921.247199 -927.262304 -904.178983 -890.859727 -884.042488 -881.291055 -880.907073 -881.767791 -883.165547 -884.680434 -886.086785 -887.283544 -888.244291 -888.984922 -889.553161 -890.035938 -890.508906 -891.363306 -899.120070 -993.972684 -2187.362835 -4032.340449 -4034.653430 -4034.653465 -4034.653465 -4034.653465 -4034.653460 -4034.653437 -4034.653350 -4034.653002 -4034.652267 -4034.651140 -4034.648971 -4034.644035 -4034.630964 -4034.591611 -4034.461092 -4033.998118 -4028.388698 -2069.447503 -966.186447 -897.181218 -891.825476 -891.207132 -891.093705 -891.072699 -891.071442 -891.073931 -891.076633 -891.078850 -891.080550 -891.081839 -891.082825 -891.083593 -891.084202 -891.084695 -891.085103 -891.085463 -891.085810 -891.086189 -891.086661 -891.087310 -891.088265 -891.089727 -891.092017 -891.095663 -891.101547 -891.111189 -891.127291 -891.154831 -891.203299 -891.291287 -891.455841 -891.771394 -892.388926 -893.626200 -896.222942 -902.189775 -917.527300 -957.610071 -9999.0 -9999.0
-9999.0 -9999.0 396.604722 297.008054 197.994730 99.712739 2.202820 -94.701158 -191.890400 -291.089734 -394.220870 -500.788218 -603.366119 -684.179099 -728.612530 -749.448549 -756.943413 -758.459974 -758.130078 -783.034768 -830.780874 -876.455037 -921.247199 -927.262304 -904.178983 -890.859727 -884.042488 -881.291055 -880.907073 -881.767791 -883.165547 -884.680434 -886.086785 -887.283544 -888.244291 -888.984922 -889.553161 -890.035938 -890.508906 -891.363306 -899.120070 -993.972684 -2187.362835 -4032.340449 -4034.653430 -4034.653465 -4034.653465 -4034.653465 -4034.653460 -4034.653437 -4034.653350 -4034.653002 -4034.652267 -4034.651140 -4034.648971 -4034.644035 -4034.630964 -4034.591611 -4034.461092 -4033.998118 -4028.388698 -2069.447503 -966.186447 -897.181218 -891.825476 -891.207132 -891.093705 -891.072699 -891.071442 -891.073931 -891.076633 -891.078850 -891.080550 -891.081839 -891.082825 -891.083593 -891.084202 -891.084695 -891.085103 -891.085463 -891.085810 -891.086189 -891.086661 -891.087310 -891.088265 -891.089727 -891.092017 -891.095663 -891.101547 -891.111189 -891.127291 -891.154831 -891.203299 -891.291287 -891.455841 -891.771394 -892.388926 -893.626200 -896.222942 -902.189775 -917.527300 -957.610071 -9999.0 -9999.0
-9999.0 -9999.0 396.604722 297.008054 197.994730 99.712739 2.202820 -94.701158 -191.890400 -291.089734 -394.220870 -500.788218 -603.366119 -684.179100 -728.612530 -749.448549 -756.943413 -758.459974 -758.130078 -783.034768 -830.780874 -876.455037 -921.247199 -927.262304 -904.178983 -890.859727 -884.042488 -881.291055 -880.907073 -881.767791 -883.165547 -884.680434 -886.086785 -887.283544 -888.244291 -888.984922 -889.553161 -890.035938 -890.508906 -891.363306 -899.120070 -993.972684 -2187.362835 -4032.340449 -4034.653430 -4034.653465 -4034.653465 -4034.653465 -4034.653460 -4034.653437 -4034.653350 -4034.653002 -4034.652267 -4034.651140 -4034.648971 -4034.644035 -4034.630964 -4034.591611 -4034.461092 -4033.998118 -4028.388698 -2069.447503 -966.186447 -897.181218 -891.825476 -891.207132 -891.093705 -891.072699 -891.071442 -891.073931 -891.076633 -891.078850 -891.080550 -891.081839 -891.082825 -891.083593 -891.084202 -891.084695 -891.085103 -891.085463 -891.085810 -891.086189 -891.086661 -891.087310 -891.088265 -891.089727 -891.092017 -891.095663 -891.101547 -891.111189 -891.127291 -891.154831 -891.203299 -891.291287 -891.455841 -891.771394 -892.388926 -893.626200 -896.222942 -902.189775 -917.527300 -957.610071 -9999.0 -9999.0
-9999.0 -9999.0 396.604721 297.008053 197.994729 99.712739 2.202819 -94.701158 -191.890401 -291.089735 -394.220870 -500.788219 -603.366119 -684.179100 -728.612530 -749.448549 -756.943413 -758.459974 -758.130078 -783.034768 -830.780874 -876.455037 -921.247199 -927.262304 -904.178983 -890.859727 -884.042488 -881.291055 -880.907073 -881.767791 -883.165547 -884.680434 -886.086785 -887.283544 -888.244291 -888.984922 -889.553161 -890.035938 -890.508906 -891.363306 -899.120070 -993.972684 -2187.362835 -4032.340449 -4034.653430 -4034.653465 -4034.653465 -4034.653465 -4034.653460 -4034.653437 -4034.653350 -4034.653002 -4034.652267 -4034.651140 -4034.648971 -4034.644035 -4034.630964 -4034.591611 -4034.461092 -4033.998118 -4028.388698 -2069.447503 -966.186447 -897.181218 -891.825476 -891.207132 -891.093705 -891.072699 -891.071442 -891.073931 -891.076633 -891.078850 -891.080550 -891.081839 -891.082825 -891.083593 -891.084202 -891.084695 -891.085103 -891.085463 -891.085810 -891.086189 -891.086661 -891.087310 -891.088265 -891.089727 -891.092017 -891.095663 -891.101547 -891.111189 -891.127291 -891.154831 -891.203299 -891.291287 -891.455841 -891.771394 -892.388926 -893.626200 -896.222942 -902.189775 -917.527300 -957.610071 -9999.0 -9999.0
-9999.0 -9999.0 396.604720 297.008051 197.994727 99.712737 2.202817 -94.701160 -191.890402 -291.089737 -394.220871 -500.788220 -603.366120 -684.179100 -728.612530 -749.448549 -756.943413 -758.459974 -758.130078 -783.034768 -830.780874 -876.455037 -921.247199 -927.262304 -904.178983 -890.859727 -884.042488 -881.291055 -880.907073 -881.767791 -883.165547 -884.680434 -886.086785 -887.283544 -888.244291 -888.984922 -889.553161 -890.035938 -890.508906 -891.363306 -899.120070 -993.972684 -2187.362835 -4032.340449 -4034.653430 -4034.653465 -4034.653465 -4034.653465 -4034.653460 -4034.653437 -4034.653350 -4034.653002 -4034.652267 -4034.651140 -4034.648971 -4034.644035 -4034.630964 -4034.591611 -4034.461092 -4033.998118 -4028.388698 -2069.447503 -966.186447 -897.181218 -891.825476 -891.207132 -891.093705 -891.072699 -891.071442 -891.073931 -891.076633 -891.078850 -891.080550 -891.081839 -891.082825 -891.083593 -891.084202 -891.084695 -891.085103 -891.085463 -891.085810 -891.086189 -891.086661 -891.087310 -891.088265 -891.089727 -891.092017 -891.095663 -891.101547 -891.111189 -891.127291 -891.154831 -891.203299 -891.291287 -891.455841 -891.771394 -892.388926 -893.626200 -896.222942 -902.189775 -917.527300 -957.610071 -9999.0 -9999.0
-9999.0 -9999.0 -9999.0 -9999.0 -9999.0 -9999.0 -9999.0 -9999.0 -9999.0 -9999.0 -9999.0 -9999.0 -9999.0 -9999.0 -9999.0 -9999.0 -9999.0 -9999.0 -9999.0 -9999.0 -9999.0 -9999.0 -9999.0 -9999.0 -9999.0 -9999.0 -9999.0 -9999.0 -9999.0 -9999.0 -9999.0 -9999.0 -9999.0 -9999.0 -9999.0 -9999.0 -9999.0 -9999.0 -9999.0 -9999.0 -9999.0 -9999.0 -9999.0 -9999.0 -9999.0 -9999.0 -9999.0 -9999.0 -9999.0 -9999.0 -9999.0 -9999.0 -9999.0 -9999.0 -9999.0 -9999.0 -9999.0 -9999.0 -9999.0 -9999.0 -9999.0 -9999.0 -9999.0 -9999.0 -9999.0 -9999.0 -9999.0 -9999.0 -9999.0 -9999.0 -9999.0 -9999.0 -9999.0 -9999.0 -9999.0 -9999.0 -9999.0 -9999.0 -9999.0 -9999.0 -9999.0 -9999.0 -9999.0 -9999.0 -9999.0 -9999.0 -9999.0 -9999.0 -9999.0 -9999.0 -9999.0 -9999.0 -9999.0 -9999.0 -9999.0 -9999.0 -9999.0 -9999.0 -9999.0 -9999.0 -9999.0 -9999.0 -9999.0 -9999.0
-9999.0 -9999.0 -9999.0 -9999.0 -9999.0 -9999.0 -9999.0 -9999.0 -9999.0 -9999.0 -9999.0 -9999.0 -9999.0 -9999.0 -9999.0 -9999.0 -9999.0 -9999.0 -9999.0 -9999.0 -9999.0 -9999.0 -9999.0 -9999.0 -9999.0 -9999.0 -9999.0 -9999.0 -9999.0 -9999.0 -9999.0 -9999.0 -9999.0 -9999.0 -9999.0 -9999.0 -9999.0 -9999.0 -9999.0 -9999.0 -9999.0 -9999.0 -9999.0 -9999.0 -9999.0 -9999.0 -9999.0 -9999.0 -9999.0 -9999.0 -9999.0 -9999.0 -9999.0 -9999.0 -9999.0 -9999.0 -9999.0 -9999.0 -9999.0 -9999.0 -9999.0 -9999.0 -9999.0 -9999.0 -9999.0 -9999.0 -9999.0 -9999.0 -9999.0 -9999.0 -9999.0 -9999.0 -9999.0 -9999.0 -9999.0 -9999.0 -9999.0 -9999.0 -9999.0 -9999.0 -9999.0 -9999.0 -9999.0 -9999.0 -9999.0 -9999.0 -9999.0 -9999.0 -9999.0 -9999.0 -9999.0 -9999.0 -9999.0 -9999.0 -9999.0 -9999.0 -9999.0 -9999.0 -9999.0 -9999.0 -9999.0 -9999.0 -9999.0 -9999.0