inst/processing_geotop_simulation/geotop_simulation/out/maps3D/PwL0008N0106.asc
ncols         104
nrows         10
xllcorner     -2.000000
yllcorner     0.000000
cellsize      1.000000
NODATA_value  -9999.0
-9999.0 -9999.0 -9999.0 -9999.0 -9999.0 -9999.0 -9999.0 -9999.0 -9999.0 -9999.0 -9999.0 -9999.0 -9999.0 -9999.0 -9999.0 -9999.0 -9999.0 -9999.0 -9999.0 -9999.0 -9999.0 -9999.0 -9999.0 -9999.0 -9999.0 -9999.0 -9999.0 -9999.0 -9999.0 -9999.0 -9999.0 -9999.0 -9999.0 -9999.0 -9999.0 -9999.0 -9999.0 -9999.0 -9999.0 -9999.0 -9999.0 -9999.0 -9999.0 -9999.0 -9999.0 -9999.0 -9999.0 -9999.0 -9999.0 -9999.0 -9999.0 -9999.0 -9999.0 -9999.0 -9999.0 -9999.0 -9999.0 -9999.0 -9999.0 -9999.0 -9999.0 -9999.0 -9999.0 -9999.0 -9999.0 -9999.0 -9999.0 -9999.0 -9999.0 -9999.0 -9999.0 -9999.0 -9999.0 -9999.0 -9999.0 -9999.0 -9999.0 -9999.0 -9999.0 -9999.0 -9999.0 -9999.0 -9999.0 -9999.0 -9999.0 -9999.0 -9999.0 -9999.0 -9999.0 -9999.0 -9999.0 -9999.0 -9999.0 -9999.0 -9999.0 -9999.0 -9999.0 -9999.0 -9999.0 -9999.0 -9999.0 -9999.0 -9999.0 -9999.0
-9999.0 -9999.0 -9999.0 -9999.0 -9999.0 -9999.0 -9999.0 -9999.0 -9999.0 -9999.0 -9999.0 -9999.0 -9999.0 -9999.0 -9999.0 -9999.0 -9999.0 -9999.0 -9999.0 -9999.0 -9999.0 -9999.0 -9999.0 -9999.0 -9999.0 -9999.0 -9999.0 -9999.0 -9999.0 -9999.0 -9999.0 -9999.0 -9999.0 -9999.0 -9999.0 -9999.0 -9999.0 -9999.0 -9999.0 -9999.0 -9999.0 -9999.0 -9999.0 -9999.0 -9999.0 -9999.0 -9999.0 -9999.0 -9999.0 -9999.0 -9999.0 -9999.0 -9999.0 -9999.0 -9999.0 -9999.0 -9999.0 -9999.0 -9999.0 -9999.0 -9999.0 -9999.0 -9999.0 -9999.0 -9999.0 -9999.0 -9999.0 -9999.0 -9999.0 -9999.0 -9999.0 -9999.0 -9999.0 -9999.0 -9999.0 -9999.0 -9999.0 -9999.0 -9999.0 -9999.0 -9999.0 -9999.0 -9999.0 -9999.0 -9999.0 -9999.0 -9999.0 -9999.0 -9999.0 -9999.0 -9999.0 -9999.0 -9999.0 -9999.0 -9999.0 -9999.0 -9999.0 -9999.0 -9999.0 -9999.0 -9999.0 -9999.0 -9999.0 -9999.0
-9999.0 -9999.0 388.255225 301.328746 209.648882 116.056603 21.687360 -72.980422 -167.755219 -262.550525 -357.375067 -452.845738 -552.641308 -662.169843 -773.500762 -876.913658 -977.422814 -1070.772359 -1155.848380 -1215.500057 -1246.155119 -1259.672162 -1264.674145 -1266.339019 -1267.189642 -1268.190139 -1269.519366 -1271.035436 -1272.535461 -1273.871776 -1274.975395 -1275.837599 -1276.483792 -1276.952503 -1277.283042 -1277.511617 -1277.677220 -1277.834079 -1278.079852 -1279.146779 -1287.006998 -1335.710989 -1256.879043 -1389.175453 -1319.694414 -1279.725223 -1261.664630 -1259.417385 -1259.194018 -1259.220056 -1259.281667 -1259.347482 -1259.410631 -1259.469048 -1259.522964 -1259.583062 -1259.756485 -1260.994959 -1270.157145 -1291.273619 -1327.507203 -1168.526684 -1313.069772 -1283.848276 -1278.869191 -1278.208320 -1278.107051 -1278.089924 -1278.088540 -1278.090076 -1278.091834 -1278.093286 -1278.094398 -1278.095238 -1278.095878 -1278.096374 -1278.096765 -1278.097080 -1278.097341 -1278.097570 -1278.097792 -1278.098035 -1278.098338 -1278.098755 -1278.099371 -1278.100315 -1278.101796 -1278.104157 -1278.107973 -1278.114237 -1278.124723 -1278.142705 -1278.174434 -1278.232141 -1278.340120 -1278.546927 -1278.950297 -1279.752238 -1281.398498 -1284.970595 -1293.359892 -1316.154631 -9999.0 -9999.0
-9999.0 -9999.0 388.263445 301.330858 209.649453 116.056773 21.687414 -72.980404 -167.755213 -262.550523 -357.375066 -452.845737 -552.641308 -662.169843 -773.500762 -876.913658 -977.422814 -1070.772359 -1155.848380 -1215.500057 -1246.155119 -1259.672162 -1264.674145 -1266.339019 -1267.189642 -1268.190139 -1269.519366 -1271.035436 -1272.535461 -1273.871776 -1274.975395 -1275.837599 -1276.483792 -1276.952503 -1277.283042 -1277.511617 -1277.677220 -1277.834079 -1278.079852 -1279.146779 -1287.006998 -1335.710989 -1256.879043 -1389.175453 -1319.694413 -1279.725222 -1261.664630 -1259.417385 -1259.194018 -1259.220056 -1259.281667 -1259.347482 -1259.410631 -1259.469048 -1259.522964 -1259.583062 -1259.756485 -1260.994959 -1270.157145 -1291.273619 -1327.507203 -1168.526684 -1313.069772 -1283.848276 -1278.869191 -1278.208320 -1278.107051 -1278.089924 -1278.088540 -1278.090076 -1278.091834 -1278.093286 -1278.094398 -1278.095238 -1278.095878 -1278.096374 -1278.096765 -1278.097080 -1278.097341 -1278.097570 -1278.097792 -1278.098035 -1278.098338 -1278.098755 -1278.099371 -1278.100315 -1278.101796 -1278.104157 -1278.107973 -1278.114237 -1278.124723 -1278.142705 -1278.174434 -1278.232141 -1278.340120 -1278.546927 -1278.950297 -1279.752238 -1281.398498 -1284.970595 -1293.359892 -1316.154631 -9999.0 -9999.0
-9999.0 -9999.0 388.265133 301.331768 209.649818 116.056907 21.687461 -72.980387 -167.755207 -262.550521 -357.375065 -452.845737 -552.641308 -662.169843 -773.500762 -876.913659 -977.422814 -1070.772359 -1155.848381 -1215.500057 -1246.155119 -1259.672162 -1264.674145 -1266.339019 -1267.189642 -1268.190139 -1269.519366 -1271.035436 -1272.535461 -1273.871776 -1274.975395 -1275.837599 -1276.483792 -1276.952503 -1277.283042 -1277.511617 -1277.677220 -1277.834079 -1278.079852 -1279.146779 -1287.006998 -1335.710989 -1256.879043 -1389.175453 -1319.694413 -1279.725221 -1261.664630 -1259.417385 -1259.194018 -1259.220056 -1259.281667 -1259.347482 -1259.410631 -1259.469048 -1259.522964 -1259.583062 -1259.756485 -1260.994959 -1270.157145 -1291.273619 -1327.507203 -1168.526684 -1313.069772 -1283.848276 -1278.869191 -1278.208320 -1278.107051 -1278.089924 -1278.088540 -1278.090076 -1278.091834 -1278.093286 -1278.094398 -1278.095238 -1278.095878 -1278.096374 -1278.096765 -1278.097080 -1278.097341 -1278.097570 -1278.097792 -1278.098035 -1278.098338 -1278.098755 -1278.099371 -1278.100315 -1278.101796 -1278.104157 -1278.107973 -1278.114237 -1278.124723 -1278.142705 -1278.174434 -1278.232141 -1278.340120 -1278.546927 -1278.950297 -1279.752238 -1281.398498 -1284.970595 -1293.359892 -1316.154631 -9999.0 -9999.0
-9999.0 -9999.0 388.265133 301.331768 209.649818 116.056907 21.687461 -72.980387 -167.755207 -262.550521 -357.375065 -452.845737 -552.641308 -662.169843 -773.500762 -876.913659 -977.422814 -1070.772359 -1155.848381 -1215.500057 -1246.155119 -1259.672162 -1264.674145 -1266.339019 -1267.189642 -1268.190139 -1269.519366 -1271.035436 -1272.535461 -1273.871776 -1274.975395 -1275.837599 -1276.483792 -1276.952503 -1277.283042 -1277.511617 -1277.677220 -1277.834079 -1278.079852 -1279.146779 -1287.006998 -1335.710989 -1256.879043 -1389.175453 -1319.694413 -1279.725221 -1261.664630 -1259.417385 -1259.194018 -1259.220056 -1259.281667 -1259.347482 -1259.410631 -1259.469048 -1259.522964 -1259.583062 -1259.756485 -1260.994959 -1270.157145 -1291.273619 -1327.507203 -1168.526684 -1313.069772 -1283.848276 -1278.869191 -1278.208320 -1278.107051 -1278.089924 -1278.088540 -1278.090076 -1278.091834 -1278.093286 -1278.094398 -1278.095238 -1278.095878 -1278.096374 -1278.096765 -1278.097080 -1278.097341 -1278.097570 -1278.097792 -1278.098035 -1278.098338 -1278.098755 -1278.099371 -1278.100315 -1278.101796 -1278.104157 -1278.107973 -1278.114237 -1278.124723 -1278.142705 -1278.174434 -1278.232141 -1278.340120 -1278.546927 -1278.950297 -1279.752238 -1281.398498 -1284.970595 -1293.359892 -1316.154631 -9999.0 -9999.0
-9999.0 -9999.0 388.263445 301.330858 209.649453 116.056773 21.687414 -72.980404 -167.755213 -262.550523 -357.375066 -452.845737 -552.641308 -662.169843 -773.500762 -876.913658 -977.422814 -1070.772359 -1155.848380 -1215.500057 -1246.155119 -1259.672162 -1264.674145 -1266.339019 -1267.189642 -1268.190139 -1269.519366 -1271.035436 -1272.535461 -1273.871776 -1274.975395 -1275.837599 -1276.483792 -1276.952503 -1277.283042 -1277.511617 -1277.677220 -1277.834079 -1278.079852 -1279.146779 -1287.006998 -1335.710989 -1256.879043 -1389.175453 -1319.694413 -1279.725222 -1261.664630 -1259.417385 -1259.194018 -1259.220056 -1259.281667 -1259.347482 -1259.410631 -1259.469048 -1259.522964 -1259.583062 -1259.756485 -1260.994959 -1270.157145 -1291.273619 -1327.507203 -1168.526684 -1313.069772 -1283.848276 -1278.869191 -1278.208320 -1278.107051 -1278.089924 -1278.088540 -1278.090076 -1278.091834 -1278.093286 -1278.094398 -1278.095238 -1278.095878 -1278.096374 -1278.096765 -1278.097080 -1278.097341 -1278.097570 -1278.097792 -1278.098035 -1278.098338 -1278.098755 -1278.099371 -1278.100315 -1278.101796 -1278.104157 -1278.107973 -1278.114237 -1278.124723 -1278.142705 -1278.174434 -1278.232141 -1278.340120 -1278.546927 -1278.950297 -1279.752238 -1281.398498 -1284.970595 -1293.359892 -1316.154631 -9999.0 -9999.0
-9999.0 -9999.0 388.255225 301.328746 209.648882 116.056603 21.687359 -72.980422 -167.755219 -262.550525 -357.375067 -452.845738 -552.641308 -662.169843 -773.500762 -876.913658 -977.422814 -1070.772359 -1155.848380 -1215.500057 -1246.155119 -1259.672162 -1264.674145 -1266.339019 -1267.189642 -1268.190139 -1269.519366 -1271.035436 -1272.535461 -1273.871776 -1274.975395 -1275.837599 -1276.483792 -1276.952503 -1277.283042 -1277.511617 -1277.677220 -1277.834079 -1278.079852 -1279.146779 -1287.006998 -1335.710989 -1256.879043 -1389.175453 -1319.694414 -1279.725223 -1261.664630 -1259.417385 -1259.194018 -1259.220056 -1259.281667 -1259.347482 -1259.410631 -1259.469048 -1259.522964 -1259.583062 -1259.756485 -1260.994959 -1270.157145 -1291.273619 -1327.507203 -1168.526684 -1313.069772 -1283.848276 -1278.869191 -1278.208320 -1278.107051 -1278.089924 -1278.088540 -1278.090076 -1278.091834 -1278.093286 -1278.094398 -1278.095238 -1278.095878 -1278.096374 -1278.096765 -1278.097080 -1278.097341 -1278.097570 -1278.097792 -1278.098035 -1278.098338 -1278.098755 -1278.099371 -1278.100315 -1278.101796 -1278.104157 -1278.107973 -1278.114237 -1278.124723 -1278.142705 -1278.174434 -1278.232141 -1278.340120 -1278.546927 -1278.950297 -1279.752238 -1281.398498 -1284.970595 -1293.359892 -1316.154631 -9999.0 -9999.0
-9999.0 -9999.0 -9999.0 -9999.0 -9999.0 -9999.0 -9999.0 -9999.0 -9999.0 -9999.0 -9999.0 -9999.0 -9999.0 -9999.0 -9999.0 -9999.0 -9999.0 -9999.0 -9999.0 -9999.0 -9999.0 -9999.0 -9999.0 -9999.0 -9999.0 -9999.0 -9999.0 -9999.0 -9999.0 -9999.0 -9999.0 -9999.0 -9999.0 -9999.0 -9999.0 -9999.0 -9999.0 -9999.0 -9999.0 -9999.0 -9999.0 -9999.0 -9999.0 -9999.0 -9999.0 -9999.0 -9999.0 -9999.0 -9999.0 -9999.0 -9999.0 -9999.0 -9999.0 -9999.0 -9999.0 -9999.0 -9999.0 -9999.0 -9999.0 -9999.0 -9999.0 -9999.0 -9999.0 -9999.0 -9999.0 -9999.0 -9999.0 -9999.0 -9999.0 -9999.0 -9999.0 -9999.0 -9999.0 -9999.0 -9999.0 -9999.0 -9999.0 -9999.0 -9999.0 -9999.0 -9999.0 -9999.0 -9999.0 -9999.0 -9999.0 -9999.0 -9999.0 -9999.0 -9999.0 -9999.0 -9999.0 -9999.0 -9999.0 -9999.0 -9999.0 -9999.0 -9999.0 -9999.0 -9999.0 -9999.0 -9999.0 -9999.0 -9999.0 -9999.0
-9999.0 -9999.0 -9999.0 -9999.0 -9999.0 -9999.0 -9999.0 -9999.0 -9999.0 -9999.0 -9999.0 -9999.0 -9999.0 -9999.0 -9999.0 -9999.0 -9999.0 -9999.0 -9999.0 -9999.0 -9999.0 -9999.0 -9999.0 -9999.0 -9999.0 -9999.0 -9999.0 -9999.0 -9999.0 -9999.0 -9999.0 -9999.0 -9999.0 -9999.0 -9999.0 -9999.0 -9999.0 -9999.0 -9999.0 -9999.0 -9999.0 -9999.0 -9999.0 -9999.0 -9999.0 -9999.0 -9999.0 -9999.0 -9999.0 -9999.0 -9999.0 -9999.0 -9999.0 -9999.0 -9999.0 -9999.0 -9999.0 -9999.0 -9999.0 -9999.0 -9999.0 -9999.0 -9999.0 -9999.0 -9999.0 -9999.0 -9999.0 -9999.0 -9999.0 -9999.0 -9999.0 -9999.0 -9999.0 -9999.0 -9999.0 -9999.0 -9999.0 -9999.0 -9999.0 -9999.0 -9999.0 -9999.0 -9999.0 -9999.0 -9999.0 -9999.0 -9999.0 -9999.0 -9999.0 -9999.0 -9999.0 -9999.0 -9999.0 -9999.0 -9999.0 -9999.0 -9999.0 -9999.0 -9999.0 -9999.0 -9999.0 -9999.0 -9999.0 -9999.0