inst/processing_geotop_simulation/geotop_simulation/out/maps3D/PwL0005N0079.asc
ncols         104
nrows         10
xllcorner     -2.000000
yllcorner     0.000000
cellsize      1.000000
NODATA_value  -9999.0
-9999.0 -9999.0 -9999.0 -9999.0 -9999.0 -9999.0 -9999.0 -9999.0 -9999.0 -9999.0 -9999.0 -9999.0 -9999.0 -9999.0 -9999.0 -9999.0 -9999.0 -9999.0 -9999.0 -9999.0 -9999.0 -9999.0 -9999.0 -9999.0 -9999.0 -9999.0 -9999.0 -9999.0 -9999.0 -9999.0 -9999.0 -9999.0 -9999.0 -9999.0 -9999.0 -9999.0 -9999.0 -9999.0 -9999.0 -9999.0 -9999.0 -9999.0 -9999.0 -9999.0 -9999.0 -9999.0 -9999.0 -9999.0 -9999.0 -9999.0 -9999.0 -9999.0 -9999.0 -9999.0 -9999.0 -9999.0 -9999.0 -9999.0 -9999.0 -9999.0 -9999.0 -9999.0 -9999.0 -9999.0 -9999.0 -9999.0 -9999.0 -9999.0 -9999.0 -9999.0 -9999.0 -9999.0 -9999.0 -9999.0 -9999.0 -9999.0 -9999.0 -9999.0 -9999.0 -9999.0 -9999.0 -9999.0 -9999.0 -9999.0 -9999.0 -9999.0 -9999.0 -9999.0 -9999.0 -9999.0 -9999.0 -9999.0 -9999.0 -9999.0 -9999.0 -9999.0 -9999.0 -9999.0 -9999.0 -9999.0 -9999.0 -9999.0 -9999.0 -9999.0
-9999.0 -9999.0 -9999.0 -9999.0 -9999.0 -9999.0 -9999.0 -9999.0 -9999.0 -9999.0 -9999.0 -9999.0 -9999.0 -9999.0 -9999.0 -9999.0 -9999.0 -9999.0 -9999.0 -9999.0 -9999.0 -9999.0 -9999.0 -9999.0 -9999.0 -9999.0 -9999.0 -9999.0 -9999.0 -9999.0 -9999.0 -9999.0 -9999.0 -9999.0 -9999.0 -9999.0 -9999.0 -9999.0 -9999.0 -9999.0 -9999.0 -9999.0 -9999.0 -9999.0 -9999.0 -9999.0 -9999.0 -9999.0 -9999.0 -9999.0 -9999.0 -9999.0 -9999.0 -9999.0 -9999.0 -9999.0 -9999.0 -9999.0 -9999.0 -9999.0 -9999.0 -9999.0 -9999.0 -9999.0 -9999.0 -9999.0 -9999.0 -9999.0 -9999.0 -9999.0 -9999.0 -9999.0 -9999.0 -9999.0 -9999.0 -9999.0 -9999.0 -9999.0 -9999.0 -9999.0 -9999.0 -9999.0 -9999.0 -9999.0 -9999.0 -9999.0 -9999.0 -9999.0 -9999.0 -9999.0 -9999.0 -9999.0 -9999.0 -9999.0 -9999.0 -9999.0 -9999.0 -9999.0 -9999.0 -9999.0 -9999.0 -9999.0 -9999.0 -9999.0
-9999.0 -9999.0 94.438012 -5.782878 -105.960943 -206.398226 -308.128008 -413.726893 -530.036970 -665.687646 -812.150616 -930.985423 -1007.796072 -1047.895753 -1093.445681 -1149.709767 -1196.051867 -1213.587210 -1214.328324 -1207.529355 -1199.759774 -1194.078251 -1191.340613 -1191.346081 -1193.461524 -1196.920835 -1200.971049 -1204.985473 -1208.546571 -1211.459880 -1213.702039 -1215.348486 -1216.513908 -1217.314238 -1217.848567 -1218.195734 -1218.426580 -1218.628135 -1218.861964 -1219.340610 -1224.269829 -1258.469482 -932.868013 -942.219600 -918.411389 -904.066981 -897.419203 -896.557538 -896.473026 -896.488893 -896.520174 -896.553345 -896.585162 -896.614588 -896.641624 -896.670516 -896.744076 -897.238808 -900.698840 -908.629392 -922.081621 -897.131925 -1240.913779 -1222.750396 -1219.538527 -1219.053849 -1218.959740 -1218.942838 -1218.942439 -1218.945036 -1218.947673 -1218.949796 -1218.951408 -1218.952620 -1218.953543 -1218.954257 -1218.954820 -1218.955272 -1218.955645 -1218.955971 -1218.956283 -1218.956622 -1218.957042 -1218.957617 -1218.958462 -1218.959754 -1218.961777 -1218.964995 -1218.970181 -1218.978663 -1218.992791 -1219.016872 -1219.059080 -1219.135340 -1219.277221 -1219.547576 -1220.071342 -1221.098204 -1223.145849 -1227.380499 -1236.716833 -1260.077427 -9999.0 -9999.0
-9999.0 -9999.0 94.438011 -5.782879 -105.960943 -206.398226 -308.128009 -413.726893 -530.036970 -665.687646 -812.150617 -930.985423 -1007.796072 -1047.895753 -1093.445681 -1149.709767 -1196.051867 -1213.587210 -1214.328324 -1207.529355 -1199.759774 -1194.078251 -1191.340613 -1191.346081 -1193.461524 -1196.920835 -1200.971049 -1204.985473 -1208.546571 -1211.459880 -1213.702039 -1215.348486 -1216.513908 -1217.314238 -1217.848567 -1218.195734 -1218.426580 -1218.628135 -1218.861964 -1219.340610 -1224.269829 -1258.469482 -932.868013 -942.219600 -918.411389 -904.066981 -897.419203 -896.557538 -896.473026 -896.488893 -896.520174 -896.553345 -896.585162 -896.614588 -896.641624 -896.670516 -896.744076 -897.238808 -900.698840 -908.629392 -922.081621 -897.131925 -1240.913779 -1222.750396 -1219.538527 -1219.053849 -1218.959740 -1218.942838 -1218.942439 -1218.945036 -1218.947673 -1218.949796 -1218.951408 -1218.952620 -1218.953543 -1218.954257 -1218.954820 -1218.955272 -1218.955645 -1218.955971 -1218.956283 -1218.956622 -1218.957042 -1218.957617 -1218.958462 -1218.959754 -1218.961777 -1218.964995 -1218.970181 -1218.978663 -1218.992791 -1219.016872 -1219.059080 -1219.135340 -1219.277221 -1219.547576 -1220.071342 -1221.098204 -1223.145849 -1227.380499 -1236.716833 -1260.077427 -9999.0 -9999.0
-9999.0 -9999.0 94.438010 -5.782879 -105.960944 -206.398227 -308.128009 -413.726893 -530.036970 -665.687647 -812.150617 -930.985423 -1007.796072 -1047.895753 -1093.445681 -1149.709767 -1196.051867 -1213.587210 -1214.328324 -1207.529355 -1199.759774 -1194.078251 -1191.340613 -1191.346081 -1193.461524 -1196.920835 -1200.971049 -1204.985473 -1208.546571 -1211.459880 -1213.702039 -1215.348486 -1216.513908 -1217.314238 -1217.848567 -1218.195734 -1218.426580 -1218.628135 -1218.861964 -1219.340610 -1224.269829 -1258.469482 -932.868013 -942.219600 -918.411389 -904.066981 -897.419203 -896.557538 -896.473026 -896.488893 -896.520174 -896.553345 -896.585162 -896.614588 -896.641624 -896.670516 -896.744076 -897.238807 -900.698840 -908.629392 -922.081621 -897.131925 -1240.913779 -1222.750396 -1219.538527 -1219.053849 -1218.959740 -1218.942838 -1218.942439 -1218.945036 -1218.947673 -1218.949796 -1218.951408 -1218.952620 -1218.953543 -1218.954257 -1218.954820 -1218.955272 -1218.955645 -1218.955971 -1218.956283 -1218.956622 -1218.957042 -1218.957617 -1218.958462 -1218.959754 -1218.961777 -1218.964995 -1218.970181 -1218.978663 -1218.992791 -1219.016872 -1219.059080 -1219.135340 -1219.277221 -1219.547576 -1220.071342 -1221.098204 -1223.145849 -1227.380499 -1236.716833 -1260.077427 -9999.0 -9999.0
-9999.0 -9999.0 94.438010 -5.782879 -105.960944 -206.398227 -308.128009 -413.726893 -530.036970 -665.687647 -812.150617 -930.985423 -1007.796072 -1047.895753 -1093.445681 -1149.709767 -1196.051867 -1213.587210 -1214.328324 -1207.529355 -1199.759774 -1194.078251 -1191.340613 -1191.346081 -1193.461524 -1196.920835 -1200.971049 -1204.985473 -1208.546571 -1211.459880 -1213.702039 -1215.348486 -1216.513908 -1217.314238 -1217.848567 -1218.195734 -1218.426580 -1218.628135 -1218.861964 -1219.340610 -1224.269829 -1258.469482 -932.868013 -942.219600 -918.411389 -904.066981 -897.419203 -896.557538 -896.473026 -896.488893 -896.520174 -896.553345 -896.585162 -896.614588 -896.641624 -896.670516 -896.744076 -897.238807 -900.698840 -908.629392 -922.081621 -897.131925 -1240.913779 -1222.750396 -1219.538527 -1219.053849 -1218.959740 -1218.942838 -1218.942439 -1218.945036 -1218.947673 -1218.949796 -1218.951408 -1218.952620 -1218.953543 -1218.954257 -1218.954820 -1218.955272 -1218.955645 -1218.955971 -1218.956283 -1218.956622 -1218.957042 -1218.957617 -1218.958462 -1218.959754 -1218.961777 -1218.964995 -1218.970181 -1218.978663 -1218.992791 -1219.016872 -1219.059080 -1219.135340 -1219.277221 -1219.547576 -1220.071342 -1221.098204 -1223.145849 -1227.380499 -1236.716833 -1260.077427 -9999.0 -9999.0
-9999.0 -9999.0 94.438011 -5.782879 -105.960943 -206.398227 -308.128009 -413.726893 -530.036970 -665.687646 -812.150617 -930.985423 -1007.796072 -1047.895753 -1093.445681 -1149.709767 -1196.051867 -1213.587210 -1214.328324 -1207.529355 -1199.759774 -1194.078251 -1191.340613 -1191.346081 -1193.461524 -1196.920835 -1200.971049 -1204.985473 -1208.546571 -1211.459880 -1213.702039 -1215.348486 -1216.513908 -1217.314238 -1217.848567 -1218.195734 -1218.426580 -1218.628135 -1218.861964 -1219.340610 -1224.269829 -1258.469482 -932.868013 -942.219600 -918.411389 -904.066981 -897.419203 -896.557538 -896.473026 -896.488893 -896.520174 -896.553345 -896.585162 -896.614588 -896.641624 -896.670516 -896.744076 -897.238808 -900.698840 -908.629392 -922.081621 -897.131925 -1240.913779 -1222.750396 -1219.538527 -1219.053849 -1218.959740 -1218.942838 -1218.942439 -1218.945036 -1218.947673 -1218.949796 -1218.951408 -1218.952620 -1218.953543 -1218.954257 -1218.954820 -1218.955272 -1218.955645 -1218.955971 -1218.956283 -1218.956622 -1218.957042 -1218.957617 -1218.958462 -1218.959754 -1218.961777 -1218.964995 -1218.970181 -1218.978663 -1218.992791 -1219.016872 -1219.059080 -1219.135340 -1219.277221 -1219.547576 -1220.071342 -1221.098204 -1223.145849 -1227.380499 -1236.716833 -1260.077427 -9999.0 -9999.0
-9999.0 -9999.0 94.438011 -5.782878 -105.960943 -206.398226 -308.128008 -413.726892 -530.036970 -665.687646 -812.150616 -930.985423 -1007.796072 -1047.895753 -1093.445681 -1149.709767 -1196.051867 -1213.587210 -1214.328324 -1207.529355 -1199.759774 -1194.078251 -1191.340613 -1191.346081 -1193.461524 -1196.920835 -1200.971049 -1204.985473 -1208.546571 -1211.459880 -1213.702039 -1215.348486 -1216.513908 -1217.314238 -1217.848567 -1218.195734 -1218.426580 -1218.628135 -1218.861964 -1219.340610 -1224.269829 -1258.469482 -932.868013 -942.219600 -918.411389 -904.066981 -897.419203 -896.557538 -896.473026 -896.488893 -896.520174 -896.553345 -896.585162 -896.614588 -896.641624 -896.670516 -896.744076 -897.238808 -900.698840 -908.629392 -922.081621 -897.131925 -1240.913779 -1222.750396 -1219.538527 -1219.053849 -1218.959740 -1218.942838 -1218.942439 -1218.945036 -1218.947673 -1218.949796 -1218.951408 -1218.952620 -1218.953543 -1218.954257 -1218.954820 -1218.955272 -1218.955645 -1218.955971 -1218.956283 -1218.956622 -1218.957042 -1218.957617 -1218.958462 -1218.959754 -1218.961777 -1218.964995 -1218.970181 -1218.978663 -1218.992791 -1219.016872 -1219.059080 -1219.135340 -1219.277221 -1219.547576 -1220.071342 -1221.098204 -1223.145849 -1227.380499 -1236.716833 -1260.077427 -9999.0 -9999.0
-9999.0 -9999.0 -9999.0 -9999.0 -9999.0 -9999.0 -9999.0 -9999.0 -9999.0 -9999.0 -9999.0 -9999.0 -9999.0 -9999.0 -9999.0 -9999.0 -9999.0 -9999.0 -9999.0 -9999.0 -9999.0 -9999.0 -9999.0 -9999.0 -9999.0 -9999.0 -9999.0 -9999.0 -9999.0 -9999.0 -9999.0 -9999.0 -9999.0 -9999.0 -9999.0 -9999.0 -9999.0 -9999.0 -9999.0 -9999.0 -9999.0 -9999.0 -9999.0 -9999.0 -9999.0 -9999.0 -9999.0 -9999.0 -9999.0 -9999.0 -9999.0 -9999.0 -9999.0 -9999.0 -9999.0 -9999.0 -9999.0 -9999.0 -9999.0 -9999.0 -9999.0 -9999.0 -9999.0 -9999.0 -9999.0 -9999.0 -9999.0 -9999.0 -9999.0 -9999.0 -9999.0 -9999.0 -9999.0 -9999.0 -9999.0 -9999.0 -9999.0 -9999.0 -9999.0 -9999.0 -9999.0 -9999.0 -9999.0 -9999.0 -9999.0 -9999.0 -9999.0 -9999.0 -9999.0 -9999.0 -9999.0 -9999.0 -9999.0 -9999.0 -9999.0 -9999.0 -9999.0 -9999.0 -9999.0 -9999.0 -9999.0 -9999.0 -9999.0 -9999.0
-9999.0 -9999.0 -9999.0 -9999.0 -9999.0 -9999.0 -9999.0 -9999.0 -9999.0 -9999.0 -9999.0 -9999.0 -9999.0 -9999.0 -9999.0 -9999.0 -9999.0 -9999.0 -9999.0 -9999.0 -9999.0 -9999.0 -9999.0 -9999.0 -9999.0 -9999.0 -9999.0 -9999.0 -9999.0 -9999.0 -9999.0 -9999.0 -9999.0 -9999.0 -9999.0 -9999.0 -9999.0 -9999.0 -9999.0 -9999.0 -9999.0 -9999.0 -9999.0 -9999.0 -9999.0 -9999.0 -9999.0 -9999.0 -9999.0 -9999.0 -9999.0 -9999.0 -9999.0 -9999.0 -9999.0 -9999.0 -9999.0 -9999.0 -9999.0 -9999.0 -9999.0 -9999.0 -9999.0 -9999.0 -9999.0 -9999.0 -9999.0 -9999.0 -9999.0 -9999.0 -9999.0 -9999.0 -9999.0 -9999.0 -9999.0 -9999.0 -9999.0 -9999.0 -9999.0 -9999.0 -9999.0 -9999.0 -9999.0 -9999.0 -9999.0 -9999.0 -9999.0 -9999.0 -9999.0 -9999.0 -9999.0 -9999.0 -9999.0 -9999.0 -9999.0 -9999.0 -9999.0 -9999.0 -9999.0 -9999.0 -9999.0 -9999.0 -9999.0 -9999.0