inst/processing_geotop_simulation/geotop_simulation/out/maps3D/PwL0002N0375.asc
ncols         104
nrows         10
xllcorner     -2.000000
yllcorner     0.000000
cellsize      1.000000
NODATA_value  -9999.0
-9999.0 -9999.0 -9999.0 -9999.0 -9999.0 -9999.0 -9999.0 -9999.0 -9999.0 -9999.0 -9999.0 -9999.0 -9999.0 -9999.0 -9999.0 -9999.0 -9999.0 -9999.0 -9999.0 -9999.0 -9999.0 -9999.0 -9999.0 -9999.0 -9999.0 -9999.0 -9999.0 -9999.0 -9999.0 -9999.0 -9999.0 -9999.0 -9999.0 -9999.0 -9999.0 -9999.0 -9999.0 -9999.0 -9999.0 -9999.0 -9999.0 -9999.0 -9999.0 -9999.0 -9999.0 -9999.0 -9999.0 -9999.0 -9999.0 -9999.0 -9999.0 -9999.0 -9999.0 -9999.0 -9999.0 -9999.0 -9999.0 -9999.0 -9999.0 -9999.0 -9999.0 -9999.0 -9999.0 -9999.0 -9999.0 -9999.0 -9999.0 -9999.0 -9999.0 -9999.0 -9999.0 -9999.0 -9999.0 -9999.0 -9999.0 -9999.0 -9999.0 -9999.0 -9999.0 -9999.0 -9999.0 -9999.0 -9999.0 -9999.0 -9999.0 -9999.0 -9999.0 -9999.0 -9999.0 -9999.0 -9999.0 -9999.0 -9999.0 -9999.0 -9999.0 -9999.0 -9999.0 -9999.0 -9999.0 -9999.0 -9999.0 -9999.0 -9999.0 -9999.0
-9999.0 -9999.0 -9999.0 -9999.0 -9999.0 -9999.0 -9999.0 -9999.0 -9999.0 -9999.0 -9999.0 -9999.0 -9999.0 -9999.0 -9999.0 -9999.0 -9999.0 -9999.0 -9999.0 -9999.0 -9999.0 -9999.0 -9999.0 -9999.0 -9999.0 -9999.0 -9999.0 -9999.0 -9999.0 -9999.0 -9999.0 -9999.0 -9999.0 -9999.0 -9999.0 -9999.0 -9999.0 -9999.0 -9999.0 -9999.0 -9999.0 -9999.0 -9999.0 -9999.0 -9999.0 -9999.0 -9999.0 -9999.0 -9999.0 -9999.0 -9999.0 -9999.0 -9999.0 -9999.0 -9999.0 -9999.0 -9999.0 -9999.0 -9999.0 -9999.0 -9999.0 -9999.0 -9999.0 -9999.0 -9999.0 -9999.0 -9999.0 -9999.0 -9999.0 -9999.0 -9999.0 -9999.0 -9999.0 -9999.0 -9999.0 -9999.0 -9999.0 -9999.0 -9999.0 -9999.0 -9999.0 -9999.0 -9999.0 -9999.0 -9999.0 -9999.0 -9999.0 -9999.0 -9999.0 -9999.0 -9999.0 -9999.0 -9999.0 -9999.0 -9999.0 -9999.0 -9999.0 -9999.0 -9999.0 -9999.0 -9999.0 -9999.0 -9999.0 -9999.0
-9999.0 -9999.0 75.918321 -21.377585 -120.079161 -219.117000 -318.278049 -417.482824 -516.690477 -615.871057 -714.965833 -813.950011 -912.788620 -1011.435787 -1110.032738 -1208.541102 -1306.615098 -1403.963962 -1500.062573 -1593.964158 -1683.919252 -1767.041325 -1840.018562 -1900.602006 -1948.414125 -1984.646186 -2011.277290 -2030.413963 -2043.931581 -2053.351842 -2059.845111 -2064.280930 -2067.289416 -2069.318407 -2070.681686 -2071.599009 -2072.235057 -2072.770024 -2073.622423 -2075.908057 -2078.126604 -2020.249511 -1236.914705 -1234.832889 -1224.448920 -1217.618333 -1214.404734 -1213.901348 -1213.846552 -1213.851501 -1213.865092 -1213.879748 -1213.893842 -1213.906899 -1213.919057 -1213.933528 -1213.980033 -1214.285751 -1216.012937 -1219.825275 -1224.976282 -1219.549189 -1996.397471 -2072.207752 -2074.462665 -2073.761267 -2073.553742 -2073.514225 -2073.508024 -2073.507539 -2073.507935 -2073.508384 -2073.508754 -2073.509042 -2073.509265 -2073.509440 -2073.509581 -2073.509696 -2073.509794 -2073.509883 -2073.509972 -2073.510071 -2073.510195 -2073.510365 -2073.510614 -2073.510994 -2073.511590 -2073.512542 -2073.514095 -2073.516680 -2073.521091 -2073.528830 -2073.542825 -2073.568904 -2073.618919 -2073.717701 -2073.919930 -2074.354827 -2075.354770 -2077.866525 -2084.986662 -2108.694723 -9999.0 -9999.0
-9999.0 -9999.0 75.928959 -21.375683 -120.078686 -219.116862 -318.278005 -417.482808 -516.690471 -615.871055 -714.965832 -813.950011 -912.788619 -1011.435787 -1110.032738 -1208.541103 -1306.615098 -1403.963962 -1500.062573 -1593.964158 -1683.919252 -1767.041325 -1840.018562 -1900.602006 -1948.414125 -1984.646186 -2011.277290 -2030.413963 -2043.931581 -2053.351842 -2059.845111 -2064.280930 -2067.289416 -2069.318407 -2070.681686 -2071.599009 -2072.235057 -2072.770024 -2073.622423 -2075.908057 -2078.126604 -2020.249511 -1236.914705 -1234.832889 -1224.448920 -1217.618333 -1214.404734 -1213.901348 -1213.846552 -1213.851501 -1213.865092 -1213.879748 -1213.893842 -1213.906899 -1213.919057 -1213.933528 -1213.980033 -1214.285751 -1216.012937 -1219.825275 -1224.976282 -1219.549189 -1996.397471 -2072.207752 -2074.462665 -2073.761267 -2073.553742 -2073.514225 -2073.508024 -2073.507539 -2073.507935 -2073.508384 -2073.508754 -2073.509042 -2073.509265 -2073.509440 -2073.509580 -2073.509696 -2073.509794 -2073.509883 -2073.509972 -2073.510071 -2073.510195 -2073.510365 -2073.510614 -2073.510994 -2073.511590 -2073.512542 -2073.514095 -2073.516680 -2073.521091 -2073.528830 -2073.542825 -2073.568904 -2073.618919 -2073.717701 -2073.919930 -2074.354827 -2075.354770 -2077.866525 -2084.986662 -2108.694723 -9999.0 -9999.0
-9999.0 -9999.0 75.930113 -21.374920 -120.078385 -219.116753 -318.277966 -417.482794 -516.690466 -615.871053 -714.965831 -813.950010 -912.788619 -1011.435786 -1110.032738 -1208.541103 -1306.615098 -1403.963962 -1500.062574 -1593.964158 -1683.919252 -1767.041325 -1840.018562 -1900.602006 -1948.414125 -1984.646186 -2011.277290 -2030.413963 -2043.931581 -2053.351842 -2059.845111 -2064.280930 -2067.289416 -2069.318407 -2070.681686 -2071.599009 -2072.235057 -2072.770024 -2073.622423 -2075.908057 -2078.126604 -2020.249511 -1236.914705 -1234.832889 -1224.448919 -1217.618333 -1214.404734 -1213.901348 -1213.846552 -1213.851501 -1213.865092 -1213.879748 -1213.893842 -1213.906899 -1213.919057 -1213.933528 -1213.980033 -1214.285751 -1216.012937 -1219.825275 -1224.976282 -1219.549189 -1996.397471 -2072.207752 -2074.462665 -2073.761267 -2073.553742 -2073.514225 -2073.508024 -2073.507539 -2073.507935 -2073.508384 -2073.508754 -2073.509042 -2073.509265 -2073.509440 -2073.509580 -2073.509696 -2073.509794 -2073.509883 -2073.509972 -2073.510071 -2073.510195 -2073.510365 -2073.510614 -2073.510994 -2073.511590 -2073.512542 -2073.514095 -2073.516680 -2073.521091 -2073.528830 -2073.542825 -2073.568904 -2073.618919 -2073.717701 -2073.919930 -2074.354827 -2075.354770 -2077.866525 -2084.986662 -2108.694723 -9999.0 -9999.0
-9999.0 -9999.0 75.930113 -21.374920 -120.078385 -219.116753 -318.277966 -417.482794 -516.690466 -615.871053 -714.965831 -813.950010 -912.788619 -1011.435787 -1110.032738 -1208.541103 -1306.615098 -1403.963962 -1500.062574 -1593.964158 -1683.919252 -1767.041325 -1840.018562 -1900.602006 -1948.414125 -1984.646186 -2011.277290 -2030.413963 -2043.931581 -2053.351842 -2059.845111 -2064.280930 -2067.289416 -2069.318407 -2070.681686 -2071.599009 -2072.235057 -2072.770024 -2073.622423 -2075.908057 -2078.126604 -2020.249511 -1236.914705 -1234.832889 -1224.448919 -1217.618333 -1214.404734 -1213.901348 -1213.846552 -1213.851501 -1213.865092 -1213.879748 -1213.893842 -1213.906899 -1213.919057 -1213.933528 -1213.980033 -1214.285751 -1216.012937 -1219.825275 -1224.976282 -1219.549189 -1996.397471 -2072.207752 -2074.462665 -2073.761267 -2073.553742 -2073.514225 -2073.508024 -2073.507539 -2073.507935 -2073.508384 -2073.508754 -2073.509042 -2073.509265 -2073.509440 -2073.509580 -2073.509696 -2073.509794 -2073.509883 -2073.509972 -2073.510071 -2073.510195 -2073.510365 -2073.510614 -2073.510994 -2073.511590 -2073.512542 -2073.514095 -2073.516680 -2073.521091 -2073.528830 -2073.542825 -2073.568904 -2073.618919 -2073.717701 -2073.919930 -2074.354827 -2075.354770 -2077.866525 -2084.986662 -2108.694723 -9999.0 -9999.0
-9999.0 -9999.0 75.928959 -21.375684 -120.078686 -219.116862 -318.278005 -417.482808 -516.690472 -615.871055 -714.965832 -813.950011 -912.788619 -1011.435787 -1110.032738 -1208.541103 -1306.615098 -1403.963962 -1500.062573 -1593.964158 -1683.919252 -1767.041325 -1840.018562 -1900.602006 -1948.414125 -1984.646186 -2011.277290 -2030.413963 -2043.931581 -2053.351842 -2059.845111 -2064.280930 -2067.289416 -2069.318407 -2070.681686 -2071.599009 -2072.235057 -2072.770024 -2073.622423 -2075.908057 -2078.126604 -2020.249511 -1236.914705 -1234.832889 -1224.448920 -1217.618333 -1214.404734 -1213.901348 -1213.846552 -1213.851501 -1213.865092 -1213.879748 -1213.893842 -1213.906899 -1213.919057 -1213.933528 -1213.980033 -1214.285751 -1216.012937 -1219.825275 -1224.976282 -1219.549189 -1996.397471 -2072.207752 -2074.462665 -2073.761267 -2073.553742 -2073.514225 -2073.508024 -2073.507539 -2073.507935 -2073.508384 -2073.508754 -2073.509042 -2073.509265 -2073.509440 -2073.509580 -2073.509696 -2073.509794 -2073.509883 -2073.509972 -2073.510071 -2073.510195 -2073.510365 -2073.510614 -2073.510994 -2073.511590 -2073.512542 -2073.514095 -2073.516680 -2073.521091 -2073.528830 -2073.542825 -2073.568904 -2073.618919 -2073.717701 -2073.919930 -2074.354827 -2075.354770 -2077.866525 -2084.986662 -2108.694723 -9999.0 -9999.0
-9999.0 -9999.0 75.918321 -21.377585 -120.079161 -219.117000 -318.278049 -417.482824 -516.690477 -615.871058 -714.965833 -813.950011 -912.788620 -1011.435787 -1110.032738 -1208.541102 -1306.615098 -1403.963962 -1500.062573 -1593.964158 -1683.919252 -1767.041325 -1840.018562 -1900.602006 -1948.414125 -1984.646186 -2011.277290 -2030.413963 -2043.931581 -2053.351842 -2059.845111 -2064.280930 -2067.289416 -2069.318407 -2070.681686 -2071.599009 -2072.235057 -2072.770024 -2073.622423 -2075.908057 -2078.126604 -2020.249511 -1236.914705 -1234.832889 -1224.448920 -1217.618333 -1214.404734 -1213.901348 -1213.846552 -1213.851501 -1213.865092 -1213.879748 -1213.893842 -1213.906899 -1213.919057 -1213.933528 -1213.980033 -1214.285751 -1216.012937 -1219.825275 -1224.976282 -1219.549189 -1996.397471 -2072.207752 -2074.462665 -2073.761267 -2073.553742 -2073.514225 -2073.508024 -2073.507539 -2073.507935 -2073.508384 -2073.508754 -2073.509042 -2073.509265 -2073.509440 -2073.509581 -2073.509696 -2073.509794 -2073.509883 -2073.509972 -2073.510071 -2073.510195 -2073.510365 -2073.510614 -2073.510994 -2073.511590 -2073.512542 -2073.514095 -2073.516680 -2073.521091 -2073.528830 -2073.542825 -2073.568904 -2073.618919 -2073.717701 -2073.919930 -2074.354827 -2075.354770 -2077.866525 -2084.986662 -2108.694723 -9999.0 -9999.0
-9999.0 -9999.0 -9999.0 -9999.0 -9999.0 -9999.0 -9999.0 -9999.0 -9999.0 -9999.0 -9999.0 -9999.0 -9999.0 -9999.0 -9999.0 -9999.0 -9999.0 -9999.0 -9999.0 -9999.0 -9999.0 -9999.0 -9999.0 -9999.0 -9999.0 -9999.0 -9999.0 -9999.0 -9999.0 -9999.0 -9999.0 -9999.0 -9999.0 -9999.0 -9999.0 -9999.0 -9999.0 -9999.0 -9999.0 -9999.0 -9999.0 -9999.0 -9999.0 -9999.0 -9999.0 -9999.0 -9999.0 -9999.0 -9999.0 -9999.0 -9999.0 -9999.0 -9999.0 -9999.0 -9999.0 -9999.0 -9999.0 -9999.0 -9999.0 -9999.0 -9999.0 -9999.0 -9999.0 -9999.0 -9999.0 -9999.0 -9999.0 -9999.0 -9999.0 -9999.0 -9999.0 -9999.0 -9999.0 -9999.0 -9999.0 -9999.0 -9999.0 -9999.0 -9999.0 -9999.0 -9999.0 -9999.0 -9999.0 -9999.0 -9999.0 -9999.0 -9999.0 -9999.0 -9999.0 -9999.0 -9999.0 -9999.0 -9999.0 -9999.0 -9999.0 -9999.0 -9999.0 -9999.0 -9999.0 -9999.0 -9999.0 -9999.0 -9999.0 -9999.0
-9999.0 -9999.0 -9999.0 -9999.0 -9999.0 -9999.0 -9999.0 -9999.0 -9999.0 -9999.0 -9999.0 -9999.0 -9999.0 -9999.0 -9999.0 -9999.0 -9999.0 -9999.0 -9999.0 -9999.0 -9999.0 -9999.0 -9999.0 -9999.0 -9999.0 -9999.0 -9999.0 -9999.0 -9999.0 -9999.0 -9999.0 -9999.0 -9999.0 -9999.0 -9999.0 -9999.0 -9999.0 -9999.0 -9999.0 -9999.0 -9999.0 -9999.0 -9999.0 -9999.0 -9999.0 -9999.0 -9999.0 -9999.0 -9999.0 -9999.0 -9999.0 -9999.0 -9999.0 -9999.0 -9999.0 -9999.0 -9999.0 -9999.0 -9999.0 -9999.0 -9999.0 -9999.0 -9999.0 -9999.0 -9999.0 -9999.0 -9999.0 -9999.0 -9999.0 -9999.0 -9999.0 -9999.0 -9999.0 -9999.0 -9999.0 -9999.0 -9999.0 -9999.0 -9999.0 -9999.0 -9999.0 -9999.0 -9999.0 -9999.0 -9999.0 -9999.0 -9999.0 -9999.0 -9999.0 -9999.0 -9999.0 -9999.0 -9999.0 -9999.0 -9999.0 -9999.0 -9999.0 -9999.0 -9999.0 -9999.0 -9999.0 -9999.0 -9999.0 -9999.0