inst/processing_geotop_simulation/geotop_simulation/out/maps3D/PwL0011N0180.asc
ncols         104
nrows         10
xllcorner     -2.000000
yllcorner     0.000000
cellsize      1.000000
NODATA_value  -9999.0
-9999.0 -9999.0 -9999.0 -9999.0 -9999.0 -9999.0 -9999.0 -9999.0 -9999.0 -9999.0 -9999.0 -9999.0 -9999.0 -9999.0 -9999.0 -9999.0 -9999.0 -9999.0 -9999.0 -9999.0 -9999.0 -9999.0 -9999.0 -9999.0 -9999.0 -9999.0 -9999.0 -9999.0 -9999.0 -9999.0 -9999.0 -9999.0 -9999.0 -9999.0 -9999.0 -9999.0 -9999.0 -9999.0 -9999.0 -9999.0 -9999.0 -9999.0 -9999.0 -9999.0 -9999.0 -9999.0 -9999.0 -9999.0 -9999.0 -9999.0 -9999.0 -9999.0 -9999.0 -9999.0 -9999.0 -9999.0 -9999.0 -9999.0 -9999.0 -9999.0 -9999.0 -9999.0 -9999.0 -9999.0 -9999.0 -9999.0 -9999.0 -9999.0 -9999.0 -9999.0 -9999.0 -9999.0 -9999.0 -9999.0 -9999.0 -9999.0 -9999.0 -9999.0 -9999.0 -9999.0 -9999.0 -9999.0 -9999.0 -9999.0 -9999.0 -9999.0 -9999.0 -9999.0 -9999.0 -9999.0 -9999.0 -9999.0 -9999.0 -9999.0 -9999.0 -9999.0 -9999.0 -9999.0 -9999.0 -9999.0 -9999.0 -9999.0 -9999.0 -9999.0
-9999.0 -9999.0 -9999.0 -9999.0 -9999.0 -9999.0 -9999.0 -9999.0 -9999.0 -9999.0 -9999.0 -9999.0 -9999.0 -9999.0 -9999.0 -9999.0 -9999.0 -9999.0 -9999.0 -9999.0 -9999.0 -9999.0 -9999.0 -9999.0 -9999.0 -9999.0 -9999.0 -9999.0 -9999.0 -9999.0 -9999.0 -9999.0 -9999.0 -9999.0 -9999.0 -9999.0 -9999.0 -9999.0 -9999.0 -9999.0 -9999.0 -9999.0 -9999.0 -9999.0 -9999.0 -9999.0 -9999.0 -9999.0 -9999.0 -9999.0 -9999.0 -9999.0 -9999.0 -9999.0 -9999.0 -9999.0 -9999.0 -9999.0 -9999.0 -9999.0 -9999.0 -9999.0 -9999.0 -9999.0 -9999.0 -9999.0 -9999.0 -9999.0 -9999.0 -9999.0 -9999.0 -9999.0 -9999.0 -9999.0 -9999.0 -9999.0 -9999.0 -9999.0 -9999.0 -9999.0 -9999.0 -9999.0 -9999.0 -9999.0 -9999.0 -9999.0 -9999.0 -9999.0 -9999.0 -9999.0 -9999.0 -9999.0 -9999.0 -9999.0 -9999.0 -9999.0 -9999.0 -9999.0 -9999.0 -9999.0 -9999.0 -9999.0 -9999.0 -9999.0
-9999.0 -9999.0 530.920376 437.399785 341.999635 245.636711 148.853804 51.894830 -45.113643 -142.113476 -239.049910 -335.824967 -432.248310 -527.944133 -622.455550 -716.457562 -810.755200 -904.701482 -998.266891 -1088.761570 -1170.899532 -1241.988036 -1299.751234 -1344.123898 -1376.700045 -1399.824491 -1415.851800 -1426.766173 -1434.092174 -1438.946316 -1442.125603 -1444.187452 -1445.514265 -1446.363416 -1446.905278 -1447.253049 -1447.488915 -1447.702810 -1448.162110 -1450.295163 -1460.920363 -1507.393352 -1666.189846 -2666.204030 -2367.722621 -2209.571785 -2142.612468 -2134.413930 -2133.596915 -2133.683244 -2133.897032 -2134.125859 -2134.345482 -2134.548697 -2134.736505 -2134.948066 -2135.574791 -2140.082124 -2173.630373 -2253.464777 -2385.821404 -1497.675144 -1477.189835 -1455.124569 -1449.207791 -1448.162543 -1448.003692 -1447.979809 -1447.976818 -1447.977299 -1447.978236 -1447.979066 -1447.979716 -1447.980211 -1447.980590 -1447.980884 -1447.981117 -1447.981305 -1447.981462 -1447.981602 -1447.981738 -1447.981890 -1447.982080 -1447.982344 -1447.982735 -1447.983335 -1447.984279 -1447.985788 -1447.988241 -1447.992296 -1447.999145 -1448.011017 -1448.032208 -1448.071179 -1448.144862 -1448.287664 -1448.571607 -1449.156446 -1450.426720 -1453.388431 -1460.965432 -1483.831292 -9999.0 -9999.0
-9999.0 -9999.0 530.926658 437.401608 342.000152 245.636868 148.853854 51.894847 -45.113637 -142.113474 -239.049909 -335.824967 -432.248310 -527.944133 -622.455550 -716.457562 -810.755200 -904.701482 -998.266892 -1088.761570 -1170.899533 -1241.988036 -1299.751234 -1344.123898 -1376.700045 -1399.824491 -1415.851800 -1426.766173 -1434.092175 -1438.946316 -1442.125603 -1444.187452 -1445.514265 -1446.363416 -1446.905278 -1447.253049 -1447.488915 -1447.702810 -1448.162110 -1450.295163 -1460.920363 -1507.393352 -1666.189845 -2666.204028 -2367.722619 -2209.571781 -2142.612468 -2134.413930 -2133.596915 -2133.683244 -2133.897032 -2134.125859 -2134.345482 -2134.548697 -2134.736505 -2134.948066 -2135.574791 -2140.082124 -2173.630373 -2253.464777 -2385.821404 -1497.675144 -1477.189835 -1455.124569 -1449.207791 -1448.162543 -1448.003692 -1447.979809 -1447.976818 -1447.977299 -1447.978236 -1447.979066 -1447.979716 -1447.980211 -1447.980590 -1447.980884 -1447.981117 -1447.981305 -1447.981462 -1447.981602 -1447.981738 -1447.981890 -1447.982080 -1447.982344 -1447.982735 -1447.983335 -1447.984279 -1447.985788 -1447.988241 -1447.992296 -1447.999145 -1448.011017 -1448.032208 -1448.071179 -1448.144862 -1448.287664 -1448.571607 -1449.156446 -1450.426720 -1453.388431 -1460.965432 -1483.831292 -9999.0 -9999.0
-9999.0 -9999.0 530.928247 437.402441 342.000489 245.636992 148.853899 51.894862 -45.113631 -142.113472 -239.049908 -335.824966 -432.248310 -527.944134 -622.455550 -716.457562 -810.755200 -904.701482 -998.266892 -1088.761571 -1170.899533 -1241.988036 -1299.751235 -1344.123898 -1376.700045 -1399.824491 -1415.851800 -1426.766173 -1434.092175 -1438.946316 -1442.125603 -1444.187452 -1445.514265 -1446.363416 -1446.905278 -1447.253049 -1447.488915 -1447.702810 -1448.162110 -1450.295163 -1460.920363 -1507.393352 -1666.189845 -2666.204028 -2367.722618 -2209.571779 -2142.612468 -2134.413930 -2133.596915 -2133.683244 -2133.897032 -2134.125859 -2134.345482 -2134.548697 -2134.736505 -2134.948066 -2135.574791 -2140.082124 -2173.630373 -2253.464776 -2385.821404 -1497.675144 -1477.189835 -1455.124569 -1449.207791 -1448.162543 -1448.003692 -1447.979809 -1447.976818 -1447.977299 -1447.978236 -1447.979066 -1447.979716 -1447.980211 -1447.980590 -1447.980884 -1447.981117 -1447.981305 -1447.981462 -1447.981602 -1447.981738 -1447.981890 -1447.982080 -1447.982344 -1447.982735 -1447.983335 -1447.984279 -1447.985788 -1447.988241 -1447.992296 -1447.999145 -1448.011017 -1448.032208 -1448.071179 -1448.144862 -1448.287664 -1448.571607 -1449.156446 -1450.426720 -1453.388431 -1460.965432 -1483.831292 -9999.0 -9999.0
-9999.0 -9999.0 530.928247 437.402441 342.000489 245.636993 148.853899 51.894863 -45.113631 -142.113472 -239.049908 -335.824966 -432.248310 -527.944133 -622.455550 -716.457562 -810.755200 -904.701482 -998.266892 -1088.761571 -1170.899533 -1241.988036 -1299.751235 -1344.123898 -1376.700045 -1399.824491 -1415.851800 -1426.766173 -1434.092175 -1438.946316 -1442.125603 -1444.187452 -1445.514265 -1446.363416 -1446.905278 -1447.253049 -1447.488915 -1447.702810 -1448.162110 -1450.295163 -1460.920363 -1507.393352 -1666.189845 -2666.204028 -2367.722618 -2209.571779 -2142.612468 -2134.413930 -2133.596915 -2133.683244 -2133.897032 -2134.125859 -2134.345482 -2134.548697 -2134.736505 -2134.948066 -2135.574791 -2140.082124 -2173.630373 -2253.464776 -2385.821404 -1497.675144 -1477.189835 -1455.124569 -1449.207791 -1448.162543 -1448.003692 -1447.979809 -1447.976818 -1447.977299 -1447.978236 -1447.979066 -1447.979716 -1447.980211 -1447.980590 -1447.980884 -1447.981117 -1447.981305 -1447.981462 -1447.981602 -1447.981738 -1447.981890 -1447.982080 -1447.982344 -1447.982735 -1447.983335 -1447.984279 -1447.985788 -1447.988241 -1447.992296 -1447.999145 -1448.011017 -1448.032208 -1448.071179 -1448.144862 -1448.287664 -1448.571607 -1449.156446 -1450.426720 -1453.388431 -1460.965432 -1483.831292 -9999.0 -9999.0
-9999.0 -9999.0 530.926658 437.401608 342.000153 245.636868 148.853855 51.894847 -45.113637 -142.113474 -239.049909 -335.824967 -432.248310 -527.944134 -622.455550 -716.457562 -810.755200 -904.701482 -998.266892 -1088.761570 -1170.899533 -1241.988036 -1299.751234 -1344.123898 -1376.700045 -1399.824491 -1415.851800 -1426.766173 -1434.092175 -1438.946316 -1442.125603 -1444.187452 -1445.514265 -1446.363416 -1446.905278 -1447.253049 -1447.488915 -1447.702810 -1448.162110 -1450.295163 -1460.920363 -1507.393352 -1666.189845 -2666.204028 -2367.722619 -2209.571781 -2142.612468 -2134.413930 -2133.596915 -2133.683244 -2133.897032 -2134.125859 -2134.345482 -2134.548697 -2134.736505 -2134.948066 -2135.574791 -2140.082124 -2173.630373 -2253.464777 -2385.821404 -1497.675144 -1477.189835 -1455.124569 -1449.207791 -1448.162543 -1448.003692 -1447.979809 -1447.976818 -1447.977299 -1447.978236 -1447.979066 -1447.979716 -1447.980211 -1447.980590 -1447.980884 -1447.981117 -1447.981305 -1447.981462 -1447.981602 -1447.981738 -1447.981890 -1447.982080 -1447.982344 -1447.982735 -1447.983335 -1447.984279 -1447.985788 -1447.988241 -1447.992296 -1447.999145 -1448.011017 -1448.032208 -1448.071179 -1448.144862 -1448.287664 -1448.571607 -1449.156446 -1450.426720 -1453.388431 -1460.965432 -1483.831292 -9999.0 -9999.0
-9999.0 -9999.0 530.920376 437.399785 341.999635 245.636711 148.853804 51.894830 -45.113643 -142.113476 -239.049910 -335.824967 -432.248310 -527.944133 -622.455550 -716.457561 -810.755200 -904.701482 -998.266891 -1088.761570 -1170.899532 -1241.988036 -1299.751234 -1344.123898 -1376.700045 -1399.824491 -1415.851800 -1426.766173 -1434.092174 -1438.946316 -1442.125603 -1444.187452 -1445.514265 -1446.363416 -1446.905278 -1447.253049 -1447.488915 -1447.702810 -1448.162110 -1450.295163 -1460.920363 -1507.393352 -1666.189846 -2666.204030 -2367.722621 -2209.571785 -2142.612468 -2134.413930 -2133.596915 -2133.683244 -2133.897032 -2134.125859 -2134.345482 -2134.548697 -2134.736505 -2134.948066 -2135.574791 -2140.082124 -2173.630373 -2253.464777 -2385.821404 -1497.675144 -1477.189835 -1455.124569 -1449.207791 -1448.162543 -1448.003692 -1447.979809 -1447.976818 -1447.977299 -1447.978236 -1447.979066 -1447.979716 -1447.980211 -1447.980590 -1447.980884 -1447.981117 -1447.981305 -1447.981462 -1447.981602 -1447.981738 -1447.981890 -1447.982080 -1447.982344 -1447.982735 -1447.983335 -1447.984279 -1447.985788 -1447.988241 -1447.992296 -1447.999145 -1448.011017 -1448.032208 -1448.071179 -1448.144862 -1448.287664 -1448.571607 -1449.156446 -1450.426720 -1453.388431 -1460.965432 -1483.831292 -9999.0 -9999.0
-9999.0 -9999.0 -9999.0 -9999.0 -9999.0 -9999.0 -9999.0 -9999.0 -9999.0 -9999.0 -9999.0 -9999.0 -9999.0 -9999.0 -9999.0 -9999.0 -9999.0 -9999.0 -9999.0 -9999.0 -9999.0 -9999.0 -9999.0 -9999.0 -9999.0 -9999.0 -9999.0 -9999.0 -9999.0 -9999.0 -9999.0 -9999.0 -9999.0 -9999.0 -9999.0 -9999.0 -9999.0 -9999.0 -9999.0 -9999.0 -9999.0 -9999.0 -9999.0 -9999.0 -9999.0 -9999.0 -9999.0 -9999.0 -9999.0 -9999.0 -9999.0 -9999.0 -9999.0 -9999.0 -9999.0 -9999.0 -9999.0 -9999.0 -9999.0 -9999.0 -9999.0 -9999.0 -9999.0 -9999.0 -9999.0 -9999.0 -9999.0 -9999.0 -9999.0 -9999.0 -9999.0 -9999.0 -9999.0 -9999.0 -9999.0 -9999.0 -9999.0 -9999.0 -9999.0 -9999.0 -9999.0 -9999.0 -9999.0 -9999.0 -9999.0 -9999.0 -9999.0 -9999.0 -9999.0 -9999.0 -9999.0 -9999.0 -9999.0 -9999.0 -9999.0 -9999.0 -9999.0 -9999.0 -9999.0 -9999.0 -9999.0 -9999.0 -9999.0 -9999.0
-9999.0 -9999.0 -9999.0 -9999.0 -9999.0 -9999.0 -9999.0 -9999.0 -9999.0 -9999.0 -9999.0 -9999.0 -9999.0 -9999.0 -9999.0 -9999.0 -9999.0 -9999.0 -9999.0 -9999.0 -9999.0 -9999.0 -9999.0 -9999.0 -9999.0 -9999.0 -9999.0 -9999.0 -9999.0 -9999.0 -9999.0 -9999.0 -9999.0 -9999.0 -9999.0 -9999.0 -9999.0 -9999.0 -9999.0 -9999.0 -9999.0 -9999.0 -9999.0 -9999.0 -9999.0 -9999.0 -9999.0 -9999.0 -9999.0 -9999.0 -9999.0 -9999.0 -9999.0 -9999.0 -9999.0 -9999.0 -9999.0 -9999.0 -9999.0 -9999.0 -9999.0 -9999.0 -9999.0 -9999.0 -9999.0 -9999.0 -9999.0 -9999.0 -9999.0 -9999.0 -9999.0 -9999.0 -9999.0 -9999.0 -9999.0 -9999.0 -9999.0 -9999.0 -9999.0 -9999.0 -9999.0 -9999.0 -9999.0 -9999.0 -9999.0 -9999.0 -9999.0 -9999.0 -9999.0 -9999.0 -9999.0 -9999.0 -9999.0 -9999.0 -9999.0 -9999.0 -9999.0 -9999.0 -9999.0 -9999.0 -9999.0 -9999.0 -9999.0 -9999.0