inst/processing_geotop_simulation/geotop_simulation/out/maps3D/PwL0003N0361.asc
ncols         104
nrows         10
xllcorner     -2.000000
yllcorner     0.000000
cellsize      1.000000
NODATA_value  -9999.0
-9999.0 -9999.0 -9999.0 -9999.0 -9999.0 -9999.0 -9999.0 -9999.0 -9999.0 -9999.0 -9999.0 -9999.0 -9999.0 -9999.0 -9999.0 -9999.0 -9999.0 -9999.0 -9999.0 -9999.0 -9999.0 -9999.0 -9999.0 -9999.0 -9999.0 -9999.0 -9999.0 -9999.0 -9999.0 -9999.0 -9999.0 -9999.0 -9999.0 -9999.0 -9999.0 -9999.0 -9999.0 -9999.0 -9999.0 -9999.0 -9999.0 -9999.0 -9999.0 -9999.0 -9999.0 -9999.0 -9999.0 -9999.0 -9999.0 -9999.0 -9999.0 -9999.0 -9999.0 -9999.0 -9999.0 -9999.0 -9999.0 -9999.0 -9999.0 -9999.0 -9999.0 -9999.0 -9999.0 -9999.0 -9999.0 -9999.0 -9999.0 -9999.0 -9999.0 -9999.0 -9999.0 -9999.0 -9999.0 -9999.0 -9999.0 -9999.0 -9999.0 -9999.0 -9999.0 -9999.0 -9999.0 -9999.0 -9999.0 -9999.0 -9999.0 -9999.0 -9999.0 -9999.0 -9999.0 -9999.0 -9999.0 -9999.0 -9999.0 -9999.0 -9999.0 -9999.0 -9999.0 -9999.0 -9999.0 -9999.0 -9999.0 -9999.0 -9999.0 -9999.0
-9999.0 -9999.0 -9999.0 -9999.0 -9999.0 -9999.0 -9999.0 -9999.0 -9999.0 -9999.0 -9999.0 -9999.0 -9999.0 -9999.0 -9999.0 -9999.0 -9999.0 -9999.0 -9999.0 -9999.0 -9999.0 -9999.0 -9999.0 -9999.0 -9999.0 -9999.0 -9999.0 -9999.0 -9999.0 -9999.0 -9999.0 -9999.0 -9999.0 -9999.0 -9999.0 -9999.0 -9999.0 -9999.0 -9999.0 -9999.0 -9999.0 -9999.0 -9999.0 -9999.0 -9999.0 -9999.0 -9999.0 -9999.0 -9999.0 -9999.0 -9999.0 -9999.0 -9999.0 -9999.0 -9999.0 -9999.0 -9999.0 -9999.0 -9999.0 -9999.0 -9999.0 -9999.0 -9999.0 -9999.0 -9999.0 -9999.0 -9999.0 -9999.0 -9999.0 -9999.0 -9999.0 -9999.0 -9999.0 -9999.0 -9999.0 -9999.0 -9999.0 -9999.0 -9999.0 -9999.0 -9999.0 -9999.0 -9999.0 -9999.0 -9999.0 -9999.0 -9999.0 -9999.0 -9999.0 -9999.0 -9999.0 -9999.0 -9999.0 -9999.0 -9999.0 -9999.0 -9999.0 -9999.0 -9999.0 -9999.0 -9999.0 -9999.0 -9999.0 -9999.0
-9999.0 -9999.0 125.702737 28.431677 -70.186775 -169.159513 -268.263951 -367.416439 -466.572842 -565.702782 -664.750785 -763.647338 -862.404981 -960.954769 -1059.420657 -1157.870325 -1255.809726 -1352.959852 -1448.762537 -1542.237268 -1631.570958 -1713.799740 -1785.634890 -1844.971101 -1891.594969 -1926.802802 -1952.609402 -1971.111717 -1984.155583 -1993.229031 -1999.471975 -2003.729047 -2006.611008 -2008.551096 -2009.852280 -2010.726339 -2011.331750 -2011.842498 -2012.671802 -2014.985373 -2017.925144 -1965.875629 -1205.587126 -1206.817442 -1195.560801 -1188.158517 -1184.679800 -1184.140295 -1184.081858 -1184.087216 -1184.101793 -1184.117506 -1184.132614 -1184.146610 -1184.159635 -1184.175084 -1184.224493 -1184.550777 -1186.415306 -1190.538062 -1196.080514 -1186.724356 -1941.618909 -2011.904158 -2013.541891 -2012.794008 -2012.586958 -2012.548397 -2012.542432 -2012.542003 -2012.542422 -2012.542885 -2012.543266 -2012.543561 -2012.543789 -2012.543968 -2012.544112 -2012.544229 -2012.544329 -2012.544420 -2012.544510 -2012.544610 -2012.544736 -2012.544909 -2012.545163 -2012.545550 -2012.546158 -2012.547131 -2012.548717 -2012.551357 -2012.555858 -2012.563751 -2012.578014 -2012.604572 -2012.655456 -2012.755823 -2012.960883 -2013.400613 -2014.407934 -2016.926418 -2024.029664 -2047.625787 -9999.0 -9999.0
-9999.0 -9999.0 125.712674 28.433583 -70.186295 -169.159374 -268.263906 -367.416424 -466.572836 -565.702780 -664.750784 -763.647338 -862.404981 -960.954769 -1059.420657 -1157.870326 -1255.809726 -1352.959853 -1448.762537 -1542.237268 -1631.570958 -1713.799740 -1785.634890 -1844.971102 -1891.594969 -1926.802802 -1952.609402 -1971.111717 -1984.155583 -1993.229031 -1999.471975 -2003.729047 -2006.611008 -2008.551096 -2009.852280 -2010.726339 -2011.331750 -2011.842498 -2012.671802 -2014.985373 -2017.925144 -1965.875629 -1205.587126 -1206.817442 -1195.560801 -1188.158517 -1184.679800 -1184.140295 -1184.081858 -1184.087216 -1184.101793 -1184.117506 -1184.132614 -1184.146610 -1184.159635 -1184.175084 -1184.224493 -1184.550777 -1186.415306 -1190.538062 -1196.080514 -1186.724356 -1941.618909 -2011.904158 -2013.541891 -2012.794008 -2012.586958 -2012.548397 -2012.542432 -2012.542003 -2012.542422 -2012.542885 -2012.543266 -2012.543561 -2012.543789 -2012.543968 -2012.544112 -2012.544229 -2012.544329 -2012.544420 -2012.544510 -2012.544610 -2012.544736 -2012.544909 -2012.545163 -2012.545550 -2012.546158 -2012.547131 -2012.548717 -2012.551357 -2012.555858 -2012.563751 -2012.578014 -2012.604572 -2012.655456 -2012.755823 -2012.960883 -2013.400613 -2014.407934 -2016.926418 -2024.029664 -2047.625787 -9999.0 -9999.0
-9999.0 -9999.0 125.713913 28.434354 -70.185992 -169.159264 -268.263867 -367.416410 -466.572831 -565.702778 -664.750784 -763.647337 -862.404981 -960.954769 -1059.420657 -1157.870326 -1255.809726 -1352.959853 -1448.762537 -1542.237268 -1631.570958 -1713.799741 -1785.634891 -1844.971102 -1891.594969 -1926.802802 -1952.609402 -1971.111717 -1984.155583 -1993.229031 -1999.471976 -2003.729047 -2006.611008 -2008.551096 -2009.852280 -2010.726339 -2011.331750 -2011.842498 -2012.671802 -2014.985373 -2017.925144 -1965.875629 -1205.587126 -1206.817442 -1195.560801 -1188.158516 -1184.679800 -1184.140295 -1184.081858 -1184.087216 -1184.101793 -1184.117506 -1184.132614 -1184.146610 -1184.159635 -1184.175084 -1184.224493 -1184.550777 -1186.415306 -1190.538062 -1196.080514 -1186.724356 -1941.618909 -2011.904158 -2013.541891 -2012.794008 -2012.586958 -2012.548397 -2012.542432 -2012.542003 -2012.542422 -2012.542885 -2012.543266 -2012.543561 -2012.543789 -2012.543968 -2012.544112 -2012.544229 -2012.544329 -2012.544420 -2012.544510 -2012.544610 -2012.544736 -2012.544909 -2012.545163 -2012.545550 -2012.546158 -2012.547131 -2012.548717 -2012.551357 -2012.555858 -2012.563751 -2012.578014 -2012.604572 -2012.655456 -2012.755823 -2012.960883 -2013.400613 -2014.407934 -2016.926418 -2024.029664 -2047.625787 -9999.0 -9999.0
-9999.0 -9999.0 125.713913 28.434353 -70.185992 -169.159264 -268.263867 -367.416410 -466.572831 -565.702778 -664.750783 -763.647337 -862.404981 -960.954769 -1059.420657 -1157.870326 -1255.809726 -1352.959853 -1448.762537 -1542.237268 -1631.570958 -1713.799741 -1785.634891 -1844.971102 -1891.594969 -1926.802802 -1952.609402 -1971.111717 -1984.155583 -1993.229031 -1999.471976 -2003.729047 -2006.611008 -2008.551096 -2009.852280 -2010.726339 -2011.331750 -2011.842498 -2012.671802 -2014.985373 -2017.925144 -1965.875629 -1205.587126 -1206.817442 -1195.560801 -1188.158516 -1184.679800 -1184.140295 -1184.081858 -1184.087216 -1184.101793 -1184.117506 -1184.132614 -1184.146610 -1184.159635 -1184.175084 -1184.224493 -1184.550777 -1186.415306 -1190.538062 -1196.080514 -1186.724356 -1941.618909 -2011.904158 -2013.541891 -2012.794008 -2012.586958 -2012.548397 -2012.542432 -2012.542003 -2012.542422 -2012.542885 -2012.543266 -2012.543561 -2012.543789 -2012.543968 -2012.544112 -2012.544229 -2012.544329 -2012.544420 -2012.544510 -2012.544610 -2012.544736 -2012.544909 -2012.545163 -2012.545550 -2012.546158 -2012.547131 -2012.548717 -2012.551357 -2012.555858 -2012.563751 -2012.578014 -2012.604572 -2012.655456 -2012.755823 -2012.960883 -2013.400613 -2014.407934 -2016.926418 -2024.029664 -2047.625787 -9999.0 -9999.0
-9999.0 -9999.0 125.712673 28.433584 -70.186296 -169.159374 -268.263906 -367.416424 -466.572837 -565.702780 -664.750784 -763.647338 -862.404981 -960.954769 -1059.420657 -1157.870326 -1255.809726 -1352.959853 -1448.762537 -1542.237268 -1631.570958 -1713.799740 -1785.634890 -1844.971102 -1891.594969 -1926.802802 -1952.609402 -1971.111717 -1984.155583 -1993.229031 -1999.471975 -2003.729047 -2006.611008 -2008.551096 -2009.852280 -2010.726339 -2011.331750 -2011.842498 -2012.671802 -2014.985373 -2017.925144 -1965.875629 -1205.587126 -1206.817442 -1195.560801 -1188.158517 -1184.679800 -1184.140295 -1184.081858 -1184.087216 -1184.101793 -1184.117506 -1184.132614 -1184.146610 -1184.159635 -1184.175084 -1184.224493 -1184.550777 -1186.415306 -1190.538062 -1196.080514 -1186.724356 -1941.618909 -2011.904158 -2013.541891 -2012.794008 -2012.586958 -2012.548397 -2012.542432 -2012.542003 -2012.542422 -2012.542885 -2012.543266 -2012.543561 -2012.543789 -2012.543968 -2012.544112 -2012.544229 -2012.544329 -2012.544420 -2012.544510 -2012.544610 -2012.544736 -2012.544909 -2012.545163 -2012.545550 -2012.546158 -2012.547131 -2012.548717 -2012.551357 -2012.555858 -2012.563751 -2012.578014 -2012.604572 -2012.655456 -2012.755823 -2012.960883 -2013.400613 -2014.407934 -2016.926418 -2024.029664 -2047.625787 -9999.0 -9999.0
-9999.0 -9999.0 125.702737 28.431677 -70.186775 -169.159514 -268.263950 -367.416440 -466.572842 -565.702782 -664.750785 -763.647338 -862.404981 -960.954769 -1059.420657 -1157.870326 -1255.809726 -1352.959852 -1448.762537 -1542.237268 -1631.570958 -1713.799740 -1785.634890 -1844.971101 -1891.594969 -1926.802802 -1952.609402 -1971.111717 -1984.155583 -1993.229031 -1999.471975 -2003.729047 -2006.611008 -2008.551096 -2009.852280 -2010.726339 -2011.331750 -2011.842498 -2012.671802 -2014.985373 -2017.925144 -1965.875629 -1205.587126 -1206.817442 -1195.560801 -1188.158517 -1184.679800 -1184.140295 -1184.081858 -1184.087216 -1184.101793 -1184.117506 -1184.132614 -1184.146610 -1184.159635 -1184.175084 -1184.224493 -1184.550777 -1186.415306 -1190.538062 -1196.080514 -1186.724356 -1941.618909 -2011.904158 -2013.541891 -2012.794008 -2012.586958 -2012.548397 -2012.542432 -2012.542003 -2012.542422 -2012.542885 -2012.543266 -2012.543561 -2012.543789 -2012.543968 -2012.544112 -2012.544229 -2012.544329 -2012.544420 -2012.544510 -2012.544610 -2012.544736 -2012.544909 -2012.545163 -2012.545550 -2012.546158 -2012.547131 -2012.548717 -2012.551357 -2012.555858 -2012.563751 -2012.578014 -2012.604572 -2012.655456 -2012.755823 -2012.960883 -2013.400613 -2014.407934 -2016.926418 -2024.029664 -2047.625787 -9999.0 -9999.0
-9999.0 -9999.0 -9999.0 -9999.0 -9999.0 -9999.0 -9999.0 -9999.0 -9999.0 -9999.0 -9999.0 -9999.0 -9999.0 -9999.0 -9999.0 -9999.0 -9999.0 -9999.0 -9999.0 -9999.0 -9999.0 -9999.0 -9999.0 -9999.0 -9999.0 -9999.0 -9999.0 -9999.0 -9999.0 -9999.0 -9999.0 -9999.0 -9999.0 -9999.0 -9999.0 -9999.0 -9999.0 -9999.0 -9999.0 -9999.0 -9999.0 -9999.0 -9999.0 -9999.0 -9999.0 -9999.0 -9999.0 -9999.0 -9999.0 -9999.0 -9999.0 -9999.0 -9999.0 -9999.0 -9999.0 -9999.0 -9999.0 -9999.0 -9999.0 -9999.0 -9999.0 -9999.0 -9999.0 -9999.0 -9999.0 -9999.0 -9999.0 -9999.0 -9999.0 -9999.0 -9999.0 -9999.0 -9999.0 -9999.0 -9999.0 -9999.0 -9999.0 -9999.0 -9999.0 -9999.0 -9999.0 -9999.0 -9999.0 -9999.0 -9999.0 -9999.0 -9999.0 -9999.0 -9999.0 -9999.0 -9999.0 -9999.0 -9999.0 -9999.0 -9999.0 -9999.0 -9999.0 -9999.0 -9999.0 -9999.0 -9999.0 -9999.0 -9999.0 -9999.0
-9999.0 -9999.0 -9999.0 -9999.0 -9999.0 -9999.0 -9999.0 -9999.0 -9999.0 -9999.0 -9999.0 -9999.0 -9999.0 -9999.0 -9999.0 -9999.0 -9999.0 -9999.0 -9999.0 -9999.0 -9999.0 -9999.0 -9999.0 -9999.0 -9999.0 -9999.0 -9999.0 -9999.0 -9999.0 -9999.0 -9999.0 -9999.0 -9999.0 -9999.0 -9999.0 -9999.0 -9999.0 -9999.0 -9999.0 -9999.0 -9999.0 -9999.0 -9999.0 -9999.0 -9999.0 -9999.0 -9999.0 -9999.0 -9999.0 -9999.0 -9999.0 -9999.0 -9999.0 -9999.0 -9999.0 -9999.0 -9999.0 -9999.0 -9999.0 -9999.0 -9999.0 -9999.0 -9999.0 -9999.0 -9999.0 -9999.0 -9999.0 -9999.0 -9999.0 -9999.0 -9999.0 -9999.0 -9999.0 -9999.0 -9999.0 -9999.0 -9999.0 -9999.0 -9999.0 -9999.0 -9999.0 -9999.0 -9999.0 -9999.0 -9999.0 -9999.0 -9999.0 -9999.0 -9999.0 -9999.0 -9999.0 -9999.0 -9999.0 -9999.0 -9999.0 -9999.0 -9999.0 -9999.0 -9999.0 -9999.0 -9999.0 -9999.0 -9999.0 -9999.0