inst/processing_geotop_simulation/geotop_simulation/out/maps3D/PwL0007N0212.asc
ncols         104
nrows         10
xllcorner     -2.000000
yllcorner     0.000000
cellsize      1.000000
NODATA_value  -9999.0
-9999.0 -9999.0 -9999.0 -9999.0 -9999.0 -9999.0 -9999.0 -9999.0 -9999.0 -9999.0 -9999.0 -9999.0 -9999.0 -9999.0 -9999.0 -9999.0 -9999.0 -9999.0 -9999.0 -9999.0 -9999.0 -9999.0 -9999.0 -9999.0 -9999.0 -9999.0 -9999.0 -9999.0 -9999.0 -9999.0 -9999.0 -9999.0 -9999.0 -9999.0 -9999.0 -9999.0 -9999.0 -9999.0 -9999.0 -9999.0 -9999.0 -9999.0 -9999.0 -9999.0 -9999.0 -9999.0 -9999.0 -9999.0 -9999.0 -9999.0 -9999.0 -9999.0 -9999.0 -9999.0 -9999.0 -9999.0 -9999.0 -9999.0 -9999.0 -9999.0 -9999.0 -9999.0 -9999.0 -9999.0 -9999.0 -9999.0 -9999.0 -9999.0 -9999.0 -9999.0 -9999.0 -9999.0 -9999.0 -9999.0 -9999.0 -9999.0 -9999.0 -9999.0 -9999.0 -9999.0 -9999.0 -9999.0 -9999.0 -9999.0 -9999.0 -9999.0 -9999.0 -9999.0 -9999.0 -9999.0 -9999.0 -9999.0 -9999.0 -9999.0 -9999.0 -9999.0 -9999.0 -9999.0 -9999.0 -9999.0 -9999.0 -9999.0 -9999.0 -9999.0
-9999.0 -9999.0 -9999.0 -9999.0 -9999.0 -9999.0 -9999.0 -9999.0 -9999.0 -9999.0 -9999.0 -9999.0 -9999.0 -9999.0 -9999.0 -9999.0 -9999.0 -9999.0 -9999.0 -9999.0 -9999.0 -9999.0 -9999.0 -9999.0 -9999.0 -9999.0 -9999.0 -9999.0 -9999.0 -9999.0 -9999.0 -9999.0 -9999.0 -9999.0 -9999.0 -9999.0 -9999.0 -9999.0 -9999.0 -9999.0 -9999.0 -9999.0 -9999.0 -9999.0 -9999.0 -9999.0 -9999.0 -9999.0 -9999.0 -9999.0 -9999.0 -9999.0 -9999.0 -9999.0 -9999.0 -9999.0 -9999.0 -9999.0 -9999.0 -9999.0 -9999.0 -9999.0 -9999.0 -9999.0 -9999.0 -9999.0 -9999.0 -9999.0 -9999.0 -9999.0 -9999.0 -9999.0 -9999.0 -9999.0 -9999.0 -9999.0 -9999.0 -9999.0 -9999.0 -9999.0 -9999.0 -9999.0 -9999.0 -9999.0 -9999.0 -9999.0 -9999.0 -9999.0 -9999.0 -9999.0 -9999.0 -9999.0 -9999.0 -9999.0 -9999.0 -9999.0 -9999.0 -9999.0 -9999.0 -9999.0 -9999.0 -9999.0 -9999.0 -9999.0
-9999.0 -9999.0 328.621839 234.521707 138.108278 40.844030 -56.751352 -154.481966 -252.246198 -349.963076 -447.538336 -544.760167 -641.179940 -736.708766 -832.187390 -927.568655 -1022.713396 -1116.510907 -1207.351028 -1294.308509 -1372.905849 -1439.048605 -1491.110739 -1529.957450 -1557.856686 -1577.399510 -1590.876340 -1600.070593 -1606.285485 -1610.447831 -1613.210209 -1615.028174 -1616.216206 -1616.988400 -1617.488668 -1617.814526 -1618.039179 -1618.250005 -1618.723244 -1620.805692 -1629.324048 -1639.731679 -1146.569173 -1196.103901 -1169.536365 -1152.948075 -1145.272675 -1144.214371 -1144.105837 -1144.118173 -1144.147983 -1144.179907 -1144.210563 -1144.238937 -1144.265188 -1144.294987 -1144.383581 -1144.994112 -1148.990876 -1158.034211 -1171.457499 -1105.825878 -1613.286794 -1623.621973 -1619.661655 -1618.689889 -1618.527153 -1618.502049 -1618.498777 -1618.499100 -1618.499914 -1618.500650 -1618.501229 -1618.501670 -1618.502008 -1618.502270 -1618.502478 -1618.502645 -1618.502786 -1618.502910 -1618.503033 -1618.503169 -1618.503340 -1618.503578 -1618.503930 -1618.504472 -1618.505324 -1618.506689 -1618.508908 -1618.512581 -1618.518794 -1618.529581 -1618.548870 -1618.584400 -1618.651669 -1618.782214 -1619.042213 -1619.578841 -1620.747245 -1623.486133 -1630.621211 -1652.974108 -9999.0 -9999.0
-9999.0 -9999.0 328.630112 234.523713 138.108811 40.844188 -56.751302 -154.481949 -252.246192 -349.963074 -447.538335 -544.760166 -641.179939 -736.708766 -832.187390 -927.568655 -1022.713396 -1116.510907 -1207.351028 -1294.308509 -1372.905849 -1439.048606 -1491.110739 -1529.957450 -1557.856686 -1577.399511 -1590.876340 -1600.070593 -1606.285485 -1610.447831 -1613.210209 -1615.028174 -1616.216206 -1616.988400 -1617.488668 -1617.814526 -1618.039179 -1618.250005 -1618.723244 -1620.805692 -1629.324048 -1639.731679 -1146.569173 -1196.103901 -1169.536365 -1152.948075 -1145.272675 -1144.214371 -1144.105837 -1144.118173 -1144.147983 -1144.179907 -1144.210563 -1144.238937 -1144.265188 -1144.294987 -1144.383581 -1144.994112 -1148.990876 -1158.034210 -1171.457499 -1105.825878 -1613.286794 -1623.621973 -1619.661655 -1618.689889 -1618.527153 -1618.502049 -1618.498777 -1618.499100 -1618.499914 -1618.500650 -1618.501229 -1618.501670 -1618.502008 -1618.502270 -1618.502478 -1618.502645 -1618.502786 -1618.502910 -1618.503033 -1618.503169 -1618.503340 -1618.503578 -1618.503930 -1618.504472 -1618.505324 -1618.506689 -1618.508908 -1618.512581 -1618.518794 -1618.529581 -1618.548870 -1618.584400 -1618.651669 -1618.782214 -1619.042213 -1619.578841 -1620.747245 -1623.486133 -1630.621211 -1652.974108 -9999.0 -9999.0
-9999.0 -9999.0 328.631678 234.524565 138.109150 40.844312 -56.751258 -154.481933 -252.246186 -349.963072 -447.538334 -544.760166 -641.179939 -736.708766 -832.187390 -927.568655 -1022.713396 -1116.510908 -1207.351029 -1294.308509 -1372.905849 -1439.048606 -1491.110739 -1529.957451 -1557.856686 -1577.399511 -1590.876340 -1600.070593 -1606.285485 -1610.447831 -1613.210209 -1615.028174 -1616.216206 -1616.988400 -1617.488668 -1617.814526 -1618.039179 -1618.250005 -1618.723244 -1620.805692 -1629.324048 -1639.731679 -1146.569173 -1196.103901 -1169.536365 -1152.948075 -1145.272675 -1144.214371 -1144.105837 -1144.118173 -1144.147983 -1144.179907 -1144.210563 -1144.238937 -1144.265188 -1144.294987 -1144.383581 -1144.994112 -1148.990876 -1158.034210 -1171.457499 -1105.825878 -1613.286794 -1623.621973 -1619.661655 -1618.689889 -1618.527153 -1618.502049 -1618.498777 -1618.499100 -1618.499914 -1618.500650 -1618.501229 -1618.501670 -1618.502008 -1618.502270 -1618.502478 -1618.502645 -1618.502786 -1618.502910 -1618.503033 -1618.503169 -1618.503340 -1618.503578 -1618.503930 -1618.504472 -1618.505324 -1618.506689 -1618.508908 -1618.512581 -1618.518794 -1618.529581 -1618.548870 -1618.584400 -1618.651669 -1618.782214 -1619.042213 -1619.578841 -1620.747245 -1623.486133 -1630.621211 -1652.974108 -9999.0 -9999.0
-9999.0 -9999.0 328.631678 234.524565 138.109150 40.844312 -56.751258 -154.481933 -252.246186 -349.963072 -447.538334 -544.760166 -641.179939 -736.708766 -832.187390 -927.568655 -1022.713396 -1116.510908 -1207.351029 -1294.308509 -1372.905849 -1439.048606 -1491.110739 -1529.957451 -1557.856686 -1577.399511 -1590.876340 -1600.070593 -1606.285485 -1610.447831 -1613.210209 -1615.028174 -1616.216206 -1616.988400 -1617.488668 -1617.814526 -1618.039179 -1618.250005 -1618.723244 -1620.805692 -1629.324048 -1639.731679 -1146.569173 -1196.103901 -1169.536365 -1152.948075 -1145.272675 -1144.214371 -1144.105837 -1144.118173 -1144.147983 -1144.179907 -1144.210563 -1144.238937 -1144.265188 -1144.294987 -1144.383581 -1144.994112 -1148.990876 -1158.034210 -1171.457499 -1105.825878 -1613.286794 -1623.621973 -1619.661655 -1618.689889 -1618.527153 -1618.502049 -1618.498777 -1618.499100 -1618.499914 -1618.500650 -1618.501229 -1618.501670 -1618.502008 -1618.502270 -1618.502478 -1618.502645 -1618.502786 -1618.502910 -1618.503033 -1618.503169 -1618.503340 -1618.503578 -1618.503930 -1618.504472 -1618.505324 -1618.506689 -1618.508908 -1618.512581 -1618.518794 -1618.529581 -1618.548870 -1618.584400 -1618.651669 -1618.782214 -1619.042213 -1619.578841 -1620.747245 -1623.486133 -1630.621211 -1652.974108 -9999.0 -9999.0
-9999.0 -9999.0 328.630112 234.523713 138.108811 40.844188 -56.751302 -154.481949 -252.246192 -349.963074 -447.538335 -544.760166 -641.179939 -736.708766 -832.187390 -927.568655 -1022.713396 -1116.510907 -1207.351028 -1294.308509 -1372.905849 -1439.048606 -1491.110739 -1529.957450 -1557.856686 -1577.399511 -1590.876340 -1600.070593 -1606.285485 -1610.447831 -1613.210209 -1615.028174 -1616.216206 -1616.988400 -1617.488668 -1617.814526 -1618.039179 -1618.250005 -1618.723244 -1620.805692 -1629.324048 -1639.731679 -1146.569173 -1196.103901 -1169.536365 -1152.948075 -1145.272675 -1144.214371 -1144.105837 -1144.118173 -1144.147983 -1144.179907 -1144.210563 -1144.238937 -1144.265188 -1144.294987 -1144.383581 -1144.994112 -1148.990876 -1158.034210 -1171.457499 -1105.825878 -1613.286794 -1623.621973 -1619.661655 -1618.689889 -1618.527153 -1618.502049 -1618.498777 -1618.499100 -1618.499914 -1618.500650 -1618.501229 -1618.501670 -1618.502008 -1618.502270 -1618.502478 -1618.502645 -1618.502786 -1618.502910 -1618.503033 -1618.503169 -1618.503340 -1618.503578 -1618.503930 -1618.504472 -1618.505324 -1618.506689 -1618.508908 -1618.512581 -1618.518794 -1618.529581 -1618.548870 -1618.584400 -1618.651669 -1618.782214 -1619.042213 -1619.578841 -1620.747245 -1623.486133 -1630.621211 -1652.974108 -9999.0 -9999.0
-9999.0 -9999.0 328.621839 234.521707 138.108278 40.844030 -56.751352 -154.481966 -252.246198 -349.963076 -447.538336 -544.760167 -641.179940 -736.708766 -832.187390 -927.568655 -1022.713396 -1116.510907 -1207.351028 -1294.308509 -1372.905849 -1439.048605 -1491.110739 -1529.957450 -1557.856686 -1577.399510 -1590.876340 -1600.070593 -1606.285485 -1610.447831 -1613.210209 -1615.028174 -1616.216206 -1616.988400 -1617.488668 -1617.814526 -1618.039179 -1618.250005 -1618.723244 -1620.805692 -1629.324048 -1639.731679 -1146.569173 -1196.103901 -1169.536365 -1152.948075 -1145.272675 -1144.214371 -1144.105837 -1144.118173 -1144.147983 -1144.179907 -1144.210563 -1144.238937 -1144.265188 -1144.294987 -1144.383581 -1144.994112 -1148.990876 -1158.034211 -1171.457499 -1105.825878 -1613.286794 -1623.621973 -1619.661655 -1618.689889 -1618.527153 -1618.502049 -1618.498777 -1618.499100 -1618.499914 -1618.500650 -1618.501229 -1618.501670 -1618.502008 -1618.502270 -1618.502478 -1618.502645 -1618.502786 -1618.502910 -1618.503033 -1618.503169 -1618.503340 -1618.503578 -1618.503930 -1618.504472 -1618.505324 -1618.506689 -1618.508908 -1618.512581 -1618.518794 -1618.529581 -1618.548870 -1618.584400 -1618.651669 -1618.782214 -1619.042213 -1619.578841 -1620.747245 -1623.486133 -1630.621211 -1652.974108 -9999.0 -9999.0
-9999.0 -9999.0 -9999.0 -9999.0 -9999.0 -9999.0 -9999.0 -9999.0 -9999.0 -9999.0 -9999.0 -9999.0 -9999.0 -9999.0 -9999.0 -9999.0 -9999.0 -9999.0 -9999.0 -9999.0 -9999.0 -9999.0 -9999.0 -9999.0 -9999.0 -9999.0 -9999.0 -9999.0 -9999.0 -9999.0 -9999.0 -9999.0 -9999.0 -9999.0 -9999.0 -9999.0 -9999.0 -9999.0 -9999.0 -9999.0 -9999.0 -9999.0 -9999.0 -9999.0 -9999.0 -9999.0 -9999.0 -9999.0 -9999.0 -9999.0 -9999.0 -9999.0 -9999.0 -9999.0 -9999.0 -9999.0 -9999.0 -9999.0 -9999.0 -9999.0 -9999.0 -9999.0 -9999.0 -9999.0 -9999.0 -9999.0 -9999.0 -9999.0 -9999.0 -9999.0 -9999.0 -9999.0 -9999.0 -9999.0 -9999.0 -9999.0 -9999.0 -9999.0 -9999.0 -9999.0 -9999.0 -9999.0 -9999.0 -9999.0 -9999.0 -9999.0 -9999.0 -9999.0 -9999.0 -9999.0 -9999.0 -9999.0 -9999.0 -9999.0 -9999.0 -9999.0 -9999.0 -9999.0 -9999.0 -9999.0 -9999.0 -9999.0 -9999.0 -9999.0
-9999.0 -9999.0 -9999.0 -9999.0 -9999.0 -9999.0 -9999.0 -9999.0 -9999.0 -9999.0 -9999.0 -9999.0 -9999.0 -9999.0 -9999.0 -9999.0 -9999.0 -9999.0 -9999.0 -9999.0 -9999.0 -9999.0 -9999.0 -9999.0 -9999.0 -9999.0 -9999.0 -9999.0 -9999.0 -9999.0 -9999.0 -9999.0 -9999.0 -9999.0 -9999.0 -9999.0 -9999.0 -9999.0 -9999.0 -9999.0 -9999.0 -9999.0 -9999.0 -9999.0 -9999.0 -9999.0 -9999.0 -9999.0 -9999.0 -9999.0 -9999.0 -9999.0 -9999.0 -9999.0 -9999.0 -9999.0 -9999.0 -9999.0 -9999.0 -9999.0 -9999.0 -9999.0 -9999.0 -9999.0 -9999.0 -9999.0 -9999.0 -9999.0 -9999.0 -9999.0 -9999.0 -9999.0 -9999.0 -9999.0 -9999.0 -9999.0 -9999.0 -9999.0 -9999.0 -9999.0 -9999.0 -9999.0 -9999.0 -9999.0 -9999.0 -9999.0 -9999.0 -9999.0 -9999.0 -9999.0 -9999.0 -9999.0 -9999.0 -9999.0 -9999.0 -9999.0 -9999.0 -9999.0 -9999.0 -9999.0 -9999.0 -9999.0 -9999.0 -9999.0