inst/processing_geotop_simulation/geotop_simulation/out/maps3D/PwL0000N0060.asc
ncols         104
nrows         10
xllcorner     -2.000000
yllcorner     0.000000
cellsize      1.000000
NODATA_value  -9999.0
-9999.0 -9999.0 -9999.0 -9999.0 -9999.0 -9999.0 -9999.0 -9999.0 -9999.0 -9999.0 -9999.0 -9999.0 -9999.0 -9999.0 -9999.0 -9999.0 -9999.0 -9999.0 -9999.0 -9999.0 -9999.0 -9999.0 -9999.0 -9999.0 -9999.0 -9999.0 -9999.0 -9999.0 -9999.0 -9999.0 -9999.0 -9999.0 -9999.0 -9999.0 -9999.0 -9999.0 -9999.0 -9999.0 -9999.0 -9999.0 -9999.0 -9999.0 -9999.0 -9999.0 -9999.0 -9999.0 -9999.0 -9999.0 -9999.0 -9999.0 -9999.0 -9999.0 -9999.0 -9999.0 -9999.0 -9999.0 -9999.0 -9999.0 -9999.0 -9999.0 -9999.0 -9999.0 -9999.0 -9999.0 -9999.0 -9999.0 -9999.0 -9999.0 -9999.0 -9999.0 -9999.0 -9999.0 -9999.0 -9999.0 -9999.0 -9999.0 -9999.0 -9999.0 -9999.0 -9999.0 -9999.0 -9999.0 -9999.0 -9999.0 -9999.0 -9999.0 -9999.0 -9999.0 -9999.0 -9999.0 -9999.0 -9999.0 -9999.0 -9999.0 -9999.0 -9999.0 -9999.0 -9999.0 -9999.0 -9999.0 -9999.0 -9999.0 -9999.0 -9999.0
-9999.0 -9999.0 -9999.0 -9999.0 -9999.0 -9999.0 -9999.0 -9999.0 -9999.0 -9999.0 -9999.0 -9999.0 -9999.0 -9999.0 -9999.0 -9999.0 -9999.0 -9999.0 -9999.0 -9999.0 -9999.0 -9999.0 -9999.0 -9999.0 -9999.0 -9999.0 -9999.0 -9999.0 -9999.0 -9999.0 -9999.0 -9999.0 -9999.0 -9999.0 -9999.0 -9999.0 -9999.0 -9999.0 -9999.0 -9999.0 -9999.0 -9999.0 -9999.0 -9999.0 -9999.0 -9999.0 -9999.0 -9999.0 -9999.0 -9999.0 -9999.0 -9999.0 -9999.0 -9999.0 -9999.0 -9999.0 -9999.0 -9999.0 -9999.0 -9999.0 -9999.0 -9999.0 -9999.0 -9999.0 -9999.0 -9999.0 -9999.0 -9999.0 -9999.0 -9999.0 -9999.0 -9999.0 -9999.0 -9999.0 -9999.0 -9999.0 -9999.0 -9999.0 -9999.0 -9999.0 -9999.0 -9999.0 -9999.0 -9999.0 -9999.0 -9999.0 -9999.0 -9999.0 -9999.0 -9999.0 -9999.0 -9999.0 -9999.0 -9999.0 -9999.0 -9999.0 -9999.0 -9999.0 -9999.0 -9999.0 -9999.0 -9999.0 -9999.0 -9999.0
-9999.0 -9999.0 -909.512411 -1096.647637 -1192.385457 -1226.247253 -1237.508216 -1242.129777 -1243.711260 -1233.467928 -1165.965683 -1138.033417 -1144.015904 -1159.396440 -1189.914211 -1220.941775 -1227.739730 -1217.165654 -1202.306691 -1190.699518 -1184.504565 -1183.473668 -1186.596192 -1192.716403 -1200.689980 -1209.427500 -1217.937428 -1225.454548 -1231.562297 -1236.192595 -1239.512069 -1241.788214 -1243.294435 -1244.261281 -1244.862547 -1245.221086 -1245.434854 -1245.636127 -1245.911814 -1245.928672 -1248.003297 -1266.960153 -836.210502 -827.711254 -815.754802 -808.526511 -805.159718 -804.700750 -804.658299 -804.676225 -804.705068 -804.735339 -804.764357 -804.791185 -804.815671 -804.840175 -804.889115 -805.176367 -807.012348 -811.316440 -818.699418 -819.712165 -1253.778858 -1248.408571 -1246.518754 -1246.051521 -1245.943575 -1245.925444 -1245.926652 -1245.931066 -1245.935212 -1245.938482 -1245.940943 -1245.942789 -1245.944189 -1245.945270 -1245.946122 -1245.946805 -1245.947366 -1245.947852 -1245.948314 -1245.948810 -1245.949420 -1245.950250 -1245.951465 -1245.953319 -1245.956216 -1245.960814 -1245.968208 -1245.980259 -1246.000239 -1246.034103 -1246.093066 -1246.198887 -1246.394592 -1246.765716 -1247.481298 -1248.872317 -1251.590746 -1256.984645 -1268.110881 -1293.239436 -9999.0 -9999.0
-9999.0 -9999.0 -909.512393 -1096.647589 -1192.385415 -1226.247233 -1237.508211 -1242.129777 -1243.711261 -1233.467928 -1165.965683 -1138.033417 -1144.015904 -1159.396440 -1189.914211 -1220.941775 -1227.739730 -1217.165654 -1202.306691 -1190.699518 -1184.504565 -1183.473668 -1186.596192 -1192.716403 -1200.689980 -1209.427500 -1217.937428 -1225.454548 -1231.562297 -1236.192595 -1239.512069 -1241.788214 -1243.294435 -1244.261281 -1244.862547 -1245.221086 -1245.434854 -1245.636127 -1245.911814 -1245.928672 -1248.003297 -1266.960153 -836.210502 -827.711254 -815.754802 -808.526511 -805.159718 -804.700750 -804.658299 -804.676225 -804.705068 -804.735339 -804.764357 -804.791185 -804.815671 -804.840175 -804.889115 -805.176367 -807.012348 -811.316440 -818.699418 -819.712165 -1253.778858 -1248.408571 -1246.518754 -1246.051521 -1245.943575 -1245.925444 -1245.926652 -1245.931066 -1245.935212 -1245.938482 -1245.940943 -1245.942789 -1245.944189 -1245.945270 -1245.946122 -1245.946805 -1245.947366 -1245.947852 -1245.948314 -1245.948810 -1245.949420 -1245.950250 -1245.951465 -1245.953319 -1245.956216 -1245.960814 -1245.968208 -1245.980259 -1246.000239 -1246.034103 -1246.093066 -1246.198887 -1246.394592 -1246.765716 -1247.481298 -1248.872317 -1251.590746 -1256.984645 -1268.110881 -1293.239436 -9999.0 -9999.0
-9999.0 -9999.0 -909.512380 -1096.647561 -1192.385387 -1226.247218 -1237.508206 -1242.129777 -1243.711262 -1233.467929 -1165.965683 -1138.033417 -1144.015904 -1159.396440 -1189.914211 -1220.941775 -1227.739730 -1217.165654 -1202.306691 -1190.699518 -1184.504565 -1183.473668 -1186.596192 -1192.716403 -1200.689980 -1209.427500 -1217.937428 -1225.454548 -1231.562297 -1236.192595 -1239.512069 -1241.788214 -1243.294435 -1244.261281 -1244.862547 -1245.221086 -1245.434854 -1245.636127 -1245.911814 -1245.928672 -1248.003297 -1266.960153 -836.210502 -827.711254 -815.754802 -808.526511 -805.159718 -804.700750 -804.658299 -804.676225 -804.705068 -804.735339 -804.764357 -804.791185 -804.815671 -804.840175 -804.889115 -805.176367 -807.012348 -811.316440 -818.699418 -819.712165 -1253.778858 -1248.408571 -1246.518754 -1246.051521 -1245.943575 -1245.925444 -1245.926652 -1245.931066 -1245.935212 -1245.938482 -1245.940943 -1245.942789 -1245.944189 -1245.945270 -1245.946122 -1245.946805 -1245.947366 -1245.947852 -1245.948314 -1245.948810 -1245.949420 -1245.950250 -1245.951465 -1245.953319 -1245.956216 -1245.960814 -1245.968208 -1245.980259 -1246.000239 -1246.034103 -1246.093066 -1246.198887 -1246.394592 -1246.765716 -1247.481298 -1248.872317 -1251.590746 -1256.984645 -1268.110881 -1293.239436 -9999.0 -9999.0
-9999.0 -9999.0 -909.512380 -1096.647561 -1192.385387 -1226.247218 -1237.508206 -1242.129777 -1243.711262 -1233.467929 -1165.965683 -1138.033417 -1144.015904 -1159.396440 -1189.914211 -1220.941775 -1227.739730 -1217.165654 -1202.306691 -1190.699518 -1184.504565 -1183.473668 -1186.596192 -1192.716403 -1200.689980 -1209.427500 -1217.937428 -1225.454548 -1231.562297 -1236.192595 -1239.512069 -1241.788214 -1243.294435 -1244.261281 -1244.862547 -1245.221086 -1245.434854 -1245.636127 -1245.911814 -1245.928672 -1248.003297 -1266.960153 -836.210502 -827.711254 -815.754802 -808.526511 -805.159718 -804.700750 -804.658299 -804.676225 -804.705068 -804.735339 -804.764357 -804.791185 -804.815671 -804.840175 -804.889115 -805.176367 -807.012348 -811.316440 -818.699418 -819.712165 -1253.778858 -1248.408571 -1246.518754 -1246.051521 -1245.943575 -1245.925444 -1245.926652 -1245.931066 -1245.935212 -1245.938482 -1245.940943 -1245.942789 -1245.944189 -1245.945270 -1245.946122 -1245.946805 -1245.947366 -1245.947852 -1245.948314 -1245.948810 -1245.949420 -1245.950250 -1245.951465 -1245.953319 -1245.956216 -1245.960814 -1245.968208 -1245.980259 -1246.000239 -1246.034103 -1246.093066 -1246.198887 -1246.394592 -1246.765716 -1247.481298 -1248.872317 -1251.590746 -1256.984645 -1268.110881 -1293.239436 -9999.0 -9999.0
-9999.0 -9999.0 -909.512393 -1096.647589 -1192.385415 -1226.247233 -1237.508211 -1242.129777 -1243.711261 -1233.467928 -1165.965683 -1138.033417 -1144.015904 -1159.396440 -1189.914211 -1220.941775 -1227.739730 -1217.165654 -1202.306691 -1190.699518 -1184.504565 -1183.473668 -1186.596192 -1192.716403 -1200.689980 -1209.427500 -1217.937428 -1225.454548 -1231.562297 -1236.192595 -1239.512069 -1241.788214 -1243.294435 -1244.261281 -1244.862547 -1245.221086 -1245.434854 -1245.636127 -1245.911814 -1245.928672 -1248.003297 -1266.960153 -836.210502 -827.711254 -815.754802 -808.526511 -805.159718 -804.700750 -804.658299 -804.676225 -804.705068 -804.735339 -804.764357 -804.791185 -804.815671 -804.840175 -804.889115 -805.176367 -807.012348 -811.316440 -818.699418 -819.712165 -1253.778858 -1248.408571 -1246.518754 -1246.051521 -1245.943575 -1245.925444 -1245.926652 -1245.931066 -1245.935212 -1245.938482 -1245.940943 -1245.942789 -1245.944189 -1245.945270 -1245.946122 -1245.946805 -1245.947366 -1245.947852 -1245.948314 -1245.948810 -1245.949420 -1245.950250 -1245.951465 -1245.953319 -1245.956216 -1245.960814 -1245.968208 -1245.980259 -1246.000239 -1246.034103 -1246.093066 -1246.198887 -1246.394592 -1246.765716 -1247.481298 -1248.872317 -1251.590746 -1256.984645 -1268.110881 -1293.239436 -9999.0 -9999.0
-9999.0 -9999.0 -909.512412 -1096.647637 -1192.385457 -1226.247253 -1237.508216 -1242.129777 -1243.711260 -1233.467928 -1165.965683 -1138.033417 -1144.015904 -1159.396440 -1189.914211 -1220.941775 -1227.739730 -1217.165654 -1202.306691 -1190.699518 -1184.504565 -1183.473668 -1186.596192 -1192.716403 -1200.689980 -1209.427500 -1217.937428 -1225.454548 -1231.562297 -1236.192595 -1239.512069 -1241.788214 -1243.294435 -1244.261281 -1244.862547 -1245.221086 -1245.434854 -1245.636127 -1245.911814 -1245.928672 -1248.003297 -1266.960153 -836.210502 -827.711254 -815.754802 -808.526511 -805.159718 -804.700750 -804.658299 -804.676225 -804.705068 -804.735339 -804.764357 -804.791185 -804.815671 -804.840175 -804.889115 -805.176367 -807.012348 -811.316440 -818.699418 -819.712165 -1253.778858 -1248.408571 -1246.518754 -1246.051521 -1245.943575 -1245.925444 -1245.926652 -1245.931066 -1245.935212 -1245.938482 -1245.940943 -1245.942789 -1245.944189 -1245.945270 -1245.946122 -1245.946805 -1245.947366 -1245.947852 -1245.948314 -1245.948810 -1245.949420 -1245.950250 -1245.951465 -1245.953319 -1245.956216 -1245.960814 -1245.968208 -1245.980259 -1246.000239 -1246.034103 -1246.093066 -1246.198887 -1246.394592 -1246.765716 -1247.481298 -1248.872317 -1251.590746 -1256.984645 -1268.110881 -1293.239436 -9999.0 -9999.0
-9999.0 -9999.0 -9999.0 -9999.0 -9999.0 -9999.0 -9999.0 -9999.0 -9999.0 -9999.0 -9999.0 -9999.0 -9999.0 -9999.0 -9999.0 -9999.0 -9999.0 -9999.0 -9999.0 -9999.0 -9999.0 -9999.0 -9999.0 -9999.0 -9999.0 -9999.0 -9999.0 -9999.0 -9999.0 -9999.0 -9999.0 -9999.0 -9999.0 -9999.0 -9999.0 -9999.0 -9999.0 -9999.0 -9999.0 -9999.0 -9999.0 -9999.0 -9999.0 -9999.0 -9999.0 -9999.0 -9999.0 -9999.0 -9999.0 -9999.0 -9999.0 -9999.0 -9999.0 -9999.0 -9999.0 -9999.0 -9999.0 -9999.0 -9999.0 -9999.0 -9999.0 -9999.0 -9999.0 -9999.0 -9999.0 -9999.0 -9999.0 -9999.0 -9999.0 -9999.0 -9999.0 -9999.0 -9999.0 -9999.0 -9999.0 -9999.0 -9999.0 -9999.0 -9999.0 -9999.0 -9999.0 -9999.0 -9999.0 -9999.0 -9999.0 -9999.0 -9999.0 -9999.0 -9999.0 -9999.0 -9999.0 -9999.0 -9999.0 -9999.0 -9999.0 -9999.0 -9999.0 -9999.0 -9999.0 -9999.0 -9999.0 -9999.0 -9999.0 -9999.0
-9999.0 -9999.0 -9999.0 -9999.0 -9999.0 -9999.0 -9999.0 -9999.0 -9999.0 -9999.0 -9999.0 -9999.0 -9999.0 -9999.0 -9999.0 -9999.0 -9999.0 -9999.0 -9999.0 -9999.0 -9999.0 -9999.0 -9999.0 -9999.0 -9999.0 -9999.0 -9999.0 -9999.0 -9999.0 -9999.0 -9999.0 -9999.0 -9999.0 -9999.0 -9999.0 -9999.0 -9999.0 -9999.0 -9999.0 -9999.0 -9999.0 -9999.0 -9999.0 -9999.0 -9999.0 -9999.0 -9999.0 -9999.0 -9999.0 -9999.0 -9999.0 -9999.0 -9999.0 -9999.0 -9999.0 -9999.0 -9999.0 -9999.0 -9999.0 -9999.0 -9999.0 -9999.0 -9999.0 -9999.0 -9999.0 -9999.0 -9999.0 -9999.0 -9999.0 -9999.0 -9999.0 -9999.0 -9999.0 -9999.0 -9999.0 -9999.0 -9999.0 -9999.0 -9999.0 -9999.0 -9999.0 -9999.0 -9999.0 -9999.0 -9999.0 -9999.0 -9999.0 -9999.0 -9999.0 -9999.0 -9999.0 -9999.0 -9999.0 -9999.0 -9999.0 -9999.0 -9999.0 -9999.0 -9999.0 -9999.0 -9999.0 -9999.0 -9999.0 -9999.0