inst/processing_geotop_simulation/geotop_simulation/out/maps3D/PwL0017N0122.asc
ncols         104
nrows         10
xllcorner     -2.000000
yllcorner     0.000000
cellsize      1.000000
NODATA_value  -9999.0
-9999.0 -9999.0 -9999.0 -9999.0 -9999.0 -9999.0 -9999.0 -9999.0 -9999.0 -9999.0 -9999.0 -9999.0 -9999.0 -9999.0 -9999.0 -9999.0 -9999.0 -9999.0 -9999.0 -9999.0 -9999.0 -9999.0 -9999.0 -9999.0 -9999.0 -9999.0 -9999.0 -9999.0 -9999.0 -9999.0 -9999.0 -9999.0 -9999.0 -9999.0 -9999.0 -9999.0 -9999.0 -9999.0 -9999.0 -9999.0 -9999.0 -9999.0 -9999.0 -9999.0 -9999.0 -9999.0 -9999.0 -9999.0 -9999.0 -9999.0 -9999.0 -9999.0 -9999.0 -9999.0 -9999.0 -9999.0 -9999.0 -9999.0 -9999.0 -9999.0 -9999.0 -9999.0 -9999.0 -9999.0 -9999.0 -9999.0 -9999.0 -9999.0 -9999.0 -9999.0 -9999.0 -9999.0 -9999.0 -9999.0 -9999.0 -9999.0 -9999.0 -9999.0 -9999.0 -9999.0 -9999.0 -9999.0 -9999.0 -9999.0 -9999.0 -9999.0 -9999.0 -9999.0 -9999.0 -9999.0 -9999.0 -9999.0 -9999.0 -9999.0 -9999.0 -9999.0 -9999.0 -9999.0 -9999.0 -9999.0 -9999.0 -9999.0 -9999.0 -9999.0
-9999.0 -9999.0 -9999.0 -9999.0 -9999.0 -9999.0 -9999.0 -9999.0 -9999.0 -9999.0 -9999.0 -9999.0 -9999.0 -9999.0 -9999.0 -9999.0 -9999.0 -9999.0 -9999.0 -9999.0 -9999.0 -9999.0 -9999.0 -9999.0 -9999.0 -9999.0 -9999.0 -9999.0 -9999.0 -9999.0 -9999.0 -9999.0 -9999.0 -9999.0 -9999.0 -9999.0 -9999.0 -9999.0 -9999.0 -9999.0 -9999.0 -9999.0 -9999.0 -9999.0 -9999.0 -9999.0 -9999.0 -9999.0 -9999.0 -9999.0 -9999.0 -9999.0 -9999.0 -9999.0 -9999.0 -9999.0 -9999.0 -9999.0 -9999.0 -9999.0 -9999.0 -9999.0 -9999.0 -9999.0 -9999.0 -9999.0 -9999.0 -9999.0 -9999.0 -9999.0 -9999.0 -9999.0 -9999.0 -9999.0 -9999.0 -9999.0 -9999.0 -9999.0 -9999.0 -9999.0 -9999.0 -9999.0 -9999.0 -9999.0 -9999.0 -9999.0 -9999.0 -9999.0 -9999.0 -9999.0 -9999.0 -9999.0 -9999.0 -9999.0 -9999.0 -9999.0 -9999.0 -9999.0 -9999.0 -9999.0 -9999.0 -9999.0 -9999.0 -9999.0
-9999.0 -9999.0 839.800788 748.048563 655.157856 561.150239 466.572229 371.741060 276.824034 181.910363 87.048400 -7.728150 -102.390732 -196.950989 -291.422103 -385.882273 -480.497235 -575.257389 -669.601983 -761.724141 -852.255897 -940.096064 -1017.028388 -1073.274048 -1113.201378 -1139.580091 -1156.085256 -1166.014910 -1171.818461 -1175.134260 -1176.997024 -1178.032319 -1178.606557 -1178.928433 -1179.113613 -1179.227006 -1179.312907 -1179.426595 -1179.756943 -1181.631165 -1193.858894 -1285.814505 -2057.113509 -4121.391094 -4133.662949 -4133.663366 -4133.663366 -4133.663366 -4133.663366 -4133.663366 -4133.663365 -4133.663360 -4133.663352 -4133.663339 -4133.663317 -4133.663270 -4133.663156 -4133.662844 -4133.661907 -4133.658058 -4113.507093 -1935.509313 -1253.418094 -1188.916908 -1180.791427 -1179.770776 -1179.633292 -1179.612419 -1179.610112 -1179.611080 -1179.612419 -1179.613561 -1179.614447 -1179.615119 -1179.615634 -1179.616033 -1179.616350 -1179.616605 -1179.616818 -1179.617006 -1179.617190 -1179.617392 -1179.617646 -1179.617996 -1179.618513 -1179.619307 -1179.620554 -1179.622546 -1179.625775 -1179.631097 -1179.640052 -1179.655507 -1179.682964 -1179.733248 -1179.827973 -1180.010900 -1180.373007 -1181.115022 -1182.722978 -1186.476472 -1195.890585 -1221.735419 -9999.0 -9999.0
-9999.0 -9999.0 839.804990 748.050068 655.158331 561.150391 466.572279 371.741077 276.824040 181.910365 87.048400 -7.728150 -102.390732 -196.950989 -291.422103 -385.882273 -480.497235 -575.257389 -669.601984 -761.724142 -852.255897 -940.096064 -1017.028389 -1073.274048 -1113.201378 -1139.580091 -1156.085256 -1166.014910 -1171.818461 -1175.134260 -1176.997024 -1178.032319 -1178.606557 -1178.928433 -1179.113613 -1179.227006 -1179.312907 -1179.426595 -1179.756943 -1181.631165 -1193.858894 -1285.814505 -2057.113509 -4121.391093 -4133.662949 -4133.663366 -4133.663366 -4133.663366 -4133.663366 -4133.663366 -4133.663365 -4133.663360 -4133.663352 -4133.663339 -4133.663317 -4133.663270 -4133.663156 -4133.662844 -4133.661907 -4133.658058 -4113.507093 -1935.509313 -1253.418094 -1188.916908 -1180.791427 -1179.770776 -1179.633292 -1179.612419 -1179.610112 -1179.611080 -1179.612419 -1179.613561 -1179.614447 -1179.615119 -1179.615634 -1179.616033 -1179.616350 -1179.616605 -1179.616818 -1179.617006 -1179.617190 -1179.617392 -1179.617646 -1179.617996 -1179.618513 -1179.619307 -1179.620554 -1179.622546 -1179.625775 -1179.631097 -1179.640052 -1179.655507 -1179.682964 -1179.733248 -1179.827973 -1180.010900 -1180.373007 -1181.115022 -1182.722978 -1186.476472 -1195.890585 -1221.735419 -9999.0 -9999.0
-9999.0 -9999.0 839.806442 748.050839 655.158653 561.150513 466.572324 371.741093 276.824046 181.910367 87.048401 -7.728149 -102.390732 -196.950989 -291.422103 -385.882273 -480.497235 -575.257389 -669.601984 -761.724142 -852.255897 -940.096064 -1017.028389 -1073.274048 -1113.201378 -1139.580091 -1156.085256 -1166.014910 -1171.818461 -1175.134260 -1176.997024 -1178.032319 -1178.606557 -1178.928433 -1179.113613 -1179.227006 -1179.312907 -1179.426595 -1179.756943 -1181.631165 -1193.858894 -1285.814505 -2057.113509 -4121.391093 -4133.662949 -4133.663366 -4133.663366 -4133.663366 -4133.663366 -4133.663366 -4133.663365 -4133.663360 -4133.663352 -4133.663339 -4133.663317 -4133.663270 -4133.663156 -4133.662844 -4133.661907 -4133.658058 -4113.507093 -1935.509313 -1253.418094 -1188.916908 -1180.791427 -1179.770776 -1179.633292 -1179.612419 -1179.610112 -1179.611080 -1179.612419 -1179.613561 -1179.614447 -1179.615119 -1179.615634 -1179.616033 -1179.616350 -1179.616605 -1179.616818 -1179.617006 -1179.617190 -1179.617392 -1179.617646 -1179.617996 -1179.618513 -1179.619307 -1179.620554 -1179.622546 -1179.625775 -1179.631097 -1179.640052 -1179.655507 -1179.682964 -1179.733248 -1179.827973 -1180.010900 -1180.373007 -1181.115022 -1182.722978 -1186.476472 -1195.890585 -1221.735419 -9999.0 -9999.0
-9999.0 -9999.0 839.806442 748.050839 655.158653 561.150513 466.572324 371.741093 276.824046 181.910367 87.048401 -7.728149 -102.390732 -196.950989 -291.422103 -385.882273 -480.497235 -575.257389 -669.601984 -761.724142 -852.255897 -940.096064 -1017.028389 -1073.274048 -1113.201378 -1139.580091 -1156.085256 -1166.014910 -1171.818461 -1175.134260 -1176.997024 -1178.032319 -1178.606557 -1178.928433 -1179.113613 -1179.227006 -1179.312907 -1179.426595 -1179.756943 -1181.631165 -1193.858894 -1285.814505 -2057.113509 -4121.391093 -4133.662949 -4133.663366 -4133.663366 -4133.663366 -4133.663366 -4133.663366 -4133.663365 -4133.663360 -4133.663352 -4133.663339 -4133.663317 -4133.663270 -4133.663156 -4133.662844 -4133.661907 -4133.658058 -4113.507093 -1935.509313 -1253.418094 -1188.916908 -1180.791427 -1179.770776 -1179.633292 -1179.612419 -1179.610112 -1179.611080 -1179.612419 -1179.613561 -1179.614447 -1179.615119 -1179.615634 -1179.616033 -1179.616350 -1179.616605 -1179.616818 -1179.617006 -1179.617190 -1179.617392 -1179.617646 -1179.617996 -1179.618513 -1179.619307 -1179.620554 -1179.622546 -1179.625775 -1179.631097 -1179.640052 -1179.655507 -1179.682964 -1179.733248 -1179.827973 -1180.010900 -1180.373007 -1181.115022 -1182.722978 -1186.476472 -1195.890585 -1221.735419 -9999.0 -9999.0
-9999.0 -9999.0 839.804990 748.050068 655.158331 561.150391 466.572279 371.741077 276.824040 181.910365 87.048400 -7.728150 -102.390732 -196.950989 -291.422103 -385.882273 -480.497235 -575.257389 -669.601984 -761.724142 -852.255897 -940.096064 -1017.028389 -1073.274048 -1113.201378 -1139.580091 -1156.085256 -1166.014910 -1171.818461 -1175.134260 -1176.997024 -1178.032319 -1178.606557 -1178.928433 -1179.113613 -1179.227006 -1179.312907 -1179.426595 -1179.756943 -1181.631165 -1193.858894 -1285.814505 -2057.113509 -4121.391093 -4133.662949 -4133.663366 -4133.663366 -4133.663366 -4133.663366 -4133.663366 -4133.663365 -4133.663360 -4133.663352 -4133.663339 -4133.663317 -4133.663270 -4133.663156 -4133.662844 -4133.661907 -4133.658058 -4113.507093 -1935.509313 -1253.418094 -1188.916908 -1180.791427 -1179.770776 -1179.633292 -1179.612419 -1179.610112 -1179.611080 -1179.612419 -1179.613561 -1179.614447 -1179.615119 -1179.615634 -1179.616033 -1179.616350 -1179.616605 -1179.616818 -1179.617006 -1179.617190 -1179.617392 -1179.617646 -1179.617996 -1179.618513 -1179.619307 -1179.620554 -1179.622546 -1179.625775 -1179.631097 -1179.640052 -1179.655507 -1179.682964 -1179.733248 -1179.827973 -1180.010900 -1180.373007 -1181.115022 -1182.722978 -1186.476472 -1195.890585 -1221.735419 -9999.0 -9999.0
-9999.0 -9999.0 839.800788 748.048563 655.157856 561.150239 466.572229 371.741060 276.824034 181.910363 87.048400 -7.728150 -102.390732 -196.950989 -291.422103 -385.882273 -480.497235 -575.257389 -669.601983 -761.724141 -852.255897 -940.096064 -1017.028388 -1073.274048 -1113.201378 -1139.580091 -1156.085256 -1166.014910 -1171.818461 -1175.134260 -1176.997024 -1178.032319 -1178.606557 -1178.928433 -1179.113613 -1179.227006 -1179.312907 -1179.426595 -1179.756943 -1181.631165 -1193.858894 -1285.814505 -2057.113509 -4121.391094 -4133.662949 -4133.663366 -4133.663366 -4133.663366 -4133.663366 -4133.663366 -4133.663365 -4133.663360 -4133.663352 -4133.663339 -4133.663317 -4133.663270 -4133.663156 -4133.662844 -4133.661907 -4133.658058 -4113.507093 -1935.509313 -1253.418094 -1188.916908 -1180.791427 -1179.770776 -1179.633292 -1179.612419 -1179.610112 -1179.611080 -1179.612419 -1179.613561 -1179.614447 -1179.615119 -1179.615634 -1179.616033 -1179.616350 -1179.616605 -1179.616818 -1179.617006 -1179.617190 -1179.617392 -1179.617646 -1179.617996 -1179.618513 -1179.619307 -1179.620554 -1179.622546 -1179.625775 -1179.631097 -1179.640052 -1179.655507 -1179.682964 -1179.733248 -1179.827973 -1180.010900 -1180.373007 -1181.115022 -1182.722978 -1186.476472 -1195.890585 -1221.735419 -9999.0 -9999.0
-9999.0 -9999.0 -9999.0 -9999.0 -9999.0 -9999.0 -9999.0 -9999.0 -9999.0 -9999.0 -9999.0 -9999.0 -9999.0 -9999.0 -9999.0 -9999.0 -9999.0 -9999.0 -9999.0 -9999.0 -9999.0 -9999.0 -9999.0 -9999.0 -9999.0 -9999.0 -9999.0 -9999.0 -9999.0 -9999.0 -9999.0 -9999.0 -9999.0 -9999.0 -9999.0 -9999.0 -9999.0 -9999.0 -9999.0 -9999.0 -9999.0 -9999.0 -9999.0 -9999.0 -9999.0 -9999.0 -9999.0 -9999.0 -9999.0 -9999.0 -9999.0 -9999.0 -9999.0 -9999.0 -9999.0 -9999.0 -9999.0 -9999.0 -9999.0 -9999.0 -9999.0 -9999.0 -9999.0 -9999.0 -9999.0 -9999.0 -9999.0 -9999.0 -9999.0 -9999.0 -9999.0 -9999.0 -9999.0 -9999.0 -9999.0 -9999.0 -9999.0 -9999.0 -9999.0 -9999.0 -9999.0 -9999.0 -9999.0 -9999.0 -9999.0 -9999.0 -9999.0 -9999.0 -9999.0 -9999.0 -9999.0 -9999.0 -9999.0 -9999.0 -9999.0 -9999.0 -9999.0 -9999.0 -9999.0 -9999.0 -9999.0 -9999.0 -9999.0 -9999.0
-9999.0 -9999.0 -9999.0 -9999.0 -9999.0 -9999.0 -9999.0 -9999.0 -9999.0 -9999.0 -9999.0 -9999.0 -9999.0 -9999.0 -9999.0 -9999.0 -9999.0 -9999.0 -9999.0 -9999.0 -9999.0 -9999.0 -9999.0 -9999.0 -9999.0 -9999.0 -9999.0 -9999.0 -9999.0 -9999.0 -9999.0 -9999.0 -9999.0 -9999.0 -9999.0 -9999.0 -9999.0 -9999.0 -9999.0 -9999.0 -9999.0 -9999.0 -9999.0 -9999.0 -9999.0 -9999.0 -9999.0 -9999.0 -9999.0 -9999.0 -9999.0 -9999.0 -9999.0 -9999.0 -9999.0 -9999.0 -9999.0 -9999.0 -9999.0 -9999.0 -9999.0 -9999.0 -9999.0 -9999.0 -9999.0 -9999.0 -9999.0 -9999.0 -9999.0 -9999.0 -9999.0 -9999.0 -9999.0 -9999.0 -9999.0 -9999.0 -9999.0 -9999.0 -9999.0 -9999.0 -9999.0 -9999.0 -9999.0 -9999.0 -9999.0 -9999.0 -9999.0 -9999.0 -9999.0 -9999.0 -9999.0 -9999.0 -9999.0 -9999.0 -9999.0 -9999.0 -9999.0 -9999.0 -9999.0 -9999.0 -9999.0 -9999.0 -9999.0 -9999.0