inst/processing_geotop_simulation/geotop_simulation/out/maps3D/PwL0005N0463.asc
ncols         104
nrows         10
xllcorner     -2.000000
yllcorner     0.000000
cellsize      1.000000
NODATA_value  -9999.0
-9999.0 -9999.0 -9999.0 -9999.0 -9999.0 -9999.0 -9999.0 -9999.0 -9999.0 -9999.0 -9999.0 -9999.0 -9999.0 -9999.0 -9999.0 -9999.0 -9999.0 -9999.0 -9999.0 -9999.0 -9999.0 -9999.0 -9999.0 -9999.0 -9999.0 -9999.0 -9999.0 -9999.0 -9999.0 -9999.0 -9999.0 -9999.0 -9999.0 -9999.0 -9999.0 -9999.0 -9999.0 -9999.0 -9999.0 -9999.0 -9999.0 -9999.0 -9999.0 -9999.0 -9999.0 -9999.0 -9999.0 -9999.0 -9999.0 -9999.0 -9999.0 -9999.0 -9999.0 -9999.0 -9999.0 -9999.0 -9999.0 -9999.0 -9999.0 -9999.0 -9999.0 -9999.0 -9999.0 -9999.0 -9999.0 -9999.0 -9999.0 -9999.0 -9999.0 -9999.0 -9999.0 -9999.0 -9999.0 -9999.0 -9999.0 -9999.0 -9999.0 -9999.0 -9999.0 -9999.0 -9999.0 -9999.0 -9999.0 -9999.0 -9999.0 -9999.0 -9999.0 -9999.0 -9999.0 -9999.0 -9999.0 -9999.0 -9999.0 -9999.0 -9999.0 -9999.0 -9999.0 -9999.0 -9999.0 -9999.0 -9999.0 -9999.0 -9999.0 -9999.0
-9999.0 -9999.0 -9999.0 -9999.0 -9999.0 -9999.0 -9999.0 -9999.0 -9999.0 -9999.0 -9999.0 -9999.0 -9999.0 -9999.0 -9999.0 -9999.0 -9999.0 -9999.0 -9999.0 -9999.0 -9999.0 -9999.0 -9999.0 -9999.0 -9999.0 -9999.0 -9999.0 -9999.0 -9999.0 -9999.0 -9999.0 -9999.0 -9999.0 -9999.0 -9999.0 -9999.0 -9999.0 -9999.0 -9999.0 -9999.0 -9999.0 -9999.0 -9999.0 -9999.0 -9999.0 -9999.0 -9999.0 -9999.0 -9999.0 -9999.0 -9999.0 -9999.0 -9999.0 -9999.0 -9999.0 -9999.0 -9999.0 -9999.0 -9999.0 -9999.0 -9999.0 -9999.0 -9999.0 -9999.0 -9999.0 -9999.0 -9999.0 -9999.0 -9999.0 -9999.0 -9999.0 -9999.0 -9999.0 -9999.0 -9999.0 -9999.0 -9999.0 -9999.0 -9999.0 -9999.0 -9999.0 -9999.0 -9999.0 -9999.0 -9999.0 -9999.0 -9999.0 -9999.0 -9999.0 -9999.0 -9999.0 -9999.0 -9999.0 -9999.0 -9999.0 -9999.0 -9999.0 -9999.0 -9999.0 -9999.0 -9999.0 -9999.0 -9999.0 -9999.0
-9999.0 -9999.0 224.261933 125.875864 26.771456 -72.553645 -171.964368 -271.408889 -370.861336 -470.304062 -569.717578 -669.060142 -768.311696 -867.499661 -966.634419 -1065.768435 -1164.774379 -1263.426315 -1361.558838 -1458.709915 -1553.912763 -1645.335191 -1730.228686 -1805.653129 -1869.548717 -1921.317725 -1961.690915 -1992.213954 -2014.727490 -2031.013019 -2042.613786 -2050.777721 -2056.468204 -2060.404912 -2063.113269 -2064.973437 -2066.272681 -2067.294959 -2068.541249 -2070.874684 -2070.134741 -2001.129374 -1238.668571 -1251.229027 -1237.941071 -1228.957046 -1224.739501 -1224.076991 -1224.004286 -1224.009847 -1224.026569 -1224.044659 -1224.062060 -1224.078185 -1224.093235 -1224.111484 -1224.172158 -1224.572892 -1226.831781 -1231.793557 -1237.668424 -1215.673610 -1973.634310 -2064.221564 -2069.633908 -2069.240363 -2069.029673 -2068.982030 -2068.973689 -2068.972721 -2068.972967 -2068.973341 -2068.973665 -2068.973925 -2068.974131 -2068.974298 -2068.974436 -2068.974554 -2068.974659 -2068.974756 -2068.974855 -2068.974963 -2068.975094 -2068.975266 -2068.975508 -2068.975865 -2068.976411 -2068.977272 -2068.978661 -2068.980966 -2068.984898 -2068.991814 -2069.004373 -2069.027912 -2069.073418 -2069.164392 -2069.354041 -2069.771995 -2070.761824 -2073.330036 -2080.802032 -2105.647886 -9999.0 -9999.0
-9999.0 -9999.0 224.269838 125.877580 26.771898 -72.553515 -171.964326 -271.408875 -370.861331 -470.304060 -569.717577 -669.060141 -768.311695 -867.499661 -966.634419 -1065.768435 -1164.774379 -1263.426316 -1361.558838 -1458.709916 -1553.912763 -1645.335191 -1730.228686 -1805.653129 -1869.548717 -1921.317725 -1961.690915 -1992.213954 -2014.727490 -2031.013019 -2042.613786 -2050.777721 -2056.468204 -2060.404912 -2063.113269 -2064.973437 -2066.272681 -2067.294959 -2068.541249 -2070.874684 -2070.134741 -2001.129374 -1238.668571 -1251.229027 -1237.941071 -1228.957046 -1224.739501 -1224.076991 -1224.004286 -1224.009847 -1224.026569 -1224.044659 -1224.062060 -1224.078185 -1224.093235 -1224.111484 -1224.172158 -1224.572892 -1226.831781 -1231.793557 -1237.668424 -1215.673610 -1973.634310 -2064.221564 -2069.633908 -2069.240363 -2069.029673 -2068.982030 -2068.973689 -2068.972721 -2068.972967 -2068.973341 -2068.973665 -2068.973925 -2068.974131 -2068.974298 -2068.974436 -2068.974554 -2068.974659 -2068.974756 -2068.974855 -2068.974963 -2068.975094 -2068.975266 -2068.975508 -2068.975865 -2068.976411 -2068.977272 -2068.978661 -2068.980966 -2068.984898 -2068.991813 -2069.004373 -2069.027912 -2069.073418 -2069.164392 -2069.354041 -2069.771995 -2070.761824 -2073.330036 -2080.802032 -2105.647886 -9999.0 -9999.0
-9999.0 -9999.0 224.271080 125.878289 26.772178 -72.553414 -171.964290 -271.408862 -370.861326 -470.304058 -569.717576 -669.060141 -768.311695 -867.499661 -966.634419 -1065.768435 -1164.774379 -1263.426316 -1361.558838 -1458.709916 -1553.912763 -1645.335191 -1730.228686 -1805.653129 -1869.548717 -1921.317725 -1961.690915 -1992.213954 -2014.727490 -2031.013019 -2042.613786 -2050.777721 -2056.468204 -2060.404912 -2063.113269 -2064.973437 -2066.272681 -2067.294959 -2068.541249 -2070.874684 -2070.134741 -2001.129374 -1238.668571 -1251.229027 -1237.941071 -1228.957046 -1224.739501 -1224.076991 -1224.004286 -1224.009847 -1224.026569 -1224.044659 -1224.062060 -1224.078185 -1224.093235 -1224.111484 -1224.172158 -1224.572892 -1226.831781 -1231.793557 -1237.668424 -1215.673610 -1973.634310 -2064.221564 -2069.633908 -2069.240363 -2069.029673 -2068.982030 -2068.973689 -2068.972721 -2068.972967 -2068.973341 -2068.973665 -2068.973925 -2068.974131 -2068.974298 -2068.974436 -2068.974554 -2068.974659 -2068.974756 -2068.974855 -2068.974963 -2068.975094 -2068.975266 -2068.975508 -2068.975865 -2068.976411 -2068.977272 -2068.978661 -2068.980966 -2068.984898 -2068.991813 -2069.004373 -2069.027912 -2069.073418 -2069.164392 -2069.354041 -2069.771995 -2070.761824 -2073.330036 -2080.802032 -2105.647886 -9999.0 -9999.0
-9999.0 -9999.0 224.271080 125.878289 26.772178 -72.553414 -171.964290 -271.408862 -370.861326 -470.304058 -569.717576 -669.060141 -768.311695 -867.499661 -966.634419 -1065.768435 -1164.774379 -1263.426316 -1361.558838 -1458.709916 -1553.912763 -1645.335191 -1730.228686 -1805.653129 -1869.548717 -1921.317725 -1961.690915 -1992.213954 -2014.727490 -2031.013019 -2042.613786 -2050.777721 -2056.468204 -2060.404912 -2063.113269 -2064.973437 -2066.272681 -2067.294959 -2068.541249 -2070.874684 -2070.134741 -2001.129374 -1238.668571 -1251.229027 -1237.941071 -1228.957046 -1224.739501 -1224.076991 -1224.004286 -1224.009847 -1224.026569 -1224.044659 -1224.062060 -1224.078185 -1224.093235 -1224.111484 -1224.172158 -1224.572892 -1226.831781 -1231.793557 -1237.668424 -1215.673610 -1973.634310 -2064.221564 -2069.633908 -2069.240363 -2069.029673 -2068.982030 -2068.973689 -2068.972721 -2068.972967 -2068.973341 -2068.973665 -2068.973925 -2068.974131 -2068.974298 -2068.974436 -2068.974554 -2068.974659 -2068.974756 -2068.974855 -2068.974963 -2068.975094 -2068.975266 -2068.975508 -2068.975865 -2068.976411 -2068.977272 -2068.978661 -2068.980966 -2068.984898 -2068.991813 -2069.004373 -2069.027912 -2069.073418 -2069.164392 -2069.354041 -2069.771995 -2070.761824 -2073.330036 -2080.802032 -2105.647886 -9999.0 -9999.0
-9999.0 -9999.0 224.269838 125.877580 26.771898 -72.553515 -171.964326 -271.408875 -370.861331 -470.304060 -569.717577 -669.060141 -768.311695 -867.499661 -966.634419 -1065.768435 -1164.774379 -1263.426316 -1361.558838 -1458.709916 -1553.912763 -1645.335191 -1730.228686 -1805.653129 -1869.548717 -1921.317725 -1961.690915 -1992.213954 -2014.727490 -2031.013019 -2042.613786 -2050.777721 -2056.468204 -2060.404912 -2063.113269 -2064.973437 -2066.272681 -2067.294959 -2068.541249 -2070.874684 -2070.134741 -2001.129374 -1238.668571 -1251.229027 -1237.941071 -1228.957046 -1224.739501 -1224.076991 -1224.004286 -1224.009847 -1224.026569 -1224.044659 -1224.062060 -1224.078185 -1224.093235 -1224.111484 -1224.172158 -1224.572892 -1226.831781 -1231.793557 -1237.668424 -1215.673610 -1973.634310 -2064.221564 -2069.633908 -2069.240363 -2069.029673 -2068.982030 -2068.973689 -2068.972721 -2068.972967 -2068.973341 -2068.973665 -2068.973925 -2068.974131 -2068.974298 -2068.974436 -2068.974554 -2068.974659 -2068.974756 -2068.974855 -2068.974963 -2068.975094 -2068.975266 -2068.975508 -2068.975865 -2068.976411 -2068.977272 -2068.978661 -2068.980966 -2068.984898 -2068.991813 -2069.004373 -2069.027912 -2069.073418 -2069.164392 -2069.354041 -2069.771995 -2070.761824 -2073.330036 -2080.802032 -2105.647886 -9999.0 -9999.0
-9999.0 -9999.0 224.261933 125.875864 26.771456 -72.553645 -171.964368 -271.408889 -370.861336 -470.304062 -569.717578 -669.060142 -768.311696 -867.499661 -966.634419 -1065.768435 -1164.774379 -1263.426315 -1361.558838 -1458.709915 -1553.912763 -1645.335191 -1730.228686 -1805.653129 -1869.548717 -1921.317725 -1961.690915 -1992.213954 -2014.727490 -2031.013019 -2042.613786 -2050.777721 -2056.468204 -2060.404912 -2063.113269 -2064.973437 -2066.272681 -2067.294959 -2068.541249 -2070.874684 -2070.134741 -2001.129374 -1238.668571 -1251.229027 -1237.941071 -1228.957046 -1224.739501 -1224.076991 -1224.004286 -1224.009847 -1224.026569 -1224.044659 -1224.062060 -1224.078185 -1224.093235 -1224.111484 -1224.172158 -1224.572892 -1226.831781 -1231.793557 -1237.668424 -1215.673610 -1973.634310 -2064.221564 -2069.633908 -2069.240363 -2069.029673 -2068.982030 -2068.973689 -2068.972721 -2068.972967 -2068.973341 -2068.973665 -2068.973925 -2068.974131 -2068.974298 -2068.974436 -2068.974554 -2068.974659 -2068.974756 -2068.974855 -2068.974963 -2068.975094 -2068.975266 -2068.975508 -2068.975865 -2068.976411 -2068.977272 -2068.978661 -2068.980966 -2068.984898 -2068.991814 -2069.004373 -2069.027912 -2069.073418 -2069.164392 -2069.354041 -2069.771995 -2070.761824 -2073.330036 -2080.802032 -2105.647886 -9999.0 -9999.0
-9999.0 -9999.0 -9999.0 -9999.0 -9999.0 -9999.0 -9999.0 -9999.0 -9999.0 -9999.0 -9999.0 -9999.0 -9999.0 -9999.0 -9999.0 -9999.0 -9999.0 -9999.0 -9999.0 -9999.0 -9999.0 -9999.0 -9999.0 -9999.0 -9999.0 -9999.0 -9999.0 -9999.0 -9999.0 -9999.0 -9999.0 -9999.0 -9999.0 -9999.0 -9999.0 -9999.0 -9999.0 -9999.0 -9999.0 -9999.0 -9999.0 -9999.0 -9999.0 -9999.0 -9999.0 -9999.0 -9999.0 -9999.0 -9999.0 -9999.0 -9999.0 -9999.0 -9999.0 -9999.0 -9999.0 -9999.0 -9999.0 -9999.0 -9999.0 -9999.0 -9999.0 -9999.0 -9999.0 -9999.0 -9999.0 -9999.0 -9999.0 -9999.0 -9999.0 -9999.0 -9999.0 -9999.0 -9999.0 -9999.0 -9999.0 -9999.0 -9999.0 -9999.0 -9999.0 -9999.0 -9999.0 -9999.0 -9999.0 -9999.0 -9999.0 -9999.0 -9999.0 -9999.0 -9999.0 -9999.0 -9999.0 -9999.0 -9999.0 -9999.0 -9999.0 -9999.0 -9999.0 -9999.0 -9999.0 -9999.0 -9999.0 -9999.0 -9999.0 -9999.0
-9999.0 -9999.0 -9999.0 -9999.0 -9999.0 -9999.0 -9999.0 -9999.0 -9999.0 -9999.0 -9999.0 -9999.0 -9999.0 -9999.0 -9999.0 -9999.0 -9999.0 -9999.0 -9999.0 -9999.0 -9999.0 -9999.0 -9999.0 -9999.0 -9999.0 -9999.0 -9999.0 -9999.0 -9999.0 -9999.0 -9999.0 -9999.0 -9999.0 -9999.0 -9999.0 -9999.0 -9999.0 -9999.0 -9999.0 -9999.0 -9999.0 -9999.0 -9999.0 -9999.0 -9999.0 -9999.0 -9999.0 -9999.0 -9999.0 -9999.0 -9999.0 -9999.0 -9999.0 -9999.0 -9999.0 -9999.0 -9999.0 -9999.0 -9999.0 -9999.0 -9999.0 -9999.0 -9999.0 -9999.0 -9999.0 -9999.0 -9999.0 -9999.0 -9999.0 -9999.0 -9999.0 -9999.0 -9999.0 -9999.0 -9999.0 -9999.0 -9999.0 -9999.0 -9999.0 -9999.0 -9999.0 -9999.0 -9999.0 -9999.0 -9999.0 -9999.0 -9999.0 -9999.0 -9999.0 -9999.0 -9999.0 -9999.0 -9999.0 -9999.0 -9999.0 -9999.0 -9999.0 -9999.0 -9999.0 -9999.0 -9999.0 -9999.0 -9999.0 -9999.0