inst/processing_geotop_simulation/geotop_simulation/out/maps3D/PwL0000N0169.asc
ncols         104
nrows         10
xllcorner     -2.000000
yllcorner     0.000000
cellsize      1.000000
NODATA_value  -9999.0
-9999.0 -9999.0 -9999.0 -9999.0 -9999.0 -9999.0 -9999.0 -9999.0 -9999.0 -9999.0 -9999.0 -9999.0 -9999.0 -9999.0 -9999.0 -9999.0 -9999.0 -9999.0 -9999.0 -9999.0 -9999.0 -9999.0 -9999.0 -9999.0 -9999.0 -9999.0 -9999.0 -9999.0 -9999.0 -9999.0 -9999.0 -9999.0 -9999.0 -9999.0 -9999.0 -9999.0 -9999.0 -9999.0 -9999.0 -9999.0 -9999.0 -9999.0 -9999.0 -9999.0 -9999.0 -9999.0 -9999.0 -9999.0 -9999.0 -9999.0 -9999.0 -9999.0 -9999.0 -9999.0 -9999.0 -9999.0 -9999.0 -9999.0 -9999.0 -9999.0 -9999.0 -9999.0 -9999.0 -9999.0 -9999.0 -9999.0 -9999.0 -9999.0 -9999.0 -9999.0 -9999.0 -9999.0 -9999.0 -9999.0 -9999.0 -9999.0 -9999.0 -9999.0 -9999.0 -9999.0 -9999.0 -9999.0 -9999.0 -9999.0 -9999.0 -9999.0 -9999.0 -9999.0 -9999.0 -9999.0 -9999.0 -9999.0 -9999.0 -9999.0 -9999.0 -9999.0 -9999.0 -9999.0 -9999.0 -9999.0 -9999.0 -9999.0 -9999.0 -9999.0
-9999.0 -9999.0 -9999.0 -9999.0 -9999.0 -9999.0 -9999.0 -9999.0 -9999.0 -9999.0 -9999.0 -9999.0 -9999.0 -9999.0 -9999.0 -9999.0 -9999.0 -9999.0 -9999.0 -9999.0 -9999.0 -9999.0 -9999.0 -9999.0 -9999.0 -9999.0 -9999.0 -9999.0 -9999.0 -9999.0 -9999.0 -9999.0 -9999.0 -9999.0 -9999.0 -9999.0 -9999.0 -9999.0 -9999.0 -9999.0 -9999.0 -9999.0 -9999.0 -9999.0 -9999.0 -9999.0 -9999.0 -9999.0 -9999.0 -9999.0 -9999.0 -9999.0 -9999.0 -9999.0 -9999.0 -9999.0 -9999.0 -9999.0 -9999.0 -9999.0 -9999.0 -9999.0 -9999.0 -9999.0 -9999.0 -9999.0 -9999.0 -9999.0 -9999.0 -9999.0 -9999.0 -9999.0 -9999.0 -9999.0 -9999.0 -9999.0 -9999.0 -9999.0 -9999.0 -9999.0 -9999.0 -9999.0 -9999.0 -9999.0 -9999.0 -9999.0 -9999.0 -9999.0 -9999.0 -9999.0 -9999.0 -9999.0 -9999.0 -9999.0 -9999.0 -9999.0 -9999.0 -9999.0 -9999.0 -9999.0 -9999.0 -9999.0 -9999.0 -9999.0
-9999.0 -9999.0 0.032810 -81.142647 -175.495999 -271.305995 -367.638124 -464.130385 -560.590626 -656.847314 -752.579766 -847.556029 -941.673359 -1034.935112 -1128.489058 -1221.775334 -1314.036475 -1406.344065 -1497.222070 -1576.951165 -1636.510119 -1677.002914 -1702.885175 -1718.974380 -1729.006917 -1735.438337 -1739.728122 -1742.691513 -1744.779419 -1746.256611 -1747.295907 -1748.019852 -1748.518650 -1748.858648 -1749.088019 -1749.242945 -1749.356942 -1749.479927 -1749.783518 -1751.308011 -1758.506279 -1758.884011 -1108.577435 -1104.736973 -1093.995587 -1087.234160 -1084.062895 -1083.602574 -1083.555294 -1083.562795 -1083.578650 -1083.595548 -1083.611774 -1083.626791 -1083.640643 -1083.655941 -1083.698010 -1083.974028 -1085.666878 -1089.486528 -1095.463281 -1091.833747 -1739.038136 -1754.202760 -1750.556855 -1749.772817 -1749.649342 -1749.629977 -1749.627720 -1749.628465 -1749.629566 -1749.630514 -1749.631248 -1749.631805 -1749.632231 -1749.632560 -1749.632820 -1749.633030 -1749.633204 -1749.633358 -1749.633508 -1749.633675 -1749.633883 -1749.634173 -1749.634601 -1749.635259 -1749.636293 -1749.637946 -1749.640626 -1749.645046 -1749.652486 -1749.665331 -1749.688157 -1749.729954 -1749.808621 -1749.960143 -1750.258135 -1750.859782 -1752.127334 -1754.979863 -1762.078379 -1783.569634 -9999.0 -9999.0
-9999.0 -9999.0 0.114051 -81.140349 -175.495426 -271.305828 -367.638071 -464.130367 -560.590620 -656.847311 -752.579765 -847.556029 -941.673359 -1034.935112 -1128.489058 -1221.775334 -1314.036475 -1406.344066 -1497.222070 -1576.951165 -1636.510119 -1677.002914 -1702.885176 -1718.974380 -1729.006917 -1735.438337 -1739.728122 -1742.691513 -1744.779419 -1746.256611 -1747.295907 -1748.019852 -1748.518650 -1748.858648 -1749.088019 -1749.242945 -1749.356942 -1749.479927 -1749.783518 -1751.308011 -1758.506279 -1758.884011 -1108.577435 -1104.736973 -1093.995587 -1087.234159 -1084.062895 -1083.602574 -1083.555294 -1083.562795 -1083.578650 -1083.595548 -1083.611774 -1083.626791 -1083.640643 -1083.655941 -1083.698010 -1083.974028 -1085.666878 -1089.486528 -1095.463281 -1091.833747 -1739.038136 -1754.202760 -1750.556855 -1749.772817 -1749.649342 -1749.629977 -1749.627720 -1749.628465 -1749.629566 -1749.630514 -1749.631248 -1749.631805 -1749.632231 -1749.632560 -1749.632820 -1749.633030 -1749.633204 -1749.633358 -1749.633508 -1749.633675 -1749.633883 -1749.634173 -1749.634601 -1749.635259 -1749.636293 -1749.637946 -1749.640626 -1749.645046 -1749.652486 -1749.665331 -1749.688157 -1749.729954 -1749.808621 -1749.960143 -1750.258135 -1750.859782 -1752.127334 -1754.979863 -1762.078379 -1783.569634 -9999.0 -9999.0
-9999.0 -9999.0 0.114054 -81.139437 -175.495065 -271.305698 -367.638024 -464.130351 -560.590614 -656.847309 -752.579764 -847.556028 -941.673359 -1034.935112 -1128.489058 -1221.775334 -1314.036475 -1406.344066 -1497.222070 -1576.951166 -1636.510119 -1677.002914 -1702.885176 -1718.974380 -1729.006917 -1735.438337 -1739.728122 -1742.691513 -1744.779419 -1746.256611 -1747.295907 -1748.019852 -1748.518650 -1748.858648 -1749.088019 -1749.242945 -1749.356942 -1749.479927 -1749.783518 -1751.308011 -1758.506279 -1758.884011 -1108.577435 -1104.736973 -1093.995587 -1087.234159 -1084.062895 -1083.602574 -1083.555294 -1083.562795 -1083.578650 -1083.595548 -1083.611774 -1083.626791 -1083.640643 -1083.655941 -1083.698010 -1083.974028 -1085.666878 -1089.486528 -1095.463281 -1091.833747 -1739.038136 -1754.202760 -1750.556855 -1749.772817 -1749.649342 -1749.629977 -1749.627720 -1749.628465 -1749.629566 -1749.630514 -1749.631248 -1749.631805 -1749.632231 -1749.632560 -1749.632820 -1749.633030 -1749.633204 -1749.633358 -1749.633508 -1749.633675 -1749.633883 -1749.634173 -1749.634601 -1749.635259 -1749.636293 -1749.637946 -1749.640626 -1749.645046 -1749.652486 -1749.665331 -1749.688157 -1749.729954 -1749.808621 -1749.960143 -1750.258135 -1750.859782 -1752.127334 -1754.979863 -1762.078379 -1783.569634 -9999.0 -9999.0
-9999.0 -9999.0 0.114054 -81.139437 -175.495065 -271.305698 -367.638024 -464.130351 -560.590614 -656.847309 -752.579764 -847.556028 -941.673359 -1034.935112 -1128.489058 -1221.775334 -1314.036475 -1406.344066 -1497.222070 -1576.951166 -1636.510119 -1677.002914 -1702.885176 -1718.974380 -1729.006917 -1735.438337 -1739.728122 -1742.691513 -1744.779419 -1746.256611 -1747.295907 -1748.019852 -1748.518650 -1748.858648 -1749.088019 -1749.242945 -1749.356942 -1749.479927 -1749.783518 -1751.308011 -1758.506279 -1758.884011 -1108.577435 -1104.736973 -1093.995587 -1087.234159 -1084.062895 -1083.602574 -1083.555294 -1083.562795 -1083.578650 -1083.595548 -1083.611774 -1083.626791 -1083.640643 -1083.655941 -1083.698010 -1083.974028 -1085.666878 -1089.486528 -1095.463281 -1091.833747 -1739.038136 -1754.202760 -1750.556855 -1749.772817 -1749.649342 -1749.629977 -1749.627720 -1749.628465 -1749.629566 -1749.630514 -1749.631248 -1749.631805 -1749.632231 -1749.632560 -1749.632820 -1749.633030 -1749.633204 -1749.633358 -1749.633508 -1749.633675 -1749.633883 -1749.634173 -1749.634601 -1749.635259 -1749.636293 -1749.637946 -1749.640626 -1749.645046 -1749.652486 -1749.665331 -1749.688157 -1749.729954 -1749.808621 -1749.960143 -1750.258135 -1750.859782 -1752.127334 -1754.979863 -1762.078379 -1783.569634 -9999.0 -9999.0
-9999.0 -9999.0 0.114051 -81.140349 -175.495426 -271.305828 -367.638071 -464.130367 -560.590620 -656.847311 -752.579765 -847.556029 -941.673359 -1034.935112 -1128.489058 -1221.775334 -1314.036475 -1406.344066 -1497.222070 -1576.951165 -1636.510119 -1677.002914 -1702.885176 -1718.974380 -1729.006917 -1735.438337 -1739.728122 -1742.691513 -1744.779419 -1746.256611 -1747.295907 -1748.019852 -1748.518650 -1748.858648 -1749.088019 -1749.242945 -1749.356942 -1749.479927 -1749.783518 -1751.308011 -1758.506279 -1758.884011 -1108.577435 -1104.736973 -1093.995587 -1087.234159 -1084.062895 -1083.602574 -1083.555294 -1083.562795 -1083.578650 -1083.595548 -1083.611774 -1083.626791 -1083.640643 -1083.655941 -1083.698010 -1083.974028 -1085.666878 -1089.486528 -1095.463281 -1091.833747 -1739.038136 -1754.202760 -1750.556855 -1749.772817 -1749.649342 -1749.629977 -1749.627720 -1749.628465 -1749.629566 -1749.630514 -1749.631248 -1749.631805 -1749.632231 -1749.632560 -1749.632820 -1749.633030 -1749.633204 -1749.633358 -1749.633508 -1749.633675 -1749.633883 -1749.634173 -1749.634601 -1749.635259 -1749.636293 -1749.637946 -1749.640626 -1749.645046 -1749.652486 -1749.665331 -1749.688157 -1749.729954 -1749.808621 -1749.960143 -1750.258135 -1750.859782 -1752.127334 -1754.979863 -1762.078379 -1783.569634 -9999.0 -9999.0
-9999.0 -9999.0 0.032810 -81.142647 -175.495999 -271.305995 -367.638124 -464.130385 -560.590626 -656.847314 -752.579766 -847.556029 -941.673359 -1034.935112 -1128.489058 -1221.775334 -1314.036475 -1406.344065 -1497.222070 -1576.951165 -1636.510119 -1677.002914 -1702.885175 -1718.974380 -1729.006917 -1735.438337 -1739.728122 -1742.691513 -1744.779419 -1746.256611 -1747.295907 -1748.019852 -1748.518650 -1748.858648 -1749.088019 -1749.242945 -1749.356942 -1749.479927 -1749.783518 -1751.308011 -1758.506279 -1758.884011 -1108.577435 -1104.736973 -1093.995587 -1087.234160 -1084.062895 -1083.602574 -1083.555294 -1083.562795 -1083.578650 -1083.595548 -1083.611774 -1083.626791 -1083.640643 -1083.655941 -1083.698010 -1083.974028 -1085.666878 -1089.486528 -1095.463281 -1091.833747 -1739.038136 -1754.202760 -1750.556855 -1749.772817 -1749.649342 -1749.629977 -1749.627720 -1749.628465 -1749.629566 -1749.630514 -1749.631248 -1749.631805 -1749.632231 -1749.632560 -1749.632820 -1749.633030 -1749.633204 -1749.633358 -1749.633508 -1749.633675 -1749.633883 -1749.634173 -1749.634601 -1749.635259 -1749.636293 -1749.637946 -1749.640626 -1749.645046 -1749.652486 -1749.665331 -1749.688157 -1749.729954 -1749.808621 -1749.960143 -1750.258135 -1750.859782 -1752.127334 -1754.979863 -1762.078379 -1783.569634 -9999.0 -9999.0
-9999.0 -9999.0 -9999.0 -9999.0 -9999.0 -9999.0 -9999.0 -9999.0 -9999.0 -9999.0 -9999.0 -9999.0 -9999.0 -9999.0 -9999.0 -9999.0 -9999.0 -9999.0 -9999.0 -9999.0 -9999.0 -9999.0 -9999.0 -9999.0 -9999.0 -9999.0 -9999.0 -9999.0 -9999.0 -9999.0 -9999.0 -9999.0 -9999.0 -9999.0 -9999.0 -9999.0 -9999.0 -9999.0 -9999.0 -9999.0 -9999.0 -9999.0 -9999.0 -9999.0 -9999.0 -9999.0 -9999.0 -9999.0 -9999.0 -9999.0 -9999.0 -9999.0 -9999.0 -9999.0 -9999.0 -9999.0 -9999.0 -9999.0 -9999.0 -9999.0 -9999.0 -9999.0 -9999.0 -9999.0 -9999.0 -9999.0 -9999.0 -9999.0 -9999.0 -9999.0 -9999.0 -9999.0 -9999.0 -9999.0 -9999.0 -9999.0 -9999.0 -9999.0 -9999.0 -9999.0 -9999.0 -9999.0 -9999.0 -9999.0 -9999.0 -9999.0 -9999.0 -9999.0 -9999.0 -9999.0 -9999.0 -9999.0 -9999.0 -9999.0 -9999.0 -9999.0 -9999.0 -9999.0 -9999.0 -9999.0 -9999.0 -9999.0 -9999.0 -9999.0
-9999.0 -9999.0 -9999.0 -9999.0 -9999.0 -9999.0 -9999.0 -9999.0 -9999.0 -9999.0 -9999.0 -9999.0 -9999.0 -9999.0 -9999.0 -9999.0 -9999.0 -9999.0 -9999.0 -9999.0 -9999.0 -9999.0 -9999.0 -9999.0 -9999.0 -9999.0 -9999.0 -9999.0 -9999.0 -9999.0 -9999.0 -9999.0 -9999.0 -9999.0 -9999.0 -9999.0 -9999.0 -9999.0 -9999.0 -9999.0 -9999.0 -9999.0 -9999.0 -9999.0 -9999.0 -9999.0 -9999.0 -9999.0 -9999.0 -9999.0 -9999.0 -9999.0 -9999.0 -9999.0 -9999.0 -9999.0 -9999.0 -9999.0 -9999.0 -9999.0 -9999.0 -9999.0 -9999.0 -9999.0 -9999.0 -9999.0 -9999.0 -9999.0 -9999.0 -9999.0 -9999.0 -9999.0 -9999.0 -9999.0 -9999.0 -9999.0 -9999.0 -9999.0 -9999.0 -9999.0 -9999.0 -9999.0 -9999.0 -9999.0 -9999.0 -9999.0 -9999.0 -9999.0 -9999.0 -9999.0 -9999.0 -9999.0 -9999.0 -9999.0 -9999.0 -9999.0 -9999.0 -9999.0 -9999.0 -9999.0 -9999.0 -9999.0 -9999.0 -9999.0