inst/processing_geotop_simulation/geotop_simulation/out/maps3D/PwL0012N0126.asc
ncols         104
nrows         10
xllcorner     -2.000000
yllcorner     0.000000
cellsize      1.000000
NODATA_value  -9999.0
-9999.0 -9999.0 -9999.0 -9999.0 -9999.0 -9999.0 -9999.0 -9999.0 -9999.0 -9999.0 -9999.0 -9999.0 -9999.0 -9999.0 -9999.0 -9999.0 -9999.0 -9999.0 -9999.0 -9999.0 -9999.0 -9999.0 -9999.0 -9999.0 -9999.0 -9999.0 -9999.0 -9999.0 -9999.0 -9999.0 -9999.0 -9999.0 -9999.0 -9999.0 -9999.0 -9999.0 -9999.0 -9999.0 -9999.0 -9999.0 -9999.0 -9999.0 -9999.0 -9999.0 -9999.0 -9999.0 -9999.0 -9999.0 -9999.0 -9999.0 -9999.0 -9999.0 -9999.0 -9999.0 -9999.0 -9999.0 -9999.0 -9999.0 -9999.0 -9999.0 -9999.0 -9999.0 -9999.0 -9999.0 -9999.0 -9999.0 -9999.0 -9999.0 -9999.0 -9999.0 -9999.0 -9999.0 -9999.0 -9999.0 -9999.0 -9999.0 -9999.0 -9999.0 -9999.0 -9999.0 -9999.0 -9999.0 -9999.0 -9999.0 -9999.0 -9999.0 -9999.0 -9999.0 -9999.0 -9999.0 -9999.0 -9999.0 -9999.0 -9999.0 -9999.0 -9999.0 -9999.0 -9999.0 -9999.0 -9999.0 -9999.0 -9999.0 -9999.0 -9999.0
-9999.0 -9999.0 -9999.0 -9999.0 -9999.0 -9999.0 -9999.0 -9999.0 -9999.0 -9999.0 -9999.0 -9999.0 -9999.0 -9999.0 -9999.0 -9999.0 -9999.0 -9999.0 -9999.0 -9999.0 -9999.0 -9999.0 -9999.0 -9999.0 -9999.0 -9999.0 -9999.0 -9999.0 -9999.0 -9999.0 -9999.0 -9999.0 -9999.0 -9999.0 -9999.0 -9999.0 -9999.0 -9999.0 -9999.0 -9999.0 -9999.0 -9999.0 -9999.0 -9999.0 -9999.0 -9999.0 -9999.0 -9999.0 -9999.0 -9999.0 -9999.0 -9999.0 -9999.0 -9999.0 -9999.0 -9999.0 -9999.0 -9999.0 -9999.0 -9999.0 -9999.0 -9999.0 -9999.0 -9999.0 -9999.0 -9999.0 -9999.0 -9999.0 -9999.0 -9999.0 -9999.0 -9999.0 -9999.0 -9999.0 -9999.0 -9999.0 -9999.0 -9999.0 -9999.0 -9999.0 -9999.0 -9999.0 -9999.0 -9999.0 -9999.0 -9999.0 -9999.0 -9999.0 -9999.0 -9999.0 -9999.0 -9999.0 -9999.0 -9999.0 -9999.0 -9999.0 -9999.0 -9999.0 -9999.0 -9999.0 -9999.0 -9999.0 -9999.0 -9999.0
-9999.0 -9999.0 588.533389 498.750105 406.289483 312.320346 217.676235 122.743209 27.711456 -67.303049 -162.257101 -257.093417 -351.778706 -446.599597 -541.851907 -637.612929 -733.365914 -827.607455 -919.852105 -1009.506312 -1089.292052 -1151.662651 -1195.919107 -1224.925260 -1242.970489 -1253.936321 -1260.604224 -1264.719952 -1267.308925 -1268.964372 -1270.037167 -1270.740036 -1271.205088 -1271.515472 -1271.723988 -1271.866466 -1271.975352 -1272.099350 -1272.395760 -1273.990561 -1284.395005 -1355.163206 -2074.461848 -4363.376627 -4375.513897 -4366.746631 -4358.686756 -4357.432516 -4357.303894 -4357.315966 -4357.347525 -4357.381294 -4357.413647 -4357.443535 -4357.471133 -4357.502361 -4357.596486 -4358.275336 -4362.874765 -4370.132690 -4349.748960 -1930.126700 -1327.568175 -1279.985128 -1273.312254 -1272.430482 -1272.307134 -1272.287903 -1272.285871 -1272.286916 -1272.288288 -1272.289448 -1272.290344 -1272.291024 -1272.291542 -1272.291944 -1272.292262 -1272.292518 -1272.292731 -1272.292919 -1272.293101 -1272.293303 -1272.293555 -1272.293904 -1272.294420 -1272.295212 -1272.296455 -1272.298441 -1272.301658 -1272.306954 -1272.315853 -1272.331184 -1272.358373 -1272.408065 -1272.501467 -1272.681251 -1273.034828 -1273.749608 -1275.261473 -1278.679453 -1287.057650 -1310.582215 -9999.0 -9999.0
-9999.0 -9999.0 588.539451 498.751945 406.290016 312.320509 217.676288 122.743227 27.711462 -67.303046 -162.257100 -257.093417 -351.778707 -446.599597 -541.851907 -637.612929 -733.365915 -827.607455 -919.852105 -1009.506312 -1089.292052 -1151.662651 -1195.919107 -1224.925260 -1242.970489 -1253.936321 -1260.604224 -1264.719952 -1267.308925 -1268.964372 -1270.037167 -1270.740036 -1271.205088 -1271.515472 -1271.723988 -1271.866466 -1271.975352 -1272.099350 -1272.395760 -1273.990561 -1284.395005 -1355.163206 -2074.461848 -4363.376627 -4375.513896 -4366.746630 -4358.686756 -4357.432516 -4357.303894 -4357.315966 -4357.347525 -4357.381294 -4357.413647 -4357.443535 -4357.471133 -4357.502361 -4357.596486 -4358.275336 -4362.874765 -4370.132690 -4349.748960 -1930.126700 -1327.568175 -1279.985128 -1273.312254 -1272.430482 -1272.307134 -1272.287903 -1272.285871 -1272.286916 -1272.288288 -1272.289448 -1272.290344 -1272.291024 -1272.291542 -1272.291944 -1272.292262 -1272.292518 -1272.292731 -1272.292919 -1272.293101 -1272.293303 -1272.293555 -1272.293904 -1272.294420 -1272.295212 -1272.296455 -1272.298441 -1272.301658 -1272.306954 -1272.315853 -1272.331184 -1272.358373 -1272.408065 -1272.501467 -1272.681251 -1273.034828 -1273.749608 -1275.261473 -1278.679453 -1287.057650 -1310.582215 -9999.0 -9999.0
-9999.0 -9999.0 588.541080 498.752800 406.290364 312.320638 217.676334 122.743243 27.711468 -67.303044 -162.257099 -257.093417 -351.778706 -446.599597 -541.851907 -637.612929 -733.365915 -827.607455 -919.852105 -1009.506313 -1089.292052 -1151.662651 -1195.919107 -1224.925260 -1242.970489 -1253.936321 -1260.604224 -1264.719952 -1267.308925 -1268.964372 -1270.037167 -1270.740036 -1271.205088 -1271.515472 -1271.723988 -1271.866466 -1271.975352 -1272.099350 -1272.395760 -1273.990561 -1284.395005 -1355.163206 -2074.461848 -4363.376627 -4375.513896 -4366.746630 -4358.686756 -4357.432516 -4357.303894 -4357.315966 -4357.347525 -4357.381294 -4357.413647 -4357.443535 -4357.471133 -4357.502361 -4357.596486 -4358.275336 -4362.874765 -4370.132690 -4349.748960 -1930.126700 -1327.568175 -1279.985128 -1273.312254 -1272.430482 -1272.307134 -1272.287903 -1272.285871 -1272.286916 -1272.288288 -1272.289448 -1272.290344 -1272.291024 -1272.291542 -1272.291944 -1272.292262 -1272.292518 -1272.292731 -1272.292919 -1272.293101 -1272.293303 -1272.293555 -1272.293904 -1272.294420 -1272.295212 -1272.296455 -1272.298441 -1272.301658 -1272.306954 -1272.315853 -1272.331184 -1272.358373 -1272.408065 -1272.501467 -1272.681251 -1273.034828 -1273.749608 -1275.261473 -1278.679453 -1287.057650 -1310.582215 -9999.0 -9999.0
-9999.0 -9999.0 588.541080 498.752800 406.290364 312.320639 217.676334 122.743243 27.711468 -67.303044 -162.257099 -257.093417 -351.778707 -446.599597 -541.851907 -637.612929 -733.365915 -827.607455 -919.852105 -1009.506313 -1089.292052 -1151.662651 -1195.919107 -1224.925260 -1242.970489 -1253.936321 -1260.604224 -1264.719952 -1267.308925 -1268.964372 -1270.037167 -1270.740036 -1271.205088 -1271.515472 -1271.723988 -1271.866466 -1271.975352 -1272.099350 -1272.395760 -1273.990561 -1284.395005 -1355.163206 -2074.461848 -4363.376627 -4375.513896 -4366.746630 -4358.686756 -4357.432516 -4357.303894 -4357.315966 -4357.347525 -4357.381294 -4357.413647 -4357.443535 -4357.471133 -4357.502361 -4357.596486 -4358.275336 -4362.874765 -4370.132690 -4349.748960 -1930.126700 -1327.568175 -1279.985128 -1273.312254 -1272.430482 -1272.307134 -1272.287903 -1272.285871 -1272.286916 -1272.288288 -1272.289448 -1272.290344 -1272.291024 -1272.291542 -1272.291944 -1272.292262 -1272.292518 -1272.292731 -1272.292919 -1272.293101 -1272.293303 -1272.293555 -1272.293904 -1272.294420 -1272.295212 -1272.296455 -1272.298441 -1272.301658 -1272.306954 -1272.315853 -1272.331184 -1272.358373 -1272.408065 -1272.501467 -1272.681251 -1273.034828 -1273.749608 -1275.261473 -1278.679453 -1287.057650 -1310.582215 -9999.0 -9999.0
-9999.0 -9999.0 588.539451 498.751944 406.290016 312.320509 217.676288 122.743226 27.711462 -67.303046 -162.257100 -257.093417 -351.778706 -446.599597 -541.851907 -637.612929 -733.365915 -827.607455 -919.852105 -1009.506312 -1089.292052 -1151.662651 -1195.919107 -1224.925260 -1242.970489 -1253.936321 -1260.604224 -1264.719952 -1267.308925 -1268.964372 -1270.037167 -1270.740036 -1271.205088 -1271.515472 -1271.723988 -1271.866466 -1271.975352 -1272.099350 -1272.395760 -1273.990561 -1284.395005 -1355.163206 -2074.461848 -4363.376627 -4375.513896 -4366.746630 -4358.686756 -4357.432516 -4357.303894 -4357.315966 -4357.347525 -4357.381294 -4357.413647 -4357.443535 -4357.471133 -4357.502361 -4357.596486 -4358.275336 -4362.874765 -4370.132690 -4349.748960 -1930.126700 -1327.568175 -1279.985128 -1273.312254 -1272.430482 -1272.307134 -1272.287903 -1272.285871 -1272.286916 -1272.288288 -1272.289448 -1272.290344 -1272.291024 -1272.291542 -1272.291944 -1272.292262 -1272.292518 -1272.292731 -1272.292919 -1272.293101 -1272.293303 -1272.293555 -1272.293904 -1272.294420 -1272.295212 -1272.296455 -1272.298441 -1272.301658 -1272.306954 -1272.315853 -1272.331184 -1272.358373 -1272.408065 -1272.501467 -1272.681251 -1273.034828 -1273.749608 -1275.261473 -1278.679453 -1287.057650 -1310.582215 -9999.0 -9999.0
-9999.0 -9999.0 588.533389 498.750105 406.289483 312.320346 217.676235 122.743209 27.711456 -67.303048 -162.257101 -257.093417 -351.778707 -446.599597 -541.851907 -637.612929 -733.365914 -827.607455 -919.852105 -1009.506312 -1089.292052 -1151.662651 -1195.919107 -1224.925260 -1242.970489 -1253.936321 -1260.604224 -1264.719952 -1267.308925 -1268.964372 -1270.037167 -1270.740036 -1271.205088 -1271.515472 -1271.723988 -1271.866466 -1271.975352 -1272.099350 -1272.395760 -1273.990561 -1284.395005 -1355.163206 -2074.461848 -4363.376627 -4375.513897 -4366.746631 -4358.686756 -4357.432516 -4357.303894 -4357.315966 -4357.347525 -4357.381294 -4357.413647 -4357.443535 -4357.471133 -4357.502361 -4357.596486 -4358.275336 -4362.874765 -4370.132690 -4349.748960 -1930.126700 -1327.568175 -1279.985128 -1273.312254 -1272.430482 -1272.307134 -1272.287903 -1272.285871 -1272.286916 -1272.288288 -1272.289448 -1272.290344 -1272.291024 -1272.291542 -1272.291944 -1272.292262 -1272.292518 -1272.292731 -1272.292919 -1272.293101 -1272.293303 -1272.293555 -1272.293904 -1272.294420 -1272.295212 -1272.296455 -1272.298441 -1272.301658 -1272.306954 -1272.315853 -1272.331184 -1272.358373 -1272.408065 -1272.501467 -1272.681251 -1273.034828 -1273.749608 -1275.261473 -1278.679453 -1287.057650 -1310.582215 -9999.0 -9999.0
-9999.0 -9999.0 -9999.0 -9999.0 -9999.0 -9999.0 -9999.0 -9999.0 -9999.0 -9999.0 -9999.0 -9999.0 -9999.0 -9999.0 -9999.0 -9999.0 -9999.0 -9999.0 -9999.0 -9999.0 -9999.0 -9999.0 -9999.0 -9999.0 -9999.0 -9999.0 -9999.0 -9999.0 -9999.0 -9999.0 -9999.0 -9999.0 -9999.0 -9999.0 -9999.0 -9999.0 -9999.0 -9999.0 -9999.0 -9999.0 -9999.0 -9999.0 -9999.0 -9999.0 -9999.0 -9999.0 -9999.0 -9999.0 -9999.0 -9999.0 -9999.0 -9999.0 -9999.0 -9999.0 -9999.0 -9999.0 -9999.0 -9999.0 -9999.0 -9999.0 -9999.0 -9999.0 -9999.0 -9999.0 -9999.0 -9999.0 -9999.0 -9999.0 -9999.0 -9999.0 -9999.0 -9999.0 -9999.0 -9999.0 -9999.0 -9999.0 -9999.0 -9999.0 -9999.0 -9999.0 -9999.0 -9999.0 -9999.0 -9999.0 -9999.0 -9999.0 -9999.0 -9999.0 -9999.0 -9999.0 -9999.0 -9999.0 -9999.0 -9999.0 -9999.0 -9999.0 -9999.0 -9999.0 -9999.0 -9999.0 -9999.0 -9999.0 -9999.0 -9999.0
-9999.0 -9999.0 -9999.0 -9999.0 -9999.0 -9999.0 -9999.0 -9999.0 -9999.0 -9999.0 -9999.0 -9999.0 -9999.0 -9999.0 -9999.0 -9999.0 -9999.0 -9999.0 -9999.0 -9999.0 -9999.0 -9999.0 -9999.0 -9999.0 -9999.0 -9999.0 -9999.0 -9999.0 -9999.0 -9999.0 -9999.0 -9999.0 -9999.0 -9999.0 -9999.0 -9999.0 -9999.0 -9999.0 -9999.0 -9999.0 -9999.0 -9999.0 -9999.0 -9999.0 -9999.0 -9999.0 -9999.0 -9999.0 -9999.0 -9999.0 -9999.0 -9999.0 -9999.0 -9999.0 -9999.0 -9999.0 -9999.0 -9999.0 -9999.0 -9999.0 -9999.0 -9999.0 -9999.0 -9999.0 -9999.0 -9999.0 -9999.0 -9999.0 -9999.0 -9999.0 -9999.0 -9999.0 -9999.0 -9999.0 -9999.0 -9999.0 -9999.0 -9999.0 -9999.0 -9999.0 -9999.0 -9999.0 -9999.0 -9999.0 -9999.0 -9999.0 -9999.0 -9999.0 -9999.0 -9999.0 -9999.0 -9999.0 -9999.0 -9999.0 -9999.0 -9999.0 -9999.0 -9999.0 -9999.0 -9999.0 -9999.0 -9999.0 -9999.0 -9999.0