inst/processing_geotop_simulation/geotop_simulation/out/maps3D/PwL0011N0053.asc
ncols         104
nrows         10
xllcorner     -2.000000
yllcorner     0.000000
cellsize      1.000000
NODATA_value  -9999.0
-9999.0 -9999.0 -9999.0 -9999.0 -9999.0 -9999.0 -9999.0 -9999.0 -9999.0 -9999.0 -9999.0 -9999.0 -9999.0 -9999.0 -9999.0 -9999.0 -9999.0 -9999.0 -9999.0 -9999.0 -9999.0 -9999.0 -9999.0 -9999.0 -9999.0 -9999.0 -9999.0 -9999.0 -9999.0 -9999.0 -9999.0 -9999.0 -9999.0 -9999.0 -9999.0 -9999.0 -9999.0 -9999.0 -9999.0 -9999.0 -9999.0 -9999.0 -9999.0 -9999.0 -9999.0 -9999.0 -9999.0 -9999.0 -9999.0 -9999.0 -9999.0 -9999.0 -9999.0 -9999.0 -9999.0 -9999.0 -9999.0 -9999.0 -9999.0 -9999.0 -9999.0 -9999.0 -9999.0 -9999.0 -9999.0 -9999.0 -9999.0 -9999.0 -9999.0 -9999.0 -9999.0 -9999.0 -9999.0 -9999.0 -9999.0 -9999.0 -9999.0 -9999.0 -9999.0 -9999.0 -9999.0 -9999.0 -9999.0 -9999.0 -9999.0 -9999.0 -9999.0 -9999.0 -9999.0 -9999.0 -9999.0 -9999.0 -9999.0 -9999.0 -9999.0 -9999.0 -9999.0 -9999.0 -9999.0 -9999.0 -9999.0 -9999.0 -9999.0 -9999.0
-9999.0 -9999.0 -9999.0 -9999.0 -9999.0 -9999.0 -9999.0 -9999.0 -9999.0 -9999.0 -9999.0 -9999.0 -9999.0 -9999.0 -9999.0 -9999.0 -9999.0 -9999.0 -9999.0 -9999.0 -9999.0 -9999.0 -9999.0 -9999.0 -9999.0 -9999.0 -9999.0 -9999.0 -9999.0 -9999.0 -9999.0 -9999.0 -9999.0 -9999.0 -9999.0 -9999.0 -9999.0 -9999.0 -9999.0 -9999.0 -9999.0 -9999.0 -9999.0 -9999.0 -9999.0 -9999.0 -9999.0 -9999.0 -9999.0 -9999.0 -9999.0 -9999.0 -9999.0 -9999.0 -9999.0 -9999.0 -9999.0 -9999.0 -9999.0 -9999.0 -9999.0 -9999.0 -9999.0 -9999.0 -9999.0 -9999.0 -9999.0 -9999.0 -9999.0 -9999.0 -9999.0 -9999.0 -9999.0 -9999.0 -9999.0 -9999.0 -9999.0 -9999.0 -9999.0 -9999.0 -9999.0 -9999.0 -9999.0 -9999.0 -9999.0 -9999.0 -9999.0 -9999.0 -9999.0 -9999.0 -9999.0 -9999.0 -9999.0 -9999.0 -9999.0 -9999.0 -9999.0 -9999.0 -9999.0 -9999.0 -9999.0 -9999.0 -9999.0 -9999.0
-9999.0 -9999.0 -603.576070 -728.095044 -814.446206 -856.455997 -875.920824 -885.020931 -889.126229 -887.917821 -869.275665 -842.647378 -816.875948 -790.365247 -767.164566 -775.640815 -807.217013 -837.489115 -868.795049 -871.183974 -848.922477 -836.571976 -832.460800 -834.244449 -839.838864 -847.554847 -856.035118 -864.246908 -871.514290 -877.510761 -882.183248 -885.653487 -888.128843 -889.834059 -890.971070 -891.703963 -892.173879 -892.557083 -892.970561 -893.087503 -896.382179 -956.628579 -2281.017926 -4428.477093 -4430.691509 -4430.689021 -4430.686573 -4430.686201 -4430.686162 -4430.686162 -4430.686167 -4430.686173 -4430.686178 -4430.686183 -4430.686188 -4430.686194 -4430.686218 -4430.686407 -4430.687785 -4430.689852 -4427.274913 -2185.154367 -939.284875 -896.778853 -893.841623 -893.295504 -893.172646 -893.151417 -893.152108 -893.156578 -893.160891 -893.164327 -893.166928 -893.168886 -893.170378 -893.171535 -893.172451 -893.173187 -893.173794 -893.174322 -893.174826 -893.175369 -893.176038 -893.176951 -893.178287 -893.180325 -893.183511 -893.188571 -893.196710 -893.209986 -893.232022 -893.269426 -893.334677 -893.452055 -893.669706 -894.083698 -894.885041 -896.452787 -899.559124 -905.923663 -919.871175 -952.310635 -9999.0 -9999.0
-9999.0 -9999.0 -603.576057 -728.095014 -814.446170 -856.455978 -875.920818 -885.020930 -889.126230 -887.917822 -869.275666 -842.647378 -816.875948 -790.365247 -767.164566 -775.640815 -807.217013 -837.489115 -868.795049 -871.183974 -848.922477 -836.571976 -832.460800 -834.244449 -839.838864 -847.554847 -856.035118 -864.246908 -871.514290 -877.510761 -882.183248 -885.653487 -888.128843 -889.834059 -890.971070 -891.703963 -892.173879 -892.557083 -892.970561 -893.087503 -896.382179 -956.628579 -2281.017926 -4428.477093 -4430.691509 -4430.689021 -4430.686573 -4430.686201 -4430.686162 -4430.686162 -4430.686167 -4430.686173 -4430.686178 -4430.686183 -4430.686188 -4430.686194 -4430.686218 -4430.686407 -4430.687785 -4430.689852 -4427.274913 -2185.154367 -939.284875 -896.778853 -893.841623 -893.295504 -893.172646 -893.151417 -893.152108 -893.156578 -893.160891 -893.164327 -893.166928 -893.168886 -893.170378 -893.171535 -893.172451 -893.173187 -893.173794 -893.174322 -893.174826 -893.175369 -893.176038 -893.176951 -893.178287 -893.180325 -893.183511 -893.188571 -893.196710 -893.209986 -893.232022 -893.269426 -893.334677 -893.452055 -893.669706 -894.083698 -894.885041 -896.452787 -899.559124 -905.923663 -919.871175 -952.310635 -9999.0 -9999.0
-9999.0 -9999.0 -603.576051 -728.094997 -814.446146 -856.455963 -875.920814 -885.020930 -889.126231 -887.917823 -869.275666 -842.647378 -816.875948 -790.365247 -767.164566 -775.640815 -807.217013 -837.489115 -868.795049 -871.183974 -848.922477 -836.571976 -832.460800 -834.244449 -839.838864 -847.554847 -856.035118 -864.246908 -871.514290 -877.510761 -882.183248 -885.653487 -888.128843 -889.834059 -890.971070 -891.703963 -892.173879 -892.557083 -892.970561 -893.087503 -896.382179 -956.628579 -2281.017926 -4428.477093 -4430.691509 -4430.689021 -4430.686573 -4430.686201 -4430.686162 -4430.686162 -4430.686167 -4430.686173 -4430.686178 -4430.686183 -4430.686188 -4430.686194 -4430.686218 -4430.686407 -4430.687785 -4430.689852 -4427.274913 -2185.154367 -939.284875 -896.778853 -893.841623 -893.295504 -893.172646 -893.151417 -893.152108 -893.156578 -893.160891 -893.164327 -893.166928 -893.168886 -893.170378 -893.171535 -893.172451 -893.173187 -893.173794 -893.174322 -893.174826 -893.175369 -893.176038 -893.176951 -893.178287 -893.180325 -893.183511 -893.188571 -893.196710 -893.209986 -893.232022 -893.269426 -893.334677 -893.452055 -893.669706 -894.083698 -894.885041 -896.452787 -899.559124 -905.923663 -919.871175 -952.310634 -9999.0 -9999.0
-9999.0 -9999.0 -603.576051 -728.094997 -814.446146 -856.455963 -875.920814 -885.020930 -889.126231 -887.917823 -869.275666 -842.647378 -816.875948 -790.365247 -767.164566 -775.640815 -807.217013 -837.489115 -868.795049 -871.183974 -848.922477 -836.571976 -832.460800 -834.244449 -839.838864 -847.554847 -856.035118 -864.246908 -871.514290 -877.510761 -882.183248 -885.653487 -888.128843 -889.834059 -890.971070 -891.703963 -892.173879 -892.557083 -892.970561 -893.087503 -896.382179 -956.628579 -2281.017926 -4428.477093 -4430.691509 -4430.689021 -4430.686573 -4430.686201 -4430.686162 -4430.686162 -4430.686167 -4430.686173 -4430.686178 -4430.686183 -4430.686188 -4430.686194 -4430.686218 -4430.686407 -4430.687785 -4430.689852 -4427.274913 -2185.154367 -939.284875 -896.778853 -893.841623 -893.295504 -893.172646 -893.151417 -893.152108 -893.156578 -893.160891 -893.164327 -893.166928 -893.168886 -893.170378 -893.171535 -893.172451 -893.173187 -893.173794 -893.174322 -893.174826 -893.175369 -893.176038 -893.176951 -893.178287 -893.180325 -893.183511 -893.188571 -893.196710 -893.209986 -893.232022 -893.269426 -893.334677 -893.452055 -893.669706 -894.083698 -894.885041 -896.452787 -899.559124 -905.923663 -919.871175 -952.310634 -9999.0 -9999.0
-9999.0 -9999.0 -603.576057 -728.095014 -814.446170 -856.455978 -875.920818 -885.020930 -889.126230 -887.917822 -869.275666 -842.647378 -816.875948 -790.365247 -767.164566 -775.640815 -807.217013 -837.489115 -868.795049 -871.183974 -848.922477 -836.571976 -832.460800 -834.244449 -839.838864 -847.554847 -856.035118 -864.246908 -871.514290 -877.510761 -882.183248 -885.653487 -888.128843 -889.834059 -890.971070 -891.703963 -892.173879 -892.557083 -892.970561 -893.087503 -896.382179 -956.628579 -2281.017926 -4428.477093 -4430.691509 -4430.689021 -4430.686573 -4430.686201 -4430.686162 -4430.686162 -4430.686167 -4430.686173 -4430.686178 -4430.686183 -4430.686188 -4430.686194 -4430.686218 -4430.686407 -4430.687785 -4430.689852 -4427.274913 -2185.154367 -939.284875 -896.778853 -893.841623 -893.295504 -893.172646 -893.151417 -893.152108 -893.156578 -893.160891 -893.164327 -893.166928 -893.168886 -893.170378 -893.171535 -893.172451 -893.173187 -893.173794 -893.174322 -893.174826 -893.175369 -893.176038 -893.176951 -893.178287 -893.180325 -893.183511 -893.188571 -893.196710 -893.209986 -893.232022 -893.269426 -893.334677 -893.452055 -893.669706 -894.083698 -894.885041 -896.452787 -899.559124 -905.923663 -919.871175 -952.310635 -9999.0 -9999.0
-9999.0 -9999.0 -603.576070 -728.095044 -814.446206 -856.455997 -875.920824 -885.020931 -889.126229 -887.917821 -869.275665 -842.647378 -816.875948 -790.365247 -767.164566 -775.640815 -807.217013 -837.489115 -868.795049 -871.183974 -848.922477 -836.571976 -832.460800 -834.244449 -839.838864 -847.554847 -856.035118 -864.246908 -871.514290 -877.510761 -882.183248 -885.653487 -888.128843 -889.834059 -890.971070 -891.703963 -892.173879 -892.557083 -892.970561 -893.087503 -896.382179 -956.628579 -2281.017926 -4428.477093 -4430.691509 -4430.689021 -4430.686573 -4430.686201 -4430.686162 -4430.686162 -4430.686167 -4430.686173 -4430.686178 -4430.686183 -4430.686188 -4430.686194 -4430.686218 -4430.686407 -4430.687785 -4430.689852 -4427.274913 -2185.154367 -939.284875 -896.778853 -893.841623 -893.295504 -893.172646 -893.151417 -893.152108 -893.156578 -893.160891 -893.164327 -893.166928 -893.168886 -893.170378 -893.171535 -893.172451 -893.173187 -893.173794 -893.174322 -893.174826 -893.175369 -893.176038 -893.176951 -893.178287 -893.180325 -893.183511 -893.188571 -893.196710 -893.209986 -893.232022 -893.269426 -893.334677 -893.452055 -893.669706 -894.083698 -894.885041 -896.452787 -899.559124 -905.923663 -919.871175 -952.310635 -9999.0 -9999.0
-9999.0 -9999.0 -9999.0 -9999.0 -9999.0 -9999.0 -9999.0 -9999.0 -9999.0 -9999.0 -9999.0 -9999.0 -9999.0 -9999.0 -9999.0 -9999.0 -9999.0 -9999.0 -9999.0 -9999.0 -9999.0 -9999.0 -9999.0 -9999.0 -9999.0 -9999.0 -9999.0 -9999.0 -9999.0 -9999.0 -9999.0 -9999.0 -9999.0 -9999.0 -9999.0 -9999.0 -9999.0 -9999.0 -9999.0 -9999.0 -9999.0 -9999.0 -9999.0 -9999.0 -9999.0 -9999.0 -9999.0 -9999.0 -9999.0 -9999.0 -9999.0 -9999.0 -9999.0 -9999.0 -9999.0 -9999.0 -9999.0 -9999.0 -9999.0 -9999.0 -9999.0 -9999.0 -9999.0 -9999.0 -9999.0 -9999.0 -9999.0 -9999.0 -9999.0 -9999.0 -9999.0 -9999.0 -9999.0 -9999.0 -9999.0 -9999.0 -9999.0 -9999.0 -9999.0 -9999.0 -9999.0 -9999.0 -9999.0 -9999.0 -9999.0 -9999.0 -9999.0 -9999.0 -9999.0 -9999.0 -9999.0 -9999.0 -9999.0 -9999.0 -9999.0 -9999.0 -9999.0 -9999.0 -9999.0 -9999.0 -9999.0 -9999.0 -9999.0 -9999.0
-9999.0 -9999.0 -9999.0 -9999.0 -9999.0 -9999.0 -9999.0 -9999.0 -9999.0 -9999.0 -9999.0 -9999.0 -9999.0 -9999.0 -9999.0 -9999.0 -9999.0 -9999.0 -9999.0 -9999.0 -9999.0 -9999.0 -9999.0 -9999.0 -9999.0 -9999.0 -9999.0 -9999.0 -9999.0 -9999.0 -9999.0 -9999.0 -9999.0 -9999.0 -9999.0 -9999.0 -9999.0 -9999.0 -9999.0 -9999.0 -9999.0 -9999.0 -9999.0 -9999.0 -9999.0 -9999.0 -9999.0 -9999.0 -9999.0 -9999.0 -9999.0 -9999.0 -9999.0 -9999.0 -9999.0 -9999.0 -9999.0 -9999.0 -9999.0 -9999.0 -9999.0 -9999.0 -9999.0 -9999.0 -9999.0 -9999.0 -9999.0 -9999.0 -9999.0 -9999.0 -9999.0 -9999.0 -9999.0 -9999.0 -9999.0 -9999.0 -9999.0 -9999.0 -9999.0 -9999.0 -9999.0 -9999.0 -9999.0 -9999.0 -9999.0 -9999.0 -9999.0 -9999.0 -9999.0 -9999.0 -9999.0 -9999.0 -9999.0 -9999.0 -9999.0 -9999.0 -9999.0 -9999.0 -9999.0 -9999.0 -9999.0 -9999.0 -9999.0 -9999.0