inst/processing_geotop_simulation/geotop_simulation/out/maps3D/PwL0009N0320.asc
ncols         104
nrows         10
xllcorner     -2.000000
yllcorner     0.000000
cellsize      1.000000
NODATA_value  -9999.0
-9999.0 -9999.0 -9999.0 -9999.0 -9999.0 -9999.0 -9999.0 -9999.0 -9999.0 -9999.0 -9999.0 -9999.0 -9999.0 -9999.0 -9999.0 -9999.0 -9999.0 -9999.0 -9999.0 -9999.0 -9999.0 -9999.0 -9999.0 -9999.0 -9999.0 -9999.0 -9999.0 -9999.0 -9999.0 -9999.0 -9999.0 -9999.0 -9999.0 -9999.0 -9999.0 -9999.0 -9999.0 -9999.0 -9999.0 -9999.0 -9999.0 -9999.0 -9999.0 -9999.0 -9999.0 -9999.0 -9999.0 -9999.0 -9999.0 -9999.0 -9999.0 -9999.0 -9999.0 -9999.0 -9999.0 -9999.0 -9999.0 -9999.0 -9999.0 -9999.0 -9999.0 -9999.0 -9999.0 -9999.0 -9999.0 -9999.0 -9999.0 -9999.0 -9999.0 -9999.0 -9999.0 -9999.0 -9999.0 -9999.0 -9999.0 -9999.0 -9999.0 -9999.0 -9999.0 -9999.0 -9999.0 -9999.0 -9999.0 -9999.0 -9999.0 -9999.0 -9999.0 -9999.0 -9999.0 -9999.0 -9999.0 -9999.0 -9999.0 -9999.0 -9999.0 -9999.0 -9999.0 -9999.0 -9999.0 -9999.0 -9999.0 -9999.0 -9999.0 -9999.0
-9999.0 -9999.0 -9999.0 -9999.0 -9999.0 -9999.0 -9999.0 -9999.0 -9999.0 -9999.0 -9999.0 -9999.0 -9999.0 -9999.0 -9999.0 -9999.0 -9999.0 -9999.0 -9999.0 -9999.0 -9999.0 -9999.0 -9999.0 -9999.0 -9999.0 -9999.0 -9999.0 -9999.0 -9999.0 -9999.0 -9999.0 -9999.0 -9999.0 -9999.0 -9999.0 -9999.0 -9999.0 -9999.0 -9999.0 -9999.0 -9999.0 -9999.0 -9999.0 -9999.0 -9999.0 -9999.0 -9999.0 -9999.0 -9999.0 -9999.0 -9999.0 -9999.0 -9999.0 -9999.0 -9999.0 -9999.0 -9999.0 -9999.0 -9999.0 -9999.0 -9999.0 -9999.0 -9999.0 -9999.0 -9999.0 -9999.0 -9999.0 -9999.0 -9999.0 -9999.0 -9999.0 -9999.0 -9999.0 -9999.0 -9999.0 -9999.0 -9999.0 -9999.0 -9999.0 -9999.0 -9999.0 -9999.0 -9999.0 -9999.0 -9999.0 -9999.0 -9999.0 -9999.0 -9999.0 -9999.0 -9999.0 -9999.0 -9999.0 -9999.0 -9999.0 -9999.0 -9999.0 -9999.0 -9999.0 -9999.0 -9999.0 -9999.0 -9999.0 -9999.0
-9999.0 -9999.0 424.272792 326.724264 228.334911 129.582871 30.681013 -68.278202 -167.255973 -266.227852 -365.166287 -464.027637 -562.717841 -661.045163 -759.117494 -857.266457 -955.221105 -1052.964773 -1149.746087 -1244.173336 -1335.205349 -1420.292754 -1496.416005 -1561.262717 -1613.965182 -1655.073699 -1686.069798 -1708.812890 -1725.140307 -1736.657473 -1744.666774 -1750.173256 -1753.924884 -1756.463159 -1758.172217 -1759.322628 -1760.114314 -1760.750286 -1761.681358 -1764.355364 -1771.175288 -1762.174449 -1270.883372 -1388.103770 -1350.443431 -1326.454440 -1315.447457 -1313.910306 -1313.750831 -1313.766399 -1313.806914 -1313.850435 -1313.892243 -1313.930947 -1313.966839 -1314.008345 -1314.136766 -1315.024253 -1320.747823 -1333.692202 -1350.413231 -1216.698596 -1730.535881 -1764.127979 -1762.943268 -1761.983169 -1761.764504 -1761.726052 -1761.720279 -1761.719931 -1761.720402 -1761.720904 -1761.721314 -1761.721632 -1761.721879 -1761.722073 -1761.722229 -1761.722357 -1761.722467 -1761.722566 -1761.722664 -1761.722774 -1761.722910 -1761.723097 -1761.723369 -1761.723783 -1761.724431 -1761.725466 -1761.727150 -1761.729948 -1761.734714 -1761.743060 -1761.758125 -1761.786149 -1761.839804 -1761.945570 -1762.161521 -1762.624131 -1763.680969 -1766.302995 -1773.584172 -1797.324123 -9999.0 -9999.0
-9999.0 -9999.0 424.279249 326.725981 228.335381 129.583012 30.681059 -68.278186 -167.255967 -266.227850 -365.166286 -464.027636 -562.717841 -661.045163 -759.117494 -857.266457 -955.221105 -1052.964774 -1149.746087 -1244.173336 -1335.205349 -1420.292754 -1496.416006 -1561.262717 -1613.965182 -1655.073699 -1686.069798 -1708.812890 -1725.140307 -1736.657473 -1744.666774 -1750.173257 -1753.924884 -1756.463159 -1758.172217 -1759.322628 -1760.114314 -1760.750286 -1761.681358 -1764.355364 -1771.175288 -1762.174449 -1270.883372 -1388.103770 -1350.443431 -1326.454439 -1315.447457 -1313.910306 -1313.750831 -1313.766399 -1313.806914 -1313.850435 -1313.892243 -1313.930947 -1313.966839 -1314.008345 -1314.136766 -1315.024253 -1320.747823 -1333.692202 -1350.413231 -1216.698596 -1730.535881 -1764.127979 -1762.943268 -1761.983169 -1761.764504 -1761.726052 -1761.720279 -1761.719931 -1761.720402 -1761.720904 -1761.721314 -1761.721632 -1761.721879 -1761.722073 -1761.722229 -1761.722357 -1761.722467 -1761.722566 -1761.722664 -1761.722774 -1761.722910 -1761.723097 -1761.723369 -1761.723783 -1761.724431 -1761.725466 -1761.727150 -1761.729948 -1761.734714 -1761.743060 -1761.758125 -1761.786149 -1761.839804 -1761.945570 -1762.161521 -1762.624131 -1763.680969 -1766.302995 -1773.584172 -1797.324123 -9999.0 -9999.0
-9999.0 -9999.0 424.280677 326.726737 228.335684 129.583123 30.681099 -68.278172 -167.255962 -266.227848 -365.166285 -464.027636 -562.717840 -661.045163 -759.117494 -857.266457 -955.221105 -1052.964774 -1149.746087 -1244.173336 -1335.205349 -1420.292754 -1496.416006 -1561.262717 -1613.965182 -1655.073699 -1686.069798 -1708.812890 -1725.140307 -1736.657473 -1744.666774 -1750.173257 -1753.924884 -1756.463159 -1758.172217 -1759.322628 -1760.114314 -1760.750286 -1761.681358 -1764.355364 -1771.175288 -1762.174449 -1270.883372 -1388.103770 -1350.443431 -1326.454439 -1315.447457 -1313.910306 -1313.750831 -1313.766399 -1313.806914 -1313.850435 -1313.892243 -1313.930947 -1313.966839 -1314.008345 -1314.136766 -1315.024253 -1320.747823 -1333.692202 -1350.413231 -1216.698596 -1730.535881 -1764.127979 -1762.943268 -1761.983169 -1761.764504 -1761.726052 -1761.720279 -1761.719931 -1761.720402 -1761.720904 -1761.721314 -1761.721632 -1761.721879 -1761.722073 -1761.722229 -1761.722357 -1761.722467 -1761.722566 -1761.722664 -1761.722774 -1761.722910 -1761.723097 -1761.723369 -1761.723783 -1761.724431 -1761.725466 -1761.727150 -1761.729948 -1761.734714 -1761.743060 -1761.758125 -1761.786149 -1761.839804 -1761.945570 -1762.161521 -1762.624131 -1763.680969 -1766.302995 -1773.584172 -1797.324123 -9999.0 -9999.0
-9999.0 -9999.0 424.280677 326.726737 228.335684 129.583123 30.681099 -68.278172 -167.255962 -266.227848 -365.166285 -464.027636 -562.717840 -661.045163 -759.117494 -857.266457 -955.221105 -1052.964774 -1149.746087 -1244.173336 -1335.205349 -1420.292754 -1496.416006 -1561.262717 -1613.965182 -1655.073699 -1686.069798 -1708.812890 -1725.140307 -1736.657473 -1744.666774 -1750.173257 -1753.924884 -1756.463159 -1758.172217 -1759.322628 -1760.114314 -1760.750286 -1761.681358 -1764.355364 -1771.175288 -1762.174449 -1270.883372 -1388.103770 -1350.443431 -1326.454439 -1315.447457 -1313.910306 -1313.750831 -1313.766399 -1313.806914 -1313.850435 -1313.892243 -1313.930947 -1313.966839 -1314.008345 -1314.136766 -1315.024253 -1320.747823 -1333.692202 -1350.413231 -1216.698596 -1730.535881 -1764.127979 -1762.943268 -1761.983169 -1761.764504 -1761.726052 -1761.720279 -1761.719931 -1761.720402 -1761.720904 -1761.721314 -1761.721632 -1761.721879 -1761.722073 -1761.722229 -1761.722357 -1761.722467 -1761.722566 -1761.722664 -1761.722774 -1761.722910 -1761.723097 -1761.723369 -1761.723783 -1761.724431 -1761.725466 -1761.727150 -1761.729948 -1761.734714 -1761.743060 -1761.758125 -1761.786149 -1761.839804 -1761.945570 -1762.161521 -1762.624131 -1763.680969 -1766.302995 -1773.584172 -1797.324123 -9999.0 -9999.0
-9999.0 -9999.0 424.279249 326.725981 228.335381 129.583012 30.681059 -68.278186 -167.255967 -266.227850 -365.166286 -464.027636 -562.717841 -661.045163 -759.117494 -857.266457 -955.221105 -1052.964774 -1149.746087 -1244.173336 -1335.205349 -1420.292754 -1496.416006 -1561.262717 -1613.965182 -1655.073699 -1686.069798 -1708.812890 -1725.140307 -1736.657473 -1744.666774 -1750.173257 -1753.924884 -1756.463159 -1758.172217 -1759.322628 -1760.114314 -1760.750286 -1761.681358 -1764.355364 -1771.175288 -1762.174449 -1270.883372 -1388.103770 -1350.443431 -1326.454439 -1315.447457 -1313.910306 -1313.750831 -1313.766399 -1313.806914 -1313.850435 -1313.892243 -1313.930947 -1313.966839 -1314.008345 -1314.136766 -1315.024253 -1320.747823 -1333.692202 -1350.413231 -1216.698596 -1730.535881 -1764.127979 -1762.943268 -1761.983169 -1761.764504 -1761.726052 -1761.720279 -1761.719931 -1761.720402 -1761.720904 -1761.721314 -1761.721632 -1761.721879 -1761.722073 -1761.722229 -1761.722357 -1761.722467 -1761.722566 -1761.722664 -1761.722774 -1761.722910 -1761.723097 -1761.723369 -1761.723783 -1761.724431 -1761.725466 -1761.727150 -1761.729948 -1761.734714 -1761.743060 -1761.758125 -1761.786149 -1761.839804 -1761.945570 -1762.161521 -1762.624131 -1763.680969 -1766.302995 -1773.584172 -1797.324123 -9999.0 -9999.0
-9999.0 -9999.0 424.272792 326.724264 228.334911 129.582871 30.681013 -68.278202 -167.255973 -266.227852 -365.166287 -464.027637 -562.717841 -661.045163 -759.117494 -857.266457 -955.221105 -1052.964774 -1149.746086 -1244.173336 -1335.205349 -1420.292754 -1496.416005 -1561.262717 -1613.965182 -1655.073699 -1686.069798 -1708.812890 -1725.140307 -1736.657473 -1744.666774 -1750.173256 -1753.924884 -1756.463159 -1758.172217 -1759.322628 -1760.114314 -1760.750286 -1761.681358 -1764.355364 -1771.175288 -1762.174449 -1270.883372 -1388.103770 -1350.443431 -1326.454440 -1315.447457 -1313.910306 -1313.750831 -1313.766399 -1313.806914 -1313.850435 -1313.892243 -1313.930947 -1313.966839 -1314.008345 -1314.136766 -1315.024253 -1320.747823 -1333.692202 -1350.413231 -1216.698596 -1730.535881 -1764.127979 -1762.943268 -1761.983169 -1761.764504 -1761.726052 -1761.720279 -1761.719931 -1761.720402 -1761.720904 -1761.721314 -1761.721632 -1761.721879 -1761.722073 -1761.722229 -1761.722357 -1761.722467 -1761.722566 -1761.722664 -1761.722774 -1761.722910 -1761.723097 -1761.723369 -1761.723783 -1761.724431 -1761.725466 -1761.727150 -1761.729948 -1761.734714 -1761.743060 -1761.758125 -1761.786149 -1761.839804 -1761.945570 -1762.161521 -1762.624131 -1763.680969 -1766.302995 -1773.584172 -1797.324123 -9999.0 -9999.0
-9999.0 -9999.0 -9999.0 -9999.0 -9999.0 -9999.0 -9999.0 -9999.0 -9999.0 -9999.0 -9999.0 -9999.0 -9999.0 -9999.0 -9999.0 -9999.0 -9999.0 -9999.0 -9999.0 -9999.0 -9999.0 -9999.0 -9999.0 -9999.0 -9999.0 -9999.0 -9999.0 -9999.0 -9999.0 -9999.0 -9999.0 -9999.0 -9999.0 -9999.0 -9999.0 -9999.0 -9999.0 -9999.0 -9999.0 -9999.0 -9999.0 -9999.0 -9999.0 -9999.0 -9999.0 -9999.0 -9999.0 -9999.0 -9999.0 -9999.0 -9999.0 -9999.0 -9999.0 -9999.0 -9999.0 -9999.0 -9999.0 -9999.0 -9999.0 -9999.0 -9999.0 -9999.0 -9999.0 -9999.0 -9999.0 -9999.0 -9999.0 -9999.0 -9999.0 -9999.0 -9999.0 -9999.0 -9999.0 -9999.0 -9999.0 -9999.0 -9999.0 -9999.0 -9999.0 -9999.0 -9999.0 -9999.0 -9999.0 -9999.0 -9999.0 -9999.0 -9999.0 -9999.0 -9999.0 -9999.0 -9999.0 -9999.0 -9999.0 -9999.0 -9999.0 -9999.0 -9999.0 -9999.0 -9999.0 -9999.0 -9999.0 -9999.0 -9999.0 -9999.0
-9999.0 -9999.0 -9999.0 -9999.0 -9999.0 -9999.0 -9999.0 -9999.0 -9999.0 -9999.0 -9999.0 -9999.0 -9999.0 -9999.0 -9999.0 -9999.0 -9999.0 -9999.0 -9999.0 -9999.0 -9999.0 -9999.0 -9999.0 -9999.0 -9999.0 -9999.0 -9999.0 -9999.0 -9999.0 -9999.0 -9999.0 -9999.0 -9999.0 -9999.0 -9999.0 -9999.0 -9999.0 -9999.0 -9999.0 -9999.0 -9999.0 -9999.0 -9999.0 -9999.0 -9999.0 -9999.0 -9999.0 -9999.0 -9999.0 -9999.0 -9999.0 -9999.0 -9999.0 -9999.0 -9999.0 -9999.0 -9999.0 -9999.0 -9999.0 -9999.0 -9999.0 -9999.0 -9999.0 -9999.0 -9999.0 -9999.0 -9999.0 -9999.0 -9999.0 -9999.0 -9999.0 -9999.0 -9999.0 -9999.0 -9999.0 -9999.0 -9999.0 -9999.0 -9999.0 -9999.0 -9999.0 -9999.0 -9999.0 -9999.0 -9999.0 -9999.0 -9999.0 -9999.0 -9999.0 -9999.0 -9999.0 -9999.0 -9999.0 -9999.0 -9999.0 -9999.0 -9999.0 -9999.0 -9999.0 -9999.0 -9999.0 -9999.0 -9999.0 -9999.0