inst/processing_geotop_simulation/geotop_simulation/out/maps3D/PwL0010N0077.asc
ncols         104
nrows         10
xllcorner     -2.000000
yllcorner     0.000000
cellsize      1.000000
NODATA_value  -9999.0
-9999.0 -9999.0 -9999.0 -9999.0 -9999.0 -9999.0 -9999.0 -9999.0 -9999.0 -9999.0 -9999.0 -9999.0 -9999.0 -9999.0 -9999.0 -9999.0 -9999.0 -9999.0 -9999.0 -9999.0 -9999.0 -9999.0 -9999.0 -9999.0 -9999.0 -9999.0 -9999.0 -9999.0 -9999.0 -9999.0 -9999.0 -9999.0 -9999.0 -9999.0 -9999.0 -9999.0 -9999.0 -9999.0 -9999.0 -9999.0 -9999.0 -9999.0 -9999.0 -9999.0 -9999.0 -9999.0 -9999.0 -9999.0 -9999.0 -9999.0 -9999.0 -9999.0 -9999.0 -9999.0 -9999.0 -9999.0 -9999.0 -9999.0 -9999.0 -9999.0 -9999.0 -9999.0 -9999.0 -9999.0 -9999.0 -9999.0 -9999.0 -9999.0 -9999.0 -9999.0 -9999.0 -9999.0 -9999.0 -9999.0 -9999.0 -9999.0 -9999.0 -9999.0 -9999.0 -9999.0 -9999.0 -9999.0 -9999.0 -9999.0 -9999.0 -9999.0 -9999.0 -9999.0 -9999.0 -9999.0 -9999.0 -9999.0 -9999.0 -9999.0 -9999.0 -9999.0 -9999.0 -9999.0 -9999.0 -9999.0 -9999.0 -9999.0 -9999.0 -9999.0
-9999.0 -9999.0 -9999.0 -9999.0 -9999.0 -9999.0 -9999.0 -9999.0 -9999.0 -9999.0 -9999.0 -9999.0 -9999.0 -9999.0 -9999.0 -9999.0 -9999.0 -9999.0 -9999.0 -9999.0 -9999.0 -9999.0 -9999.0 -9999.0 -9999.0 -9999.0 -9999.0 -9999.0 -9999.0 -9999.0 -9999.0 -9999.0 -9999.0 -9999.0 -9999.0 -9999.0 -9999.0 -9999.0 -9999.0 -9999.0 -9999.0 -9999.0 -9999.0 -9999.0 -9999.0 -9999.0 -9999.0 -9999.0 -9999.0 -9999.0 -9999.0 -9999.0 -9999.0 -9999.0 -9999.0 -9999.0 -9999.0 -9999.0 -9999.0 -9999.0 -9999.0 -9999.0 -9999.0 -9999.0 -9999.0 -9999.0 -9999.0 -9999.0 -9999.0 -9999.0 -9999.0 -9999.0 -9999.0 -9999.0 -9999.0 -9999.0 -9999.0 -9999.0 -9999.0 -9999.0 -9999.0 -9999.0 -9999.0 -9999.0 -9999.0 -9999.0 -9999.0 -9999.0 -9999.0 -9999.0 -9999.0 -9999.0 -9999.0 -9999.0 -9999.0 -9999.0 -9999.0 -9999.0 -9999.0 -9999.0 -9999.0 -9999.0 -9999.0 -9999.0
-9999.0 -9999.0 296.156152 196.074980 96.153924 -3.467871 -102.828960 -202.575045 -304.448059 -411.291303 -524.813276 -641.880288 -750.943153 -832.473020 -879.673223 -940.804865 -997.039372 -1050.262685 -1103.110058 -1102.192885 -1093.417279 -1084.013152 -1077.112344 -1073.431602 -1072.587686 -1073.798704 -1076.215760 -1079.103370 -1081.937641 -1084.422944 -1086.444686 -1088.002996 -1089.156328 -1089.982665 -1090.557986 -1090.948744 -1091.220085 -1091.455529 -1091.724860 -1092.385208 -1099.003731 -1166.849663 -2111.073808 -4289.250727 -3988.979627 -3701.675887 -3548.396738 -3529.584648 -3527.702232 -3527.834266 -3528.236390 -3528.669091 -3529.084194 -3529.468139 -3529.823934 -3530.236064 -3531.554603 -3541.472281 -3619.338269 -3786.359954 -4026.852218 -1920.481131 -1146.181428 -1097.105805 -1092.529208 -1091.974274 -1091.875403 -1091.857722 -1091.857035 -1091.859474 -1091.862009 -1091.864062 -1091.865625 -1091.866802 -1091.867699 -1091.868394 -1091.868942 -1091.869384 -1091.869748 -1091.870067 -1091.870374 -1091.870708 -1091.871121 -1091.871690 -1091.872525 -1091.873803 -1091.875805 -1091.878991 -1091.884129 -1091.892541 -1091.906566 -1091.930509 -1091.972543 -1092.048626 -1092.190420 -1092.461092 -1092.986834 -1094.023279 -1096.116502 -1100.553992 -1110.665850 -1136.135975 -9999.0 -9999.0
-9999.0 -9999.0 296.156151 196.074980 96.153923 -3.467872 -102.828961 -202.575045 -304.448060 -411.291303 -524.813277 -641.880288 -750.943153 -832.473020 -879.673223 -940.804865 -997.039372 -1050.262685 -1103.110058 -1102.192885 -1093.417279 -1084.013152 -1077.112344 -1073.431602 -1072.587686 -1073.798704 -1076.215760 -1079.103370 -1081.937641 -1084.422944 -1086.444686 -1088.002996 -1089.156328 -1089.982665 -1090.557986 -1090.948744 -1091.220085 -1091.455529 -1091.724860 -1092.385208 -1099.003731 -1166.849663 -2111.073807 -4289.250726 -3988.979623 -3701.675878 -3548.396738 -3529.584647 -3527.702232 -3527.834266 -3528.236390 -3528.669091 -3529.084194 -3529.468139 -3529.823934 -3530.236064 -3531.554603 -3541.472281 -3619.338269 -3786.359954 -4026.852218 -1920.481131 -1146.181428 -1097.105805 -1092.529208 -1091.974274 -1091.875403 -1091.857722 -1091.857035 -1091.859474 -1091.862009 -1091.864062 -1091.865625 -1091.866802 -1091.867699 -1091.868394 -1091.868942 -1091.869384 -1091.869748 -1091.870067 -1091.870374 -1091.870708 -1091.871121 -1091.871690 -1091.872525 -1091.873803 -1091.875805 -1091.878991 -1091.884129 -1091.892541 -1091.906566 -1091.930509 -1091.972543 -1092.048626 -1092.190420 -1092.461092 -1092.986834 -1094.023279 -1096.116502 -1100.553992 -1110.665850 -1136.135975 -9999.0 -9999.0
-9999.0 -9999.0 296.156151 196.074979 96.153923 -3.467872 -102.828961 -202.575046 -304.448060 -411.291304 -524.813277 -641.880288 -750.943153 -832.473020 -879.673223 -940.804865 -997.039372 -1050.262685 -1103.110058 -1102.192885 -1093.417279 -1084.013152 -1077.112344 -1073.431602 -1072.587686 -1073.798704 -1076.215760 -1079.103370 -1081.937641 -1084.422944 -1086.444686 -1088.002996 -1089.156328 -1089.982665 -1090.557986 -1090.948744 -1091.220085 -1091.455529 -1091.724860 -1092.385208 -1099.003731 -1166.849663 -2111.073807 -4289.250726 -3988.979622 -3701.675873 -3548.396738 -3529.584647 -3527.702232 -3527.834266 -3528.236390 -3528.669091 -3529.084194 -3529.468139 -3529.823934 -3530.236064 -3531.554603 -3541.472281 -3619.338269 -3786.359953 -4026.852218 -1920.481131 -1146.181428 -1097.105805 -1092.529208 -1091.974274 -1091.875403 -1091.857722 -1091.857035 -1091.859474 -1091.862009 -1091.864062 -1091.865625 -1091.866802 -1091.867699 -1091.868394 -1091.868942 -1091.869384 -1091.869748 -1091.870067 -1091.870374 -1091.870708 -1091.871121 -1091.871690 -1091.872525 -1091.873803 -1091.875805 -1091.878991 -1091.884129 -1091.892541 -1091.906566 -1091.930509 -1091.972543 -1092.048626 -1092.190420 -1092.461092 -1092.986834 -1094.023279 -1096.116502 -1100.553992 -1110.665850 -1136.135975 -9999.0 -9999.0
-9999.0 -9999.0 296.156151 196.074980 96.153923 -3.467872 -102.828962 -202.575045 -304.448060 -411.291304 -524.813277 -641.880288 -750.943153 -832.473020 -879.673223 -940.804865 -997.039372 -1050.262685 -1103.110058 -1102.192885 -1093.417279 -1084.013152 -1077.112344 -1073.431602 -1072.587686 -1073.798704 -1076.215760 -1079.103370 -1081.937641 -1084.422944 -1086.444686 -1088.002996 -1089.156328 -1089.982665 -1090.557986 -1090.948744 -1091.220085 -1091.455529 -1091.724860 -1092.385208 -1099.003731 -1166.849663 -2111.073807 -4289.250726 -3988.979622 -3701.675873 -3548.396738 -3529.584647 -3527.702232 -3527.834266 -3528.236390 -3528.669091 -3529.084194 -3529.468139 -3529.823934 -3530.236064 -3531.554603 -3541.472281 -3619.338269 -3786.359953 -4026.852218 -1920.481131 -1146.181428 -1097.105805 -1092.529208 -1091.974274 -1091.875403 -1091.857722 -1091.857035 -1091.859474 -1091.862009 -1091.864062 -1091.865625 -1091.866802 -1091.867699 -1091.868394 -1091.868942 -1091.869384 -1091.869748 -1091.870067 -1091.870374 -1091.870708 -1091.871121 -1091.871690 -1091.872525 -1091.873803 -1091.875805 -1091.878991 -1091.884129 -1091.892541 -1091.906566 -1091.930509 -1091.972543 -1092.048626 -1092.190420 -1092.461092 -1092.986834 -1094.023279 -1096.116502 -1100.553992 -1110.665850 -1136.135975 -9999.0 -9999.0
-9999.0 -9999.0 296.156151 196.074980 96.153923 -3.467872 -102.828961 -202.575046 -304.448060 -411.291303 -524.813277 -641.880288 -750.943153 -832.473020 -879.673223 -940.804865 -997.039372 -1050.262685 -1103.110058 -1102.192885 -1093.417279 -1084.013152 -1077.112344 -1073.431602 -1072.587686 -1073.798704 -1076.215760 -1079.103370 -1081.937641 -1084.422944 -1086.444686 -1088.002996 -1089.156328 -1089.982665 -1090.557986 -1090.948744 -1091.220085 -1091.455529 -1091.724860 -1092.385208 -1099.003731 -1166.849663 -2111.073807 -4289.250726 -3988.979623 -3701.675878 -3548.396738 -3529.584647 -3527.702232 -3527.834266 -3528.236390 -3528.669091 -3529.084194 -3529.468139 -3529.823934 -3530.236064 -3531.554603 -3541.472281 -3619.338269 -3786.359954 -4026.852218 -1920.481131 -1146.181428 -1097.105805 -1092.529208 -1091.974274 -1091.875403 -1091.857722 -1091.857035 -1091.859474 -1091.862009 -1091.864062 -1091.865625 -1091.866802 -1091.867699 -1091.868394 -1091.868942 -1091.869384 -1091.869748 -1091.870067 -1091.870374 -1091.870708 -1091.871121 -1091.871690 -1091.872525 -1091.873803 -1091.875805 -1091.878991 -1091.884129 -1091.892541 -1091.906566 -1091.930509 -1091.972543 -1092.048626 -1092.190420 -1092.461092 -1092.986834 -1094.023279 -1096.116502 -1100.553992 -1110.665850 -1136.135975 -9999.0 -9999.0
-9999.0 -9999.0 296.156152 196.074980 96.153924 -3.467871 -102.828961 -202.575045 -304.448060 -411.291303 -524.813276 -641.880288 -750.943153 -832.473020 -879.673223 -940.804865 -997.039372 -1050.262685 -1103.110058 -1102.192885 -1093.417279 -1084.013152 -1077.112344 -1073.431602 -1072.587686 -1073.798704 -1076.215760 -1079.103370 -1081.937641 -1084.422944 -1086.444686 -1088.002996 -1089.156328 -1089.982665 -1090.557986 -1090.948744 -1091.220085 -1091.455529 -1091.724860 -1092.385208 -1099.003731 -1166.849663 -2111.073808 -4289.250727 -3988.979627 -3701.675887 -3548.396738 -3529.584648 -3527.702232 -3527.834266 -3528.236390 -3528.669091 -3529.084194 -3529.468139 -3529.823934 -3530.236064 -3531.554603 -3541.472281 -3619.338269 -3786.359954 -4026.852218 -1920.481131 -1146.181428 -1097.105805 -1092.529208 -1091.974274 -1091.875403 -1091.857722 -1091.857035 -1091.859474 -1091.862009 -1091.864062 -1091.865625 -1091.866802 -1091.867699 -1091.868394 -1091.868942 -1091.869384 -1091.869748 -1091.870067 -1091.870374 -1091.870708 -1091.871121 -1091.871690 -1091.872525 -1091.873803 -1091.875805 -1091.878991 -1091.884129 -1091.892541 -1091.906566 -1091.930509 -1091.972543 -1092.048626 -1092.190420 -1092.461092 -1092.986834 -1094.023279 -1096.116502 -1100.553992 -1110.665850 -1136.135975 -9999.0 -9999.0
-9999.0 -9999.0 -9999.0 -9999.0 -9999.0 -9999.0 -9999.0 -9999.0 -9999.0 -9999.0 -9999.0 -9999.0 -9999.0 -9999.0 -9999.0 -9999.0 -9999.0 -9999.0 -9999.0 -9999.0 -9999.0 -9999.0 -9999.0 -9999.0 -9999.0 -9999.0 -9999.0 -9999.0 -9999.0 -9999.0 -9999.0 -9999.0 -9999.0 -9999.0 -9999.0 -9999.0 -9999.0 -9999.0 -9999.0 -9999.0 -9999.0 -9999.0 -9999.0 -9999.0 -9999.0 -9999.0 -9999.0 -9999.0 -9999.0 -9999.0 -9999.0 -9999.0 -9999.0 -9999.0 -9999.0 -9999.0 -9999.0 -9999.0 -9999.0 -9999.0 -9999.0 -9999.0 -9999.0 -9999.0 -9999.0 -9999.0 -9999.0 -9999.0 -9999.0 -9999.0 -9999.0 -9999.0 -9999.0 -9999.0 -9999.0 -9999.0 -9999.0 -9999.0 -9999.0 -9999.0 -9999.0 -9999.0 -9999.0 -9999.0 -9999.0 -9999.0 -9999.0 -9999.0 -9999.0 -9999.0 -9999.0 -9999.0 -9999.0 -9999.0 -9999.0 -9999.0 -9999.0 -9999.0 -9999.0 -9999.0 -9999.0 -9999.0 -9999.0 -9999.0
-9999.0 -9999.0 -9999.0 -9999.0 -9999.0 -9999.0 -9999.0 -9999.0 -9999.0 -9999.0 -9999.0 -9999.0 -9999.0 -9999.0 -9999.0 -9999.0 -9999.0 -9999.0 -9999.0 -9999.0 -9999.0 -9999.0 -9999.0 -9999.0 -9999.0 -9999.0 -9999.0 -9999.0 -9999.0 -9999.0 -9999.0 -9999.0 -9999.0 -9999.0 -9999.0 -9999.0 -9999.0 -9999.0 -9999.0 -9999.0 -9999.0 -9999.0 -9999.0 -9999.0 -9999.0 -9999.0 -9999.0 -9999.0 -9999.0 -9999.0 -9999.0 -9999.0 -9999.0 -9999.0 -9999.0 -9999.0 -9999.0 -9999.0 -9999.0 -9999.0 -9999.0 -9999.0 -9999.0 -9999.0 -9999.0 -9999.0 -9999.0 -9999.0 -9999.0 -9999.0 -9999.0 -9999.0 -9999.0 -9999.0 -9999.0 -9999.0 -9999.0 -9999.0 -9999.0 -9999.0 -9999.0 -9999.0 -9999.0 -9999.0 -9999.0 -9999.0 -9999.0 -9999.0 -9999.0 -9999.0 -9999.0 -9999.0 -9999.0 -9999.0 -9999.0 -9999.0 -9999.0 -9999.0 -9999.0 -9999.0 -9999.0 -9999.0 -9999.0 -9999.0