inst/processing_geotop_simulation/geotop_simulation/out/maps3D/PwL0015N0394.asc
ncols         104
nrows         10
xllcorner     -2.000000
yllcorner     0.000000
cellsize      1.000000
NODATA_value  -9999.0
-9999.0 -9999.0 -9999.0 -9999.0 -9999.0 -9999.0 -9999.0 -9999.0 -9999.0 -9999.0 -9999.0 -9999.0 -9999.0 -9999.0 -9999.0 -9999.0 -9999.0 -9999.0 -9999.0 -9999.0 -9999.0 -9999.0 -9999.0 -9999.0 -9999.0 -9999.0 -9999.0 -9999.0 -9999.0 -9999.0 -9999.0 -9999.0 -9999.0 -9999.0 -9999.0 -9999.0 -9999.0 -9999.0 -9999.0 -9999.0 -9999.0 -9999.0 -9999.0 -9999.0 -9999.0 -9999.0 -9999.0 -9999.0 -9999.0 -9999.0 -9999.0 -9999.0 -9999.0 -9999.0 -9999.0 -9999.0 -9999.0 -9999.0 -9999.0 -9999.0 -9999.0 -9999.0 -9999.0 -9999.0 -9999.0 -9999.0 -9999.0 -9999.0 -9999.0 -9999.0 -9999.0 -9999.0 -9999.0 -9999.0 -9999.0 -9999.0 -9999.0 -9999.0 -9999.0 -9999.0 -9999.0 -9999.0 -9999.0 -9999.0 -9999.0 -9999.0 -9999.0 -9999.0 -9999.0 -9999.0 -9999.0 -9999.0 -9999.0 -9999.0 -9999.0 -9999.0 -9999.0 -9999.0 -9999.0 -9999.0 -9999.0 -9999.0 -9999.0 -9999.0
-9999.0 -9999.0 -9999.0 -9999.0 -9999.0 -9999.0 -9999.0 -9999.0 -9999.0 -9999.0 -9999.0 -9999.0 -9999.0 -9999.0 -9999.0 -9999.0 -9999.0 -9999.0 -9999.0 -9999.0 -9999.0 -9999.0 -9999.0 -9999.0 -9999.0 -9999.0 -9999.0 -9999.0 -9999.0 -9999.0 -9999.0 -9999.0 -9999.0 -9999.0 -9999.0 -9999.0 -9999.0 -9999.0 -9999.0 -9999.0 -9999.0 -9999.0 -9999.0 -9999.0 -9999.0 -9999.0 -9999.0 -9999.0 -9999.0 -9999.0 -9999.0 -9999.0 -9999.0 -9999.0 -9999.0 -9999.0 -9999.0 -9999.0 -9999.0 -9999.0 -9999.0 -9999.0 -9999.0 -9999.0 -9999.0 -9999.0 -9999.0 -9999.0 -9999.0 -9999.0 -9999.0 -9999.0 -9999.0 -9999.0 -9999.0 -9999.0 -9999.0 -9999.0 -9999.0 -9999.0 -9999.0 -9999.0 -9999.0 -9999.0 -9999.0 -9999.0 -9999.0 -9999.0 -9999.0 -9999.0 -9999.0 -9999.0 -9999.0 -9999.0 -9999.0 -9999.0 -9999.0 -9999.0 -9999.0 -9999.0 -9999.0 -9999.0 -9999.0 -9999.0
-9999.0 -9999.0 720.836264 622.100308 523.120474 423.959415 324.711872 225.427216 126.130497 26.835337 -72.447881 -171.716593 -270.963076 -370.167141 -469.293256 -568.286685 -667.047863 -765.669352 -864.287427 -962.688776 -1060.773483 -1157.268232 -1249.802596 -1336.845136 -1416.073382 -1485.563517 -1544.210729 -1591.889937 -1629.343060 -1657.890284 -1679.103118 -1694.541006 -1705.590089 -1713.394618 -1718.851847 -1722.642985 -1725.288044 -1727.252478 -1729.237895 -1732.868676 -1740.681946 -1749.376881 -1878.040395 -4139.329583 -4213.008689 -4185.358468 -4161.820792 -4157.990541 -4157.591433 -4157.632525 -4157.736011 -4157.846739 -4157.952863 -4158.050916 -4158.141461 -4158.244201 -4158.553071 -4160.705918 -4174.123010 -4196.130185 -4047.065683 -1672.201152 -1708.330100 -1732.511966 -1732.196979 -1731.273090 -1731.012690 -1730.960413 -1730.951673 -1730.950726 -1730.951036 -1730.951474 -1730.951857 -1730.952169 -1730.952425 -1730.952639 -1730.952823 -1730.952986 -1730.953135 -1730.953277 -1730.953421 -1730.953577 -1730.953759 -1730.953986 -1730.954290 -1730.954719 -1730.955354 -1730.956328 -1730.957873 -1730.960403 -1730.964682 -1730.972168 -1730.985720 -1731.011083 -1731.060139 -1731.158462 -1731.364351 -1731.820281 -1732.900864 -1735.677242 -1743.565544 -1768.983200 -9999.0 -9999.0
-9999.0 -9999.0 720.840159 622.101609 523.120870 423.959540 324.711913 225.427231 126.130503 26.835339 -72.447880 -171.716592 -270.963076 -370.167141 -469.293256 -568.286686 -667.047864 -765.669352 -864.287427 -962.688776 -1060.773483 -1157.268233 -1249.802596 -1336.845137 -1416.073382 -1485.563517 -1544.210729 -1591.889937 -1629.343060 -1657.890284 -1679.103118 -1694.541006 -1705.590089 -1713.394618 -1718.851847 -1722.642985 -1725.288044 -1727.252478 -1729.237895 -1732.868676 -1740.681946 -1749.376881 -1878.040394 -4139.329583 -4213.008688 -4185.358466 -4161.820792 -4157.990541 -4157.591433 -4157.632525 -4157.736011 -4157.846739 -4157.952863 -4158.050916 -4158.141461 -4158.244201 -4158.553071 -4160.705918 -4174.123010 -4196.130185 -4047.065683 -1672.201152 -1708.330100 -1732.511966 -1732.196979 -1731.273090 -1731.012690 -1730.960413 -1730.951673 -1730.950726 -1730.951036 -1730.951474 -1730.951857 -1730.952169 -1730.952425 -1730.952639 -1730.952823 -1730.952986 -1730.953135 -1730.953277 -1730.953421 -1730.953577 -1730.953759 -1730.953986 -1730.954290 -1730.954719 -1730.955354 -1730.956328 -1730.957873 -1730.960403 -1730.964682 -1730.972168 -1730.985720 -1731.011083 -1731.060139 -1731.158462 -1731.364351 -1731.820281 -1732.900864 -1735.677242 -1743.565544 -1768.983200 -9999.0 -9999.0
-9999.0 -9999.0 720.841386 622.102252 523.121134 423.959639 324.711950 225.427244 126.130508 26.835341 -72.447879 -171.716592 -270.963076 -370.167141 -469.293256 -568.286686 -667.047864 -765.669352 -864.287427 -962.688776 -1060.773483 -1157.268233 -1249.802596 -1336.845137 -1416.073382 -1485.563517 -1544.210729 -1591.889937 -1629.343060 -1657.890284 -1679.103118 -1694.541006 -1705.590089 -1713.394618 -1718.851847 -1722.642985 -1725.288044 -1727.252478 -1729.237895 -1732.868676 -1740.681946 -1749.376881 -1878.040394 -4139.329583 -4213.008688 -4185.358466 -4161.820792 -4157.990541 -4157.591433 -4157.632525 -4157.736011 -4157.846739 -4157.952863 -4158.050916 -4158.141461 -4158.244201 -4158.553071 -4160.705918 -4174.123010 -4196.130185 -4047.065683 -1672.201152 -1708.330100 -1732.511966 -1732.196979 -1731.273090 -1731.012690 -1730.960413 -1730.951673 -1730.950726 -1730.951036 -1730.951474 -1730.951857 -1730.952169 -1730.952425 -1730.952639 -1730.952823 -1730.952986 -1730.953135 -1730.953277 -1730.953421 -1730.953577 -1730.953759 -1730.953986 -1730.954290 -1730.954719 -1730.955354 -1730.956328 -1730.957873 -1730.960403 -1730.964682 -1730.972168 -1730.985720 -1731.011083 -1731.060139 -1731.158462 -1731.364351 -1731.820281 -1732.900864 -1735.677242 -1743.565544 -1768.983200 -9999.0 -9999.0
-9999.0 -9999.0 720.841386 622.102252 523.121134 423.959639 324.711950 225.427244 126.130508 26.835341 -72.447879 -171.716592 -270.963076 -370.167141 -469.293256 -568.286686 -667.047864 -765.669352 -864.287427 -962.688776 -1060.773483 -1157.268233 -1249.802596 -1336.845137 -1416.073382 -1485.563517 -1544.210729 -1591.889937 -1629.343060 -1657.890284 -1679.103118 -1694.541006 -1705.590089 -1713.394618 -1718.851847 -1722.642985 -1725.288044 -1727.252478 -1729.237895 -1732.868676 -1740.681946 -1749.376881 -1878.040394 -4139.329583 -4213.008688 -4185.358466 -4161.820792 -4157.990541 -4157.591433 -4157.632525 -4157.736011 -4157.846739 -4157.952863 -4158.050916 -4158.141461 -4158.244201 -4158.553071 -4160.705918 -4174.123010 -4196.130185 -4047.065683 -1672.201152 -1708.330100 -1732.511966 -1732.196979 -1731.273090 -1731.012690 -1730.960413 -1730.951673 -1730.950726 -1730.951036 -1730.951474 -1730.951857 -1730.952169 -1730.952425 -1730.952639 -1730.952823 -1730.952986 -1730.953135 -1730.953277 -1730.953421 -1730.953577 -1730.953759 -1730.953986 -1730.954290 -1730.954719 -1730.955354 -1730.956328 -1730.957873 -1730.960403 -1730.964682 -1730.972168 -1730.985720 -1731.011083 -1731.060139 -1731.158462 -1731.364351 -1731.820281 -1732.900864 -1735.677242 -1743.565544 -1768.983200 -9999.0 -9999.0
-9999.0 -9999.0 720.840159 622.101609 523.120870 423.959540 324.711913 225.427231 126.130503 26.835339 -72.447880 -171.716592 -270.963076 -370.167141 -469.293256 -568.286685 -667.047864 -765.669352 -864.287427 -962.688776 -1060.773483 -1157.268233 -1249.802596 -1336.845137 -1416.073382 -1485.563517 -1544.210729 -1591.889937 -1629.343060 -1657.890284 -1679.103118 -1694.541006 -1705.590089 -1713.394618 -1718.851847 -1722.642985 -1725.288044 -1727.252478 -1729.237895 -1732.868676 -1740.681946 -1749.376881 -1878.040394 -4139.329583 -4213.008688 -4185.358466 -4161.820792 -4157.990541 -4157.591433 -4157.632525 -4157.736011 -4157.846739 -4157.952863 -4158.050916 -4158.141461 -4158.244201 -4158.553071 -4160.705918 -4174.123010 -4196.130185 -4047.065683 -1672.201152 -1708.330100 -1732.511966 -1732.196979 -1731.273090 -1731.012690 -1730.960413 -1730.951673 -1730.950726 -1730.951036 -1730.951474 -1730.951857 -1730.952169 -1730.952425 -1730.952639 -1730.952823 -1730.952986 -1730.953135 -1730.953277 -1730.953421 -1730.953577 -1730.953759 -1730.953986 -1730.954290 -1730.954719 -1730.955354 -1730.956328 -1730.957873 -1730.960403 -1730.964682 -1730.972168 -1730.985720 -1731.011083 -1731.060139 -1731.158462 -1731.364351 -1731.820281 -1732.900864 -1735.677242 -1743.565544 -1768.983200 -9999.0 -9999.0
-9999.0 -9999.0 720.836264 622.100308 523.120474 423.959415 324.711872 225.427216 126.130497 26.835337 -72.447881 -171.716593 -270.963076 -370.167141 -469.293256 -568.286685 -667.047863 -765.669352 -864.287427 -962.688776 -1060.773483 -1157.268232 -1249.802596 -1336.845136 -1416.073382 -1485.563517 -1544.210729 -1591.889937 -1629.343060 -1657.890284 -1679.103118 -1694.541006 -1705.590089 -1713.394618 -1718.851847 -1722.642985 -1725.288044 -1727.252478 -1729.237895 -1732.868676 -1740.681946 -1749.376881 -1878.040395 -4139.329583 -4213.008689 -4185.358468 -4161.820792 -4157.990541 -4157.591433 -4157.632525 -4157.736011 -4157.846739 -4157.952863 -4158.050916 -4158.141461 -4158.244201 -4158.553071 -4160.705918 -4174.123010 -4196.130185 -4047.065683 -1672.201152 -1708.330100 -1732.511966 -1732.196979 -1731.273090 -1731.012690 -1730.960413 -1730.951673 -1730.950726 -1730.951036 -1730.951474 -1730.951857 -1730.952169 -1730.952425 -1730.952639 -1730.952823 -1730.952986 -1730.953135 -1730.953277 -1730.953421 -1730.953577 -1730.953759 -1730.953986 -1730.954290 -1730.954719 -1730.955354 -1730.956328 -1730.957873 -1730.960403 -1730.964682 -1730.972168 -1730.985720 -1731.011083 -1731.060139 -1731.158462 -1731.364351 -1731.820281 -1732.900864 -1735.677242 -1743.565544 -1768.983200 -9999.0 -9999.0
-9999.0 -9999.0 -9999.0 -9999.0 -9999.0 -9999.0 -9999.0 -9999.0 -9999.0 -9999.0 -9999.0 -9999.0 -9999.0 -9999.0 -9999.0 -9999.0 -9999.0 -9999.0 -9999.0 -9999.0 -9999.0 -9999.0 -9999.0 -9999.0 -9999.0 -9999.0 -9999.0 -9999.0 -9999.0 -9999.0 -9999.0 -9999.0 -9999.0 -9999.0 -9999.0 -9999.0 -9999.0 -9999.0 -9999.0 -9999.0 -9999.0 -9999.0 -9999.0 -9999.0 -9999.0 -9999.0 -9999.0 -9999.0 -9999.0 -9999.0 -9999.0 -9999.0 -9999.0 -9999.0 -9999.0 -9999.0 -9999.0 -9999.0 -9999.0 -9999.0 -9999.0 -9999.0 -9999.0 -9999.0 -9999.0 -9999.0 -9999.0 -9999.0 -9999.0 -9999.0 -9999.0 -9999.0 -9999.0 -9999.0 -9999.0 -9999.0 -9999.0 -9999.0 -9999.0 -9999.0 -9999.0 -9999.0 -9999.0 -9999.0 -9999.0 -9999.0 -9999.0 -9999.0 -9999.0 -9999.0 -9999.0 -9999.0 -9999.0 -9999.0 -9999.0 -9999.0 -9999.0 -9999.0 -9999.0 -9999.0 -9999.0 -9999.0 -9999.0 -9999.0
-9999.0 -9999.0 -9999.0 -9999.0 -9999.0 -9999.0 -9999.0 -9999.0 -9999.0 -9999.0 -9999.0 -9999.0 -9999.0 -9999.0 -9999.0 -9999.0 -9999.0 -9999.0 -9999.0 -9999.0 -9999.0 -9999.0 -9999.0 -9999.0 -9999.0 -9999.0 -9999.0 -9999.0 -9999.0 -9999.0 -9999.0 -9999.0 -9999.0 -9999.0 -9999.0 -9999.0 -9999.0 -9999.0 -9999.0 -9999.0 -9999.0 -9999.0 -9999.0 -9999.0 -9999.0 -9999.0 -9999.0 -9999.0 -9999.0 -9999.0 -9999.0 -9999.0 -9999.0 -9999.0 -9999.0 -9999.0 -9999.0 -9999.0 -9999.0 -9999.0 -9999.0 -9999.0 -9999.0 -9999.0 -9999.0 -9999.0 -9999.0 -9999.0 -9999.0 -9999.0 -9999.0 -9999.0 -9999.0 -9999.0 -9999.0 -9999.0 -9999.0 -9999.0 -9999.0 -9999.0 -9999.0 -9999.0 -9999.0 -9999.0 -9999.0 -9999.0 -9999.0 -9999.0 -9999.0 -9999.0 -9999.0 -9999.0 -9999.0 -9999.0 -9999.0 -9999.0 -9999.0 -9999.0 -9999.0 -9999.0 -9999.0 -9999.0 -9999.0 -9999.0