inst/processing_geotop_simulation/geotop_simulation/out/maps3D/PwL0018N0073.asc
ncols         104
nrows         10
xllcorner     -2.000000
yllcorner     0.000000
cellsize      1.000000
NODATA_value  -9999.0
-9999.0 -9999.0 -9999.0 -9999.0 -9999.0 -9999.0 -9999.0 -9999.0 -9999.0 -9999.0 -9999.0 -9999.0 -9999.0 -9999.0 -9999.0 -9999.0 -9999.0 -9999.0 -9999.0 -9999.0 -9999.0 -9999.0 -9999.0 -9999.0 -9999.0 -9999.0 -9999.0 -9999.0 -9999.0 -9999.0 -9999.0 -9999.0 -9999.0 -9999.0 -9999.0 -9999.0 -9999.0 -9999.0 -9999.0 -9999.0 -9999.0 -9999.0 -9999.0 -9999.0 -9999.0 -9999.0 -9999.0 -9999.0 -9999.0 -9999.0 -9999.0 -9999.0 -9999.0 -9999.0 -9999.0 -9999.0 -9999.0 -9999.0 -9999.0 -9999.0 -9999.0 -9999.0 -9999.0 -9999.0 -9999.0 -9999.0 -9999.0 -9999.0 -9999.0 -9999.0 -9999.0 -9999.0 -9999.0 -9999.0 -9999.0 -9999.0 -9999.0 -9999.0 -9999.0 -9999.0 -9999.0 -9999.0 -9999.0 -9999.0 -9999.0 -9999.0 -9999.0 -9999.0 -9999.0 -9999.0 -9999.0 -9999.0 -9999.0 -9999.0 -9999.0 -9999.0 -9999.0 -9999.0 -9999.0 -9999.0 -9999.0 -9999.0 -9999.0 -9999.0
-9999.0 -9999.0 -9999.0 -9999.0 -9999.0 -9999.0 -9999.0 -9999.0 -9999.0 -9999.0 -9999.0 -9999.0 -9999.0 -9999.0 -9999.0 -9999.0 -9999.0 -9999.0 -9999.0 -9999.0 -9999.0 -9999.0 -9999.0 -9999.0 -9999.0 -9999.0 -9999.0 -9999.0 -9999.0 -9999.0 -9999.0 -9999.0 -9999.0 -9999.0 -9999.0 -9999.0 -9999.0 -9999.0 -9999.0 -9999.0 -9999.0 -9999.0 -9999.0 -9999.0 -9999.0 -9999.0 -9999.0 -9999.0 -9999.0 -9999.0 -9999.0 -9999.0 -9999.0 -9999.0 -9999.0 -9999.0 -9999.0 -9999.0 -9999.0 -9999.0 -9999.0 -9999.0 -9999.0 -9999.0 -9999.0 -9999.0 -9999.0 -9999.0 -9999.0 -9999.0 -9999.0 -9999.0 -9999.0 -9999.0 -9999.0 -9999.0 -9999.0 -9999.0 -9999.0 -9999.0 -9999.0 -9999.0 -9999.0 -9999.0 -9999.0 -9999.0 -9999.0 -9999.0 -9999.0 -9999.0 -9999.0 -9999.0 -9999.0 -9999.0 -9999.0 -9999.0 -9999.0 -9999.0 -9999.0 -9999.0 -9999.0 -9999.0 -9999.0 -9999.0
-9999.0 -9999.0 591.832479 491.963631 392.366198 293.142835 194.368627 96.145087 -1.445915 -98.514085 -195.748076 -294.372028 -395.642067 -498.901264 -599.087726 -685.539054 -744.223949 -778.614699 -798.361773 -854.972448 -908.060972 -958.676857 -1008.139289 -983.923611 -967.011220 -956.418028 -950.497405 -947.693105 -946.792114 -946.946380 -947.606284 -948.439632 -949.262705 -949.986838 -950.580391 -951.045162 -951.410365 -951.739395 -952.109776 -953.103843 -961.945806 -1061.556521 -2149.995026 -4080.660979 -4084.158356 -4084.158416 -4084.158416 -4084.158416 -4084.158416 -4084.158416 -4084.158415 -4084.158411 -4084.158404 -4084.158393 -4084.158373 -4084.158326 -4084.158202 -4084.157834 -4084.156631 -4084.152279 -4078.494944 -2040.098689 -1034.174517 -959.466974 -953.246468 -952.579629 -952.469968 -952.450239 -952.448918 -952.451080 -952.453461 -952.455418 -952.456917 -952.458052 -952.458920 -952.459594 -952.460128 -952.460559 -952.460917 -952.461231 -952.461535 -952.461868 -952.462282 -952.462853 -952.463692 -952.464979 -952.466995 -952.470206 -952.475393 -952.483898 -952.498116 -952.522459 -952.565352 -952.643289 -952.789123 -953.068814 -953.616270 -954.714187 -957.020244 -962.286414 -975.515233 -1009.715502 -9999.0 -9999.0
-9999.0 -9999.0 591.832478 491.963630 392.366197 293.142834 194.368626 96.145087 -1.445916 -98.514085 -195.748076 -294.372028 -395.642067 -498.901264 -599.087727 -685.539054 -744.223949 -778.614699 -798.361773 -854.972448 -908.060972 -958.676857 -1008.139289 -983.923611 -967.011220 -956.418028 -950.497405 -947.693105 -946.792114 -946.946380 -947.606284 -948.439632 -949.262705 -949.986838 -950.580391 -951.045162 -951.410365 -951.739395 -952.109776 -953.103843 -961.945806 -1061.556521 -2149.995025 -4080.660979 -4084.158356 -4084.158416 -4084.158416 -4084.158416 -4084.158416 -4084.158416 -4084.158415 -4084.158411 -4084.158404 -4084.158393 -4084.158373 -4084.158326 -4084.158202 -4084.157834 -4084.156631 -4084.152279 -4078.494944 -2040.098689 -1034.174517 -959.466974 -953.246468 -952.579629 -952.469968 -952.450239 -952.448918 -952.451080 -952.453461 -952.455418 -952.456917 -952.458052 -952.458920 -952.459594 -952.460128 -952.460559 -952.460917 -952.461231 -952.461535 -952.461868 -952.462282 -952.462853 -952.463692 -952.464979 -952.466995 -952.470206 -952.475393 -952.483898 -952.498116 -952.522459 -952.565352 -952.643289 -952.789123 -953.068814 -953.616270 -954.714187 -957.020244 -962.286414 -975.515233 -1009.715502 -9999.0 -9999.0
-9999.0 -9999.0 591.832478 491.963630 392.366197 293.142833 194.368626 96.145087 -1.445916 -98.514085 -195.748076 -294.372028 -395.642067 -498.901264 -599.087727 -685.539054 -744.223949 -778.614699 -798.361773 -854.972448 -908.060972 -958.676857 -1008.139289 -983.923611 -967.011220 -956.418028 -950.497405 -947.693105 -946.792114 -946.946380 -947.606284 -948.439632 -949.262705 -949.986838 -950.580391 -951.045162 -951.410365 -951.739395 -952.109776 -953.103843 -961.945806 -1061.556521 -2149.995025 -4080.660979 -4084.158356 -4084.158416 -4084.158416 -4084.158416 -4084.158416 -4084.158416 -4084.158415 -4084.158411 -4084.158404 -4084.158393 -4084.158373 -4084.158326 -4084.158202 -4084.157834 -4084.156631 -4084.152279 -4078.494944 -2040.098689 -1034.174517 -959.466974 -953.246468 -952.579629 -952.469968 -952.450239 -952.448918 -952.451080 -952.453461 -952.455418 -952.456917 -952.458052 -952.458920 -952.459594 -952.460128 -952.460559 -952.460917 -952.461231 -952.461535 -952.461868 -952.462282 -952.462853 -952.463692 -952.464979 -952.466995 -952.470206 -952.475393 -952.483898 -952.498116 -952.522459 -952.565352 -952.643289 -952.789123 -953.068814 -953.616270 -954.714187 -957.020244 -962.286414 -975.515233 -1009.715502 -9999.0 -9999.0
-9999.0 -9999.0 591.832478 491.963630 392.366197 293.142833 194.368626 96.145087 -1.445916 -98.514086 -195.748076 -294.372028 -395.642067 -498.901264 -599.087727 -685.539054 -744.223949 -778.614699 -798.361773 -854.972448 -908.060972 -958.676857 -1008.139289 -983.923611 -967.011220 -956.418028 -950.497405 -947.693105 -946.792114 -946.946380 -947.606284 -948.439632 -949.262705 -949.986838 -950.580391 -951.045162 -951.410365 -951.739395 -952.109776 -953.103843 -961.945806 -1061.556521 -2149.995025 -4080.660979 -4084.158356 -4084.158416 -4084.158416 -4084.158416 -4084.158416 -4084.158416 -4084.158415 -4084.158411 -4084.158404 -4084.158393 -4084.158373 -4084.158326 -4084.158202 -4084.157834 -4084.156631 -4084.152279 -4078.494944 -2040.098689 -1034.174517 -959.466974 -953.246468 -952.579629 -952.469968 -952.450239 -952.448918 -952.451080 -952.453461 -952.455418 -952.456917 -952.458052 -952.458920 -952.459594 -952.460128 -952.460559 -952.460917 -952.461231 -952.461535 -952.461868 -952.462282 -952.462853 -952.463692 -952.464979 -952.466995 -952.470206 -952.475393 -952.483898 -952.498116 -952.522459 -952.565352 -952.643289 -952.789123 -953.068814 -953.616270 -954.714187 -957.020244 -962.286414 -975.515233 -1009.715502 -9999.0 -9999.0
-9999.0 -9999.0 591.832478 491.963630 392.366197 293.142834 194.368626 96.145087 -1.445916 -98.514085 -195.748076 -294.372028 -395.642067 -498.901264 -599.087726 -685.539054 -744.223949 -778.614699 -798.361773 -854.972448 -908.060972 -958.676857 -1008.139289 -983.923611 -967.011220 -956.418028 -950.497405 -947.693105 -946.792114 -946.946380 -947.606284 -948.439632 -949.262705 -949.986838 -950.580391 -951.045162 -951.410365 -951.739395 -952.109776 -953.103843 -961.945806 -1061.556521 -2149.995025 -4080.660979 -4084.158356 -4084.158416 -4084.158416 -4084.158416 -4084.158416 -4084.158416 -4084.158415 -4084.158411 -4084.158404 -4084.158393 -4084.158373 -4084.158326 -4084.158202 -4084.157834 -4084.156631 -4084.152279 -4078.494944 -2040.098689 -1034.174517 -959.466974 -953.246468 -952.579629 -952.469968 -952.450239 -952.448918 -952.451080 -952.453461 -952.455418 -952.456917 -952.458052 -952.458920 -952.459594 -952.460128 -952.460559 -952.460917 -952.461231 -952.461535 -952.461868 -952.462282 -952.462853 -952.463692 -952.464979 -952.466995 -952.470206 -952.475393 -952.483898 -952.498116 -952.522459 -952.565352 -952.643289 -952.789123 -953.068814 -953.616270 -954.714187 -957.020244 -962.286414 -975.515233 -1009.715502 -9999.0 -9999.0
-9999.0 -9999.0 591.832479 491.963631 392.366198 293.142834 194.368627 96.145087 -1.445915 -98.514085 -195.748076 -294.372028 -395.642067 -498.901264 -599.087726 -685.539054 -744.223949 -778.614699 -798.361773 -854.972448 -908.060972 -958.676857 -1008.139289 -983.923611 -967.011220 -956.418028 -950.497405 -947.693105 -946.792114 -946.946380 -947.606284 -948.439632 -949.262705 -949.986838 -950.580391 -951.045162 -951.410365 -951.739395 -952.109776 -953.103843 -961.945806 -1061.556521 -2149.995026 -4080.660979 -4084.158356 -4084.158416 -4084.158416 -4084.158416 -4084.158416 -4084.158416 -4084.158415 -4084.158411 -4084.158404 -4084.158393 -4084.158373 -4084.158326 -4084.158202 -4084.157834 -4084.156631 -4084.152279 -4078.494944 -2040.098689 -1034.174517 -959.466974 -953.246468 -952.579629 -952.469968 -952.450239 -952.448918 -952.451080 -952.453461 -952.455418 -952.456917 -952.458052 -952.458920 -952.459594 -952.460128 -952.460559 -952.460917 -952.461231 -952.461535 -952.461868 -952.462282 -952.462853 -952.463692 -952.464979 -952.466995 -952.470206 -952.475393 -952.483898 -952.498116 -952.522459 -952.565352 -952.643289 -952.789123 -953.068814 -953.616270 -954.714187 -957.020244 -962.286414 -975.515233 -1009.715502 -9999.0 -9999.0
-9999.0 -9999.0 -9999.0 -9999.0 -9999.0 -9999.0 -9999.0 -9999.0 -9999.0 -9999.0 -9999.0 -9999.0 -9999.0 -9999.0 -9999.0 -9999.0 -9999.0 -9999.0 -9999.0 -9999.0 -9999.0 -9999.0 -9999.0 -9999.0 -9999.0 -9999.0 -9999.0 -9999.0 -9999.0 -9999.0 -9999.0 -9999.0 -9999.0 -9999.0 -9999.0 -9999.0 -9999.0 -9999.0 -9999.0 -9999.0 -9999.0 -9999.0 -9999.0 -9999.0 -9999.0 -9999.0 -9999.0 -9999.0 -9999.0 -9999.0 -9999.0 -9999.0 -9999.0 -9999.0 -9999.0 -9999.0 -9999.0 -9999.0 -9999.0 -9999.0 -9999.0 -9999.0 -9999.0 -9999.0 -9999.0 -9999.0 -9999.0 -9999.0 -9999.0 -9999.0 -9999.0 -9999.0 -9999.0 -9999.0 -9999.0 -9999.0 -9999.0 -9999.0 -9999.0 -9999.0 -9999.0 -9999.0 -9999.0 -9999.0 -9999.0 -9999.0 -9999.0 -9999.0 -9999.0 -9999.0 -9999.0 -9999.0 -9999.0 -9999.0 -9999.0 -9999.0 -9999.0 -9999.0 -9999.0 -9999.0 -9999.0 -9999.0 -9999.0 -9999.0
-9999.0 -9999.0 -9999.0 -9999.0 -9999.0 -9999.0 -9999.0 -9999.0 -9999.0 -9999.0 -9999.0 -9999.0 -9999.0 -9999.0 -9999.0 -9999.0 -9999.0 -9999.0 -9999.0 -9999.0 -9999.0 -9999.0 -9999.0 -9999.0 -9999.0 -9999.0 -9999.0 -9999.0 -9999.0 -9999.0 -9999.0 -9999.0 -9999.0 -9999.0 -9999.0 -9999.0 -9999.0 -9999.0 -9999.0 -9999.0 -9999.0 -9999.0 -9999.0 -9999.0 -9999.0 -9999.0 -9999.0 -9999.0 -9999.0 -9999.0 -9999.0 -9999.0 -9999.0 -9999.0 -9999.0 -9999.0 -9999.0 -9999.0 -9999.0 -9999.0 -9999.0 -9999.0 -9999.0 -9999.0 -9999.0 -9999.0 -9999.0 -9999.0 -9999.0 -9999.0 -9999.0 -9999.0 -9999.0 -9999.0 -9999.0 -9999.0 -9999.0 -9999.0 -9999.0 -9999.0 -9999.0 -9999.0 -9999.0 -9999.0 -9999.0 -9999.0 -9999.0 -9999.0 -9999.0 -9999.0 -9999.0 -9999.0 -9999.0 -9999.0 -9999.0 -9999.0 -9999.0 -9999.0 -9999.0 -9999.0 -9999.0 -9999.0 -9999.0 -9999.0