inst/processing_geotop_simulation/geotop_simulation/out/maps3D/PwL0009N0086.asc
ncols         104
nrows         10
xllcorner     -2.000000
yllcorner     0.000000
cellsize      1.000000
NODATA_value  -9999.0
-9999.0 -9999.0 -9999.0 -9999.0 -9999.0 -9999.0 -9999.0 -9999.0 -9999.0 -9999.0 -9999.0 -9999.0 -9999.0 -9999.0 -9999.0 -9999.0 -9999.0 -9999.0 -9999.0 -9999.0 -9999.0 -9999.0 -9999.0 -9999.0 -9999.0 -9999.0 -9999.0 -9999.0 -9999.0 -9999.0 -9999.0 -9999.0 -9999.0 -9999.0 -9999.0 -9999.0 -9999.0 -9999.0 -9999.0 -9999.0 -9999.0 -9999.0 -9999.0 -9999.0 -9999.0 -9999.0 -9999.0 -9999.0 -9999.0 -9999.0 -9999.0 -9999.0 -9999.0 -9999.0 -9999.0 -9999.0 -9999.0 -9999.0 -9999.0 -9999.0 -9999.0 -9999.0 -9999.0 -9999.0 -9999.0 -9999.0 -9999.0 -9999.0 -9999.0 -9999.0 -9999.0 -9999.0 -9999.0 -9999.0 -9999.0 -9999.0 -9999.0 -9999.0 -9999.0 -9999.0 -9999.0 -9999.0 -9999.0 -9999.0 -9999.0 -9999.0 -9999.0 -9999.0 -9999.0 -9999.0 -9999.0 -9999.0 -9999.0 -9999.0 -9999.0 -9999.0 -9999.0 -9999.0 -9999.0 -9999.0 -9999.0 -9999.0 -9999.0 -9999.0
-9999.0 -9999.0 -9999.0 -9999.0 -9999.0 -9999.0 -9999.0 -9999.0 -9999.0 -9999.0 -9999.0 -9999.0 -9999.0 -9999.0 -9999.0 -9999.0 -9999.0 -9999.0 -9999.0 -9999.0 -9999.0 -9999.0 -9999.0 -9999.0 -9999.0 -9999.0 -9999.0 -9999.0 -9999.0 -9999.0 -9999.0 -9999.0 -9999.0 -9999.0 -9999.0 -9999.0 -9999.0 -9999.0 -9999.0 -9999.0 -9999.0 -9999.0 -9999.0 -9999.0 -9999.0 -9999.0 -9999.0 -9999.0 -9999.0 -9999.0 -9999.0 -9999.0 -9999.0 -9999.0 -9999.0 -9999.0 -9999.0 -9999.0 -9999.0 -9999.0 -9999.0 -9999.0 -9999.0 -9999.0 -9999.0 -9999.0 -9999.0 -9999.0 -9999.0 -9999.0 -9999.0 -9999.0 -9999.0 -9999.0 -9999.0 -9999.0 -9999.0 -9999.0 -9999.0 -9999.0 -9999.0 -9999.0 -9999.0 -9999.0 -9999.0 -9999.0 -9999.0 -9999.0 -9999.0 -9999.0 -9999.0 -9999.0 -9999.0 -9999.0 -9999.0 -9999.0 -9999.0 -9999.0 -9999.0 -9999.0 -9999.0 -9999.0 -9999.0 -9999.0
-9999.0 -9999.0 423.215475 324.842607 225.733195 126.400141 27.106287 -72.087347 -171.348883 -271.451365 -375.319163 -485.964162 -605.113804 -732.270589 -865.668132 -958.648660 -1040.440187 -1110.665539 -1154.891899 -1163.904434 -1161.498281 -1155.732523 -1150.599875 -1147.514619 -1146.584151 -1147.351028 -1149.176198 -1151.454949 -1153.736835 -1155.758888 -1157.413349 -1158.692900 -1159.642040 -1160.323274 -1160.798358 -1161.121972 -1161.349000 -1161.550494 -1161.801062 -1162.586620 -1169.612834 -1229.195033 -1635.349536 -2151.766677 -1927.614476 -1811.098326 -1760.827061 -1754.883799 -1754.294497 -1754.348863 -1754.492072 -1754.645554 -1754.792813 -1754.929039 -1755.054998 -1755.197779 -1755.630245 -1758.816683 -1783.799104 -1842.599868 -1951.018511 -1448.963425 -1207.964010 -1167.282509 -1162.584977 -1162.005160 -1161.907761 -1161.890555 -1161.889631 -1161.891725 -1161.893959 -1161.895778 -1161.897164 -1161.898210 -1161.899006 -1161.899623 -1161.900110 -1161.900502 -1161.900826 -1161.901109 -1161.901382 -1161.901680 -1161.902050 -1161.902559 -1161.903308 -1161.904455 -1161.906252 -1161.909113 -1161.913730 -1161.921296 -1161.933926 -1161.955517 -1161.993482 -1162.062302 -1162.190716 -1162.436069 -1162.913109 -1163.855472 -1165.766497 -1169.840302 -1179.185080 -1203.313725 -9999.0 -9999.0
-9999.0 -9999.0 423.219151 324.843555 225.733465 126.400224 27.106311 -72.087339 -171.348881 -271.451364 -375.319163 -485.964162 -605.113805 -732.270590 -865.668132 -958.648660 -1040.440187 -1110.665539 -1154.891899 -1163.904434 -1161.498281 -1155.732523 -1150.599875 -1147.514619 -1146.584151 -1147.351028 -1149.176198 -1151.454949 -1153.736835 -1155.758888 -1157.413349 -1158.692900 -1159.642040 -1160.323274 -1160.798358 -1161.121972 -1161.349000 -1161.550494 -1161.801062 -1162.586620 -1169.612834 -1229.195033 -1635.349535 -2151.766675 -1927.614474 -1811.098323 -1760.827061 -1754.883799 -1754.294497 -1754.348863 -1754.492072 -1754.645554 -1754.792813 -1754.929039 -1755.054998 -1755.197779 -1755.630245 -1758.816683 -1783.799104 -1842.599868 -1951.018511 -1448.963425 -1207.964010 -1167.282509 -1162.584977 -1162.005160 -1161.907761 -1161.890555 -1161.889631 -1161.891725 -1161.893959 -1161.895778 -1161.897164 -1161.898210 -1161.899006 -1161.899623 -1161.900110 -1161.900502 -1161.900826 -1161.901109 -1161.901382 -1161.901680 -1161.902050 -1161.902559 -1161.903308 -1161.904455 -1161.906252 -1161.909113 -1161.913730 -1161.921296 -1161.933926 -1161.955517 -1161.993482 -1162.062302 -1162.190716 -1162.436069 -1162.913109 -1163.855472 -1165.766497 -1169.840302 -1179.185080 -1203.313725 -9999.0 -9999.0
-9999.0 -9999.0 423.219959 324.843969 225.733634 126.400288 27.106333 -72.087332 -171.348879 -271.451364 -375.319163 -485.964162 -605.113805 -732.270590 -865.668132 -958.648660 -1040.440187 -1110.665539 -1154.891899 -1163.904434 -1161.498281 -1155.732523 -1150.599875 -1147.514619 -1146.584151 -1147.351028 -1149.176198 -1151.454949 -1153.736835 -1155.758888 -1157.413349 -1158.692900 -1159.642040 -1160.323274 -1160.798358 -1161.121972 -1161.349000 -1161.550494 -1161.801062 -1162.586620 -1169.612834 -1229.195033 -1635.349535 -2151.766675 -1927.614474 -1811.098321 -1760.827061 -1754.883799 -1754.294497 -1754.348863 -1754.492072 -1754.645554 -1754.792813 -1754.929039 -1755.054998 -1755.197779 -1755.630245 -1758.816683 -1783.799104 -1842.599868 -1951.018511 -1448.963425 -1207.964010 -1167.282509 -1162.584977 -1162.005160 -1161.907761 -1161.890555 -1161.889631 -1161.891725 -1161.893959 -1161.895778 -1161.897164 -1161.898210 -1161.899006 -1161.899623 -1161.900110 -1161.900502 -1161.900826 -1161.901109 -1161.901382 -1161.901680 -1161.902050 -1161.902559 -1161.903308 -1161.904455 -1161.906252 -1161.909113 -1161.913730 -1161.921296 -1161.933926 -1161.955517 -1161.993482 -1162.062302 -1162.190716 -1162.436069 -1162.913109 -1163.855472 -1165.766497 -1169.840302 -1179.185080 -1203.313725 -9999.0 -9999.0
-9999.0 -9999.0 423.219960 324.843969 225.733634 126.400288 27.106333 -72.087332 -171.348879 -271.451364 -375.319163 -485.964162 -605.113805 -732.270590 -865.668132 -958.648660 -1040.440187 -1110.665539 -1154.891899 -1163.904434 -1161.498281 -1155.732523 -1150.599875 -1147.514619 -1146.584151 -1147.351028 -1149.176198 -1151.454949 -1153.736835 -1155.758888 -1157.413349 -1158.692900 -1159.642040 -1160.323274 -1160.798358 -1161.121972 -1161.349000 -1161.550494 -1161.801062 -1162.586620 -1169.612834 -1229.195033 -1635.349535 -2151.766675 -1927.614474 -1811.098321 -1760.827061 -1754.883799 -1754.294497 -1754.348863 -1754.492072 -1754.645554 -1754.792813 -1754.929039 -1755.054998 -1755.197779 -1755.630245 -1758.816683 -1783.799104 -1842.599868 -1951.018511 -1448.963425 -1207.964010 -1167.282509 -1162.584977 -1162.005160 -1161.907761 -1161.890555 -1161.889631 -1161.891725 -1161.893959 -1161.895778 -1161.897164 -1161.898210 -1161.899006 -1161.899623 -1161.900110 -1161.900502 -1161.900826 -1161.901109 -1161.901382 -1161.901680 -1161.902050 -1161.902559 -1161.903308 -1161.904455 -1161.906252 -1161.909113 -1161.913730 -1161.921296 -1161.933926 -1161.955517 -1161.993482 -1162.062302 -1162.190716 -1162.436069 -1162.913109 -1163.855472 -1165.766497 -1169.840302 -1179.185080 -1203.313725 -9999.0 -9999.0
-9999.0 -9999.0 423.219151 324.843555 225.733465 126.400224 27.106312 -72.087339 -171.348881 -271.451364 -375.319163 -485.964162 -605.113804 -732.270590 -865.668132 -958.648660 -1040.440187 -1110.665539 -1154.891899 -1163.904434 -1161.498281 -1155.732523 -1150.599875 -1147.514619 -1146.584151 -1147.351028 -1149.176198 -1151.454949 -1153.736835 -1155.758888 -1157.413349 -1158.692900 -1159.642040 -1160.323274 -1160.798358 -1161.121972 -1161.349000 -1161.550494 -1161.801062 -1162.586620 -1169.612834 -1229.195033 -1635.349535 -2151.766675 -1927.614474 -1811.098323 -1760.827061 -1754.883799 -1754.294497 -1754.348863 -1754.492072 -1754.645554 -1754.792813 -1754.929039 -1755.054998 -1755.197779 -1755.630245 -1758.816683 -1783.799104 -1842.599868 -1951.018511 -1448.963425 -1207.964010 -1167.282509 -1162.584977 -1162.005160 -1161.907761 -1161.890555 -1161.889631 -1161.891725 -1161.893959 -1161.895778 -1161.897164 -1161.898210 -1161.899006 -1161.899623 -1161.900110 -1161.900502 -1161.900826 -1161.901109 -1161.901382 -1161.901680 -1161.902050 -1161.902559 -1161.903308 -1161.904455 -1161.906252 -1161.909113 -1161.913730 -1161.921296 -1161.933926 -1161.955517 -1161.993482 -1162.062302 -1162.190716 -1162.436069 -1162.913109 -1163.855472 -1165.766497 -1169.840302 -1179.185080 -1203.313725 -9999.0 -9999.0
-9999.0 -9999.0 423.215475 324.842607 225.733195 126.400141 27.106287 -72.087347 -171.348883 -271.451365 -375.319163 -485.964162 -605.113804 -732.270589 -865.668132 -958.648660 -1040.440187 -1110.665539 -1154.891899 -1163.904434 -1161.498281 -1155.732523 -1150.599875 -1147.514619 -1146.584151 -1147.351028 -1149.176198 -1151.454949 -1153.736835 -1155.758888 -1157.413349 -1158.692900 -1159.642040 -1160.323274 -1160.798358 -1161.121972 -1161.349000 -1161.550494 -1161.801062 -1162.586620 -1169.612834 -1229.195033 -1635.349536 -2151.766677 -1927.614476 -1811.098326 -1760.827061 -1754.883799 -1754.294497 -1754.348863 -1754.492072 -1754.645554 -1754.792813 -1754.929039 -1755.054998 -1755.197779 -1755.630245 -1758.816683 -1783.799104 -1842.599868 -1951.018511 -1448.963425 -1207.964010 -1167.282509 -1162.584977 -1162.005160 -1161.907761 -1161.890555 -1161.889631 -1161.891725 -1161.893959 -1161.895778 -1161.897164 -1161.898210 -1161.899006 -1161.899623 -1161.900110 -1161.900502 -1161.900826 -1161.901109 -1161.901382 -1161.901680 -1161.902050 -1161.902559 -1161.903308 -1161.904455 -1161.906252 -1161.909113 -1161.913730 -1161.921296 -1161.933926 -1161.955517 -1161.993482 -1162.062302 -1162.190716 -1162.436069 -1162.913109 -1163.855472 -1165.766497 -1169.840302 -1179.185080 -1203.313725 -9999.0 -9999.0
-9999.0 -9999.0 -9999.0 -9999.0 -9999.0 -9999.0 -9999.0 -9999.0 -9999.0 -9999.0 -9999.0 -9999.0 -9999.0 -9999.0 -9999.0 -9999.0 -9999.0 -9999.0 -9999.0 -9999.0 -9999.0 -9999.0 -9999.0 -9999.0 -9999.0 -9999.0 -9999.0 -9999.0 -9999.0 -9999.0 -9999.0 -9999.0 -9999.0 -9999.0 -9999.0 -9999.0 -9999.0 -9999.0 -9999.0 -9999.0 -9999.0 -9999.0 -9999.0 -9999.0 -9999.0 -9999.0 -9999.0 -9999.0 -9999.0 -9999.0 -9999.0 -9999.0 -9999.0 -9999.0 -9999.0 -9999.0 -9999.0 -9999.0 -9999.0 -9999.0 -9999.0 -9999.0 -9999.0 -9999.0 -9999.0 -9999.0 -9999.0 -9999.0 -9999.0 -9999.0 -9999.0 -9999.0 -9999.0 -9999.0 -9999.0 -9999.0 -9999.0 -9999.0 -9999.0 -9999.0 -9999.0 -9999.0 -9999.0 -9999.0 -9999.0 -9999.0 -9999.0 -9999.0 -9999.0 -9999.0 -9999.0 -9999.0 -9999.0 -9999.0 -9999.0 -9999.0 -9999.0 -9999.0 -9999.0 -9999.0 -9999.0 -9999.0 -9999.0 -9999.0
-9999.0 -9999.0 -9999.0 -9999.0 -9999.0 -9999.0 -9999.0 -9999.0 -9999.0 -9999.0 -9999.0 -9999.0 -9999.0 -9999.0 -9999.0 -9999.0 -9999.0 -9999.0 -9999.0 -9999.0 -9999.0 -9999.0 -9999.0 -9999.0 -9999.0 -9999.0 -9999.0 -9999.0 -9999.0 -9999.0 -9999.0 -9999.0 -9999.0 -9999.0 -9999.0 -9999.0 -9999.0 -9999.0 -9999.0 -9999.0 -9999.0 -9999.0 -9999.0 -9999.0 -9999.0 -9999.0 -9999.0 -9999.0 -9999.0 -9999.0 -9999.0 -9999.0 -9999.0 -9999.0 -9999.0 -9999.0 -9999.0 -9999.0 -9999.0 -9999.0 -9999.0 -9999.0 -9999.0 -9999.0 -9999.0 -9999.0 -9999.0 -9999.0 -9999.0 -9999.0 -9999.0 -9999.0 -9999.0 -9999.0 -9999.0 -9999.0 -9999.0 -9999.0 -9999.0 -9999.0 -9999.0 -9999.0 -9999.0 -9999.0 -9999.0 -9999.0 -9999.0 -9999.0 -9999.0 -9999.0 -9999.0 -9999.0 -9999.0 -9999.0 -9999.0 -9999.0 -9999.0 -9999.0 -9999.0 -9999.0 -9999.0 -9999.0 -9999.0 -9999.0