inst/processing_geotop_simulation/geotop_simulation/out/maps3D/PwL0016N0257.asc
ncols         104
nrows         10
xllcorner     -2.000000
yllcorner     0.000000
cellsize      1.000000
NODATA_value  -9999.0
-9999.0 -9999.0 -9999.0 -9999.0 -9999.0 -9999.0 -9999.0 -9999.0 -9999.0 -9999.0 -9999.0 -9999.0 -9999.0 -9999.0 -9999.0 -9999.0 -9999.0 -9999.0 -9999.0 -9999.0 -9999.0 -9999.0 -9999.0 -9999.0 -9999.0 -9999.0 -9999.0 -9999.0 -9999.0 -9999.0 -9999.0 -9999.0 -9999.0 -9999.0 -9999.0 -9999.0 -9999.0 -9999.0 -9999.0 -9999.0 -9999.0 -9999.0 -9999.0 -9999.0 -9999.0 -9999.0 -9999.0 -9999.0 -9999.0 -9999.0 -9999.0 -9999.0 -9999.0 -9999.0 -9999.0 -9999.0 -9999.0 -9999.0 -9999.0 -9999.0 -9999.0 -9999.0 -9999.0 -9999.0 -9999.0 -9999.0 -9999.0 -9999.0 -9999.0 -9999.0 -9999.0 -9999.0 -9999.0 -9999.0 -9999.0 -9999.0 -9999.0 -9999.0 -9999.0 -9999.0 -9999.0 -9999.0 -9999.0 -9999.0 -9999.0 -9999.0 -9999.0 -9999.0 -9999.0 -9999.0 -9999.0 -9999.0 -9999.0 -9999.0 -9999.0 -9999.0 -9999.0 -9999.0 -9999.0 -9999.0 -9999.0 -9999.0 -9999.0 -9999.0
-9999.0 -9999.0 -9999.0 -9999.0 -9999.0 -9999.0 -9999.0 -9999.0 -9999.0 -9999.0 -9999.0 -9999.0 -9999.0 -9999.0 -9999.0 -9999.0 -9999.0 -9999.0 -9999.0 -9999.0 -9999.0 -9999.0 -9999.0 -9999.0 -9999.0 -9999.0 -9999.0 -9999.0 -9999.0 -9999.0 -9999.0 -9999.0 -9999.0 -9999.0 -9999.0 -9999.0 -9999.0 -9999.0 -9999.0 -9999.0 -9999.0 -9999.0 -9999.0 -9999.0 -9999.0 -9999.0 -9999.0 -9999.0 -9999.0 -9999.0 -9999.0 -9999.0 -9999.0 -9999.0 -9999.0 -9999.0 -9999.0 -9999.0 -9999.0 -9999.0 -9999.0 -9999.0 -9999.0 -9999.0 -9999.0 -9999.0 -9999.0 -9999.0 -9999.0 -9999.0 -9999.0 -9999.0 -9999.0 -9999.0 -9999.0 -9999.0 -9999.0 -9999.0 -9999.0 -9999.0 -9999.0 -9999.0 -9999.0 -9999.0 -9999.0 -9999.0 -9999.0 -9999.0 -9999.0 -9999.0 -9999.0 -9999.0 -9999.0 -9999.0 -9999.0 -9999.0 -9999.0 -9999.0 -9999.0 -9999.0 -9999.0 -9999.0 -9999.0 -9999.0
-9999.0 -9999.0 774.041757 676.653236 578.828697 480.638234 382.267612 283.818452 185.343202 86.869633 -11.583832 -110.003666 -208.379913 -306.666894 -404.775522 -502.556008 -599.740377 -695.920427 -792.567221 -888.695447 -984.071682 -1078.423907 -1163.276078 -1239.438176 -1304.919164 -1358.829264 -1401.442613 -1433.928176 -1457.937286 -1475.230180 -1487.427585 -1495.889027 -1501.683545 -1505.613343 -1508.260332 -1510.038477 -1511.248162 -1512.160807 -1513.297000 -1516.523421 -1528.630099 -1576.957143 -2005.965794 -4139.336774 -4183.164459 -4183.168082 -4183.167950 -4183.167928 -4183.167924 -4183.167916 -4183.167895 -4183.167829 -4183.167717 -4183.167569 -4183.167316 -4183.166815 -4183.165689 -4183.162903 -4183.155471 -4183.126089 -4108.686983 -1858.962355 -1538.852973 -1520.818295 -1515.290379 -1514.002389 -1513.768335 -1513.730670 -1513.725319 -1513.725146 -1513.725731 -1513.726320 -1513.726797 -1513.727168 -1513.727455 -1513.727683 -1513.727865 -1513.728016 -1513.728145 -1513.728262 -1513.728377 -1513.728505 -1513.728663 -1513.728877 -1513.729188 -1513.729659 -1513.730393 -1513.731563 -1513.733464 -1513.736617 -1513.741975 -1513.751341 -1513.768212 -1513.799548 -1513.859475 -1513.977540 -1514.218679 -1514.735898 -1515.917364 -1518.820195 -1526.638449 -1550.975214 -9999.0 -9999.0
-9999.0 -9999.0 774.045804 676.654633 578.829129 480.638371 382.267657 283.818468 185.343207 86.869635 -11.583831 -110.003666 -208.379913 -306.666893 -404.775522 -502.556008 -599.740377 -695.920427 -792.567221 -888.695447 -984.071682 -1078.423908 -1163.276078 -1239.438177 -1304.919164 -1358.829264 -1401.442614 -1433.928176 -1457.937286 -1475.230180 -1487.427585 -1495.889027 -1501.683546 -1505.613343 -1508.260332 -1510.038477 -1511.248162 -1512.160807 -1513.297000 -1516.523421 -1528.630099 -1576.957143 -2005.965794 -4139.336774 -4183.164459 -4183.168082 -4183.167950 -4183.167928 -4183.167924 -4183.167916 -4183.167895 -4183.167829 -4183.167717 -4183.167569 -4183.167316 -4183.166815 -4183.165689 -4183.162903 -4183.155471 -4183.126089 -4108.686983 -1858.962355 -1538.852973 -1520.818295 -1515.290379 -1514.002389 -1513.768335 -1513.730670 -1513.725319 -1513.725146 -1513.725731 -1513.726320 -1513.726797 -1513.727168 -1513.727455 -1513.727683 -1513.727865 -1513.728016 -1513.728145 -1513.728262 -1513.728377 -1513.728505 -1513.728663 -1513.728877 -1513.729188 -1513.729659 -1513.730393 -1513.731563 -1513.733464 -1513.736617 -1513.741975 -1513.751341 -1513.768212 -1513.799548 -1513.859475 -1513.977540 -1514.218679 -1514.735898 -1515.917364 -1518.820195 -1526.638449 -1550.975214 -9999.0 -9999.0
-9999.0 -9999.0 774.047140 676.655337 578.829420 480.638481 382.267697 283.818482 185.343213 86.869637 -11.583830 -110.003665 -208.379912 -306.666893 -404.775522 -502.556008 -599.740377 -695.920427 -792.567221 -888.695447 -984.071682 -1078.423908 -1163.276078 -1239.438177 -1304.919164 -1358.829265 -1401.442614 -1433.928176 -1457.937286 -1475.230180 -1487.427585 -1495.889027 -1501.683546 -1505.613343 -1508.260332 -1510.038477 -1511.248162 -1512.160807 -1513.297000 -1516.523421 -1528.630099 -1576.957143 -2005.965794 -4139.336774 -4183.164459 -4183.168082 -4183.167950 -4183.167928 -4183.167924 -4183.167916 -4183.167895 -4183.167829 -4183.167717 -4183.167569 -4183.167316 -4183.166815 -4183.165689 -4183.162903 -4183.155471 -4183.126089 -4108.686983 -1858.962355 -1538.852973 -1520.818295 -1515.290379 -1514.002389 -1513.768335 -1513.730670 -1513.725319 -1513.725146 -1513.725731 -1513.726320 -1513.726797 -1513.727168 -1513.727455 -1513.727683 -1513.727865 -1513.728016 -1513.728145 -1513.728262 -1513.728377 -1513.728505 -1513.728663 -1513.728877 -1513.729188 -1513.729659 -1513.730393 -1513.731563 -1513.733464 -1513.736617 -1513.741975 -1513.751341 -1513.768212 -1513.799548 -1513.859475 -1513.977540 -1514.218679 -1514.735898 -1515.917364 -1518.820195 -1526.638449 -1550.975214 -9999.0 -9999.0
-9999.0 -9999.0 774.047140 676.655337 578.829420 480.638481 382.267697 283.818482 185.343213 86.869637 -11.583830 -110.003665 -208.379912 -306.666893 -404.775522 -502.556008 -599.740377 -695.920427 -792.567221 -888.695447 -984.071682 -1078.423908 -1163.276078 -1239.438177 -1304.919164 -1358.829265 -1401.442614 -1433.928176 -1457.937286 -1475.230180 -1487.427585 -1495.889027 -1501.683546 -1505.613343 -1508.260332 -1510.038477 -1511.248162 -1512.160807 -1513.297000 -1516.523421 -1528.630099 -1576.957143 -2005.965794 -4139.336774 -4183.164459 -4183.168082 -4183.167950 -4183.167928 -4183.167924 -4183.167916 -4183.167895 -4183.167829 -4183.167717 -4183.167569 -4183.167316 -4183.166815 -4183.165689 -4183.162903 -4183.155471 -4183.126089 -4108.686983 -1858.962355 -1538.852973 -1520.818295 -1515.290379 -1514.002389 -1513.768335 -1513.730670 -1513.725319 -1513.725146 -1513.725731 -1513.726320 -1513.726797 -1513.727168 -1513.727455 -1513.727683 -1513.727865 -1513.728016 -1513.728145 -1513.728262 -1513.728377 -1513.728505 -1513.728663 -1513.728877 -1513.729188 -1513.729659 -1513.730393 -1513.731563 -1513.733464 -1513.736617 -1513.741975 -1513.751341 -1513.768212 -1513.799548 -1513.859475 -1513.977540 -1514.218679 -1514.735898 -1515.917364 -1518.820195 -1526.638449 -1550.975214 -9999.0 -9999.0
-9999.0 -9999.0 774.045804 676.654633 578.829129 480.638371 382.267657 283.818468 185.343207 86.869635 -11.583831 -110.003666 -208.379913 -306.666893 -404.775522 -502.556008 -599.740377 -695.920427 -792.567221 -888.695447 -984.071682 -1078.423908 -1163.276078 -1239.438177 -1304.919164 -1358.829264 -1401.442614 -1433.928176 -1457.937286 -1475.230180 -1487.427585 -1495.889027 -1501.683546 -1505.613343 -1508.260332 -1510.038477 -1511.248162 -1512.160807 -1513.297000 -1516.523421 -1528.630099 -1576.957143 -2005.965794 -4139.336774 -4183.164459 -4183.168082 -4183.167950 -4183.167928 -4183.167924 -4183.167916 -4183.167895 -4183.167829 -4183.167717 -4183.167569 -4183.167316 -4183.166815 -4183.165689 -4183.162903 -4183.155471 -4183.126089 -4108.686983 -1858.962355 -1538.852973 -1520.818295 -1515.290379 -1514.002389 -1513.768335 -1513.730670 -1513.725319 -1513.725146 -1513.725731 -1513.726320 -1513.726797 -1513.727168 -1513.727455 -1513.727683 -1513.727865 -1513.728016 -1513.728145 -1513.728262 -1513.728377 -1513.728505 -1513.728663 -1513.728877 -1513.729188 -1513.729659 -1513.730393 -1513.731563 -1513.733464 -1513.736617 -1513.741975 -1513.751341 -1513.768212 -1513.799548 -1513.859475 -1513.977540 -1514.218679 -1514.735898 -1515.917364 -1518.820195 -1526.638449 -1550.975214 -9999.0 -9999.0
-9999.0 -9999.0 774.041757 676.653236 578.828697 480.638234 382.267612 283.818452 185.343202 86.869633 -11.583832 -110.003666 -208.379913 -306.666894 -404.775522 -502.556008 -599.740377 -695.920427 -792.567221 -888.695447 -984.071682 -1078.423907 -1163.276078 -1239.438176 -1304.919164 -1358.829264 -1401.442613 -1433.928176 -1457.937286 -1475.230180 -1487.427585 -1495.889027 -1501.683545 -1505.613343 -1508.260332 -1510.038477 -1511.248162 -1512.160807 -1513.297000 -1516.523421 -1528.630099 -1576.957143 -2005.965794 -4139.336774 -4183.164459 -4183.168082 -4183.167950 -4183.167928 -4183.167924 -4183.167916 -4183.167895 -4183.167829 -4183.167717 -4183.167569 -4183.167316 -4183.166815 -4183.165689 -4183.162903 -4183.155471 -4183.126089 -4108.686983 -1858.962355 -1538.852973 -1520.818295 -1515.290379 -1514.002389 -1513.768335 -1513.730670 -1513.725319 -1513.725146 -1513.725731 -1513.726320 -1513.726797 -1513.727168 -1513.727455 -1513.727683 -1513.727865 -1513.728016 -1513.728145 -1513.728262 -1513.728377 -1513.728505 -1513.728663 -1513.728877 -1513.729188 -1513.729659 -1513.730393 -1513.731563 -1513.733464 -1513.736617 -1513.741975 -1513.751341 -1513.768212 -1513.799548 -1513.859475 -1513.977540 -1514.218679 -1514.735898 -1515.917364 -1518.820195 -1526.638449 -1550.975214 -9999.0 -9999.0
-9999.0 -9999.0 -9999.0 -9999.0 -9999.0 -9999.0 -9999.0 -9999.0 -9999.0 -9999.0 -9999.0 -9999.0 -9999.0 -9999.0 -9999.0 -9999.0 -9999.0 -9999.0 -9999.0 -9999.0 -9999.0 -9999.0 -9999.0 -9999.0 -9999.0 -9999.0 -9999.0 -9999.0 -9999.0 -9999.0 -9999.0 -9999.0 -9999.0 -9999.0 -9999.0 -9999.0 -9999.0 -9999.0 -9999.0 -9999.0 -9999.0 -9999.0 -9999.0 -9999.0 -9999.0 -9999.0 -9999.0 -9999.0 -9999.0 -9999.0 -9999.0 -9999.0 -9999.0 -9999.0 -9999.0 -9999.0 -9999.0 -9999.0 -9999.0 -9999.0 -9999.0 -9999.0 -9999.0 -9999.0 -9999.0 -9999.0 -9999.0 -9999.0 -9999.0 -9999.0 -9999.0 -9999.0 -9999.0 -9999.0 -9999.0 -9999.0 -9999.0 -9999.0 -9999.0 -9999.0 -9999.0 -9999.0 -9999.0 -9999.0 -9999.0 -9999.0 -9999.0 -9999.0 -9999.0 -9999.0 -9999.0 -9999.0 -9999.0 -9999.0 -9999.0 -9999.0 -9999.0 -9999.0 -9999.0 -9999.0 -9999.0 -9999.0 -9999.0 -9999.0
-9999.0 -9999.0 -9999.0 -9999.0 -9999.0 -9999.0 -9999.0 -9999.0 -9999.0 -9999.0 -9999.0 -9999.0 -9999.0 -9999.0 -9999.0 -9999.0 -9999.0 -9999.0 -9999.0 -9999.0 -9999.0 -9999.0 -9999.0 -9999.0 -9999.0 -9999.0 -9999.0 -9999.0 -9999.0 -9999.0 -9999.0 -9999.0 -9999.0 -9999.0 -9999.0 -9999.0 -9999.0 -9999.0 -9999.0 -9999.0 -9999.0 -9999.0 -9999.0 -9999.0 -9999.0 -9999.0 -9999.0 -9999.0 -9999.0 -9999.0 -9999.0 -9999.0 -9999.0 -9999.0 -9999.0 -9999.0 -9999.0 -9999.0 -9999.0 -9999.0 -9999.0 -9999.0 -9999.0 -9999.0 -9999.0 -9999.0 -9999.0 -9999.0 -9999.0 -9999.0 -9999.0 -9999.0 -9999.0 -9999.0 -9999.0 -9999.0 -9999.0 -9999.0 -9999.0 -9999.0 -9999.0 -9999.0 -9999.0 -9999.0 -9999.0 -9999.0 -9999.0 -9999.0 -9999.0 -9999.0 -9999.0 -9999.0 -9999.0 -9999.0 -9999.0 -9999.0 -9999.0 -9999.0 -9999.0 -9999.0 -9999.0 -9999.0 -9999.0 -9999.0