inst/processing_geotop_simulation/geotop_simulation/out/maps3D/PwL0003N0467.asc
ncols         104
nrows         10
xllcorner     -2.000000
yllcorner     0.000000
cellsize      1.000000
NODATA_value  -9999.0
-9999.0 -9999.0 -9999.0 -9999.0 -9999.0 -9999.0 -9999.0 -9999.0 -9999.0 -9999.0 -9999.0 -9999.0 -9999.0 -9999.0 -9999.0 -9999.0 -9999.0 -9999.0 -9999.0 -9999.0 -9999.0 -9999.0 -9999.0 -9999.0 -9999.0 -9999.0 -9999.0 -9999.0 -9999.0 -9999.0 -9999.0 -9999.0 -9999.0 -9999.0 -9999.0 -9999.0 -9999.0 -9999.0 -9999.0 -9999.0 -9999.0 -9999.0 -9999.0 -9999.0 -9999.0 -9999.0 -9999.0 -9999.0 -9999.0 -9999.0 -9999.0 -9999.0 -9999.0 -9999.0 -9999.0 -9999.0 -9999.0 -9999.0 -9999.0 -9999.0 -9999.0 -9999.0 -9999.0 -9999.0 -9999.0 -9999.0 -9999.0 -9999.0 -9999.0 -9999.0 -9999.0 -9999.0 -9999.0 -9999.0 -9999.0 -9999.0 -9999.0 -9999.0 -9999.0 -9999.0 -9999.0 -9999.0 -9999.0 -9999.0 -9999.0 -9999.0 -9999.0 -9999.0 -9999.0 -9999.0 -9999.0 -9999.0 -9999.0 -9999.0 -9999.0 -9999.0 -9999.0 -9999.0 -9999.0 -9999.0 -9999.0 -9999.0 -9999.0 -9999.0
-9999.0 -9999.0 -9999.0 -9999.0 -9999.0 -9999.0 -9999.0 -9999.0 -9999.0 -9999.0 -9999.0 -9999.0 -9999.0 -9999.0 -9999.0 -9999.0 -9999.0 -9999.0 -9999.0 -9999.0 -9999.0 -9999.0 -9999.0 -9999.0 -9999.0 -9999.0 -9999.0 -9999.0 -9999.0 -9999.0 -9999.0 -9999.0 -9999.0 -9999.0 -9999.0 -9999.0 -9999.0 -9999.0 -9999.0 -9999.0 -9999.0 -9999.0 -9999.0 -9999.0 -9999.0 -9999.0 -9999.0 -9999.0 -9999.0 -9999.0 -9999.0 -9999.0 -9999.0 -9999.0 -9999.0 -9999.0 -9999.0 -9999.0 -9999.0 -9999.0 -9999.0 -9999.0 -9999.0 -9999.0 -9999.0 -9999.0 -9999.0 -9999.0 -9999.0 -9999.0 -9999.0 -9999.0 -9999.0 -9999.0 -9999.0 -9999.0 -9999.0 -9999.0 -9999.0 -9999.0 -9999.0 -9999.0 -9999.0 -9999.0 -9999.0 -9999.0 -9999.0 -9999.0 -9999.0 -9999.0 -9999.0 -9999.0 -9999.0 -9999.0 -9999.0 -9999.0 -9999.0 -9999.0 -9999.0 -9999.0 -9999.0 -9999.0 -9999.0 -9999.0
-9999.0 -9999.0 125.027727 26.804682 -72.296781 -171.629057 -271.047174 -370.497729 -469.953282 -569.395612 -668.796901 -768.126878 -867.391946 -966.563399 -1065.696259 -1164.816919 -1263.716488 -1362.287557 -1460.290304 -1557.216565 -1652.010524 -1742.695320 -1826.365273 -1900.023972 -1961.731757 -2011.138238 -2049.231025 -2077.735859 -2098.575906 -2113.539153 -2124.131698 -2131.546900 -2136.692210 -2140.237836 -2142.668823 -2144.333920 -2145.496488 -2146.421567 -2147.590319 -2149.805109 -2148.271285 -2070.988568 -1263.969040 -1264.294914 -1253.526710 -1246.299013 -1242.896127 -1242.351668 -1242.291420 -1242.296005 -1242.309870 -1242.324877 -1242.339315 -1242.352696 -1242.365193 -1242.380409 -1242.431179 -1242.763335 -1244.596636 -1248.612508 -1253.620709 -1245.479998 -2045.377812 -2142.667646 -2148.517302 -2148.157000 -2147.950396 -2147.903493 -2147.895291 -2147.894345 -2147.894592 -2147.894964 -2147.895285 -2147.895540 -2147.895743 -2147.895906 -2147.896040 -2147.896154 -2147.896254 -2147.896347 -2147.896440 -2147.896544 -2147.896669 -2147.896836 -2147.897073 -2147.897424 -2147.897964 -2147.898817 -2147.900199 -2147.902494 -2147.906414 -2147.913311 -2147.925840 -2147.949319 -2147.994689 -2148.085327 -2148.274061 -2148.689422 -2149.671908 -2152.219953 -2159.641204 -2184.391529 -9999.0 -9999.0
-9999.0 -9999.0 125.036946 26.806449 -72.296337 -171.628928 -271.047133 -370.497714 -469.953277 -569.395610 -668.796900 -768.126877 -867.391945 -966.563399 -1065.696259 -1164.816919 -1263.716488 -1362.287557 -1460.290304 -1557.216566 -1652.010524 -1742.695320 -1826.365273 -1900.023972 -1961.731757 -2011.138238 -2049.231025 -2077.735859 -2098.575906 -2113.539153 -2124.131698 -2131.546900 -2136.692210 -2140.237836 -2142.668823 -2144.333920 -2145.496488 -2146.421567 -2147.590318 -2149.805109 -2148.271285 -2070.988568 -1263.969040 -1264.294914 -1253.526710 -1246.299013 -1242.896127 -1242.351668 -1242.291420 -1242.296005 -1242.309870 -1242.324877 -1242.339315 -1242.352696 -1242.365193 -1242.380409 -1242.431179 -1242.763335 -1244.596636 -1248.612508 -1253.620709 -1245.479998 -2045.377812 -2142.667646 -2148.517302 -2148.157000 -2147.950396 -2147.903493 -2147.895291 -2147.894345 -2147.894592 -2147.894964 -2147.895285 -2147.895540 -2147.895743 -2147.895906 -2147.896040 -2147.896154 -2147.896253 -2147.896347 -2147.896440 -2147.896544 -2147.896669 -2147.896836 -2147.897073 -2147.897424 -2147.897964 -2147.898817 -2147.900199 -2147.902494 -2147.906414 -2147.913311 -2147.925840 -2147.949319 -2147.994689 -2148.085327 -2148.274061 -2148.689422 -2149.671908 -2152.219953 -2159.641204 -2184.391529 -9999.0 -9999.0
-9999.0 -9999.0 125.038096 26.807164 -72.296056 -171.628826 -271.047097 -370.497701 -469.953272 -569.395608 -668.796899 -768.126877 -867.391945 -966.563399 -1065.696259 -1164.816919 -1263.716488 -1362.287557 -1460.290304 -1557.216566 -1652.010524 -1742.695320 -1826.365273 -1900.023972 -1961.731757 -2011.138238 -2049.231025 -2077.735860 -2098.575906 -2113.539153 -2124.131698 -2131.546900 -2136.692210 -2140.237836 -2142.668823 -2144.333920 -2145.496488 -2146.421567 -2147.590318 -2149.805109 -2148.271285 -2070.988568 -1263.969040 -1264.294914 -1253.526710 -1246.299013 -1242.896127 -1242.351668 -1242.291420 -1242.296005 -1242.309870 -1242.324877 -1242.339315 -1242.352696 -1242.365193 -1242.380409 -1242.431179 -1242.763335 -1244.596636 -1248.612508 -1253.620709 -1245.479998 -2045.377812 -2142.667646 -2148.517302 -2148.157000 -2147.950396 -2147.903493 -2147.895291 -2147.894345 -2147.894592 -2147.894964 -2147.895285 -2147.895540 -2147.895743 -2147.895906 -2147.896040 -2147.896154 -2147.896253 -2147.896347 -2147.896440 -2147.896544 -2147.896669 -2147.896836 -2147.897073 -2147.897424 -2147.897964 -2147.898817 -2147.900199 -2147.902494 -2147.906414 -2147.913311 -2147.925840 -2147.949319 -2147.994689 -2148.085327 -2148.274061 -2148.689422 -2149.671908 -2152.219953 -2159.641204 -2184.391529 -9999.0 -9999.0
-9999.0 -9999.0 125.038096 26.807164 -72.296056 -171.628826 -271.047097 -370.497701 -469.953272 -569.395608 -668.796899 -768.126877 -867.391945 -966.563399 -1065.696259 -1164.816919 -1263.716488 -1362.287557 -1460.290304 -1557.216566 -1652.010524 -1742.695320 -1826.365273 -1900.023972 -1961.731757 -2011.138238 -2049.231025 -2077.735860 -2098.575906 -2113.539153 -2124.131698 -2131.546900 -2136.692210 -2140.237836 -2142.668823 -2144.333920 -2145.496488 -2146.421567 -2147.590318 -2149.805109 -2148.271285 -2070.988568 -1263.969040 -1264.294914 -1253.526710 -1246.299013 -1242.896127 -1242.351668 -1242.291420 -1242.296005 -1242.309870 -1242.324877 -1242.339315 -1242.352696 -1242.365193 -1242.380409 -1242.431179 -1242.763335 -1244.596636 -1248.612508 -1253.620709 -1245.479998 -2045.377812 -2142.667646 -2148.517302 -2148.157000 -2147.950396 -2147.903493 -2147.895291 -2147.894345 -2147.894592 -2147.894964 -2147.895285 -2147.895540 -2147.895743 -2147.895906 -2147.896040 -2147.896154 -2147.896253 -2147.896347 -2147.896440 -2147.896544 -2147.896669 -2147.896836 -2147.897073 -2147.897424 -2147.897964 -2147.898817 -2147.900199 -2147.902494 -2147.906414 -2147.913311 -2147.925840 -2147.949319 -2147.994689 -2148.085327 -2148.274061 -2148.689422 -2149.671908 -2152.219953 -2159.641204 -2184.391529 -9999.0 -9999.0
-9999.0 -9999.0 125.036946 26.806449 -72.296337 -171.628928 -271.047133 -370.497714 -469.953277 -569.395610 -668.796900 -768.126877 -867.391945 -966.563399 -1065.696259 -1164.816919 -1263.716488 -1362.287557 -1460.290304 -1557.216566 -1652.010524 -1742.695320 -1826.365273 -1900.023972 -1961.731757 -2011.138238 -2049.231025 -2077.735859 -2098.575906 -2113.539153 -2124.131698 -2131.546900 -2136.692210 -2140.237836 -2142.668823 -2144.333920 -2145.496488 -2146.421567 -2147.590318 -2149.805109 -2148.271285 -2070.988568 -1263.969040 -1264.294914 -1253.526710 -1246.299013 -1242.896127 -1242.351668 -1242.291420 -1242.296005 -1242.309870 -1242.324877 -1242.339315 -1242.352696 -1242.365193 -1242.380409 -1242.431179 -1242.763335 -1244.596636 -1248.612508 -1253.620709 -1245.479998 -2045.377812 -2142.667646 -2148.517302 -2148.157000 -2147.950396 -2147.903493 -2147.895291 -2147.894345 -2147.894592 -2147.894964 -2147.895285 -2147.895540 -2147.895743 -2147.895906 -2147.896040 -2147.896154 -2147.896253 -2147.896347 -2147.896440 -2147.896544 -2147.896669 -2147.896836 -2147.897073 -2147.897424 -2147.897964 -2147.898817 -2147.900199 -2147.902494 -2147.906414 -2147.913311 -2147.925840 -2147.949319 -2147.994689 -2148.085327 -2148.274061 -2148.689422 -2149.671908 -2152.219953 -2159.641204 -2184.391529 -9999.0 -9999.0
-9999.0 -9999.0 125.027727 26.804682 -72.296781 -171.629057 -271.047174 -370.497729 -469.953282 -569.395612 -668.796901 -768.126878 -867.391946 -966.563399 -1065.696259 -1164.816919 -1263.716488 -1362.287557 -1460.290304 -1557.216565 -1652.010524 -1742.695320 -1826.365273 -1900.023972 -1961.731757 -2011.138238 -2049.231025 -2077.735859 -2098.575906 -2113.539153 -2124.131698 -2131.546900 -2136.692210 -2140.237836 -2142.668823 -2144.333920 -2145.496488 -2146.421567 -2147.590319 -2149.805109 -2148.271285 -2070.988568 -1263.969040 -1264.294914 -1253.526710 -1246.299013 -1242.896127 -1242.351668 -1242.291420 -1242.296005 -1242.309870 -1242.324877 -1242.339315 -1242.352696 -1242.365193 -1242.380409 -1242.431179 -1242.763335 -1244.596636 -1248.612508 -1253.620709 -1245.479998 -2045.377812 -2142.667646 -2148.517302 -2148.157000 -2147.950396 -2147.903493 -2147.895291 -2147.894345 -2147.894592 -2147.894964 -2147.895285 -2147.895540 -2147.895743 -2147.895906 -2147.896040 -2147.896154 -2147.896254 -2147.896347 -2147.896440 -2147.896544 -2147.896669 -2147.896836 -2147.897073 -2147.897424 -2147.897964 -2147.898817 -2147.900199 -2147.902494 -2147.906414 -2147.913311 -2147.925840 -2147.949319 -2147.994689 -2148.085327 -2148.274061 -2148.689422 -2149.671908 -2152.219953 -2159.641204 -2184.391529 -9999.0 -9999.0
-9999.0 -9999.0 -9999.0 -9999.0 -9999.0 -9999.0 -9999.0 -9999.0 -9999.0 -9999.0 -9999.0 -9999.0 -9999.0 -9999.0 -9999.0 -9999.0 -9999.0 -9999.0 -9999.0 -9999.0 -9999.0 -9999.0 -9999.0 -9999.0 -9999.0 -9999.0 -9999.0 -9999.0 -9999.0 -9999.0 -9999.0 -9999.0 -9999.0 -9999.0 -9999.0 -9999.0 -9999.0 -9999.0 -9999.0 -9999.0 -9999.0 -9999.0 -9999.0 -9999.0 -9999.0 -9999.0 -9999.0 -9999.0 -9999.0 -9999.0 -9999.0 -9999.0 -9999.0 -9999.0 -9999.0 -9999.0 -9999.0 -9999.0 -9999.0 -9999.0 -9999.0 -9999.0 -9999.0 -9999.0 -9999.0 -9999.0 -9999.0 -9999.0 -9999.0 -9999.0 -9999.0 -9999.0 -9999.0 -9999.0 -9999.0 -9999.0 -9999.0 -9999.0 -9999.0 -9999.0 -9999.0 -9999.0 -9999.0 -9999.0 -9999.0 -9999.0 -9999.0 -9999.0 -9999.0 -9999.0 -9999.0 -9999.0 -9999.0 -9999.0 -9999.0 -9999.0 -9999.0 -9999.0 -9999.0 -9999.0 -9999.0 -9999.0 -9999.0 -9999.0
-9999.0 -9999.0 -9999.0 -9999.0 -9999.0 -9999.0 -9999.0 -9999.0 -9999.0 -9999.0 -9999.0 -9999.0 -9999.0 -9999.0 -9999.0 -9999.0 -9999.0 -9999.0 -9999.0 -9999.0 -9999.0 -9999.0 -9999.0 -9999.0 -9999.0 -9999.0 -9999.0 -9999.0 -9999.0 -9999.0 -9999.0 -9999.0 -9999.0 -9999.0 -9999.0 -9999.0 -9999.0 -9999.0 -9999.0 -9999.0 -9999.0 -9999.0 -9999.0 -9999.0 -9999.0 -9999.0 -9999.0 -9999.0 -9999.0 -9999.0 -9999.0 -9999.0 -9999.0 -9999.0 -9999.0 -9999.0 -9999.0 -9999.0 -9999.0 -9999.0 -9999.0 -9999.0 -9999.0 -9999.0 -9999.0 -9999.0 -9999.0 -9999.0 -9999.0 -9999.0 -9999.0 -9999.0 -9999.0 -9999.0 -9999.0 -9999.0 -9999.0 -9999.0 -9999.0 -9999.0 -9999.0 -9999.0 -9999.0 -9999.0 -9999.0 -9999.0 -9999.0 -9999.0 -9999.0 -9999.0 -9999.0 -9999.0 -9999.0 -9999.0 -9999.0 -9999.0 -9999.0 -9999.0 -9999.0 -9999.0 -9999.0 -9999.0 -9999.0 -9999.0