inst/processing_geotop_simulation/geotop_simulation/out/maps3D/PwL0021N0293.asc
ncols         104
nrows         10
xllcorner     -2.000000
yllcorner     0.000000
cellsize      1.000000
NODATA_value  -9999.0
-9999.0 -9999.0 -9999.0 -9999.0 -9999.0 -9999.0 -9999.0 -9999.0 -9999.0 -9999.0 -9999.0 -9999.0 -9999.0 -9999.0 -9999.0 -9999.0 -9999.0 -9999.0 -9999.0 -9999.0 -9999.0 -9999.0 -9999.0 -9999.0 -9999.0 -9999.0 -9999.0 -9999.0 -9999.0 -9999.0 -9999.0 -9999.0 -9999.0 -9999.0 -9999.0 -9999.0 -9999.0 -9999.0 -9999.0 -9999.0 -9999.0 -9999.0 -9999.0 -9999.0 -9999.0 -9999.0 -9999.0 -9999.0 -9999.0 -9999.0 -9999.0 -9999.0 -9999.0 -9999.0 -9999.0 -9999.0 -9999.0 -9999.0 -9999.0 -9999.0 -9999.0 -9999.0 -9999.0 -9999.0 -9999.0 -9999.0 -9999.0 -9999.0 -9999.0 -9999.0 -9999.0 -9999.0 -9999.0 -9999.0 -9999.0 -9999.0 -9999.0 -9999.0 -9999.0 -9999.0 -9999.0 -9999.0 -9999.0 -9999.0 -9999.0 -9999.0 -9999.0 -9999.0 -9999.0 -9999.0 -9999.0 -9999.0 -9999.0 -9999.0 -9999.0 -9999.0 -9999.0 -9999.0 -9999.0 -9999.0 -9999.0 -9999.0 -9999.0 -9999.0
-9999.0 -9999.0 -9999.0 -9999.0 -9999.0 -9999.0 -9999.0 -9999.0 -9999.0 -9999.0 -9999.0 -9999.0 -9999.0 -9999.0 -9999.0 -9999.0 -9999.0 -9999.0 -9999.0 -9999.0 -9999.0 -9999.0 -9999.0 -9999.0 -9999.0 -9999.0 -9999.0 -9999.0 -9999.0 -9999.0 -9999.0 -9999.0 -9999.0 -9999.0 -9999.0 -9999.0 -9999.0 -9999.0 -9999.0 -9999.0 -9999.0 -9999.0 -9999.0 -9999.0 -9999.0 -9999.0 -9999.0 -9999.0 -9999.0 -9999.0 -9999.0 -9999.0 -9999.0 -9999.0 -9999.0 -9999.0 -9999.0 -9999.0 -9999.0 -9999.0 -9999.0 -9999.0 -9999.0 -9999.0 -9999.0 -9999.0 -9999.0 -9999.0 -9999.0 -9999.0 -9999.0 -9999.0 -9999.0 -9999.0 -9999.0 -9999.0 -9999.0 -9999.0 -9999.0 -9999.0 -9999.0 -9999.0 -9999.0 -9999.0 -9999.0 -9999.0 -9999.0 -9999.0 -9999.0 -9999.0 -9999.0 -9999.0 -9999.0 -9999.0 -9999.0 -9999.0 -9999.0 -9999.0 -9999.0 -9999.0 -9999.0 -9999.0 -9999.0 -9999.0
-9999.0 -9999.0 1020.764325 922.391252 823.942883 725.304695 626.557111 527.760024 428.947707 330.139210 231.345271 132.572100 33.823934 -64.891148 -163.570906 -262.192374 -360.702889 -458.998486 -556.890156 -654.049772 -750.726791 -847.307404 -943.054472 -1037.694316 -1126.303733 -1203.415498 -1270.415901 -1326.353677 -1371.261898 -1406.036306 -1432.126984 -1451.192893 -1464.832435 -1474.429083 -1481.096682 -1485.690282 -1488.857408 -1491.148293 -1493.352823 -1497.656151 -1511.143857 -1559.049546 -1702.862493 -3048.010457 -3927.825476 -3926.585947 -3769.079025 -3318.334973 -2940.850273 -2691.214000 -2516.620774 -2372.117306 -2284.396287 -2227.677223 -2174.975910 -2119.805282 -2060.334945 -1997.493517 -1933.440436 -1869.458299 -1794.295463 -1454.574892 -1516.520111 -1502.869579 -1497.327330 -1495.902306 -1495.619400 -1495.570939 -1495.563635 -1495.563090 -1495.563571 -1495.564116 -1495.564576 -1495.564945 -1495.565243 -1495.565488 -1495.565694 -1495.565874 -1495.566034 -1495.566186 -1495.566338 -1495.566502 -1495.566695 -1495.566941 -1495.567276 -1495.567758 -1495.568482 -1495.569605 -1495.571399 -1495.574348 -1495.579338 -1495.588058 -1495.603806 -1495.633188 -1495.689806 -1495.802777 -1496.038163 -1496.556573 -1497.773965 -1500.832754 -1509.164736 -1534.801616 -9999.0 -9999.0
-9999.0 -9999.0 1020.767061 922.392337 823.943249 725.304817 626.557152 527.760038 428.947713 330.139212 231.345272 132.572101 33.823934 -64.891148 -163.570906 -262.192374 -360.702890 -458.998487 -556.890157 -654.049772 -750.726792 -847.307404 -943.054472 -1037.694316 -1126.303733 -1203.415498 -1270.415901 -1326.353677 -1371.261898 -1406.036306 -1432.126984 -1451.192893 -1464.832435 -1474.429083 -1481.096682 -1485.690282 -1488.857408 -1491.148293 -1493.352823 -1497.656151 -1511.143857 -1559.049546 -1702.862492 -3048.010455 -3927.825476 -3926.585947 -3769.079025 -3318.334972 -2940.850272 -2691.213999 -2516.620772 -2372.117305 -2284.396287 -2227.677223 -2174.975910 -2119.805282 -2060.334945 -1997.493517 -1933.440436 -1869.458299 -1794.295463 -1454.574892 -1516.520111 -1502.869579 -1497.327330 -1495.902306 -1495.619400 -1495.570939 -1495.563635 -1495.563090 -1495.563571 -1495.564116 -1495.564576 -1495.564945 -1495.565243 -1495.565488 -1495.565694 -1495.565874 -1495.566034 -1495.566186 -1495.566338 -1495.566502 -1495.566695 -1495.566941 -1495.567276 -1495.567758 -1495.568482 -1495.569605 -1495.571399 -1495.574348 -1495.579338 -1495.588058 -1495.603806 -1495.633188 -1495.689806 -1495.802777 -1496.038163 -1496.556573 -1497.773965 -1500.832754 -1509.164736 -1534.801616 -9999.0 -9999.0
-9999.0 -9999.0 1020.768166 922.392936 823.943504 725.304915 626.557188 527.760052 428.947718 330.139214 231.345272 132.572101 33.823934 -64.891148 -163.570906 -262.192374 -360.702890 -458.998487 -556.890157 -654.049772 -750.726792 -847.307404 -943.054472 -1037.694316 -1126.303733 -1203.415498 -1270.415901 -1326.353677 -1371.261898 -1406.036306 -1432.126984 -1451.192893 -1464.832435 -1474.429083 -1481.096682 -1485.690282 -1488.857408 -1491.148293 -1493.352823 -1497.656151 -1511.143857 -1559.049546 -1702.862493 -3048.010455 -3927.825476 -3926.585947 -3769.079025 -3318.334971 -2940.850272 -2691.213997 -2516.620770 -2372.117305 -2284.396287 -2227.677223 -2174.975910 -2119.805281 -2060.334945 -1997.493517 -1933.440436 -1869.458299 -1794.295463 -1454.574892 -1516.520111 -1502.869579 -1497.327330 -1495.902306 -1495.619400 -1495.570939 -1495.563635 -1495.563090 -1495.563571 -1495.564116 -1495.564576 -1495.564945 -1495.565243 -1495.565488 -1495.565694 -1495.565874 -1495.566034 -1495.566186 -1495.566338 -1495.566502 -1495.566695 -1495.566941 -1495.567276 -1495.567758 -1495.568482 -1495.569605 -1495.571399 -1495.574348 -1495.579338 -1495.588058 -1495.603806 -1495.633188 -1495.689806 -1495.802777 -1496.038163 -1496.556573 -1497.773965 -1500.832754 -1509.164736 -1534.801616 -9999.0 -9999.0
-9999.0 -9999.0 1020.768166 922.392936 823.943504 725.304915 626.557188 527.760052 428.947718 330.139214 231.345272 132.572101 33.823934 -64.891148 -163.570906 -262.192374 -360.702890 -458.998487 -556.890157 -654.049772 -750.726792 -847.307404 -943.054472 -1037.694316 -1126.303733 -1203.415498 -1270.415901 -1326.353677 -1371.261898 -1406.036306 -1432.126984 -1451.192893 -1464.832435 -1474.429083 -1481.096682 -1485.690282 -1488.857408 -1491.148293 -1493.352823 -1497.656151 -1511.143857 -1559.049546 -1702.862493 -3048.010455 -3927.825476 -3926.585947 -3769.079025 -3318.334971 -2940.850272 -2691.213998 -2516.620770 -2372.117305 -2284.396287 -2227.677223 -2174.975910 -2119.805281 -2060.334944 -1997.493517 -1933.440435 -1869.458299 -1794.295463 -1454.574892 -1516.520111 -1502.869579 -1497.327330 -1495.902306 -1495.619400 -1495.570939 -1495.563635 -1495.563090 -1495.563571 -1495.564116 -1495.564576 -1495.564945 -1495.565243 -1495.565488 -1495.565694 -1495.565874 -1495.566034 -1495.566186 -1495.566338 -1495.566502 -1495.566695 -1495.566941 -1495.567276 -1495.567758 -1495.568482 -1495.569605 -1495.571399 -1495.574348 -1495.579338 -1495.588058 -1495.603806 -1495.633188 -1495.689806 -1495.802777 -1496.038163 -1496.556573 -1497.773965 -1500.832754 -1509.164736 -1534.801616 -9999.0 -9999.0
-9999.0 -9999.0 1020.767061 922.392337 823.943249 725.304817 626.557152 527.760038 428.947713 330.139212 231.345272 132.572101 33.823934 -64.891148 -163.570906 -262.192374 -360.702890 -458.998487 -556.890157 -654.049772 -750.726792 -847.307404 -943.054472 -1037.694316 -1126.303733 -1203.415498 -1270.415901 -1326.353677 -1371.261898 -1406.036306 -1432.126984 -1451.192893 -1464.832435 -1474.429083 -1481.096682 -1485.690282 -1488.857408 -1491.148293 -1493.352823 -1497.656151 -1511.143857 -1559.049546 -1702.862492 -3048.010455 -3927.825476 -3926.585947 -3769.079025 -3318.334972 -2940.850272 -2691.213998 -2516.620771 -2372.117305 -2284.396287 -2227.677223 -2174.975910 -2119.805281 -2060.334945 -1997.493517 -1933.440436 -1869.458299 -1794.295463 -1454.574892 -1516.520111 -1502.869579 -1497.327330 -1495.902306 -1495.619400 -1495.570939 -1495.563635 -1495.563090 -1495.563571 -1495.564116 -1495.564576 -1495.564945 -1495.565243 -1495.565488 -1495.565694 -1495.565874 -1495.566034 -1495.566186 -1495.566338 -1495.566502 -1495.566695 -1495.566941 -1495.567276 -1495.567758 -1495.568482 -1495.569605 -1495.571399 -1495.574348 -1495.579338 -1495.588058 -1495.603806 -1495.633188 -1495.689806 -1495.802777 -1496.038163 -1496.556573 -1497.773965 -1500.832754 -1509.164736 -1534.801616 -9999.0 -9999.0
-9999.0 -9999.0 1020.764325 922.391252 823.942883 725.304695 626.557111 527.760024 428.947707 330.139210 231.345271 132.572100 33.823934 -64.891148 -163.570906 -262.192374 -360.702889 -458.998486 -556.890156 -654.049772 -750.726791 -847.307404 -943.054472 -1037.694316 -1126.303733 -1203.415498 -1270.415901 -1326.353677 -1371.261898 -1406.036306 -1432.126984 -1451.192893 -1464.832435 -1474.429083 -1481.096682 -1485.690282 -1488.857408 -1491.148293 -1493.352823 -1497.656151 -1511.143857 -1559.049546 -1702.862493 -3048.010457 -3927.825476 -3926.585947 -3769.079025 -3318.334973 -2940.850273 -2691.214001 -2516.620774 -2372.117306 -2284.396287 -2227.677223 -2174.975910 -2119.805282 -2060.334945 -1997.493517 -1933.440436 -1869.458299 -1794.295463 -1454.574892 -1516.520111 -1502.869579 -1497.327330 -1495.902306 -1495.619400 -1495.570939 -1495.563635 -1495.563090 -1495.563571 -1495.564116 -1495.564576 -1495.564945 -1495.565243 -1495.565488 -1495.565694 -1495.565874 -1495.566034 -1495.566186 -1495.566338 -1495.566502 -1495.566695 -1495.566941 -1495.567276 -1495.567758 -1495.568482 -1495.569605 -1495.571399 -1495.574348 -1495.579338 -1495.588058 -1495.603806 -1495.633188 -1495.689806 -1495.802777 -1496.038163 -1496.556573 -1497.773965 -1500.832754 -1509.164736 -1534.801616 -9999.0 -9999.0
-9999.0 -9999.0 -9999.0 -9999.0 -9999.0 -9999.0 -9999.0 -9999.0 -9999.0 -9999.0 -9999.0 -9999.0 -9999.0 -9999.0 -9999.0 -9999.0 -9999.0 -9999.0 -9999.0 -9999.0 -9999.0 -9999.0 -9999.0 -9999.0 -9999.0 -9999.0 -9999.0 -9999.0 -9999.0 -9999.0 -9999.0 -9999.0 -9999.0 -9999.0 -9999.0 -9999.0 -9999.0 -9999.0 -9999.0 -9999.0 -9999.0 -9999.0 -9999.0 -9999.0 -9999.0 -9999.0 -9999.0 -9999.0 -9999.0 -9999.0 -9999.0 -9999.0 -9999.0 -9999.0 -9999.0 -9999.0 -9999.0 -9999.0 -9999.0 -9999.0 -9999.0 -9999.0 -9999.0 -9999.0 -9999.0 -9999.0 -9999.0 -9999.0 -9999.0 -9999.0 -9999.0 -9999.0 -9999.0 -9999.0 -9999.0 -9999.0 -9999.0 -9999.0 -9999.0 -9999.0 -9999.0 -9999.0 -9999.0 -9999.0 -9999.0 -9999.0 -9999.0 -9999.0 -9999.0 -9999.0 -9999.0 -9999.0 -9999.0 -9999.0 -9999.0 -9999.0 -9999.0 -9999.0 -9999.0 -9999.0 -9999.0 -9999.0 -9999.0 -9999.0
-9999.0 -9999.0 -9999.0 -9999.0 -9999.0 -9999.0 -9999.0 -9999.0 -9999.0 -9999.0 -9999.0 -9999.0 -9999.0 -9999.0 -9999.0 -9999.0 -9999.0 -9999.0 -9999.0 -9999.0 -9999.0 -9999.0 -9999.0 -9999.0 -9999.0 -9999.0 -9999.0 -9999.0 -9999.0 -9999.0 -9999.0 -9999.0 -9999.0 -9999.0 -9999.0 -9999.0 -9999.0 -9999.0 -9999.0 -9999.0 -9999.0 -9999.0 -9999.0 -9999.0 -9999.0 -9999.0 -9999.0 -9999.0 -9999.0 -9999.0 -9999.0 -9999.0 -9999.0 -9999.0 -9999.0 -9999.0 -9999.0 -9999.0 -9999.0 -9999.0 -9999.0 -9999.0 -9999.0 -9999.0 -9999.0 -9999.0 -9999.0 -9999.0 -9999.0 -9999.0 -9999.0 -9999.0 -9999.0 -9999.0 -9999.0 -9999.0 -9999.0 -9999.0 -9999.0 -9999.0 -9999.0 -9999.0 -9999.0 -9999.0 -9999.0 -9999.0 -9999.0 -9999.0 -9999.0 -9999.0 -9999.0 -9999.0 -9999.0 -9999.0 -9999.0 -9999.0 -9999.0 -9999.0 -9999.0 -9999.0 -9999.0 -9999.0 -9999.0 -9999.0