inst/processing_geotop_simulation/geotop_simulation/out/maps3D/PwL0018N0314.asc
ncols         104
nrows         10
xllcorner     -2.000000
yllcorner     0.000000
cellsize      1.000000
NODATA_value  -9999.0
-9999.0 -9999.0 -9999.0 -9999.0 -9999.0 -9999.0 -9999.0 -9999.0 -9999.0 -9999.0 -9999.0 -9999.0 -9999.0 -9999.0 -9999.0 -9999.0 -9999.0 -9999.0 -9999.0 -9999.0 -9999.0 -9999.0 -9999.0 -9999.0 -9999.0 -9999.0 -9999.0 -9999.0 -9999.0 -9999.0 -9999.0 -9999.0 -9999.0 -9999.0 -9999.0 -9999.0 -9999.0 -9999.0 -9999.0 -9999.0 -9999.0 -9999.0 -9999.0 -9999.0 -9999.0 -9999.0 -9999.0 -9999.0 -9999.0 -9999.0 -9999.0 -9999.0 -9999.0 -9999.0 -9999.0 -9999.0 -9999.0 -9999.0 -9999.0 -9999.0 -9999.0 -9999.0 -9999.0 -9999.0 -9999.0 -9999.0 -9999.0 -9999.0 -9999.0 -9999.0 -9999.0 -9999.0 -9999.0 -9999.0 -9999.0 -9999.0 -9999.0 -9999.0 -9999.0 -9999.0 -9999.0 -9999.0 -9999.0 -9999.0 -9999.0 -9999.0 -9999.0 -9999.0 -9999.0 -9999.0 -9999.0 -9999.0 -9999.0 -9999.0 -9999.0 -9999.0 -9999.0 -9999.0 -9999.0 -9999.0 -9999.0 -9999.0 -9999.0 -9999.0
-9999.0 -9999.0 -9999.0 -9999.0 -9999.0 -9999.0 -9999.0 -9999.0 -9999.0 -9999.0 -9999.0 -9999.0 -9999.0 -9999.0 -9999.0 -9999.0 -9999.0 -9999.0 -9999.0 -9999.0 -9999.0 -9999.0 -9999.0 -9999.0 -9999.0 -9999.0 -9999.0 -9999.0 -9999.0 -9999.0 -9999.0 -9999.0 -9999.0 -9999.0 -9999.0 -9999.0 -9999.0 -9999.0 -9999.0 -9999.0 -9999.0 -9999.0 -9999.0 -9999.0 -9999.0 -9999.0 -9999.0 -9999.0 -9999.0 -9999.0 -9999.0 -9999.0 -9999.0 -9999.0 -9999.0 -9999.0 -9999.0 -9999.0 -9999.0 -9999.0 -9999.0 -9999.0 -9999.0 -9999.0 -9999.0 -9999.0 -9999.0 -9999.0 -9999.0 -9999.0 -9999.0 -9999.0 -9999.0 -9999.0 -9999.0 -9999.0 -9999.0 -9999.0 -9999.0 -9999.0 -9999.0 -9999.0 -9999.0 -9999.0 -9999.0 -9999.0 -9999.0 -9999.0 -9999.0 -9999.0 -9999.0 -9999.0 -9999.0 -9999.0 -9999.0 -9999.0 -9999.0 -9999.0 -9999.0 -9999.0 -9999.0 -9999.0 -9999.0 -9999.0
-9999.0 -9999.0 871.203249 772.841051 674.284570 575.510946 476.624221 377.687642 278.735097 179.784859 80.847056 -18.069734 -116.959434 -215.816180 -314.611006 -413.291115 -511.754949 -609.824101 -707.209596 -804.853203 -902.043216 -998.565793 -1094.147061 -1181.304156 -1260.689099 -1330.314876 -1388.997721 -1436.555180 -1473.719356 -1501.845022 -1522.561494 -1537.486783 -1548.052385 -1555.430255 -1560.529454 -1564.031123 -1566.445970 -1568.220090 -1570.050415 -1573.911871 -1585.681600 -1624.625304 -1950.458560 -4027.654436 -4084.151745 -4084.158342 -4084.156145 -4084.133417 -4084.030470 -4083.708660 -4082.863321 -4080.544823 -4076.888037 -4072.328994 -4065.049454 -4051.694232 -4025.051044 -3970.874068 -3866.900175 -3691.019354 -3344.290983 -1697.048431 -1582.889484 -1577.293219 -1573.130416 -1571.853921 -1571.584410 -1571.536950 -1571.529673 -1571.529088 -1571.529527 -1571.530036 -1571.530465 -1571.530807 -1571.531081 -1571.531304 -1571.531490 -1571.531650 -1571.531793 -1571.531926 -1571.532060 -1571.532206 -1571.532379 -1571.532603 -1571.532912 -1571.533363 -1571.534046 -1571.535114 -1571.536827 -1571.539651 -1571.544442 -1571.552825 -1571.567977 -1571.596256 -1571.650718 -1571.759209 -1571.984513 -1572.478340 -1573.633184 -1576.538658 -1584.549150 -1609.731718 -9999.0 -9999.0
-9999.0 -9999.0 871.206580 772.842270 674.284960 575.511072 476.624264 377.687657 278.735102 179.784861 80.847057 -18.069733 -116.959433 -215.816180 -314.611006 -413.291115 -511.754949 -609.824101 -707.209596 -804.853204 -902.043216 -998.565793 -1094.147061 -1181.304156 -1260.689099 -1330.314876 -1388.997721 -1436.555180 -1473.719356 -1501.845022 -1522.561494 -1537.486783 -1548.052385 -1555.430255 -1560.529454 -1564.031123 -1566.445970 -1568.220090 -1570.050415 -1573.911871 -1585.681600 -1624.625304 -1950.458560 -4027.654436 -4084.151745 -4084.158342 -4084.156145 -4084.133417 -4084.030470 -4083.708660 -4082.863321 -4080.544823 -4076.888037 -4072.328994 -4065.049454 -4051.694232 -4025.051043 -3970.874068 -3866.900174 -3691.019354 -3344.290984 -1697.048431 -1582.889484 -1577.293219 -1573.130416 -1571.853921 -1571.584410 -1571.536950 -1571.529673 -1571.529088 -1571.529527 -1571.530036 -1571.530465 -1571.530807 -1571.531081 -1571.531304 -1571.531490 -1571.531650 -1571.531793 -1571.531926 -1571.532060 -1571.532206 -1571.532379 -1571.532603 -1571.532912 -1571.533363 -1571.534046 -1571.535114 -1571.536827 -1571.539651 -1571.544442 -1571.552825 -1571.567977 -1571.596256 -1571.650718 -1571.759209 -1571.984513 -1572.478340 -1573.633184 -1576.538658 -1584.549150 -1609.731718 -9999.0 -9999.0
-9999.0 -9999.0 871.207780 772.842909 674.285227 575.511173 476.624301 377.687670 278.735107 179.784863 80.847057 -18.069733 -116.959433 -215.816180 -314.611006 -413.291115 -511.754949 -609.824101 -707.209597 -804.853204 -902.043216 -998.565793 -1094.147061 -1181.304156 -1260.689099 -1330.314876 -1388.997722 -1436.555181 -1473.719356 -1501.845022 -1522.561494 -1537.486783 -1548.052385 -1555.430255 -1560.529454 -1564.031123 -1566.445970 -1568.220090 -1570.050415 -1573.911871 -1585.681600 -1624.625304 -1950.458560 -4027.654436 -4084.151745 -4084.158342 -4084.156145 -4084.133417 -4084.030470 -4083.708660 -4082.863321 -4080.544823 -4076.888037 -4072.328994 -4065.049454 -4051.694231 -4025.051043 -3970.874067 -3866.900174 -3691.019353 -3344.290983 -1697.048431 -1582.889484 -1577.293219 -1573.130416 -1571.853921 -1571.584410 -1571.536950 -1571.529673 -1571.529088 -1571.529527 -1571.530036 -1571.530465 -1571.530807 -1571.531081 -1571.531304 -1571.531490 -1571.531650 -1571.531793 -1571.531926 -1571.532060 -1571.532206 -1571.532379 -1571.532603 -1571.532912 -1571.533363 -1571.534046 -1571.535114 -1571.536827 -1571.539651 -1571.544442 -1571.552825 -1571.567977 -1571.596256 -1571.650718 -1571.759209 -1571.984513 -1572.478340 -1573.633184 -1576.538658 -1584.549150 -1609.731718 -9999.0 -9999.0
-9999.0 -9999.0 871.207781 772.842909 674.285227 575.511173 476.624301 377.687670 278.735107 179.784863 80.847057 -18.069733 -116.959433 -215.816180 -314.611006 -413.291115 -511.754949 -609.824101 -707.209597 -804.853204 -902.043216 -998.565793 -1094.147061 -1181.304156 -1260.689099 -1330.314876 -1388.997722 -1436.555181 -1473.719356 -1501.845022 -1522.561494 -1537.486783 -1548.052385 -1555.430255 -1560.529454 -1564.031123 -1566.445970 -1568.220090 -1570.050415 -1573.911871 -1585.681600 -1624.625304 -1950.458560 -4027.654436 -4084.151745 -4084.158342 -4084.156145 -4084.133417 -4084.030470 -4083.708660 -4082.863321 -4080.544823 -4076.888037 -4072.328994 -4065.049454 -4051.694231 -4025.051043 -3970.874067 -3866.900174 -3691.019354 -3344.290983 -1697.048431 -1582.889484 -1577.293219 -1573.130416 -1571.853921 -1571.584410 -1571.536950 -1571.529673 -1571.529088 -1571.529527 -1571.530036 -1571.530465 -1571.530807 -1571.531081 -1571.531304 -1571.531490 -1571.531650 -1571.531793 -1571.531926 -1571.532060 -1571.532206 -1571.532379 -1571.532603 -1571.532912 -1571.533363 -1571.534046 -1571.535114 -1571.536827 -1571.539651 -1571.544442 -1571.552825 -1571.567977 -1571.596256 -1571.650718 -1571.759209 -1571.984513 -1572.478340 -1573.633184 -1576.538658 -1584.549150 -1609.731718 -9999.0 -9999.0
-9999.0 -9999.0 871.206580 772.842270 674.284960 575.511072 476.624263 377.687657 278.735102 179.784861 80.847056 -18.069733 -116.959433 -215.816180 -314.611006 -413.291115 -511.754949 -609.824101 -707.209597 -804.853204 -902.043216 -998.565793 -1094.147061 -1181.304156 -1260.689099 -1330.314876 -1388.997721 -1436.555180 -1473.719356 -1501.845022 -1522.561494 -1537.486783 -1548.052385 -1555.430255 -1560.529454 -1564.031123 -1566.445970 -1568.220090 -1570.050415 -1573.911871 -1585.681600 -1624.625304 -1950.458560 -4027.654436 -4084.151745 -4084.158342 -4084.156145 -4084.133417 -4084.030470 -4083.708660 -4082.863321 -4080.544823 -4076.888037 -4072.328994 -4065.049454 -4051.694231 -4025.051043 -3970.874067 -3866.900175 -3691.019354 -3344.290984 -1697.048431 -1582.889484 -1577.293219 -1573.130416 -1571.853921 -1571.584410 -1571.536950 -1571.529673 -1571.529088 -1571.529527 -1571.530036 -1571.530465 -1571.530807 -1571.531081 -1571.531304 -1571.531490 -1571.531650 -1571.531793 -1571.531926 -1571.532060 -1571.532206 -1571.532379 -1571.532603 -1571.532912 -1571.533363 -1571.534046 -1571.535114 -1571.536827 -1571.539651 -1571.544442 -1571.552825 -1571.567977 -1571.596256 -1571.650718 -1571.759209 -1571.984513 -1572.478340 -1573.633184 -1576.538658 -1584.549150 -1609.731718 -9999.0 -9999.0
-9999.0 -9999.0 871.203249 772.841050 674.284570 575.510946 476.624221 377.687642 278.735097 179.784859 80.847056 -18.069734 -116.959433 -215.816180 -314.611006 -413.291115 -511.754949 -609.824101 -707.209596 -804.853204 -902.043216 -998.565793 -1094.147061 -1181.304156 -1260.689099 -1330.314876 -1388.997721 -1436.555180 -1473.719356 -1501.845022 -1522.561494 -1537.486783 -1548.052385 -1555.430255 -1560.529454 -1564.031123 -1566.445970 -1568.220090 -1570.050415 -1573.911871 -1585.681600 -1624.625304 -1950.458560 -4027.654436 -4084.151745 -4084.158342 -4084.156145 -4084.133417 -4084.030470 -4083.708660 -4082.863321 -4080.544823 -4076.888037 -4072.328994 -4065.049454 -4051.694232 -4025.051043 -3970.874068 -3866.900175 -3691.019354 -3344.290984 -1697.048431 -1582.889484 -1577.293219 -1573.130416 -1571.853921 -1571.584410 -1571.536950 -1571.529673 -1571.529088 -1571.529527 -1571.530036 -1571.530465 -1571.530807 -1571.531081 -1571.531304 -1571.531490 -1571.531650 -1571.531793 -1571.531926 -1571.532060 -1571.532206 -1571.532379 -1571.532603 -1571.532912 -1571.533363 -1571.534046 -1571.535114 -1571.536827 -1571.539651 -1571.544442 -1571.552825 -1571.567977 -1571.596256 -1571.650718 -1571.759209 -1571.984513 -1572.478340 -1573.633184 -1576.538658 -1584.549150 -1609.731718 -9999.0 -9999.0
-9999.0 -9999.0 -9999.0 -9999.0 -9999.0 -9999.0 -9999.0 -9999.0 -9999.0 -9999.0 -9999.0 -9999.0 -9999.0 -9999.0 -9999.0 -9999.0 -9999.0 -9999.0 -9999.0 -9999.0 -9999.0 -9999.0 -9999.0 -9999.0 -9999.0 -9999.0 -9999.0 -9999.0 -9999.0 -9999.0 -9999.0 -9999.0 -9999.0 -9999.0 -9999.0 -9999.0 -9999.0 -9999.0 -9999.0 -9999.0 -9999.0 -9999.0 -9999.0 -9999.0 -9999.0 -9999.0 -9999.0 -9999.0 -9999.0 -9999.0 -9999.0 -9999.0 -9999.0 -9999.0 -9999.0 -9999.0 -9999.0 -9999.0 -9999.0 -9999.0 -9999.0 -9999.0 -9999.0 -9999.0 -9999.0 -9999.0 -9999.0 -9999.0 -9999.0 -9999.0 -9999.0 -9999.0 -9999.0 -9999.0 -9999.0 -9999.0 -9999.0 -9999.0 -9999.0 -9999.0 -9999.0 -9999.0 -9999.0 -9999.0 -9999.0 -9999.0 -9999.0 -9999.0 -9999.0 -9999.0 -9999.0 -9999.0 -9999.0 -9999.0 -9999.0 -9999.0 -9999.0 -9999.0 -9999.0 -9999.0 -9999.0 -9999.0 -9999.0 -9999.0
-9999.0 -9999.0 -9999.0 -9999.0 -9999.0 -9999.0 -9999.0 -9999.0 -9999.0 -9999.0 -9999.0 -9999.0 -9999.0 -9999.0 -9999.0 -9999.0 -9999.0 -9999.0 -9999.0 -9999.0 -9999.0 -9999.0 -9999.0 -9999.0 -9999.0 -9999.0 -9999.0 -9999.0 -9999.0 -9999.0 -9999.0 -9999.0 -9999.0 -9999.0 -9999.0 -9999.0 -9999.0 -9999.0 -9999.0 -9999.0 -9999.0 -9999.0 -9999.0 -9999.0 -9999.0 -9999.0 -9999.0 -9999.0 -9999.0 -9999.0 -9999.0 -9999.0 -9999.0 -9999.0 -9999.0 -9999.0 -9999.0 -9999.0 -9999.0 -9999.0 -9999.0 -9999.0 -9999.0 -9999.0 -9999.0 -9999.0 -9999.0 -9999.0 -9999.0 -9999.0 -9999.0 -9999.0 -9999.0 -9999.0 -9999.0 -9999.0 -9999.0 -9999.0 -9999.0 -9999.0 -9999.0 -9999.0 -9999.0 -9999.0 -9999.0 -9999.0 -9999.0 -9999.0 -9999.0 -9999.0 -9999.0 -9999.0 -9999.0 -9999.0 -9999.0 -9999.0 -9999.0 -9999.0 -9999.0 -9999.0 -9999.0 -9999.0 -9999.0 -9999.0