inst/processing_geotop_simulation/geotop_simulation/out/maps3D/PwL0018N0352.asc
ncols         104
nrows         10
xllcorner     -2.000000
yllcorner     0.000000
cellsize      1.000000
NODATA_value  -9999.0
-9999.0 -9999.0 -9999.0 -9999.0 -9999.0 -9999.0 -9999.0 -9999.0 -9999.0 -9999.0 -9999.0 -9999.0 -9999.0 -9999.0 -9999.0 -9999.0 -9999.0 -9999.0 -9999.0 -9999.0 -9999.0 -9999.0 -9999.0 -9999.0 -9999.0 -9999.0 -9999.0 -9999.0 -9999.0 -9999.0 -9999.0 -9999.0 -9999.0 -9999.0 -9999.0 -9999.0 -9999.0 -9999.0 -9999.0 -9999.0 -9999.0 -9999.0 -9999.0 -9999.0 -9999.0 -9999.0 -9999.0 -9999.0 -9999.0 -9999.0 -9999.0 -9999.0 -9999.0 -9999.0 -9999.0 -9999.0 -9999.0 -9999.0 -9999.0 -9999.0 -9999.0 -9999.0 -9999.0 -9999.0 -9999.0 -9999.0 -9999.0 -9999.0 -9999.0 -9999.0 -9999.0 -9999.0 -9999.0 -9999.0 -9999.0 -9999.0 -9999.0 -9999.0 -9999.0 -9999.0 -9999.0 -9999.0 -9999.0 -9999.0 -9999.0 -9999.0 -9999.0 -9999.0 -9999.0 -9999.0 -9999.0 -9999.0 -9999.0 -9999.0 -9999.0 -9999.0 -9999.0 -9999.0 -9999.0 -9999.0 -9999.0 -9999.0 -9999.0 -9999.0
-9999.0 -9999.0 -9999.0 -9999.0 -9999.0 -9999.0 -9999.0 -9999.0 -9999.0 -9999.0 -9999.0 -9999.0 -9999.0 -9999.0 -9999.0 -9999.0 -9999.0 -9999.0 -9999.0 -9999.0 -9999.0 -9999.0 -9999.0 -9999.0 -9999.0 -9999.0 -9999.0 -9999.0 -9999.0 -9999.0 -9999.0 -9999.0 -9999.0 -9999.0 -9999.0 -9999.0 -9999.0 -9999.0 -9999.0 -9999.0 -9999.0 -9999.0 -9999.0 -9999.0 -9999.0 -9999.0 -9999.0 -9999.0 -9999.0 -9999.0 -9999.0 -9999.0 -9999.0 -9999.0 -9999.0 -9999.0 -9999.0 -9999.0 -9999.0 -9999.0 -9999.0 -9999.0 -9999.0 -9999.0 -9999.0 -9999.0 -9999.0 -9999.0 -9999.0 -9999.0 -9999.0 -9999.0 -9999.0 -9999.0 -9999.0 -9999.0 -9999.0 -9999.0 -9999.0 -9999.0 -9999.0 -9999.0 -9999.0 -9999.0 -9999.0 -9999.0 -9999.0 -9999.0 -9999.0 -9999.0 -9999.0 -9999.0 -9999.0 -9999.0 -9999.0 -9999.0 -9999.0 -9999.0 -9999.0 -9999.0 -9999.0 -9999.0 -9999.0 -9999.0
-9999.0 -9999.0 870.304655 771.639707 672.815986 573.815150 474.722158 375.588630 276.442225 177.297864 78.163817 -20.952714 -120.047078 -219.115417 -318.136305 -417.071802 -515.849197 -614.339681 -712.329550 -810.490423 -908.300732 -1005.582084 -1102.080327 -1191.818849 -1274.803462 -1348.923749 -1412.667337 -1465.416509 -1507.491679 -1539.955823 -1564.296624 -1582.117470 -1594.916662 -1603.971034 -1610.302181 -1614.694689 -1617.748000 -1619.985917 -1622.173947 -1626.237069 -1637.025969 -1667.010801 -1939.063137 -4017.389129 -4084.149334 -4084.158207 -4084.152574 -4084.097207 -4083.855851 -4083.123221 -4081.252055 -4076.276166 -4068.650169 -4059.398340 -4045.092497 -4020.016499 -3973.319365 -3887.486645 -3743.372504 -3533.592443 -3178.099211 -1686.529683 -1624.407630 -1628.598516 -1625.786058 -1624.610966 -1624.333680 -1624.281715 -1624.273374 -1624.272560 -1624.272932 -1624.273411 -1624.273825 -1624.274162 -1624.274438 -1624.274669 -1624.274866 -1624.275041 -1624.275200 -1624.275353 -1624.275507 -1624.275673 -1624.275866 -1624.276107 -1624.276430 -1624.276886 -1624.277560 -1624.278595 -1624.280236 -1624.282921 -1624.287459 -1624.295389 -1624.309726 -1624.336527 -1624.388307 -1624.491977 -1624.708843 -1625.188441 -1626.321166 -1629.204629 -1637.262331 -1662.782665 -9999.0 -9999.0
-9999.0 -9999.0 870.307886 771.640890 672.816365 573.815272 474.722199 375.588644 276.442231 177.297867 78.163818 -20.952714 -120.047078 -219.115417 -318.136305 -417.071802 -515.849197 -614.339681 -712.329551 -810.490423 -908.300732 -1005.582084 -1102.080327 -1191.818850 -1274.803462 -1348.923749 -1412.667337 -1465.416509 -1507.491679 -1539.955823 -1564.296624 -1582.117470 -1594.916662 -1603.971034 -1610.302181 -1614.694689 -1617.748000 -1619.985917 -1622.173947 -1626.237069 -1637.025969 -1667.010801 -1939.063136 -4017.389128 -4084.149334 -4084.158207 -4084.152574 -4084.097207 -4083.855851 -4083.123221 -4081.252055 -4076.276166 -4068.650169 -4059.398340 -4045.092497 -4020.016499 -3973.319365 -3887.486645 -3743.372503 -3533.592443 -3178.099211 -1686.529683 -1624.407630 -1628.598516 -1625.786058 -1624.610966 -1624.333680 -1624.281715 -1624.273374 -1624.272560 -1624.272932 -1624.273411 -1624.273825 -1624.274162 -1624.274438 -1624.274669 -1624.274866 -1624.275041 -1624.275200 -1624.275353 -1624.275507 -1624.275673 -1624.275866 -1624.276107 -1624.276430 -1624.276886 -1624.277560 -1624.278595 -1624.280236 -1624.282921 -1624.287459 -1624.295389 -1624.309726 -1624.336527 -1624.388307 -1624.491977 -1624.708843 -1625.188441 -1626.321166 -1629.204629 -1637.262331 -1662.782665 -9999.0 -9999.0
-9999.0 -9999.0 870.309050 771.641509 672.816624 573.815371 474.722235 375.588658 276.442236 177.297869 78.163819 -20.952713 -120.047078 -219.115417 -318.136305 -417.071803 -515.849197 -614.339681 -712.329551 -810.490423 -908.300732 -1005.582085 -1102.080327 -1191.818850 -1274.803462 -1348.923749 -1412.667337 -1465.416509 -1507.491679 -1539.955823 -1564.296624 -1582.117470 -1594.916662 -1603.971034 -1610.302181 -1614.694689 -1617.748000 -1619.985917 -1622.173947 -1626.237069 -1637.025969 -1667.010801 -1939.063136 -4017.389128 -4084.149334 -4084.158207 -4084.152574 -4084.097207 -4083.855851 -4083.123221 -4081.252055 -4076.276166 -4068.650169 -4059.398340 -4045.092497 -4020.016499 -3973.319365 -3887.486645 -3743.372503 -3533.592443 -3178.099210 -1686.529683 -1624.407630 -1628.598516 -1625.786058 -1624.610966 -1624.333680 -1624.281715 -1624.273374 -1624.272560 -1624.272932 -1624.273411 -1624.273825 -1624.274162 -1624.274438 -1624.274669 -1624.274866 -1624.275041 -1624.275200 -1624.275353 -1624.275507 -1624.275673 -1624.275866 -1624.276107 -1624.276430 -1624.276886 -1624.277560 -1624.278595 -1624.280236 -1624.282921 -1624.287459 -1624.295389 -1624.309726 -1624.336527 -1624.388307 -1624.491977 -1624.708843 -1625.188441 -1626.321166 -1629.204629 -1637.262331 -1662.782665 -9999.0 -9999.0
-9999.0 -9999.0 870.309050 771.641509 672.816624 573.815371 474.722235 375.588658 276.442236 177.297868 78.163819 -20.952713 -120.047078 -219.115417 -318.136305 -417.071803 -515.849197 -614.339681 -712.329551 -810.490423 -908.300732 -1005.582085 -1102.080327 -1191.818850 -1274.803462 -1348.923749 -1412.667337 -1465.416509 -1507.491679 -1539.955823 -1564.296624 -1582.117470 -1594.916662 -1603.971034 -1610.302181 -1614.694689 -1617.748000 -1619.985917 -1622.173947 -1626.237069 -1637.025969 -1667.010801 -1939.063136 -4017.389128 -4084.149334 -4084.158207 -4084.152574 -4084.097207 -4083.855851 -4083.123221 -4081.252055 -4076.276166 -4068.650169 -4059.398340 -4045.092497 -4020.016499 -3973.319365 -3887.486645 -3743.372503 -3533.592443 -3178.099210 -1686.529683 -1624.407630 -1628.598516 -1625.786058 -1624.610966 -1624.333680 -1624.281715 -1624.273374 -1624.272560 -1624.272932 -1624.273411 -1624.273825 -1624.274162 -1624.274438 -1624.274669 -1624.274866 -1624.275041 -1624.275200 -1624.275353 -1624.275507 -1624.275673 -1624.275866 -1624.276107 -1624.276430 -1624.276886 -1624.277560 -1624.278595 -1624.280236 -1624.282921 -1624.287459 -1624.295389 -1624.309726 -1624.336527 -1624.388307 -1624.491977 -1624.708843 -1625.188441 -1626.321166 -1629.204629 -1637.262331 -1662.782665 -9999.0 -9999.0
-9999.0 -9999.0 870.307886 771.640890 672.816365 573.815272 474.722199 375.588644 276.442231 177.297867 78.163818 -20.952714 -120.047078 -219.115417 -318.136305 -417.071802 -515.849197 -614.339681 -712.329551 -810.490423 -908.300732 -1005.582084 -1102.080327 -1191.818850 -1274.803462 -1348.923749 -1412.667337 -1465.416509 -1507.491679 -1539.955823 -1564.296624 -1582.117470 -1594.916662 -1603.971034 -1610.302181 -1614.694689 -1617.748000 -1619.985917 -1622.173947 -1626.237069 -1637.025969 -1667.010801 -1939.063136 -4017.389128 -4084.149334 -4084.158207 -4084.152574 -4084.097207 -4083.855851 -4083.123221 -4081.252055 -4076.276166 -4068.650169 -4059.398340 -4045.092497 -4020.016499 -3973.319365 -3887.486645 -3743.372504 -3533.592443 -3178.099211 -1686.529683 -1624.407630 -1628.598516 -1625.786058 -1624.610966 -1624.333680 -1624.281715 -1624.273374 -1624.272560 -1624.272932 -1624.273411 -1624.273825 -1624.274162 -1624.274438 -1624.274669 -1624.274866 -1624.275041 -1624.275200 -1624.275353 -1624.275507 -1624.275673 -1624.275866 -1624.276107 -1624.276430 -1624.276886 -1624.277560 -1624.278595 -1624.280236 -1624.282921 -1624.287459 -1624.295389 -1624.309726 -1624.336527 -1624.388307 -1624.491977 -1624.708843 -1625.188441 -1626.321166 -1629.204629 -1637.262331 -1662.782665 -9999.0 -9999.0
-9999.0 -9999.0 870.304655 771.639707 672.815986 573.815150 474.722158 375.588630 276.442225 177.297864 78.163817 -20.952714 -120.047078 -219.115417 -318.136305 -417.071802 -515.849197 -614.339681 -712.329550 -810.490423 -908.300732 -1005.582084 -1102.080327 -1191.818849 -1274.803462 -1348.923749 -1412.667337 -1465.416509 -1507.491679 -1539.955823 -1564.296624 -1582.117470 -1594.916662 -1603.971034 -1610.302181 -1614.694689 -1617.748000 -1619.985917 -1622.173947 -1626.237069 -1637.025969 -1667.010801 -1939.063137 -4017.389129 -4084.149334 -4084.158207 -4084.152574 -4084.097207 -4083.855851 -4083.123221 -4081.252055 -4076.276166 -4068.650169 -4059.398340 -4045.092497 -4020.016499 -3973.319365 -3887.486646 -3743.372504 -3533.592444 -3178.099212 -1686.529683 -1624.407630 -1628.598516 -1625.786058 -1624.610966 -1624.333680 -1624.281715 -1624.273374 -1624.272560 -1624.272932 -1624.273411 -1624.273825 -1624.274162 -1624.274438 -1624.274669 -1624.274866 -1624.275041 -1624.275200 -1624.275353 -1624.275507 -1624.275673 -1624.275866 -1624.276107 -1624.276430 -1624.276886 -1624.277560 -1624.278595 -1624.280236 -1624.282921 -1624.287459 -1624.295389 -1624.309726 -1624.336527 -1624.388307 -1624.491977 -1624.708843 -1625.188441 -1626.321166 -1629.204629 -1637.262331 -1662.782665 -9999.0 -9999.0
-9999.0 -9999.0 -9999.0 -9999.0 -9999.0 -9999.0 -9999.0 -9999.0 -9999.0 -9999.0 -9999.0 -9999.0 -9999.0 -9999.0 -9999.0 -9999.0 -9999.0 -9999.0 -9999.0 -9999.0 -9999.0 -9999.0 -9999.0 -9999.0 -9999.0 -9999.0 -9999.0 -9999.0 -9999.0 -9999.0 -9999.0 -9999.0 -9999.0 -9999.0 -9999.0 -9999.0 -9999.0 -9999.0 -9999.0 -9999.0 -9999.0 -9999.0 -9999.0 -9999.0 -9999.0 -9999.0 -9999.0 -9999.0 -9999.0 -9999.0 -9999.0 -9999.0 -9999.0 -9999.0 -9999.0 -9999.0 -9999.0 -9999.0 -9999.0 -9999.0 -9999.0 -9999.0 -9999.0 -9999.0 -9999.0 -9999.0 -9999.0 -9999.0 -9999.0 -9999.0 -9999.0 -9999.0 -9999.0 -9999.0 -9999.0 -9999.0 -9999.0 -9999.0 -9999.0 -9999.0 -9999.0 -9999.0 -9999.0 -9999.0 -9999.0 -9999.0 -9999.0 -9999.0 -9999.0 -9999.0 -9999.0 -9999.0 -9999.0 -9999.0 -9999.0 -9999.0 -9999.0 -9999.0 -9999.0 -9999.0 -9999.0 -9999.0 -9999.0 -9999.0
-9999.0 -9999.0 -9999.0 -9999.0 -9999.0 -9999.0 -9999.0 -9999.0 -9999.0 -9999.0 -9999.0 -9999.0 -9999.0 -9999.0 -9999.0 -9999.0 -9999.0 -9999.0 -9999.0 -9999.0 -9999.0 -9999.0 -9999.0 -9999.0 -9999.0 -9999.0 -9999.0 -9999.0 -9999.0 -9999.0 -9999.0 -9999.0 -9999.0 -9999.0 -9999.0 -9999.0 -9999.0 -9999.0 -9999.0 -9999.0 -9999.0 -9999.0 -9999.0 -9999.0 -9999.0 -9999.0 -9999.0 -9999.0 -9999.0 -9999.0 -9999.0 -9999.0 -9999.0 -9999.0 -9999.0 -9999.0 -9999.0 -9999.0 -9999.0 -9999.0 -9999.0 -9999.0 -9999.0 -9999.0 -9999.0 -9999.0 -9999.0 -9999.0 -9999.0 -9999.0 -9999.0 -9999.0 -9999.0 -9999.0 -9999.0 -9999.0 -9999.0 -9999.0 -9999.0 -9999.0 -9999.0 -9999.0 -9999.0 -9999.0 -9999.0 -9999.0 -9999.0 -9999.0 -9999.0 -9999.0 -9999.0 -9999.0 -9999.0 -9999.0 -9999.0 -9999.0 -9999.0 -9999.0 -9999.0 -9999.0 -9999.0 -9999.0 -9999.0 -9999.0