inst/processing_geotop_simulation/geotop_simulation/out/maps3D/PwL0003N0440.asc
ncols         104
nrows         10
xllcorner     -2.000000
yllcorner     0.000000
cellsize      1.000000
NODATA_value  -9999.0
-9999.0 -9999.0 -9999.0 -9999.0 -9999.0 -9999.0 -9999.0 -9999.0 -9999.0 -9999.0 -9999.0 -9999.0 -9999.0 -9999.0 -9999.0 -9999.0 -9999.0 -9999.0 -9999.0 -9999.0 -9999.0 -9999.0 -9999.0 -9999.0 -9999.0 -9999.0 -9999.0 -9999.0 -9999.0 -9999.0 -9999.0 -9999.0 -9999.0 -9999.0 -9999.0 -9999.0 -9999.0 -9999.0 -9999.0 -9999.0 -9999.0 -9999.0 -9999.0 -9999.0 -9999.0 -9999.0 -9999.0 -9999.0 -9999.0 -9999.0 -9999.0 -9999.0 -9999.0 -9999.0 -9999.0 -9999.0 -9999.0 -9999.0 -9999.0 -9999.0 -9999.0 -9999.0 -9999.0 -9999.0 -9999.0 -9999.0 -9999.0 -9999.0 -9999.0 -9999.0 -9999.0 -9999.0 -9999.0 -9999.0 -9999.0 -9999.0 -9999.0 -9999.0 -9999.0 -9999.0 -9999.0 -9999.0 -9999.0 -9999.0 -9999.0 -9999.0 -9999.0 -9999.0 -9999.0 -9999.0 -9999.0 -9999.0 -9999.0 -9999.0 -9999.0 -9999.0 -9999.0 -9999.0 -9999.0 -9999.0 -9999.0 -9999.0 -9999.0 -9999.0
-9999.0 -9999.0 -9999.0 -9999.0 -9999.0 -9999.0 -9999.0 -9999.0 -9999.0 -9999.0 -9999.0 -9999.0 -9999.0 -9999.0 -9999.0 -9999.0 -9999.0 -9999.0 -9999.0 -9999.0 -9999.0 -9999.0 -9999.0 -9999.0 -9999.0 -9999.0 -9999.0 -9999.0 -9999.0 -9999.0 -9999.0 -9999.0 -9999.0 -9999.0 -9999.0 -9999.0 -9999.0 -9999.0 -9999.0 -9999.0 -9999.0 -9999.0 -9999.0 -9999.0 -9999.0 -9999.0 -9999.0 -9999.0 -9999.0 -9999.0 -9999.0 -9999.0 -9999.0 -9999.0 -9999.0 -9999.0 -9999.0 -9999.0 -9999.0 -9999.0 -9999.0 -9999.0 -9999.0 -9999.0 -9999.0 -9999.0 -9999.0 -9999.0 -9999.0 -9999.0 -9999.0 -9999.0 -9999.0 -9999.0 -9999.0 -9999.0 -9999.0 -9999.0 -9999.0 -9999.0 -9999.0 -9999.0 -9999.0 -9999.0 -9999.0 -9999.0 -9999.0 -9999.0 -9999.0 -9999.0 -9999.0 -9999.0 -9999.0 -9999.0 -9999.0 -9999.0 -9999.0 -9999.0 -9999.0 -9999.0 -9999.0 -9999.0 -9999.0 -9999.0
-9999.0 -9999.0 125.154456 27.110275 -71.900490 -171.165274 -270.524520 -369.919214 -469.318912 -568.703088 -668.039449 -767.291216 -866.465976 -965.528529 -1064.544970 -1163.548212 -1262.283506 -1360.614574 -1458.240710 -1554.546263 -1648.302677 -1737.298481 -1818.470305 -1888.927929 -1947.085271 -1993.001686 -2027.967223 -2053.854476 -2072.608768 -2085.967947 -2095.358334 -2101.889713 -2106.394672 -2109.481615 -2111.586974 -2113.022267 -2114.022047 -2114.827063 -2115.904445 -2118.165964 -2117.831896 -2046.587342 -1250.316072 -1250.906451 -1240.024331 -1232.756988 -1229.337036 -1228.793887 -1228.734092 -1228.738852 -1228.752872 -1228.768032 -1228.782615 -1228.796128 -1228.808739 -1228.823995 -1228.874411 -1229.205073 -1231.045253 -1235.085656 -1240.220876 -1231.740729 -2021.306912 -2112.057386 -2116.804861 -2116.328933 -2116.119057 -2116.073959 -2116.066317 -2116.065503 -2116.065789 -2116.066179 -2116.066511 -2116.066773 -2116.066979 -2116.067144 -2116.067278 -2116.067390 -2116.067488 -2116.067578 -2116.067669 -2116.067769 -2116.067893 -2116.068059 -2116.068296 -2116.068652 -2116.069203 -2116.070079 -2116.071501 -2116.073866 -2116.077905 -2116.085009 -2116.097900 -2116.122022 -2116.168538 -2116.261169 -2116.453153 -2116.873028 -2117.858661 -2120.393432 -2127.727080 -2152.193029 -9999.0 -9999.0
-9999.0 -9999.0 125.163841 27.112075 -71.900038 -171.165142 -270.524478 -369.919200 -469.318906 -568.703085 -668.039447 -767.291215 -866.465976 -965.528529 -1064.544970 -1163.548212 -1262.283506 -1360.614574 -1458.240710 -1554.546263 -1648.302677 -1737.298481 -1818.470306 -1888.927929 -1947.085271 -1993.001686 -2027.967223 -2053.854476 -2072.608768 -2085.967947 -2095.358334 -2101.889713 -2106.394672 -2109.481615 -2111.586973 -2113.022267 -2114.022047 -2114.827062 -2115.904445 -2118.165964 -2117.831896 -2046.587342 -1250.316071 -1250.906451 -1240.024331 -1232.756988 -1229.337036 -1228.793887 -1228.734092 -1228.738852 -1228.752872 -1228.768032 -1228.782615 -1228.796128 -1228.808739 -1228.823995 -1228.874411 -1229.205073 -1231.045253 -1235.085656 -1240.220876 -1231.740729 -2021.306912 -2112.057386 -2116.804861 -2116.328933 -2116.119057 -2116.073958 -2116.066317 -2116.065503 -2116.065789 -2116.066179 -2116.066511 -2116.066773 -2116.066979 -2116.067144 -2116.067278 -2116.067390 -2116.067488 -2116.067578 -2116.067669 -2116.067769 -2116.067893 -2116.068059 -2116.068296 -2116.068652 -2116.069203 -2116.070079 -2116.071501 -2116.073866 -2116.077905 -2116.085009 -2116.097900 -2116.122022 -2116.168538 -2116.261169 -2116.453153 -2116.873028 -2117.858661 -2120.393432 -2127.727080 -2152.193029 -9999.0 -9999.0
-9999.0 -9999.0 125.165013 27.112802 -71.899751 -171.165039 -270.524441 -369.919187 -469.318901 -568.703083 -668.039447 -767.291214 -866.465976 -965.528529 -1064.544970 -1163.548212 -1262.283507 -1360.614574 -1458.240711 -1554.546263 -1648.302677 -1737.298482 -1818.470306 -1888.927929 -1947.085271 -1993.001686 -2027.967223 -2053.854476 -2072.608768 -2085.967947 -2095.358334 -2101.889713 -2106.394672 -2109.481615 -2111.586973 -2113.022267 -2114.022047 -2114.827062 -2115.904445 -2118.165964 -2117.831896 -2046.587342 -1250.316071 -1250.906451 -1240.024331 -1232.756988 -1229.337035 -1228.793887 -1228.734092 -1228.738852 -1228.752872 -1228.768032 -1228.782615 -1228.796128 -1228.808739 -1228.823995 -1228.874411 -1229.205073 -1231.045253 -1235.085656 -1240.220876 -1231.740729 -2021.306912 -2112.057386 -2116.804861 -2116.328933 -2116.119057 -2116.073958 -2116.066317 -2116.065503 -2116.065789 -2116.066179 -2116.066511 -2116.066773 -2116.066979 -2116.067144 -2116.067278 -2116.067390 -2116.067488 -2116.067578 -2116.067669 -2116.067769 -2116.067893 -2116.068059 -2116.068296 -2116.068652 -2116.069203 -2116.070079 -2116.071501 -2116.073866 -2116.077905 -2116.085009 -2116.097900 -2116.122022 -2116.168538 -2116.261169 -2116.453153 -2116.873028 -2117.858661 -2120.393432 -2127.727080 -2152.193029 -9999.0 -9999.0
-9999.0 -9999.0 125.165013 27.112802 -71.899751 -171.165039 -270.524441 -369.919187 -469.318901 -568.703083 -668.039447 -767.291215 -866.465976 -965.528529 -1064.544970 -1163.548212 -1262.283506 -1360.614574 -1458.240711 -1554.546263 -1648.302677 -1737.298482 -1818.470306 -1888.927929 -1947.085271 -1993.001686 -2027.967223 -2053.854476 -2072.608768 -2085.967947 -2095.358334 -2101.889713 -2106.394672 -2109.481615 -2111.586973 -2113.022267 -2114.022047 -2114.827062 -2115.904445 -2118.165964 -2117.831896 -2046.587342 -1250.316071 -1250.906451 -1240.024331 -1232.756988 -1229.337035 -1228.793887 -1228.734092 -1228.738852 -1228.752872 -1228.768032 -1228.782615 -1228.796128 -1228.808739 -1228.823995 -1228.874411 -1229.205073 -1231.045253 -1235.085656 -1240.220876 -1231.740729 -2021.306912 -2112.057386 -2116.804861 -2116.328933 -2116.119057 -2116.073958 -2116.066317 -2116.065503 -2116.065789 -2116.066179 -2116.066511 -2116.066773 -2116.066979 -2116.067144 -2116.067278 -2116.067390 -2116.067488 -2116.067578 -2116.067669 -2116.067769 -2116.067893 -2116.068059 -2116.068296 -2116.068652 -2116.069203 -2116.070079 -2116.071501 -2116.073866 -2116.077905 -2116.085009 -2116.097900 -2116.122022 -2116.168538 -2116.261169 -2116.453153 -2116.873028 -2117.858661 -2120.393432 -2127.727080 -2152.193029 -9999.0 -9999.0
-9999.0 -9999.0 125.163841 27.112075 -71.900038 -171.165142 -270.524478 -369.919200 -469.318906 -568.703085 -668.039447 -767.291215 -866.465976 -965.528529 -1064.544970 -1163.548212 -1262.283506 -1360.614574 -1458.240710 -1554.546263 -1648.302677 -1737.298481 -1818.470306 -1888.927929 -1947.085271 -1993.001686 -2027.967223 -2053.854476 -2072.608768 -2085.967947 -2095.358334 -2101.889713 -2106.394672 -2109.481615 -2111.586973 -2113.022267 -2114.022047 -2114.827062 -2115.904445 -2118.165964 -2117.831896 -2046.587342 -1250.316071 -1250.906451 -1240.024331 -1232.756988 -1229.337036 -1228.793887 -1228.734092 -1228.738852 -1228.752872 -1228.768032 -1228.782615 -1228.796128 -1228.808739 -1228.823995 -1228.874411 -1229.205073 -1231.045253 -1235.085656 -1240.220876 -1231.740729 -2021.306912 -2112.057386 -2116.804861 -2116.328933 -2116.119057 -2116.073958 -2116.066317 -2116.065503 -2116.065789 -2116.066179 -2116.066511 -2116.066773 -2116.066979 -2116.067144 -2116.067278 -2116.067390 -2116.067488 -2116.067578 -2116.067669 -2116.067769 -2116.067893 -2116.068059 -2116.068296 -2116.068652 -2116.069203 -2116.070079 -2116.071501 -2116.073866 -2116.077905 -2116.085009 -2116.097900 -2116.122022 -2116.168538 -2116.261169 -2116.453153 -2116.873028 -2117.858661 -2120.393432 -2127.727080 -2152.193029 -9999.0 -9999.0
-9999.0 -9999.0 125.154456 27.110275 -71.900490 -171.165274 -270.524520 -369.919214 -469.318912 -568.703088 -668.039449 -767.291216 -866.465976 -965.528529 -1064.544970 -1163.548212 -1262.283506 -1360.614574 -1458.240710 -1554.546263 -1648.302677 -1737.298481 -1818.470305 -1888.927929 -1947.085271 -1993.001686 -2027.967223 -2053.854476 -2072.608768 -2085.967947 -2095.358334 -2101.889713 -2106.394672 -2109.481615 -2111.586974 -2113.022267 -2114.022047 -2114.827063 -2115.904445 -2118.165964 -2117.831896 -2046.587342 -1250.316072 -1250.906451 -1240.024331 -1232.756988 -1229.337036 -1228.793887 -1228.734092 -1228.738852 -1228.752872 -1228.768032 -1228.782615 -1228.796128 -1228.808739 -1228.823995 -1228.874411 -1229.205073 -1231.045253 -1235.085656 -1240.220876 -1231.740729 -2021.306912 -2112.057386 -2116.804861 -2116.328933 -2116.119057 -2116.073959 -2116.066317 -2116.065503 -2116.065789 -2116.066179 -2116.066511 -2116.066773 -2116.066979 -2116.067144 -2116.067278 -2116.067390 -2116.067488 -2116.067578 -2116.067669 -2116.067769 -2116.067893 -2116.068059 -2116.068296 -2116.068652 -2116.069203 -2116.070079 -2116.071501 -2116.073866 -2116.077905 -2116.085009 -2116.097900 -2116.122022 -2116.168538 -2116.261169 -2116.453153 -2116.873028 -2117.858661 -2120.393432 -2127.727080 -2152.193029 -9999.0 -9999.0
-9999.0 -9999.0 -9999.0 -9999.0 -9999.0 -9999.0 -9999.0 -9999.0 -9999.0 -9999.0 -9999.0 -9999.0 -9999.0 -9999.0 -9999.0 -9999.0 -9999.0 -9999.0 -9999.0 -9999.0 -9999.0 -9999.0 -9999.0 -9999.0 -9999.0 -9999.0 -9999.0 -9999.0 -9999.0 -9999.0 -9999.0 -9999.0 -9999.0 -9999.0 -9999.0 -9999.0 -9999.0 -9999.0 -9999.0 -9999.0 -9999.0 -9999.0 -9999.0 -9999.0 -9999.0 -9999.0 -9999.0 -9999.0 -9999.0 -9999.0 -9999.0 -9999.0 -9999.0 -9999.0 -9999.0 -9999.0 -9999.0 -9999.0 -9999.0 -9999.0 -9999.0 -9999.0 -9999.0 -9999.0 -9999.0 -9999.0 -9999.0 -9999.0 -9999.0 -9999.0 -9999.0 -9999.0 -9999.0 -9999.0 -9999.0 -9999.0 -9999.0 -9999.0 -9999.0 -9999.0 -9999.0 -9999.0 -9999.0 -9999.0 -9999.0 -9999.0 -9999.0 -9999.0 -9999.0 -9999.0 -9999.0 -9999.0 -9999.0 -9999.0 -9999.0 -9999.0 -9999.0 -9999.0 -9999.0 -9999.0 -9999.0 -9999.0 -9999.0 -9999.0
-9999.0 -9999.0 -9999.0 -9999.0 -9999.0 -9999.0 -9999.0 -9999.0 -9999.0 -9999.0 -9999.0 -9999.0 -9999.0 -9999.0 -9999.0 -9999.0 -9999.0 -9999.0 -9999.0 -9999.0 -9999.0 -9999.0 -9999.0 -9999.0 -9999.0 -9999.0 -9999.0 -9999.0 -9999.0 -9999.0 -9999.0 -9999.0 -9999.0 -9999.0 -9999.0 -9999.0 -9999.0 -9999.0 -9999.0 -9999.0 -9999.0 -9999.0 -9999.0 -9999.0 -9999.0 -9999.0 -9999.0 -9999.0 -9999.0 -9999.0 -9999.0 -9999.0 -9999.0 -9999.0 -9999.0 -9999.0 -9999.0 -9999.0 -9999.0 -9999.0 -9999.0 -9999.0 -9999.0 -9999.0 -9999.0 -9999.0 -9999.0 -9999.0 -9999.0 -9999.0 -9999.0 -9999.0 -9999.0 -9999.0 -9999.0 -9999.0 -9999.0 -9999.0 -9999.0 -9999.0 -9999.0 -9999.0 -9999.0 -9999.0 -9999.0 -9999.0 -9999.0 -9999.0 -9999.0 -9999.0 -9999.0 -9999.0 -9999.0 -9999.0 -9999.0 -9999.0 -9999.0 -9999.0 -9999.0 -9999.0 -9999.0 -9999.0 -9999.0 -9999.0