inst/processing_geotop_simulation/geotop_simulation/out/maps3D/PwL0020N0214.asc
ncols         104
nrows         10
xllcorner     -2.000000
yllcorner     0.000000
cellsize      1.000000
NODATA_value  -9999.0
-9999.0 -9999.0 -9999.0 -9999.0 -9999.0 -9999.0 -9999.0 -9999.0 -9999.0 -9999.0 -9999.0 -9999.0 -9999.0 -9999.0 -9999.0 -9999.0 -9999.0 -9999.0 -9999.0 -9999.0 -9999.0 -9999.0 -9999.0 -9999.0 -9999.0 -9999.0 -9999.0 -9999.0 -9999.0 -9999.0 -9999.0 -9999.0 -9999.0 -9999.0 -9999.0 -9999.0 -9999.0 -9999.0 -9999.0 -9999.0 -9999.0 -9999.0 -9999.0 -9999.0 -9999.0 -9999.0 -9999.0 -9999.0 -9999.0 -9999.0 -9999.0 -9999.0 -9999.0 -9999.0 -9999.0 -9999.0 -9999.0 -9999.0 -9999.0 -9999.0 -9999.0 -9999.0 -9999.0 -9999.0 -9999.0 -9999.0 -9999.0 -9999.0 -9999.0 -9999.0 -9999.0 -9999.0 -9999.0 -9999.0 -9999.0 -9999.0 -9999.0 -9999.0 -9999.0 -9999.0 -9999.0 -9999.0 -9999.0 -9999.0 -9999.0 -9999.0 -9999.0 -9999.0 -9999.0 -9999.0 -9999.0 -9999.0 -9999.0 -9999.0 -9999.0 -9999.0 -9999.0 -9999.0 -9999.0 -9999.0 -9999.0 -9999.0 -9999.0 -9999.0
-9999.0 -9999.0 -9999.0 -9999.0 -9999.0 -9999.0 -9999.0 -9999.0 -9999.0 -9999.0 -9999.0 -9999.0 -9999.0 -9999.0 -9999.0 -9999.0 -9999.0 -9999.0 -9999.0 -9999.0 -9999.0 -9999.0 -9999.0 -9999.0 -9999.0 -9999.0 -9999.0 -9999.0 -9999.0 -9999.0 -9999.0 -9999.0 -9999.0 -9999.0 -9999.0 -9999.0 -9999.0 -9999.0 -9999.0 -9999.0 -9999.0 -9999.0 -9999.0 -9999.0 -9999.0 -9999.0 -9999.0 -9999.0 -9999.0 -9999.0 -9999.0 -9999.0 -9999.0 -9999.0 -9999.0 -9999.0 -9999.0 -9999.0 -9999.0 -9999.0 -9999.0 -9999.0 -9999.0 -9999.0 -9999.0 -9999.0 -9999.0 -9999.0 -9999.0 -9999.0 -9999.0 -9999.0 -9999.0 -9999.0 -9999.0 -9999.0 -9999.0 -9999.0 -9999.0 -9999.0 -9999.0 -9999.0 -9999.0 -9999.0 -9999.0 -9999.0 -9999.0 -9999.0 -9999.0 -9999.0 -9999.0 -9999.0 -9999.0 -9999.0 -9999.0 -9999.0 -9999.0 -9999.0 -9999.0 -9999.0 -9999.0 -9999.0 -9999.0 -9999.0
-9999.0 -9999.0 975.852696 878.936170 781.806995 684.301199 586.585018 488.773575 390.931231 293.093312 195.279520 97.500976 -0.233828 -97.908338 -195.507279 -292.960696 -390.128573 -486.760865 -582.447471 -676.493488 -771.059615 -864.524008 -956.640902 -1047.185933 -1120.666965 -1183.089733 -1233.846015 -1273.441729 -1303.203815 -1324.872767 -1340.240245 -1350.913095 -1358.206955 -1363.132343 -1366.430831 -1368.631262 -1370.112558 -1371.194757 -1372.427800 -1375.846955 -1390.034861 -1457.153527 -1844.388846 -3924.662750 -3985.129015 -3985.129658 -3984.487808 -3977.488520 -3946.345813 -3863.661425 -3713.291804 -3485.941975 -3299.645403 -3164.248226 -3031.433785 -2889.039179 -2736.033084 -2579.210253 -2427.308206 -2284.384446 -2132.313381 -1518.711202 -1416.703483 -1382.440604 -1374.829935 -1373.403874 -1373.171714 -1373.136328 -1373.131521 -1373.131541 -1373.132249 -1373.132929 -1373.133476 -1373.133901 -1373.134230 -1373.134490 -1373.134699 -1373.134872 -1373.135018 -1373.135151 -1373.135281 -1373.135424 -1373.135600 -1373.135840 -1373.136187 -1373.136713 -1373.137533 -1373.138840 -1373.140963 -1373.144480 -1373.150449 -1373.160864 -1373.179593 -1373.214320 -1373.280637 -1373.411140 -1373.677577 -1374.249861 -1375.560918 -1378.775043 -1387.246385 -1412.430052 -9999.0 -9999.0
-9999.0 -9999.0 975.855849 878.937390 781.807399 684.301332 586.585063 488.773591 390.931237 293.093315 195.279521 97.500977 -0.233828 -97.908338 -195.507279 -292.960695 -390.128573 -486.760865 -582.447471 -676.493488 -771.059615 -864.524008 -956.640902 -1047.185934 -1120.666966 -1183.089733 -1233.846015 -1273.441729 -1303.203815 -1324.872768 -1340.240245 -1350.913095 -1358.206955 -1363.132343 -1366.430831 -1368.631262 -1370.112558 -1371.194757 -1372.427800 -1375.846955 -1390.034861 -1457.153527 -1844.388845 -3924.662750 -3985.129015 -3985.129658 -3984.487808 -3977.488520 -3946.345813 -3863.661425 -3713.291802 -3485.941974 -3299.645403 -3164.248226 -3031.433784 -2889.039179 -2736.033083 -2579.210253 -2427.308205 -2284.384446 -2132.313381 -1518.711202 -1416.703483 -1382.440604 -1374.829935 -1373.403874 -1373.171714 -1373.136328 -1373.131521 -1373.131541 -1373.132249 -1373.132929 -1373.133476 -1373.133901 -1373.134230 -1373.134490 -1373.134699 -1373.134872 -1373.135018 -1373.135151 -1373.135281 -1373.135424 -1373.135600 -1373.135840 -1373.136187 -1373.136713 -1373.137533 -1373.138840 -1373.140963 -1373.144480 -1373.150449 -1373.160864 -1373.179593 -1373.214320 -1373.280637 -1373.411140 -1373.677577 -1374.249861 -1375.560918 -1378.775043 -1387.246385 -1412.430052 -9999.0 -9999.0
-9999.0 -9999.0 975.857077 878.938052 781.807679 684.301440 586.585102 488.773606 390.931242 293.093317 195.279522 97.500977 -0.233828 -97.908338 -195.507279 -292.960696 -390.128573 -486.760865 -582.447471 -676.493488 -771.059615 -864.524008 -956.640902 -1047.185934 -1120.666966 -1183.089733 -1233.846016 -1273.441729 -1303.203815 -1324.872768 -1340.240245 -1350.913095 -1358.206955 -1363.132343 -1366.430831 -1368.631262 -1370.112558 -1371.194757 -1372.427800 -1375.846955 -1390.034861 -1457.153527 -1844.388845 -3924.662750 -3985.129015 -3985.129658 -3984.487808 -3977.488520 -3946.345813 -3863.661424 -3713.291800 -3485.941973 -3299.645403 -3164.248226 -3031.433784 -2889.039178 -2736.033083 -2579.210252 -2427.308205 -2284.384446 -2132.313380 -1518.711202 -1416.703483 -1382.440604 -1374.829935 -1373.403874 -1373.171714 -1373.136328 -1373.131521 -1373.131541 -1373.132249 -1373.132929 -1373.133476 -1373.133901 -1373.134230 -1373.134490 -1373.134699 -1373.134872 -1373.135018 -1373.135151 -1373.135281 -1373.135424 -1373.135600 -1373.135840 -1373.136187 -1373.136713 -1373.137533 -1373.138840 -1373.140963 -1373.144480 -1373.150449 -1373.160864 -1373.179593 -1373.214320 -1373.280637 -1373.411140 -1373.677577 -1374.249861 -1375.560918 -1378.775043 -1387.246385 -1412.430052 -9999.0 -9999.0
-9999.0 -9999.0 975.857077 878.938052 781.807679 684.301440 586.585103 488.773605 390.931242 293.093317 195.279522 97.500977 -0.233828 -97.908338 -195.507279 -292.960695 -390.128573 -486.760865 -582.447471 -676.493488 -771.059615 -864.524008 -956.640902 -1047.185934 -1120.666966 -1183.089733 -1233.846016 -1273.441729 -1303.203815 -1324.872768 -1340.240245 -1350.913095 -1358.206955 -1363.132343 -1366.430831 -1368.631262 -1370.112558 -1371.194757 -1372.427800 -1375.846955 -1390.034861 -1457.153527 -1844.388845 -3924.662750 -3985.129015 -3985.129658 -3984.487808 -3977.488520 -3946.345813 -3863.661424 -3713.291800 -3485.941973 -3299.645403 -3164.248226 -3031.433784 -2889.039179 -2736.033082 -2579.210253 -2427.308205 -2284.384446 -2132.313381 -1518.711202 -1416.703483 -1382.440604 -1374.829935 -1373.403874 -1373.171714 -1373.136328 -1373.131521 -1373.131541 -1373.132249 -1373.132929 -1373.133476 -1373.133901 -1373.134230 -1373.134490 -1373.134699 -1373.134872 -1373.135018 -1373.135151 -1373.135281 -1373.135424 -1373.135600 -1373.135840 -1373.136187 -1373.136713 -1373.137533 -1373.138840 -1373.140963 -1373.144480 -1373.150449 -1373.160864 -1373.179593 -1373.214320 -1373.280637 -1373.411140 -1373.677577 -1374.249861 -1375.560918 -1378.775043 -1387.246385 -1412.430052 -9999.0 -9999.0
-9999.0 -9999.0 975.855849 878.937390 781.807399 684.301332 586.585063 488.773591 390.931237 293.093315 195.279521 97.500977 -0.233828 -97.908338 -195.507279 -292.960696 -390.128573 -486.760865 -582.447471 -676.493488 -771.059615 -864.524008 -956.640902 -1047.185934 -1120.666966 -1183.089733 -1233.846015 -1273.441729 -1303.203815 -1324.872768 -1340.240245 -1350.913095 -1358.206955 -1363.132343 -1366.430831 -1368.631262 -1370.112558 -1371.194757 -1372.427800 -1375.846955 -1390.034861 -1457.153527 -1844.388845 -3924.662750 -3985.129015 -3985.129658 -3984.487808 -3977.488520 -3946.345813 -3863.661424 -3713.291801 -3485.941974 -3299.645403 -3164.248226 -3031.433785 -2889.039179 -2736.033083 -2579.210253 -2427.308205 -2284.384446 -2132.313381 -1518.711202 -1416.703483 -1382.440604 -1374.829935 -1373.403874 -1373.171714 -1373.136328 -1373.131521 -1373.131541 -1373.132249 -1373.132929 -1373.133476 -1373.133901 -1373.134230 -1373.134490 -1373.134699 -1373.134872 -1373.135018 -1373.135151 -1373.135281 -1373.135424 -1373.135600 -1373.135840 -1373.136187 -1373.136713 -1373.137533 -1373.138840 -1373.140963 -1373.144480 -1373.150449 -1373.160864 -1373.179593 -1373.214320 -1373.280637 -1373.411140 -1373.677577 -1374.249861 -1375.560918 -1378.775043 -1387.246385 -1412.430052 -9999.0 -9999.0
-9999.0 -9999.0 975.852696 878.936170 781.806995 684.301199 586.585018 488.773575 390.931231 293.093312 195.279520 97.500976 -0.233828 -97.908338 -195.507279 -292.960695 -390.128573 -486.760865 -582.447471 -676.493488 -771.059615 -864.524008 -956.640902 -1047.185933 -1120.666965 -1183.089733 -1233.846015 -1273.441729 -1303.203815 -1324.872767 -1340.240245 -1350.913095 -1358.206955 -1363.132343 -1366.430831 -1368.631262 -1370.112558 -1371.194757 -1372.427800 -1375.846955 -1390.034861 -1457.153527 -1844.388846 -3924.662750 -3985.129015 -3985.129658 -3984.487808 -3977.488520 -3946.345813 -3863.661426 -3713.291804 -3485.941975 -3299.645403 -3164.248226 -3031.433785 -2889.039180 -2736.033083 -2579.210254 -2427.308205 -2284.384446 -2132.313381 -1518.711202 -1416.703483 -1382.440604 -1374.829935 -1373.403874 -1373.171714 -1373.136328 -1373.131521 -1373.131541 -1373.132249 -1373.132929 -1373.133476 -1373.133901 -1373.134230 -1373.134490 -1373.134699 -1373.134872 -1373.135018 -1373.135151 -1373.135281 -1373.135424 -1373.135600 -1373.135840 -1373.136187 -1373.136713 -1373.137533 -1373.138840 -1373.140963 -1373.144480 -1373.150449 -1373.160864 -1373.179593 -1373.214320 -1373.280637 -1373.411140 -1373.677577 -1374.249861 -1375.560918 -1378.775043 -1387.246385 -1412.430052 -9999.0 -9999.0
-9999.0 -9999.0 -9999.0 -9999.0 -9999.0 -9999.0 -9999.0 -9999.0 -9999.0 -9999.0 -9999.0 -9999.0 -9999.0 -9999.0 -9999.0 -9999.0 -9999.0 -9999.0 -9999.0 -9999.0 -9999.0 -9999.0 -9999.0 -9999.0 -9999.0 -9999.0 -9999.0 -9999.0 -9999.0 -9999.0 -9999.0 -9999.0 -9999.0 -9999.0 -9999.0 -9999.0 -9999.0 -9999.0 -9999.0 -9999.0 -9999.0 -9999.0 -9999.0 -9999.0 -9999.0 -9999.0 -9999.0 -9999.0 -9999.0 -9999.0 -9999.0 -9999.0 -9999.0 -9999.0 -9999.0 -9999.0 -9999.0 -9999.0 -9999.0 -9999.0 -9999.0 -9999.0 -9999.0 -9999.0 -9999.0 -9999.0 -9999.0 -9999.0 -9999.0 -9999.0 -9999.0 -9999.0 -9999.0 -9999.0 -9999.0 -9999.0 -9999.0 -9999.0 -9999.0 -9999.0 -9999.0 -9999.0 -9999.0 -9999.0 -9999.0 -9999.0 -9999.0 -9999.0 -9999.0 -9999.0 -9999.0 -9999.0 -9999.0 -9999.0 -9999.0 -9999.0 -9999.0 -9999.0 -9999.0 -9999.0 -9999.0 -9999.0 -9999.0 -9999.0
-9999.0 -9999.0 -9999.0 -9999.0 -9999.0 -9999.0 -9999.0 -9999.0 -9999.0 -9999.0 -9999.0 -9999.0 -9999.0 -9999.0 -9999.0 -9999.0 -9999.0 -9999.0 -9999.0 -9999.0 -9999.0 -9999.0 -9999.0 -9999.0 -9999.0 -9999.0 -9999.0 -9999.0 -9999.0 -9999.0 -9999.0 -9999.0 -9999.0 -9999.0 -9999.0 -9999.0 -9999.0 -9999.0 -9999.0 -9999.0 -9999.0 -9999.0 -9999.0 -9999.0 -9999.0 -9999.0 -9999.0 -9999.0 -9999.0 -9999.0 -9999.0 -9999.0 -9999.0 -9999.0 -9999.0 -9999.0 -9999.0 -9999.0 -9999.0 -9999.0 -9999.0 -9999.0 -9999.0 -9999.0 -9999.0 -9999.0 -9999.0 -9999.0 -9999.0 -9999.0 -9999.0 -9999.0 -9999.0 -9999.0 -9999.0 -9999.0 -9999.0 -9999.0 -9999.0 -9999.0 -9999.0 -9999.0 -9999.0 -9999.0 -9999.0 -9999.0 -9999.0 -9999.0 -9999.0 -9999.0 -9999.0 -9999.0 -9999.0 -9999.0 -9999.0 -9999.0 -9999.0 -9999.0 -9999.0 -9999.0 -9999.0 -9999.0 -9999.0 -9999.0