inst/processing_geotop_simulation/geotop_simulation/out/maps3D/PwL0018N0442.asc
ncols         104
nrows         10
xllcorner     -2.000000
yllcorner     0.000000
cellsize      1.000000
NODATA_value  -9999.0
-9999.0 -9999.0 -9999.0 -9999.0 -9999.0 -9999.0 -9999.0 -9999.0 -9999.0 -9999.0 -9999.0 -9999.0 -9999.0 -9999.0 -9999.0 -9999.0 -9999.0 -9999.0 -9999.0 -9999.0 -9999.0 -9999.0 -9999.0 -9999.0 -9999.0 -9999.0 -9999.0 -9999.0 -9999.0 -9999.0 -9999.0 -9999.0 -9999.0 -9999.0 -9999.0 -9999.0 -9999.0 -9999.0 -9999.0 -9999.0 -9999.0 -9999.0 -9999.0 -9999.0 -9999.0 -9999.0 -9999.0 -9999.0 -9999.0 -9999.0 -9999.0 -9999.0 -9999.0 -9999.0 -9999.0 -9999.0 -9999.0 -9999.0 -9999.0 -9999.0 -9999.0 -9999.0 -9999.0 -9999.0 -9999.0 -9999.0 -9999.0 -9999.0 -9999.0 -9999.0 -9999.0 -9999.0 -9999.0 -9999.0 -9999.0 -9999.0 -9999.0 -9999.0 -9999.0 -9999.0 -9999.0 -9999.0 -9999.0 -9999.0 -9999.0 -9999.0 -9999.0 -9999.0 -9999.0 -9999.0 -9999.0 -9999.0 -9999.0 -9999.0 -9999.0 -9999.0 -9999.0 -9999.0 -9999.0 -9999.0 -9999.0 -9999.0 -9999.0 -9999.0
-9999.0 -9999.0 -9999.0 -9999.0 -9999.0 -9999.0 -9999.0 -9999.0 -9999.0 -9999.0 -9999.0 -9999.0 -9999.0 -9999.0 -9999.0 -9999.0 -9999.0 -9999.0 -9999.0 -9999.0 -9999.0 -9999.0 -9999.0 -9999.0 -9999.0 -9999.0 -9999.0 -9999.0 -9999.0 -9999.0 -9999.0 -9999.0 -9999.0 -9999.0 -9999.0 -9999.0 -9999.0 -9999.0 -9999.0 -9999.0 -9999.0 -9999.0 -9999.0 -9999.0 -9999.0 -9999.0 -9999.0 -9999.0 -9999.0 -9999.0 -9999.0 -9999.0 -9999.0 -9999.0 -9999.0 -9999.0 -9999.0 -9999.0 -9999.0 -9999.0 -9999.0 -9999.0 -9999.0 -9999.0 -9999.0 -9999.0 -9999.0 -9999.0 -9999.0 -9999.0 -9999.0 -9999.0 -9999.0 -9999.0 -9999.0 -9999.0 -9999.0 -9999.0 -9999.0 -9999.0 -9999.0 -9999.0 -9999.0 -9999.0 -9999.0 -9999.0 -9999.0 -9999.0 -9999.0 -9999.0 -9999.0 -9999.0 -9999.0 -9999.0 -9999.0 -9999.0 -9999.0 -9999.0 -9999.0 -9999.0 -9999.0 -9999.0 -9999.0 -9999.0
-9999.0 -9999.0 869.039257 769.947658 670.747559 571.426819 472.043414 372.632540 273.213054 173.795133 74.384422 -25.013981 -124.397221 -223.763794 -323.102362 -422.393300 -521.600350 -620.659803 -719.464833 -818.345640 -917.030261 -1015.403732 -1113.274743 -1207.090124 -1296.127372 -1378.298812 -1451.705424 -1515.010976 -1567.686896 -1610.044011 -1643.063503 -1668.121000 -1686.713515 -1700.258734 -1709.984359 -1716.893465 -1721.789475 -1725.379979 -1728.571295 -1733.074890 -1741.233444 -1752.560491 -1916.459938 -3991.402767 -4084.141088 -4084.156766 -4084.123017 -4083.825473 -4082.625879 -4079.220109 -4071.083310 -4051.177931 -4023.514614 -3993.089200 -3950.820982 -3886.198681 -3785.750456 -3638.492386 -3445.940715 -3224.038762 -2905.128691 -1665.887660 -1708.334944 -1733.358218 -1733.899328 -1733.071670 -1732.797740 -1732.737600 -1732.726868 -1732.725542 -1732.725808 -1732.726274 -1732.726707 -1732.727082 -1732.727409 -1732.727701 -1732.727968 -1732.728219 -1732.728462 -1732.728702 -1732.728948 -1732.729210 -1732.729500 -1732.729837 -1732.730251 -1732.730788 -1732.731523 -1732.732581 -1732.734183 -1732.736720 -1732.740920 -1732.748175 -1732.761230 -1732.785646 -1732.833063 -1732.928974 -1733.132678 -1733.591718 -1734.699481 -1737.590676 -1745.865292 -1772.237077 -9999.0 -9999.0
-9999.0 -9999.0 869.042284 769.948765 670.747913 571.426933 472.043452 372.632554 273.213059 173.795136 74.384423 -25.013980 -124.397220 -223.763793 -323.102362 -422.393300 -521.600350 -620.659803 -719.464833 -818.345640 -917.030261 -1015.403733 -1113.274743 -1207.090124 -1296.127372 -1378.298812 -1451.705424 -1515.010976 -1567.686896 -1610.044011 -1643.063503 -1668.121000 -1686.713515 -1700.258734 -1709.984359 -1716.893465 -1721.789475 -1725.379979 -1728.571295 -1733.074890 -1741.233444 -1752.560491 -1916.459938 -3991.402767 -4084.141088 -4084.156766 -4084.123017 -4083.825473 -4082.625879 -4079.220109 -4071.083310 -4051.177931 -4023.514614 -3993.089200 -3950.820981 -3886.198681 -3785.750455 -3638.492386 -3445.940714 -3224.038762 -2905.128691 -1665.887660 -1708.334944 -1733.358218 -1733.899328 -1733.071670 -1732.797740 -1732.737600 -1732.726868 -1732.725542 -1732.725808 -1732.726274 -1732.726707 -1732.727082 -1732.727409 -1732.727700 -1732.727968 -1732.728219 -1732.728462 -1732.728702 -1732.728948 -1732.729210 -1732.729500 -1732.729837 -1732.730251 -1732.730788 -1732.731522 -1732.732581 -1732.734183 -1732.736720 -1732.740920 -1732.748175 -1732.761230 -1732.785646 -1732.833062 -1732.928973 -1733.132678 -1733.591718 -1734.699481 -1737.590676 -1745.865292 -1772.237077 -9999.0 -9999.0
-9999.0 -9999.0 869.043375 769.949345 670.748156 571.427025 472.043486 372.632566 273.213064 173.795137 74.384424 -25.013980 -124.397220 -223.763793 -323.102362 -422.393300 -521.600350 -620.659803 -719.464833 -818.345640 -917.030262 -1015.403733 -1113.274743 -1207.090124 -1296.127372 -1378.298812 -1451.705424 -1515.010976 -1567.686896 -1610.044011 -1643.063503 -1668.121000 -1686.713515 -1700.258734 -1709.984359 -1716.893465 -1721.789475 -1725.379979 -1728.571295 -1733.074890 -1741.233444 -1752.560491 -1916.459938 -3991.402767 -4084.141088 -4084.156766 -4084.123017 -4083.825473 -4082.625879 -4079.220109 -4071.083310 -4051.177931 -4023.514614 -3993.089200 -3950.820981 -3886.198680 -3785.750455 -3638.492385 -3445.940714 -3224.038762 -2905.128691 -1665.887660 -1708.334944 -1733.358218 -1733.899328 -1733.071670 -1732.797740 -1732.737600 -1732.726868 -1732.725542 -1732.725808 -1732.726274 -1732.726707 -1732.727082 -1732.727409 -1732.727700 -1732.727968 -1732.728219 -1732.728462 -1732.728702 -1732.728948 -1732.729210 -1732.729500 -1732.729837 -1732.730251 -1732.730788 -1732.731522 -1732.732581 -1732.734183 -1732.736720 -1732.740920 -1732.748175 -1732.761230 -1732.785646 -1732.833062 -1732.928973 -1733.132678 -1733.591718 -1734.699481 -1737.590676 -1745.865292 -1772.237077 -9999.0 -9999.0
-9999.0 -9999.0 869.043375 769.949345 670.748156 571.427025 472.043486 372.632566 273.213064 173.795137 74.384424 -25.013980 -124.397220 -223.763793 -323.102362 -422.393300 -521.600350 -620.659803 -719.464833 -818.345640 -917.030262 -1015.403733 -1113.274743 -1207.090124 -1296.127372 -1378.298812 -1451.705424 -1515.010976 -1567.686896 -1610.044011 -1643.063503 -1668.121000 -1686.713515 -1700.258734 -1709.984359 -1716.893465 -1721.789475 -1725.379979 -1728.571295 -1733.074890 -1741.233444 -1752.560491 -1916.459938 -3991.402767 -4084.141088 -4084.156766 -4084.123017 -4083.825473 -4082.625879 -4079.220109 -4071.083310 -4051.177931 -4023.514614 -3993.089200 -3950.820981 -3886.198681 -3785.750455 -3638.492385 -3445.940713 -3224.038762 -2905.128691 -1665.887660 -1708.334944 -1733.358218 -1733.899328 -1733.071670 -1732.797740 -1732.737600 -1732.726868 -1732.725542 -1732.725808 -1732.726274 -1732.726707 -1732.727082 -1732.727409 -1732.727700 -1732.727968 -1732.728219 -1732.728462 -1732.728702 -1732.728948 -1732.729210 -1732.729500 -1732.729837 -1732.730251 -1732.730788 -1732.731522 -1732.732581 -1732.734183 -1732.736720 -1732.740920 -1732.748175 -1732.761230 -1732.785646 -1732.833062 -1732.928973 -1733.132678 -1733.591718 -1734.699481 -1737.590676 -1745.865292 -1772.237077 -9999.0 -9999.0
-9999.0 -9999.0 869.042284 769.948765 670.747913 571.426933 472.043452 372.632554 273.213059 173.795136 74.384423 -25.013980 -124.397220 -223.763793 -323.102362 -422.393300 -521.600350 -620.659803 -719.464833 -818.345640 -917.030261 -1015.403733 -1113.274743 -1207.090124 -1296.127372 -1378.298812 -1451.705424 -1515.010976 -1567.686896 -1610.044011 -1643.063503 -1668.121000 -1686.713515 -1700.258734 -1709.984359 -1716.893465 -1721.789475 -1725.379979 -1728.571295 -1733.074890 -1741.233444 -1752.560491 -1916.459938 -3991.402767 -4084.141088 -4084.156766 -4084.123017 -4083.825473 -4082.625879 -4079.220109 -4071.083310 -4051.177931 -4023.514614 -3993.089200 -3950.820981 -3886.198681 -3785.750455 -3638.492385 -3445.940714 -3224.038762 -2905.128691 -1665.887660 -1708.334944 -1733.358218 -1733.899328 -1733.071670 -1732.797740 -1732.737600 -1732.726868 -1732.725542 -1732.725808 -1732.726274 -1732.726707 -1732.727082 -1732.727409 -1732.727700 -1732.727968 -1732.728219 -1732.728462 -1732.728702 -1732.728948 -1732.729210 -1732.729500 -1732.729837 -1732.730251 -1732.730788 -1732.731522 -1732.732581 -1732.734183 -1732.736720 -1732.740920 -1732.748175 -1732.761230 -1732.785646 -1732.833062 -1732.928973 -1733.132678 -1733.591718 -1734.699481 -1737.590676 -1745.865292 -1772.237077 -9999.0 -9999.0
-9999.0 -9999.0 869.039257 769.947658 670.747559 571.426819 472.043414 372.632540 273.213054 173.795133 74.384422 -25.013981 -124.397220 -223.763794 -323.102362 -422.393300 -521.600350 -620.659803 -719.464833 -818.345640 -917.030261 -1015.403732 -1113.274743 -1207.090124 -1296.127372 -1378.298812 -1451.705424 -1515.010976 -1567.686896 -1610.044011 -1643.063503 -1668.121000 -1686.713515 -1700.258734 -1709.984359 -1716.893465 -1721.789475 -1725.379979 -1728.571295 -1733.074890 -1741.233444 -1752.560491 -1916.459938 -3991.402767 -4084.141088 -4084.156766 -4084.123017 -4083.825473 -4082.625879 -4079.220109 -4071.083310 -4051.177931 -4023.514614 -3993.089200 -3950.820981 -3886.198681 -3785.750456 -3638.492386 -3445.940714 -3224.038763 -2905.128692 -1665.887660 -1708.334944 -1733.358218 -1733.899328 -1733.071670 -1732.797740 -1732.737600 -1732.726868 -1732.725542 -1732.725808 -1732.726274 -1732.726707 -1732.727082 -1732.727409 -1732.727701 -1732.727968 -1732.728219 -1732.728462 -1732.728702 -1732.728948 -1732.729210 -1732.729500 -1732.729837 -1732.730251 -1732.730788 -1732.731523 -1732.732581 -1732.734183 -1732.736720 -1732.740920 -1732.748175 -1732.761230 -1732.785646 -1732.833063 -1732.928974 -1733.132678 -1733.591718 -1734.699481 -1737.590676 -1745.865292 -1772.237077 -9999.0 -9999.0
-9999.0 -9999.0 -9999.0 -9999.0 -9999.0 -9999.0 -9999.0 -9999.0 -9999.0 -9999.0 -9999.0 -9999.0 -9999.0 -9999.0 -9999.0 -9999.0 -9999.0 -9999.0 -9999.0 -9999.0 -9999.0 -9999.0 -9999.0 -9999.0 -9999.0 -9999.0 -9999.0 -9999.0 -9999.0 -9999.0 -9999.0 -9999.0 -9999.0 -9999.0 -9999.0 -9999.0 -9999.0 -9999.0 -9999.0 -9999.0 -9999.0 -9999.0 -9999.0 -9999.0 -9999.0 -9999.0 -9999.0 -9999.0 -9999.0 -9999.0 -9999.0 -9999.0 -9999.0 -9999.0 -9999.0 -9999.0 -9999.0 -9999.0 -9999.0 -9999.0 -9999.0 -9999.0 -9999.0 -9999.0 -9999.0 -9999.0 -9999.0 -9999.0 -9999.0 -9999.0 -9999.0 -9999.0 -9999.0 -9999.0 -9999.0 -9999.0 -9999.0 -9999.0 -9999.0 -9999.0 -9999.0 -9999.0 -9999.0 -9999.0 -9999.0 -9999.0 -9999.0 -9999.0 -9999.0 -9999.0 -9999.0 -9999.0 -9999.0 -9999.0 -9999.0 -9999.0 -9999.0 -9999.0 -9999.0 -9999.0 -9999.0 -9999.0 -9999.0 -9999.0
-9999.0 -9999.0 -9999.0 -9999.0 -9999.0 -9999.0 -9999.0 -9999.0 -9999.0 -9999.0 -9999.0 -9999.0 -9999.0 -9999.0 -9999.0 -9999.0 -9999.0 -9999.0 -9999.0 -9999.0 -9999.0 -9999.0 -9999.0 -9999.0 -9999.0 -9999.0 -9999.0 -9999.0 -9999.0 -9999.0 -9999.0 -9999.0 -9999.0 -9999.0 -9999.0 -9999.0 -9999.0 -9999.0 -9999.0 -9999.0 -9999.0 -9999.0 -9999.0 -9999.0 -9999.0 -9999.0 -9999.0 -9999.0 -9999.0 -9999.0 -9999.0 -9999.0 -9999.0 -9999.0 -9999.0 -9999.0 -9999.0 -9999.0 -9999.0 -9999.0 -9999.0 -9999.0 -9999.0 -9999.0 -9999.0 -9999.0 -9999.0 -9999.0 -9999.0 -9999.0 -9999.0 -9999.0 -9999.0 -9999.0 -9999.0 -9999.0 -9999.0 -9999.0 -9999.0 -9999.0 -9999.0 -9999.0 -9999.0 -9999.0 -9999.0 -9999.0 -9999.0 -9999.0 -9999.0 -9999.0 -9999.0 -9999.0 -9999.0 -9999.0 -9999.0 -9999.0 -9999.0 -9999.0 -9999.0 -9999.0 -9999.0 -9999.0 -9999.0 -9999.0