inst/processing_geotop_simulation/geotop_simulation/out/maps3D/PwL0000N0300.asc
ncols         104
nrows         10
xllcorner     -2.000000
yllcorner     0.000000
cellsize      1.000000
NODATA_value  -9999.0
-9999.0 -9999.0 -9999.0 -9999.0 -9999.0 -9999.0 -9999.0 -9999.0 -9999.0 -9999.0 -9999.0 -9999.0 -9999.0 -9999.0 -9999.0 -9999.0 -9999.0 -9999.0 -9999.0 -9999.0 -9999.0 -9999.0 -9999.0 -9999.0 -9999.0 -9999.0 -9999.0 -9999.0 -9999.0 -9999.0 -9999.0 -9999.0 -9999.0 -9999.0 -9999.0 -9999.0 -9999.0 -9999.0 -9999.0 -9999.0 -9999.0 -9999.0 -9999.0 -9999.0 -9999.0 -9999.0 -9999.0 -9999.0 -9999.0 -9999.0 -9999.0 -9999.0 -9999.0 -9999.0 -9999.0 -9999.0 -9999.0 -9999.0 -9999.0 -9999.0 -9999.0 -9999.0 -9999.0 -9999.0 -9999.0 -9999.0 -9999.0 -9999.0 -9999.0 -9999.0 -9999.0 -9999.0 -9999.0 -9999.0 -9999.0 -9999.0 -9999.0 -9999.0 -9999.0 -9999.0 -9999.0 -9999.0 -9999.0 -9999.0 -9999.0 -9999.0 -9999.0 -9999.0 -9999.0 -9999.0 -9999.0 -9999.0 -9999.0 -9999.0 -9999.0 -9999.0 -9999.0 -9999.0 -9999.0 -9999.0 -9999.0 -9999.0 -9999.0 -9999.0
-9999.0 -9999.0 -9999.0 -9999.0 -9999.0 -9999.0 -9999.0 -9999.0 -9999.0 -9999.0 -9999.0 -9999.0 -9999.0 -9999.0 -9999.0 -9999.0 -9999.0 -9999.0 -9999.0 -9999.0 -9999.0 -9999.0 -9999.0 -9999.0 -9999.0 -9999.0 -9999.0 -9999.0 -9999.0 -9999.0 -9999.0 -9999.0 -9999.0 -9999.0 -9999.0 -9999.0 -9999.0 -9999.0 -9999.0 -9999.0 -9999.0 -9999.0 -9999.0 -9999.0 -9999.0 -9999.0 -9999.0 -9999.0 -9999.0 -9999.0 -9999.0 -9999.0 -9999.0 -9999.0 -9999.0 -9999.0 -9999.0 -9999.0 -9999.0 -9999.0 -9999.0 -9999.0 -9999.0 -9999.0 -9999.0 -9999.0 -9999.0 -9999.0 -9999.0 -9999.0 -9999.0 -9999.0 -9999.0 -9999.0 -9999.0 -9999.0 -9999.0 -9999.0 -9999.0 -9999.0 -9999.0 -9999.0 -9999.0 -9999.0 -9999.0 -9999.0 -9999.0 -9999.0 -9999.0 -9999.0 -9999.0 -9999.0 -9999.0 -9999.0 -9999.0 -9999.0 -9999.0 -9999.0 -9999.0 -9999.0 -9999.0 -9999.0 -9999.0 -9999.0
-9999.0 -9999.0 0.029662 -93.510240 -191.572571 -290.137237 -388.884064 -487.690745 -586.495164 -685.243890 -783.841697 -882.212972 -980.293192 -1077.985228 -1175.575605 -1272.995184 -1369.530725 -1464.638510 -1557.549962 -1647.023586 -1730.441242 -1804.018193 -1864.807770 -1912.139315 -1947.346937 -1972.714838 -1990.606760 -2003.039808 -2011.580545 -2017.389436 -2021.305278 -2023.924458 -2025.664980 -2026.815799 -2027.574431 -2028.076574 -2028.424196 -2028.738972 -2029.368916 -2031.565243 -2036.399553 -1997.284459 -1243.168163 -1239.798979 -1229.606893 -1223.006705 -1219.903751 -1219.428098 -1219.377172 -1219.382611 -1219.396306 -1219.411023 -1219.425169 -1219.438269 -1219.450432 -1219.464587 -1219.508234 -1219.795886 -1221.459860 -1225.157800 -1230.448650 -1226.510751 -1974.812614 -2030.620306 -2030.199251 -2029.337603 -2029.148246 -2029.116168 -2029.111551 -2029.111445 -2029.112002 -2029.112553 -2029.112995 -2029.113335 -2029.113596 -2029.113799 -2029.113960 -2029.114091 -2029.114201 -2029.114300 -2029.114397 -2029.114506 -2029.114644 -2029.114835 -2029.115117 -2029.115551 -2029.116234 -2029.117329 -2029.119113 -2029.122079 -2029.127121 -2029.135927 -2029.151770 -2029.181131 -2029.237074 -2029.346537 -2029.567397 -2030.032495 -2031.073468 -2033.605259 -2040.547507 -2063.369242 -9999.0 -9999.0
-9999.0 -9999.0 0.094967 -93.508211 -191.572066 -290.137090 -388.884017 -487.690729 -586.495158 -685.243888 -783.841696 -882.212972 -980.293192 -1077.985228 -1175.575605 -1272.995184 -1369.530725 -1464.638510 -1557.549962 -1647.023586 -1730.441242 -1804.018193 -1864.807770 -1912.139316 -1947.346937 -1972.714838 -1990.606760 -2003.039808 -2011.580545 -2017.389436 -2021.305278 -2023.924458 -2025.664980 -2026.815799 -2027.574431 -2028.076574 -2028.424196 -2028.738972 -2029.368916 -2031.565243 -2036.399553 -1997.284459 -1243.168163 -1239.798979 -1229.606892 -1223.006705 -1219.903751 -1219.428098 -1219.377172 -1219.382611 -1219.396306 -1219.411023 -1219.425169 -1219.438269 -1219.450432 -1219.464587 -1219.508234 -1219.795886 -1221.459860 -1225.157800 -1230.448650 -1226.510751 -1974.812614 -2030.620306 -2030.199251 -2029.337603 -2029.148246 -2029.116168 -2029.111551 -2029.111445 -2029.112002 -2029.112553 -2029.112995 -2029.113335 -2029.113596 -2029.113799 -2029.113960 -2029.114091 -2029.114201 -2029.114300 -2029.114397 -2029.114506 -2029.114644 -2029.114835 -2029.115117 -2029.115551 -2029.116234 -2029.117329 -2029.119113 -2029.122079 -2029.127121 -2029.135927 -2029.151770 -2029.181131 -2029.237074 -2029.346537 -2029.567397 -2030.032495 -2031.073468 -2033.605259 -2040.547507 -2063.369242 -9999.0 -9999.0
-9999.0 -9999.0 0.094978 -93.507399 -191.571746 -290.136975 -388.883976 -487.690714 -586.495153 -685.243886 -783.841695 -882.212971 -980.293192 -1077.985227 -1175.575605 -1272.995184 -1369.530725 -1464.638510 -1557.549962 -1647.023586 -1730.441242 -1804.018193 -1864.807770 -1912.139316 -1947.346937 -1972.714838 -1990.606760 -2003.039808 -2011.580545 -2017.389436 -2021.305278 -2023.924458 -2025.664980 -2026.815799 -2027.574431 -2028.076574 -2028.424196 -2028.738972 -2029.368916 -2031.565243 -2036.399553 -1997.284459 -1243.168163 -1239.798979 -1229.606892 -1223.006705 -1219.903751 -1219.428098 -1219.377172 -1219.382611 -1219.396306 -1219.411023 -1219.425169 -1219.438269 -1219.450432 -1219.464587 -1219.508234 -1219.795886 -1221.459860 -1225.157800 -1230.448650 -1226.510751 -1974.812614 -2030.620306 -2030.199251 -2029.337603 -2029.148246 -2029.116168 -2029.111551 -2029.111445 -2029.112002 -2029.112553 -2029.112995 -2029.113335 -2029.113596 -2029.113799 -2029.113960 -2029.114091 -2029.114201 -2029.114300 -2029.114397 -2029.114506 -2029.114644 -2029.114835 -2029.115117 -2029.115551 -2029.116234 -2029.117329 -2029.119113 -2029.122079 -2029.127121 -2029.135927 -2029.151770 -2029.181131 -2029.237074 -2029.346537 -2029.567397 -2030.032495 -2031.073468 -2033.605259 -2040.547507 -2063.369242 -9999.0 -9999.0
-9999.0 -9999.0 0.094978 -93.507399 -191.571746 -290.136975 -388.883976 -487.690714 -586.495153 -685.243886 -783.841695 -882.212971 -980.293192 -1077.985227 -1175.575605 -1272.995184 -1369.530725 -1464.638510 -1557.549962 -1647.023586 -1730.441242 -1804.018193 -1864.807770 -1912.139316 -1947.346937 -1972.714838 -1990.606760 -2003.039808 -2011.580545 -2017.389436 -2021.305278 -2023.924458 -2025.664980 -2026.815799 -2027.574431 -2028.076574 -2028.424196 -2028.738972 -2029.368916 -2031.565243 -2036.399553 -1997.284459 -1243.168163 -1239.798979 -1229.606892 -1223.006705 -1219.903751 -1219.428098 -1219.377172 -1219.382611 -1219.396306 -1219.411023 -1219.425169 -1219.438269 -1219.450432 -1219.464587 -1219.508234 -1219.795886 -1221.459860 -1225.157800 -1230.448650 -1226.510751 -1974.812614 -2030.620306 -2030.199251 -2029.337603 -2029.148246 -2029.116168 -2029.111551 -2029.111445 -2029.112002 -2029.112553 -2029.112995 -2029.113335 -2029.113596 -2029.113799 -2029.113960 -2029.114091 -2029.114201 -2029.114300 -2029.114397 -2029.114506 -2029.114644 -2029.114835 -2029.115117 -2029.115551 -2029.116234 -2029.117329 -2029.119113 -2029.122079 -2029.127121 -2029.135927 -2029.151770 -2029.181131 -2029.237074 -2029.346537 -2029.567397 -2030.032495 -2031.073468 -2033.605259 -2040.547507 -2063.369242 -9999.0 -9999.0
-9999.0 -9999.0 0.094967 -93.508210 -191.572066 -290.137090 -388.884017 -487.690729 -586.495158 -685.243888 -783.841696 -882.212972 -980.293192 -1077.985228 -1175.575605 -1272.995184 -1369.530725 -1464.638510 -1557.549962 -1647.023586 -1730.441242 -1804.018193 -1864.807770 -1912.139316 -1947.346937 -1972.714838 -1990.606760 -2003.039808 -2011.580545 -2017.389436 -2021.305278 -2023.924458 -2025.664980 -2026.815799 -2027.574431 -2028.076574 -2028.424196 -2028.738972 -2029.368916 -2031.565243 -2036.399553 -1997.284459 -1243.168163 -1239.798979 -1229.606892 -1223.006705 -1219.903751 -1219.428098 -1219.377172 -1219.382611 -1219.396306 -1219.411023 -1219.425169 -1219.438269 -1219.450432 -1219.464587 -1219.508234 -1219.795886 -1221.459860 -1225.157800 -1230.448650 -1226.510751 -1974.812614 -2030.620306 -2030.199251 -2029.337603 -2029.148246 -2029.116168 -2029.111551 -2029.111445 -2029.112002 -2029.112553 -2029.112995 -2029.113335 -2029.113596 -2029.113799 -2029.113960 -2029.114091 -2029.114201 -2029.114300 -2029.114397 -2029.114506 -2029.114644 -2029.114835 -2029.115117 -2029.115551 -2029.116234 -2029.117329 -2029.119113 -2029.122079 -2029.127121 -2029.135927 -2029.151770 -2029.181131 -2029.237074 -2029.346537 -2029.567397 -2030.032495 -2031.073468 -2033.605259 -2040.547507 -2063.369242 -9999.0 -9999.0
-9999.0 -9999.0 0.029662 -93.510240 -191.572571 -290.137238 -388.884064 -487.690745 -586.495164 -685.243890 -783.841697 -882.212972 -980.293192 -1077.985228 -1175.575605 -1272.995184 -1369.530725 -1464.638510 -1557.549962 -1647.023586 -1730.441242 -1804.018193 -1864.807770 -1912.139315 -1947.346937 -1972.714838 -1990.606760 -2003.039808 -2011.580545 -2017.389436 -2021.305278 -2023.924458 -2025.664980 -2026.815799 -2027.574431 -2028.076574 -2028.424196 -2028.738972 -2029.368916 -2031.565243 -2036.399553 -1997.284459 -1243.168163 -1239.798979 -1229.606893 -1223.006705 -1219.903751 -1219.428098 -1219.377172 -1219.382611 -1219.396306 -1219.411023 -1219.425169 -1219.438269 -1219.450432 -1219.464587 -1219.508234 -1219.795886 -1221.459860 -1225.157800 -1230.448650 -1226.510751 -1974.812614 -2030.620306 -2030.199251 -2029.337603 -2029.148246 -2029.116168 -2029.111551 -2029.111445 -2029.112002 -2029.112553 -2029.112995 -2029.113335 -2029.113596 -2029.113799 -2029.113960 -2029.114091 -2029.114201 -2029.114300 -2029.114397 -2029.114506 -2029.114644 -2029.114835 -2029.115117 -2029.115551 -2029.116234 -2029.117329 -2029.119113 -2029.122079 -2029.127121 -2029.135927 -2029.151770 -2029.181131 -2029.237074 -2029.346537 -2029.567397 -2030.032495 -2031.073468 -2033.605259 -2040.547507 -2063.369242 -9999.0 -9999.0
-9999.0 -9999.0 -9999.0 -9999.0 -9999.0 -9999.0 -9999.0 -9999.0 -9999.0 -9999.0 -9999.0 -9999.0 -9999.0 -9999.0 -9999.0 -9999.0 -9999.0 -9999.0 -9999.0 -9999.0 -9999.0 -9999.0 -9999.0 -9999.0 -9999.0 -9999.0 -9999.0 -9999.0 -9999.0 -9999.0 -9999.0 -9999.0 -9999.0 -9999.0 -9999.0 -9999.0 -9999.0 -9999.0 -9999.0 -9999.0 -9999.0 -9999.0 -9999.0 -9999.0 -9999.0 -9999.0 -9999.0 -9999.0 -9999.0 -9999.0 -9999.0 -9999.0 -9999.0 -9999.0 -9999.0 -9999.0 -9999.0 -9999.0 -9999.0 -9999.0 -9999.0 -9999.0 -9999.0 -9999.0 -9999.0 -9999.0 -9999.0 -9999.0 -9999.0 -9999.0 -9999.0 -9999.0 -9999.0 -9999.0 -9999.0 -9999.0 -9999.0 -9999.0 -9999.0 -9999.0 -9999.0 -9999.0 -9999.0 -9999.0 -9999.0 -9999.0 -9999.0 -9999.0 -9999.0 -9999.0 -9999.0 -9999.0 -9999.0 -9999.0 -9999.0 -9999.0 -9999.0 -9999.0 -9999.0 -9999.0 -9999.0 -9999.0 -9999.0 -9999.0
-9999.0 -9999.0 -9999.0 -9999.0 -9999.0 -9999.0 -9999.0 -9999.0 -9999.0 -9999.0 -9999.0 -9999.0 -9999.0 -9999.0 -9999.0 -9999.0 -9999.0 -9999.0 -9999.0 -9999.0 -9999.0 -9999.0 -9999.0 -9999.0 -9999.0 -9999.0 -9999.0 -9999.0 -9999.0 -9999.0 -9999.0 -9999.0 -9999.0 -9999.0 -9999.0 -9999.0 -9999.0 -9999.0 -9999.0 -9999.0 -9999.0 -9999.0 -9999.0 -9999.0 -9999.0 -9999.0 -9999.0 -9999.0 -9999.0 -9999.0 -9999.0 -9999.0 -9999.0 -9999.0 -9999.0 -9999.0 -9999.0 -9999.0 -9999.0 -9999.0 -9999.0 -9999.0 -9999.0 -9999.0 -9999.0 -9999.0 -9999.0 -9999.0 -9999.0 -9999.0 -9999.0 -9999.0 -9999.0 -9999.0 -9999.0 -9999.0 -9999.0 -9999.0 -9999.0 -9999.0 -9999.0 -9999.0 -9999.0 -9999.0 -9999.0 -9999.0 -9999.0 -9999.0 -9999.0 -9999.0 -9999.0 -9999.0 -9999.0 -9999.0 -9999.0 -9999.0 -9999.0 -9999.0 -9999.0 -9999.0 -9999.0 -9999.0 -9999.0 -9999.0