inst/processing_geotop_simulation/geotop_simulation/out/maps3D/PwL0003N0029.asc
ncols         104
nrows         10
xllcorner     -2.000000
yllcorner     0.000000
cellsize      1.000000
NODATA_value  -9999.0
-9999.0 -9999.0 -9999.0 -9999.0 -9999.0 -9999.0 -9999.0 -9999.0 -9999.0 -9999.0 -9999.0 -9999.0 -9999.0 -9999.0 -9999.0 -9999.0 -9999.0 -9999.0 -9999.0 -9999.0 -9999.0 -9999.0 -9999.0 -9999.0 -9999.0 -9999.0 -9999.0 -9999.0 -9999.0 -9999.0 -9999.0 -9999.0 -9999.0 -9999.0 -9999.0 -9999.0 -9999.0 -9999.0 -9999.0 -9999.0 -9999.0 -9999.0 -9999.0 -9999.0 -9999.0 -9999.0 -9999.0 -9999.0 -9999.0 -9999.0 -9999.0 -9999.0 -9999.0 -9999.0 -9999.0 -9999.0 -9999.0 -9999.0 -9999.0 -9999.0 -9999.0 -9999.0 -9999.0 -9999.0 -9999.0 -9999.0 -9999.0 -9999.0 -9999.0 -9999.0 -9999.0 -9999.0 -9999.0 -9999.0 -9999.0 -9999.0 -9999.0 -9999.0 -9999.0 -9999.0 -9999.0 -9999.0 -9999.0 -9999.0 -9999.0 -9999.0 -9999.0 -9999.0 -9999.0 -9999.0 -9999.0 -9999.0 -9999.0 -9999.0 -9999.0 -9999.0 -9999.0 -9999.0 -9999.0 -9999.0 -9999.0 -9999.0 -9999.0 -9999.0
-9999.0 -9999.0 -9999.0 -9999.0 -9999.0 -9999.0 -9999.0 -9999.0 -9999.0 -9999.0 -9999.0 -9999.0 -9999.0 -9999.0 -9999.0 -9999.0 -9999.0 -9999.0 -9999.0 -9999.0 -9999.0 -9999.0 -9999.0 -9999.0 -9999.0 -9999.0 -9999.0 -9999.0 -9999.0 -9999.0 -9999.0 -9999.0 -9999.0 -9999.0 -9999.0 -9999.0 -9999.0 -9999.0 -9999.0 -9999.0 -9999.0 -9999.0 -9999.0 -9999.0 -9999.0 -9999.0 -9999.0 -9999.0 -9999.0 -9999.0 -9999.0 -9999.0 -9999.0 -9999.0 -9999.0 -9999.0 -9999.0 -9999.0 -9999.0 -9999.0 -9999.0 -9999.0 -9999.0 -9999.0 -9999.0 -9999.0 -9999.0 -9999.0 -9999.0 -9999.0 -9999.0 -9999.0 -9999.0 -9999.0 -9999.0 -9999.0 -9999.0 -9999.0 -9999.0 -9999.0 -9999.0 -9999.0 -9999.0 -9999.0 -9999.0 -9999.0 -9999.0 -9999.0 -9999.0 -9999.0 -9999.0 -9999.0 -9999.0 -9999.0 -9999.0 -9999.0 -9999.0 -9999.0 -9999.0 -9999.0 -9999.0 -9999.0 -9999.0 -9999.0
-9999.0 -9999.0 -58.574360 -152.943934 -229.659866 -279.092477 -304.128927 -311.540376 -304.897007 -284.164826 -362.271048 -324.893247 -254.128248 -202.503199 -132.830338 33.467870 20.182347 -9.520357 -49.272146 -96.189194 -148.378983 -201.578477 -249.580165 -286.975068 -312.814819 -329.257401 -339.283184 -345.287001 -348.854628 -350.952985 -352.132072 -352.691972 -352.771093 -352.390575 -351.464203 -349.779301 -346.967806 -342.599189 -334.718099 -316.313567 -304.236916 -278.283232 -475.583884 -427.243710 -379.913090 -349.328569 -334.357572 -332.712020 -332.543614 -332.527348 -332.526430 -332.527014 -332.527711 -332.528481 -332.530348 -332.543658 -332.670859 -333.903030 -345.225680 -369.595331 -408.517882 -444.884612 -214.981894 -279.409856 -311.974788 -329.105230 -339.265451 -345.495109 -349.368102 -351.795347 -353.322611 -354.285614 -354.892924 -355.275522 -355.515869 -355.666508 -355.760983 -355.820950 -355.860582 -355.889508 -355.914879 -355.942915 -355.980229 -356.035278 -356.120184 -356.253317 -356.463190 -356.794466 -357.317241 -358.141417 -359.438683 -361.475575 -364.661771 -369.617275 -377.258508 -388.892952 -406.292151 -431.688115 -467.633212 -516.728714 -581.458995 -664.462791 -9999.0 -9999.0
-9999.0 -9999.0 -58.380658 -152.891498 -229.643712 -279.087302 -304.127209 -311.539807 -304.896823 -284.164768 -362.271038 -324.893243 -254.128246 -202.503198 -132.830337 33.467871 20.182347 -9.520357 -49.272146 -96.189194 -148.378983 -201.578477 -249.580165 -286.975068 -312.814819 -329.257401 -339.283184 -345.287001 -348.854628 -350.952985 -352.132072 -352.691972 -352.771093 -352.390575 -351.464203 -349.779301 -346.967806 -342.599189 -334.718099 -316.313567 -304.236916 -278.283232 -475.583884 -427.243710 -379.913090 -349.328568 -334.357572 -332.712020 -332.543614 -332.527348 -332.526430 -332.527014 -332.527711 -332.528481 -332.530348 -332.543658 -332.670859 -333.903030 -345.225680 -369.595331 -408.517882 -444.884612 -214.981894 -279.409856 -311.974788 -329.105230 -339.265451 -345.495109 -349.368102 -351.795347 -353.322611 -354.285614 -354.892924 -355.275522 -355.515869 -355.666508 -355.760983 -355.820950 -355.860582 -355.889508 -355.914879 -355.942915 -355.980229 -356.035278 -356.120184 -356.253317 -356.463190 -356.794466 -357.317241 -358.141417 -359.438683 -361.475575 -364.661771 -369.617275 -377.258508 -388.892952 -406.292151 -431.688115 -467.633212 -516.728714 -581.458995 -664.462791 -9999.0 -9999.0
-9999.0 -9999.0 -58.312687 -152.862962 -229.632668 -279.083221 -304.125721 -311.539285 -304.896647 -284.164711 -362.271029 -324.893239 -254.128244 -202.503197 -132.830337 33.467871 20.182347 -9.520357 -49.272146 -96.189194 -148.378983 -201.578477 -249.580165 -286.975068 -312.814819 -329.257401 -339.283184 -345.287001 -348.854628 -350.952985 -352.132072 -352.691972 -352.771093 -352.390575 -351.464203 -349.779301 -346.967806 -342.599189 -334.718099 -316.313567 -304.236916 -278.283232 -475.583884 -427.243710 -379.913090 -349.328568 -334.357572 -332.712020 -332.543614 -332.527348 -332.526430 -332.527014 -332.527711 -332.528481 -332.530348 -332.543658 -332.670859 -333.903030 -345.225680 -369.595331 -408.517882 -444.884612 -214.981894 -279.409856 -311.974788 -329.105230 -339.265451 -345.495109 -349.368102 -351.795347 -353.322611 -354.285614 -354.892924 -355.275522 -355.515869 -355.666508 -355.760983 -355.820950 -355.860582 -355.889508 -355.914879 -355.942915 -355.980229 -356.035278 -356.120184 -356.253317 -356.463190 -356.794466 -357.317241 -358.141417 -359.438683 -361.475575 -364.661771 -369.617275 -377.258508 -388.892952 -406.292151 -431.688115 -467.633212 -516.728714 -581.458995 -664.462791 -9999.0 -9999.0
-9999.0 -9999.0 -58.312687 -152.862962 -229.632668 -279.083221 -304.125721 -311.539285 -304.896647 -284.164711 -362.271029 -324.893239 -254.128244 -202.503197 -132.830337 33.467871 20.182347 -9.520357 -49.272146 -96.189194 -148.378983 -201.578477 -249.580165 -286.975068 -312.814819 -329.257401 -339.283184 -345.287001 -348.854628 -350.952985 -352.132072 -352.691972 -352.771093 -352.390575 -351.464203 -349.779301 -346.967806 -342.599189 -334.718099 -316.313567 -304.236916 -278.283232 -475.583884 -427.243710 -379.913090 -349.328568 -334.357572 -332.712020 -332.543614 -332.527348 -332.526430 -332.527014 -332.527711 -332.528481 -332.530348 -332.543658 -332.670859 -333.903030 -345.225680 -369.595331 -408.517882 -444.884612 -214.981894 -279.409856 -311.974788 -329.105230 -339.265451 -345.495109 -349.368102 -351.795347 -353.322611 -354.285614 -354.892924 -355.275522 -355.515869 -355.666508 -355.760983 -355.820950 -355.860582 -355.889508 -355.914879 -355.942915 -355.980229 -356.035278 -356.120184 -356.253317 -356.463190 -356.794466 -357.317241 -358.141417 -359.438683 -361.475575 -364.661771 -369.617275 -377.258508 -388.892952 -406.292151 -431.688115 -467.633212 -516.728714 -581.458995 -664.462791 -9999.0 -9999.0
-9999.0 -9999.0 -58.380658 -152.891498 -229.643712 -279.087302 -304.127209 -311.539807 -304.896823 -284.164768 -362.271038 -324.893243 -254.128246 -202.503198 -132.830337 33.467871 20.182347 -9.520357 -49.272146 -96.189194 -148.378983 -201.578477 -249.580165 -286.975068 -312.814819 -329.257401 -339.283184 -345.287001 -348.854628 -350.952985 -352.132072 -352.691972 -352.771093 -352.390575 -351.464203 -349.779301 -346.967806 -342.599189 -334.718099 -316.313567 -304.236916 -278.283232 -475.583884 -427.243710 -379.913090 -349.328568 -334.357572 -332.712020 -332.543614 -332.527348 -332.526430 -332.527014 -332.527711 -332.528481 -332.530348 -332.543658 -332.670859 -333.903030 -345.225680 -369.595331 -408.517882 -444.884612 -214.981894 -279.409856 -311.974788 -329.105230 -339.265451 -345.495109 -349.368102 -351.795347 -353.322611 -354.285614 -354.892924 -355.275522 -355.515869 -355.666508 -355.760983 -355.820950 -355.860582 -355.889508 -355.914879 -355.942915 -355.980229 -356.035278 -356.120184 -356.253317 -356.463190 -356.794466 -357.317241 -358.141417 -359.438683 -361.475575 -364.661771 -369.617275 -377.258508 -388.892952 -406.292151 -431.688115 -467.633212 -516.728714 -581.458995 -664.462791 -9999.0 -9999.0
-9999.0 -9999.0 -58.574360 -152.943934 -229.659866 -279.092477 -304.128927 -311.540376 -304.897007 -284.164826 -362.271048 -324.893247 -254.128248 -202.503199 -132.830338 33.467870 20.182347 -9.520357 -49.272146 -96.189194 -148.378983 -201.578477 -249.580165 -286.975068 -312.814819 -329.257401 -339.283184 -345.287001 -348.854628 -350.952985 -352.132072 -352.691972 -352.771093 -352.390575 -351.464203 -349.779301 -346.967806 -342.599189 -334.718099 -316.313567 -304.236916 -278.283232 -475.583884 -427.243710 -379.913090 -349.328569 -334.357572 -332.712020 -332.543614 -332.527348 -332.526430 -332.527014 -332.527711 -332.528481 -332.530348 -332.543658 -332.670859 -333.903030 -345.225680 -369.595331 -408.517882 -444.884612 -214.981894 -279.409856 -311.974788 -329.105230 -339.265451 -345.495109 -349.368102 -351.795347 -353.322611 -354.285614 -354.892924 -355.275522 -355.515869 -355.666508 -355.760983 -355.820950 -355.860582 -355.889508 -355.914879 -355.942915 -355.980229 -356.035278 -356.120184 -356.253317 -356.463190 -356.794466 -357.317241 -358.141417 -359.438683 -361.475575 -364.661771 -369.617275 -377.258508 -388.892952 -406.292151 -431.688115 -467.633212 -516.728714 -581.458995 -664.462791 -9999.0 -9999.0
-9999.0 -9999.0 -9999.0 -9999.0 -9999.0 -9999.0 -9999.0 -9999.0 -9999.0 -9999.0 -9999.0 -9999.0 -9999.0 -9999.0 -9999.0 -9999.0 -9999.0 -9999.0 -9999.0 -9999.0 -9999.0 -9999.0 -9999.0 -9999.0 -9999.0 -9999.0 -9999.0 -9999.0 -9999.0 -9999.0 -9999.0 -9999.0 -9999.0 -9999.0 -9999.0 -9999.0 -9999.0 -9999.0 -9999.0 -9999.0 -9999.0 -9999.0 -9999.0 -9999.0 -9999.0 -9999.0 -9999.0 -9999.0 -9999.0 -9999.0 -9999.0 -9999.0 -9999.0 -9999.0 -9999.0 -9999.0 -9999.0 -9999.0 -9999.0 -9999.0 -9999.0 -9999.0 -9999.0 -9999.0 -9999.0 -9999.0 -9999.0 -9999.0 -9999.0 -9999.0 -9999.0 -9999.0 -9999.0 -9999.0 -9999.0 -9999.0 -9999.0 -9999.0 -9999.0 -9999.0 -9999.0 -9999.0 -9999.0 -9999.0 -9999.0 -9999.0 -9999.0 -9999.0 -9999.0 -9999.0 -9999.0 -9999.0 -9999.0 -9999.0 -9999.0 -9999.0 -9999.0 -9999.0 -9999.0 -9999.0 -9999.0 -9999.0 -9999.0 -9999.0
-9999.0 -9999.0 -9999.0 -9999.0 -9999.0 -9999.0 -9999.0 -9999.0 -9999.0 -9999.0 -9999.0 -9999.0 -9999.0 -9999.0 -9999.0 -9999.0 -9999.0 -9999.0 -9999.0 -9999.0 -9999.0 -9999.0 -9999.0 -9999.0 -9999.0 -9999.0 -9999.0 -9999.0 -9999.0 -9999.0 -9999.0 -9999.0 -9999.0 -9999.0 -9999.0 -9999.0 -9999.0 -9999.0 -9999.0 -9999.0 -9999.0 -9999.0 -9999.0 -9999.0 -9999.0 -9999.0 -9999.0 -9999.0 -9999.0 -9999.0 -9999.0 -9999.0 -9999.0 -9999.0 -9999.0 -9999.0 -9999.0 -9999.0 -9999.0 -9999.0 -9999.0 -9999.0 -9999.0 -9999.0 -9999.0 -9999.0 -9999.0 -9999.0 -9999.0 -9999.0 -9999.0 -9999.0 -9999.0 -9999.0 -9999.0 -9999.0 -9999.0 -9999.0 -9999.0 -9999.0 -9999.0 -9999.0 -9999.0 -9999.0 -9999.0 -9999.0 -9999.0 -9999.0 -9999.0 -9999.0 -9999.0 -9999.0 -9999.0 -9999.0 -9999.0 -9999.0 -9999.0 -9999.0 -9999.0 -9999.0 -9999.0 -9999.0 -9999.0 -9999.0