inst/processing_geotop_simulation/geotop_simulation/out/maps3D/PwL0010N0108.asc
ncols         104
nrows         10
xllcorner     -2.000000
yllcorner     0.000000
cellsize      1.000000
NODATA_value  -9999.0
-9999.0 -9999.0 -9999.0 -9999.0 -9999.0 -9999.0 -9999.0 -9999.0 -9999.0 -9999.0 -9999.0 -9999.0 -9999.0 -9999.0 -9999.0 -9999.0 -9999.0 -9999.0 -9999.0 -9999.0 -9999.0 -9999.0 -9999.0 -9999.0 -9999.0 -9999.0 -9999.0 -9999.0 -9999.0 -9999.0 -9999.0 -9999.0 -9999.0 -9999.0 -9999.0 -9999.0 -9999.0 -9999.0 -9999.0 -9999.0 -9999.0 -9999.0 -9999.0 -9999.0 -9999.0 -9999.0 -9999.0 -9999.0 -9999.0 -9999.0 -9999.0 -9999.0 -9999.0 -9999.0 -9999.0 -9999.0 -9999.0 -9999.0 -9999.0 -9999.0 -9999.0 -9999.0 -9999.0 -9999.0 -9999.0 -9999.0 -9999.0 -9999.0 -9999.0 -9999.0 -9999.0 -9999.0 -9999.0 -9999.0 -9999.0 -9999.0 -9999.0 -9999.0 -9999.0 -9999.0 -9999.0 -9999.0 -9999.0 -9999.0 -9999.0 -9999.0 -9999.0 -9999.0 -9999.0 -9999.0 -9999.0 -9999.0 -9999.0 -9999.0 -9999.0 -9999.0 -9999.0 -9999.0 -9999.0 -9999.0 -9999.0 -9999.0 -9999.0 -9999.0
-9999.0 -9999.0 -9999.0 -9999.0 -9999.0 -9999.0 -9999.0 -9999.0 -9999.0 -9999.0 -9999.0 -9999.0 -9999.0 -9999.0 -9999.0 -9999.0 -9999.0 -9999.0 -9999.0 -9999.0 -9999.0 -9999.0 -9999.0 -9999.0 -9999.0 -9999.0 -9999.0 -9999.0 -9999.0 -9999.0 -9999.0 -9999.0 -9999.0 -9999.0 -9999.0 -9999.0 -9999.0 -9999.0 -9999.0 -9999.0 -9999.0 -9999.0 -9999.0 -9999.0 -9999.0 -9999.0 -9999.0 -9999.0 -9999.0 -9999.0 -9999.0 -9999.0 -9999.0 -9999.0 -9999.0 -9999.0 -9999.0 -9999.0 -9999.0 -9999.0 -9999.0 -9999.0 -9999.0 -9999.0 -9999.0 -9999.0 -9999.0 -9999.0 -9999.0 -9999.0 -9999.0 -9999.0 -9999.0 -9999.0 -9999.0 -9999.0 -9999.0 -9999.0 -9999.0 -9999.0 -9999.0 -9999.0 -9999.0 -9999.0 -9999.0 -9999.0 -9999.0 -9999.0 -9999.0 -9999.0 -9999.0 -9999.0 -9999.0 -9999.0 -9999.0 -9999.0 -9999.0 -9999.0 -9999.0 -9999.0 -9999.0 -9999.0 -9999.0 -9999.0
-9999.0 -9999.0 489.050825 400.952266 309.130080 215.543575 121.206001 26.557765 -68.173425 -162.900753 -257.592166 -352.372545 -448.395315 -548.332345 -653.631185 -759.257434 -859.274530 -955.979786 -1046.716876 -1126.777126 -1179.831239 -1209.317338 -1223.678338 -1230.110754 -1233.063799 -1234.773197 -1236.150645 -1237.447382 -1238.658368 -1239.725499 -1240.612223 -1241.313998 -1241.848504 -1242.243185 -1242.526881 -1242.727401 -1242.877352 -1243.026633 -1243.284900 -1244.495165 -1253.322302 -1315.815920 -1793.736563 -2911.002183 -2522.332881 -2318.456346 -2232.603582 -2222.499809 -2221.498814 -2221.594151 -2221.841507 -2222.106527 -2222.360834 -2222.596112 -2222.813631 -2223.059748 -2223.800982 -2229.241035 -2271.745952 -2373.427908 -2560.162539 -1582.533292 -1291.354574 -1249.852056 -1244.124387 -1243.399685 -1243.293160 -1243.275519 -1243.273974 -1243.275401 -1243.277077 -1243.278468 -1243.279535 -1243.280343 -1243.280958 -1243.281434 -1243.281811 -1243.282114 -1243.282365 -1243.282586 -1243.282800 -1243.283035 -1243.283329 -1243.283734 -1243.284331 -1243.285247 -1243.286685 -1243.288978 -1243.292685 -1243.298776 -1243.308981 -1243.326501 -1243.357451 -1243.413810 -1243.519387 -1243.721846 -1244.117573 -1244.907861 -1246.544506 -1250.143149 -1258.709666 -1282.059547 -9999.0 -9999.0
-9999.0 -9999.0 489.057892 400.954249 309.130635 215.543742 121.206054 26.557783 -68.173418 -162.900751 -257.592165 -352.372545 -448.395315 -548.332345 -653.631186 -759.257434 -859.274530 -955.979786 -1046.716876 -1126.777126 -1179.831239 -1209.317338 -1223.678338 -1230.110754 -1233.063799 -1234.773197 -1236.150645 -1237.447382 -1238.658368 -1239.725499 -1240.612223 -1241.313998 -1241.848504 -1242.243185 -1242.526881 -1242.727401 -1242.877352 -1243.026633 -1243.284900 -1244.495165 -1253.322302 -1315.815920 -1793.736562 -2911.002181 -2522.332878 -2318.456340 -2232.603582 -2222.499809 -2221.498814 -2221.594151 -2221.841507 -2222.106527 -2222.360834 -2222.596112 -2222.813631 -2223.059748 -2223.800982 -2229.241035 -2271.745951 -2373.427908 -2560.162539 -1582.533292 -1291.354574 -1249.852056 -1244.124387 -1243.399685 -1243.293160 -1243.275519 -1243.273974 -1243.275401 -1243.277077 -1243.278468 -1243.279535 -1243.280343 -1243.280958 -1243.281434 -1243.281811 -1243.282114 -1243.282365 -1243.282586 -1243.282800 -1243.283035 -1243.283329 -1243.283734 -1243.284331 -1243.285247 -1243.286685 -1243.288978 -1243.292685 -1243.298776 -1243.308981 -1243.326501 -1243.357451 -1243.413810 -1243.519387 -1243.721846 -1244.117573 -1244.907861 -1246.544506 -1250.143149 -1258.709666 -1282.059547 -9999.0 -9999.0
-9999.0 -9999.0 489.059568 400.955135 309.130993 215.543874 121.206102 26.557800 -68.173413 -162.900749 -257.592165 -352.372545 -448.395315 -548.332345 -653.631186 -759.257435 -859.274530 -955.979786 -1046.716876 -1126.777126 -1179.831239 -1209.317338 -1223.678338 -1230.110754 -1233.063799 -1234.773197 -1236.150645 -1237.447382 -1238.658368 -1239.725499 -1240.612223 -1241.313998 -1241.848504 -1242.243185 -1242.526881 -1242.727401 -1242.877352 -1243.026633 -1243.284900 -1244.495165 -1253.322302 -1315.815920 -1793.736562 -2911.002181 -2522.332877 -2318.456337 -2232.603582 -2222.499809 -2221.498814 -2221.594151 -2221.841507 -2222.106527 -2222.360834 -2222.596112 -2222.813631 -2223.059748 -2223.800982 -2229.241035 -2271.745951 -2373.427908 -2560.162539 -1582.533292 -1291.354574 -1249.852056 -1244.124387 -1243.399685 -1243.293160 -1243.275519 -1243.273974 -1243.275401 -1243.277077 -1243.278468 -1243.279535 -1243.280343 -1243.280958 -1243.281434 -1243.281811 -1243.282114 -1243.282365 -1243.282586 -1243.282800 -1243.283035 -1243.283329 -1243.283734 -1243.284331 -1243.285247 -1243.286685 -1243.288978 -1243.292685 -1243.298776 -1243.308981 -1243.326501 -1243.357451 -1243.413810 -1243.519387 -1243.721846 -1244.117573 -1244.907861 -1246.544506 -1250.143149 -1258.709666 -1282.059547 -9999.0 -9999.0
-9999.0 -9999.0 489.059568 400.955135 309.130993 215.543874 121.206102 26.557799 -68.173413 -162.900749 -257.592164 -352.372545 -448.395315 -548.332345 -653.631186 -759.257435 -859.274530 -955.979786 -1046.716876 -1126.777126 -1179.831239 -1209.317338 -1223.678338 -1230.110754 -1233.063799 -1234.773197 -1236.150645 -1237.447382 -1238.658368 -1239.725499 -1240.612223 -1241.313998 -1241.848504 -1242.243185 -1242.526881 -1242.727401 -1242.877352 -1243.026633 -1243.284900 -1244.495165 -1253.322302 -1315.815920 -1793.736562 -2911.002181 -2522.332877 -2318.456337 -2232.603582 -2222.499809 -2221.498814 -2221.594151 -2221.841507 -2222.106527 -2222.360834 -2222.596112 -2222.813631 -2223.059748 -2223.800982 -2229.241035 -2271.745951 -2373.427908 -2560.162539 -1582.533292 -1291.354574 -1249.852056 -1244.124387 -1243.399685 -1243.293160 -1243.275519 -1243.273974 -1243.275401 -1243.277077 -1243.278468 -1243.279535 -1243.280343 -1243.280958 -1243.281434 -1243.281811 -1243.282114 -1243.282365 -1243.282586 -1243.282800 -1243.283035 -1243.283329 -1243.283734 -1243.284331 -1243.285247 -1243.286685 -1243.288978 -1243.292685 -1243.298776 -1243.308981 -1243.326501 -1243.357451 -1243.413810 -1243.519387 -1243.721846 -1244.117573 -1244.907861 -1246.544506 -1250.143149 -1258.709666 -1282.059547 -9999.0 -9999.0
-9999.0 -9999.0 489.057892 400.954249 309.130635 215.543742 121.206054 26.557783 -68.173419 -162.900751 -257.592165 -352.372545 -448.395315 -548.332345 -653.631186 -759.257434 -859.274530 -955.979786 -1046.716876 -1126.777126 -1179.831239 -1209.317338 -1223.678338 -1230.110754 -1233.063799 -1234.773197 -1236.150645 -1237.447382 -1238.658368 -1239.725499 -1240.612223 -1241.313998 -1241.848504 -1242.243185 -1242.526881 -1242.727401 -1242.877352 -1243.026633 -1243.284900 -1244.495165 -1253.322302 -1315.815920 -1793.736562 -2911.002181 -2522.332878 -2318.456340 -2232.603582 -2222.499809 -2221.498814 -2221.594151 -2221.841507 -2222.106527 -2222.360834 -2222.596112 -2222.813631 -2223.059748 -2223.800982 -2229.241035 -2271.745951 -2373.427908 -2560.162539 -1582.533292 -1291.354574 -1249.852056 -1244.124387 -1243.399685 -1243.293160 -1243.275519 -1243.273974 -1243.275401 -1243.277077 -1243.278468 -1243.279535 -1243.280343 -1243.280958 -1243.281434 -1243.281811 -1243.282114 -1243.282365 -1243.282586 -1243.282800 -1243.283035 -1243.283329 -1243.283734 -1243.284331 -1243.285247 -1243.286685 -1243.288978 -1243.292685 -1243.298776 -1243.308981 -1243.326501 -1243.357451 -1243.413810 -1243.519387 -1243.721846 -1244.117573 -1244.907861 -1246.544506 -1250.143149 -1258.709666 -1282.059547 -9999.0 -9999.0
-9999.0 -9999.0 489.050825 400.952266 309.130080 215.543575 121.206001 26.557765 -68.173425 -162.900754 -257.592166 -352.372546 -448.395315 -548.332345 -653.631185 -759.257434 -859.274530 -955.979786 -1046.716876 -1126.777126 -1179.831239 -1209.317338 -1223.678338 -1230.110754 -1233.063799 -1234.773197 -1236.150645 -1237.447382 -1238.658368 -1239.725499 -1240.612223 -1241.313998 -1241.848504 -1242.243185 -1242.526881 -1242.727401 -1242.877352 -1243.026633 -1243.284900 -1244.495165 -1253.322302 -1315.815920 -1793.736563 -2911.002183 -2522.332881 -2318.456346 -2232.603582 -2222.499809 -2221.498814 -2221.594151 -2221.841507 -2222.106527 -2222.360834 -2222.596112 -2222.813631 -2223.059748 -2223.800982 -2229.241035 -2271.745952 -2373.427908 -2560.162539 -1582.533292 -1291.354574 -1249.852056 -1244.124387 -1243.399685 -1243.293160 -1243.275519 -1243.273974 -1243.275401 -1243.277077 -1243.278468 -1243.279535 -1243.280343 -1243.280958 -1243.281434 -1243.281811 -1243.282114 -1243.282365 -1243.282586 -1243.282800 -1243.283035 -1243.283329 -1243.283734 -1243.284331 -1243.285247 -1243.286685 -1243.288978 -1243.292685 -1243.298776 -1243.308981 -1243.326501 -1243.357451 -1243.413810 -1243.519387 -1243.721846 -1244.117573 -1244.907861 -1246.544506 -1250.143149 -1258.709666 -1282.059547 -9999.0 -9999.0
-9999.0 -9999.0 -9999.0 -9999.0 -9999.0 -9999.0 -9999.0 -9999.0 -9999.0 -9999.0 -9999.0 -9999.0 -9999.0 -9999.0 -9999.0 -9999.0 -9999.0 -9999.0 -9999.0 -9999.0 -9999.0 -9999.0 -9999.0 -9999.0 -9999.0 -9999.0 -9999.0 -9999.0 -9999.0 -9999.0 -9999.0 -9999.0 -9999.0 -9999.0 -9999.0 -9999.0 -9999.0 -9999.0 -9999.0 -9999.0 -9999.0 -9999.0 -9999.0 -9999.0 -9999.0 -9999.0 -9999.0 -9999.0 -9999.0 -9999.0 -9999.0 -9999.0 -9999.0 -9999.0 -9999.0 -9999.0 -9999.0 -9999.0 -9999.0 -9999.0 -9999.0 -9999.0 -9999.0 -9999.0 -9999.0 -9999.0 -9999.0 -9999.0 -9999.0 -9999.0 -9999.0 -9999.0 -9999.0 -9999.0 -9999.0 -9999.0 -9999.0 -9999.0 -9999.0 -9999.0 -9999.0 -9999.0 -9999.0 -9999.0 -9999.0 -9999.0 -9999.0 -9999.0 -9999.0 -9999.0 -9999.0 -9999.0 -9999.0 -9999.0 -9999.0 -9999.0 -9999.0 -9999.0 -9999.0 -9999.0 -9999.0 -9999.0 -9999.0 -9999.0
-9999.0 -9999.0 -9999.0 -9999.0 -9999.0 -9999.0 -9999.0 -9999.0 -9999.0 -9999.0 -9999.0 -9999.0 -9999.0 -9999.0 -9999.0 -9999.0 -9999.0 -9999.0 -9999.0 -9999.0 -9999.0 -9999.0 -9999.0 -9999.0 -9999.0 -9999.0 -9999.0 -9999.0 -9999.0 -9999.0 -9999.0 -9999.0 -9999.0 -9999.0 -9999.0 -9999.0 -9999.0 -9999.0 -9999.0 -9999.0 -9999.0 -9999.0 -9999.0 -9999.0 -9999.0 -9999.0 -9999.0 -9999.0 -9999.0 -9999.0 -9999.0 -9999.0 -9999.0 -9999.0 -9999.0 -9999.0 -9999.0 -9999.0 -9999.0 -9999.0 -9999.0 -9999.0 -9999.0 -9999.0 -9999.0 -9999.0 -9999.0 -9999.0 -9999.0 -9999.0 -9999.0 -9999.0 -9999.0 -9999.0 -9999.0 -9999.0 -9999.0 -9999.0 -9999.0 -9999.0 -9999.0 -9999.0 -9999.0 -9999.0 -9999.0 -9999.0 -9999.0 -9999.0 -9999.0 -9999.0 -9999.0 -9999.0 -9999.0 -9999.0 -9999.0 -9999.0 -9999.0 -9999.0 -9999.0 -9999.0 -9999.0 -9999.0 -9999.0 -9999.0