inst/processing_geotop_simulation/geotop_simulation/out/maps3D/PwL0012N0441.asc
ncols         104
nrows         10
xllcorner     -2.000000
yllcorner     0.000000
cellsize      1.000000
NODATA_value  -9999.0
-9999.0 -9999.0 -9999.0 -9999.0 -9999.0 -9999.0 -9999.0 -9999.0 -9999.0 -9999.0 -9999.0 -9999.0 -9999.0 -9999.0 -9999.0 -9999.0 -9999.0 -9999.0 -9999.0 -9999.0 -9999.0 -9999.0 -9999.0 -9999.0 -9999.0 -9999.0 -9999.0 -9999.0 -9999.0 -9999.0 -9999.0 -9999.0 -9999.0 -9999.0 -9999.0 -9999.0 -9999.0 -9999.0 -9999.0 -9999.0 -9999.0 -9999.0 -9999.0 -9999.0 -9999.0 -9999.0 -9999.0 -9999.0 -9999.0 -9999.0 -9999.0 -9999.0 -9999.0 -9999.0 -9999.0 -9999.0 -9999.0 -9999.0 -9999.0 -9999.0 -9999.0 -9999.0 -9999.0 -9999.0 -9999.0 -9999.0 -9999.0 -9999.0 -9999.0 -9999.0 -9999.0 -9999.0 -9999.0 -9999.0 -9999.0 -9999.0 -9999.0 -9999.0 -9999.0 -9999.0 -9999.0 -9999.0 -9999.0 -9999.0 -9999.0 -9999.0 -9999.0 -9999.0 -9999.0 -9999.0 -9999.0 -9999.0 -9999.0 -9999.0 -9999.0 -9999.0 -9999.0 -9999.0 -9999.0 -9999.0 -9999.0 -9999.0 -9999.0 -9999.0
-9999.0 -9999.0 -9999.0 -9999.0 -9999.0 -9999.0 -9999.0 -9999.0 -9999.0 -9999.0 -9999.0 -9999.0 -9999.0 -9999.0 -9999.0 -9999.0 -9999.0 -9999.0 -9999.0 -9999.0 -9999.0 -9999.0 -9999.0 -9999.0 -9999.0 -9999.0 -9999.0 -9999.0 -9999.0 -9999.0 -9999.0 -9999.0 -9999.0 -9999.0 -9999.0 -9999.0 -9999.0 -9999.0 -9999.0 -9999.0 -9999.0 -9999.0 -9999.0 -9999.0 -9999.0 -9999.0 -9999.0 -9999.0 -9999.0 -9999.0 -9999.0 -9999.0 -9999.0 -9999.0 -9999.0 -9999.0 -9999.0 -9999.0 -9999.0 -9999.0 -9999.0 -9999.0 -9999.0 -9999.0 -9999.0 -9999.0 -9999.0 -9999.0 -9999.0 -9999.0 -9999.0 -9999.0 -9999.0 -9999.0 -9999.0 -9999.0 -9999.0 -9999.0 -9999.0 -9999.0 -9999.0 -9999.0 -9999.0 -9999.0 -9999.0 -9999.0 -9999.0 -9999.0 -9999.0 -9999.0 -9999.0 -9999.0 -9999.0 -9999.0 -9999.0 -9999.0 -9999.0 -9999.0 -9999.0 -9999.0 -9999.0 -9999.0 -9999.0 -9999.0
-9999.0 -9999.0 571.575735 472.789284 373.677470 274.385359 175.013525 75.608236 -23.806347 -123.217915 -222.621346 -322.007072 -421.358285 -520.641970 -619.808080 -718.796873 -817.854448 -916.815127 -1015.655332 -1114.336444 -1211.589707 -1306.766275 -1398.048969 -1483.049783 -1559.390990 -1625.327919 -1680.112935 -1724.016807 -1758.090293 -1783.820135 -1802.813492 -1816.578564 -1826.409187 -1833.349108 -1838.204941 -1841.584254 -1843.951492 -1845.731454 -1847.569610 -1850.744023 -1854.918084 -1835.755357 -1465.019262 -1894.147346 -1802.000123 -1741.876280 -1715.057651 -1711.385333 -1711.005521 -1711.041071 -1711.135452 -1711.236894 -1711.334346 -1711.424568 -1711.508258 -1711.605267 -1711.907441 -1714.010078 -1727.830117 -1759.529670 -1789.723472 -1371.203857 -1797.451399 -1847.404688 -1849.969668 -1849.335839 -1849.096118 -1849.043702 -1849.034531 -1849.033444 -1849.033695 -1849.034096 -1849.034452 -1849.034744 -1849.034983 -1849.035184 -1849.035357 -1849.035511 -1849.035651 -1849.035787 -1849.035924 -1849.036072 -1849.036245 -1849.036461 -1849.036749 -1849.037156 -1849.037756 -1849.038676 -1849.040135 -1849.042526 -1849.046572 -1849.053658 -1849.066503 -1849.090576 -1849.137207 -1849.230839 -1849.427360 -1849.863982 -1850.904815 -1853.607774 -1861.404164 -1886.842242 -9999.0 -9999.0
-9999.0 -9999.0 571.580441 472.790698 373.677877 274.385485 175.013566 75.608250 -23.806341 -123.217913 -222.621345 -322.007071 -421.358285 -520.641970 -619.808080 -718.796873 -817.854448 -916.815127 -1015.655332 -1114.336444 -1211.589708 -1306.766275 -1398.048969 -1483.049783 -1559.390990 -1625.327919 -1680.112935 -1724.016807 -1758.090293 -1783.820135 -1802.813492 -1816.578564 -1826.409187 -1833.349108 -1838.204941 -1841.584254 -1843.951492 -1845.731454 -1847.569610 -1850.744023 -1854.918084 -1835.755357 -1465.019262 -1894.147346 -1802.000122 -1741.876279 -1715.057651 -1711.385333 -1711.005521 -1711.041071 -1711.135452 -1711.236894 -1711.334346 -1711.424568 -1711.508258 -1711.605267 -1711.907441 -1714.010078 -1727.830117 -1759.529669 -1789.723472 -1371.203857 -1797.451399 -1847.404688 -1849.969668 -1849.335839 -1849.096118 -1849.043702 -1849.034531 -1849.033444 -1849.033695 -1849.034096 -1849.034452 -1849.034744 -1849.034983 -1849.035184 -1849.035357 -1849.035510 -1849.035651 -1849.035786 -1849.035924 -1849.036072 -1849.036245 -1849.036461 -1849.036749 -1849.037156 -1849.037756 -1849.038676 -1849.040135 -1849.042526 -1849.046572 -1849.053658 -1849.066503 -1849.090576 -1849.137207 -1849.230838 -1849.427360 -1849.863982 -1850.904815 -1853.607774 -1861.404164 -1886.842242 -9999.0 -9999.0
-9999.0 -9999.0 571.581705 472.791358 373.678144 274.385584 175.013602 75.608263 -23.806336 -123.217911 -222.621344 -322.007071 -421.358284 -520.641970 -619.808080 -718.796873 -817.854448 -916.815127 -1015.655332 -1114.336444 -1211.589708 -1306.766275 -1398.048969 -1483.049783 -1559.390990 -1625.327919 -1680.112936 -1724.016807 -1758.090294 -1783.820135 -1802.813492 -1816.578564 -1826.409187 -1833.349108 -1838.204941 -1841.584254 -1843.951492 -1845.731454 -1847.569610 -1850.744023 -1854.918084 -1835.755357 -1465.019262 -1894.147346 -1802.000122 -1741.876278 -1715.057651 -1711.385333 -1711.005521 -1711.041071 -1711.135452 -1711.236894 -1711.334346 -1711.424568 -1711.508258 -1711.605267 -1711.907441 -1714.010078 -1727.830117 -1759.529669 -1789.723472 -1371.203857 -1797.451399 -1847.404688 -1849.969668 -1849.335839 -1849.096118 -1849.043702 -1849.034531 -1849.033444 -1849.033695 -1849.034096 -1849.034452 -1849.034744 -1849.034983 -1849.035184 -1849.035357 -1849.035510 -1849.035651 -1849.035786 -1849.035924 -1849.036072 -1849.036245 -1849.036461 -1849.036749 -1849.037156 -1849.037756 -1849.038676 -1849.040135 -1849.042526 -1849.046572 -1849.053658 -1849.066503 -1849.090576 -1849.137207 -1849.230838 -1849.427360 -1849.863982 -1850.904815 -1853.607774 -1861.404164 -1886.842242 -9999.0 -9999.0
-9999.0 -9999.0 571.581705 472.791359 373.678144 274.385584 175.013602 75.608263 -23.806336 -123.217911 -222.621344 -322.007071 -421.358284 -520.641970 -619.808080 -718.796873 -817.854448 -916.815127 -1015.655332 -1114.336444 -1211.589708 -1306.766275 -1398.048969 -1483.049783 -1559.390990 -1625.327919 -1680.112936 -1724.016807 -1758.090294 -1783.820135 -1802.813492 -1816.578564 -1826.409187 -1833.349108 -1838.204941 -1841.584254 -1843.951492 -1845.731454 -1847.569610 -1850.744023 -1854.918084 -1835.755357 -1465.019262 -1894.147346 -1802.000122 -1741.876278 -1715.057651 -1711.385333 -1711.005521 -1711.041071 -1711.135452 -1711.236894 -1711.334346 -1711.424568 -1711.508258 -1711.605267 -1711.907441 -1714.010078 -1727.830117 -1759.529669 -1789.723472 -1371.203857 -1797.451399 -1847.404688 -1849.969668 -1849.335839 -1849.096118 -1849.043702 -1849.034531 -1849.033444 -1849.033695 -1849.034096 -1849.034452 -1849.034744 -1849.034983 -1849.035184 -1849.035357 -1849.035510 -1849.035651 -1849.035786 -1849.035924 -1849.036072 -1849.036245 -1849.036461 -1849.036749 -1849.037156 -1849.037756 -1849.038676 -1849.040135 -1849.042526 -1849.046572 -1849.053658 -1849.066503 -1849.090576 -1849.137207 -1849.230838 -1849.427360 -1849.863982 -1850.904815 -1853.607774 -1861.404164 -1886.842242 -9999.0 -9999.0
-9999.0 -9999.0 571.580441 472.790698 373.677877 274.385484 175.013566 75.608250 -23.806341 -123.217913 -222.621345 -322.007071 -421.358285 -520.641970 -619.808080 -718.796873 -817.854448 -916.815127 -1015.655332 -1114.336444 -1211.589708 -1306.766275 -1398.048969 -1483.049783 -1559.390990 -1625.327919 -1680.112935 -1724.016807 -1758.090293 -1783.820135 -1802.813492 -1816.578564 -1826.409187 -1833.349108 -1838.204941 -1841.584254 -1843.951492 -1845.731454 -1847.569610 -1850.744023 -1854.918084 -1835.755357 -1465.019262 -1894.147346 -1802.000122 -1741.876279 -1715.057651 -1711.385333 -1711.005521 -1711.041071 -1711.135452 -1711.236894 -1711.334346 -1711.424568 -1711.508258 -1711.605267 -1711.907441 -1714.010078 -1727.830117 -1759.529669 -1789.723472 -1371.203857 -1797.451399 -1847.404688 -1849.969668 -1849.335839 -1849.096118 -1849.043702 -1849.034531 -1849.033444 -1849.033695 -1849.034096 -1849.034452 -1849.034744 -1849.034983 -1849.035184 -1849.035357 -1849.035510 -1849.035651 -1849.035786 -1849.035924 -1849.036072 -1849.036245 -1849.036461 -1849.036749 -1849.037156 -1849.037756 -1849.038676 -1849.040135 -1849.042526 -1849.046572 -1849.053658 -1849.066503 -1849.090576 -1849.137207 -1849.230838 -1849.427360 -1849.863982 -1850.904815 -1853.607774 -1861.404164 -1886.842242 -9999.0 -9999.0
-9999.0 -9999.0 571.575735 472.789284 373.677469 274.385359 175.013525 75.608236 -23.806347 -123.217915 -222.621346 -322.007072 -421.358285 -520.641970 -619.808080 -718.796873 -817.854448 -916.815127 -1015.655332 -1114.336444 -1211.589707 -1306.766275 -1398.048969 -1483.049783 -1559.390990 -1625.327919 -1680.112935 -1724.016807 -1758.090293 -1783.820135 -1802.813492 -1816.578564 -1826.409187 -1833.349108 -1838.204941 -1841.584254 -1843.951492 -1845.731454 -1847.569610 -1850.744023 -1854.918084 -1835.755357 -1465.019262 -1894.147346 -1802.000123 -1741.876280 -1715.057651 -1711.385333 -1711.005521 -1711.041071 -1711.135452 -1711.236894 -1711.334346 -1711.424568 -1711.508258 -1711.605267 -1711.907441 -1714.010078 -1727.830117 -1759.529670 -1789.723472 -1371.203857 -1797.451399 -1847.404688 -1849.969668 -1849.335839 -1849.096118 -1849.043702 -1849.034531 -1849.033444 -1849.033695 -1849.034096 -1849.034452 -1849.034744 -1849.034983 -1849.035184 -1849.035357 -1849.035511 -1849.035651 -1849.035787 -1849.035924 -1849.036072 -1849.036245 -1849.036461 -1849.036749 -1849.037156 -1849.037756 -1849.038676 -1849.040135 -1849.042526 -1849.046572 -1849.053658 -1849.066503 -1849.090576 -1849.137207 -1849.230839 -1849.427360 -1849.863982 -1850.904815 -1853.607774 -1861.404164 -1886.842242 -9999.0 -9999.0
-9999.0 -9999.0 -9999.0 -9999.0 -9999.0 -9999.0 -9999.0 -9999.0 -9999.0 -9999.0 -9999.0 -9999.0 -9999.0 -9999.0 -9999.0 -9999.0 -9999.0 -9999.0 -9999.0 -9999.0 -9999.0 -9999.0 -9999.0 -9999.0 -9999.0 -9999.0 -9999.0 -9999.0 -9999.0 -9999.0 -9999.0 -9999.0 -9999.0 -9999.0 -9999.0 -9999.0 -9999.0 -9999.0 -9999.0 -9999.0 -9999.0 -9999.0 -9999.0 -9999.0 -9999.0 -9999.0 -9999.0 -9999.0 -9999.0 -9999.0 -9999.0 -9999.0 -9999.0 -9999.0 -9999.0 -9999.0 -9999.0 -9999.0 -9999.0 -9999.0 -9999.0 -9999.0 -9999.0 -9999.0 -9999.0 -9999.0 -9999.0 -9999.0 -9999.0 -9999.0 -9999.0 -9999.0 -9999.0 -9999.0 -9999.0 -9999.0 -9999.0 -9999.0 -9999.0 -9999.0 -9999.0 -9999.0 -9999.0 -9999.0 -9999.0 -9999.0 -9999.0 -9999.0 -9999.0 -9999.0 -9999.0 -9999.0 -9999.0 -9999.0 -9999.0 -9999.0 -9999.0 -9999.0 -9999.0 -9999.0 -9999.0 -9999.0 -9999.0 -9999.0
-9999.0 -9999.0 -9999.0 -9999.0 -9999.0 -9999.0 -9999.0 -9999.0 -9999.0 -9999.0 -9999.0 -9999.0 -9999.0 -9999.0 -9999.0 -9999.0 -9999.0 -9999.0 -9999.0 -9999.0 -9999.0 -9999.0 -9999.0 -9999.0 -9999.0 -9999.0 -9999.0 -9999.0 -9999.0 -9999.0 -9999.0 -9999.0 -9999.0 -9999.0 -9999.0 -9999.0 -9999.0 -9999.0 -9999.0 -9999.0 -9999.0 -9999.0 -9999.0 -9999.0 -9999.0 -9999.0 -9999.0 -9999.0 -9999.0 -9999.0 -9999.0 -9999.0 -9999.0 -9999.0 -9999.0 -9999.0 -9999.0 -9999.0 -9999.0 -9999.0 -9999.0 -9999.0 -9999.0 -9999.0 -9999.0 -9999.0 -9999.0 -9999.0 -9999.0 -9999.0 -9999.0 -9999.0 -9999.0 -9999.0 -9999.0 -9999.0 -9999.0 -9999.0 -9999.0 -9999.0 -9999.0 -9999.0 -9999.0 -9999.0 -9999.0 -9999.0 -9999.0 -9999.0 -9999.0 -9999.0 -9999.0 -9999.0 -9999.0 -9999.0 -9999.0 -9999.0 -9999.0 -9999.0 -9999.0 -9999.0 -9999.0 -9999.0 -9999.0 -9999.0