inst/processing_geotop_simulation/geotop_simulation/out/maps3D/PwL0005N0408.asc
ncols         104
nrows         10
xllcorner     -2.000000
yllcorner     0.000000
cellsize      1.000000
NODATA_value  -9999.0
-9999.0 -9999.0 -9999.0 -9999.0 -9999.0 -9999.0 -9999.0 -9999.0 -9999.0 -9999.0 -9999.0 -9999.0 -9999.0 -9999.0 -9999.0 -9999.0 -9999.0 -9999.0 -9999.0 -9999.0 -9999.0 -9999.0 -9999.0 -9999.0 -9999.0 -9999.0 -9999.0 -9999.0 -9999.0 -9999.0 -9999.0 -9999.0 -9999.0 -9999.0 -9999.0 -9999.0 -9999.0 -9999.0 -9999.0 -9999.0 -9999.0 -9999.0 -9999.0 -9999.0 -9999.0 -9999.0 -9999.0 -9999.0 -9999.0 -9999.0 -9999.0 -9999.0 -9999.0 -9999.0 -9999.0 -9999.0 -9999.0 -9999.0 -9999.0 -9999.0 -9999.0 -9999.0 -9999.0 -9999.0 -9999.0 -9999.0 -9999.0 -9999.0 -9999.0 -9999.0 -9999.0 -9999.0 -9999.0 -9999.0 -9999.0 -9999.0 -9999.0 -9999.0 -9999.0 -9999.0 -9999.0 -9999.0 -9999.0 -9999.0 -9999.0 -9999.0 -9999.0 -9999.0 -9999.0 -9999.0 -9999.0 -9999.0 -9999.0 -9999.0 -9999.0 -9999.0 -9999.0 -9999.0 -9999.0 -9999.0 -9999.0 -9999.0 -9999.0 -9999.0
-9999.0 -9999.0 -9999.0 -9999.0 -9999.0 -9999.0 -9999.0 -9999.0 -9999.0 -9999.0 -9999.0 -9999.0 -9999.0 -9999.0 -9999.0 -9999.0 -9999.0 -9999.0 -9999.0 -9999.0 -9999.0 -9999.0 -9999.0 -9999.0 -9999.0 -9999.0 -9999.0 -9999.0 -9999.0 -9999.0 -9999.0 -9999.0 -9999.0 -9999.0 -9999.0 -9999.0 -9999.0 -9999.0 -9999.0 -9999.0 -9999.0 -9999.0 -9999.0 -9999.0 -9999.0 -9999.0 -9999.0 -9999.0 -9999.0 -9999.0 -9999.0 -9999.0 -9999.0 -9999.0 -9999.0 -9999.0 -9999.0 -9999.0 -9999.0 -9999.0 -9999.0 -9999.0 -9999.0 -9999.0 -9999.0 -9999.0 -9999.0 -9999.0 -9999.0 -9999.0 -9999.0 -9999.0 -9999.0 -9999.0 -9999.0 -9999.0 -9999.0 -9999.0 -9999.0 -9999.0 -9999.0 -9999.0 -9999.0 -9999.0 -9999.0 -9999.0 -9999.0 -9999.0 -9999.0 -9999.0 -9999.0 -9999.0 -9999.0 -9999.0 -9999.0 -9999.0 -9999.0 -9999.0 -9999.0 -9999.0 -9999.0 -9999.0 -9999.0 -9999.0
-9999.0 -9999.0 224.602087 126.586170 27.687715 -71.482026 -170.757015 -270.073455 -369.398519 -468.709945 -567.980949 -667.151063 -766.189239 -865.133541 -964.000207 -1062.869605 -1161.547922 -1259.683195 -1357.009484 -1452.849739 -1545.893121 -1633.834816 -1713.612127 -1782.494460 -1839.115488 -1883.690642 -1917.568595 -1942.612929 -1960.730633 -1973.615994 -1982.656842 -1988.932090 -1993.250529 -1996.202497 -1998.210754 -1999.576364 -2000.525178 -2001.289022 -2002.335526 -2004.736473 -2006.371491 -1950.196609 -1213.142701 -1226.531862 -1212.755989 -1203.561563 -1199.250249 -1198.584183 -1198.511867 -1198.517896 -1198.535140 -1198.553758 -1198.571661 -1198.588247 -1198.603702 -1198.622209 -1198.682554 -1199.083386 -1201.385529 -1206.467451 -1212.786623 -1189.645590 -1923.349576 -2000.164557 -2003.346085 -2002.727557 -2002.512394 -2002.468719 -2002.461550 -2002.460853 -2002.461181 -2002.461595 -2002.461943 -2002.462217 -2002.462431 -2002.462601 -2002.462740 -2002.462855 -2002.462955 -2002.463047 -2002.463139 -2002.463241 -2002.463367 -2002.463536 -2002.463781 -2002.464148 -2002.464720 -2002.465629 -2002.467106 -2002.469562 -2002.473754 -2002.481121 -2002.494471 -2002.519417 -2002.567432 -2002.662798 -2002.859688 -2003.288011 -2004.286518 -2006.831882 -2014.130480 -2038.391772 -9999.0 -9999.0
-9999.0 -9999.0 224.610294 126.587952 27.688174 -71.481891 -170.756972 -270.073440 -369.398514 -468.709943 -567.980948 -667.151063 -766.189239 -865.133541 -964.000207 -1062.869605 -1161.547922 -1259.683195 -1357.009485 -1452.849740 -1545.893121 -1633.834816 -1713.612127 -1782.494460 -1839.115488 -1883.690642 -1917.568595 -1942.612929 -1960.730633 -1973.615994 -1982.656842 -1988.932090 -1993.250529 -1996.202497 -1998.210754 -1999.576364 -2000.525178 -2001.289022 -2002.335526 -2004.736473 -2006.371491 -1950.196609 -1213.142700 -1226.531862 -1212.755989 -1203.561563 -1199.250249 -1198.584183 -1198.511867 -1198.517896 -1198.535140 -1198.553758 -1198.571661 -1198.588247 -1198.603702 -1198.622209 -1198.682554 -1199.083386 -1201.385529 -1206.467451 -1212.786623 -1189.645590 -1923.349576 -2000.164557 -2003.346085 -2002.727557 -2002.512394 -2002.468719 -2002.461550 -2002.460853 -2002.461181 -2002.461595 -2002.461943 -2002.462217 -2002.462431 -2002.462601 -2002.462740 -2002.462855 -2002.462955 -2002.463047 -2002.463139 -2002.463241 -2002.463367 -2002.463536 -2002.463780 -2002.464148 -2002.464720 -2002.465629 -2002.467106 -2002.469562 -2002.473754 -2002.481121 -2002.494471 -2002.519417 -2002.567432 -2002.662798 -2002.859688 -2003.288011 -2004.286518 -2006.831882 -2014.130480 -2038.391772 -9999.0 -9999.0
-9999.0 -9999.0 224.611584 126.588688 27.688465 -71.481786 -170.756934 -270.073427 -369.398509 -468.709941 -567.980948 -667.151063 -766.189239 -865.133541 -964.000207 -1062.869605 -1161.547922 -1259.683195 -1357.009485 -1452.849740 -1545.893121 -1633.834816 -1713.612128 -1782.494460 -1839.115488 -1883.690642 -1917.568596 -1942.612929 -1960.730633 -1973.615994 -1982.656842 -1988.932090 -1993.250529 -1996.202497 -1998.210754 -1999.576364 -2000.525178 -2001.289022 -2002.335526 -2004.736473 -2006.371491 -1950.196609 -1213.142700 -1226.531862 -1212.755989 -1203.561563 -1199.250249 -1198.584183 -1198.511867 -1198.517896 -1198.535140 -1198.553758 -1198.571661 -1198.588247 -1198.603702 -1198.622209 -1198.682554 -1199.083386 -1201.385529 -1206.467451 -1212.786623 -1189.645590 -1923.349576 -2000.164557 -2003.346085 -2002.727557 -2002.512394 -2002.468719 -2002.461549 -2002.460853 -2002.461181 -2002.461595 -2002.461943 -2002.462217 -2002.462431 -2002.462601 -2002.462740 -2002.462855 -2002.462955 -2002.463047 -2002.463139 -2002.463241 -2002.463367 -2002.463536 -2002.463780 -2002.464148 -2002.464720 -2002.465629 -2002.467106 -2002.469562 -2002.473754 -2002.481121 -2002.494471 -2002.519417 -2002.567432 -2002.662798 -2002.859688 -2003.288011 -2004.286518 -2006.831882 -2014.130480 -2038.391772 -9999.0 -9999.0
-9999.0 -9999.0 224.611584 126.588688 27.688465 -71.481786 -170.756934 -270.073427 -369.398509 -468.709941 -567.980948 -667.151063 -766.189239 -865.133541 -964.000207 -1062.869605 -1161.547922 -1259.683195 -1357.009485 -1452.849740 -1545.893121 -1633.834816 -1713.612128 -1782.494460 -1839.115488 -1883.690642 -1917.568596 -1942.612929 -1960.730633 -1973.615994 -1982.656842 -1988.932090 -1993.250529 -1996.202497 -1998.210754 -1999.576364 -2000.525178 -2001.289022 -2002.335526 -2004.736473 -2006.371491 -1950.196609 -1213.142700 -1226.531862 -1212.755989 -1203.561563 -1199.250249 -1198.584183 -1198.511867 -1198.517896 -1198.535140 -1198.553758 -1198.571661 -1198.588247 -1198.603702 -1198.622209 -1198.682554 -1199.083386 -1201.385529 -1206.467451 -1212.786623 -1189.645590 -1923.349576 -2000.164557 -2003.346085 -2002.727557 -2002.512394 -2002.468719 -2002.461549 -2002.460853 -2002.461181 -2002.461595 -2002.461943 -2002.462217 -2002.462431 -2002.462601 -2002.462740 -2002.462855 -2002.462955 -2002.463047 -2002.463139 -2002.463241 -2002.463367 -2002.463536 -2002.463780 -2002.464148 -2002.464720 -2002.465629 -2002.467106 -2002.469562 -2002.473754 -2002.481121 -2002.494471 -2002.519417 -2002.567432 -2002.662798 -2002.859688 -2003.288011 -2004.286518 -2006.831882 -2014.130480 -2038.391772 -9999.0 -9999.0
-9999.0 -9999.0 224.610294 126.587952 27.688174 -71.481891 -170.756972 -270.073440 -369.398514 -468.709943 -567.980949 -667.151063 -766.189239 -865.133541 -964.000207 -1062.869605 -1161.547922 -1259.683195 -1357.009485 -1452.849740 -1545.893121 -1633.834816 -1713.612127 -1782.494460 -1839.115488 -1883.690642 -1917.568595 -1942.612929 -1960.730633 -1973.615994 -1982.656842 -1988.932090 -1993.250529 -1996.202497 -1998.210754 -1999.576364 -2000.525178 -2001.289022 -2002.335526 -2004.736473 -2006.371491 -1950.196609 -1213.142700 -1226.531862 -1212.755989 -1203.561563 -1199.250249 -1198.584183 -1198.511867 -1198.517896 -1198.535140 -1198.553758 -1198.571661 -1198.588247 -1198.603702 -1198.622209 -1198.682554 -1199.083386 -1201.385529 -1206.467451 -1212.786623 -1189.645590 -1923.349576 -2000.164557 -2003.346085 -2002.727557 -2002.512394 -2002.468719 -2002.461550 -2002.460853 -2002.461181 -2002.461595 -2002.461943 -2002.462217 -2002.462431 -2002.462601 -2002.462740 -2002.462855 -2002.462955 -2002.463047 -2002.463139 -2002.463241 -2002.463367 -2002.463536 -2002.463780 -2002.464148 -2002.464720 -2002.465629 -2002.467106 -2002.469562 -2002.473754 -2002.481121 -2002.494471 -2002.519417 -2002.567432 -2002.662798 -2002.859688 -2003.288011 -2004.286518 -2006.831882 -2014.130480 -2038.391772 -9999.0 -9999.0
-9999.0 -9999.0 224.602087 126.586170 27.687715 -71.482026 -170.757015 -270.073455 -369.398519 -468.709945 -567.980949 -667.151063 -766.189239 -865.133541 -964.000207 -1062.869605 -1161.547922 -1259.683195 -1357.009484 -1452.849739 -1545.893121 -1633.834816 -1713.612127 -1782.494460 -1839.115488 -1883.690642 -1917.568595 -1942.612929 -1960.730633 -1973.615994 -1982.656842 -1988.932090 -1993.250529 -1996.202497 -1998.210754 -1999.576364 -2000.525178 -2001.289022 -2002.335526 -2004.736473 -2006.371491 -1950.196609 -1213.142701 -1226.531862 -1212.755989 -1203.561563 -1199.250249 -1198.584183 -1198.511867 -1198.517896 -1198.535140 -1198.553758 -1198.571661 -1198.588247 -1198.603702 -1198.622209 -1198.682554 -1199.083386 -1201.385529 -1206.467451 -1212.786623 -1189.645590 -1923.349576 -2000.164557 -2003.346085 -2002.727557 -2002.512394 -2002.468719 -2002.461550 -2002.460853 -2002.461181 -2002.461595 -2002.461943 -2002.462217 -2002.462431 -2002.462601 -2002.462740 -2002.462855 -2002.462955 -2002.463047 -2002.463139 -2002.463241 -2002.463367 -2002.463536 -2002.463781 -2002.464148 -2002.464720 -2002.465629 -2002.467106 -2002.469562 -2002.473754 -2002.481121 -2002.494471 -2002.519417 -2002.567432 -2002.662798 -2002.859688 -2003.288011 -2004.286518 -2006.831882 -2014.130480 -2038.391772 -9999.0 -9999.0
-9999.0 -9999.0 -9999.0 -9999.0 -9999.0 -9999.0 -9999.0 -9999.0 -9999.0 -9999.0 -9999.0 -9999.0 -9999.0 -9999.0 -9999.0 -9999.0 -9999.0 -9999.0 -9999.0 -9999.0 -9999.0 -9999.0 -9999.0 -9999.0 -9999.0 -9999.0 -9999.0 -9999.0 -9999.0 -9999.0 -9999.0 -9999.0 -9999.0 -9999.0 -9999.0 -9999.0 -9999.0 -9999.0 -9999.0 -9999.0 -9999.0 -9999.0 -9999.0 -9999.0 -9999.0 -9999.0 -9999.0 -9999.0 -9999.0 -9999.0 -9999.0 -9999.0 -9999.0 -9999.0 -9999.0 -9999.0 -9999.0 -9999.0 -9999.0 -9999.0 -9999.0 -9999.0 -9999.0 -9999.0 -9999.0 -9999.0 -9999.0 -9999.0 -9999.0 -9999.0 -9999.0 -9999.0 -9999.0 -9999.0 -9999.0 -9999.0 -9999.0 -9999.0 -9999.0 -9999.0 -9999.0 -9999.0 -9999.0 -9999.0 -9999.0 -9999.0 -9999.0 -9999.0 -9999.0 -9999.0 -9999.0 -9999.0 -9999.0 -9999.0 -9999.0 -9999.0 -9999.0 -9999.0 -9999.0 -9999.0 -9999.0 -9999.0 -9999.0 -9999.0
-9999.0 -9999.0 -9999.0 -9999.0 -9999.0 -9999.0 -9999.0 -9999.0 -9999.0 -9999.0 -9999.0 -9999.0 -9999.0 -9999.0 -9999.0 -9999.0 -9999.0 -9999.0 -9999.0 -9999.0 -9999.0 -9999.0 -9999.0 -9999.0 -9999.0 -9999.0 -9999.0 -9999.0 -9999.0 -9999.0 -9999.0 -9999.0 -9999.0 -9999.0 -9999.0 -9999.0 -9999.0 -9999.0 -9999.0 -9999.0 -9999.0 -9999.0 -9999.0 -9999.0 -9999.0 -9999.0 -9999.0 -9999.0 -9999.0 -9999.0 -9999.0 -9999.0 -9999.0 -9999.0 -9999.0 -9999.0 -9999.0 -9999.0 -9999.0 -9999.0 -9999.0 -9999.0 -9999.0 -9999.0 -9999.0 -9999.0 -9999.0 -9999.0 -9999.0 -9999.0 -9999.0 -9999.0 -9999.0 -9999.0 -9999.0 -9999.0 -9999.0 -9999.0 -9999.0 -9999.0 -9999.0 -9999.0 -9999.0 -9999.0 -9999.0 -9999.0 -9999.0 -9999.0 -9999.0 -9999.0 -9999.0 -9999.0 -9999.0 -9999.0 -9999.0 -9999.0 -9999.0 -9999.0 -9999.0 -9999.0 -9999.0 -9999.0 -9999.0 -9999.0