inst/processing_geotop_simulation/geotop_simulation/out/maps3D/PwL0000N0366.asc
ncols         104
nrows         10
xllcorner     -2.000000
yllcorner     0.000000
cellsize      1.000000
NODATA_value  -9999.0
-9999.0 -9999.0 -9999.0 -9999.0 -9999.0 -9999.0 -9999.0 -9999.0 -9999.0 -9999.0 -9999.0 -9999.0 -9999.0 -9999.0 -9999.0 -9999.0 -9999.0 -9999.0 -9999.0 -9999.0 -9999.0 -9999.0 -9999.0 -9999.0 -9999.0 -9999.0 -9999.0 -9999.0 -9999.0 -9999.0 -9999.0 -9999.0 -9999.0 -9999.0 -9999.0 -9999.0 -9999.0 -9999.0 -9999.0 -9999.0 -9999.0 -9999.0 -9999.0 -9999.0 -9999.0 -9999.0 -9999.0 -9999.0 -9999.0 -9999.0 -9999.0 -9999.0 -9999.0 -9999.0 -9999.0 -9999.0 -9999.0 -9999.0 -9999.0 -9999.0 -9999.0 -9999.0 -9999.0 -9999.0 -9999.0 -9999.0 -9999.0 -9999.0 -9999.0 -9999.0 -9999.0 -9999.0 -9999.0 -9999.0 -9999.0 -9999.0 -9999.0 -9999.0 -9999.0 -9999.0 -9999.0 -9999.0 -9999.0 -9999.0 -9999.0 -9999.0 -9999.0 -9999.0 -9999.0 -9999.0 -9999.0 -9999.0 -9999.0 -9999.0 -9999.0 -9999.0 -9999.0 -9999.0 -9999.0 -9999.0 -9999.0 -9999.0 -9999.0 -9999.0
-9999.0 -9999.0 -9999.0 -9999.0 -9999.0 -9999.0 -9999.0 -9999.0 -9999.0 -9999.0 -9999.0 -9999.0 -9999.0 -9999.0 -9999.0 -9999.0 -9999.0 -9999.0 -9999.0 -9999.0 -9999.0 -9999.0 -9999.0 -9999.0 -9999.0 -9999.0 -9999.0 -9999.0 -9999.0 -9999.0 -9999.0 -9999.0 -9999.0 -9999.0 -9999.0 -9999.0 -9999.0 -9999.0 -9999.0 -9999.0 -9999.0 -9999.0 -9999.0 -9999.0 -9999.0 -9999.0 -9999.0 -9999.0 -9999.0 -9999.0 -9999.0 -9999.0 -9999.0 -9999.0 -9999.0 -9999.0 -9999.0 -9999.0 -9999.0 -9999.0 -9999.0 -9999.0 -9999.0 -9999.0 -9999.0 -9999.0 -9999.0 -9999.0 -9999.0 -9999.0 -9999.0 -9999.0 -9999.0 -9999.0 -9999.0 -9999.0 -9999.0 -9999.0 -9999.0 -9999.0 -9999.0 -9999.0 -9999.0 -9999.0 -9999.0 -9999.0 -9999.0 -9999.0 -9999.0 -9999.0 -9999.0 -9999.0 -9999.0 -9999.0 -9999.0 -9999.0 -9999.0 -9999.0 -9999.0 -9999.0 -9999.0 -9999.0 -9999.0 -9999.0
-9999.0 -9999.0 0.028341 -95.451154 -194.094874 -293.090717 -392.214817 -491.383277 -590.553611 -689.691853 -788.744072 -887.670753 -986.437041 -1084.993146 -1183.489975 -1281.887681 -1379.805926 -1476.922234 -1572.665720 -1666.031003 -1755.166911 -1837.059804 -1908.386421 -1967.065496 -2012.964304 -2047.470479 -2072.662339 -2090.663646 -2103.319847 -2112.104323 -2118.137629 -2122.245618 -2125.023117 -2126.890814 -2128.142246 -2128.982321 -2129.564612 -2130.059549 -2130.875633 -2133.145815 -2135.630613 -2078.910022 -1290.124297 -1286.474195 -1276.491485 -1269.946893 -1266.866886 -1266.384432 -1266.331975 -1266.336842 -1266.350021 -1266.364228 -1266.377888 -1266.390543 -1266.402323 -1266.416302 -1266.460967 -1266.754234 -1268.410789 -1272.069654 -1277.088034 -1273.529961 -2055.479729 -2129.747274 -2131.700108 -2130.976001 -2130.770412 -2130.731886 -2130.725909 -2130.725474 -2130.725888 -2130.726348 -2130.726725 -2130.727018 -2130.727245 -2130.727423 -2130.727565 -2130.727681 -2130.727780 -2130.727869 -2130.727958 -2130.728058 -2130.728182 -2130.728354 -2130.728606 -2130.728991 -2130.729595 -2130.730562 -2130.732138 -2130.734763 -2130.739239 -2130.747089 -2130.761277 -2130.787696 -2130.838318 -2130.938171 -2131.142184 -2131.579695 -2132.582178 -2135.090463 -2142.175818 -2165.757413 -9999.0 -9999.0
-9999.0 -9999.0 0.087664 -95.449231 -194.094395 -293.090577 -392.214773 -491.383262 -590.553606 -689.691851 -788.744071 -887.670752 -986.437041 -1084.993146 -1183.489975 -1281.887681 -1379.805926 -1476.922234 -1572.665720 -1666.031003 -1755.166911 -1837.059804 -1908.386421 -1967.065496 -2012.964304 -2047.470480 -2072.662339 -2090.663646 -2103.319847 -2112.104323 -2118.137629 -2122.245618 -2125.023117 -2126.890814 -2128.142246 -2128.982321 -2129.564612 -2130.059549 -2130.875633 -2133.145815 -2135.630613 -2078.910022 -1290.124297 -1286.474195 -1276.491485 -1269.946892 -1266.866886 -1266.384432 -1266.331975 -1266.336842 -1266.350021 -1266.364228 -1266.377888 -1266.390543 -1266.402323 -1266.416302 -1266.460967 -1266.754234 -1268.410789 -1272.069654 -1277.088034 -1273.529961 -2055.479729 -2129.747274 -2131.700108 -2130.976001 -2130.770412 -2130.731886 -2130.725909 -2130.725474 -2130.725888 -2130.726348 -2130.726725 -2130.727018 -2130.727245 -2130.727423 -2130.727565 -2130.727681 -2130.727780 -2130.727869 -2130.727958 -2130.728058 -2130.728182 -2130.728354 -2130.728606 -2130.728991 -2130.729595 -2130.730562 -2130.732138 -2130.734763 -2130.739239 -2130.747089 -2130.761277 -2130.787696 -2130.838318 -2130.938171 -2131.142184 -2131.579695 -2132.582178 -2135.090463 -2142.175818 -2165.757413 -9999.0 -9999.0
-9999.0 -9999.0 0.087678 -95.448462 -194.094093 -293.090468 -392.214734 -491.383248 -590.553601 -689.691849 -788.744070 -887.670752 -986.437041 -1084.993146 -1183.489975 -1281.887681 -1379.805926 -1476.922235 -1572.665720 -1666.031003 -1755.166911 -1837.059804 -1908.386421 -1967.065496 -2012.964305 -2047.470480 -2072.662339 -2090.663646 -2103.319847 -2112.104323 -2118.137629 -2122.245618 -2125.023117 -2126.890814 -2128.142246 -2128.982321 -2129.564612 -2130.059549 -2130.875633 -2133.145815 -2135.630613 -2078.910022 -1290.124297 -1286.474195 -1276.491485 -1269.946892 -1266.866886 -1266.384432 -1266.331975 -1266.336842 -1266.350021 -1266.364228 -1266.377888 -1266.390543 -1266.402323 -1266.416302 -1266.460967 -1266.754234 -1268.410789 -1272.069654 -1277.088034 -1273.529961 -2055.479729 -2129.747274 -2131.700108 -2130.976001 -2130.770412 -2130.731886 -2130.725909 -2130.725474 -2130.725888 -2130.726348 -2130.726725 -2130.727018 -2130.727245 -2130.727423 -2130.727565 -2130.727681 -2130.727780 -2130.727869 -2130.727958 -2130.728058 -2130.728182 -2130.728354 -2130.728606 -2130.728991 -2130.729595 -2130.730562 -2130.732138 -2130.734763 -2130.739239 -2130.747089 -2130.761277 -2130.787696 -2130.838318 -2130.938171 -2131.142184 -2131.579695 -2132.582178 -2135.090463 -2142.175818 -2165.757413 -9999.0 -9999.0
-9999.0 -9999.0 0.087678 -95.448462 -194.094093 -293.090468 -392.214734 -491.383248 -590.553600 -689.691849 -788.744070 -887.670752 -986.437041 -1084.993146 -1183.489975 -1281.887681 -1379.805926 -1476.922235 -1572.665720 -1666.031003 -1755.166911 -1837.059804 -1908.386421 -1967.065496 -2012.964305 -2047.470480 -2072.662339 -2090.663646 -2103.319847 -2112.104323 -2118.137629 -2122.245618 -2125.023117 -2126.890814 -2128.142246 -2128.982321 -2129.564612 -2130.059549 -2130.875633 -2133.145815 -2135.630613 -2078.910022 -1290.124297 -1286.474195 -1276.491485 -1269.946892 -1266.866886 -1266.384432 -1266.331975 -1266.336842 -1266.350021 -1266.364228 -1266.377888 -1266.390543 -1266.402323 -1266.416302 -1266.460967 -1266.754234 -1268.410789 -1272.069654 -1277.088034 -1273.529961 -2055.479729 -2129.747274 -2131.700108 -2130.976001 -2130.770412 -2130.731886 -2130.725909 -2130.725474 -2130.725888 -2130.726348 -2130.726725 -2130.727018 -2130.727245 -2130.727423 -2130.727565 -2130.727681 -2130.727780 -2130.727869 -2130.727958 -2130.728058 -2130.728182 -2130.728354 -2130.728606 -2130.728991 -2130.729595 -2130.730562 -2130.732138 -2130.734763 -2130.739239 -2130.747089 -2130.761277 -2130.787696 -2130.838318 -2130.938171 -2131.142184 -2131.579695 -2132.582178 -2135.090463 -2142.175818 -2165.757413 -9999.0 -9999.0
-9999.0 -9999.0 0.087664 -95.449232 -194.094395 -293.090577 -392.214773 -491.383262 -590.553606 -689.691851 -788.744071 -887.670752 -986.437041 -1084.993146 -1183.489975 -1281.887681 -1379.805926 -1476.922234 -1572.665720 -1666.031003 -1755.166911 -1837.059804 -1908.386421 -1967.065496 -2012.964304 -2047.470480 -2072.662339 -2090.663646 -2103.319847 -2112.104323 -2118.137629 -2122.245618 -2125.023117 -2126.890814 -2128.142246 -2128.982321 -2129.564612 -2130.059549 -2130.875633 -2133.145815 -2135.630613 -2078.910022 -1290.124297 -1286.474195 -1276.491485 -1269.946892 -1266.866886 -1266.384432 -1266.331975 -1266.336842 -1266.350021 -1266.364228 -1266.377888 -1266.390543 -1266.402323 -1266.416302 -1266.460967 -1266.754234 -1268.410789 -1272.069654 -1277.088034 -1273.529961 -2055.479729 -2129.747274 -2131.700108 -2130.976001 -2130.770412 -2130.731886 -2130.725909 -2130.725474 -2130.725888 -2130.726348 -2130.726725 -2130.727018 -2130.727245 -2130.727423 -2130.727565 -2130.727681 -2130.727780 -2130.727869 -2130.727958 -2130.728058 -2130.728182 -2130.728354 -2130.728606 -2130.728991 -2130.729595 -2130.730562 -2130.732138 -2130.734763 -2130.739239 -2130.747089 -2130.761277 -2130.787696 -2130.838318 -2130.938171 -2131.142184 -2131.579695 -2132.582178 -2135.090463 -2142.175818 -2165.757413 -9999.0 -9999.0
-9999.0 -9999.0 0.028341 -95.451154 -194.094874 -293.090717 -392.214817 -491.383277 -590.553611 -689.691853 -788.744072 -887.670753 -986.437041 -1084.993146 -1183.489975 -1281.887681 -1379.805926 -1476.922234 -1572.665720 -1666.031003 -1755.166911 -1837.059804 -1908.386421 -1967.065496 -2012.964304 -2047.470479 -2072.662339 -2090.663646 -2103.319847 -2112.104323 -2118.137629 -2122.245618 -2125.023117 -2126.890814 -2128.142246 -2128.982321 -2129.564612 -2130.059549 -2130.875633 -2133.145815 -2135.630613 -2078.910022 -1290.124297 -1286.474195 -1276.491485 -1269.946893 -1266.866886 -1266.384432 -1266.331975 -1266.336842 -1266.350021 -1266.364228 -1266.377888 -1266.390543 -1266.402323 -1266.416302 -1266.460967 -1266.754234 -1268.410789 -1272.069654 -1277.088034 -1273.529961 -2055.479729 -2129.747274 -2131.700108 -2130.976001 -2130.770412 -2130.731886 -2130.725909 -2130.725474 -2130.725888 -2130.726348 -2130.726725 -2130.727018 -2130.727245 -2130.727423 -2130.727565 -2130.727681 -2130.727780 -2130.727869 -2130.727958 -2130.728058 -2130.728182 -2130.728354 -2130.728606 -2130.728991 -2130.729595 -2130.730562 -2130.732138 -2130.734763 -2130.739239 -2130.747089 -2130.761277 -2130.787696 -2130.838318 -2130.938171 -2131.142184 -2131.579695 -2132.582178 -2135.090463 -2142.175818 -2165.757413 -9999.0 -9999.0
-9999.0 -9999.0 -9999.0 -9999.0 -9999.0 -9999.0 -9999.0 -9999.0 -9999.0 -9999.0 -9999.0 -9999.0 -9999.0 -9999.0 -9999.0 -9999.0 -9999.0 -9999.0 -9999.0 -9999.0 -9999.0 -9999.0 -9999.0 -9999.0 -9999.0 -9999.0 -9999.0 -9999.0 -9999.0 -9999.0 -9999.0 -9999.0 -9999.0 -9999.0 -9999.0 -9999.0 -9999.0 -9999.0 -9999.0 -9999.0 -9999.0 -9999.0 -9999.0 -9999.0 -9999.0 -9999.0 -9999.0 -9999.0 -9999.0 -9999.0 -9999.0 -9999.0 -9999.0 -9999.0 -9999.0 -9999.0 -9999.0 -9999.0 -9999.0 -9999.0 -9999.0 -9999.0 -9999.0 -9999.0 -9999.0 -9999.0 -9999.0 -9999.0 -9999.0 -9999.0 -9999.0 -9999.0 -9999.0 -9999.0 -9999.0 -9999.0 -9999.0 -9999.0 -9999.0 -9999.0 -9999.0 -9999.0 -9999.0 -9999.0 -9999.0 -9999.0 -9999.0 -9999.0 -9999.0 -9999.0 -9999.0 -9999.0 -9999.0 -9999.0 -9999.0 -9999.0 -9999.0 -9999.0 -9999.0 -9999.0 -9999.0 -9999.0 -9999.0 -9999.0
-9999.0 -9999.0 -9999.0 -9999.0 -9999.0 -9999.0 -9999.0 -9999.0 -9999.0 -9999.0 -9999.0 -9999.0 -9999.0 -9999.0 -9999.0 -9999.0 -9999.0 -9999.0 -9999.0 -9999.0 -9999.0 -9999.0 -9999.0 -9999.0 -9999.0 -9999.0 -9999.0 -9999.0 -9999.0 -9999.0 -9999.0 -9999.0 -9999.0 -9999.0 -9999.0 -9999.0 -9999.0 -9999.0 -9999.0 -9999.0 -9999.0 -9999.0 -9999.0 -9999.0 -9999.0 -9999.0 -9999.0 -9999.0 -9999.0 -9999.0 -9999.0 -9999.0 -9999.0 -9999.0 -9999.0 -9999.0 -9999.0 -9999.0 -9999.0 -9999.0 -9999.0 -9999.0 -9999.0 -9999.0 -9999.0 -9999.0 -9999.0 -9999.0 -9999.0 -9999.0 -9999.0 -9999.0 -9999.0 -9999.0 -9999.0 -9999.0 -9999.0 -9999.0 -9999.0 -9999.0 -9999.0 -9999.0 -9999.0 -9999.0 -9999.0 -9999.0 -9999.0 -9999.0 -9999.0 -9999.0 -9999.0 -9999.0 -9999.0 -9999.0 -9999.0 -9999.0 -9999.0 -9999.0 -9999.0 -9999.0 -9999.0 -9999.0 -9999.0 -9999.0