inst/processing_geotop_simulation/geotop_simulation/out/maps3D/PwL0014N0258.asc
ncols         104
nrows         10
xllcorner     -2.000000
yllcorner     0.000000
cellsize      1.000000
NODATA_value  -9999.0
-9999.0 -9999.0 -9999.0 -9999.0 -9999.0 -9999.0 -9999.0 -9999.0 -9999.0 -9999.0 -9999.0 -9999.0 -9999.0 -9999.0 -9999.0 -9999.0 -9999.0 -9999.0 -9999.0 -9999.0 -9999.0 -9999.0 -9999.0 -9999.0 -9999.0 -9999.0 -9999.0 -9999.0 -9999.0 -9999.0 -9999.0 -9999.0 -9999.0 -9999.0 -9999.0 -9999.0 -9999.0 -9999.0 -9999.0 -9999.0 -9999.0 -9999.0 -9999.0 -9999.0 -9999.0 -9999.0 -9999.0 -9999.0 -9999.0 -9999.0 -9999.0 -9999.0 -9999.0 -9999.0 -9999.0 -9999.0 -9999.0 -9999.0 -9999.0 -9999.0 -9999.0 -9999.0 -9999.0 -9999.0 -9999.0 -9999.0 -9999.0 -9999.0 -9999.0 -9999.0 -9999.0 -9999.0 -9999.0 -9999.0 -9999.0 -9999.0 -9999.0 -9999.0 -9999.0 -9999.0 -9999.0 -9999.0 -9999.0 -9999.0 -9999.0 -9999.0 -9999.0 -9999.0 -9999.0 -9999.0 -9999.0 -9999.0 -9999.0 -9999.0 -9999.0 -9999.0 -9999.0 -9999.0 -9999.0 -9999.0 -9999.0 -9999.0 -9999.0 -9999.0
-9999.0 -9999.0 -9999.0 -9999.0 -9999.0 -9999.0 -9999.0 -9999.0 -9999.0 -9999.0 -9999.0 -9999.0 -9999.0 -9999.0 -9999.0 -9999.0 -9999.0 -9999.0 -9999.0 -9999.0 -9999.0 -9999.0 -9999.0 -9999.0 -9999.0 -9999.0 -9999.0 -9999.0 -9999.0 -9999.0 -9999.0 -9999.0 -9999.0 -9999.0 -9999.0 -9999.0 -9999.0 -9999.0 -9999.0 -9999.0 -9999.0 -9999.0 -9999.0 -9999.0 -9999.0 -9999.0 -9999.0 -9999.0 -9999.0 -9999.0 -9999.0 -9999.0 -9999.0 -9999.0 -9999.0 -9999.0 -9999.0 -9999.0 -9999.0 -9999.0 -9999.0 -9999.0 -9999.0 -9999.0 -9999.0 -9999.0 -9999.0 -9999.0 -9999.0 -9999.0 -9999.0 -9999.0 -9999.0 -9999.0 -9999.0 -9999.0 -9999.0 -9999.0 -9999.0 -9999.0 -9999.0 -9999.0 -9999.0 -9999.0 -9999.0 -9999.0 -9999.0 -9999.0 -9999.0 -9999.0 -9999.0 -9999.0 -9999.0 -9999.0 -9999.0 -9999.0 -9999.0 -9999.0 -9999.0 -9999.0 -9999.0 -9999.0 -9999.0 -9999.0
-9999.0 -9999.0 674.600041 577.451249 479.685040 381.504135 283.129732 184.672242 86.186795 -12.294656 -110.751964 -209.173965 -307.519972 -405.704541 -503.573249 -600.906422 -697.323509 -794.151073 -890.562480 -986.451952 -1081.597890 -1169.362646 -1249.529516 -1319.592799 -1378.100079 -1424.897477 -1460.924062 -1487.770474 -1507.241961 -1521.054571 -1530.678535 -1537.288906 -1541.779152 -1544.803868 -1546.829678 -1548.184628 -1549.106528 -1549.818905 -1550.791482 -1553.776254 -1564.912863 -1604.338103 -1973.606166 -4232.545156 -4277.982768 -4271.671528 -4265.874360 -4264.927744 -4264.829743 -4264.840082 -4264.865731 -4264.893144 -4264.919411 -4264.943676 -4264.966072 -4264.991308 -4265.066056 -4265.591233 -4268.934159 -4274.168953 -4193.776122 -1789.697971 -1568.112723 -1557.367300 -1552.459065 -1551.244953 -1551.022464 -1550.986654 -1550.981588 -1550.981462 -1550.982056 -1550.982646 -1550.983123 -1550.983491 -1550.983776 -1550.984000 -1550.984180 -1550.984327 -1550.984452 -1550.984564 -1550.984676 -1550.984799 -1550.984953 -1550.985163 -1550.985471 -1550.985938 -1550.986671 -1550.987840 -1550.989741 -1550.992897 -1550.998259 -1551.007628 -1551.024494 -1551.055791 -1551.115560 -1551.233036 -1551.472005 -1551.981529 -1553.137607 -1555.964478 -1563.584345 -1587.527730 -9999.0 -9999.0
-9999.0 -9999.0 674.604724 577.452763 479.685492 381.504276 283.129778 184.672258 86.186801 -12.294654 -110.751963 -209.173965 -307.519972 -405.704541 -503.573249 -600.906422 -697.323509 -794.151073 -890.562480 -986.451952 -1081.597890 -1169.362646 -1249.529516 -1319.592800 -1378.100079 -1424.897477 -1460.924062 -1487.770475 -1507.241961 -1521.054571 -1530.678536 -1537.288906 -1541.779152 -1544.803868 -1546.829678 -1548.184628 -1549.106528 -1549.818905 -1550.791482 -1553.776254 -1564.912863 -1604.338103 -1973.606166 -4232.545156 -4277.982767 -4271.671528 -4265.874360 -4264.927744 -4264.829743 -4264.840082 -4264.865731 -4264.893144 -4264.919411 -4264.943676 -4264.966072 -4264.991308 -4265.066056 -4265.591233 -4268.934159 -4274.168953 -4193.776122 -1789.697971 -1568.112723 -1557.367300 -1552.459065 -1551.244953 -1551.022464 -1550.986654 -1550.981588 -1550.981462 -1550.982056 -1550.982646 -1550.983123 -1550.983491 -1550.983776 -1550.984000 -1550.984180 -1550.984327 -1550.984452 -1550.984564 -1550.984676 -1550.984799 -1550.984953 -1550.985163 -1550.985471 -1550.985938 -1550.986671 -1550.987840 -1550.989741 -1550.992897 -1550.998259 -1551.007628 -1551.024494 -1551.055791 -1551.115560 -1551.233036 -1551.472005 -1551.981529 -1553.137607 -1555.964478 -1563.584345 -1587.527730 -9999.0 -9999.0
-9999.0 -9999.0 674.606128 577.453498 479.685793 381.504388 283.129819 184.672273 86.186806 -12.294652 -110.751963 -209.173965 -307.519972 -405.704541 -503.573249 -600.906422 -697.323510 -794.151074 -890.562480 -986.451952 -1081.597890 -1169.362647 -1249.529516 -1319.592800 -1378.100079 -1424.897477 -1460.924062 -1487.770475 -1507.241961 -1521.054571 -1530.678536 -1537.288906 -1541.779152 -1544.803868 -1546.829678 -1548.184628 -1549.106528 -1549.818905 -1550.791482 -1553.776254 -1564.912863 -1604.338103 -1973.606166 -4232.545156 -4277.982767 -4271.671528 -4265.874360 -4264.927744 -4264.829743 -4264.840082 -4264.865731 -4264.893144 -4264.919411 -4264.943676 -4264.966072 -4264.991308 -4265.066056 -4265.591233 -4268.934159 -4274.168953 -4193.776122 -1789.697971 -1568.112723 -1557.367300 -1552.459065 -1551.244953 -1551.022464 -1550.986654 -1550.981588 -1550.981462 -1550.982056 -1550.982646 -1550.983123 -1550.983491 -1550.983776 -1550.984000 -1550.984180 -1550.984327 -1550.984452 -1550.984564 -1550.984676 -1550.984799 -1550.984953 -1550.985163 -1550.985471 -1550.985938 -1550.986671 -1550.987840 -1550.989741 -1550.992897 -1550.998259 -1551.007628 -1551.024494 -1551.055791 -1551.115560 -1551.233036 -1551.472005 -1551.981529 -1553.137607 -1555.964478 -1563.584345 -1587.527730 -9999.0 -9999.0
-9999.0 -9999.0 674.606128 577.453498 479.685793 381.504388 283.129819 184.672273 86.186806 -12.294652 -110.751963 -209.173965 -307.519972 -405.704541 -503.573249 -600.906422 -697.323510 -794.151073 -890.562480 -986.451952 -1081.597890 -1169.362647 -1249.529516 -1319.592800 -1378.100079 -1424.897477 -1460.924062 -1487.770475 -1507.241961 -1521.054571 -1530.678536 -1537.288906 -1541.779152 -1544.803868 -1546.829678 -1548.184628 -1549.106528 -1549.818905 -1550.791482 -1553.776254 -1564.912863 -1604.338103 -1973.606166 -4232.545156 -4277.982767 -4271.671528 -4265.874360 -4264.927744 -4264.829743 -4264.840082 -4264.865731 -4264.893144 -4264.919411 -4264.943676 -4264.966072 -4264.991308 -4265.066056 -4265.591233 -4268.934159 -4274.168953 -4193.776122 -1789.697971 -1568.112723 -1557.367300 -1552.459065 -1551.244953 -1551.022464 -1550.986654 -1550.981588 -1550.981462 -1550.982056 -1550.982646 -1550.983123 -1550.983491 -1550.983776 -1550.984000 -1550.984180 -1550.984327 -1550.984452 -1550.984564 -1550.984676 -1550.984799 -1550.984953 -1550.985163 -1550.985471 -1550.985938 -1550.986671 -1550.987840 -1550.989741 -1550.992897 -1550.998259 -1551.007628 -1551.024494 -1551.055791 -1551.115560 -1551.233036 -1551.472005 -1551.981529 -1553.137607 -1555.964478 -1563.584345 -1587.527730 -9999.0 -9999.0
-9999.0 -9999.0 674.604724 577.452763 479.685492 381.504276 283.129778 184.672258 86.186801 -12.294654 -110.751963 -209.173965 -307.519972 -405.704541 -503.573249 -600.906422 -697.323509 -794.151073 -890.562480 -986.451952 -1081.597890 -1169.362646 -1249.529516 -1319.592800 -1378.100079 -1424.897477 -1460.924062 -1487.770475 -1507.241961 -1521.054571 -1530.678536 -1537.288906 -1541.779152 -1544.803868 -1546.829678 -1548.184628 -1549.106528 -1549.818905 -1550.791482 -1553.776254 -1564.912863 -1604.338103 -1973.606166 -4232.545156 -4277.982767 -4271.671528 -4265.874360 -4264.927744 -4264.829743 -4264.840082 -4264.865731 -4264.893144 -4264.919411 -4264.943676 -4264.966072 -4264.991308 -4265.066056 -4265.591233 -4268.934159 -4274.168953 -4193.776122 -1789.697971 -1568.112723 -1557.367300 -1552.459065 -1551.244953 -1551.022464 -1550.986654 -1550.981588 -1550.981462 -1550.982056 -1550.982646 -1550.983123 -1550.983491 -1550.983776 -1550.984000 -1550.984180 -1550.984327 -1550.984452 -1550.984564 -1550.984676 -1550.984799 -1550.984953 -1550.985163 -1550.985471 -1550.985938 -1550.986671 -1550.987840 -1550.989741 -1550.992897 -1550.998259 -1551.007628 -1551.024494 -1551.055791 -1551.115560 -1551.233036 -1551.472005 -1551.981529 -1553.137607 -1555.964478 -1563.584345 -1587.527730 -9999.0 -9999.0
-9999.0 -9999.0 674.600041 577.451249 479.685040 381.504135 283.129732 184.672242 86.186795 -12.294656 -110.751964 -209.173965 -307.519972 -405.704541 -503.573249 -600.906422 -697.323509 -794.151073 -890.562480 -986.451952 -1081.597890 -1169.362646 -1249.529516 -1319.592799 -1378.100079 -1424.897477 -1460.924062 -1487.770474 -1507.241961 -1521.054571 -1530.678535 -1537.288906 -1541.779152 -1544.803868 -1546.829678 -1548.184628 -1549.106528 -1549.818905 -1550.791482 -1553.776254 -1564.912863 -1604.338103 -1973.606166 -4232.545156 -4277.982768 -4271.671528 -4265.874360 -4264.927744 -4264.829743 -4264.840082 -4264.865731 -4264.893144 -4264.919411 -4264.943676 -4264.966072 -4264.991308 -4265.066056 -4265.591233 -4268.934159 -4274.168953 -4193.776122 -1789.697971 -1568.112723 -1557.367300 -1552.459065 -1551.244953 -1551.022464 -1550.986654 -1550.981588 -1550.981462 -1550.982056 -1550.982646 -1550.983123 -1550.983491 -1550.983776 -1550.984000 -1550.984180 -1550.984327 -1550.984452 -1550.984564 -1550.984676 -1550.984799 -1550.984953 -1550.985163 -1550.985471 -1550.985938 -1550.986671 -1550.987840 -1550.989741 -1550.992897 -1550.998259 -1551.007628 -1551.024494 -1551.055791 -1551.115560 -1551.233036 -1551.472005 -1551.981529 -1553.137607 -1555.964478 -1563.584345 -1587.527730 -9999.0 -9999.0
-9999.0 -9999.0 -9999.0 -9999.0 -9999.0 -9999.0 -9999.0 -9999.0 -9999.0 -9999.0 -9999.0 -9999.0 -9999.0 -9999.0 -9999.0 -9999.0 -9999.0 -9999.0 -9999.0 -9999.0 -9999.0 -9999.0 -9999.0 -9999.0 -9999.0 -9999.0 -9999.0 -9999.0 -9999.0 -9999.0 -9999.0 -9999.0 -9999.0 -9999.0 -9999.0 -9999.0 -9999.0 -9999.0 -9999.0 -9999.0 -9999.0 -9999.0 -9999.0 -9999.0 -9999.0 -9999.0 -9999.0 -9999.0 -9999.0 -9999.0 -9999.0 -9999.0 -9999.0 -9999.0 -9999.0 -9999.0 -9999.0 -9999.0 -9999.0 -9999.0 -9999.0 -9999.0 -9999.0 -9999.0 -9999.0 -9999.0 -9999.0 -9999.0 -9999.0 -9999.0 -9999.0 -9999.0 -9999.0 -9999.0 -9999.0 -9999.0 -9999.0 -9999.0 -9999.0 -9999.0 -9999.0 -9999.0 -9999.0 -9999.0 -9999.0 -9999.0 -9999.0 -9999.0 -9999.0 -9999.0 -9999.0 -9999.0 -9999.0 -9999.0 -9999.0 -9999.0 -9999.0 -9999.0 -9999.0 -9999.0 -9999.0 -9999.0 -9999.0 -9999.0
-9999.0 -9999.0 -9999.0 -9999.0 -9999.0 -9999.0 -9999.0 -9999.0 -9999.0 -9999.0 -9999.0 -9999.0 -9999.0 -9999.0 -9999.0 -9999.0 -9999.0 -9999.0 -9999.0 -9999.0 -9999.0 -9999.0 -9999.0 -9999.0 -9999.0 -9999.0 -9999.0 -9999.0 -9999.0 -9999.0 -9999.0 -9999.0 -9999.0 -9999.0 -9999.0 -9999.0 -9999.0 -9999.0 -9999.0 -9999.0 -9999.0 -9999.0 -9999.0 -9999.0 -9999.0 -9999.0 -9999.0 -9999.0 -9999.0 -9999.0 -9999.0 -9999.0 -9999.0 -9999.0 -9999.0 -9999.0 -9999.0 -9999.0 -9999.0 -9999.0 -9999.0 -9999.0 -9999.0 -9999.0 -9999.0 -9999.0 -9999.0 -9999.0 -9999.0 -9999.0 -9999.0 -9999.0 -9999.0 -9999.0 -9999.0 -9999.0 -9999.0 -9999.0 -9999.0 -9999.0 -9999.0 -9999.0 -9999.0 -9999.0 -9999.0 -9999.0 -9999.0 -9999.0 -9999.0 -9999.0 -9999.0 -9999.0 -9999.0 -9999.0 -9999.0 -9999.0 -9999.0 -9999.0 -9999.0 -9999.0 -9999.0 -9999.0 -9999.0 -9999.0