inst/processing_geotop_simulation/geotop_simulation/out/maps3D/PwL0015N0114.asc
ncols         104
nrows         10
xllcorner     -2.000000
yllcorner     0.000000
cellsize      1.000000
NODATA_value  -9999.0
-9999.0 -9999.0 -9999.0 -9999.0 -9999.0 -9999.0 -9999.0 -9999.0 -9999.0 -9999.0 -9999.0 -9999.0 -9999.0 -9999.0 -9999.0 -9999.0 -9999.0 -9999.0 -9999.0 -9999.0 -9999.0 -9999.0 -9999.0 -9999.0 -9999.0 -9999.0 -9999.0 -9999.0 -9999.0 -9999.0 -9999.0 -9999.0 -9999.0 -9999.0 -9999.0 -9999.0 -9999.0 -9999.0 -9999.0 -9999.0 -9999.0 -9999.0 -9999.0 -9999.0 -9999.0 -9999.0 -9999.0 -9999.0 -9999.0 -9999.0 -9999.0 -9999.0 -9999.0 -9999.0 -9999.0 -9999.0 -9999.0 -9999.0 -9999.0 -9999.0 -9999.0 -9999.0 -9999.0 -9999.0 -9999.0 -9999.0 -9999.0 -9999.0 -9999.0 -9999.0 -9999.0 -9999.0 -9999.0 -9999.0 -9999.0 -9999.0 -9999.0 -9999.0 -9999.0 -9999.0 -9999.0 -9999.0 -9999.0 -9999.0 -9999.0 -9999.0 -9999.0 -9999.0 -9999.0 -9999.0 -9999.0 -9999.0 -9999.0 -9999.0 -9999.0 -9999.0 -9999.0 -9999.0 -9999.0 -9999.0 -9999.0 -9999.0 -9999.0 -9999.0
-9999.0 -9999.0 -9999.0 -9999.0 -9999.0 -9999.0 -9999.0 -9999.0 -9999.0 -9999.0 -9999.0 -9999.0 -9999.0 -9999.0 -9999.0 -9999.0 -9999.0 -9999.0 -9999.0 -9999.0 -9999.0 -9999.0 -9999.0 -9999.0 -9999.0 -9999.0 -9999.0 -9999.0 -9999.0 -9999.0 -9999.0 -9999.0 -9999.0 -9999.0 -9999.0 -9999.0 -9999.0 -9999.0 -9999.0 -9999.0 -9999.0 -9999.0 -9999.0 -9999.0 -9999.0 -9999.0 -9999.0 -9999.0 -9999.0 -9999.0 -9999.0 -9999.0 -9999.0 -9999.0 -9999.0 -9999.0 -9999.0 -9999.0 -9999.0 -9999.0 -9999.0 -9999.0 -9999.0 -9999.0 -9999.0 -9999.0 -9999.0 -9999.0 -9999.0 -9999.0 -9999.0 -9999.0 -9999.0 -9999.0 -9999.0 -9999.0 -9999.0 -9999.0 -9999.0 -9999.0 -9999.0 -9999.0 -9999.0 -9999.0 -9999.0 -9999.0 -9999.0 -9999.0 -9999.0 -9999.0 -9999.0 -9999.0 -9999.0 -9999.0 -9999.0 -9999.0 -9999.0 -9999.0 -9999.0 -9999.0 -9999.0 -9999.0 -9999.0 -9999.0
-9999.0 -9999.0 740.243391 649.584334 557.174417 463.436827 369.059513 274.404139 179.654951 84.908593 -9.774760 -104.355373 -198.858810 -293.386385 -388.239899 -483.879031 -580.961613 -679.604214 -773.962532 -866.385372 -955.984961 -1034.929772 -1091.302362 -1128.401947 -1150.746010 -1163.444919 -1170.458253 -1174.311942 -1176.454937 -1177.675422 -1178.395824 -1178.840609 -1179.129353 -1179.325930 -1179.464787 -1179.567100 -1179.655056 -1179.770847 -1180.063658 -1181.678942 -1192.879906 -1281.543904 -2080.010386 -4220.877768 -4232.672929 -4232.673267 -4232.673267 -4232.673267 -4232.673267 -4232.673267 -4232.673267 -4232.673267 -4232.673267 -4232.673267 -4232.673267 -4232.673267 -4232.673267 -4232.673267 -4232.673267 -4232.672627 -4213.707558 -1965.383856 -1252.349599 -1188.547165 -1181.028762 -1180.118890 -1179.994695 -1179.975234 -1179.973235 -1179.974388 -1179.975866 -1179.977111 -1179.978073 -1179.978802 -1179.979358 -1179.979790 -1179.980132 -1179.980407 -1179.980636 -1179.980838 -1179.981035 -1179.981251 -1179.981522 -1179.981897 -1179.982450 -1179.983299 -1179.984632 -1179.986760 -1179.990207 -1179.995880 -1180.005409 -1180.021819 -1180.050908 -1180.104060 -1180.203963 -1180.396327 -1180.775097 -1181.543236 -1183.179723 -1186.922965 -1196.158041 -1221.370123 -9999.0 -9999.0
-9999.0 -9999.0 740.248263 649.585975 557.174918 463.436984 369.059565 274.404157 179.654957 84.908596 -9.774759 -104.355373 -198.858809 -293.386385 -388.239899 -483.879031 -580.961613 -679.604214 -773.962532 -866.385372 -955.984961 -1034.929772 -1091.302362 -1128.401947 -1150.746010 -1163.444919 -1170.458253 -1174.311942 -1176.454937 -1177.675422 -1178.395824 -1178.840609 -1179.129353 -1179.325930 -1179.464787 -1179.567100 -1179.655056 -1179.770847 -1180.063658 -1181.678942 -1192.879906 -1281.543904 -2080.010386 -4220.877768 -4232.672929 -4232.673267 -4232.673267 -4232.673267 -4232.673267 -4232.673267 -4232.673267 -4232.673267 -4232.673267 -4232.673267 -4232.673267 -4232.673267 -4232.673267 -4232.673267 -4232.673267 -4232.672627 -4213.707558 -1965.383856 -1252.349599 -1188.547165 -1181.028762 -1180.118890 -1179.994695 -1179.975234 -1179.973235 -1179.974388 -1179.975866 -1179.977111 -1179.978073 -1179.978802 -1179.979358 -1179.979790 -1179.980132 -1179.980407 -1179.980636 -1179.980838 -1179.981035 -1179.981251 -1179.981522 -1179.981897 -1179.982450 -1179.983299 -1179.984632 -1179.986760 -1179.990207 -1179.995880 -1180.005409 -1180.021819 -1180.050908 -1180.104060 -1180.203963 -1180.396327 -1180.775097 -1181.543236 -1183.179723 -1186.922965 -1196.158041 -1221.370123 -9999.0 -9999.0
-9999.0 -9999.0 740.249799 649.586785 557.175252 463.437110 369.059610 274.404173 179.654962 84.908598 -9.774759 -104.355372 -198.858809 -293.386385 -388.239899 -483.879031 -580.961613 -679.604214 -773.962532 -866.385372 -955.984961 -1034.929772 -1091.302362 -1128.401947 -1150.746010 -1163.444919 -1170.458253 -1174.311942 -1176.454937 -1177.675422 -1178.395824 -1178.840609 -1179.129353 -1179.325930 -1179.464787 -1179.567100 -1179.655056 -1179.770847 -1180.063658 -1181.678942 -1192.879906 -1281.543904 -2080.010386 -4220.877768 -4232.672929 -4232.673267 -4232.673267 -4232.673267 -4232.673267 -4232.673267 -4232.673267 -4232.673267 -4232.673267 -4232.673267 -4232.673267 -4232.673267 -4232.673267 -4232.673267 -4232.673267 -4232.672627 -4213.707558 -1965.383856 -1252.349599 -1188.547165 -1181.028762 -1180.118890 -1179.994695 -1179.975234 -1179.973235 -1179.974388 -1179.975866 -1179.977111 -1179.978073 -1179.978802 -1179.979358 -1179.979790 -1179.980132 -1179.980407 -1179.980636 -1179.980838 -1179.981035 -1179.981251 -1179.981522 -1179.981897 -1179.982450 -1179.983299 -1179.984632 -1179.986760 -1179.990207 -1179.995880 -1180.005409 -1180.021819 -1180.050908 -1180.104060 -1180.203963 -1180.396327 -1180.775097 -1181.543236 -1183.179723 -1186.922965 -1196.158041 -1221.370123 -9999.0 -9999.0
-9999.0 -9999.0 740.249799 649.586785 557.175252 463.437109 369.059610 274.404173 179.654963 84.908598 -9.774759 -104.355373 -198.858809 -293.386385 -388.239899 -483.879031 -580.961613 -679.604214 -773.962532 -866.385372 -955.984961 -1034.929772 -1091.302362 -1128.401947 -1150.746010 -1163.444919 -1170.458253 -1174.311942 -1176.454937 -1177.675422 -1178.395824 -1178.840609 -1179.129353 -1179.325930 -1179.464787 -1179.567100 -1179.655056 -1179.770847 -1180.063658 -1181.678942 -1192.879906 -1281.543904 -2080.010386 -4220.877768 -4232.672929 -4232.673267 -4232.673267 -4232.673267 -4232.673267 -4232.673267 -4232.673267 -4232.673267 -4232.673267 -4232.673267 -4232.673267 -4232.673267 -4232.673267 -4232.673267 -4232.673267 -4232.672627 -4213.707558 -1965.383856 -1252.349599 -1188.547165 -1181.028762 -1180.118890 -1179.994695 -1179.975234 -1179.973235 -1179.974388 -1179.975866 -1179.977111 -1179.978073 -1179.978802 -1179.979358 -1179.979790 -1179.980132 -1179.980407 -1179.980636 -1179.980838 -1179.981035 -1179.981251 -1179.981522 -1179.981897 -1179.982450 -1179.983299 -1179.984632 -1179.986760 -1179.990207 -1179.995880 -1180.005409 -1180.021819 -1180.050908 -1180.104060 -1180.203963 -1180.396327 -1180.775097 -1181.543236 -1183.179723 -1186.922965 -1196.158041 -1221.370123 -9999.0 -9999.0
-9999.0 -9999.0 740.248263 649.585975 557.174918 463.436984 369.059565 274.404157 179.654957 84.908596 -9.774760 -104.355373 -198.858809 -293.386385 -388.239899 -483.879031 -580.961613 -679.604214 -773.962532 -866.385372 -955.984961 -1034.929772 -1091.302362 -1128.401947 -1150.746010 -1163.444919 -1170.458253 -1174.311942 -1176.454937 -1177.675422 -1178.395824 -1178.840609 -1179.129353 -1179.325930 -1179.464787 -1179.567100 -1179.655056 -1179.770847 -1180.063658 -1181.678942 -1192.879906 -1281.543904 -2080.010386 -4220.877768 -4232.672929 -4232.673267 -4232.673267 -4232.673267 -4232.673267 -4232.673267 -4232.673267 -4232.673267 -4232.673267 -4232.673267 -4232.673267 -4232.673267 -4232.673267 -4232.673267 -4232.673267 -4232.672627 -4213.707558 -1965.383856 -1252.349599 -1188.547165 -1181.028762 -1180.118890 -1179.994695 -1179.975234 -1179.973235 -1179.974388 -1179.975866 -1179.977111 -1179.978073 -1179.978802 -1179.979358 -1179.979790 -1179.980132 -1179.980407 -1179.980636 -1179.980838 -1179.981035 -1179.981251 -1179.981522 -1179.981897 -1179.982450 -1179.983299 -1179.984632 -1179.986760 -1179.990207 -1179.995880 -1180.005409 -1180.021819 -1180.050908 -1180.104060 -1180.203963 -1180.396327 -1180.775097 -1181.543236 -1183.179723 -1186.922965 -1196.158041 -1221.370123 -9999.0 -9999.0
-9999.0 -9999.0 740.243391 649.584334 557.174417 463.436826 369.059513 274.404139 179.654951 84.908593 -9.774760 -104.355373 -198.858810 -293.386385 -388.239899 -483.879031 -580.961613 -679.604214 -773.962532 -866.385372 -955.984961 -1034.929772 -1091.302362 -1128.401947 -1150.746010 -1163.444919 -1170.458253 -1174.311942 -1176.454937 -1177.675422 -1178.395824 -1178.840609 -1179.129353 -1179.325930 -1179.464787 -1179.567100 -1179.655056 -1179.770847 -1180.063658 -1181.678942 -1192.879906 -1281.543904 -2080.010386 -4220.877768 -4232.672929 -4232.673267 -4232.673267 -4232.673267 -4232.673267 -4232.673267 -4232.673267 -4232.673267 -4232.673267 -4232.673267 -4232.673267 -4232.673267 -4232.673267 -4232.673267 -4232.673267 -4232.672627 -4213.707558 -1965.383856 -1252.349599 -1188.547165 -1181.028762 -1180.118890 -1179.994695 -1179.975234 -1179.973235 -1179.974388 -1179.975866 -1179.977111 -1179.978073 -1179.978802 -1179.979358 -1179.979790 -1179.980132 -1179.980407 -1179.980636 -1179.980838 -1179.981035 -1179.981251 -1179.981522 -1179.981897 -1179.982450 -1179.983299 -1179.984632 -1179.986760 -1179.990207 -1179.995880 -1180.005409 -1180.021819 -1180.050908 -1180.104060 -1180.203963 -1180.396327 -1180.775097 -1181.543236 -1183.179723 -1186.922965 -1196.158041 -1221.370123 -9999.0 -9999.0
-9999.0 -9999.0 -9999.0 -9999.0 -9999.0 -9999.0 -9999.0 -9999.0 -9999.0 -9999.0 -9999.0 -9999.0 -9999.0 -9999.0 -9999.0 -9999.0 -9999.0 -9999.0 -9999.0 -9999.0 -9999.0 -9999.0 -9999.0 -9999.0 -9999.0 -9999.0 -9999.0 -9999.0 -9999.0 -9999.0 -9999.0 -9999.0 -9999.0 -9999.0 -9999.0 -9999.0 -9999.0 -9999.0 -9999.0 -9999.0 -9999.0 -9999.0 -9999.0 -9999.0 -9999.0 -9999.0 -9999.0 -9999.0 -9999.0 -9999.0 -9999.0 -9999.0 -9999.0 -9999.0 -9999.0 -9999.0 -9999.0 -9999.0 -9999.0 -9999.0 -9999.0 -9999.0 -9999.0 -9999.0 -9999.0 -9999.0 -9999.0 -9999.0 -9999.0 -9999.0 -9999.0 -9999.0 -9999.0 -9999.0 -9999.0 -9999.0 -9999.0 -9999.0 -9999.0 -9999.0 -9999.0 -9999.0 -9999.0 -9999.0 -9999.0 -9999.0 -9999.0 -9999.0 -9999.0 -9999.0 -9999.0 -9999.0 -9999.0 -9999.0 -9999.0 -9999.0 -9999.0 -9999.0 -9999.0 -9999.0 -9999.0 -9999.0 -9999.0 -9999.0
-9999.0 -9999.0 -9999.0 -9999.0 -9999.0 -9999.0 -9999.0 -9999.0 -9999.0 -9999.0 -9999.0 -9999.0 -9999.0 -9999.0 -9999.0 -9999.0 -9999.0 -9999.0 -9999.0 -9999.0 -9999.0 -9999.0 -9999.0 -9999.0 -9999.0 -9999.0 -9999.0 -9999.0 -9999.0 -9999.0 -9999.0 -9999.0 -9999.0 -9999.0 -9999.0 -9999.0 -9999.0 -9999.0 -9999.0 -9999.0 -9999.0 -9999.0 -9999.0 -9999.0 -9999.0 -9999.0 -9999.0 -9999.0 -9999.0 -9999.0 -9999.0 -9999.0 -9999.0 -9999.0 -9999.0 -9999.0 -9999.0 -9999.0 -9999.0 -9999.0 -9999.0 -9999.0 -9999.0 -9999.0 -9999.0 -9999.0 -9999.0 -9999.0 -9999.0 -9999.0 -9999.0 -9999.0 -9999.0 -9999.0 -9999.0 -9999.0 -9999.0 -9999.0 -9999.0 -9999.0 -9999.0 -9999.0 -9999.0 -9999.0 -9999.0 -9999.0 -9999.0 -9999.0 -9999.0 -9999.0 -9999.0 -9999.0 -9999.0 -9999.0 -9999.0 -9999.0 -9999.0 -9999.0 -9999.0 -9999.0 -9999.0 -9999.0 -9999.0 -9999.0