inst/processing_geotop_simulation/geotop_simulation/out/maps3D/PwL0017N0447.asc
ncols         104
nrows         10
xllcorner     -2.000000
yllcorner     0.000000
cellsize      1.000000
NODATA_value  -9999.0
-9999.0 -9999.0 -9999.0 -9999.0 -9999.0 -9999.0 -9999.0 -9999.0 -9999.0 -9999.0 -9999.0 -9999.0 -9999.0 -9999.0 -9999.0 -9999.0 -9999.0 -9999.0 -9999.0 -9999.0 -9999.0 -9999.0 -9999.0 -9999.0 -9999.0 -9999.0 -9999.0 -9999.0 -9999.0 -9999.0 -9999.0 -9999.0 -9999.0 -9999.0 -9999.0 -9999.0 -9999.0 -9999.0 -9999.0 -9999.0 -9999.0 -9999.0 -9999.0 -9999.0 -9999.0 -9999.0 -9999.0 -9999.0 -9999.0 -9999.0 -9999.0 -9999.0 -9999.0 -9999.0 -9999.0 -9999.0 -9999.0 -9999.0 -9999.0 -9999.0 -9999.0 -9999.0 -9999.0 -9999.0 -9999.0 -9999.0 -9999.0 -9999.0 -9999.0 -9999.0 -9999.0 -9999.0 -9999.0 -9999.0 -9999.0 -9999.0 -9999.0 -9999.0 -9999.0 -9999.0 -9999.0 -9999.0 -9999.0 -9999.0 -9999.0 -9999.0 -9999.0 -9999.0 -9999.0 -9999.0 -9999.0 -9999.0 -9999.0 -9999.0 -9999.0 -9999.0 -9999.0 -9999.0 -9999.0 -9999.0 -9999.0 -9999.0 -9999.0 -9999.0
-9999.0 -9999.0 -9999.0 -9999.0 -9999.0 -9999.0 -9999.0 -9999.0 -9999.0 -9999.0 -9999.0 -9999.0 -9999.0 -9999.0 -9999.0 -9999.0 -9999.0 -9999.0 -9999.0 -9999.0 -9999.0 -9999.0 -9999.0 -9999.0 -9999.0 -9999.0 -9999.0 -9999.0 -9999.0 -9999.0 -9999.0 -9999.0 -9999.0 -9999.0 -9999.0 -9999.0 -9999.0 -9999.0 -9999.0 -9999.0 -9999.0 -9999.0 -9999.0 -9999.0 -9999.0 -9999.0 -9999.0 -9999.0 -9999.0 -9999.0 -9999.0 -9999.0 -9999.0 -9999.0 -9999.0 -9999.0 -9999.0 -9999.0 -9999.0 -9999.0 -9999.0 -9999.0 -9999.0 -9999.0 -9999.0 -9999.0 -9999.0 -9999.0 -9999.0 -9999.0 -9999.0 -9999.0 -9999.0 -9999.0 -9999.0 -9999.0 -9999.0 -9999.0 -9999.0 -9999.0 -9999.0 -9999.0 -9999.0 -9999.0 -9999.0 -9999.0 -9999.0 -9999.0 -9999.0 -9999.0 -9999.0 -9999.0 -9999.0 -9999.0 -9999.0 -9999.0 -9999.0 -9999.0 -9999.0 -9999.0 -9999.0 -9999.0 -9999.0 -9999.0
-9999.0 -9999.0 819.419399 720.353335 621.152886 521.824538 422.431710 323.010840 223.581076 124.152659 24.731642 -74.676085 -174.069896 -273.444061 -372.783778 -472.064877 -571.243172 -670.243270 -769.132458 -868.003780 -966.671145 -1065.011828 -1161.759530 -1254.588233 -1342.107783 -1422.201415 -1493.058584 -1553.536530 -1603.348367 -1643.025433 -1673.699838 -1696.815496 -1713.869641 -1726.237754 -1735.086630 -1741.356044 -1745.792332 -1749.054463 -1752.001947 -1756.249870 -1763.588912 -1770.158899 -1939.343026 -4042.599052 -4133.636645 -4133.635256 -4133.618947 -4133.609445 -4133.580527 -4133.496256 -4133.285925 -4132.733969 -4131.888116 -4130.850906 -4129.211054 -4126.202447 -4120.059310 -4106.639589 -4076.633985 -4011.025769 -3699.167328 -1698.950742 -1726.423424 -1755.696778 -1756.764754 -1755.995924 -1755.729297 -1755.670205 -1755.659626 -1755.658311 -1755.658565 -1755.659014 -1755.659430 -1755.659788 -1755.660098 -1755.660372 -1755.660622 -1755.660855 -1755.661079 -1755.661300 -1755.661526 -1755.661767 -1755.662035 -1755.662350 -1755.662740 -1755.663251 -1755.663958 -1755.664987 -1755.666554 -1755.669049 -1755.673196 -1755.680378 -1755.693321 -1755.717545 -1755.764586 -1755.859675 -1756.061387 -1756.515307 -1757.609856 -1760.468608 -1768.672632 -1794.930486 -9999.0 -9999.0
-9999.0 -9999.0 819.422642 720.354488 621.153248 521.824654 422.431749 323.010853 223.581081 124.152661 24.731643 -74.676084 -174.069895 -273.444060 -372.783778 -472.064877 -571.243172 -670.243270 -769.132458 -868.003781 -966.671145 -1065.011828 -1161.759530 -1254.588233 -1342.107784 -1422.201415 -1493.058584 -1553.536530 -1603.348367 -1643.025433 -1673.699838 -1696.815496 -1713.869641 -1726.237754 -1735.086630 -1741.356044 -1745.792332 -1749.054463 -1752.001946 -1756.249870 -1763.588912 -1770.158899 -1939.343026 -4042.599052 -4133.636645 -4133.635256 -4133.618947 -4133.609445 -4133.580527 -4133.496256 -4133.285925 -4132.733969 -4131.888116 -4130.850906 -4129.211054 -4126.202447 -4120.059310 -4106.639589 -4076.633985 -4011.025769 -3699.167329 -1698.950743 -1726.423424 -1755.696778 -1756.764754 -1755.995924 -1755.729297 -1755.670205 -1755.659626 -1755.658311 -1755.658565 -1755.659014 -1755.659430 -1755.659788 -1755.660098 -1755.660372 -1755.660622 -1755.660855 -1755.661079 -1755.661300 -1755.661526 -1755.661767 -1755.662035 -1755.662350 -1755.662740 -1755.663251 -1755.663958 -1755.664987 -1755.666554 -1755.669049 -1755.673196 -1755.680378 -1755.693321 -1755.717545 -1755.764586 -1755.859675 -1756.061387 -1756.515307 -1757.609856 -1760.468608 -1768.672632 -1794.930486 -9999.0 -9999.0
-9999.0 -9999.0 819.423762 720.355080 621.153494 521.824747 422.431783 323.010866 223.581086 124.152663 24.731644 -74.676083 -174.069895 -273.444060 -372.783778 -472.064877 -571.243172 -670.243270 -769.132458 -868.003781 -966.671145 -1065.011828 -1161.759531 -1254.588233 -1342.107784 -1422.201415 -1493.058584 -1553.536530 -1603.348367 -1643.025433 -1673.699838 -1696.815496 -1713.869641 -1726.237754 -1735.086630 -1741.356044 -1745.792332 -1749.054463 -1752.001946 -1756.249870 -1763.588912 -1770.158899 -1939.343026 -4042.599052 -4133.636645 -4133.635256 -4133.618947 -4133.609445 -4133.580527 -4133.496256 -4133.285925 -4132.733969 -4131.888116 -4130.850906 -4129.211054 -4126.202447 -4120.059310 -4106.639589 -4076.633985 -4011.025768 -3699.167328 -1698.950742 -1726.423424 -1755.696778 -1756.764754 -1755.995924 -1755.729297 -1755.670205 -1755.659626 -1755.658311 -1755.658565 -1755.659014 -1755.659430 -1755.659788 -1755.660098 -1755.660372 -1755.660622 -1755.660855 -1755.661079 -1755.661300 -1755.661526 -1755.661767 -1755.662035 -1755.662350 -1755.662740 -1755.663251 -1755.663958 -1755.664987 -1755.666554 -1755.669049 -1755.673196 -1755.680378 -1755.693321 -1755.717545 -1755.764586 -1755.859675 -1756.061387 -1756.515307 -1757.609856 -1760.468608 -1768.672632 -1794.930486 -9999.0 -9999.0
-9999.0 -9999.0 819.423762 720.355080 621.153494 521.824747 422.431783 323.010866 223.581086 124.152663 24.731644 -74.676084 -174.069895 -273.444060 -372.783778 -472.064877 -571.243172 -670.243270 -769.132458 -868.003781 -966.671145 -1065.011828 -1161.759531 -1254.588233 -1342.107784 -1422.201415 -1493.058584 -1553.536530 -1603.348367 -1643.025433 -1673.699838 -1696.815496 -1713.869641 -1726.237754 -1735.086630 -1741.356044 -1745.792332 -1749.054463 -1752.001946 -1756.249870 -1763.588912 -1770.158899 -1939.343026 -4042.599052 -4133.636645 -4133.635256 -4133.618947 -4133.609445 -4133.580527 -4133.496256 -4133.285925 -4132.733969 -4131.888116 -4130.850906 -4129.211054 -4126.202447 -4120.059310 -4106.639589 -4076.633985 -4011.025768 -3699.167328 -1698.950743 -1726.423424 -1755.696778 -1756.764754 -1755.995924 -1755.729297 -1755.670205 -1755.659626 -1755.658311 -1755.658565 -1755.659014 -1755.659430 -1755.659788 -1755.660098 -1755.660372 -1755.660622 -1755.660855 -1755.661079 -1755.661300 -1755.661526 -1755.661767 -1755.662035 -1755.662350 -1755.662740 -1755.663251 -1755.663958 -1755.664987 -1755.666554 -1755.669049 -1755.673196 -1755.680378 -1755.693321 -1755.717545 -1755.764586 -1755.859675 -1756.061387 -1756.515307 -1757.609856 -1760.468608 -1768.672632 -1794.930486 -9999.0 -9999.0
-9999.0 -9999.0 819.422642 720.354488 621.153248 521.824654 422.431749 323.010853 223.581081 124.152661 24.731643 -74.676084 -174.069895 -273.444060 -372.783778 -472.064877 -571.243172 -670.243270 -769.132458 -868.003781 -966.671145 -1065.011828 -1161.759530 -1254.588233 -1342.107784 -1422.201415 -1493.058584 -1553.536530 -1603.348367 -1643.025433 -1673.699838 -1696.815496 -1713.869641 -1726.237754 -1735.086630 -1741.356044 -1745.792332 -1749.054463 -1752.001946 -1756.249870 -1763.588912 -1770.158899 -1939.343026 -4042.599052 -4133.636645 -4133.635256 -4133.618947 -4133.609445 -4133.580527 -4133.496256 -4133.285925 -4132.733969 -4131.888116 -4130.850906 -4129.211054 -4126.202447 -4120.059310 -4106.639589 -4076.633985 -4011.025768 -3699.167329 -1698.950743 -1726.423424 -1755.696778 -1756.764754 -1755.995924 -1755.729297 -1755.670205 -1755.659626 -1755.658311 -1755.658565 -1755.659014 -1755.659430 -1755.659788 -1755.660098 -1755.660372 -1755.660622 -1755.660855 -1755.661079 -1755.661300 -1755.661526 -1755.661767 -1755.662035 -1755.662350 -1755.662740 -1755.663251 -1755.663958 -1755.664987 -1755.666554 -1755.669049 -1755.673196 -1755.680378 -1755.693321 -1755.717545 -1755.764586 -1755.859675 -1756.061387 -1756.515307 -1757.609856 -1760.468608 -1768.672632 -1794.930486 -9999.0 -9999.0
-9999.0 -9999.0 819.419399 720.353335 621.152886 521.824538 422.431710 323.010840 223.581076 124.152659 24.731642 -74.676085 -174.069895 -273.444061 -372.783778 -472.064877 -571.243172 -670.243270 -769.132458 -868.003780 -966.671145 -1065.011828 -1161.759530 -1254.588233 -1342.107783 -1422.201415 -1493.058584 -1553.536530 -1603.348367 -1643.025433 -1673.699838 -1696.815496 -1713.869641 -1726.237754 -1735.086630 -1741.356044 -1745.792332 -1749.054463 -1752.001947 -1756.249870 -1763.588912 -1770.158899 -1939.343026 -4042.599052 -4133.636645 -4133.635256 -4133.618947 -4133.609445 -4133.580527 -4133.496256 -4133.285925 -4132.733969 -4131.888116 -4130.850906 -4129.211054 -4126.202447 -4120.059310 -4106.639589 -4076.633985 -4011.025769 -3699.167329 -1698.950743 -1726.423424 -1755.696778 -1756.764754 -1755.995924 -1755.729297 -1755.670205 -1755.659626 -1755.658311 -1755.658565 -1755.659014 -1755.659430 -1755.659788 -1755.660098 -1755.660372 -1755.660622 -1755.660855 -1755.661079 -1755.661300 -1755.661526 -1755.661767 -1755.662035 -1755.662350 -1755.662740 -1755.663251 -1755.663958 -1755.664987 -1755.666554 -1755.669049 -1755.673196 -1755.680378 -1755.693321 -1755.717545 -1755.764586 -1755.859675 -1756.061387 -1756.515307 -1757.609856 -1760.468608 -1768.672632 -1794.930486 -9999.0 -9999.0
-9999.0 -9999.0 -9999.0 -9999.0 -9999.0 -9999.0 -9999.0 -9999.0 -9999.0 -9999.0 -9999.0 -9999.0 -9999.0 -9999.0 -9999.0 -9999.0 -9999.0 -9999.0 -9999.0 -9999.0 -9999.0 -9999.0 -9999.0 -9999.0 -9999.0 -9999.0 -9999.0 -9999.0 -9999.0 -9999.0 -9999.0 -9999.0 -9999.0 -9999.0 -9999.0 -9999.0 -9999.0 -9999.0 -9999.0 -9999.0 -9999.0 -9999.0 -9999.0 -9999.0 -9999.0 -9999.0 -9999.0 -9999.0 -9999.0 -9999.0 -9999.0 -9999.0 -9999.0 -9999.0 -9999.0 -9999.0 -9999.0 -9999.0 -9999.0 -9999.0 -9999.0 -9999.0 -9999.0 -9999.0 -9999.0 -9999.0 -9999.0 -9999.0 -9999.0 -9999.0 -9999.0 -9999.0 -9999.0 -9999.0 -9999.0 -9999.0 -9999.0 -9999.0 -9999.0 -9999.0 -9999.0 -9999.0 -9999.0 -9999.0 -9999.0 -9999.0 -9999.0 -9999.0 -9999.0 -9999.0 -9999.0 -9999.0 -9999.0 -9999.0 -9999.0 -9999.0 -9999.0 -9999.0 -9999.0 -9999.0 -9999.0 -9999.0 -9999.0 -9999.0
-9999.0 -9999.0 -9999.0 -9999.0 -9999.0 -9999.0 -9999.0 -9999.0 -9999.0 -9999.0 -9999.0 -9999.0 -9999.0 -9999.0 -9999.0 -9999.0 -9999.0 -9999.0 -9999.0 -9999.0 -9999.0 -9999.0 -9999.0 -9999.0 -9999.0 -9999.0 -9999.0 -9999.0 -9999.0 -9999.0 -9999.0 -9999.0 -9999.0 -9999.0 -9999.0 -9999.0 -9999.0 -9999.0 -9999.0 -9999.0 -9999.0 -9999.0 -9999.0 -9999.0 -9999.0 -9999.0 -9999.0 -9999.0 -9999.0 -9999.0 -9999.0 -9999.0 -9999.0 -9999.0 -9999.0 -9999.0 -9999.0 -9999.0 -9999.0 -9999.0 -9999.0 -9999.0 -9999.0 -9999.0 -9999.0 -9999.0 -9999.0 -9999.0 -9999.0 -9999.0 -9999.0 -9999.0 -9999.0 -9999.0 -9999.0 -9999.0 -9999.0 -9999.0 -9999.0 -9999.0 -9999.0 -9999.0 -9999.0 -9999.0 -9999.0 -9999.0 -9999.0 -9999.0 -9999.0 -9999.0 -9999.0 -9999.0 -9999.0 -9999.0 -9999.0 -9999.0 -9999.0 -9999.0 -9999.0 -9999.0 -9999.0 -9999.0 -9999.0 -9999.0