inst/processing_geotop_simulation/geotop_simulation/out/maps3D/PwL0014N0089.asc
ncols         104
nrows         10
xllcorner     -2.000000
yllcorner     0.000000
cellsize      1.000000
NODATA_value  -9999.0
-9999.0 -9999.0 -9999.0 -9999.0 -9999.0 -9999.0 -9999.0 -9999.0 -9999.0 -9999.0 -9999.0 -9999.0 -9999.0 -9999.0 -9999.0 -9999.0 -9999.0 -9999.0 -9999.0 -9999.0 -9999.0 -9999.0 -9999.0 -9999.0 -9999.0 -9999.0 -9999.0 -9999.0 -9999.0 -9999.0 -9999.0 -9999.0 -9999.0 -9999.0 -9999.0 -9999.0 -9999.0 -9999.0 -9999.0 -9999.0 -9999.0 -9999.0 -9999.0 -9999.0 -9999.0 -9999.0 -9999.0 -9999.0 -9999.0 -9999.0 -9999.0 -9999.0 -9999.0 -9999.0 -9999.0 -9999.0 -9999.0 -9999.0 -9999.0 -9999.0 -9999.0 -9999.0 -9999.0 -9999.0 -9999.0 -9999.0 -9999.0 -9999.0 -9999.0 -9999.0 -9999.0 -9999.0 -9999.0 -9999.0 -9999.0 -9999.0 -9999.0 -9999.0 -9999.0 -9999.0 -9999.0 -9999.0 -9999.0 -9999.0 -9999.0 -9999.0 -9999.0 -9999.0 -9999.0 -9999.0 -9999.0 -9999.0 -9999.0 -9999.0 -9999.0 -9999.0 -9999.0 -9999.0 -9999.0 -9999.0 -9999.0 -9999.0 -9999.0 -9999.0
-9999.0 -9999.0 -9999.0 -9999.0 -9999.0 -9999.0 -9999.0 -9999.0 -9999.0 -9999.0 -9999.0 -9999.0 -9999.0 -9999.0 -9999.0 -9999.0 -9999.0 -9999.0 -9999.0 -9999.0 -9999.0 -9999.0 -9999.0 -9999.0 -9999.0 -9999.0 -9999.0 -9999.0 -9999.0 -9999.0 -9999.0 -9999.0 -9999.0 -9999.0 -9999.0 -9999.0 -9999.0 -9999.0 -9999.0 -9999.0 -9999.0 -9999.0 -9999.0 -9999.0 -9999.0 -9999.0 -9999.0 -9999.0 -9999.0 -9999.0 -9999.0 -9999.0 -9999.0 -9999.0 -9999.0 -9999.0 -9999.0 -9999.0 -9999.0 -9999.0 -9999.0 -9999.0 -9999.0 -9999.0 -9999.0 -9999.0 -9999.0 -9999.0 -9999.0 -9999.0 -9999.0 -9999.0 -9999.0 -9999.0 -9999.0 -9999.0 -9999.0 -9999.0 -9999.0 -9999.0 -9999.0 -9999.0 -9999.0 -9999.0 -9999.0 -9999.0 -9999.0 -9999.0 -9999.0 -9999.0 -9999.0 -9999.0 -9999.0 -9999.0 -9999.0 -9999.0 -9999.0 -9999.0 -9999.0 -9999.0 -9999.0 -9999.0 -9999.0 -9999.0
-9999.0 -9999.0 679.248991 584.173049 488.004674 391.118550 293.925039 196.635350 99.357366 2.147479 -94.989141 -192.202815 -290.123165 -390.141479 -494.329985 -605.647399 -726.382679 -840.624424 -934.280708 -1017.488683 -1088.026397 -1099.160036 -1098.092428 -1093.471179 -1089.143430 -1086.308822 -1084.974323 -1084.729464 -1085.120919 -1085.799604 -1086.543870 -1087.234147 -1087.818889 -1088.285907 -1088.642997 -1088.908225 -1089.112141 -1089.308325 -1089.589817 -1090.709989 -1100.020665 -1190.005674 -2123.231759 -4274.834630 -4282.178074 -4282.178218 -4282.178218 -4282.178218 -4282.178218 -4282.178218 -4282.178218 -4282.178218 -4282.178218 -4282.178218 -4282.178218 -4282.178218 -4282.178218 -4282.178218 -4282.178218 -4282.177951 -4270.562588 -2013.598599 -1164.853230 -1097.008384 -1090.521637 -1089.808757 -1089.702276 -1089.684059 -1089.682683 -1089.684451 -1089.686442 -1089.688083 -1089.689340 -1089.690290 -1089.691015 -1089.691576 -1089.692021 -1089.692378 -1089.692675 -1089.692936 -1089.693188 -1089.693464 -1089.693808 -1089.694283 -1089.694982 -1089.696054 -1089.697735 -1089.700415 -1089.704744 -1089.711850 -1089.723740 -1089.744122 -1089.780072 -1089.845445 -1089.967795 -1090.202320 -1090.660724 -1091.576858 -1093.481090 -1097.711674 -1107.878003 -1134.442847 -9999.0 -9999.0
-9999.0 -9999.0 679.253913 584.174642 488.005149 391.118697 293.925086 196.635365 99.357370 2.147480 -94.989141 -192.202815 -290.123165 -390.141479 -494.329985 -605.647399 -726.382679 -840.624424 -934.280708 -1017.488683 -1088.026397 -1099.160036 -1098.092428 -1093.471179 -1089.143430 -1086.308822 -1084.974323 -1084.729464 -1085.120919 -1085.799604 -1086.543870 -1087.234147 -1087.818889 -1088.285907 -1088.642997 -1088.908225 -1089.112141 -1089.308325 -1089.589817 -1090.709989 -1100.020665 -1190.005674 -2123.231759 -4274.834630 -4282.178074 -4282.178218 -4282.178218 -4282.178218 -4282.178218 -4282.178218 -4282.178218 -4282.178218 -4282.178218 -4282.178218 -4282.178218 -4282.178218 -4282.178218 -4282.178218 -4282.178218 -4282.177951 -4270.562588 -2013.598599 -1164.853230 -1097.008384 -1090.521637 -1089.808757 -1089.702276 -1089.684059 -1089.682683 -1089.684451 -1089.686442 -1089.688083 -1089.689340 -1089.690290 -1089.691015 -1089.691576 -1089.692021 -1089.692378 -1089.692675 -1089.692936 -1089.693188 -1089.693464 -1089.693808 -1089.694283 -1089.694982 -1089.696054 -1089.697735 -1089.700415 -1089.704744 -1089.711850 -1089.723740 -1089.744122 -1089.780072 -1089.845445 -1089.967795 -1090.202320 -1090.660724 -1091.576858 -1093.481090 -1097.711674 -1107.878003 -1134.442847 -9999.0 -9999.0
-9999.0 -9999.0 679.255389 584.175414 488.005464 391.118814 293.925128 196.635380 99.357375 2.147482 -94.989140 -192.202815 -290.123165 -390.141479 -494.329985 -605.647399 -726.382679 -840.624424 -934.280708 -1017.488683 -1088.026397 -1099.160036 -1098.092428 -1093.471179 -1089.143430 -1086.308822 -1084.974323 -1084.729464 -1085.120919 -1085.799604 -1086.543870 -1087.234147 -1087.818889 -1088.285907 -1088.642997 -1088.908225 -1089.112141 -1089.308325 -1089.589817 -1090.709989 -1100.020665 -1190.005674 -2123.231759 -4274.834630 -4282.178074 -4282.178218 -4282.178218 -4282.178218 -4282.178218 -4282.178218 -4282.178218 -4282.178218 -4282.178218 -4282.178218 -4282.178218 -4282.178218 -4282.178218 -4282.178218 -4282.178218 -4282.177951 -4270.562588 -2013.598599 -1164.853230 -1097.008384 -1090.521637 -1089.808757 -1089.702276 -1089.684059 -1089.682683 -1089.684451 -1089.686442 -1089.688083 -1089.689340 -1089.690290 -1089.691015 -1089.691576 -1089.692021 -1089.692378 -1089.692675 -1089.692936 -1089.693188 -1089.693464 -1089.693808 -1089.694283 -1089.694982 -1089.696054 -1089.697735 -1089.700415 -1089.704744 -1089.711850 -1089.723740 -1089.744122 -1089.780072 -1089.845445 -1089.967795 -1090.202320 -1090.660724 -1091.576858 -1093.481090 -1097.711674 -1107.878003 -1134.442847 -9999.0 -9999.0
-9999.0 -9999.0 679.255389 584.175414 488.005464 391.118814 293.925128 196.635380 99.357375 2.147482 -94.989140 -192.202815 -290.123165 -390.141479 -494.329985 -605.647399 -726.382679 -840.624424 -934.280708 -1017.488683 -1088.026397 -1099.160036 -1098.092428 -1093.471179 -1089.143430 -1086.308822 -1084.974323 -1084.729464 -1085.120919 -1085.799604 -1086.543870 -1087.234147 -1087.818889 -1088.285907 -1088.642997 -1088.908225 -1089.112141 -1089.308325 -1089.589817 -1090.709989 -1100.020665 -1190.005674 -2123.231759 -4274.834630 -4282.178074 -4282.178218 -4282.178218 -4282.178218 -4282.178218 -4282.178218 -4282.178218 -4282.178218 -4282.178218 -4282.178218 -4282.178218 -4282.178218 -4282.178218 -4282.178218 -4282.178218 -4282.177951 -4270.562588 -2013.598599 -1164.853230 -1097.008384 -1090.521637 -1089.808757 -1089.702276 -1089.684059 -1089.682683 -1089.684451 -1089.686442 -1089.688083 -1089.689340 -1089.690290 -1089.691015 -1089.691576 -1089.692021 -1089.692378 -1089.692675 -1089.692936 -1089.693188 -1089.693464 -1089.693808 -1089.694283 -1089.694982 -1089.696054 -1089.697735 -1089.700415 -1089.704744 -1089.711850 -1089.723740 -1089.744122 -1089.780072 -1089.845445 -1089.967795 -1090.202320 -1090.660724 -1091.576858 -1093.481090 -1097.711674 -1107.878003 -1134.442847 -9999.0 -9999.0
-9999.0 -9999.0 679.253913 584.174642 488.005149 391.118697 293.925086 196.635365 99.357370 2.147480 -94.989141 -192.202815 -290.123165 -390.141479 -494.329985 -605.647399 -726.382679 -840.624424 -934.280708 -1017.488683 -1088.026397 -1099.160036 -1098.092428 -1093.471179 -1089.143430 -1086.308822 -1084.974323 -1084.729464 -1085.120919 -1085.799604 -1086.543870 -1087.234147 -1087.818889 -1088.285907 -1088.642997 -1088.908225 -1089.112141 -1089.308325 -1089.589817 -1090.709989 -1100.020665 -1190.005674 -2123.231759 -4274.834630 -4282.178074 -4282.178218 -4282.178218 -4282.178218 -4282.178218 -4282.178218 -4282.178218 -4282.178218 -4282.178218 -4282.178218 -4282.178218 -4282.178218 -4282.178218 -4282.178218 -4282.178218 -4282.177951 -4270.562588 -2013.598599 -1164.853230 -1097.008384 -1090.521637 -1089.808757 -1089.702276 -1089.684059 -1089.682683 -1089.684451 -1089.686442 -1089.688083 -1089.689340 -1089.690290 -1089.691015 -1089.691576 -1089.692021 -1089.692378 -1089.692675 -1089.692936 -1089.693188 -1089.693464 -1089.693808 -1089.694283 -1089.694982 -1089.696054 -1089.697735 -1089.700415 -1089.704744 -1089.711850 -1089.723740 -1089.744122 -1089.780072 -1089.845445 -1089.967795 -1090.202320 -1090.660724 -1091.576858 -1093.481090 -1097.711674 -1107.878003 -1134.442847 -9999.0 -9999.0
-9999.0 -9999.0 679.248991 584.173049 488.004674 391.118550 293.925039 196.635350 99.357366 2.147479 -94.989141 -192.202815 -290.123165 -390.141479 -494.329985 -605.647399 -726.382679 -840.624424 -934.280708 -1017.488683 -1088.026397 -1099.160036 -1098.092428 -1093.471179 -1089.143430 -1086.308822 -1084.974323 -1084.729464 -1085.120919 -1085.799604 -1086.543870 -1087.234147 -1087.818889 -1088.285907 -1088.642997 -1088.908225 -1089.112141 -1089.308325 -1089.589817 -1090.709989 -1100.020665 -1190.005674 -2123.231759 -4274.834630 -4282.178074 -4282.178218 -4282.178218 -4282.178218 -4282.178218 -4282.178218 -4282.178218 -4282.178218 -4282.178218 -4282.178218 -4282.178218 -4282.178218 -4282.178218 -4282.178218 -4282.178218 -4282.177951 -4270.562588 -2013.598599 -1164.853230 -1097.008384 -1090.521637 -1089.808757 -1089.702276 -1089.684059 -1089.682683 -1089.684451 -1089.686442 -1089.688083 -1089.689340 -1089.690290 -1089.691015 -1089.691576 -1089.692021 -1089.692378 -1089.692675 -1089.692936 -1089.693188 -1089.693464 -1089.693808 -1089.694283 -1089.694982 -1089.696054 -1089.697735 -1089.700415 -1089.704744 -1089.711850 -1089.723740 -1089.744122 -1089.780072 -1089.845445 -1089.967795 -1090.202320 -1090.660724 -1091.576858 -1093.481090 -1097.711674 -1107.878003 -1134.442847 -9999.0 -9999.0
-9999.0 -9999.0 -9999.0 -9999.0 -9999.0 -9999.0 -9999.0 -9999.0 -9999.0 -9999.0 -9999.0 -9999.0 -9999.0 -9999.0 -9999.0 -9999.0 -9999.0 -9999.0 -9999.0 -9999.0 -9999.0 -9999.0 -9999.0 -9999.0 -9999.0 -9999.0 -9999.0 -9999.0 -9999.0 -9999.0 -9999.0 -9999.0 -9999.0 -9999.0 -9999.0 -9999.0 -9999.0 -9999.0 -9999.0 -9999.0 -9999.0 -9999.0 -9999.0 -9999.0 -9999.0 -9999.0 -9999.0 -9999.0 -9999.0 -9999.0 -9999.0 -9999.0 -9999.0 -9999.0 -9999.0 -9999.0 -9999.0 -9999.0 -9999.0 -9999.0 -9999.0 -9999.0 -9999.0 -9999.0 -9999.0 -9999.0 -9999.0 -9999.0 -9999.0 -9999.0 -9999.0 -9999.0 -9999.0 -9999.0 -9999.0 -9999.0 -9999.0 -9999.0 -9999.0 -9999.0 -9999.0 -9999.0 -9999.0 -9999.0 -9999.0 -9999.0 -9999.0 -9999.0 -9999.0 -9999.0 -9999.0 -9999.0 -9999.0 -9999.0 -9999.0 -9999.0 -9999.0 -9999.0 -9999.0 -9999.0 -9999.0 -9999.0 -9999.0 -9999.0
-9999.0 -9999.0 -9999.0 -9999.0 -9999.0 -9999.0 -9999.0 -9999.0 -9999.0 -9999.0 -9999.0 -9999.0 -9999.0 -9999.0 -9999.0 -9999.0 -9999.0 -9999.0 -9999.0 -9999.0 -9999.0 -9999.0 -9999.0 -9999.0 -9999.0 -9999.0 -9999.0 -9999.0 -9999.0 -9999.0 -9999.0 -9999.0 -9999.0 -9999.0 -9999.0 -9999.0 -9999.0 -9999.0 -9999.0 -9999.0 -9999.0 -9999.0 -9999.0 -9999.0 -9999.0 -9999.0 -9999.0 -9999.0 -9999.0 -9999.0 -9999.0 -9999.0 -9999.0 -9999.0 -9999.0 -9999.0 -9999.0 -9999.0 -9999.0 -9999.0 -9999.0 -9999.0 -9999.0 -9999.0 -9999.0 -9999.0 -9999.0 -9999.0 -9999.0 -9999.0 -9999.0 -9999.0 -9999.0 -9999.0 -9999.0 -9999.0 -9999.0 -9999.0 -9999.0 -9999.0 -9999.0 -9999.0 -9999.0 -9999.0 -9999.0 -9999.0 -9999.0 -9999.0 -9999.0 -9999.0 -9999.0 -9999.0 -9999.0 -9999.0 -9999.0 -9999.0 -9999.0 -9999.0 -9999.0 -9999.0 -9999.0 -9999.0 -9999.0 -9999.0