inst/processing_geotop_simulation/geotop_simulation/out/maps3D/PwL0003N0088.asc
ncols         104
nrows         10
xllcorner     -2.000000
yllcorner     0.000000
cellsize      1.000000
NODATA_value  -9999.0
-9999.0 -9999.0 -9999.0 -9999.0 -9999.0 -9999.0 -9999.0 -9999.0 -9999.0 -9999.0 -9999.0 -9999.0 -9999.0 -9999.0 -9999.0 -9999.0 -9999.0 -9999.0 -9999.0 -9999.0 -9999.0 -9999.0 -9999.0 -9999.0 -9999.0 -9999.0 -9999.0 -9999.0 -9999.0 -9999.0 -9999.0 -9999.0 -9999.0 -9999.0 -9999.0 -9999.0 -9999.0 -9999.0 -9999.0 -9999.0 -9999.0 -9999.0 -9999.0 -9999.0 -9999.0 -9999.0 -9999.0 -9999.0 -9999.0 -9999.0 -9999.0 -9999.0 -9999.0 -9999.0 -9999.0 -9999.0 -9999.0 -9999.0 -9999.0 -9999.0 -9999.0 -9999.0 -9999.0 -9999.0 -9999.0 -9999.0 -9999.0 -9999.0 -9999.0 -9999.0 -9999.0 -9999.0 -9999.0 -9999.0 -9999.0 -9999.0 -9999.0 -9999.0 -9999.0 -9999.0 -9999.0 -9999.0 -9999.0 -9999.0 -9999.0 -9999.0 -9999.0 -9999.0 -9999.0 -9999.0 -9999.0 -9999.0 -9999.0 -9999.0 -9999.0 -9999.0 -9999.0 -9999.0 -9999.0 -9999.0 -9999.0 -9999.0 -9999.0 -9999.0
-9999.0 -9999.0 -9999.0 -9999.0 -9999.0 -9999.0 -9999.0 -9999.0 -9999.0 -9999.0 -9999.0 -9999.0 -9999.0 -9999.0 -9999.0 -9999.0 -9999.0 -9999.0 -9999.0 -9999.0 -9999.0 -9999.0 -9999.0 -9999.0 -9999.0 -9999.0 -9999.0 -9999.0 -9999.0 -9999.0 -9999.0 -9999.0 -9999.0 -9999.0 -9999.0 -9999.0 -9999.0 -9999.0 -9999.0 -9999.0 -9999.0 -9999.0 -9999.0 -9999.0 -9999.0 -9999.0 -9999.0 -9999.0 -9999.0 -9999.0 -9999.0 -9999.0 -9999.0 -9999.0 -9999.0 -9999.0 -9999.0 -9999.0 -9999.0 -9999.0 -9999.0 -9999.0 -9999.0 -9999.0 -9999.0 -9999.0 -9999.0 -9999.0 -9999.0 -9999.0 -9999.0 -9999.0 -9999.0 -9999.0 -9999.0 -9999.0 -9999.0 -9999.0 -9999.0 -9999.0 -9999.0 -9999.0 -9999.0 -9999.0 -9999.0 -9999.0 -9999.0 -9999.0 -9999.0 -9999.0 -9999.0 -9999.0 -9999.0 -9999.0 -9999.0 -9999.0 -9999.0 -9999.0 -9999.0 -9999.0 -9999.0 -9999.0 -9999.0 -9999.0
-9999.0 -9999.0 128.855867 35.961174 -60.517446 -157.965278 -255.901071 -354.471396 -454.590501 -559.626723 -699.159139 -912.004594 -1031.081703 -1114.246163 -1185.544772 -1255.190888 -1302.523928 -1325.002743 -1329.543518 -1325.446225 -1319.291726 -1314.333980 -1311.683424 -1311.365774 -1312.924879 -1315.727415 -1319.119389 -1322.541757 -1325.612628 -1328.145526 -1330.107222 -1331.555190 -1332.584738 -1333.294681 -1333.770613 -1334.081534 -1334.290409 -1334.473692 -1334.694434 -1335.269227 -1340.382233 -1365.546424 -894.636409 -892.209745 -877.888798 -869.118233 -865.025580 -864.469776 -864.415309 -864.427935 -864.451324 -864.476066 -864.499800 -864.521752 -864.541893 -864.563103 -864.614322 -864.944663 -867.117206 -872.098541 -880.405450 -873.237602 -1348.599767 -1338.521518 -1335.358032 -1334.866128 -1334.774507 -1334.758053 -1334.757401 -1334.759655 -1334.761997 -1334.763893 -1334.765334 -1334.766420 -1334.767245 -1334.767884 -1334.768388 -1334.768793 -1334.769128 -1334.769420 -1334.769701 -1334.770006 -1334.770385 -1334.770904 -1334.771668 -1334.772837 -1334.774668 -1334.777582 -1334.782282 -1334.789974 -1334.802800 -1334.824693 -1334.863119 -1334.932649 -1335.062160 -1335.309164 -1335.788100 -1336.728595 -1338.610700 -1342.526884 -1351.248439 -1373.692657 -9999.0 -9999.0
-9999.0 -9999.0 128.866952 35.963306 -60.516911 -157.965123 -255.901023 -354.471381 -454.590496 -559.626722 -699.159139 -912.004595 -1031.081704 -1114.246163 -1185.544772 -1255.190888 -1302.523928 -1325.002743 -1329.543518 -1325.446225 -1319.291726 -1314.333980 -1311.683424 -1311.365774 -1312.924879 -1315.727415 -1319.119389 -1322.541757 -1325.612628 -1328.145526 -1330.107222 -1331.555190 -1332.584738 -1333.294681 -1333.770613 -1334.081534 -1334.290409 -1334.473692 -1334.694434 -1335.269227 -1340.382233 -1365.546424 -894.636409 -892.209745 -877.888798 -869.118233 -865.025580 -864.469776 -864.415309 -864.427935 -864.451324 -864.476066 -864.499800 -864.521752 -864.541893 -864.563103 -864.614322 -864.944663 -867.117206 -872.098541 -880.405450 -873.237602 -1348.599767 -1338.521518 -1335.358032 -1334.866128 -1334.774507 -1334.758053 -1334.757401 -1334.759655 -1334.761997 -1334.763893 -1334.765334 -1334.766420 -1334.767245 -1334.767884 -1334.768388 -1334.768793 -1334.769128 -1334.769420 -1334.769701 -1334.770006 -1334.770385 -1334.770904 -1334.771668 -1334.772837 -1334.774668 -1334.777582 -1334.782282 -1334.789974 -1334.802800 -1334.824693 -1334.863119 -1334.932649 -1335.062160 -1335.309164 -1335.788100 -1336.728595 -1338.610700 -1342.526884 -1351.248439 -1373.692657 -9999.0 -9999.0
-9999.0 -9999.0 128.868335 35.964165 -60.516573 -157.965001 -255.900980 -354.471366 -454.590491 -559.626720 -699.159139 -912.004595 -1031.081704 -1114.246163 -1185.544772 -1255.190888 -1302.523928 -1325.002743 -1329.543518 -1325.446225 -1319.291726 -1314.333980 -1311.683424 -1311.365774 -1312.924879 -1315.727415 -1319.119389 -1322.541757 -1325.612628 -1328.145526 -1330.107222 -1331.555190 -1332.584738 -1333.294681 -1333.770613 -1334.081534 -1334.290409 -1334.473692 -1334.694434 -1335.269227 -1340.382233 -1365.546424 -894.636409 -892.209745 -877.888798 -869.118233 -865.025580 -864.469776 -864.415309 -864.427935 -864.451324 -864.476066 -864.499800 -864.521752 -864.541893 -864.563103 -864.614322 -864.944663 -867.117206 -872.098541 -880.405450 -873.237602 -1348.599767 -1338.521518 -1335.358032 -1334.866128 -1334.774507 -1334.758053 -1334.757401 -1334.759655 -1334.761997 -1334.763893 -1334.765334 -1334.766420 -1334.767245 -1334.767884 -1334.768388 -1334.768793 -1334.769128 -1334.769420 -1334.769701 -1334.770006 -1334.770385 -1334.770904 -1334.771668 -1334.772837 -1334.774668 -1334.777582 -1334.782282 -1334.789974 -1334.802800 -1334.824693 -1334.863119 -1334.932649 -1335.062160 -1335.309164 -1335.788100 -1336.728595 -1338.610700 -1342.526884 -1351.248439 -1373.692657 -9999.0 -9999.0
-9999.0 -9999.0 128.868335 35.964165 -60.516573 -157.965001 -255.900980 -354.471366 -454.590491 -559.626720 -699.159139 -912.004595 -1031.081704 -1114.246163 -1185.544772 -1255.190888 -1302.523928 -1325.002743 -1329.543518 -1325.446225 -1319.291726 -1314.333980 -1311.683424 -1311.365774 -1312.924879 -1315.727415 -1319.119389 -1322.541757 -1325.612628 -1328.145526 -1330.107222 -1331.555190 -1332.584738 -1333.294681 -1333.770613 -1334.081534 -1334.290409 -1334.473692 -1334.694434 -1335.269227 -1340.382233 -1365.546424 -894.636409 -892.209745 -877.888798 -869.118233 -865.025580 -864.469776 -864.415309 -864.427935 -864.451324 -864.476066 -864.499800 -864.521752 -864.541893 -864.563103 -864.614322 -864.944663 -867.117206 -872.098541 -880.405450 -873.237602 -1348.599767 -1338.521518 -1335.358032 -1334.866128 -1334.774507 -1334.758053 -1334.757401 -1334.759655 -1334.761997 -1334.763893 -1334.765334 -1334.766420 -1334.767245 -1334.767884 -1334.768388 -1334.768793 -1334.769128 -1334.769420 -1334.769701 -1334.770006 -1334.770385 -1334.770904 -1334.771668 -1334.772837 -1334.774668 -1334.777582 -1334.782282 -1334.789974 -1334.802800 -1334.824693 -1334.863119 -1334.932649 -1335.062160 -1335.309164 -1335.788100 -1336.728595 -1338.610700 -1342.526884 -1351.248439 -1373.692657 -9999.0 -9999.0
-9999.0 -9999.0 128.866952 35.963306 -60.516911 -157.965123 -255.901023 -354.471381 -454.590496 -559.626722 -699.159139 -912.004595 -1031.081704 -1114.246163 -1185.544772 -1255.190888 -1302.523928 -1325.002743 -1329.543518 -1325.446225 -1319.291726 -1314.333980 -1311.683424 -1311.365774 -1312.924879 -1315.727415 -1319.119389 -1322.541757 -1325.612628 -1328.145526 -1330.107222 -1331.555190 -1332.584738 -1333.294681 -1333.770613 -1334.081534 -1334.290409 -1334.473692 -1334.694434 -1335.269227 -1340.382233 -1365.546424 -894.636409 -892.209745 -877.888798 -869.118233 -865.025580 -864.469776 -864.415309 -864.427935 -864.451324 -864.476066 -864.499800 -864.521752 -864.541893 -864.563103 -864.614322 -864.944663 -867.117206 -872.098541 -880.405450 -873.237602 -1348.599767 -1338.521518 -1335.358032 -1334.866128 -1334.774507 -1334.758053 -1334.757401 -1334.759655 -1334.761997 -1334.763893 -1334.765334 -1334.766420 -1334.767245 -1334.767884 -1334.768388 -1334.768793 -1334.769128 -1334.769420 -1334.769701 -1334.770006 -1334.770385 -1334.770904 -1334.771668 -1334.772837 -1334.774668 -1334.777582 -1334.782282 -1334.789974 -1334.802800 -1334.824693 -1334.863119 -1334.932649 -1335.062160 -1335.309164 -1335.788100 -1336.728595 -1338.610700 -1342.526884 -1351.248439 -1373.692657 -9999.0 -9999.0
-9999.0 -9999.0 128.855867 35.961174 -60.517446 -157.965278 -255.901071 -354.471396 -454.590501 -559.626723 -699.159139 -912.004594 -1031.081703 -1114.246163 -1185.544772 -1255.190888 -1302.523928 -1325.002743 -1329.543518 -1325.446225 -1319.291726 -1314.333980 -1311.683424 -1311.365774 -1312.924879 -1315.727415 -1319.119389 -1322.541757 -1325.612628 -1328.145526 -1330.107222 -1331.555190 -1332.584738 -1333.294681 -1333.770613 -1334.081534 -1334.290409 -1334.473692 -1334.694434 -1335.269227 -1340.382233 -1365.546424 -894.636409 -892.209745 -877.888798 -869.118233 -865.025580 -864.469776 -864.415309 -864.427935 -864.451324 -864.476066 -864.499800 -864.521752 -864.541893 -864.563103 -864.614322 -864.944663 -867.117206 -872.098541 -880.405450 -873.237602 -1348.599767 -1338.521518 -1335.358032 -1334.866128 -1334.774507 -1334.758053 -1334.757401 -1334.759655 -1334.761997 -1334.763893 -1334.765334 -1334.766420 -1334.767245 -1334.767884 -1334.768388 -1334.768793 -1334.769128 -1334.769420 -1334.769701 -1334.770006 -1334.770385 -1334.770904 -1334.771668 -1334.772837 -1334.774668 -1334.777582 -1334.782282 -1334.789974 -1334.802800 -1334.824693 -1334.863119 -1334.932649 -1335.062160 -1335.309164 -1335.788100 -1336.728595 -1338.610700 -1342.526884 -1351.248439 -1373.692657 -9999.0 -9999.0
-9999.0 -9999.0 -9999.0 -9999.0 -9999.0 -9999.0 -9999.0 -9999.0 -9999.0 -9999.0 -9999.0 -9999.0 -9999.0 -9999.0 -9999.0 -9999.0 -9999.0 -9999.0 -9999.0 -9999.0 -9999.0 -9999.0 -9999.0 -9999.0 -9999.0 -9999.0 -9999.0 -9999.0 -9999.0 -9999.0 -9999.0 -9999.0 -9999.0 -9999.0 -9999.0 -9999.0 -9999.0 -9999.0 -9999.0 -9999.0 -9999.0 -9999.0 -9999.0 -9999.0 -9999.0 -9999.0 -9999.0 -9999.0 -9999.0 -9999.0 -9999.0 -9999.0 -9999.0 -9999.0 -9999.0 -9999.0 -9999.0 -9999.0 -9999.0 -9999.0 -9999.0 -9999.0 -9999.0 -9999.0 -9999.0 -9999.0 -9999.0 -9999.0 -9999.0 -9999.0 -9999.0 -9999.0 -9999.0 -9999.0 -9999.0 -9999.0 -9999.0 -9999.0 -9999.0 -9999.0 -9999.0 -9999.0 -9999.0 -9999.0 -9999.0 -9999.0 -9999.0 -9999.0 -9999.0 -9999.0 -9999.0 -9999.0 -9999.0 -9999.0 -9999.0 -9999.0 -9999.0 -9999.0 -9999.0 -9999.0 -9999.0 -9999.0 -9999.0 -9999.0
-9999.0 -9999.0 -9999.0 -9999.0 -9999.0 -9999.0 -9999.0 -9999.0 -9999.0 -9999.0 -9999.0 -9999.0 -9999.0 -9999.0 -9999.0 -9999.0 -9999.0 -9999.0 -9999.0 -9999.0 -9999.0 -9999.0 -9999.0 -9999.0 -9999.0 -9999.0 -9999.0 -9999.0 -9999.0 -9999.0 -9999.0 -9999.0 -9999.0 -9999.0 -9999.0 -9999.0 -9999.0 -9999.0 -9999.0 -9999.0 -9999.0 -9999.0 -9999.0 -9999.0 -9999.0 -9999.0 -9999.0 -9999.0 -9999.0 -9999.0 -9999.0 -9999.0 -9999.0 -9999.0 -9999.0 -9999.0 -9999.0 -9999.0 -9999.0 -9999.0 -9999.0 -9999.0 -9999.0 -9999.0 -9999.0 -9999.0 -9999.0 -9999.0 -9999.0 -9999.0 -9999.0 -9999.0 -9999.0 -9999.0 -9999.0 -9999.0 -9999.0 -9999.0 -9999.0 -9999.0 -9999.0 -9999.0 -9999.0 -9999.0 -9999.0 -9999.0 -9999.0 -9999.0 -9999.0 -9999.0 -9999.0 -9999.0 -9999.0 -9999.0 -9999.0 -9999.0 -9999.0 -9999.0 -9999.0 -9999.0 -9999.0 -9999.0 -9999.0 -9999.0