inst/processing_geotop_simulation/geotop_simulation/out/maps3D/PwL0003N0444.asc
ncols         104
nrows         10
xllcorner     -2.000000
yllcorner     0.000000
cellsize      1.000000
NODATA_value  -9999.0
-9999.0 -9999.0 -9999.0 -9999.0 -9999.0 -9999.0 -9999.0 -9999.0 -9999.0 -9999.0 -9999.0 -9999.0 -9999.0 -9999.0 -9999.0 -9999.0 -9999.0 -9999.0 -9999.0 -9999.0 -9999.0 -9999.0 -9999.0 -9999.0 -9999.0 -9999.0 -9999.0 -9999.0 -9999.0 -9999.0 -9999.0 -9999.0 -9999.0 -9999.0 -9999.0 -9999.0 -9999.0 -9999.0 -9999.0 -9999.0 -9999.0 -9999.0 -9999.0 -9999.0 -9999.0 -9999.0 -9999.0 -9999.0 -9999.0 -9999.0 -9999.0 -9999.0 -9999.0 -9999.0 -9999.0 -9999.0 -9999.0 -9999.0 -9999.0 -9999.0 -9999.0 -9999.0 -9999.0 -9999.0 -9999.0 -9999.0 -9999.0 -9999.0 -9999.0 -9999.0 -9999.0 -9999.0 -9999.0 -9999.0 -9999.0 -9999.0 -9999.0 -9999.0 -9999.0 -9999.0 -9999.0 -9999.0 -9999.0 -9999.0 -9999.0 -9999.0 -9999.0 -9999.0 -9999.0 -9999.0 -9999.0 -9999.0 -9999.0 -9999.0 -9999.0 -9999.0 -9999.0 -9999.0 -9999.0 -9999.0 -9999.0 -9999.0 -9999.0 -9999.0
-9999.0 -9999.0 -9999.0 -9999.0 -9999.0 -9999.0 -9999.0 -9999.0 -9999.0 -9999.0 -9999.0 -9999.0 -9999.0 -9999.0 -9999.0 -9999.0 -9999.0 -9999.0 -9999.0 -9999.0 -9999.0 -9999.0 -9999.0 -9999.0 -9999.0 -9999.0 -9999.0 -9999.0 -9999.0 -9999.0 -9999.0 -9999.0 -9999.0 -9999.0 -9999.0 -9999.0 -9999.0 -9999.0 -9999.0 -9999.0 -9999.0 -9999.0 -9999.0 -9999.0 -9999.0 -9999.0 -9999.0 -9999.0 -9999.0 -9999.0 -9999.0 -9999.0 -9999.0 -9999.0 -9999.0 -9999.0 -9999.0 -9999.0 -9999.0 -9999.0 -9999.0 -9999.0 -9999.0 -9999.0 -9999.0 -9999.0 -9999.0 -9999.0 -9999.0 -9999.0 -9999.0 -9999.0 -9999.0 -9999.0 -9999.0 -9999.0 -9999.0 -9999.0 -9999.0 -9999.0 -9999.0 -9999.0 -9999.0 -9999.0 -9999.0 -9999.0 -9999.0 -9999.0 -9999.0 -9999.0 -9999.0 -9999.0 -9999.0 -9999.0 -9999.0 -9999.0 -9999.0 -9999.0 -9999.0 -9999.0 -9999.0 -9999.0 -9999.0 -9999.0
-9999.0 -9999.0 125.134250 27.061554 -71.963672 -171.239218 -270.607852 -370.011457 -469.420074 -568.813523 -668.160272 -767.424625 -866.613981 -965.694207 -1064.729562 -1163.751868 -1262.513990 -1360.884425 -1458.572353 -1554.978963 -1648.902204 -1738.166018 -1819.728554 -1890.679343 -1949.376030 -1995.816195 -2031.246310 -2057.519236 -2076.578797 -2090.171468 -2099.736050 -2106.395002 -2110.992077 -2114.144803 -2116.296731 -2117.764808 -2118.787767 -2119.609912 -2120.700583 -2122.955979 -2122.446214 -2050.291022 -1252.384652 -1252.937072 -1242.072223 -1234.810931 -1231.393588 -1230.850247 -1230.790385 -1230.795118 -1230.809114 -1230.824250 -1230.838810 -1230.852303 -1230.864896 -1230.880146 -1230.930614 -1231.261498 -1233.100621 -1237.137293 -1242.253350 -1233.822432 -2024.961107 -2116.694412 -2121.604250 -2121.144793 -2120.935269 -2120.889889 -2120.882164 -2120.881330 -2120.881610 -2120.881997 -2120.882327 -2120.882588 -2120.882794 -2120.882958 -2120.883092 -2120.883204 -2120.883302 -2120.883393 -2120.883484 -2120.883585 -2120.883708 -2120.883874 -2120.884111 -2120.884466 -2120.885016 -2120.885888 -2120.887303 -2120.889657 -2120.893677 -2120.900749 -2120.913584 -2120.937605 -2120.983943 -2121.076261 -2121.267731 -2121.686878 -2122.671931 -2125.208466 -2132.554884 -2157.063400 -9999.0 -9999.0
-9999.0 -9999.0 125.143610 27.063349 -71.963221 -171.239086 -270.607810 -370.011442 -469.420068 -568.813521 -668.160271 -767.424625 -866.613980 -965.694207 -1064.729562 -1163.751868 -1262.513990 -1360.884425 -1458.572353 -1554.978964 -1648.902204 -1738.166019 -1819.728554 -1890.679343 -1949.376030 -1995.816196 -2031.246310 -2057.519236 -2076.578797 -2090.171468 -2099.736050 -2106.395002 -2110.992077 -2114.144803 -2116.296731 -2117.764808 -2118.787766 -2119.609912 -2120.700583 -2122.955979 -2122.446214 -2050.291022 -1252.384652 -1252.937072 -1242.072223 -1234.810930 -1231.393588 -1230.850247 -1230.790385 -1230.795118 -1230.809114 -1230.824250 -1230.838810 -1230.852303 -1230.864896 -1230.880146 -1230.930614 -1231.261498 -1233.100621 -1237.137293 -1242.253350 -1233.822432 -2024.961107 -2116.694412 -2121.604250 -2121.144793 -2120.935269 -2120.889889 -2120.882164 -2120.881330 -2120.881610 -2120.881997 -2120.882327 -2120.882588 -2120.882794 -2120.882958 -2120.883092 -2120.883204 -2120.883302 -2120.883393 -2120.883484 -2120.883585 -2120.883708 -2120.883874 -2120.884111 -2120.884466 -2120.885016 -2120.885888 -2120.887303 -2120.889657 -2120.893677 -2120.900749 -2120.913584 -2120.937605 -2120.983943 -2121.076261 -2121.267731 -2121.686878 -2122.671931 -2125.208466 -2132.554884 -2157.063400 -9999.0 -9999.0
-9999.0 -9999.0 125.144778 27.064075 -71.962935 -171.238983 -270.607773 -370.011429 -469.420063 -568.813519 -668.160270 -767.424624 -866.613980 -965.694206 -1064.729562 -1163.751868 -1262.513990 -1360.884425 -1458.572353 -1554.978964 -1648.902204 -1738.166019 -1819.728554 -1890.679343 -1949.376030 -1995.816196 -2031.246311 -2057.519236 -2076.578797 -2090.171468 -2099.736050 -2106.395002 -2110.992077 -2114.144803 -2116.296731 -2117.764808 -2118.787766 -2119.609912 -2120.700583 -2122.955979 -2122.446214 -2050.291022 -1252.384652 -1252.937072 -1242.072223 -1234.810930 -1231.393588 -1230.850247 -1230.790385 -1230.795118 -1230.809114 -1230.824250 -1230.838810 -1230.852303 -1230.864896 -1230.880146 -1230.930614 -1231.261498 -1233.100621 -1237.137293 -1242.253350 -1233.822432 -2024.961107 -2116.694412 -2121.604250 -2121.144793 -2120.935269 -2120.889889 -2120.882164 -2120.881330 -2120.881610 -2120.881997 -2120.882327 -2120.882588 -2120.882794 -2120.882958 -2120.883092 -2120.883204 -2120.883302 -2120.883393 -2120.883484 -2120.883585 -2120.883708 -2120.883874 -2120.884111 -2120.884466 -2120.885016 -2120.885888 -2120.887303 -2120.889657 -2120.893677 -2120.900749 -2120.913584 -2120.937605 -2120.983943 -2121.076261 -2121.267731 -2121.686878 -2122.671931 -2125.208466 -2132.554884 -2157.063400 -9999.0 -9999.0
-9999.0 -9999.0 125.144778 27.064075 -71.962935 -171.238983 -270.607773 -370.011429 -469.420063 -568.813519 -668.160270 -767.424624 -866.613980 -965.694206 -1064.729562 -1163.751868 -1262.513990 -1360.884425 -1458.572353 -1554.978964 -1648.902204 -1738.166019 -1819.728554 -1890.679343 -1949.376030 -1995.816196 -2031.246311 -2057.519236 -2076.578797 -2090.171468 -2099.736050 -2106.395002 -2110.992077 -2114.144803 -2116.296731 -2117.764808 -2118.787766 -2119.609912 -2120.700583 -2122.955979 -2122.446214 -2050.291022 -1252.384652 -1252.937072 -1242.072223 -1234.810930 -1231.393588 -1230.850247 -1230.790385 -1230.795118 -1230.809114 -1230.824250 -1230.838810 -1230.852303 -1230.864896 -1230.880146 -1230.930614 -1231.261498 -1233.100621 -1237.137293 -1242.253350 -1233.822432 -2024.961107 -2116.694412 -2121.604250 -2121.144793 -2120.935269 -2120.889889 -2120.882164 -2120.881330 -2120.881610 -2120.881997 -2120.882327 -2120.882588 -2120.882794 -2120.882958 -2120.883092 -2120.883204 -2120.883302 -2120.883393 -2120.883484 -2120.883585 -2120.883708 -2120.883874 -2120.884111 -2120.884466 -2120.885016 -2120.885888 -2120.887303 -2120.889657 -2120.893677 -2120.900749 -2120.913584 -2120.937605 -2120.983943 -2121.076261 -2121.267731 -2121.686878 -2122.671931 -2125.208466 -2132.554884 -2157.063400 -9999.0 -9999.0
-9999.0 -9999.0 125.143610 27.063349 -71.963221 -171.239086 -270.607810 -370.011442 -469.420068 -568.813521 -668.160271 -767.424625 -866.613980 -965.694206 -1064.729562 -1163.751868 -1262.513990 -1360.884425 -1458.572353 -1554.978963 -1648.902204 -1738.166019 -1819.728554 -1890.679343 -1949.376030 -1995.816196 -2031.246310 -2057.519236 -2076.578797 -2090.171468 -2099.736050 -2106.395002 -2110.992077 -2114.144803 -2116.296731 -2117.764808 -2118.787766 -2119.609912 -2120.700583 -2122.955979 -2122.446214 -2050.291022 -1252.384652 -1252.937072 -1242.072223 -1234.810930 -1231.393588 -1230.850247 -1230.790385 -1230.795118 -1230.809114 -1230.824250 -1230.838810 -1230.852303 -1230.864896 -1230.880146 -1230.930614 -1231.261498 -1233.100621 -1237.137293 -1242.253350 -1233.822432 -2024.961107 -2116.694412 -2121.604250 -2121.144793 -2120.935269 -2120.889889 -2120.882164 -2120.881330 -2120.881610 -2120.881997 -2120.882327 -2120.882588 -2120.882794 -2120.882958 -2120.883092 -2120.883204 -2120.883302 -2120.883393 -2120.883484 -2120.883585 -2120.883708 -2120.883874 -2120.884111 -2120.884466 -2120.885016 -2120.885888 -2120.887303 -2120.889657 -2120.893677 -2120.900749 -2120.913584 -2120.937605 -2120.983943 -2121.076261 -2121.267731 -2121.686878 -2122.671931 -2125.208466 -2132.554884 -2157.063400 -9999.0 -9999.0
-9999.0 -9999.0 125.134250 27.061555 -71.963672 -171.239218 -270.607852 -370.011457 -469.420074 -568.813523 -668.160272 -767.424625 -866.613981 -965.694207 -1064.729562 -1163.751868 -1262.513990 -1360.884425 -1458.572353 -1554.978963 -1648.902204 -1738.166018 -1819.728554 -1890.679343 -1949.376030 -1995.816195 -2031.246310 -2057.519236 -2076.578797 -2090.171468 -2099.736050 -2106.395002 -2110.992077 -2114.144803 -2116.296731 -2117.764808 -2118.787767 -2119.609912 -2120.700583 -2122.955979 -2122.446214 -2050.291022 -1252.384652 -1252.937072 -1242.072223 -1234.810931 -1231.393588 -1230.850247 -1230.790385 -1230.795118 -1230.809114 -1230.824250 -1230.838810 -1230.852303 -1230.864896 -1230.880146 -1230.930614 -1231.261498 -1233.100621 -1237.137293 -1242.253350 -1233.822432 -2024.961107 -2116.694412 -2121.604250 -2121.144793 -2120.935269 -2120.889889 -2120.882164 -2120.881330 -2120.881610 -2120.881997 -2120.882327 -2120.882588 -2120.882794 -2120.882958 -2120.883092 -2120.883204 -2120.883302 -2120.883393 -2120.883484 -2120.883585 -2120.883708 -2120.883874 -2120.884111 -2120.884466 -2120.885016 -2120.885888 -2120.887303 -2120.889657 -2120.893677 -2120.900749 -2120.913584 -2120.937605 -2120.983943 -2121.076261 -2121.267731 -2121.686878 -2122.671931 -2125.208466 -2132.554884 -2157.063400 -9999.0 -9999.0
-9999.0 -9999.0 -9999.0 -9999.0 -9999.0 -9999.0 -9999.0 -9999.0 -9999.0 -9999.0 -9999.0 -9999.0 -9999.0 -9999.0 -9999.0 -9999.0 -9999.0 -9999.0 -9999.0 -9999.0 -9999.0 -9999.0 -9999.0 -9999.0 -9999.0 -9999.0 -9999.0 -9999.0 -9999.0 -9999.0 -9999.0 -9999.0 -9999.0 -9999.0 -9999.0 -9999.0 -9999.0 -9999.0 -9999.0 -9999.0 -9999.0 -9999.0 -9999.0 -9999.0 -9999.0 -9999.0 -9999.0 -9999.0 -9999.0 -9999.0 -9999.0 -9999.0 -9999.0 -9999.0 -9999.0 -9999.0 -9999.0 -9999.0 -9999.0 -9999.0 -9999.0 -9999.0 -9999.0 -9999.0 -9999.0 -9999.0 -9999.0 -9999.0 -9999.0 -9999.0 -9999.0 -9999.0 -9999.0 -9999.0 -9999.0 -9999.0 -9999.0 -9999.0 -9999.0 -9999.0 -9999.0 -9999.0 -9999.0 -9999.0 -9999.0 -9999.0 -9999.0 -9999.0 -9999.0 -9999.0 -9999.0 -9999.0 -9999.0 -9999.0 -9999.0 -9999.0 -9999.0 -9999.0 -9999.0 -9999.0 -9999.0 -9999.0 -9999.0 -9999.0
-9999.0 -9999.0 -9999.0 -9999.0 -9999.0 -9999.0 -9999.0 -9999.0 -9999.0 -9999.0 -9999.0 -9999.0 -9999.0 -9999.0 -9999.0 -9999.0 -9999.0 -9999.0 -9999.0 -9999.0 -9999.0 -9999.0 -9999.0 -9999.0 -9999.0 -9999.0 -9999.0 -9999.0 -9999.0 -9999.0 -9999.0 -9999.0 -9999.0 -9999.0 -9999.0 -9999.0 -9999.0 -9999.0 -9999.0 -9999.0 -9999.0 -9999.0 -9999.0 -9999.0 -9999.0 -9999.0 -9999.0 -9999.0 -9999.0 -9999.0 -9999.0 -9999.0 -9999.0 -9999.0 -9999.0 -9999.0 -9999.0 -9999.0 -9999.0 -9999.0 -9999.0 -9999.0 -9999.0 -9999.0 -9999.0 -9999.0 -9999.0 -9999.0 -9999.0 -9999.0 -9999.0 -9999.0 -9999.0 -9999.0 -9999.0 -9999.0 -9999.0 -9999.0 -9999.0 -9999.0 -9999.0 -9999.0 -9999.0 -9999.0 -9999.0 -9999.0 -9999.0 -9999.0 -9999.0 -9999.0 -9999.0 -9999.0 -9999.0 -9999.0 -9999.0 -9999.0 -9999.0 -9999.0 -9999.0 -9999.0 -9999.0 -9999.0 -9999.0 -9999.0