inst/processing_geotop_simulation/geotop_simulation/out/maps3D/PwL0013N0359.asc
ncols         104
nrows         10
xllcorner     -2.000000
yllcorner     0.000000
cellsize      1.000000
NODATA_value  -9999.0
-9999.0 -9999.0 -9999.0 -9999.0 -9999.0 -9999.0 -9999.0 -9999.0 -9999.0 -9999.0 -9999.0 -9999.0 -9999.0 -9999.0 -9999.0 -9999.0 -9999.0 -9999.0 -9999.0 -9999.0 -9999.0 -9999.0 -9999.0 -9999.0 -9999.0 -9999.0 -9999.0 -9999.0 -9999.0 -9999.0 -9999.0 -9999.0 -9999.0 -9999.0 -9999.0 -9999.0 -9999.0 -9999.0 -9999.0 -9999.0 -9999.0 -9999.0 -9999.0 -9999.0 -9999.0 -9999.0 -9999.0 -9999.0 -9999.0 -9999.0 -9999.0 -9999.0 -9999.0 -9999.0 -9999.0 -9999.0 -9999.0 -9999.0 -9999.0 -9999.0 -9999.0 -9999.0 -9999.0 -9999.0 -9999.0 -9999.0 -9999.0 -9999.0 -9999.0 -9999.0 -9999.0 -9999.0 -9999.0 -9999.0 -9999.0 -9999.0 -9999.0 -9999.0 -9999.0 -9999.0 -9999.0 -9999.0 -9999.0 -9999.0 -9999.0 -9999.0 -9999.0 -9999.0 -9999.0 -9999.0 -9999.0 -9999.0 -9999.0 -9999.0 -9999.0 -9999.0 -9999.0 -9999.0 -9999.0 -9999.0 -9999.0 -9999.0 -9999.0 -9999.0
-9999.0 -9999.0 -9999.0 -9999.0 -9999.0 -9999.0 -9999.0 -9999.0 -9999.0 -9999.0 -9999.0 -9999.0 -9999.0 -9999.0 -9999.0 -9999.0 -9999.0 -9999.0 -9999.0 -9999.0 -9999.0 -9999.0 -9999.0 -9999.0 -9999.0 -9999.0 -9999.0 -9999.0 -9999.0 -9999.0 -9999.0 -9999.0 -9999.0 -9999.0 -9999.0 -9999.0 -9999.0 -9999.0 -9999.0 -9999.0 -9999.0 -9999.0 -9999.0 -9999.0 -9999.0 -9999.0 -9999.0 -9999.0 -9999.0 -9999.0 -9999.0 -9999.0 -9999.0 -9999.0 -9999.0 -9999.0 -9999.0 -9999.0 -9999.0 -9999.0 -9999.0 -9999.0 -9999.0 -9999.0 -9999.0 -9999.0 -9999.0 -9999.0 -9999.0 -9999.0 -9999.0 -9999.0 -9999.0 -9999.0 -9999.0 -9999.0 -9999.0 -9999.0 -9999.0 -9999.0 -9999.0 -9999.0 -9999.0 -9999.0 -9999.0 -9999.0 -9999.0 -9999.0 -9999.0 -9999.0 -9999.0 -9999.0 -9999.0 -9999.0 -9999.0 -9999.0 -9999.0 -9999.0 -9999.0 -9999.0 -9999.0 -9999.0 -9999.0 -9999.0
-9999.0 -9999.0 622.132054 523.765951 425.003558 326.000356 226.887918 127.729208 28.555672 -70.612986 -169.769833 -268.904685 -367.994517 -466.992902 -565.823236 -664.382624 -762.780110 -861.187350 -959.375029 -1057.281304 -1153.759732 -1246.638156 -1334.321677 -1414.257310 -1484.267754 -1543.107679 -1590.650554 -1627.725953 -1655.765770 -1676.435326 -1691.356379 -1701.948610 -1709.369044 -1714.514236 -1718.054467 -1720.480635 -1722.159828 -1723.431490 -1724.885574 -1728.106720 -1735.891684 -1742.137965 -1648.677604 -2929.829256 -2637.350516 -2459.011323 -2383.571627 -2373.870278 -2372.887704 -2372.987770 -2373.241285 -2373.513119 -2373.774155 -2374.015772 -2374.239430 -2374.494434 -2375.265756 -2380.718164 -2418.893166 -2509.509109 -2604.698446 -1499.792625 -1704.051401 -1727.954302 -1726.949314 -1725.970404 -1725.723439 -1725.676905 -1725.669492 -1725.668811 -1725.669183 -1725.669638 -1725.670022 -1725.670328 -1725.670570 -1725.670766 -1725.670928 -1725.671067 -1725.671189 -1725.671302 -1725.671416 -1725.671541 -1725.671692 -1725.671890 -1725.672167 -1725.672575 -1725.673200 -1725.674182 -1725.675766 -1725.678386 -1725.682842 -1725.690655 -1725.704797 -1725.731212 -1725.782094 -1725.883364 -1726.093212 -1726.551746 -1727.622883 -1730.337387 -1737.981009 -1762.725630 -9999.0 -9999.0
-9999.0 -9999.0 622.136689 523.767396 425.003982 326.000487 226.887962 127.729223 28.555678 -70.612984 -169.769832 -268.904684 -367.994517 -466.992903 -565.823236 -664.382625 -762.780110 -861.187351 -959.375029 -1057.281305 -1153.759732 -1246.638156 -1334.321678 -1414.257310 -1484.267754 -1543.107679 -1590.650554 -1627.725953 -1655.765770 -1676.435326 -1691.356379 -1701.948610 -1709.369044 -1714.514236 -1718.054467 -1720.480635 -1722.159828 -1723.431490 -1724.885574 -1728.106720 -1735.891684 -1742.137965 -1648.677604 -2929.829254 -2637.350513 -2459.011318 -2383.571628 -2373.870278 -2372.887704 -2372.987770 -2373.241285 -2373.513119 -2373.774155 -2374.015772 -2374.239430 -2374.494434 -2375.265756 -2380.718164 -2418.893166 -2509.509109 -2604.698446 -1499.792625 -1704.051401 -1727.954302 -1726.949314 -1725.970404 -1725.723439 -1725.676905 -1725.669492 -1725.668811 -1725.669183 -1725.669638 -1725.670022 -1725.670328 -1725.670570 -1725.670766 -1725.670928 -1725.671067 -1725.671189 -1725.671302 -1725.671416 -1725.671541 -1725.671692 -1725.671890 -1725.672167 -1725.672575 -1725.673200 -1725.674182 -1725.675766 -1725.678386 -1725.682842 -1725.690655 -1725.704797 -1725.731212 -1725.782094 -1725.883364 -1726.093212 -1726.551746 -1727.622883 -1730.337387 -1737.981009 -1762.725630 -9999.0 -9999.0
-9999.0 -9999.0 622.138006 523.768085 425.004262 326.000591 226.887999 127.729237 28.555683 -70.612981 -169.769831 -268.904684 -367.994517 -466.992902 -565.823236 -664.382625 -762.780110 -861.187351 -959.375029 -1057.281305 -1153.759732 -1246.638156 -1334.321678 -1414.257310 -1484.267754 -1543.107679 -1590.650554 -1627.725953 -1655.765770 -1676.435326 -1691.356379 -1701.948611 -1709.369044 -1714.514236 -1718.054467 -1720.480635 -1722.159828 -1723.431490 -1724.885574 -1728.106720 -1735.891684 -1742.137965 -1648.677604 -2929.829254 -2637.350513 -2459.011316 -2383.571627 -2373.870278 -2372.887704 -2372.987770 -2373.241285 -2373.513119 -2373.774155 -2374.015772 -2374.239430 -2374.494434 -2375.265756 -2380.718164 -2418.893166 -2509.509109 -2604.698446 -1499.792625 -1704.051401 -1727.954302 -1726.949314 -1725.970404 -1725.723439 -1725.676905 -1725.669492 -1725.668811 -1725.669183 -1725.669638 -1725.670022 -1725.670328 -1725.670570 -1725.670766 -1725.670928 -1725.671067 -1725.671189 -1725.671302 -1725.671416 -1725.671541 -1725.671692 -1725.671890 -1725.672167 -1725.672575 -1725.673200 -1725.674182 -1725.675766 -1725.678386 -1725.682842 -1725.690655 -1725.704797 -1725.731212 -1725.782094 -1725.883364 -1726.093212 -1726.551746 -1727.622883 -1730.337387 -1737.981009 -1762.725630 -9999.0 -9999.0
-9999.0 -9999.0 622.138006 523.768085 425.004262 326.000591 226.887999 127.729236 28.555683 -70.612982 -169.769831 -268.904684 -367.994517 -466.992903 -565.823236 -664.382625 -762.780110 -861.187351 -959.375029 -1057.281305 -1153.759732 -1246.638156 -1334.321678 -1414.257310 -1484.267754 -1543.107679 -1590.650554 -1627.725953 -1655.765770 -1676.435326 -1691.356379 -1701.948611 -1709.369044 -1714.514236 -1718.054467 -1720.480635 -1722.159828 -1723.431490 -1724.885574 -1728.106720 -1735.891684 -1742.137965 -1648.677604 -2929.829254 -2637.350513 -2459.011316 -2383.571627 -2373.870278 -2372.887704 -2372.987770 -2373.241285 -2373.513119 -2373.774155 -2374.015772 -2374.239430 -2374.494434 -2375.265756 -2380.718164 -2418.893166 -2509.509109 -2604.698446 -1499.792625 -1704.051401 -1727.954302 -1726.949314 -1725.970404 -1725.723439 -1725.676905 -1725.669492 -1725.668811 -1725.669183 -1725.669638 -1725.670022 -1725.670328 -1725.670570 -1725.670766 -1725.670928 -1725.671067 -1725.671189 -1725.671302 -1725.671416 -1725.671541 -1725.671692 -1725.671890 -1725.672167 -1725.672575 -1725.673200 -1725.674182 -1725.675766 -1725.678386 -1725.682842 -1725.690655 -1725.704797 -1725.731212 -1725.782094 -1725.883364 -1726.093212 -1726.551746 -1727.622883 -1730.337387 -1737.981009 -1762.725630 -9999.0 -9999.0
-9999.0 -9999.0 622.136689 523.767397 425.003982 326.000487 226.887961 127.729223 28.555678 -70.612983 -169.769832 -268.904684 -367.994517 -466.992902 -565.823236 -664.382625 -762.780110 -861.187351 -959.375029 -1057.281305 -1153.759732 -1246.638156 -1334.321678 -1414.257310 -1484.267754 -1543.107679 -1590.650554 -1627.725953 -1655.765770 -1676.435326 -1691.356379 -1701.948610 -1709.369044 -1714.514236 -1718.054467 -1720.480635 -1722.159828 -1723.431490 -1724.885574 -1728.106720 -1735.891684 -1742.137965 -1648.677604 -2929.829254 -2637.350513 -2459.011318 -2383.571628 -2373.870278 -2372.887704 -2372.987770 -2373.241285 -2373.513119 -2373.774155 -2374.015772 -2374.239430 -2374.494434 -2375.265756 -2380.718164 -2418.893166 -2509.509109 -2604.698446 -1499.792625 -1704.051401 -1727.954302 -1726.949314 -1725.970404 -1725.723439 -1725.676905 -1725.669492 -1725.668811 -1725.669183 -1725.669638 -1725.670022 -1725.670328 -1725.670570 -1725.670766 -1725.670928 -1725.671067 -1725.671189 -1725.671302 -1725.671416 -1725.671541 -1725.671692 -1725.671890 -1725.672167 -1725.672575 -1725.673200 -1725.674182 -1725.675766 -1725.678386 -1725.682842 -1725.690655 -1725.704797 -1725.731212 -1725.782094 -1725.883364 -1726.093212 -1726.551746 -1727.622883 -1730.337387 -1737.981009 -1762.725630 -9999.0 -9999.0
-9999.0 -9999.0 622.132054 523.765951 425.003558 326.000355 226.887918 127.729208 28.555673 -70.612986 -169.769833 -268.904685 -367.994517 -466.992903 -565.823236 -664.382624 -762.780110 -861.187350 -959.375028 -1057.281304 -1153.759732 -1246.638156 -1334.321677 -1414.257310 -1484.267754 -1543.107679 -1590.650554 -1627.725953 -1655.765770 -1676.435326 -1691.356379 -1701.948610 -1709.369044 -1714.514236 -1718.054467 -1720.480635 -1722.159828 -1723.431490 -1724.885574 -1728.106720 -1735.891684 -1742.137965 -1648.677604 -2929.829256 -2637.350516 -2459.011323 -2383.571627 -2373.870278 -2372.887704 -2372.987770 -2373.241285 -2373.513119 -2373.774155 -2374.015772 -2374.239430 -2374.494434 -2375.265756 -2380.718164 -2418.893166 -2509.509109 -2604.698446 -1499.792625 -1704.051401 -1727.954302 -1726.949314 -1725.970404 -1725.723439 -1725.676905 -1725.669492 -1725.668811 -1725.669183 -1725.669638 -1725.670022 -1725.670328 -1725.670570 -1725.670766 -1725.670928 -1725.671067 -1725.671189 -1725.671302 -1725.671416 -1725.671541 -1725.671692 -1725.671890 -1725.672167 -1725.672575 -1725.673200 -1725.674182 -1725.675766 -1725.678386 -1725.682842 -1725.690655 -1725.704797 -1725.731212 -1725.782094 -1725.883364 -1726.093212 -1726.551746 -1727.622883 -1730.337387 -1737.981009 -1762.725630 -9999.0 -9999.0
-9999.0 -9999.0 -9999.0 -9999.0 -9999.0 -9999.0 -9999.0 -9999.0 -9999.0 -9999.0 -9999.0 -9999.0 -9999.0 -9999.0 -9999.0 -9999.0 -9999.0 -9999.0 -9999.0 -9999.0 -9999.0 -9999.0 -9999.0 -9999.0 -9999.0 -9999.0 -9999.0 -9999.0 -9999.0 -9999.0 -9999.0 -9999.0 -9999.0 -9999.0 -9999.0 -9999.0 -9999.0 -9999.0 -9999.0 -9999.0 -9999.0 -9999.0 -9999.0 -9999.0 -9999.0 -9999.0 -9999.0 -9999.0 -9999.0 -9999.0 -9999.0 -9999.0 -9999.0 -9999.0 -9999.0 -9999.0 -9999.0 -9999.0 -9999.0 -9999.0 -9999.0 -9999.0 -9999.0 -9999.0 -9999.0 -9999.0 -9999.0 -9999.0 -9999.0 -9999.0 -9999.0 -9999.0 -9999.0 -9999.0 -9999.0 -9999.0 -9999.0 -9999.0 -9999.0 -9999.0 -9999.0 -9999.0 -9999.0 -9999.0 -9999.0 -9999.0 -9999.0 -9999.0 -9999.0 -9999.0 -9999.0 -9999.0 -9999.0 -9999.0 -9999.0 -9999.0 -9999.0 -9999.0 -9999.0 -9999.0 -9999.0 -9999.0 -9999.0 -9999.0
-9999.0 -9999.0 -9999.0 -9999.0 -9999.0 -9999.0 -9999.0 -9999.0 -9999.0 -9999.0 -9999.0 -9999.0 -9999.0 -9999.0 -9999.0 -9999.0 -9999.0 -9999.0 -9999.0 -9999.0 -9999.0 -9999.0 -9999.0 -9999.0 -9999.0 -9999.0 -9999.0 -9999.0 -9999.0 -9999.0 -9999.0 -9999.0 -9999.0 -9999.0 -9999.0 -9999.0 -9999.0 -9999.0 -9999.0 -9999.0 -9999.0 -9999.0 -9999.0 -9999.0 -9999.0 -9999.0 -9999.0 -9999.0 -9999.0 -9999.0 -9999.0 -9999.0 -9999.0 -9999.0 -9999.0 -9999.0 -9999.0 -9999.0 -9999.0 -9999.0 -9999.0 -9999.0 -9999.0 -9999.0 -9999.0 -9999.0 -9999.0 -9999.0 -9999.0 -9999.0 -9999.0 -9999.0 -9999.0 -9999.0 -9999.0 -9999.0 -9999.0 -9999.0 -9999.0 -9999.0 -9999.0 -9999.0 -9999.0 -9999.0 -9999.0 -9999.0 -9999.0 -9999.0 -9999.0 -9999.0 -9999.0 -9999.0 -9999.0 -9999.0 -9999.0 -9999.0 -9999.0 -9999.0 -9999.0 -9999.0 -9999.0 -9999.0 -9999.0 -9999.0