inst/processing_geotop_simulation/geotop_simulation/out/maps3D/PwL0014N0428.asc
ncols         104
nrows         10
xllcorner     -2.000000
yllcorner     0.000000
cellsize      1.000000
NODATA_value  -9999.0
-9999.0 -9999.0 -9999.0 -9999.0 -9999.0 -9999.0 -9999.0 -9999.0 -9999.0 -9999.0 -9999.0 -9999.0 -9999.0 -9999.0 -9999.0 -9999.0 -9999.0 -9999.0 -9999.0 -9999.0 -9999.0 -9999.0 -9999.0 -9999.0 -9999.0 -9999.0 -9999.0 -9999.0 -9999.0 -9999.0 -9999.0 -9999.0 -9999.0 -9999.0 -9999.0 -9999.0 -9999.0 -9999.0 -9999.0 -9999.0 -9999.0 -9999.0 -9999.0 -9999.0 -9999.0 -9999.0 -9999.0 -9999.0 -9999.0 -9999.0 -9999.0 -9999.0 -9999.0 -9999.0 -9999.0 -9999.0 -9999.0 -9999.0 -9999.0 -9999.0 -9999.0 -9999.0 -9999.0 -9999.0 -9999.0 -9999.0 -9999.0 -9999.0 -9999.0 -9999.0 -9999.0 -9999.0 -9999.0 -9999.0 -9999.0 -9999.0 -9999.0 -9999.0 -9999.0 -9999.0 -9999.0 -9999.0 -9999.0 -9999.0 -9999.0 -9999.0 -9999.0 -9999.0 -9999.0 -9999.0 -9999.0 -9999.0 -9999.0 -9999.0 -9999.0 -9999.0 -9999.0 -9999.0 -9999.0 -9999.0 -9999.0 -9999.0 -9999.0 -9999.0
-9999.0 -9999.0 -9999.0 -9999.0 -9999.0 -9999.0 -9999.0 -9999.0 -9999.0 -9999.0 -9999.0 -9999.0 -9999.0 -9999.0 -9999.0 -9999.0 -9999.0 -9999.0 -9999.0 -9999.0 -9999.0 -9999.0 -9999.0 -9999.0 -9999.0 -9999.0 -9999.0 -9999.0 -9999.0 -9999.0 -9999.0 -9999.0 -9999.0 -9999.0 -9999.0 -9999.0 -9999.0 -9999.0 -9999.0 -9999.0 -9999.0 -9999.0 -9999.0 -9999.0 -9999.0 -9999.0 -9999.0 -9999.0 -9999.0 -9999.0 -9999.0 -9999.0 -9999.0 -9999.0 -9999.0 -9999.0 -9999.0 -9999.0 -9999.0 -9999.0 -9999.0 -9999.0 -9999.0 -9999.0 -9999.0 -9999.0 -9999.0 -9999.0 -9999.0 -9999.0 -9999.0 -9999.0 -9999.0 -9999.0 -9999.0 -9999.0 -9999.0 -9999.0 -9999.0 -9999.0 -9999.0 -9999.0 -9999.0 -9999.0 -9999.0 -9999.0 -9999.0 -9999.0 -9999.0 -9999.0 -9999.0 -9999.0 -9999.0 -9999.0 -9999.0 -9999.0 -9999.0 -9999.0 -9999.0 -9999.0 -9999.0 -9999.0 -9999.0 -9999.0
-9999.0 -9999.0 670.865224 572.020584 472.924095 373.659217 274.316099 174.939684 75.552412 -23.832173 -123.206816 -222.568608 -321.906902 -421.200927 -520.415237 -619.498665 -718.361671 -817.306847 -916.122181 -1014.760432 -1113.134367 -1209.216538 -1302.102983 -1389.638348 -1469.491080 -1539.709358 -1599.149935 -1647.643343 -1685.887046 -1715.163886 -1737.020224 -1753.003765 -1764.500282 -1772.661500 -1778.396480 -1782.399967 -1785.206168 -1787.295446 -1789.370950 -1792.886821 -1798.881151 -1794.741975 -1703.582199 -3521.879799 -3210.298285 -2955.793498 -2844.094870 -2829.532716 -2828.052004 -2828.200094 -2828.578962 -2828.985411 -2829.375749 -2829.737069 -2830.071670 -2830.454439 -2831.619427 -2839.830956 -2896.621115 -3029.710638 -3104.251324 -1539.085294 -1754.033344 -1790.982851 -1792.338090 -1791.585954 -1791.333842 -1791.280008 -1791.270669 -1791.269574 -1791.269840 -1791.270257 -1791.270629 -1791.270937 -1791.271192 -1791.271408 -1791.271596 -1791.271764 -1791.271920 -1791.272071 -1791.272224 -1791.272389 -1791.272579 -1791.272814 -1791.273122 -1791.273551 -1791.274177 -1791.275128 -1791.276626 -1791.279069 -1791.283192 -1791.290400 -1791.303449 -1791.327895 -1791.375260 -1791.470454 -1791.670568 -1792.115948 -1793.178492 -1795.933031 -1803.837612 -1829.439489 -9999.0 -9999.0
-9999.0 -9999.0 670.869317 572.021906 472.924490 373.659340 274.316140 174.939698 75.552418 -23.832170 -123.206815 -222.568607 -321.906902 -421.200927 -520.415237 -619.498666 -718.361671 -817.306847 -916.122182 -1014.760432 -1113.134367 -1209.216538 -1302.102983 -1389.638348 -1469.491080 -1539.709358 -1599.149935 -1647.643343 -1685.887046 -1715.163886 -1737.020224 -1753.003765 -1764.500282 -1772.661500 -1778.396480 -1782.399967 -1785.206168 -1787.295446 -1789.370950 -1792.886821 -1798.881151 -1794.741975 -1703.582199 -3521.879796 -3210.298282 -2955.793491 -2844.094870 -2829.532716 -2828.052004 -2828.200094 -2828.578962 -2828.985411 -2829.375749 -2829.737069 -2830.071670 -2830.454439 -2831.619427 -2839.830956 -2896.621114 -3029.710638 -3104.251324 -1539.085294 -1754.033344 -1790.982851 -1792.338090 -1791.585954 -1791.333842 -1791.280008 -1791.270669 -1791.269574 -1791.269840 -1791.270257 -1791.270629 -1791.270937 -1791.271192 -1791.271408 -1791.271596 -1791.271764 -1791.271920 -1791.272071 -1791.272224 -1791.272389 -1791.272579 -1791.272814 -1791.273122 -1791.273551 -1791.274177 -1791.275128 -1791.276626 -1791.279069 -1791.283192 -1791.290400 -1791.303449 -1791.327895 -1791.375260 -1791.470454 -1791.670568 -1792.115948 -1793.178492 -1795.933031 -1803.837612 -1829.439489 -9999.0 -9999.0
-9999.0 -9999.0 670.870543 572.022547 472.924752 373.659438 274.316175 174.939711 75.552422 -23.832169 -123.206815 -222.568607 -321.906902 -421.200927 -520.415237 -619.498666 -718.361672 -817.306847 -916.122182 -1014.760432 -1113.134368 -1209.216538 -1302.102983 -1389.638348 -1469.491080 -1539.709358 -1599.149935 -1647.643343 -1685.887046 -1715.163886 -1737.020224 -1753.003765 -1764.500282 -1772.661500 -1778.396480 -1782.399967 -1785.206168 -1787.295446 -1789.370950 -1792.886821 -1798.881151 -1794.741975 -1703.582199 -3521.879796 -3210.298281 -2955.793488 -2844.094870 -2829.532716 -2828.052004 -2828.200094 -2828.578962 -2828.985411 -2829.375749 -2829.737069 -2830.071670 -2830.454439 -2831.619427 -2839.830956 -2896.621114 -3029.710638 -3104.251324 -1539.085294 -1754.033344 -1790.982851 -1792.338090 -1791.585954 -1791.333842 -1791.280008 -1791.270669 -1791.269574 -1791.269840 -1791.270257 -1791.270629 -1791.270937 -1791.271192 -1791.271408 -1791.271596 -1791.271764 -1791.271920 -1791.272071 -1791.272224 -1791.272389 -1791.272579 -1791.272814 -1791.273122 -1791.273551 -1791.274177 -1791.275128 -1791.276626 -1791.279069 -1791.283192 -1791.290400 -1791.303449 -1791.327895 -1791.375260 -1791.470454 -1791.670568 -1792.115948 -1793.178492 -1795.933031 -1803.837612 -1829.439489 -9999.0 -9999.0
-9999.0 -9999.0 670.870543 572.022547 472.924752 373.659438 274.316175 174.939711 75.552422 -23.832169 -123.206815 -222.568607 -321.906902 -421.200927 -520.415237 -619.498666 -718.361672 -817.306847 -916.122182 -1014.760432 -1113.134368 -1209.216538 -1302.102983 -1389.638348 -1469.491080 -1539.709358 -1599.149935 -1647.643343 -1685.887046 -1715.163886 -1737.020224 -1753.003765 -1764.500282 -1772.661500 -1778.396480 -1782.399967 -1785.206168 -1787.295446 -1789.370950 -1792.886821 -1798.881151 -1794.741975 -1703.582199 -3521.879796 -3210.298281 -2955.793488 -2844.094870 -2829.532716 -2828.052004 -2828.200094 -2828.578962 -2828.985411 -2829.375749 -2829.737069 -2830.071670 -2830.454439 -2831.619427 -2839.830956 -2896.621114 -3029.710638 -3104.251324 -1539.085294 -1754.033344 -1790.982851 -1792.338090 -1791.585954 -1791.333842 -1791.280008 -1791.270669 -1791.269574 -1791.269840 -1791.270257 -1791.270629 -1791.270937 -1791.271192 -1791.271408 -1791.271596 -1791.271764 -1791.271920 -1791.272071 -1791.272224 -1791.272389 -1791.272579 -1791.272814 -1791.273122 -1791.273551 -1791.274177 -1791.275128 -1791.276626 -1791.279069 -1791.283192 -1791.290400 -1791.303449 -1791.327895 -1791.375260 -1791.470454 -1791.670568 -1792.115948 -1793.178492 -1795.933031 -1803.837612 -1829.439489 -9999.0 -9999.0
-9999.0 -9999.0 670.869317 572.021906 472.924490 373.659340 274.316140 174.939698 75.552418 -23.832170 -123.206815 -222.568607 -321.906902 -421.200927 -520.415237 -619.498666 -718.361671 -817.306847 -916.122182 -1014.760432 -1113.134367 -1209.216538 -1302.102983 -1389.638348 -1469.491080 -1539.709358 -1599.149935 -1647.643343 -1685.887046 -1715.163886 -1737.020224 -1753.003765 -1764.500282 -1772.661500 -1778.396480 -1782.399967 -1785.206168 -1787.295446 -1789.370950 -1792.886821 -1798.881151 -1794.741975 -1703.582199 -3521.879797 -3210.298282 -2955.793491 -2844.094870 -2829.532716 -2828.052004 -2828.200094 -2828.578962 -2828.985411 -2829.375749 -2829.737069 -2830.071670 -2830.454439 -2831.619427 -2839.830956 -2896.621114 -3029.710638 -3104.251324 -1539.085294 -1754.033344 -1790.982851 -1792.338090 -1791.585954 -1791.333842 -1791.280008 -1791.270669 -1791.269574 -1791.269840 -1791.270257 -1791.270629 -1791.270937 -1791.271192 -1791.271408 -1791.271596 -1791.271764 -1791.271920 -1791.272071 -1791.272224 -1791.272389 -1791.272579 -1791.272814 -1791.273122 -1791.273551 -1791.274177 -1791.275128 -1791.276626 -1791.279069 -1791.283192 -1791.290400 -1791.303449 -1791.327895 -1791.375260 -1791.470454 -1791.670568 -1792.115948 -1793.178492 -1795.933031 -1803.837612 -1829.439489 -9999.0 -9999.0
-9999.0 -9999.0 670.865224 572.020584 472.924095 373.659217 274.316099 174.939684 75.552412 -23.832173 -123.206816 -222.568608 -321.906902 -421.200927 -520.415237 -619.498666 -718.361671 -817.306847 -916.122181 -1014.760432 -1113.134367 -1209.216538 -1302.102983 -1389.638348 -1469.491080 -1539.709358 -1599.149935 -1647.643343 -1685.887046 -1715.163886 -1737.020224 -1753.003765 -1764.500282 -1772.661500 -1778.396480 -1782.399967 -1785.206168 -1787.295446 -1789.370950 -1792.886821 -1798.881151 -1794.741975 -1703.582199 -3521.879799 -3210.298286 -2955.793497 -2844.094870 -2829.532716 -2828.052004 -2828.200094 -2828.578962 -2828.985411 -2829.375749 -2829.737069 -2830.071670 -2830.454439 -2831.619427 -2839.830956 -2896.621115 -3029.710638 -3104.251324 -1539.085294 -1754.033344 -1790.982851 -1792.338090 -1791.585954 -1791.333842 -1791.280008 -1791.270669 -1791.269574 -1791.269840 -1791.270257 -1791.270629 -1791.270937 -1791.271192 -1791.271408 -1791.271596 -1791.271764 -1791.271920 -1791.272071 -1791.272224 -1791.272389 -1791.272579 -1791.272814 -1791.273122 -1791.273551 -1791.274177 -1791.275128 -1791.276626 -1791.279069 -1791.283192 -1791.290400 -1791.303449 -1791.327895 -1791.375260 -1791.470454 -1791.670568 -1792.115948 -1793.178492 -1795.933031 -1803.837612 -1829.439489 -9999.0 -9999.0
-9999.0 -9999.0 -9999.0 -9999.0 -9999.0 -9999.0 -9999.0 -9999.0 -9999.0 -9999.0 -9999.0 -9999.0 -9999.0 -9999.0 -9999.0 -9999.0 -9999.0 -9999.0 -9999.0 -9999.0 -9999.0 -9999.0 -9999.0 -9999.0 -9999.0 -9999.0 -9999.0 -9999.0 -9999.0 -9999.0 -9999.0 -9999.0 -9999.0 -9999.0 -9999.0 -9999.0 -9999.0 -9999.0 -9999.0 -9999.0 -9999.0 -9999.0 -9999.0 -9999.0 -9999.0 -9999.0 -9999.0 -9999.0 -9999.0 -9999.0 -9999.0 -9999.0 -9999.0 -9999.0 -9999.0 -9999.0 -9999.0 -9999.0 -9999.0 -9999.0 -9999.0 -9999.0 -9999.0 -9999.0 -9999.0 -9999.0 -9999.0 -9999.0 -9999.0 -9999.0 -9999.0 -9999.0 -9999.0 -9999.0 -9999.0 -9999.0 -9999.0 -9999.0 -9999.0 -9999.0 -9999.0 -9999.0 -9999.0 -9999.0 -9999.0 -9999.0 -9999.0 -9999.0 -9999.0 -9999.0 -9999.0 -9999.0 -9999.0 -9999.0 -9999.0 -9999.0 -9999.0 -9999.0 -9999.0 -9999.0 -9999.0 -9999.0 -9999.0 -9999.0
-9999.0 -9999.0 -9999.0 -9999.0 -9999.0 -9999.0 -9999.0 -9999.0 -9999.0 -9999.0 -9999.0 -9999.0 -9999.0 -9999.0 -9999.0 -9999.0 -9999.0 -9999.0 -9999.0 -9999.0 -9999.0 -9999.0 -9999.0 -9999.0 -9999.0 -9999.0 -9999.0 -9999.0 -9999.0 -9999.0 -9999.0 -9999.0 -9999.0 -9999.0 -9999.0 -9999.0 -9999.0 -9999.0 -9999.0 -9999.0 -9999.0 -9999.0 -9999.0 -9999.0 -9999.0 -9999.0 -9999.0 -9999.0 -9999.0 -9999.0 -9999.0 -9999.0 -9999.0 -9999.0 -9999.0 -9999.0 -9999.0 -9999.0 -9999.0 -9999.0 -9999.0 -9999.0 -9999.0 -9999.0 -9999.0 -9999.0 -9999.0 -9999.0 -9999.0 -9999.0 -9999.0 -9999.0 -9999.0 -9999.0 -9999.0 -9999.0 -9999.0 -9999.0 -9999.0 -9999.0 -9999.0 -9999.0 -9999.0 -9999.0 -9999.0 -9999.0 -9999.0 -9999.0 -9999.0 -9999.0 -9999.0 -9999.0 -9999.0 -9999.0 -9999.0 -9999.0 -9999.0 -9999.0 -9999.0 -9999.0 -9999.0 -9999.0 -9999.0 -9999.0