inst/processing_geotop_simulation/geotop_simulation/out/maps3D/PwL0002N0316.asc
ncols         104
nrows         10
xllcorner     -2.000000
yllcorner     0.000000
cellsize      1.000000
NODATA_value  -9999.0
-9999.0 -9999.0 -9999.0 -9999.0 -9999.0 -9999.0 -9999.0 -9999.0 -9999.0 -9999.0 -9999.0 -9999.0 -9999.0 -9999.0 -9999.0 -9999.0 -9999.0 -9999.0 -9999.0 -9999.0 -9999.0 -9999.0 -9999.0 -9999.0 -9999.0 -9999.0 -9999.0 -9999.0 -9999.0 -9999.0 -9999.0 -9999.0 -9999.0 -9999.0 -9999.0 -9999.0 -9999.0 -9999.0 -9999.0 -9999.0 -9999.0 -9999.0 -9999.0 -9999.0 -9999.0 -9999.0 -9999.0 -9999.0 -9999.0 -9999.0 -9999.0 -9999.0 -9999.0 -9999.0 -9999.0 -9999.0 -9999.0 -9999.0 -9999.0 -9999.0 -9999.0 -9999.0 -9999.0 -9999.0 -9999.0 -9999.0 -9999.0 -9999.0 -9999.0 -9999.0 -9999.0 -9999.0 -9999.0 -9999.0 -9999.0 -9999.0 -9999.0 -9999.0 -9999.0 -9999.0 -9999.0 -9999.0 -9999.0 -9999.0 -9999.0 -9999.0 -9999.0 -9999.0 -9999.0 -9999.0 -9999.0 -9999.0 -9999.0 -9999.0 -9999.0 -9999.0 -9999.0 -9999.0 -9999.0 -9999.0 -9999.0 -9999.0 -9999.0 -9999.0
-9999.0 -9999.0 -9999.0 -9999.0 -9999.0 -9999.0 -9999.0 -9999.0 -9999.0 -9999.0 -9999.0 -9999.0 -9999.0 -9999.0 -9999.0 -9999.0 -9999.0 -9999.0 -9999.0 -9999.0 -9999.0 -9999.0 -9999.0 -9999.0 -9999.0 -9999.0 -9999.0 -9999.0 -9999.0 -9999.0 -9999.0 -9999.0 -9999.0 -9999.0 -9999.0 -9999.0 -9999.0 -9999.0 -9999.0 -9999.0 -9999.0 -9999.0 -9999.0 -9999.0 -9999.0 -9999.0 -9999.0 -9999.0 -9999.0 -9999.0 -9999.0 -9999.0 -9999.0 -9999.0 -9999.0 -9999.0 -9999.0 -9999.0 -9999.0 -9999.0 -9999.0 -9999.0 -9999.0 -9999.0 -9999.0 -9999.0 -9999.0 -9999.0 -9999.0 -9999.0 -9999.0 -9999.0 -9999.0 -9999.0 -9999.0 -9999.0 -9999.0 -9999.0 -9999.0 -9999.0 -9999.0 -9999.0 -9999.0 -9999.0 -9999.0 -9999.0 -9999.0 -9999.0 -9999.0 -9999.0 -9999.0 -9999.0 -9999.0 -9999.0 -9999.0 -9999.0 -9999.0 -9999.0 -9999.0 -9999.0 -9999.0 -9999.0 -9999.0 -9999.0
-9999.0 -9999.0 76.504626 -19.835616 -118.076416 -216.772298 -315.634645 -414.553641 -513.473128 -612.348933 -711.086908 -809.640851 -907.951195 -1005.935244 -1103.837732 -1201.597865 -1298.612758 -1394.404138 -1488.240815 -1578.942847 -1664.175965 -1740.396527 -1804.480841 -1855.281941 -1893.689675 -1921.743433 -1941.748254 -1955.772041 -1965.475045 -1972.115551 -1976.617428 -1979.644846 -1981.667195 -1983.011199 -1983.901574 -1984.493384 -1984.902833 -1985.265065 -1985.947261 -1988.189434 -1992.589074 -1950.216295 -1197.260787 -1195.478005 -1184.863522 -1177.959979 -1174.715183 -1174.216556 -1174.163001 -1174.168453 -1174.182508 -1174.197626 -1174.212158 -1174.225618 -1174.238122 -1174.252760 -1174.298420 -1174.599786 -1176.338857 -1180.198343 -1185.622488 -1179.771402 -1927.196649 -1986.707308 -1986.789322 -1985.947853 -1985.752505 -1985.718636 -1985.713666 -1985.713473 -1985.713990 -1985.714514 -1985.714937 -1985.715263 -1985.715513 -1985.715709 -1985.715864 -1985.715991 -1985.716097 -1985.716193 -1985.716288 -1985.716394 -1985.716527 -1985.716712 -1985.716985 -1985.717404 -1985.718064 -1985.719121 -1985.720846 -1985.723712 -1985.728590 -1985.737120 -1985.752487 -1985.781001 -1985.835413 -1985.942110 -1986.158123 -1986.615310 -1987.645308 -1990.170159 -1997.151254 -2020.184364 -9999.0 -9999.0
-9999.0 -9999.0 76.515771 -19.833622 -118.075918 -216.772153 -315.634599 -414.553625 -513.473122 -612.348931 -711.086907 -809.640850 -907.951195 -1005.935244 -1103.837732 -1201.597865 -1298.612758 -1394.404138 -1488.240816 -1578.942847 -1664.175966 -1740.396527 -1804.480841 -1855.281941 -1893.689675 -1921.743433 -1941.748254 -1955.772041 -1965.475045 -1972.115551 -1976.617428 -1979.644846 -1981.667195 -1983.011199 -1983.901574 -1984.493384 -1984.902833 -1985.265065 -1985.947261 -1988.189434 -1992.589074 -1950.216295 -1197.260787 -1195.478005 -1184.863522 -1177.959979 -1174.715183 -1174.216556 -1174.163001 -1174.168453 -1174.182508 -1174.197626 -1174.212158 -1174.225618 -1174.238122 -1174.252760 -1174.298420 -1174.599786 -1176.338857 -1180.198343 -1185.622488 -1179.771402 -1927.196649 -1986.707308 -1986.789322 -1985.947853 -1985.752505 -1985.718636 -1985.713666 -1985.713473 -1985.713990 -1985.714514 -1985.714937 -1985.715263 -1985.715513 -1985.715709 -1985.715864 -1985.715991 -1985.716097 -1985.716193 -1985.716288 -1985.716394 -1985.716527 -1985.716712 -1985.716985 -1985.717404 -1985.718064 -1985.719121 -1985.720846 -1985.723712 -1985.728590 -1985.737120 -1985.752487 -1985.781001 -1985.835413 -1985.942110 -1986.158123 -1986.615310 -1987.645308 -1990.170159 -1997.151254 -2020.184364 -9999.0 -9999.0
-9999.0 -9999.0 76.516981 -19.832823 -118.075603 -216.772039 -315.634559 -414.553610 -513.473117 -612.348929 -711.086906 -809.640850 -907.951195 -1005.935244 -1103.837732 -1201.597865 -1298.612758 -1394.404138 -1488.240816 -1578.942847 -1664.175966 -1740.396527 -1804.480841 -1855.281941 -1893.689675 -1921.743433 -1941.748254 -1955.772041 -1965.475045 -1972.115551 -1976.617428 -1979.644846 -1981.667195 -1983.011199 -1983.901574 -1984.493384 -1984.902833 -1985.265065 -1985.947261 -1988.189434 -1992.589074 -1950.216295 -1197.260787 -1195.478005 -1184.863522 -1177.959979 -1174.715183 -1174.216556 -1174.163000 -1174.168453 -1174.182508 -1174.197626 -1174.212158 -1174.225618 -1174.238122 -1174.252760 -1174.298420 -1174.599786 -1176.338857 -1180.198343 -1185.622488 -1179.771402 -1927.196649 -1986.707308 -1986.789322 -1985.947853 -1985.752505 -1985.718636 -1985.713666 -1985.713473 -1985.713990 -1985.714514 -1985.714937 -1985.715263 -1985.715513 -1985.715709 -1985.715864 -1985.715991 -1985.716097 -1985.716193 -1985.716288 -1985.716394 -1985.716527 -1985.716712 -1985.716985 -1985.717404 -1985.718064 -1985.719121 -1985.720846 -1985.723712 -1985.728590 -1985.737120 -1985.752487 -1985.781001 -1985.835413 -1985.942110 -1986.158123 -1986.615310 -1987.645308 -1990.170159 -1997.151254 -2020.184364 -9999.0 -9999.0
-9999.0 -9999.0 76.516981 -19.832823 -118.075603 -216.772039 -315.634559 -414.553610 -513.473117 -612.348929 -711.086906 -809.640850 -907.951195 -1005.935244 -1103.837732 -1201.597865 -1298.612758 -1394.404138 -1488.240816 -1578.942847 -1664.175966 -1740.396527 -1804.480841 -1855.281941 -1893.689675 -1921.743433 -1941.748254 -1955.772041 -1965.475045 -1972.115551 -1976.617428 -1979.644846 -1981.667195 -1983.011199 -1983.901574 -1984.493384 -1984.902833 -1985.265065 -1985.947261 -1988.189434 -1992.589074 -1950.216295 -1197.260787 -1195.478005 -1184.863522 -1177.959979 -1174.715183 -1174.216556 -1174.163000 -1174.168453 -1174.182508 -1174.197626 -1174.212158 -1174.225618 -1174.238122 -1174.252760 -1174.298420 -1174.599786 -1176.338857 -1180.198343 -1185.622488 -1179.771402 -1927.196649 -1986.707308 -1986.789322 -1985.947853 -1985.752505 -1985.718636 -1985.713666 -1985.713473 -1985.713990 -1985.714514 -1985.714937 -1985.715263 -1985.715513 -1985.715709 -1985.715864 -1985.715991 -1985.716097 -1985.716193 -1985.716288 -1985.716394 -1985.716527 -1985.716712 -1985.716985 -1985.717404 -1985.718064 -1985.719121 -1985.720846 -1985.723712 -1985.728590 -1985.737120 -1985.752487 -1985.781001 -1985.835413 -1985.942110 -1986.158123 -1986.615310 -1987.645308 -1990.170159 -1997.151254 -2020.184364 -9999.0 -9999.0
-9999.0 -9999.0 76.515771 -19.833622 -118.075918 -216.772153 -315.634599 -414.553625 -513.473122 -612.348931 -711.086907 -809.640850 -907.951195 -1005.935244 -1103.837732 -1201.597865 -1298.612758 -1394.404138 -1488.240816 -1578.942847 -1664.175966 -1740.396527 -1804.480841 -1855.281941 -1893.689675 -1921.743433 -1941.748254 -1955.772041 -1965.475045 -1972.115551 -1976.617428 -1979.644846 -1981.667195 -1983.011199 -1983.901574 -1984.493384 -1984.902833 -1985.265065 -1985.947261 -1988.189434 -1992.589074 -1950.216295 -1197.260787 -1195.478005 -1184.863522 -1177.959979 -1174.715183 -1174.216556 -1174.163001 -1174.168453 -1174.182508 -1174.197626 -1174.212158 -1174.225618 -1174.238122 -1174.252760 -1174.298420 -1174.599786 -1176.338857 -1180.198343 -1185.622488 -1179.771402 -1927.196649 -1986.707308 -1986.789322 -1985.947853 -1985.752505 -1985.718636 -1985.713666 -1985.713473 -1985.713990 -1985.714514 -1985.714937 -1985.715263 -1985.715513 -1985.715709 -1985.715864 -1985.715991 -1985.716097 -1985.716193 -1985.716288 -1985.716394 -1985.716527 -1985.716712 -1985.716985 -1985.717404 -1985.718064 -1985.719121 -1985.720846 -1985.723712 -1985.728590 -1985.737120 -1985.752487 -1985.781001 -1985.835413 -1985.942110 -1986.158123 -1986.615310 -1987.645308 -1990.170159 -1997.151254 -2020.184364 -9999.0 -9999.0
-9999.0 -9999.0 76.504626 -19.835616 -118.076415 -216.772298 -315.634645 -414.553641 -513.473128 -612.348933 -711.086908 -809.640851 -907.951195 -1005.935244 -1103.837732 -1201.597865 -1298.612758 -1394.404138 -1488.240815 -1578.942847 -1664.175965 -1740.396527 -1804.480841 -1855.281941 -1893.689675 -1921.743433 -1941.748254 -1955.772041 -1965.475045 -1972.115551 -1976.617428 -1979.644846 -1981.667195 -1983.011199 -1983.901574 -1984.493384 -1984.902833 -1985.265065 -1985.947261 -1988.189434 -1992.589074 -1950.216295 -1197.260787 -1195.478005 -1184.863522 -1177.959979 -1174.715183 -1174.216556 -1174.163001 -1174.168453 -1174.182508 -1174.197626 -1174.212158 -1174.225618 -1174.238122 -1174.252760 -1174.298420 -1174.599786 -1176.338857 -1180.198343 -1185.622488 -1179.771402 -1927.196649 -1986.707308 -1986.789322 -1985.947853 -1985.752505 -1985.718636 -1985.713666 -1985.713473 -1985.713990 -1985.714514 -1985.714937 -1985.715263 -1985.715513 -1985.715709 -1985.715864 -1985.715991 -1985.716097 -1985.716193 -1985.716288 -1985.716394 -1985.716527 -1985.716712 -1985.716985 -1985.717404 -1985.718064 -1985.719121 -1985.720846 -1985.723712 -1985.728590 -1985.737120 -1985.752487 -1985.781001 -1985.835413 -1985.942110 -1986.158123 -1986.615310 -1987.645308 -1990.170159 -1997.151254 -2020.184364 -9999.0 -9999.0
-9999.0 -9999.0 -9999.0 -9999.0 -9999.0 -9999.0 -9999.0 -9999.0 -9999.0 -9999.0 -9999.0 -9999.0 -9999.0 -9999.0 -9999.0 -9999.0 -9999.0 -9999.0 -9999.0 -9999.0 -9999.0 -9999.0 -9999.0 -9999.0 -9999.0 -9999.0 -9999.0 -9999.0 -9999.0 -9999.0 -9999.0 -9999.0 -9999.0 -9999.0 -9999.0 -9999.0 -9999.0 -9999.0 -9999.0 -9999.0 -9999.0 -9999.0 -9999.0 -9999.0 -9999.0 -9999.0 -9999.0 -9999.0 -9999.0 -9999.0 -9999.0 -9999.0 -9999.0 -9999.0 -9999.0 -9999.0 -9999.0 -9999.0 -9999.0 -9999.0 -9999.0 -9999.0 -9999.0 -9999.0 -9999.0 -9999.0 -9999.0 -9999.0 -9999.0 -9999.0 -9999.0 -9999.0 -9999.0 -9999.0 -9999.0 -9999.0 -9999.0 -9999.0 -9999.0 -9999.0 -9999.0 -9999.0 -9999.0 -9999.0 -9999.0 -9999.0 -9999.0 -9999.0 -9999.0 -9999.0 -9999.0 -9999.0 -9999.0 -9999.0 -9999.0 -9999.0 -9999.0 -9999.0 -9999.0 -9999.0 -9999.0 -9999.0 -9999.0 -9999.0
-9999.0 -9999.0 -9999.0 -9999.0 -9999.0 -9999.0 -9999.0 -9999.0 -9999.0 -9999.0 -9999.0 -9999.0 -9999.0 -9999.0 -9999.0 -9999.0 -9999.0 -9999.0 -9999.0 -9999.0 -9999.0 -9999.0 -9999.0 -9999.0 -9999.0 -9999.0 -9999.0 -9999.0 -9999.0 -9999.0 -9999.0 -9999.0 -9999.0 -9999.0 -9999.0 -9999.0 -9999.0 -9999.0 -9999.0 -9999.0 -9999.0 -9999.0 -9999.0 -9999.0 -9999.0 -9999.0 -9999.0 -9999.0 -9999.0 -9999.0 -9999.0 -9999.0 -9999.0 -9999.0 -9999.0 -9999.0 -9999.0 -9999.0 -9999.0 -9999.0 -9999.0 -9999.0 -9999.0 -9999.0 -9999.0 -9999.0 -9999.0 -9999.0 -9999.0 -9999.0 -9999.0 -9999.0 -9999.0 -9999.0 -9999.0 -9999.0 -9999.0 -9999.0 -9999.0 -9999.0 -9999.0 -9999.0 -9999.0 -9999.0 -9999.0 -9999.0 -9999.0 -9999.0 -9999.0 -9999.0 -9999.0 -9999.0 -9999.0 -9999.0 -9999.0 -9999.0 -9999.0 -9999.0 -9999.0 -9999.0 -9999.0 -9999.0 -9999.0 -9999.0