inst/processing_geotop_simulation/geotop_simulation/out/maps3D/PwL0016N0209.asc
ncols         104
nrows         10
xllcorner     -2.000000
yllcorner     0.000000
cellsize      1.000000
NODATA_value  -9999.0
-9999.0 -9999.0 -9999.0 -9999.0 -9999.0 -9999.0 -9999.0 -9999.0 -9999.0 -9999.0 -9999.0 -9999.0 -9999.0 -9999.0 -9999.0 -9999.0 -9999.0 -9999.0 -9999.0 -9999.0 -9999.0 -9999.0 -9999.0 -9999.0 -9999.0 -9999.0 -9999.0 -9999.0 -9999.0 -9999.0 -9999.0 -9999.0 -9999.0 -9999.0 -9999.0 -9999.0 -9999.0 -9999.0 -9999.0 -9999.0 -9999.0 -9999.0 -9999.0 -9999.0 -9999.0 -9999.0 -9999.0 -9999.0 -9999.0 -9999.0 -9999.0 -9999.0 -9999.0 -9999.0 -9999.0 -9999.0 -9999.0 -9999.0 -9999.0 -9999.0 -9999.0 -9999.0 -9999.0 -9999.0 -9999.0 -9999.0 -9999.0 -9999.0 -9999.0 -9999.0 -9999.0 -9999.0 -9999.0 -9999.0 -9999.0 -9999.0 -9999.0 -9999.0 -9999.0 -9999.0 -9999.0 -9999.0 -9999.0 -9999.0 -9999.0 -9999.0 -9999.0 -9999.0 -9999.0 -9999.0 -9999.0 -9999.0 -9999.0 -9999.0 -9999.0 -9999.0 -9999.0 -9999.0 -9999.0 -9999.0 -9999.0 -9999.0 -9999.0 -9999.0
-9999.0 -9999.0 -9999.0 -9999.0 -9999.0 -9999.0 -9999.0 -9999.0 -9999.0 -9999.0 -9999.0 -9999.0 -9999.0 -9999.0 -9999.0 -9999.0 -9999.0 -9999.0 -9999.0 -9999.0 -9999.0 -9999.0 -9999.0 -9999.0 -9999.0 -9999.0 -9999.0 -9999.0 -9999.0 -9999.0 -9999.0 -9999.0 -9999.0 -9999.0 -9999.0 -9999.0 -9999.0 -9999.0 -9999.0 -9999.0 -9999.0 -9999.0 -9999.0 -9999.0 -9999.0 -9999.0 -9999.0 -9999.0 -9999.0 -9999.0 -9999.0 -9999.0 -9999.0 -9999.0 -9999.0 -9999.0 -9999.0 -9999.0 -9999.0 -9999.0 -9999.0 -9999.0 -9999.0 -9999.0 -9999.0 -9999.0 -9999.0 -9999.0 -9999.0 -9999.0 -9999.0 -9999.0 -9999.0 -9999.0 -9999.0 -9999.0 -9999.0 -9999.0 -9999.0 -9999.0 -9999.0 -9999.0 -9999.0 -9999.0 -9999.0 -9999.0 -9999.0 -9999.0 -9999.0 -9999.0 -9999.0 -9999.0 -9999.0 -9999.0 -9999.0 -9999.0 -9999.0 -9999.0 -9999.0 -9999.0 -9999.0 -9999.0 -9999.0 -9999.0
-9999.0 -9999.0 777.281326 681.149083 584.374460 487.058753 389.475929 291.775990 194.036343 96.297904 -1.414262 -99.077788 -196.675976 -294.139959 -391.334686 -488.036373 -583.865588 -678.289706 -773.441279 -867.838638 -961.141743 -1053.126126 -1132.686298 -1201.873916 -1259.261096 -1304.771304 -1339.445810 -1364.974929 -1383.240303 -1396.003699 -1404.753221 -1410.660722 -1414.603099 -1417.211727 -1418.928272 -1420.057178 -1420.814377 -1421.396360 -1422.224514 -1425.093750 -1437.862040 -1500.455159 -2017.776226 -4150.858099 -4183.166168 -4183.168311 -4183.168308 -4183.168308 -4183.168307 -4183.168306 -4183.168304 -4183.168296 -4183.168282 -4183.168263 -4183.168230 -4183.168163 -4183.168008 -4183.167615 -4183.166526 -4183.158936 -4129.285127 -1885.717867 -1464.174086 -1430.729570 -1423.852803 -1422.574596 -1422.369601 -1422.338554 -1422.334410 -1422.334559 -1422.335309 -1422.336011 -1422.336570 -1422.336999 -1422.337329 -1422.337588 -1422.337794 -1422.337962 -1422.338103 -1422.338230 -1422.338354 -1422.338492 -1422.338664 -1422.338901 -1422.339248 -1422.339780 -1422.340615 -1422.341950 -1422.344120 -1422.347717 -1422.353816 -1422.364440 -1422.383503 -1422.418755 -1422.485827 -1422.617015 -1422.882016 -1423.441940 -1424.699505 -1427.732401 -1435.694634 -1459.801419 -9999.0 -9999.0
-9999.0 -9999.0 777.285554 681.150543 584.374912 487.058896 389.475976 291.776006 194.036349 96.297906 -1.414261 -99.077787 -196.675975 -294.139959 -391.334685 -488.036373 -583.865588 -678.289706 -773.441279 -867.838638 -961.141744 -1053.126126 -1132.686299 -1201.873916 -1259.261096 -1304.771304 -1339.445810 -1364.974929 -1383.240303 -1396.003699 -1404.753221 -1410.660722 -1414.603099 -1417.211727 -1418.928272 -1420.057178 -1420.814377 -1421.396360 -1422.224514 -1425.093750 -1437.862040 -1500.455159 -2017.776226 -4150.858099 -4183.166168 -4183.168311 -4183.168308 -4183.168308 -4183.168307 -4183.168306 -4183.168304 -4183.168296 -4183.168282 -4183.168263 -4183.168230 -4183.168163 -4183.168008 -4183.167615 -4183.166526 -4183.158936 -4129.285127 -1885.717867 -1464.174086 -1430.729570 -1423.852803 -1422.574596 -1422.369601 -1422.338554 -1422.334410 -1422.334559 -1422.335309 -1422.336011 -1422.336570 -1422.336999 -1422.337329 -1422.337588 -1422.337794 -1422.337962 -1422.338103 -1422.338230 -1422.338354 -1422.338492 -1422.338664 -1422.338901 -1422.339248 -1422.339780 -1422.340615 -1422.341950 -1422.344120 -1422.347717 -1422.353816 -1422.364440 -1422.383503 -1422.418755 -1422.485827 -1422.617015 -1422.882016 -1423.441940 -1424.699505 -1427.732401 -1435.694634 -1459.801419 -9999.0 -9999.0
-9999.0 -9999.0 777.286950 681.151279 584.375217 487.059011 389.476018 291.776021 194.036355 96.297908 -1.414260 -99.077787 -196.675975 -294.139959 -391.334685 -488.036373 -583.865588 -678.289706 -773.441279 -867.838638 -961.141744 -1053.126127 -1132.686299 -1201.873916 -1259.261096 -1304.771304 -1339.445810 -1364.974929 -1383.240303 -1396.003699 -1404.753221 -1410.660722 -1414.603099 -1417.211727 -1418.928272 -1420.057178 -1420.814377 -1421.396360 -1422.224514 -1425.093750 -1437.862040 -1500.455159 -2017.776226 -4150.858099 -4183.166168 -4183.168311 -4183.168308 -4183.168308 -4183.168307 -4183.168306 -4183.168304 -4183.168296 -4183.168282 -4183.168263 -4183.168230 -4183.168163 -4183.168008 -4183.167615 -4183.166526 -4183.158936 -4129.285127 -1885.717867 -1464.174086 -1430.729570 -1423.852803 -1422.574596 -1422.369601 -1422.338554 -1422.334410 -1422.334559 -1422.335309 -1422.336011 -1422.336570 -1422.336999 -1422.337329 -1422.337588 -1422.337794 -1422.337962 -1422.338103 -1422.338230 -1422.338354 -1422.338492 -1422.338664 -1422.338901 -1422.339248 -1422.339780 -1422.340615 -1422.341950 -1422.344120 -1422.347717 -1422.353816 -1422.364440 -1422.383503 -1422.418755 -1422.485827 -1422.617015 -1422.882016 -1423.441940 -1424.699505 -1427.732401 -1435.694634 -1459.801419 -9999.0 -9999.0
-9999.0 -9999.0 777.286950 681.151279 584.375217 487.059011 389.476018 291.776022 194.036355 96.297908 -1.414260 -99.077787 -196.675975 -294.139959 -391.334685 -488.036373 -583.865588 -678.289706 -773.441279 -867.838638 -961.141744 -1053.126127 -1132.686299 -1201.873916 -1259.261096 -1304.771304 -1339.445810 -1364.974929 -1383.240303 -1396.003699 -1404.753221 -1410.660722 -1414.603099 -1417.211727 -1418.928272 -1420.057178 -1420.814377 -1421.396360 -1422.224514 -1425.093750 -1437.862040 -1500.455159 -2017.776226 -4150.858099 -4183.166168 -4183.168311 -4183.168308 -4183.168308 -4183.168307 -4183.168306 -4183.168304 -4183.168296 -4183.168282 -4183.168263 -4183.168230 -4183.168163 -4183.168008 -4183.167615 -4183.166526 -4183.158936 -4129.285127 -1885.717867 -1464.174086 -1430.729570 -1423.852803 -1422.574596 -1422.369601 -1422.338554 -1422.334410 -1422.334559 -1422.335309 -1422.336011 -1422.336570 -1422.336999 -1422.337329 -1422.337588 -1422.337794 -1422.337962 -1422.338103 -1422.338230 -1422.338354 -1422.338492 -1422.338664 -1422.338901 -1422.339248 -1422.339780 -1422.340615 -1422.341950 -1422.344120 -1422.347717 -1422.353816 -1422.364440 -1422.383503 -1422.418755 -1422.485827 -1422.617015 -1422.882016 -1423.441940 -1424.699505 -1427.732401 -1435.694634 -1459.801419 -9999.0 -9999.0
-9999.0 -9999.0 777.285554 681.150543 584.374912 487.058896 389.475976 291.776006 194.036349 96.297906 -1.414261 -99.077788 -196.675975 -294.139959 -391.334685 -488.036373 -583.865588 -678.289706 -773.441279 -867.838638 -961.141744 -1053.126126 -1132.686299 -1201.873916 -1259.261096 -1304.771304 -1339.445810 -1364.974929 -1383.240303 -1396.003699 -1404.753221 -1410.660722 -1414.603099 -1417.211727 -1418.928272 -1420.057178 -1420.814377 -1421.396360 -1422.224514 -1425.093750 -1437.862040 -1500.455159 -2017.776226 -4150.858099 -4183.166168 -4183.168311 -4183.168308 -4183.168308 -4183.168307 -4183.168306 -4183.168304 -4183.168296 -4183.168282 -4183.168263 -4183.168230 -4183.168163 -4183.168008 -4183.167615 -4183.166526 -4183.158936 -4129.285127 -1885.717867 -1464.174086 -1430.729570 -1423.852803 -1422.574596 -1422.369601 -1422.338554 -1422.334410 -1422.334559 -1422.335309 -1422.336011 -1422.336570 -1422.336999 -1422.337329 -1422.337588 -1422.337794 -1422.337962 -1422.338103 -1422.338230 -1422.338354 -1422.338492 -1422.338664 -1422.338901 -1422.339248 -1422.339780 -1422.340615 -1422.341950 -1422.344120 -1422.347717 -1422.353816 -1422.364440 -1422.383503 -1422.418755 -1422.485827 -1422.617015 -1422.882016 -1423.441940 -1424.699505 -1427.732401 -1435.694634 -1459.801419 -9999.0 -9999.0
-9999.0 -9999.0 777.281326 681.149083 584.374460 487.058753 389.475929 291.775990 194.036343 96.297904 -1.414262 -99.077788 -196.675976 -294.139959 -391.334686 -488.036373 -583.865588 -678.289706 -773.441279 -867.838638 -961.141743 -1053.126126 -1132.686298 -1201.873916 -1259.261096 -1304.771304 -1339.445810 -1364.974929 -1383.240303 -1396.003699 -1404.753221 -1410.660722 -1414.603099 -1417.211727 -1418.928272 -1420.057178 -1420.814377 -1421.396360 -1422.224514 -1425.093750 -1437.862040 -1500.455159 -2017.776226 -4150.858099 -4183.166168 -4183.168311 -4183.168308 -4183.168308 -4183.168307 -4183.168306 -4183.168304 -4183.168296 -4183.168282 -4183.168263 -4183.168230 -4183.168163 -4183.168008 -4183.167615 -4183.166526 -4183.158936 -4129.285127 -1885.717867 -1464.174086 -1430.729570 -1423.852804 -1422.574596 -1422.369601 -1422.338554 -1422.334410 -1422.334559 -1422.335309 -1422.336011 -1422.336570 -1422.336999 -1422.337329 -1422.337588 -1422.337794 -1422.337962 -1422.338103 -1422.338230 -1422.338354 -1422.338492 -1422.338664 -1422.338901 -1422.339248 -1422.339780 -1422.340615 -1422.341950 -1422.344120 -1422.347717 -1422.353816 -1422.364440 -1422.383503 -1422.418755 -1422.485827 -1422.617015 -1422.882016 -1423.441940 -1424.699505 -1427.732401 -1435.694634 -1459.801419 -9999.0 -9999.0
-9999.0 -9999.0 -9999.0 -9999.0 -9999.0 -9999.0 -9999.0 -9999.0 -9999.0 -9999.0 -9999.0 -9999.0 -9999.0 -9999.0 -9999.0 -9999.0 -9999.0 -9999.0 -9999.0 -9999.0 -9999.0 -9999.0 -9999.0 -9999.0 -9999.0 -9999.0 -9999.0 -9999.0 -9999.0 -9999.0 -9999.0 -9999.0 -9999.0 -9999.0 -9999.0 -9999.0 -9999.0 -9999.0 -9999.0 -9999.0 -9999.0 -9999.0 -9999.0 -9999.0 -9999.0 -9999.0 -9999.0 -9999.0 -9999.0 -9999.0 -9999.0 -9999.0 -9999.0 -9999.0 -9999.0 -9999.0 -9999.0 -9999.0 -9999.0 -9999.0 -9999.0 -9999.0 -9999.0 -9999.0 -9999.0 -9999.0 -9999.0 -9999.0 -9999.0 -9999.0 -9999.0 -9999.0 -9999.0 -9999.0 -9999.0 -9999.0 -9999.0 -9999.0 -9999.0 -9999.0 -9999.0 -9999.0 -9999.0 -9999.0 -9999.0 -9999.0 -9999.0 -9999.0 -9999.0 -9999.0 -9999.0 -9999.0 -9999.0 -9999.0 -9999.0 -9999.0 -9999.0 -9999.0 -9999.0 -9999.0 -9999.0 -9999.0 -9999.0 -9999.0
-9999.0 -9999.0 -9999.0 -9999.0 -9999.0 -9999.0 -9999.0 -9999.0 -9999.0 -9999.0 -9999.0 -9999.0 -9999.0 -9999.0 -9999.0 -9999.0 -9999.0 -9999.0 -9999.0 -9999.0 -9999.0 -9999.0 -9999.0 -9999.0 -9999.0 -9999.0 -9999.0 -9999.0 -9999.0 -9999.0 -9999.0 -9999.0 -9999.0 -9999.0 -9999.0 -9999.0 -9999.0 -9999.0 -9999.0 -9999.0 -9999.0 -9999.0 -9999.0 -9999.0 -9999.0 -9999.0 -9999.0 -9999.0 -9999.0 -9999.0 -9999.0 -9999.0 -9999.0 -9999.0 -9999.0 -9999.0 -9999.0 -9999.0 -9999.0 -9999.0 -9999.0 -9999.0 -9999.0 -9999.0 -9999.0 -9999.0 -9999.0 -9999.0 -9999.0 -9999.0 -9999.0 -9999.0 -9999.0 -9999.0 -9999.0 -9999.0 -9999.0 -9999.0 -9999.0 -9999.0 -9999.0 -9999.0 -9999.0 -9999.0 -9999.0 -9999.0 -9999.0 -9999.0 -9999.0 -9999.0 -9999.0 -9999.0 -9999.0 -9999.0 -9999.0 -9999.0 -9999.0 -9999.0 -9999.0 -9999.0 -9999.0 -9999.0 -9999.0 -9999.0