inst/processing_geotop_simulation/geotop_simulation/out/maps3D/PwL0013N0409.asc
ncols         104
nrows         10
xllcorner     -2.000000
yllcorner     0.000000
cellsize      1.000000
NODATA_value  -9999.0
-9999.0 -9999.0 -9999.0 -9999.0 -9999.0 -9999.0 -9999.0 -9999.0 -9999.0 -9999.0 -9999.0 -9999.0 -9999.0 -9999.0 -9999.0 -9999.0 -9999.0 -9999.0 -9999.0 -9999.0 -9999.0 -9999.0 -9999.0 -9999.0 -9999.0 -9999.0 -9999.0 -9999.0 -9999.0 -9999.0 -9999.0 -9999.0 -9999.0 -9999.0 -9999.0 -9999.0 -9999.0 -9999.0 -9999.0 -9999.0 -9999.0 -9999.0 -9999.0 -9999.0 -9999.0 -9999.0 -9999.0 -9999.0 -9999.0 -9999.0 -9999.0 -9999.0 -9999.0 -9999.0 -9999.0 -9999.0 -9999.0 -9999.0 -9999.0 -9999.0 -9999.0 -9999.0 -9999.0 -9999.0 -9999.0 -9999.0 -9999.0 -9999.0 -9999.0 -9999.0 -9999.0 -9999.0 -9999.0 -9999.0 -9999.0 -9999.0 -9999.0 -9999.0 -9999.0 -9999.0 -9999.0 -9999.0 -9999.0 -9999.0 -9999.0 -9999.0 -9999.0 -9999.0 -9999.0 -9999.0 -9999.0 -9999.0 -9999.0 -9999.0 -9999.0 -9999.0 -9999.0 -9999.0 -9999.0 -9999.0 -9999.0 -9999.0 -9999.0 -9999.0
-9999.0 -9999.0 -9999.0 -9999.0 -9999.0 -9999.0 -9999.0 -9999.0 -9999.0 -9999.0 -9999.0 -9999.0 -9999.0 -9999.0 -9999.0 -9999.0 -9999.0 -9999.0 -9999.0 -9999.0 -9999.0 -9999.0 -9999.0 -9999.0 -9999.0 -9999.0 -9999.0 -9999.0 -9999.0 -9999.0 -9999.0 -9999.0 -9999.0 -9999.0 -9999.0 -9999.0 -9999.0 -9999.0 -9999.0 -9999.0 -9999.0 -9999.0 -9999.0 -9999.0 -9999.0 -9999.0 -9999.0 -9999.0 -9999.0 -9999.0 -9999.0 -9999.0 -9999.0 -9999.0 -9999.0 -9999.0 -9999.0 -9999.0 -9999.0 -9999.0 -9999.0 -9999.0 -9999.0 -9999.0 -9999.0 -9999.0 -9999.0 -9999.0 -9999.0 -9999.0 -9999.0 -9999.0 -9999.0 -9999.0 -9999.0 -9999.0 -9999.0 -9999.0 -9999.0 -9999.0 -9999.0 -9999.0 -9999.0 -9999.0 -9999.0 -9999.0 -9999.0 -9999.0 -9999.0 -9999.0 -9999.0 -9999.0 -9999.0 -9999.0 -9999.0 -9999.0 -9999.0 -9999.0 -9999.0 -9999.0 -9999.0 -9999.0 -9999.0 -9999.0
-9999.0 -9999.0 621.470395 522.777998 423.768038 324.565279 225.275140 125.948054 26.609244 -72.725504 -172.050824 -271.359618 -370.635499 -469.847199 -568.943319 -667.854967 -766.657031 -865.463631 -964.118015 -1062.570043 -1160.029441 -1254.894124 -1345.718725 -1430.115938 -1505.746200 -1570.916507 -1624.927260 -1668.088426 -1701.480062 -1726.607826 -1745.087694 -1758.428069 -1767.916720 -1774.587586 -1779.235867 -1782.457498 -1784.705363 -1786.392390 -1788.165632 -1791.474066 -1797.507583 -1791.826528 -1592.528226 -2543.840621 -2340.409939 -2211.845684 -2156.051100 -2148.685448 -2147.933488 -2148.007788 -2148.199176 -2148.404569 -2148.601829 -2148.784428 -2148.953579 -2149.147593 -2149.740844 -2153.909364 -2182.370310 -2248.838343 -2309.823816 -1460.845262 -1752.683457 -1789.658311 -1790.602714 -1789.803103 -1789.554762 -1789.503627 -1789.494983 -1789.494028 -1789.494321 -1789.494741 -1789.495107 -1789.495405 -1789.495648 -1789.495849 -1789.496020 -1789.496170 -1789.496306 -1789.496436 -1789.496567 -1789.496710 -1789.496878 -1789.497090 -1789.497376 -1789.497786 -1789.498397 -1789.499340 -1789.500844 -1789.503314 -1789.507502 -1789.514840 -1789.528133 -1789.553022 -1789.601153 -1789.697549 -1789.899132 -1790.344835 -1791.400616 -1794.119542 -1801.892671 -1827.151221 -9999.0 -9999.0
-9999.0 -9999.0 621.474861 522.779391 423.768447 324.565405 225.275181 125.948068 26.609249 -72.725502 -172.050823 -271.359618 -370.635498 -469.847199 -568.943319 -667.854967 -766.657031 -865.463631 -964.118015 -1062.570043 -1160.029441 -1254.894124 -1345.718725 -1430.115938 -1505.746200 -1570.916507 -1624.927260 -1668.088426 -1701.480063 -1726.607826 -1745.087694 -1758.428069 -1767.916720 -1774.587586 -1779.235867 -1782.457498 -1784.705363 -1786.392390 -1788.165632 -1791.474066 -1797.507583 -1791.826528 -1592.528225 -2543.840620 -2340.409937 -2211.845680 -2156.051100 -2148.685448 -2147.933488 -2148.007788 -2148.199176 -2148.404569 -2148.601829 -2148.784428 -2148.953579 -2149.147593 -2149.740844 -2153.909364 -2182.370310 -2248.838343 -2309.823816 -1460.845262 -1752.683457 -1789.658311 -1790.602714 -1789.803103 -1789.554762 -1789.503627 -1789.494983 -1789.494028 -1789.494321 -1789.494741 -1789.495107 -1789.495405 -1789.495648 -1789.495849 -1789.496020 -1789.496170 -1789.496306 -1789.496436 -1789.496567 -1789.496710 -1789.496878 -1789.497090 -1789.497376 -1789.497786 -1789.498397 -1789.499340 -1789.500844 -1789.503314 -1789.507502 -1789.514840 -1789.528133 -1789.553022 -1789.601153 -1789.697549 -1789.899132 -1790.344835 -1791.400616 -1794.119542 -1801.892671 -1827.151221 -9999.0 -9999.0
-9999.0 -9999.0 621.476130 522.780054 423.768716 324.565506 225.275218 125.948081 26.609254 -72.725500 -172.050822 -271.359617 -370.635498 -469.847199 -568.943319 -667.854967 -766.657031 -865.463631 -964.118016 -1062.570043 -1160.029441 -1254.894125 -1345.718725 -1430.115939 -1505.746200 -1570.916507 -1624.927260 -1668.088426 -1701.480063 -1726.607826 -1745.087694 -1758.428069 -1767.916720 -1774.587586 -1779.235867 -1782.457498 -1784.705363 -1786.392390 -1788.165632 -1791.474066 -1797.507583 -1791.826528 -1592.528225 -2543.840620 -2340.409937 -2211.845679 -2156.051100 -2148.685448 -2147.933488 -2148.007788 -2148.199176 -2148.404569 -2148.601829 -2148.784428 -2148.953579 -2149.147593 -2149.740844 -2153.909364 -2182.370310 -2248.838343 -2309.823816 -1460.845262 -1752.683457 -1789.658311 -1790.602714 -1789.803103 -1789.554762 -1789.503627 -1789.494983 -1789.494028 -1789.494321 -1789.494741 -1789.495107 -1789.495405 -1789.495648 -1789.495849 -1789.496020 -1789.496170 -1789.496306 -1789.496436 -1789.496567 -1789.496710 -1789.496878 -1789.497090 -1789.497376 -1789.497786 -1789.498397 -1789.499340 -1789.500844 -1789.503314 -1789.507502 -1789.514840 -1789.528133 -1789.553022 -1789.601153 -1789.697549 -1789.899132 -1790.344835 -1791.400616 -1794.119542 -1801.892671 -1827.151221 -9999.0 -9999.0
-9999.0 -9999.0 621.476130 522.780054 423.768716 324.565506 225.275218 125.948081 26.609254 -72.725500 -172.050822 -271.359617 -370.635498 -469.847199 -568.943319 -667.854967 -766.657031 -865.463631 -964.118015 -1062.570043 -1160.029441 -1254.894125 -1345.718725 -1430.115939 -1505.746200 -1570.916507 -1624.927260 -1668.088426 -1701.480063 -1726.607826 -1745.087694 -1758.428069 -1767.916720 -1774.587586 -1779.235867 -1782.457498 -1784.705363 -1786.392390 -1788.165632 -1791.474066 -1797.507583 -1791.826528 -1592.528225 -2543.840620 -2340.409937 -2211.845679 -2156.051100 -2148.685448 -2147.933488 -2148.007788 -2148.199176 -2148.404569 -2148.601829 -2148.784428 -2148.953579 -2149.147593 -2149.740844 -2153.909364 -2182.370310 -2248.838343 -2309.823816 -1460.845262 -1752.683457 -1789.658311 -1790.602714 -1789.803103 -1789.554762 -1789.503627 -1789.494983 -1789.494028 -1789.494321 -1789.494741 -1789.495107 -1789.495405 -1789.495648 -1789.495849 -1789.496020 -1789.496170 -1789.496306 -1789.496436 -1789.496567 -1789.496710 -1789.496878 -1789.497090 -1789.497376 -1789.497786 -1789.498397 -1789.499340 -1789.500844 -1789.503314 -1789.507502 -1789.514840 -1789.528133 -1789.553022 -1789.601153 -1789.697549 -1789.899132 -1790.344835 -1791.400616 -1794.119542 -1801.892671 -1827.151221 -9999.0 -9999.0
-9999.0 -9999.0 621.474861 522.779391 423.768447 324.565405 225.275181 125.948068 26.609249 -72.725502 -172.050823 -271.359618 -370.635498 -469.847199 -568.943319 -667.854967 -766.657031 -865.463631 -964.118015 -1062.570043 -1160.029441 -1254.894124 -1345.718725 -1430.115938 -1505.746200 -1570.916507 -1624.927260 -1668.088426 -1701.480063 -1726.607826 -1745.087694 -1758.428069 -1767.916720 -1774.587586 -1779.235867 -1782.457498 -1784.705363 -1786.392390 -1788.165632 -1791.474066 -1797.507583 -1791.826528 -1592.528225 -2543.840620 -2340.409937 -2211.845680 -2156.051100 -2148.685448 -2147.933488 -2148.007788 -2148.199176 -2148.404569 -2148.601829 -2148.784428 -2148.953579 -2149.147593 -2149.740844 -2153.909364 -2182.370310 -2248.838343 -2309.823816 -1460.845262 -1752.683457 -1789.658311 -1790.602714 -1789.803103 -1789.554762 -1789.503627 -1789.494983 -1789.494028 -1789.494321 -1789.494741 -1789.495107 -1789.495405 -1789.495648 -1789.495849 -1789.496020 -1789.496170 -1789.496306 -1789.496436 -1789.496567 -1789.496710 -1789.496878 -1789.497090 -1789.497376 -1789.497786 -1789.498397 -1789.499340 -1789.500844 -1789.503314 -1789.507502 -1789.514840 -1789.528133 -1789.553022 -1789.601153 -1789.697549 -1789.899132 -1790.344835 -1791.400616 -1794.119542 -1801.892671 -1827.151221 -9999.0 -9999.0
-9999.0 -9999.0 621.470395 522.777998 423.768038 324.565279 225.275140 125.948054 26.609244 -72.725504 -172.050824 -271.359618 -370.635498 -469.847199 -568.943319 -667.854967 -766.657031 -865.463631 -964.118015 -1062.570043 -1160.029441 -1254.894124 -1345.718725 -1430.115938 -1505.746200 -1570.916507 -1624.927260 -1668.088426 -1701.480062 -1726.607826 -1745.087694 -1758.428069 -1767.916720 -1774.587586 -1779.235867 -1782.457498 -1784.705363 -1786.392390 -1788.165632 -1791.474066 -1797.507583 -1791.826528 -1592.528226 -2543.840621 -2340.409939 -2211.845684 -2156.051100 -2148.685448 -2147.933488 -2148.007788 -2148.199176 -2148.404569 -2148.601829 -2148.784428 -2148.953579 -2149.147593 -2149.740844 -2153.909364 -2182.370310 -2248.838343 -2309.823816 -1460.845262 -1752.683457 -1789.658311 -1790.602714 -1789.803103 -1789.554762 -1789.503627 -1789.494983 -1789.494028 -1789.494321 -1789.494741 -1789.495107 -1789.495405 -1789.495648 -1789.495849 -1789.496020 -1789.496170 -1789.496306 -1789.496436 -1789.496567 -1789.496710 -1789.496878 -1789.497090 -1789.497376 -1789.497786 -1789.498397 -1789.499340 -1789.500844 -1789.503314 -1789.507502 -1789.514840 -1789.528133 -1789.553022 -1789.601153 -1789.697549 -1789.899132 -1790.344835 -1791.400616 -1794.119542 -1801.892671 -1827.151221 -9999.0 -9999.0
-9999.0 -9999.0 -9999.0 -9999.0 -9999.0 -9999.0 -9999.0 -9999.0 -9999.0 -9999.0 -9999.0 -9999.0 -9999.0 -9999.0 -9999.0 -9999.0 -9999.0 -9999.0 -9999.0 -9999.0 -9999.0 -9999.0 -9999.0 -9999.0 -9999.0 -9999.0 -9999.0 -9999.0 -9999.0 -9999.0 -9999.0 -9999.0 -9999.0 -9999.0 -9999.0 -9999.0 -9999.0 -9999.0 -9999.0 -9999.0 -9999.0 -9999.0 -9999.0 -9999.0 -9999.0 -9999.0 -9999.0 -9999.0 -9999.0 -9999.0 -9999.0 -9999.0 -9999.0 -9999.0 -9999.0 -9999.0 -9999.0 -9999.0 -9999.0 -9999.0 -9999.0 -9999.0 -9999.0 -9999.0 -9999.0 -9999.0 -9999.0 -9999.0 -9999.0 -9999.0 -9999.0 -9999.0 -9999.0 -9999.0 -9999.0 -9999.0 -9999.0 -9999.0 -9999.0 -9999.0 -9999.0 -9999.0 -9999.0 -9999.0 -9999.0 -9999.0 -9999.0 -9999.0 -9999.0 -9999.0 -9999.0 -9999.0 -9999.0 -9999.0 -9999.0 -9999.0 -9999.0 -9999.0 -9999.0 -9999.0 -9999.0 -9999.0 -9999.0 -9999.0
-9999.0 -9999.0 -9999.0 -9999.0 -9999.0 -9999.0 -9999.0 -9999.0 -9999.0 -9999.0 -9999.0 -9999.0 -9999.0 -9999.0 -9999.0 -9999.0 -9999.0 -9999.0 -9999.0 -9999.0 -9999.0 -9999.0 -9999.0 -9999.0 -9999.0 -9999.0 -9999.0 -9999.0 -9999.0 -9999.0 -9999.0 -9999.0 -9999.0 -9999.0 -9999.0 -9999.0 -9999.0 -9999.0 -9999.0 -9999.0 -9999.0 -9999.0 -9999.0 -9999.0 -9999.0 -9999.0 -9999.0 -9999.0 -9999.0 -9999.0 -9999.0 -9999.0 -9999.0 -9999.0 -9999.0 -9999.0 -9999.0 -9999.0 -9999.0 -9999.0 -9999.0 -9999.0 -9999.0 -9999.0 -9999.0 -9999.0 -9999.0 -9999.0 -9999.0 -9999.0 -9999.0 -9999.0 -9999.0 -9999.0 -9999.0 -9999.0 -9999.0 -9999.0 -9999.0 -9999.0 -9999.0 -9999.0 -9999.0 -9999.0 -9999.0 -9999.0 -9999.0 -9999.0 -9999.0 -9999.0 -9999.0 -9999.0 -9999.0 -9999.0 -9999.0 -9999.0 -9999.0 -9999.0 -9999.0 -9999.0 -9999.0 -9999.0 -9999.0 -9999.0