inst/processing_geotop_simulation/geotop_simulation/out/maps3D/PwL0018N0152.asc
ncols         104
nrows         10
xllcorner     -2.000000
yllcorner     0.000000
cellsize      1.000000
NODATA_value  -9999.0
-9999.0 -9999.0 -9999.0 -9999.0 -9999.0 -9999.0 -9999.0 -9999.0 -9999.0 -9999.0 -9999.0 -9999.0 -9999.0 -9999.0 -9999.0 -9999.0 -9999.0 -9999.0 -9999.0 -9999.0 -9999.0 -9999.0 -9999.0 -9999.0 -9999.0 -9999.0 -9999.0 -9999.0 -9999.0 -9999.0 -9999.0 -9999.0 -9999.0 -9999.0 -9999.0 -9999.0 -9999.0 -9999.0 -9999.0 -9999.0 -9999.0 -9999.0 -9999.0 -9999.0 -9999.0 -9999.0 -9999.0 -9999.0 -9999.0 -9999.0 -9999.0 -9999.0 -9999.0 -9999.0 -9999.0 -9999.0 -9999.0 -9999.0 -9999.0 -9999.0 -9999.0 -9999.0 -9999.0 -9999.0 -9999.0 -9999.0 -9999.0 -9999.0 -9999.0 -9999.0 -9999.0 -9999.0 -9999.0 -9999.0 -9999.0 -9999.0 -9999.0 -9999.0 -9999.0 -9999.0 -9999.0 -9999.0 -9999.0 -9999.0 -9999.0 -9999.0 -9999.0 -9999.0 -9999.0 -9999.0 -9999.0 -9999.0 -9999.0 -9999.0 -9999.0 -9999.0 -9999.0 -9999.0 -9999.0 -9999.0 -9999.0 -9999.0 -9999.0 -9999.0
-9999.0 -9999.0 -9999.0 -9999.0 -9999.0 -9999.0 -9999.0 -9999.0 -9999.0 -9999.0 -9999.0 -9999.0 -9999.0 -9999.0 -9999.0 -9999.0 -9999.0 -9999.0 -9999.0 -9999.0 -9999.0 -9999.0 -9999.0 -9999.0 -9999.0 -9999.0 -9999.0 -9999.0 -9999.0 -9999.0 -9999.0 -9999.0 -9999.0 -9999.0 -9999.0 -9999.0 -9999.0 -9999.0 -9999.0 -9999.0 -9999.0 -9999.0 -9999.0 -9999.0 -9999.0 -9999.0 -9999.0 -9999.0 -9999.0 -9999.0 -9999.0 -9999.0 -9999.0 -9999.0 -9999.0 -9999.0 -9999.0 -9999.0 -9999.0 -9999.0 -9999.0 -9999.0 -9999.0 -9999.0 -9999.0 -9999.0 -9999.0 -9999.0 -9999.0 -9999.0 -9999.0 -9999.0 -9999.0 -9999.0 -9999.0 -9999.0 -9999.0 -9999.0 -9999.0 -9999.0 -9999.0 -9999.0 -9999.0 -9999.0 -9999.0 -9999.0 -9999.0 -9999.0 -9999.0 -9999.0 -9999.0 -9999.0 -9999.0 -9999.0 -9999.0 -9999.0 -9999.0 -9999.0 -9999.0 -9999.0 -9999.0 -9999.0 -9999.0 -9999.0
-9999.0 -9999.0 884.590228 790.707250 696.120645 600.731730 504.920425 408.919577 312.854332 216.792104 120.769984 24.811071 -71.056063 -166.817749 -262.396314 -357.657726 -452.391461 -546.262909 -638.545519 -730.710598 -821.413568 -910.432213 -997.528311 -1065.619089 -1120.766283 -1163.074228 -1193.997344 -1215.688183 -1230.394102 -1240.089977 -1246.341003 -1250.301454 -1252.778685 -1254.315161 -1255.264198 -1255.852992 -1256.233595 -1256.539735 -1257.080926 -1259.498402 -1272.831072 -1357.321719 -2022.893646 -4066.407082 -4084.157571 -4084.158416 -4084.158413 -4084.158377 -4084.158172 -4084.157399 -4084.155019 -4084.147365 -4084.133653 -4084.114832 -4084.081833 -4084.013888 -4083.854418 -4083.440142 -4082.277511 -4078.767932 -4034.215783 -1838.539139 -1321.328725 -1266.727012 -1258.398960 -1257.193503 -1257.024494 -1256.999751 -1256.996726 -1256.997306 -1256.998351 -1256.999273 -1256.999995 -1257.000546 -1257.000969 -1257.001299 -1257.001560 -1257.001772 -1257.001950 -1257.002107 -1257.002261 -1257.002431 -1257.002643 -1257.002937 -1257.003370 -1257.004034 -1257.005077 -1257.006744 -1257.009451 -1257.013926 -1257.021482 -1257.034579 -1257.057957 -1257.100965 -1257.182356 -1257.340469 -1257.656617 -1258.315485 -1259.775044 -1263.250656 -1272.126563 -1297.335679 -9999.0 -9999.0
-9999.0 -9999.0 884.594067 790.708660 696.121097 600.731876 504.920474 408.919594 312.854338 216.792106 120.769985 24.811071 -71.056063 -166.817749 -262.396315 -357.657726 -452.391462 -546.262909 -638.545519 -730.710599 -821.413569 -910.432213 -997.528312 -1065.619090 -1120.766284 -1163.074228 -1193.997344 -1215.688183 -1230.394103 -1240.089977 -1246.341003 -1250.301454 -1252.778685 -1254.315161 -1255.264198 -1255.852992 -1256.233595 -1256.539735 -1257.080926 -1259.498402 -1272.831072 -1357.321719 -2022.893645 -4066.407082 -4084.157571 -4084.158416 -4084.158413 -4084.158377 -4084.158172 -4084.157399 -4084.155019 -4084.147365 -4084.133653 -4084.114832 -4084.081833 -4084.013888 -4083.854418 -4083.440142 -4082.277511 -4078.767932 -4034.215783 -1838.539139 -1321.328725 -1266.727012 -1258.398960 -1257.193503 -1257.024494 -1256.999751 -1256.996726 -1256.997306 -1256.998351 -1256.999273 -1256.999995 -1257.000546 -1257.000969 -1257.001299 -1257.001560 -1257.001772 -1257.001950 -1257.002107 -1257.002261 -1257.002431 -1257.002643 -1257.002937 -1257.003370 -1257.004034 -1257.005077 -1257.006744 -1257.009451 -1257.013926 -1257.021482 -1257.034579 -1257.057957 -1257.100965 -1257.182356 -1257.340469 -1257.656617 -1258.315485 -1259.775044 -1263.250656 -1272.126563 -1297.335679 -9999.0 -9999.0
-9999.0 -9999.0 884.595450 790.709397 696.121406 600.731994 504.920517 408.919609 312.854344 216.792108 120.769985 24.811071 -71.056063 -166.817749 -262.396315 -357.657726 -452.391462 -546.262909 -638.545520 -730.710599 -821.413569 -910.432214 -997.528312 -1065.619090 -1120.766284 -1163.074228 -1193.997344 -1215.688183 -1230.394103 -1240.089977 -1246.341003 -1250.301454 -1252.778685 -1254.315161 -1255.264198 -1255.852992 -1256.233595 -1256.539735 -1257.080926 -1259.498402 -1272.831072 -1357.321719 -2022.893645 -4066.407082 -4084.157571 -4084.158416 -4084.158413 -4084.158377 -4084.158172 -4084.157399 -4084.155019 -4084.147365 -4084.133653 -4084.114832 -4084.081833 -4084.013888 -4083.854418 -4083.440142 -4082.277511 -4078.767932 -4034.215783 -1838.539139 -1321.328725 -1266.727012 -1258.398960 -1257.193503 -1257.024494 -1256.999751 -1256.996726 -1256.997306 -1256.998351 -1256.999273 -1256.999995 -1257.000546 -1257.000969 -1257.001299 -1257.001560 -1257.001772 -1257.001950 -1257.002107 -1257.002261 -1257.002431 -1257.002643 -1257.002937 -1257.003370 -1257.004034 -1257.005077 -1257.006744 -1257.009451 -1257.013926 -1257.021482 -1257.034579 -1257.057957 -1257.100965 -1257.182356 -1257.340469 -1257.656617 -1258.315485 -1259.775044 -1263.250656 -1272.126563 -1297.335679 -9999.0 -9999.0
-9999.0 -9999.0 884.595450 790.709397 696.121406 600.731994 504.920517 408.919609 312.854344 216.792108 120.769985 24.811071 -71.056063 -166.817749 -262.396315 -357.657726 -452.391462 -546.262909 -638.545520 -730.710599 -821.413569 -910.432213 -997.528312 -1065.619090 -1120.766284 -1163.074228 -1193.997344 -1215.688183 -1230.394103 -1240.089977 -1246.341003 -1250.301454 -1252.778685 -1254.315161 -1255.264198 -1255.852992 -1256.233595 -1256.539735 -1257.080926 -1259.498402 -1272.831072 -1357.321719 -2022.893645 -4066.407082 -4084.157571 -4084.158416 -4084.158413 -4084.158377 -4084.158172 -4084.157399 -4084.155019 -4084.147365 -4084.133653 -4084.114832 -4084.081833 -4084.013888 -4083.854418 -4083.440142 -4082.277511 -4078.767932 -4034.215783 -1838.539139 -1321.328725 -1266.727012 -1258.398960 -1257.193503 -1257.024494 -1256.999751 -1256.996726 -1256.997306 -1256.998351 -1256.999273 -1256.999995 -1257.000546 -1257.000969 -1257.001299 -1257.001560 -1257.001772 -1257.001950 -1257.002107 -1257.002261 -1257.002431 -1257.002643 -1257.002937 -1257.003370 -1257.004034 -1257.005077 -1257.006744 -1257.009451 -1257.013926 -1257.021482 -1257.034579 -1257.057957 -1257.100965 -1257.182356 -1257.340469 -1257.656617 -1258.315485 -1259.775044 -1263.250656 -1272.126563 -1297.335679 -9999.0 -9999.0
-9999.0 -9999.0 884.594067 790.708660 696.121097 600.731876 504.920474 408.919594 312.854338 216.792106 120.769985 24.811071 -71.056063 -166.817749 -262.396315 -357.657726 -452.391462 -546.262909 -638.545519 -730.710599 -821.413569 -910.432213 -997.528312 -1065.619090 -1120.766283 -1163.074228 -1193.997344 -1215.688183 -1230.394103 -1240.089977 -1246.341003 -1250.301454 -1252.778685 -1254.315161 -1255.264198 -1255.852992 -1256.233595 -1256.539735 -1257.080926 -1259.498402 -1272.831072 -1357.321719 -2022.893645 -4066.407082 -4084.157571 -4084.158416 -4084.158413 -4084.158377 -4084.158172 -4084.157399 -4084.155019 -4084.147365 -4084.133653 -4084.114832 -4084.081833 -4084.013888 -4083.854418 -4083.440142 -4082.277511 -4078.767932 -4034.215783 -1838.539139 -1321.328725 -1266.727012 -1258.398960 -1257.193503 -1257.024494 -1256.999751 -1256.996726 -1256.997306 -1256.998351 -1256.999273 -1256.999995 -1257.000546 -1257.000969 -1257.001299 -1257.001560 -1257.001772 -1257.001950 -1257.002107 -1257.002261 -1257.002431 -1257.002643 -1257.002937 -1257.003370 -1257.004034 -1257.005077 -1257.006744 -1257.009451 -1257.013926 -1257.021482 -1257.034579 -1257.057957 -1257.100965 -1257.182356 -1257.340469 -1257.656617 -1258.315485 -1259.775044 -1263.250656 -1272.126563 -1297.335679 -9999.0 -9999.0
-9999.0 -9999.0 884.590228 790.707250 696.120645 600.731730 504.920425 408.919577 312.854332 216.792104 120.769984 24.811071 -71.056063 -166.817749 -262.396314 -357.657726 -452.391461 -546.262909 -638.545519 -730.710598 -821.413568 -910.432213 -997.528312 -1065.619089 -1120.766283 -1163.074228 -1193.997344 -1215.688183 -1230.394102 -1240.089977 -1246.341003 -1250.301454 -1252.778685 -1254.315161 -1255.264198 -1255.852992 -1256.233595 -1256.539735 -1257.080926 -1259.498402 -1272.831072 -1357.321719 -2022.893646 -4066.407082 -4084.157571 -4084.158416 -4084.158413 -4084.158377 -4084.158172 -4084.157399 -4084.155019 -4084.147365 -4084.133653 -4084.114832 -4084.081833 -4084.013888 -4083.854418 -4083.440142 -4082.277511 -4078.767932 -4034.215783 -1838.539139 -1321.328725 -1266.727012 -1258.398960 -1257.193503 -1257.024494 -1256.999751 -1256.996726 -1256.997306 -1256.998351 -1256.999273 -1256.999995 -1257.000546 -1257.000969 -1257.001299 -1257.001560 -1257.001772 -1257.001950 -1257.002107 -1257.002261 -1257.002431 -1257.002643 -1257.002937 -1257.003370 -1257.004034 -1257.005077 -1257.006744 -1257.009451 -1257.013926 -1257.021482 -1257.034579 -1257.057957 -1257.100965 -1257.182356 -1257.340469 -1257.656617 -1258.315485 -1259.775044 -1263.250656 -1272.126563 -1297.335679 -9999.0 -9999.0
-9999.0 -9999.0 -9999.0 -9999.0 -9999.0 -9999.0 -9999.0 -9999.0 -9999.0 -9999.0 -9999.0 -9999.0 -9999.0 -9999.0 -9999.0 -9999.0 -9999.0 -9999.0 -9999.0 -9999.0 -9999.0 -9999.0 -9999.0 -9999.0 -9999.0 -9999.0 -9999.0 -9999.0 -9999.0 -9999.0 -9999.0 -9999.0 -9999.0 -9999.0 -9999.0 -9999.0 -9999.0 -9999.0 -9999.0 -9999.0 -9999.0 -9999.0 -9999.0 -9999.0 -9999.0 -9999.0 -9999.0 -9999.0 -9999.0 -9999.0 -9999.0 -9999.0 -9999.0 -9999.0 -9999.0 -9999.0 -9999.0 -9999.0 -9999.0 -9999.0 -9999.0 -9999.0 -9999.0 -9999.0 -9999.0 -9999.0 -9999.0 -9999.0 -9999.0 -9999.0 -9999.0 -9999.0 -9999.0 -9999.0 -9999.0 -9999.0 -9999.0 -9999.0 -9999.0 -9999.0 -9999.0 -9999.0 -9999.0 -9999.0 -9999.0 -9999.0 -9999.0 -9999.0 -9999.0 -9999.0 -9999.0 -9999.0 -9999.0 -9999.0 -9999.0 -9999.0 -9999.0 -9999.0 -9999.0 -9999.0 -9999.0 -9999.0 -9999.0 -9999.0
-9999.0 -9999.0 -9999.0 -9999.0 -9999.0 -9999.0 -9999.0 -9999.0 -9999.0 -9999.0 -9999.0 -9999.0 -9999.0 -9999.0 -9999.0 -9999.0 -9999.0 -9999.0 -9999.0 -9999.0 -9999.0 -9999.0 -9999.0 -9999.0 -9999.0 -9999.0 -9999.0 -9999.0 -9999.0 -9999.0 -9999.0 -9999.0 -9999.0 -9999.0 -9999.0 -9999.0 -9999.0 -9999.0 -9999.0 -9999.0 -9999.0 -9999.0 -9999.0 -9999.0 -9999.0 -9999.0 -9999.0 -9999.0 -9999.0 -9999.0 -9999.0 -9999.0 -9999.0 -9999.0 -9999.0 -9999.0 -9999.0 -9999.0 -9999.0 -9999.0 -9999.0 -9999.0 -9999.0 -9999.0 -9999.0 -9999.0 -9999.0 -9999.0 -9999.0 -9999.0 -9999.0 -9999.0 -9999.0 -9999.0 -9999.0 -9999.0 -9999.0 -9999.0 -9999.0 -9999.0 -9999.0 -9999.0 -9999.0 -9999.0 -9999.0 -9999.0 -9999.0 -9999.0 -9999.0 -9999.0 -9999.0 -9999.0 -9999.0 -9999.0 -9999.0 -9999.0 -9999.0 -9999.0 -9999.0 -9999.0 -9999.0 -9999.0 -9999.0 -9999.0