inst/processing_geotop_simulation/geotop_simulation/out/maps3D/PwL0002N0272.asc
ncols         104
nrows         10
xllcorner     -2.000000
yllcorner     0.000000
cellsize      1.000000
NODATA_value  -9999.0
-9999.0 -9999.0 -9999.0 -9999.0 -9999.0 -9999.0 -9999.0 -9999.0 -9999.0 -9999.0 -9999.0 -9999.0 -9999.0 -9999.0 -9999.0 -9999.0 -9999.0 -9999.0 -9999.0 -9999.0 -9999.0 -9999.0 -9999.0 -9999.0 -9999.0 -9999.0 -9999.0 -9999.0 -9999.0 -9999.0 -9999.0 -9999.0 -9999.0 -9999.0 -9999.0 -9999.0 -9999.0 -9999.0 -9999.0 -9999.0 -9999.0 -9999.0 -9999.0 -9999.0 -9999.0 -9999.0 -9999.0 -9999.0 -9999.0 -9999.0 -9999.0 -9999.0 -9999.0 -9999.0 -9999.0 -9999.0 -9999.0 -9999.0 -9999.0 -9999.0 -9999.0 -9999.0 -9999.0 -9999.0 -9999.0 -9999.0 -9999.0 -9999.0 -9999.0 -9999.0 -9999.0 -9999.0 -9999.0 -9999.0 -9999.0 -9999.0 -9999.0 -9999.0 -9999.0 -9999.0 -9999.0 -9999.0 -9999.0 -9999.0 -9999.0 -9999.0 -9999.0 -9999.0 -9999.0 -9999.0 -9999.0 -9999.0 -9999.0 -9999.0 -9999.0 -9999.0 -9999.0 -9999.0 -9999.0 -9999.0 -9999.0 -9999.0 -9999.0 -9999.0
-9999.0 -9999.0 -9999.0 -9999.0 -9999.0 -9999.0 -9999.0 -9999.0 -9999.0 -9999.0 -9999.0 -9999.0 -9999.0 -9999.0 -9999.0 -9999.0 -9999.0 -9999.0 -9999.0 -9999.0 -9999.0 -9999.0 -9999.0 -9999.0 -9999.0 -9999.0 -9999.0 -9999.0 -9999.0 -9999.0 -9999.0 -9999.0 -9999.0 -9999.0 -9999.0 -9999.0 -9999.0 -9999.0 -9999.0 -9999.0 -9999.0 -9999.0 -9999.0 -9999.0 -9999.0 -9999.0 -9999.0 -9999.0 -9999.0 -9999.0 -9999.0 -9999.0 -9999.0 -9999.0 -9999.0 -9999.0 -9999.0 -9999.0 -9999.0 -9999.0 -9999.0 -9999.0 -9999.0 -9999.0 -9999.0 -9999.0 -9999.0 -9999.0 -9999.0 -9999.0 -9999.0 -9999.0 -9999.0 -9999.0 -9999.0 -9999.0 -9999.0 -9999.0 -9999.0 -9999.0 -9999.0 -9999.0 -9999.0 -9999.0 -9999.0 -9999.0 -9999.0 -9999.0 -9999.0 -9999.0 -9999.0 -9999.0 -9999.0 -9999.0 -9999.0 -9999.0 -9999.0 -9999.0 -9999.0 -9999.0 -9999.0 -9999.0 -9999.0 -9999.0
-9999.0 -9999.0 77.224826 -17.944631 -115.619985 -213.896030 -312.391227 -410.958219 -509.520967 -608.017382 -706.304270 -804.307220 -901.937029 -999.065974 -1096.084962 -1192.898867 -1288.592111 -1382.555744 -1474.062111 -1561.779565 -1642.497151 -1712.106868 -1768.107925 -1810.608503 -1841.533562 -1863.422972 -1878.648913 -1889.115814 -1896.243413 -1901.054537 -1904.274950 -1906.414211 -1907.826131 -1908.753342 -1909.360458 -1909.759999 -1910.036923 -1910.295644 -1910.855530 -1912.989739 -1918.739119 -1888.840517 -1162.847730 -1161.156475 -1150.345316 -1143.376536 -1140.103498 -1139.608493 -1139.555918 -1139.561840 -1139.576357 -1139.591938 -1139.606911 -1139.620775 -1139.633634 -1139.648475 -1139.693544 -1139.991607 -1141.742119 -1145.643821 -1151.294831 -1145.256319 -1866.502560 -1913.068383 -1911.693676 -1910.800034 -1910.620572 -1910.591226 -1910.587133 -1910.587169 -1910.587799 -1910.588401 -1910.588880 -1910.589247 -1910.589528 -1910.589747 -1910.589920 -1910.590061 -1910.590179 -1910.590284 -1910.590387 -1910.590503 -1910.590649 -1910.590852 -1910.591153 -1910.591615 -1910.592343 -1910.593511 -1910.595412 -1910.598567 -1910.603923 -1910.613258 -1910.630019 -1910.661014 -1910.719931 -1910.834840 -1911.065499 -1911.547436 -1912.614840 -1915.177024 -1922.095230 -1944.620442 -9999.0 -9999.0
-9999.0 -9999.0 77.236399 -17.942558 -115.619467 -213.895879 -312.391179 -410.958203 -509.520961 -608.017379 -706.304269 -804.307220 -901.937028 -999.065974 -1096.084962 -1192.898867 -1288.592111 -1382.555744 -1474.062111 -1561.779565 -1642.497151 -1712.106869 -1768.107925 -1810.608503 -1841.533562 -1863.422973 -1878.648913 -1889.115814 -1896.243414 -1901.054537 -1904.274950 -1906.414211 -1907.826131 -1908.753342 -1909.360458 -1909.759999 -1910.036923 -1910.295644 -1910.855530 -1912.989739 -1918.739119 -1888.840517 -1162.847730 -1161.156475 -1150.345316 -1143.376536 -1140.103498 -1139.608493 -1139.555918 -1139.561840 -1139.576357 -1139.591938 -1139.606911 -1139.620775 -1139.633634 -1139.648475 -1139.693544 -1139.991607 -1141.742119 -1145.643821 -1151.294831 -1145.256319 -1866.502560 -1913.068383 -1911.693676 -1910.800034 -1910.620572 -1910.591226 -1910.587133 -1910.587169 -1910.587799 -1910.588401 -1910.588880 -1910.589247 -1910.589528 -1910.589747 -1910.589920 -1910.590061 -1910.590179 -1910.590284 -1910.590387 -1910.590503 -1910.590649 -1910.590852 -1910.591153 -1910.591615 -1910.592343 -1910.593511 -1910.595412 -1910.598567 -1910.603923 -1910.613258 -1910.630019 -1910.661014 -1910.719931 -1910.834840 -1911.065499 -1911.547436 -1912.614840 -1915.177024 -1922.095230 -1944.620442 -9999.0 -9999.0
-9999.0 -9999.0 77.237655 -17.941727 -115.619140 -213.895761 -312.391137 -410.958188 -509.520956 -608.017377 -706.304268 -804.307219 -901.937028 -999.065973 -1096.084962 -1192.898867 -1288.592112 -1382.555744 -1474.062111 -1561.779566 -1642.497151 -1712.106869 -1768.107925 -1810.608503 -1841.533562 -1863.422973 -1878.648913 -1889.115814 -1896.243414 -1901.054537 -1904.274950 -1906.414211 -1907.826131 -1908.753342 -1909.360458 -1909.759999 -1910.036923 -1910.295644 -1910.855530 -1912.989739 -1918.739119 -1888.840517 -1162.847730 -1161.156475 -1150.345316 -1143.376536 -1140.103498 -1139.608493 -1139.555918 -1139.561840 -1139.576357 -1139.591938 -1139.606911 -1139.620775 -1139.633634 -1139.648475 -1139.693544 -1139.991607 -1141.742119 -1145.643821 -1151.294831 -1145.256319 -1866.502560 -1913.068383 -1911.693676 -1910.800034 -1910.620572 -1910.591226 -1910.587133 -1910.587169 -1910.587799 -1910.588401 -1910.588880 -1910.589247 -1910.589528 -1910.589747 -1910.589920 -1910.590061 -1910.590179 -1910.590284 -1910.590387 -1910.590503 -1910.590649 -1910.590852 -1910.591153 -1910.591615 -1910.592343 -1910.593511 -1910.595412 -1910.598567 -1910.603923 -1910.613258 -1910.630019 -1910.661014 -1910.719931 -1910.834840 -1911.065499 -1911.547436 -1912.614840 -1915.177024 -1922.095230 -1944.620442 -9999.0 -9999.0
-9999.0 -9999.0 77.237655 -17.941727 -115.619140 -213.895761 -312.391137 -410.958188 -509.520955 -608.017377 -706.304268 -804.307219 -901.937028 -999.065973 -1096.084962 -1192.898867 -1288.592112 -1382.555744 -1474.062111 -1561.779566 -1642.497151 -1712.106869 -1768.107925 -1810.608503 -1841.533562 -1863.422973 -1878.648913 -1889.115814 -1896.243414 -1901.054537 -1904.274950 -1906.414211 -1907.826131 -1908.753342 -1909.360458 -1909.759999 -1910.036923 -1910.295644 -1910.855530 -1912.989739 -1918.739119 -1888.840517 -1162.847730 -1161.156475 -1150.345316 -1143.376536 -1140.103498 -1139.608493 -1139.555918 -1139.561840 -1139.576357 -1139.591938 -1139.606911 -1139.620775 -1139.633634 -1139.648475 -1139.693544 -1139.991607 -1141.742119 -1145.643821 -1151.294831 -1145.256319 -1866.502560 -1913.068383 -1911.693676 -1910.800034 -1910.620572 -1910.591226 -1910.587133 -1910.587169 -1910.587799 -1910.588401 -1910.588880 -1910.589247 -1910.589528 -1910.589747 -1910.589920 -1910.590061 -1910.590179 -1910.590284 -1910.590387 -1910.590503 -1910.590649 -1910.590852 -1910.591153 -1910.591615 -1910.592343 -1910.593511 -1910.595412 -1910.598567 -1910.603923 -1910.613258 -1910.630019 -1910.661014 -1910.719931 -1910.834840 -1911.065499 -1911.547436 -1912.614840 -1915.177024 -1922.095230 -1944.620442 -9999.0 -9999.0
-9999.0 -9999.0 77.236399 -17.942558 -115.619467 -213.895879 -312.391179 -410.958203 -509.520961 -608.017379 -706.304269 -804.307220 -901.937028 -999.065974 -1096.084962 -1192.898867 -1288.592111 -1382.555744 -1474.062111 -1561.779565 -1642.497151 -1712.106869 -1768.107925 -1810.608503 -1841.533562 -1863.422973 -1878.648913 -1889.115814 -1896.243414 -1901.054537 -1904.274950 -1906.414211 -1907.826131 -1908.753342 -1909.360458 -1909.759999 -1910.036923 -1910.295644 -1910.855530 -1912.989739 -1918.739119 -1888.840517 -1162.847730 -1161.156475 -1150.345316 -1143.376536 -1140.103498 -1139.608493 -1139.555918 -1139.561840 -1139.576357 -1139.591938 -1139.606911 -1139.620775 -1139.633634 -1139.648475 -1139.693544 -1139.991607 -1141.742119 -1145.643821 -1151.294831 -1145.256319 -1866.502560 -1913.068383 -1911.693676 -1910.800034 -1910.620572 -1910.591226 -1910.587133 -1910.587169 -1910.587799 -1910.588401 -1910.588880 -1910.589247 -1910.589528 -1910.589747 -1910.589920 -1910.590061 -1910.590179 -1910.590284 -1910.590387 -1910.590503 -1910.590649 -1910.590852 -1910.591153 -1910.591615 -1910.592343 -1910.593511 -1910.595412 -1910.598567 -1910.603923 -1910.613258 -1910.630019 -1910.661014 -1910.719931 -1910.834840 -1911.065499 -1911.547436 -1912.614840 -1915.177024 -1922.095230 -1944.620442 -9999.0 -9999.0
-9999.0 -9999.0 77.224826 -17.944631 -115.619985 -213.896030 -312.391227 -410.958219 -509.520967 -608.017382 -706.304270 -804.307220 -901.937029 -999.065974 -1096.084962 -1192.898867 -1288.592111 -1382.555744 -1474.062111 -1561.779565 -1642.497151 -1712.106868 -1768.107925 -1810.608503 -1841.533562 -1863.422972 -1878.648913 -1889.115814 -1896.243413 -1901.054537 -1904.274950 -1906.414211 -1907.826131 -1908.753342 -1909.360458 -1909.759999 -1910.036923 -1910.295644 -1910.855530 -1912.989739 -1918.739119 -1888.840517 -1162.847730 -1161.156475 -1150.345316 -1143.376536 -1140.103498 -1139.608493 -1139.555918 -1139.561840 -1139.576357 -1139.591938 -1139.606911 -1139.620775 -1139.633634 -1139.648475 -1139.693544 -1139.991607 -1141.742119 -1145.643821 -1151.294831 -1145.256319 -1866.502560 -1913.068383 -1911.693676 -1910.800034 -1910.620572 -1910.591226 -1910.587133 -1910.587169 -1910.587799 -1910.588401 -1910.588880 -1910.589247 -1910.589528 -1910.589747 -1910.589920 -1910.590061 -1910.590179 -1910.590284 -1910.590387 -1910.590503 -1910.590649 -1910.590852 -1910.591153 -1910.591615 -1910.592343 -1910.593511 -1910.595412 -1910.598567 -1910.603923 -1910.613258 -1910.630019 -1910.661014 -1910.719931 -1910.834840 -1911.065499 -1911.547436 -1912.614840 -1915.177024 -1922.095230 -1944.620442 -9999.0 -9999.0
-9999.0 -9999.0 -9999.0 -9999.0 -9999.0 -9999.0 -9999.0 -9999.0 -9999.0 -9999.0 -9999.0 -9999.0 -9999.0 -9999.0 -9999.0 -9999.0 -9999.0 -9999.0 -9999.0 -9999.0 -9999.0 -9999.0 -9999.0 -9999.0 -9999.0 -9999.0 -9999.0 -9999.0 -9999.0 -9999.0 -9999.0 -9999.0 -9999.0 -9999.0 -9999.0 -9999.0 -9999.0 -9999.0 -9999.0 -9999.0 -9999.0 -9999.0 -9999.0 -9999.0 -9999.0 -9999.0 -9999.0 -9999.0 -9999.0 -9999.0 -9999.0 -9999.0 -9999.0 -9999.0 -9999.0 -9999.0 -9999.0 -9999.0 -9999.0 -9999.0 -9999.0 -9999.0 -9999.0 -9999.0 -9999.0 -9999.0 -9999.0 -9999.0 -9999.0 -9999.0 -9999.0 -9999.0 -9999.0 -9999.0 -9999.0 -9999.0 -9999.0 -9999.0 -9999.0 -9999.0 -9999.0 -9999.0 -9999.0 -9999.0 -9999.0 -9999.0 -9999.0 -9999.0 -9999.0 -9999.0 -9999.0 -9999.0 -9999.0 -9999.0 -9999.0 -9999.0 -9999.0 -9999.0 -9999.0 -9999.0 -9999.0 -9999.0 -9999.0 -9999.0
-9999.0 -9999.0 -9999.0 -9999.0 -9999.0 -9999.0 -9999.0 -9999.0 -9999.0 -9999.0 -9999.0 -9999.0 -9999.0 -9999.0 -9999.0 -9999.0 -9999.0 -9999.0 -9999.0 -9999.0 -9999.0 -9999.0 -9999.0 -9999.0 -9999.0 -9999.0 -9999.0 -9999.0 -9999.0 -9999.0 -9999.0 -9999.0 -9999.0 -9999.0 -9999.0 -9999.0 -9999.0 -9999.0 -9999.0 -9999.0 -9999.0 -9999.0 -9999.0 -9999.0 -9999.0 -9999.0 -9999.0 -9999.0 -9999.0 -9999.0 -9999.0 -9999.0 -9999.0 -9999.0 -9999.0 -9999.0 -9999.0 -9999.0 -9999.0 -9999.0 -9999.0 -9999.0 -9999.0 -9999.0 -9999.0 -9999.0 -9999.0 -9999.0 -9999.0 -9999.0 -9999.0 -9999.0 -9999.0 -9999.0 -9999.0 -9999.0 -9999.0 -9999.0 -9999.0 -9999.0 -9999.0 -9999.0 -9999.0 -9999.0 -9999.0 -9999.0 -9999.0 -9999.0 -9999.0 -9999.0 -9999.0 -9999.0 -9999.0 -9999.0 -9999.0 -9999.0 -9999.0 -9999.0 -9999.0 -9999.0 -9999.0 -9999.0 -9999.0 -9999.0