inst/processing_geotop_simulation/geotop_simulation/out/maps3D/PwL0008N0212.asc
ncols         104
nrows         10
xllcorner     -2.000000
yllcorner     0.000000
cellsize      1.000000
NODATA_value  -9999.0
-9999.0 -9999.0 -9999.0 -9999.0 -9999.0 -9999.0 -9999.0 -9999.0 -9999.0 -9999.0 -9999.0 -9999.0 -9999.0 -9999.0 -9999.0 -9999.0 -9999.0 -9999.0 -9999.0 -9999.0 -9999.0 -9999.0 -9999.0 -9999.0 -9999.0 -9999.0 -9999.0 -9999.0 -9999.0 -9999.0 -9999.0 -9999.0 -9999.0 -9999.0 -9999.0 -9999.0 -9999.0 -9999.0 -9999.0 -9999.0 -9999.0 -9999.0 -9999.0 -9999.0 -9999.0 -9999.0 -9999.0 -9999.0 -9999.0 -9999.0 -9999.0 -9999.0 -9999.0 -9999.0 -9999.0 -9999.0 -9999.0 -9999.0 -9999.0 -9999.0 -9999.0 -9999.0 -9999.0 -9999.0 -9999.0 -9999.0 -9999.0 -9999.0 -9999.0 -9999.0 -9999.0 -9999.0 -9999.0 -9999.0 -9999.0 -9999.0 -9999.0 -9999.0 -9999.0 -9999.0 -9999.0 -9999.0 -9999.0 -9999.0 -9999.0 -9999.0 -9999.0 -9999.0 -9999.0 -9999.0 -9999.0 -9999.0 -9999.0 -9999.0 -9999.0 -9999.0 -9999.0 -9999.0 -9999.0 -9999.0 -9999.0 -9999.0 -9999.0 -9999.0
-9999.0 -9999.0 -9999.0 -9999.0 -9999.0 -9999.0 -9999.0 -9999.0 -9999.0 -9999.0 -9999.0 -9999.0 -9999.0 -9999.0 -9999.0 -9999.0 -9999.0 -9999.0 -9999.0 -9999.0 -9999.0 -9999.0 -9999.0 -9999.0 -9999.0 -9999.0 -9999.0 -9999.0 -9999.0 -9999.0 -9999.0 -9999.0 -9999.0 -9999.0 -9999.0 -9999.0 -9999.0 -9999.0 -9999.0 -9999.0 -9999.0 -9999.0 -9999.0 -9999.0 -9999.0 -9999.0 -9999.0 -9999.0 -9999.0 -9999.0 -9999.0 -9999.0 -9999.0 -9999.0 -9999.0 -9999.0 -9999.0 -9999.0 -9999.0 -9999.0 -9999.0 -9999.0 -9999.0 -9999.0 -9999.0 -9999.0 -9999.0 -9999.0 -9999.0 -9999.0 -9999.0 -9999.0 -9999.0 -9999.0 -9999.0 -9999.0 -9999.0 -9999.0 -9999.0 -9999.0 -9999.0 -9999.0 -9999.0 -9999.0 -9999.0 -9999.0 -9999.0 -9999.0 -9999.0 -9999.0 -9999.0 -9999.0 -9999.0 -9999.0 -9999.0 -9999.0 -9999.0 -9999.0 -9999.0 -9999.0 -9999.0 -9999.0 -9999.0 -9999.0
-9999.0 -9999.0 378.492884 284.090975 187.636047 90.361891 -7.242792 -104.975755 -202.749730 -300.491526 -398.121396 -495.478000 -592.212661 -687.670370 -783.317107 -878.791838 -973.933629 -1068.951680 -1160.352196 -1248.176612 -1328.409037 -1397.005655 -1451.979251 -1493.718903 -1524.150239 -1545.720872 -1560.724413 -1571.019597 -1578.004344 -1582.692984 -1585.809050 -1587.861632 -1589.203790 -1590.076548 -1590.642176 -1591.010512 -1591.263069 -1591.493916 -1591.990660 -1594.141941 -1603.103828 -1619.822428 -1201.844009 -1288.420933 -1251.779276 -1229.232854 -1218.881180 -1217.483584 -1217.341081 -1217.356915 -1217.395500 -1217.436821 -1217.476496 -1217.513215 -1217.547182 -1217.585705 -1217.700385 -1218.498412 -1223.852939 -1236.029121 -1254.211778 -1149.006189 -1591.987767 -1597.228354 -1592.972639 -1591.972152 -1591.805485 -1591.779832 -1591.776477 -1591.776782 -1591.777587 -1591.778317 -1591.778892 -1591.779331 -1591.779667 -1591.779928 -1591.780134 -1591.780301 -1591.780441 -1591.780565 -1591.780687 -1591.780823 -1591.780994 -1591.781231 -1591.781581 -1591.782121 -1591.782970 -1591.784328 -1591.786538 -1591.790196 -1591.796386 -1591.807137 -1591.826368 -1591.861805 -1591.928928 -1592.059278 -1592.319201 -1592.856774 -1594.030547 -1596.789835 -1603.987864 -1626.487649 -9999.0 -9999.0
-9999.0 -9999.0 378.500547 284.092926 187.636574 90.362048 -7.242742 -104.975739 -202.749724 -300.491523 -398.121395 -495.477999 -592.212660 -687.670370 -783.317107 -878.791838 -973.933629 -1068.951680 -1160.352196 -1248.176612 -1328.409037 -1397.005656 -1451.979251 -1493.718903 -1524.150239 -1545.720872 -1560.724413 -1571.019597 -1578.004344 -1582.692984 -1585.809050 -1587.861632 -1589.203790 -1590.076548 -1590.642176 -1591.010512 -1591.263069 -1591.493916 -1591.990660 -1594.141941 -1603.103828 -1619.822428 -1201.844009 -1288.420933 -1251.779275 -1229.232854 -1218.881180 -1217.483584 -1217.341081 -1217.356915 -1217.395500 -1217.436821 -1217.476496 -1217.513215 -1217.547182 -1217.585705 -1217.700385 -1218.498412 -1223.852939 -1236.029121 -1254.211778 -1149.006189 -1591.987767 -1597.228354 -1592.972639 -1591.972152 -1591.805485 -1591.779832 -1591.776477 -1591.776782 -1591.777587 -1591.778317 -1591.778892 -1591.779331 -1591.779667 -1591.779928 -1591.780134 -1591.780301 -1591.780441 -1591.780565 -1591.780687 -1591.780823 -1591.780994 -1591.781231 -1591.781581 -1591.782121 -1591.782970 -1591.784328 -1591.786538 -1591.790196 -1591.796386 -1591.807137 -1591.826368 -1591.861805 -1591.928928 -1592.059278 -1592.319201 -1592.856774 -1594.030547 -1596.789835 -1603.987864 -1626.487649 -9999.0 -9999.0
-9999.0 -9999.0 378.502120 284.093769 187.636910 90.362171 -7.242698 -104.975723 -202.749718 -300.491521 -398.121394 -495.477999 -592.212660 -687.670370 -783.317107 -878.791838 -973.933629 -1068.951680 -1160.352196 -1248.176612 -1328.409037 -1397.005656 -1451.979251 -1493.718903 -1524.150239 -1545.720872 -1560.724413 -1571.019597 -1578.004344 -1582.692984 -1585.809050 -1587.861632 -1589.203790 -1590.076548 -1590.642176 -1591.010512 -1591.263069 -1591.493916 -1591.990660 -1594.141941 -1603.103828 -1619.822428 -1201.844009 -1288.420933 -1251.779275 -1229.232853 -1218.881180 -1217.483584 -1217.341081 -1217.356915 -1217.395500 -1217.436821 -1217.476496 -1217.513215 -1217.547182 -1217.585705 -1217.700385 -1218.498412 -1223.852939 -1236.029121 -1254.211778 -1149.006189 -1591.987767 -1597.228354 -1592.972639 -1591.972152 -1591.805485 -1591.779832 -1591.776477 -1591.776782 -1591.777587 -1591.778317 -1591.778892 -1591.779331 -1591.779667 -1591.779928 -1591.780134 -1591.780301 -1591.780441 -1591.780565 -1591.780687 -1591.780823 -1591.780994 -1591.781231 -1591.781581 -1591.782121 -1591.782970 -1591.784328 -1591.786538 -1591.790196 -1591.796386 -1591.807137 -1591.826368 -1591.861805 -1591.928928 -1592.059278 -1592.319201 -1592.856774 -1594.030547 -1596.789835 -1603.987864 -1626.487649 -9999.0 -9999.0
-9999.0 -9999.0 378.502120 284.093769 187.636910 90.362171 -7.242698 -104.975723 -202.749718 -300.491521 -398.121395 -495.477999 -592.212660 -687.670370 -783.317107 -878.791838 -973.933629 -1068.951680 -1160.352196 -1248.176612 -1328.409037 -1397.005656 -1451.979251 -1493.718903 -1524.150239 -1545.720872 -1560.724413 -1571.019597 -1578.004344 -1582.692984 -1585.809050 -1587.861632 -1589.203790 -1590.076548 -1590.642176 -1591.010512 -1591.263069 -1591.493916 -1591.990660 -1594.141941 -1603.103828 -1619.822428 -1201.844009 -1288.420933 -1251.779275 -1229.232853 -1218.881180 -1217.483584 -1217.341081 -1217.356915 -1217.395500 -1217.436821 -1217.476496 -1217.513215 -1217.547182 -1217.585705 -1217.700385 -1218.498412 -1223.852939 -1236.029121 -1254.211778 -1149.006189 -1591.987767 -1597.228354 -1592.972639 -1591.972152 -1591.805485 -1591.779832 -1591.776477 -1591.776782 -1591.777587 -1591.778317 -1591.778892 -1591.779331 -1591.779667 -1591.779928 -1591.780134 -1591.780301 -1591.780441 -1591.780565 -1591.780687 -1591.780823 -1591.780994 -1591.781231 -1591.781581 -1591.782121 -1591.782970 -1591.784328 -1591.786538 -1591.790196 -1591.796386 -1591.807137 -1591.826368 -1591.861805 -1591.928928 -1592.059278 -1592.319201 -1592.856774 -1594.030547 -1596.789835 -1603.987864 -1626.487649 -9999.0 -9999.0
-9999.0 -9999.0 378.500547 284.092926 187.636574 90.362048 -7.242742 -104.975739 -202.749724 -300.491523 -398.121395 -495.477999 -592.212660 -687.670370 -783.317107 -878.791838 -973.933629 -1068.951680 -1160.352196 -1248.176612 -1328.409037 -1397.005656 -1451.979251 -1493.718903 -1524.150239 -1545.720872 -1560.724413 -1571.019597 -1578.004344 -1582.692984 -1585.809050 -1587.861632 -1589.203790 -1590.076548 -1590.642176 -1591.010512 -1591.263069 -1591.493916 -1591.990660 -1594.141941 -1603.103828 -1619.822428 -1201.844009 -1288.420933 -1251.779275 -1229.232854 -1218.881180 -1217.483584 -1217.341081 -1217.356915 -1217.395500 -1217.436821 -1217.476496 -1217.513215 -1217.547182 -1217.585705 -1217.700385 -1218.498412 -1223.852939 -1236.029121 -1254.211778 -1149.006189 -1591.987767 -1597.228354 -1592.972639 -1591.972152 -1591.805485 -1591.779832 -1591.776477 -1591.776782 -1591.777587 -1591.778317 -1591.778892 -1591.779331 -1591.779667 -1591.779928 -1591.780134 -1591.780301 -1591.780441 -1591.780565 -1591.780687 -1591.780823 -1591.780994 -1591.781231 -1591.781581 -1591.782121 -1591.782970 -1591.784328 -1591.786538 -1591.790196 -1591.796386 -1591.807137 -1591.826368 -1591.861805 -1591.928928 -1592.059278 -1592.319201 -1592.856774 -1594.030547 -1596.789835 -1603.987864 -1626.487649 -9999.0 -9999.0
-9999.0 -9999.0 378.492884 284.090975 187.636047 90.361891 -7.242792 -104.975755 -202.749730 -300.491525 -398.121396 -495.478000 -592.212661 -687.670370 -783.317107 -878.791838 -973.933629 -1068.951680 -1160.352196 -1248.176612 -1328.409037 -1397.005655 -1451.979251 -1493.718903 -1524.150239 -1545.720872 -1560.724413 -1571.019597 -1578.004344 -1582.692984 -1585.809050 -1587.861632 -1589.203790 -1590.076548 -1590.642176 -1591.010512 -1591.263069 -1591.493916 -1591.990660 -1594.141941 -1603.103828 -1619.822428 -1201.844009 -1288.420933 -1251.779276 -1229.232854 -1218.881180 -1217.483584 -1217.341081 -1217.356915 -1217.395500 -1217.436821 -1217.476496 -1217.513215 -1217.547182 -1217.585705 -1217.700385 -1218.498412 -1223.852939 -1236.029121 -1254.211778 -1149.006189 -1591.987767 -1597.228354 -1592.972639 -1591.972152 -1591.805485 -1591.779832 -1591.776477 -1591.776782 -1591.777587 -1591.778317 -1591.778892 -1591.779331 -1591.779667 -1591.779928 -1591.780134 -1591.780301 -1591.780441 -1591.780565 -1591.780687 -1591.780823 -1591.780994 -1591.781231 -1591.781581 -1591.782121 -1591.782970 -1591.784328 -1591.786538 -1591.790196 -1591.796386 -1591.807137 -1591.826368 -1591.861805 -1591.928928 -1592.059278 -1592.319201 -1592.856774 -1594.030547 -1596.789835 -1603.987864 -1626.487649 -9999.0 -9999.0
-9999.0 -9999.0 -9999.0 -9999.0 -9999.0 -9999.0 -9999.0 -9999.0 -9999.0 -9999.0 -9999.0 -9999.0 -9999.0 -9999.0 -9999.0 -9999.0 -9999.0 -9999.0 -9999.0 -9999.0 -9999.0 -9999.0 -9999.0 -9999.0 -9999.0 -9999.0 -9999.0 -9999.0 -9999.0 -9999.0 -9999.0 -9999.0 -9999.0 -9999.0 -9999.0 -9999.0 -9999.0 -9999.0 -9999.0 -9999.0 -9999.0 -9999.0 -9999.0 -9999.0 -9999.0 -9999.0 -9999.0 -9999.0 -9999.0 -9999.0 -9999.0 -9999.0 -9999.0 -9999.0 -9999.0 -9999.0 -9999.0 -9999.0 -9999.0 -9999.0 -9999.0 -9999.0 -9999.0 -9999.0 -9999.0 -9999.0 -9999.0 -9999.0 -9999.0 -9999.0 -9999.0 -9999.0 -9999.0 -9999.0 -9999.0 -9999.0 -9999.0 -9999.0 -9999.0 -9999.0 -9999.0 -9999.0 -9999.0 -9999.0 -9999.0 -9999.0 -9999.0 -9999.0 -9999.0 -9999.0 -9999.0 -9999.0 -9999.0 -9999.0 -9999.0 -9999.0 -9999.0 -9999.0 -9999.0 -9999.0 -9999.0 -9999.0 -9999.0 -9999.0
-9999.0 -9999.0 -9999.0 -9999.0 -9999.0 -9999.0 -9999.0 -9999.0 -9999.0 -9999.0 -9999.0 -9999.0 -9999.0 -9999.0 -9999.0 -9999.0 -9999.0 -9999.0 -9999.0 -9999.0 -9999.0 -9999.0 -9999.0 -9999.0 -9999.0 -9999.0 -9999.0 -9999.0 -9999.0 -9999.0 -9999.0 -9999.0 -9999.0 -9999.0 -9999.0 -9999.0 -9999.0 -9999.0 -9999.0 -9999.0 -9999.0 -9999.0 -9999.0 -9999.0 -9999.0 -9999.0 -9999.0 -9999.0 -9999.0 -9999.0 -9999.0 -9999.0 -9999.0 -9999.0 -9999.0 -9999.0 -9999.0 -9999.0 -9999.0 -9999.0 -9999.0 -9999.0 -9999.0 -9999.0 -9999.0 -9999.0 -9999.0 -9999.0 -9999.0 -9999.0 -9999.0 -9999.0 -9999.0 -9999.0 -9999.0 -9999.0 -9999.0 -9999.0 -9999.0 -9999.0 -9999.0 -9999.0 -9999.0 -9999.0 -9999.0 -9999.0 -9999.0 -9999.0 -9999.0 -9999.0 -9999.0 -9999.0 -9999.0 -9999.0 -9999.0 -9999.0 -9999.0 -9999.0 -9999.0 -9999.0 -9999.0 -9999.0 -9999.0 -9999.0