inst/processing_geotop_simulation/geotop_simulation/out/maps3D/PwL0009N0408.asc
ncols         104
nrows         10
xllcorner     -2.000000
yllcorner     0.000000
cellsize      1.000000
NODATA_value  -9999.0
-9999.0 -9999.0 -9999.0 -9999.0 -9999.0 -9999.0 -9999.0 -9999.0 -9999.0 -9999.0 -9999.0 -9999.0 -9999.0 -9999.0 -9999.0 -9999.0 -9999.0 -9999.0 -9999.0 -9999.0 -9999.0 -9999.0 -9999.0 -9999.0 -9999.0 -9999.0 -9999.0 -9999.0 -9999.0 -9999.0 -9999.0 -9999.0 -9999.0 -9999.0 -9999.0 -9999.0 -9999.0 -9999.0 -9999.0 -9999.0 -9999.0 -9999.0 -9999.0 -9999.0 -9999.0 -9999.0 -9999.0 -9999.0 -9999.0 -9999.0 -9999.0 -9999.0 -9999.0 -9999.0 -9999.0 -9999.0 -9999.0 -9999.0 -9999.0 -9999.0 -9999.0 -9999.0 -9999.0 -9999.0 -9999.0 -9999.0 -9999.0 -9999.0 -9999.0 -9999.0 -9999.0 -9999.0 -9999.0 -9999.0 -9999.0 -9999.0 -9999.0 -9999.0 -9999.0 -9999.0 -9999.0 -9999.0 -9999.0 -9999.0 -9999.0 -9999.0 -9999.0 -9999.0 -9999.0 -9999.0 -9999.0 -9999.0 -9999.0 -9999.0 -9999.0 -9999.0 -9999.0 -9999.0 -9999.0 -9999.0 -9999.0 -9999.0 -9999.0 -9999.0
-9999.0 -9999.0 -9999.0 -9999.0 -9999.0 -9999.0 -9999.0 -9999.0 -9999.0 -9999.0 -9999.0 -9999.0 -9999.0 -9999.0 -9999.0 -9999.0 -9999.0 -9999.0 -9999.0 -9999.0 -9999.0 -9999.0 -9999.0 -9999.0 -9999.0 -9999.0 -9999.0 -9999.0 -9999.0 -9999.0 -9999.0 -9999.0 -9999.0 -9999.0 -9999.0 -9999.0 -9999.0 -9999.0 -9999.0 -9999.0 -9999.0 -9999.0 -9999.0 -9999.0 -9999.0 -9999.0 -9999.0 -9999.0 -9999.0 -9999.0 -9999.0 -9999.0 -9999.0 -9999.0 -9999.0 -9999.0 -9999.0 -9999.0 -9999.0 -9999.0 -9999.0 -9999.0 -9999.0 -9999.0 -9999.0 -9999.0 -9999.0 -9999.0 -9999.0 -9999.0 -9999.0 -9999.0 -9999.0 -9999.0 -9999.0 -9999.0 -9999.0 -9999.0 -9999.0 -9999.0 -9999.0 -9999.0 -9999.0 -9999.0 -9999.0 -9999.0 -9999.0 -9999.0 -9999.0 -9999.0 -9999.0 -9999.0 -9999.0 -9999.0 -9999.0 -9999.0 -9999.0 -9999.0 -9999.0 -9999.0 -9999.0 -9999.0 -9999.0 -9999.0
-9999.0 -9999.0 423.073550 324.679189 225.733088 126.549311 27.267586 -72.051453 -171.382658 -270.711134 -370.021225 -469.290216 -568.472733 -667.478576 -766.362497 -865.278514 -964.097769 -1062.809822 -1161.054326 -1258.094917 -1353.207459 -1444.657957 -1529.886626 -1606.160975 -1671.476346 -1725.074169 -1767.411289 -1799.784777 -1823.883650 -1841.435943 -1853.998204 -1862.864638 -1869.054032 -1873.337629 -1876.283324 -1878.303645 -1879.708626 -1880.797128 -1882.105412 -1884.860059 -1888.450402 -1856.504335 -1281.431062 -1382.226865 -1351.193919 -1330.644103 -1321.162669 -1319.790286 -1319.645384 -1319.658143 -1319.693293 -1319.731151 -1319.767535 -1319.801228 -1319.832544 -1319.869388 -1319.986838 -1320.789419 -1325.756656 -1336.889063 -1349.505905 -1233.889192 -1823.531519 -1881.407644 -1883.611323 -1882.918938 -1882.690016 -1882.643201 -1882.635408 -1882.634600 -1882.634909 -1882.635321 -1882.635673 -1882.635953 -1882.636175 -1882.636355 -1882.636503 -1882.636629 -1882.636741 -1882.636845 -1882.636949 -1882.637064 -1882.637203 -1882.637385 -1882.637642 -1882.638022 -1882.638604 -1882.639521 -1882.641001 -1882.643453 -1882.647631 -1882.654968 -1882.668268 -1882.693146 -1882.741135 -1882.836789 -1883.035363 -1883.470414 -1884.491926 -1887.108871 -1894.608066 -1919.299695 -9999.0 -9999.0
-9999.0 -9999.0 423.079585 324.680793 225.733527 126.549443 27.267629 -72.051438 -171.382653 -270.711132 -370.021224 -469.290215 -568.472733 -667.478576 -766.362497 -865.278514 -964.097770 -1062.809822 -1161.054326 -1258.094917 -1353.207459 -1444.657958 -1529.886626 -1606.160976 -1671.476346 -1725.074169 -1767.411289 -1799.784777 -1823.883650 -1841.435943 -1853.998204 -1862.864638 -1869.054032 -1873.337629 -1876.283324 -1878.303645 -1879.708626 -1880.797128 -1882.105412 -1884.860059 -1888.450402 -1856.504335 -1281.431062 -1382.226865 -1351.193919 -1330.644102 -1321.162669 -1319.790286 -1319.645384 -1319.658143 -1319.693293 -1319.731151 -1319.767535 -1319.801228 -1319.832544 -1319.869388 -1319.986838 -1320.789419 -1325.756656 -1336.889063 -1349.505905 -1233.889192 -1823.531519 -1881.407644 -1883.611323 -1882.918938 -1882.690016 -1882.643201 -1882.635408 -1882.634600 -1882.634908 -1882.635321 -1882.635673 -1882.635953 -1882.636175 -1882.636355 -1882.636503 -1882.636629 -1882.636741 -1882.636845 -1882.636949 -1882.637064 -1882.637203 -1882.637385 -1882.637642 -1882.638022 -1882.638604 -1882.639521 -1882.641001 -1882.643453 -1882.647631 -1882.654968 -1882.668268 -1882.693146 -1882.741135 -1882.836789 -1883.035363 -1883.470414 -1884.491926 -1887.108871 -1894.608066 -1919.299695 -9999.0 -9999.0
-9999.0 -9999.0 423.080921 324.681500 225.733810 126.549547 27.267666 -72.051425 -171.382648 -270.711130 -370.021223 -469.290215 -568.472732 -667.478576 -766.362497 -865.278514 -964.097770 -1062.809823 -1161.054327 -1258.094918 -1353.207460 -1444.657958 -1529.886626 -1606.160976 -1671.476346 -1725.074169 -1767.411289 -1799.784777 -1823.883650 -1841.435943 -1853.998204 -1862.864638 -1869.054032 -1873.337629 -1876.283324 -1878.303645 -1879.708626 -1880.797128 -1882.105412 -1884.860059 -1888.450402 -1856.504335 -1281.431062 -1382.226865 -1351.193919 -1330.644102 -1321.162669 -1319.790286 -1319.645384 -1319.658143 -1319.693293 -1319.731151 -1319.767535 -1319.801228 -1319.832544 -1319.869388 -1319.986838 -1320.789419 -1325.756656 -1336.889063 -1349.505905 -1233.889192 -1823.531519 -1881.407644 -1883.611323 -1882.918938 -1882.690016 -1882.643201 -1882.635408 -1882.634600 -1882.634908 -1882.635321 -1882.635673 -1882.635953 -1882.636175 -1882.636355 -1882.636503 -1882.636629 -1882.636741 -1882.636845 -1882.636949 -1882.637064 -1882.637203 -1882.637385 -1882.637642 -1882.638022 -1882.638604 -1882.639521 -1882.641001 -1882.643453 -1882.647631 -1882.654968 -1882.668268 -1882.693146 -1882.741135 -1882.836789 -1883.035363 -1883.470414 -1884.491926 -1887.108871 -1894.608066 -1919.299695 -9999.0 -9999.0
-9999.0 -9999.0 423.080921 324.681500 225.733810 126.549547 27.267666 -72.051425 -171.382648 -270.711130 -370.021223 -469.290215 -568.472732 -667.478576 -766.362497 -865.278514 -964.097770 -1062.809823 -1161.054327 -1258.094918 -1353.207460 -1444.657958 -1529.886626 -1606.160976 -1671.476346 -1725.074169 -1767.411289 -1799.784777 -1823.883650 -1841.435943 -1853.998204 -1862.864638 -1869.054032 -1873.337629 -1876.283324 -1878.303645 -1879.708626 -1880.797128 -1882.105412 -1884.860059 -1888.450402 -1856.504335 -1281.431062 -1382.226865 -1351.193919 -1330.644102 -1321.162669 -1319.790286 -1319.645384 -1319.658143 -1319.693293 -1319.731151 -1319.767535 -1319.801228 -1319.832544 -1319.869388 -1319.986838 -1320.789419 -1325.756656 -1336.889063 -1349.505905 -1233.889192 -1823.531519 -1881.407644 -1883.611323 -1882.918938 -1882.690016 -1882.643201 -1882.635408 -1882.634600 -1882.634908 -1882.635321 -1882.635673 -1882.635953 -1882.636175 -1882.636355 -1882.636503 -1882.636629 -1882.636741 -1882.636845 -1882.636949 -1882.637064 -1882.637203 -1882.637385 -1882.637642 -1882.638022 -1882.638604 -1882.639521 -1882.641001 -1882.643453 -1882.647631 -1882.654968 -1882.668268 -1882.693146 -1882.741135 -1882.836789 -1883.035363 -1883.470414 -1884.491926 -1887.108871 -1894.608066 -1919.299695 -9999.0 -9999.0
-9999.0 -9999.0 423.079585 324.680793 225.733527 126.549443 27.267629 -72.051438 -171.382653 -270.711132 -370.021224 -469.290215 -568.472733 -667.478576 -766.362497 -865.278514 -964.097770 -1062.809822 -1161.054326 -1258.094917 -1353.207459 -1444.657958 -1529.886626 -1606.160976 -1671.476346 -1725.074169 -1767.411289 -1799.784777 -1823.883650 -1841.435943 -1853.998204 -1862.864638 -1869.054032 -1873.337629 -1876.283324 -1878.303645 -1879.708626 -1880.797128 -1882.105412 -1884.860059 -1888.450402 -1856.504335 -1281.431062 -1382.226865 -1351.193919 -1330.644102 -1321.162669 -1319.790286 -1319.645384 -1319.658143 -1319.693293 -1319.731151 -1319.767535 -1319.801228 -1319.832544 -1319.869388 -1319.986838 -1320.789419 -1325.756656 -1336.889063 -1349.505905 -1233.889192 -1823.531519 -1881.407644 -1883.611323 -1882.918938 -1882.690016 -1882.643201 -1882.635408 -1882.634600 -1882.634908 -1882.635321 -1882.635673 -1882.635953 -1882.636175 -1882.636355 -1882.636503 -1882.636629 -1882.636741 -1882.636845 -1882.636949 -1882.637064 -1882.637203 -1882.637385 -1882.637642 -1882.638022 -1882.638604 -1882.639521 -1882.641001 -1882.643453 -1882.647631 -1882.654968 -1882.668268 -1882.693146 -1882.741135 -1882.836789 -1883.035363 -1883.470414 -1884.491926 -1887.108871 -1894.608066 -1919.299695 -9999.0 -9999.0
-9999.0 -9999.0 423.073550 324.679189 225.733088 126.549311 27.267586 -72.051453 -171.382658 -270.711134 -370.021225 -469.290216 -568.472733 -667.478576 -766.362497 -865.278514 -964.097769 -1062.809822 -1161.054326 -1258.094917 -1353.207459 -1444.657957 -1529.886626 -1606.160975 -1671.476346 -1725.074169 -1767.411289 -1799.784777 -1823.883650 -1841.435943 -1853.998204 -1862.864638 -1869.054032 -1873.337629 -1876.283324 -1878.303645 -1879.708626 -1880.797128 -1882.105412 -1884.860059 -1888.450402 -1856.504335 -1281.431062 -1382.226865 -1351.193919 -1330.644103 -1321.162669 -1319.790286 -1319.645384 -1319.658143 -1319.693293 -1319.731151 -1319.767535 -1319.801228 -1319.832544 -1319.869388 -1319.986838 -1320.789419 -1325.756656 -1336.889063 -1349.505905 -1233.889192 -1823.531519 -1881.407644 -1883.611323 -1882.918938 -1882.690016 -1882.643201 -1882.635408 -1882.634600 -1882.634909 -1882.635321 -1882.635673 -1882.635953 -1882.636175 -1882.636355 -1882.636503 -1882.636629 -1882.636741 -1882.636845 -1882.636949 -1882.637064 -1882.637203 -1882.637385 -1882.637642 -1882.638022 -1882.638604 -1882.639521 -1882.641001 -1882.643453 -1882.647631 -1882.654968 -1882.668268 -1882.693146 -1882.741135 -1882.836789 -1883.035363 -1883.470414 -1884.491926 -1887.108871 -1894.608066 -1919.299695 -9999.0 -9999.0
-9999.0 -9999.0 -9999.0 -9999.0 -9999.0 -9999.0 -9999.0 -9999.0 -9999.0 -9999.0 -9999.0 -9999.0 -9999.0 -9999.0 -9999.0 -9999.0 -9999.0 -9999.0 -9999.0 -9999.0 -9999.0 -9999.0 -9999.0 -9999.0 -9999.0 -9999.0 -9999.0 -9999.0 -9999.0 -9999.0 -9999.0 -9999.0 -9999.0 -9999.0 -9999.0 -9999.0 -9999.0 -9999.0 -9999.0 -9999.0 -9999.0 -9999.0 -9999.0 -9999.0 -9999.0 -9999.0 -9999.0 -9999.0 -9999.0 -9999.0 -9999.0 -9999.0 -9999.0 -9999.0 -9999.0 -9999.0 -9999.0 -9999.0 -9999.0 -9999.0 -9999.0 -9999.0 -9999.0 -9999.0 -9999.0 -9999.0 -9999.0 -9999.0 -9999.0 -9999.0 -9999.0 -9999.0 -9999.0 -9999.0 -9999.0 -9999.0 -9999.0 -9999.0 -9999.0 -9999.0 -9999.0 -9999.0 -9999.0 -9999.0 -9999.0 -9999.0 -9999.0 -9999.0 -9999.0 -9999.0 -9999.0 -9999.0 -9999.0 -9999.0 -9999.0 -9999.0 -9999.0 -9999.0 -9999.0 -9999.0 -9999.0 -9999.0 -9999.0 -9999.0
-9999.0 -9999.0 -9999.0 -9999.0 -9999.0 -9999.0 -9999.0 -9999.0 -9999.0 -9999.0 -9999.0 -9999.0 -9999.0 -9999.0 -9999.0 -9999.0 -9999.0 -9999.0 -9999.0 -9999.0 -9999.0 -9999.0 -9999.0 -9999.0 -9999.0 -9999.0 -9999.0 -9999.0 -9999.0 -9999.0 -9999.0 -9999.0 -9999.0 -9999.0 -9999.0 -9999.0 -9999.0 -9999.0 -9999.0 -9999.0 -9999.0 -9999.0 -9999.0 -9999.0 -9999.0 -9999.0 -9999.0 -9999.0 -9999.0 -9999.0 -9999.0 -9999.0 -9999.0 -9999.0 -9999.0 -9999.0 -9999.0 -9999.0 -9999.0 -9999.0 -9999.0 -9999.0 -9999.0 -9999.0 -9999.0 -9999.0 -9999.0 -9999.0 -9999.0 -9999.0 -9999.0 -9999.0 -9999.0 -9999.0 -9999.0 -9999.0 -9999.0 -9999.0 -9999.0 -9999.0 -9999.0 -9999.0 -9999.0 -9999.0 -9999.0 -9999.0 -9999.0 -9999.0 -9999.0 -9999.0 -9999.0 -9999.0 -9999.0 -9999.0 -9999.0 -9999.0 -9999.0 -9999.0 -9999.0 -9999.0 -9999.0 -9999.0 -9999.0 -9999.0