inst/processing_geotop_simulation/geotop_simulation/out/maps3D/PwL0022N0126.asc
ncols         104
nrows         10
xllcorner     -2.000000
yllcorner     0.000000
cellsize      1.000000
NODATA_value  -9999.0
-9999.0 -9999.0 -9999.0 -9999.0 -9999.0 -9999.0 -9999.0 -9999.0 -9999.0 -9999.0 -9999.0 -9999.0 -9999.0 -9999.0 -9999.0 -9999.0 -9999.0 -9999.0 -9999.0 -9999.0 -9999.0 -9999.0 -9999.0 -9999.0 -9999.0 -9999.0 -9999.0 -9999.0 -9999.0 -9999.0 -9999.0 -9999.0 -9999.0 -9999.0 -9999.0 -9999.0 -9999.0 -9999.0 -9999.0 -9999.0 -9999.0 -9999.0 -9999.0 -9999.0 -9999.0 -9999.0 -9999.0 -9999.0 -9999.0 -9999.0 -9999.0 -9999.0 -9999.0 -9999.0 -9999.0 -9999.0 -9999.0 -9999.0 -9999.0 -9999.0 -9999.0 -9999.0 -9999.0 -9999.0 -9999.0 -9999.0 -9999.0 -9999.0 -9999.0 -9999.0 -9999.0 -9999.0 -9999.0 -9999.0 -9999.0 -9999.0 -9999.0 -9999.0 -9999.0 -9999.0 -9999.0 -9999.0 -9999.0 -9999.0 -9999.0 -9999.0 -9999.0 -9999.0 -9999.0 -9999.0 -9999.0 -9999.0 -9999.0 -9999.0 -9999.0 -9999.0 -9999.0 -9999.0 -9999.0 -9999.0 -9999.0 -9999.0 -9999.0 -9999.0
-9999.0 -9999.0 -9999.0 -9999.0 -9999.0 -9999.0 -9999.0 -9999.0 -9999.0 -9999.0 -9999.0 -9999.0 -9999.0 -9999.0 -9999.0 -9999.0 -9999.0 -9999.0 -9999.0 -9999.0 -9999.0 -9999.0 -9999.0 -9999.0 -9999.0 -9999.0 -9999.0 -9999.0 -9999.0 -9999.0 -9999.0 -9999.0 -9999.0 -9999.0 -9999.0 -9999.0 -9999.0 -9999.0 -9999.0 -9999.0 -9999.0 -9999.0 -9999.0 -9999.0 -9999.0 -9999.0 -9999.0 -9999.0 -9999.0 -9999.0 -9999.0 -9999.0 -9999.0 -9999.0 -9999.0 -9999.0 -9999.0 -9999.0 -9999.0 -9999.0 -9999.0 -9999.0 -9999.0 -9999.0 -9999.0 -9999.0 -9999.0 -9999.0 -9999.0 -9999.0 -9999.0 -9999.0 -9999.0 -9999.0 -9999.0 -9999.0 -9999.0 -9999.0 -9999.0 -9999.0 -9999.0 -9999.0 -9999.0 -9999.0 -9999.0 -9999.0 -9999.0 -9999.0 -9999.0 -9999.0 -9999.0 -9999.0 -9999.0 -9999.0 -9999.0 -9999.0 -9999.0 -9999.0 -9999.0 -9999.0 -9999.0 -9999.0 -9999.0 -9999.0
-9999.0 -9999.0 1089.434118 995.876450 902.202845 807.829547 713.031817 618.037129 522.979521 427.934206 332.943250 238.030055 143.207080 48.479136 -46.108513 -140.548025 -234.841989 -328.952535 -422.739894 -515.866084 -607.604207 -698.296712 -787.254377 -873.842186 -957.270139 -1013.223120 -1054.742247 -1083.574214 -1102.488029 -1114.321694 -1121.449182 -1125.613775 -1127.989551 -1129.321305 -1130.060123 -1130.472831 -1130.721370 -1130.933068 -1131.386687 -1133.682604 -1147.312002 -1235.827125 -1604.806219 -2904.402538 -3882.740759 -3881.952317 -3740.616423 -3217.081672 -2756.131531 -2458.684205 -2260.025600 -2102.639367 -2010.054870 -1951.065818 -1896.619870 -1840.003230 -1779.456591 -1716.185716 -1652.680262 -1590.430138 -1523.980998 -1285.572521 -1197.983169 -1141.512436 -1132.647082 -1131.460031 -1131.300055 -1131.276450 -1131.273670 -1131.274458 -1131.275688 -1131.276758 -1131.277593 -1131.278231 -1131.278722 -1131.279104 -1131.279408 -1131.279655 -1131.279862 -1131.280045 -1131.280223 -1131.280420 -1131.280665 -1131.281002 -1131.281498 -1131.282259 -1131.283452 -1131.285358 -1131.288451 -1131.293557 -1131.302170 -1131.317077 -1131.343650 -1131.392480 -1131.484828 -1131.664230 -1132.023533 -1132.776834 -1134.470617 -1138.599733 -1149.276632 -1178.129857 -9999.0 -9999.0
-9999.0 -9999.0 1089.437052 995.877649 902.203256 807.829685 713.031864 618.037146 522.979526 427.934208 332.943250 238.030055 143.207080 48.479136 -46.108514 -140.548025 -234.841989 -328.952535 -422.739895 -515.866085 -607.604207 -698.296712 -787.254377 -873.842187 -957.270139 -1013.223120 -1054.742247 -1083.574214 -1102.488029 -1114.321694 -1121.449182 -1125.613775 -1127.989551 -1129.321305 -1130.060123 -1130.472831 -1130.721370 -1130.933068 -1131.386687 -1133.682604 -1147.312002 -1235.827125 -1604.806219 -2904.402536 -3882.740759 -3881.952317 -3740.616423 -3217.081671 -2756.131530 -2458.684203 -2260.025598 -2102.639366 -2010.054870 -1951.065818 -1896.619870 -1840.003230 -1779.456590 -1716.185716 -1652.680261 -1590.430138 -1523.980998 -1285.572521 -1197.983169 -1141.512436 -1132.647082 -1131.460031 -1131.300055 -1131.276450 -1131.273670 -1131.274458 -1131.275688 -1131.276758 -1131.277593 -1131.278231 -1131.278722 -1131.279104 -1131.279408 -1131.279655 -1131.279862 -1131.280045 -1131.280223 -1131.280420 -1131.280665 -1131.281002 -1131.281498 -1131.282259 -1131.283452 -1131.285358 -1131.288451 -1131.293557 -1131.302170 -1131.317077 -1131.343650 -1131.392480 -1131.484828 -1131.664230 -1132.023533 -1132.776834 -1134.470617 -1138.599733 -1149.276632 -1178.129857 -9999.0 -9999.0
-9999.0 -9999.0 1089.438280 995.878322 902.203546 807.829797 713.031906 618.037161 522.979532 427.934210 332.943251 238.030055 143.207080 48.479136 -46.108514 -140.548025 -234.841989 -328.952535 -422.739895 -515.866085 -607.604207 -698.296713 -787.254377 -873.842187 -957.270139 -1013.223120 -1054.742247 -1083.574214 -1102.488029 -1114.321694 -1121.449182 -1125.613775 -1127.989551 -1129.321305 -1130.060123 -1130.472831 -1130.721370 -1130.933068 -1131.386687 -1133.682604 -1147.312002 -1235.827125 -1604.806219 -2904.402535 -3882.740759 -3881.952317 -3740.616423 -3217.081670 -2756.131530 -2458.684202 -2260.025596 -2102.639365 -2010.054870 -1951.065818 -1896.619870 -1840.003230 -1779.456590 -1716.185716 -1652.680261 -1590.430137 -1523.980998 -1285.572521 -1197.983169 -1141.512436 -1132.647082 -1131.460031 -1131.300055 -1131.276450 -1131.273670 -1131.274458 -1131.275688 -1131.276758 -1131.277593 -1131.278231 -1131.278722 -1131.279104 -1131.279408 -1131.279655 -1131.279862 -1131.280045 -1131.280223 -1131.280420 -1131.280665 -1131.281002 -1131.281498 -1131.282259 -1131.283452 -1131.285358 -1131.288451 -1131.293557 -1131.302170 -1131.317077 -1131.343650 -1131.392480 -1131.484828 -1131.664230 -1132.023533 -1132.776834 -1134.470617 -1138.599733 -1149.276632 -1178.129857 -9999.0 -9999.0
-9999.0 -9999.0 1089.438279 995.878322 902.203546 807.829797 713.031906 618.037161 522.979532 427.934210 332.943251 238.030056 143.207080 48.479136 -46.108514 -140.548025 -234.841990 -328.952535 -422.739895 -515.866085 -607.604207 -698.296713 -787.254377 -873.842187 -957.270139 -1013.223120 -1054.742247 -1083.574214 -1102.488029 -1114.321694 -1121.449182 -1125.613775 -1127.989551 -1129.321305 -1130.060123 -1130.472831 -1130.721370 -1130.933068 -1131.386687 -1133.682604 -1147.312002 -1235.827125 -1604.806219 -2904.402535 -3882.740759 -3881.952317 -3740.616423 -3217.081670 -2756.131530 -2458.684202 -2260.025597 -2102.639366 -2010.054870 -1951.065818 -1896.619870 -1840.003230 -1779.456590 -1716.185716 -1652.680261 -1590.430138 -1523.980998 -1285.572521 -1197.983169 -1141.512436 -1132.647082 -1131.460031 -1131.300055 -1131.276450 -1131.273670 -1131.274458 -1131.275688 -1131.276758 -1131.277593 -1131.278231 -1131.278722 -1131.279104 -1131.279408 -1131.279655 -1131.279862 -1131.280045 -1131.280223 -1131.280420 -1131.280665 -1131.281002 -1131.281498 -1131.282259 -1131.283452 -1131.285358 -1131.288451 -1131.293557 -1131.302170 -1131.317077 -1131.343650 -1131.392480 -1131.484828 -1131.664230 -1132.023533 -1132.776834 -1134.470617 -1138.599733 -1149.276632 -1178.129857 -9999.0 -9999.0
-9999.0 -9999.0 1089.437052 995.877649 902.203256 807.829685 713.031864 618.037146 522.979526 427.934208 332.943250 238.030055 143.207080 48.479136 -46.108514 -140.548025 -234.841989 -328.952535 -422.739895 -515.866085 -607.604207 -698.296712 -787.254377 -873.842187 -957.270139 -1013.223120 -1054.742247 -1083.574214 -1102.488029 -1114.321694 -1121.449182 -1125.613775 -1127.989551 -1129.321305 -1130.060123 -1130.472831 -1130.721370 -1130.933068 -1131.386687 -1133.682604 -1147.312002 -1235.827125 -1604.806219 -2904.402536 -3882.740759 -3881.952317 -3740.616423 -3217.081670 -2756.131530 -2458.684203 -2260.025598 -2102.639366 -2010.054870 -1951.065818 -1896.619870 -1840.003230 -1779.456590 -1716.185716 -1652.680262 -1590.430138 -1523.980998 -1285.572521 -1197.983169 -1141.512436 -1132.647082 -1131.460031 -1131.300055 -1131.276450 -1131.273670 -1131.274458 -1131.275688 -1131.276758 -1131.277593 -1131.278231 -1131.278722 -1131.279104 -1131.279408 -1131.279655 -1131.279862 -1131.280045 -1131.280223 -1131.280420 -1131.280665 -1131.281002 -1131.281498 -1131.282259 -1131.283452 -1131.285358 -1131.288451 -1131.293557 -1131.302170 -1131.317077 -1131.343650 -1131.392480 -1131.484828 -1131.664230 -1132.023533 -1132.776834 -1134.470617 -1138.599733 -1149.276632 -1178.129857 -9999.0 -9999.0
-9999.0 -9999.0 1089.434118 995.876450 902.202845 807.829547 713.031817 618.037130 522.979520 427.934206 332.943249 238.030055 143.207080 48.479136 -46.108514 -140.548025 -234.841989 -328.952535 -422.739895 -515.866084 -607.604207 -698.296712 -787.254377 -873.842186 -957.270139 -1013.223120 -1054.742247 -1083.574214 -1102.488029 -1114.321694 -1121.449182 -1125.613775 -1127.989551 -1129.321305 -1130.060123 -1130.472831 -1130.721370 -1130.933068 -1131.386687 -1133.682604 -1147.312002 -1235.827125 -1604.806219 -2904.402538 -3882.740759 -3881.952317 -3740.616423 -3217.081672 -2756.131531 -2458.684206 -2260.025600 -2102.639367 -2010.054870 -1951.065818 -1896.619870 -1840.003230 -1779.456591 -1716.185716 -1652.680262 -1590.430138 -1523.980998 -1285.572521 -1197.983169 -1141.512436 -1132.647082 -1131.460031 -1131.300055 -1131.276450 -1131.273670 -1131.274458 -1131.275688 -1131.276758 -1131.277593 -1131.278231 -1131.278722 -1131.279104 -1131.279408 -1131.279655 -1131.279862 -1131.280045 -1131.280223 -1131.280420 -1131.280665 -1131.281002 -1131.281498 -1131.282259 -1131.283452 -1131.285358 -1131.288451 -1131.293557 -1131.302170 -1131.317077 -1131.343650 -1131.392480 -1131.484828 -1131.664230 -1132.023533 -1132.776834 -1134.470617 -1138.599733 -1149.276632 -1178.129857 -9999.0 -9999.0
-9999.0 -9999.0 -9999.0 -9999.0 -9999.0 -9999.0 -9999.0 -9999.0 -9999.0 -9999.0 -9999.0 -9999.0 -9999.0 -9999.0 -9999.0 -9999.0 -9999.0 -9999.0 -9999.0 -9999.0 -9999.0 -9999.0 -9999.0 -9999.0 -9999.0 -9999.0 -9999.0 -9999.0 -9999.0 -9999.0 -9999.0 -9999.0 -9999.0 -9999.0 -9999.0 -9999.0 -9999.0 -9999.0 -9999.0 -9999.0 -9999.0 -9999.0 -9999.0 -9999.0 -9999.0 -9999.0 -9999.0 -9999.0 -9999.0 -9999.0 -9999.0 -9999.0 -9999.0 -9999.0 -9999.0 -9999.0 -9999.0 -9999.0 -9999.0 -9999.0 -9999.0 -9999.0 -9999.0 -9999.0 -9999.0 -9999.0 -9999.0 -9999.0 -9999.0 -9999.0 -9999.0 -9999.0 -9999.0 -9999.0 -9999.0 -9999.0 -9999.0 -9999.0 -9999.0 -9999.0 -9999.0 -9999.0 -9999.0 -9999.0 -9999.0 -9999.0 -9999.0 -9999.0 -9999.0 -9999.0 -9999.0 -9999.0 -9999.0 -9999.0 -9999.0 -9999.0 -9999.0 -9999.0 -9999.0 -9999.0 -9999.0 -9999.0 -9999.0 -9999.0
-9999.0 -9999.0 -9999.0 -9999.0 -9999.0 -9999.0 -9999.0 -9999.0 -9999.0 -9999.0 -9999.0 -9999.0 -9999.0 -9999.0 -9999.0 -9999.0 -9999.0 -9999.0 -9999.0 -9999.0 -9999.0 -9999.0 -9999.0 -9999.0 -9999.0 -9999.0 -9999.0 -9999.0 -9999.0 -9999.0 -9999.0 -9999.0 -9999.0 -9999.0 -9999.0 -9999.0 -9999.0 -9999.0 -9999.0 -9999.0 -9999.0 -9999.0 -9999.0 -9999.0 -9999.0 -9999.0 -9999.0 -9999.0 -9999.0 -9999.0 -9999.0 -9999.0 -9999.0 -9999.0 -9999.0 -9999.0 -9999.0 -9999.0 -9999.0 -9999.0 -9999.0 -9999.0 -9999.0 -9999.0 -9999.0 -9999.0 -9999.0 -9999.0 -9999.0 -9999.0 -9999.0 -9999.0 -9999.0 -9999.0 -9999.0 -9999.0 -9999.0 -9999.0 -9999.0 -9999.0 -9999.0 -9999.0 -9999.0 -9999.0 -9999.0 -9999.0 -9999.0 -9999.0 -9999.0 -9999.0 -9999.0 -9999.0 -9999.0 -9999.0 -9999.0 -9999.0 -9999.0 -9999.0 -9999.0 -9999.0 -9999.0 -9999.0 -9999.0 -9999.0