inst/processing_geotop_simulation/geotop_simulation/out/maps3D/PwL0006N0412.asc
ncols         104
nrows         10
xllcorner     -2.000000
yllcorner     0.000000
cellsize      1.000000
NODATA_value  -9999.0
-9999.0 -9999.0 -9999.0 -9999.0 -9999.0 -9999.0 -9999.0 -9999.0 -9999.0 -9999.0 -9999.0 -9999.0 -9999.0 -9999.0 -9999.0 -9999.0 -9999.0 -9999.0 -9999.0 -9999.0 -9999.0 -9999.0 -9999.0 -9999.0 -9999.0 -9999.0 -9999.0 -9999.0 -9999.0 -9999.0 -9999.0 -9999.0 -9999.0 -9999.0 -9999.0 -9999.0 -9999.0 -9999.0 -9999.0 -9999.0 -9999.0 -9999.0 -9999.0 -9999.0 -9999.0 -9999.0 -9999.0 -9999.0 -9999.0 -9999.0 -9999.0 -9999.0 -9999.0 -9999.0 -9999.0 -9999.0 -9999.0 -9999.0 -9999.0 -9999.0 -9999.0 -9999.0 -9999.0 -9999.0 -9999.0 -9999.0 -9999.0 -9999.0 -9999.0 -9999.0 -9999.0 -9999.0 -9999.0 -9999.0 -9999.0 -9999.0 -9999.0 -9999.0 -9999.0 -9999.0 -9999.0 -9999.0 -9999.0 -9999.0 -9999.0 -9999.0 -9999.0 -9999.0 -9999.0 -9999.0 -9999.0 -9999.0 -9999.0 -9999.0 -9999.0 -9999.0 -9999.0 -9999.0 -9999.0 -9999.0 -9999.0 -9999.0 -9999.0 -9999.0
-9999.0 -9999.0 -9999.0 -9999.0 -9999.0 -9999.0 -9999.0 -9999.0 -9999.0 -9999.0 -9999.0 -9999.0 -9999.0 -9999.0 -9999.0 -9999.0 -9999.0 -9999.0 -9999.0 -9999.0 -9999.0 -9999.0 -9999.0 -9999.0 -9999.0 -9999.0 -9999.0 -9999.0 -9999.0 -9999.0 -9999.0 -9999.0 -9999.0 -9999.0 -9999.0 -9999.0 -9999.0 -9999.0 -9999.0 -9999.0 -9999.0 -9999.0 -9999.0 -9999.0 -9999.0 -9999.0 -9999.0 -9999.0 -9999.0 -9999.0 -9999.0 -9999.0 -9999.0 -9999.0 -9999.0 -9999.0 -9999.0 -9999.0 -9999.0 -9999.0 -9999.0 -9999.0 -9999.0 -9999.0 -9999.0 -9999.0 -9999.0 -9999.0 -9999.0 -9999.0 -9999.0 -9999.0 -9999.0 -9999.0 -9999.0 -9999.0 -9999.0 -9999.0 -9999.0 -9999.0 -9999.0 -9999.0 -9999.0 -9999.0 -9999.0 -9999.0 -9999.0 -9999.0 -9999.0 -9999.0 -9999.0 -9999.0 -9999.0 -9999.0 -9999.0 -9999.0 -9999.0 -9999.0 -9999.0 -9999.0 -9999.0 -9999.0 -9999.0 -9999.0
-9999.0 -9999.0 274.195384 176.045132 77.118513 -22.068329 -121.355508 -220.683656 -320.022421 -419.350580 -518.646126 -617.863177 -716.912801 -815.904045 -914.817122 -1013.708838 -1112.547578 -1210.832257 -1308.396682 -1404.630650 -1498.336189 -1587.370065 -1668.790639 -1739.823289 -1798.884527 -1845.909889 -1882.020828 -1908.955811 -1928.589146 -1942.641523 -1952.554608 -1959.467480 -1964.244306 -1967.521624 -1969.758552 -1971.283775 -1972.343981 -1973.187903 -1974.299578 -1976.768014 -1978.642709 -1926.654448 -1217.473092 -1241.623180 -1225.649408 -1214.963731 -1209.964687 -1209.201292 -1209.118802 -1209.125665 -1209.145284 -1209.166462 -1209.186825 -1209.205690 -1209.223262 -1209.244263 -1209.312640 -1209.769496 -1212.428888 -1218.310887 -1225.420950 -1190.331493 -1898.432951 -1972.264858 -1975.408688 -1974.790829 -1974.572902 -1974.528245 -1974.520855 -1974.520114 -1974.520432 -1974.520841 -1974.521188 -1974.521461 -1974.521676 -1974.521847 -1974.521987 -1974.522105 -1974.522207 -1974.522301 -1974.522395 -1974.522500 -1974.522628 -1974.522800 -1974.523046 -1974.523415 -1974.523986 -1974.524891 -1974.526360 -1974.528802 -1974.532967 -1974.540288 -1974.553558 -1974.578366 -1974.626154 -1974.721187 -1974.917764 -1975.346473 -1976.348657 -1978.909831 -1986.262443 -2010.658600 -9999.0 -9999.0
-9999.0 -9999.0 274.202958 176.046870 77.118967 -22.068195 -121.355465 -220.683641 -320.022416 -419.350578 -518.646124 -617.863176 -716.912800 -815.904045 -914.817122 -1013.708838 -1112.547579 -1210.832257 -1308.396682 -1404.630650 -1498.336189 -1587.370065 -1668.790639 -1739.823289 -1798.884527 -1845.909889 -1882.020828 -1908.955811 -1928.589146 -1942.641523 -1952.554608 -1959.467480 -1964.244306 -1967.521624 -1969.758552 -1971.283775 -1972.343981 -1973.187903 -1974.299578 -1976.768014 -1978.642709 -1926.654448 -1217.473092 -1241.623179 -1225.649408 -1214.963730 -1209.964687 -1209.201292 -1209.118802 -1209.125665 -1209.145284 -1209.166462 -1209.186825 -1209.205690 -1209.223262 -1209.244263 -1209.312640 -1209.769496 -1212.428888 -1218.310887 -1225.420950 -1190.331493 -1898.432951 -1972.264858 -1975.408688 -1974.790829 -1974.572902 -1974.528245 -1974.520855 -1974.520114 -1974.520432 -1974.520841 -1974.521188 -1974.521461 -1974.521676 -1974.521847 -1974.521987 -1974.522105 -1974.522207 -1974.522301 -1974.522395 -1974.522500 -1974.522628 -1974.522800 -1974.523046 -1974.523415 -1974.523986 -1974.524891 -1974.526360 -1974.528802 -1974.532967 -1974.540288 -1974.553558 -1974.578366 -1974.626154 -1974.721187 -1974.917764 -1975.346473 -1976.348657 -1978.909831 -1986.262443 -2010.658600 -9999.0 -9999.0
-9999.0 -9999.0 274.204270 176.047598 77.119256 -22.068090 -121.355428 -220.683628 -320.022411 -419.350576 -518.646124 -617.863176 -716.912800 -815.904045 -914.817122 -1013.708839 -1112.547579 -1210.832257 -1308.396682 -1404.630650 -1498.336189 -1587.370065 -1668.790639 -1739.823289 -1798.884527 -1845.909889 -1882.020828 -1908.955811 -1928.589146 -1942.641523 -1952.554608 -1959.467480 -1964.244306 -1967.521624 -1969.758552 -1971.283775 -1972.343981 -1973.187903 -1974.299578 -1976.768014 -1978.642709 -1926.654448 -1217.473092 -1241.623179 -1225.649408 -1214.963730 -1209.964687 -1209.201292 -1209.118802 -1209.125665 -1209.145284 -1209.166462 -1209.186825 -1209.205690 -1209.223262 -1209.244263 -1209.312640 -1209.769496 -1212.428888 -1218.310887 -1225.420950 -1190.331493 -1898.432951 -1972.264858 -1975.408688 -1974.790829 -1974.572902 -1974.528245 -1974.520855 -1974.520114 -1974.520432 -1974.520841 -1974.521188 -1974.521461 -1974.521676 -1974.521847 -1974.521987 -1974.522105 -1974.522207 -1974.522301 -1974.522395 -1974.522500 -1974.522628 -1974.522800 -1974.523046 -1974.523415 -1974.523986 -1974.524891 -1974.526360 -1974.528802 -1974.532967 -1974.540288 -1974.553558 -1974.578366 -1974.626154 -1974.721187 -1974.917764 -1975.346473 -1976.348657 -1978.909831 -1986.262443 -2010.658600 -9999.0 -9999.0
-9999.0 -9999.0 274.204270 176.047598 77.119256 -22.068090 -121.355428 -220.683628 -320.022411 -419.350576 -518.646124 -617.863176 -716.912800 -815.904045 -914.817122 -1013.708839 -1112.547579 -1210.832257 -1308.396682 -1404.630650 -1498.336189 -1587.370065 -1668.790639 -1739.823289 -1798.884527 -1845.909889 -1882.020828 -1908.955811 -1928.589146 -1942.641523 -1952.554608 -1959.467480 -1964.244306 -1967.521624 -1969.758552 -1971.283775 -1972.343981 -1973.187903 -1974.299578 -1976.768014 -1978.642709 -1926.654448 -1217.473092 -1241.623179 -1225.649408 -1214.963730 -1209.964687 -1209.201292 -1209.118802 -1209.125665 -1209.145284 -1209.166462 -1209.186825 -1209.205690 -1209.223262 -1209.244263 -1209.312640 -1209.769496 -1212.428888 -1218.310887 -1225.420950 -1190.331493 -1898.432951 -1972.264858 -1975.408688 -1974.790829 -1974.572902 -1974.528245 -1974.520855 -1974.520114 -1974.520432 -1974.520841 -1974.521188 -1974.521461 -1974.521676 -1974.521847 -1974.521987 -1974.522105 -1974.522207 -1974.522301 -1974.522395 -1974.522500 -1974.522628 -1974.522800 -1974.523046 -1974.523415 -1974.523986 -1974.524891 -1974.526360 -1974.528802 -1974.532967 -1974.540288 -1974.553558 -1974.578366 -1974.626154 -1974.721187 -1974.917764 -1975.346473 -1976.348657 -1978.909831 -1986.262443 -2010.658600 -9999.0 -9999.0
-9999.0 -9999.0 274.202958 176.046870 77.118967 -22.068195 -121.355465 -220.683641 -320.022416 -419.350578 -518.646125 -617.863176 -716.912800 -815.904045 -914.817122 -1013.708838 -1112.547579 -1210.832257 -1308.396682 -1404.630650 -1498.336189 -1587.370065 -1668.790639 -1739.823289 -1798.884527 -1845.909889 -1882.020828 -1908.955811 -1928.589146 -1942.641523 -1952.554608 -1959.467480 -1964.244306 -1967.521624 -1969.758552 -1971.283775 -1972.343981 -1973.187903 -1974.299578 -1976.768014 -1978.642709 -1926.654448 -1217.473092 -1241.623179 -1225.649408 -1214.963730 -1209.964687 -1209.201292 -1209.118802 -1209.125665 -1209.145284 -1209.166462 -1209.186825 -1209.205690 -1209.223262 -1209.244263 -1209.312640 -1209.769496 -1212.428888 -1218.310887 -1225.420950 -1190.331493 -1898.432951 -1972.264858 -1975.408688 -1974.790829 -1974.572902 -1974.528245 -1974.520855 -1974.520114 -1974.520432 -1974.520841 -1974.521188 -1974.521461 -1974.521676 -1974.521847 -1974.521987 -1974.522105 -1974.522207 -1974.522301 -1974.522395 -1974.522500 -1974.522628 -1974.522800 -1974.523046 -1974.523415 -1974.523986 -1974.524891 -1974.526360 -1974.528802 -1974.532967 -1974.540288 -1974.553558 -1974.578366 -1974.626154 -1974.721187 -1974.917764 -1975.346473 -1976.348657 -1978.909831 -1986.262443 -2010.658600 -9999.0 -9999.0
-9999.0 -9999.0 274.195384 176.045132 77.118513 -22.068329 -121.355508 -220.683656 -320.022421 -419.350580 -518.646125 -617.863177 -716.912800 -815.904045 -914.817122 -1013.708838 -1112.547578 -1210.832257 -1308.396682 -1404.630650 -1498.336189 -1587.370065 -1668.790639 -1739.823289 -1798.884527 -1845.909889 -1882.020828 -1908.955811 -1928.589146 -1942.641523 -1952.554608 -1959.467480 -1964.244306 -1967.521624 -1969.758552 -1971.283775 -1972.343981 -1973.187903 -1974.299578 -1976.768014 -1978.642709 -1926.654448 -1217.473092 -1241.623180 -1225.649408 -1214.963731 -1209.964687 -1209.201292 -1209.118802 -1209.125665 -1209.145284 -1209.166462 -1209.186825 -1209.205690 -1209.223262 -1209.244263 -1209.312640 -1209.769496 -1212.428888 -1218.310887 -1225.420950 -1190.331493 -1898.432951 -1972.264858 -1975.408688 -1974.790829 -1974.572902 -1974.528245 -1974.520855 -1974.520114 -1974.520432 -1974.520841 -1974.521188 -1974.521461 -1974.521676 -1974.521847 -1974.521987 -1974.522105 -1974.522207 -1974.522301 -1974.522395 -1974.522500 -1974.522628 -1974.522800 -1974.523046 -1974.523415 -1974.523986 -1974.524891 -1974.526360 -1974.528802 -1974.532967 -1974.540288 -1974.553558 -1974.578366 -1974.626154 -1974.721187 -1974.917764 -1975.346473 -1976.348657 -1978.909831 -1986.262443 -2010.658600 -9999.0 -9999.0
-9999.0 -9999.0 -9999.0 -9999.0 -9999.0 -9999.0 -9999.0 -9999.0 -9999.0 -9999.0 -9999.0 -9999.0 -9999.0 -9999.0 -9999.0 -9999.0 -9999.0 -9999.0 -9999.0 -9999.0 -9999.0 -9999.0 -9999.0 -9999.0 -9999.0 -9999.0 -9999.0 -9999.0 -9999.0 -9999.0 -9999.0 -9999.0 -9999.0 -9999.0 -9999.0 -9999.0 -9999.0 -9999.0 -9999.0 -9999.0 -9999.0 -9999.0 -9999.0 -9999.0 -9999.0 -9999.0 -9999.0 -9999.0 -9999.0 -9999.0 -9999.0 -9999.0 -9999.0 -9999.0 -9999.0 -9999.0 -9999.0 -9999.0 -9999.0 -9999.0 -9999.0 -9999.0 -9999.0 -9999.0 -9999.0 -9999.0 -9999.0 -9999.0 -9999.0 -9999.0 -9999.0 -9999.0 -9999.0 -9999.0 -9999.0 -9999.0 -9999.0 -9999.0 -9999.0 -9999.0 -9999.0 -9999.0 -9999.0 -9999.0 -9999.0 -9999.0 -9999.0 -9999.0 -9999.0 -9999.0 -9999.0 -9999.0 -9999.0 -9999.0 -9999.0 -9999.0 -9999.0 -9999.0 -9999.0 -9999.0 -9999.0 -9999.0 -9999.0 -9999.0
-9999.0 -9999.0 -9999.0 -9999.0 -9999.0 -9999.0 -9999.0 -9999.0 -9999.0 -9999.0 -9999.0 -9999.0 -9999.0 -9999.0 -9999.0 -9999.0 -9999.0 -9999.0 -9999.0 -9999.0 -9999.0 -9999.0 -9999.0 -9999.0 -9999.0 -9999.0 -9999.0 -9999.0 -9999.0 -9999.0 -9999.0 -9999.0 -9999.0 -9999.0 -9999.0 -9999.0 -9999.0 -9999.0 -9999.0 -9999.0 -9999.0 -9999.0 -9999.0 -9999.0 -9999.0 -9999.0 -9999.0 -9999.0 -9999.0 -9999.0 -9999.0 -9999.0 -9999.0 -9999.0 -9999.0 -9999.0 -9999.0 -9999.0 -9999.0 -9999.0 -9999.0 -9999.0 -9999.0 -9999.0 -9999.0 -9999.0 -9999.0 -9999.0 -9999.0 -9999.0 -9999.0 -9999.0 -9999.0 -9999.0 -9999.0 -9999.0 -9999.0 -9999.0 -9999.0 -9999.0 -9999.0 -9999.0 -9999.0 -9999.0 -9999.0 -9999.0 -9999.0 -9999.0 -9999.0 -9999.0 -9999.0 -9999.0 -9999.0 -9999.0 -9999.0 -9999.0 -9999.0 -9999.0 -9999.0 -9999.0 -9999.0 -9999.0 -9999.0 -9999.0