inst/processing_geotop_simulation/geotop_simulation/out/maps3D/PwL0019N0309.asc
ncols         104
nrows         10
xllcorner     -2.000000
yllcorner     0.000000
cellsize      1.000000
NODATA_value  -9999.0
-9999.0 -9999.0 -9999.0 -9999.0 -9999.0 -9999.0 -9999.0 -9999.0 -9999.0 -9999.0 -9999.0 -9999.0 -9999.0 -9999.0 -9999.0 -9999.0 -9999.0 -9999.0 -9999.0 -9999.0 -9999.0 -9999.0 -9999.0 -9999.0 -9999.0 -9999.0 -9999.0 -9999.0 -9999.0 -9999.0 -9999.0 -9999.0 -9999.0 -9999.0 -9999.0 -9999.0 -9999.0 -9999.0 -9999.0 -9999.0 -9999.0 -9999.0 -9999.0 -9999.0 -9999.0 -9999.0 -9999.0 -9999.0 -9999.0 -9999.0 -9999.0 -9999.0 -9999.0 -9999.0 -9999.0 -9999.0 -9999.0 -9999.0 -9999.0 -9999.0 -9999.0 -9999.0 -9999.0 -9999.0 -9999.0 -9999.0 -9999.0 -9999.0 -9999.0 -9999.0 -9999.0 -9999.0 -9999.0 -9999.0 -9999.0 -9999.0 -9999.0 -9999.0 -9999.0 -9999.0 -9999.0 -9999.0 -9999.0 -9999.0 -9999.0 -9999.0 -9999.0 -9999.0 -9999.0 -9999.0 -9999.0 -9999.0 -9999.0 -9999.0 -9999.0 -9999.0 -9999.0 -9999.0 -9999.0 -9999.0 -9999.0 -9999.0 -9999.0 -9999.0
-9999.0 -9999.0 -9999.0 -9999.0 -9999.0 -9999.0 -9999.0 -9999.0 -9999.0 -9999.0 -9999.0 -9999.0 -9999.0 -9999.0 -9999.0 -9999.0 -9999.0 -9999.0 -9999.0 -9999.0 -9999.0 -9999.0 -9999.0 -9999.0 -9999.0 -9999.0 -9999.0 -9999.0 -9999.0 -9999.0 -9999.0 -9999.0 -9999.0 -9999.0 -9999.0 -9999.0 -9999.0 -9999.0 -9999.0 -9999.0 -9999.0 -9999.0 -9999.0 -9999.0 -9999.0 -9999.0 -9999.0 -9999.0 -9999.0 -9999.0 -9999.0 -9999.0 -9999.0 -9999.0 -9999.0 -9999.0 -9999.0 -9999.0 -9999.0 -9999.0 -9999.0 -9999.0 -9999.0 -9999.0 -9999.0 -9999.0 -9999.0 -9999.0 -9999.0 -9999.0 -9999.0 -9999.0 -9999.0 -9999.0 -9999.0 -9999.0 -9999.0 -9999.0 -9999.0 -9999.0 -9999.0 -9999.0 -9999.0 -9999.0 -9999.0 -9999.0 -9999.0 -9999.0 -9999.0 -9999.0 -9999.0 -9999.0 -9999.0 -9999.0 -9999.0 -9999.0 -9999.0 -9999.0 -9999.0 -9999.0 -9999.0 -9999.0 -9999.0 -9999.0
-9999.0 -9999.0 920.973249 822.584957 724.044622 625.298233 526.441070 427.534667 328.612679 229.693425 130.787116 31.900161 -66.958880 -165.788137 -264.568767 -363.259129 -461.777242 -559.973729 -657.593965 -754.860133 -852.086367 -948.672237 -1044.360116 -1135.433034 -1217.095926 -1289.487157 -1351.187351 -1401.734149 -1441.621639 -1472.059967 -1494.631723 -1510.980126 -1522.600299 -1530.739493 -1536.377716 -1540.255631 -1542.930648 -1544.884859 -1546.848227 -1550.865760 -1563.205124 -1605.332585 -1888.957652 -3971.128019 -4034.642501 -4034.649003 -4034.524549 -4033.296115 -4027.985121 -4012.391342 -3975.769769 -3895.163254 -3800.895366 -3713.463827 -3610.600107 -3480.365696 -3317.106407 -3126.499051 -2924.983055 -2728.992125 -2507.360201 -1609.409624 -1563.039334 -1554.812813 -1550.230892 -1548.907443 -1548.632687 -1548.584607 -1548.577258 -1548.576672 -1548.577120 -1548.577638 -1548.578075 -1548.578425 -1548.578706 -1548.578936 -1548.579129 -1548.579296 -1548.579444 -1548.579584 -1548.579724 -1548.579877 -1548.580057 -1548.580288 -1548.580606 -1548.581067 -1548.581762 -1548.582844 -1548.584578 -1548.587433 -1548.592271 -1548.600732 -1548.616023 -1548.644560 -1548.699541 -1548.809152 -1549.037106 -1549.537719 -1550.710462 -1553.661122 -1561.770571 -1587.106973 -9999.0 -9999.0
-9999.0 -9999.0 920.976362 822.586129 724.045003 625.298357 526.441112 427.534682 328.612684 229.693427 130.787117 31.900162 -66.958879 -165.788137 -264.568767 -363.259129 -461.777242 -559.973729 -657.593965 -754.860133 -852.086367 -948.672237 -1044.360116 -1135.433034 -1217.095926 -1289.487157 -1351.187351 -1401.734149 -1441.621639 -1472.059967 -1494.631723 -1510.980126 -1522.600300 -1530.739493 -1536.377716 -1540.255631 -1542.930648 -1544.884859 -1546.848227 -1550.865760 -1563.205124 -1605.332585 -1888.957652 -3971.128019 -4034.642501 -4034.649003 -4034.524549 -4033.296115 -4027.985121 -4012.391342 -3975.769768 -3895.163254 -3800.895365 -3713.463827 -3610.600106 -3480.365696 -3317.106406 -3126.499050 -2924.983054 -2728.992125 -2507.360201 -1609.409624 -1563.039334 -1554.812813 -1550.230892 -1548.907443 -1548.632687 -1548.584607 -1548.577258 -1548.576672 -1548.577120 -1548.577638 -1548.578075 -1548.578425 -1548.578706 -1548.578936 -1548.579129 -1548.579296 -1548.579444 -1548.579584 -1548.579724 -1548.579877 -1548.580057 -1548.580288 -1548.580606 -1548.581067 -1548.581762 -1548.582844 -1548.584578 -1548.587433 -1548.592271 -1548.600732 -1548.616023 -1548.644560 -1548.699541 -1548.809152 -1549.037106 -1549.537719 -1550.710462 -1553.661122 -1561.770571 -1587.106973 -9999.0 -9999.0
-9999.0 -9999.0 920.977530 822.586754 724.045266 625.298458 526.441149 427.534696 328.612689 229.693429 130.787118 31.900162 -66.958879 -165.788137 -264.568767 -363.259129 -461.777242 -559.973729 -657.593965 -754.860133 -852.086368 -948.672237 -1044.360116 -1135.433035 -1217.095926 -1289.487157 -1351.187352 -1401.734149 -1441.621639 -1472.059967 -1494.631723 -1510.980126 -1522.600300 -1530.739493 -1536.377716 -1540.255631 -1542.930648 -1544.884859 -1546.848227 -1550.865760 -1563.205124 -1605.332585 -1888.957652 -3971.128019 -4034.642501 -4034.649003 -4034.524549 -4033.296115 -4027.985121 -4012.391341 -3975.769768 -3895.163253 -3800.895365 -3713.463827 -3610.600106 -3480.365695 -3317.106406 -3126.499050 -2924.983054 -2728.992125 -2507.360200 -1609.409624 -1563.039334 -1554.812813 -1550.230892 -1548.907443 -1548.632687 -1548.584607 -1548.577258 -1548.576672 -1548.577120 -1548.577638 -1548.578075 -1548.578425 -1548.578706 -1548.578936 -1548.579129 -1548.579296 -1548.579444 -1548.579584 -1548.579724 -1548.579877 -1548.580057 -1548.580288 -1548.580606 -1548.581067 -1548.581762 -1548.582844 -1548.584578 -1548.587433 -1548.592271 -1548.600732 -1548.616023 -1548.644560 -1548.699541 -1548.809152 -1549.037106 -1549.537719 -1550.710462 -1553.661122 -1561.770571 -1587.106973 -9999.0 -9999.0
-9999.0 -9999.0 920.977530 822.586754 724.045266 625.298458 526.441149 427.534696 328.612689 229.693429 130.787118 31.900162 -66.958879 -165.788137 -264.568766 -363.259129 -461.777242 -559.973729 -657.593965 -754.860133 -852.086368 -948.672237 -1044.360116 -1135.433035 -1217.095926 -1289.487157 -1351.187352 -1401.734149 -1441.621639 -1472.059967 -1494.631723 -1510.980126 -1522.600300 -1530.739493 -1536.377716 -1540.255631 -1542.930648 -1544.884859 -1546.848227 -1550.865760 -1563.205124 -1605.332585 -1888.957652 -3971.128019 -4034.642501 -4034.649003 -4034.524549 -4033.296115 -4027.985121 -4012.391341 -3975.769768 -3895.163253 -3800.895365 -3713.463827 -3610.600106 -3480.365696 -3317.106406 -3126.499050 -2924.983054 -2728.992125 -2507.360200 -1609.409624 -1563.039334 -1554.812813 -1550.230892 -1548.907443 -1548.632687 -1548.584607 -1548.577258 -1548.576672 -1548.577120 -1548.577638 -1548.578075 -1548.578425 -1548.578706 -1548.578936 -1548.579129 -1548.579296 -1548.579444 -1548.579584 -1548.579724 -1548.579877 -1548.580057 -1548.580288 -1548.580606 -1548.581067 -1548.581762 -1548.582844 -1548.584578 -1548.587433 -1548.592271 -1548.600732 -1548.616023 -1548.644560 -1548.699541 -1548.809152 -1549.037106 -1549.537719 -1550.710462 -1553.661122 -1561.770571 -1587.106973 -9999.0 -9999.0
-9999.0 -9999.0 920.976362 822.586129 724.045003 625.298357 526.441112 427.534682 328.612684 229.693427 130.787117 31.900162 -66.958880 -165.788137 -264.568767 -363.259129 -461.777242 -559.973729 -657.593965 -754.860133 -852.086367 -948.672237 -1044.360116 -1135.433034 -1217.095926 -1289.487157 -1351.187351 -1401.734149 -1441.621639 -1472.059967 -1494.631723 -1510.980126 -1522.600300 -1530.739493 -1536.377716 -1540.255631 -1542.930648 -1544.884859 -1546.848227 -1550.865760 -1563.205124 -1605.332585 -1888.957652 -3971.128019 -4034.642501 -4034.649003 -4034.524549 -4033.296115 -4027.985121 -4012.391341 -3975.769768 -3895.163254 -3800.895365 -3713.463827 -3610.600106 -3480.365696 -3317.106406 -3126.499050 -2924.983055 -2728.992125 -2507.360201 -1609.409624 -1563.039334 -1554.812813 -1550.230892 -1548.907443 -1548.632687 -1548.584607 -1548.577258 -1548.576672 -1548.577120 -1548.577638 -1548.578075 -1548.578425 -1548.578706 -1548.578936 -1548.579129 -1548.579296 -1548.579444 -1548.579584 -1548.579724 -1548.579877 -1548.580057 -1548.580288 -1548.580606 -1548.581067 -1548.581762 -1548.582844 -1548.584578 -1548.587433 -1548.592271 -1548.600732 -1548.616023 -1548.644560 -1548.699541 -1548.809152 -1549.037106 -1549.537719 -1550.710462 -1553.661122 -1561.770571 -1587.106973 -9999.0 -9999.0
-9999.0 -9999.0 920.973249 822.584957 724.044622 625.298233 526.441070 427.534667 328.612679 229.693425 130.787116 31.900161 -66.958880 -165.788137 -264.568767 -363.259129 -461.777242 -559.973729 -657.593965 -754.860133 -852.086367 -948.672237 -1044.360116 -1135.433034 -1217.095926 -1289.487157 -1351.187351 -1401.734149 -1441.621639 -1472.059967 -1494.631723 -1510.980126 -1522.600299 -1530.739493 -1536.377716 -1540.255631 -1542.930648 -1544.884859 -1546.848227 -1550.865760 -1563.205124 -1605.332585 -1888.957652 -3971.128019 -4034.642501 -4034.649003 -4034.524549 -4033.296115 -4027.985121 -4012.391342 -3975.769769 -3895.163254 -3800.895366 -3713.463827 -3610.600107 -3480.365697 -3317.106407 -3126.499051 -2924.983055 -2728.992126 -2507.360201 -1609.409624 -1563.039334 -1554.812813 -1550.230892 -1548.907443 -1548.632687 -1548.584607 -1548.577258 -1548.576672 -1548.577120 -1548.577638 -1548.578075 -1548.578425 -1548.578706 -1548.578936 -1548.579129 -1548.579296 -1548.579444 -1548.579584 -1548.579724 -1548.579877 -1548.580057 -1548.580288 -1548.580606 -1548.581067 -1548.581762 -1548.582844 -1548.584578 -1548.587433 -1548.592271 -1548.600732 -1548.616023 -1548.644560 -1548.699541 -1548.809152 -1549.037106 -1549.537719 -1550.710462 -1553.661122 -1561.770571 -1587.106973 -9999.0 -9999.0
-9999.0 -9999.0 -9999.0 -9999.0 -9999.0 -9999.0 -9999.0 -9999.0 -9999.0 -9999.0 -9999.0 -9999.0 -9999.0 -9999.0 -9999.0 -9999.0 -9999.0 -9999.0 -9999.0 -9999.0 -9999.0 -9999.0 -9999.0 -9999.0 -9999.0 -9999.0 -9999.0 -9999.0 -9999.0 -9999.0 -9999.0 -9999.0 -9999.0 -9999.0 -9999.0 -9999.0 -9999.0 -9999.0 -9999.0 -9999.0 -9999.0 -9999.0 -9999.0 -9999.0 -9999.0 -9999.0 -9999.0 -9999.0 -9999.0 -9999.0 -9999.0 -9999.0 -9999.0 -9999.0 -9999.0 -9999.0 -9999.0 -9999.0 -9999.0 -9999.0 -9999.0 -9999.0 -9999.0 -9999.0 -9999.0 -9999.0 -9999.0 -9999.0 -9999.0 -9999.0 -9999.0 -9999.0 -9999.0 -9999.0 -9999.0 -9999.0 -9999.0 -9999.0 -9999.0 -9999.0 -9999.0 -9999.0 -9999.0 -9999.0 -9999.0 -9999.0 -9999.0 -9999.0 -9999.0 -9999.0 -9999.0 -9999.0 -9999.0 -9999.0 -9999.0 -9999.0 -9999.0 -9999.0 -9999.0 -9999.0 -9999.0 -9999.0 -9999.0 -9999.0
-9999.0 -9999.0 -9999.0 -9999.0 -9999.0 -9999.0 -9999.0 -9999.0 -9999.0 -9999.0 -9999.0 -9999.0 -9999.0 -9999.0 -9999.0 -9999.0 -9999.0 -9999.0 -9999.0 -9999.0 -9999.0 -9999.0 -9999.0 -9999.0 -9999.0 -9999.0 -9999.0 -9999.0 -9999.0 -9999.0 -9999.0 -9999.0 -9999.0 -9999.0 -9999.0 -9999.0 -9999.0 -9999.0 -9999.0 -9999.0 -9999.0 -9999.0 -9999.0 -9999.0 -9999.0 -9999.0 -9999.0 -9999.0 -9999.0 -9999.0 -9999.0 -9999.0 -9999.0 -9999.0 -9999.0 -9999.0 -9999.0 -9999.0 -9999.0 -9999.0 -9999.0 -9999.0 -9999.0 -9999.0 -9999.0 -9999.0 -9999.0 -9999.0 -9999.0 -9999.0 -9999.0 -9999.0 -9999.0 -9999.0 -9999.0 -9999.0 -9999.0 -9999.0 -9999.0 -9999.0 -9999.0 -9999.0 -9999.0 -9999.0 -9999.0 -9999.0 -9999.0 -9999.0 -9999.0 -9999.0 -9999.0 -9999.0 -9999.0 -9999.0 -9999.0 -9999.0 -9999.0 -9999.0 -9999.0 -9999.0 -9999.0 -9999.0 -9999.0 -9999.0