inst/processing_geotop_simulation/geotop_simulation/out/maps3D/PwL0009N0031.asc
ncols         104
nrows         10
xllcorner     -2.000000
yllcorner     0.000000
cellsize      1.000000
NODATA_value  -9999.0
-9999.0 -9999.0 -9999.0 -9999.0 -9999.0 -9999.0 -9999.0 -9999.0 -9999.0 -9999.0 -9999.0 -9999.0 -9999.0 -9999.0 -9999.0 -9999.0 -9999.0 -9999.0 -9999.0 -9999.0 -9999.0 -9999.0 -9999.0 -9999.0 -9999.0 -9999.0 -9999.0 -9999.0 -9999.0 -9999.0 -9999.0 -9999.0 -9999.0 -9999.0 -9999.0 -9999.0 -9999.0 -9999.0 -9999.0 -9999.0 -9999.0 -9999.0 -9999.0 -9999.0 -9999.0 -9999.0 -9999.0 -9999.0 -9999.0 -9999.0 -9999.0 -9999.0 -9999.0 -9999.0 -9999.0 -9999.0 -9999.0 -9999.0 -9999.0 -9999.0 -9999.0 -9999.0 -9999.0 -9999.0 -9999.0 -9999.0 -9999.0 -9999.0 -9999.0 -9999.0 -9999.0 -9999.0 -9999.0 -9999.0 -9999.0 -9999.0 -9999.0 -9999.0 -9999.0 -9999.0 -9999.0 -9999.0 -9999.0 -9999.0 -9999.0 -9999.0 -9999.0 -9999.0 -9999.0 -9999.0 -9999.0 -9999.0 -9999.0 -9999.0 -9999.0 -9999.0 -9999.0 -9999.0 -9999.0 -9999.0 -9999.0 -9999.0 -9999.0 -9999.0
-9999.0 -9999.0 -9999.0 -9999.0 -9999.0 -9999.0 -9999.0 -9999.0 -9999.0 -9999.0 -9999.0 -9999.0 -9999.0 -9999.0 -9999.0 -9999.0 -9999.0 -9999.0 -9999.0 -9999.0 -9999.0 -9999.0 -9999.0 -9999.0 -9999.0 -9999.0 -9999.0 -9999.0 -9999.0 -9999.0 -9999.0 -9999.0 -9999.0 -9999.0 -9999.0 -9999.0 -9999.0 -9999.0 -9999.0 -9999.0 -9999.0 -9999.0 -9999.0 -9999.0 -9999.0 -9999.0 -9999.0 -9999.0 -9999.0 -9999.0 -9999.0 -9999.0 -9999.0 -9999.0 -9999.0 -9999.0 -9999.0 -9999.0 -9999.0 -9999.0 -9999.0 -9999.0 -9999.0 -9999.0 -9999.0 -9999.0 -9999.0 -9999.0 -9999.0 -9999.0 -9999.0 -9999.0 -9999.0 -9999.0 -9999.0 -9999.0 -9999.0 -9999.0 -9999.0 -9999.0 -9999.0 -9999.0 -9999.0 -9999.0 -9999.0 -9999.0 -9999.0 -9999.0 -9999.0 -9999.0 -9999.0 -9999.0 -9999.0 -9999.0 -9999.0 -9999.0 -9999.0 -9999.0 -9999.0 -9999.0 -9999.0 -9999.0 -9999.0 -9999.0
-9999.0 -9999.0 -21.887030 -119.823079 -213.608607 -296.921967 -359.638468 -395.790978 -411.918333 -423.165772 -432.608448 -445.764134 -454.049486 -453.870950 -377.414242 -244.381986 -126.447009 -1.437479 141.533185 87.527673 29.226559 -33.201926 -99.505690 -167.739624 -235.706379 -297.775602 -347.668380 -382.157100 -403.046702 -414.513015 -420.420963 -423.320947 -424.646823 -425.117300 -425.044359 -424.503902 -423.147257 -419.765543 -423.015513 -438.834251 -379.482734 -383.414156 -2606.796020 -4529.266400 -4529.680422 -4529.649826 -4529.622756 -4529.618887 -4529.618468 -4529.618428 -4529.618426 -4529.618427 -4529.618429 -4529.618431 -4529.618434 -4529.618451 -4529.618609 -4529.619968 -4529.630770 -4529.649947 -4528.982958 -2502.074346 -467.166476 -459.945672 -433.227454 -427.225127 -426.619950 -426.747860 -426.945346 -427.099876 -427.203877 -427.269749 -427.309714 -427.333914 -427.348701 -427.358112 -427.364671 -427.369990 -427.374612 -427.379689 -427.385456 -427.393044 -427.403688 -427.420044 -427.446296 -427.488333 -427.555002 -427.660420 -427.827748 -428.094787 -428.523737 -429.218675 -430.357350 -432.249402 -435.441107 -440.892199 -450.234449 -466.044435 -491.908492 -532.068049 -591.772727 -680.117405 -9999.0 -9999.0
-9999.0 -9999.0 -21.864504 -119.815195 -213.606169 -296.921314 -359.638323 -395.790962 -411.918350 -423.165793 -432.608447 -445.764133 -454.049486 -453.870950 -377.414242 -244.381986 -126.447008 -1.437479 141.533185 87.527673 29.226559 -33.201926 -99.505690 -167.739624 -235.706379 -297.775602 -347.668380 -382.157100 -403.046702 -414.513015 -420.420963 -423.320947 -424.646823 -425.117300 -425.044359 -424.503902 -423.147257 -419.765543 -423.015514 -438.834251 -379.482734 -383.414157 -2606.796019 -4529.266400 -4529.680422 -4529.649826 -4529.622756 -4529.618887 -4529.618468 -4529.618428 -4529.618426 -4529.618427 -4529.618429 -4529.618431 -4529.618434 -4529.618451 -4529.618609 -4529.619968 -4529.630770 -4529.649947 -4528.982958 -2502.074346 -467.166476 -459.945672 -433.227454 -427.225127 -426.619950 -426.747860 -426.945346 -427.099876 -427.203877 -427.269749 -427.309714 -427.333914 -427.348701 -427.358112 -427.364671 -427.369990 -427.374612 -427.379689 -427.385456 -427.393044 -427.403688 -427.420044 -427.446296 -427.488333 -427.555002 -427.660420 -427.827748 -428.094787 -428.523737 -429.218675 -430.357350 -432.249402 -435.441107 -440.892199 -450.234449 -466.044435 -491.908492 -532.068049 -591.772727 -680.117405 -9999.0 -9999.0
-9999.0 -9999.0 -21.853758 -119.810057 -213.604249 -296.920751 -359.638196 -395.790949 -411.918367 -423.165813 -432.608447 -445.764133 -454.049486 -453.870950 -377.414242 -244.381986 -126.447008 -1.437479 141.533185 87.527673 29.226559 -33.201926 -99.505690 -167.739624 -235.706379 -297.775602 -347.668380 -382.157100 -403.046702 -414.513015 -420.420963 -423.320947 -424.646823 -425.117300 -425.044359 -424.503902 -423.147257 -419.765543 -423.015514 -438.834251 -379.482734 -383.414157 -2606.796019 -4529.266400 -4529.680422 -4529.649826 -4529.622756 -4529.618887 -4529.618468 -4529.618428 -4529.618426 -4529.618427 -4529.618429 -4529.618431 -4529.618434 -4529.618451 -4529.618609 -4529.619968 -4529.630770 -4529.649947 -4528.982958 -2502.074346 -467.166475 -459.945672 -433.227454 -427.225127 -426.619950 -426.747860 -426.945346 -427.099876 -427.203877 -427.269749 -427.309714 -427.333914 -427.348701 -427.358112 -427.364671 -427.369990 -427.374612 -427.379689 -427.385456 -427.393044 -427.403688 -427.420044 -427.446296 -427.488333 -427.555002 -427.660420 -427.827748 -428.094787 -428.523737 -429.218675 -430.357350 -432.249402 -435.441107 -440.892199 -450.234449 -466.044435 -491.908492 -532.068049 -591.772727 -680.117405 -9999.0 -9999.0
-9999.0 -9999.0 -21.853758 -119.810057 -213.604249 -296.920750 -359.638196 -395.790949 -411.918367 -423.165813 -432.608447 -445.764133 -454.049486 -453.870950 -377.414242 -244.381986 -126.447008 -1.437479 141.533185 87.527673 29.226559 -33.201926 -99.505690 -167.739624 -235.706379 -297.775602 -347.668380 -382.157100 -403.046702 -414.513015 -420.420963 -423.320947 -424.646823 -425.117300 -425.044359 -424.503902 -423.147257 -419.765543 -423.015514 -438.834251 -379.482734 -383.414157 -2606.796019 -4529.266400 -4529.680422 -4529.649826 -4529.622756 -4529.618887 -4529.618468 -4529.618428 -4529.618426 -4529.618427 -4529.618429 -4529.618431 -4529.618434 -4529.618451 -4529.618609 -4529.619968 -4529.630770 -4529.649947 -4528.982958 -2502.074346 -467.166475 -459.945672 -433.227454 -427.225127 -426.619950 -426.747860 -426.945346 -427.099876 -427.203877 -427.269749 -427.309714 -427.333914 -427.348701 -427.358112 -427.364671 -427.369990 -427.374612 -427.379689 -427.385456 -427.393044 -427.403688 -427.420044 -427.446296 -427.488333 -427.555002 -427.660420 -427.827748 -428.094787 -428.523737 -429.218675 -430.357350 -432.249402 -435.441107 -440.892199 -450.234449 -466.044435 -491.908492 -532.068049 -591.772727 -680.117405 -9999.0 -9999.0
-9999.0 -9999.0 -21.864503 -119.815196 -213.606169 -296.921314 -359.638323 -395.790962 -411.918350 -423.165793 -432.608447 -445.764133 -454.049486 -453.870950 -377.414242 -244.381986 -126.447008 -1.437479 141.533185 87.527673 29.226559 -33.201926 -99.505690 -167.739624 -235.706379 -297.775602 -347.668380 -382.157100 -403.046702 -414.513015 -420.420963 -423.320947 -424.646823 -425.117300 -425.044359 -424.503902 -423.147257 -419.765543 -423.015514 -438.834251 -379.482734 -383.414157 -2606.796019 -4529.266400 -4529.680422 -4529.649826 -4529.622756 -4529.618887 -4529.618468 -4529.618428 -4529.618426 -4529.618427 -4529.618429 -4529.618431 -4529.618434 -4529.618451 -4529.618609 -4529.619968 -4529.630770 -4529.649947 -4528.982958 -2502.074346 -467.166475 -459.945672 -433.227454 -427.225127 -426.619950 -426.747860 -426.945346 -427.099876 -427.203877 -427.269749 -427.309714 -427.333914 -427.348701 -427.358112 -427.364671 -427.369990 -427.374612 -427.379689 -427.385456 -427.393044 -427.403688 -427.420044 -427.446296 -427.488333 -427.555002 -427.660420 -427.827748 -428.094787 -428.523737 -429.218675 -430.357350 -432.249402 -435.441107 -440.892199 -450.234449 -466.044435 -491.908492 -532.068049 -591.772727 -680.117405 -9999.0 -9999.0
-9999.0 -9999.0 -21.887031 -119.823079 -213.608608 -296.921967 -359.638468 -395.790978 -411.918333 -423.165772 -432.608448 -445.764134 -454.049486 -453.870950 -377.414242 -244.381986 -126.447009 -1.437479 141.533185 87.527673 29.226559 -33.201926 -99.505690 -167.739624 -235.706379 -297.775602 -347.668380 -382.157100 -403.046702 -414.513015 -420.420963 -423.320947 -424.646823 -425.117300 -425.044359 -424.503902 -423.147257 -419.765543 -423.015513 -438.834251 -379.482734 -383.414156 -2606.796020 -4529.266400 -4529.680422 -4529.649826 -4529.622756 -4529.618887 -4529.618468 -4529.618428 -4529.618426 -4529.618427 -4529.618429 -4529.618431 -4529.618434 -4529.618451 -4529.618609 -4529.619968 -4529.630770 -4529.649947 -4528.982958 -2502.074346 -467.166476 -459.945672 -433.227454 -427.225127 -426.619950 -426.747860 -426.945346 -427.099876 -427.203877 -427.269749 -427.309714 -427.333914 -427.348701 -427.358112 -427.364671 -427.369990 -427.374612 -427.379689 -427.385456 -427.393044 -427.403688 -427.420044 -427.446296 -427.488333 -427.555002 -427.660420 -427.827748 -428.094787 -428.523737 -429.218675 -430.357350 -432.249402 -435.441107 -440.892199 -450.234449 -466.044435 -491.908492 -532.068049 -591.772727 -680.117405 -9999.0 -9999.0
-9999.0 -9999.0 -9999.0 -9999.0 -9999.0 -9999.0 -9999.0 -9999.0 -9999.0 -9999.0 -9999.0 -9999.0 -9999.0 -9999.0 -9999.0 -9999.0 -9999.0 -9999.0 -9999.0 -9999.0 -9999.0 -9999.0 -9999.0 -9999.0 -9999.0 -9999.0 -9999.0 -9999.0 -9999.0 -9999.0 -9999.0 -9999.0 -9999.0 -9999.0 -9999.0 -9999.0 -9999.0 -9999.0 -9999.0 -9999.0 -9999.0 -9999.0 -9999.0 -9999.0 -9999.0 -9999.0 -9999.0 -9999.0 -9999.0 -9999.0 -9999.0 -9999.0 -9999.0 -9999.0 -9999.0 -9999.0 -9999.0 -9999.0 -9999.0 -9999.0 -9999.0 -9999.0 -9999.0 -9999.0 -9999.0 -9999.0 -9999.0 -9999.0 -9999.0 -9999.0 -9999.0 -9999.0 -9999.0 -9999.0 -9999.0 -9999.0 -9999.0 -9999.0 -9999.0 -9999.0 -9999.0 -9999.0 -9999.0 -9999.0 -9999.0 -9999.0 -9999.0 -9999.0 -9999.0 -9999.0 -9999.0 -9999.0 -9999.0 -9999.0 -9999.0 -9999.0 -9999.0 -9999.0 -9999.0 -9999.0 -9999.0 -9999.0 -9999.0 -9999.0
-9999.0 -9999.0 -9999.0 -9999.0 -9999.0 -9999.0 -9999.0 -9999.0 -9999.0 -9999.0 -9999.0 -9999.0 -9999.0 -9999.0 -9999.0 -9999.0 -9999.0 -9999.0 -9999.0 -9999.0 -9999.0 -9999.0 -9999.0 -9999.0 -9999.0 -9999.0 -9999.0 -9999.0 -9999.0 -9999.0 -9999.0 -9999.0 -9999.0 -9999.0 -9999.0 -9999.0 -9999.0 -9999.0 -9999.0 -9999.0 -9999.0 -9999.0 -9999.0 -9999.0 -9999.0 -9999.0 -9999.0 -9999.0 -9999.0 -9999.0 -9999.0 -9999.0 -9999.0 -9999.0 -9999.0 -9999.0 -9999.0 -9999.0 -9999.0 -9999.0 -9999.0 -9999.0 -9999.0 -9999.0 -9999.0 -9999.0 -9999.0 -9999.0 -9999.0 -9999.0 -9999.0 -9999.0 -9999.0 -9999.0 -9999.0 -9999.0 -9999.0 -9999.0 -9999.0 -9999.0 -9999.0 -9999.0 -9999.0 -9999.0 -9999.0 -9999.0 -9999.0 -9999.0 -9999.0 -9999.0 -9999.0 -9999.0 -9999.0 -9999.0 -9999.0 -9999.0 -9999.0 -9999.0 -9999.0 -9999.0 -9999.0 -9999.0 -9999.0 -9999.0