inst/processing_geotop_simulation/geotop_simulation/out/maps3D/PwL0015N0189.asc
ncols         104
nrows         10
xllcorner     -2.000000
yllcorner     0.000000
cellsize      1.000000
NODATA_value  -9999.0
-9999.0 -9999.0 -9999.0 -9999.0 -9999.0 -9999.0 -9999.0 -9999.0 -9999.0 -9999.0 -9999.0 -9999.0 -9999.0 -9999.0 -9999.0 -9999.0 -9999.0 -9999.0 -9999.0 -9999.0 -9999.0 -9999.0 -9999.0 -9999.0 -9999.0 -9999.0 -9999.0 -9999.0 -9999.0 -9999.0 -9999.0 -9999.0 -9999.0 -9999.0 -9999.0 -9999.0 -9999.0 -9999.0 -9999.0 -9999.0 -9999.0 -9999.0 -9999.0 -9999.0 -9999.0 -9999.0 -9999.0 -9999.0 -9999.0 -9999.0 -9999.0 -9999.0 -9999.0 -9999.0 -9999.0 -9999.0 -9999.0 -9999.0 -9999.0 -9999.0 -9999.0 -9999.0 -9999.0 -9999.0 -9999.0 -9999.0 -9999.0 -9999.0 -9999.0 -9999.0 -9999.0 -9999.0 -9999.0 -9999.0 -9999.0 -9999.0 -9999.0 -9999.0 -9999.0 -9999.0 -9999.0 -9999.0 -9999.0 -9999.0 -9999.0 -9999.0 -9999.0 -9999.0 -9999.0 -9999.0 -9999.0 -9999.0 -9999.0 -9999.0 -9999.0 -9999.0 -9999.0 -9999.0 -9999.0 -9999.0 -9999.0 -9999.0 -9999.0 -9999.0
-9999.0 -9999.0 -9999.0 -9999.0 -9999.0 -9999.0 -9999.0 -9999.0 -9999.0 -9999.0 -9999.0 -9999.0 -9999.0 -9999.0 -9999.0 -9999.0 -9999.0 -9999.0 -9999.0 -9999.0 -9999.0 -9999.0 -9999.0 -9999.0 -9999.0 -9999.0 -9999.0 -9999.0 -9999.0 -9999.0 -9999.0 -9999.0 -9999.0 -9999.0 -9999.0 -9999.0 -9999.0 -9999.0 -9999.0 -9999.0 -9999.0 -9999.0 -9999.0 -9999.0 -9999.0 -9999.0 -9999.0 -9999.0 -9999.0 -9999.0 -9999.0 -9999.0 -9999.0 -9999.0 -9999.0 -9999.0 -9999.0 -9999.0 -9999.0 -9999.0 -9999.0 -9999.0 -9999.0 -9999.0 -9999.0 -9999.0 -9999.0 -9999.0 -9999.0 -9999.0 -9999.0 -9999.0 -9999.0 -9999.0 -9999.0 -9999.0 -9999.0 -9999.0 -9999.0 -9999.0 -9999.0 -9999.0 -9999.0 -9999.0 -9999.0 -9999.0 -9999.0 -9999.0 -9999.0 -9999.0 -9999.0 -9999.0 -9999.0 -9999.0 -9999.0 -9999.0 -9999.0 -9999.0 -9999.0 -9999.0 -9999.0 -9999.0 -9999.0 -9999.0
-9999.0 -9999.0 729.484003 634.367948 538.322477 441.579722 344.501357 247.275834 150.001104 52.727270 -44.507245 -141.685301 -238.762066 -335.626782 -432.077490 -527.811907 -622.348598 -716.324505 -810.534251 -903.811341 -995.786294 -1081.934352 -1155.752802 -1217.790662 -1267.402206 -1305.350121 -1333.303803 -1353.266337 -1367.163005 -1376.634948 -1382.980388 -1387.173029 -1389.914126 -1391.692756 -1392.841628 -1393.584871 -1394.079944 -1394.474844 -1395.122897 -1397.700199 -1410.150978 -1475.493958 -2032.643678 -4204.006896 -4232.671557 -4232.673016 -4232.672873 -4232.672850 -4232.672847 -4232.672848 -4232.672848 -4232.672849 -4232.672849 -4232.672850 -4232.672850 -4232.672851 -4232.672852 -4232.672864 -4232.672944 -4232.669886 -4185.711620 -1909.193018 -1441.156096 -1403.542621 -1396.493569 -1395.283256 -1395.098290 -1395.070718 -1395.067156 -1395.067476 -1395.068325 -1395.069096 -1395.069705 -1395.070170 -1395.070528 -1395.070807 -1395.071028 -1395.071207 -1395.071358 -1395.071492 -1395.071623 -1395.071769 -1395.071952 -1395.072204 -1395.072576 -1395.073147 -1395.074044 -1395.075479 -1395.077812 -1395.081675 -1395.088212 -1395.099574 -1395.119910 -1395.157421 -1395.228582 -1395.367187 -1395.645259 -1396.226762 -1397.516521 -1400.588411 -1408.549680 -1432.388061 -9999.0 -9999.0
-9999.0 -9999.0 729.488634 634.369499 538.322949 441.579870 344.501406 247.275851 150.001109 52.727272 -44.507244 -141.685301 -238.762065 -335.626782 -432.077490 -527.811907 -622.348598 -716.324505 -810.534251 -903.811341 -995.786294 -1081.934353 -1155.752802 -1217.790662 -1267.402206 -1305.350122 -1333.303803 -1353.266337 -1367.163005 -1376.634948 -1382.980388 -1387.173029 -1389.914126 -1391.692756 -1392.841628 -1393.584871 -1394.079944 -1394.474844 -1395.122897 -1397.700199 -1410.150978 -1475.493958 -2032.643678 -4204.006896 -4232.671557 -4232.673016 -4232.672873 -4232.672850 -4232.672847 -4232.672848 -4232.672848 -4232.672849 -4232.672849 -4232.672850 -4232.672850 -4232.672851 -4232.672852 -4232.672864 -4232.672944 -4232.669886 -4185.711620 -1909.193018 -1441.156096 -1403.542621 -1396.493569 -1395.283256 -1395.098290 -1395.070718 -1395.067156 -1395.067476 -1395.068325 -1395.069096 -1395.069705 -1395.070170 -1395.070528 -1395.070807 -1395.071028 -1395.071207 -1395.071358 -1395.071492 -1395.071623 -1395.071769 -1395.071952 -1395.072204 -1395.072576 -1395.073147 -1395.074044 -1395.075479 -1395.077812 -1395.081675 -1395.088212 -1395.099574 -1395.119910 -1395.157421 -1395.228582 -1395.367187 -1395.645259 -1396.226762 -1397.516521 -1400.588411 -1408.549680 -1432.388061 -9999.0 -9999.0
-9999.0 -9999.0 729.490093 634.370265 538.323264 441.579988 344.501449 247.275866 150.001115 52.727274 -44.507243 -141.685301 -238.762065 -335.626782 -432.077490 -527.811907 -622.348598 -716.324505 -810.534251 -903.811341 -995.786294 -1081.934353 -1155.752802 -1217.790662 -1267.402206 -1305.350122 -1333.303803 -1353.266338 -1367.163005 -1376.634948 -1382.980388 -1387.173029 -1389.914126 -1391.692756 -1392.841628 -1393.584871 -1394.079944 -1394.474844 -1395.122897 -1397.700199 -1410.150978 -1475.493958 -2032.643678 -4204.006896 -4232.671557 -4232.673016 -4232.672873 -4232.672850 -4232.672847 -4232.672848 -4232.672848 -4232.672849 -4232.672849 -4232.672850 -4232.672850 -4232.672851 -4232.672852 -4232.672864 -4232.672944 -4232.669886 -4185.711620 -1909.193018 -1441.156096 -1403.542621 -1396.493569 -1395.283256 -1395.098290 -1395.070718 -1395.067156 -1395.067476 -1395.068325 -1395.069096 -1395.069705 -1395.070170 -1395.070528 -1395.070807 -1395.071028 -1395.071207 -1395.071358 -1395.071492 -1395.071623 -1395.071769 -1395.071952 -1395.072204 -1395.072576 -1395.073147 -1395.074044 -1395.075479 -1395.077812 -1395.081675 -1395.088212 -1395.099574 -1395.119910 -1395.157421 -1395.228582 -1395.367187 -1395.645259 -1396.226762 -1397.516521 -1400.588411 -1408.549680 -1432.388061 -9999.0 -9999.0
-9999.0 -9999.0 729.490093 634.370265 538.323264 441.579988 344.501449 247.275866 150.001115 52.727274 -44.507243 -141.685301 -238.762065 -335.626782 -432.077490 -527.811907 -622.348598 -716.324505 -810.534251 -903.811341 -995.786294 -1081.934353 -1155.752802 -1217.790662 -1267.402206 -1305.350122 -1333.303803 -1353.266338 -1367.163005 -1376.634948 -1382.980388 -1387.173029 -1389.914126 -1391.692756 -1392.841628 -1393.584871 -1394.079944 -1394.474844 -1395.122897 -1397.700199 -1410.150978 -1475.493958 -2032.643678 -4204.006896 -4232.671557 -4232.673016 -4232.672873 -4232.672850 -4232.672847 -4232.672848 -4232.672848 -4232.672849 -4232.672849 -4232.672850 -4232.672850 -4232.672851 -4232.672852 -4232.672864 -4232.672944 -4232.669886 -4185.711620 -1909.193018 -1441.156096 -1403.542621 -1396.493569 -1395.283256 -1395.098290 -1395.070718 -1395.067156 -1395.067476 -1395.068325 -1395.069096 -1395.069705 -1395.070170 -1395.070528 -1395.070807 -1395.071028 -1395.071207 -1395.071358 -1395.071492 -1395.071623 -1395.071769 -1395.071952 -1395.072204 -1395.072576 -1395.073147 -1395.074044 -1395.075479 -1395.077812 -1395.081675 -1395.088212 -1395.099574 -1395.119910 -1395.157421 -1395.228582 -1395.367187 -1395.645259 -1396.226762 -1397.516521 -1400.588411 -1408.549680 -1432.388061 -9999.0 -9999.0
-9999.0 -9999.0 729.488634 634.369499 538.322949 441.579870 344.501406 247.275851 150.001109 52.727272 -44.507244 -141.685301 -238.762065 -335.626782 -432.077490 -527.811907 -622.348598 -716.324505 -810.534251 -903.811341 -995.786294 -1081.934353 -1155.752802 -1217.790662 -1267.402206 -1305.350122 -1333.303803 -1353.266337 -1367.163005 -1376.634948 -1382.980388 -1387.173029 -1389.914126 -1391.692756 -1392.841628 -1393.584871 -1394.079944 -1394.474844 -1395.122897 -1397.700199 -1410.150978 -1475.493958 -2032.643678 -4204.006896 -4232.671557 -4232.673016 -4232.672873 -4232.672850 -4232.672847 -4232.672848 -4232.672848 -4232.672849 -4232.672849 -4232.672850 -4232.672850 -4232.672851 -4232.672852 -4232.672864 -4232.672944 -4232.669886 -4185.711620 -1909.193018 -1441.156096 -1403.542621 -1396.493569 -1395.283256 -1395.098290 -1395.070718 -1395.067156 -1395.067476 -1395.068325 -1395.069096 -1395.069705 -1395.070170 -1395.070528 -1395.070807 -1395.071028 -1395.071207 -1395.071358 -1395.071492 -1395.071623 -1395.071769 -1395.071952 -1395.072204 -1395.072576 -1395.073147 -1395.074044 -1395.075479 -1395.077812 -1395.081675 -1395.088212 -1395.099574 -1395.119910 -1395.157421 -1395.228582 -1395.367187 -1395.645259 -1396.226762 -1397.516521 -1400.588411 -1408.549680 -1432.388061 -9999.0 -9999.0
-9999.0 -9999.0 729.484003 634.367948 538.322477 441.579722 344.501357 247.275834 150.001104 52.727270 -44.507245 -141.685301 -238.762066 -335.626782 -432.077490 -527.811907 -622.348598 -716.324505 -810.534251 -903.811341 -995.786294 -1081.934352 -1155.752802 -1217.790662 -1267.402206 -1305.350121 -1333.303803 -1353.266337 -1367.163005 -1376.634948 -1382.980388 -1387.173029 -1389.914126 -1391.692756 -1392.841628 -1393.584871 -1394.079944 -1394.474844 -1395.122897 -1397.700199 -1410.150978 -1475.493958 -2032.643678 -4204.006896 -4232.671557 -4232.673016 -4232.672873 -4232.672850 -4232.672847 -4232.672848 -4232.672848 -4232.672849 -4232.672849 -4232.672850 -4232.672850 -4232.672851 -4232.672852 -4232.672864 -4232.672944 -4232.669886 -4185.711620 -1909.193018 -1441.156096 -1403.542621 -1396.493569 -1395.283256 -1395.098290 -1395.070718 -1395.067156 -1395.067476 -1395.068325 -1395.069096 -1395.069705 -1395.070170 -1395.070528 -1395.070807 -1395.071028 -1395.071207 -1395.071358 -1395.071492 -1395.071623 -1395.071769 -1395.071952 -1395.072204 -1395.072576 -1395.073147 -1395.074044 -1395.075479 -1395.077812 -1395.081675 -1395.088212 -1395.099574 -1395.119910 -1395.157421 -1395.228582 -1395.367187 -1395.645259 -1396.226762 -1397.516521 -1400.588411 -1408.549680 -1432.388061 -9999.0 -9999.0
-9999.0 -9999.0 -9999.0 -9999.0 -9999.0 -9999.0 -9999.0 -9999.0 -9999.0 -9999.0 -9999.0 -9999.0 -9999.0 -9999.0 -9999.0 -9999.0 -9999.0 -9999.0 -9999.0 -9999.0 -9999.0 -9999.0 -9999.0 -9999.0 -9999.0 -9999.0 -9999.0 -9999.0 -9999.0 -9999.0 -9999.0 -9999.0 -9999.0 -9999.0 -9999.0 -9999.0 -9999.0 -9999.0 -9999.0 -9999.0 -9999.0 -9999.0 -9999.0 -9999.0 -9999.0 -9999.0 -9999.0 -9999.0 -9999.0 -9999.0 -9999.0 -9999.0 -9999.0 -9999.0 -9999.0 -9999.0 -9999.0 -9999.0 -9999.0 -9999.0 -9999.0 -9999.0 -9999.0 -9999.0 -9999.0 -9999.0 -9999.0 -9999.0 -9999.0 -9999.0 -9999.0 -9999.0 -9999.0 -9999.0 -9999.0 -9999.0 -9999.0 -9999.0 -9999.0 -9999.0 -9999.0 -9999.0 -9999.0 -9999.0 -9999.0 -9999.0 -9999.0 -9999.0 -9999.0 -9999.0 -9999.0 -9999.0 -9999.0 -9999.0 -9999.0 -9999.0 -9999.0 -9999.0 -9999.0 -9999.0 -9999.0 -9999.0 -9999.0 -9999.0
-9999.0 -9999.0 -9999.0 -9999.0 -9999.0 -9999.0 -9999.0 -9999.0 -9999.0 -9999.0 -9999.0 -9999.0 -9999.0 -9999.0 -9999.0 -9999.0 -9999.0 -9999.0 -9999.0 -9999.0 -9999.0 -9999.0 -9999.0 -9999.0 -9999.0 -9999.0 -9999.0 -9999.0 -9999.0 -9999.0 -9999.0 -9999.0 -9999.0 -9999.0 -9999.0 -9999.0 -9999.0 -9999.0 -9999.0 -9999.0 -9999.0 -9999.0 -9999.0 -9999.0 -9999.0 -9999.0 -9999.0 -9999.0 -9999.0 -9999.0 -9999.0 -9999.0 -9999.0 -9999.0 -9999.0 -9999.0 -9999.0 -9999.0 -9999.0 -9999.0 -9999.0 -9999.0 -9999.0 -9999.0 -9999.0 -9999.0 -9999.0 -9999.0 -9999.0 -9999.0 -9999.0 -9999.0 -9999.0 -9999.0 -9999.0 -9999.0 -9999.0 -9999.0 -9999.0 -9999.0 -9999.0 -9999.0 -9999.0 -9999.0 -9999.0 -9999.0 -9999.0 -9999.0 -9999.0 -9999.0 -9999.0 -9999.0 -9999.0 -9999.0 -9999.0 -9999.0 -9999.0 -9999.0 -9999.0 -9999.0 -9999.0 -9999.0 -9999.0 -9999.0