inst/processing_geotop_simulation/geotop_simulation/out/maps3D/PwL0017N0373.asc
ncols         104
nrows         10
xllcorner     -2.000000
yllcorner     0.000000
cellsize      1.000000
NODATA_value  -9999.0
-9999.0 -9999.0 -9999.0 -9999.0 -9999.0 -9999.0 -9999.0 -9999.0 -9999.0 -9999.0 -9999.0 -9999.0 -9999.0 -9999.0 -9999.0 -9999.0 -9999.0 -9999.0 -9999.0 -9999.0 -9999.0 -9999.0 -9999.0 -9999.0 -9999.0 -9999.0 -9999.0 -9999.0 -9999.0 -9999.0 -9999.0 -9999.0 -9999.0 -9999.0 -9999.0 -9999.0 -9999.0 -9999.0 -9999.0 -9999.0 -9999.0 -9999.0 -9999.0 -9999.0 -9999.0 -9999.0 -9999.0 -9999.0 -9999.0 -9999.0 -9999.0 -9999.0 -9999.0 -9999.0 -9999.0 -9999.0 -9999.0 -9999.0 -9999.0 -9999.0 -9999.0 -9999.0 -9999.0 -9999.0 -9999.0 -9999.0 -9999.0 -9999.0 -9999.0 -9999.0 -9999.0 -9999.0 -9999.0 -9999.0 -9999.0 -9999.0 -9999.0 -9999.0 -9999.0 -9999.0 -9999.0 -9999.0 -9999.0 -9999.0 -9999.0 -9999.0 -9999.0 -9999.0 -9999.0 -9999.0 -9999.0 -9999.0 -9999.0 -9999.0 -9999.0 -9999.0 -9999.0 -9999.0 -9999.0 -9999.0 -9999.0 -9999.0 -9999.0 -9999.0
-9999.0 -9999.0 -9999.0 -9999.0 -9999.0 -9999.0 -9999.0 -9999.0 -9999.0 -9999.0 -9999.0 -9999.0 -9999.0 -9999.0 -9999.0 -9999.0 -9999.0 -9999.0 -9999.0 -9999.0 -9999.0 -9999.0 -9999.0 -9999.0 -9999.0 -9999.0 -9999.0 -9999.0 -9999.0 -9999.0 -9999.0 -9999.0 -9999.0 -9999.0 -9999.0 -9999.0 -9999.0 -9999.0 -9999.0 -9999.0 -9999.0 -9999.0 -9999.0 -9999.0 -9999.0 -9999.0 -9999.0 -9999.0 -9999.0 -9999.0 -9999.0 -9999.0 -9999.0 -9999.0 -9999.0 -9999.0 -9999.0 -9999.0 -9999.0 -9999.0 -9999.0 -9999.0 -9999.0 -9999.0 -9999.0 -9999.0 -9999.0 -9999.0 -9999.0 -9999.0 -9999.0 -9999.0 -9999.0 -9999.0 -9999.0 -9999.0 -9999.0 -9999.0 -9999.0 -9999.0 -9999.0 -9999.0 -9999.0 -9999.0 -9999.0 -9999.0 -9999.0 -9999.0 -9999.0 -9999.0 -9999.0 -9999.0 -9999.0 -9999.0 -9999.0 -9999.0 -9999.0 -9999.0 -9999.0 -9999.0 -9999.0 -9999.0 -9999.0 -9999.0
-9999.0 -9999.0 820.329945 721.593599 622.675931 523.585340 424.407462 325.191525 225.963402 126.736926 27.520210 -71.678804 -170.858930 -270.009864 -369.107360 -468.109897 -566.940211 -665.465375 -763.800543 -862.117265 -960.106759 -1057.595275 -1152.589730 -1241.848091 -1324.162728 -1397.462468 -1460.314720 -1512.197140 -1553.508757 -1585.355736 -1609.233231 -1626.727607 -1639.309057 -1648.225198 -1654.472638 -1658.817017 -1661.844997 -1664.073295 -1666.256851 -1670.209921 -1679.862157 -1701.967984 -1966.937747 -4062.370190 -4133.653000 -4133.662255 -4133.661492 -4133.659927 -4133.653431 -4133.633448 -4133.581552 -4133.440209 -4133.216961 -4132.936562 -4132.482965 -4131.628707 -4129.826001 -4125.694637 -4115.687175 -4090.595514 -3882.884502 -1744.389792 -1659.647880 -1671.494047 -1669.745287 -1668.674884 -1668.402299 -1668.349437 -1668.340763 -1668.339862 -1668.340201 -1668.340662 -1668.341064 -1668.341393 -1668.341664 -1668.341891 -1668.342087 -1668.342261 -1668.342421 -1668.342574 -1668.342730 -1668.342897 -1668.343091 -1668.343332 -1668.343653 -1668.344102 -1668.344763 -1668.345774 -1668.347372 -1668.349984 -1668.354394 -1668.362099 -1668.376036 -1668.402104 -1668.452512 -1668.553559 -1668.765266 -1669.234350 -1670.345356 -1673.188156 -1681.195841 -1706.738886 -9999.0 -9999.0
-9999.0 -9999.0 820.333363 721.594814 622.676313 523.585463 424.407503 325.191540 225.963407 126.736928 27.520211 -71.678803 -170.858930 -270.009864 -369.107360 -468.109897 -566.940212 -665.465376 -763.800543 -862.117265 -960.106760 -1057.595275 -1152.589730 -1241.848091 -1324.162729 -1397.462468 -1460.314720 -1512.197140 -1553.508757 -1585.355736 -1609.233231 -1626.727607 -1639.309057 -1648.225198 -1654.472638 -1658.817017 -1661.844997 -1664.073295 -1666.256851 -1670.209921 -1679.862157 -1701.967984 -1966.937746 -4062.370190 -4133.653000 -4133.662255 -4133.661492 -4133.659927 -4133.653431 -4133.633448 -4133.581552 -4133.440209 -4133.216961 -4132.936562 -4132.482965 -4131.628707 -4129.826001 -4125.694637 -4115.687175 -4090.595514 -3882.884503 -1744.389792 -1659.647880 -1671.494047 -1669.745287 -1668.674884 -1668.402299 -1668.349437 -1668.340763 -1668.339862 -1668.340201 -1668.340662 -1668.341064 -1668.341393 -1668.341664 -1668.341891 -1668.342087 -1668.342261 -1668.342421 -1668.342574 -1668.342730 -1668.342897 -1668.343091 -1668.343332 -1668.343653 -1668.344102 -1668.344763 -1668.345774 -1668.347372 -1668.349984 -1668.354394 -1668.362099 -1668.376036 -1668.402104 -1668.452512 -1668.553559 -1668.765266 -1669.234350 -1670.345356 -1673.188156 -1681.195841 -1706.738886 -9999.0 -9999.0
-9999.0 -9999.0 820.334544 721.595439 622.676573 523.585561 424.407540 325.191553 225.963412 126.736930 27.520211 -71.678803 -170.858930 -270.009864 -369.107360 -468.109897 -566.940212 -665.465376 -763.800543 -862.117265 -960.106760 -1057.595275 -1152.589730 -1241.848092 -1324.162729 -1397.462468 -1460.314720 -1512.197140 -1553.508757 -1585.355736 -1609.233231 -1626.727607 -1639.309057 -1648.225198 -1654.472638 -1658.817017 -1661.844997 -1664.073295 -1666.256851 -1670.209921 -1679.862157 -1701.967984 -1966.937746 -4062.370190 -4133.653000 -4133.662255 -4133.661492 -4133.659927 -4133.653431 -4133.633448 -4133.581552 -4133.440209 -4133.216961 -4132.936562 -4132.482965 -4131.628707 -4129.826001 -4125.694637 -4115.687175 -4090.595514 -3882.884502 -1744.389792 -1659.647880 -1671.494047 -1669.745287 -1668.674884 -1668.402299 -1668.349437 -1668.340763 -1668.339862 -1668.340201 -1668.340662 -1668.341064 -1668.341393 -1668.341664 -1668.341891 -1668.342087 -1668.342261 -1668.342421 -1668.342574 -1668.342730 -1668.342897 -1668.343091 -1668.343332 -1668.343653 -1668.344102 -1668.344763 -1668.345774 -1668.347372 -1668.349984 -1668.354394 -1668.362099 -1668.376036 -1668.402104 -1668.452512 -1668.553559 -1668.765266 -1669.234350 -1670.345356 -1673.188156 -1681.195841 -1706.738886 -9999.0 -9999.0
-9999.0 -9999.0 820.334543 721.595439 622.676573 523.585561 424.407539 325.191553 225.963412 126.736930 27.520211 -71.678803 -170.858930 -270.009864 -369.107360 -468.109897 -566.940212 -665.465376 -763.800543 -862.117265 -960.106760 -1057.595276 -1152.589730 -1241.848092 -1324.162729 -1397.462468 -1460.314720 -1512.197140 -1553.508757 -1585.355736 -1609.233231 -1626.727607 -1639.309057 -1648.225198 -1654.472638 -1658.817017 -1661.844997 -1664.073295 -1666.256851 -1670.209921 -1679.862157 -1701.967984 -1966.937746 -4062.370190 -4133.653000 -4133.662255 -4133.661492 -4133.659927 -4133.653431 -4133.633448 -4133.581552 -4133.440209 -4133.216961 -4132.936562 -4132.482965 -4131.628707 -4129.826001 -4125.694637 -4115.687175 -4090.595514 -3882.884502 -1744.389792 -1659.647880 -1671.494047 -1669.745287 -1668.674884 -1668.402299 -1668.349437 -1668.340763 -1668.339862 -1668.340201 -1668.340662 -1668.341064 -1668.341393 -1668.341664 -1668.341891 -1668.342087 -1668.342261 -1668.342421 -1668.342574 -1668.342730 -1668.342897 -1668.343091 -1668.343332 -1668.343653 -1668.344102 -1668.344763 -1668.345774 -1668.347372 -1668.349984 -1668.354394 -1668.362099 -1668.376036 -1668.402104 -1668.452512 -1668.553559 -1668.765266 -1669.234350 -1670.345356 -1673.188156 -1681.195841 -1706.738886 -9999.0 -9999.0
-9999.0 -9999.0 820.333363 721.594814 622.676313 523.585463 424.407503 325.191540 225.963407 126.736928 27.520211 -71.678803 -170.858930 -270.009864 -369.107360 -468.109897 -566.940212 -665.465376 -763.800543 -862.117265 -960.106760 -1057.595275 -1152.589730 -1241.848091 -1324.162729 -1397.462468 -1460.314720 -1512.197140 -1553.508757 -1585.355736 -1609.233231 -1626.727607 -1639.309057 -1648.225198 -1654.472638 -1658.817017 -1661.844997 -1664.073295 -1666.256851 -1670.209921 -1679.862157 -1701.967984 -1966.937746 -4062.370190 -4133.653000 -4133.662255 -4133.661492 -4133.659927 -4133.653431 -4133.633448 -4133.581552 -4133.440209 -4133.216961 -4132.936562 -4132.482965 -4131.628707 -4129.826001 -4125.694637 -4115.687175 -4090.595514 -3882.884503 -1744.389792 -1659.647880 -1671.494047 -1669.745287 -1668.674884 -1668.402299 -1668.349437 -1668.340763 -1668.339862 -1668.340201 -1668.340662 -1668.341064 -1668.341393 -1668.341664 -1668.341891 -1668.342087 -1668.342261 -1668.342421 -1668.342574 -1668.342730 -1668.342897 -1668.343091 -1668.343332 -1668.343653 -1668.344102 -1668.344763 -1668.345774 -1668.347372 -1668.349984 -1668.354394 -1668.362099 -1668.376036 -1668.402104 -1668.452512 -1668.553559 -1668.765266 -1669.234350 -1670.345356 -1673.188156 -1681.195841 -1706.738886 -9999.0 -9999.0
-9999.0 -9999.0 820.329945 721.593599 622.675931 523.585341 424.407462 325.191525 225.963402 126.736926 27.520210 -71.678804 -170.858930 -270.009865 -369.107360 -468.109897 -566.940211 -665.465375 -763.800543 -862.117265 -960.106759 -1057.595275 -1152.589730 -1241.848091 -1324.162728 -1397.462468 -1460.314720 -1512.197140 -1553.508757 -1585.355736 -1609.233231 -1626.727607 -1639.309057 -1648.225198 -1654.472638 -1658.817017 -1661.844997 -1664.073295 -1666.256851 -1670.209921 -1679.862157 -1701.967984 -1966.937747 -4062.370190 -4133.653000 -4133.662255 -4133.661492 -4133.659927 -4133.653431 -4133.633448 -4133.581552 -4133.440209 -4133.216961 -4132.936562 -4132.482965 -4131.628707 -4129.826001 -4125.694637 -4115.687175 -4090.595514 -3882.884503 -1744.389792 -1659.647880 -1671.494047 -1669.745287 -1668.674884 -1668.402299 -1668.349437 -1668.340763 -1668.339862 -1668.340201 -1668.340662 -1668.341064 -1668.341393 -1668.341664 -1668.341891 -1668.342087 -1668.342261 -1668.342421 -1668.342574 -1668.342730 -1668.342897 -1668.343091 -1668.343332 -1668.343653 -1668.344102 -1668.344763 -1668.345774 -1668.347372 -1668.349984 -1668.354394 -1668.362099 -1668.376036 -1668.402104 -1668.452512 -1668.553559 -1668.765266 -1669.234350 -1670.345356 -1673.188156 -1681.195841 -1706.738886 -9999.0 -9999.0
-9999.0 -9999.0 -9999.0 -9999.0 -9999.0 -9999.0 -9999.0 -9999.0 -9999.0 -9999.0 -9999.0 -9999.0 -9999.0 -9999.0 -9999.0 -9999.0 -9999.0 -9999.0 -9999.0 -9999.0 -9999.0 -9999.0 -9999.0 -9999.0 -9999.0 -9999.0 -9999.0 -9999.0 -9999.0 -9999.0 -9999.0 -9999.0 -9999.0 -9999.0 -9999.0 -9999.0 -9999.0 -9999.0 -9999.0 -9999.0 -9999.0 -9999.0 -9999.0 -9999.0 -9999.0 -9999.0 -9999.0 -9999.0 -9999.0 -9999.0 -9999.0 -9999.0 -9999.0 -9999.0 -9999.0 -9999.0 -9999.0 -9999.0 -9999.0 -9999.0 -9999.0 -9999.0 -9999.0 -9999.0 -9999.0 -9999.0 -9999.0 -9999.0 -9999.0 -9999.0 -9999.0 -9999.0 -9999.0 -9999.0 -9999.0 -9999.0 -9999.0 -9999.0 -9999.0 -9999.0 -9999.0 -9999.0 -9999.0 -9999.0 -9999.0 -9999.0 -9999.0 -9999.0 -9999.0 -9999.0 -9999.0 -9999.0 -9999.0 -9999.0 -9999.0 -9999.0 -9999.0 -9999.0 -9999.0 -9999.0 -9999.0 -9999.0 -9999.0 -9999.0
-9999.0 -9999.0 -9999.0 -9999.0 -9999.0 -9999.0 -9999.0 -9999.0 -9999.0 -9999.0 -9999.0 -9999.0 -9999.0 -9999.0 -9999.0 -9999.0 -9999.0 -9999.0 -9999.0 -9999.0 -9999.0 -9999.0 -9999.0 -9999.0 -9999.0 -9999.0 -9999.0 -9999.0 -9999.0 -9999.0 -9999.0 -9999.0 -9999.0 -9999.0 -9999.0 -9999.0 -9999.0 -9999.0 -9999.0 -9999.0 -9999.0 -9999.0 -9999.0 -9999.0 -9999.0 -9999.0 -9999.0 -9999.0 -9999.0 -9999.0 -9999.0 -9999.0 -9999.0 -9999.0 -9999.0 -9999.0 -9999.0 -9999.0 -9999.0 -9999.0 -9999.0 -9999.0 -9999.0 -9999.0 -9999.0 -9999.0 -9999.0 -9999.0 -9999.0 -9999.0 -9999.0 -9999.0 -9999.0 -9999.0 -9999.0 -9999.0 -9999.0 -9999.0 -9999.0 -9999.0 -9999.0 -9999.0 -9999.0 -9999.0 -9999.0 -9999.0 -9999.0 -9999.0 -9999.0 -9999.0 -9999.0 -9999.0 -9999.0 -9999.0 -9999.0 -9999.0 -9999.0 -9999.0 -9999.0 -9999.0 -9999.0 -9999.0 -9999.0 -9999.0