inst/processing_geotop_simulation/geotop_simulation/out/maps3D/PwL0012N0281.asc
ncols         104
nrows         10
xllcorner     -2.000000
yllcorner     0.000000
cellsize      1.000000
NODATA_value  -9999.0
-9999.0 -9999.0 -9999.0 -9999.0 -9999.0 -9999.0 -9999.0 -9999.0 -9999.0 -9999.0 -9999.0 -9999.0 -9999.0 -9999.0 -9999.0 -9999.0 -9999.0 -9999.0 -9999.0 -9999.0 -9999.0 -9999.0 -9999.0 -9999.0 -9999.0 -9999.0 -9999.0 -9999.0 -9999.0 -9999.0 -9999.0 -9999.0 -9999.0 -9999.0 -9999.0 -9999.0 -9999.0 -9999.0 -9999.0 -9999.0 -9999.0 -9999.0 -9999.0 -9999.0 -9999.0 -9999.0 -9999.0 -9999.0 -9999.0 -9999.0 -9999.0 -9999.0 -9999.0 -9999.0 -9999.0 -9999.0 -9999.0 -9999.0 -9999.0 -9999.0 -9999.0 -9999.0 -9999.0 -9999.0 -9999.0 -9999.0 -9999.0 -9999.0 -9999.0 -9999.0 -9999.0 -9999.0 -9999.0 -9999.0 -9999.0 -9999.0 -9999.0 -9999.0 -9999.0 -9999.0 -9999.0 -9999.0 -9999.0 -9999.0 -9999.0 -9999.0 -9999.0 -9999.0 -9999.0 -9999.0 -9999.0 -9999.0 -9999.0 -9999.0 -9999.0 -9999.0 -9999.0 -9999.0 -9999.0 -9999.0 -9999.0 -9999.0 -9999.0 -9999.0
-9999.0 -9999.0 -9999.0 -9999.0 -9999.0 -9999.0 -9999.0 -9999.0 -9999.0 -9999.0 -9999.0 -9999.0 -9999.0 -9999.0 -9999.0 -9999.0 -9999.0 -9999.0 -9999.0 -9999.0 -9999.0 -9999.0 -9999.0 -9999.0 -9999.0 -9999.0 -9999.0 -9999.0 -9999.0 -9999.0 -9999.0 -9999.0 -9999.0 -9999.0 -9999.0 -9999.0 -9999.0 -9999.0 -9999.0 -9999.0 -9999.0 -9999.0 -9999.0 -9999.0 -9999.0 -9999.0 -9999.0 -9999.0 -9999.0 -9999.0 -9999.0 -9999.0 -9999.0 -9999.0 -9999.0 -9999.0 -9999.0 -9999.0 -9999.0 -9999.0 -9999.0 -9999.0 -9999.0 -9999.0 -9999.0 -9999.0 -9999.0 -9999.0 -9999.0 -9999.0 -9999.0 -9999.0 -9999.0 -9999.0 -9999.0 -9999.0 -9999.0 -9999.0 -9999.0 -9999.0 -9999.0 -9999.0 -9999.0 -9999.0 -9999.0 -9999.0 -9999.0 -9999.0 -9999.0 -9999.0 -9999.0 -9999.0 -9999.0 -9999.0 -9999.0 -9999.0 -9999.0 -9999.0 -9999.0 -9999.0 -9999.0 -9999.0 -9999.0 -9999.0
-9999.0 -9999.0 574.302893 476.978340 378.939731 280.504202 181.892569 83.206510 -15.501641 -114.203397 -212.885205 -311.516459 -410.039135 -508.326581 -606.183292 -703.380317 -800.860885 -898.015582 -994.811897 -1091.205502 -1182.915399 -1269.232574 -1347.259257 -1414.607790 -1470.122015 -1513.996186 -1547.438235 -1572.173600 -1590.024424 -1602.651280 -1611.439269 -1617.476715 -1621.582579 -1624.353377 -1626.213269 -1627.460605 -1628.313369 -1628.983553 -1629.931527 -1632.797533 -1642.369903 -1663.685309 -1610.132250 -2558.441202 -2319.413208 -2183.501441 -2125.031842 -2117.577264 -2116.826068 -2116.904543 -2117.100620 -2117.310689 -2117.512368 -2117.699016 -2117.871666 -2118.067484 -2118.654035 -2122.818421 -2152.421418 -2222.100846 -2315.550367 -1466.452773 -1628.740336 -1634.943634 -1631.431277 -1630.310234 -1630.088967 -1630.052201 -1630.046882 -1630.046672 -1630.047216 -1630.047769 -1630.048218 -1630.048565 -1630.048834 -1630.049045 -1630.049215 -1630.049354 -1630.049472 -1630.049579 -1630.049685 -1630.049802 -1630.049948 -1630.050148 -1630.050441 -1630.050886 -1630.051583 -1630.052696 -1630.054506 -1630.057513 -1630.062626 -1630.071566 -1630.087678 -1630.117600 -1630.174793 -1630.287308 -1630.516416 -1631.005441 -1632.116775 -1634.846842 -1642.292404 -1666.082624 -9999.0 -9999.0
-9999.0 -9999.0 574.308217 476.979941 378.940192 280.504344 181.892615 83.206526 -15.501635 -114.203395 -212.885204 -311.516459 -410.039134 -508.326581 -606.183292 -703.380317 -800.860885 -898.015582 -994.811897 -1091.205502 -1182.915399 -1269.232574 -1347.259257 -1414.607790 -1470.122015 -1513.996187 -1547.438235 -1572.173600 -1590.024424 -1602.651280 -1611.439269 -1617.476715 -1621.582579 -1624.353377 -1626.213269 -1627.460605 -1628.313369 -1628.983553 -1629.931527 -1632.797533 -1642.369903 -1663.685309 -1610.132250 -2558.441200 -2319.413206 -2183.501437 -2125.031842 -2117.577264 -2116.826068 -2116.904543 -2117.100620 -2117.310689 -2117.512368 -2117.699016 -2117.871666 -2118.067484 -2118.654035 -2122.818421 -2152.421418 -2222.100846 -2315.550367 -1466.452773 -1628.740336 -1634.943634 -1631.431277 -1630.310234 -1630.088967 -1630.052201 -1630.046882 -1630.046672 -1630.047216 -1630.047769 -1630.048218 -1630.048565 -1630.048834 -1630.049045 -1630.049215 -1630.049354 -1630.049472 -1630.049579 -1630.049685 -1630.049802 -1630.049948 -1630.050148 -1630.050441 -1630.050886 -1630.051583 -1630.052696 -1630.054506 -1630.057513 -1630.062626 -1630.071566 -1630.087678 -1630.117600 -1630.174793 -1630.287308 -1630.516416 -1631.005441 -1632.116775 -1634.846842 -1642.292404 -1666.082624 -9999.0 -9999.0
-9999.0 -9999.0 574.309647 476.980689 378.940495 280.504456 181.892655 83.206541 -15.501630 -114.203392 -212.885203 -311.516458 -410.039134 -508.326581 -606.183292 -703.380317 -800.860885 -898.015582 -994.811898 -1091.205502 -1182.915399 -1269.232574 -1347.259257 -1414.607790 -1470.122015 -1513.996187 -1547.438235 -1572.173600 -1590.024424 -1602.651280 -1611.439269 -1617.476715 -1621.582579 -1624.353377 -1626.213269 -1627.460605 -1628.313369 -1628.983553 -1629.931527 -1632.797533 -1642.369903 -1663.685309 -1610.132250 -2558.441200 -2319.413205 -2183.501436 -2125.031842 -2117.577264 -2116.826068 -2116.904543 -2117.100620 -2117.310689 -2117.512368 -2117.699016 -2117.871666 -2118.067484 -2118.654035 -2122.818421 -2152.421418 -2222.100846 -2315.550367 -1466.452773 -1628.740336 -1634.943634 -1631.431277 -1630.310234 -1630.088967 -1630.052201 -1630.046882 -1630.046672 -1630.047216 -1630.047769 -1630.048218 -1630.048565 -1630.048834 -1630.049045 -1630.049215 -1630.049354 -1630.049472 -1630.049579 -1630.049685 -1630.049802 -1630.049948 -1630.050148 -1630.050441 -1630.050886 -1630.051583 -1630.052696 -1630.054506 -1630.057513 -1630.062626 -1630.071566 -1630.087678 -1630.117600 -1630.174793 -1630.287308 -1630.516416 -1631.005441 -1632.116775 -1634.846842 -1642.292404 -1666.082624 -9999.0 -9999.0
-9999.0 -9999.0 574.309647 476.980688 378.940495 280.504456 181.892656 83.206541 -15.501630 -114.203393 -212.885203 -311.516459 -410.039134 -508.326581 -606.183292 -703.380317 -800.860885 -898.015582 -994.811898 -1091.205502 -1182.915399 -1269.232574 -1347.259257 -1414.607790 -1470.122015 -1513.996187 -1547.438235 -1572.173600 -1590.024424 -1602.651280 -1611.439269 -1617.476715 -1621.582579 -1624.353377 -1626.213269 -1627.460605 -1628.313369 -1628.983553 -1629.931527 -1632.797533 -1642.369903 -1663.685309 -1610.132250 -2558.441200 -2319.413205 -2183.501436 -2125.031842 -2117.577264 -2116.826068 -2116.904543 -2117.100620 -2117.310689 -2117.512368 -2117.699016 -2117.871666 -2118.067484 -2118.654035 -2122.818421 -2152.421418 -2222.100846 -2315.550367 -1466.452773 -1628.740336 -1634.943634 -1631.431277 -1630.310234 -1630.088967 -1630.052201 -1630.046882 -1630.046672 -1630.047216 -1630.047769 -1630.048218 -1630.048565 -1630.048834 -1630.049045 -1630.049215 -1630.049354 -1630.049472 -1630.049579 -1630.049685 -1630.049802 -1630.049948 -1630.050148 -1630.050441 -1630.050886 -1630.051583 -1630.052696 -1630.054506 -1630.057513 -1630.062626 -1630.071566 -1630.087678 -1630.117600 -1630.174793 -1630.287308 -1630.516416 -1631.005441 -1632.116775 -1634.846842 -1642.292404 -1666.082624 -9999.0 -9999.0
-9999.0 -9999.0 574.308217 476.979941 378.940192 280.504344 181.892615 83.206526 -15.501636 -114.203394 -212.885204 -311.516459 -410.039134 -508.326581 -606.183292 -703.380317 -800.860885 -898.015582 -994.811897 -1091.205502 -1182.915399 -1269.232574 -1347.259257 -1414.607790 -1470.122015 -1513.996187 -1547.438235 -1572.173600 -1590.024424 -1602.651280 -1611.439269 -1617.476715 -1621.582579 -1624.353377 -1626.213269 -1627.460605 -1628.313369 -1628.983553 -1629.931527 -1632.797533 -1642.369903 -1663.685309 -1610.132250 -2558.441200 -2319.413206 -2183.501437 -2125.031842 -2117.577264 -2116.826068 -2116.904543 -2117.100620 -2117.310689 -2117.512368 -2117.699016 -2117.871666 -2118.067484 -2118.654035 -2122.818421 -2152.421418 -2222.100846 -2315.550367 -1466.452773 -1628.740336 -1634.943634 -1631.431277 -1630.310234 -1630.088967 -1630.052201 -1630.046882 -1630.046672 -1630.047216 -1630.047769 -1630.048218 -1630.048565 -1630.048834 -1630.049045 -1630.049215 -1630.049354 -1630.049472 -1630.049579 -1630.049685 -1630.049802 -1630.049948 -1630.050148 -1630.050441 -1630.050886 -1630.051583 -1630.052696 -1630.054506 -1630.057513 -1630.062626 -1630.071566 -1630.087678 -1630.117600 -1630.174793 -1630.287308 -1630.516416 -1631.005441 -1632.116775 -1634.846842 -1642.292404 -1666.082624 -9999.0 -9999.0
-9999.0 -9999.0 574.302893 476.978339 378.939731 280.504202 181.892569 83.206510 -15.501641 -114.203397 -212.885205 -311.516459 -410.039135 -508.326581 -606.183292 -703.380317 -800.860885 -898.015582 -994.811897 -1091.205502 -1182.915399 -1269.232574 -1347.259257 -1414.607790 -1470.122015 -1513.996186 -1547.438235 -1572.173600 -1590.024424 -1602.651280 -1611.439269 -1617.476715 -1621.582579 -1624.353377 -1626.213269 -1627.460605 -1628.313369 -1628.983553 -1629.931527 -1632.797533 -1642.369903 -1663.685309 -1610.132250 -2558.441202 -2319.413208 -2183.501441 -2125.031842 -2117.577264 -2116.826068 -2116.904543 -2117.100620 -2117.310689 -2117.512368 -2117.699016 -2117.871666 -2118.067484 -2118.654035 -2122.818421 -2152.421418 -2222.100846 -2315.550367 -1466.452773 -1628.740336 -1634.943634 -1631.431277 -1630.310234 -1630.088967 -1630.052201 -1630.046882 -1630.046672 -1630.047216 -1630.047769 -1630.048218 -1630.048565 -1630.048834 -1630.049045 -1630.049215 -1630.049354 -1630.049472 -1630.049579 -1630.049685 -1630.049802 -1630.049948 -1630.050148 -1630.050441 -1630.050886 -1630.051583 -1630.052696 -1630.054506 -1630.057513 -1630.062626 -1630.071566 -1630.087678 -1630.117600 -1630.174793 -1630.287308 -1630.516416 -1631.005441 -1632.116775 -1634.846842 -1642.292404 -1666.082624 -9999.0 -9999.0
-9999.0 -9999.0 -9999.0 -9999.0 -9999.0 -9999.0 -9999.0 -9999.0 -9999.0 -9999.0 -9999.0 -9999.0 -9999.0 -9999.0 -9999.0 -9999.0 -9999.0 -9999.0 -9999.0 -9999.0 -9999.0 -9999.0 -9999.0 -9999.0 -9999.0 -9999.0 -9999.0 -9999.0 -9999.0 -9999.0 -9999.0 -9999.0 -9999.0 -9999.0 -9999.0 -9999.0 -9999.0 -9999.0 -9999.0 -9999.0 -9999.0 -9999.0 -9999.0 -9999.0 -9999.0 -9999.0 -9999.0 -9999.0 -9999.0 -9999.0 -9999.0 -9999.0 -9999.0 -9999.0 -9999.0 -9999.0 -9999.0 -9999.0 -9999.0 -9999.0 -9999.0 -9999.0 -9999.0 -9999.0 -9999.0 -9999.0 -9999.0 -9999.0 -9999.0 -9999.0 -9999.0 -9999.0 -9999.0 -9999.0 -9999.0 -9999.0 -9999.0 -9999.0 -9999.0 -9999.0 -9999.0 -9999.0 -9999.0 -9999.0 -9999.0 -9999.0 -9999.0 -9999.0 -9999.0 -9999.0 -9999.0 -9999.0 -9999.0 -9999.0 -9999.0 -9999.0 -9999.0 -9999.0 -9999.0 -9999.0 -9999.0 -9999.0 -9999.0 -9999.0
-9999.0 -9999.0 -9999.0 -9999.0 -9999.0 -9999.0 -9999.0 -9999.0 -9999.0 -9999.0 -9999.0 -9999.0 -9999.0 -9999.0 -9999.0 -9999.0 -9999.0 -9999.0 -9999.0 -9999.0 -9999.0 -9999.0 -9999.0 -9999.0 -9999.0 -9999.0 -9999.0 -9999.0 -9999.0 -9999.0 -9999.0 -9999.0 -9999.0 -9999.0 -9999.0 -9999.0 -9999.0 -9999.0 -9999.0 -9999.0 -9999.0 -9999.0 -9999.0 -9999.0 -9999.0 -9999.0 -9999.0 -9999.0 -9999.0 -9999.0 -9999.0 -9999.0 -9999.0 -9999.0 -9999.0 -9999.0 -9999.0 -9999.0 -9999.0 -9999.0 -9999.0 -9999.0 -9999.0 -9999.0 -9999.0 -9999.0 -9999.0 -9999.0 -9999.0 -9999.0 -9999.0 -9999.0 -9999.0 -9999.0 -9999.0 -9999.0 -9999.0 -9999.0 -9999.0 -9999.0 -9999.0 -9999.0 -9999.0 -9999.0 -9999.0 -9999.0 -9999.0 -9999.0 -9999.0 -9999.0 -9999.0 -9999.0 -9999.0 -9999.0 -9999.0 -9999.0 -9999.0 -9999.0 -9999.0 -9999.0 -9999.0 -9999.0 -9999.0 -9999.0