inst/processing_geotop_simulation/geotop_simulation/out/maps3D/PwL0002N0459.asc
ncols         104
nrows         10
xllcorner     -2.000000
yllcorner     0.000000
cellsize      1.000000
NODATA_value  -9999.0
-9999.0 -9999.0 -9999.0 -9999.0 -9999.0 -9999.0 -9999.0 -9999.0 -9999.0 -9999.0 -9999.0 -9999.0 -9999.0 -9999.0 -9999.0 -9999.0 -9999.0 -9999.0 -9999.0 -9999.0 -9999.0 -9999.0 -9999.0 -9999.0 -9999.0 -9999.0 -9999.0 -9999.0 -9999.0 -9999.0 -9999.0 -9999.0 -9999.0 -9999.0 -9999.0 -9999.0 -9999.0 -9999.0 -9999.0 -9999.0 -9999.0 -9999.0 -9999.0 -9999.0 -9999.0 -9999.0 -9999.0 -9999.0 -9999.0 -9999.0 -9999.0 -9999.0 -9999.0 -9999.0 -9999.0 -9999.0 -9999.0 -9999.0 -9999.0 -9999.0 -9999.0 -9999.0 -9999.0 -9999.0 -9999.0 -9999.0 -9999.0 -9999.0 -9999.0 -9999.0 -9999.0 -9999.0 -9999.0 -9999.0 -9999.0 -9999.0 -9999.0 -9999.0 -9999.0 -9999.0 -9999.0 -9999.0 -9999.0 -9999.0 -9999.0 -9999.0 -9999.0 -9999.0 -9999.0 -9999.0 -9999.0 -9999.0 -9999.0 -9999.0 -9999.0 -9999.0 -9999.0 -9999.0 -9999.0 -9999.0 -9999.0 -9999.0 -9999.0 -9999.0
-9999.0 -9999.0 -9999.0 -9999.0 -9999.0 -9999.0 -9999.0 -9999.0 -9999.0 -9999.0 -9999.0 -9999.0 -9999.0 -9999.0 -9999.0 -9999.0 -9999.0 -9999.0 -9999.0 -9999.0 -9999.0 -9999.0 -9999.0 -9999.0 -9999.0 -9999.0 -9999.0 -9999.0 -9999.0 -9999.0 -9999.0 -9999.0 -9999.0 -9999.0 -9999.0 -9999.0 -9999.0 -9999.0 -9999.0 -9999.0 -9999.0 -9999.0 -9999.0 -9999.0 -9999.0 -9999.0 -9999.0 -9999.0 -9999.0 -9999.0 -9999.0 -9999.0 -9999.0 -9999.0 -9999.0 -9999.0 -9999.0 -9999.0 -9999.0 -9999.0 -9999.0 -9999.0 -9999.0 -9999.0 -9999.0 -9999.0 -9999.0 -9999.0 -9999.0 -9999.0 -9999.0 -9999.0 -9999.0 -9999.0 -9999.0 -9999.0 -9999.0 -9999.0 -9999.0 -9999.0 -9999.0 -9999.0 -9999.0 -9999.0 -9999.0 -9999.0 -9999.0 -9999.0 -9999.0 -9999.0 -9999.0 -9999.0 -9999.0 -9999.0 -9999.0 -9999.0 -9999.0 -9999.0 -9999.0 -9999.0 -9999.0 -9999.0 -9999.0 -9999.0
-9999.0 -9999.0 75.446496 -22.619996 -121.692580 -221.005632 -320.406916 -419.840767 -519.278747 -618.700891 -718.073742 -817.385677 -916.617412 -1015.747219 -1114.849435 -1213.901165 -1312.729115 -1411.195317 -1509.032637 -1605.681518 -1699.998094 -1789.878265 -1872.310456 -1944.315827 -2004.116362 -2051.583907 -2087.892361 -2114.873627 -2134.482436 -2148.489839 -2158.361833 -2165.245559 -2170.005241 -2173.274572 -2175.509522 -2177.036472 -2178.101615 -2178.955935 -2180.070089 -2182.267385 -2180.913413 -2103.261339 -1284.426585 -1281.689444 -1271.588526 -1264.843567 -1261.665961 -1261.156152 -1261.099714 -1261.104097 -1261.117206 -1261.131390 -1261.145037 -1261.157683 -1261.169493 -1261.183848 -1261.231578 -1261.543190 -1263.257543 -1267.013921 -1271.819365 -1267.219338 -2078.316435 -2175.341073 -2180.939234 -2180.547558 -2180.340812 -2180.294734 -2180.286768 -2180.285875 -2180.286136 -2180.286513 -2180.286836 -2180.287093 -2180.287296 -2180.287458 -2180.287590 -2180.287702 -2180.287800 -2180.287891 -2180.287982 -2180.288083 -2180.288206 -2180.288371 -2180.288606 -2180.288957 -2180.289498 -2180.290357 -2180.291750 -2180.294066 -2180.298022 -2180.304983 -2180.317624 -2180.341300 -2180.387014 -2180.478216 -2180.667750 -2181.083793 -2182.064939 -2184.601831 -2191.976595 -2216.599542 -9999.0 -9999.0
-9999.0 -9999.0 75.456524 -22.618205 -121.692133 -221.005501 -320.406874 -419.840753 -519.278742 -618.700889 -718.073741 -817.385676 -916.617411 -1015.747219 -1114.849435 -1213.901165 -1312.729116 -1411.195317 -1509.032637 -1605.681518 -1699.998094 -1789.878265 -1872.310456 -1944.315827 -2004.116363 -2051.583907 -2087.892361 -2114.873627 -2134.482436 -2148.489839 -2158.361833 -2165.245559 -2170.005241 -2173.274572 -2175.509522 -2177.036472 -2178.101615 -2178.955935 -2180.070089 -2182.267385 -2180.913413 -2103.261339 -1284.426585 -1281.689443 -1271.588525 -1264.843567 -1261.665961 -1261.156152 -1261.099714 -1261.104097 -1261.117206 -1261.131390 -1261.145037 -1261.157683 -1261.169493 -1261.183848 -1261.231578 -1261.543190 -1263.257543 -1267.013921 -1271.819365 -1267.219338 -2078.316435 -2175.341073 -2180.939234 -2180.547558 -2180.340812 -2180.294734 -2180.286768 -2180.285875 -2180.286136 -2180.286513 -2180.286836 -2180.287093 -2180.287296 -2180.287458 -2180.287590 -2180.287702 -2180.287800 -2180.287891 -2180.287982 -2180.288083 -2180.288206 -2180.288371 -2180.288606 -2180.288957 -2180.289498 -2180.290357 -2180.291750 -2180.294066 -2180.298022 -2180.304983 -2180.317624 -2180.341300 -2180.387014 -2180.478216 -2180.667750 -2181.083793 -2182.064939 -2184.601831 -2191.976595 -2216.599542 -9999.0 -9999.0
-9999.0 -9999.0 75.457613 -22.617485 -121.691849 -221.005399 -320.406838 -419.840740 -519.278737 -618.700887 -718.073740 -817.385676 -916.617411 -1015.747219 -1114.849435 -1213.901165 -1312.729116 -1411.195318 -1509.032638 -1605.681518 -1699.998094 -1789.878265 -1872.310456 -1944.315827 -2004.116363 -2051.583907 -2087.892361 -2114.873627 -2134.482436 -2148.489839 -2158.361833 -2165.245559 -2170.005241 -2173.274572 -2175.509522 -2177.036472 -2178.101615 -2178.955935 -2180.070089 -2182.267385 -2180.913413 -2103.261339 -1284.426585 -1281.689443 -1271.588525 -1264.843567 -1261.665961 -1261.156152 -1261.099714 -1261.104097 -1261.117206 -1261.131390 -1261.145037 -1261.157683 -1261.169493 -1261.183848 -1261.231578 -1261.543190 -1263.257543 -1267.013921 -1271.819365 -1267.219338 -2078.316435 -2175.341073 -2180.939234 -2180.547558 -2180.340812 -2180.294734 -2180.286768 -2180.285875 -2180.286136 -2180.286513 -2180.286836 -2180.287093 -2180.287296 -2180.287458 -2180.287590 -2180.287702 -2180.287800 -2180.287891 -2180.287982 -2180.288083 -2180.288206 -2180.288371 -2180.288606 -2180.288957 -2180.289498 -2180.290357 -2180.291750 -2180.294066 -2180.298022 -2180.304983 -2180.317624 -2180.341300 -2180.387014 -2180.478216 -2180.667750 -2181.083793 -2182.064939 -2184.601831 -2191.976595 -2216.599542 -9999.0 -9999.0
-9999.0 -9999.0 75.457613 -22.617485 -121.691849 -221.005399 -320.406838 -419.840740 -519.278737 -618.700887 -718.073740 -817.385676 -916.617411 -1015.747219 -1114.849435 -1213.901165 -1312.729116 -1411.195318 -1509.032638 -1605.681518 -1699.998094 -1789.878265 -1872.310456 -1944.315827 -2004.116363 -2051.583907 -2087.892361 -2114.873627 -2134.482436 -2148.489839 -2158.361833 -2165.245559 -2170.005241 -2173.274572 -2175.509522 -2177.036472 -2178.101615 -2178.955935 -2180.070089 -2182.267385 -2180.913413 -2103.261339 -1284.426585 -1281.689443 -1271.588525 -1264.843567 -1261.665961 -1261.156152 -1261.099714 -1261.104097 -1261.117206 -1261.131390 -1261.145037 -1261.157683 -1261.169493 -1261.183848 -1261.231578 -1261.543190 -1263.257543 -1267.013921 -1271.819365 -1267.219338 -2078.316435 -2175.341073 -2180.939234 -2180.547558 -2180.340812 -2180.294734 -2180.286768 -2180.285875 -2180.286136 -2180.286513 -2180.286836 -2180.287093 -2180.287296 -2180.287458 -2180.287590 -2180.287702 -2180.287800 -2180.287891 -2180.287982 -2180.288083 -2180.288206 -2180.288371 -2180.288606 -2180.288957 -2180.289498 -2180.290357 -2180.291750 -2180.294066 -2180.298022 -2180.304983 -2180.317624 -2180.341300 -2180.387014 -2180.478216 -2180.667750 -2181.083793 -2182.064939 -2184.601831 -2191.976595 -2216.599542 -9999.0 -9999.0
-9999.0 -9999.0 75.456524 -22.618205 -121.692132 -221.005501 -320.406874 -419.840753 -519.278742 -618.700889 -718.073741 -817.385676 -916.617411 -1015.747219 -1114.849435 -1213.901165 -1312.729116 -1411.195317 -1509.032637 -1605.681518 -1699.998094 -1789.878265 -1872.310456 -1944.315827 -2004.116363 -2051.583907 -2087.892361 -2114.873627 -2134.482436 -2148.489839 -2158.361833 -2165.245559 -2170.005241 -2173.274572 -2175.509522 -2177.036472 -2178.101615 -2178.955935 -2180.070089 -2182.267385 -2180.913413 -2103.261339 -1284.426585 -1281.689443 -1271.588525 -1264.843567 -1261.665961 -1261.156152 -1261.099714 -1261.104097 -1261.117206 -1261.131390 -1261.145037 -1261.157683 -1261.169493 -1261.183848 -1261.231578 -1261.543190 -1263.257543 -1267.013921 -1271.819365 -1267.219338 -2078.316435 -2175.341073 -2180.939234 -2180.547558 -2180.340812 -2180.294734 -2180.286768 -2180.285875 -2180.286136 -2180.286513 -2180.286836 -2180.287093 -2180.287296 -2180.287458 -2180.287590 -2180.287702 -2180.287800 -2180.287891 -2180.287982 -2180.288083 -2180.288206 -2180.288371 -2180.288606 -2180.288957 -2180.289498 -2180.290357 -2180.291750 -2180.294066 -2180.298022 -2180.304983 -2180.317624 -2180.341300 -2180.387014 -2180.478216 -2180.667750 -2181.083793 -2182.064939 -2184.601831 -2191.976595 -2216.599542 -9999.0 -9999.0
-9999.0 -9999.0 75.446496 -22.619996 -121.692580 -221.005632 -320.406916 -419.840767 -519.278747 -618.700891 -718.073742 -817.385677 -916.617412 -1015.747220 -1114.849435 -1213.901165 -1312.729115 -1411.195317 -1509.032637 -1605.681518 -1699.998094 -1789.878265 -1872.310456 -1944.315827 -2004.116362 -2051.583907 -2087.892361 -2114.873627 -2134.482436 -2148.489839 -2158.361833 -2165.245559 -2170.005241 -2173.274572 -2175.509522 -2177.036472 -2178.101615 -2178.955935 -2180.070089 -2182.267385 -2180.913413 -2103.261339 -1284.426585 -1281.689444 -1271.588526 -1264.843567 -1261.665961 -1261.156152 -1261.099714 -1261.104097 -1261.117206 -1261.131390 -1261.145037 -1261.157683 -1261.169493 -1261.183848 -1261.231578 -1261.543190 -1263.257543 -1267.013921 -1271.819365 -1267.219338 -2078.316435 -2175.341073 -2180.939234 -2180.547558 -2180.340812 -2180.294734 -2180.286768 -2180.285875 -2180.286136 -2180.286513 -2180.286836 -2180.287093 -2180.287296 -2180.287458 -2180.287590 -2180.287702 -2180.287800 -2180.287891 -2180.287982 -2180.288083 -2180.288206 -2180.288371 -2180.288606 -2180.288957 -2180.289498 -2180.290357 -2180.291750 -2180.294066 -2180.298022 -2180.304983 -2180.317624 -2180.341300 -2180.387014 -2180.478216 -2180.667750 -2181.083793 -2182.064939 -2184.601831 -2191.976595 -2216.599542 -9999.0 -9999.0
-9999.0 -9999.0 -9999.0 -9999.0 -9999.0 -9999.0 -9999.0 -9999.0 -9999.0 -9999.0 -9999.0 -9999.0 -9999.0 -9999.0 -9999.0 -9999.0 -9999.0 -9999.0 -9999.0 -9999.0 -9999.0 -9999.0 -9999.0 -9999.0 -9999.0 -9999.0 -9999.0 -9999.0 -9999.0 -9999.0 -9999.0 -9999.0 -9999.0 -9999.0 -9999.0 -9999.0 -9999.0 -9999.0 -9999.0 -9999.0 -9999.0 -9999.0 -9999.0 -9999.0 -9999.0 -9999.0 -9999.0 -9999.0 -9999.0 -9999.0 -9999.0 -9999.0 -9999.0 -9999.0 -9999.0 -9999.0 -9999.0 -9999.0 -9999.0 -9999.0 -9999.0 -9999.0 -9999.0 -9999.0 -9999.0 -9999.0 -9999.0 -9999.0 -9999.0 -9999.0 -9999.0 -9999.0 -9999.0 -9999.0 -9999.0 -9999.0 -9999.0 -9999.0 -9999.0 -9999.0 -9999.0 -9999.0 -9999.0 -9999.0 -9999.0 -9999.0 -9999.0 -9999.0 -9999.0 -9999.0 -9999.0 -9999.0 -9999.0 -9999.0 -9999.0 -9999.0 -9999.0 -9999.0 -9999.0 -9999.0 -9999.0 -9999.0 -9999.0 -9999.0
-9999.0 -9999.0 -9999.0 -9999.0 -9999.0 -9999.0 -9999.0 -9999.0 -9999.0 -9999.0 -9999.0 -9999.0 -9999.0 -9999.0 -9999.0 -9999.0 -9999.0 -9999.0 -9999.0 -9999.0 -9999.0 -9999.0 -9999.0 -9999.0 -9999.0 -9999.0 -9999.0 -9999.0 -9999.0 -9999.0 -9999.0 -9999.0 -9999.0 -9999.0 -9999.0 -9999.0 -9999.0 -9999.0 -9999.0 -9999.0 -9999.0 -9999.0 -9999.0 -9999.0 -9999.0 -9999.0 -9999.0 -9999.0 -9999.0 -9999.0 -9999.0 -9999.0 -9999.0 -9999.0 -9999.0 -9999.0 -9999.0 -9999.0 -9999.0 -9999.0 -9999.0 -9999.0 -9999.0 -9999.0 -9999.0 -9999.0 -9999.0 -9999.0 -9999.0 -9999.0 -9999.0 -9999.0 -9999.0 -9999.0 -9999.0 -9999.0 -9999.0 -9999.0 -9999.0 -9999.0 -9999.0 -9999.0 -9999.0 -9999.0 -9999.0 -9999.0 -9999.0 -9999.0 -9999.0 -9999.0 -9999.0 -9999.0 -9999.0 -9999.0 -9999.0 -9999.0 -9999.0 -9999.0 -9999.0 -9999.0 -9999.0 -9999.0 -9999.0 -9999.0