inst/processing_geotop_simulation/geotop_simulation/out/maps3D/PwL0007N0297.asc
ncols         104
nrows         10
xllcorner     -2.000000
yllcorner     0.000000
cellsize      1.000000
NODATA_value  -9999.0
-9999.0 -9999.0 -9999.0 -9999.0 -9999.0 -9999.0 -9999.0 -9999.0 -9999.0 -9999.0 -9999.0 -9999.0 -9999.0 -9999.0 -9999.0 -9999.0 -9999.0 -9999.0 -9999.0 -9999.0 -9999.0 -9999.0 -9999.0 -9999.0 -9999.0 -9999.0 -9999.0 -9999.0 -9999.0 -9999.0 -9999.0 -9999.0 -9999.0 -9999.0 -9999.0 -9999.0 -9999.0 -9999.0 -9999.0 -9999.0 -9999.0 -9999.0 -9999.0 -9999.0 -9999.0 -9999.0 -9999.0 -9999.0 -9999.0 -9999.0 -9999.0 -9999.0 -9999.0 -9999.0 -9999.0 -9999.0 -9999.0 -9999.0 -9999.0 -9999.0 -9999.0 -9999.0 -9999.0 -9999.0 -9999.0 -9999.0 -9999.0 -9999.0 -9999.0 -9999.0 -9999.0 -9999.0 -9999.0 -9999.0 -9999.0 -9999.0 -9999.0 -9999.0 -9999.0 -9999.0 -9999.0 -9999.0 -9999.0 -9999.0 -9999.0 -9999.0 -9999.0 -9999.0 -9999.0 -9999.0 -9999.0 -9999.0 -9999.0 -9999.0 -9999.0 -9999.0 -9999.0 -9999.0 -9999.0 -9999.0 -9999.0 -9999.0 -9999.0 -9999.0
-9999.0 -9999.0 -9999.0 -9999.0 -9999.0 -9999.0 -9999.0 -9999.0 -9999.0 -9999.0 -9999.0 -9999.0 -9999.0 -9999.0 -9999.0 -9999.0 -9999.0 -9999.0 -9999.0 -9999.0 -9999.0 -9999.0 -9999.0 -9999.0 -9999.0 -9999.0 -9999.0 -9999.0 -9999.0 -9999.0 -9999.0 -9999.0 -9999.0 -9999.0 -9999.0 -9999.0 -9999.0 -9999.0 -9999.0 -9999.0 -9999.0 -9999.0 -9999.0 -9999.0 -9999.0 -9999.0 -9999.0 -9999.0 -9999.0 -9999.0 -9999.0 -9999.0 -9999.0 -9999.0 -9999.0 -9999.0 -9999.0 -9999.0 -9999.0 -9999.0 -9999.0 -9999.0 -9999.0 -9999.0 -9999.0 -9999.0 -9999.0 -9999.0 -9999.0 -9999.0 -9999.0 -9999.0 -9999.0 -9999.0 -9999.0 -9999.0 -9999.0 -9999.0 -9999.0 -9999.0 -9999.0 -9999.0 -9999.0 -9999.0 -9999.0 -9999.0 -9999.0 -9999.0 -9999.0 -9999.0 -9999.0 -9999.0 -9999.0 -9999.0 -9999.0 -9999.0 -9999.0 -9999.0 -9999.0 -9999.0 -9999.0 -9999.0 -9999.0 -9999.0
-9999.0 -9999.0 325.390645 228.508748 130.400048 31.841664 -66.890875 -165.694770 -264.518066 -363.320921 -462.060952 -560.646393 -658.881243 -756.716049 -854.497169 -952.200261 -1049.725100 -1146.437197 -1241.128570 -1333.180784 -1420.565675 -1500.087555 -1568.650481 -1624.644849 -1668.274310 -1701.021566 -1724.910499 -1741.963376 -1753.930345 -1762.211644 -1767.876052 -1771.713376 -1774.292904 -1776.016654 -1777.164098 -1777.929177 -1778.455400 -1778.898029 -1779.650017 -1782.103072 -1788.668374 -1773.187910 -1183.248567 -1228.176049 -1205.833338 -1191.438283 -1184.750701 -1183.788531 -1183.687757 -1183.697784 -1183.723717 -1183.751580 -1183.778351 -1183.803138 -1183.826133 -1183.852800 -1183.935413 -1184.498803 -1188.010167 -1195.886768 -1206.490610 -1147.529944 -1745.056720 -1782.137311 -1780.702005 -1779.752200 -1779.549218 -1779.514810 -1779.509812 -1779.509635 -1779.510172 -1779.510713 -1779.511150 -1779.511487 -1779.511746 -1779.511949 -1779.512111 -1779.512242 -1779.512354 -1779.512454 -1779.512553 -1779.512663 -1779.512802 -1779.512993 -1779.513275 -1779.513707 -1779.514386 -1779.515473 -1779.517244 -1779.520186 -1779.525192 -1779.533941 -1779.549700 -1779.578941 -1779.634748 -1779.744234 -1779.966113 -1780.436385 -1781.496998 -1784.093006 -1791.220478 -1814.450672 -9999.0 -9999.0
-9999.0 -9999.0 325.398313 228.510603 130.400541 31.841809 -66.890828 -165.694755 -264.518060 -363.320918 -462.060951 -560.646393 -658.881242 -756.716049 -854.497169 -952.200261 -1049.725100 -1146.437197 -1241.128570 -1333.180784 -1420.565675 -1500.087556 -1568.650481 -1624.644849 -1668.274310 -1701.021566 -1724.910499 -1741.963376 -1753.930345 -1762.211644 -1767.876052 -1771.713376 -1774.292904 -1776.016654 -1777.164098 -1777.929177 -1778.455400 -1778.898029 -1779.650017 -1782.103072 -1788.668374 -1773.187910 -1183.248567 -1228.176049 -1205.833338 -1191.438283 -1184.750701 -1183.788531 -1183.687757 -1183.697784 -1183.723717 -1183.751580 -1183.778351 -1183.803138 -1183.826133 -1183.852800 -1183.935413 -1184.498803 -1188.010167 -1195.886768 -1206.490610 -1147.529944 -1745.056720 -1782.137311 -1780.702005 -1779.752200 -1779.549218 -1779.514810 -1779.509812 -1779.509635 -1779.510172 -1779.510713 -1779.511150 -1779.511487 -1779.511746 -1779.511949 -1779.512111 -1779.512242 -1779.512354 -1779.512454 -1779.512553 -1779.512663 -1779.512802 -1779.512993 -1779.513275 -1779.513707 -1779.514386 -1779.515473 -1779.517244 -1779.520186 -1779.525192 -1779.533941 -1779.549700 -1779.578941 -1779.634748 -1779.744234 -1779.966113 -1780.436385 -1781.496998 -1784.093006 -1791.220478 -1814.450672 -9999.0 -9999.0
-9999.0 -9999.0 325.399765 228.511393 130.400855 31.841924 -66.890787 -165.694740 -264.518055 -363.320916 -462.060951 -560.646393 -658.881242 -756.716048 -854.497169 -952.200261 -1049.725100 -1146.437197 -1241.128571 -1333.180784 -1420.565676 -1500.087556 -1568.650481 -1624.644849 -1668.274310 -1701.021566 -1724.910499 -1741.963376 -1753.930345 -1762.211644 -1767.876052 -1771.713376 -1774.292904 -1776.016654 -1777.164098 -1777.929177 -1778.455400 -1778.898029 -1779.650017 -1782.103072 -1788.668374 -1773.187910 -1183.248567 -1228.176049 -1205.833338 -1191.438283 -1184.750701 -1183.788531 -1183.687757 -1183.697784 -1183.723717 -1183.751580 -1183.778351 -1183.803138 -1183.826133 -1183.852800 -1183.935413 -1184.498803 -1188.010167 -1195.886768 -1206.490610 -1147.529944 -1745.056720 -1782.137311 -1780.702005 -1779.752200 -1779.549218 -1779.514810 -1779.509812 -1779.509635 -1779.510172 -1779.510713 -1779.511150 -1779.511487 -1779.511746 -1779.511949 -1779.512111 -1779.512242 -1779.512354 -1779.512454 -1779.512553 -1779.512663 -1779.512802 -1779.512993 -1779.513275 -1779.513707 -1779.514386 -1779.515473 -1779.517244 -1779.520186 -1779.525192 -1779.533941 -1779.549700 -1779.578941 -1779.634748 -1779.744234 -1779.966113 -1780.436385 -1781.496998 -1784.093006 -1791.220478 -1814.450672 -9999.0 -9999.0
-9999.0 -9999.0 325.399765 228.511393 130.400855 31.841924 -66.890787 -165.694740 -264.518055 -363.320916 -462.060951 -560.646393 -658.881242 -756.716049 -854.497169 -952.200261 -1049.725100 -1146.437197 -1241.128571 -1333.180784 -1420.565676 -1500.087556 -1568.650481 -1624.644849 -1668.274310 -1701.021566 -1724.910499 -1741.963376 -1753.930345 -1762.211644 -1767.876052 -1771.713376 -1774.292904 -1776.016654 -1777.164098 -1777.929177 -1778.455400 -1778.898029 -1779.650017 -1782.103072 -1788.668374 -1773.187910 -1183.248567 -1228.176049 -1205.833338 -1191.438283 -1184.750701 -1183.788531 -1183.687757 -1183.697784 -1183.723717 -1183.751580 -1183.778351 -1183.803138 -1183.826133 -1183.852800 -1183.935413 -1184.498803 -1188.010167 -1195.886768 -1206.490610 -1147.529944 -1745.056720 -1782.137311 -1780.702005 -1779.752200 -1779.549218 -1779.514810 -1779.509812 -1779.509635 -1779.510172 -1779.510713 -1779.511150 -1779.511487 -1779.511746 -1779.511949 -1779.512111 -1779.512242 -1779.512354 -1779.512454 -1779.512553 -1779.512663 -1779.512802 -1779.512993 -1779.513275 -1779.513707 -1779.514386 -1779.515473 -1779.517244 -1779.520186 -1779.525192 -1779.533941 -1779.549700 -1779.578941 -1779.634748 -1779.744234 -1779.966113 -1780.436385 -1781.496998 -1784.093006 -1791.220478 -1814.450672 -9999.0 -9999.0
-9999.0 -9999.0 325.398313 228.510603 130.400540 31.841809 -66.890828 -165.694754 -264.518061 -363.320918 -462.060952 -560.646393 -658.881242 -756.716049 -854.497169 -952.200261 -1049.725100 -1146.437197 -1241.128570 -1333.180784 -1420.565675 -1500.087556 -1568.650481 -1624.644849 -1668.274310 -1701.021566 -1724.910499 -1741.963376 -1753.930345 -1762.211644 -1767.876052 -1771.713376 -1774.292904 -1776.016654 -1777.164098 -1777.929177 -1778.455400 -1778.898029 -1779.650017 -1782.103072 -1788.668374 -1773.187910 -1183.248567 -1228.176049 -1205.833338 -1191.438283 -1184.750701 -1183.788531 -1183.687757 -1183.697784 -1183.723717 -1183.751580 -1183.778351 -1183.803138 -1183.826133 -1183.852800 -1183.935413 -1184.498803 -1188.010167 -1195.886768 -1206.490610 -1147.529944 -1745.056720 -1782.137311 -1780.702005 -1779.752200 -1779.549218 -1779.514810 -1779.509812 -1779.509635 -1779.510172 -1779.510713 -1779.511150 -1779.511487 -1779.511746 -1779.511949 -1779.512111 -1779.512242 -1779.512354 -1779.512454 -1779.512553 -1779.512663 -1779.512802 -1779.512993 -1779.513275 -1779.513707 -1779.514386 -1779.515473 -1779.517244 -1779.520186 -1779.525192 -1779.533941 -1779.549700 -1779.578941 -1779.634748 -1779.744234 -1779.966113 -1780.436385 -1781.496998 -1784.093006 -1791.220478 -1814.450672 -9999.0 -9999.0
-9999.0 -9999.0 325.390645 228.508748 130.400048 31.841663 -66.890874 -165.694770 -264.518066 -363.320921 -462.060952 -560.646393 -658.881243 -756.716049 -854.497169 -952.200261 -1049.725100 -1146.437197 -1241.128570 -1333.180784 -1420.565675 -1500.087555 -1568.650481 -1624.644849 -1668.274310 -1701.021566 -1724.910499 -1741.963376 -1753.930345 -1762.211644 -1767.876052 -1771.713376 -1774.292904 -1776.016654 -1777.164098 -1777.929177 -1778.455400 -1778.898029 -1779.650017 -1782.103072 -1788.668374 -1773.187910 -1183.248567 -1228.176049 -1205.833338 -1191.438283 -1184.750701 -1183.788531 -1183.687757 -1183.697784 -1183.723717 -1183.751580 -1183.778351 -1183.803138 -1183.826133 -1183.852800 -1183.935413 -1184.498803 -1188.010167 -1195.886768 -1206.490610 -1147.529944 -1745.056720 -1782.137311 -1780.702005 -1779.752200 -1779.549218 -1779.514810 -1779.509812 -1779.509635 -1779.510172 -1779.510713 -1779.511150 -1779.511487 -1779.511746 -1779.511949 -1779.512111 -1779.512242 -1779.512354 -1779.512454 -1779.512553 -1779.512663 -1779.512802 -1779.512993 -1779.513275 -1779.513707 -1779.514386 -1779.515473 -1779.517244 -1779.520186 -1779.525192 -1779.533941 -1779.549700 -1779.578941 -1779.634748 -1779.744234 -1779.966113 -1780.436385 -1781.496998 -1784.093006 -1791.220478 -1814.450672 -9999.0 -9999.0
-9999.0 -9999.0 -9999.0 -9999.0 -9999.0 -9999.0 -9999.0 -9999.0 -9999.0 -9999.0 -9999.0 -9999.0 -9999.0 -9999.0 -9999.0 -9999.0 -9999.0 -9999.0 -9999.0 -9999.0 -9999.0 -9999.0 -9999.0 -9999.0 -9999.0 -9999.0 -9999.0 -9999.0 -9999.0 -9999.0 -9999.0 -9999.0 -9999.0 -9999.0 -9999.0 -9999.0 -9999.0 -9999.0 -9999.0 -9999.0 -9999.0 -9999.0 -9999.0 -9999.0 -9999.0 -9999.0 -9999.0 -9999.0 -9999.0 -9999.0 -9999.0 -9999.0 -9999.0 -9999.0 -9999.0 -9999.0 -9999.0 -9999.0 -9999.0 -9999.0 -9999.0 -9999.0 -9999.0 -9999.0 -9999.0 -9999.0 -9999.0 -9999.0 -9999.0 -9999.0 -9999.0 -9999.0 -9999.0 -9999.0 -9999.0 -9999.0 -9999.0 -9999.0 -9999.0 -9999.0 -9999.0 -9999.0 -9999.0 -9999.0 -9999.0 -9999.0 -9999.0 -9999.0 -9999.0 -9999.0 -9999.0 -9999.0 -9999.0 -9999.0 -9999.0 -9999.0 -9999.0 -9999.0 -9999.0 -9999.0 -9999.0 -9999.0 -9999.0 -9999.0
-9999.0 -9999.0 -9999.0 -9999.0 -9999.0 -9999.0 -9999.0 -9999.0 -9999.0 -9999.0 -9999.0 -9999.0 -9999.0 -9999.0 -9999.0 -9999.0 -9999.0 -9999.0 -9999.0 -9999.0 -9999.0 -9999.0 -9999.0 -9999.0 -9999.0 -9999.0 -9999.0 -9999.0 -9999.0 -9999.0 -9999.0 -9999.0 -9999.0 -9999.0 -9999.0 -9999.0 -9999.0 -9999.0 -9999.0 -9999.0 -9999.0 -9999.0 -9999.0 -9999.0 -9999.0 -9999.0 -9999.0 -9999.0 -9999.0 -9999.0 -9999.0 -9999.0 -9999.0 -9999.0 -9999.0 -9999.0 -9999.0 -9999.0 -9999.0 -9999.0 -9999.0 -9999.0 -9999.0 -9999.0 -9999.0 -9999.0 -9999.0 -9999.0 -9999.0 -9999.0 -9999.0 -9999.0 -9999.0 -9999.0 -9999.0 -9999.0 -9999.0 -9999.0 -9999.0 -9999.0 -9999.0 -9999.0 -9999.0 -9999.0 -9999.0 -9999.0 -9999.0 -9999.0 -9999.0 -9999.0 -9999.0 -9999.0 -9999.0 -9999.0 -9999.0 -9999.0 -9999.0 -9999.0 -9999.0 -9999.0 -9999.0 -9999.0 -9999.0 -9999.0