inst/processing_geotop_simulation/geotop_simulation/out/maps3D/PwL0020N0289.asc
ncols         104
nrows         10
xllcorner     -2.000000
yllcorner     0.000000
cellsize      1.000000
NODATA_value  -9999.0
-9999.0 -9999.0 -9999.0 -9999.0 -9999.0 -9999.0 -9999.0 -9999.0 -9999.0 -9999.0 -9999.0 -9999.0 -9999.0 -9999.0 -9999.0 -9999.0 -9999.0 -9999.0 -9999.0 -9999.0 -9999.0 -9999.0 -9999.0 -9999.0 -9999.0 -9999.0 -9999.0 -9999.0 -9999.0 -9999.0 -9999.0 -9999.0 -9999.0 -9999.0 -9999.0 -9999.0 -9999.0 -9999.0 -9999.0 -9999.0 -9999.0 -9999.0 -9999.0 -9999.0 -9999.0 -9999.0 -9999.0 -9999.0 -9999.0 -9999.0 -9999.0 -9999.0 -9999.0 -9999.0 -9999.0 -9999.0 -9999.0 -9999.0 -9999.0 -9999.0 -9999.0 -9999.0 -9999.0 -9999.0 -9999.0 -9999.0 -9999.0 -9999.0 -9999.0 -9999.0 -9999.0 -9999.0 -9999.0 -9999.0 -9999.0 -9999.0 -9999.0 -9999.0 -9999.0 -9999.0 -9999.0 -9999.0 -9999.0 -9999.0 -9999.0 -9999.0 -9999.0 -9999.0 -9999.0 -9999.0 -9999.0 -9999.0 -9999.0 -9999.0 -9999.0 -9999.0 -9999.0 -9999.0 -9999.0 -9999.0 -9999.0 -9999.0 -9999.0 -9999.0
-9999.0 -9999.0 -9999.0 -9999.0 -9999.0 -9999.0 -9999.0 -9999.0 -9999.0 -9999.0 -9999.0 -9999.0 -9999.0 -9999.0 -9999.0 -9999.0 -9999.0 -9999.0 -9999.0 -9999.0 -9999.0 -9999.0 -9999.0 -9999.0 -9999.0 -9999.0 -9999.0 -9999.0 -9999.0 -9999.0 -9999.0 -9999.0 -9999.0 -9999.0 -9999.0 -9999.0 -9999.0 -9999.0 -9999.0 -9999.0 -9999.0 -9999.0 -9999.0 -9999.0 -9999.0 -9999.0 -9999.0 -9999.0 -9999.0 -9999.0 -9999.0 -9999.0 -9999.0 -9999.0 -9999.0 -9999.0 -9999.0 -9999.0 -9999.0 -9999.0 -9999.0 -9999.0 -9999.0 -9999.0 -9999.0 -9999.0 -9999.0 -9999.0 -9999.0 -9999.0 -9999.0 -9999.0 -9999.0 -9999.0 -9999.0 -9999.0 -9999.0 -9999.0 -9999.0 -9999.0 -9999.0 -9999.0 -9999.0 -9999.0 -9999.0 -9999.0 -9999.0 -9999.0 -9999.0 -9999.0 -9999.0 -9999.0 -9999.0 -9999.0 -9999.0 -9999.0 -9999.0 -9999.0 -9999.0 -9999.0 -9999.0 -9999.0 -9999.0 -9999.0
-9999.0 -9999.0 971.284457 873.028420 774.650153 676.058247 577.347504 478.583415 379.802590 281.025159 182.262399 83.520797 -15.192781 -113.872151 -212.508767 -311.065614 -409.468698 -507.577975 -605.149884 -701.783303 -798.739923 -895.022794 -990.380049 -1084.522894 -1166.966557 -1240.276960 -1302.935602 -1354.379516 -1395.027536 -1426.055924 -1449.050920 -1465.682330 -1477.479843 -1485.723253 -1491.418536 -1495.324863 -1498.011245 -1499.964535 -1501.917140 -1505.987907 -1519.161641 -1567.255803 -1804.121137 -3815.595875 -3984.994196 -3984.982783 -3980.595833 -3941.561749 -3816.577807 -3606.120739 -3361.722553 -3105.804401 -2938.890863 -2830.416699 -2730.648614 -2628.052126 -2519.800043 -2407.769884 -2295.710964 -2186.298026 -2061.853503 -1524.462132 -1524.965494 -1510.855470 -1505.389756 -1503.993435 -1503.718896 -1503.672259 -1503.665284 -1503.664794 -1503.665283 -1503.665828 -1503.666283 -1503.666646 -1503.666936 -1503.667172 -1503.667369 -1503.667538 -1503.667688 -1503.667829 -1503.667969 -1503.668121 -1503.668302 -1503.668536 -1503.668860 -1503.669332 -1503.670047 -1503.671165 -1503.672960 -1503.675918 -1503.680933 -1503.689702 -1503.705540 -1503.735075 -1503.791921 -1503.905104 -1504.140123 -1504.655451 -1505.860385 -1508.879086 -1517.100061 -1542.497101 -9999.0 -9999.0
-9999.0 -9999.0 971.287404 873.029559 774.650530 676.058372 577.347547 478.583430 379.802596 281.025161 182.262400 83.520797 -15.192781 -113.872150 -212.508767 -311.065614 -409.468698 -507.577975 -605.149884 -701.783304 -798.739923 -895.022794 -990.380049 -1084.522895 -1166.966558 -1240.276960 -1302.935602 -1354.379517 -1395.027536 -1426.055924 -1449.050920 -1465.682330 -1477.479843 -1485.723253 -1491.418536 -1495.324863 -1498.011245 -1499.964535 -1501.917140 -1505.987907 -1519.161641 -1567.255803 -1804.121137 -3815.595875 -3984.994196 -3984.982783 -3980.595833 -3941.561749 -3816.577807 -3606.120737 -3361.722550 -3105.804400 -2938.890862 -2830.416699 -2730.648613 -2628.052126 -2519.800042 -2407.769884 -2295.710964 -2186.298026 -2061.853503 -1524.462132 -1524.965494 -1510.855470 -1505.389756 -1503.993435 -1503.718896 -1503.672259 -1503.665284 -1503.664794 -1503.665283 -1503.665828 -1503.666283 -1503.666646 -1503.666936 -1503.667172 -1503.667369 -1503.667538 -1503.667688 -1503.667829 -1503.667969 -1503.668121 -1503.668302 -1503.668536 -1503.668860 -1503.669332 -1503.670047 -1503.671165 -1503.672960 -1503.675918 -1503.680933 -1503.689702 -1503.705540 -1503.735075 -1503.791921 -1503.905104 -1504.140123 -1504.655451 -1505.860385 -1508.879086 -1517.100061 -1542.497101 -9999.0 -9999.0
-9999.0 -9999.0 971.288553 873.030178 774.650792 676.058472 577.347584 478.583444 379.802601 281.025163 182.262400 83.520798 -15.192781 -113.872150 -212.508767 -311.065614 -409.468698 -507.577975 -605.149885 -701.783304 -798.739923 -895.022794 -990.380049 -1084.522895 -1166.966558 -1240.276960 -1302.935602 -1354.379517 -1395.027536 -1426.055925 -1449.050920 -1465.682330 -1477.479843 -1485.723253 -1491.418536 -1495.324863 -1498.011245 -1499.964535 -1501.917140 -1505.987907 -1519.161641 -1567.255803 -1804.121137 -3815.595875 -3984.994196 -3984.982783 -3980.595833 -3941.561748 -3816.577807 -3606.120735 -3361.722548 -3105.804399 -2938.890862 -2830.416698 -2730.648613 -2628.052125 -2519.800042 -2407.769883 -2295.710964 -2186.298025 -2061.853503 -1524.462132 -1524.965494 -1510.855470 -1505.389756 -1503.993435 -1503.718896 -1503.672259 -1503.665284 -1503.664794 -1503.665283 -1503.665828 -1503.666283 -1503.666646 -1503.666936 -1503.667172 -1503.667369 -1503.667538 -1503.667688 -1503.667829 -1503.667969 -1503.668121 -1503.668302 -1503.668536 -1503.668860 -1503.669332 -1503.670047 -1503.671165 -1503.672960 -1503.675918 -1503.680933 -1503.689702 -1503.705540 -1503.735075 -1503.791921 -1503.905104 -1504.140123 -1504.655451 -1505.860385 -1508.879086 -1517.100061 -1542.497101 -9999.0 -9999.0
-9999.0 -9999.0 971.288553 873.030178 774.650792 676.058472 577.347584 478.583444 379.802601 281.025163 182.262400 83.520798 -15.192781 -113.872150 -212.508767 -311.065614 -409.468698 -507.577975 -605.149885 -701.783304 -798.739923 -895.022794 -990.380049 -1084.522895 -1166.966558 -1240.276960 -1302.935602 -1354.379517 -1395.027536 -1426.055925 -1449.050920 -1465.682330 -1477.479843 -1485.723253 -1491.418536 -1495.324863 -1498.011245 -1499.964535 -1501.917140 -1505.987907 -1519.161641 -1567.255803 -1804.121137 -3815.595875 -3984.994196 -3984.982783 -3980.595833 -3941.561748 -3816.577807 -3606.120736 -3361.722548 -3105.804399 -2938.890862 -2830.416699 -2730.648613 -2628.052125 -2519.800042 -2407.769883 -2295.710964 -2186.298025 -2061.853503 -1524.462132 -1524.965494 -1510.855470 -1505.389756 -1503.993435 -1503.718896 -1503.672259 -1503.665284 -1503.664794 -1503.665283 -1503.665828 -1503.666283 -1503.666646 -1503.666936 -1503.667172 -1503.667369 -1503.667538 -1503.667688 -1503.667829 -1503.667969 -1503.668121 -1503.668302 -1503.668536 -1503.668860 -1503.669332 -1503.670047 -1503.671165 -1503.672960 -1503.675918 -1503.680933 -1503.689702 -1503.705540 -1503.735075 -1503.791921 -1503.905104 -1504.140123 -1504.655451 -1505.860385 -1508.879086 -1517.100061 -1542.497101 -9999.0 -9999.0
-9999.0 -9999.0 971.287404 873.029559 774.650530 676.058372 577.347547 478.583430 379.802596 281.025161 182.262400 83.520797 -15.192781 -113.872150 -212.508767 -311.065614 -409.468698 -507.577975 -605.149884 -701.783304 -798.739923 -895.022794 -990.380049 -1084.522895 -1166.966558 -1240.276960 -1302.935602 -1354.379517 -1395.027536 -1426.055924 -1449.050920 -1465.682330 -1477.479843 -1485.723253 -1491.418536 -1495.324863 -1498.011245 -1499.964535 -1501.917140 -1505.987907 -1519.161641 -1567.255803 -1804.121137 -3815.595875 -3984.994196 -3984.982783 -3980.595833 -3941.561749 -3816.577807 -3606.120736 -3361.722549 -3105.804400 -2938.890862 -2830.416699 -2730.648614 -2628.052125 -2519.800042 -2407.769883 -2295.710964 -2186.298025 -2061.853503 -1524.462132 -1524.965494 -1510.855470 -1505.389756 -1503.993435 -1503.718896 -1503.672259 -1503.665284 -1503.664794 -1503.665283 -1503.665828 -1503.666283 -1503.666646 -1503.666936 -1503.667172 -1503.667369 -1503.667538 -1503.667688 -1503.667829 -1503.667969 -1503.668121 -1503.668302 -1503.668536 -1503.668860 -1503.669332 -1503.670047 -1503.671165 -1503.672960 -1503.675918 -1503.680933 -1503.689702 -1503.705540 -1503.735075 -1503.791921 -1503.905104 -1504.140123 -1504.655451 -1505.860385 -1508.879086 -1517.100061 -1542.497101 -9999.0 -9999.0
-9999.0 -9999.0 971.284457 873.028419 774.650153 676.058247 577.347505 478.583415 379.802590 281.025159 182.262399 83.520797 -15.192781 -113.872151 -212.508767 -311.065614 -409.468698 -507.577975 -605.149884 -701.783303 -798.739923 -895.022794 -990.380049 -1084.522894 -1166.966557 -1240.276960 -1302.935602 -1354.379516 -1395.027536 -1426.055924 -1449.050920 -1465.682330 -1477.479843 -1485.723253 -1491.418536 -1495.324863 -1498.011245 -1499.964535 -1501.917140 -1505.987907 -1519.161641 -1567.255803 -1804.121137 -3815.595875 -3984.994196 -3984.982783 -3980.595833 -3941.561749 -3816.577807 -3606.120739 -3361.722553 -3105.804401 -2938.890863 -2830.416699 -2730.648614 -2628.052126 -2519.800042 -2407.769884 -2295.710964 -2186.298026 -2061.853503 -1524.462132 -1524.965494 -1510.855470 -1505.389756 -1503.993435 -1503.718896 -1503.672259 -1503.665284 -1503.664794 -1503.665283 -1503.665828 -1503.666283 -1503.666646 -1503.666936 -1503.667172 -1503.667369 -1503.667538 -1503.667688 -1503.667829 -1503.667969 -1503.668121 -1503.668302 -1503.668536 -1503.668860 -1503.669332 -1503.670047 -1503.671165 -1503.672960 -1503.675918 -1503.680933 -1503.689702 -1503.705540 -1503.735075 -1503.791921 -1503.905104 -1504.140123 -1504.655451 -1505.860385 -1508.879086 -1517.100061 -1542.497101 -9999.0 -9999.0
-9999.0 -9999.0 -9999.0 -9999.0 -9999.0 -9999.0 -9999.0 -9999.0 -9999.0 -9999.0 -9999.0 -9999.0 -9999.0 -9999.0 -9999.0 -9999.0 -9999.0 -9999.0 -9999.0 -9999.0 -9999.0 -9999.0 -9999.0 -9999.0 -9999.0 -9999.0 -9999.0 -9999.0 -9999.0 -9999.0 -9999.0 -9999.0 -9999.0 -9999.0 -9999.0 -9999.0 -9999.0 -9999.0 -9999.0 -9999.0 -9999.0 -9999.0 -9999.0 -9999.0 -9999.0 -9999.0 -9999.0 -9999.0 -9999.0 -9999.0 -9999.0 -9999.0 -9999.0 -9999.0 -9999.0 -9999.0 -9999.0 -9999.0 -9999.0 -9999.0 -9999.0 -9999.0 -9999.0 -9999.0 -9999.0 -9999.0 -9999.0 -9999.0 -9999.0 -9999.0 -9999.0 -9999.0 -9999.0 -9999.0 -9999.0 -9999.0 -9999.0 -9999.0 -9999.0 -9999.0 -9999.0 -9999.0 -9999.0 -9999.0 -9999.0 -9999.0 -9999.0 -9999.0 -9999.0 -9999.0 -9999.0 -9999.0 -9999.0 -9999.0 -9999.0 -9999.0 -9999.0 -9999.0 -9999.0 -9999.0 -9999.0 -9999.0 -9999.0 -9999.0
-9999.0 -9999.0 -9999.0 -9999.0 -9999.0 -9999.0 -9999.0 -9999.0 -9999.0 -9999.0 -9999.0 -9999.0 -9999.0 -9999.0 -9999.0 -9999.0 -9999.0 -9999.0 -9999.0 -9999.0 -9999.0 -9999.0 -9999.0 -9999.0 -9999.0 -9999.0 -9999.0 -9999.0 -9999.0 -9999.0 -9999.0 -9999.0 -9999.0 -9999.0 -9999.0 -9999.0 -9999.0 -9999.0 -9999.0 -9999.0 -9999.0 -9999.0 -9999.0 -9999.0 -9999.0 -9999.0 -9999.0 -9999.0 -9999.0 -9999.0 -9999.0 -9999.0 -9999.0 -9999.0 -9999.0 -9999.0 -9999.0 -9999.0 -9999.0 -9999.0 -9999.0 -9999.0 -9999.0 -9999.0 -9999.0 -9999.0 -9999.0 -9999.0 -9999.0 -9999.0 -9999.0 -9999.0 -9999.0 -9999.0 -9999.0 -9999.0 -9999.0 -9999.0 -9999.0 -9999.0 -9999.0 -9999.0 -9999.0 -9999.0 -9999.0 -9999.0 -9999.0 -9999.0 -9999.0 -9999.0 -9999.0 -9999.0 -9999.0 -9999.0 -9999.0 -9999.0 -9999.0 -9999.0 -9999.0 -9999.0 -9999.0 -9999.0 -9999.0 -9999.0