inst/processing_geotop_simulation/geotop_simulation/out/maps3D/PwL0021N0341.asc
ncols         104
nrows         10
xllcorner     -2.000000
yllcorner     0.000000
cellsize      1.000000
NODATA_value  -9999.0
-9999.0 -9999.0 -9999.0 -9999.0 -9999.0 -9999.0 -9999.0 -9999.0 -9999.0 -9999.0 -9999.0 -9999.0 -9999.0 -9999.0 -9999.0 -9999.0 -9999.0 -9999.0 -9999.0 -9999.0 -9999.0 -9999.0 -9999.0 -9999.0 -9999.0 -9999.0 -9999.0 -9999.0 -9999.0 -9999.0 -9999.0 -9999.0 -9999.0 -9999.0 -9999.0 -9999.0 -9999.0 -9999.0 -9999.0 -9999.0 -9999.0 -9999.0 -9999.0 -9999.0 -9999.0 -9999.0 -9999.0 -9999.0 -9999.0 -9999.0 -9999.0 -9999.0 -9999.0 -9999.0 -9999.0 -9999.0 -9999.0 -9999.0 -9999.0 -9999.0 -9999.0 -9999.0 -9999.0 -9999.0 -9999.0 -9999.0 -9999.0 -9999.0 -9999.0 -9999.0 -9999.0 -9999.0 -9999.0 -9999.0 -9999.0 -9999.0 -9999.0 -9999.0 -9999.0 -9999.0 -9999.0 -9999.0 -9999.0 -9999.0 -9999.0 -9999.0 -9999.0 -9999.0 -9999.0 -9999.0 -9999.0 -9999.0 -9999.0 -9999.0 -9999.0 -9999.0 -9999.0 -9999.0 -9999.0 -9999.0 -9999.0 -9999.0 -9999.0 -9999.0
-9999.0 -9999.0 -9999.0 -9999.0 -9999.0 -9999.0 -9999.0 -9999.0 -9999.0 -9999.0 -9999.0 -9999.0 -9999.0 -9999.0 -9999.0 -9999.0 -9999.0 -9999.0 -9999.0 -9999.0 -9999.0 -9999.0 -9999.0 -9999.0 -9999.0 -9999.0 -9999.0 -9999.0 -9999.0 -9999.0 -9999.0 -9999.0 -9999.0 -9999.0 -9999.0 -9999.0 -9999.0 -9999.0 -9999.0 -9999.0 -9999.0 -9999.0 -9999.0 -9999.0 -9999.0 -9999.0 -9999.0 -9999.0 -9999.0 -9999.0 -9999.0 -9999.0 -9999.0 -9999.0 -9999.0 -9999.0 -9999.0 -9999.0 -9999.0 -9999.0 -9999.0 -9999.0 -9999.0 -9999.0 -9999.0 -9999.0 -9999.0 -9999.0 -9999.0 -9999.0 -9999.0 -9999.0 -9999.0 -9999.0 -9999.0 -9999.0 -9999.0 -9999.0 -9999.0 -9999.0 -9999.0 -9999.0 -9999.0 -9999.0 -9999.0 -9999.0 -9999.0 -9999.0 -9999.0 -9999.0 -9999.0 -9999.0 -9999.0 -9999.0 -9999.0 -9999.0 -9999.0 -9999.0 -9999.0 -9999.0 -9999.0 -9999.0 -9999.0 -9999.0
-9999.0 -9999.0 1019.342518 920.577914 821.755631 722.789049 623.739446 524.652405 425.554009 326.458761 227.374847 128.307017 29.258678 -69.763914 -168.759904 -267.714017 -366.591461 -465.323856 -563.783999 -661.744833 -759.362260 -856.881437 -953.763861 -1049.752267 -1141.032443 -1222.931423 -1295.803039 -1358.259237 -1409.780052 -1450.752295 -1482.275702 -1505.849173 -1523.067941 -1535.410204 -1544.128129 -1550.221739 -1554.471940 -1557.549462 -1560.353418 -1565.041198 -1577.555010 -1615.450298 -1705.118841 -2919.957551 -3918.291060 -3915.674957 -3664.116705 -3168.596543 -2828.630065 -2613.619922 -2461.410763 -2333.284708 -2254.830268 -2203.965043 -2156.656410 -2107.027120 -2053.303793 -1996.135181 -1937.349686 -1878.114718 -1806.333910 -1472.565775 -1572.072722 -1569.297287 -1565.333446 -1564.017615 -1563.721412 -1563.666629 -1563.657877 -1563.657029 -1563.657425 -1563.657937 -1563.658385 -1563.658757 -1563.659067 -1563.659331 -1563.659563 -1563.659772 -1563.659966 -1563.660154 -1563.660344 -1563.660548 -1563.660781 -1563.661063 -1563.661430 -1563.661933 -1563.662660 -1563.663754 -1563.665467 -1563.668243 -1563.672905 -1563.681023 -1563.695674 -1563.723053 -1563.776008 -1563.882357 -1564.105984 -1564.603780 -1565.785776 -1568.795213 -1577.134694 -1603.118251 -9999.0 -9999.0
-9999.0 -9999.0 1019.345147 920.578956 821.755982 722.789166 623.739486 524.652419 425.554014 326.458763 227.374848 128.307018 29.258678 -69.763914 -168.759904 -267.714017 -366.591461 -465.323856 -563.784000 -661.744833 -759.362260 -856.881437 -953.763861 -1049.752268 -1141.032443 -1222.931423 -1295.803039 -1358.259237 -1409.780052 -1450.752295 -1482.275702 -1505.849174 -1523.067941 -1535.410204 -1544.128129 -1550.221739 -1554.471940 -1557.549462 -1560.353418 -1565.041198 -1577.555010 -1615.450298 -1705.118841 -2919.957549 -3918.291060 -3915.674957 -3664.116704 -3168.596542 -2828.630065 -2613.619921 -2461.410761 -2333.284708 -2254.830268 -2203.965043 -2156.656409 -2107.027120 -2053.303792 -1996.135181 -1937.349686 -1878.114718 -1806.333910 -1472.565775 -1572.072722 -1569.297287 -1565.333446 -1564.017615 -1563.721412 -1563.666629 -1563.657877 -1563.657029 -1563.657425 -1563.657937 -1563.658385 -1563.658757 -1563.659067 -1563.659331 -1563.659563 -1563.659772 -1563.659966 -1563.660154 -1563.660344 -1563.660548 -1563.660781 -1563.661063 -1563.661430 -1563.661933 -1563.662660 -1563.663754 -1563.665467 -1563.668243 -1563.672905 -1563.681023 -1563.695674 -1563.723053 -1563.776008 -1563.882357 -1564.105984 -1564.603780 -1565.785776 -1568.795213 -1577.134694 -1603.118251 -9999.0 -9999.0
-9999.0 -9999.0 1019.346210 920.579533 821.756228 722.789261 623.739521 524.652432 425.554019 326.458765 227.374848 128.307018 29.258678 -69.763914 -168.759904 -267.714017 -366.591461 -465.323856 -563.784000 -661.744833 -759.362260 -856.881437 -953.763861 -1049.752268 -1141.032444 -1222.931423 -1295.803039 -1358.259237 -1409.780052 -1450.752295 -1482.275702 -1505.849174 -1523.067941 -1535.410204 -1544.128129 -1550.221739 -1554.471940 -1557.549462 -1560.353418 -1565.041198 -1577.555010 -1615.450298 -1705.118841 -2919.957549 -3918.291060 -3915.674957 -3664.116704 -3168.596542 -2828.630065 -2613.619919 -2461.410760 -2333.284707 -2254.830268 -2203.965043 -2156.656409 -2107.027119 -2053.303792 -1996.135181 -1937.349686 -1878.114718 -1806.333910 -1472.565775 -1572.072722 -1569.297287 -1565.333446 -1564.017615 -1563.721412 -1563.666629 -1563.657877 -1563.657029 -1563.657425 -1563.657937 -1563.658385 -1563.658757 -1563.659067 -1563.659331 -1563.659563 -1563.659772 -1563.659966 -1563.660154 -1563.660344 -1563.660548 -1563.660781 -1563.661063 -1563.661430 -1563.661933 -1563.662660 -1563.663754 -1563.665467 -1563.668243 -1563.672905 -1563.681023 -1563.695674 -1563.723053 -1563.776008 -1563.882357 -1564.105984 -1564.603780 -1565.785776 -1568.795213 -1577.134694 -1603.118251 -9999.0 -9999.0
-9999.0 -9999.0 1019.346210 920.579532 821.756228 722.789261 623.739521 524.652432 425.554019 326.458765 227.374848 128.307018 29.258678 -69.763914 -168.759904 -267.714017 -366.591461 -465.323856 -563.784000 -661.744833 -759.362260 -856.881437 -953.763861 -1049.752268 -1141.032444 -1222.931423 -1295.803039 -1358.259237 -1409.780052 -1450.752295 -1482.275702 -1505.849174 -1523.067941 -1535.410204 -1544.128129 -1550.221739 -1554.471940 -1557.549462 -1560.353418 -1565.041198 -1577.555010 -1615.450298 -1705.118841 -2919.957549 -3918.291060 -3915.674957 -3664.116704 -3168.596542 -2828.630065 -2613.619920 -2461.410760 -2333.284707 -2254.830268 -2203.965043 -2156.656409 -2107.027120 -2053.303792 -1996.135181 -1937.349686 -1878.114718 -1806.333910 -1472.565775 -1572.072722 -1569.297287 -1565.333446 -1564.017615 -1563.721412 -1563.666629 -1563.657877 -1563.657029 -1563.657425 -1563.657937 -1563.658385 -1563.658757 -1563.659067 -1563.659331 -1563.659563 -1563.659772 -1563.659966 -1563.660154 -1563.660344 -1563.660548 -1563.660781 -1563.661063 -1563.661430 -1563.661933 -1563.662660 -1563.663754 -1563.665467 -1563.668243 -1563.672905 -1563.681023 -1563.695674 -1563.723053 -1563.776008 -1563.882357 -1564.105984 -1564.603780 -1565.785776 -1568.795213 -1577.134694 -1603.118251 -9999.0 -9999.0
-9999.0 -9999.0 1019.345147 920.578956 821.755982 722.789166 623.739486 524.652419 425.554014 326.458763 227.374848 128.307018 29.258678 -69.763914 -168.759904 -267.714017 -366.591461 -465.323856 -563.784000 -661.744833 -759.362260 -856.881437 -953.763861 -1049.752267 -1141.032443 -1222.931423 -1295.803039 -1358.259237 -1409.780052 -1450.752295 -1482.275702 -1505.849174 -1523.067941 -1535.410204 -1544.128129 -1550.221739 -1554.471940 -1557.549462 -1560.353418 -1565.041198 -1577.555010 -1615.450298 -1705.118841 -2919.957549 -3918.291060 -3915.674957 -3664.116704 -3168.596542 -2828.630065 -2613.619920 -2461.410761 -2333.284708 -2254.830268 -2203.965043 -2156.656409 -2107.027120 -2053.303792 -1996.135181 -1937.349686 -1878.114718 -1806.333910 -1472.565775 -1572.072722 -1569.297287 -1565.333446 -1564.017615 -1563.721412 -1563.666629 -1563.657877 -1563.657029 -1563.657425 -1563.657937 -1563.658385 -1563.658757 -1563.659067 -1563.659331 -1563.659563 -1563.659772 -1563.659966 -1563.660154 -1563.660344 -1563.660548 -1563.660781 -1563.661063 -1563.661430 -1563.661933 -1563.662660 -1563.663754 -1563.665467 -1563.668243 -1563.672905 -1563.681023 -1563.695674 -1563.723053 -1563.776008 -1563.882357 -1564.105984 -1564.603780 -1565.785776 -1568.795213 -1577.134694 -1603.118251 -9999.0 -9999.0
-9999.0 -9999.0 1019.342518 920.577913 821.755631 722.789049 623.739446 524.652405 425.554009 326.458761 227.374847 128.307017 29.258678 -69.763914 -168.759904 -267.714017 -366.591461 -465.323856 -563.783999 -661.744833 -759.362260 -856.881437 -953.763861 -1049.752267 -1141.032443 -1222.931423 -1295.803039 -1358.259237 -1409.780052 -1450.752295 -1482.275702 -1505.849173 -1523.067941 -1535.410204 -1544.128129 -1550.221739 -1554.471940 -1557.549462 -1560.353418 -1565.041198 -1577.555010 -1615.450298 -1705.118841 -2919.957551 -3918.291060 -3915.674957 -3664.116705 -3168.596544 -2828.630065 -2613.619922 -2461.410763 -2333.284708 -2254.830268 -2203.965043 -2156.656410 -2107.027120 -2053.303793 -1996.135181 -1937.349686 -1878.114718 -1806.333911 -1472.565775 -1572.072722 -1569.297287 -1565.333446 -1564.017615 -1563.721412 -1563.666629 -1563.657877 -1563.657029 -1563.657425 -1563.657937 -1563.658385 -1563.658757 -1563.659067 -1563.659331 -1563.659563 -1563.659772 -1563.659966 -1563.660154 -1563.660344 -1563.660548 -1563.660781 -1563.661063 -1563.661430 -1563.661933 -1563.662660 -1563.663754 -1563.665467 -1563.668243 -1563.672905 -1563.681023 -1563.695674 -1563.723053 -1563.776008 -1563.882357 -1564.105984 -1564.603780 -1565.785776 -1568.795213 -1577.134694 -1603.118251 -9999.0 -9999.0
-9999.0 -9999.0 -9999.0 -9999.0 -9999.0 -9999.0 -9999.0 -9999.0 -9999.0 -9999.0 -9999.0 -9999.0 -9999.0 -9999.0 -9999.0 -9999.0 -9999.0 -9999.0 -9999.0 -9999.0 -9999.0 -9999.0 -9999.0 -9999.0 -9999.0 -9999.0 -9999.0 -9999.0 -9999.0 -9999.0 -9999.0 -9999.0 -9999.0 -9999.0 -9999.0 -9999.0 -9999.0 -9999.0 -9999.0 -9999.0 -9999.0 -9999.0 -9999.0 -9999.0 -9999.0 -9999.0 -9999.0 -9999.0 -9999.0 -9999.0 -9999.0 -9999.0 -9999.0 -9999.0 -9999.0 -9999.0 -9999.0 -9999.0 -9999.0 -9999.0 -9999.0 -9999.0 -9999.0 -9999.0 -9999.0 -9999.0 -9999.0 -9999.0 -9999.0 -9999.0 -9999.0 -9999.0 -9999.0 -9999.0 -9999.0 -9999.0 -9999.0 -9999.0 -9999.0 -9999.0 -9999.0 -9999.0 -9999.0 -9999.0 -9999.0 -9999.0 -9999.0 -9999.0 -9999.0 -9999.0 -9999.0 -9999.0 -9999.0 -9999.0 -9999.0 -9999.0 -9999.0 -9999.0 -9999.0 -9999.0 -9999.0 -9999.0 -9999.0 -9999.0
-9999.0 -9999.0 -9999.0 -9999.0 -9999.0 -9999.0 -9999.0 -9999.0 -9999.0 -9999.0 -9999.0 -9999.0 -9999.0 -9999.0 -9999.0 -9999.0 -9999.0 -9999.0 -9999.0 -9999.0 -9999.0 -9999.0 -9999.0 -9999.0 -9999.0 -9999.0 -9999.0 -9999.0 -9999.0 -9999.0 -9999.0 -9999.0 -9999.0 -9999.0 -9999.0 -9999.0 -9999.0 -9999.0 -9999.0 -9999.0 -9999.0 -9999.0 -9999.0 -9999.0 -9999.0 -9999.0 -9999.0 -9999.0 -9999.0 -9999.0 -9999.0 -9999.0 -9999.0 -9999.0 -9999.0 -9999.0 -9999.0 -9999.0 -9999.0 -9999.0 -9999.0 -9999.0 -9999.0 -9999.0 -9999.0 -9999.0 -9999.0 -9999.0 -9999.0 -9999.0 -9999.0 -9999.0 -9999.0 -9999.0 -9999.0 -9999.0 -9999.0 -9999.0 -9999.0 -9999.0 -9999.0 -9999.0 -9999.0 -9999.0 -9999.0 -9999.0 -9999.0 -9999.0 -9999.0 -9999.0 -9999.0 -9999.0 -9999.0 -9999.0 -9999.0 -9999.0 -9999.0 -9999.0 -9999.0 -9999.0 -9999.0 -9999.0 -9999.0 -9999.0