inst/processing_geotop_simulation/geotop_simulation/out/maps3D/PwL0013N0023.asc
ncols         104
nrows         10
xllcorner     -2.000000
yllcorner     0.000000
cellsize      1.000000
NODATA_value  -9999.0
-9999.0 -9999.0 -9999.0 -9999.0 -9999.0 -9999.0 -9999.0 -9999.0 -9999.0 -9999.0 -9999.0 -9999.0 -9999.0 -9999.0 -9999.0 -9999.0 -9999.0 -9999.0 -9999.0 -9999.0 -9999.0 -9999.0 -9999.0 -9999.0 -9999.0 -9999.0 -9999.0 -9999.0 -9999.0 -9999.0 -9999.0 -9999.0 -9999.0 -9999.0 -9999.0 -9999.0 -9999.0 -9999.0 -9999.0 -9999.0 -9999.0 -9999.0 -9999.0 -9999.0 -9999.0 -9999.0 -9999.0 -9999.0 -9999.0 -9999.0 -9999.0 -9999.0 -9999.0 -9999.0 -9999.0 -9999.0 -9999.0 -9999.0 -9999.0 -9999.0 -9999.0 -9999.0 -9999.0 -9999.0 -9999.0 -9999.0 -9999.0 -9999.0 -9999.0 -9999.0 -9999.0 -9999.0 -9999.0 -9999.0 -9999.0 -9999.0 -9999.0 -9999.0 -9999.0 -9999.0 -9999.0 -9999.0 -9999.0 -9999.0 -9999.0 -9999.0 -9999.0 -9999.0 -9999.0 -9999.0 -9999.0 -9999.0 -9999.0 -9999.0 -9999.0 -9999.0 -9999.0 -9999.0 -9999.0 -9999.0 -9999.0 -9999.0 -9999.0 -9999.0
-9999.0 -9999.0 -9999.0 -9999.0 -9999.0 -9999.0 -9999.0 -9999.0 -9999.0 -9999.0 -9999.0 -9999.0 -9999.0 -9999.0 -9999.0 -9999.0 -9999.0 -9999.0 -9999.0 -9999.0 -9999.0 -9999.0 -9999.0 -9999.0 -9999.0 -9999.0 -9999.0 -9999.0 -9999.0 -9999.0 -9999.0 -9999.0 -9999.0 -9999.0 -9999.0 -9999.0 -9999.0 -9999.0 -9999.0 -9999.0 -9999.0 -9999.0 -9999.0 -9999.0 -9999.0 -9999.0 -9999.0 -9999.0 -9999.0 -9999.0 -9999.0 -9999.0 -9999.0 -9999.0 -9999.0 -9999.0 -9999.0 -9999.0 -9999.0 -9999.0 -9999.0 -9999.0 -9999.0 -9999.0 -9999.0 -9999.0 -9999.0 -9999.0 -9999.0 -9999.0 -9999.0 -9999.0 -9999.0 -9999.0 -9999.0 -9999.0 -9999.0 -9999.0 -9999.0 -9999.0 -9999.0 -9999.0 -9999.0 -9999.0 -9999.0 -9999.0 -9999.0 -9999.0 -9999.0 -9999.0 -9999.0 -9999.0 -9999.0 -9999.0 -9999.0 -9999.0 -9999.0 -9999.0 -9999.0 -9999.0 -9999.0 -9999.0 -9999.0 -9999.0
-9999.0 -9999.0 615.774589 517.628050 419.673754 319.638270 216.828812 111.909645 5.381255 -99.991460 -208.612639 -292.801828 -344.914102 -372.061720 -380.281538 -372.143097 -289.819445 -138.898034 19.375873 197.160366 392.307339 335.000184 271.396558 202.038788 128.119101 50.863959 -28.470902 -107.949041 -183.120588 -247.158923 -293.907584 -322.840686 -338.578959 -346.288768 -349.387673 -349.714317 -347.942714 -343.921175 -330.287843 -273.710048 -319.456146 -386.623987 -2904.902370 -4331.595263 -4331.683168 -4331.683168 -4331.683168 -4331.683168 -4331.683168 -4331.683168 -4331.683168 -4331.683168 -4331.683168 -4331.683168 -4331.683168 -4331.683168 -4331.683168 -4331.683168 -4331.683168 -4331.683168 -4331.522848 -2761.474632 -246.534571 -295.258358 -319.379403 -333.355538 -341.894571 -347.091169 -350.356665 -352.392910 -353.660705 -354.467951 -354.987496 -355.316591 -355.526874 -355.663072 -355.752422 -355.809463 -355.846719 -355.875066 -355.903583 -355.937003 -355.975143 -356.034749 -356.123968 -356.263646 -356.483581 -356.828932 -357.372930 -358.229834 -359.577298 -361.689838 -364.987626 -370.102261 -377.959273 -389.866194 -407.578563 -433.308188 -469.803881 -522.453802 -612.206724 -790.043813 -9999.0 -9999.0
-9999.0 -9999.0 615.820912 517.645051 419.679456 319.640252 216.829555 111.909930 5.381370 -99.991417 -208.612622 -292.801823 -344.914101 -372.061720 -380.281538 -372.143097 -289.819445 -138.898034 19.375873 197.160366 392.307339 335.000184 271.396557 202.038788 128.119100 50.863959 -28.470902 -107.949041 -183.120589 -247.158923 -293.907585 -322.840686 -338.578960 -346.288768 -349.387673 -349.714317 -347.942714 -343.921175 -330.287843 -273.710051 -319.456151 -386.623989 -2904.902369 -4331.595263 -4331.683168 -4331.683168 -4331.683168 -4331.683168 -4331.683168 -4331.683168 -4331.683168 -4331.683168 -4331.683168 -4331.683168 -4331.683168 -4331.683168 -4331.683168 -4331.683168 -4331.683168 -4331.683168 -4331.522848 -2761.474632 -246.534571 -295.258358 -319.379403 -333.355538 -341.894572 -347.091169 -350.356665 -352.392910 -353.660706 -354.467952 -354.987496 -355.316592 -355.526875 -355.663072 -355.752423 -355.809463 -355.846719 -355.875066 -355.903583 -355.937003 -355.975143 -356.034749 -356.123968 -356.263646 -356.483581 -356.828932 -357.372930 -358.229834 -359.577298 -361.689838 -364.987626 -370.102261 -377.959273 -389.866194 -407.578563 -433.308188 -469.803881 -522.453802 -612.206724 -790.043813 -9999.0 -9999.0
-9999.0 -9999.0 615.837196 517.654087 419.683471 319.641897 216.830228 111.910201 5.381482 -99.991375 -208.612605 -292.801819 -344.914100 -372.061720 -380.281538 -372.143097 -289.819445 -138.898034 19.375873 197.160366 392.307339 335.000183 271.396557 202.038788 128.119100 50.863959 -28.470902 -107.949041 -183.120589 -247.158924 -293.907585 -322.840686 -338.578960 -346.288768 -349.387673 -349.714317 -347.942714 -343.921175 -330.287843 -273.710053 -319.456154 -386.623990 -2904.902369 -4331.595263 -4331.683168 -4331.683168 -4331.683168 -4331.683168 -4331.683168 -4331.683168 -4331.683168 -4331.683168 -4331.683168 -4331.683168 -4331.683168 -4331.683168 -4331.683168 -4331.683168 -4331.683168 -4331.683168 -4331.522848 -2761.474632 -246.534572 -295.258358 -319.379403 -333.355538 -341.894572 -347.091169 -350.356665 -352.392910 -353.660706 -354.467952 -354.987497 -355.316592 -355.526875 -355.663072 -355.752423 -355.809463 -355.846719 -355.875066 -355.903583 -355.937003 -355.975143 -356.034749 -356.123968 -356.263646 -356.483581 -356.828932 -357.372930 -358.229834 -359.577298 -361.689838 -364.987626 -370.102261 -377.959273 -389.866194 -407.578563 -433.308188 -469.803881 -522.453802 -612.206724 -790.043812 -9999.0 -9999.0
-9999.0 -9999.0 615.837196 517.654087 419.683471 319.641897 216.830228 111.910201 5.381482 -99.991375 -208.612605 -292.801818 -344.914100 -372.061720 -380.281538 -372.143097 -289.819445 -138.898034 19.375873 197.160366 392.307339 335.000183 271.396557 202.038788 128.119100 50.863959 -28.470902 -107.949041 -183.120589 -247.158924 -293.907585 -322.840686 -338.578960 -346.288768 -349.387673 -349.714317 -347.942714 -343.921175 -330.287843 -273.710053 -319.456154 -386.623990 -2904.902369 -4331.595263 -4331.683168 -4331.683168 -4331.683168 -4331.683168 -4331.683168 -4331.683168 -4331.683168 -4331.683168 -4331.683168 -4331.683168 -4331.683168 -4331.683168 -4331.683168 -4331.683168 -4331.683168 -4331.683168 -4331.522848 -2761.474632 -246.534572 -295.258358 -319.379403 -333.355538 -341.894572 -347.091169 -350.356665 -352.392910 -353.660706 -354.467952 -354.987497 -355.316592 -355.526875 -355.663072 -355.752423 -355.809463 -355.846719 -355.875066 -355.903583 -355.937003 -355.975143 -356.034749 -356.123968 -356.263646 -356.483581 -356.828932 -357.372930 -358.229834 -359.577298 -361.689838 -364.987626 -370.102261 -377.959273 -389.866194 -407.578563 -433.308188 -469.803881 -522.453802 -612.206724 -790.043813 -9999.0 -9999.0
-9999.0 -9999.0 615.820912 517.645051 419.679456 319.640252 216.829555 111.909930 5.381370 -99.991417 -208.612622 -292.801823 -344.914101 -372.061720 -380.281538 -372.143097 -289.819445 -138.898034 19.375873 197.160366 392.307339 335.000184 271.396557 202.038788 128.119100 50.863959 -28.470902 -107.949041 -183.120589 -247.158923 -293.907585 -322.840686 -338.578960 -346.288768 -349.387673 -349.714317 -347.942714 -343.921175 -330.287843 -273.710051 -319.456151 -386.623989 -2904.902369 -4331.595263 -4331.683168 -4331.683168 -4331.683168 -4331.683168 -4331.683168 -4331.683168 -4331.683168 -4331.683168 -4331.683168 -4331.683168 -4331.683168 -4331.683168 -4331.683168 -4331.683168 -4331.683168 -4331.683168 -4331.522848 -2761.474632 -246.534571 -295.258358 -319.379403 -333.355538 -341.894572 -347.091169 -350.356665 -352.392910 -353.660706 -354.467952 -354.987496 -355.316592 -355.526875 -355.663072 -355.752423 -355.809463 -355.846719 -355.875066 -355.903583 -355.937003 -355.975143 -356.034749 -356.123968 -356.263646 -356.483581 -356.828932 -357.372930 -358.229834 -359.577298 -361.689838 -364.987626 -370.102261 -377.959273 -389.866194 -407.578563 -433.308188 -469.803881 -522.453802 -612.206724 -790.043813 -9999.0 -9999.0
-9999.0 -9999.0 615.774589 517.628050 419.673754 319.638270 216.828812 111.909645 5.381255 -99.991460 -208.612639 -292.801828 -344.914102 -372.061720 -380.281538 -372.143097 -289.819445 -138.898034 19.375873 197.160366 392.307340 335.000184 271.396558 202.038788 128.119101 50.863959 -28.470902 -107.949041 -183.120588 -247.158923 -293.907584 -322.840686 -338.578959 -346.288768 -349.387673 -349.714317 -347.942714 -343.921175 -330.287843 -273.710048 -319.456146 -386.623987 -2904.902370 -4331.595263 -4331.683168 -4331.683168 -4331.683168 -4331.683168 -4331.683168 -4331.683168 -4331.683168 -4331.683168 -4331.683168 -4331.683168 -4331.683168 -4331.683168 -4331.683168 -4331.683168 -4331.683168 -4331.683168 -4331.522848 -2761.474632 -246.534572 -295.258358 -319.379403 -333.355538 -341.894571 -347.091169 -350.356665 -352.392910 -353.660705 -354.467951 -354.987496 -355.316591 -355.526874 -355.663072 -355.752422 -355.809463 -355.846719 -355.875066 -355.903583 -355.937003 -355.975143 -356.034749 -356.123968 -356.263646 -356.483581 -356.828932 -357.372930 -358.229834 -359.577298 -361.689838 -364.987626 -370.102261 -377.959273 -389.866194 -407.578563 -433.308188 -469.803881 -522.453802 -612.206724 -790.043813 -9999.0 -9999.0
-9999.0 -9999.0 -9999.0 -9999.0 -9999.0 -9999.0 -9999.0 -9999.0 -9999.0 -9999.0 -9999.0 -9999.0 -9999.0 -9999.0 -9999.0 -9999.0 -9999.0 -9999.0 -9999.0 -9999.0 -9999.0 -9999.0 -9999.0 -9999.0 -9999.0 -9999.0 -9999.0 -9999.0 -9999.0 -9999.0 -9999.0 -9999.0 -9999.0 -9999.0 -9999.0 -9999.0 -9999.0 -9999.0 -9999.0 -9999.0 -9999.0 -9999.0 -9999.0 -9999.0 -9999.0 -9999.0 -9999.0 -9999.0 -9999.0 -9999.0 -9999.0 -9999.0 -9999.0 -9999.0 -9999.0 -9999.0 -9999.0 -9999.0 -9999.0 -9999.0 -9999.0 -9999.0 -9999.0 -9999.0 -9999.0 -9999.0 -9999.0 -9999.0 -9999.0 -9999.0 -9999.0 -9999.0 -9999.0 -9999.0 -9999.0 -9999.0 -9999.0 -9999.0 -9999.0 -9999.0 -9999.0 -9999.0 -9999.0 -9999.0 -9999.0 -9999.0 -9999.0 -9999.0 -9999.0 -9999.0 -9999.0 -9999.0 -9999.0 -9999.0 -9999.0 -9999.0 -9999.0 -9999.0 -9999.0 -9999.0 -9999.0 -9999.0 -9999.0 -9999.0
-9999.0 -9999.0 -9999.0 -9999.0 -9999.0 -9999.0 -9999.0 -9999.0 -9999.0 -9999.0 -9999.0 -9999.0 -9999.0 -9999.0 -9999.0 -9999.0 -9999.0 -9999.0 -9999.0 -9999.0 -9999.0 -9999.0 -9999.0 -9999.0 -9999.0 -9999.0 -9999.0 -9999.0 -9999.0 -9999.0 -9999.0 -9999.0 -9999.0 -9999.0 -9999.0 -9999.0 -9999.0 -9999.0 -9999.0 -9999.0 -9999.0 -9999.0 -9999.0 -9999.0 -9999.0 -9999.0 -9999.0 -9999.0 -9999.0 -9999.0 -9999.0 -9999.0 -9999.0 -9999.0 -9999.0 -9999.0 -9999.0 -9999.0 -9999.0 -9999.0 -9999.0 -9999.0 -9999.0 -9999.0 -9999.0 -9999.0 -9999.0 -9999.0 -9999.0 -9999.0 -9999.0 -9999.0 -9999.0 -9999.0 -9999.0 -9999.0 -9999.0 -9999.0 -9999.0 -9999.0 -9999.0 -9999.0 -9999.0 -9999.0 -9999.0 -9999.0 -9999.0 -9999.0 -9999.0 -9999.0 -9999.0 -9999.0 -9999.0 -9999.0 -9999.0 -9999.0 -9999.0 -9999.0 -9999.0 -9999.0 -9999.0 -9999.0 -9999.0 -9999.0