inst/processing_geotop_simulation/geotop_simulation/out/maps3D/PwL0009N0331.asc
ncols         104
nrows         10
xllcorner     -2.000000
yllcorner     0.000000
cellsize      1.000000
NODATA_value  -9999.0
-9999.0 -9999.0 -9999.0 -9999.0 -9999.0 -9999.0 -9999.0 -9999.0 -9999.0 -9999.0 -9999.0 -9999.0 -9999.0 -9999.0 -9999.0 -9999.0 -9999.0 -9999.0 -9999.0 -9999.0 -9999.0 -9999.0 -9999.0 -9999.0 -9999.0 -9999.0 -9999.0 -9999.0 -9999.0 -9999.0 -9999.0 -9999.0 -9999.0 -9999.0 -9999.0 -9999.0 -9999.0 -9999.0 -9999.0 -9999.0 -9999.0 -9999.0 -9999.0 -9999.0 -9999.0 -9999.0 -9999.0 -9999.0 -9999.0 -9999.0 -9999.0 -9999.0 -9999.0 -9999.0 -9999.0 -9999.0 -9999.0 -9999.0 -9999.0 -9999.0 -9999.0 -9999.0 -9999.0 -9999.0 -9999.0 -9999.0 -9999.0 -9999.0 -9999.0 -9999.0 -9999.0 -9999.0 -9999.0 -9999.0 -9999.0 -9999.0 -9999.0 -9999.0 -9999.0 -9999.0 -9999.0 -9999.0 -9999.0 -9999.0 -9999.0 -9999.0 -9999.0 -9999.0 -9999.0 -9999.0 -9999.0 -9999.0 -9999.0 -9999.0 -9999.0 -9999.0 -9999.0 -9999.0 -9999.0 -9999.0 -9999.0 -9999.0 -9999.0 -9999.0
-9999.0 -9999.0 -9999.0 -9999.0 -9999.0 -9999.0 -9999.0 -9999.0 -9999.0 -9999.0 -9999.0 -9999.0 -9999.0 -9999.0 -9999.0 -9999.0 -9999.0 -9999.0 -9999.0 -9999.0 -9999.0 -9999.0 -9999.0 -9999.0 -9999.0 -9999.0 -9999.0 -9999.0 -9999.0 -9999.0 -9999.0 -9999.0 -9999.0 -9999.0 -9999.0 -9999.0 -9999.0 -9999.0 -9999.0 -9999.0 -9999.0 -9999.0 -9999.0 -9999.0 -9999.0 -9999.0 -9999.0 -9999.0 -9999.0 -9999.0 -9999.0 -9999.0 -9999.0 -9999.0 -9999.0 -9999.0 -9999.0 -9999.0 -9999.0 -9999.0 -9999.0 -9999.0 -9999.0 -9999.0 -9999.0 -9999.0 -9999.0 -9999.0 -9999.0 -9999.0 -9999.0 -9999.0 -9999.0 -9999.0 -9999.0 -9999.0 -9999.0 -9999.0 -9999.0 -9999.0 -9999.0 -9999.0 -9999.0 -9999.0 -9999.0 -9999.0 -9999.0 -9999.0 -9999.0 -9999.0 -9999.0 -9999.0 -9999.0 -9999.0 -9999.0 -9999.0 -9999.0 -9999.0 -9999.0 -9999.0 -9999.0 -9999.0 -9999.0 -9999.0
-9999.0 -9999.0 424.067847 326.374876 227.890398 129.064575 30.097802 -68.922890 -167.961045 -266.993889 -365.995887 -464.927311 -563.703194 -662.150636 -760.367652 -858.652660 -956.760428 -1054.673729 -1151.706979 -1246.568155 -1338.255008 -1424.336814 -1501.831090 -1568.323963 -1622.764017 -1665.523201 -1697.964043 -1721.895706 -1739.156946 -1751.383201 -1759.917417 -1765.805052 -1769.829345 -1772.560401 -1774.404523 -1775.648988 -1776.506467 -1777.191344 -1778.166657 -1780.861438 -1787.315484 -1775.286815 -1271.677242 -1386.393628 -1349.776339 -1326.337326 -1315.573127 -1314.062435 -1313.905348 -1313.920489 -1313.960166 -1314.002801 -1314.043760 -1314.081681 -1314.116855 -1314.157621 -1314.284242 -1315.158005 -1320.761264 -1333.417771 -1349.504910 -1218.530466 -1743.451711 -1780.233574 -1779.452954 -1778.517711 -1778.296350 -1778.256737 -1778.250713 -1778.250306 -1778.250754 -1778.251241 -1778.251641 -1778.251953 -1778.252195 -1778.252386 -1778.252539 -1778.252666 -1778.252774 -1778.252873 -1778.252971 -1778.253080 -1778.253215 -1778.253400 -1778.253668 -1778.254075 -1778.254712 -1778.255726 -1778.257377 -1778.260121 -1778.264795 -1778.272986 -1778.287779 -1778.315320 -1778.368100 -1778.472291 -1778.685485 -1779.143558 -1780.193899 -1782.811288 -1790.113766 -1813.973607 -9999.0 -9999.0
-9999.0 -9999.0 424.074247 326.376577 227.890864 129.064715 30.097847 -68.922875 -167.961040 -266.993887 -365.995886 -464.927311 -563.703194 -662.150636 -760.367652 -858.652660 -956.760428 -1054.673729 -1151.706979 -1246.568155 -1338.255008 -1424.336814 -1501.831090 -1568.323964 -1622.764017 -1665.523201 -1697.964043 -1721.895706 -1739.156946 -1751.383201 -1759.917417 -1765.805052 -1769.829345 -1772.560401 -1774.404523 -1775.648988 -1776.506467 -1777.191344 -1778.166657 -1780.861438 -1787.315484 -1775.286815 -1271.677242 -1386.393627 -1349.776339 -1326.337326 -1315.573127 -1314.062435 -1313.905348 -1313.920489 -1313.960166 -1314.002801 -1314.043760 -1314.081681 -1314.116855 -1314.157621 -1314.284242 -1315.158005 -1320.761264 -1333.417771 -1349.504910 -1218.530466 -1743.451711 -1780.233574 -1779.452954 -1778.517711 -1778.296350 -1778.256737 -1778.250713 -1778.250306 -1778.250754 -1778.251241 -1778.251641 -1778.251953 -1778.252195 -1778.252386 -1778.252539 -1778.252666 -1778.252774 -1778.252873 -1778.252971 -1778.253080 -1778.253215 -1778.253400 -1778.253668 -1778.254075 -1778.254712 -1778.255726 -1778.257377 -1778.260121 -1778.264795 -1778.272986 -1778.287779 -1778.315320 -1778.368100 -1778.472291 -1778.685485 -1779.143558 -1780.193899 -1782.811288 -1790.113766 -1813.973607 -9999.0 -9999.0
-9999.0 -9999.0 424.075662 326.377327 227.891164 129.064825 30.097887 -68.922860 -167.961035 -266.993885 -365.995886 -464.927310 -563.703194 -662.150636 -760.367652 -858.652660 -956.760428 -1054.673729 -1151.706980 -1246.568155 -1338.255008 -1424.336814 -1501.831090 -1568.323964 -1622.764017 -1665.523202 -1697.964043 -1721.895706 -1739.156946 -1751.383201 -1759.917417 -1765.805052 -1769.829345 -1772.560401 -1774.404523 -1775.648988 -1776.506467 -1777.191344 -1778.166657 -1780.861438 -1787.315484 -1775.286815 -1271.677242 -1386.393627 -1349.776338 -1326.337325 -1315.573127 -1314.062435 -1313.905347 -1313.920489 -1313.960166 -1314.002801 -1314.043760 -1314.081681 -1314.116855 -1314.157621 -1314.284242 -1315.158005 -1320.761264 -1333.417771 -1349.504910 -1218.530466 -1743.451711 -1780.233574 -1779.452954 -1778.517711 -1778.296350 -1778.256737 -1778.250713 -1778.250306 -1778.250754 -1778.251241 -1778.251641 -1778.251953 -1778.252195 -1778.252386 -1778.252539 -1778.252666 -1778.252774 -1778.252873 -1778.252971 -1778.253080 -1778.253215 -1778.253400 -1778.253668 -1778.254075 -1778.254712 -1778.255726 -1778.257377 -1778.260121 -1778.264795 -1778.272986 -1778.287779 -1778.315320 -1778.368100 -1778.472291 -1778.685485 -1779.143558 -1780.193899 -1782.811288 -1790.113766 -1813.973607 -9999.0 -9999.0
-9999.0 -9999.0 424.075663 326.377327 227.891164 129.064825 30.097887 -68.922860 -167.961035 -266.993885 -365.995886 -464.927310 -563.703194 -662.150636 -760.367652 -858.652660 -956.760428 -1054.673729 -1151.706980 -1246.568155 -1338.255008 -1424.336814 -1501.831090 -1568.323964 -1622.764017 -1665.523202 -1697.964043 -1721.895706 -1739.156946 -1751.383201 -1759.917417 -1765.805052 -1769.829345 -1772.560401 -1774.404523 -1775.648988 -1776.506467 -1777.191344 -1778.166657 -1780.861438 -1787.315484 -1775.286815 -1271.677242 -1386.393627 -1349.776338 -1326.337325 -1315.573127 -1314.062435 -1313.905347 -1313.920489 -1313.960166 -1314.002801 -1314.043760 -1314.081681 -1314.116855 -1314.157621 -1314.284242 -1315.158005 -1320.761264 -1333.417771 -1349.504910 -1218.530466 -1743.451711 -1780.233574 -1779.452954 -1778.517711 -1778.296350 -1778.256737 -1778.250713 -1778.250306 -1778.250754 -1778.251241 -1778.251641 -1778.251953 -1778.252195 -1778.252386 -1778.252539 -1778.252666 -1778.252774 -1778.252873 -1778.252971 -1778.253080 -1778.253215 -1778.253400 -1778.253668 -1778.254075 -1778.254712 -1778.255726 -1778.257377 -1778.260121 -1778.264795 -1778.272986 -1778.287779 -1778.315320 -1778.368100 -1778.472291 -1778.685485 -1779.143558 -1780.193899 -1782.811288 -1790.113766 -1813.973607 -9999.0 -9999.0
-9999.0 -9999.0 424.074247 326.376577 227.890863 129.064715 30.097847 -68.922874 -167.961040 -266.993887 -365.995886 -464.927311 -563.703194 -662.150636 -760.367652 -858.652660 -956.760428 -1054.673729 -1151.706979 -1246.568155 -1338.255008 -1424.336814 -1501.831090 -1568.323964 -1622.764017 -1665.523201 -1697.964043 -1721.895706 -1739.156946 -1751.383201 -1759.917417 -1765.805052 -1769.829345 -1772.560401 -1774.404523 -1775.648988 -1776.506467 -1777.191344 -1778.166657 -1780.861438 -1787.315484 -1775.286815 -1271.677242 -1386.393627 -1349.776339 -1326.337326 -1315.573127 -1314.062435 -1313.905348 -1313.920489 -1313.960166 -1314.002801 -1314.043760 -1314.081681 -1314.116855 -1314.157621 -1314.284242 -1315.158005 -1320.761264 -1333.417771 -1349.504910 -1218.530466 -1743.451711 -1780.233574 -1779.452954 -1778.517711 -1778.296350 -1778.256737 -1778.250713 -1778.250306 -1778.250754 -1778.251241 -1778.251641 -1778.251953 -1778.252195 -1778.252386 -1778.252539 -1778.252666 -1778.252774 -1778.252873 -1778.252971 -1778.253080 -1778.253215 -1778.253400 -1778.253668 -1778.254075 -1778.254712 -1778.255726 -1778.257377 -1778.260121 -1778.264795 -1778.272986 -1778.287779 -1778.315320 -1778.368100 -1778.472291 -1778.685485 -1779.143558 -1780.193899 -1782.811288 -1790.113766 -1813.973607 -9999.0 -9999.0
-9999.0 -9999.0 424.067847 326.374876 227.890398 129.064575 30.097802 -68.922890 -167.961045 -266.993889 -365.995887 -464.927311 -563.703194 -662.150636 -760.367652 -858.652660 -956.760428 -1054.673729 -1151.706979 -1246.568155 -1338.255008 -1424.336814 -1501.831090 -1568.323963 -1622.764017 -1665.523201 -1697.964043 -1721.895706 -1739.156946 -1751.383201 -1759.917417 -1765.805052 -1769.829345 -1772.560401 -1774.404523 -1775.648988 -1776.506467 -1777.191344 -1778.166657 -1780.861438 -1787.315484 -1775.286815 -1271.677242 -1386.393628 -1349.776339 -1326.337326 -1315.573127 -1314.062435 -1313.905348 -1313.920489 -1313.960166 -1314.002801 -1314.043760 -1314.081681 -1314.116855 -1314.157621 -1314.284242 -1315.158005 -1320.761264 -1333.417771 -1349.504910 -1218.530466 -1743.451711 -1780.233574 -1779.452954 -1778.517711 -1778.296350 -1778.256737 -1778.250713 -1778.250306 -1778.250754 -1778.251241 -1778.251641 -1778.251953 -1778.252195 -1778.252386 -1778.252539 -1778.252666 -1778.252774 -1778.252873 -1778.252971 -1778.253080 -1778.253215 -1778.253400 -1778.253668 -1778.254075 -1778.254712 -1778.255726 -1778.257377 -1778.260121 -1778.264795 -1778.272986 -1778.287779 -1778.315320 -1778.368100 -1778.472291 -1778.685485 -1779.143558 -1780.193899 -1782.811288 -1790.113766 -1813.973607 -9999.0 -9999.0
-9999.0 -9999.0 -9999.0 -9999.0 -9999.0 -9999.0 -9999.0 -9999.0 -9999.0 -9999.0 -9999.0 -9999.0 -9999.0 -9999.0 -9999.0 -9999.0 -9999.0 -9999.0 -9999.0 -9999.0 -9999.0 -9999.0 -9999.0 -9999.0 -9999.0 -9999.0 -9999.0 -9999.0 -9999.0 -9999.0 -9999.0 -9999.0 -9999.0 -9999.0 -9999.0 -9999.0 -9999.0 -9999.0 -9999.0 -9999.0 -9999.0 -9999.0 -9999.0 -9999.0 -9999.0 -9999.0 -9999.0 -9999.0 -9999.0 -9999.0 -9999.0 -9999.0 -9999.0 -9999.0 -9999.0 -9999.0 -9999.0 -9999.0 -9999.0 -9999.0 -9999.0 -9999.0 -9999.0 -9999.0 -9999.0 -9999.0 -9999.0 -9999.0 -9999.0 -9999.0 -9999.0 -9999.0 -9999.0 -9999.0 -9999.0 -9999.0 -9999.0 -9999.0 -9999.0 -9999.0 -9999.0 -9999.0 -9999.0 -9999.0 -9999.0 -9999.0 -9999.0 -9999.0 -9999.0 -9999.0 -9999.0 -9999.0 -9999.0 -9999.0 -9999.0 -9999.0 -9999.0 -9999.0 -9999.0 -9999.0 -9999.0 -9999.0 -9999.0 -9999.0
-9999.0 -9999.0 -9999.0 -9999.0 -9999.0 -9999.0 -9999.0 -9999.0 -9999.0 -9999.0 -9999.0 -9999.0 -9999.0 -9999.0 -9999.0 -9999.0 -9999.0 -9999.0 -9999.0 -9999.0 -9999.0 -9999.0 -9999.0 -9999.0 -9999.0 -9999.0 -9999.0 -9999.0 -9999.0 -9999.0 -9999.0 -9999.0 -9999.0 -9999.0 -9999.0 -9999.0 -9999.0 -9999.0 -9999.0 -9999.0 -9999.0 -9999.0 -9999.0 -9999.0 -9999.0 -9999.0 -9999.0 -9999.0 -9999.0 -9999.0 -9999.0 -9999.0 -9999.0 -9999.0 -9999.0 -9999.0 -9999.0 -9999.0 -9999.0 -9999.0 -9999.0 -9999.0 -9999.0 -9999.0 -9999.0 -9999.0 -9999.0 -9999.0 -9999.0 -9999.0 -9999.0 -9999.0 -9999.0 -9999.0 -9999.0 -9999.0 -9999.0 -9999.0 -9999.0 -9999.0 -9999.0 -9999.0 -9999.0 -9999.0 -9999.0 -9999.0 -9999.0 -9999.0 -9999.0 -9999.0 -9999.0 -9999.0 -9999.0 -9999.0 -9999.0 -9999.0 -9999.0 -9999.0 -9999.0 -9999.0 -9999.0 -9999.0 -9999.0 -9999.0