inst/processing_geotop_simulation/geotop_simulation/out/maps3D/PwL0017N0306.asc
ncols         104
nrows         10
xllcorner     -2.000000
yllcorner     0.000000
cellsize      1.000000
NODATA_value  -9999.0
-9999.0 -9999.0 -9999.0 -9999.0 -9999.0 -9999.0 -9999.0 -9999.0 -9999.0 -9999.0 -9999.0 -9999.0 -9999.0 -9999.0 -9999.0 -9999.0 -9999.0 -9999.0 -9999.0 -9999.0 -9999.0 -9999.0 -9999.0 -9999.0 -9999.0 -9999.0 -9999.0 -9999.0 -9999.0 -9999.0 -9999.0 -9999.0 -9999.0 -9999.0 -9999.0 -9999.0 -9999.0 -9999.0 -9999.0 -9999.0 -9999.0 -9999.0 -9999.0 -9999.0 -9999.0 -9999.0 -9999.0 -9999.0 -9999.0 -9999.0 -9999.0 -9999.0 -9999.0 -9999.0 -9999.0 -9999.0 -9999.0 -9999.0 -9999.0 -9999.0 -9999.0 -9999.0 -9999.0 -9999.0 -9999.0 -9999.0 -9999.0 -9999.0 -9999.0 -9999.0 -9999.0 -9999.0 -9999.0 -9999.0 -9999.0 -9999.0 -9999.0 -9999.0 -9999.0 -9999.0 -9999.0 -9999.0 -9999.0 -9999.0 -9999.0 -9999.0 -9999.0 -9999.0 -9999.0 -9999.0 -9999.0 -9999.0 -9999.0 -9999.0 -9999.0 -9999.0 -9999.0 -9999.0 -9999.0 -9999.0 -9999.0 -9999.0 -9999.0 -9999.0
-9999.0 -9999.0 -9999.0 -9999.0 -9999.0 -9999.0 -9999.0 -9999.0 -9999.0 -9999.0 -9999.0 -9999.0 -9999.0 -9999.0 -9999.0 -9999.0 -9999.0 -9999.0 -9999.0 -9999.0 -9999.0 -9999.0 -9999.0 -9999.0 -9999.0 -9999.0 -9999.0 -9999.0 -9999.0 -9999.0 -9999.0 -9999.0 -9999.0 -9999.0 -9999.0 -9999.0 -9999.0 -9999.0 -9999.0 -9999.0 -9999.0 -9999.0 -9999.0 -9999.0 -9999.0 -9999.0 -9999.0 -9999.0 -9999.0 -9999.0 -9999.0 -9999.0 -9999.0 -9999.0 -9999.0 -9999.0 -9999.0 -9999.0 -9999.0 -9999.0 -9999.0 -9999.0 -9999.0 -9999.0 -9999.0 -9999.0 -9999.0 -9999.0 -9999.0 -9999.0 -9999.0 -9999.0 -9999.0 -9999.0 -9999.0 -9999.0 -9999.0 -9999.0 -9999.0 -9999.0 -9999.0 -9999.0 -9999.0 -9999.0 -9999.0 -9999.0 -9999.0 -9999.0 -9999.0 -9999.0 -9999.0 -9999.0 -9999.0 -9999.0 -9999.0 -9999.0 -9999.0 -9999.0 -9999.0 -9999.0 -9999.0 -9999.0 -9999.0 -9999.0
-9999.0 -9999.0 821.805048 723.602389 625.142768 526.437435 427.607860 328.723919 229.822337 130.922740 32.036489 -66.825194 -165.659665 -264.448712 -363.150566 -461.690714 -559.930388 -657.635078 -755.024007 -852.424856 -949.315596 -1045.463299 -1137.842745 -1222.105170 -1297.647474 -1362.726545 -1416.564460 -1459.415626 -1492.354652 -1516.925313 -1534.801757 -1547.548279 -1556.493672 -1562.694918 -1566.954791 -1569.865575 -1571.867473 -1573.349641 -1574.955460 -1578.602442 -1590.096003 -1628.357314 -1983.280012 -4079.210393 -4133.657344 -4133.663336 -4133.663297 -4133.663047 -4133.661880 -4133.658106 -4133.647893 -4133.618881 -4133.571574 -4133.510845 -4133.410595 -4133.217305 -4132.797155 -4131.797966 -4129.257997 -4122.377550 -3996.744954 -1780.518629 -1587.714319 -1581.797726 -1577.621385 -1576.363946 -1576.103397 -1576.058169 -1576.051322 -1576.050817 -1576.051276 -1576.051791 -1576.052220 -1576.052560 -1576.052829 -1576.053046 -1576.053226 -1576.053378 -1576.053512 -1576.053636 -1576.053760 -1576.053896 -1576.054060 -1576.054274 -1576.054576 -1576.055020 -1576.055701 -1576.056773 -1576.058500 -1576.061355 -1576.066206 -1576.074697 -1576.090041 -1576.118653 -1576.173675 -1576.283000 -1576.509137 -1577.002269 -1578.149440 -1581.023255 -1588.930074 -1613.853412 -9999.0 -9999.0
-9999.0 -9999.0 821.808654 723.603671 625.143171 526.437565 427.607903 328.723934 229.822343 130.922742 32.036490 -66.825194 -165.659665 -264.448712 -363.150566 -461.690714 -559.930388 -657.635078 -755.024007 -852.424856 -949.315596 -1045.463300 -1137.842745 -1222.105170 -1297.647474 -1362.726546 -1416.564460 -1459.415627 -1492.354652 -1516.925313 -1534.801757 -1547.548279 -1556.493672 -1562.694918 -1566.954791 -1569.865575 -1571.867473 -1573.349641 -1574.955460 -1578.602442 -1590.096003 -1628.357314 -1983.280012 -4079.210393 -4133.657344 -4133.663336 -4133.663297 -4133.663047 -4133.661880 -4133.658106 -4133.647893 -4133.618881 -4133.571574 -4133.510845 -4133.410595 -4133.217305 -4132.797155 -4131.797966 -4129.257997 -4122.377550 -3996.744954 -1780.518629 -1587.714319 -1581.797726 -1577.621385 -1576.363946 -1576.103397 -1576.058169 -1576.051322 -1576.050817 -1576.051276 -1576.051791 -1576.052220 -1576.052560 -1576.052829 -1576.053046 -1576.053226 -1576.053378 -1576.053512 -1576.053636 -1576.053760 -1576.053896 -1576.054060 -1576.054274 -1576.054576 -1576.055020 -1576.055701 -1576.056773 -1576.058500 -1576.061355 -1576.066206 -1576.074697 -1576.090041 -1576.118653 -1576.173675 -1576.283000 -1576.509137 -1577.002269 -1578.149440 -1581.023255 -1588.930074 -1613.853412 -9999.0 -9999.0
-9999.0 -9999.0 821.809899 723.604330 625.143445 526.437668 427.607941 328.723947 229.822348 130.922744 32.036491 -66.825194 -165.659664 -264.448712 -363.150566 -461.690714 -559.930388 -657.635079 -755.024007 -852.424857 -949.315596 -1045.463300 -1137.842745 -1222.105170 -1297.647474 -1362.726546 -1416.564461 -1459.415627 -1492.354652 -1516.925313 -1534.801757 -1547.548279 -1556.493672 -1562.694918 -1566.954791 -1569.865575 -1571.867473 -1573.349641 -1574.955460 -1578.602442 -1590.096003 -1628.357314 -1983.280012 -4079.210393 -4133.657344 -4133.663336 -4133.663297 -4133.663047 -4133.661880 -4133.658106 -4133.647893 -4133.618881 -4133.571574 -4133.510845 -4133.410595 -4133.217305 -4132.797155 -4131.797966 -4129.257997 -4122.377550 -3996.744954 -1780.518629 -1587.714319 -1581.797726 -1577.621385 -1576.363946 -1576.103397 -1576.058169 -1576.051322 -1576.050817 -1576.051276 -1576.051791 -1576.052220 -1576.052560 -1576.052829 -1576.053046 -1576.053226 -1576.053378 -1576.053512 -1576.053636 -1576.053760 -1576.053896 -1576.054060 -1576.054274 -1576.054576 -1576.055020 -1576.055701 -1576.056773 -1576.058500 -1576.061355 -1576.066206 -1576.074697 -1576.090041 -1576.118653 -1576.173675 -1576.283000 -1576.509137 -1577.002269 -1578.149440 -1581.023255 -1588.930074 -1613.853412 -9999.0 -9999.0
-9999.0 -9999.0 821.809899 723.604330 625.143445 526.437668 427.607941 328.723947 229.822348 130.922744 32.036491 -66.825194 -165.659664 -264.448712 -363.150566 -461.690714 -559.930388 -657.635079 -755.024007 -852.424857 -949.315596 -1045.463300 -1137.842745 -1222.105170 -1297.647474 -1362.726546 -1416.564461 -1459.415627 -1492.354652 -1516.925313 -1534.801757 -1547.548279 -1556.493672 -1562.694918 -1566.954791 -1569.865575 -1571.867473 -1573.349641 -1574.955460 -1578.602442 -1590.096003 -1628.357314 -1983.280012 -4079.210393 -4133.657344 -4133.663336 -4133.663297 -4133.663047 -4133.661880 -4133.658106 -4133.647893 -4133.618881 -4133.571574 -4133.510845 -4133.410595 -4133.217305 -4132.797155 -4131.797966 -4129.257997 -4122.377550 -3996.744954 -1780.518629 -1587.714319 -1581.797726 -1577.621385 -1576.363946 -1576.103397 -1576.058169 -1576.051322 -1576.050817 -1576.051276 -1576.051791 -1576.052220 -1576.052560 -1576.052829 -1576.053046 -1576.053226 -1576.053378 -1576.053512 -1576.053636 -1576.053760 -1576.053896 -1576.054060 -1576.054274 -1576.054576 -1576.055020 -1576.055701 -1576.056773 -1576.058500 -1576.061355 -1576.066206 -1576.074697 -1576.090041 -1576.118653 -1576.173675 -1576.283000 -1576.509137 -1577.002269 -1578.149440 -1581.023255 -1588.930074 -1613.853412 -9999.0 -9999.0
-9999.0 -9999.0 821.808654 723.603671 625.143171 526.437565 427.607903 328.723934 229.822343 130.922742 32.036490 -66.825194 -165.659665 -264.448712 -363.150566 -461.690714 -559.930388 -657.635078 -755.024007 -852.424856 -949.315596 -1045.463300 -1137.842745 -1222.105170 -1297.647474 -1362.726546 -1416.564460 -1459.415627 -1492.354652 -1516.925313 -1534.801757 -1547.548279 -1556.493672 -1562.694918 -1566.954791 -1569.865575 -1571.867473 -1573.349641 -1574.955460 -1578.602442 -1590.096003 -1628.357314 -1983.280012 -4079.210393 -4133.657344 -4133.663336 -4133.663297 -4133.663047 -4133.661880 -4133.658106 -4133.647893 -4133.618881 -4133.571574 -4133.510845 -4133.410595 -4133.217305 -4132.797155 -4131.797966 -4129.257997 -4122.377550 -3996.744954 -1780.518629 -1587.714319 -1581.797726 -1577.621385 -1576.363946 -1576.103397 -1576.058169 -1576.051322 -1576.050817 -1576.051276 -1576.051791 -1576.052220 -1576.052560 -1576.052829 -1576.053046 -1576.053226 -1576.053378 -1576.053512 -1576.053636 -1576.053760 -1576.053896 -1576.054060 -1576.054274 -1576.054576 -1576.055020 -1576.055701 -1576.056773 -1576.058500 -1576.061355 -1576.066206 -1576.074697 -1576.090041 -1576.118653 -1576.173675 -1576.283000 -1576.509137 -1577.002269 -1578.149440 -1581.023255 -1588.930074 -1613.853412 -9999.0 -9999.0
-9999.0 -9999.0 821.805048 723.602389 625.142768 526.437435 427.607860 328.723919 229.822337 130.922740 32.036489 -66.825194 -165.659665 -264.448712 -363.150566 -461.690714 -559.930388 -657.635078 -755.024007 -852.424856 -949.315596 -1045.463299 -1137.842745 -1222.105170 -1297.647474 -1362.726545 -1416.564460 -1459.415626 -1492.354652 -1516.925313 -1534.801757 -1547.548279 -1556.493672 -1562.694918 -1566.954791 -1569.865575 -1571.867473 -1573.349641 -1574.955460 -1578.602442 -1590.096003 -1628.357314 -1983.280012 -4079.210393 -4133.657344 -4133.663336 -4133.663297 -4133.663047 -4133.661880 -4133.658106 -4133.647893 -4133.618881 -4133.571574 -4133.510845 -4133.410595 -4133.217305 -4132.797155 -4131.797966 -4129.257997 -4122.377550 -3996.744955 -1780.518629 -1587.714319 -1581.797726 -1577.621385 -1576.363946 -1576.103397 -1576.058169 -1576.051322 -1576.050817 -1576.051276 -1576.051791 -1576.052220 -1576.052560 -1576.052829 -1576.053046 -1576.053226 -1576.053378 -1576.053512 -1576.053636 -1576.053760 -1576.053896 -1576.054060 -1576.054274 -1576.054576 -1576.055020 -1576.055701 -1576.056773 -1576.058500 -1576.061355 -1576.066206 -1576.074697 -1576.090041 -1576.118653 -1576.173675 -1576.283000 -1576.509137 -1577.002269 -1578.149440 -1581.023255 -1588.930074 -1613.853412 -9999.0 -9999.0
-9999.0 -9999.0 -9999.0 -9999.0 -9999.0 -9999.0 -9999.0 -9999.0 -9999.0 -9999.0 -9999.0 -9999.0 -9999.0 -9999.0 -9999.0 -9999.0 -9999.0 -9999.0 -9999.0 -9999.0 -9999.0 -9999.0 -9999.0 -9999.0 -9999.0 -9999.0 -9999.0 -9999.0 -9999.0 -9999.0 -9999.0 -9999.0 -9999.0 -9999.0 -9999.0 -9999.0 -9999.0 -9999.0 -9999.0 -9999.0 -9999.0 -9999.0 -9999.0 -9999.0 -9999.0 -9999.0 -9999.0 -9999.0 -9999.0 -9999.0 -9999.0 -9999.0 -9999.0 -9999.0 -9999.0 -9999.0 -9999.0 -9999.0 -9999.0 -9999.0 -9999.0 -9999.0 -9999.0 -9999.0 -9999.0 -9999.0 -9999.0 -9999.0 -9999.0 -9999.0 -9999.0 -9999.0 -9999.0 -9999.0 -9999.0 -9999.0 -9999.0 -9999.0 -9999.0 -9999.0 -9999.0 -9999.0 -9999.0 -9999.0 -9999.0 -9999.0 -9999.0 -9999.0 -9999.0 -9999.0 -9999.0 -9999.0 -9999.0 -9999.0 -9999.0 -9999.0 -9999.0 -9999.0 -9999.0 -9999.0 -9999.0 -9999.0 -9999.0 -9999.0
-9999.0 -9999.0 -9999.0 -9999.0 -9999.0 -9999.0 -9999.0 -9999.0 -9999.0 -9999.0 -9999.0 -9999.0 -9999.0 -9999.0 -9999.0 -9999.0 -9999.0 -9999.0 -9999.0 -9999.0 -9999.0 -9999.0 -9999.0 -9999.0 -9999.0 -9999.0 -9999.0 -9999.0 -9999.0 -9999.0 -9999.0 -9999.0 -9999.0 -9999.0 -9999.0 -9999.0 -9999.0 -9999.0 -9999.0 -9999.0 -9999.0 -9999.0 -9999.0 -9999.0 -9999.0 -9999.0 -9999.0 -9999.0 -9999.0 -9999.0 -9999.0 -9999.0 -9999.0 -9999.0 -9999.0 -9999.0 -9999.0 -9999.0 -9999.0 -9999.0 -9999.0 -9999.0 -9999.0 -9999.0 -9999.0 -9999.0 -9999.0 -9999.0 -9999.0 -9999.0 -9999.0 -9999.0 -9999.0 -9999.0 -9999.0 -9999.0 -9999.0 -9999.0 -9999.0 -9999.0 -9999.0 -9999.0 -9999.0 -9999.0 -9999.0 -9999.0 -9999.0 -9999.0 -9999.0 -9999.0 -9999.0 -9999.0 -9999.0 -9999.0 -9999.0 -9999.0 -9999.0 -9999.0 -9999.0 -9999.0 -9999.0 -9999.0 -9999.0 -9999.0