inst/processing_geotop_simulation/geotop_simulation/out/maps3D/PwL0016N0089.asc
ncols         104
nrows         10
xllcorner     -2.000000
yllcorner     0.000000
cellsize      1.000000
NODATA_value  -9999.0
-9999.0 -9999.0 -9999.0 -9999.0 -9999.0 -9999.0 -9999.0 -9999.0 -9999.0 -9999.0 -9999.0 -9999.0 -9999.0 -9999.0 -9999.0 -9999.0 -9999.0 -9999.0 -9999.0 -9999.0 -9999.0 -9999.0 -9999.0 -9999.0 -9999.0 -9999.0 -9999.0 -9999.0 -9999.0 -9999.0 -9999.0 -9999.0 -9999.0 -9999.0 -9999.0 -9999.0 -9999.0 -9999.0 -9999.0 -9999.0 -9999.0 -9999.0 -9999.0 -9999.0 -9999.0 -9999.0 -9999.0 -9999.0 -9999.0 -9999.0 -9999.0 -9999.0 -9999.0 -9999.0 -9999.0 -9999.0 -9999.0 -9999.0 -9999.0 -9999.0 -9999.0 -9999.0 -9999.0 -9999.0 -9999.0 -9999.0 -9999.0 -9999.0 -9999.0 -9999.0 -9999.0 -9999.0 -9999.0 -9999.0 -9999.0 -9999.0 -9999.0 -9999.0 -9999.0 -9999.0 -9999.0 -9999.0 -9999.0 -9999.0 -9999.0 -9999.0 -9999.0 -9999.0 -9999.0 -9999.0 -9999.0 -9999.0 -9999.0 -9999.0 -9999.0 -9999.0 -9999.0 -9999.0 -9999.0 -9999.0 -9999.0 -9999.0 -9999.0 -9999.0
-9999.0 -9999.0 -9999.0 -9999.0 -9999.0 -9999.0 -9999.0 -9999.0 -9999.0 -9999.0 -9999.0 -9999.0 -9999.0 -9999.0 -9999.0 -9999.0 -9999.0 -9999.0 -9999.0 -9999.0 -9999.0 -9999.0 -9999.0 -9999.0 -9999.0 -9999.0 -9999.0 -9999.0 -9999.0 -9999.0 -9999.0 -9999.0 -9999.0 -9999.0 -9999.0 -9999.0 -9999.0 -9999.0 -9999.0 -9999.0 -9999.0 -9999.0 -9999.0 -9999.0 -9999.0 -9999.0 -9999.0 -9999.0 -9999.0 -9999.0 -9999.0 -9999.0 -9999.0 -9999.0 -9999.0 -9999.0 -9999.0 -9999.0 -9999.0 -9999.0 -9999.0 -9999.0 -9999.0 -9999.0 -9999.0 -9999.0 -9999.0 -9999.0 -9999.0 -9999.0 -9999.0 -9999.0 -9999.0 -9999.0 -9999.0 -9999.0 -9999.0 -9999.0 -9999.0 -9999.0 -9999.0 -9999.0 -9999.0 -9999.0 -9999.0 -9999.0 -9999.0 -9999.0 -9999.0 -9999.0 -9999.0 -9999.0 -9999.0 -9999.0 -9999.0 -9999.0 -9999.0 -9999.0 -9999.0 -9999.0 -9999.0 -9999.0 -9999.0 -9999.0
-9999.0 -9999.0 778.925625 683.402607 587.110305 490.191091 392.990317 295.702389 198.430212 101.226180 4.117233 -92.781672 -189.637349 -287.117937 -386.503078 -489.790701 -599.098521 -715.764594 -825.976903 -918.338102 -1000.506426 -1070.290248 -1076.883460 -1073.896459 -1068.700916 -1064.258450 -1061.311810 -1059.710015 -1059.055733 -1058.974734 -1059.192601 -1059.533162 -1059.894776 -1060.225322 -1060.502980 -1060.725096 -1060.908248 -1061.096870 -1061.388839 -1062.622918 -1072.636856 -1169.604564 -2112.442075 -4176.595576 -4183.168179 -4183.168317 -4183.168317 -4183.168317 -4183.168317 -4183.168317 -4183.168317 -4183.168317 -4183.168317 -4183.168317 -4183.168317 -4183.168317 -4183.168317 -4183.168317 -4183.168317 -4183.168056 -4172.632059 -2000.655068 -1142.320348 -1069.390487 -1062.376005 -1061.615945 -1061.505445 -1061.486721 -1061.485189 -1061.486872 -1061.488807 -1061.490408 -1061.491636 -1061.492566 -1061.493276 -1061.493826 -1061.494262 -1061.494613 -1061.494904 -1061.495161 -1061.495409 -1061.495681 -1061.496021 -1061.496490 -1061.497181 -1061.498241 -1061.499903 -1061.502554 -1061.506838 -1061.513874 -1061.525656 -1061.545872 -1061.581569 -1061.646555 -1061.768316 -1062.002037 -1062.460010 -1063.380406 -1065.315876 -1069.697898 -1080.442618 -1108.548432 -9999.0 -9999.0
-9999.0 -9999.0 778.929876 683.404074 587.110758 490.191233 392.990363 295.702404 198.430217 101.226181 4.117234 -92.781672 -189.637350 -287.117937 -386.503078 -489.790701 -599.098521 -715.764594 -825.976903 -918.338102 -1000.506426 -1070.290248 -1076.883460 -1073.896459 -1068.700916 -1064.258450 -1061.311810 -1059.710015 -1059.055733 -1058.974734 -1059.192601 -1059.533162 -1059.894776 -1060.225322 -1060.502980 -1060.725096 -1060.908248 -1061.096870 -1061.388839 -1062.622918 -1072.636856 -1169.604564 -2112.442075 -4176.595576 -4183.168179 -4183.168317 -4183.168317 -4183.168317 -4183.168317 -4183.168317 -4183.168317 -4183.168317 -4183.168317 -4183.168317 -4183.168317 -4183.168317 -4183.168317 -4183.168317 -4183.168317 -4183.168056 -4172.632059 -2000.655068 -1142.320348 -1069.390487 -1062.376005 -1061.615945 -1061.505445 -1061.486721 -1061.485189 -1061.486872 -1061.488807 -1061.490408 -1061.491636 -1061.492566 -1061.493276 -1061.493826 -1061.494262 -1061.494613 -1061.494904 -1061.495161 -1061.495409 -1061.495681 -1061.496021 -1061.496490 -1061.497181 -1061.498241 -1061.499903 -1061.502554 -1061.506838 -1061.513874 -1061.525656 -1061.545872 -1061.581569 -1061.646555 -1061.768316 -1062.002037 -1062.460010 -1063.380406 -1065.315876 -1069.697898 -1080.442618 -1108.548432 -9999.0 -9999.0
-9999.0 -9999.0 778.931279 683.404814 587.111063 490.191348 392.990405 295.702419 198.430222 101.226183 4.117234 -92.781672 -189.637350 -287.117937 -386.503078 -489.790701 -599.098521 -715.764594 -825.976903 -918.338102 -1000.506426 -1070.290248 -1076.883460 -1073.896459 -1068.700916 -1064.258450 -1061.311810 -1059.710015 -1059.055733 -1058.974734 -1059.192601 -1059.533162 -1059.894776 -1060.225322 -1060.502980 -1060.725096 -1060.908248 -1061.096870 -1061.388839 -1062.622918 -1072.636856 -1169.604564 -2112.442075 -4176.595576 -4183.168179 -4183.168317 -4183.168317 -4183.168317 -4183.168317 -4183.168317 -4183.168317 -4183.168317 -4183.168317 -4183.168317 -4183.168317 -4183.168317 -4183.168317 -4183.168317 -4183.168317 -4183.168056 -4172.632059 -2000.655068 -1142.320348 -1069.390487 -1062.376005 -1061.615945 -1061.505445 -1061.486721 -1061.485189 -1061.486872 -1061.488807 -1061.490408 -1061.491636 -1061.492566 -1061.493276 -1061.493826 -1061.494262 -1061.494613 -1061.494904 -1061.495161 -1061.495409 -1061.495681 -1061.496021 -1061.496490 -1061.497181 -1061.498241 -1061.499903 -1061.502554 -1061.506838 -1061.513874 -1061.525656 -1061.545872 -1061.581569 -1061.646555 -1061.768316 -1062.002037 -1062.460010 -1063.380406 -1065.315876 -1069.697898 -1080.442618 -1108.548432 -9999.0 -9999.0
-9999.0 -9999.0 778.931279 683.404814 587.111063 490.191348 392.990404 295.702419 198.430222 101.226183 4.117234 -92.781672 -189.637350 -287.117937 -386.503077 -489.790701 -599.098521 -715.764594 -825.976903 -918.338102 -1000.506426 -1070.290248 -1076.883460 -1073.896459 -1068.700916 -1064.258450 -1061.311810 -1059.710015 -1059.055733 -1058.974734 -1059.192601 -1059.533162 -1059.894776 -1060.225322 -1060.502980 -1060.725096 -1060.908248 -1061.096870 -1061.388839 -1062.622918 -1072.636856 -1169.604564 -2112.442075 -4176.595576 -4183.168179 -4183.168317 -4183.168317 -4183.168317 -4183.168317 -4183.168317 -4183.168317 -4183.168317 -4183.168317 -4183.168317 -4183.168317 -4183.168317 -4183.168317 -4183.168317 -4183.168317 -4183.168056 -4172.632059 -2000.655068 -1142.320348 -1069.390487 -1062.376005 -1061.615945 -1061.505445 -1061.486721 -1061.485189 -1061.486872 -1061.488807 -1061.490408 -1061.491636 -1061.492566 -1061.493276 -1061.493826 -1061.494262 -1061.494613 -1061.494904 -1061.495161 -1061.495409 -1061.495681 -1061.496021 -1061.496490 -1061.497181 -1061.498241 -1061.499903 -1061.502554 -1061.506838 -1061.513874 -1061.525656 -1061.545872 -1061.581569 -1061.646555 -1061.768316 -1062.002037 -1062.460010 -1063.380406 -1065.315876 -1069.697898 -1080.442618 -1108.548432 -9999.0 -9999.0
-9999.0 -9999.0 778.929876 683.404074 587.110758 490.191233 392.990363 295.702404 198.430217 101.226181 4.117234 -92.781672 -189.637350 -287.117937 -386.503078 -489.790701 -599.098521 -715.764594 -825.976903 -918.338102 -1000.506426 -1070.290248 -1076.883460 -1073.896459 -1068.700916 -1064.258450 -1061.311810 -1059.710015 -1059.055733 -1058.974734 -1059.192601 -1059.533162 -1059.894776 -1060.225322 -1060.502980 -1060.725096 -1060.908248 -1061.096870 -1061.388839 -1062.622918 -1072.636856 -1169.604564 -2112.442075 -4176.595576 -4183.168179 -4183.168317 -4183.168317 -4183.168317 -4183.168317 -4183.168317 -4183.168317 -4183.168317 -4183.168317 -4183.168317 -4183.168317 -4183.168317 -4183.168317 -4183.168317 -4183.168317 -4183.168056 -4172.632059 -2000.655068 -1142.320348 -1069.390487 -1062.376005 -1061.615945 -1061.505445 -1061.486721 -1061.485189 -1061.486872 -1061.488807 -1061.490408 -1061.491636 -1061.492566 -1061.493276 -1061.493826 -1061.494262 -1061.494613 -1061.494904 -1061.495161 -1061.495409 -1061.495681 -1061.496021 -1061.496490 -1061.497181 -1061.498241 -1061.499903 -1061.502554 -1061.506838 -1061.513874 -1061.525656 -1061.545872 -1061.581569 -1061.646555 -1061.768316 -1062.002037 -1062.460010 -1063.380406 -1065.315876 -1069.697898 -1080.442618 -1108.548432 -9999.0 -9999.0
-9999.0 -9999.0 778.925625 683.402607 587.110305 490.191091 392.990317 295.702389 198.430212 101.226180 4.117233 -92.781672 -189.637349 -287.117937 -386.503078 -489.790701 -599.098521 -715.764594 -825.976903 -918.338102 -1000.506426 -1070.290248 -1076.883460 -1073.896459 -1068.700916 -1064.258450 -1061.311810 -1059.710015 -1059.055733 -1058.974734 -1059.192601 -1059.533162 -1059.894776 -1060.225322 -1060.502980 -1060.725096 -1060.908248 -1061.096870 -1061.388839 -1062.622918 -1072.636856 -1169.604564 -2112.442075 -4176.595576 -4183.168179 -4183.168317 -4183.168317 -4183.168317 -4183.168317 -4183.168317 -4183.168317 -4183.168317 -4183.168317 -4183.168317 -4183.168317 -4183.168317 -4183.168317 -4183.168317 -4183.168317 -4183.168056 -4172.632059 -2000.655068 -1142.320348 -1069.390487 -1062.376005 -1061.615945 -1061.505445 -1061.486721 -1061.485189 -1061.486872 -1061.488807 -1061.490408 -1061.491636 -1061.492566 -1061.493276 -1061.493826 -1061.494262 -1061.494613 -1061.494904 -1061.495161 -1061.495409 -1061.495681 -1061.496021 -1061.496490 -1061.497181 -1061.498241 -1061.499903 -1061.502554 -1061.506838 -1061.513874 -1061.525656 -1061.545872 -1061.581569 -1061.646555 -1061.768316 -1062.002037 -1062.460010 -1063.380406 -1065.315876 -1069.697898 -1080.442618 -1108.548432 -9999.0 -9999.0
-9999.0 -9999.0 -9999.0 -9999.0 -9999.0 -9999.0 -9999.0 -9999.0 -9999.0 -9999.0 -9999.0 -9999.0 -9999.0 -9999.0 -9999.0 -9999.0 -9999.0 -9999.0 -9999.0 -9999.0 -9999.0 -9999.0 -9999.0 -9999.0 -9999.0 -9999.0 -9999.0 -9999.0 -9999.0 -9999.0 -9999.0 -9999.0 -9999.0 -9999.0 -9999.0 -9999.0 -9999.0 -9999.0 -9999.0 -9999.0 -9999.0 -9999.0 -9999.0 -9999.0 -9999.0 -9999.0 -9999.0 -9999.0 -9999.0 -9999.0 -9999.0 -9999.0 -9999.0 -9999.0 -9999.0 -9999.0 -9999.0 -9999.0 -9999.0 -9999.0 -9999.0 -9999.0 -9999.0 -9999.0 -9999.0 -9999.0 -9999.0 -9999.0 -9999.0 -9999.0 -9999.0 -9999.0 -9999.0 -9999.0 -9999.0 -9999.0 -9999.0 -9999.0 -9999.0 -9999.0 -9999.0 -9999.0 -9999.0 -9999.0 -9999.0 -9999.0 -9999.0 -9999.0 -9999.0 -9999.0 -9999.0 -9999.0 -9999.0 -9999.0 -9999.0 -9999.0 -9999.0 -9999.0 -9999.0 -9999.0 -9999.0 -9999.0 -9999.0 -9999.0
-9999.0 -9999.0 -9999.0 -9999.0 -9999.0 -9999.0 -9999.0 -9999.0 -9999.0 -9999.0 -9999.0 -9999.0 -9999.0 -9999.0 -9999.0 -9999.0 -9999.0 -9999.0 -9999.0 -9999.0 -9999.0 -9999.0 -9999.0 -9999.0 -9999.0 -9999.0 -9999.0 -9999.0 -9999.0 -9999.0 -9999.0 -9999.0 -9999.0 -9999.0 -9999.0 -9999.0 -9999.0 -9999.0 -9999.0 -9999.0 -9999.0 -9999.0 -9999.0 -9999.0 -9999.0 -9999.0 -9999.0 -9999.0 -9999.0 -9999.0 -9999.0 -9999.0 -9999.0 -9999.0 -9999.0 -9999.0 -9999.0 -9999.0 -9999.0 -9999.0 -9999.0 -9999.0 -9999.0 -9999.0 -9999.0 -9999.0 -9999.0 -9999.0 -9999.0 -9999.0 -9999.0 -9999.0 -9999.0 -9999.0 -9999.0 -9999.0 -9999.0 -9999.0 -9999.0 -9999.0 -9999.0 -9999.0 -9999.0 -9999.0 -9999.0 -9999.0 -9999.0 -9999.0 -9999.0 -9999.0 -9999.0 -9999.0 -9999.0 -9999.0 -9999.0 -9999.0 -9999.0 -9999.0 -9999.0 -9999.0 -9999.0 -9999.0 -9999.0 -9999.0