inst/processing_geotop_simulation/geotop_simulation/out/maps3D/PwL0004N0268.asc
ncols         104
nrows         10
xllcorner     -2.000000
yllcorner     0.000000
cellsize      1.000000
NODATA_value  -9999.0
-9999.0 -9999.0 -9999.0 -9999.0 -9999.0 -9999.0 -9999.0 -9999.0 -9999.0 -9999.0 -9999.0 -9999.0 -9999.0 -9999.0 -9999.0 -9999.0 -9999.0 -9999.0 -9999.0 -9999.0 -9999.0 -9999.0 -9999.0 -9999.0 -9999.0 -9999.0 -9999.0 -9999.0 -9999.0 -9999.0 -9999.0 -9999.0 -9999.0 -9999.0 -9999.0 -9999.0 -9999.0 -9999.0 -9999.0 -9999.0 -9999.0 -9999.0 -9999.0 -9999.0 -9999.0 -9999.0 -9999.0 -9999.0 -9999.0 -9999.0 -9999.0 -9999.0 -9999.0 -9999.0 -9999.0 -9999.0 -9999.0 -9999.0 -9999.0 -9999.0 -9999.0 -9999.0 -9999.0 -9999.0 -9999.0 -9999.0 -9999.0 -9999.0 -9999.0 -9999.0 -9999.0 -9999.0 -9999.0 -9999.0 -9999.0 -9999.0 -9999.0 -9999.0 -9999.0 -9999.0 -9999.0 -9999.0 -9999.0 -9999.0 -9999.0 -9999.0 -9999.0 -9999.0 -9999.0 -9999.0 -9999.0 -9999.0 -9999.0 -9999.0 -9999.0 -9999.0 -9999.0 -9999.0 -9999.0 -9999.0 -9999.0 -9999.0 -9999.0 -9999.0
-9999.0 -9999.0 -9999.0 -9999.0 -9999.0 -9999.0 -9999.0 -9999.0 -9999.0 -9999.0 -9999.0 -9999.0 -9999.0 -9999.0 -9999.0 -9999.0 -9999.0 -9999.0 -9999.0 -9999.0 -9999.0 -9999.0 -9999.0 -9999.0 -9999.0 -9999.0 -9999.0 -9999.0 -9999.0 -9999.0 -9999.0 -9999.0 -9999.0 -9999.0 -9999.0 -9999.0 -9999.0 -9999.0 -9999.0 -9999.0 -9999.0 -9999.0 -9999.0 -9999.0 -9999.0 -9999.0 -9999.0 -9999.0 -9999.0 -9999.0 -9999.0 -9999.0 -9999.0 -9999.0 -9999.0 -9999.0 -9999.0 -9999.0 -9999.0 -9999.0 -9999.0 -9999.0 -9999.0 -9999.0 -9999.0 -9999.0 -9999.0 -9999.0 -9999.0 -9999.0 -9999.0 -9999.0 -9999.0 -9999.0 -9999.0 -9999.0 -9999.0 -9999.0 -9999.0 -9999.0 -9999.0 -9999.0 -9999.0 -9999.0 -9999.0 -9999.0 -9999.0 -9999.0 -9999.0 -9999.0 -9999.0 -9999.0 -9999.0 -9999.0 -9999.0 -9999.0 -9999.0 -9999.0 -9999.0 -9999.0 -9999.0 -9999.0 -9999.0 -9999.0
-9999.0 -9999.0 176.880865 81.322729 -16.315294 -114.545339 -213.001719 -311.540487 -410.082570 -508.571815 -606.908523 -704.833127 -802.484139 -899.661462 -996.610523 -1093.744229 -1189.640578 -1283.899885 -1375.825002 -1464.138564 -1545.764802 -1616.700791 -1674.360230 -1718.615143 -1751.161129 -1774.407887 -1790.695174 -1801.953611 -1809.652277 -1814.865681 -1818.364502 -1820.693890 -1822.234350 -1823.247822 -1823.912533 -1824.350433 -1824.653023 -1824.929713 -1825.506880 -1827.694283 -1833.971621 -1811.226603 -1131.057817 -1137.910768 -1124.583076 -1115.990231 -1111.965049 -1111.367074 -1111.303927 -1111.310810 -1111.327909 -1111.346263 -1111.363900 -1111.380231 -1111.395376 -1111.412863 -1111.466209 -1111.822808 -1113.962000 -1118.739097 -1125.543559 -1109.219222 -1787.453954 -1828.127993 -1826.390095 -1825.470904 -1825.289223 -1825.259633 -1825.255510 -1825.255546 -1825.256179 -1825.256783 -1825.257265 -1825.257634 -1825.257917 -1825.258137 -1825.258311 -1825.258453 -1825.258571 -1825.258677 -1825.258782 -1825.258898 -1825.259045 -1825.259250 -1825.259552 -1825.260017 -1825.260749 -1825.261922 -1825.263832 -1825.267003 -1825.272383 -1825.281764 -1825.298605 -1825.329753 -1825.388967 -1825.504489 -1825.736493 -1826.221616 -1827.297035 -1829.879467 -1836.844230 -1859.445123 -9999.0 -9999.0
-9999.0 -9999.0 176.890789 81.324763 -16.314777 -114.545188 -213.001671 -311.540471 -410.082564 -508.571813 -606.908522 -704.833127 -802.484139 -899.661462 -996.610523 -1093.744229 -1189.640578 -1283.899885 -1375.825003 -1464.138564 -1545.764802 -1616.700791 -1674.360230 -1718.615143 -1751.161129 -1774.407887 -1790.695174 -1801.953611 -1809.652277 -1814.865681 -1818.364502 -1820.693890 -1822.234350 -1823.247822 -1823.912533 -1824.350433 -1824.653023 -1824.929713 -1825.506880 -1827.694283 -1833.971621 -1811.226603 -1131.057817 -1137.910768 -1124.583076 -1115.990231 -1111.965049 -1111.367074 -1111.303927 -1111.310810 -1111.327909 -1111.346263 -1111.363900 -1111.380231 -1111.395376 -1111.412863 -1111.466209 -1111.822808 -1113.962000 -1118.739097 -1125.543559 -1109.219222 -1787.453954 -1828.127993 -1826.390095 -1825.470904 -1825.289223 -1825.259633 -1825.255510 -1825.255546 -1825.256179 -1825.256783 -1825.257265 -1825.257634 -1825.257917 -1825.258137 -1825.258311 -1825.258453 -1825.258571 -1825.258677 -1825.258782 -1825.258898 -1825.259045 -1825.259250 -1825.259552 -1825.260017 -1825.260749 -1825.261922 -1825.263832 -1825.267003 -1825.272383 -1825.281764 -1825.298605 -1825.329753 -1825.388967 -1825.504489 -1825.736493 -1826.221616 -1827.297035 -1829.879467 -1836.844230 -1859.445123 -9999.0 -9999.0
-9999.0 -9999.0 176.892188 81.325591 -16.314450 -114.545069 -213.001629 -311.540456 -410.082558 -508.571811 -606.908522 -704.833127 -802.484138 -899.661462 -996.610523 -1093.744229 -1189.640578 -1283.899885 -1375.825003 -1464.138564 -1545.764802 -1616.700791 -1674.360230 -1718.615144 -1751.161129 -1774.407887 -1790.695174 -1801.953611 -1809.652277 -1814.865681 -1818.364502 -1820.693890 -1822.234350 -1823.247822 -1823.912533 -1824.350433 -1824.653023 -1824.929713 -1825.506880 -1827.694283 -1833.971621 -1811.226603 -1131.057817 -1137.910768 -1124.583076 -1115.990231 -1111.965049 -1111.367074 -1111.303927 -1111.310810 -1111.327909 -1111.346263 -1111.363900 -1111.380231 -1111.395376 -1111.412863 -1111.466209 -1111.822808 -1113.962000 -1118.739097 -1125.543559 -1109.219222 -1787.453954 -1828.127993 -1826.390095 -1825.470904 -1825.289223 -1825.259633 -1825.255510 -1825.255546 -1825.256179 -1825.256783 -1825.257265 -1825.257634 -1825.257917 -1825.258137 -1825.258311 -1825.258453 -1825.258571 -1825.258677 -1825.258782 -1825.258898 -1825.259045 -1825.259250 -1825.259552 -1825.260017 -1825.260749 -1825.261922 -1825.263832 -1825.267003 -1825.272383 -1825.281764 -1825.298605 -1825.329753 -1825.388967 -1825.504489 -1825.736493 -1826.221616 -1827.297035 -1829.879467 -1836.844230 -1859.445123 -9999.0 -9999.0
-9999.0 -9999.0 176.892188 81.325591 -16.314450 -114.545069 -213.001629 -311.540456 -410.082558 -508.571811 -606.908522 -704.833127 -802.484138 -899.661462 -996.610523 -1093.744229 -1189.640578 -1283.899885 -1375.825003 -1464.138564 -1545.764802 -1616.700791 -1674.360230 -1718.615144 -1751.161129 -1774.407887 -1790.695174 -1801.953611 -1809.652277 -1814.865681 -1818.364502 -1820.693890 -1822.234350 -1823.247822 -1823.912533 -1824.350433 -1824.653023 -1824.929713 -1825.506880 -1827.694283 -1833.971621 -1811.226603 -1131.057817 -1137.910768 -1124.583076 -1115.990231 -1111.965049 -1111.367074 -1111.303927 -1111.310810 -1111.327909 -1111.346263 -1111.363900 -1111.380231 -1111.395376 -1111.412863 -1111.466209 -1111.822808 -1113.962000 -1118.739097 -1125.543559 -1109.219222 -1787.453954 -1828.127993 -1826.390095 -1825.470904 -1825.289223 -1825.259633 -1825.255510 -1825.255546 -1825.256179 -1825.256783 -1825.257265 -1825.257634 -1825.257917 -1825.258137 -1825.258311 -1825.258453 -1825.258571 -1825.258677 -1825.258782 -1825.258898 -1825.259045 -1825.259250 -1825.259552 -1825.260017 -1825.260749 -1825.261922 -1825.263832 -1825.267003 -1825.272383 -1825.281764 -1825.298605 -1825.329753 -1825.388967 -1825.504489 -1825.736493 -1826.221616 -1827.297035 -1829.879467 -1836.844230 -1859.445123 -9999.0 -9999.0
-9999.0 -9999.0 176.890789 81.324763 -16.314777 -114.545188 -213.001671 -311.540471 -410.082564 -508.571813 -606.908522 -704.833127 -802.484139 -899.661462 -996.610523 -1093.744229 -1189.640578 -1283.899885 -1375.825003 -1464.138564 -1545.764802 -1616.700791 -1674.360230 -1718.615143 -1751.161129 -1774.407887 -1790.695174 -1801.953611 -1809.652277 -1814.865681 -1818.364502 -1820.693890 -1822.234350 -1823.247822 -1823.912533 -1824.350433 -1824.653023 -1824.929713 -1825.506880 -1827.694283 -1833.971621 -1811.226603 -1131.057817 -1137.910768 -1124.583076 -1115.990231 -1111.965049 -1111.367074 -1111.303927 -1111.310810 -1111.327909 -1111.346263 -1111.363900 -1111.380231 -1111.395376 -1111.412863 -1111.466209 -1111.822808 -1113.962000 -1118.739097 -1125.543559 -1109.219222 -1787.453954 -1828.127993 -1826.390095 -1825.470904 -1825.289223 -1825.259633 -1825.255510 -1825.255546 -1825.256179 -1825.256783 -1825.257265 -1825.257634 -1825.257917 -1825.258137 -1825.258311 -1825.258453 -1825.258571 -1825.258677 -1825.258782 -1825.258898 -1825.259045 -1825.259250 -1825.259552 -1825.260017 -1825.260749 -1825.261922 -1825.263832 -1825.267003 -1825.272383 -1825.281764 -1825.298605 -1825.329753 -1825.388967 -1825.504489 -1825.736493 -1826.221616 -1827.297035 -1829.879467 -1836.844230 -1859.445123 -9999.0 -9999.0
-9999.0 -9999.0 176.880865 81.322729 -16.315294 -114.545339 -213.001719 -311.540487 -410.082570 -508.571815 -606.908523 -704.833127 -802.484139 -899.661462 -996.610523 -1093.744229 -1189.640578 -1283.899884 -1375.825002 -1464.138564 -1545.764802 -1616.700791 -1674.360230 -1718.615143 -1751.161129 -1774.407887 -1790.695174 -1801.953611 -1809.652277 -1814.865681 -1818.364502 -1820.693890 -1822.234350 -1823.247822 -1823.912533 -1824.350433 -1824.653023 -1824.929713 -1825.506880 -1827.694283 -1833.971621 -1811.226603 -1131.057817 -1137.910768 -1124.583076 -1115.990231 -1111.965049 -1111.367074 -1111.303927 -1111.310810 -1111.327909 -1111.346263 -1111.363900 -1111.380231 -1111.395376 -1111.412863 -1111.466209 -1111.822808 -1113.962000 -1118.739097 -1125.543559 -1109.219222 -1787.453954 -1828.127993 -1826.390095 -1825.470904 -1825.289223 -1825.259633 -1825.255510 -1825.255546 -1825.256179 -1825.256783 -1825.257265 -1825.257634 -1825.257917 -1825.258137 -1825.258311 -1825.258453 -1825.258571 -1825.258677 -1825.258782 -1825.258898 -1825.259045 -1825.259250 -1825.259552 -1825.260017 -1825.260749 -1825.261922 -1825.263832 -1825.267003 -1825.272383 -1825.281764 -1825.298605 -1825.329753 -1825.388967 -1825.504489 -1825.736493 -1826.221616 -1827.297035 -1829.879467 -1836.844230 -1859.445123 -9999.0 -9999.0
-9999.0 -9999.0 -9999.0 -9999.0 -9999.0 -9999.0 -9999.0 -9999.0 -9999.0 -9999.0 -9999.0 -9999.0 -9999.0 -9999.0 -9999.0 -9999.0 -9999.0 -9999.0 -9999.0 -9999.0 -9999.0 -9999.0 -9999.0 -9999.0 -9999.0 -9999.0 -9999.0 -9999.0 -9999.0 -9999.0 -9999.0 -9999.0 -9999.0 -9999.0 -9999.0 -9999.0 -9999.0 -9999.0 -9999.0 -9999.0 -9999.0 -9999.0 -9999.0 -9999.0 -9999.0 -9999.0 -9999.0 -9999.0 -9999.0 -9999.0 -9999.0 -9999.0 -9999.0 -9999.0 -9999.0 -9999.0 -9999.0 -9999.0 -9999.0 -9999.0 -9999.0 -9999.0 -9999.0 -9999.0 -9999.0 -9999.0 -9999.0 -9999.0 -9999.0 -9999.0 -9999.0 -9999.0 -9999.0 -9999.0 -9999.0 -9999.0 -9999.0 -9999.0 -9999.0 -9999.0 -9999.0 -9999.0 -9999.0 -9999.0 -9999.0 -9999.0 -9999.0 -9999.0 -9999.0 -9999.0 -9999.0 -9999.0 -9999.0 -9999.0 -9999.0 -9999.0 -9999.0 -9999.0 -9999.0 -9999.0 -9999.0 -9999.0 -9999.0 -9999.0
-9999.0 -9999.0 -9999.0 -9999.0 -9999.0 -9999.0 -9999.0 -9999.0 -9999.0 -9999.0 -9999.0 -9999.0 -9999.0 -9999.0 -9999.0 -9999.0 -9999.0 -9999.0 -9999.0 -9999.0 -9999.0 -9999.0 -9999.0 -9999.0 -9999.0 -9999.0 -9999.0 -9999.0 -9999.0 -9999.0 -9999.0 -9999.0 -9999.0 -9999.0 -9999.0 -9999.0 -9999.0 -9999.0 -9999.0 -9999.0 -9999.0 -9999.0 -9999.0 -9999.0 -9999.0 -9999.0 -9999.0 -9999.0 -9999.0 -9999.0 -9999.0 -9999.0 -9999.0 -9999.0 -9999.0 -9999.0 -9999.0 -9999.0 -9999.0 -9999.0 -9999.0 -9999.0 -9999.0 -9999.0 -9999.0 -9999.0 -9999.0 -9999.0 -9999.0 -9999.0 -9999.0 -9999.0 -9999.0 -9999.0 -9999.0 -9999.0 -9999.0 -9999.0 -9999.0 -9999.0 -9999.0 -9999.0 -9999.0 -9999.0 -9999.0 -9999.0 -9999.0 -9999.0 -9999.0 -9999.0 -9999.0 -9999.0 -9999.0 -9999.0 -9999.0 -9999.0 -9999.0 -9999.0 -9999.0 -9999.0 -9999.0 -9999.0 -9999.0 -9999.0