inst/processing_geotop_simulation/geotop_simulation/out/maps3D/PwL0012N0324.asc
ncols         104
nrows         10
xllcorner     -2.000000
yllcorner     0.000000
cellsize      1.000000
NODATA_value  -9999.0
-9999.0 -9999.0 -9999.0 -9999.0 -9999.0 -9999.0 -9999.0 -9999.0 -9999.0 -9999.0 -9999.0 -9999.0 -9999.0 -9999.0 -9999.0 -9999.0 -9999.0 -9999.0 -9999.0 -9999.0 -9999.0 -9999.0 -9999.0 -9999.0 -9999.0 -9999.0 -9999.0 -9999.0 -9999.0 -9999.0 -9999.0 -9999.0 -9999.0 -9999.0 -9999.0 -9999.0 -9999.0 -9999.0 -9999.0 -9999.0 -9999.0 -9999.0 -9999.0 -9999.0 -9999.0 -9999.0 -9999.0 -9999.0 -9999.0 -9999.0 -9999.0 -9999.0 -9999.0 -9999.0 -9999.0 -9999.0 -9999.0 -9999.0 -9999.0 -9999.0 -9999.0 -9999.0 -9999.0 -9999.0 -9999.0 -9999.0 -9999.0 -9999.0 -9999.0 -9999.0 -9999.0 -9999.0 -9999.0 -9999.0 -9999.0 -9999.0 -9999.0 -9999.0 -9999.0 -9999.0 -9999.0 -9999.0 -9999.0 -9999.0 -9999.0 -9999.0 -9999.0 -9999.0 -9999.0 -9999.0 -9999.0 -9999.0 -9999.0 -9999.0 -9999.0 -9999.0 -9999.0 -9999.0 -9999.0 -9999.0 -9999.0 -9999.0 -9999.0 -9999.0
-9999.0 -9999.0 -9999.0 -9999.0 -9999.0 -9999.0 -9999.0 -9999.0 -9999.0 -9999.0 -9999.0 -9999.0 -9999.0 -9999.0 -9999.0 -9999.0 -9999.0 -9999.0 -9999.0 -9999.0 -9999.0 -9999.0 -9999.0 -9999.0 -9999.0 -9999.0 -9999.0 -9999.0 -9999.0 -9999.0 -9999.0 -9999.0 -9999.0 -9999.0 -9999.0 -9999.0 -9999.0 -9999.0 -9999.0 -9999.0 -9999.0 -9999.0 -9999.0 -9999.0 -9999.0 -9999.0 -9999.0 -9999.0 -9999.0 -9999.0 -9999.0 -9999.0 -9999.0 -9999.0 -9999.0 -9999.0 -9999.0 -9999.0 -9999.0 -9999.0 -9999.0 -9999.0 -9999.0 -9999.0 -9999.0 -9999.0 -9999.0 -9999.0 -9999.0 -9999.0 -9999.0 -9999.0 -9999.0 -9999.0 -9999.0 -9999.0 -9999.0 -9999.0 -9999.0 -9999.0 -9999.0 -9999.0 -9999.0 -9999.0 -9999.0 -9999.0 -9999.0 -9999.0 -9999.0 -9999.0 -9999.0 -9999.0 -9999.0 -9999.0 -9999.0 -9999.0 -9999.0 -9999.0 -9999.0 -9999.0 -9999.0 -9999.0 -9999.0 -9999.0
-9999.0 -9999.0 573.152938 475.212497 376.721457 277.924708 178.992497 80.003196 -19.002601 -118.003391 -216.989324 -315.939335 -414.814144 -513.529725 -611.956421 -709.940242 -808.105885 -906.036150 -1003.687305 -1101.006838 -1194.907977 -1284.604082 -1367.456791 -1440.878263 -1503.138187 -1553.742768 -1593.336570 -1623.319065 -1645.413291 -1661.335725 -1672.605804 -1680.469352 -1685.894602 -1689.605294 -1692.127406 -1693.837726 -1695.014679 -1695.923629 -1697.083816 -1700.090605 -1708.433449 -1717.817394 -1548.692348 -2258.936012 -2090.900078 -1989.281286 -1944.749918 -1938.947537 -1938.358849 -1938.419008 -1938.571191 -1938.734355 -1938.891027 -1939.036035 -1939.170257 -1939.323274 -1939.785901 -1943.051304 -1965.732052 -2018.602115 -2083.148858 -1424.541404 -1681.731663 -1700.752946 -1698.761388 -1697.718935 -1697.483861 -1697.442121 -1697.435764 -1697.435309 -1697.435753 -1697.436245 -1697.436651 -1697.436969 -1697.437217 -1697.437414 -1697.437574 -1697.437707 -1697.437822 -1697.437928 -1697.438032 -1697.438148 -1697.438291 -1697.438483 -1697.438760 -1697.439176 -1697.439823 -1697.440850 -1697.442516 -1697.445282 -1697.449992 -1697.458243 -1697.473154 -1697.500933 -1697.554243 -1697.659729 -1697.876414 -1698.344464 -1699.423465 -1702.119488 -1709.616179 -1733.841408 -9999.0 -9999.0
-9999.0 -9999.0 573.158072 475.214041 376.721902 277.924844 178.992541 80.003211 -19.002595 -118.003389 -216.989323 -315.939335 -414.814144 -513.529725 -611.956421 -709.940242 -808.105885 -906.036151 -1003.687306 -1101.006839 -1194.907977 -1284.604082 -1367.456791 -1440.878263 -1503.138187 -1553.742768 -1593.336570 -1623.319065 -1645.413291 -1661.335726 -1672.605804 -1680.469352 -1685.894602 -1689.605294 -1692.127406 -1693.837726 -1695.014679 -1695.923629 -1697.083816 -1700.090605 -1708.433449 -1717.817394 -1548.692348 -2258.936011 -2090.900076 -1989.281283 -1944.749918 -1938.947537 -1938.358849 -1938.419008 -1938.571191 -1938.734355 -1938.891027 -1939.036035 -1939.170257 -1939.323274 -1939.785901 -1943.051304 -1965.732052 -2018.602115 -2083.148858 -1424.541404 -1681.731663 -1700.752946 -1698.761388 -1697.718935 -1697.483861 -1697.442121 -1697.435764 -1697.435309 -1697.435753 -1697.436245 -1697.436651 -1697.436969 -1697.437217 -1697.437414 -1697.437574 -1697.437707 -1697.437822 -1697.437928 -1697.438032 -1697.438148 -1697.438291 -1697.438483 -1697.438760 -1697.439176 -1697.439823 -1697.440850 -1697.442516 -1697.445282 -1697.449992 -1697.458243 -1697.473154 -1697.500933 -1697.554243 -1697.659729 -1697.876414 -1698.344464 -1699.423465 -1702.119488 -1709.616179 -1733.841408 -9999.0 -9999.0
-9999.0 -9999.0 573.159450 475.214762 376.722193 277.924952 178.992580 80.003225 -19.002590 -118.003387 -216.989322 -315.939334 -414.814144 -513.529725 -611.956422 -709.940242 -808.105886 -906.036151 -1003.687306 -1101.006839 -1194.907977 -1284.604082 -1367.456791 -1440.878263 -1503.138187 -1553.742768 -1593.336570 -1623.319065 -1645.413291 -1661.335726 -1672.605804 -1680.469352 -1685.894602 -1689.605294 -1692.127406 -1693.837726 -1695.014679 -1695.923629 -1697.083816 -1700.090605 -1708.433449 -1717.817394 -1548.692348 -2258.936011 -2090.900076 -1989.281282 -1944.749918 -1938.947537 -1938.358849 -1938.419008 -1938.571191 -1938.734355 -1938.891027 -1939.036035 -1939.170257 -1939.323274 -1939.785901 -1943.051304 -1965.732052 -2018.602115 -2083.148858 -1424.541404 -1681.731663 -1700.752946 -1698.761388 -1697.718935 -1697.483861 -1697.442121 -1697.435764 -1697.435309 -1697.435753 -1697.436245 -1697.436651 -1697.436969 -1697.437217 -1697.437414 -1697.437574 -1697.437707 -1697.437822 -1697.437928 -1697.438032 -1697.438148 -1697.438291 -1697.438483 -1697.438760 -1697.439176 -1697.439823 -1697.440850 -1697.442516 -1697.445282 -1697.449992 -1697.458243 -1697.473154 -1697.500933 -1697.554243 -1697.659729 -1697.876414 -1698.344464 -1699.423465 -1702.119488 -1709.616179 -1733.841408 -9999.0 -9999.0
-9999.0 -9999.0 573.159451 475.214761 376.722193 277.924952 178.992580 80.003225 -19.002590 -118.003387 -216.989322 -315.939334 -414.814144 -513.529725 -611.956421 -709.940242 -808.105886 -906.036151 -1003.687306 -1101.006839 -1194.907977 -1284.604082 -1367.456791 -1440.878263 -1503.138187 -1553.742768 -1593.336570 -1623.319065 -1645.413291 -1661.335726 -1672.605804 -1680.469352 -1685.894602 -1689.605294 -1692.127406 -1693.837726 -1695.014679 -1695.923629 -1697.083816 -1700.090605 -1708.433449 -1717.817394 -1548.692348 -2258.936011 -2090.900076 -1989.281282 -1944.749918 -1938.947537 -1938.358849 -1938.419008 -1938.571191 -1938.734355 -1938.891027 -1939.036035 -1939.170257 -1939.323274 -1939.785901 -1943.051304 -1965.732052 -2018.602115 -2083.148858 -1424.541404 -1681.731663 -1700.752946 -1698.761388 -1697.718935 -1697.483861 -1697.442121 -1697.435764 -1697.435309 -1697.435753 -1697.436245 -1697.436651 -1697.436969 -1697.437217 -1697.437414 -1697.437574 -1697.437707 -1697.437822 -1697.437928 -1697.438032 -1697.438148 -1697.438291 -1697.438483 -1697.438760 -1697.439176 -1697.439823 -1697.440850 -1697.442516 -1697.445282 -1697.449992 -1697.458243 -1697.473154 -1697.500933 -1697.554243 -1697.659729 -1697.876414 -1698.344464 -1699.423465 -1702.119488 -1709.616179 -1733.841408 -9999.0 -9999.0
-9999.0 -9999.0 573.158072 475.214041 376.721902 277.924844 178.992541 80.003211 -19.002595 -118.003389 -216.989323 -315.939334 -414.814144 -513.529725 -611.956421 -709.940242 -808.105885 -906.036151 -1003.687306 -1101.006839 -1194.907977 -1284.604082 -1367.456791 -1440.878263 -1503.138187 -1553.742768 -1593.336570 -1623.319065 -1645.413291 -1661.335726 -1672.605804 -1680.469352 -1685.894602 -1689.605294 -1692.127406 -1693.837726 -1695.014679 -1695.923629 -1697.083816 -1700.090605 -1708.433449 -1717.817394 -1548.692348 -2258.936011 -2090.900076 -1989.281283 -1944.749918 -1938.947537 -1938.358849 -1938.419008 -1938.571191 -1938.734355 -1938.891027 -1939.036035 -1939.170257 -1939.323274 -1939.785901 -1943.051304 -1965.732052 -2018.602115 -2083.148858 -1424.541404 -1681.731663 -1700.752946 -1698.761388 -1697.718935 -1697.483861 -1697.442121 -1697.435764 -1697.435309 -1697.435753 -1697.436245 -1697.436651 -1697.436969 -1697.437217 -1697.437414 -1697.437574 -1697.437707 -1697.437822 -1697.437928 -1697.438032 -1697.438148 -1697.438291 -1697.438483 -1697.438760 -1697.439176 -1697.439823 -1697.440850 -1697.442516 -1697.445282 -1697.449992 -1697.458243 -1697.473154 -1697.500933 -1697.554243 -1697.659729 -1697.876414 -1698.344464 -1699.423465 -1702.119488 -1709.616179 -1733.841408 -9999.0 -9999.0
-9999.0 -9999.0 573.152938 475.212497 376.721457 277.924708 178.992497 80.003196 -19.002600 -118.003391 -216.989324 -315.939335 -414.814144 -513.529725 -611.956421 -709.940242 -808.105885 -906.036150 -1003.687305 -1101.006838 -1194.907977 -1284.604082 -1367.456791 -1440.878263 -1503.138187 -1553.742768 -1593.336570 -1623.319065 -1645.413291 -1661.335725 -1672.605804 -1680.469352 -1685.894602 -1689.605294 -1692.127406 -1693.837726 -1695.014679 -1695.923629 -1697.083816 -1700.090605 -1708.433449 -1717.817394 -1548.692348 -2258.936012 -2090.900078 -1989.281286 -1944.749918 -1938.947537 -1938.358849 -1938.419008 -1938.571191 -1938.734355 -1938.891027 -1939.036035 -1939.170257 -1939.323274 -1939.785901 -1943.051304 -1965.732052 -2018.602115 -2083.148858 -1424.541404 -1681.731663 -1700.752946 -1698.761388 -1697.718935 -1697.483861 -1697.442121 -1697.435764 -1697.435309 -1697.435753 -1697.436245 -1697.436651 -1697.436969 -1697.437217 -1697.437414 -1697.437574 -1697.437707 -1697.437822 -1697.437928 -1697.438032 -1697.438148 -1697.438291 -1697.438483 -1697.438760 -1697.439176 -1697.439823 -1697.440850 -1697.442516 -1697.445282 -1697.449992 -1697.458243 -1697.473154 -1697.500933 -1697.554243 -1697.659729 -1697.876414 -1698.344464 -1699.423465 -1702.119488 -1709.616179 -1733.841408 -9999.0 -9999.0
-9999.0 -9999.0 -9999.0 -9999.0 -9999.0 -9999.0 -9999.0 -9999.0 -9999.0 -9999.0 -9999.0 -9999.0 -9999.0 -9999.0 -9999.0 -9999.0 -9999.0 -9999.0 -9999.0 -9999.0 -9999.0 -9999.0 -9999.0 -9999.0 -9999.0 -9999.0 -9999.0 -9999.0 -9999.0 -9999.0 -9999.0 -9999.0 -9999.0 -9999.0 -9999.0 -9999.0 -9999.0 -9999.0 -9999.0 -9999.0 -9999.0 -9999.0 -9999.0 -9999.0 -9999.0 -9999.0 -9999.0 -9999.0 -9999.0 -9999.0 -9999.0 -9999.0 -9999.0 -9999.0 -9999.0 -9999.0 -9999.0 -9999.0 -9999.0 -9999.0 -9999.0 -9999.0 -9999.0 -9999.0 -9999.0 -9999.0 -9999.0 -9999.0 -9999.0 -9999.0 -9999.0 -9999.0 -9999.0 -9999.0 -9999.0 -9999.0 -9999.0 -9999.0 -9999.0 -9999.0 -9999.0 -9999.0 -9999.0 -9999.0 -9999.0 -9999.0 -9999.0 -9999.0 -9999.0 -9999.0 -9999.0 -9999.0 -9999.0 -9999.0 -9999.0 -9999.0 -9999.0 -9999.0 -9999.0 -9999.0 -9999.0 -9999.0 -9999.0 -9999.0
-9999.0 -9999.0 -9999.0 -9999.0 -9999.0 -9999.0 -9999.0 -9999.0 -9999.0 -9999.0 -9999.0 -9999.0 -9999.0 -9999.0 -9999.0 -9999.0 -9999.0 -9999.0 -9999.0 -9999.0 -9999.0 -9999.0 -9999.0 -9999.0 -9999.0 -9999.0 -9999.0 -9999.0 -9999.0 -9999.0 -9999.0 -9999.0 -9999.0 -9999.0 -9999.0 -9999.0 -9999.0 -9999.0 -9999.0 -9999.0 -9999.0 -9999.0 -9999.0 -9999.0 -9999.0 -9999.0 -9999.0 -9999.0 -9999.0 -9999.0 -9999.0 -9999.0 -9999.0 -9999.0 -9999.0 -9999.0 -9999.0 -9999.0 -9999.0 -9999.0 -9999.0 -9999.0 -9999.0 -9999.0 -9999.0 -9999.0 -9999.0 -9999.0 -9999.0 -9999.0 -9999.0 -9999.0 -9999.0 -9999.0 -9999.0 -9999.0 -9999.0 -9999.0 -9999.0 -9999.0 -9999.0 -9999.0 -9999.0 -9999.0 -9999.0 -9999.0 -9999.0 -9999.0 -9999.0 -9999.0 -9999.0 -9999.0 -9999.0 -9999.0 -9999.0 -9999.0 -9999.0 -9999.0 -9999.0 -9999.0 -9999.0 -9999.0 -9999.0 -9999.0