inst/processing_geotop_simulation/geotop_simulation/out/maps3D/PwL0019N0281.asc
ncols         104
nrows         10
xllcorner     -2.000000
yllcorner     0.000000
cellsize      1.000000
NODATA_value  -9999.0
-9999.0 -9999.0 -9999.0 -9999.0 -9999.0 -9999.0 -9999.0 -9999.0 -9999.0 -9999.0 -9999.0 -9999.0 -9999.0 -9999.0 -9999.0 -9999.0 -9999.0 -9999.0 -9999.0 -9999.0 -9999.0 -9999.0 -9999.0 -9999.0 -9999.0 -9999.0 -9999.0 -9999.0 -9999.0 -9999.0 -9999.0 -9999.0 -9999.0 -9999.0 -9999.0 -9999.0 -9999.0 -9999.0 -9999.0 -9999.0 -9999.0 -9999.0 -9999.0 -9999.0 -9999.0 -9999.0 -9999.0 -9999.0 -9999.0 -9999.0 -9999.0 -9999.0 -9999.0 -9999.0 -9999.0 -9999.0 -9999.0 -9999.0 -9999.0 -9999.0 -9999.0 -9999.0 -9999.0 -9999.0 -9999.0 -9999.0 -9999.0 -9999.0 -9999.0 -9999.0 -9999.0 -9999.0 -9999.0 -9999.0 -9999.0 -9999.0 -9999.0 -9999.0 -9999.0 -9999.0 -9999.0 -9999.0 -9999.0 -9999.0 -9999.0 -9999.0 -9999.0 -9999.0 -9999.0 -9999.0 -9999.0 -9999.0 -9999.0 -9999.0 -9999.0 -9999.0 -9999.0 -9999.0 -9999.0 -9999.0 -9999.0 -9999.0 -9999.0 -9999.0
-9999.0 -9999.0 -9999.0 -9999.0 -9999.0 -9999.0 -9999.0 -9999.0 -9999.0 -9999.0 -9999.0 -9999.0 -9999.0 -9999.0 -9999.0 -9999.0 -9999.0 -9999.0 -9999.0 -9999.0 -9999.0 -9999.0 -9999.0 -9999.0 -9999.0 -9999.0 -9999.0 -9999.0 -9999.0 -9999.0 -9999.0 -9999.0 -9999.0 -9999.0 -9999.0 -9999.0 -9999.0 -9999.0 -9999.0 -9999.0 -9999.0 -9999.0 -9999.0 -9999.0 -9999.0 -9999.0 -9999.0 -9999.0 -9999.0 -9999.0 -9999.0 -9999.0 -9999.0 -9999.0 -9999.0 -9999.0 -9999.0 -9999.0 -9999.0 -9999.0 -9999.0 -9999.0 -9999.0 -9999.0 -9999.0 -9999.0 -9999.0 -9999.0 -9999.0 -9999.0 -9999.0 -9999.0 -9999.0 -9999.0 -9999.0 -9999.0 -9999.0 -9999.0 -9999.0 -9999.0 -9999.0 -9999.0 -9999.0 -9999.0 -9999.0 -9999.0 -9999.0 -9999.0 -9999.0 -9999.0 -9999.0 -9999.0 -9999.0 -9999.0 -9999.0 -9999.0 -9999.0 -9999.0 -9999.0 -9999.0 -9999.0 -9999.0 -9999.0 -9999.0
-9999.0 -9999.0 921.960093 823.881837 725.622844 627.118318 528.481653 429.786117 331.071781 232.360453 133.664279 34.990742 -63.650055 -162.255149 -260.800366 -359.232024 -457.444099 -555.245918 -652.320486 -748.963794 -845.576895 -941.422607 -1036.234542 -1125.655521 -1204.375007 -1273.123683 -1330.764770 -1377.194913 -1413.234679 -1440.314072 -1460.111767 -1474.267778 -1484.213878 -1491.108482 -1495.840349 -1499.068445 -1501.281418 -1502.901212 -1504.599551 -1508.431158 -1521.359638 -1570.312489 -1901.277904 -3981.565716 -4034.646301 -4034.651391 -4034.589084 -4033.946227 -4031.058435 -4022.237501 -4000.265182 -3947.160214 -3878.473044 -3809.442323 -3722.508181 -3604.746081 -3446.847215 -3250.763638 -3033.017171 -2814.879255 -2571.278900 -1612.458705 -1528.666315 -1513.100189 -1507.593631 -1506.221100 -1505.956548 -1505.912247 -1505.905705 -1505.905296 -1505.905805 -1505.906356 -1505.906813 -1505.907173 -1505.907459 -1505.907689 -1505.907879 -1505.908040 -1505.908181 -1505.908311 -1505.908441 -1505.908583 -1505.908754 -1505.908979 -1505.909294 -1505.909761 -1505.910475 -1505.911598 -1505.913410 -1505.916405 -1505.921490 -1505.930385 -1505.946444 -1505.976366 -1506.033866 -1506.148041 -1506.384123 -1506.898979 -1508.096202 -1511.082569 -1519.198102 -1544.329873 -9999.0 -9999.0
-9999.0 -9999.0 921.963281 823.883038 725.623235 627.118445 528.481696 429.786131 331.071786 232.360455 133.664280 34.990742 -63.650054 -162.255149 -260.800366 -359.232024 -457.444099 -555.245918 -652.320486 -748.963794 -845.576896 -941.422607 -1036.234542 -1125.655521 -1204.375007 -1273.123684 -1330.764770 -1377.194913 -1413.234679 -1440.314072 -1460.111767 -1474.267778 -1484.213878 -1491.108482 -1495.840349 -1499.068445 -1501.281418 -1502.901212 -1504.599551 -1508.431158 -1521.359638 -1570.312489 -1901.277904 -3981.565716 -4034.646301 -4034.651391 -4034.589084 -4033.946227 -4031.058435 -4022.237500 -4000.265182 -3947.160214 -3878.473044 -3809.442323 -3722.508181 -3604.746080 -3446.847214 -3250.763638 -3033.017170 -2814.879255 -2571.278900 -1612.458705 -1528.666315 -1513.100189 -1507.593631 -1506.221100 -1505.956548 -1505.912247 -1505.905705 -1505.905296 -1505.905805 -1505.906356 -1505.906813 -1505.907173 -1505.907459 -1505.907689 -1505.907879 -1505.908040 -1505.908181 -1505.908311 -1505.908441 -1505.908583 -1505.908754 -1505.908979 -1505.909294 -1505.909761 -1505.910475 -1505.911598 -1505.913410 -1505.916405 -1505.921490 -1505.930385 -1505.946444 -1505.976366 -1506.033866 -1506.148041 -1506.384123 -1506.898979 -1508.096202 -1511.082569 -1519.198102 -1544.329873 -9999.0 -9999.0
-9999.0 -9999.0 921.964477 823.883678 725.623504 627.118548 528.481734 429.786146 331.071791 232.360458 133.664281 34.990743 -63.650054 -162.255149 -260.800366 -359.232024 -457.444099 -555.245919 -652.320486 -748.963794 -845.576896 -941.422608 -1036.234543 -1125.655521 -1204.375007 -1273.123684 -1330.764770 -1377.194913 -1413.234679 -1440.314072 -1460.111767 -1474.267778 -1484.213878 -1491.108482 -1495.840349 -1499.068445 -1501.281418 -1502.901212 -1504.599551 -1508.431158 -1521.359638 -1570.312489 -1901.277904 -3981.565716 -4034.646301 -4034.651391 -4034.589084 -4033.946227 -4031.058435 -4022.237500 -4000.265182 -3947.160213 -3878.473044 -3809.442322 -3722.508181 -3604.746080 -3446.847214 -3250.763637 -3033.017170 -2814.879255 -2571.278900 -1612.458705 -1528.666315 -1513.100189 -1507.593631 -1506.221100 -1505.956548 -1505.912247 -1505.905705 -1505.905296 -1505.905805 -1505.906356 -1505.906813 -1505.907173 -1505.907459 -1505.907689 -1505.907879 -1505.908040 -1505.908181 -1505.908311 -1505.908441 -1505.908583 -1505.908754 -1505.908979 -1505.909294 -1505.909761 -1505.910475 -1505.911598 -1505.913410 -1505.916405 -1505.921490 -1505.930385 -1505.946444 -1505.976366 -1506.033866 -1506.148041 -1506.384123 -1506.898979 -1508.096202 -1511.082569 -1519.198102 -1544.329873 -9999.0 -9999.0
-9999.0 -9999.0 921.964477 823.883678 725.623504 627.118548 528.481734 429.786145 331.071791 232.360457 133.664281 34.990743 -63.650054 -162.255149 -260.800365 -359.232024 -457.444099 -555.245919 -652.320486 -748.963794 -845.576896 -941.422608 -1036.234543 -1125.655521 -1204.375007 -1273.123684 -1330.764770 -1377.194913 -1413.234679 -1440.314072 -1460.111767 -1474.267778 -1484.213878 -1491.108482 -1495.840349 -1499.068445 -1501.281418 -1502.901212 -1504.599551 -1508.431158 -1521.359638 -1570.312489 -1901.277904 -3981.565716 -4034.646301 -4034.651391 -4034.589084 -4033.946227 -4031.058435 -4022.237500 -4000.265182 -3947.160213 -3878.473044 -3809.442323 -3722.508181 -3604.746080 -3446.847214 -3250.763638 -3033.017170 -2814.879255 -2571.278900 -1612.458705 -1528.666315 -1513.100189 -1507.593631 -1506.221100 -1505.956548 -1505.912247 -1505.905705 -1505.905296 -1505.905805 -1505.906356 -1505.906813 -1505.907173 -1505.907459 -1505.907689 -1505.907879 -1505.908040 -1505.908181 -1505.908311 -1505.908441 -1505.908583 -1505.908754 -1505.908979 -1505.909294 -1505.909761 -1505.910475 -1505.911598 -1505.913410 -1505.916405 -1505.921490 -1505.930385 -1505.946444 -1505.976366 -1506.033866 -1506.148041 -1506.384123 -1506.898979 -1508.096202 -1511.082569 -1519.198102 -1544.329873 -9999.0 -9999.0
-9999.0 -9999.0 921.963281 823.883038 725.623234 627.118446 528.481696 429.786132 331.071786 232.360456 133.664280 34.990743 -63.650055 -162.255149 -260.800366 -359.232024 -457.444099 -555.245918 -652.320486 -748.963794 -845.576896 -941.422607 -1036.234543 -1125.655521 -1204.375007 -1273.123684 -1330.764770 -1377.194913 -1413.234679 -1440.314072 -1460.111767 -1474.267778 -1484.213878 -1491.108482 -1495.840349 -1499.068445 -1501.281418 -1502.901212 -1504.599551 -1508.431158 -1521.359638 -1570.312489 -1901.277904 -3981.565716 -4034.646301 -4034.651391 -4034.589084 -4033.946227 -4031.058435 -4022.237500 -4000.265182 -3947.160214 -3878.473044 -3809.442323 -3722.508181 -3604.746080 -3446.847215 -3250.763638 -3033.017171 -2814.879255 -2571.278900 -1612.458705 -1528.666315 -1513.100189 -1507.593631 -1506.221100 -1505.956548 -1505.912247 -1505.905705 -1505.905296 -1505.905805 -1505.906356 -1505.906813 -1505.907173 -1505.907459 -1505.907689 -1505.907879 -1505.908040 -1505.908181 -1505.908311 -1505.908441 -1505.908583 -1505.908754 -1505.908979 -1505.909294 -1505.909761 -1505.910475 -1505.911598 -1505.913410 -1505.916405 -1505.921490 -1505.930385 -1505.946444 -1505.976366 -1506.033866 -1506.148041 -1506.384123 -1506.898979 -1508.096202 -1511.082569 -1519.198102 -1544.329873 -9999.0 -9999.0
-9999.0 -9999.0 921.960093 823.881837 725.622844 627.118318 528.481653 429.786117 331.071781 232.360453 133.664279 34.990742 -63.650055 -162.255149 -260.800366 -359.232024 -457.444099 -555.245918 -652.320486 -748.963794 -845.576895 -941.422607 -1036.234542 -1125.655521 -1204.375007 -1273.123683 -1330.764770 -1377.194913 -1413.234679 -1440.314072 -1460.111767 -1474.267778 -1484.213878 -1491.108482 -1495.840349 -1499.068445 -1501.281418 -1502.901212 -1504.599551 -1508.431158 -1521.359638 -1570.312489 -1901.277904 -3981.565716 -4034.646301 -4034.651391 -4034.589084 -4033.946227 -4031.058435 -4022.237501 -4000.265182 -3947.160214 -3878.473044 -3809.442323 -3722.508181 -3604.746081 -3446.847215 -3250.763639 -3033.017171 -2814.879256 -2571.278901 -1612.458705 -1528.666315 -1513.100189 -1507.593631 -1506.221100 -1505.956548 -1505.912247 -1505.905705 -1505.905296 -1505.905805 -1505.906356 -1505.906813 -1505.907173 -1505.907459 -1505.907689 -1505.907879 -1505.908040 -1505.908181 -1505.908311 -1505.908441 -1505.908583 -1505.908754 -1505.908979 -1505.909294 -1505.909761 -1505.910475 -1505.911598 -1505.913410 -1505.916405 -1505.921490 -1505.930385 -1505.946444 -1505.976366 -1506.033866 -1506.148041 -1506.384123 -1506.898979 -1508.096202 -1511.082569 -1519.198102 -1544.329873 -9999.0 -9999.0
-9999.0 -9999.0 -9999.0 -9999.0 -9999.0 -9999.0 -9999.0 -9999.0 -9999.0 -9999.0 -9999.0 -9999.0 -9999.0 -9999.0 -9999.0 -9999.0 -9999.0 -9999.0 -9999.0 -9999.0 -9999.0 -9999.0 -9999.0 -9999.0 -9999.0 -9999.0 -9999.0 -9999.0 -9999.0 -9999.0 -9999.0 -9999.0 -9999.0 -9999.0 -9999.0 -9999.0 -9999.0 -9999.0 -9999.0 -9999.0 -9999.0 -9999.0 -9999.0 -9999.0 -9999.0 -9999.0 -9999.0 -9999.0 -9999.0 -9999.0 -9999.0 -9999.0 -9999.0 -9999.0 -9999.0 -9999.0 -9999.0 -9999.0 -9999.0 -9999.0 -9999.0 -9999.0 -9999.0 -9999.0 -9999.0 -9999.0 -9999.0 -9999.0 -9999.0 -9999.0 -9999.0 -9999.0 -9999.0 -9999.0 -9999.0 -9999.0 -9999.0 -9999.0 -9999.0 -9999.0 -9999.0 -9999.0 -9999.0 -9999.0 -9999.0 -9999.0 -9999.0 -9999.0 -9999.0 -9999.0 -9999.0 -9999.0 -9999.0 -9999.0 -9999.0 -9999.0 -9999.0 -9999.0 -9999.0 -9999.0 -9999.0 -9999.0 -9999.0 -9999.0
-9999.0 -9999.0 -9999.0 -9999.0 -9999.0 -9999.0 -9999.0 -9999.0 -9999.0 -9999.0 -9999.0 -9999.0 -9999.0 -9999.0 -9999.0 -9999.0 -9999.0 -9999.0 -9999.0 -9999.0 -9999.0 -9999.0 -9999.0 -9999.0 -9999.0 -9999.0 -9999.0 -9999.0 -9999.0 -9999.0 -9999.0 -9999.0 -9999.0 -9999.0 -9999.0 -9999.0 -9999.0 -9999.0 -9999.0 -9999.0 -9999.0 -9999.0 -9999.0 -9999.0 -9999.0 -9999.0 -9999.0 -9999.0 -9999.0 -9999.0 -9999.0 -9999.0 -9999.0 -9999.0 -9999.0 -9999.0 -9999.0 -9999.0 -9999.0 -9999.0 -9999.0 -9999.0 -9999.0 -9999.0 -9999.0 -9999.0 -9999.0 -9999.0 -9999.0 -9999.0 -9999.0 -9999.0 -9999.0 -9999.0 -9999.0 -9999.0 -9999.0 -9999.0 -9999.0 -9999.0 -9999.0 -9999.0 -9999.0 -9999.0 -9999.0 -9999.0 -9999.0 -9999.0 -9999.0 -9999.0 -9999.0 -9999.0 -9999.0 -9999.0 -9999.0 -9999.0 -9999.0 -9999.0 -9999.0 -9999.0 -9999.0 -9999.0 -9999.0 -9999.0