inst/processing_geotop_simulation/geotop_simulation/out/maps3D/PwL0005N0023.asc
ncols         104
nrows         10
xllcorner     -2.000000
yllcorner     0.000000
cellsize      1.000000
NODATA_value  -9999.0
-9999.0 -9999.0 -9999.0 -9999.0 -9999.0 -9999.0 -9999.0 -9999.0 -9999.0 -9999.0 -9999.0 -9999.0 -9999.0 -9999.0 -9999.0 -9999.0 -9999.0 -9999.0 -9999.0 -9999.0 -9999.0 -9999.0 -9999.0 -9999.0 -9999.0 -9999.0 -9999.0 -9999.0 -9999.0 -9999.0 -9999.0 -9999.0 -9999.0 -9999.0 -9999.0 -9999.0 -9999.0 -9999.0 -9999.0 -9999.0 -9999.0 -9999.0 -9999.0 -9999.0 -9999.0 -9999.0 -9999.0 -9999.0 -9999.0 -9999.0 -9999.0 -9999.0 -9999.0 -9999.0 -9999.0 -9999.0 -9999.0 -9999.0 -9999.0 -9999.0 -9999.0 -9999.0 -9999.0 -9999.0 -9999.0 -9999.0 -9999.0 -9999.0 -9999.0 -9999.0 -9999.0 -9999.0 -9999.0 -9999.0 -9999.0 -9999.0 -9999.0 -9999.0 -9999.0 -9999.0 -9999.0 -9999.0 -9999.0 -9999.0 -9999.0 -9999.0 -9999.0 -9999.0 -9999.0 -9999.0 -9999.0 -9999.0 -9999.0 -9999.0 -9999.0 -9999.0 -9999.0 -9999.0 -9999.0 -9999.0 -9999.0 -9999.0 -9999.0 -9999.0
-9999.0 -9999.0 -9999.0 -9999.0 -9999.0 -9999.0 -9999.0 -9999.0 -9999.0 -9999.0 -9999.0 -9999.0 -9999.0 -9999.0 -9999.0 -9999.0 -9999.0 -9999.0 -9999.0 -9999.0 -9999.0 -9999.0 -9999.0 -9999.0 -9999.0 -9999.0 -9999.0 -9999.0 -9999.0 -9999.0 -9999.0 -9999.0 -9999.0 -9999.0 -9999.0 -9999.0 -9999.0 -9999.0 -9999.0 -9999.0 -9999.0 -9999.0 -9999.0 -9999.0 -9999.0 -9999.0 -9999.0 -9999.0 -9999.0 -9999.0 -9999.0 -9999.0 -9999.0 -9999.0 -9999.0 -9999.0 -9999.0 -9999.0 -9999.0 -9999.0 -9999.0 -9999.0 -9999.0 -9999.0 -9999.0 -9999.0 -9999.0 -9999.0 -9999.0 -9999.0 -9999.0 -9999.0 -9999.0 -9999.0 -9999.0 -9999.0 -9999.0 -9999.0 -9999.0 -9999.0 -9999.0 -9999.0 -9999.0 -9999.0 -9999.0 -9999.0 -9999.0 -9999.0 -9999.0 -9999.0 -9999.0 -9999.0 -9999.0 -9999.0 -9999.0 -9999.0 -9999.0 -9999.0 -9999.0 -9999.0 -9999.0 -9999.0 -9999.0 -9999.0
-9999.0 -9999.0 222.411036 125.108440 28.282144 -69.947629 -162.393020 -232.213974 -266.252747 -264.883068 -348.719902 -374.361833 -328.525903 -250.371487 -167.685768 -13.988530 160.001573 131.446115 93.151579 48.305133 -2.391088 -58.748405 -119.545944 -181.125265 -236.770326 -280.474884 -310.453526 -329.106072 -339.941900 -345.993270 -349.261151 -350.854783 -351.363472 -351.042058 -349.882918 -347.677187 -343.966027 -337.805583 -327.287016 -317.575649 -306.291084 -201.221708 -1187.436868 -1145.364072 -1049.328584 -992.095307 -965.376064 -962.356281 -962.039169 -962.008577 -962.006908 -962.008078 -962.009459 -962.010878 -962.013292 -962.026533 -962.147321 -963.207946 -972.475816 -993.200603 -1030.815774 -1002.843875 -252.921149 -296.236885 -320.213074 -334.051617 -342.379898 -347.468933 -350.627847 -352.597103 -353.826340 -354.595278 -355.078817 -355.382586 -355.573705 -355.694330 -355.770724 -355.820415 -355.854999 -355.882192 -355.907435 -355.935900 -355.974336 -356.030890 -356.117521 -356.252660 -356.465116 -356.799914 -357.327783 -358.159417 -359.467869 -361.521532 -364.732521 -369.723665 -377.413930 -389.111715 -406.586151 -432.063370 -468.100232 -517.463976 -583.913630 -673.259376 -9999.0 -9999.0
-9999.0 -9999.0 222.494036 125.131161 28.288815 -69.945500 -162.392299 -232.213753 -266.252683 -264.883051 -348.719898 -374.361832 -328.525903 -250.371486 -167.685768 -13.988530 160.001573 131.446115 93.151580 48.305133 -2.391089 -58.748406 -119.545945 -181.125265 -236.770326 -280.474885 -310.453527 -329.106073 -339.941900 -345.993270 -349.261152 -350.854783 -351.363472 -351.042058 -349.882919 -347.677187 -343.966027 -337.805583 -327.287016 -317.575649 -306.291082 -201.221707 -1187.436868 -1145.364071 -1049.328582 -992.095305 -965.376064 -962.356281 -962.039169 -962.008577 -962.006908 -962.008078 -962.009459 -962.010878 -962.013292 -962.026533 -962.147321 -963.207946 -972.475816 -993.200602 -1030.815774 -1002.843876 -252.921149 -296.236885 -320.213073 -334.051617 -342.379898 -347.468933 -350.627847 -352.597103 -353.826340 -354.595278 -355.078816 -355.382586 -355.573705 -355.694330 -355.770723 -355.820414 -355.854999 -355.882192 -355.907435 -355.935900 -355.974336 -356.030890 -356.117521 -356.252660 -356.465116 -356.799914 -357.327783 -358.159417 -359.467869 -361.521532 -364.732521 -369.723665 -377.413930 -389.111715 -406.586151 -432.063370 -468.100232 -517.463976 -583.913630 -673.259376 -9999.0 -9999.0
-9999.0 -9999.0 222.512429 125.141518 28.293271 -69.943769 -162.391657 -232.213548 -266.252623 -264.883033 -348.719895 -374.361832 -328.525903 -250.371486 -167.685768 -13.988530 160.001573 131.446116 93.151580 48.305133 -2.391089 -58.748407 -119.545945 -181.125265 -236.770326 -280.474885 -310.453527 -329.106073 -339.941900 -345.993271 -349.261152 -350.854783 -351.363472 -351.042058 -349.882919 -347.677187 -343.966027 -337.805583 -327.287016 -317.575649 -306.291081 -201.221706 -1187.436868 -1145.364071 -1049.328582 -992.095304 -965.376064 -962.356281 -962.039169 -962.008577 -962.006908 -962.008078 -962.009459 -962.010878 -962.013292 -962.026533 -962.147321 -963.207946 -972.475816 -993.200602 -1030.815774 -1002.843876 -252.921149 -296.236885 -320.213073 -334.051617 -342.379898 -347.468933 -350.627847 -352.597103 -353.826340 -354.595278 -355.078816 -355.382586 -355.573705 -355.694330 -355.770723 -355.820414 -355.854999 -355.882192 -355.907435 -355.935900 -355.974336 -356.030890 -356.117521 -356.252660 -356.465116 -356.799914 -357.327783 -358.159417 -359.467869 -361.521532 -364.732521 -369.723665 -377.413930 -389.111715 -406.586151 -432.063370 -468.100232 -517.463976 -583.913630 -673.259376 -9999.0 -9999.0
-9999.0 -9999.0 222.512429 125.141518 28.293271 -69.943769 -162.391657 -232.213548 -266.252623 -264.883033 -348.719895 -374.361832 -328.525903 -250.371486 -167.685767 -13.988530 160.001573 131.446115 93.151580 48.305133 -2.391089 -58.748407 -119.545945 -181.125265 -236.770326 -280.474885 -310.453527 -329.106073 -339.941900 -345.993271 -349.261152 -350.854783 -351.363472 -351.042058 -349.882918 -347.677187 -343.966027 -337.805583 -327.287016 -317.575649 -306.291081 -201.221707 -1187.436868 -1145.364071 -1049.328582 -992.095304 -965.376064 -962.356281 -962.039169 -962.008577 -962.006908 -962.008078 -962.009459 -962.010878 -962.013292 -962.026533 -962.147321 -963.207946 -972.475816 -993.200602 -1030.815774 -1002.843876 -252.921149 -296.236885 -320.213073 -334.051617 -342.379898 -347.468933 -350.627847 -352.597103 -353.826340 -354.595278 -355.078816 -355.382586 -355.573705 -355.694330 -355.770723 -355.820414 -355.854999 -355.882192 -355.907435 -355.935900 -355.974336 -356.030890 -356.117521 -356.252660 -356.465116 -356.799914 -357.327783 -358.159417 -359.467869 -361.521532 -364.732521 -369.723665 -377.413930 -389.111715 -406.586151 -432.063370 -468.100232 -517.463976 -583.913630 -673.259376 -9999.0 -9999.0
-9999.0 -9999.0 222.494036 125.131161 28.288815 -69.945500 -162.392299 -232.213753 -266.252683 -264.883051 -348.719898 -374.361832 -328.525903 -250.371486 -167.685768 -13.988530 160.001573 131.446115 93.151579 48.305133 -2.391089 -58.748406 -119.545945 -181.125265 -236.770326 -280.474885 -310.453527 -329.106073 -339.941900 -345.993270 -349.261152 -350.854783 -351.363472 -351.042058 -349.882919 -347.677187 -343.966027 -337.805583 -327.287016 -317.575649 -306.291082 -201.221707 -1187.436868 -1145.364071 -1049.328582 -992.095305 -965.376064 -962.356281 -962.039169 -962.008577 -962.006908 -962.008078 -962.009459 -962.010878 -962.013292 -962.026533 -962.147321 -963.207946 -972.475816 -993.200602 -1030.815774 -1002.843876 -252.921149 -296.236885 -320.213073 -334.051617 -342.379898 -347.468933 -350.627847 -352.597103 -353.826340 -354.595278 -355.078817 -355.382586 -355.573705 -355.694330 -355.770723 -355.820414 -355.854999 -355.882192 -355.907435 -355.935900 -355.974336 -356.030890 -356.117521 -356.252660 -356.465116 -356.799914 -357.327783 -358.159417 -359.467869 -361.521532 -364.732521 -369.723665 -377.413930 -389.111715 -406.586151 -432.063370 -468.100232 -517.463976 -583.913630 -673.259376 -9999.0 -9999.0
-9999.0 -9999.0 222.411036 125.108440 28.282144 -69.947629 -162.393020 -232.213974 -266.252747 -264.883068 -348.719902 -374.361833 -328.525903 -250.371487 -167.685768 -13.988530 160.001573 131.446115 93.151579 48.305133 -2.391088 -58.748406 -119.545944 -181.125265 -236.770326 -280.474884 -310.453526 -329.106072 -339.941900 -345.993270 -349.261151 -350.854783 -351.363472 -351.042058 -349.882918 -347.677187 -343.966027 -337.805583 -327.287016 -317.575650 -306.291084 -201.221708 -1187.436868 -1145.364072 -1049.328584 -992.095307 -965.376064 -962.356281 -962.039169 -962.008577 -962.006908 -962.008078 -962.009459 -962.010878 -962.013292 -962.026533 -962.147321 -963.207946 -972.475816 -993.200603 -1030.815774 -1002.843875 -252.921149 -296.236885 -320.213074 -334.051617 -342.379898 -347.468934 -350.627847 -352.597103 -353.826340 -354.595278 -355.078817 -355.382586 -355.573705 -355.694330 -355.770724 -355.820415 -355.854999 -355.882192 -355.907435 -355.935900 -355.974336 -356.030890 -356.117521 -356.252660 -356.465116 -356.799914 -357.327783 -358.159417 -359.467869 -361.521532 -364.732521 -369.723665 -377.413930 -389.111715 -406.586151 -432.063370 -468.100232 -517.463976 -583.913630 -673.259376 -9999.0 -9999.0
-9999.0 -9999.0 -9999.0 -9999.0 -9999.0 -9999.0 -9999.0 -9999.0 -9999.0 -9999.0 -9999.0 -9999.0 -9999.0 -9999.0 -9999.0 -9999.0 -9999.0 -9999.0 -9999.0 -9999.0 -9999.0 -9999.0 -9999.0 -9999.0 -9999.0 -9999.0 -9999.0 -9999.0 -9999.0 -9999.0 -9999.0 -9999.0 -9999.0 -9999.0 -9999.0 -9999.0 -9999.0 -9999.0 -9999.0 -9999.0 -9999.0 -9999.0 -9999.0 -9999.0 -9999.0 -9999.0 -9999.0 -9999.0 -9999.0 -9999.0 -9999.0 -9999.0 -9999.0 -9999.0 -9999.0 -9999.0 -9999.0 -9999.0 -9999.0 -9999.0 -9999.0 -9999.0 -9999.0 -9999.0 -9999.0 -9999.0 -9999.0 -9999.0 -9999.0 -9999.0 -9999.0 -9999.0 -9999.0 -9999.0 -9999.0 -9999.0 -9999.0 -9999.0 -9999.0 -9999.0 -9999.0 -9999.0 -9999.0 -9999.0 -9999.0 -9999.0 -9999.0 -9999.0 -9999.0 -9999.0 -9999.0 -9999.0 -9999.0 -9999.0 -9999.0 -9999.0 -9999.0 -9999.0 -9999.0 -9999.0 -9999.0 -9999.0 -9999.0 -9999.0
-9999.0 -9999.0 -9999.0 -9999.0 -9999.0 -9999.0 -9999.0 -9999.0 -9999.0 -9999.0 -9999.0 -9999.0 -9999.0 -9999.0 -9999.0 -9999.0 -9999.0 -9999.0 -9999.0 -9999.0 -9999.0 -9999.0 -9999.0 -9999.0 -9999.0 -9999.0 -9999.0 -9999.0 -9999.0 -9999.0 -9999.0 -9999.0 -9999.0 -9999.0 -9999.0 -9999.0 -9999.0 -9999.0 -9999.0 -9999.0 -9999.0 -9999.0 -9999.0 -9999.0 -9999.0 -9999.0 -9999.0 -9999.0 -9999.0 -9999.0 -9999.0 -9999.0 -9999.0 -9999.0 -9999.0 -9999.0 -9999.0 -9999.0 -9999.0 -9999.0 -9999.0 -9999.0 -9999.0 -9999.0 -9999.0 -9999.0 -9999.0 -9999.0 -9999.0 -9999.0 -9999.0 -9999.0 -9999.0 -9999.0 -9999.0 -9999.0 -9999.0 -9999.0 -9999.0 -9999.0 -9999.0 -9999.0 -9999.0 -9999.0 -9999.0 -9999.0 -9999.0 -9999.0 -9999.0 -9999.0 -9999.0 -9999.0 -9999.0 -9999.0 -9999.0 -9999.0 -9999.0 -9999.0 -9999.0 -9999.0 -9999.0 -9999.0 -9999.0 -9999.0