inst/processing_geotop_simulation/geotop_simulation/out/maps3D/PwL0003N0462.asc
ncols         104
nrows         10
xllcorner     -2.000000
yllcorner     0.000000
cellsize      1.000000
NODATA_value  -9999.0
-9999.0 -9999.0 -9999.0 -9999.0 -9999.0 -9999.0 -9999.0 -9999.0 -9999.0 -9999.0 -9999.0 -9999.0 -9999.0 -9999.0 -9999.0 -9999.0 -9999.0 -9999.0 -9999.0 -9999.0 -9999.0 -9999.0 -9999.0 -9999.0 -9999.0 -9999.0 -9999.0 -9999.0 -9999.0 -9999.0 -9999.0 -9999.0 -9999.0 -9999.0 -9999.0 -9999.0 -9999.0 -9999.0 -9999.0 -9999.0 -9999.0 -9999.0 -9999.0 -9999.0 -9999.0 -9999.0 -9999.0 -9999.0 -9999.0 -9999.0 -9999.0 -9999.0 -9999.0 -9999.0 -9999.0 -9999.0 -9999.0 -9999.0 -9999.0 -9999.0 -9999.0 -9999.0 -9999.0 -9999.0 -9999.0 -9999.0 -9999.0 -9999.0 -9999.0 -9999.0 -9999.0 -9999.0 -9999.0 -9999.0 -9999.0 -9999.0 -9999.0 -9999.0 -9999.0 -9999.0 -9999.0 -9999.0 -9999.0 -9999.0 -9999.0 -9999.0 -9999.0 -9999.0 -9999.0 -9999.0 -9999.0 -9999.0 -9999.0 -9999.0 -9999.0 -9999.0 -9999.0 -9999.0 -9999.0 -9999.0 -9999.0 -9999.0 -9999.0 -9999.0
-9999.0 -9999.0 -9999.0 -9999.0 -9999.0 -9999.0 -9999.0 -9999.0 -9999.0 -9999.0 -9999.0 -9999.0 -9999.0 -9999.0 -9999.0 -9999.0 -9999.0 -9999.0 -9999.0 -9999.0 -9999.0 -9999.0 -9999.0 -9999.0 -9999.0 -9999.0 -9999.0 -9999.0 -9999.0 -9999.0 -9999.0 -9999.0 -9999.0 -9999.0 -9999.0 -9999.0 -9999.0 -9999.0 -9999.0 -9999.0 -9999.0 -9999.0 -9999.0 -9999.0 -9999.0 -9999.0 -9999.0 -9999.0 -9999.0 -9999.0 -9999.0 -9999.0 -9999.0 -9999.0 -9999.0 -9999.0 -9999.0 -9999.0 -9999.0 -9999.0 -9999.0 -9999.0 -9999.0 -9999.0 -9999.0 -9999.0 -9999.0 -9999.0 -9999.0 -9999.0 -9999.0 -9999.0 -9999.0 -9999.0 -9999.0 -9999.0 -9999.0 -9999.0 -9999.0 -9999.0 -9999.0 -9999.0 -9999.0 -9999.0 -9999.0 -9999.0 -9999.0 -9999.0 -9999.0 -9999.0 -9999.0 -9999.0 -9999.0 -9999.0 -9999.0 -9999.0 -9999.0 -9999.0 -9999.0 -9999.0 -9999.0 -9999.0 -9999.0 -9999.0
-9999.0 -9999.0 125.049562 26.857339 -72.228496 -171.549144 -270.957118 -370.398051 -469.843987 -569.276303 -668.666432 -767.983024 -867.232708 -966.385702 -1065.498858 -1164.599637 -1263.471571 -1362.002471 -1459.942241 -1556.763938 -1651.380885 -1741.773587 -1825.005118 -1898.093511 -1959.159913 -2007.928392 -2045.443892 -2073.461699 -2093.911197 -2108.572535 -2118.937848 -2126.185382 -2131.208827 -2134.666914 -2137.035594 -2138.656618 -2139.787910 -2140.689961 -2141.841489 -2144.065858 -2142.756530 -2066.572929 -1261.494192 -1261.870465 -1251.081624 -1243.846790 -1240.440838 -1239.896623 -1239.836458 -1239.841074 -1239.854967 -1239.870001 -1239.884465 -1239.897869 -1239.910387 -1239.925609 -1239.976314 -1240.308194 -1242.142724 -1246.163028 -1251.194349 -1242.989564 -2041.022656 -2137.118172 -2142.762692 -2142.380207 -2142.172840 -2142.126253 -2142.118153 -2142.117232 -2142.117486 -2142.117861 -2142.118184 -2142.118440 -2142.118643 -2142.118806 -2142.118940 -2142.119054 -2142.119153 -2142.119246 -2142.119339 -2142.119441 -2142.119567 -2142.119733 -2142.119969 -2142.120321 -2142.120863 -2142.121720 -2142.123109 -2142.125416 -2142.129357 -2142.136291 -2142.148883 -2142.172475 -2142.218047 -2142.309034 -2142.498333 -2142.914460 -2143.897398 -2146.442753 -2153.847547 -2178.545735 -9999.0 -9999.0
-9999.0 -9999.0 125.058811 26.859113 -72.228051 -171.549014 -270.957077 -370.398037 -469.843981 -569.276301 -668.666431 -767.983024 -867.232708 -966.385701 -1065.498857 -1164.599638 -1263.471571 -1362.002471 -1459.942241 -1556.763938 -1651.380886 -1741.773587 -1825.005119 -1898.093511 -1959.159913 -2007.928392 -2045.443892 -2073.461699 -2093.911197 -2108.572535 -2118.937848 -2126.185382 -2131.208827 -2134.666914 -2137.035594 -2138.656618 -2139.787910 -2140.689961 -2141.841489 -2144.065858 -2142.756530 -2066.572929 -1261.494192 -1261.870465 -1251.081624 -1243.846790 -1240.440838 -1239.896623 -1239.836458 -1239.841074 -1239.854967 -1239.870001 -1239.884465 -1239.897869 -1239.910387 -1239.925609 -1239.976314 -1240.308194 -1242.142724 -1246.163028 -1251.194349 -1242.989564 -2041.022656 -2137.118172 -2142.762692 -2142.380207 -2142.172840 -2142.126253 -2142.118153 -2142.117232 -2142.117486 -2142.117861 -2142.118184 -2142.118440 -2142.118643 -2142.118806 -2142.118940 -2142.119054 -2142.119153 -2142.119246 -2142.119339 -2142.119441 -2142.119567 -2142.119733 -2142.119969 -2142.120321 -2142.120863 -2142.121720 -2142.123109 -2142.125416 -2142.129357 -2142.136291 -2142.148883 -2142.172475 -2142.218047 -2142.309034 -2142.498333 -2142.914460 -2143.897398 -2146.442753 -2153.847547 -2178.545735 -9999.0 -9999.0
-9999.0 -9999.0 125.059965 26.859829 -72.227769 -171.548912 -270.957040 -370.398024 -469.843976 -569.276299 -668.666430 -767.983023 -867.232708 -966.385701 -1065.498857 -1164.599638 -1263.471571 -1362.002471 -1459.942241 -1556.763939 -1651.380886 -1741.773587 -1825.005119 -1898.093511 -1959.159913 -2007.928392 -2045.443892 -2073.461699 -2093.911197 -2108.572536 -2118.937848 -2126.185382 -2131.208827 -2134.666914 -2137.035594 -2138.656618 -2139.787910 -2140.689961 -2141.841489 -2144.065858 -2142.756530 -2066.572929 -1261.494192 -1261.870465 -1251.081624 -1243.846790 -1240.440838 -1239.896623 -1239.836458 -1239.841074 -1239.854967 -1239.870001 -1239.884465 -1239.897869 -1239.910387 -1239.925609 -1239.976314 -1240.308194 -1242.142724 -1246.163028 -1251.194349 -1242.989564 -2041.022656 -2137.118172 -2142.762692 -2142.380207 -2142.172840 -2142.126253 -2142.118153 -2142.117232 -2142.117486 -2142.117861 -2142.118184 -2142.118440 -2142.118643 -2142.118806 -2142.118940 -2142.119054 -2142.119153 -2142.119246 -2142.119339 -2142.119441 -2142.119567 -2142.119733 -2142.119969 -2142.120321 -2142.120863 -2142.121720 -2142.123109 -2142.125416 -2142.129357 -2142.136291 -2142.148883 -2142.172475 -2142.218047 -2142.309034 -2142.498333 -2142.914460 -2143.897398 -2146.442753 -2153.847547 -2178.545735 -9999.0 -9999.0
-9999.0 -9999.0 125.059965 26.859829 -72.227769 -171.548912 -270.957040 -370.398024 -469.843976 -569.276299 -668.666430 -767.983023 -867.232708 -966.385701 -1065.498857 -1164.599638 -1263.471571 -1362.002471 -1459.942241 -1556.763939 -1651.380886 -1741.773587 -1825.005119 -1898.093511 -1959.159913 -2007.928392 -2045.443892 -2073.461699 -2093.911197 -2108.572536 -2118.937848 -2126.185382 -2131.208827 -2134.666914 -2137.035594 -2138.656618 -2139.787910 -2140.689961 -2141.841489 -2144.065858 -2142.756530 -2066.572929 -1261.494192 -1261.870465 -1251.081624 -1243.846790 -1240.440838 -1239.896623 -1239.836458 -1239.841074 -1239.854967 -1239.870001 -1239.884465 -1239.897869 -1239.910387 -1239.925609 -1239.976314 -1240.308194 -1242.142724 -1246.163028 -1251.194349 -1242.989564 -2041.022656 -2137.118172 -2142.762692 -2142.380207 -2142.172840 -2142.126253 -2142.118153 -2142.117232 -2142.117486 -2142.117861 -2142.118184 -2142.118440 -2142.118643 -2142.118806 -2142.118940 -2142.119054 -2142.119153 -2142.119246 -2142.119339 -2142.119441 -2142.119567 -2142.119733 -2142.119969 -2142.120321 -2142.120863 -2142.121720 -2142.123109 -2142.125416 -2142.129357 -2142.136291 -2142.148883 -2142.172475 -2142.218047 -2142.309034 -2142.498333 -2142.914460 -2143.897398 -2146.442753 -2153.847547 -2178.545735 -9999.0 -9999.0
-9999.0 -9999.0 125.058811 26.859113 -72.228051 -171.549014 -270.957077 -370.398037 -469.843981 -569.276301 -668.666431 -767.983024 -867.232708 -966.385701 -1065.498857 -1164.599638 -1263.471571 -1362.002471 -1459.942241 -1556.763938 -1651.380886 -1741.773587 -1825.005119 -1898.093511 -1959.159913 -2007.928392 -2045.443892 -2073.461699 -2093.911197 -2108.572535 -2118.937848 -2126.185382 -2131.208827 -2134.666914 -2137.035594 -2138.656618 -2139.787910 -2140.689961 -2141.841489 -2144.065858 -2142.756530 -2066.572929 -1261.494192 -1261.870465 -1251.081624 -1243.846790 -1240.440838 -1239.896623 -1239.836458 -1239.841074 -1239.854967 -1239.870001 -1239.884465 -1239.897869 -1239.910387 -1239.925609 -1239.976314 -1240.308194 -1242.142724 -1246.163028 -1251.194349 -1242.989564 -2041.022656 -2137.118172 -2142.762692 -2142.380207 -2142.172840 -2142.126253 -2142.118153 -2142.117232 -2142.117486 -2142.117861 -2142.118184 -2142.118440 -2142.118643 -2142.118806 -2142.118940 -2142.119054 -2142.119153 -2142.119246 -2142.119339 -2142.119441 -2142.119567 -2142.119733 -2142.119969 -2142.120321 -2142.120863 -2142.121720 -2142.123109 -2142.125416 -2142.129357 -2142.136291 -2142.148883 -2142.172475 -2142.218047 -2142.309034 -2142.498333 -2142.914460 -2143.897398 -2146.442753 -2153.847547 -2178.545735 -9999.0 -9999.0
-9999.0 -9999.0 125.049562 26.857339 -72.228496 -171.549144 -270.957118 -370.398051 -469.843987 -569.276303 -668.666432 -767.983024 -867.232708 -966.385702 -1065.498858 -1164.599638 -1263.471571 -1362.002471 -1459.942241 -1556.763938 -1651.380885 -1741.773587 -1825.005118 -1898.093511 -1959.159913 -2007.928392 -2045.443892 -2073.461699 -2093.911197 -2108.572535 -2118.937848 -2126.185382 -2131.208827 -2134.666914 -2137.035594 -2138.656618 -2139.787910 -2140.689961 -2141.841489 -2144.065858 -2142.756530 -2066.572929 -1261.494192 -1261.870465 -1251.081624 -1243.846790 -1240.440838 -1239.896623 -1239.836458 -1239.841074 -1239.854967 -1239.870001 -1239.884465 -1239.897869 -1239.910387 -1239.925609 -1239.976314 -1240.308194 -1242.142724 -1246.163028 -1251.194349 -1242.989564 -2041.022656 -2137.118172 -2142.762692 -2142.380207 -2142.172840 -2142.126253 -2142.118153 -2142.117232 -2142.117486 -2142.117861 -2142.118184 -2142.118440 -2142.118643 -2142.118806 -2142.118940 -2142.119054 -2142.119153 -2142.119246 -2142.119339 -2142.119441 -2142.119567 -2142.119733 -2142.119969 -2142.120321 -2142.120863 -2142.121720 -2142.123109 -2142.125416 -2142.129357 -2142.136291 -2142.148883 -2142.172475 -2142.218047 -2142.309034 -2142.498333 -2142.914460 -2143.897398 -2146.442753 -2153.847547 -2178.545735 -9999.0 -9999.0
-9999.0 -9999.0 -9999.0 -9999.0 -9999.0 -9999.0 -9999.0 -9999.0 -9999.0 -9999.0 -9999.0 -9999.0 -9999.0 -9999.0 -9999.0 -9999.0 -9999.0 -9999.0 -9999.0 -9999.0 -9999.0 -9999.0 -9999.0 -9999.0 -9999.0 -9999.0 -9999.0 -9999.0 -9999.0 -9999.0 -9999.0 -9999.0 -9999.0 -9999.0 -9999.0 -9999.0 -9999.0 -9999.0 -9999.0 -9999.0 -9999.0 -9999.0 -9999.0 -9999.0 -9999.0 -9999.0 -9999.0 -9999.0 -9999.0 -9999.0 -9999.0 -9999.0 -9999.0 -9999.0 -9999.0 -9999.0 -9999.0 -9999.0 -9999.0 -9999.0 -9999.0 -9999.0 -9999.0 -9999.0 -9999.0 -9999.0 -9999.0 -9999.0 -9999.0 -9999.0 -9999.0 -9999.0 -9999.0 -9999.0 -9999.0 -9999.0 -9999.0 -9999.0 -9999.0 -9999.0 -9999.0 -9999.0 -9999.0 -9999.0 -9999.0 -9999.0 -9999.0 -9999.0 -9999.0 -9999.0 -9999.0 -9999.0 -9999.0 -9999.0 -9999.0 -9999.0 -9999.0 -9999.0 -9999.0 -9999.0 -9999.0 -9999.0 -9999.0 -9999.0
-9999.0 -9999.0 -9999.0 -9999.0 -9999.0 -9999.0 -9999.0 -9999.0 -9999.0 -9999.0 -9999.0 -9999.0 -9999.0 -9999.0 -9999.0 -9999.0 -9999.0 -9999.0 -9999.0 -9999.0 -9999.0 -9999.0 -9999.0 -9999.0 -9999.0 -9999.0 -9999.0 -9999.0 -9999.0 -9999.0 -9999.0 -9999.0 -9999.0 -9999.0 -9999.0 -9999.0 -9999.0 -9999.0 -9999.0 -9999.0 -9999.0 -9999.0 -9999.0 -9999.0 -9999.0 -9999.0 -9999.0 -9999.0 -9999.0 -9999.0 -9999.0 -9999.0 -9999.0 -9999.0 -9999.0 -9999.0 -9999.0 -9999.0 -9999.0 -9999.0 -9999.0 -9999.0 -9999.0 -9999.0 -9999.0 -9999.0 -9999.0 -9999.0 -9999.0 -9999.0 -9999.0 -9999.0 -9999.0 -9999.0 -9999.0 -9999.0 -9999.0 -9999.0 -9999.0 -9999.0 -9999.0 -9999.0 -9999.0 -9999.0 -9999.0 -9999.0 -9999.0 -9999.0 -9999.0 -9999.0 -9999.0 -9999.0 -9999.0 -9999.0 -9999.0 -9999.0 -9999.0 -9999.0 -9999.0 -9999.0 -9999.0 -9999.0 -9999.0 -9999.0