inst/processing_geotop_simulation/geotop_simulation/out/maps3D/PwL0012N0167.asc
ncols         104
nrows         10
xllcorner     -2.000000
yllcorner     0.000000
cellsize      1.000000
NODATA_value  -9999.0
-9999.0 -9999.0 -9999.0 -9999.0 -9999.0 -9999.0 -9999.0 -9999.0 -9999.0 -9999.0 -9999.0 -9999.0 -9999.0 -9999.0 -9999.0 -9999.0 -9999.0 -9999.0 -9999.0 -9999.0 -9999.0 -9999.0 -9999.0 -9999.0 -9999.0 -9999.0 -9999.0 -9999.0 -9999.0 -9999.0 -9999.0 -9999.0 -9999.0 -9999.0 -9999.0 -9999.0 -9999.0 -9999.0 -9999.0 -9999.0 -9999.0 -9999.0 -9999.0 -9999.0 -9999.0 -9999.0 -9999.0 -9999.0 -9999.0 -9999.0 -9999.0 -9999.0 -9999.0 -9999.0 -9999.0 -9999.0 -9999.0 -9999.0 -9999.0 -9999.0 -9999.0 -9999.0 -9999.0 -9999.0 -9999.0 -9999.0 -9999.0 -9999.0 -9999.0 -9999.0 -9999.0 -9999.0 -9999.0 -9999.0 -9999.0 -9999.0 -9999.0 -9999.0 -9999.0 -9999.0 -9999.0 -9999.0 -9999.0 -9999.0 -9999.0 -9999.0 -9999.0 -9999.0 -9999.0 -9999.0 -9999.0 -9999.0 -9999.0 -9999.0 -9999.0 -9999.0 -9999.0 -9999.0 -9999.0 -9999.0 -9999.0 -9999.0 -9999.0 -9999.0
-9999.0 -9999.0 -9999.0 -9999.0 -9999.0 -9999.0 -9999.0 -9999.0 -9999.0 -9999.0 -9999.0 -9999.0 -9999.0 -9999.0 -9999.0 -9999.0 -9999.0 -9999.0 -9999.0 -9999.0 -9999.0 -9999.0 -9999.0 -9999.0 -9999.0 -9999.0 -9999.0 -9999.0 -9999.0 -9999.0 -9999.0 -9999.0 -9999.0 -9999.0 -9999.0 -9999.0 -9999.0 -9999.0 -9999.0 -9999.0 -9999.0 -9999.0 -9999.0 -9999.0 -9999.0 -9999.0 -9999.0 -9999.0 -9999.0 -9999.0 -9999.0 -9999.0 -9999.0 -9999.0 -9999.0 -9999.0 -9999.0 -9999.0 -9999.0 -9999.0 -9999.0 -9999.0 -9999.0 -9999.0 -9999.0 -9999.0 -9999.0 -9999.0 -9999.0 -9999.0 -9999.0 -9999.0 -9999.0 -9999.0 -9999.0 -9999.0 -9999.0 -9999.0 -9999.0 -9999.0 -9999.0 -9999.0 -9999.0 -9999.0 -9999.0 -9999.0 -9999.0 -9999.0 -9999.0 -9999.0 -9999.0 -9999.0 -9999.0 -9999.0 -9999.0 -9999.0 -9999.0 -9999.0 -9999.0 -9999.0 -9999.0 -9999.0 -9999.0 -9999.0
-9999.0 -9999.0 582.449217 489.459784 394.614889 298.734571 202.393446 105.855077 9.251015 -87.338334 -183.877545 -280.284350 -376.409342 -471.970829 -566.616205 -659.919958 -753.981081 -847.654698 -940.717998 -1032.609238 -1115.675018 -1187.785879 -1246.489209 -1291.558369 -1324.526887 -1347.780785 -1363.761314 -1374.536264 -1381.690648 -1386.377145 -1389.410796 -1391.355173 -1392.592071 -1393.375058 -1393.869653 -1394.184401 -1394.397486 -1394.593853 -1395.026312 -1397.112889 -1408.187666 -1465.501965 -1956.521171 -4272.399602 -4126.482668 -3923.142740 -3801.230234 -3784.973051 -3783.339349 -3783.506512 -3783.926203 -3784.375269 -3784.805987 -3785.204296 -3785.572232 -3785.986773 -3787.218622 -3796.093566 -3860.259100 -3990.128844 -4107.578748 -1752.430792 -1435.020072 -1402.540005 -1396.073590 -1395.027385 -1394.873513 -1394.850485 -1394.847665 -1394.848237 -1394.849243 -1394.850126 -1394.850816 -1394.851341 -1394.851742 -1394.852054 -1394.852301 -1394.852500 -1394.852667 -1394.852814 -1394.852959 -1394.853118 -1394.853319 -1394.853598 -1394.854009 -1394.854641 -1394.855635 -1394.857224 -1394.859805 -1394.864069 -1394.871265 -1394.883727 -1394.905945 -1394.946766 -1395.023877 -1395.173168 -1395.469579 -1396.078774 -1397.398473 -1400.464990 -1408.247576 -1431.341995 -9999.0 -9999.0
-9999.0 -9999.0 582.455110 489.461563 394.615403 298.734729 202.393497 105.855095 9.251021 -87.338332 -183.877544 -280.284350 -376.409342 -471.970829 -566.616205 -659.919958 -753.981082 -847.654698 -940.717998 -1032.609239 -1115.675018 -1187.785879 -1246.489209 -1291.558369 -1324.526887 -1347.780785 -1363.761314 -1374.536264 -1381.690648 -1386.377145 -1389.410796 -1391.355173 -1392.592071 -1393.375058 -1393.869653 -1394.184401 -1394.397486 -1394.593853 -1395.026312 -1397.112889 -1408.187666 -1465.501965 -1956.521171 -4272.399601 -4126.482666 -3923.142733 -3801.230234 -3784.973051 -3783.339349 -3783.506512 -3783.926203 -3784.375269 -3784.805987 -3785.204296 -3785.572232 -3785.986773 -3787.218622 -3796.093566 -3860.259100 -3990.128844 -4107.578748 -1752.430792 -1435.020072 -1402.540005 -1396.073590 -1395.027385 -1394.873513 -1394.850485 -1394.847665 -1394.848237 -1394.849243 -1394.850126 -1394.850816 -1394.851341 -1394.851742 -1394.852054 -1394.852301 -1394.852500 -1394.852667 -1394.852814 -1394.852959 -1394.853118 -1394.853319 -1394.853598 -1394.854009 -1394.854641 -1394.855635 -1394.857224 -1394.859805 -1394.864069 -1394.871265 -1394.883727 -1394.905945 -1394.946766 -1395.023877 -1395.173168 -1395.469579 -1396.078774 -1397.398473 -1400.464990 -1408.247576 -1431.341995 -9999.0 -9999.0
-9999.0 -9999.0 582.456693 489.462391 394.615739 298.734853 202.393542 105.855111 9.251027 -87.338330 -183.877543 -280.284349 -376.409342 -471.970829 -566.616205 -659.919959 -753.981082 -847.654698 -940.717998 -1032.609239 -1115.675018 -1187.785879 -1246.489209 -1291.558369 -1324.526887 -1347.780785 -1363.761314 -1374.536265 -1381.690648 -1386.377145 -1389.410796 -1391.355173 -1392.592071 -1393.375058 -1393.869653 -1394.184401 -1394.397486 -1394.593853 -1395.026312 -1397.112889 -1408.187666 -1465.501965 -1956.521171 -4272.399601 -4126.482665 -3923.142730 -3801.230234 -3784.973051 -3783.339349 -3783.506512 -3783.926203 -3784.375269 -3784.805987 -3785.204296 -3785.572232 -3785.986773 -3787.218622 -3796.093566 -3860.259100 -3990.128844 -4107.578748 -1752.430792 -1435.020072 -1402.540005 -1396.073590 -1395.027385 -1394.873513 -1394.850485 -1394.847665 -1394.848237 -1394.849243 -1394.850126 -1394.850816 -1394.851341 -1394.851742 -1394.852054 -1394.852301 -1394.852500 -1394.852667 -1394.852814 -1394.852959 -1394.853118 -1394.853319 -1394.853598 -1394.854009 -1394.854641 -1394.855635 -1394.857224 -1394.859805 -1394.864069 -1394.871265 -1394.883727 -1394.905945 -1394.946766 -1395.023877 -1395.173168 -1395.469579 -1396.078774 -1397.398473 -1400.464990 -1408.247576 -1431.341995 -9999.0 -9999.0
-9999.0 -9999.0 582.456693 489.462391 394.615739 298.734853 202.393542 105.855111 9.251027 -87.338330 -183.877543 -280.284349 -376.409342 -471.970829 -566.616205 -659.919959 -753.981082 -847.654698 -940.717998 -1032.609239 -1115.675018 -1187.785879 -1246.489209 -1291.558369 -1324.526887 -1347.780785 -1363.761314 -1374.536265 -1381.690648 -1386.377145 -1389.410796 -1391.355173 -1392.592071 -1393.375058 -1393.869653 -1394.184401 -1394.397486 -1394.593853 -1395.026312 -1397.112889 -1408.187666 -1465.501965 -1956.521171 -4272.399601 -4126.482665 -3923.142730 -3801.230234 -3784.973051 -3783.339349 -3783.506512 -3783.926203 -3784.375269 -3784.805987 -3785.204296 -3785.572232 -3785.986773 -3787.218622 -3796.093566 -3860.259100 -3990.128844 -4107.578748 -1752.430792 -1435.020072 -1402.540005 -1396.073590 -1395.027385 -1394.873513 -1394.850485 -1394.847665 -1394.848237 -1394.849243 -1394.850126 -1394.850816 -1394.851341 -1394.851742 -1394.852054 -1394.852301 -1394.852500 -1394.852667 -1394.852814 -1394.852959 -1394.853118 -1394.853319 -1394.853598 -1394.854009 -1394.854641 -1394.855635 -1394.857224 -1394.859805 -1394.864069 -1394.871265 -1394.883727 -1394.905945 -1394.946766 -1395.023877 -1395.173168 -1395.469579 -1396.078774 -1397.398473 -1400.464990 -1408.247576 -1431.341995 -9999.0 -9999.0
-9999.0 -9999.0 582.455110 489.461563 394.615403 298.734729 202.393497 105.855095 9.251021 -87.338332 -183.877544 -280.284350 -376.409342 -471.970829 -566.616205 -659.919958 -753.981082 -847.654698 -940.717998 -1032.609239 -1115.675018 -1187.785879 -1246.489209 -1291.558369 -1324.526887 -1347.780785 -1363.761314 -1374.536264 -1381.690648 -1386.377145 -1389.410796 -1391.355173 -1392.592071 -1393.375058 -1393.869653 -1394.184401 -1394.397486 -1394.593853 -1395.026312 -1397.112889 -1408.187666 -1465.501965 -1956.521171 -4272.399601 -4126.482666 -3923.142733 -3801.230234 -3784.973051 -3783.339349 -3783.506512 -3783.926203 -3784.375269 -3784.805987 -3785.204296 -3785.572232 -3785.986773 -3787.218622 -3796.093566 -3860.259100 -3990.128844 -4107.578748 -1752.430792 -1435.020072 -1402.540005 -1396.073590 -1395.027385 -1394.873513 -1394.850485 -1394.847665 -1394.848237 -1394.849243 -1394.850126 -1394.850816 -1394.851341 -1394.851742 -1394.852054 -1394.852301 -1394.852500 -1394.852667 -1394.852814 -1394.852959 -1394.853118 -1394.853319 -1394.853598 -1394.854009 -1394.854641 -1394.855635 -1394.857224 -1394.859805 -1394.864069 -1394.871265 -1394.883727 -1394.905945 -1394.946766 -1395.023877 -1395.173168 -1395.469579 -1396.078774 -1397.398473 -1400.464990 -1408.247576 -1431.341995 -9999.0 -9999.0
-9999.0 -9999.0 582.449217 489.459784 394.614889 298.734571 202.393446 105.855078 9.251015 -87.338334 -183.877545 -280.284350 -376.409342 -471.970829 -566.616205 -659.919958 -753.981081 -847.654698 -940.717998 -1032.609238 -1115.675018 -1187.785879 -1246.489209 -1291.558369 -1324.526887 -1347.780785 -1363.761314 -1374.536264 -1381.690648 -1386.377145 -1389.410796 -1391.355173 -1392.592071 -1393.375058 -1393.869653 -1394.184401 -1394.397486 -1394.593853 -1395.026312 -1397.112889 -1408.187666 -1465.501965 -1956.521171 -4272.399602 -4126.482668 -3923.142740 -3801.230234 -3784.973051 -3783.339349 -3783.506512 -3783.926203 -3784.375269 -3784.805987 -3785.204296 -3785.572232 -3785.986773 -3787.218622 -3796.093566 -3860.259100 -3990.128844 -4107.578748 -1752.430792 -1435.020072 -1402.540005 -1396.073590 -1395.027385 -1394.873513 -1394.850485 -1394.847665 -1394.848237 -1394.849243 -1394.850126 -1394.850816 -1394.851341 -1394.851742 -1394.852054 -1394.852301 -1394.852500 -1394.852667 -1394.852814 -1394.852959 -1394.853118 -1394.853319 -1394.853598 -1394.854009 -1394.854641 -1394.855635 -1394.857224 -1394.859805 -1394.864069 -1394.871265 -1394.883727 -1394.905945 -1394.946766 -1395.023877 -1395.173168 -1395.469579 -1396.078774 -1397.398473 -1400.464990 -1408.247576 -1431.341995 -9999.0 -9999.0
-9999.0 -9999.0 -9999.0 -9999.0 -9999.0 -9999.0 -9999.0 -9999.0 -9999.0 -9999.0 -9999.0 -9999.0 -9999.0 -9999.0 -9999.0 -9999.0 -9999.0 -9999.0 -9999.0 -9999.0 -9999.0 -9999.0 -9999.0 -9999.0 -9999.0 -9999.0 -9999.0 -9999.0 -9999.0 -9999.0 -9999.0 -9999.0 -9999.0 -9999.0 -9999.0 -9999.0 -9999.0 -9999.0 -9999.0 -9999.0 -9999.0 -9999.0 -9999.0 -9999.0 -9999.0 -9999.0 -9999.0 -9999.0 -9999.0 -9999.0 -9999.0 -9999.0 -9999.0 -9999.0 -9999.0 -9999.0 -9999.0 -9999.0 -9999.0 -9999.0 -9999.0 -9999.0 -9999.0 -9999.0 -9999.0 -9999.0 -9999.0 -9999.0 -9999.0 -9999.0 -9999.0 -9999.0 -9999.0 -9999.0 -9999.0 -9999.0 -9999.0 -9999.0 -9999.0 -9999.0 -9999.0 -9999.0 -9999.0 -9999.0 -9999.0 -9999.0 -9999.0 -9999.0 -9999.0 -9999.0 -9999.0 -9999.0 -9999.0 -9999.0 -9999.0 -9999.0 -9999.0 -9999.0 -9999.0 -9999.0 -9999.0 -9999.0 -9999.0 -9999.0
-9999.0 -9999.0 -9999.0 -9999.0 -9999.0 -9999.0 -9999.0 -9999.0 -9999.0 -9999.0 -9999.0 -9999.0 -9999.0 -9999.0 -9999.0 -9999.0 -9999.0 -9999.0 -9999.0 -9999.0 -9999.0 -9999.0 -9999.0 -9999.0 -9999.0 -9999.0 -9999.0 -9999.0 -9999.0 -9999.0 -9999.0 -9999.0 -9999.0 -9999.0 -9999.0 -9999.0 -9999.0 -9999.0 -9999.0 -9999.0 -9999.0 -9999.0 -9999.0 -9999.0 -9999.0 -9999.0 -9999.0 -9999.0 -9999.0 -9999.0 -9999.0 -9999.0 -9999.0 -9999.0 -9999.0 -9999.0 -9999.0 -9999.0 -9999.0 -9999.0 -9999.0 -9999.0 -9999.0 -9999.0 -9999.0 -9999.0 -9999.0 -9999.0 -9999.0 -9999.0 -9999.0 -9999.0 -9999.0 -9999.0 -9999.0 -9999.0 -9999.0 -9999.0 -9999.0 -9999.0 -9999.0 -9999.0 -9999.0 -9999.0 -9999.0 -9999.0 -9999.0 -9999.0 -9999.0 -9999.0 -9999.0 -9999.0 -9999.0 -9999.0 -9999.0 -9999.0 -9999.0 -9999.0 -9999.0 -9999.0 -9999.0 -9999.0 -9999.0 -9999.0