inst/processing_geotop_simulation/geotop_simulation/out/maps3D/PwL0010N0069.asc
ncols         104
nrows         10
xllcorner     -2.000000
yllcorner     0.000000
cellsize      1.000000
NODATA_value  -9999.0
-9999.0 -9999.0 -9999.0 -9999.0 -9999.0 -9999.0 -9999.0 -9999.0 -9999.0 -9999.0 -9999.0 -9999.0 -9999.0 -9999.0 -9999.0 -9999.0 -9999.0 -9999.0 -9999.0 -9999.0 -9999.0 -9999.0 -9999.0 -9999.0 -9999.0 -9999.0 -9999.0 -9999.0 -9999.0 -9999.0 -9999.0 -9999.0 -9999.0 -9999.0 -9999.0 -9999.0 -9999.0 -9999.0 -9999.0 -9999.0 -9999.0 -9999.0 -9999.0 -9999.0 -9999.0 -9999.0 -9999.0 -9999.0 -9999.0 -9999.0 -9999.0 -9999.0 -9999.0 -9999.0 -9999.0 -9999.0 -9999.0 -9999.0 -9999.0 -9999.0 -9999.0 -9999.0 -9999.0 -9999.0 -9999.0 -9999.0 -9999.0 -9999.0 -9999.0 -9999.0 -9999.0 -9999.0 -9999.0 -9999.0 -9999.0 -9999.0 -9999.0 -9999.0 -9999.0 -9999.0 -9999.0 -9999.0 -9999.0 -9999.0 -9999.0 -9999.0 -9999.0 -9999.0 -9999.0 -9999.0 -9999.0 -9999.0 -9999.0 -9999.0 -9999.0 -9999.0 -9999.0 -9999.0 -9999.0 -9999.0 -9999.0 -9999.0 -9999.0 -9999.0
-9999.0 -9999.0 -9999.0 -9999.0 -9999.0 -9999.0 -9999.0 -9999.0 -9999.0 -9999.0 -9999.0 -9999.0 -9999.0 -9999.0 -9999.0 -9999.0 -9999.0 -9999.0 -9999.0 -9999.0 -9999.0 -9999.0 -9999.0 -9999.0 -9999.0 -9999.0 -9999.0 -9999.0 -9999.0 -9999.0 -9999.0 -9999.0 -9999.0 -9999.0 -9999.0 -9999.0 -9999.0 -9999.0 -9999.0 -9999.0 -9999.0 -9999.0 -9999.0 -9999.0 -9999.0 -9999.0 -9999.0 -9999.0 -9999.0 -9999.0 -9999.0 -9999.0 -9999.0 -9999.0 -9999.0 -9999.0 -9999.0 -9999.0 -9999.0 -9999.0 -9999.0 -9999.0 -9999.0 -9999.0 -9999.0 -9999.0 -9999.0 -9999.0 -9999.0 -9999.0 -9999.0 -9999.0 -9999.0 -9999.0 -9999.0 -9999.0 -9999.0 -9999.0 -9999.0 -9999.0 -9999.0 -9999.0 -9999.0 -9999.0 -9999.0 -9999.0 -9999.0 -9999.0 -9999.0 -9999.0 -9999.0 -9999.0 -9999.0 -9999.0 -9999.0 -9999.0 -9999.0 -9999.0 -9999.0 -9999.0 -9999.0 -9999.0 -9999.0 -9999.0
-9999.0 -9999.0 80.824988 -19.003778 -118.730391 -219.356724 -323.354919 -434.447345 -556.449168 -688.233362 -805.209947 -872.337911 -888.219293 -880.314990 -870.726753 -917.084916 -962.736899 -1008.339827 -1055.780888 -1046.535390 -1033.456972 -1022.652306 -1016.030410 -1013.462091 -1014.061743 -1016.765595 -1020.567164 -1024.647325 -1028.449787 -1031.683043 -1034.258373 -1036.211240 -1037.636512 -1038.644561 -1039.337504 -1039.801363 -1040.116595 -1040.384974 -1040.675738 -1041.162603 -1046.854750 -1113.902791 -2170.760387 -4432.645164 -4324.830042 -4169.599163 -4065.479328 -4051.746848 -4050.356795 -4050.437824 -4050.713034 -4051.009926 -4051.294681 -4051.557994 -4051.802335 -4052.089371 -4053.038476 -4060.231452 -4115.166690 -4219.802560 -4337.043506 -2021.091190 -1094.566034 -1045.531033 -1041.477660 -1040.954180 -1040.852508 -1040.834266 -1040.833937 -1040.836848 -1040.839787 -1040.842153 -1040.843949 -1040.845301 -1040.846331 -1040.847129 -1040.847760 -1040.848266 -1040.848685 -1040.849050 -1040.849400 -1040.849780 -1040.850250 -1040.850895 -1040.851841 -1040.853287 -1040.855552 -1040.859153 -1040.864956 -1040.874444 -1040.890242 -1040.917162 -1040.964327 -1041.049527 -1041.208049 -1041.510254 -1042.096353 -1043.248060 -1045.557264 -1050.393581 -1061.254298 -1087.903002 -9999.0 -9999.0
-9999.0 -9999.0 80.824987 -19.003778 -118.730391 -219.356724 -323.354919 -434.447345 -556.449169 -688.233362 -805.209948 -872.337911 -888.219293 -880.314990 -870.726753 -917.084916 -962.736899 -1008.339827 -1055.780888 -1046.535390 -1033.456972 -1022.652306 -1016.030410 -1013.462091 -1014.061743 -1016.765595 -1020.567164 -1024.647325 -1028.449787 -1031.683043 -1034.258373 -1036.211240 -1037.636512 -1038.644561 -1039.337504 -1039.801363 -1040.116595 -1040.384974 -1040.675738 -1041.162603 -1046.854750 -1113.902791 -2170.760386 -4432.645164 -4324.830040 -4169.599157 -4065.479328 -4051.746848 -4050.356795 -4050.437824 -4050.713034 -4051.009926 -4051.294681 -4051.557994 -4051.802335 -4052.089371 -4053.038476 -4060.231452 -4115.166690 -4219.802560 -4337.043506 -2021.091190 -1094.566034 -1045.531033 -1041.477660 -1040.954180 -1040.852508 -1040.834266 -1040.833937 -1040.836848 -1040.839787 -1040.842153 -1040.843949 -1040.845301 -1040.846331 -1040.847129 -1040.847760 -1040.848266 -1040.848685 -1040.849050 -1040.849400 -1040.849780 -1040.850250 -1040.850895 -1040.851841 -1040.853287 -1040.855552 -1040.859153 -1040.864956 -1040.874444 -1040.890242 -1040.917162 -1040.964327 -1041.049527 -1041.208049 -1041.510254 -1042.096353 -1043.248060 -1045.557264 -1050.393581 -1061.254298 -1087.903002 -9999.0 -9999.0
-9999.0 -9999.0 80.824987 -19.003778 -118.730391 -219.356725 -323.354919 -434.447345 -556.449168 -688.233362 -805.209948 -872.337911 -888.219293 -880.314990 -870.726753 -917.084916 -962.736899 -1008.339827 -1055.780888 -1046.535390 -1033.456972 -1022.652306 -1016.030410 -1013.462091 -1014.061743 -1016.765595 -1020.567164 -1024.647325 -1028.449787 -1031.683043 -1034.258373 -1036.211240 -1037.636512 -1038.644561 -1039.337504 -1039.801363 -1040.116595 -1040.384974 -1040.675738 -1041.162603 -1046.854750 -1113.902791 -2170.760386 -4432.645164 -4324.830040 -4169.599154 -4065.479328 -4051.746848 -4050.356795 -4050.437824 -4050.713034 -4051.009926 -4051.294681 -4051.557994 -4051.802335 -4052.089371 -4053.038476 -4060.231452 -4115.166690 -4219.802560 -4337.043506 -2021.091190 -1094.566034 -1045.531033 -1041.477660 -1040.954180 -1040.852508 -1040.834266 -1040.833937 -1040.836848 -1040.839787 -1040.842153 -1040.843949 -1040.845301 -1040.846331 -1040.847129 -1040.847760 -1040.848266 -1040.848685 -1040.849050 -1040.849400 -1040.849780 -1040.850250 -1040.850895 -1040.851841 -1040.853287 -1040.855552 -1040.859153 -1040.864956 -1040.874444 -1040.890242 -1040.917162 -1040.964327 -1041.049527 -1041.208049 -1041.510254 -1042.096353 -1043.248060 -1045.557264 -1050.393581 -1061.254298 -1087.903002 -9999.0 -9999.0
-9999.0 -9999.0 80.824987 -19.003778 -118.730391 -219.356725 -323.354919 -434.447345 -556.449168 -688.233362 -805.209948 -872.337911 -888.219293 -880.314990 -870.726753 -917.084916 -962.736899 -1008.339827 -1055.780888 -1046.535390 -1033.456972 -1022.652306 -1016.030410 -1013.462091 -1014.061743 -1016.765595 -1020.567164 -1024.647325 -1028.449787 -1031.683043 -1034.258373 -1036.211240 -1037.636512 -1038.644561 -1039.337504 -1039.801363 -1040.116595 -1040.384974 -1040.675738 -1041.162603 -1046.854750 -1113.902791 -2170.760386 -4432.645164 -4324.830040 -4169.599154 -4065.479328 -4051.746848 -4050.356795 -4050.437824 -4050.713034 -4051.009926 -4051.294681 -4051.557994 -4051.802335 -4052.089371 -4053.038476 -4060.231452 -4115.166690 -4219.802560 -4337.043506 -2021.091190 -1094.566034 -1045.531033 -1041.477660 -1040.954180 -1040.852508 -1040.834266 -1040.833937 -1040.836848 -1040.839787 -1040.842153 -1040.843949 -1040.845301 -1040.846331 -1040.847129 -1040.847760 -1040.848266 -1040.848685 -1040.849050 -1040.849400 -1040.849780 -1040.850250 -1040.850895 -1040.851841 -1040.853287 -1040.855552 -1040.859153 -1040.864956 -1040.874444 -1040.890242 -1040.917162 -1040.964327 -1041.049527 -1041.208049 -1041.510254 -1042.096353 -1043.248060 -1045.557264 -1050.393581 -1061.254298 -1087.903002 -9999.0 -9999.0
-9999.0 -9999.0 80.824987 -19.003778 -118.730391 -219.356724 -323.354919 -434.447345 -556.449169 -688.233362 -805.209948 -872.337911 -888.219293 -880.314990 -870.726753 -917.084916 -962.736899 -1008.339827 -1055.780888 -1046.535390 -1033.456972 -1022.652306 -1016.030410 -1013.462091 -1014.061743 -1016.765595 -1020.567164 -1024.647325 -1028.449787 -1031.683043 -1034.258373 -1036.211240 -1037.636512 -1038.644561 -1039.337504 -1039.801363 -1040.116595 -1040.384974 -1040.675738 -1041.162603 -1046.854750 -1113.902791 -2170.760386 -4432.645164 -4324.830040 -4169.599157 -4065.479328 -4051.746848 -4050.356795 -4050.437824 -4050.713034 -4051.009926 -4051.294681 -4051.557994 -4051.802335 -4052.089371 -4053.038476 -4060.231452 -4115.166690 -4219.802560 -4337.043506 -2021.091190 -1094.566034 -1045.531033 -1041.477660 -1040.954180 -1040.852508 -1040.834266 -1040.833937 -1040.836848 -1040.839787 -1040.842153 -1040.843949 -1040.845301 -1040.846331 -1040.847129 -1040.847760 -1040.848266 -1040.848685 -1040.849050 -1040.849400 -1040.849780 -1040.850250 -1040.850895 -1040.851841 -1040.853287 -1040.855552 -1040.859153 -1040.864956 -1040.874444 -1040.890242 -1040.917162 -1040.964327 -1041.049527 -1041.208049 -1041.510254 -1042.096353 -1043.248060 -1045.557264 -1050.393581 -1061.254298 -1087.903002 -9999.0 -9999.0
-9999.0 -9999.0 80.824988 -19.003778 -118.730391 -219.356724 -323.354919 -434.447345 -556.449168 -688.233362 -805.209947 -872.337911 -888.219293 -880.314990 -870.726753 -917.084916 -962.736899 -1008.339827 -1055.780888 -1046.535390 -1033.456972 -1022.652306 -1016.030410 -1013.462091 -1014.061743 -1016.765595 -1020.567164 -1024.647325 -1028.449787 -1031.683043 -1034.258373 -1036.211240 -1037.636512 -1038.644561 -1039.337504 -1039.801363 -1040.116595 -1040.384974 -1040.675738 -1041.162603 -1046.854750 -1113.902791 -2170.760387 -4432.645164 -4324.830042 -4169.599163 -4065.479328 -4051.746848 -4050.356795 -4050.437824 -4050.713034 -4051.009926 -4051.294681 -4051.557994 -4051.802335 -4052.089371 -4053.038476 -4060.231452 -4115.166690 -4219.802560 -4337.043506 -2021.091190 -1094.566034 -1045.531033 -1041.477660 -1040.954180 -1040.852508 -1040.834266 -1040.833937 -1040.836848 -1040.839787 -1040.842153 -1040.843949 -1040.845301 -1040.846331 -1040.847129 -1040.847760 -1040.848266 -1040.848685 -1040.849050 -1040.849400 -1040.849780 -1040.850250 -1040.850895 -1040.851841 -1040.853287 -1040.855552 -1040.859153 -1040.864956 -1040.874444 -1040.890242 -1040.917162 -1040.964327 -1041.049527 -1041.208049 -1041.510254 -1042.096353 -1043.248060 -1045.557264 -1050.393581 -1061.254298 -1087.903002 -9999.0 -9999.0
-9999.0 -9999.0 -9999.0 -9999.0 -9999.0 -9999.0 -9999.0 -9999.0 -9999.0 -9999.0 -9999.0 -9999.0 -9999.0 -9999.0 -9999.0 -9999.0 -9999.0 -9999.0 -9999.0 -9999.0 -9999.0 -9999.0 -9999.0 -9999.0 -9999.0 -9999.0 -9999.0 -9999.0 -9999.0 -9999.0 -9999.0 -9999.0 -9999.0 -9999.0 -9999.0 -9999.0 -9999.0 -9999.0 -9999.0 -9999.0 -9999.0 -9999.0 -9999.0 -9999.0 -9999.0 -9999.0 -9999.0 -9999.0 -9999.0 -9999.0 -9999.0 -9999.0 -9999.0 -9999.0 -9999.0 -9999.0 -9999.0 -9999.0 -9999.0 -9999.0 -9999.0 -9999.0 -9999.0 -9999.0 -9999.0 -9999.0 -9999.0 -9999.0 -9999.0 -9999.0 -9999.0 -9999.0 -9999.0 -9999.0 -9999.0 -9999.0 -9999.0 -9999.0 -9999.0 -9999.0 -9999.0 -9999.0 -9999.0 -9999.0 -9999.0 -9999.0 -9999.0 -9999.0 -9999.0 -9999.0 -9999.0 -9999.0 -9999.0 -9999.0 -9999.0 -9999.0 -9999.0 -9999.0 -9999.0 -9999.0 -9999.0 -9999.0 -9999.0 -9999.0
-9999.0 -9999.0 -9999.0 -9999.0 -9999.0 -9999.0 -9999.0 -9999.0 -9999.0 -9999.0 -9999.0 -9999.0 -9999.0 -9999.0 -9999.0 -9999.0 -9999.0 -9999.0 -9999.0 -9999.0 -9999.0 -9999.0 -9999.0 -9999.0 -9999.0 -9999.0 -9999.0 -9999.0 -9999.0 -9999.0 -9999.0 -9999.0 -9999.0 -9999.0 -9999.0 -9999.0 -9999.0 -9999.0 -9999.0 -9999.0 -9999.0 -9999.0 -9999.0 -9999.0 -9999.0 -9999.0 -9999.0 -9999.0 -9999.0 -9999.0 -9999.0 -9999.0 -9999.0 -9999.0 -9999.0 -9999.0 -9999.0 -9999.0 -9999.0 -9999.0 -9999.0 -9999.0 -9999.0 -9999.0 -9999.0 -9999.0 -9999.0 -9999.0 -9999.0 -9999.0 -9999.0 -9999.0 -9999.0 -9999.0 -9999.0 -9999.0 -9999.0 -9999.0 -9999.0 -9999.0 -9999.0 -9999.0 -9999.0 -9999.0 -9999.0 -9999.0 -9999.0 -9999.0 -9999.0 -9999.0 -9999.0 -9999.0 -9999.0 -9999.0 -9999.0 -9999.0 -9999.0 -9999.0 -9999.0 -9999.0 -9999.0 -9999.0 -9999.0 -9999.0