inst/processing_geotop_simulation/geotop_simulation/out/maps3D/PwL0012N0413.asc
ncols         104
nrows         10
xllcorner     -2.000000
yllcorner     0.000000
cellsize      1.000000
NODATA_value  -9999.0
-9999.0 -9999.0 -9999.0 -9999.0 -9999.0 -9999.0 -9999.0 -9999.0 -9999.0 -9999.0 -9999.0 -9999.0 -9999.0 -9999.0 -9999.0 -9999.0 -9999.0 -9999.0 -9999.0 -9999.0 -9999.0 -9999.0 -9999.0 -9999.0 -9999.0 -9999.0 -9999.0 -9999.0 -9999.0 -9999.0 -9999.0 -9999.0 -9999.0 -9999.0 -9999.0 -9999.0 -9999.0 -9999.0 -9999.0 -9999.0 -9999.0 -9999.0 -9999.0 -9999.0 -9999.0 -9999.0 -9999.0 -9999.0 -9999.0 -9999.0 -9999.0 -9999.0 -9999.0 -9999.0 -9999.0 -9999.0 -9999.0 -9999.0 -9999.0 -9999.0 -9999.0 -9999.0 -9999.0 -9999.0 -9999.0 -9999.0 -9999.0 -9999.0 -9999.0 -9999.0 -9999.0 -9999.0 -9999.0 -9999.0 -9999.0 -9999.0 -9999.0 -9999.0 -9999.0 -9999.0 -9999.0 -9999.0 -9999.0 -9999.0 -9999.0 -9999.0 -9999.0 -9999.0 -9999.0 -9999.0 -9999.0 -9999.0 -9999.0 -9999.0 -9999.0 -9999.0 -9999.0 -9999.0 -9999.0 -9999.0 -9999.0 -9999.0 -9999.0 -9999.0
-9999.0 -9999.0 -9999.0 -9999.0 -9999.0 -9999.0 -9999.0 -9999.0 -9999.0 -9999.0 -9999.0 -9999.0 -9999.0 -9999.0 -9999.0 -9999.0 -9999.0 -9999.0 -9999.0 -9999.0 -9999.0 -9999.0 -9999.0 -9999.0 -9999.0 -9999.0 -9999.0 -9999.0 -9999.0 -9999.0 -9999.0 -9999.0 -9999.0 -9999.0 -9999.0 -9999.0 -9999.0 -9999.0 -9999.0 -9999.0 -9999.0 -9999.0 -9999.0 -9999.0 -9999.0 -9999.0 -9999.0 -9999.0 -9999.0 -9999.0 -9999.0 -9999.0 -9999.0 -9999.0 -9999.0 -9999.0 -9999.0 -9999.0 -9999.0 -9999.0 -9999.0 -9999.0 -9999.0 -9999.0 -9999.0 -9999.0 -9999.0 -9999.0 -9999.0 -9999.0 -9999.0 -9999.0 -9999.0 -9999.0 -9999.0 -9999.0 -9999.0 -9999.0 -9999.0 -9999.0 -9999.0 -9999.0 -9999.0 -9999.0 -9999.0 -9999.0 -9999.0 -9999.0 -9999.0 -9999.0 -9999.0 -9999.0 -9999.0 -9999.0 -9999.0 -9999.0 -9999.0 -9999.0 -9999.0 -9999.0 -9999.0 -9999.0 -9999.0 -9999.0
-9999.0 -9999.0 571.833015 473.184659 374.174116 274.962795 175.662660 76.325227 -23.022636 -122.367152 -221.702504 -321.017303 -420.291607 -519.485086 -618.536279 -717.371908 -816.292281 -915.094497 -1013.749260 -1112.211301 -1208.919103 -1303.159461 -1392.923037 -1475.715759 -1549.220048 -1611.906186 -1663.318419 -1704.003801 -1735.210074 -1758.522901 -1775.565680 -1787.809251 -1796.484008 -1802.563692 -1806.789471 -1809.712796 -1811.751634 -1813.291277 -1814.950927 -1818.104817 -1823.349709 -1810.539771 -1478.057200 -1950.744923 -1846.641002 -1780.187897 -1750.733238 -1746.746260 -1746.335807 -1746.375123 -1746.478176 -1746.588872 -1746.695201 -1746.793636 -1746.884895 -1746.990243 -1747.316017 -1749.590283 -1764.725311 -1799.608069 -1835.168294 -1379.007794 -1772.684792 -1815.691403 -1817.133044 -1816.380020 -1816.137226 -1816.086911 -1816.078395 -1816.077456 -1816.077745 -1816.078160 -1816.078520 -1816.078812 -1816.079048 -1816.079242 -1816.079407 -1816.079550 -1816.079680 -1816.079803 -1816.079927 -1816.080063 -1816.080223 -1816.080427 -1816.080705 -1816.081105 -1816.081706 -1816.082637 -1816.084126 -1816.086578 -1816.090740 -1816.098037 -1816.111262 -1816.136023 -1816.183890 -1816.279687 -1816.479779 -1816.921553 -1817.966874 -1820.659050 -1828.370671 -1853.522764 -9999.0 -9999.0
-9999.0 -9999.0 571.837813 473.186102 374.174531 274.962923 175.662701 76.325241 -23.022630 -122.367150 -221.702503 -321.017303 -420.291607 -519.485086 -618.536279 -717.371908 -816.292281 -915.094497 -1013.749260 -1112.211301 -1208.919103 -1303.159462 -1392.923038 -1475.715760 -1549.220048 -1611.906186 -1663.318419 -1704.003801 -1735.210074 -1758.522902 -1775.565680 -1787.809251 -1796.484008 -1802.563692 -1806.789470 -1809.712796 -1811.751634 -1813.291277 -1814.950927 -1818.104817 -1823.349708 -1810.539771 -1478.057200 -1950.744922 -1846.641001 -1780.187895 -1750.733238 -1746.746260 -1746.335807 -1746.375123 -1746.478176 -1746.588872 -1746.695201 -1746.793636 -1746.884895 -1746.990243 -1747.316017 -1749.590283 -1764.725311 -1799.608069 -1835.168294 -1379.007794 -1772.684792 -1815.691403 -1817.133044 -1816.380020 -1816.137226 -1816.086911 -1816.078395 -1816.077456 -1816.077745 -1816.078160 -1816.078520 -1816.078812 -1816.079048 -1816.079242 -1816.079407 -1816.079550 -1816.079680 -1816.079803 -1816.079927 -1816.080063 -1816.080223 -1816.080427 -1816.080705 -1816.081105 -1816.081706 -1816.082637 -1816.084126 -1816.086578 -1816.090740 -1816.098037 -1816.111262 -1816.136023 -1816.183890 -1816.279687 -1816.479779 -1816.921553 -1817.966874 -1820.659050 -1828.370670 -1853.522764 -9999.0 -9999.0
-9999.0 -9999.0 571.839101 473.186775 374.174804 274.963024 175.662738 76.325254 -23.022625 -122.367148 -221.702502 -321.017302 -420.291607 -519.485086 -618.536279 -717.371908 -816.292282 -915.094498 -1013.749260 -1112.211301 -1208.919103 -1303.159462 -1392.923038 -1475.715760 -1549.220048 -1611.906186 -1663.318419 -1704.003801 -1735.210075 -1758.522902 -1775.565680 -1787.809251 -1796.484008 -1802.563692 -1806.789471 -1809.712796 -1811.751634 -1813.291277 -1814.950927 -1818.104817 -1823.349708 -1810.539771 -1478.057200 -1950.744922 -1846.641001 -1780.187895 -1750.733238 -1746.746260 -1746.335807 -1746.375123 -1746.478176 -1746.588872 -1746.695201 -1746.793636 -1746.884895 -1746.990243 -1747.316017 -1749.590283 -1764.725311 -1799.608069 -1835.168294 -1379.007794 -1772.684792 -1815.691403 -1817.133044 -1816.380020 -1816.137226 -1816.086911 -1816.078395 -1816.077456 -1816.077745 -1816.078160 -1816.078520 -1816.078812 -1816.079048 -1816.079242 -1816.079407 -1816.079550 -1816.079680 -1816.079803 -1816.079927 -1816.080063 -1816.080223 -1816.080427 -1816.080705 -1816.081105 -1816.081706 -1816.082637 -1816.084126 -1816.086578 -1816.090740 -1816.098037 -1816.111262 -1816.136023 -1816.183890 -1816.279687 -1816.479779 -1816.921553 -1817.966874 -1820.659050 -1828.370670 -1853.522764 -9999.0 -9999.0
-9999.0 -9999.0 571.839101 473.186775 374.174804 274.963024 175.662738 76.325255 -23.022625 -122.367148 -221.702502 -321.017302 -420.291607 -519.485086 -618.536279 -717.371908 -816.292282 -915.094498 -1013.749260 -1112.211301 -1208.919103 -1303.159462 -1392.923038 -1475.715760 -1549.220048 -1611.906186 -1663.318419 -1704.003801 -1735.210075 -1758.522902 -1775.565680 -1787.809251 -1796.484008 -1802.563692 -1806.789471 -1809.712796 -1811.751634 -1813.291277 -1814.950927 -1818.104817 -1823.349708 -1810.539771 -1478.057200 -1950.744922 -1846.641001 -1780.187895 -1750.733238 -1746.746259 -1746.335807 -1746.375123 -1746.478176 -1746.588872 -1746.695201 -1746.793636 -1746.884895 -1746.990243 -1747.316017 -1749.590283 -1764.725311 -1799.608069 -1835.168294 -1379.007794 -1772.684792 -1815.691403 -1817.133044 -1816.380020 -1816.137226 -1816.086911 -1816.078395 -1816.077456 -1816.077745 -1816.078160 -1816.078520 -1816.078812 -1816.079048 -1816.079242 -1816.079407 -1816.079550 -1816.079680 -1816.079803 -1816.079927 -1816.080063 -1816.080223 -1816.080427 -1816.080705 -1816.081105 -1816.081706 -1816.082637 -1816.084126 -1816.086578 -1816.090740 -1816.098037 -1816.111262 -1816.136023 -1816.183890 -1816.279687 -1816.479779 -1816.921553 -1817.966874 -1820.659050 -1828.370670 -1853.522764 -9999.0 -9999.0
-9999.0 -9999.0 571.837813 473.186101 374.174531 274.962922 175.662701 76.325241 -23.022630 -122.367150 -221.702503 -321.017302 -420.291607 -519.485086 -618.536279 -717.371908 -816.292281 -915.094497 -1013.749260 -1112.211301 -1208.919103 -1303.159462 -1392.923038 -1475.715760 -1549.220048 -1611.906186 -1663.318419 -1704.003801 -1735.210074 -1758.522902 -1775.565680 -1787.809251 -1796.484008 -1802.563692 -1806.789470 -1809.712796 -1811.751634 -1813.291277 -1814.950927 -1818.104817 -1823.349708 -1810.539771 -1478.057200 -1950.744922 -1846.641001 -1780.187895 -1750.733238 -1746.746260 -1746.335807 -1746.375123 -1746.478176 -1746.588872 -1746.695201 -1746.793636 -1746.884895 -1746.990243 -1747.316017 -1749.590283 -1764.725311 -1799.608069 -1835.168294 -1379.007794 -1772.684792 -1815.691403 -1817.133044 -1816.380020 -1816.137226 -1816.086911 -1816.078395 -1816.077456 -1816.077745 -1816.078160 -1816.078520 -1816.078812 -1816.079048 -1816.079242 -1816.079407 -1816.079550 -1816.079680 -1816.079803 -1816.079927 -1816.080063 -1816.080223 -1816.080427 -1816.080705 -1816.081105 -1816.081706 -1816.082637 -1816.084126 -1816.086578 -1816.090740 -1816.098037 -1816.111262 -1816.136023 -1816.183890 -1816.279687 -1816.479779 -1816.921553 -1817.966874 -1820.659050 -1828.370670 -1853.522764 -9999.0 -9999.0
-9999.0 -9999.0 571.833015 473.184659 374.174116 274.962795 175.662660 76.325227 -23.022636 -122.367152 -221.702504 -321.017303 -420.291607 -519.485087 -618.536279 -717.371908 -816.292281 -915.094497 -1013.749260 -1112.211301 -1208.919103 -1303.159461 -1392.923037 -1475.715760 -1549.220048 -1611.906186 -1663.318419 -1704.003801 -1735.210074 -1758.522901 -1775.565680 -1787.809251 -1796.484008 -1802.563692 -1806.789471 -1809.712796 -1811.751634 -1813.291277 -1814.950927 -1818.104817 -1823.349709 -1810.539771 -1478.057200 -1950.744923 -1846.641002 -1780.187897 -1750.733238 -1746.746260 -1746.335807 -1746.375123 -1746.478176 -1746.588872 -1746.695201 -1746.793636 -1746.884895 -1746.990243 -1747.316017 -1749.590283 -1764.725311 -1799.608069 -1835.168294 -1379.007794 -1772.684792 -1815.691403 -1817.133044 -1816.380020 -1816.137226 -1816.086911 -1816.078395 -1816.077456 -1816.077745 -1816.078160 -1816.078520 -1816.078812 -1816.079048 -1816.079242 -1816.079407 -1816.079550 -1816.079680 -1816.079803 -1816.079927 -1816.080063 -1816.080223 -1816.080427 -1816.080705 -1816.081105 -1816.081706 -1816.082637 -1816.084126 -1816.086578 -1816.090740 -1816.098037 -1816.111262 -1816.136023 -1816.183890 -1816.279687 -1816.479779 -1816.921553 -1817.966874 -1820.659050 -1828.370671 -1853.522764 -9999.0 -9999.0
-9999.0 -9999.0 -9999.0 -9999.0 -9999.0 -9999.0 -9999.0 -9999.0 -9999.0 -9999.0 -9999.0 -9999.0 -9999.0 -9999.0 -9999.0 -9999.0 -9999.0 -9999.0 -9999.0 -9999.0 -9999.0 -9999.0 -9999.0 -9999.0 -9999.0 -9999.0 -9999.0 -9999.0 -9999.0 -9999.0 -9999.0 -9999.0 -9999.0 -9999.0 -9999.0 -9999.0 -9999.0 -9999.0 -9999.0 -9999.0 -9999.0 -9999.0 -9999.0 -9999.0 -9999.0 -9999.0 -9999.0 -9999.0 -9999.0 -9999.0 -9999.0 -9999.0 -9999.0 -9999.0 -9999.0 -9999.0 -9999.0 -9999.0 -9999.0 -9999.0 -9999.0 -9999.0 -9999.0 -9999.0 -9999.0 -9999.0 -9999.0 -9999.0 -9999.0 -9999.0 -9999.0 -9999.0 -9999.0 -9999.0 -9999.0 -9999.0 -9999.0 -9999.0 -9999.0 -9999.0 -9999.0 -9999.0 -9999.0 -9999.0 -9999.0 -9999.0 -9999.0 -9999.0 -9999.0 -9999.0 -9999.0 -9999.0 -9999.0 -9999.0 -9999.0 -9999.0 -9999.0 -9999.0 -9999.0 -9999.0 -9999.0 -9999.0 -9999.0 -9999.0
-9999.0 -9999.0 -9999.0 -9999.0 -9999.0 -9999.0 -9999.0 -9999.0 -9999.0 -9999.0 -9999.0 -9999.0 -9999.0 -9999.0 -9999.0 -9999.0 -9999.0 -9999.0 -9999.0 -9999.0 -9999.0 -9999.0 -9999.0 -9999.0 -9999.0 -9999.0 -9999.0 -9999.0 -9999.0 -9999.0 -9999.0 -9999.0 -9999.0 -9999.0 -9999.0 -9999.0 -9999.0 -9999.0 -9999.0 -9999.0 -9999.0 -9999.0 -9999.0 -9999.0 -9999.0 -9999.0 -9999.0 -9999.0 -9999.0 -9999.0 -9999.0 -9999.0 -9999.0 -9999.0 -9999.0 -9999.0 -9999.0 -9999.0 -9999.0 -9999.0 -9999.0 -9999.0 -9999.0 -9999.0 -9999.0 -9999.0 -9999.0 -9999.0 -9999.0 -9999.0 -9999.0 -9999.0 -9999.0 -9999.0 -9999.0 -9999.0 -9999.0 -9999.0 -9999.0 -9999.0 -9999.0 -9999.0 -9999.0 -9999.0 -9999.0 -9999.0 -9999.0 -9999.0 -9999.0 -9999.0 -9999.0 -9999.0 -9999.0 -9999.0 -9999.0 -9999.0 -9999.0 -9999.0 -9999.0 -9999.0 -9999.0 -9999.0 -9999.0 -9999.0