inst/processing_geotop_simulation/geotop_simulation/out/maps3D/PwL0007N0318.asc
ncols         104
nrows         10
xllcorner     -2.000000
yllcorner     0.000000
cellsize      1.000000
NODATA_value  -9999.0
-9999.0 -9999.0 -9999.0 -9999.0 -9999.0 -9999.0 -9999.0 -9999.0 -9999.0 -9999.0 -9999.0 -9999.0 -9999.0 -9999.0 -9999.0 -9999.0 -9999.0 -9999.0 -9999.0 -9999.0 -9999.0 -9999.0 -9999.0 -9999.0 -9999.0 -9999.0 -9999.0 -9999.0 -9999.0 -9999.0 -9999.0 -9999.0 -9999.0 -9999.0 -9999.0 -9999.0 -9999.0 -9999.0 -9999.0 -9999.0 -9999.0 -9999.0 -9999.0 -9999.0 -9999.0 -9999.0 -9999.0 -9999.0 -9999.0 -9999.0 -9999.0 -9999.0 -9999.0 -9999.0 -9999.0 -9999.0 -9999.0 -9999.0 -9999.0 -9999.0 -9999.0 -9999.0 -9999.0 -9999.0 -9999.0 -9999.0 -9999.0 -9999.0 -9999.0 -9999.0 -9999.0 -9999.0 -9999.0 -9999.0 -9999.0 -9999.0 -9999.0 -9999.0 -9999.0 -9999.0 -9999.0 -9999.0 -9999.0 -9999.0 -9999.0 -9999.0 -9999.0 -9999.0 -9999.0 -9999.0 -9999.0 -9999.0 -9999.0 -9999.0 -9999.0 -9999.0 -9999.0 -9999.0 -9999.0 -9999.0 -9999.0 -9999.0 -9999.0 -9999.0
-9999.0 -9999.0 -9999.0 -9999.0 -9999.0 -9999.0 -9999.0 -9999.0 -9999.0 -9999.0 -9999.0 -9999.0 -9999.0 -9999.0 -9999.0 -9999.0 -9999.0 -9999.0 -9999.0 -9999.0 -9999.0 -9999.0 -9999.0 -9999.0 -9999.0 -9999.0 -9999.0 -9999.0 -9999.0 -9999.0 -9999.0 -9999.0 -9999.0 -9999.0 -9999.0 -9999.0 -9999.0 -9999.0 -9999.0 -9999.0 -9999.0 -9999.0 -9999.0 -9999.0 -9999.0 -9999.0 -9999.0 -9999.0 -9999.0 -9999.0 -9999.0 -9999.0 -9999.0 -9999.0 -9999.0 -9999.0 -9999.0 -9999.0 -9999.0 -9999.0 -9999.0 -9999.0 -9999.0 -9999.0 -9999.0 -9999.0 -9999.0 -9999.0 -9999.0 -9999.0 -9999.0 -9999.0 -9999.0 -9999.0 -9999.0 -9999.0 -9999.0 -9999.0 -9999.0 -9999.0 -9999.0 -9999.0 -9999.0 -9999.0 -9999.0 -9999.0 -9999.0 -9999.0 -9999.0 -9999.0 -9999.0 -9999.0 -9999.0 -9999.0 -9999.0 -9999.0 -9999.0 -9999.0 -9999.0 -9999.0 -9999.0 -9999.0 -9999.0 -9999.0
-9999.0 -9999.0 324.967410 227.719798 129.388685 30.660618 -68.221069 -167.165742 -266.127999 -365.073488 -463.966574 -562.732084 -661.210069 -759.361166 -857.466260 -955.503159 -1053.388079 -1150.595488 -1246.085312 -1339.234775 -1428.248118 -1510.190437 -1581.923766 -1641.479441 -1688.620150 -1724.500907 -1750.988890 -1770.086914 -1783.603719 -1793.028090 -1799.518886 -1803.944668 -1806.938307 -1808.950768 -1810.298058 -1811.200903 -1811.822904 -1812.337895 -1813.162216 -1815.661397 -1821.555040 -1800.083542 -1191.981513 -1235.926828 -1214.307651 -1200.279943 -1193.758793 -1192.812123 -1192.712496 -1192.722100 -1192.747359 -1192.774520 -1192.800618 -1192.824785 -1192.847220 -1192.873367 -1192.955104 -1193.511130 -1196.940995 -1204.619688 -1214.713222 -1157.113813 -1771.630542 -1814.934321 -1814.238725 -1813.325416 -1813.115924 -1813.079284 -1813.073829 -1813.073542 -1813.074029 -1813.074539 -1813.074953 -1813.075273 -1813.075521 -1813.075715 -1813.075870 -1813.075997 -1813.076104 -1813.076202 -1813.076298 -1813.076405 -1813.076540 -1813.076725 -1813.076997 -1813.077412 -1813.078063 -1813.079105 -1813.080803 -1813.083625 -1813.088429 -1813.096840 -1813.112010 -1813.140203 -1813.194112 -1813.300157 -1813.515955 -1813.976071 -1815.021642 -1817.604259 -1824.766558 -1848.230736 -9999.0 -9999.0
-9999.0 -9999.0 324.974945 227.721620 129.389168 30.660761 -68.221023 -167.165727 -266.127994 -365.073486 -463.966573 -562.732084 -661.210069 -759.361166 -857.466260 -955.503159 -1053.388079 -1150.595488 -1246.085312 -1339.234775 -1428.248118 -1510.190437 -1581.923766 -1641.479441 -1688.620150 -1724.500907 -1750.988890 -1770.086914 -1783.603719 -1793.028090 -1799.518886 -1803.944668 -1806.938307 -1808.950768 -1810.298058 -1811.200903 -1811.822904 -1812.337895 -1813.162216 -1815.661397 -1821.555040 -1800.083542 -1191.981513 -1235.926828 -1214.307651 -1200.279943 -1193.758793 -1192.812123 -1192.712496 -1192.722100 -1192.747359 -1192.774520 -1192.800618 -1192.824785 -1192.847220 -1192.873367 -1192.955104 -1193.511130 -1196.940995 -1204.619688 -1214.713222 -1157.113813 -1771.630542 -1814.934321 -1814.238725 -1813.325416 -1813.115924 -1813.079284 -1813.073829 -1813.073542 -1813.074029 -1813.074539 -1813.074953 -1813.075273 -1813.075521 -1813.075715 -1813.075870 -1813.075997 -1813.076104 -1813.076202 -1813.076298 -1813.076405 -1813.076540 -1813.076725 -1813.076997 -1813.077412 -1813.078063 -1813.079105 -1813.080803 -1813.083625 -1813.088429 -1813.096840 -1813.112010 -1813.140203 -1813.194112 -1813.300157 -1813.515955 -1813.976071 -1815.021642 -1817.604259 -1824.766558 -1848.230736 -9999.0 -9999.0
-9999.0 -9999.0 324.976372 227.722396 129.389477 30.660873 -68.220983 -167.165713 -266.127988 -365.073484 -463.966573 -562.732083 -661.210069 -759.361166 -857.466260 -955.503159 -1053.388079 -1150.595488 -1246.085312 -1339.234776 -1428.248118 -1510.190437 -1581.923766 -1641.479441 -1688.620150 -1724.500907 -1750.988890 -1770.086914 -1783.603719 -1793.028090 -1799.518886 -1803.944668 -1806.938307 -1808.950768 -1810.298058 -1811.200903 -1811.822904 -1812.337895 -1813.162216 -1815.661397 -1821.555040 -1800.083542 -1191.981513 -1235.926828 -1214.307651 -1200.279943 -1193.758793 -1192.812123 -1192.712496 -1192.722100 -1192.747359 -1192.774520 -1192.800618 -1192.824785 -1192.847220 -1192.873367 -1192.955104 -1193.511130 -1196.940995 -1204.619688 -1214.713222 -1157.113813 -1771.630542 -1814.934321 -1814.238725 -1813.325416 -1813.115924 -1813.079284 -1813.073829 -1813.073542 -1813.074029 -1813.074539 -1813.074953 -1813.075273 -1813.075521 -1813.075715 -1813.075870 -1813.075997 -1813.076104 -1813.076202 -1813.076298 -1813.076405 -1813.076540 -1813.076725 -1813.076997 -1813.077412 -1813.078063 -1813.079105 -1813.080803 -1813.083625 -1813.088429 -1813.096840 -1813.112010 -1813.140203 -1813.194112 -1813.300157 -1813.515955 -1813.976071 -1815.021642 -1817.604259 -1824.766558 -1848.230736 -9999.0 -9999.0
-9999.0 -9999.0 324.976372 227.722396 129.389477 30.660873 -68.220983 -167.165713 -266.127988 -365.073484 -463.966573 -562.732084 -661.210069 -759.361166 -857.466260 -955.503159 -1053.388079 -1150.595488 -1246.085312 -1339.234776 -1428.248118 -1510.190437 -1581.923766 -1641.479441 -1688.620150 -1724.500907 -1750.988890 -1770.086914 -1783.603719 -1793.028090 -1799.518886 -1803.944668 -1806.938307 -1808.950768 -1810.298058 -1811.200903 -1811.822904 -1812.337895 -1813.162216 -1815.661397 -1821.555040 -1800.083542 -1191.981513 -1235.926828 -1214.307651 -1200.279943 -1193.758793 -1192.812123 -1192.712496 -1192.722100 -1192.747359 -1192.774520 -1192.800618 -1192.824785 -1192.847220 -1192.873367 -1192.955104 -1193.511130 -1196.940995 -1204.619688 -1214.713222 -1157.113813 -1771.630542 -1814.934321 -1814.238725 -1813.325416 -1813.115924 -1813.079284 -1813.073829 -1813.073542 -1813.074029 -1813.074539 -1813.074953 -1813.075273 -1813.075521 -1813.075715 -1813.075870 -1813.075997 -1813.076104 -1813.076202 -1813.076298 -1813.076405 -1813.076540 -1813.076725 -1813.076997 -1813.077412 -1813.078063 -1813.079105 -1813.080803 -1813.083625 -1813.088429 -1813.096840 -1813.112010 -1813.140203 -1813.194112 -1813.300157 -1813.515955 -1813.976071 -1815.021642 -1817.604259 -1824.766558 -1848.230736 -9999.0 -9999.0
-9999.0 -9999.0 324.974945 227.721620 129.389168 30.660761 -68.221023 -167.165727 -266.127994 -365.073486 -463.966573 -562.732084 -661.210069 -759.361166 -857.466260 -955.503159 -1053.388079 -1150.595488 -1246.085312 -1339.234775 -1428.248118 -1510.190437 -1581.923766 -1641.479441 -1688.620150 -1724.500907 -1750.988890 -1770.086914 -1783.603719 -1793.028090 -1799.518886 -1803.944668 -1806.938307 -1808.950768 -1810.298058 -1811.200903 -1811.822904 -1812.337895 -1813.162216 -1815.661397 -1821.555040 -1800.083542 -1191.981513 -1235.926828 -1214.307651 -1200.279943 -1193.758793 -1192.812123 -1192.712496 -1192.722100 -1192.747359 -1192.774520 -1192.800618 -1192.824785 -1192.847220 -1192.873367 -1192.955104 -1193.511130 -1196.940995 -1204.619688 -1214.713222 -1157.113813 -1771.630542 -1814.934321 -1814.238725 -1813.325416 -1813.115924 -1813.079284 -1813.073829 -1813.073542 -1813.074029 -1813.074539 -1813.074953 -1813.075273 -1813.075521 -1813.075715 -1813.075870 -1813.075997 -1813.076104 -1813.076202 -1813.076298 -1813.076405 -1813.076540 -1813.076725 -1813.076997 -1813.077412 -1813.078063 -1813.079105 -1813.080803 -1813.083625 -1813.088429 -1813.096840 -1813.112010 -1813.140203 -1813.194112 -1813.300157 -1813.515955 -1813.976071 -1815.021642 -1817.604259 -1824.766558 -1848.230736 -9999.0 -9999.0
-9999.0 -9999.0 324.967410 227.719798 129.388685 30.660618 -68.221069 -167.165742 -266.127999 -365.073488 -463.966574 -562.732084 -661.210069 -759.361166 -857.466260 -955.503159 -1053.388079 -1150.595488 -1246.085312 -1339.234775 -1428.248118 -1510.190437 -1581.923766 -1641.479441 -1688.620150 -1724.500907 -1750.988890 -1770.086914 -1783.603719 -1793.028090 -1799.518886 -1803.944668 -1806.938307 -1808.950768 -1810.298058 -1811.200903 -1811.822904 -1812.337895 -1813.162216 -1815.661397 -1821.555040 -1800.083542 -1191.981513 -1235.926828 -1214.307651 -1200.279943 -1193.758793 -1192.812123 -1192.712496 -1192.722100 -1192.747359 -1192.774520 -1192.800618 -1192.824785 -1192.847220 -1192.873367 -1192.955104 -1193.511130 -1196.940995 -1204.619688 -1214.713222 -1157.113813 -1771.630542 -1814.934321 -1814.238725 -1813.325416 -1813.115924 -1813.079284 -1813.073829 -1813.073542 -1813.074029 -1813.074539 -1813.074953 -1813.075273 -1813.075521 -1813.075715 -1813.075870 -1813.075997 -1813.076104 -1813.076202 -1813.076298 -1813.076405 -1813.076540 -1813.076725 -1813.076997 -1813.077412 -1813.078063 -1813.079105 -1813.080803 -1813.083625 -1813.088429 -1813.096840 -1813.112010 -1813.140203 -1813.194112 -1813.300157 -1813.515955 -1813.976071 -1815.021642 -1817.604259 -1824.766558 -1848.230736 -9999.0 -9999.0
-9999.0 -9999.0 -9999.0 -9999.0 -9999.0 -9999.0 -9999.0 -9999.0 -9999.0 -9999.0 -9999.0 -9999.0 -9999.0 -9999.0 -9999.0 -9999.0 -9999.0 -9999.0 -9999.0 -9999.0 -9999.0 -9999.0 -9999.0 -9999.0 -9999.0 -9999.0 -9999.0 -9999.0 -9999.0 -9999.0 -9999.0 -9999.0 -9999.0 -9999.0 -9999.0 -9999.0 -9999.0 -9999.0 -9999.0 -9999.0 -9999.0 -9999.0 -9999.0 -9999.0 -9999.0 -9999.0 -9999.0 -9999.0 -9999.0 -9999.0 -9999.0 -9999.0 -9999.0 -9999.0 -9999.0 -9999.0 -9999.0 -9999.0 -9999.0 -9999.0 -9999.0 -9999.0 -9999.0 -9999.0 -9999.0 -9999.0 -9999.0 -9999.0 -9999.0 -9999.0 -9999.0 -9999.0 -9999.0 -9999.0 -9999.0 -9999.0 -9999.0 -9999.0 -9999.0 -9999.0 -9999.0 -9999.0 -9999.0 -9999.0 -9999.0 -9999.0 -9999.0 -9999.0 -9999.0 -9999.0 -9999.0 -9999.0 -9999.0 -9999.0 -9999.0 -9999.0 -9999.0 -9999.0 -9999.0 -9999.0 -9999.0 -9999.0 -9999.0 -9999.0
-9999.0 -9999.0 -9999.0 -9999.0 -9999.0 -9999.0 -9999.0 -9999.0 -9999.0 -9999.0 -9999.0 -9999.0 -9999.0 -9999.0 -9999.0 -9999.0 -9999.0 -9999.0 -9999.0 -9999.0 -9999.0 -9999.0 -9999.0 -9999.0 -9999.0 -9999.0 -9999.0 -9999.0 -9999.0 -9999.0 -9999.0 -9999.0 -9999.0 -9999.0 -9999.0 -9999.0 -9999.0 -9999.0 -9999.0 -9999.0 -9999.0 -9999.0 -9999.0 -9999.0 -9999.0 -9999.0 -9999.0 -9999.0 -9999.0 -9999.0 -9999.0 -9999.0 -9999.0 -9999.0 -9999.0 -9999.0 -9999.0 -9999.0 -9999.0 -9999.0 -9999.0 -9999.0 -9999.0 -9999.0 -9999.0 -9999.0 -9999.0 -9999.0 -9999.0 -9999.0 -9999.0 -9999.0 -9999.0 -9999.0 -9999.0 -9999.0 -9999.0 -9999.0 -9999.0 -9999.0 -9999.0 -9999.0 -9999.0 -9999.0 -9999.0 -9999.0 -9999.0 -9999.0 -9999.0 -9999.0 -9999.0 -9999.0 -9999.0 -9999.0 -9999.0 -9999.0 -9999.0 -9999.0 -9999.0 -9999.0 -9999.0 -9999.0 -9999.0 -9999.0