inst/processing_geotop_simulation/geotop_simulation/out/maps3D/PwL0003N0416.asc
ncols         104
nrows         10
xllcorner     -2.000000
yllcorner     0.000000
cellsize      1.000000
NODATA_value  -9999.0
-9999.0 -9999.0 -9999.0 -9999.0 -9999.0 -9999.0 -9999.0 -9999.0 -9999.0 -9999.0 -9999.0 -9999.0 -9999.0 -9999.0 -9999.0 -9999.0 -9999.0 -9999.0 -9999.0 -9999.0 -9999.0 -9999.0 -9999.0 -9999.0 -9999.0 -9999.0 -9999.0 -9999.0 -9999.0 -9999.0 -9999.0 -9999.0 -9999.0 -9999.0 -9999.0 -9999.0 -9999.0 -9999.0 -9999.0 -9999.0 -9999.0 -9999.0 -9999.0 -9999.0 -9999.0 -9999.0 -9999.0 -9999.0 -9999.0 -9999.0 -9999.0 -9999.0 -9999.0 -9999.0 -9999.0 -9999.0 -9999.0 -9999.0 -9999.0 -9999.0 -9999.0 -9999.0 -9999.0 -9999.0 -9999.0 -9999.0 -9999.0 -9999.0 -9999.0 -9999.0 -9999.0 -9999.0 -9999.0 -9999.0 -9999.0 -9999.0 -9999.0 -9999.0 -9999.0 -9999.0 -9999.0 -9999.0 -9999.0 -9999.0 -9999.0 -9999.0 -9999.0 -9999.0 -9999.0 -9999.0 -9999.0 -9999.0 -9999.0 -9999.0 -9999.0 -9999.0 -9999.0 -9999.0 -9999.0 -9999.0 -9999.0 -9999.0 -9999.0 -9999.0
-9999.0 -9999.0 -9999.0 -9999.0 -9999.0 -9999.0 -9999.0 -9999.0 -9999.0 -9999.0 -9999.0 -9999.0 -9999.0 -9999.0 -9999.0 -9999.0 -9999.0 -9999.0 -9999.0 -9999.0 -9999.0 -9999.0 -9999.0 -9999.0 -9999.0 -9999.0 -9999.0 -9999.0 -9999.0 -9999.0 -9999.0 -9999.0 -9999.0 -9999.0 -9999.0 -9999.0 -9999.0 -9999.0 -9999.0 -9999.0 -9999.0 -9999.0 -9999.0 -9999.0 -9999.0 -9999.0 -9999.0 -9999.0 -9999.0 -9999.0 -9999.0 -9999.0 -9999.0 -9999.0 -9999.0 -9999.0 -9999.0 -9999.0 -9999.0 -9999.0 -9999.0 -9999.0 -9999.0 -9999.0 -9999.0 -9999.0 -9999.0 -9999.0 -9999.0 -9999.0 -9999.0 -9999.0 -9999.0 -9999.0 -9999.0 -9999.0 -9999.0 -9999.0 -9999.0 -9999.0 -9999.0 -9999.0 -9999.0 -9999.0 -9999.0 -9999.0 -9999.0 -9999.0 -9999.0 -9999.0 -9999.0 -9999.0 -9999.0 -9999.0 -9999.0 -9999.0 -9999.0 -9999.0 -9999.0 -9999.0 -9999.0 -9999.0 -9999.0 -9999.0
-9999.0 -9999.0 125.288041 27.432338 -71.482826 -170.676459 -269.973633 -369.309381 -468.649988 -567.972606 -667.239683 -766.407114 -865.483686 -964.426745 -1063.315145 -1162.189468 -1260.741977 -1358.803524 -1456.007344 -1551.631007 -1644.280920 -1731.528493 -1810.197732 -1877.555924 -1932.382615 -1975.112899 -2007.286916 -2030.879728 -2047.832431 -2059.822599 -2068.197168 -2073.988046 -2077.960478 -2080.668514 -2082.506513 -2083.754165 -2084.621566 -2085.328473 -2086.327769 -2088.619633 -2089.322506 -2023.661976 -1237.542514 -1238.350714 -1227.361864 -1220.056789 -1216.620514 -1216.078512 -1216.019124 -1216.024051 -1216.038222 -1216.053531 -1216.068255 -1216.081898 -1216.094620 -1216.109922 -1216.160026 -1216.489355 -1218.336193 -1222.399772 -1227.652678 -1218.885795 -1998.683151 -2083.431559 -2087.212960 -2086.643310 -2086.432311 -2086.389011 -2086.381877 -2086.381179 -2086.381502 -2086.381911 -2086.382255 -2086.382525 -2086.382736 -2086.382903 -2086.383039 -2086.383151 -2086.383249 -2086.383338 -2086.383427 -2086.383526 -2086.383649 -2086.383815 -2086.384055 -2086.384418 -2086.384983 -2086.385883 -2086.387347 -2086.389783 -2086.393942 -2086.401254 -2086.414507 -2086.439272 -2086.486937 -2086.581583 -2086.776911 -2087.201650 -2088.191681 -2090.717522 -2097.976367 -2122.183785 -9999.0 -9999.0
-9999.0 -9999.0 125.297583 27.434168 -71.482367 -170.676324 -269.973590 -369.309366 -468.649983 -567.972604 -667.239682 -766.407114 -865.483685 -964.426745 -1063.315145 -1162.189468 -1260.741977 -1358.803525 -1456.007345 -1551.631007 -1644.280920 -1731.528493 -1810.197732 -1877.555924 -1932.382615 -1975.112899 -2007.286916 -2030.879728 -2047.832431 -2059.822599 -2068.197168 -2073.988046 -2077.960478 -2080.668514 -2082.506513 -2083.754165 -2084.621566 -2085.328473 -2086.327769 -2088.619633 -2089.322506 -2023.661976 -1237.542514 -1238.350714 -1227.361864 -1220.056789 -1216.620514 -1216.078512 -1216.019124 -1216.024051 -1216.038222 -1216.053531 -1216.068255 -1216.081898 -1216.094620 -1216.109922 -1216.160026 -1216.489355 -1218.336193 -1222.399772 -1227.652678 -1218.885795 -1998.683151 -2083.431559 -2087.212960 -2086.643310 -2086.432311 -2086.389011 -2086.381877 -2086.381179 -2086.381502 -2086.381911 -2086.382255 -2086.382525 -2086.382736 -2086.382903 -2086.383039 -2086.383151 -2086.383249 -2086.383338 -2086.383427 -2086.383526 -2086.383649 -2086.383815 -2086.384055 -2086.384418 -2086.384983 -2086.385883 -2086.387347 -2086.389783 -2086.393942 -2086.401254 -2086.414507 -2086.439272 -2086.486936 -2086.581583 -2086.776911 -2087.201649 -2088.191681 -2090.717522 -2097.976367 -2122.183785 -9999.0 -9999.0
-9999.0 -9999.0 125.298774 27.434907 -71.482075 -170.676219 -269.973552 -369.309353 -468.649978 -567.972602 -667.239681 -766.407113 -865.483685 -964.426745 -1063.315145 -1162.189468 -1260.741977 -1358.803525 -1456.007345 -1551.631007 -1644.280921 -1731.528493 -1810.197732 -1877.555924 -1932.382615 -1975.112899 -2007.286916 -2030.879728 -2047.832431 -2059.822599 -2068.197168 -2073.988046 -2077.960478 -2080.668514 -2082.506513 -2083.754165 -2084.621566 -2085.328473 -2086.327769 -2088.619633 -2089.322506 -2023.661976 -1237.542514 -1238.350714 -1227.361864 -1220.056789 -1216.620514 -1216.078512 -1216.019124 -1216.024051 -1216.038222 -1216.053531 -1216.068255 -1216.081898 -1216.094620 -1216.109922 -1216.160026 -1216.489355 -1218.336193 -1222.399772 -1227.652678 -1218.885795 -1998.683151 -2083.431559 -2087.212960 -2086.643310 -2086.432311 -2086.389011 -2086.381877 -2086.381179 -2086.381502 -2086.381911 -2086.382255 -2086.382525 -2086.382736 -2086.382903 -2086.383039 -2086.383151 -2086.383249 -2086.383338 -2086.383427 -2086.383526 -2086.383649 -2086.383815 -2086.384055 -2086.384418 -2086.384983 -2086.385883 -2086.387347 -2086.389783 -2086.393942 -2086.401254 -2086.414507 -2086.439272 -2086.486936 -2086.581583 -2086.776911 -2087.201649 -2088.191681 -2090.717522 -2097.976367 -2122.183785 -9999.0 -9999.0
-9999.0 -9999.0 125.298774 27.434907 -71.482075 -170.676219 -269.973553 -369.309353 -468.649978 -567.972602 -667.239681 -766.407113 -865.483685 -964.426745 -1063.315145 -1162.189468 -1260.741977 -1358.803525 -1456.007345 -1551.631007 -1644.280921 -1731.528493 -1810.197732 -1877.555924 -1932.382615 -1975.112899 -2007.286916 -2030.879728 -2047.832431 -2059.822599 -2068.197168 -2073.988046 -2077.960478 -2080.668514 -2082.506513 -2083.754165 -2084.621566 -2085.328473 -2086.327769 -2088.619633 -2089.322506 -2023.661976 -1237.542514 -1238.350714 -1227.361864 -1220.056789 -1216.620514 -1216.078512 -1216.019124 -1216.024051 -1216.038222 -1216.053531 -1216.068255 -1216.081898 -1216.094620 -1216.109922 -1216.160026 -1216.489355 -1218.336193 -1222.399772 -1227.652678 -1218.885795 -1998.683151 -2083.431559 -2087.212960 -2086.643310 -2086.432311 -2086.389011 -2086.381877 -2086.381179 -2086.381502 -2086.381911 -2086.382255 -2086.382525 -2086.382736 -2086.382903 -2086.383039 -2086.383151 -2086.383249 -2086.383338 -2086.383427 -2086.383526 -2086.383649 -2086.383815 -2086.384055 -2086.384418 -2086.384983 -2086.385883 -2086.387347 -2086.389783 -2086.393942 -2086.401254 -2086.414507 -2086.439272 -2086.486936 -2086.581583 -2086.776911 -2087.201649 -2088.191681 -2090.717522 -2097.976367 -2122.183785 -9999.0 -9999.0
-9999.0 -9999.0 125.297583 27.434168 -71.482367 -170.676324 -269.973590 -369.309366 -468.649983 -567.972604 -667.239682 -766.407114 -865.483685 -964.426745 -1063.315145 -1162.189468 -1260.741977 -1358.803525 -1456.007345 -1551.631007 -1644.280920 -1731.528493 -1810.197732 -1877.555924 -1932.382615 -1975.112899 -2007.286916 -2030.879728 -2047.832431 -2059.822599 -2068.197168 -2073.988046 -2077.960478 -2080.668514 -2082.506513 -2083.754165 -2084.621566 -2085.328473 -2086.327769 -2088.619633 -2089.322506 -2023.661976 -1237.542514 -1238.350714 -1227.361864 -1220.056789 -1216.620514 -1216.078512 -1216.019124 -1216.024051 -1216.038222 -1216.053531 -1216.068255 -1216.081898 -1216.094620 -1216.109922 -1216.160026 -1216.489355 -1218.336193 -1222.399772 -1227.652678 -1218.885795 -1998.683151 -2083.431559 -2087.212960 -2086.643310 -2086.432311 -2086.389011 -2086.381877 -2086.381179 -2086.381502 -2086.381911 -2086.382255 -2086.382525 -2086.382736 -2086.382903 -2086.383039 -2086.383151 -2086.383249 -2086.383338 -2086.383427 -2086.383526 -2086.383649 -2086.383815 -2086.384055 -2086.384418 -2086.384983 -2086.385883 -2086.387347 -2086.389783 -2086.393942 -2086.401254 -2086.414507 -2086.439272 -2086.486936 -2086.581583 -2086.776911 -2087.201649 -2088.191681 -2090.717522 -2097.976367 -2122.183785 -9999.0 -9999.0
-9999.0 -9999.0 125.288041 27.432338 -71.482826 -170.676458 -269.973633 -369.309381 -468.649988 -567.972606 -667.239683 -766.407114 -865.483686 -964.426745 -1063.315145 -1162.189468 -1260.741977 -1358.803524 -1456.007344 -1551.631007 -1644.280920 -1731.528493 -1810.197732 -1877.555924 -1932.382615 -1975.112899 -2007.286916 -2030.879728 -2047.832431 -2059.822599 -2068.197168 -2073.988046 -2077.960478 -2080.668514 -2082.506513 -2083.754165 -2084.621566 -2085.328473 -2086.327769 -2088.619633 -2089.322506 -2023.661976 -1237.542514 -1238.350714 -1227.361864 -1220.056789 -1216.620514 -1216.078512 -1216.019124 -1216.024051 -1216.038222 -1216.053531 -1216.068255 -1216.081898 -1216.094620 -1216.109922 -1216.160026 -1216.489355 -1218.336193 -1222.399772 -1227.652678 -1218.885795 -1998.683151 -2083.431559 -2087.212960 -2086.643310 -2086.432311 -2086.389011 -2086.381877 -2086.381179 -2086.381502 -2086.381911 -2086.382255 -2086.382525 -2086.382736 -2086.382903 -2086.383039 -2086.383151 -2086.383249 -2086.383338 -2086.383427 -2086.383526 -2086.383649 -2086.383815 -2086.384055 -2086.384418 -2086.384983 -2086.385883 -2086.387347 -2086.389783 -2086.393942 -2086.401254 -2086.414507 -2086.439272 -2086.486937 -2086.581583 -2086.776911 -2087.201650 -2088.191681 -2090.717522 -2097.976367 -2122.183785 -9999.0 -9999.0
-9999.0 -9999.0 -9999.0 -9999.0 -9999.0 -9999.0 -9999.0 -9999.0 -9999.0 -9999.0 -9999.0 -9999.0 -9999.0 -9999.0 -9999.0 -9999.0 -9999.0 -9999.0 -9999.0 -9999.0 -9999.0 -9999.0 -9999.0 -9999.0 -9999.0 -9999.0 -9999.0 -9999.0 -9999.0 -9999.0 -9999.0 -9999.0 -9999.0 -9999.0 -9999.0 -9999.0 -9999.0 -9999.0 -9999.0 -9999.0 -9999.0 -9999.0 -9999.0 -9999.0 -9999.0 -9999.0 -9999.0 -9999.0 -9999.0 -9999.0 -9999.0 -9999.0 -9999.0 -9999.0 -9999.0 -9999.0 -9999.0 -9999.0 -9999.0 -9999.0 -9999.0 -9999.0 -9999.0 -9999.0 -9999.0 -9999.0 -9999.0 -9999.0 -9999.0 -9999.0 -9999.0 -9999.0 -9999.0 -9999.0 -9999.0 -9999.0 -9999.0 -9999.0 -9999.0 -9999.0 -9999.0 -9999.0 -9999.0 -9999.0 -9999.0 -9999.0 -9999.0 -9999.0 -9999.0 -9999.0 -9999.0 -9999.0 -9999.0 -9999.0 -9999.0 -9999.0 -9999.0 -9999.0 -9999.0 -9999.0 -9999.0 -9999.0 -9999.0 -9999.0
-9999.0 -9999.0 -9999.0 -9999.0 -9999.0 -9999.0 -9999.0 -9999.0 -9999.0 -9999.0 -9999.0 -9999.0 -9999.0 -9999.0 -9999.0 -9999.0 -9999.0 -9999.0 -9999.0 -9999.0 -9999.0 -9999.0 -9999.0 -9999.0 -9999.0 -9999.0 -9999.0 -9999.0 -9999.0 -9999.0 -9999.0 -9999.0 -9999.0 -9999.0 -9999.0 -9999.0 -9999.0 -9999.0 -9999.0 -9999.0 -9999.0 -9999.0 -9999.0 -9999.0 -9999.0 -9999.0 -9999.0 -9999.0 -9999.0 -9999.0 -9999.0 -9999.0 -9999.0 -9999.0 -9999.0 -9999.0 -9999.0 -9999.0 -9999.0 -9999.0 -9999.0 -9999.0 -9999.0 -9999.0 -9999.0 -9999.0 -9999.0 -9999.0 -9999.0 -9999.0 -9999.0 -9999.0 -9999.0 -9999.0 -9999.0 -9999.0 -9999.0 -9999.0 -9999.0 -9999.0 -9999.0 -9999.0 -9999.0 -9999.0 -9999.0 -9999.0 -9999.0 -9999.0 -9999.0 -9999.0 -9999.0 -9999.0 -9999.0 -9999.0 -9999.0 -9999.0 -9999.0 -9999.0 -9999.0 -9999.0 -9999.0 -9999.0 -9999.0 -9999.0