inst/processing_geotop_simulation/geotop_simulation/out/maps3D/PwL0007N0080.asc
ncols         104
nrows         10
xllcorner     -2.000000
yllcorner     0.000000
cellsize      1.000000
NODATA_value  -9999.0
-9999.0 -9999.0 -9999.0 -9999.0 -9999.0 -9999.0 -9999.0 -9999.0 -9999.0 -9999.0 -9999.0 -9999.0 -9999.0 -9999.0 -9999.0 -9999.0 -9999.0 -9999.0 -9999.0 -9999.0 -9999.0 -9999.0 -9999.0 -9999.0 -9999.0 -9999.0 -9999.0 -9999.0 -9999.0 -9999.0 -9999.0 -9999.0 -9999.0 -9999.0 -9999.0 -9999.0 -9999.0 -9999.0 -9999.0 -9999.0 -9999.0 -9999.0 -9999.0 -9999.0 -9999.0 -9999.0 -9999.0 -9999.0 -9999.0 -9999.0 -9999.0 -9999.0 -9999.0 -9999.0 -9999.0 -9999.0 -9999.0 -9999.0 -9999.0 -9999.0 -9999.0 -9999.0 -9999.0 -9999.0 -9999.0 -9999.0 -9999.0 -9999.0 -9999.0 -9999.0 -9999.0 -9999.0 -9999.0 -9999.0 -9999.0 -9999.0 -9999.0 -9999.0 -9999.0 -9999.0 -9999.0 -9999.0 -9999.0 -9999.0 -9999.0 -9999.0 -9999.0 -9999.0 -9999.0 -9999.0 -9999.0 -9999.0 -9999.0 -9999.0 -9999.0 -9999.0 -9999.0 -9999.0 -9999.0 -9999.0 -9999.0 -9999.0 -9999.0 -9999.0
-9999.0 -9999.0 -9999.0 -9999.0 -9999.0 -9999.0 -9999.0 -9999.0 -9999.0 -9999.0 -9999.0 -9999.0 -9999.0 -9999.0 -9999.0 -9999.0 -9999.0 -9999.0 -9999.0 -9999.0 -9999.0 -9999.0 -9999.0 -9999.0 -9999.0 -9999.0 -9999.0 -9999.0 -9999.0 -9999.0 -9999.0 -9999.0 -9999.0 -9999.0 -9999.0 -9999.0 -9999.0 -9999.0 -9999.0 -9999.0 -9999.0 -9999.0 -9999.0 -9999.0 -9999.0 -9999.0 -9999.0 -9999.0 -9999.0 -9999.0 -9999.0 -9999.0 -9999.0 -9999.0 -9999.0 -9999.0 -9999.0 -9999.0 -9999.0 -9999.0 -9999.0 -9999.0 -9999.0 -9999.0 -9999.0 -9999.0 -9999.0 -9999.0 -9999.0 -9999.0 -9999.0 -9999.0 -9999.0 -9999.0 -9999.0 -9999.0 -9999.0 -9999.0 -9999.0 -9999.0 -9999.0 -9999.0 -9999.0 -9999.0 -9999.0 -9999.0 -9999.0 -9999.0 -9999.0 -9999.0 -9999.0 -9999.0 -9999.0 -9999.0 -9999.0 -9999.0 -9999.0 -9999.0 -9999.0 -9999.0 -9999.0 -9999.0 -9999.0 -9999.0
-9999.0 -9999.0 215.524555 115.313815 15.191826 -84.734279 -184.783034 -286.013573 -391.219522 -505.714398 -632.085209 -759.058484 -870.762925 -949.713373 -1007.682820 -1068.002639 -1125.724845 -1165.659859 -1173.314011 -1169.175268 -1161.508624 -1154.801867 -1150.711311 -1149.399053 -1150.367842 -1152.887458 -1156.203278 -1159.672540 -1162.852525 -1165.516942 -1167.608618 -1169.172206 -1170.297727 -1171.083380 -1171.616646 -1171.969475 -1172.208686 -1172.417278 -1172.660502 -1173.237772 -1178.952107 -1224.752231 -1138.418322 -1203.287430 -1149.641687 -1118.441452 -1104.244028 -1102.488919 -1102.315469 -1102.337735 -1102.388224 -1102.442055 -1102.493694 -1102.541458 -1102.585487 -1102.634043 -1102.770363 -1103.738238 -1110.954395 -1127.556857 -1156.455463 -1064.124037 -1205.608296 -1177.170629 -1173.382742 -1172.866615 -1172.771248 -1172.754163 -1172.753591 -1172.756040 -1172.758563 -1172.760601 -1172.762150 -1172.763316 -1172.764204 -1172.764891 -1172.765434 -1172.765870 -1172.766229 -1172.766544 -1172.766846 -1172.767174 -1172.767581 -1172.768139 -1172.768960 -1172.770215 -1172.772180 -1172.775308 -1172.780350 -1172.788602 -1172.802357 -1172.825823 -1172.866992 -1172.941456 -1173.080125 -1173.344596 -1173.857565 -1174.865727 -1176.887381 -1181.113121 -1190.565568 -1214.421313 -9999.0 -9999.0
-9999.0 -9999.0 215.524555 115.313814 15.191826 -84.734279 -184.783034 -286.013573 -391.219523 -505.714398 -632.085209 -759.058484 -870.762925 -949.713373 -1007.682820 -1068.002639 -1125.724845 -1165.659859 -1173.314011 -1169.175268 -1161.508624 -1154.801867 -1150.711311 -1149.399053 -1150.367842 -1152.887458 -1156.203278 -1159.672540 -1162.852525 -1165.516942 -1167.608618 -1169.172206 -1170.297727 -1171.083380 -1171.616646 -1171.969475 -1172.208686 -1172.417278 -1172.660502 -1173.237772 -1178.952107 -1224.752231 -1138.418322 -1203.287430 -1149.641686 -1118.441451 -1104.244028 -1102.488919 -1102.315469 -1102.337735 -1102.388224 -1102.442055 -1102.493694 -1102.541458 -1102.585487 -1102.634043 -1102.770363 -1103.738238 -1110.954395 -1127.556857 -1156.455463 -1064.124037 -1205.608296 -1177.170629 -1173.382742 -1172.866615 -1172.771248 -1172.754163 -1172.753591 -1172.756040 -1172.758563 -1172.760601 -1172.762150 -1172.763316 -1172.764204 -1172.764891 -1172.765434 -1172.765870 -1172.766229 -1172.766544 -1172.766846 -1172.767174 -1172.767581 -1172.768139 -1172.768960 -1172.770215 -1172.772180 -1172.775308 -1172.780350 -1172.788602 -1172.802357 -1172.825823 -1172.866992 -1172.941456 -1173.080125 -1173.344596 -1173.857565 -1174.865727 -1176.887381 -1181.113121 -1190.565568 -1214.421313 -9999.0 -9999.0
-9999.0 -9999.0 215.524555 115.313814 15.191825 -84.734280 -184.783034 -286.013573 -391.219523 -505.714398 -632.085209 -759.058484 -870.762925 -949.713373 -1007.682820 -1068.002639 -1125.724845 -1165.659859 -1173.314011 -1169.175268 -1161.508624 -1154.801867 -1150.711311 -1149.399053 -1150.367842 -1152.887458 -1156.203278 -1159.672540 -1162.852525 -1165.516942 -1167.608618 -1169.172206 -1170.297727 -1171.083380 -1171.616646 -1171.969475 -1172.208686 -1172.417278 -1172.660502 -1173.237772 -1178.952107 -1224.752231 -1138.418322 -1203.287430 -1149.641686 -1118.441451 -1104.244028 -1102.488919 -1102.315469 -1102.337735 -1102.388224 -1102.442055 -1102.493694 -1102.541458 -1102.585487 -1102.634043 -1102.770363 -1103.738238 -1110.954395 -1127.556857 -1156.455463 -1064.124037 -1205.608296 -1177.170629 -1173.382742 -1172.866615 -1172.771248 -1172.754163 -1172.753591 -1172.756040 -1172.758563 -1172.760601 -1172.762150 -1172.763316 -1172.764204 -1172.764891 -1172.765434 -1172.765870 -1172.766229 -1172.766544 -1172.766846 -1172.767174 -1172.767581 -1172.768139 -1172.768960 -1172.770215 -1172.772180 -1172.775308 -1172.780350 -1172.788602 -1172.802357 -1172.825823 -1172.866992 -1172.941456 -1173.080125 -1173.344596 -1173.857565 -1174.865727 -1176.887381 -1181.113121 -1190.565568 -1214.421313 -9999.0 -9999.0
-9999.0 -9999.0 215.524555 115.313814 15.191825 -84.734280 -184.783034 -286.013573 -391.219523 -505.714398 -632.085209 -759.058484 -870.762925 -949.713373 -1007.682820 -1068.002639 -1125.724845 -1165.659859 -1173.314011 -1169.175268 -1161.508624 -1154.801867 -1150.711311 -1149.399053 -1150.367842 -1152.887458 -1156.203278 -1159.672540 -1162.852525 -1165.516942 -1167.608618 -1169.172206 -1170.297727 -1171.083380 -1171.616646 -1171.969475 -1172.208686 -1172.417278 -1172.660502 -1173.237772 -1178.952107 -1224.752231 -1138.418322 -1203.287430 -1149.641686 -1118.441451 -1104.244028 -1102.488919 -1102.315469 -1102.337735 -1102.388224 -1102.442055 -1102.493694 -1102.541458 -1102.585487 -1102.634043 -1102.770363 -1103.738238 -1110.954395 -1127.556857 -1156.455463 -1064.124037 -1205.608296 -1177.170629 -1173.382742 -1172.866615 -1172.771248 -1172.754163 -1172.753591 -1172.756040 -1172.758563 -1172.760601 -1172.762150 -1172.763316 -1172.764204 -1172.764891 -1172.765434 -1172.765870 -1172.766229 -1172.766544 -1172.766846 -1172.767174 -1172.767581 -1172.768139 -1172.768960 -1172.770215 -1172.772180 -1172.775308 -1172.780350 -1172.788602 -1172.802357 -1172.825823 -1172.866992 -1172.941456 -1173.080125 -1173.344596 -1173.857565 -1174.865727 -1176.887381 -1181.113121 -1190.565568 -1214.421313 -9999.0 -9999.0
-9999.0 -9999.0 215.524555 115.313814 15.191826 -84.734279 -184.783034 -286.013573 -391.219523 -505.714398 -632.085209 -759.058484 -870.762925 -949.713373 -1007.682820 -1068.002639 -1125.724845 -1165.659859 -1173.314011 -1169.175268 -1161.508624 -1154.801867 -1150.711311 -1149.399053 -1150.367842 -1152.887458 -1156.203278 -1159.672540 -1162.852525 -1165.516942 -1167.608618 -1169.172206 -1170.297727 -1171.083380 -1171.616646 -1171.969475 -1172.208686 -1172.417278 -1172.660502 -1173.237772 -1178.952107 -1224.752231 -1138.418322 -1203.287430 -1149.641686 -1118.441451 -1104.244028 -1102.488919 -1102.315469 -1102.337735 -1102.388224 -1102.442055 -1102.493694 -1102.541458 -1102.585487 -1102.634043 -1102.770363 -1103.738238 -1110.954395 -1127.556857 -1156.455463 -1064.124037 -1205.608296 -1177.170629 -1173.382742 -1172.866615 -1172.771248 -1172.754163 -1172.753591 -1172.756040 -1172.758563 -1172.760601 -1172.762150 -1172.763316 -1172.764204 -1172.764891 -1172.765434 -1172.765870 -1172.766229 -1172.766544 -1172.766846 -1172.767174 -1172.767581 -1172.768139 -1172.768960 -1172.770215 -1172.772180 -1172.775308 -1172.780350 -1172.788602 -1172.802357 -1172.825823 -1172.866992 -1172.941456 -1173.080125 -1173.344596 -1173.857565 -1174.865727 -1176.887381 -1181.113121 -1190.565568 -1214.421313 -9999.0 -9999.0
-9999.0 -9999.0 215.524555 115.313815 15.191826 -84.734279 -184.783034 -286.013573 -391.219522 -505.714398 -632.085209 -759.058484 -870.762925 -949.713373 -1007.682820 -1068.002639 -1125.724845 -1165.659859 -1173.314011 -1169.175268 -1161.508624 -1154.801867 -1150.711311 -1149.399053 -1150.367842 -1152.887458 -1156.203278 -1159.672540 -1162.852525 -1165.516942 -1167.608618 -1169.172206 -1170.297727 -1171.083380 -1171.616646 -1171.969475 -1172.208686 -1172.417278 -1172.660502 -1173.237772 -1178.952107 -1224.752231 -1138.418322 -1203.287430 -1149.641687 -1118.441452 -1104.244028 -1102.488919 -1102.315469 -1102.337735 -1102.388224 -1102.442055 -1102.493694 -1102.541458 -1102.585487 -1102.634043 -1102.770363 -1103.738238 -1110.954395 -1127.556857 -1156.455463 -1064.124037 -1205.608296 -1177.170629 -1173.382742 -1172.866615 -1172.771248 -1172.754163 -1172.753591 -1172.756040 -1172.758563 -1172.760601 -1172.762150 -1172.763316 -1172.764204 -1172.764891 -1172.765434 -1172.765870 -1172.766229 -1172.766544 -1172.766846 -1172.767174 -1172.767581 -1172.768139 -1172.768960 -1172.770215 -1172.772180 -1172.775308 -1172.780350 -1172.788602 -1172.802357 -1172.825823 -1172.866992 -1172.941456 -1173.080125 -1173.344596 -1173.857565 -1174.865727 -1176.887381 -1181.113121 -1190.565568 -1214.421313 -9999.0 -9999.0
-9999.0 -9999.0 -9999.0 -9999.0 -9999.0 -9999.0 -9999.0 -9999.0 -9999.0 -9999.0 -9999.0 -9999.0 -9999.0 -9999.0 -9999.0 -9999.0 -9999.0 -9999.0 -9999.0 -9999.0 -9999.0 -9999.0 -9999.0 -9999.0 -9999.0 -9999.0 -9999.0 -9999.0 -9999.0 -9999.0 -9999.0 -9999.0 -9999.0 -9999.0 -9999.0 -9999.0 -9999.0 -9999.0 -9999.0 -9999.0 -9999.0 -9999.0 -9999.0 -9999.0 -9999.0 -9999.0 -9999.0 -9999.0 -9999.0 -9999.0 -9999.0 -9999.0 -9999.0 -9999.0 -9999.0 -9999.0 -9999.0 -9999.0 -9999.0 -9999.0 -9999.0 -9999.0 -9999.0 -9999.0 -9999.0 -9999.0 -9999.0 -9999.0 -9999.0 -9999.0 -9999.0 -9999.0 -9999.0 -9999.0 -9999.0 -9999.0 -9999.0 -9999.0 -9999.0 -9999.0 -9999.0 -9999.0 -9999.0 -9999.0 -9999.0 -9999.0 -9999.0 -9999.0 -9999.0 -9999.0 -9999.0 -9999.0 -9999.0 -9999.0 -9999.0 -9999.0 -9999.0 -9999.0 -9999.0 -9999.0 -9999.0 -9999.0 -9999.0 -9999.0
-9999.0 -9999.0 -9999.0 -9999.0 -9999.0 -9999.0 -9999.0 -9999.0 -9999.0 -9999.0 -9999.0 -9999.0 -9999.0 -9999.0 -9999.0 -9999.0 -9999.0 -9999.0 -9999.0 -9999.0 -9999.0 -9999.0 -9999.0 -9999.0 -9999.0 -9999.0 -9999.0 -9999.0 -9999.0 -9999.0 -9999.0 -9999.0 -9999.0 -9999.0 -9999.0 -9999.0 -9999.0 -9999.0 -9999.0 -9999.0 -9999.0 -9999.0 -9999.0 -9999.0 -9999.0 -9999.0 -9999.0 -9999.0 -9999.0 -9999.0 -9999.0 -9999.0 -9999.0 -9999.0 -9999.0 -9999.0 -9999.0 -9999.0 -9999.0 -9999.0 -9999.0 -9999.0 -9999.0 -9999.0 -9999.0 -9999.0 -9999.0 -9999.0 -9999.0 -9999.0 -9999.0 -9999.0 -9999.0 -9999.0 -9999.0 -9999.0 -9999.0 -9999.0 -9999.0 -9999.0 -9999.0 -9999.0 -9999.0 -9999.0 -9999.0 -9999.0 -9999.0 -9999.0 -9999.0 -9999.0 -9999.0 -9999.0 -9999.0 -9999.0 -9999.0 -9999.0 -9999.0 -9999.0 -9999.0 -9999.0 -9999.0 -9999.0 -9999.0 -9999.0