inst/processing_geotop_simulation/geotop_simulation/out/maps3D/PwL0011N0065.asc
ncols         104
nrows         10
xllcorner     -2.000000
yllcorner     0.000000
cellsize      1.000000
NODATA_value  -9999.0
-9999.0 -9999.0 -9999.0 -9999.0 -9999.0 -9999.0 -9999.0 -9999.0 -9999.0 -9999.0 -9999.0 -9999.0 -9999.0 -9999.0 -9999.0 -9999.0 -9999.0 -9999.0 -9999.0 -9999.0 -9999.0 -9999.0 -9999.0 -9999.0 -9999.0 -9999.0 -9999.0 -9999.0 -9999.0 -9999.0 -9999.0 -9999.0 -9999.0 -9999.0 -9999.0 -9999.0 -9999.0 -9999.0 -9999.0 -9999.0 -9999.0 -9999.0 -9999.0 -9999.0 -9999.0 -9999.0 -9999.0 -9999.0 -9999.0 -9999.0 -9999.0 -9999.0 -9999.0 -9999.0 -9999.0 -9999.0 -9999.0 -9999.0 -9999.0 -9999.0 -9999.0 -9999.0 -9999.0 -9999.0 -9999.0 -9999.0 -9999.0 -9999.0 -9999.0 -9999.0 -9999.0 -9999.0 -9999.0 -9999.0 -9999.0 -9999.0 -9999.0 -9999.0 -9999.0 -9999.0 -9999.0 -9999.0 -9999.0 -9999.0 -9999.0 -9999.0 -9999.0 -9999.0 -9999.0 -9999.0 -9999.0 -9999.0 -9999.0 -9999.0 -9999.0 -9999.0 -9999.0 -9999.0 -9999.0 -9999.0 -9999.0 -9999.0 -9999.0 -9999.0
-9999.0 -9999.0 -9999.0 -9999.0 -9999.0 -9999.0 -9999.0 -9999.0 -9999.0 -9999.0 -9999.0 -9999.0 -9999.0 -9999.0 -9999.0 -9999.0 -9999.0 -9999.0 -9999.0 -9999.0 -9999.0 -9999.0 -9999.0 -9999.0 -9999.0 -9999.0 -9999.0 -9999.0 -9999.0 -9999.0 -9999.0 -9999.0 -9999.0 -9999.0 -9999.0 -9999.0 -9999.0 -9999.0 -9999.0 -9999.0 -9999.0 -9999.0 -9999.0 -9999.0 -9999.0 -9999.0 -9999.0 -9999.0 -9999.0 -9999.0 -9999.0 -9999.0 -9999.0 -9999.0 -9999.0 -9999.0 -9999.0 -9999.0 -9999.0 -9999.0 -9999.0 -9999.0 -9999.0 -9999.0 -9999.0 -9999.0 -9999.0 -9999.0 -9999.0 -9999.0 -9999.0 -9999.0 -9999.0 -9999.0 -9999.0 -9999.0 -9999.0 -9999.0 -9999.0 -9999.0 -9999.0 -9999.0 -9999.0 -9999.0 -9999.0 -9999.0 -9999.0 -9999.0 -9999.0 -9999.0 -9999.0 -9999.0 -9999.0 -9999.0 -9999.0 -9999.0 -9999.0 -9999.0 -9999.0 -9999.0 -9999.0 -9999.0 -9999.0 -9999.0
-9999.0 -9999.0 -0.399151 -100.293391 -200.967289 -304.766784 -415.578372 -537.476169 -669.940310 -796.484900 -874.190821 -889.578573 -879.144471 -859.841033 -843.641860 -861.226285 -904.472514 -947.150920 -990.844140 -1005.987418 -989.426386 -976.211704 -968.234397 -965.076112 -965.573853 -968.460777 -972.593307 -977.062464 -981.254581 -984.843645 -987.722681 -989.920881 -991.535336 -992.683592 -993.476863 -994.010151 -994.372459 -994.676713 -994.996565 -995.436463 -1000.937952 -1073.081504 -2205.053264 -4426.653208 -4430.615796 -4430.494370 -4430.380916 -4430.363724 -4430.361945 -4430.362021 -4430.362337 -4430.362680 -4430.363008 -4430.363312 -4430.363594 -4430.363933 -4430.365108 -4430.374062 -4430.438207 -4430.538150 -4424.448291 -2103.082028 -1053.953948 -999.852751 -995.840190 -995.314154 -995.208947 -995.190075 -995.189851 -995.192983 -995.196125 -995.198651 -995.200569 -995.202013 -995.203114 -995.203966 -995.204641 -995.205183 -995.205630 -995.206021 -995.206395 -995.206801 -995.207303 -995.207990 -995.208999 -995.210541 -995.212955 -995.216792 -995.222974 -995.233079 -995.249897 -995.278539 -995.328693 -995.419249 -995.587677 -995.908734 -996.531414 -997.754995 -1000.208184 -1005.351536 -1016.942213 -1045.151820 -9999.0 -9999.0
-9999.0 -9999.0 -0.399149 -100.293389 -200.967287 -304.766782 -415.578369 -537.476168 -669.940309 -796.484900 -874.190820 -889.578573 -879.144471 -859.841033 -843.641860 -861.226285 -904.472514 -947.150920 -990.844140 -1005.987418 -989.426386 -976.211704 -968.234397 -965.076112 -965.573853 -968.460777 -972.593307 -977.062464 -981.254581 -984.843645 -987.722681 -989.920881 -991.535336 -992.683592 -993.476863 -994.010151 -994.372459 -994.676713 -994.996565 -995.436463 -1000.937952 -1073.081504 -2205.053264 -4426.653208 -4430.615796 -4430.494370 -4430.380916 -4430.363724 -4430.361945 -4430.362021 -4430.362337 -4430.362680 -4430.363008 -4430.363312 -4430.363594 -4430.363933 -4430.365108 -4430.374062 -4430.438207 -4430.538150 -4424.448291 -2103.082028 -1053.953948 -999.852751 -995.840190 -995.314154 -995.208947 -995.190075 -995.189851 -995.192983 -995.196125 -995.198651 -995.200569 -995.202013 -995.203114 -995.203966 -995.204641 -995.205183 -995.205630 -995.206021 -995.206395 -995.206801 -995.207303 -995.207990 -995.208999 -995.210541 -995.212955 -995.216792 -995.222974 -995.233079 -995.249897 -995.278539 -995.328693 -995.419249 -995.587677 -995.908734 -996.531414 -997.754995 -1000.208184 -1005.351536 -1016.942213 -1045.151820 -9999.0 -9999.0
-9999.0 -9999.0 -0.399148 -100.293388 -200.967286 -304.766781 -415.578368 -537.476166 -669.940308 -796.484899 -874.190820 -889.578573 -879.144471 -859.841033 -843.641860 -861.226285 -904.472514 -947.150920 -990.844140 -1005.987418 -989.426386 -976.211704 -968.234397 -965.076112 -965.573853 -968.460777 -972.593307 -977.062464 -981.254581 -984.843645 -987.722681 -989.920881 -991.535336 -992.683592 -993.476863 -994.010151 -994.372459 -994.676713 -994.996565 -995.436463 -1000.937952 -1073.081504 -2205.053264 -4426.653208 -4430.615796 -4430.494370 -4430.380916 -4430.363724 -4430.361945 -4430.362021 -4430.362337 -4430.362680 -4430.363008 -4430.363312 -4430.363594 -4430.363933 -4430.365108 -4430.374062 -4430.438207 -4430.538150 -4424.448291 -2103.082028 -1053.953948 -999.852751 -995.840190 -995.314154 -995.208947 -995.190075 -995.189851 -995.192983 -995.196125 -995.198651 -995.200569 -995.202013 -995.203114 -995.203966 -995.204641 -995.205183 -995.205630 -995.206021 -995.206395 -995.206801 -995.207303 -995.207990 -995.208999 -995.210541 -995.212955 -995.216792 -995.222974 -995.233079 -995.249897 -995.278539 -995.328693 -995.419249 -995.587677 -995.908734 -996.531414 -997.754995 -1000.208184 -1005.351536 -1016.942213 -1045.151820 -9999.0 -9999.0
-9999.0 -9999.0 -0.399148 -100.293388 -200.967286 -304.766781 -415.578368 -537.476166 -669.940308 -796.484899 -874.190820 -889.578573 -879.144471 -859.841033 -843.641860 -861.226285 -904.472514 -947.150920 -990.844140 -1005.987418 -989.426386 -976.211704 -968.234397 -965.076112 -965.573853 -968.460777 -972.593307 -977.062464 -981.254581 -984.843645 -987.722681 -989.920881 -991.535336 -992.683592 -993.476863 -994.010151 -994.372459 -994.676713 -994.996565 -995.436463 -1000.937952 -1073.081504 -2205.053264 -4426.653208 -4430.615796 -4430.494370 -4430.380916 -4430.363724 -4430.361945 -4430.362021 -4430.362337 -4430.362680 -4430.363008 -4430.363312 -4430.363594 -4430.363933 -4430.365108 -4430.374062 -4430.438207 -4430.538150 -4424.448291 -2103.082028 -1053.953948 -999.852751 -995.840190 -995.314154 -995.208947 -995.190075 -995.189851 -995.192983 -995.196125 -995.198651 -995.200569 -995.202013 -995.203114 -995.203966 -995.204641 -995.205183 -995.205630 -995.206021 -995.206395 -995.206801 -995.207303 -995.207990 -995.208999 -995.210541 -995.212955 -995.216792 -995.222974 -995.233079 -995.249897 -995.278539 -995.328693 -995.419249 -995.587677 -995.908734 -996.531414 -997.754995 -1000.208184 -1005.351536 -1016.942213 -1045.151820 -9999.0 -9999.0
-9999.0 -9999.0 -0.399149 -100.293389 -200.967287 -304.766782 -415.578369 -537.476168 -669.940309 -796.484900 -874.190820 -889.578573 -879.144471 -859.841033 -843.641860 -861.226285 -904.472514 -947.150920 -990.844140 -1005.987418 -989.426386 -976.211704 -968.234397 -965.076112 -965.573853 -968.460777 -972.593307 -977.062464 -981.254581 -984.843645 -987.722681 -989.920881 -991.535336 -992.683592 -993.476863 -994.010151 -994.372459 -994.676713 -994.996565 -995.436463 -1000.937952 -1073.081504 -2205.053264 -4426.653208 -4430.615796 -4430.494370 -4430.380916 -4430.363724 -4430.361945 -4430.362021 -4430.362337 -4430.362680 -4430.363008 -4430.363312 -4430.363594 -4430.363933 -4430.365108 -4430.374062 -4430.438207 -4430.538150 -4424.448291 -2103.082028 -1053.953948 -999.852751 -995.840190 -995.314154 -995.208947 -995.190075 -995.189851 -995.192983 -995.196125 -995.198651 -995.200569 -995.202013 -995.203114 -995.203966 -995.204641 -995.205183 -995.205630 -995.206021 -995.206395 -995.206801 -995.207303 -995.207990 -995.208999 -995.210541 -995.212955 -995.216792 -995.222974 -995.233079 -995.249897 -995.278539 -995.328693 -995.419249 -995.587677 -995.908734 -996.531414 -997.754995 -1000.208184 -1005.351536 -1016.942213 -1045.151820 -9999.0 -9999.0
-9999.0 -9999.0 -0.399151 -100.293391 -200.967289 -304.766784 -415.578371 -537.476169 -669.940310 -796.484900 -874.190821 -889.578573 -879.144471 -859.841033 -843.641860 -861.226285 -904.472514 -947.150920 -990.844140 -1005.987418 -989.426386 -976.211704 -968.234397 -965.076112 -965.573853 -968.460777 -972.593307 -977.062464 -981.254581 -984.843645 -987.722681 -989.920881 -991.535336 -992.683592 -993.476863 -994.010151 -994.372459 -994.676713 -994.996565 -995.436463 -1000.937952 -1073.081504 -2205.053264 -4426.653208 -4430.615796 -4430.494370 -4430.380916 -4430.363724 -4430.361945 -4430.362021 -4430.362337 -4430.362680 -4430.363008 -4430.363312 -4430.363594 -4430.363933 -4430.365108 -4430.374062 -4430.438207 -4430.538150 -4424.448291 -2103.082028 -1053.953948 -999.852751 -995.840190 -995.314154 -995.208947 -995.190075 -995.189851 -995.192983 -995.196125 -995.198651 -995.200569 -995.202013 -995.203114 -995.203966 -995.204641 -995.205183 -995.205630 -995.206021 -995.206395 -995.206801 -995.207303 -995.207990 -995.208999 -995.210541 -995.212955 -995.216792 -995.222974 -995.233079 -995.249897 -995.278539 -995.328693 -995.419249 -995.587677 -995.908734 -996.531414 -997.754995 -1000.208184 -1005.351536 -1016.942213 -1045.151820 -9999.0 -9999.0
-9999.0 -9999.0 -9999.0 -9999.0 -9999.0 -9999.0 -9999.0 -9999.0 -9999.0 -9999.0 -9999.0 -9999.0 -9999.0 -9999.0 -9999.0 -9999.0 -9999.0 -9999.0 -9999.0 -9999.0 -9999.0 -9999.0 -9999.0 -9999.0 -9999.0 -9999.0 -9999.0 -9999.0 -9999.0 -9999.0 -9999.0 -9999.0 -9999.0 -9999.0 -9999.0 -9999.0 -9999.0 -9999.0 -9999.0 -9999.0 -9999.0 -9999.0 -9999.0 -9999.0 -9999.0 -9999.0 -9999.0 -9999.0 -9999.0 -9999.0 -9999.0 -9999.0 -9999.0 -9999.0 -9999.0 -9999.0 -9999.0 -9999.0 -9999.0 -9999.0 -9999.0 -9999.0 -9999.0 -9999.0 -9999.0 -9999.0 -9999.0 -9999.0 -9999.0 -9999.0 -9999.0 -9999.0 -9999.0 -9999.0 -9999.0 -9999.0 -9999.0 -9999.0 -9999.0 -9999.0 -9999.0 -9999.0 -9999.0 -9999.0 -9999.0 -9999.0 -9999.0 -9999.0 -9999.0 -9999.0 -9999.0 -9999.0 -9999.0 -9999.0 -9999.0 -9999.0 -9999.0 -9999.0 -9999.0 -9999.0 -9999.0 -9999.0 -9999.0 -9999.0
-9999.0 -9999.0 -9999.0 -9999.0 -9999.0 -9999.0 -9999.0 -9999.0 -9999.0 -9999.0 -9999.0 -9999.0 -9999.0 -9999.0 -9999.0 -9999.0 -9999.0 -9999.0 -9999.0 -9999.0 -9999.0 -9999.0 -9999.0 -9999.0 -9999.0 -9999.0 -9999.0 -9999.0 -9999.0 -9999.0 -9999.0 -9999.0 -9999.0 -9999.0 -9999.0 -9999.0 -9999.0 -9999.0 -9999.0 -9999.0 -9999.0 -9999.0 -9999.0 -9999.0 -9999.0 -9999.0 -9999.0 -9999.0 -9999.0 -9999.0 -9999.0 -9999.0 -9999.0 -9999.0 -9999.0 -9999.0 -9999.0 -9999.0 -9999.0 -9999.0 -9999.0 -9999.0 -9999.0 -9999.0 -9999.0 -9999.0 -9999.0 -9999.0 -9999.0 -9999.0 -9999.0 -9999.0 -9999.0 -9999.0 -9999.0 -9999.0 -9999.0 -9999.0 -9999.0 -9999.0 -9999.0 -9999.0 -9999.0 -9999.0 -9999.0 -9999.0 -9999.0 -9999.0 -9999.0 -9999.0 -9999.0 -9999.0 -9999.0 -9999.0 -9999.0 -9999.0 -9999.0 -9999.0 -9999.0 -9999.0 -9999.0 -9999.0 -9999.0 -9999.0