inst/processing_geotop_simulation/geotop_simulation/out/maps3D/PwL0005N0140.asc
ncols         104
nrows         10
xllcorner     -2.000000
yllcorner     0.000000
cellsize      1.000000
NODATA_value  -9999.0
-9999.0 -9999.0 -9999.0 -9999.0 -9999.0 -9999.0 -9999.0 -9999.0 -9999.0 -9999.0 -9999.0 -9999.0 -9999.0 -9999.0 -9999.0 -9999.0 -9999.0 -9999.0 -9999.0 -9999.0 -9999.0 -9999.0 -9999.0 -9999.0 -9999.0 -9999.0 -9999.0 -9999.0 -9999.0 -9999.0 -9999.0 -9999.0 -9999.0 -9999.0 -9999.0 -9999.0 -9999.0 -9999.0 -9999.0 -9999.0 -9999.0 -9999.0 -9999.0 -9999.0 -9999.0 -9999.0 -9999.0 -9999.0 -9999.0 -9999.0 -9999.0 -9999.0 -9999.0 -9999.0 -9999.0 -9999.0 -9999.0 -9999.0 -9999.0 -9999.0 -9999.0 -9999.0 -9999.0 -9999.0 -9999.0 -9999.0 -9999.0 -9999.0 -9999.0 -9999.0 -9999.0 -9999.0 -9999.0 -9999.0 -9999.0 -9999.0 -9999.0 -9999.0 -9999.0 -9999.0 -9999.0 -9999.0 -9999.0 -9999.0 -9999.0 -9999.0 -9999.0 -9999.0 -9999.0 -9999.0 -9999.0 -9999.0 -9999.0 -9999.0 -9999.0 -9999.0 -9999.0 -9999.0 -9999.0 -9999.0 -9999.0 -9999.0 -9999.0 -9999.0
-9999.0 -9999.0 -9999.0 -9999.0 -9999.0 -9999.0 -9999.0 -9999.0 -9999.0 -9999.0 -9999.0 -9999.0 -9999.0 -9999.0 -9999.0 -9999.0 -9999.0 -9999.0 -9999.0 -9999.0 -9999.0 -9999.0 -9999.0 -9999.0 -9999.0 -9999.0 -9999.0 -9999.0 -9999.0 -9999.0 -9999.0 -9999.0 -9999.0 -9999.0 -9999.0 -9999.0 -9999.0 -9999.0 -9999.0 -9999.0 -9999.0 -9999.0 -9999.0 -9999.0 -9999.0 -9999.0 -9999.0 -9999.0 -9999.0 -9999.0 -9999.0 -9999.0 -9999.0 -9999.0 -9999.0 -9999.0 -9999.0 -9999.0 -9999.0 -9999.0 -9999.0 -9999.0 -9999.0 -9999.0 -9999.0 -9999.0 -9999.0 -9999.0 -9999.0 -9999.0 -9999.0 -9999.0 -9999.0 -9999.0 -9999.0 -9999.0 -9999.0 -9999.0 -9999.0 -9999.0 -9999.0 -9999.0 -9999.0 -9999.0 -9999.0 -9999.0 -9999.0 -9999.0 -9999.0 -9999.0 -9999.0 -9999.0 -9999.0 -9999.0 -9999.0 -9999.0 -9999.0 -9999.0 -9999.0 -9999.0 -9999.0 -9999.0 -9999.0 -9999.0
-9999.0 -9999.0 234.961640 148.053185 55.393752 -39.059568 -134.208275 -229.634382 -325.100067 -420.440284 -515.449386 -609.718928 -703.407633 -797.828003 -893.044596 -987.802518 -1082.712978 -1178.915680 -1271.727214 -1347.288791 -1398.674786 -1431.185089 -1450.582751 -1461.930708 -1468.747236 -1473.131482 -1476.195948 -1478.472369 -1480.203637 -1481.514474 -1482.489907 -1483.200742 -1483.708512 -1484.064661 -1484.310188 -1484.478261 -1484.601951 -1484.729304 -1484.999209 -1486.354712 -1494.116621 -1515.854857 -1020.963865 -1034.954572 -1015.993044 -1004.258697 -998.796374 -998.049231 -997.973732 -997.984781 -998.008740 -998.034281 -998.058797 -998.081481 -998.102400 -998.125492 -998.189547 -998.623475 -1001.483091 -1007.971290 -1018.299918 -991.488374 -1494.212591 -1490.179498 -1485.781498 -1485.039256 -1484.926883 -1484.908874 -1484.906983 -1484.908002 -1484.909326 -1484.910443 -1484.911305 -1484.911957 -1484.912454 -1484.912839 -1484.913143 -1484.913388 -1484.913592 -1484.913771 -1484.913945 -1484.914137 -1484.914378 -1484.914711 -1484.915202 -1484.915957 -1484.917142 -1484.919035 -1484.922100 -1484.927144 -1484.935615 -1484.950200 -1484.976043 -1485.023233 -1485.111834 -1485.282066 -1485.615581 -1486.284275 -1487.677088 -1490.761146 -1498.240576 -1519.972339 -9999.0 -9999.0
-9999.0 -9999.0 234.971890 148.055433 55.394334 -39.059398 -134.208222 -229.634364 -325.100060 -420.440282 -515.449385 -609.718928 -703.407633 -797.828003 -893.044596 -987.802518 -1082.712979 -1178.915680 -1271.727214 -1347.288791 -1398.674786 -1431.185089 -1450.582751 -1461.930708 -1468.747236 -1473.131482 -1476.195948 -1478.472369 -1480.203637 -1481.514474 -1482.489907 -1483.200742 -1483.708512 -1484.064661 -1484.310188 -1484.478261 -1484.601951 -1484.729304 -1484.999209 -1486.354712 -1494.116621 -1515.854857 -1020.963865 -1034.954572 -1015.993044 -1004.258697 -998.796374 -998.049231 -997.973732 -997.984781 -998.008740 -998.034281 -998.058797 -998.081481 -998.102400 -998.125492 -998.189547 -998.623475 -1001.483091 -1007.971290 -1018.299918 -991.488374 -1494.212591 -1490.179498 -1485.781498 -1485.039256 -1484.926883 -1484.908874 -1484.906983 -1484.908002 -1484.909326 -1484.910443 -1484.911305 -1484.911957 -1484.912454 -1484.912839 -1484.913143 -1484.913388 -1484.913592 -1484.913771 -1484.913945 -1484.914137 -1484.914378 -1484.914711 -1484.915202 -1484.915957 -1484.917142 -1484.919035 -1484.922100 -1484.927144 -1484.935615 -1484.950200 -1484.976043 -1485.023233 -1485.111834 -1485.282066 -1485.615581 -1486.284275 -1487.677088 -1490.761146 -1498.240576 -1519.972339 -9999.0 -9999.0
-9999.0 -9999.0 234.973502 148.056354 55.394701 -39.059265 -134.208175 -229.634347 -325.100055 -420.440279 -515.449384 -609.718928 -703.407633 -797.828003 -893.044596 -987.802518 -1082.712979 -1178.915680 -1271.727215 -1347.288791 -1398.674786 -1431.185089 -1450.582751 -1461.930708 -1468.747236 -1473.131482 -1476.195948 -1478.472369 -1480.203637 -1481.514474 -1482.489907 -1483.200742 -1483.708512 -1484.064661 -1484.310188 -1484.478261 -1484.601951 -1484.729304 -1484.999209 -1486.354712 -1494.116621 -1515.854857 -1020.963865 -1034.954572 -1015.993044 -1004.258697 -998.796374 -998.049231 -997.973732 -997.984781 -998.008740 -998.034281 -998.058797 -998.081481 -998.102400 -998.125492 -998.189547 -998.623475 -1001.483091 -1007.971290 -1018.299918 -991.488374 -1494.212591 -1490.179498 -1485.781498 -1485.039256 -1484.926883 -1484.908874 -1484.906983 -1484.908002 -1484.909326 -1484.910443 -1484.911305 -1484.911957 -1484.912454 -1484.912839 -1484.913143 -1484.913388 -1484.913592 -1484.913771 -1484.913945 -1484.914137 -1484.914378 -1484.914711 -1484.915202 -1484.915957 -1484.917142 -1484.919035 -1484.922100 -1484.927144 -1484.935615 -1484.950200 -1484.976043 -1485.023233 -1485.111834 -1485.282066 -1485.615581 -1486.284275 -1487.677088 -1490.761146 -1498.240576 -1519.972339 -9999.0 -9999.0
-9999.0 -9999.0 234.973502 148.056354 55.394701 -39.059265 -134.208175 -229.634347 -325.100055 -420.440280 -515.449384 -609.718928 -703.407633 -797.828003 -893.044596 -987.802518 -1082.712979 -1178.915680 -1271.727215 -1347.288791 -1398.674786 -1431.185089 -1450.582751 -1461.930708 -1468.747236 -1473.131482 -1476.195948 -1478.472369 -1480.203637 -1481.514474 -1482.489907 -1483.200742 -1483.708512 -1484.064661 -1484.310188 -1484.478261 -1484.601951 -1484.729304 -1484.999209 -1486.354712 -1494.116621 -1515.854857 -1020.963865 -1034.954572 -1015.993044 -1004.258697 -998.796374 -998.049231 -997.973732 -997.984781 -998.008740 -998.034281 -998.058797 -998.081481 -998.102400 -998.125492 -998.189547 -998.623475 -1001.483091 -1007.971290 -1018.299918 -991.488374 -1494.212591 -1490.179498 -1485.781498 -1485.039256 -1484.926883 -1484.908874 -1484.906983 -1484.908002 -1484.909326 -1484.910443 -1484.911305 -1484.911957 -1484.912454 -1484.912839 -1484.913143 -1484.913388 -1484.913592 -1484.913771 -1484.913945 -1484.914137 -1484.914378 -1484.914711 -1484.915202 -1484.915957 -1484.917142 -1484.919035 -1484.922100 -1484.927144 -1484.935615 -1484.950200 -1484.976043 -1485.023233 -1485.111834 -1485.282066 -1485.615581 -1486.284275 -1487.677088 -1490.761146 -1498.240576 -1519.972339 -9999.0 -9999.0
-9999.0 -9999.0 234.971890 148.055433 55.394334 -39.059398 -134.208222 -229.634364 -325.100060 -420.440282 -515.449385 -609.718928 -703.407633 -797.828003 -893.044596 -987.802518 -1082.712979 -1178.915680 -1271.727214 -1347.288791 -1398.674786 -1431.185089 -1450.582751 -1461.930708 -1468.747236 -1473.131482 -1476.195948 -1478.472369 -1480.203637 -1481.514474 -1482.489907 -1483.200742 -1483.708512 -1484.064661 -1484.310188 -1484.478261 -1484.601951 -1484.729304 -1484.999209 -1486.354712 -1494.116621 -1515.854857 -1020.963865 -1034.954572 -1015.993044 -1004.258697 -998.796374 -998.049231 -997.973732 -997.984781 -998.008740 -998.034281 -998.058797 -998.081481 -998.102400 -998.125492 -998.189547 -998.623475 -1001.483091 -1007.971290 -1018.299918 -991.488374 -1494.212591 -1490.179498 -1485.781498 -1485.039256 -1484.926883 -1484.908874 -1484.906983 -1484.908002 -1484.909326 -1484.910443 -1484.911305 -1484.911957 -1484.912454 -1484.912839 -1484.913143 -1484.913388 -1484.913592 -1484.913771 -1484.913945 -1484.914137 -1484.914378 -1484.914711 -1484.915202 -1484.915957 -1484.917142 -1484.919035 -1484.922100 -1484.927144 -1484.935615 -1484.950200 -1484.976043 -1485.023233 -1485.111834 -1485.282066 -1485.615581 -1486.284275 -1487.677088 -1490.761146 -1498.240576 -1519.972339 -9999.0 -9999.0
-9999.0 -9999.0 234.961640 148.053185 55.393752 -39.059568 -134.208276 -229.634382 -325.100067 -420.440284 -515.449386 -609.718928 -703.407633 -797.828003 -893.044596 -987.802518 -1082.712978 -1178.915680 -1271.727214 -1347.288791 -1398.674786 -1431.185089 -1450.582751 -1461.930708 -1468.747236 -1473.131482 -1476.195948 -1478.472369 -1480.203637 -1481.514474 -1482.489907 -1483.200742 -1483.708512 -1484.064661 -1484.310188 -1484.478261 -1484.601951 -1484.729304 -1484.999209 -1486.354712 -1494.116621 -1515.854857 -1020.963865 -1034.954572 -1015.993044 -1004.258697 -998.796374 -998.049231 -997.973732 -997.984781 -998.008740 -998.034281 -998.058797 -998.081481 -998.102400 -998.125492 -998.189547 -998.623475 -1001.483091 -1007.971290 -1018.299918 -991.488374 -1494.212591 -1490.179498 -1485.781498 -1485.039256 -1484.926883 -1484.908874 -1484.906983 -1484.908002 -1484.909326 -1484.910443 -1484.911305 -1484.911957 -1484.912454 -1484.912839 -1484.913143 -1484.913388 -1484.913592 -1484.913771 -1484.913945 -1484.914137 -1484.914378 -1484.914711 -1484.915202 -1484.915957 -1484.917142 -1484.919035 -1484.922100 -1484.927144 -1484.935615 -1484.950200 -1484.976043 -1485.023233 -1485.111834 -1485.282066 -1485.615581 -1486.284275 -1487.677088 -1490.761146 -1498.240576 -1519.972339 -9999.0 -9999.0
-9999.0 -9999.0 -9999.0 -9999.0 -9999.0 -9999.0 -9999.0 -9999.0 -9999.0 -9999.0 -9999.0 -9999.0 -9999.0 -9999.0 -9999.0 -9999.0 -9999.0 -9999.0 -9999.0 -9999.0 -9999.0 -9999.0 -9999.0 -9999.0 -9999.0 -9999.0 -9999.0 -9999.0 -9999.0 -9999.0 -9999.0 -9999.0 -9999.0 -9999.0 -9999.0 -9999.0 -9999.0 -9999.0 -9999.0 -9999.0 -9999.0 -9999.0 -9999.0 -9999.0 -9999.0 -9999.0 -9999.0 -9999.0 -9999.0 -9999.0 -9999.0 -9999.0 -9999.0 -9999.0 -9999.0 -9999.0 -9999.0 -9999.0 -9999.0 -9999.0 -9999.0 -9999.0 -9999.0 -9999.0 -9999.0 -9999.0 -9999.0 -9999.0 -9999.0 -9999.0 -9999.0 -9999.0 -9999.0 -9999.0 -9999.0 -9999.0 -9999.0 -9999.0 -9999.0 -9999.0 -9999.0 -9999.0 -9999.0 -9999.0 -9999.0 -9999.0 -9999.0 -9999.0 -9999.0 -9999.0 -9999.0 -9999.0 -9999.0 -9999.0 -9999.0 -9999.0 -9999.0 -9999.0 -9999.0 -9999.0 -9999.0 -9999.0 -9999.0 -9999.0
-9999.0 -9999.0 -9999.0 -9999.0 -9999.0 -9999.0 -9999.0 -9999.0 -9999.0 -9999.0 -9999.0 -9999.0 -9999.0 -9999.0 -9999.0 -9999.0 -9999.0 -9999.0 -9999.0 -9999.0 -9999.0 -9999.0 -9999.0 -9999.0 -9999.0 -9999.0 -9999.0 -9999.0 -9999.0 -9999.0 -9999.0 -9999.0 -9999.0 -9999.0 -9999.0 -9999.0 -9999.0 -9999.0 -9999.0 -9999.0 -9999.0 -9999.0 -9999.0 -9999.0 -9999.0 -9999.0 -9999.0 -9999.0 -9999.0 -9999.0 -9999.0 -9999.0 -9999.0 -9999.0 -9999.0 -9999.0 -9999.0 -9999.0 -9999.0 -9999.0 -9999.0 -9999.0 -9999.0 -9999.0 -9999.0 -9999.0 -9999.0 -9999.0 -9999.0 -9999.0 -9999.0 -9999.0 -9999.0 -9999.0 -9999.0 -9999.0 -9999.0 -9999.0 -9999.0 -9999.0 -9999.0 -9999.0 -9999.0 -9999.0 -9999.0 -9999.0 -9999.0 -9999.0 -9999.0 -9999.0 -9999.0 -9999.0 -9999.0 -9999.0 -9999.0 -9999.0 -9999.0 -9999.0 -9999.0 -9999.0 -9999.0 -9999.0 -9999.0 -9999.0