inst/processing_geotop_simulation/geotop_simulation/out/maps3D/PwL0004N0111.asc
ncols         104
nrows         10
xllcorner     -2.000000
yllcorner     0.000000
cellsize      1.000000
NODATA_value  -9999.0
-9999.0 -9999.0 -9999.0 -9999.0 -9999.0 -9999.0 -9999.0 -9999.0 -9999.0 -9999.0 -9999.0 -9999.0 -9999.0 -9999.0 -9999.0 -9999.0 -9999.0 -9999.0 -9999.0 -9999.0 -9999.0 -9999.0 -9999.0 -9999.0 -9999.0 -9999.0 -9999.0 -9999.0 -9999.0 -9999.0 -9999.0 -9999.0 -9999.0 -9999.0 -9999.0 -9999.0 -9999.0 -9999.0 -9999.0 -9999.0 -9999.0 -9999.0 -9999.0 -9999.0 -9999.0 -9999.0 -9999.0 -9999.0 -9999.0 -9999.0 -9999.0 -9999.0 -9999.0 -9999.0 -9999.0 -9999.0 -9999.0 -9999.0 -9999.0 -9999.0 -9999.0 -9999.0 -9999.0 -9999.0 -9999.0 -9999.0 -9999.0 -9999.0 -9999.0 -9999.0 -9999.0 -9999.0 -9999.0 -9999.0 -9999.0 -9999.0 -9999.0 -9999.0 -9999.0 -9999.0 -9999.0 -9999.0 -9999.0 -9999.0 -9999.0 -9999.0 -9999.0 -9999.0 -9999.0 -9999.0 -9999.0 -9999.0 -9999.0 -9999.0 -9999.0 -9999.0 -9999.0 -9999.0 -9999.0 -9999.0 -9999.0 -9999.0 -9999.0 -9999.0
-9999.0 -9999.0 -9999.0 -9999.0 -9999.0 -9999.0 -9999.0 -9999.0 -9999.0 -9999.0 -9999.0 -9999.0 -9999.0 -9999.0 -9999.0 -9999.0 -9999.0 -9999.0 -9999.0 -9999.0 -9999.0 -9999.0 -9999.0 -9999.0 -9999.0 -9999.0 -9999.0 -9999.0 -9999.0 -9999.0 -9999.0 -9999.0 -9999.0 -9999.0 -9999.0 -9999.0 -9999.0 -9999.0 -9999.0 -9999.0 -9999.0 -9999.0 -9999.0 -9999.0 -9999.0 -9999.0 -9999.0 -9999.0 -9999.0 -9999.0 -9999.0 -9999.0 -9999.0 -9999.0 -9999.0 -9999.0 -9999.0 -9999.0 -9999.0 -9999.0 -9999.0 -9999.0 -9999.0 -9999.0 -9999.0 -9999.0 -9999.0 -9999.0 -9999.0 -9999.0 -9999.0 -9999.0 -9999.0 -9999.0 -9999.0 -9999.0 -9999.0 -9999.0 -9999.0 -9999.0 -9999.0 -9999.0 -9999.0 -9999.0 -9999.0 -9999.0 -9999.0 -9999.0 -9999.0 -9999.0 -9999.0 -9999.0 -9999.0 -9999.0 -9999.0 -9999.0 -9999.0 -9999.0 -9999.0 -9999.0 -9999.0 -9999.0 -9999.0 -9999.0
-9999.0 -9999.0 186.789147 103.208377 12.000063 -81.393543 -175.634508 -270.221272 -364.930596 -459.659797 -554.444765 -650.531191 -754.328952 -866.970255 -975.980007 -1076.221477 -1177.544840 -1275.866858 -1343.540083 -1376.960069 -1390.581343 -1394.996156 -1395.922429 -1396.151178 -1396.784285 -1398.051659 -1399.783250 -1401.685382 -1403.499608 -1405.068026 -1406.331000 -1407.295817 -1408.003986 -1408.507450 -1408.855523 -1409.091259 -1409.257890 -1409.411385 -1409.642258 -1410.598662 -1417.228927 -1442.117845 -956.623580 -960.678981 -944.308452 -934.230507 -929.532338 -928.892639 -928.828803 -928.840221 -928.863199 -928.887608 -928.911030 -928.932699 -928.952635 -928.974178 -929.030516 -929.405100 -931.877439 -937.509704 -946.712555 -931.525447 -1422.884065 -1414.303682 -1410.364967 -1409.764285 -1409.667663 -1409.651085 -1409.649781 -1409.651318 -1409.653063 -1409.654502 -1409.655603 -1409.656435 -1409.657068 -1409.657558 -1409.657944 -1409.658255 -1409.658513 -1409.658739 -1409.658958 -1409.659197 -1409.659495 -1409.659907 -1409.660512 -1409.661441 -1409.662898 -1409.665220 -1409.668972 -1409.675131 -1409.685436 -1409.703098 -1409.734247 -1409.790867 -1409.896746 -1410.099370 -1410.493984 -1411.275877 -1412.869845 -1416.290092 -1424.245341 -1446.100837 -9999.0 -9999.0
-9999.0 -9999.0 186.800356 103.210708 12.000659 -81.393370 -175.634453 -270.221254 -364.930590 -459.659795 -554.444764 -650.531191 -754.328952 -866.970255 -975.980007 -1076.221477 -1177.544840 -1275.866858 -1343.540083 -1376.960069 -1390.581343 -1394.996156 -1395.922429 -1396.151178 -1396.784285 -1398.051659 -1399.783250 -1401.685382 -1403.499608 -1405.068026 -1406.331000 -1407.295817 -1408.003986 -1408.507450 -1408.855523 -1409.091259 -1409.257890 -1409.411385 -1409.642258 -1410.598662 -1417.228927 -1442.117845 -956.623580 -960.678981 -944.308451 -934.230507 -929.532338 -928.892639 -928.828803 -928.840221 -928.863199 -928.887608 -928.911030 -928.932699 -928.952635 -928.974178 -929.030516 -929.405100 -931.877439 -937.509704 -946.712555 -931.525447 -1422.884065 -1414.303682 -1410.364967 -1409.764285 -1409.667663 -1409.651085 -1409.649781 -1409.651318 -1409.653063 -1409.654502 -1409.655603 -1409.656435 -1409.657068 -1409.657558 -1409.657944 -1409.658255 -1409.658513 -1409.658739 -1409.658958 -1409.659197 -1409.659495 -1409.659907 -1409.660512 -1409.661441 -1409.662898 -1409.665220 -1409.668972 -1409.675131 -1409.685436 -1409.703098 -1409.734247 -1409.790867 -1409.896746 -1410.099370 -1410.493984 -1411.275877 -1412.869845 -1416.290092 -1424.245341 -1446.100837 -9999.0 -9999.0
-9999.0 -9999.0 186.801936 103.211649 12.001034 -81.393234 -175.634405 -270.221236 -364.930584 -459.659792 -554.444764 -650.531190 -754.328952 -866.970255 -975.980008 -1076.221478 -1177.544840 -1275.866858 -1343.540083 -1376.960069 -1390.581343 -1394.996156 -1395.922429 -1396.151178 -1396.784285 -1398.051659 -1399.783250 -1401.685382 -1403.499608 -1405.068026 -1406.331000 -1407.295817 -1408.003986 -1408.507450 -1408.855523 -1409.091259 -1409.257890 -1409.411385 -1409.642258 -1410.598662 -1417.228927 -1442.117845 -956.623580 -960.678981 -944.308451 -934.230507 -929.532338 -928.892639 -928.828803 -928.840221 -928.863199 -928.887608 -928.911030 -928.932699 -928.952635 -928.974178 -929.030516 -929.405100 -931.877439 -937.509704 -946.712555 -931.525447 -1422.884065 -1414.303682 -1410.364967 -1409.764285 -1409.667663 -1409.651085 -1409.649781 -1409.651318 -1409.653063 -1409.654502 -1409.655603 -1409.656435 -1409.657068 -1409.657558 -1409.657944 -1409.658255 -1409.658513 -1409.658739 -1409.658958 -1409.659197 -1409.659495 -1409.659907 -1409.660512 -1409.661441 -1409.662898 -1409.665220 -1409.668972 -1409.675131 -1409.685436 -1409.703098 -1409.734247 -1409.790867 -1409.896746 -1410.099370 -1410.493984 -1411.275877 -1412.869845 -1416.290092 -1424.245341 -1446.100837 -9999.0 -9999.0
-9999.0 -9999.0 186.801936 103.211649 12.001034 -81.393234 -175.634405 -270.221237 -364.930584 -459.659792 -554.444764 -650.531190 -754.328952 -866.970255 -975.980008 -1076.221478 -1177.544840 -1275.866858 -1343.540083 -1376.960069 -1390.581343 -1394.996156 -1395.922429 -1396.151178 -1396.784285 -1398.051659 -1399.783250 -1401.685382 -1403.499608 -1405.068026 -1406.331000 -1407.295817 -1408.003986 -1408.507450 -1408.855523 -1409.091259 -1409.257890 -1409.411385 -1409.642258 -1410.598662 -1417.228927 -1442.117845 -956.623580 -960.678981 -944.308451 -934.230507 -929.532338 -928.892639 -928.828803 -928.840221 -928.863199 -928.887608 -928.911030 -928.932699 -928.952635 -928.974178 -929.030516 -929.405100 -931.877439 -937.509704 -946.712555 -931.525447 -1422.884065 -1414.303682 -1410.364967 -1409.764285 -1409.667663 -1409.651085 -1409.649781 -1409.651318 -1409.653063 -1409.654502 -1409.655603 -1409.656435 -1409.657068 -1409.657558 -1409.657944 -1409.658255 -1409.658513 -1409.658739 -1409.658958 -1409.659197 -1409.659495 -1409.659907 -1409.660512 -1409.661441 -1409.662898 -1409.665220 -1409.668972 -1409.675131 -1409.685436 -1409.703098 -1409.734247 -1409.790867 -1409.896746 -1410.099370 -1410.493984 -1411.275877 -1412.869845 -1416.290092 -1424.245341 -1446.100837 -9999.0 -9999.0
-9999.0 -9999.0 186.800356 103.210708 12.000659 -81.393370 -175.634453 -270.221253 -364.930590 -459.659795 -554.444764 -650.531191 -754.328952 -866.970255 -975.980007 -1076.221477 -1177.544840 -1275.866858 -1343.540083 -1376.960069 -1390.581343 -1394.996156 -1395.922429 -1396.151178 -1396.784285 -1398.051659 -1399.783250 -1401.685382 -1403.499608 -1405.068026 -1406.331000 -1407.295817 -1408.003986 -1408.507450 -1408.855523 -1409.091259 -1409.257890 -1409.411385 -1409.642258 -1410.598662 -1417.228927 -1442.117845 -956.623580 -960.678981 -944.308451 -934.230507 -929.532338 -928.892639 -928.828803 -928.840221 -928.863199 -928.887608 -928.911030 -928.932699 -928.952635 -928.974178 -929.030516 -929.405100 -931.877439 -937.509704 -946.712555 -931.525447 -1422.884065 -1414.303682 -1410.364967 -1409.764285 -1409.667663 -1409.651085 -1409.649781 -1409.651318 -1409.653063 -1409.654502 -1409.655603 -1409.656435 -1409.657068 -1409.657558 -1409.657944 -1409.658255 -1409.658513 -1409.658739 -1409.658958 -1409.659197 -1409.659495 -1409.659907 -1409.660512 -1409.661441 -1409.662898 -1409.665220 -1409.668972 -1409.675131 -1409.685436 -1409.703098 -1409.734247 -1409.790867 -1409.896746 -1410.099370 -1410.493984 -1411.275877 -1412.869845 -1416.290092 -1424.245341 -1446.100837 -9999.0 -9999.0
-9999.0 -9999.0 186.789147 103.208377 12.000063 -81.393543 -175.634508 -270.221272 -364.930596 -459.659797 -554.444765 -650.531191 -754.328952 -866.970255 -975.980007 -1076.221477 -1177.544840 -1275.866858 -1343.540083 -1376.960069 -1390.581343 -1394.996156 -1395.922429 -1396.151178 -1396.784285 -1398.051659 -1399.783250 -1401.685382 -1403.499608 -1405.068026 -1406.331000 -1407.295817 -1408.003986 -1408.507450 -1408.855523 -1409.091259 -1409.257890 -1409.411385 -1409.642258 -1410.598662 -1417.228927 -1442.117845 -956.623580 -960.678981 -944.308452 -934.230507 -929.532338 -928.892639 -928.828803 -928.840221 -928.863199 -928.887608 -928.911030 -928.932699 -928.952635 -928.974178 -929.030516 -929.405100 -931.877439 -937.509704 -946.712555 -931.525447 -1422.884065 -1414.303682 -1410.364967 -1409.764285 -1409.667663 -1409.651085 -1409.649781 -1409.651318 -1409.653063 -1409.654502 -1409.655603 -1409.656435 -1409.657068 -1409.657558 -1409.657944 -1409.658255 -1409.658513 -1409.658739 -1409.658958 -1409.659197 -1409.659495 -1409.659907 -1409.660512 -1409.661441 -1409.662898 -1409.665220 -1409.668972 -1409.675131 -1409.685436 -1409.703098 -1409.734247 -1409.790867 -1409.896746 -1410.099370 -1410.493984 -1411.275877 -1412.869845 -1416.290092 -1424.245341 -1446.100837 -9999.0 -9999.0
-9999.0 -9999.0 -9999.0 -9999.0 -9999.0 -9999.0 -9999.0 -9999.0 -9999.0 -9999.0 -9999.0 -9999.0 -9999.0 -9999.0 -9999.0 -9999.0 -9999.0 -9999.0 -9999.0 -9999.0 -9999.0 -9999.0 -9999.0 -9999.0 -9999.0 -9999.0 -9999.0 -9999.0 -9999.0 -9999.0 -9999.0 -9999.0 -9999.0 -9999.0 -9999.0 -9999.0 -9999.0 -9999.0 -9999.0 -9999.0 -9999.0 -9999.0 -9999.0 -9999.0 -9999.0 -9999.0 -9999.0 -9999.0 -9999.0 -9999.0 -9999.0 -9999.0 -9999.0 -9999.0 -9999.0 -9999.0 -9999.0 -9999.0 -9999.0 -9999.0 -9999.0 -9999.0 -9999.0 -9999.0 -9999.0 -9999.0 -9999.0 -9999.0 -9999.0 -9999.0 -9999.0 -9999.0 -9999.0 -9999.0 -9999.0 -9999.0 -9999.0 -9999.0 -9999.0 -9999.0 -9999.0 -9999.0 -9999.0 -9999.0 -9999.0 -9999.0 -9999.0 -9999.0 -9999.0 -9999.0 -9999.0 -9999.0 -9999.0 -9999.0 -9999.0 -9999.0 -9999.0 -9999.0 -9999.0 -9999.0 -9999.0 -9999.0 -9999.0 -9999.0
-9999.0 -9999.0 -9999.0 -9999.0 -9999.0 -9999.0 -9999.0 -9999.0 -9999.0 -9999.0 -9999.0 -9999.0 -9999.0 -9999.0 -9999.0 -9999.0 -9999.0 -9999.0 -9999.0 -9999.0 -9999.0 -9999.0 -9999.0 -9999.0 -9999.0 -9999.0 -9999.0 -9999.0 -9999.0 -9999.0 -9999.0 -9999.0 -9999.0 -9999.0 -9999.0 -9999.0 -9999.0 -9999.0 -9999.0 -9999.0 -9999.0 -9999.0 -9999.0 -9999.0 -9999.0 -9999.0 -9999.0 -9999.0 -9999.0 -9999.0 -9999.0 -9999.0 -9999.0 -9999.0 -9999.0 -9999.0 -9999.0 -9999.0 -9999.0 -9999.0 -9999.0 -9999.0 -9999.0 -9999.0 -9999.0 -9999.0 -9999.0 -9999.0 -9999.0 -9999.0 -9999.0 -9999.0 -9999.0 -9999.0 -9999.0 -9999.0 -9999.0 -9999.0 -9999.0 -9999.0 -9999.0 -9999.0 -9999.0 -9999.0 -9999.0 -9999.0 -9999.0 -9999.0 -9999.0 -9999.0 -9999.0 -9999.0 -9999.0 -9999.0 -9999.0 -9999.0 -9999.0 -9999.0 -9999.0 -9999.0 -9999.0 -9999.0 -9999.0 -9999.0