inst/processing_geotop_simulation/geotop_simulation/out/maps3D/PwL0001N0443.asc
ncols         104
nrows         10
xllcorner     -2.000000
yllcorner     0.000000
cellsize      1.000000
NODATA_value  -9999.0
-9999.0 -9999.0 -9999.0 -9999.0 -9999.0 -9999.0 -9999.0 -9999.0 -9999.0 -9999.0 -9999.0 -9999.0 -9999.0 -9999.0 -9999.0 -9999.0 -9999.0 -9999.0 -9999.0 -9999.0 -9999.0 -9999.0 -9999.0 -9999.0 -9999.0 -9999.0 -9999.0 -9999.0 -9999.0 -9999.0 -9999.0 -9999.0 -9999.0 -9999.0 -9999.0 -9999.0 -9999.0 -9999.0 -9999.0 -9999.0 -9999.0 -9999.0 -9999.0 -9999.0 -9999.0 -9999.0 -9999.0 -9999.0 -9999.0 -9999.0 -9999.0 -9999.0 -9999.0 -9999.0 -9999.0 -9999.0 -9999.0 -9999.0 -9999.0 -9999.0 -9999.0 -9999.0 -9999.0 -9999.0 -9999.0 -9999.0 -9999.0 -9999.0 -9999.0 -9999.0 -9999.0 -9999.0 -9999.0 -9999.0 -9999.0 -9999.0 -9999.0 -9999.0 -9999.0 -9999.0 -9999.0 -9999.0 -9999.0 -9999.0 -9999.0 -9999.0 -9999.0 -9999.0 -9999.0 -9999.0 -9999.0 -9999.0 -9999.0 -9999.0 -9999.0 -9999.0 -9999.0 -9999.0 -9999.0 -9999.0 -9999.0 -9999.0 -9999.0 -9999.0
-9999.0 -9999.0 -9999.0 -9999.0 -9999.0 -9999.0 -9999.0 -9999.0 -9999.0 -9999.0 -9999.0 -9999.0 -9999.0 -9999.0 -9999.0 -9999.0 -9999.0 -9999.0 -9999.0 -9999.0 -9999.0 -9999.0 -9999.0 -9999.0 -9999.0 -9999.0 -9999.0 -9999.0 -9999.0 -9999.0 -9999.0 -9999.0 -9999.0 -9999.0 -9999.0 -9999.0 -9999.0 -9999.0 -9999.0 -9999.0 -9999.0 -9999.0 -9999.0 -9999.0 -9999.0 -9999.0 -9999.0 -9999.0 -9999.0 -9999.0 -9999.0 -9999.0 -9999.0 -9999.0 -9999.0 -9999.0 -9999.0 -9999.0 -9999.0 -9999.0 -9999.0 -9999.0 -9999.0 -9999.0 -9999.0 -9999.0 -9999.0 -9999.0 -9999.0 -9999.0 -9999.0 -9999.0 -9999.0 -9999.0 -9999.0 -9999.0 -9999.0 -9999.0 -9999.0 -9999.0 -9999.0 -9999.0 -9999.0 -9999.0 -9999.0 -9999.0 -9999.0 -9999.0 -9999.0 -9999.0 -9999.0 -9999.0 -9999.0 -9999.0 -9999.0 -9999.0 -9999.0 -9999.0 -9999.0 -9999.0 -9999.0 -9999.0 -9999.0 -9999.0
-9999.0 -9999.0 25.889313 -71.943643 -170.959998 -270.232048 -369.597458 -468.996570 -568.399302 -667.782535 -767.115502 -866.376998 -965.547673 -1064.603048 -1163.624754 -1262.588846 -1361.297081 -1459.587460 -1557.147837 -1653.339263 -1746.889786 -1835.520928 -1916.104133 -1985.740180 -2042.915287 -2087.807119 -2121.814108 -2146.875518 -2164.960233 -2177.800085 -2186.800526 -2193.046018 -2197.345076 -2200.285706 -2202.288154 -2203.651610 -2204.601398 -2205.371037 -2206.419536 -2208.628176 -2207.895635 -2132.763993 -1311.017601 -1306.824753 -1297.057045 -1290.567440 -1287.509688 -1287.020025 -1286.965939 -1286.970287 -1286.983039 -1286.996829 -1287.010095 -1287.022388 -1287.033861 -1287.047750 -1287.093610 -1287.392961 -1289.043092 -1292.663361 -1297.396675 -1294.501992 -2108.306291 -2202.269883 -2207.254109 -2206.796867 -2206.588950 -2206.544132 -2206.536536 -2206.535728 -2206.536013 -2206.536402 -2206.536732 -2206.536993 -2206.537198 -2206.537361 -2206.537493 -2206.537604 -2206.537700 -2206.537789 -2206.537878 -2206.537977 -2206.538099 -2206.538262 -2206.538498 -2206.538851 -2206.539400 -2206.540273 -2206.541690 -2206.544050 -2206.548080 -2206.555170 -2206.568036 -2206.592111 -2206.638531 -2206.730946 -2206.922405 -2207.340932 -2208.323018 -2210.848659 -2218.160881 -2242.590792 -9999.0 -9999.0
-9999.0 -9999.0 25.900280 -71.941826 -170.959545 -270.231916 -369.597416 -468.996555 -568.399296 -667.782533 -767.115501 -866.376997 -965.547672 -1064.603048 -1163.624754 -1262.588846 -1361.297081 -1459.587461 -1557.147838 -1653.339263 -1746.889786 -1835.520928 -1916.104133 -1985.740180 -2042.915287 -2087.807119 -2121.814109 -2146.875518 -2164.960233 -2177.800085 -2186.800526 -2193.046018 -2197.345076 -2200.285706 -2202.288154 -2203.651610 -2204.601398 -2205.371037 -2206.419536 -2208.628176 -2207.895635 -2132.763993 -1311.017601 -1306.824753 -1297.057045 -1290.567440 -1287.509688 -1287.020025 -1286.965939 -1286.970287 -1286.983039 -1286.996829 -1287.010095 -1287.022388 -1287.033861 -1287.047750 -1287.093610 -1287.392961 -1289.043092 -1292.663361 -1297.396675 -1294.501992 -2108.306291 -2202.269883 -2207.254109 -2206.796867 -2206.588950 -2206.544132 -2206.536536 -2206.535728 -2206.536013 -2206.536402 -2206.536732 -2206.536993 -2206.537198 -2206.537361 -2206.537493 -2206.537604 -2206.537700 -2206.537789 -2206.537878 -2206.537977 -2206.538098 -2206.538262 -2206.538498 -2206.538851 -2206.539400 -2206.540273 -2206.541690 -2206.544050 -2206.548080 -2206.555170 -2206.568036 -2206.592111 -2206.638531 -2206.730946 -2206.922405 -2207.340932 -2208.323018 -2210.848659 -2218.160881 -2242.590792 -9999.0 -9999.0
-9999.0 -9999.0 25.901293 -71.941098 -170.959258 -270.231812 -369.597379 -468.996542 -568.399291 -667.782531 -767.115500 -866.376997 -965.547672 -1064.603048 -1163.624754 -1262.588846 -1361.297081 -1459.587461 -1557.147838 -1653.339263 -1746.889786 -1835.520928 -1916.104134 -1985.740180 -2042.915287 -2087.807119 -2121.814109 -2146.875518 -2164.960233 -2177.800085 -2186.800526 -2193.046018 -2197.345076 -2200.285706 -2202.288154 -2203.651610 -2204.601398 -2205.371037 -2206.419536 -2208.628176 -2207.895635 -2132.763993 -1311.017601 -1306.824753 -1297.057045 -1290.567440 -1287.509688 -1287.020025 -1286.965939 -1286.970287 -1286.983039 -1286.996829 -1287.010095 -1287.022388 -1287.033861 -1287.047750 -1287.093610 -1287.392961 -1289.043092 -1292.663361 -1297.396675 -1294.501992 -2108.306291 -2202.269883 -2207.254109 -2206.796867 -2206.588950 -2206.544132 -2206.536536 -2206.535728 -2206.536013 -2206.536402 -2206.536732 -2206.536993 -2206.537198 -2206.537361 -2206.537493 -2206.537604 -2206.537700 -2206.537789 -2206.537878 -2206.537977 -2206.538098 -2206.538262 -2206.538498 -2206.538851 -2206.539400 -2206.540273 -2206.541690 -2206.544050 -2206.548080 -2206.555170 -2206.568036 -2206.592111 -2206.638531 -2206.730946 -2206.922405 -2207.340932 -2208.323018 -2210.848659 -2218.160881 -2242.590792 -9999.0 -9999.0
-9999.0 -9999.0 25.901293 -71.941098 -170.959258 -270.231812 -369.597379 -468.996542 -568.399291 -667.782531 -767.115500 -866.376997 -965.547672 -1064.603048 -1163.624754 -1262.588846 -1361.297081 -1459.587461 -1557.147838 -1653.339263 -1746.889786 -1835.520928 -1916.104134 -1985.740180 -2042.915287 -2087.807119 -2121.814109 -2146.875518 -2164.960233 -2177.800085 -2186.800526 -2193.046018 -2197.345076 -2200.285706 -2202.288154 -2203.651610 -2204.601398 -2205.371037 -2206.419536 -2208.628176 -2207.895635 -2132.763993 -1311.017601 -1306.824753 -1297.057045 -1290.567440 -1287.509688 -1287.020025 -1286.965939 -1286.970287 -1286.983039 -1286.996829 -1287.010095 -1287.022388 -1287.033861 -1287.047750 -1287.093610 -1287.392961 -1289.043092 -1292.663361 -1297.396675 -1294.501992 -2108.306291 -2202.269883 -2207.254109 -2206.796867 -2206.588950 -2206.544132 -2206.536536 -2206.535728 -2206.536013 -2206.536402 -2206.536732 -2206.536993 -2206.537198 -2206.537361 -2206.537493 -2206.537604 -2206.537700 -2206.537789 -2206.537878 -2206.537977 -2206.538098 -2206.538262 -2206.538498 -2206.538851 -2206.539400 -2206.540273 -2206.541690 -2206.544050 -2206.548080 -2206.555170 -2206.568036 -2206.592111 -2206.638531 -2206.730946 -2206.922405 -2207.340932 -2208.323018 -2210.848659 -2218.160881 -2242.590792 -9999.0 -9999.0
-9999.0 -9999.0 25.900280 -71.941826 -170.959545 -270.231916 -369.597416 -468.996555 -568.399296 -667.782533 -767.115501 -866.376997 -965.547672 -1064.603048 -1163.624754 -1262.588846 -1361.297081 -1459.587461 -1557.147838 -1653.339263 -1746.889786 -1835.520928 -1916.104133 -1985.740180 -2042.915287 -2087.807119 -2121.814109 -2146.875518 -2164.960233 -2177.800085 -2186.800526 -2193.046018 -2197.345076 -2200.285706 -2202.288154 -2203.651610 -2204.601398 -2205.371037 -2206.419536 -2208.628176 -2207.895635 -2132.763993 -1311.017601 -1306.824753 -1297.057045 -1290.567440 -1287.509688 -1287.020025 -1286.965939 -1286.970287 -1286.983039 -1286.996829 -1287.010095 -1287.022388 -1287.033861 -1287.047750 -1287.093610 -1287.392961 -1289.043092 -1292.663361 -1297.396675 -1294.501992 -2108.306291 -2202.269883 -2207.254109 -2206.796867 -2206.588950 -2206.544132 -2206.536536 -2206.535728 -2206.536013 -2206.536402 -2206.536732 -2206.536993 -2206.537198 -2206.537361 -2206.537493 -2206.537604 -2206.537700 -2206.537789 -2206.537878 -2206.537977 -2206.538098 -2206.538262 -2206.538498 -2206.538851 -2206.539400 -2206.540273 -2206.541690 -2206.544050 -2206.548080 -2206.555170 -2206.568036 -2206.592111 -2206.638531 -2206.730946 -2206.922405 -2207.340932 -2208.323018 -2210.848659 -2218.160881 -2242.590792 -9999.0 -9999.0
-9999.0 -9999.0 25.889313 -71.943643 -170.959998 -270.232048 -369.597458 -468.996570 -568.399302 -667.782535 -767.115502 -866.376998 -965.547673 -1064.603048 -1163.624754 -1262.588846 -1361.297081 -1459.587460 -1557.147837 -1653.339263 -1746.889786 -1835.520928 -1916.104133 -1985.740180 -2042.915287 -2087.807119 -2121.814108 -2146.875518 -2164.960233 -2177.800085 -2186.800526 -2193.046018 -2197.345076 -2200.285706 -2202.288154 -2203.651610 -2204.601398 -2205.371037 -2206.419536 -2208.628176 -2207.895635 -2132.763993 -1311.017601 -1306.824753 -1297.057045 -1290.567440 -1287.509688 -1287.020025 -1286.965939 -1286.970287 -1286.983039 -1286.996829 -1287.010095 -1287.022388 -1287.033861 -1287.047750 -1287.093610 -1287.392961 -1289.043092 -1292.663361 -1297.396675 -1294.501992 -2108.306291 -2202.269883 -2207.254109 -2206.796867 -2206.588950 -2206.544132 -2206.536536 -2206.535728 -2206.536013 -2206.536402 -2206.536732 -2206.536993 -2206.537198 -2206.537361 -2206.537493 -2206.537604 -2206.537700 -2206.537789 -2206.537878 -2206.537977 -2206.538099 -2206.538262 -2206.538498 -2206.538851 -2206.539400 -2206.540273 -2206.541690 -2206.544050 -2206.548080 -2206.555170 -2206.568036 -2206.592111 -2206.638531 -2206.730946 -2206.922405 -2207.340932 -2208.323018 -2210.848659 -2218.160881 -2242.590792 -9999.0 -9999.0
-9999.0 -9999.0 -9999.0 -9999.0 -9999.0 -9999.0 -9999.0 -9999.0 -9999.0 -9999.0 -9999.0 -9999.0 -9999.0 -9999.0 -9999.0 -9999.0 -9999.0 -9999.0 -9999.0 -9999.0 -9999.0 -9999.0 -9999.0 -9999.0 -9999.0 -9999.0 -9999.0 -9999.0 -9999.0 -9999.0 -9999.0 -9999.0 -9999.0 -9999.0 -9999.0 -9999.0 -9999.0 -9999.0 -9999.0 -9999.0 -9999.0 -9999.0 -9999.0 -9999.0 -9999.0 -9999.0 -9999.0 -9999.0 -9999.0 -9999.0 -9999.0 -9999.0 -9999.0 -9999.0 -9999.0 -9999.0 -9999.0 -9999.0 -9999.0 -9999.0 -9999.0 -9999.0 -9999.0 -9999.0 -9999.0 -9999.0 -9999.0 -9999.0 -9999.0 -9999.0 -9999.0 -9999.0 -9999.0 -9999.0 -9999.0 -9999.0 -9999.0 -9999.0 -9999.0 -9999.0 -9999.0 -9999.0 -9999.0 -9999.0 -9999.0 -9999.0 -9999.0 -9999.0 -9999.0 -9999.0 -9999.0 -9999.0 -9999.0 -9999.0 -9999.0 -9999.0 -9999.0 -9999.0 -9999.0 -9999.0 -9999.0 -9999.0 -9999.0 -9999.0
-9999.0 -9999.0 -9999.0 -9999.0 -9999.0 -9999.0 -9999.0 -9999.0 -9999.0 -9999.0 -9999.0 -9999.0 -9999.0 -9999.0 -9999.0 -9999.0 -9999.0 -9999.0 -9999.0 -9999.0 -9999.0 -9999.0 -9999.0 -9999.0 -9999.0 -9999.0 -9999.0 -9999.0 -9999.0 -9999.0 -9999.0 -9999.0 -9999.0 -9999.0 -9999.0 -9999.0 -9999.0 -9999.0 -9999.0 -9999.0 -9999.0 -9999.0 -9999.0 -9999.0 -9999.0 -9999.0 -9999.0 -9999.0 -9999.0 -9999.0 -9999.0 -9999.0 -9999.0 -9999.0 -9999.0 -9999.0 -9999.0 -9999.0 -9999.0 -9999.0 -9999.0 -9999.0 -9999.0 -9999.0 -9999.0 -9999.0 -9999.0 -9999.0 -9999.0 -9999.0 -9999.0 -9999.0 -9999.0 -9999.0 -9999.0 -9999.0 -9999.0 -9999.0 -9999.0 -9999.0 -9999.0 -9999.0 -9999.0 -9999.0 -9999.0 -9999.0 -9999.0 -9999.0 -9999.0 -9999.0 -9999.0 -9999.0 -9999.0 -9999.0 -9999.0 -9999.0 -9999.0 -9999.0 -9999.0 -9999.0 -9999.0 -9999.0 -9999.0 -9999.0