inst/processing_geotop_simulation/geotop_simulation/out/maps3D/PwL0007N0114.asc
ncols         104
nrows         10
xllcorner     -2.000000
yllcorner     0.000000
cellsize      1.000000
NODATA_value  -9999.0
-9999.0 -9999.0 -9999.0 -9999.0 -9999.0 -9999.0 -9999.0 -9999.0 -9999.0 -9999.0 -9999.0 -9999.0 -9999.0 -9999.0 -9999.0 -9999.0 -9999.0 -9999.0 -9999.0 -9999.0 -9999.0 -9999.0 -9999.0 -9999.0 -9999.0 -9999.0 -9999.0 -9999.0 -9999.0 -9999.0 -9999.0 -9999.0 -9999.0 -9999.0 -9999.0 -9999.0 -9999.0 -9999.0 -9999.0 -9999.0 -9999.0 -9999.0 -9999.0 -9999.0 -9999.0 -9999.0 -9999.0 -9999.0 -9999.0 -9999.0 -9999.0 -9999.0 -9999.0 -9999.0 -9999.0 -9999.0 -9999.0 -9999.0 -9999.0 -9999.0 -9999.0 -9999.0 -9999.0 -9999.0 -9999.0 -9999.0 -9999.0 -9999.0 -9999.0 -9999.0 -9999.0 -9999.0 -9999.0 -9999.0 -9999.0 -9999.0 -9999.0 -9999.0 -9999.0 -9999.0 -9999.0 -9999.0 -9999.0 -9999.0 -9999.0 -9999.0 -9999.0 -9999.0 -9999.0 -9999.0 -9999.0 -9999.0 -9999.0 -9999.0 -9999.0 -9999.0 -9999.0 -9999.0 -9999.0 -9999.0 -9999.0 -9999.0 -9999.0 -9999.0
-9999.0 -9999.0 -9999.0 -9999.0 -9999.0 -9999.0 -9999.0 -9999.0 -9999.0 -9999.0 -9999.0 -9999.0 -9999.0 -9999.0 -9999.0 -9999.0 -9999.0 -9999.0 -9999.0 -9999.0 -9999.0 -9999.0 -9999.0 -9999.0 -9999.0 -9999.0 -9999.0 -9999.0 -9999.0 -9999.0 -9999.0 -9999.0 -9999.0 -9999.0 -9999.0 -9999.0 -9999.0 -9999.0 -9999.0 -9999.0 -9999.0 -9999.0 -9999.0 -9999.0 -9999.0 -9999.0 -9999.0 -9999.0 -9999.0 -9999.0 -9999.0 -9999.0 -9999.0 -9999.0 -9999.0 -9999.0 -9999.0 -9999.0 -9999.0 -9999.0 -9999.0 -9999.0 -9999.0 -9999.0 -9999.0 -9999.0 -9999.0 -9999.0 -9999.0 -9999.0 -9999.0 -9999.0 -9999.0 -9999.0 -9999.0 -9999.0 -9999.0 -9999.0 -9999.0 -9999.0 -9999.0 -9999.0 -9999.0 -9999.0 -9999.0 -9999.0 -9999.0 -9999.0 -9999.0 -9999.0 -9999.0 -9999.0 -9999.0 -9999.0 -9999.0 -9999.0 -9999.0 -9999.0 -9999.0 -9999.0 -9999.0 -9999.0 -9999.0 -9999.0
-9999.0 -9999.0 338.091725 252.039973 160.567050 67.082434 -27.194922 -121.790637 -216.499231 -311.207605 -405.861121 -500.639323 -597.593051 -702.563804 -806.078983 -906.427811 -1004.504344 -1096.735524 -1187.816212 -1252.979073 -1289.634334 -1308.399513 -1317.159117 -1321.208479 -1323.441077 -1325.168345 -1326.828144 -1328.453568 -1329.951717 -1331.238891 -1332.280323 -1333.083612 -1333.680523 -1334.110892 -1334.413104 -1334.621661 -1334.773322 -1334.919621 -1335.166415 -1336.296575 -1344.090653 -1384.392137 -1116.677324 -1174.752800 -1135.438434 -1112.021424 -1101.276917 -1099.896546 -1099.758893 -1099.776873 -1099.817480 -1099.860797 -1099.902363 -1099.940816 -1099.976281 -1100.015531 -1100.126210 -1100.901158 -1106.415330 -1119.031929 -1140.051523 -1060.199561 -1362.087148 -1340.739023 -1335.946807 -1335.270926 -1335.168108 -1335.150943 -1335.149441 -1335.150835 -1335.152471 -1335.153828 -1335.154869 -1335.155655 -1335.156255 -1335.156719 -1335.157085 -1335.157380 -1335.157624 -1335.157839 -1335.158047 -1335.158276 -1335.158561 -1335.158954 -1335.159534 -1335.160424 -1335.161820 -1335.164047 -1335.167647 -1335.173561 -1335.183468 -1335.200473 -1335.230507 -1335.285181 -1335.387562 -1335.583774 -1335.966793 -1336.729440 -1338.299131 -1341.716953 -1349.793618 -1372.136931 -9999.0 -9999.0
-9999.0 -9999.0 338.100609 252.042148 160.567630 67.082605 -27.194868 -121.790619 -216.499225 -311.207603 -405.861120 -500.639322 -597.593051 -702.563804 -806.078984 -906.427811 -1004.504344 -1096.735524 -1187.816212 -1252.979073 -1289.634334 -1308.399513 -1317.159117 -1321.208479 -1323.441077 -1325.168345 -1326.828144 -1328.453568 -1329.951717 -1331.238891 -1332.280323 -1333.083612 -1333.680523 -1334.110892 -1334.413104 -1334.621661 -1334.773322 -1334.919621 -1335.166415 -1336.296575 -1344.090653 -1384.392137 -1116.677324 -1174.752800 -1135.438434 -1112.021423 -1101.276917 -1099.896546 -1099.758893 -1099.776873 -1099.817480 -1099.860797 -1099.902363 -1099.940816 -1099.976281 -1100.015531 -1100.126210 -1100.901158 -1106.415330 -1119.031929 -1140.051524 -1060.199561 -1362.087148 -1340.739023 -1335.946807 -1335.270926 -1335.168108 -1335.150943 -1335.149441 -1335.150835 -1335.152471 -1335.153828 -1335.154869 -1335.155655 -1335.156255 -1335.156719 -1335.157085 -1335.157380 -1335.157624 -1335.157839 -1335.158047 -1335.158276 -1335.158561 -1335.158954 -1335.159534 -1335.160424 -1335.161820 -1335.164047 -1335.167647 -1335.173561 -1335.183468 -1335.200473 -1335.230507 -1335.285181 -1335.387562 -1335.583774 -1335.966793 -1336.729440 -1338.299131 -1341.716953 -1349.793618 -1372.136931 -9999.0 -9999.0
-9999.0 -9999.0 338.102291 252.043069 160.567998 67.082740 -27.194820 -121.790602 -216.499219 -311.207600 -405.861119 -500.639322 -597.593051 -702.563804 -806.078984 -906.427811 -1004.504344 -1096.735524 -1187.816212 -1252.979073 -1289.634334 -1308.399513 -1317.159117 -1321.208479 -1323.441077 -1325.168345 -1326.828144 -1328.453568 -1329.951717 -1331.238891 -1332.280323 -1333.083612 -1333.680523 -1334.110892 -1334.413104 -1334.621661 -1334.773322 -1334.919621 -1335.166415 -1336.296575 -1344.090653 -1384.392137 -1116.677324 -1174.752800 -1135.438433 -1112.021423 -1101.276917 -1099.896546 -1099.758893 -1099.776873 -1099.817480 -1099.860797 -1099.902363 -1099.940816 -1099.976281 -1100.015531 -1100.126210 -1100.901158 -1106.415330 -1119.031929 -1140.051523 -1060.199561 -1362.087148 -1340.739023 -1335.946807 -1335.270926 -1335.168108 -1335.150943 -1335.149441 -1335.150835 -1335.152471 -1335.153828 -1335.154869 -1335.155655 -1335.156255 -1335.156719 -1335.157085 -1335.157380 -1335.157624 -1335.157839 -1335.158047 -1335.158276 -1335.158561 -1335.158954 -1335.159534 -1335.160424 -1335.161820 -1335.164047 -1335.167647 -1335.173561 -1335.183468 -1335.200473 -1335.230507 -1335.285181 -1335.387562 -1335.583774 -1335.966793 -1336.729440 -1338.299131 -1341.716953 -1349.793618 -1372.136931 -9999.0 -9999.0
-9999.0 -9999.0 338.102291 252.043068 160.567998 67.082740 -27.194820 -121.790602 -216.499219 -311.207600 -405.861119 -500.639322 -597.593051 -702.563804 -806.078984 -906.427811 -1004.504344 -1096.735524 -1187.816212 -1252.979073 -1289.634334 -1308.399513 -1317.159117 -1321.208479 -1323.441077 -1325.168345 -1326.828144 -1328.453568 -1329.951717 -1331.238891 -1332.280323 -1333.083612 -1333.680523 -1334.110892 -1334.413104 -1334.621661 -1334.773322 -1334.919621 -1335.166415 -1336.296575 -1344.090653 -1384.392137 -1116.677324 -1174.752800 -1135.438434 -1112.021423 -1101.276917 -1099.896546 -1099.758893 -1099.776873 -1099.817480 -1099.860797 -1099.902363 -1099.940816 -1099.976281 -1100.015531 -1100.126210 -1100.901158 -1106.415330 -1119.031929 -1140.051523 -1060.199561 -1362.087148 -1340.739023 -1335.946807 -1335.270926 -1335.168108 -1335.150943 -1335.149441 -1335.150835 -1335.152471 -1335.153828 -1335.154869 -1335.155655 -1335.156255 -1335.156719 -1335.157085 -1335.157380 -1335.157624 -1335.157839 -1335.158047 -1335.158276 -1335.158561 -1335.158954 -1335.159534 -1335.160424 -1335.161820 -1335.164047 -1335.167647 -1335.173561 -1335.183468 -1335.200473 -1335.230507 -1335.285181 -1335.387562 -1335.583774 -1335.966793 -1336.729440 -1338.299131 -1341.716953 -1349.793618 -1372.136931 -9999.0 -9999.0
-9999.0 -9999.0 338.100608 252.042148 160.567630 67.082605 -27.194868 -121.790619 -216.499225 -311.207603 -405.861120 -500.639322 -597.593051 -702.563804 -806.078984 -906.427811 -1004.504344 -1096.735524 -1187.816212 -1252.979073 -1289.634334 -1308.399513 -1317.159117 -1321.208479 -1323.441077 -1325.168345 -1326.828144 -1328.453568 -1329.951717 -1331.238891 -1332.280323 -1333.083612 -1333.680523 -1334.110892 -1334.413104 -1334.621661 -1334.773322 -1334.919621 -1335.166415 -1336.296575 -1344.090653 -1384.392137 -1116.677324 -1174.752800 -1135.438434 -1112.021423 -1101.276917 -1099.896546 -1099.758893 -1099.776873 -1099.817480 -1099.860797 -1099.902363 -1099.940816 -1099.976281 -1100.015531 -1100.126210 -1100.901158 -1106.415330 -1119.031929 -1140.051524 -1060.199561 -1362.087148 -1340.739023 -1335.946807 -1335.270926 -1335.168108 -1335.150943 -1335.149441 -1335.150835 -1335.152471 -1335.153828 -1335.154869 -1335.155655 -1335.156255 -1335.156719 -1335.157085 -1335.157380 -1335.157624 -1335.157839 -1335.158047 -1335.158276 -1335.158561 -1335.158954 -1335.159534 -1335.160424 -1335.161820 -1335.164047 -1335.167647 -1335.173561 -1335.183468 -1335.200473 -1335.230507 -1335.285181 -1335.387562 -1335.583774 -1335.966793 -1336.729440 -1338.299131 -1341.716953 -1349.793618 -1372.136931 -9999.0 -9999.0
-9999.0 -9999.0 338.091725 252.039973 160.567050 67.082433 -27.194922 -121.790637 -216.499231 -311.207605 -405.861121 -500.639323 -597.593051 -702.563804 -806.078983 -906.427811 -1004.504344 -1096.735524 -1187.816212 -1252.979073 -1289.634334 -1308.399513 -1317.159117 -1321.208479 -1323.441077 -1325.168345 -1326.828144 -1328.453568 -1329.951717 -1331.238891 -1332.280323 -1333.083612 -1333.680523 -1334.110892 -1334.413104 -1334.621661 -1334.773322 -1334.919621 -1335.166415 -1336.296575 -1344.090653 -1384.392137 -1116.677324 -1174.752800 -1135.438434 -1112.021424 -1101.276917 -1099.896546 -1099.758893 -1099.776873 -1099.817480 -1099.860797 -1099.902363 -1099.940816 -1099.976281 -1100.015531 -1100.126210 -1100.901158 -1106.415330 -1119.031929 -1140.051523 -1060.199561 -1362.087148 -1340.739023 -1335.946807 -1335.270926 -1335.168108 -1335.150943 -1335.149441 -1335.150835 -1335.152471 -1335.153828 -1335.154869 -1335.155655 -1335.156255 -1335.156719 -1335.157085 -1335.157380 -1335.157624 -1335.157839 -1335.158047 -1335.158276 -1335.158561 -1335.158954 -1335.159534 -1335.160424 -1335.161820 -1335.164047 -1335.167647 -1335.173561 -1335.183468 -1335.200473 -1335.230507 -1335.285181 -1335.387562 -1335.583774 -1335.966793 -1336.729440 -1338.299131 -1341.716953 -1349.793618 -1372.136931 -9999.0 -9999.0
-9999.0 -9999.0 -9999.0 -9999.0 -9999.0 -9999.0 -9999.0 -9999.0 -9999.0 -9999.0 -9999.0 -9999.0 -9999.0 -9999.0 -9999.0 -9999.0 -9999.0 -9999.0 -9999.0 -9999.0 -9999.0 -9999.0 -9999.0 -9999.0 -9999.0 -9999.0 -9999.0 -9999.0 -9999.0 -9999.0 -9999.0 -9999.0 -9999.0 -9999.0 -9999.0 -9999.0 -9999.0 -9999.0 -9999.0 -9999.0 -9999.0 -9999.0 -9999.0 -9999.0 -9999.0 -9999.0 -9999.0 -9999.0 -9999.0 -9999.0 -9999.0 -9999.0 -9999.0 -9999.0 -9999.0 -9999.0 -9999.0 -9999.0 -9999.0 -9999.0 -9999.0 -9999.0 -9999.0 -9999.0 -9999.0 -9999.0 -9999.0 -9999.0 -9999.0 -9999.0 -9999.0 -9999.0 -9999.0 -9999.0 -9999.0 -9999.0 -9999.0 -9999.0 -9999.0 -9999.0 -9999.0 -9999.0 -9999.0 -9999.0 -9999.0 -9999.0 -9999.0 -9999.0 -9999.0 -9999.0 -9999.0 -9999.0 -9999.0 -9999.0 -9999.0 -9999.0 -9999.0 -9999.0 -9999.0 -9999.0 -9999.0 -9999.0 -9999.0 -9999.0
-9999.0 -9999.0 -9999.0 -9999.0 -9999.0 -9999.0 -9999.0 -9999.0 -9999.0 -9999.0 -9999.0 -9999.0 -9999.0 -9999.0 -9999.0 -9999.0 -9999.0 -9999.0 -9999.0 -9999.0 -9999.0 -9999.0 -9999.0 -9999.0 -9999.0 -9999.0 -9999.0 -9999.0 -9999.0 -9999.0 -9999.0 -9999.0 -9999.0 -9999.0 -9999.0 -9999.0 -9999.0 -9999.0 -9999.0 -9999.0 -9999.0 -9999.0 -9999.0 -9999.0 -9999.0 -9999.0 -9999.0 -9999.0 -9999.0 -9999.0 -9999.0 -9999.0 -9999.0 -9999.0 -9999.0 -9999.0 -9999.0 -9999.0 -9999.0 -9999.0 -9999.0 -9999.0 -9999.0 -9999.0 -9999.0 -9999.0 -9999.0 -9999.0 -9999.0 -9999.0 -9999.0 -9999.0 -9999.0 -9999.0 -9999.0 -9999.0 -9999.0 -9999.0 -9999.0 -9999.0 -9999.0 -9999.0 -9999.0 -9999.0 -9999.0 -9999.0 -9999.0 -9999.0 -9999.0 -9999.0 -9999.0 -9999.0 -9999.0 -9999.0 -9999.0 -9999.0 -9999.0 -9999.0 -9999.0 -9999.0 -9999.0 -9999.0 -9999.0 -9999.0