inst/processing_geotop_simulation/geotop_simulation/out/maps3D/PwL0015N0174.asc
ncols         104
nrows         10
xllcorner     -2.000000
yllcorner     0.000000
cellsize      1.000000
NODATA_value  -9999.0
-9999.0 -9999.0 -9999.0 -9999.0 -9999.0 -9999.0 -9999.0 -9999.0 -9999.0 -9999.0 -9999.0 -9999.0 -9999.0 -9999.0 -9999.0 -9999.0 -9999.0 -9999.0 -9999.0 -9999.0 -9999.0 -9999.0 -9999.0 -9999.0 -9999.0 -9999.0 -9999.0 -9999.0 -9999.0 -9999.0 -9999.0 -9999.0 -9999.0 -9999.0 -9999.0 -9999.0 -9999.0 -9999.0 -9999.0 -9999.0 -9999.0 -9999.0 -9999.0 -9999.0 -9999.0 -9999.0 -9999.0 -9999.0 -9999.0 -9999.0 -9999.0 -9999.0 -9999.0 -9999.0 -9999.0 -9999.0 -9999.0 -9999.0 -9999.0 -9999.0 -9999.0 -9999.0 -9999.0 -9999.0 -9999.0 -9999.0 -9999.0 -9999.0 -9999.0 -9999.0 -9999.0 -9999.0 -9999.0 -9999.0 -9999.0 -9999.0 -9999.0 -9999.0 -9999.0 -9999.0 -9999.0 -9999.0 -9999.0 -9999.0 -9999.0 -9999.0 -9999.0 -9999.0 -9999.0 -9999.0 -9999.0 -9999.0 -9999.0 -9999.0 -9999.0 -9999.0 -9999.0 -9999.0 -9999.0 -9999.0 -9999.0 -9999.0 -9999.0 -9999.0
-9999.0 -9999.0 -9999.0 -9999.0 -9999.0 -9999.0 -9999.0 -9999.0 -9999.0 -9999.0 -9999.0 -9999.0 -9999.0 -9999.0 -9999.0 -9999.0 -9999.0 -9999.0 -9999.0 -9999.0 -9999.0 -9999.0 -9999.0 -9999.0 -9999.0 -9999.0 -9999.0 -9999.0 -9999.0 -9999.0 -9999.0 -9999.0 -9999.0 -9999.0 -9999.0 -9999.0 -9999.0 -9999.0 -9999.0 -9999.0 -9999.0 -9999.0 -9999.0 -9999.0 -9999.0 -9999.0 -9999.0 -9999.0 -9999.0 -9999.0 -9999.0 -9999.0 -9999.0 -9999.0 -9999.0 -9999.0 -9999.0 -9999.0 -9999.0 -9999.0 -9999.0 -9999.0 -9999.0 -9999.0 -9999.0 -9999.0 -9999.0 -9999.0 -9999.0 -9999.0 -9999.0 -9999.0 -9999.0 -9999.0 -9999.0 -9999.0 -9999.0 -9999.0 -9999.0 -9999.0 -9999.0 -9999.0 -9999.0 -9999.0 -9999.0 -9999.0 -9999.0 -9999.0 -9999.0 -9999.0 -9999.0 -9999.0 -9999.0 -9999.0 -9999.0 -9999.0 -9999.0 -9999.0 -9999.0 -9999.0 -9999.0 -9999.0 -9999.0 -9999.0
-9999.0 -9999.0 731.333415 636.986730 541.566334 445.338627 348.724495 251.941823 155.101120 58.260496 -38.536529 -135.269247 -231.889474 -328.279361 -424.233739 -519.447481 -613.455700 -706.906590 -800.514849 -893.019272 -984.048263 -1068.864973 -1140.474275 -1199.693729 -1246.205408 -1281.116420 -1306.351988 -1324.044894 -1336.143913 -1344.248258 -1349.585392 -1353.052806 -1355.282462 -1356.706042 -1357.611404 -1358.189075 -1358.571708 -1358.885494 -1359.447005 -1361.867937 -1374.308657 -1444.454335 -2038.599380 -4207.554119 -4232.671975 -4232.673209 -4232.673176 -4232.673171 -4232.673170 -4232.673170 -4232.673170 -4232.673170 -4232.673170 -4232.673171 -4232.673171 -4232.673171 -4232.673171 -4232.673174 -4232.673191 -4232.670735 -4191.652533 -1917.404167 -1410.880058 -1368.039498 -1360.715633 -1359.540650 -1359.367299 -1359.341647 -1359.338416 -1359.338858 -1359.339789 -1359.340620 -1359.341272 -1359.341771 -1359.342153 -1359.342450 -1359.342686 -1359.342877 -1359.343037 -1359.343179 -1359.343319 -1359.343473 -1359.343666 -1359.343934 -1359.344328 -1359.344934 -1359.345886 -1359.347410 -1359.349885 -1359.353979 -1359.360899 -1359.372908 -1359.394368 -1359.433886 -1359.508725 -1359.654163 -1359.944879 -1360.549464 -1361.881447 -1365.031871 -1373.119346 -1396.998312 -9999.0 -9999.0
-9999.0 -9999.0 731.338107 636.988302 541.566813 445.338777 348.724545 251.941839 155.101126 58.260498 -38.536529 -135.269247 -231.889473 -328.279361 -424.233739 -519.447481 -613.455700 -706.906590 -800.514849 -893.019273 -984.048263 -1068.864974 -1140.474275 -1199.693730 -1246.205408 -1281.116421 -1306.351988 -1324.044894 -1336.143913 -1344.248258 -1349.585392 -1353.052806 -1355.282462 -1356.706042 -1357.611404 -1358.189075 -1358.571708 -1358.885494 -1359.447005 -1361.867937 -1374.308657 -1444.454335 -2038.599380 -4207.554119 -4232.671975 -4232.673209 -4232.673176 -4232.673171 -4232.673170 -4232.673170 -4232.673170 -4232.673170 -4232.673170 -4232.673171 -4232.673171 -4232.673171 -4232.673171 -4232.673174 -4232.673191 -4232.670735 -4191.652533 -1917.404167 -1410.880058 -1368.039498 -1360.715633 -1359.540650 -1359.367299 -1359.341647 -1359.338416 -1359.338858 -1359.339789 -1359.340620 -1359.341272 -1359.341771 -1359.342153 -1359.342450 -1359.342686 -1359.342877 -1359.343037 -1359.343179 -1359.343319 -1359.343473 -1359.343666 -1359.343934 -1359.344328 -1359.344934 -1359.345886 -1359.347410 -1359.349885 -1359.353979 -1359.360899 -1359.372908 -1359.394368 -1359.433886 -1359.508725 -1359.654163 -1359.944879 -1360.549464 -1361.881447 -1365.031871 -1373.119346 -1396.998312 -9999.0 -9999.0
-9999.0 -9999.0 731.339585 636.989079 541.567132 445.338897 348.724588 251.941855 155.101131 58.260501 -38.536528 -135.269246 -231.889473 -328.279361 -424.233739 -519.447481 -613.455700 -706.906590 -800.514849 -893.019273 -984.048263 -1068.864974 -1140.474275 -1199.693730 -1246.205408 -1281.116421 -1306.351988 -1324.044894 -1336.143913 -1344.248258 -1349.585392 -1353.052806 -1355.282462 -1356.706042 -1357.611404 -1358.189075 -1358.571708 -1358.885494 -1359.447005 -1361.867937 -1374.308657 -1444.454335 -2038.599380 -4207.554119 -4232.671975 -4232.673209 -4232.673176 -4232.673171 -4232.673170 -4232.673170 -4232.673170 -4232.673170 -4232.673170 -4232.673171 -4232.673171 -4232.673171 -4232.673171 -4232.673174 -4232.673191 -4232.670735 -4191.652533 -1917.404167 -1410.880058 -1368.039498 -1360.715633 -1359.540650 -1359.367299 -1359.341647 -1359.338416 -1359.338858 -1359.339789 -1359.340620 -1359.341272 -1359.341771 -1359.342153 -1359.342450 -1359.342686 -1359.342877 -1359.343037 -1359.343179 -1359.343319 -1359.343473 -1359.343666 -1359.343934 -1359.344328 -1359.344934 -1359.345886 -1359.347410 -1359.349885 -1359.353979 -1359.360899 -1359.372908 -1359.394368 -1359.433886 -1359.508725 -1359.654163 -1359.944879 -1360.549464 -1361.881447 -1365.031871 -1373.119346 -1396.998312 -9999.0 -9999.0
-9999.0 -9999.0 731.339585 636.989079 541.567132 445.338897 348.724588 251.941855 155.101131 58.260501 -38.536528 -135.269246 -231.889473 -328.279361 -424.233739 -519.447481 -613.455700 -706.906590 -800.514849 -893.019273 -984.048263 -1068.864974 -1140.474275 -1199.693730 -1246.205408 -1281.116421 -1306.351988 -1324.044894 -1336.143913 -1344.248258 -1349.585392 -1353.052806 -1355.282462 -1356.706042 -1357.611404 -1358.189075 -1358.571708 -1358.885494 -1359.447005 -1361.867937 -1374.308657 -1444.454335 -2038.599380 -4207.554119 -4232.671975 -4232.673209 -4232.673176 -4232.673171 -4232.673170 -4232.673170 -4232.673170 -4232.673170 -4232.673170 -4232.673171 -4232.673171 -4232.673171 -4232.673171 -4232.673174 -4232.673191 -4232.670735 -4191.652533 -1917.404167 -1410.880058 -1368.039498 -1360.715633 -1359.540650 -1359.367299 -1359.341647 -1359.338416 -1359.338858 -1359.339789 -1359.340620 -1359.341272 -1359.341771 -1359.342153 -1359.342450 -1359.342686 -1359.342877 -1359.343037 -1359.343179 -1359.343319 -1359.343473 -1359.343666 -1359.343934 -1359.344328 -1359.344934 -1359.345886 -1359.347410 -1359.349885 -1359.353979 -1359.360899 -1359.372908 -1359.394368 -1359.433886 -1359.508725 -1359.654163 -1359.944879 -1360.549464 -1361.881447 -1365.031871 -1373.119346 -1396.998312 -9999.0 -9999.0
-9999.0 -9999.0 731.338107 636.988302 541.566812 445.338777 348.724545 251.941840 155.101126 58.260499 -38.536529 -135.269247 -231.889473 -328.279361 -424.233739 -519.447481 -613.455700 -706.906590 -800.514849 -893.019273 -984.048263 -1068.864974 -1140.474275 -1199.693730 -1246.205408 -1281.116421 -1306.351988 -1324.044894 -1336.143913 -1344.248258 -1349.585392 -1353.052806 -1355.282462 -1356.706042 -1357.611404 -1358.189075 -1358.571708 -1358.885494 -1359.447005 -1361.867937 -1374.308657 -1444.454335 -2038.599380 -4207.554119 -4232.671975 -4232.673209 -4232.673176 -4232.673171 -4232.673170 -4232.673170 -4232.673170 -4232.673170 -4232.673170 -4232.673171 -4232.673171 -4232.673171 -4232.673171 -4232.673174 -4232.673191 -4232.670735 -4191.652533 -1917.404167 -1410.880058 -1368.039498 -1360.715633 -1359.540650 -1359.367299 -1359.341647 -1359.338416 -1359.338858 -1359.339789 -1359.340620 -1359.341272 -1359.341771 -1359.342153 -1359.342450 -1359.342686 -1359.342877 -1359.343037 -1359.343179 -1359.343319 -1359.343473 -1359.343666 -1359.343934 -1359.344328 -1359.344934 -1359.345886 -1359.347410 -1359.349885 -1359.353979 -1359.360899 -1359.372908 -1359.394368 -1359.433886 -1359.508725 -1359.654163 -1359.944879 -1360.549464 -1361.881447 -1365.031871 -1373.119346 -1396.998312 -9999.0 -9999.0
-9999.0 -9999.0 731.333415 636.986730 541.566334 445.338627 348.724495 251.941823 155.101120 58.260496 -38.536529 -135.269247 -231.889474 -328.279361 -424.233739 -519.447481 -613.455700 -706.906590 -800.514849 -893.019272 -984.048263 -1068.864973 -1140.474275 -1199.693729 -1246.205408 -1281.116420 -1306.351988 -1324.044894 -1336.143913 -1344.248258 -1349.585392 -1353.052806 -1355.282462 -1356.706042 -1357.611404 -1358.189075 -1358.571708 -1358.885494 -1359.447005 -1361.867937 -1374.308657 -1444.454335 -2038.599380 -4207.554119 -4232.671975 -4232.673209 -4232.673176 -4232.673171 -4232.673170 -4232.673170 -4232.673170 -4232.673170 -4232.673170 -4232.673171 -4232.673171 -4232.673171 -4232.673171 -4232.673174 -4232.673191 -4232.670735 -4191.652533 -1917.404167 -1410.880058 -1368.039498 -1360.715633 -1359.540650 -1359.367299 -1359.341647 -1359.338416 -1359.338858 -1359.339789 -1359.340620 -1359.341272 -1359.341771 -1359.342153 -1359.342450 -1359.342686 -1359.342877 -1359.343037 -1359.343179 -1359.343319 -1359.343473 -1359.343666 -1359.343934 -1359.344328 -1359.344934 -1359.345886 -1359.347410 -1359.349885 -1359.353979 -1359.360899 -1359.372908 -1359.394368 -1359.433886 -1359.508725 -1359.654163 -1359.944879 -1360.549464 -1361.881447 -1365.031871 -1373.119346 -1396.998312 -9999.0 -9999.0
-9999.0 -9999.0 -9999.0 -9999.0 -9999.0 -9999.0 -9999.0 -9999.0 -9999.0 -9999.0 -9999.0 -9999.0 -9999.0 -9999.0 -9999.0 -9999.0 -9999.0 -9999.0 -9999.0 -9999.0 -9999.0 -9999.0 -9999.0 -9999.0 -9999.0 -9999.0 -9999.0 -9999.0 -9999.0 -9999.0 -9999.0 -9999.0 -9999.0 -9999.0 -9999.0 -9999.0 -9999.0 -9999.0 -9999.0 -9999.0 -9999.0 -9999.0 -9999.0 -9999.0 -9999.0 -9999.0 -9999.0 -9999.0 -9999.0 -9999.0 -9999.0 -9999.0 -9999.0 -9999.0 -9999.0 -9999.0 -9999.0 -9999.0 -9999.0 -9999.0 -9999.0 -9999.0 -9999.0 -9999.0 -9999.0 -9999.0 -9999.0 -9999.0 -9999.0 -9999.0 -9999.0 -9999.0 -9999.0 -9999.0 -9999.0 -9999.0 -9999.0 -9999.0 -9999.0 -9999.0 -9999.0 -9999.0 -9999.0 -9999.0 -9999.0 -9999.0 -9999.0 -9999.0 -9999.0 -9999.0 -9999.0 -9999.0 -9999.0 -9999.0 -9999.0 -9999.0 -9999.0 -9999.0 -9999.0 -9999.0 -9999.0 -9999.0 -9999.0 -9999.0
-9999.0 -9999.0 -9999.0 -9999.0 -9999.0 -9999.0 -9999.0 -9999.0 -9999.0 -9999.0 -9999.0 -9999.0 -9999.0 -9999.0 -9999.0 -9999.0 -9999.0 -9999.0 -9999.0 -9999.0 -9999.0 -9999.0 -9999.0 -9999.0 -9999.0 -9999.0 -9999.0 -9999.0 -9999.0 -9999.0 -9999.0 -9999.0 -9999.0 -9999.0 -9999.0 -9999.0 -9999.0 -9999.0 -9999.0 -9999.0 -9999.0 -9999.0 -9999.0 -9999.0 -9999.0 -9999.0 -9999.0 -9999.0 -9999.0 -9999.0 -9999.0 -9999.0 -9999.0 -9999.0 -9999.0 -9999.0 -9999.0 -9999.0 -9999.0 -9999.0 -9999.0 -9999.0 -9999.0 -9999.0 -9999.0 -9999.0 -9999.0 -9999.0 -9999.0 -9999.0 -9999.0 -9999.0 -9999.0 -9999.0 -9999.0 -9999.0 -9999.0 -9999.0 -9999.0 -9999.0 -9999.0 -9999.0 -9999.0 -9999.0 -9999.0 -9999.0 -9999.0 -9999.0 -9999.0 -9999.0 -9999.0 -9999.0 -9999.0 -9999.0 -9999.0 -9999.0 -9999.0 -9999.0 -9999.0 -9999.0 -9999.0 -9999.0 -9999.0 -9999.0