inst/processing_geotop_simulation/geotop_simulation/out/maps3D/PwL0003N0055.asc
ncols         104
nrows         10
xllcorner     -2.000000
yllcorner     0.000000
cellsize      1.000000
NODATA_value  -9999.0
-9999.0 -9999.0 -9999.0 -9999.0 -9999.0 -9999.0 -9999.0 -9999.0 -9999.0 -9999.0 -9999.0 -9999.0 -9999.0 -9999.0 -9999.0 -9999.0 -9999.0 -9999.0 -9999.0 -9999.0 -9999.0 -9999.0 -9999.0 -9999.0 -9999.0 -9999.0 -9999.0 -9999.0 -9999.0 -9999.0 -9999.0 -9999.0 -9999.0 -9999.0 -9999.0 -9999.0 -9999.0 -9999.0 -9999.0 -9999.0 -9999.0 -9999.0 -9999.0 -9999.0 -9999.0 -9999.0 -9999.0 -9999.0 -9999.0 -9999.0 -9999.0 -9999.0 -9999.0 -9999.0 -9999.0 -9999.0 -9999.0 -9999.0 -9999.0 -9999.0 -9999.0 -9999.0 -9999.0 -9999.0 -9999.0 -9999.0 -9999.0 -9999.0 -9999.0 -9999.0 -9999.0 -9999.0 -9999.0 -9999.0 -9999.0 -9999.0 -9999.0 -9999.0 -9999.0 -9999.0 -9999.0 -9999.0 -9999.0 -9999.0 -9999.0 -9999.0 -9999.0 -9999.0 -9999.0 -9999.0 -9999.0 -9999.0 -9999.0 -9999.0 -9999.0 -9999.0 -9999.0 -9999.0 -9999.0 -9999.0 -9999.0 -9999.0 -9999.0 -9999.0
-9999.0 -9999.0 -9999.0 -9999.0 -9999.0 -9999.0 -9999.0 -9999.0 -9999.0 -9999.0 -9999.0 -9999.0 -9999.0 -9999.0 -9999.0 -9999.0 -9999.0 -9999.0 -9999.0 -9999.0 -9999.0 -9999.0 -9999.0 -9999.0 -9999.0 -9999.0 -9999.0 -9999.0 -9999.0 -9999.0 -9999.0 -9999.0 -9999.0 -9999.0 -9999.0 -9999.0 -9999.0 -9999.0 -9999.0 -9999.0 -9999.0 -9999.0 -9999.0 -9999.0 -9999.0 -9999.0 -9999.0 -9999.0 -9999.0 -9999.0 -9999.0 -9999.0 -9999.0 -9999.0 -9999.0 -9999.0 -9999.0 -9999.0 -9999.0 -9999.0 -9999.0 -9999.0 -9999.0 -9999.0 -9999.0 -9999.0 -9999.0 -9999.0 -9999.0 -9999.0 -9999.0 -9999.0 -9999.0 -9999.0 -9999.0 -9999.0 -9999.0 -9999.0 -9999.0 -9999.0 -9999.0 -9999.0 -9999.0 -9999.0 -9999.0 -9999.0 -9999.0 -9999.0 -9999.0 -9999.0 -9999.0 -9999.0 -9999.0 -9999.0 -9999.0 -9999.0 -9999.0 -9999.0 -9999.0 -9999.0 -9999.0 -9999.0 -9999.0 -9999.0
-9999.0 -9999.0 -1028.042340 -1066.826633 -1079.994776 -1086.318663 -1089.947093 -1092.058249 -1092.882539 -1085.965929 -1029.857912 -990.184903 -997.652119 -1012.768416 -1038.171585 -1069.588759 -1070.934520 -1055.334437 -1037.637610 -1025.210897 -1019.518325 -1019.759130 -1024.570728 -1032.566947 -1042.426549 -1052.912266 -1062.914008 -1071.599355 -1078.549146 -1083.742853 -1087.415629 -1089.900965 -1091.524565 -1092.553486 -1093.184721 -1093.554478 -1093.768632 -1093.976264 -1094.288034 -1094.218954 -1095.815566 -1116.631247 -773.237187 -766.131941 -749.901576 -740.143252 -735.609261 -735.010683 -734.954872 -734.975308 -735.009055 -735.044512 -735.078498 -735.109919 -735.138617 -735.167575 -735.227622 -735.592418 -738.029595 -743.718472 -753.539976 -750.272454 -1103.784049 -1096.790550 -1094.913108 -1094.412556 -1094.296585 -1094.277735 -1094.279530 -1094.284652 -1094.289393 -1094.293117 -1094.295914 -1094.298010 -1094.299599 -1094.300826 -1094.301793 -1094.302568 -1094.303203 -1094.303753 -1094.304274 -1094.304833 -1094.305518 -1094.306450 -1094.307813 -1094.309890 -1094.313135 -1094.318285 -1094.326559 -1094.340035 -1094.362356 -1094.400138 -1094.465820 -1094.583517 -1094.800877 -1095.212620 -1096.005849 -1097.545978 -1100.547201 -1106.463921 -1118.528176 -1145.046703 -9999.0 -9999.0
-9999.0 -9999.0 -1028.042283 -1066.826566 -1079.994727 -1086.318641 -1089.947087 -1092.058249 -1092.882540 -1085.965930 -1029.857913 -990.184903 -997.652119 -1012.768416 -1038.171585 -1069.588759 -1070.934520 -1055.334437 -1037.637610 -1025.210897 -1019.518325 -1019.759130 -1024.570728 -1032.566947 -1042.426549 -1052.912266 -1062.914008 -1071.599355 -1078.549146 -1083.742853 -1087.415629 -1089.900965 -1091.524565 -1092.553486 -1093.184721 -1093.554478 -1093.768632 -1093.976264 -1094.288034 -1094.218954 -1095.815566 -1116.631247 -773.237187 -766.131941 -749.901575 -740.143252 -735.609261 -735.010683 -734.954872 -734.975308 -735.009055 -735.044512 -735.078498 -735.109919 -735.138617 -735.167575 -735.227622 -735.592418 -738.029595 -743.718472 -753.539976 -750.272454 -1103.784049 -1096.790550 -1094.913108 -1094.412556 -1094.296585 -1094.277735 -1094.279530 -1094.284652 -1094.289393 -1094.293117 -1094.295914 -1094.298010 -1094.299599 -1094.300826 -1094.301793 -1094.302568 -1094.303203 -1094.303753 -1094.304274 -1094.304833 -1094.305518 -1094.306450 -1094.307813 -1094.309890 -1094.313135 -1094.318285 -1094.326559 -1094.340035 -1094.362356 -1094.400138 -1094.465820 -1094.583517 -1094.800877 -1095.212620 -1096.005849 -1097.545978 -1100.547201 -1106.463921 -1118.528176 -1145.046703 -9999.0 -9999.0
-9999.0 -9999.0 -1028.042255 -1066.826527 -1079.994694 -1086.318624 -1089.947082 -1092.058249 -1092.882541 -1085.965931 -1029.857913 -990.184903 -997.652119 -1012.768416 -1038.171585 -1069.588759 -1070.934520 -1055.334437 -1037.637610 -1025.210897 -1019.518325 -1019.759130 -1024.570728 -1032.566947 -1042.426549 -1052.912266 -1062.914008 -1071.599355 -1078.549146 -1083.742853 -1087.415629 -1089.900965 -1091.524565 -1092.553486 -1093.184721 -1093.554478 -1093.768632 -1093.976264 -1094.288034 -1094.218954 -1095.815566 -1116.631247 -773.237187 -766.131941 -749.901575 -740.143251 -735.609261 -735.010683 -734.954872 -734.975308 -735.009055 -735.044512 -735.078498 -735.109919 -735.138617 -735.167575 -735.227622 -735.592418 -738.029595 -743.718472 -753.539976 -750.272454 -1103.784049 -1096.790550 -1094.913108 -1094.412556 -1094.296585 -1094.277735 -1094.279530 -1094.284652 -1094.289393 -1094.293117 -1094.295914 -1094.298010 -1094.299599 -1094.300826 -1094.301793 -1094.302568 -1094.303203 -1094.303753 -1094.304274 -1094.304833 -1094.305518 -1094.306450 -1094.307813 -1094.309890 -1094.313135 -1094.318285 -1094.326559 -1094.340035 -1094.362356 -1094.400138 -1094.465820 -1094.583517 -1094.800877 -1095.212620 -1096.005849 -1097.545978 -1100.547201 -1106.463921 -1118.528176 -1145.046703 -9999.0 -9999.0
-9999.0 -9999.0 -1028.042255 -1066.826527 -1079.994694 -1086.318624 -1089.947082 -1092.058249 -1092.882541 -1085.965931 -1029.857913 -990.184903 -997.652119 -1012.768416 -1038.171585 -1069.588759 -1070.934520 -1055.334437 -1037.637610 -1025.210897 -1019.518325 -1019.759130 -1024.570728 -1032.566947 -1042.426549 -1052.912266 -1062.914008 -1071.599355 -1078.549146 -1083.742853 -1087.415629 -1089.900965 -1091.524565 -1092.553486 -1093.184721 -1093.554478 -1093.768632 -1093.976264 -1094.288034 -1094.218954 -1095.815566 -1116.631247 -773.237187 -766.131941 -749.901575 -740.143251 -735.609261 -735.010683 -734.954872 -734.975308 -735.009055 -735.044512 -735.078498 -735.109919 -735.138617 -735.167575 -735.227622 -735.592418 -738.029595 -743.718472 -753.539976 -750.272454 -1103.784049 -1096.790550 -1094.913108 -1094.412556 -1094.296585 -1094.277735 -1094.279530 -1094.284652 -1094.289393 -1094.293117 -1094.295914 -1094.298010 -1094.299599 -1094.300826 -1094.301793 -1094.302568 -1094.303203 -1094.303753 -1094.304274 -1094.304833 -1094.305518 -1094.306450 -1094.307813 -1094.309890 -1094.313135 -1094.318285 -1094.326559 -1094.340035 -1094.362356 -1094.400138 -1094.465820 -1094.583517 -1094.800877 -1095.212620 -1096.005849 -1097.545978 -1100.547201 -1106.463921 -1118.528176 -1145.046703 -9999.0 -9999.0
-9999.0 -9999.0 -1028.042283 -1066.826566 -1079.994727 -1086.318641 -1089.947087 -1092.058249 -1092.882540 -1085.965930 -1029.857913 -990.184903 -997.652119 -1012.768416 -1038.171585 -1069.588759 -1070.934520 -1055.334437 -1037.637610 -1025.210897 -1019.518325 -1019.759130 -1024.570728 -1032.566947 -1042.426549 -1052.912266 -1062.914008 -1071.599355 -1078.549146 -1083.742853 -1087.415629 -1089.900965 -1091.524565 -1092.553486 -1093.184721 -1093.554478 -1093.768632 -1093.976264 -1094.288034 -1094.218954 -1095.815566 -1116.631247 -773.237187 -766.131941 -749.901575 -740.143252 -735.609261 -735.010683 -734.954872 -734.975308 -735.009055 -735.044512 -735.078498 -735.109919 -735.138617 -735.167575 -735.227622 -735.592418 -738.029595 -743.718472 -753.539976 -750.272454 -1103.784049 -1096.790550 -1094.913108 -1094.412556 -1094.296585 -1094.277735 -1094.279530 -1094.284652 -1094.289393 -1094.293117 -1094.295914 -1094.298010 -1094.299599 -1094.300826 -1094.301793 -1094.302568 -1094.303203 -1094.303753 -1094.304274 -1094.304833 -1094.305518 -1094.306450 -1094.307813 -1094.309890 -1094.313135 -1094.318285 -1094.326559 -1094.340035 -1094.362356 -1094.400138 -1094.465820 -1094.583517 -1094.800877 -1095.212620 -1096.005849 -1097.545978 -1100.547201 -1106.463921 -1118.528176 -1145.046703 -9999.0 -9999.0
-9999.0 -9999.0 -1028.042340 -1066.826633 -1079.994776 -1086.318663 -1089.947093 -1092.058249 -1092.882539 -1085.965929 -1029.857912 -990.184903 -997.652119 -1012.768416 -1038.171585 -1069.588759 -1070.934520 -1055.334437 -1037.637610 -1025.210897 -1019.518325 -1019.759130 -1024.570728 -1032.566947 -1042.426549 -1052.912266 -1062.914008 -1071.599355 -1078.549146 -1083.742853 -1087.415629 -1089.900965 -1091.524565 -1092.553486 -1093.184721 -1093.554478 -1093.768632 -1093.976264 -1094.288034 -1094.218954 -1095.815566 -1116.631247 -773.237187 -766.131941 -749.901576 -740.143252 -735.609261 -735.010683 -734.954872 -734.975308 -735.009055 -735.044512 -735.078498 -735.109919 -735.138617 -735.167575 -735.227622 -735.592418 -738.029595 -743.718472 -753.539976 -750.272454 -1103.784049 -1096.790550 -1094.913108 -1094.412556 -1094.296585 -1094.277735 -1094.279530 -1094.284652 -1094.289393 -1094.293117 -1094.295914 -1094.298010 -1094.299599 -1094.300826 -1094.301793 -1094.302568 -1094.303203 -1094.303753 -1094.304274 -1094.304833 -1094.305518 -1094.306450 -1094.307813 -1094.309890 -1094.313135 -1094.318285 -1094.326559 -1094.340035 -1094.362356 -1094.400138 -1094.465820 -1094.583517 -1094.800877 -1095.212620 -1096.005849 -1097.545978 -1100.547201 -1106.463921 -1118.528176 -1145.046703 -9999.0 -9999.0
-9999.0 -9999.0 -9999.0 -9999.0 -9999.0 -9999.0 -9999.0 -9999.0 -9999.0 -9999.0 -9999.0 -9999.0 -9999.0 -9999.0 -9999.0 -9999.0 -9999.0 -9999.0 -9999.0 -9999.0 -9999.0 -9999.0 -9999.0 -9999.0 -9999.0 -9999.0 -9999.0 -9999.0 -9999.0 -9999.0 -9999.0 -9999.0 -9999.0 -9999.0 -9999.0 -9999.0 -9999.0 -9999.0 -9999.0 -9999.0 -9999.0 -9999.0 -9999.0 -9999.0 -9999.0 -9999.0 -9999.0 -9999.0 -9999.0 -9999.0 -9999.0 -9999.0 -9999.0 -9999.0 -9999.0 -9999.0 -9999.0 -9999.0 -9999.0 -9999.0 -9999.0 -9999.0 -9999.0 -9999.0 -9999.0 -9999.0 -9999.0 -9999.0 -9999.0 -9999.0 -9999.0 -9999.0 -9999.0 -9999.0 -9999.0 -9999.0 -9999.0 -9999.0 -9999.0 -9999.0 -9999.0 -9999.0 -9999.0 -9999.0 -9999.0 -9999.0 -9999.0 -9999.0 -9999.0 -9999.0 -9999.0 -9999.0 -9999.0 -9999.0 -9999.0 -9999.0 -9999.0 -9999.0 -9999.0 -9999.0 -9999.0 -9999.0 -9999.0 -9999.0
-9999.0 -9999.0 -9999.0 -9999.0 -9999.0 -9999.0 -9999.0 -9999.0 -9999.0 -9999.0 -9999.0 -9999.0 -9999.0 -9999.0 -9999.0 -9999.0 -9999.0 -9999.0 -9999.0 -9999.0 -9999.0 -9999.0 -9999.0 -9999.0 -9999.0 -9999.0 -9999.0 -9999.0 -9999.0 -9999.0 -9999.0 -9999.0 -9999.0 -9999.0 -9999.0 -9999.0 -9999.0 -9999.0 -9999.0 -9999.0 -9999.0 -9999.0 -9999.0 -9999.0 -9999.0 -9999.0 -9999.0 -9999.0 -9999.0 -9999.0 -9999.0 -9999.0 -9999.0 -9999.0 -9999.0 -9999.0 -9999.0 -9999.0 -9999.0 -9999.0 -9999.0 -9999.0 -9999.0 -9999.0 -9999.0 -9999.0 -9999.0 -9999.0 -9999.0 -9999.0 -9999.0 -9999.0 -9999.0 -9999.0 -9999.0 -9999.0 -9999.0 -9999.0 -9999.0 -9999.0 -9999.0 -9999.0 -9999.0 -9999.0 -9999.0 -9999.0 -9999.0 -9999.0 -9999.0 -9999.0 -9999.0 -9999.0 -9999.0 -9999.0 -9999.0 -9999.0 -9999.0 -9999.0 -9999.0 -9999.0 -9999.0 -9999.0 -9999.0 -9999.0