inst/processing_geotop_simulation/geotop_simulation/out/maps3D/PwL0005N0380.asc
ncols         104
nrows         10
xllcorner     -2.000000
yllcorner     0.000000
cellsize      1.000000
NODATA_value  -9999.0
-9999.0 -9999.0 -9999.0 -9999.0 -9999.0 -9999.0 -9999.0 -9999.0 -9999.0 -9999.0 -9999.0 -9999.0 -9999.0 -9999.0 -9999.0 -9999.0 -9999.0 -9999.0 -9999.0 -9999.0 -9999.0 -9999.0 -9999.0 -9999.0 -9999.0 -9999.0 -9999.0 -9999.0 -9999.0 -9999.0 -9999.0 -9999.0 -9999.0 -9999.0 -9999.0 -9999.0 -9999.0 -9999.0 -9999.0 -9999.0 -9999.0 -9999.0 -9999.0 -9999.0 -9999.0 -9999.0 -9999.0 -9999.0 -9999.0 -9999.0 -9999.0 -9999.0 -9999.0 -9999.0 -9999.0 -9999.0 -9999.0 -9999.0 -9999.0 -9999.0 -9999.0 -9999.0 -9999.0 -9999.0 -9999.0 -9999.0 -9999.0 -9999.0 -9999.0 -9999.0 -9999.0 -9999.0 -9999.0 -9999.0 -9999.0 -9999.0 -9999.0 -9999.0 -9999.0 -9999.0 -9999.0 -9999.0 -9999.0 -9999.0 -9999.0 -9999.0 -9999.0 -9999.0 -9999.0 -9999.0 -9999.0 -9999.0 -9999.0 -9999.0 -9999.0 -9999.0 -9999.0 -9999.0 -9999.0 -9999.0 -9999.0 -9999.0 -9999.0 -9999.0
-9999.0 -9999.0 -9999.0 -9999.0 -9999.0 -9999.0 -9999.0 -9999.0 -9999.0 -9999.0 -9999.0 -9999.0 -9999.0 -9999.0 -9999.0 -9999.0 -9999.0 -9999.0 -9999.0 -9999.0 -9999.0 -9999.0 -9999.0 -9999.0 -9999.0 -9999.0 -9999.0 -9999.0 -9999.0 -9999.0 -9999.0 -9999.0 -9999.0 -9999.0 -9999.0 -9999.0 -9999.0 -9999.0 -9999.0 -9999.0 -9999.0 -9999.0 -9999.0 -9999.0 -9999.0 -9999.0 -9999.0 -9999.0 -9999.0 -9999.0 -9999.0 -9999.0 -9999.0 -9999.0 -9999.0 -9999.0 -9999.0 -9999.0 -9999.0 -9999.0 -9999.0 -9999.0 -9999.0 -9999.0 -9999.0 -9999.0 -9999.0 -9999.0 -9999.0 -9999.0 -9999.0 -9999.0 -9999.0 -9999.0 -9999.0 -9999.0 -9999.0 -9999.0 -9999.0 -9999.0 -9999.0 -9999.0 -9999.0 -9999.0 -9999.0 -9999.0 -9999.0 -9999.0 -9999.0 -9999.0 -9999.0 -9999.0 -9999.0 -9999.0 -9999.0 -9999.0 -9999.0 -9999.0 -9999.0 -9999.0 -9999.0 -9999.0 -9999.0 -9999.0
-9999.0 -9999.0 224.835141 127.072688 28.315327 -70.747965 -169.929941 -269.158594 -368.396110 -467.617089 -566.789084 -665.837592 -764.722891 -863.491011 -962.162942 -1060.840811 -1159.279194 -1257.029539 -1353.760012 -1448.668739 -1540.247582 -1625.929547 -1702.545788 -1767.594732 -1820.161455 -1860.899263 -1891.437946 -1913.749984 -1929.729422 -1940.994494 -1948.836273 -1954.239788 -1957.933075 -1960.441519 -1962.137753 -1963.285036 -1964.080247 -1964.729917 -1965.681115 -1968.093396 -1970.871113 -1921.660069 -1199.079229 -1212.856791 -1198.800156 -1189.481688 -1185.114919 -1184.446423 -1184.374261 -1184.380560 -1184.398113 -1184.417046 -1184.435249 -1184.452111 -1184.467809 -1184.486482 -1184.546705 -1184.947875 -1187.275800 -1192.427855 -1198.996374 -1175.286833 -1895.165500 -1964.588593 -1966.666117 -1965.951689 -1965.737758 -1965.696463 -1965.689900 -1965.689342 -1965.689718 -1965.690157 -1965.690522 -1965.690807 -1965.691029 -1965.691205 -1965.691346 -1965.691462 -1965.691563 -1965.691654 -1965.691745 -1965.691846 -1965.691972 -1965.692144 -1965.692394 -1965.692772 -1965.693363 -1965.694306 -1965.695841 -1965.698395 -1965.702752 -1965.710401 -1965.724243 -1965.750061 -1965.799643 -1965.897784 -1966.099371 -1966.534857 -1967.541338 -1970.081563 -1977.299550 -2001.253269 -9999.0 -9999.0
-9999.0 -9999.0 224.843517 127.074507 28.315795 -70.747827 -169.929897 -269.158579 -368.396105 -467.617087 -566.789083 -665.837591 -764.722890 -863.491011 -962.162942 -1060.840811 -1159.279195 -1257.029540 -1353.760012 -1448.668739 -1540.247582 -1625.929547 -1702.545788 -1767.594733 -1820.161455 -1860.899263 -1891.437946 -1913.749984 -1929.729422 -1940.994494 -1948.836273 -1954.239788 -1957.933075 -1960.441519 -1962.137753 -1963.285036 -1964.080247 -1964.729917 -1965.681115 -1968.093396 -1970.871113 -1921.660069 -1199.079229 -1212.856791 -1198.800156 -1189.481687 -1185.114919 -1184.446423 -1184.374261 -1184.380560 -1184.398113 -1184.417046 -1184.435249 -1184.452111 -1184.467809 -1184.486482 -1184.546705 -1184.947875 -1187.275800 -1192.427855 -1198.996374 -1175.286833 -1895.165500 -1964.588593 -1966.666117 -1965.951689 -1965.737758 -1965.696463 -1965.689900 -1965.689342 -1965.689718 -1965.690157 -1965.690522 -1965.690807 -1965.691029 -1965.691205 -1965.691346 -1965.691462 -1965.691563 -1965.691654 -1965.691745 -1965.691846 -1965.691972 -1965.692144 -1965.692394 -1965.692772 -1965.693363 -1965.694306 -1965.695841 -1965.698395 -1965.702752 -1965.710401 -1965.724243 -1965.750061 -1965.799643 -1965.897784 -1966.099371 -1966.534857 -1967.541338 -1970.081563 -1977.299550 -2001.253269 -9999.0 -9999.0
-9999.0 -9999.0 224.844833 127.075258 28.316093 -70.747720 -169.929859 -269.158565 -368.396100 -467.617085 -566.789082 -665.837591 -764.722890 -863.491011 -962.162942 -1060.840811 -1159.279195 -1257.029540 -1353.760013 -1448.668740 -1540.247582 -1625.929547 -1702.545788 -1767.594733 -1820.161455 -1860.899263 -1891.437946 -1913.749984 -1929.729422 -1940.994494 -1948.836273 -1954.239788 -1957.933075 -1960.441519 -1962.137753 -1963.285036 -1964.080247 -1964.729917 -1965.681115 -1968.093396 -1970.871113 -1921.660069 -1199.079229 -1212.856791 -1198.800156 -1189.481687 -1185.114919 -1184.446423 -1184.374261 -1184.380560 -1184.398113 -1184.417046 -1184.435249 -1184.452111 -1184.467809 -1184.486482 -1184.546705 -1184.947875 -1187.275800 -1192.427855 -1198.996374 -1175.286833 -1895.165500 -1964.588593 -1966.666117 -1965.951689 -1965.737758 -1965.696463 -1965.689900 -1965.689342 -1965.689718 -1965.690157 -1965.690522 -1965.690807 -1965.691029 -1965.691205 -1965.691346 -1965.691462 -1965.691563 -1965.691654 -1965.691745 -1965.691846 -1965.691972 -1965.692144 -1965.692394 -1965.692772 -1965.693363 -1965.694306 -1965.695841 -1965.698395 -1965.702752 -1965.710401 -1965.724243 -1965.750061 -1965.799643 -1965.897784 -1966.099371 -1966.534857 -1967.541338 -1970.081563 -1977.299550 -2001.253269 -9999.0 -9999.0
-9999.0 -9999.0 224.844833 127.075258 28.316092 -70.747720 -169.929859 -269.158565 -368.396100 -467.617085 -566.789082 -665.837591 -764.722890 -863.491011 -962.162942 -1060.840811 -1159.279195 -1257.029540 -1353.760013 -1448.668740 -1540.247582 -1625.929547 -1702.545788 -1767.594733 -1820.161455 -1860.899263 -1891.437946 -1913.749984 -1929.729422 -1940.994494 -1948.836273 -1954.239788 -1957.933075 -1960.441519 -1962.137753 -1963.285036 -1964.080247 -1964.729917 -1965.681115 -1968.093396 -1970.871113 -1921.660069 -1199.079229 -1212.856791 -1198.800156 -1189.481687 -1185.114919 -1184.446423 -1184.374261 -1184.380560 -1184.398113 -1184.417046 -1184.435249 -1184.452111 -1184.467809 -1184.486482 -1184.546705 -1184.947875 -1187.275800 -1192.427855 -1198.996374 -1175.286833 -1895.165500 -1964.588593 -1966.666117 -1965.951689 -1965.737758 -1965.696463 -1965.689900 -1965.689342 -1965.689718 -1965.690157 -1965.690522 -1965.690807 -1965.691029 -1965.691205 -1965.691346 -1965.691462 -1965.691563 -1965.691654 -1965.691745 -1965.691846 -1965.691972 -1965.692144 -1965.692394 -1965.692772 -1965.693363 -1965.694306 -1965.695841 -1965.698395 -1965.702752 -1965.710401 -1965.724243 -1965.750061 -1965.799643 -1965.897784 -1966.099371 -1966.534857 -1967.541338 -1970.081563 -1977.299550 -2001.253269 -9999.0 -9999.0
-9999.0 -9999.0 224.843517 127.074507 28.315795 -70.747828 -169.929897 -269.158579 -368.396105 -467.617087 -566.789083 -665.837591 -764.722890 -863.491011 -962.162942 -1060.840811 -1159.279195 -1257.029540 -1353.760012 -1448.668739 -1540.247582 -1625.929547 -1702.545788 -1767.594733 -1820.161455 -1860.899263 -1891.437946 -1913.749984 -1929.729422 -1940.994494 -1948.836273 -1954.239788 -1957.933075 -1960.441519 -1962.137753 -1963.285036 -1964.080247 -1964.729917 -1965.681115 -1968.093396 -1970.871113 -1921.660069 -1199.079229 -1212.856791 -1198.800156 -1189.481687 -1185.114919 -1184.446423 -1184.374261 -1184.380560 -1184.398113 -1184.417046 -1184.435249 -1184.452111 -1184.467809 -1184.486482 -1184.546705 -1184.947875 -1187.275800 -1192.427855 -1198.996374 -1175.286833 -1895.165500 -1964.588593 -1966.666117 -1965.951689 -1965.737758 -1965.696463 -1965.689900 -1965.689342 -1965.689718 -1965.690157 -1965.690522 -1965.690807 -1965.691029 -1965.691205 -1965.691346 -1965.691462 -1965.691563 -1965.691654 -1965.691745 -1965.691846 -1965.691972 -1965.692144 -1965.692394 -1965.692772 -1965.693363 -1965.694306 -1965.695841 -1965.698395 -1965.702752 -1965.710401 -1965.724243 -1965.750061 -1965.799643 -1965.897784 -1966.099371 -1966.534857 -1967.541338 -1970.081563 -1977.299550 -2001.253269 -9999.0 -9999.0
-9999.0 -9999.0 224.835140 127.072688 28.315326 -70.747965 -169.929941 -269.158594 -368.396110 -467.617089 -566.789084 -665.837592 -764.722891 -863.491011 -962.162942 -1060.840811 -1159.279194 -1257.029539 -1353.760012 -1448.668739 -1540.247582 -1625.929547 -1702.545788 -1767.594732 -1820.161455 -1860.899263 -1891.437946 -1913.749984 -1929.729422 -1940.994494 -1948.836273 -1954.239788 -1957.933075 -1960.441519 -1962.137753 -1963.285036 -1964.080247 -1964.729917 -1965.681115 -1968.093396 -1970.871113 -1921.660069 -1199.079229 -1212.856791 -1198.800156 -1189.481688 -1185.114919 -1184.446423 -1184.374261 -1184.380560 -1184.398113 -1184.417046 -1184.435249 -1184.452111 -1184.467809 -1184.486482 -1184.546705 -1184.947875 -1187.275800 -1192.427855 -1198.996374 -1175.286833 -1895.165500 -1964.588593 -1966.666117 -1965.951689 -1965.737758 -1965.696463 -1965.689900 -1965.689342 -1965.689718 -1965.690157 -1965.690522 -1965.690807 -1965.691029 -1965.691205 -1965.691346 -1965.691462 -1965.691563 -1965.691654 -1965.691745 -1965.691846 -1965.691972 -1965.692144 -1965.692394 -1965.692772 -1965.693363 -1965.694306 -1965.695841 -1965.698395 -1965.702752 -1965.710401 -1965.724243 -1965.750061 -1965.799643 -1965.897784 -1966.099371 -1966.534857 -1967.541338 -1970.081563 -1977.299550 -2001.253269 -9999.0 -9999.0
-9999.0 -9999.0 -9999.0 -9999.0 -9999.0 -9999.0 -9999.0 -9999.0 -9999.0 -9999.0 -9999.0 -9999.0 -9999.0 -9999.0 -9999.0 -9999.0 -9999.0 -9999.0 -9999.0 -9999.0 -9999.0 -9999.0 -9999.0 -9999.0 -9999.0 -9999.0 -9999.0 -9999.0 -9999.0 -9999.0 -9999.0 -9999.0 -9999.0 -9999.0 -9999.0 -9999.0 -9999.0 -9999.0 -9999.0 -9999.0 -9999.0 -9999.0 -9999.0 -9999.0 -9999.0 -9999.0 -9999.0 -9999.0 -9999.0 -9999.0 -9999.0 -9999.0 -9999.0 -9999.0 -9999.0 -9999.0 -9999.0 -9999.0 -9999.0 -9999.0 -9999.0 -9999.0 -9999.0 -9999.0 -9999.0 -9999.0 -9999.0 -9999.0 -9999.0 -9999.0 -9999.0 -9999.0 -9999.0 -9999.0 -9999.0 -9999.0 -9999.0 -9999.0 -9999.0 -9999.0 -9999.0 -9999.0 -9999.0 -9999.0 -9999.0 -9999.0 -9999.0 -9999.0 -9999.0 -9999.0 -9999.0 -9999.0 -9999.0 -9999.0 -9999.0 -9999.0 -9999.0 -9999.0 -9999.0 -9999.0 -9999.0 -9999.0 -9999.0 -9999.0
-9999.0 -9999.0 -9999.0 -9999.0 -9999.0 -9999.0 -9999.0 -9999.0 -9999.0 -9999.0 -9999.0 -9999.0 -9999.0 -9999.0 -9999.0 -9999.0 -9999.0 -9999.0 -9999.0 -9999.0 -9999.0 -9999.0 -9999.0 -9999.0 -9999.0 -9999.0 -9999.0 -9999.0 -9999.0 -9999.0 -9999.0 -9999.0 -9999.0 -9999.0 -9999.0 -9999.0 -9999.0 -9999.0 -9999.0 -9999.0 -9999.0 -9999.0 -9999.0 -9999.0 -9999.0 -9999.0 -9999.0 -9999.0 -9999.0 -9999.0 -9999.0 -9999.0 -9999.0 -9999.0 -9999.0 -9999.0 -9999.0 -9999.0 -9999.0 -9999.0 -9999.0 -9999.0 -9999.0 -9999.0 -9999.0 -9999.0 -9999.0 -9999.0 -9999.0 -9999.0 -9999.0 -9999.0 -9999.0 -9999.0 -9999.0 -9999.0 -9999.0 -9999.0 -9999.0 -9999.0 -9999.0 -9999.0 -9999.0 -9999.0 -9999.0 -9999.0 -9999.0 -9999.0 -9999.0 -9999.0 -9999.0 -9999.0 -9999.0 -9999.0 -9999.0 -9999.0 -9999.0 -9999.0 -9999.0 -9999.0 -9999.0 -9999.0 -9999.0 -9999.0