inst/processing_geotop_simulation/geotop_simulation/out/maps3D/PwL0007N0163.asc
ncols         104
nrows         10
xllcorner     -2.000000
yllcorner     0.000000
cellsize      1.000000
NODATA_value  -9999.0
-9999.0 -9999.0 -9999.0 -9999.0 -9999.0 -9999.0 -9999.0 -9999.0 -9999.0 -9999.0 -9999.0 -9999.0 -9999.0 -9999.0 -9999.0 -9999.0 -9999.0 -9999.0 -9999.0 -9999.0 -9999.0 -9999.0 -9999.0 -9999.0 -9999.0 -9999.0 -9999.0 -9999.0 -9999.0 -9999.0 -9999.0 -9999.0 -9999.0 -9999.0 -9999.0 -9999.0 -9999.0 -9999.0 -9999.0 -9999.0 -9999.0 -9999.0 -9999.0 -9999.0 -9999.0 -9999.0 -9999.0 -9999.0 -9999.0 -9999.0 -9999.0 -9999.0 -9999.0 -9999.0 -9999.0 -9999.0 -9999.0 -9999.0 -9999.0 -9999.0 -9999.0 -9999.0 -9999.0 -9999.0 -9999.0 -9999.0 -9999.0 -9999.0 -9999.0 -9999.0 -9999.0 -9999.0 -9999.0 -9999.0 -9999.0 -9999.0 -9999.0 -9999.0 -9999.0 -9999.0 -9999.0 -9999.0 -9999.0 -9999.0 -9999.0 -9999.0 -9999.0 -9999.0 -9999.0 -9999.0 -9999.0 -9999.0 -9999.0 -9999.0 -9999.0 -9999.0 -9999.0 -9999.0 -9999.0 -9999.0 -9999.0 -9999.0 -9999.0 -9999.0
-9999.0 -9999.0 -9999.0 -9999.0 -9999.0 -9999.0 -9999.0 -9999.0 -9999.0 -9999.0 -9999.0 -9999.0 -9999.0 -9999.0 -9999.0 -9999.0 -9999.0 -9999.0 -9999.0 -9999.0 -9999.0 -9999.0 -9999.0 -9999.0 -9999.0 -9999.0 -9999.0 -9999.0 -9999.0 -9999.0 -9999.0 -9999.0 -9999.0 -9999.0 -9999.0 -9999.0 -9999.0 -9999.0 -9999.0 -9999.0 -9999.0 -9999.0 -9999.0 -9999.0 -9999.0 -9999.0 -9999.0 -9999.0 -9999.0 -9999.0 -9999.0 -9999.0 -9999.0 -9999.0 -9999.0 -9999.0 -9999.0 -9999.0 -9999.0 -9999.0 -9999.0 -9999.0 -9999.0 -9999.0 -9999.0 -9999.0 -9999.0 -9999.0 -9999.0 -9999.0 -9999.0 -9999.0 -9999.0 -9999.0 -9999.0 -9999.0 -9999.0 -9999.0 -9999.0 -9999.0 -9999.0 -9999.0 -9999.0 -9999.0 -9999.0 -9999.0 -9999.0 -9999.0 -9999.0 -9999.0 -9999.0 -9999.0 -9999.0 -9999.0 -9999.0 -9999.0 -9999.0 -9999.0 -9999.0 -9999.0 -9999.0 -9999.0 -9999.0 -9999.0
-9999.0 -9999.0 332.747518 242.169862 147.907801 52.292482 -43.852699 -140.213757 -236.631851 -332.977965 -429.108757 -524.727798 -619.277750 -712.892251 -806.798501 -900.640010 -994.473403 -1087.692672 -1178.860476 -1262.931926 -1332.371774 -1385.086111 -1422.460139 -1447.749198 -1464.446721 -1475.407153 -1482.644221 -1487.465713 -1490.695468 -1492.858775 -1494.302133 -1495.259820 -1495.891815 -1496.306911 -1496.578483 -1496.757428 -1496.885935 -1497.020986 -1497.354450 -1499.049114 -1507.813572 -1533.827733 -1126.698746 -1179.700370 -1148.796466 -1129.921746 -1121.218856 -1120.055447 -1119.937742 -1119.952198 -1119.985839 -1120.021794 -1120.056308 -1120.088246 -1120.117747 -1120.150800 -1120.246455 -1120.910043 -1125.414067 -1135.659955 -1151.765068 -1080.687938 -1508.924078 -1503.033470 -1498.211156 -1497.339744 -1497.207840 -1497.187525 -1497.185136 -1497.185854 -1497.186948 -1497.187892 -1497.188625 -1497.189181 -1497.189606 -1497.189935 -1497.190195 -1497.190405 -1497.190580 -1497.190734 -1497.190885 -1497.191052 -1497.191261 -1497.191552 -1497.191981 -1497.192642 -1497.193680 -1497.195339 -1497.198030 -1497.202470 -1497.209947 -1497.222865 -1497.245839 -1497.287939 -1497.367244 -1497.520190 -1497.821715 -1498.433370 -1499.731927 -1502.680426 -1510.047071 -1532.094563 -9999.0 -9999.0
-9999.0 -9999.0 332.756153 242.171962 147.908360 52.292647 -43.852646 -140.213740 -236.631845 -332.977963 -429.108757 -524.727797 -619.277749 -712.892251 -806.798501 -900.640010 -994.473403 -1087.692672 -1178.860477 -1262.931926 -1332.371774 -1385.086111 -1422.460139 -1447.749198 -1464.446721 -1475.407153 -1482.644221 -1487.465713 -1490.695468 -1492.858775 -1494.302133 -1495.259820 -1495.891815 -1496.306911 -1496.578483 -1496.757428 -1496.885935 -1497.020986 -1497.354450 -1499.049114 -1507.813572 -1533.827733 -1126.698746 -1179.700370 -1148.796466 -1129.921746 -1121.218856 -1120.055447 -1119.937742 -1119.952198 -1119.985839 -1120.021794 -1120.056308 -1120.088246 -1120.117747 -1120.150800 -1120.246455 -1120.910043 -1125.414067 -1135.659955 -1151.765068 -1080.687939 -1508.924078 -1503.033470 -1498.211156 -1497.339744 -1497.207840 -1497.187525 -1497.185136 -1497.185854 -1497.186948 -1497.187892 -1497.188625 -1497.189181 -1497.189606 -1497.189935 -1497.190195 -1497.190405 -1497.190580 -1497.190734 -1497.190885 -1497.191052 -1497.191261 -1497.191552 -1497.191981 -1497.192642 -1497.193680 -1497.195339 -1497.198030 -1497.202470 -1497.209947 -1497.222865 -1497.245839 -1497.287939 -1497.367244 -1497.520190 -1497.821715 -1498.433370 -1499.731927 -1502.680426 -1510.047071 -1532.094563 -9999.0 -9999.0
-9999.0 -9999.0 332.757788 242.172852 147.908715 52.292777 -43.852600 -140.213724 -236.631839 -332.977961 -429.108756 -524.727797 -619.277749 -712.892251 -806.798501 -900.640010 -994.473404 -1087.692672 -1178.860477 -1262.931926 -1332.371774 -1385.086112 -1422.460139 -1447.749198 -1464.446721 -1475.407153 -1482.644221 -1487.465713 -1490.695468 -1492.858775 -1494.302133 -1495.259820 -1495.891815 -1496.306911 -1496.578483 -1496.757428 -1496.885935 -1497.020986 -1497.354450 -1499.049114 -1507.813572 -1533.827733 -1126.698746 -1179.700370 -1148.796466 -1129.921746 -1121.218856 -1120.055447 -1119.937742 -1119.952198 -1119.985839 -1120.021794 -1120.056308 -1120.088246 -1120.117747 -1120.150800 -1120.246455 -1120.910043 -1125.414067 -1135.659955 -1151.765068 -1080.687939 -1508.924078 -1503.033470 -1498.211156 -1497.339744 -1497.207840 -1497.187525 -1497.185136 -1497.185854 -1497.186948 -1497.187892 -1497.188625 -1497.189181 -1497.189606 -1497.189935 -1497.190195 -1497.190405 -1497.190580 -1497.190734 -1497.190885 -1497.191052 -1497.191261 -1497.191552 -1497.191981 -1497.192642 -1497.193680 -1497.195339 -1497.198030 -1497.202470 -1497.209947 -1497.222865 -1497.245839 -1497.287939 -1497.367244 -1497.520190 -1497.821715 -1498.433370 -1499.731927 -1502.680426 -1510.047071 -1532.094563 -9999.0 -9999.0
-9999.0 -9999.0 332.757788 242.172851 147.908715 52.292777 -43.852600 -140.213724 -236.631839 -332.977961 -429.108756 -524.727797 -619.277749 -712.892251 -806.798501 -900.640010 -994.473404 -1087.692672 -1178.860477 -1262.931926 -1332.371774 -1385.086112 -1422.460139 -1447.749198 -1464.446721 -1475.407153 -1482.644221 -1487.465713 -1490.695468 -1492.858775 -1494.302133 -1495.259820 -1495.891815 -1496.306911 -1496.578483 -1496.757428 -1496.885935 -1497.020986 -1497.354450 -1499.049114 -1507.813572 -1533.827733 -1126.698746 -1179.700370 -1148.796466 -1129.921746 -1121.218856 -1120.055447 -1119.937742 -1119.952198 -1119.985839 -1120.021794 -1120.056308 -1120.088246 -1120.117747 -1120.150800 -1120.246455 -1120.910043 -1125.414067 -1135.659955 -1151.765068 -1080.687939 -1508.924078 -1503.033470 -1498.211156 -1497.339744 -1497.207840 -1497.187525 -1497.185136 -1497.185854 -1497.186948 -1497.187892 -1497.188625 -1497.189181 -1497.189606 -1497.189935 -1497.190195 -1497.190405 -1497.190580 -1497.190734 -1497.190885 -1497.191052 -1497.191261 -1497.191552 -1497.191981 -1497.192642 -1497.193680 -1497.195339 -1497.198030 -1497.202470 -1497.209947 -1497.222865 -1497.245839 -1497.287939 -1497.367244 -1497.520190 -1497.821715 -1498.433370 -1499.731927 -1502.680426 -1510.047071 -1532.094563 -9999.0 -9999.0
-9999.0 -9999.0 332.756153 242.171962 147.908360 52.292647 -43.852646 -140.213740 -236.631845 -332.977963 -429.108757 -524.727797 -619.277750 -712.892251 -806.798501 -900.640010 -994.473403 -1087.692672 -1178.860477 -1262.931926 -1332.371774 -1385.086111 -1422.460139 -1447.749198 -1464.446721 -1475.407153 -1482.644221 -1487.465713 -1490.695468 -1492.858775 -1494.302133 -1495.259820 -1495.891815 -1496.306911 -1496.578483 -1496.757428 -1496.885935 -1497.020986 -1497.354450 -1499.049114 -1507.813572 -1533.827733 -1126.698746 -1179.700370 -1148.796466 -1129.921746 -1121.218856 -1120.055447 -1119.937742 -1119.952198 -1119.985839 -1120.021794 -1120.056308 -1120.088246 -1120.117747 -1120.150800 -1120.246455 -1120.910043 -1125.414067 -1135.659955 -1151.765068 -1080.687939 -1508.924078 -1503.033470 -1498.211156 -1497.339744 -1497.207840 -1497.187525 -1497.185136 -1497.185854 -1497.186948 -1497.187892 -1497.188625 -1497.189181 -1497.189606 -1497.189935 -1497.190195 -1497.190405 -1497.190580 -1497.190734 -1497.190885 -1497.191052 -1497.191261 -1497.191552 -1497.191981 -1497.192642 -1497.193680 -1497.195339 -1497.198030 -1497.202470 -1497.209947 -1497.222865 -1497.245839 -1497.287939 -1497.367244 -1497.520190 -1497.821715 -1498.433370 -1499.731927 -1502.680426 -1510.047071 -1532.094563 -9999.0 -9999.0
-9999.0 -9999.0 332.747518 242.169862 147.907801 52.292482 -43.852699 -140.213758 -236.631851 -332.977965 -429.108757 -524.727798 -619.277750 -712.892251 -806.798501 -900.640010 -994.473403 -1087.692672 -1178.860476 -1262.931926 -1332.371774 -1385.086111 -1422.460139 -1447.749198 -1464.446721 -1475.407153 -1482.644221 -1487.465713 -1490.695468 -1492.858775 -1494.302133 -1495.259820 -1495.891815 -1496.306911 -1496.578483 -1496.757428 -1496.885935 -1497.020986 -1497.354450 -1499.049114 -1507.813572 -1533.827733 -1126.698746 -1179.700370 -1148.796466 -1129.921746 -1121.218856 -1120.055447 -1119.937742 -1119.952198 -1119.985839 -1120.021794 -1120.056308 -1120.088246 -1120.117747 -1120.150800 -1120.246455 -1120.910043 -1125.414067 -1135.659955 -1151.765068 -1080.687938 -1508.924078 -1503.033470 -1498.211156 -1497.339744 -1497.207840 -1497.187525 -1497.185136 -1497.185854 -1497.186948 -1497.187892 -1497.188625 -1497.189181 -1497.189606 -1497.189935 -1497.190195 -1497.190405 -1497.190580 -1497.190734 -1497.190885 -1497.191052 -1497.191261 -1497.191552 -1497.191981 -1497.192642 -1497.193680 -1497.195339 -1497.198030 -1497.202470 -1497.209947 -1497.222865 -1497.245839 -1497.287939 -1497.367244 -1497.520190 -1497.821715 -1498.433370 -1499.731927 -1502.680426 -1510.047071 -1532.094563 -9999.0 -9999.0
-9999.0 -9999.0 -9999.0 -9999.0 -9999.0 -9999.0 -9999.0 -9999.0 -9999.0 -9999.0 -9999.0 -9999.0 -9999.0 -9999.0 -9999.0 -9999.0 -9999.0 -9999.0 -9999.0 -9999.0 -9999.0 -9999.0 -9999.0 -9999.0 -9999.0 -9999.0 -9999.0 -9999.0 -9999.0 -9999.0 -9999.0 -9999.0 -9999.0 -9999.0 -9999.0 -9999.0 -9999.0 -9999.0 -9999.0 -9999.0 -9999.0 -9999.0 -9999.0 -9999.0 -9999.0 -9999.0 -9999.0 -9999.0 -9999.0 -9999.0 -9999.0 -9999.0 -9999.0 -9999.0 -9999.0 -9999.0 -9999.0 -9999.0 -9999.0 -9999.0 -9999.0 -9999.0 -9999.0 -9999.0 -9999.0 -9999.0 -9999.0 -9999.0 -9999.0 -9999.0 -9999.0 -9999.0 -9999.0 -9999.0 -9999.0 -9999.0 -9999.0 -9999.0 -9999.0 -9999.0 -9999.0 -9999.0 -9999.0 -9999.0 -9999.0 -9999.0 -9999.0 -9999.0 -9999.0 -9999.0 -9999.0 -9999.0 -9999.0 -9999.0 -9999.0 -9999.0 -9999.0 -9999.0 -9999.0 -9999.0 -9999.0 -9999.0 -9999.0 -9999.0
-9999.0 -9999.0 -9999.0 -9999.0 -9999.0 -9999.0 -9999.0 -9999.0 -9999.0 -9999.0 -9999.0 -9999.0 -9999.0 -9999.0 -9999.0 -9999.0 -9999.0 -9999.0 -9999.0 -9999.0 -9999.0 -9999.0 -9999.0 -9999.0 -9999.0 -9999.0 -9999.0 -9999.0 -9999.0 -9999.0 -9999.0 -9999.0 -9999.0 -9999.0 -9999.0 -9999.0 -9999.0 -9999.0 -9999.0 -9999.0 -9999.0 -9999.0 -9999.0 -9999.0 -9999.0 -9999.0 -9999.0 -9999.0 -9999.0 -9999.0 -9999.0 -9999.0 -9999.0 -9999.0 -9999.0 -9999.0 -9999.0 -9999.0 -9999.0 -9999.0 -9999.0 -9999.0 -9999.0 -9999.0 -9999.0 -9999.0 -9999.0 -9999.0 -9999.0 -9999.0 -9999.0 -9999.0 -9999.0 -9999.0 -9999.0 -9999.0 -9999.0 -9999.0 -9999.0 -9999.0 -9999.0 -9999.0 -9999.0 -9999.0 -9999.0 -9999.0 -9999.0 -9999.0 -9999.0 -9999.0 -9999.0 -9999.0 -9999.0 -9999.0 -9999.0 -9999.0 -9999.0 -9999.0 -9999.0 -9999.0 -9999.0 -9999.0 -9999.0 -9999.0