inst/processing_geotop_simulation/geotop_simulation/out/maps3D/PwL0022N0142.asc
ncols         104
nrows         10
xllcorner     -2.000000
yllcorner     0.000000
cellsize      1.000000
NODATA_value  -9999.0
-9999.0 -9999.0 -9999.0 -9999.0 -9999.0 -9999.0 -9999.0 -9999.0 -9999.0 -9999.0 -9999.0 -9999.0 -9999.0 -9999.0 -9999.0 -9999.0 -9999.0 -9999.0 -9999.0 -9999.0 -9999.0 -9999.0 -9999.0 -9999.0 -9999.0 -9999.0 -9999.0 -9999.0 -9999.0 -9999.0 -9999.0 -9999.0 -9999.0 -9999.0 -9999.0 -9999.0 -9999.0 -9999.0 -9999.0 -9999.0 -9999.0 -9999.0 -9999.0 -9999.0 -9999.0 -9999.0 -9999.0 -9999.0 -9999.0 -9999.0 -9999.0 -9999.0 -9999.0 -9999.0 -9999.0 -9999.0 -9999.0 -9999.0 -9999.0 -9999.0 -9999.0 -9999.0 -9999.0 -9999.0 -9999.0 -9999.0 -9999.0 -9999.0 -9999.0 -9999.0 -9999.0 -9999.0 -9999.0 -9999.0 -9999.0 -9999.0 -9999.0 -9999.0 -9999.0 -9999.0 -9999.0 -9999.0 -9999.0 -9999.0 -9999.0 -9999.0 -9999.0 -9999.0 -9999.0 -9999.0 -9999.0 -9999.0 -9999.0 -9999.0 -9999.0 -9999.0 -9999.0 -9999.0 -9999.0 -9999.0 -9999.0 -9999.0 -9999.0 -9999.0
-9999.0 -9999.0 -9999.0 -9999.0 -9999.0 -9999.0 -9999.0 -9999.0 -9999.0 -9999.0 -9999.0 -9999.0 -9999.0 -9999.0 -9999.0 -9999.0 -9999.0 -9999.0 -9999.0 -9999.0 -9999.0 -9999.0 -9999.0 -9999.0 -9999.0 -9999.0 -9999.0 -9999.0 -9999.0 -9999.0 -9999.0 -9999.0 -9999.0 -9999.0 -9999.0 -9999.0 -9999.0 -9999.0 -9999.0 -9999.0 -9999.0 -9999.0 -9999.0 -9999.0 -9999.0 -9999.0 -9999.0 -9999.0 -9999.0 -9999.0 -9999.0 -9999.0 -9999.0 -9999.0 -9999.0 -9999.0 -9999.0 -9999.0 -9999.0 -9999.0 -9999.0 -9999.0 -9999.0 -9999.0 -9999.0 -9999.0 -9999.0 -9999.0 -9999.0 -9999.0 -9999.0 -9999.0 -9999.0 -9999.0 -9999.0 -9999.0 -9999.0 -9999.0 -9999.0 -9999.0 -9999.0 -9999.0 -9999.0 -9999.0 -9999.0 -9999.0 -9999.0 -9999.0 -9999.0 -9999.0 -9999.0 -9999.0 -9999.0 -9999.0 -9999.0 -9999.0 -9999.0 -9999.0 -9999.0 -9999.0 -9999.0 -9999.0 -9999.0 -9999.0
-9999.0 -9999.0 1086.302203 991.943901 897.482115 802.407189 706.960159 611.340066 515.664159 419.998257 324.379351 228.828346 133.356913 37.972942 -57.298983 -152.448531 -247.414285 -342.063624 -436.140056 -529.089288 -619.904525 -710.422858 -799.331167 -886.258416 -970.809144 -1030.098308 -1076.330202 -1110.466316 -1134.478983 -1150.689679 -1161.274636 -1168.009350 -1172.212613 -1174.801437 -1176.383530 -1177.350959 -1177.959380 -1178.407947 -1179.060831 -1181.683486 -1195.828573 -1280.267587 -1595.781333 -2776.522861 -3878.889167 -3877.225437 -3651.842755 -3063.969862 -2639.529906 -2380.919561 -2207.794978 -2067.672903 -1983.874849 -1930.140542 -1880.440125 -1828.703535 -1773.307238 -1715.223191 -1656.511797 -1598.331909 -1535.048587 -1298.845567 -1241.684987 -1189.539360 -1180.619845 -1179.338842 -1179.161598 -1179.135824 -1179.132673 -1179.133273 -1179.134360 -1179.135321 -1179.136076 -1179.136655 -1179.137101 -1179.137449 -1179.137726 -1179.137952 -1179.138141 -1179.138309 -1179.138473 -1179.138653 -1179.138878 -1179.139186 -1179.139639 -1179.140331 -1179.141418 -1179.143154 -1179.145972 -1179.150630 -1179.158500 -1179.172150 -1179.196535 -1179.241443 -1179.326560 -1179.492413 -1179.826205 -1180.531014 -1182.126218 -1186.020645 -1196.083076 -1223.732681 -9999.0 -9999.0
-9999.0 -9999.0 1086.305109 991.945086 897.482521 802.407326 706.960205 611.340082 515.664165 419.998259 324.379352 228.828346 133.356912 37.972942 -57.298983 -152.448531 -247.414286 -342.063624 -436.140056 -529.089289 -619.904526 -710.422858 -799.331167 -886.258417 -970.809144 -1030.098308 -1076.330202 -1110.466316 -1134.478983 -1150.689679 -1161.274636 -1168.009350 -1172.212613 -1174.801437 -1176.383530 -1177.350959 -1177.959380 -1178.407947 -1179.060831 -1181.683486 -1195.828573 -1280.267587 -1595.781332 -2776.522859 -3878.889167 -3877.225437 -3651.842754 -3063.969861 -2639.529905 -2380.919560 -2207.794976 -2067.672903 -1983.874848 -1930.140542 -1880.440125 -1828.703535 -1773.307237 -1715.223191 -1656.511796 -1598.331909 -1535.048587 -1298.845567 -1241.684987 -1189.539360 -1180.619845 -1179.338842 -1179.161598 -1179.135824 -1179.132673 -1179.133273 -1179.134360 -1179.135321 -1179.136076 -1179.136655 -1179.137101 -1179.137449 -1179.137726 -1179.137952 -1179.138141 -1179.138309 -1179.138473 -1179.138653 -1179.138878 -1179.139186 -1179.139639 -1179.140331 -1179.141418 -1179.143154 -1179.145972 -1179.150630 -1179.158500 -1179.172150 -1179.196535 -1179.241443 -1179.326560 -1179.492413 -1179.826205 -1180.531014 -1182.126218 -1186.020645 -1196.083076 -1223.732681 -9999.0 -9999.0
-9999.0 -9999.0 1086.306325 991.945751 897.482808 802.407437 706.960246 611.340097 515.664170 419.998261 324.379352 228.828346 133.356912 37.972942 -57.298983 -152.448531 -247.414286 -342.063625 -436.140056 -529.089289 -619.904526 -710.422858 -799.331168 -886.258417 -970.809145 -1030.098308 -1076.330202 -1110.466316 -1134.478983 -1150.689679 -1161.274636 -1168.009350 -1172.212613 -1174.801437 -1176.383530 -1177.350959 -1177.959380 -1178.407947 -1179.060831 -1181.683486 -1195.828573 -1280.267587 -1595.781332 -2776.522859 -3878.889167 -3877.225437 -3651.842754 -3063.969860 -2639.529905 -2380.919558 -2207.794975 -2067.672902 -1983.874848 -1930.140542 -1880.440125 -1828.703535 -1773.307237 -1715.223191 -1656.511796 -1598.331909 -1535.048587 -1298.845567 -1241.684987 -1189.539360 -1180.619845 -1179.338842 -1179.161598 -1179.135824 -1179.132673 -1179.133273 -1179.134360 -1179.135321 -1179.136076 -1179.136655 -1179.137101 -1179.137449 -1179.137726 -1179.137952 -1179.138141 -1179.138309 -1179.138473 -1179.138653 -1179.138878 -1179.139186 -1179.139639 -1179.140331 -1179.141418 -1179.143154 -1179.145972 -1179.150630 -1179.158500 -1179.172150 -1179.196535 -1179.241443 -1179.326560 -1179.492413 -1179.826205 -1180.531014 -1182.126218 -1186.020645 -1196.083076 -1223.732681 -9999.0 -9999.0
-9999.0 -9999.0 1086.306325 991.945751 897.482808 802.407437 706.960246 611.340097 515.664170 419.998261 324.379352 228.828346 133.356912 37.972942 -57.298983 -152.448531 -247.414286 -342.063625 -436.140056 -529.089289 -619.904526 -710.422858 -799.331168 -886.258417 -970.809145 -1030.098308 -1076.330202 -1110.466316 -1134.478983 -1150.689679 -1161.274636 -1168.009350 -1172.212613 -1174.801437 -1176.383530 -1177.350959 -1177.959380 -1178.407947 -1179.060831 -1181.683486 -1195.828573 -1280.267587 -1595.781332 -2776.522859 -3878.889167 -3877.225437 -3651.842754 -3063.969860 -2639.529905 -2380.919559 -2207.794975 -2067.672902 -1983.874848 -1930.140542 -1880.440125 -1828.703535 -1773.307237 -1715.223191 -1656.511796 -1598.331909 -1535.048587 -1298.845567 -1241.684987 -1189.539360 -1180.619845 -1179.338842 -1179.161598 -1179.135824 -1179.132673 -1179.133273 -1179.134360 -1179.135321 -1179.136076 -1179.136655 -1179.137101 -1179.137449 -1179.137726 -1179.137952 -1179.138141 -1179.138309 -1179.138473 -1179.138653 -1179.138878 -1179.139186 -1179.139639 -1179.140331 -1179.141418 -1179.143154 -1179.145972 -1179.150630 -1179.158500 -1179.172150 -1179.196535 -1179.241443 -1179.326560 -1179.492413 -1179.826205 -1180.531014 -1182.126218 -1186.020645 -1196.083076 -1223.732681 -9999.0 -9999.0
-9999.0 -9999.0 1086.305109 991.945086 897.482521 802.407326 706.960205 611.340081 515.664165 419.998259 324.379352 228.828346 133.356912 37.972942 -57.298983 -152.448531 -247.414286 -342.063624 -436.140056 -529.089289 -619.904526 -710.422858 -799.331167 -886.258417 -970.809144 -1030.098308 -1076.330202 -1110.466316 -1134.478983 -1150.689679 -1161.274636 -1168.009350 -1172.212613 -1174.801437 -1176.383530 -1177.350959 -1177.959380 -1178.407947 -1179.060831 -1181.683486 -1195.828573 -1280.267587 -1595.781332 -2776.522859 -3878.889167 -3877.225437 -3651.842754 -3063.969861 -2639.529905 -2380.919559 -2207.794976 -2067.672903 -1983.874848 -1930.140542 -1880.440125 -1828.703535 -1773.307238 -1715.223191 -1656.511796 -1598.331909 -1535.048588 -1298.845567 -1241.684987 -1189.539360 -1180.619845 -1179.338842 -1179.161598 -1179.135824 -1179.132673 -1179.133273 -1179.134360 -1179.135321 -1179.136076 -1179.136655 -1179.137101 -1179.137449 -1179.137726 -1179.137952 -1179.138141 -1179.138309 -1179.138473 -1179.138653 -1179.138878 -1179.139186 -1179.139639 -1179.140331 -1179.141418 -1179.143154 -1179.145972 -1179.150630 -1179.158500 -1179.172150 -1179.196535 -1179.241443 -1179.326560 -1179.492413 -1179.826205 -1180.531014 -1182.126218 -1186.020645 -1196.083076 -1223.732681 -9999.0 -9999.0
-9999.0 -9999.0 1086.302203 991.943901 897.482115 802.407189 706.960159 611.340066 515.664159 419.998257 324.379351 228.828346 133.356913 37.972942 -57.298983 -152.448531 -247.414285 -342.063624 -436.140056 -529.089288 -619.904525 -710.422858 -799.331167 -886.258416 -970.809144 -1030.098308 -1076.330202 -1110.466316 -1134.478983 -1150.689679 -1161.274636 -1168.009350 -1172.212613 -1174.801437 -1176.383530 -1177.350959 -1177.959380 -1178.407947 -1179.060831 -1181.683486 -1195.828573 -1280.267587 -1595.781333 -2776.522861 -3878.889167 -3877.225437 -3651.842755 -3063.969862 -2639.529906 -2380.919562 -2207.794978 -2067.672903 -1983.874849 -1930.140542 -1880.440125 -1828.703535 -1773.307238 -1715.223191 -1656.511797 -1598.331910 -1535.048588 -1298.845567 -1241.684987 -1189.539360 -1180.619845 -1179.338842 -1179.161598 -1179.135824 -1179.132673 -1179.133273 -1179.134360 -1179.135321 -1179.136076 -1179.136655 -1179.137101 -1179.137449 -1179.137726 -1179.137952 -1179.138141 -1179.138309 -1179.138473 -1179.138653 -1179.138878 -1179.139186 -1179.139639 -1179.140331 -1179.141418 -1179.143154 -1179.145972 -1179.150630 -1179.158500 -1179.172150 -1179.196535 -1179.241443 -1179.326560 -1179.492413 -1179.826205 -1180.531014 -1182.126218 -1186.020645 -1196.083076 -1223.732681 -9999.0 -9999.0
-9999.0 -9999.0 -9999.0 -9999.0 -9999.0 -9999.0 -9999.0 -9999.0 -9999.0 -9999.0 -9999.0 -9999.0 -9999.0 -9999.0 -9999.0 -9999.0 -9999.0 -9999.0 -9999.0 -9999.0 -9999.0 -9999.0 -9999.0 -9999.0 -9999.0 -9999.0 -9999.0 -9999.0 -9999.0 -9999.0 -9999.0 -9999.0 -9999.0 -9999.0 -9999.0 -9999.0 -9999.0 -9999.0 -9999.0 -9999.0 -9999.0 -9999.0 -9999.0 -9999.0 -9999.0 -9999.0 -9999.0 -9999.0 -9999.0 -9999.0 -9999.0 -9999.0 -9999.0 -9999.0 -9999.0 -9999.0 -9999.0 -9999.0 -9999.0 -9999.0 -9999.0 -9999.0 -9999.0 -9999.0 -9999.0 -9999.0 -9999.0 -9999.0 -9999.0 -9999.0 -9999.0 -9999.0 -9999.0 -9999.0 -9999.0 -9999.0 -9999.0 -9999.0 -9999.0 -9999.0 -9999.0 -9999.0 -9999.0 -9999.0 -9999.0 -9999.0 -9999.0 -9999.0 -9999.0 -9999.0 -9999.0 -9999.0 -9999.0 -9999.0 -9999.0 -9999.0 -9999.0 -9999.0 -9999.0 -9999.0 -9999.0 -9999.0 -9999.0 -9999.0
-9999.0 -9999.0 -9999.0 -9999.0 -9999.0 -9999.0 -9999.0 -9999.0 -9999.0 -9999.0 -9999.0 -9999.0 -9999.0 -9999.0 -9999.0 -9999.0 -9999.0 -9999.0 -9999.0 -9999.0 -9999.0 -9999.0 -9999.0 -9999.0 -9999.0 -9999.0 -9999.0 -9999.0 -9999.0 -9999.0 -9999.0 -9999.0 -9999.0 -9999.0 -9999.0 -9999.0 -9999.0 -9999.0 -9999.0 -9999.0 -9999.0 -9999.0 -9999.0 -9999.0 -9999.0 -9999.0 -9999.0 -9999.0 -9999.0 -9999.0 -9999.0 -9999.0 -9999.0 -9999.0 -9999.0 -9999.0 -9999.0 -9999.0 -9999.0 -9999.0 -9999.0 -9999.0 -9999.0 -9999.0 -9999.0 -9999.0 -9999.0 -9999.0 -9999.0 -9999.0 -9999.0 -9999.0 -9999.0 -9999.0 -9999.0 -9999.0 -9999.0 -9999.0 -9999.0 -9999.0 -9999.0 -9999.0 -9999.0 -9999.0 -9999.0 -9999.0 -9999.0 -9999.0 -9999.0 -9999.0 -9999.0 -9999.0 -9999.0 -9999.0 -9999.0 -9999.0 -9999.0 -9999.0 -9999.0 -9999.0 -9999.0 -9999.0 -9999.0 -9999.0