inst/processing_geotop_simulation/geotop_simulation/out/maps3D/PwL0014N0388.asc
ncols         104
nrows         10
xllcorner     -2.000000
yllcorner     0.000000
cellsize      1.000000
NODATA_value  -9999.0
-9999.0 -9999.0 -9999.0 -9999.0 -9999.0 -9999.0 -9999.0 -9999.0 -9999.0 -9999.0 -9999.0 -9999.0 -9999.0 -9999.0 -9999.0 -9999.0 -9999.0 -9999.0 -9999.0 -9999.0 -9999.0 -9999.0 -9999.0 -9999.0 -9999.0 -9999.0 -9999.0 -9999.0 -9999.0 -9999.0 -9999.0 -9999.0 -9999.0 -9999.0 -9999.0 -9999.0 -9999.0 -9999.0 -9999.0 -9999.0 -9999.0 -9999.0 -9999.0 -9999.0 -9999.0 -9999.0 -9999.0 -9999.0 -9999.0 -9999.0 -9999.0 -9999.0 -9999.0 -9999.0 -9999.0 -9999.0 -9999.0 -9999.0 -9999.0 -9999.0 -9999.0 -9999.0 -9999.0 -9999.0 -9999.0 -9999.0 -9999.0 -9999.0 -9999.0 -9999.0 -9999.0 -9999.0 -9999.0 -9999.0 -9999.0 -9999.0 -9999.0 -9999.0 -9999.0 -9999.0 -9999.0 -9999.0 -9999.0 -9999.0 -9999.0 -9999.0 -9999.0 -9999.0 -9999.0 -9999.0 -9999.0 -9999.0 -9999.0 -9999.0 -9999.0 -9999.0 -9999.0 -9999.0 -9999.0 -9999.0 -9999.0 -9999.0 -9999.0 -9999.0
-9999.0 -9999.0 -9999.0 -9999.0 -9999.0 -9999.0 -9999.0 -9999.0 -9999.0 -9999.0 -9999.0 -9999.0 -9999.0 -9999.0 -9999.0 -9999.0 -9999.0 -9999.0 -9999.0 -9999.0 -9999.0 -9999.0 -9999.0 -9999.0 -9999.0 -9999.0 -9999.0 -9999.0 -9999.0 -9999.0 -9999.0 -9999.0 -9999.0 -9999.0 -9999.0 -9999.0 -9999.0 -9999.0 -9999.0 -9999.0 -9999.0 -9999.0 -9999.0 -9999.0 -9999.0 -9999.0 -9999.0 -9999.0 -9999.0 -9999.0 -9999.0 -9999.0 -9999.0 -9999.0 -9999.0 -9999.0 -9999.0 -9999.0 -9999.0 -9999.0 -9999.0 -9999.0 -9999.0 -9999.0 -9999.0 -9999.0 -9999.0 -9999.0 -9999.0 -9999.0 -9999.0 -9999.0 -9999.0 -9999.0 -9999.0 -9999.0 -9999.0 -9999.0 -9999.0 -9999.0 -9999.0 -9999.0 -9999.0 -9999.0 -9999.0 -9999.0 -9999.0 -9999.0 -9999.0 -9999.0 -9999.0 -9999.0 -9999.0 -9999.0 -9999.0 -9999.0 -9999.0 -9999.0 -9999.0 -9999.0 -9999.0 -9999.0 -9999.0 -9999.0
-9999.0 -9999.0 671.317735 572.678888 473.743638 374.610070 275.384296 176.119232 76.841298 -22.433632 -121.696873 -220.944640 -320.163073 -419.324579 -518.381189 -617.263879 -715.850173 -814.548496 -913.073558 -1011.366136 -1109.320222 -1204.255060 -1295.243211 -1379.936726 -1456.007252 -1521.725896 -1576.324049 -1620.040255 -1653.904790 -1679.402486 -1698.151864 -1711.677029 -1721.285734 -1728.030717 -1732.722370 -1735.967698 -1738.226678 -1739.915847 -1741.692550 -1745.131080 -1752.534098 -1757.410569 -1755.735589 -3876.622537 -3629.410712 -3356.534355 -3224.757102 -3207.302748 -3205.530410 -3205.711285 -3206.168945 -3206.659545 -3207.130564 -3207.566465 -3207.969869 -3208.429430 -3209.817457 -3219.619045 -3287.430657 -3439.674038 -3503.184502 -1578.416285 -1717.490448 -1744.467537 -1744.251171 -1743.338376 -1743.083869 -1743.033368 -1743.025013 -1743.024137 -1743.024457 -1743.024893 -1743.025271 -1743.025576 -1743.025823 -1743.026027 -1743.026200 -1743.026352 -1743.026488 -1743.026618 -1743.026749 -1743.026892 -1743.027059 -1743.027273 -1743.027563 -1743.027979 -1743.028602 -1743.029567 -1743.031108 -1743.033642 -1743.037939 -1743.045466 -1743.059096 -1743.084599 -1743.133871 -1743.232424 -1743.438153 -1743.891954 -1744.963285 -1747.707690 -1755.500166 -1780.698525 -9999.0 -9999.0
-9999.0 -9999.0 671.321946 572.680248 473.744044 374.610196 275.384338 176.119247 76.841304 -22.433629 -121.696872 -220.944640 -320.163073 -419.324579 -518.381189 -617.263879 -715.850173 -814.548496 -913.073558 -1011.366137 -1109.320223 -1204.255060 -1295.243211 -1379.936726 -1456.007252 -1521.725896 -1576.324049 -1620.040255 -1653.904790 -1679.402486 -1698.151864 -1711.677029 -1721.285734 -1728.030717 -1732.722370 -1735.967698 -1738.226678 -1739.915847 -1741.692550 -1745.131080 -1752.534098 -1757.410569 -1755.735588 -3876.622535 -3629.410709 -3356.534347 -3224.757103 -3207.302748 -3205.530410 -3205.711285 -3206.168945 -3206.659545 -3207.130564 -3207.566465 -3207.969869 -3208.429430 -3209.817457 -3219.619045 -3287.430657 -3439.674037 -3503.184502 -1578.416285 -1717.490448 -1744.467537 -1744.251171 -1743.338376 -1743.083869 -1743.033368 -1743.025013 -1743.024137 -1743.024457 -1743.024893 -1743.025271 -1743.025576 -1743.025823 -1743.026027 -1743.026200 -1743.026352 -1743.026488 -1743.026618 -1743.026749 -1743.026892 -1743.027059 -1743.027273 -1743.027563 -1743.027979 -1743.028602 -1743.029567 -1743.031108 -1743.033642 -1743.037939 -1743.045466 -1743.059096 -1743.084599 -1743.133871 -1743.232424 -1743.438153 -1743.891954 -1744.963285 -1747.707690 -1755.500166 -1780.698525 -9999.0 -9999.0
-9999.0 -9999.0 671.323208 572.680908 473.744314 374.610297 275.384375 176.119260 76.841309 -22.433627 -121.696871 -220.944639 -320.163073 -419.324578 -518.381189 -617.263879 -715.850174 -814.548496 -913.073559 -1011.366137 -1109.320223 -1204.255060 -1295.243211 -1379.936726 -1456.007252 -1521.725897 -1576.324049 -1620.040255 -1653.904790 -1679.402486 -1698.151864 -1711.677029 -1721.285734 -1728.030717 -1732.722370 -1735.967698 -1738.226678 -1739.915847 -1741.692550 -1745.131080 -1752.534098 -1757.410569 -1755.735588 -3876.622535 -3629.410708 -3356.534343 -3224.757102 -3207.302748 -3205.530410 -3205.711285 -3206.168945 -3206.659545 -3207.130564 -3207.566465 -3207.969869 -3208.429430 -3209.817457 -3219.619045 -3287.430657 -3439.674037 -3503.184501 -1578.416285 -1717.490448 -1744.467537 -1744.251171 -1743.338376 -1743.083869 -1743.033368 -1743.025013 -1743.024137 -1743.024457 -1743.024893 -1743.025271 -1743.025576 -1743.025823 -1743.026027 -1743.026200 -1743.026352 -1743.026488 -1743.026618 -1743.026749 -1743.026892 -1743.027059 -1743.027273 -1743.027563 -1743.027979 -1743.028602 -1743.029567 -1743.031108 -1743.033642 -1743.037939 -1743.045466 -1743.059096 -1743.084599 -1743.133871 -1743.232424 -1743.438153 -1743.891954 -1744.963285 -1747.707690 -1755.500166 -1780.698525 -9999.0 -9999.0
-9999.0 -9999.0 671.323208 572.680908 473.744314 374.610297 275.384374 176.119260 76.841309 -22.433627 -121.696871 -220.944639 -320.163073 -419.324579 -518.381189 -617.263880 -715.850173 -814.548497 -913.073559 -1011.366137 -1109.320223 -1204.255060 -1295.243211 -1379.936726 -1456.007252 -1521.725897 -1576.324049 -1620.040255 -1653.904790 -1679.402486 -1698.151864 -1711.677029 -1721.285734 -1728.030717 -1732.722370 -1735.967698 -1738.226678 -1739.915847 -1741.692550 -1745.131080 -1752.534098 -1757.410569 -1755.735588 -3876.622535 -3629.410708 -3356.534343 -3224.757102 -3207.302748 -3205.530410 -3205.711285 -3206.168945 -3206.659545 -3207.130564 -3207.566465 -3207.969869 -3208.429430 -3209.817457 -3219.619045 -3287.430657 -3439.674037 -3503.184501 -1578.416285 -1717.490448 -1744.467537 -1744.251171 -1743.338376 -1743.083869 -1743.033368 -1743.025013 -1743.024137 -1743.024457 -1743.024893 -1743.025271 -1743.025576 -1743.025823 -1743.026027 -1743.026200 -1743.026352 -1743.026488 -1743.026618 -1743.026749 -1743.026892 -1743.027059 -1743.027273 -1743.027563 -1743.027979 -1743.028602 -1743.029567 -1743.031108 -1743.033642 -1743.037939 -1743.045466 -1743.059096 -1743.084599 -1743.133871 -1743.232424 -1743.438153 -1743.891954 -1744.963285 -1747.707690 -1755.500166 -1780.698525 -9999.0 -9999.0
-9999.0 -9999.0 671.321946 572.680248 473.744045 374.610196 275.384338 176.119247 76.841304 -22.433629 -121.696872 -220.944640 -320.163073 -419.324578 -518.381189 -617.263879 -715.850173 -814.548496 -913.073558 -1011.366137 -1109.320223 -1204.255060 -1295.243211 -1379.936726 -1456.007252 -1521.725896 -1576.324049 -1620.040255 -1653.904790 -1679.402486 -1698.151864 -1711.677029 -1721.285734 -1728.030717 -1732.722370 -1735.967698 -1738.226678 -1739.915847 -1741.692550 -1745.131080 -1752.534098 -1757.410569 -1755.735588 -3876.622535 -3629.410709 -3356.534347 -3224.757103 -3207.302748 -3205.530410 -3205.711285 -3206.168945 -3206.659545 -3207.130564 -3207.566465 -3207.969869 -3208.429430 -3209.817457 -3219.619045 -3287.430657 -3439.674037 -3503.184502 -1578.416285 -1717.490448 -1744.467537 -1744.251171 -1743.338376 -1743.083869 -1743.033368 -1743.025013 -1743.024137 -1743.024457 -1743.024893 -1743.025271 -1743.025576 -1743.025823 -1743.026027 -1743.026200 -1743.026352 -1743.026488 -1743.026618 -1743.026749 -1743.026892 -1743.027059 -1743.027273 -1743.027563 -1743.027979 -1743.028602 -1743.029567 -1743.031108 -1743.033642 -1743.037939 -1743.045466 -1743.059096 -1743.084599 -1743.133871 -1743.232424 -1743.438153 -1743.891954 -1744.963285 -1747.707690 -1755.500166 -1780.698525 -9999.0 -9999.0
-9999.0 -9999.0 671.317735 572.678888 473.743638 374.610070 275.384296 176.119232 76.841298 -22.433632 -121.696873 -220.944640 -320.163073 -419.324579 -518.381189 -617.263879 -715.850173 -814.548496 -913.073558 -1011.366136 -1109.320222 -1204.255060 -1295.243211 -1379.936726 -1456.007252 -1521.725896 -1576.324049 -1620.040255 -1653.904790 -1679.402486 -1698.151864 -1711.677029 -1721.285734 -1728.030717 -1732.722370 -1735.967698 -1738.226678 -1739.915847 -1741.692550 -1745.131080 -1752.534098 -1757.410569 -1755.735589 -3876.622537 -3629.410712 -3356.534355 -3224.757102 -3207.302748 -3205.530410 -3205.711285 -3206.168945 -3206.659545 -3207.130564 -3207.566465 -3207.969869 -3208.429430 -3209.817457 -3219.619045 -3287.430657 -3439.674038 -3503.184502 -1578.416285 -1717.490448 -1744.467537 -1744.251171 -1743.338376 -1743.083869 -1743.033368 -1743.025013 -1743.024137 -1743.024457 -1743.024893 -1743.025271 -1743.025576 -1743.025823 -1743.026027 -1743.026200 -1743.026352 -1743.026488 -1743.026618 -1743.026749 -1743.026892 -1743.027059 -1743.027273 -1743.027563 -1743.027979 -1743.028602 -1743.029567 -1743.031108 -1743.033642 -1743.037939 -1743.045466 -1743.059096 -1743.084599 -1743.133871 -1743.232424 -1743.438153 -1743.891954 -1744.963285 -1747.707690 -1755.500166 -1780.698525 -9999.0 -9999.0
-9999.0 -9999.0 -9999.0 -9999.0 -9999.0 -9999.0 -9999.0 -9999.0 -9999.0 -9999.0 -9999.0 -9999.0 -9999.0 -9999.0 -9999.0 -9999.0 -9999.0 -9999.0 -9999.0 -9999.0 -9999.0 -9999.0 -9999.0 -9999.0 -9999.0 -9999.0 -9999.0 -9999.0 -9999.0 -9999.0 -9999.0 -9999.0 -9999.0 -9999.0 -9999.0 -9999.0 -9999.0 -9999.0 -9999.0 -9999.0 -9999.0 -9999.0 -9999.0 -9999.0 -9999.0 -9999.0 -9999.0 -9999.0 -9999.0 -9999.0 -9999.0 -9999.0 -9999.0 -9999.0 -9999.0 -9999.0 -9999.0 -9999.0 -9999.0 -9999.0 -9999.0 -9999.0 -9999.0 -9999.0 -9999.0 -9999.0 -9999.0 -9999.0 -9999.0 -9999.0 -9999.0 -9999.0 -9999.0 -9999.0 -9999.0 -9999.0 -9999.0 -9999.0 -9999.0 -9999.0 -9999.0 -9999.0 -9999.0 -9999.0 -9999.0 -9999.0 -9999.0 -9999.0 -9999.0 -9999.0 -9999.0 -9999.0 -9999.0 -9999.0 -9999.0 -9999.0 -9999.0 -9999.0 -9999.0 -9999.0 -9999.0 -9999.0 -9999.0 -9999.0
-9999.0 -9999.0 -9999.0 -9999.0 -9999.0 -9999.0 -9999.0 -9999.0 -9999.0 -9999.0 -9999.0 -9999.0 -9999.0 -9999.0 -9999.0 -9999.0 -9999.0 -9999.0 -9999.0 -9999.0 -9999.0 -9999.0 -9999.0 -9999.0 -9999.0 -9999.0 -9999.0 -9999.0 -9999.0 -9999.0 -9999.0 -9999.0 -9999.0 -9999.0 -9999.0 -9999.0 -9999.0 -9999.0 -9999.0 -9999.0 -9999.0 -9999.0 -9999.0 -9999.0 -9999.0 -9999.0 -9999.0 -9999.0 -9999.0 -9999.0 -9999.0 -9999.0 -9999.0 -9999.0 -9999.0 -9999.0 -9999.0 -9999.0 -9999.0 -9999.0 -9999.0 -9999.0 -9999.0 -9999.0 -9999.0 -9999.0 -9999.0 -9999.0 -9999.0 -9999.0 -9999.0 -9999.0 -9999.0 -9999.0 -9999.0 -9999.0 -9999.0 -9999.0 -9999.0 -9999.0 -9999.0 -9999.0 -9999.0 -9999.0 -9999.0 -9999.0 -9999.0 -9999.0 -9999.0 -9999.0 -9999.0 -9999.0 -9999.0 -9999.0 -9999.0 -9999.0 -9999.0 -9999.0 -9999.0 -9999.0 -9999.0 -9999.0 -9999.0 -9999.0