inst/processing_geotop_simulation/geotop_simulation/out/maps3D/PwL0018N0454.asc
ncols         104
nrows         10
xllcorner     -2.000000
yllcorner     0.000000
cellsize      1.000000
NODATA_value  -9999.0
-9999.0 -9999.0 -9999.0 -9999.0 -9999.0 -9999.0 -9999.0 -9999.0 -9999.0 -9999.0 -9999.0 -9999.0 -9999.0 -9999.0 -9999.0 -9999.0 -9999.0 -9999.0 -9999.0 -9999.0 -9999.0 -9999.0 -9999.0 -9999.0 -9999.0 -9999.0 -9999.0 -9999.0 -9999.0 -9999.0 -9999.0 -9999.0 -9999.0 -9999.0 -9999.0 -9999.0 -9999.0 -9999.0 -9999.0 -9999.0 -9999.0 -9999.0 -9999.0 -9999.0 -9999.0 -9999.0 -9999.0 -9999.0 -9999.0 -9999.0 -9999.0 -9999.0 -9999.0 -9999.0 -9999.0 -9999.0 -9999.0 -9999.0 -9999.0 -9999.0 -9999.0 -9999.0 -9999.0 -9999.0 -9999.0 -9999.0 -9999.0 -9999.0 -9999.0 -9999.0 -9999.0 -9999.0 -9999.0 -9999.0 -9999.0 -9999.0 -9999.0 -9999.0 -9999.0 -9999.0 -9999.0 -9999.0 -9999.0 -9999.0 -9999.0 -9999.0 -9999.0 -9999.0 -9999.0 -9999.0 -9999.0 -9999.0 -9999.0 -9999.0 -9999.0 -9999.0 -9999.0 -9999.0 -9999.0 -9999.0 -9999.0 -9999.0 -9999.0 -9999.0
-9999.0 -9999.0 -9999.0 -9999.0 -9999.0 -9999.0 -9999.0 -9999.0 -9999.0 -9999.0 -9999.0 -9999.0 -9999.0 -9999.0 -9999.0 -9999.0 -9999.0 -9999.0 -9999.0 -9999.0 -9999.0 -9999.0 -9999.0 -9999.0 -9999.0 -9999.0 -9999.0 -9999.0 -9999.0 -9999.0 -9999.0 -9999.0 -9999.0 -9999.0 -9999.0 -9999.0 -9999.0 -9999.0 -9999.0 -9999.0 -9999.0 -9999.0 -9999.0 -9999.0 -9999.0 -9999.0 -9999.0 -9999.0 -9999.0 -9999.0 -9999.0 -9999.0 -9999.0 -9999.0 -9999.0 -9999.0 -9999.0 -9999.0 -9999.0 -9999.0 -9999.0 -9999.0 -9999.0 -9999.0 -9999.0 -9999.0 -9999.0 -9999.0 -9999.0 -9999.0 -9999.0 -9999.0 -9999.0 -9999.0 -9999.0 -9999.0 -9999.0 -9999.0 -9999.0 -9999.0 -9999.0 -9999.0 -9999.0 -9999.0 -9999.0 -9999.0 -9999.0 -9999.0 -9999.0 -9999.0 -9999.0 -9999.0 -9999.0 -9999.0 -9999.0 -9999.0 -9999.0 -9999.0 -9999.0 -9999.0 -9999.0 -9999.0 -9999.0 -9999.0
-9999.0 -9999.0 868.924994 769.794853 670.560768 571.211147 471.801524 372.365607 272.921458 173.478823 74.043108 -25.380786 -124.790154 -224.183653 -323.550762 -422.873322 -522.117843 -621.225757 -720.099053 -819.041860 -917.802700 -1016.273256 -1114.270394 -1208.472593 -1298.114787 -1381.131914 -1455.604188 -1520.130770 -1574.089949 -1617.696094 -1651.853456 -1677.891734 -1697.292337 -1711.479779 -1721.701500 -1728.985497 -1734.160563 -1737.957933 -1741.300287 -1745.862702 -1753.653406 -1762.752080 -1913.529420 -3987.735270 -4084.139587 -4084.156277 -4084.114898 -4083.755166 -4082.318830 -4078.277099 -4068.711758 -4045.631270 -4014.090135 -3979.947601 -3933.270848 -3863.243247 -3756.827969 -3604.705177 -3410.615833 -3191.410818 -2878.892979 -1662.950300 -1718.358827 -1745.917081 -1746.913078 -1746.140963 -1745.869616 -1745.808674 -1745.797646 -1745.796255 -1745.796513 -1745.796982 -1745.797423 -1745.797808 -1745.798147 -1745.798452 -1745.798734 -1745.799001 -1745.799259 -1745.799517 -1745.799780 -1745.800060 -1745.800369 -1745.800726 -1745.801159 -1745.801714 -1745.802465 -1745.803538 -1745.805147 -1745.807681 -1745.811859 -1745.819057 -1745.831994 -1745.856180 -1745.903168 -1745.998323 -1746.200789 -1746.658089 -1747.764622 -1750.661265 -1758.971614 -1785.457201 -9999.0 -9999.0
-9999.0 -9999.0 868.927997 769.795951 670.561119 571.211261 471.801562 372.365621 272.921463 173.478825 74.043110 -25.380786 -124.790154 -224.183653 -323.550761 -422.873322 -522.117843 -621.225757 -720.099053 -819.041860 -917.802700 -1016.273257 -1114.270394 -1208.472593 -1298.114787 -1381.131914 -1455.604188 -1520.130770 -1574.089949 -1617.696094 -1651.853456 -1677.891734 -1697.292337 -1711.479779 -1721.701500 -1728.985497 -1734.160563 -1737.957933 -1741.300287 -1745.862702 -1753.653406 -1762.752080 -1913.529419 -3987.735270 -4084.139587 -4084.156277 -4084.114898 -4083.755166 -4082.318830 -4078.277099 -4068.711758 -4045.631270 -4014.090135 -3979.947601 -3933.270848 -3863.243247 -3756.827968 -3604.705177 -3410.615832 -3191.410818 -2878.892979 -1662.950300 -1718.358827 -1745.917081 -1746.913078 -1746.140963 -1745.869615 -1745.808674 -1745.797645 -1745.796255 -1745.796513 -1745.796982 -1745.797423 -1745.797808 -1745.798147 -1745.798452 -1745.798734 -1745.799001 -1745.799259 -1745.799516 -1745.799780 -1745.800060 -1745.800369 -1745.800726 -1745.801159 -1745.801714 -1745.802465 -1745.803538 -1745.805147 -1745.807681 -1745.811859 -1745.819057 -1745.831994 -1745.856180 -1745.903168 -1745.998323 -1746.200789 -1746.658089 -1747.764622 -1750.661265 -1758.971614 -1785.457201 -9999.0 -9999.0
-9999.0 -9999.0 868.929079 769.796527 670.561360 571.211352 471.801596 372.365633 272.921468 173.478827 74.043110 -25.380785 -124.790153 -224.183652 -323.550761 -422.873322 -522.117843 -621.225757 -720.099053 -819.041860 -917.802700 -1016.273257 -1114.270395 -1208.472593 -1298.114788 -1381.131914 -1455.604188 -1520.130770 -1574.089949 -1617.696094 -1651.853456 -1677.891734 -1697.292337 -1711.479779 -1721.701500 -1728.985497 -1734.160563 -1737.957933 -1741.300287 -1745.862702 -1753.653406 -1762.752080 -1913.529419 -3987.735270 -4084.139587 -4084.156277 -4084.114898 -4083.755166 -4082.318830 -4078.277099 -4068.711758 -4045.631270 -4014.090135 -3979.947601 -3933.270848 -3863.243246 -3756.827968 -3604.705177 -3410.615832 -3191.410818 -2878.892978 -1662.950300 -1718.358827 -1745.917081 -1746.913078 -1746.140963 -1745.869615 -1745.808674 -1745.797645 -1745.796255 -1745.796513 -1745.796982 -1745.797423 -1745.797808 -1745.798147 -1745.798452 -1745.798734 -1745.799001 -1745.799259 -1745.799516 -1745.799780 -1745.800060 -1745.800369 -1745.800726 -1745.801159 -1745.801714 -1745.802465 -1745.803538 -1745.805147 -1745.807681 -1745.811859 -1745.819057 -1745.831994 -1745.856180 -1745.903168 -1745.998323 -1746.200789 -1746.658089 -1747.764622 -1750.661265 -1758.971614 -1785.457201 -9999.0 -9999.0
-9999.0 -9999.0 868.929079 769.796527 670.561360 571.211352 471.801596 372.365633 272.921468 173.478827 74.043110 -25.380785 -124.790153 -224.183652 -323.550761 -422.873322 -522.117843 -621.225757 -720.099053 -819.041860 -917.802700 -1016.273257 -1114.270395 -1208.472593 -1298.114788 -1381.131914 -1455.604188 -1520.130770 -1574.089949 -1617.696094 -1651.853456 -1677.891734 -1697.292337 -1711.479779 -1721.701500 -1728.985497 -1734.160563 -1737.957933 -1741.300287 -1745.862702 -1753.653406 -1762.752080 -1913.529419 -3987.735270 -4084.139587 -4084.156277 -4084.114898 -4083.755166 -4082.318830 -4078.277099 -4068.711758 -4045.631270 -4014.090135 -3979.947601 -3933.270848 -3863.243246 -3756.827968 -3604.705177 -3410.615832 -3191.410818 -2878.892979 -1662.950300 -1718.358827 -1745.917081 -1746.913078 -1746.140963 -1745.869615 -1745.808674 -1745.797645 -1745.796255 -1745.796513 -1745.796982 -1745.797423 -1745.797808 -1745.798147 -1745.798452 -1745.798734 -1745.799001 -1745.799259 -1745.799516 -1745.799780 -1745.800060 -1745.800369 -1745.800726 -1745.801159 -1745.801714 -1745.802465 -1745.803538 -1745.805147 -1745.807681 -1745.811859 -1745.819057 -1745.831994 -1745.856180 -1745.903168 -1745.998323 -1746.200789 -1746.658089 -1747.764622 -1750.661265 -1758.971614 -1785.457201 -9999.0 -9999.0
-9999.0 -9999.0 868.927997 769.795951 670.561119 571.211261 471.801562 372.365621 272.921463 173.478825 74.043110 -25.380785 -124.790154 -224.183653 -323.550762 -422.873322 -522.117843 -621.225757 -720.099053 -819.041860 -917.802700 -1016.273257 -1114.270394 -1208.472593 -1298.114787 -1381.131914 -1455.604188 -1520.130770 -1574.089949 -1617.696094 -1651.853456 -1677.891734 -1697.292337 -1711.479779 -1721.701500 -1728.985497 -1734.160563 -1737.957933 -1741.300287 -1745.862702 -1753.653406 -1762.752080 -1913.529419 -3987.735270 -4084.139587 -4084.156277 -4084.114898 -4083.755166 -4082.318830 -4078.277099 -4068.711758 -4045.631270 -4014.090135 -3979.947601 -3933.270848 -3863.243246 -3756.827968 -3604.705177 -3410.615833 -3191.410818 -2878.892979 -1662.950300 -1718.358827 -1745.917081 -1746.913078 -1746.140963 -1745.869615 -1745.808674 -1745.797645 -1745.796255 -1745.796513 -1745.796982 -1745.797423 -1745.797808 -1745.798147 -1745.798452 -1745.798734 -1745.799001 -1745.799259 -1745.799516 -1745.799780 -1745.800060 -1745.800369 -1745.800726 -1745.801159 -1745.801714 -1745.802465 -1745.803538 -1745.805147 -1745.807681 -1745.811859 -1745.819057 -1745.831994 -1745.856180 -1745.903168 -1745.998323 -1746.200789 -1746.658089 -1747.764622 -1750.661265 -1758.971614 -1785.457201 -9999.0 -9999.0
-9999.0 -9999.0 868.924994 769.794853 670.560768 571.211147 471.801524 372.365607 272.921458 173.478822 74.043108 -25.380786 -124.790154 -224.183653 -323.550762 -422.873322 -522.117843 -621.225757 -720.099052 -819.041860 -917.802700 -1016.273256 -1114.270394 -1208.472593 -1298.114787 -1381.131914 -1455.604188 -1520.130770 -1574.089949 -1617.696094 -1651.853456 -1677.891734 -1697.292337 -1711.479779 -1721.701500 -1728.985497 -1734.160563 -1737.957933 -1741.300287 -1745.862702 -1753.653406 -1762.752080 -1913.529420 -3987.735270 -4084.139587 -4084.156277 -4084.114898 -4083.755166 -4082.318830 -4078.277099 -4068.711758 -4045.631270 -4014.090135 -3979.947601 -3933.270848 -3863.243247 -3756.827969 -3604.705178 -3410.615833 -3191.410819 -2878.892980 -1662.950300 -1718.358827 -1745.917081 -1746.913078 -1746.140963 -1745.869616 -1745.808674 -1745.797646 -1745.796255 -1745.796513 -1745.796982 -1745.797423 -1745.797808 -1745.798147 -1745.798452 -1745.798734 -1745.799001 -1745.799259 -1745.799517 -1745.799780 -1745.800060 -1745.800369 -1745.800726 -1745.801159 -1745.801714 -1745.802465 -1745.803538 -1745.805147 -1745.807681 -1745.811859 -1745.819057 -1745.831994 -1745.856180 -1745.903168 -1745.998323 -1746.200789 -1746.658089 -1747.764622 -1750.661265 -1758.971614 -1785.457201 -9999.0 -9999.0
-9999.0 -9999.0 -9999.0 -9999.0 -9999.0 -9999.0 -9999.0 -9999.0 -9999.0 -9999.0 -9999.0 -9999.0 -9999.0 -9999.0 -9999.0 -9999.0 -9999.0 -9999.0 -9999.0 -9999.0 -9999.0 -9999.0 -9999.0 -9999.0 -9999.0 -9999.0 -9999.0 -9999.0 -9999.0 -9999.0 -9999.0 -9999.0 -9999.0 -9999.0 -9999.0 -9999.0 -9999.0 -9999.0 -9999.0 -9999.0 -9999.0 -9999.0 -9999.0 -9999.0 -9999.0 -9999.0 -9999.0 -9999.0 -9999.0 -9999.0 -9999.0 -9999.0 -9999.0 -9999.0 -9999.0 -9999.0 -9999.0 -9999.0 -9999.0 -9999.0 -9999.0 -9999.0 -9999.0 -9999.0 -9999.0 -9999.0 -9999.0 -9999.0 -9999.0 -9999.0 -9999.0 -9999.0 -9999.0 -9999.0 -9999.0 -9999.0 -9999.0 -9999.0 -9999.0 -9999.0 -9999.0 -9999.0 -9999.0 -9999.0 -9999.0 -9999.0 -9999.0 -9999.0 -9999.0 -9999.0 -9999.0 -9999.0 -9999.0 -9999.0 -9999.0 -9999.0 -9999.0 -9999.0 -9999.0 -9999.0 -9999.0 -9999.0 -9999.0 -9999.0
-9999.0 -9999.0 -9999.0 -9999.0 -9999.0 -9999.0 -9999.0 -9999.0 -9999.0 -9999.0 -9999.0 -9999.0 -9999.0 -9999.0 -9999.0 -9999.0 -9999.0 -9999.0 -9999.0 -9999.0 -9999.0 -9999.0 -9999.0 -9999.0 -9999.0 -9999.0 -9999.0 -9999.0 -9999.0 -9999.0 -9999.0 -9999.0 -9999.0 -9999.0 -9999.0 -9999.0 -9999.0 -9999.0 -9999.0 -9999.0 -9999.0 -9999.0 -9999.0 -9999.0 -9999.0 -9999.0 -9999.0 -9999.0 -9999.0 -9999.0 -9999.0 -9999.0 -9999.0 -9999.0 -9999.0 -9999.0 -9999.0 -9999.0 -9999.0 -9999.0 -9999.0 -9999.0 -9999.0 -9999.0 -9999.0 -9999.0 -9999.0 -9999.0 -9999.0 -9999.0 -9999.0 -9999.0 -9999.0 -9999.0 -9999.0 -9999.0 -9999.0 -9999.0 -9999.0 -9999.0 -9999.0 -9999.0 -9999.0 -9999.0 -9999.0 -9999.0 -9999.0 -9999.0 -9999.0 -9999.0 -9999.0 -9999.0 -9999.0 -9999.0 -9999.0 -9999.0 -9999.0 -9999.0 -9999.0 -9999.0 -9999.0 -9999.0 -9999.0 -9999.0