inst/processing_geotop_simulation/geotop_simulation/out/maps3D/PwL0020N0127.asc
ncols         104
nrows         10
xllcorner     -2.000000
yllcorner     0.000000
cellsize      1.000000
NODATA_value  -9999.0
-9999.0 -9999.0 -9999.0 -9999.0 -9999.0 -9999.0 -9999.0 -9999.0 -9999.0 -9999.0 -9999.0 -9999.0 -9999.0 -9999.0 -9999.0 -9999.0 -9999.0 -9999.0 -9999.0 -9999.0 -9999.0 -9999.0 -9999.0 -9999.0 -9999.0 -9999.0 -9999.0 -9999.0 -9999.0 -9999.0 -9999.0 -9999.0 -9999.0 -9999.0 -9999.0 -9999.0 -9999.0 -9999.0 -9999.0 -9999.0 -9999.0 -9999.0 -9999.0 -9999.0 -9999.0 -9999.0 -9999.0 -9999.0 -9999.0 -9999.0 -9999.0 -9999.0 -9999.0 -9999.0 -9999.0 -9999.0 -9999.0 -9999.0 -9999.0 -9999.0 -9999.0 -9999.0 -9999.0 -9999.0 -9999.0 -9999.0 -9999.0 -9999.0 -9999.0 -9999.0 -9999.0 -9999.0 -9999.0 -9999.0 -9999.0 -9999.0 -9999.0 -9999.0 -9999.0 -9999.0 -9999.0 -9999.0 -9999.0 -9999.0 -9999.0 -9999.0 -9999.0 -9999.0 -9999.0 -9999.0 -9999.0 -9999.0 -9999.0 -9999.0 -9999.0 -9999.0 -9999.0 -9999.0 -9999.0 -9999.0 -9999.0 -9999.0 -9999.0 -9999.0
-9999.0 -9999.0 -9999.0 -9999.0 -9999.0 -9999.0 -9999.0 -9999.0 -9999.0 -9999.0 -9999.0 -9999.0 -9999.0 -9999.0 -9999.0 -9999.0 -9999.0 -9999.0 -9999.0 -9999.0 -9999.0 -9999.0 -9999.0 -9999.0 -9999.0 -9999.0 -9999.0 -9999.0 -9999.0 -9999.0 -9999.0 -9999.0 -9999.0 -9999.0 -9999.0 -9999.0 -9999.0 -9999.0 -9999.0 -9999.0 -9999.0 -9999.0 -9999.0 -9999.0 -9999.0 -9999.0 -9999.0 -9999.0 -9999.0 -9999.0 -9999.0 -9999.0 -9999.0 -9999.0 -9999.0 -9999.0 -9999.0 -9999.0 -9999.0 -9999.0 -9999.0 -9999.0 -9999.0 -9999.0 -9999.0 -9999.0 -9999.0 -9999.0 -9999.0 -9999.0 -9999.0 -9999.0 -9999.0 -9999.0 -9999.0 -9999.0 -9999.0 -9999.0 -9999.0 -9999.0 -9999.0 -9999.0 -9999.0 -9999.0 -9999.0 -9999.0 -9999.0 -9999.0 -9999.0 -9999.0 -9999.0 -9999.0 -9999.0 -9999.0 -9999.0 -9999.0 -9999.0 -9999.0 -9999.0 -9999.0 -9999.0 -9999.0 -9999.0 -9999.0
-9999.0 -9999.0 989.239418 896.217462 802.739340 708.416883 613.619405 518.605314 423.519601 328.441849 233.416023 138.466371 43.605835 -51.139696 -145.752802 -240.225566 -334.548554 -428.666037 -522.292917 -614.742284 -706.080073 -795.797645 -883.290012 -967.773997 -1027.555845 -1072.471680 -1104.017865 -1124.937990 -1138.174851 -1146.235147 -1150.994642 -1153.736721 -1155.286779 -1156.152138 -1156.633174 -1156.905198 -1157.076500 -1157.242237 -1157.649296 -1159.817705 -1173.070612 -1265.072540 -1975.821386 -3971.994718 -3985.147826 -3985.148292 -3985.135888 -3984.960002 -3983.959510 -3980.272669 -3969.260998 -3936.617882 -3886.332966 -3829.100662 -3749.399517 -3630.878591 -3457.928137 -3228.367108 -2962.648006 -2693.069598 -2428.031292 -1563.433999 -1228.040407 -1167.499611 -1158.819357 -1157.679576 -1157.526215 -1157.503469 -1157.500826 -1157.501648 -1157.502889 -1157.503963 -1157.504800 -1157.505438 -1157.505927 -1157.506308 -1157.506610 -1157.506855 -1157.507059 -1157.507240 -1157.507417 -1157.507612 -1157.507855 -1157.508191 -1157.508687 -1157.509446 -1157.510639 -1157.512545 -1157.515637 -1157.520740 -1157.529340 -1157.544215 -1157.570704 -1157.619331 -1157.711175 -1157.889218 -1158.244248 -1158.982157 -1160.617840 -1164.537527 -1174.552815 -1201.887272 -9999.0 -9999.0
-9999.0 -9999.0 989.242797 896.218776 802.739776 708.417027 613.619453 518.605331 423.519607 328.441851 233.416023 138.466371 43.605835 -51.139696 -145.752803 -240.225566 -334.548555 -428.666037 -522.292917 -614.742284 -706.080073 -795.797645 -883.290012 -967.773998 -1027.555845 -1072.471680 -1104.017865 -1124.937991 -1138.174851 -1146.235147 -1150.994642 -1153.736721 -1155.286779 -1156.152138 -1156.633174 -1156.905198 -1157.076500 -1157.242237 -1157.649296 -1159.817705 -1173.070612 -1265.072540 -1975.821386 -3971.994718 -3985.147826 -3985.148292 -3985.135888 -3984.960002 -3983.959510 -3980.272669 -3969.260998 -3936.617882 -3886.332966 -3829.100662 -3749.399516 -3630.878590 -3457.928136 -3228.367108 -2962.648004 -2693.069598 -2428.031292 -1563.433999 -1228.040407 -1167.499611 -1158.819357 -1157.679576 -1157.526215 -1157.503469 -1157.500826 -1157.501648 -1157.502889 -1157.503963 -1157.504800 -1157.505438 -1157.505927 -1157.506308 -1157.506610 -1157.506855 -1157.507059 -1157.507240 -1157.507417 -1157.507612 -1157.507855 -1157.508191 -1157.508687 -1157.509446 -1157.510639 -1157.512545 -1157.515637 -1157.520740 -1157.529340 -1157.544215 -1157.570704 -1157.619331 -1157.711175 -1157.889218 -1158.244248 -1158.982157 -1160.617840 -1164.537527 -1174.552815 -1201.887272 -9999.0 -9999.0
-9999.0 -9999.0 989.244115 896.219488 802.740079 708.417143 613.619496 518.605346 423.519612 328.441853 233.416024 138.466371 43.605835 -51.139697 -145.752803 -240.225566 -334.548555 -428.666038 -522.292917 -614.742285 -706.080073 -795.797645 -883.290012 -967.773998 -1027.555845 -1072.471680 -1104.017865 -1124.937991 -1138.174851 -1146.235147 -1150.994642 -1153.736721 -1155.286779 -1156.152138 -1156.633174 -1156.905198 -1157.076500 -1157.242237 -1157.649296 -1159.817705 -1173.070612 -1265.072540 -1975.821386 -3971.994718 -3985.147826 -3985.148292 -3985.135888 -3984.960002 -3983.959510 -3980.272669 -3969.260998 -3936.617882 -3886.332966 -3829.100662 -3749.399516 -3630.878590 -3457.928136 -3228.367107 -2962.648005 -2693.069597 -2428.031291 -1563.433998 -1228.040407 -1167.499611 -1158.819357 -1157.679576 -1157.526215 -1157.503469 -1157.500826 -1157.501648 -1157.502889 -1157.503963 -1157.504800 -1157.505438 -1157.505927 -1157.506308 -1157.506610 -1157.506855 -1157.507059 -1157.507240 -1157.507417 -1157.507612 -1157.507855 -1157.508191 -1157.508687 -1157.509446 -1157.510639 -1157.512545 -1157.515637 -1157.520740 -1157.529340 -1157.544215 -1157.570704 -1157.619331 -1157.711175 -1157.889218 -1158.244248 -1158.982157 -1160.617840 -1164.537527 -1174.552815 -1201.887272 -9999.0 -9999.0
-9999.0 -9999.0 989.244114 896.219488 802.740079 708.417143 613.619496 518.605346 423.519612 328.441853 233.416024 138.466372 43.605835 -51.139696 -145.752803 -240.225566 -334.548555 -428.666038 -522.292917 -614.742285 -706.080073 -795.797645 -883.290012 -967.773998 -1027.555845 -1072.471680 -1104.017865 -1124.937991 -1138.174851 -1146.235147 -1150.994642 -1153.736721 -1155.286779 -1156.152138 -1156.633174 -1156.905198 -1157.076500 -1157.242237 -1157.649296 -1159.817705 -1173.070612 -1265.072540 -1975.821386 -3971.994718 -3985.147826 -3985.148292 -3985.135888 -3984.960002 -3983.959510 -3980.272669 -3969.260998 -3936.617882 -3886.332966 -3829.100662 -3749.399516 -3630.878590 -3457.928135 -3228.367107 -2962.648004 -2693.069597 -2428.031291 -1563.433999 -1228.040407 -1167.499611 -1158.819357 -1157.679576 -1157.526215 -1157.503469 -1157.500826 -1157.501648 -1157.502889 -1157.503963 -1157.504800 -1157.505438 -1157.505927 -1157.506308 -1157.506610 -1157.506855 -1157.507059 -1157.507240 -1157.507417 -1157.507612 -1157.507855 -1157.508191 -1157.508687 -1157.509446 -1157.510639 -1157.512545 -1157.515637 -1157.520740 -1157.529340 -1157.544215 -1157.570704 -1157.619331 -1157.711175 -1157.889218 -1158.244248 -1158.982157 -1160.617840 -1164.537527 -1174.552815 -1201.887272 -9999.0 -9999.0
-9999.0 -9999.0 989.242797 896.218776 802.739776 708.417026 613.619453 518.605330 423.519607 328.441851 233.416024 138.466371 43.605835 -51.139696 -145.752803 -240.225566 -334.548554 -428.666037 -522.292917 -614.742284 -706.080073 -795.797645 -883.290012 -967.773998 -1027.555845 -1072.471680 -1104.017865 -1124.937991 -1138.174851 -1146.235147 -1150.994642 -1153.736721 -1155.286779 -1156.152138 -1156.633174 -1156.905198 -1157.076500 -1157.242237 -1157.649296 -1159.817705 -1173.070612 -1265.072540 -1975.821385 -3971.994718 -3985.147826 -3985.148292 -3985.135888 -3984.960002 -3983.959510 -3980.272669 -3969.260998 -3936.617882 -3886.332966 -3829.100662 -3749.399516 -3630.878590 -3457.928136 -3228.367107 -2962.648005 -2693.069597 -2428.031292 -1563.433999 -1228.040407 -1167.499611 -1158.819357 -1157.679576 -1157.526215 -1157.503469 -1157.500826 -1157.501648 -1157.502889 -1157.503963 -1157.504800 -1157.505438 -1157.505927 -1157.506308 -1157.506610 -1157.506855 -1157.507059 -1157.507240 -1157.507417 -1157.507612 -1157.507855 -1157.508191 -1157.508687 -1157.509446 -1157.510639 -1157.512545 -1157.515637 -1157.520740 -1157.529340 -1157.544215 -1157.570704 -1157.619331 -1157.711175 -1157.889218 -1158.244248 -1158.982157 -1160.617840 -1164.537527 -1174.552815 -1201.887272 -9999.0 -9999.0
-9999.0 -9999.0 989.239418 896.217462 802.739339 708.416883 613.619405 518.605314 423.519601 328.441849 233.416023 138.466371 43.605835 -51.139696 -145.752802 -240.225566 -334.548554 -428.666037 -522.292917 -614.742284 -706.080073 -795.797645 -883.290012 -967.773997 -1027.555845 -1072.471680 -1104.017865 -1124.937990 -1138.174851 -1146.235147 -1150.994642 -1153.736721 -1155.286779 -1156.152138 -1156.633174 -1156.905198 -1157.076500 -1157.242237 -1157.649296 -1159.817705 -1173.070612 -1265.072540 -1975.821386 -3971.994718 -3985.147826 -3985.148292 -3985.135888 -3984.960002 -3983.959510 -3980.272669 -3969.260998 -3936.617882 -3886.332966 -3829.100662 -3749.399517 -3630.878591 -3457.928137 -3228.367108 -2962.648005 -2693.069598 -2428.031293 -1563.433999 -1228.040407 -1167.499611 -1158.819357 -1157.679576 -1157.526215 -1157.503469 -1157.500826 -1157.501648 -1157.502889 -1157.503963 -1157.504800 -1157.505438 -1157.505927 -1157.506308 -1157.506610 -1157.506855 -1157.507059 -1157.507240 -1157.507417 -1157.507612 -1157.507855 -1157.508191 -1157.508687 -1157.509446 -1157.510639 -1157.512545 -1157.515637 -1157.520740 -1157.529340 -1157.544215 -1157.570704 -1157.619331 -1157.711175 -1157.889218 -1158.244248 -1158.982157 -1160.617840 -1164.537527 -1174.552815 -1201.887272 -9999.0 -9999.0
-9999.0 -9999.0 -9999.0 -9999.0 -9999.0 -9999.0 -9999.0 -9999.0 -9999.0 -9999.0 -9999.0 -9999.0 -9999.0 -9999.0 -9999.0 -9999.0 -9999.0 -9999.0 -9999.0 -9999.0 -9999.0 -9999.0 -9999.0 -9999.0 -9999.0 -9999.0 -9999.0 -9999.0 -9999.0 -9999.0 -9999.0 -9999.0 -9999.0 -9999.0 -9999.0 -9999.0 -9999.0 -9999.0 -9999.0 -9999.0 -9999.0 -9999.0 -9999.0 -9999.0 -9999.0 -9999.0 -9999.0 -9999.0 -9999.0 -9999.0 -9999.0 -9999.0 -9999.0 -9999.0 -9999.0 -9999.0 -9999.0 -9999.0 -9999.0 -9999.0 -9999.0 -9999.0 -9999.0 -9999.0 -9999.0 -9999.0 -9999.0 -9999.0 -9999.0 -9999.0 -9999.0 -9999.0 -9999.0 -9999.0 -9999.0 -9999.0 -9999.0 -9999.0 -9999.0 -9999.0 -9999.0 -9999.0 -9999.0 -9999.0 -9999.0 -9999.0 -9999.0 -9999.0 -9999.0 -9999.0 -9999.0 -9999.0 -9999.0 -9999.0 -9999.0 -9999.0 -9999.0 -9999.0 -9999.0 -9999.0 -9999.0 -9999.0 -9999.0 -9999.0
-9999.0 -9999.0 -9999.0 -9999.0 -9999.0 -9999.0 -9999.0 -9999.0 -9999.0 -9999.0 -9999.0 -9999.0 -9999.0 -9999.0 -9999.0 -9999.0 -9999.0 -9999.0 -9999.0 -9999.0 -9999.0 -9999.0 -9999.0 -9999.0 -9999.0 -9999.0 -9999.0 -9999.0 -9999.0 -9999.0 -9999.0 -9999.0 -9999.0 -9999.0 -9999.0 -9999.0 -9999.0 -9999.0 -9999.0 -9999.0 -9999.0 -9999.0 -9999.0 -9999.0 -9999.0 -9999.0 -9999.0 -9999.0 -9999.0 -9999.0 -9999.0 -9999.0 -9999.0 -9999.0 -9999.0 -9999.0 -9999.0 -9999.0 -9999.0 -9999.0 -9999.0 -9999.0 -9999.0 -9999.0 -9999.0 -9999.0 -9999.0 -9999.0 -9999.0 -9999.0 -9999.0 -9999.0 -9999.0 -9999.0 -9999.0 -9999.0 -9999.0 -9999.0 -9999.0 -9999.0 -9999.0 -9999.0 -9999.0 -9999.0 -9999.0 -9999.0 -9999.0 -9999.0 -9999.0 -9999.0 -9999.0 -9999.0 -9999.0 -9999.0 -9999.0 -9999.0 -9999.0 -9999.0 -9999.0 -9999.0 -9999.0 -9999.0 -9999.0 -9999.0