inst/processing_geotop_simulation/geotop_simulation/out/maps3D/PwL0015N0096.asc
ncols         104
nrows         10
xllcorner     -2.000000
yllcorner     0.000000
cellsize      1.000000
NODATA_value  -9999.0
-9999.0 -9999.0 -9999.0 -9999.0 -9999.0 -9999.0 -9999.0 -9999.0 -9999.0 -9999.0 -9999.0 -9999.0 -9999.0 -9999.0 -9999.0 -9999.0 -9999.0 -9999.0 -9999.0 -9999.0 -9999.0 -9999.0 -9999.0 -9999.0 -9999.0 -9999.0 -9999.0 -9999.0 -9999.0 -9999.0 -9999.0 -9999.0 -9999.0 -9999.0 -9999.0 -9999.0 -9999.0 -9999.0 -9999.0 -9999.0 -9999.0 -9999.0 -9999.0 -9999.0 -9999.0 -9999.0 -9999.0 -9999.0 -9999.0 -9999.0 -9999.0 -9999.0 -9999.0 -9999.0 -9999.0 -9999.0 -9999.0 -9999.0 -9999.0 -9999.0 -9999.0 -9999.0 -9999.0 -9999.0 -9999.0 -9999.0 -9999.0 -9999.0 -9999.0 -9999.0 -9999.0 -9999.0 -9999.0 -9999.0 -9999.0 -9999.0 -9999.0 -9999.0 -9999.0 -9999.0 -9999.0 -9999.0 -9999.0 -9999.0 -9999.0 -9999.0 -9999.0 -9999.0 -9999.0 -9999.0 -9999.0 -9999.0 -9999.0 -9999.0 -9999.0 -9999.0 -9999.0 -9999.0 -9999.0 -9999.0 -9999.0 -9999.0 -9999.0 -9999.0
-9999.0 -9999.0 -9999.0 -9999.0 -9999.0 -9999.0 -9999.0 -9999.0 -9999.0 -9999.0 -9999.0 -9999.0 -9999.0 -9999.0 -9999.0 -9999.0 -9999.0 -9999.0 -9999.0 -9999.0 -9999.0 -9999.0 -9999.0 -9999.0 -9999.0 -9999.0 -9999.0 -9999.0 -9999.0 -9999.0 -9999.0 -9999.0 -9999.0 -9999.0 -9999.0 -9999.0 -9999.0 -9999.0 -9999.0 -9999.0 -9999.0 -9999.0 -9999.0 -9999.0 -9999.0 -9999.0 -9999.0 -9999.0 -9999.0 -9999.0 -9999.0 -9999.0 -9999.0 -9999.0 -9999.0 -9999.0 -9999.0 -9999.0 -9999.0 -9999.0 -9999.0 -9999.0 -9999.0 -9999.0 -9999.0 -9999.0 -9999.0 -9999.0 -9999.0 -9999.0 -9999.0 -9999.0 -9999.0 -9999.0 -9999.0 -9999.0 -9999.0 -9999.0 -9999.0 -9999.0 -9999.0 -9999.0 -9999.0 -9999.0 -9999.0 -9999.0 -9999.0 -9999.0 -9999.0 -9999.0 -9999.0 -9999.0 -9999.0 -9999.0 -9999.0 -9999.0 -9999.0 -9999.0 -9999.0 -9999.0 -9999.0 -9999.0 -9999.0 -9999.0
-9999.0 -9999.0 736.687024 644.545479 550.917598 456.170910 360.894366 265.399842 169.847281 74.319548 -21.136269 -116.530039 -211.950049 -307.861467 -405.290845 -506.115394 -612.867869 -728.572487 -829.677293 -926.587742 -1015.561771 -1076.155021 -1098.861010 -1106.414893 -1107.518239 -1106.667546 -1105.701678 -1105.149598 -1105.016452 -1105.162313 -1105.449501 -1105.780862 -1106.099496 -1106.377469 -1106.604988 -1106.784439 -1106.933138 -1107.093653 -1107.374243 -1108.684158 -1118.887820 -1211.712015 -2104.780868 -4224.430604 -4232.673081 -4232.673267 -4232.673267 -4232.673267 -4232.673267 -4232.673267 -4232.673267 -4232.673267 -4232.673267 -4232.673267 -4232.673267 -4232.673267 -4232.673267 -4232.673267 -4232.673267 -4232.672919 -4219.508702 -1992.782514 -1184.601468 -1115.391378 -1108.328794 -1107.540684 -1107.428704 -1107.410128 -1107.408510 -1107.410042 -1107.411837 -1107.413329 -1107.414474 -1107.415341 -1107.416002 -1107.416515 -1107.416921 -1107.417248 -1107.417520 -1107.417758 -1107.417990 -1107.418244 -1107.418562 -1107.419000 -1107.419646 -1107.420637 -1107.422193 -1107.424673 -1107.428684 -1107.435274 -1107.446316 -1107.465278 -1107.498786 -1107.559831 -1107.674267 -1107.894008 -1108.324754 -1109.190874 -1111.011731 -1115.119971 -1125.135862 -1151.651352 -9999.0 -9999.0
-9999.0 -9999.0 736.691832 644.547094 550.918090 456.171064 360.894416 265.399858 169.847286 74.319549 -21.136269 -116.530039 -211.950049 -307.861468 -405.290846 -506.115394 -612.867869 -728.572487 -829.677293 -926.587742 -1015.561771 -1076.155021 -1098.861010 -1106.414893 -1107.518239 -1106.667546 -1105.701678 -1105.149598 -1105.016452 -1105.162313 -1105.449501 -1105.780862 -1106.099496 -1106.377469 -1106.604988 -1106.784439 -1106.933138 -1107.093653 -1107.374243 -1108.684158 -1118.887820 -1211.712015 -2104.780868 -4224.430604 -4232.673081 -4232.673267 -4232.673267 -4232.673267 -4232.673267 -4232.673267 -4232.673267 -4232.673267 -4232.673267 -4232.673267 -4232.673267 -4232.673267 -4232.673267 -4232.673267 -4232.673267 -4232.672919 -4219.508702 -1992.782514 -1184.601468 -1115.391378 -1108.328794 -1107.540684 -1107.428704 -1107.410128 -1107.408510 -1107.410042 -1107.411837 -1107.413329 -1107.414474 -1107.415341 -1107.416002 -1107.416515 -1107.416921 -1107.417248 -1107.417520 -1107.417758 -1107.417990 -1107.418244 -1107.418562 -1107.419000 -1107.419646 -1107.420637 -1107.422193 -1107.424673 -1107.428684 -1107.435274 -1107.446316 -1107.465278 -1107.498786 -1107.559831 -1107.674267 -1107.894008 -1108.324754 -1109.190874 -1111.011731 -1115.119971 -1125.135862 -1151.651352 -9999.0 -9999.0
-9999.0 -9999.0 736.693348 644.547890 550.918418 456.171187 360.894460 265.399874 169.847292 74.319551 -21.136268 -116.530039 -211.950049 -307.861468 -405.290846 -506.115394 -612.867869 -728.572487 -829.677293 -926.587742 -1015.561771 -1076.155021 -1098.861010 -1106.414893 -1107.518239 -1106.667546 -1105.701678 -1105.149598 -1105.016452 -1105.162313 -1105.449501 -1105.780862 -1106.099496 -1106.377469 -1106.604988 -1106.784439 -1106.933138 -1107.093653 -1107.374243 -1108.684158 -1118.887820 -1211.712015 -2104.780868 -4224.430604 -4232.673081 -4232.673267 -4232.673267 -4232.673267 -4232.673267 -4232.673267 -4232.673267 -4232.673267 -4232.673267 -4232.673267 -4232.673267 -4232.673267 -4232.673267 -4232.673267 -4232.673267 -4232.672919 -4219.508702 -1992.782514 -1184.601468 -1115.391378 -1108.328794 -1107.540684 -1107.428704 -1107.410128 -1107.408510 -1107.410042 -1107.411837 -1107.413329 -1107.414474 -1107.415341 -1107.416002 -1107.416515 -1107.416921 -1107.417248 -1107.417520 -1107.417758 -1107.417990 -1107.418244 -1107.418562 -1107.419000 -1107.419646 -1107.420637 -1107.422193 -1107.424673 -1107.428684 -1107.435274 -1107.446316 -1107.465278 -1107.498786 -1107.559831 -1107.674267 -1107.894008 -1108.324754 -1109.190874 -1111.011731 -1115.119971 -1125.135862 -1151.651352 -9999.0 -9999.0
-9999.0 -9999.0 736.693348 644.547890 550.918418 456.171187 360.894460 265.399874 169.847292 74.319551 -21.136268 -116.530039 -211.950049 -307.861468 -405.290846 -506.115394 -612.867869 -728.572487 -829.677293 -926.587742 -1015.561771 -1076.155021 -1098.861010 -1106.414893 -1107.518239 -1106.667546 -1105.701678 -1105.149598 -1105.016452 -1105.162313 -1105.449501 -1105.780862 -1106.099496 -1106.377469 -1106.604988 -1106.784439 -1106.933138 -1107.093653 -1107.374243 -1108.684158 -1118.887820 -1211.712015 -2104.780868 -4224.430604 -4232.673081 -4232.673267 -4232.673267 -4232.673267 -4232.673267 -4232.673267 -4232.673267 -4232.673267 -4232.673267 -4232.673267 -4232.673267 -4232.673267 -4232.673267 -4232.673267 -4232.673267 -4232.672919 -4219.508702 -1992.782514 -1184.601468 -1115.391378 -1108.328794 -1107.540684 -1107.428704 -1107.410128 -1107.408510 -1107.410042 -1107.411837 -1107.413329 -1107.414474 -1107.415341 -1107.416002 -1107.416515 -1107.416921 -1107.417248 -1107.417520 -1107.417758 -1107.417990 -1107.418244 -1107.418562 -1107.419000 -1107.419646 -1107.420637 -1107.422193 -1107.424673 -1107.428684 -1107.435274 -1107.446316 -1107.465278 -1107.498786 -1107.559831 -1107.674267 -1107.894008 -1108.324754 -1109.190874 -1111.011731 -1115.119971 -1125.135862 -1151.651352 -9999.0 -9999.0
-9999.0 -9999.0 736.691832 644.547094 550.918090 456.171064 360.894416 265.399858 169.847286 74.319549 -21.136269 -116.530039 -211.950049 -307.861468 -405.290846 -506.115394 -612.867869 -728.572487 -829.677293 -926.587742 -1015.561771 -1076.155021 -1098.861010 -1106.414893 -1107.518239 -1106.667546 -1105.701678 -1105.149598 -1105.016452 -1105.162313 -1105.449501 -1105.780862 -1106.099496 -1106.377469 -1106.604988 -1106.784439 -1106.933138 -1107.093653 -1107.374243 -1108.684158 -1118.887820 -1211.712015 -2104.780868 -4224.430604 -4232.673081 -4232.673267 -4232.673267 -4232.673267 -4232.673267 -4232.673267 -4232.673267 -4232.673267 -4232.673267 -4232.673267 -4232.673267 -4232.673267 -4232.673267 -4232.673267 -4232.673267 -4232.672919 -4219.508702 -1992.782514 -1184.601468 -1115.391378 -1108.328794 -1107.540684 -1107.428704 -1107.410128 -1107.408510 -1107.410042 -1107.411837 -1107.413329 -1107.414474 -1107.415341 -1107.416002 -1107.416515 -1107.416921 -1107.417248 -1107.417520 -1107.417758 -1107.417990 -1107.418244 -1107.418562 -1107.419000 -1107.419646 -1107.420637 -1107.422193 -1107.424673 -1107.428684 -1107.435274 -1107.446316 -1107.465278 -1107.498786 -1107.559831 -1107.674267 -1107.894008 -1108.324754 -1109.190874 -1111.011731 -1115.119971 -1125.135862 -1151.651352 -9999.0 -9999.0
-9999.0 -9999.0 736.687024 644.545479 550.917598 456.170910 360.894366 265.399842 169.847281 74.319548 -21.136269 -116.530039 -211.950049 -307.861467 -405.290845 -506.115394 -612.867869 -728.572487 -829.677293 -926.587742 -1015.561771 -1076.155021 -1098.861010 -1106.414893 -1107.518239 -1106.667546 -1105.701678 -1105.149598 -1105.016452 -1105.162313 -1105.449501 -1105.780862 -1106.099496 -1106.377469 -1106.604988 -1106.784439 -1106.933138 -1107.093653 -1107.374243 -1108.684158 -1118.887820 -1211.712015 -2104.780868 -4224.430604 -4232.673081 -4232.673267 -4232.673267 -4232.673267 -4232.673267 -4232.673267 -4232.673267 -4232.673267 -4232.673267 -4232.673267 -4232.673267 -4232.673267 -4232.673267 -4232.673267 -4232.673267 -4232.672919 -4219.508702 -1992.782515 -1184.601468 -1115.391378 -1108.328794 -1107.540684 -1107.428704 -1107.410128 -1107.408510 -1107.410042 -1107.411837 -1107.413329 -1107.414474 -1107.415341 -1107.416002 -1107.416515 -1107.416921 -1107.417248 -1107.417520 -1107.417758 -1107.417990 -1107.418244 -1107.418562 -1107.419000 -1107.419646 -1107.420637 -1107.422193 -1107.424673 -1107.428684 -1107.435274 -1107.446316 -1107.465278 -1107.498786 -1107.559831 -1107.674267 -1107.894008 -1108.324754 -1109.190874 -1111.011731 -1115.119971 -1125.135862 -1151.651352 -9999.0 -9999.0
-9999.0 -9999.0 -9999.0 -9999.0 -9999.0 -9999.0 -9999.0 -9999.0 -9999.0 -9999.0 -9999.0 -9999.0 -9999.0 -9999.0 -9999.0 -9999.0 -9999.0 -9999.0 -9999.0 -9999.0 -9999.0 -9999.0 -9999.0 -9999.0 -9999.0 -9999.0 -9999.0 -9999.0 -9999.0 -9999.0 -9999.0 -9999.0 -9999.0 -9999.0 -9999.0 -9999.0 -9999.0 -9999.0 -9999.0 -9999.0 -9999.0 -9999.0 -9999.0 -9999.0 -9999.0 -9999.0 -9999.0 -9999.0 -9999.0 -9999.0 -9999.0 -9999.0 -9999.0 -9999.0 -9999.0 -9999.0 -9999.0 -9999.0 -9999.0 -9999.0 -9999.0 -9999.0 -9999.0 -9999.0 -9999.0 -9999.0 -9999.0 -9999.0 -9999.0 -9999.0 -9999.0 -9999.0 -9999.0 -9999.0 -9999.0 -9999.0 -9999.0 -9999.0 -9999.0 -9999.0 -9999.0 -9999.0 -9999.0 -9999.0 -9999.0 -9999.0 -9999.0 -9999.0 -9999.0 -9999.0 -9999.0 -9999.0 -9999.0 -9999.0 -9999.0 -9999.0 -9999.0 -9999.0 -9999.0 -9999.0 -9999.0 -9999.0 -9999.0 -9999.0
-9999.0 -9999.0 -9999.0 -9999.0 -9999.0 -9999.0 -9999.0 -9999.0 -9999.0 -9999.0 -9999.0 -9999.0 -9999.0 -9999.0 -9999.0 -9999.0 -9999.0 -9999.0 -9999.0 -9999.0 -9999.0 -9999.0 -9999.0 -9999.0 -9999.0 -9999.0 -9999.0 -9999.0 -9999.0 -9999.0 -9999.0 -9999.0 -9999.0 -9999.0 -9999.0 -9999.0 -9999.0 -9999.0 -9999.0 -9999.0 -9999.0 -9999.0 -9999.0 -9999.0 -9999.0 -9999.0 -9999.0 -9999.0 -9999.0 -9999.0 -9999.0 -9999.0 -9999.0 -9999.0 -9999.0 -9999.0 -9999.0 -9999.0 -9999.0 -9999.0 -9999.0 -9999.0 -9999.0 -9999.0 -9999.0 -9999.0 -9999.0 -9999.0 -9999.0 -9999.0 -9999.0 -9999.0 -9999.0 -9999.0 -9999.0 -9999.0 -9999.0 -9999.0 -9999.0 -9999.0 -9999.0 -9999.0 -9999.0 -9999.0 -9999.0 -9999.0 -9999.0 -9999.0 -9999.0 -9999.0 -9999.0 -9999.0 -9999.0 -9999.0 -9999.0 -9999.0 -9999.0 -9999.0 -9999.0 -9999.0 -9999.0 -9999.0 -9999.0 -9999.0