inst/processing_geotop_simulation/geotop_simulation/out/maps3D/PwL0016N0144.asc
ncols         104
nrows         10
xllcorner     -2.000000
yllcorner     0.000000
cellsize      1.000000
NODATA_value  -9999.0
-9999.0 -9999.0 -9999.0 -9999.0 -9999.0 -9999.0 -9999.0 -9999.0 -9999.0 -9999.0 -9999.0 -9999.0 -9999.0 -9999.0 -9999.0 -9999.0 -9999.0 -9999.0 -9999.0 -9999.0 -9999.0 -9999.0 -9999.0 -9999.0 -9999.0 -9999.0 -9999.0 -9999.0 -9999.0 -9999.0 -9999.0 -9999.0 -9999.0 -9999.0 -9999.0 -9999.0 -9999.0 -9999.0 -9999.0 -9999.0 -9999.0 -9999.0 -9999.0 -9999.0 -9999.0 -9999.0 -9999.0 -9999.0 -9999.0 -9999.0 -9999.0 -9999.0 -9999.0 -9999.0 -9999.0 -9999.0 -9999.0 -9999.0 -9999.0 -9999.0 -9999.0 -9999.0 -9999.0 -9999.0 -9999.0 -9999.0 -9999.0 -9999.0 -9999.0 -9999.0 -9999.0 -9999.0 -9999.0 -9999.0 -9999.0 -9999.0 -9999.0 -9999.0 -9999.0 -9999.0 -9999.0 -9999.0 -9999.0 -9999.0 -9999.0 -9999.0 -9999.0 -9999.0 -9999.0 -9999.0 -9999.0 -9999.0 -9999.0 -9999.0 -9999.0 -9999.0 -9999.0 -9999.0 -9999.0 -9999.0 -9999.0 -9999.0 -9999.0 -9999.0
-9999.0 -9999.0 -9999.0 -9999.0 -9999.0 -9999.0 -9999.0 -9999.0 -9999.0 -9999.0 -9999.0 -9999.0 -9999.0 -9999.0 -9999.0 -9999.0 -9999.0 -9999.0 -9999.0 -9999.0 -9999.0 -9999.0 -9999.0 -9999.0 -9999.0 -9999.0 -9999.0 -9999.0 -9999.0 -9999.0 -9999.0 -9999.0 -9999.0 -9999.0 -9999.0 -9999.0 -9999.0 -9999.0 -9999.0 -9999.0 -9999.0 -9999.0 -9999.0 -9999.0 -9999.0 -9999.0 -9999.0 -9999.0 -9999.0 -9999.0 -9999.0 -9999.0 -9999.0 -9999.0 -9999.0 -9999.0 -9999.0 -9999.0 -9999.0 -9999.0 -9999.0 -9999.0 -9999.0 -9999.0 -9999.0 -9999.0 -9999.0 -9999.0 -9999.0 -9999.0 -9999.0 -9999.0 -9999.0 -9999.0 -9999.0 -9999.0 -9999.0 -9999.0 -9999.0 -9999.0 -9999.0 -9999.0 -9999.0 -9999.0 -9999.0 -9999.0 -9999.0 -9999.0 -9999.0 -9999.0 -9999.0 -9999.0 -9999.0 -9999.0 -9999.0 -9999.0 -9999.0 -9999.0 -9999.0 -9999.0 -9999.0 -9999.0 -9999.0 -9999.0
-9999.0 -9999.0 786.055202 693.299548 599.362305 504.417606 408.972585 313.306592 217.564221 121.821982 26.123880 -69.489156 -165.001615 -260.343246 -355.417306 -450.067831 -544.095530 -637.094446 -729.847563 -821.205217 -910.819160 -998.421091 -1069.622949 -1127.117856 -1170.764942 -1202.164730 -1223.796316 -1238.203312 -1247.545853 -1253.473763 -1257.170000 -1259.444065 -1260.830283 -1261.671208 -1262.181232 -1262.494343 -1262.701262 -1262.891613 -1263.314138 -1265.447433 -1277.944648 -1360.940882 -2046.570019 -4165.676775 -4183.167600 -4183.168317 -4183.168317 -4183.168317 -4183.168317 -4183.168317 -4183.168317 -4183.168317 -4183.168316 -4183.168316 -4183.168315 -4183.168314 -4183.168311 -4183.168303 -4183.168278 -4183.166809 -4154.548875 -1926.358456 -1328.076263 -1272.363567 -1264.439033 -1263.335548 -1263.182638 -1263.159981 -1263.157298 -1263.158010 -1263.159140 -1263.160123 -1263.160889 -1263.161472 -1263.161918 -1263.162265 -1263.162540 -1263.162762 -1263.162947 -1263.163112 -1263.163272 -1263.163449 -1263.163672 -1263.163979 -1263.164433 -1263.165130 -1263.166226 -1263.167976 -1263.170817 -1263.175508 -1263.183416 -1263.197098 -1263.221470 -1263.266213 -1263.350692 -1263.514260 -1263.839349 -1264.509646 -1265.971988 -1269.399368 -1278.057055 -1302.647510 -9999.0 -9999.0
-9999.0 -9999.0 786.059666 693.301095 599.362785 504.417758 408.972635 313.306609 217.564226 121.821984 26.123881 -69.489156 -165.001616 -260.343246 -355.417306 -450.067831 -544.095531 -637.094447 -729.847563 -821.205218 -910.819160 -998.421091 -1069.622950 -1127.117857 -1170.764942 -1202.164730 -1223.796316 -1238.203312 -1247.545853 -1253.473763 -1257.170000 -1259.444065 -1260.830283 -1261.671208 -1262.181232 -1262.494343 -1262.701262 -1262.891613 -1263.314138 -1265.447433 -1277.944648 -1360.940882 -2046.570019 -4165.676775 -4183.167600 -4183.168317 -4183.168317 -4183.168317 -4183.168317 -4183.168317 -4183.168317 -4183.168317 -4183.168316 -4183.168316 -4183.168315 -4183.168314 -4183.168311 -4183.168303 -4183.168278 -4183.166809 -4154.548875 -1926.358456 -1328.076263 -1272.363567 -1264.439033 -1263.335548 -1263.182638 -1263.159981 -1263.157298 -1263.158010 -1263.159140 -1263.160123 -1263.160889 -1263.161472 -1263.161918 -1263.162265 -1263.162540 -1263.162762 -1263.162947 -1263.163112 -1263.163272 -1263.163449 -1263.163672 -1263.163979 -1263.164433 -1263.165130 -1263.166226 -1263.167976 -1263.170817 -1263.175508 -1263.183416 -1263.197098 -1263.221470 -1263.266213 -1263.350692 -1263.514260 -1263.839349 -1264.509646 -1265.971988 -1269.399368 -1278.057055 -1302.647510 -9999.0 -9999.0
-9999.0 -9999.0 786.061141 693.301873 599.363107 504.417879 408.972679 313.306625 217.564232 121.821986 26.123882 -69.489156 -165.001615 -260.343246 -355.417306 -450.067832 -544.095531 -637.094447 -729.847563 -821.205218 -910.819160 -998.421091 -1069.622950 -1127.117857 -1170.764942 -1202.164730 -1223.796316 -1238.203312 -1247.545853 -1253.473763 -1257.170000 -1259.444065 -1260.830283 -1261.671208 -1262.181232 -1262.494343 -1262.701262 -1262.891613 -1263.314138 -1265.447433 -1277.944648 -1360.940882 -2046.570019 -4165.676775 -4183.167600 -4183.168317 -4183.168317 -4183.168317 -4183.168317 -4183.168317 -4183.168317 -4183.168317 -4183.168316 -4183.168316 -4183.168315 -4183.168314 -4183.168311 -4183.168303 -4183.168278 -4183.166809 -4154.548875 -1926.358456 -1328.076263 -1272.363567 -1264.439033 -1263.335548 -1263.182638 -1263.159981 -1263.157298 -1263.158010 -1263.159140 -1263.160123 -1263.160889 -1263.161472 -1263.161918 -1263.162265 -1263.162540 -1263.162762 -1263.162947 -1263.163112 -1263.163272 -1263.163449 -1263.163672 -1263.163979 -1263.164433 -1263.165130 -1263.166226 -1263.167976 -1263.170817 -1263.175508 -1263.183416 -1263.197098 -1263.221470 -1263.266213 -1263.350692 -1263.514260 -1263.839349 -1264.509646 -1265.971988 -1269.399368 -1278.057055 -1302.647510 -9999.0 -9999.0
-9999.0 -9999.0 786.061141 693.301873 599.363107 504.417880 408.972679 313.306625 217.564232 121.821986 26.123881 -69.489155 -165.001616 -260.343246 -355.417306 -450.067832 -544.095531 -637.094447 -729.847563 -821.205218 -910.819160 -998.421091 -1069.622950 -1127.117857 -1170.764942 -1202.164730 -1223.796316 -1238.203312 -1247.545853 -1253.473763 -1257.170000 -1259.444065 -1260.830283 -1261.671208 -1262.181232 -1262.494343 -1262.701262 -1262.891613 -1263.314138 -1265.447433 -1277.944648 -1360.940882 -2046.570019 -4165.676775 -4183.167600 -4183.168317 -4183.168317 -4183.168317 -4183.168317 -4183.168317 -4183.168317 -4183.168317 -4183.168316 -4183.168316 -4183.168315 -4183.168314 -4183.168311 -4183.168303 -4183.168278 -4183.166809 -4154.548875 -1926.358456 -1328.076263 -1272.363567 -1264.439033 -1263.335548 -1263.182638 -1263.159981 -1263.157298 -1263.158010 -1263.159140 -1263.160123 -1263.160889 -1263.161472 -1263.161918 -1263.162265 -1263.162540 -1263.162762 -1263.162947 -1263.163112 -1263.163272 -1263.163449 -1263.163672 -1263.163979 -1263.164433 -1263.165130 -1263.166226 -1263.167976 -1263.170817 -1263.175508 -1263.183416 -1263.197098 -1263.221470 -1263.266213 -1263.350692 -1263.514260 -1263.839349 -1264.509646 -1265.971988 -1269.399368 -1278.057055 -1302.647510 -9999.0 -9999.0
-9999.0 -9999.0 786.059666 693.301095 599.362785 504.417758 408.972635 313.306609 217.564227 121.821984 26.123881 -69.489156 -165.001615 -260.343246 -355.417306 -450.067832 -544.095531 -637.094447 -729.847563 -821.205218 -910.819160 -998.421091 -1069.622950 -1127.117857 -1170.764942 -1202.164730 -1223.796316 -1238.203312 -1247.545853 -1253.473763 -1257.170000 -1259.444065 -1260.830283 -1261.671208 -1262.181232 -1262.494343 -1262.701262 -1262.891613 -1263.314138 -1265.447433 -1277.944648 -1360.940882 -2046.570019 -4165.676775 -4183.167600 -4183.168317 -4183.168317 -4183.168317 -4183.168317 -4183.168317 -4183.168317 -4183.168317 -4183.168316 -4183.168316 -4183.168315 -4183.168314 -4183.168311 -4183.168303 -4183.168278 -4183.166809 -4154.548875 -1926.358456 -1328.076263 -1272.363567 -1264.439033 -1263.335548 -1263.182638 -1263.159981 -1263.157298 -1263.158010 -1263.159140 -1263.160123 -1263.160889 -1263.161472 -1263.161918 -1263.162265 -1263.162540 -1263.162762 -1263.162947 -1263.163112 -1263.163272 -1263.163449 -1263.163672 -1263.163979 -1263.164433 -1263.165130 -1263.166226 -1263.167976 -1263.170817 -1263.175508 -1263.183416 -1263.197098 -1263.221470 -1263.266213 -1263.350692 -1263.514260 -1263.839349 -1264.509646 -1265.971988 -1269.399368 -1278.057055 -1302.647510 -9999.0 -9999.0
-9999.0 -9999.0 786.055202 693.299548 599.362305 504.417606 408.972585 313.306592 217.564220 121.821982 26.123880 -69.489156 -165.001616 -260.343246 -355.417306 -450.067831 -544.095531 -637.094446 -729.847563 -821.205217 -910.819160 -998.421091 -1069.622949 -1127.117856 -1170.764942 -1202.164730 -1223.796316 -1238.203312 -1247.545853 -1253.473763 -1257.170000 -1259.444065 -1260.830283 -1261.671208 -1262.181232 -1262.494343 -1262.701262 -1262.891613 -1263.314138 -1265.447433 -1277.944648 -1360.940882 -2046.570019 -4165.676775 -4183.167600 -4183.168317 -4183.168317 -4183.168317 -4183.168317 -4183.168317 -4183.168317 -4183.168317 -4183.168316 -4183.168316 -4183.168315 -4183.168314 -4183.168311 -4183.168303 -4183.168278 -4183.166809 -4154.548875 -1926.358456 -1328.076263 -1272.363567 -1264.439033 -1263.335548 -1263.182638 -1263.159981 -1263.157298 -1263.158010 -1263.159140 -1263.160123 -1263.160889 -1263.161472 -1263.161918 -1263.162265 -1263.162540 -1263.162762 -1263.162947 -1263.163112 -1263.163272 -1263.163449 -1263.163672 -1263.163979 -1263.164433 -1263.165130 -1263.166226 -1263.167976 -1263.170817 -1263.175508 -1263.183416 -1263.197098 -1263.221470 -1263.266213 -1263.350692 -1263.514260 -1263.839349 -1264.509646 -1265.971988 -1269.399368 -1278.057055 -1302.647510 -9999.0 -9999.0
-9999.0 -9999.0 -9999.0 -9999.0 -9999.0 -9999.0 -9999.0 -9999.0 -9999.0 -9999.0 -9999.0 -9999.0 -9999.0 -9999.0 -9999.0 -9999.0 -9999.0 -9999.0 -9999.0 -9999.0 -9999.0 -9999.0 -9999.0 -9999.0 -9999.0 -9999.0 -9999.0 -9999.0 -9999.0 -9999.0 -9999.0 -9999.0 -9999.0 -9999.0 -9999.0 -9999.0 -9999.0 -9999.0 -9999.0 -9999.0 -9999.0 -9999.0 -9999.0 -9999.0 -9999.0 -9999.0 -9999.0 -9999.0 -9999.0 -9999.0 -9999.0 -9999.0 -9999.0 -9999.0 -9999.0 -9999.0 -9999.0 -9999.0 -9999.0 -9999.0 -9999.0 -9999.0 -9999.0 -9999.0 -9999.0 -9999.0 -9999.0 -9999.0 -9999.0 -9999.0 -9999.0 -9999.0 -9999.0 -9999.0 -9999.0 -9999.0 -9999.0 -9999.0 -9999.0 -9999.0 -9999.0 -9999.0 -9999.0 -9999.0 -9999.0 -9999.0 -9999.0 -9999.0 -9999.0 -9999.0 -9999.0 -9999.0 -9999.0 -9999.0 -9999.0 -9999.0 -9999.0 -9999.0 -9999.0 -9999.0 -9999.0 -9999.0 -9999.0 -9999.0
-9999.0 -9999.0 -9999.0 -9999.0 -9999.0 -9999.0 -9999.0 -9999.0 -9999.0 -9999.0 -9999.0 -9999.0 -9999.0 -9999.0 -9999.0 -9999.0 -9999.0 -9999.0 -9999.0 -9999.0 -9999.0 -9999.0 -9999.0 -9999.0 -9999.0 -9999.0 -9999.0 -9999.0 -9999.0 -9999.0 -9999.0 -9999.0 -9999.0 -9999.0 -9999.0 -9999.0 -9999.0 -9999.0 -9999.0 -9999.0 -9999.0 -9999.0 -9999.0 -9999.0 -9999.0 -9999.0 -9999.0 -9999.0 -9999.0 -9999.0 -9999.0 -9999.0 -9999.0 -9999.0 -9999.0 -9999.0 -9999.0 -9999.0 -9999.0 -9999.0 -9999.0 -9999.0 -9999.0 -9999.0 -9999.0 -9999.0 -9999.0 -9999.0 -9999.0 -9999.0 -9999.0 -9999.0 -9999.0 -9999.0 -9999.0 -9999.0 -9999.0 -9999.0 -9999.0 -9999.0 -9999.0 -9999.0 -9999.0 -9999.0 -9999.0 -9999.0 -9999.0 -9999.0 -9999.0 -9999.0 -9999.0 -9999.0 -9999.0 -9999.0 -9999.0 -9999.0 -9999.0 -9999.0 -9999.0 -9999.0 -9999.0 -9999.0 -9999.0 -9999.0