inst/processing_geotop_simulation/geotop_simulation/out/maps3D/PwL0005N0221.asc
ncols         104
nrows         10
xllcorner     -2.000000
yllcorner     0.000000
cellsize      1.000000
NODATA_value  -9999.0
-9999.0 -9999.0 -9999.0 -9999.0 -9999.0 -9999.0 -9999.0 -9999.0 -9999.0 -9999.0 -9999.0 -9999.0 -9999.0 -9999.0 -9999.0 -9999.0 -9999.0 -9999.0 -9999.0 -9999.0 -9999.0 -9999.0 -9999.0 -9999.0 -9999.0 -9999.0 -9999.0 -9999.0 -9999.0 -9999.0 -9999.0 -9999.0 -9999.0 -9999.0 -9999.0 -9999.0 -9999.0 -9999.0 -9999.0 -9999.0 -9999.0 -9999.0 -9999.0 -9999.0 -9999.0 -9999.0 -9999.0 -9999.0 -9999.0 -9999.0 -9999.0 -9999.0 -9999.0 -9999.0 -9999.0 -9999.0 -9999.0 -9999.0 -9999.0 -9999.0 -9999.0 -9999.0 -9999.0 -9999.0 -9999.0 -9999.0 -9999.0 -9999.0 -9999.0 -9999.0 -9999.0 -9999.0 -9999.0 -9999.0 -9999.0 -9999.0 -9999.0 -9999.0 -9999.0 -9999.0 -9999.0 -9999.0 -9999.0 -9999.0 -9999.0 -9999.0 -9999.0 -9999.0 -9999.0 -9999.0 -9999.0 -9999.0 -9999.0 -9999.0 -9999.0 -9999.0 -9999.0 -9999.0 -9999.0 -9999.0 -9999.0 -9999.0 -9999.0 -9999.0
-9999.0 -9999.0 -9999.0 -9999.0 -9999.0 -9999.0 -9999.0 -9999.0 -9999.0 -9999.0 -9999.0 -9999.0 -9999.0 -9999.0 -9999.0 -9999.0 -9999.0 -9999.0 -9999.0 -9999.0 -9999.0 -9999.0 -9999.0 -9999.0 -9999.0 -9999.0 -9999.0 -9999.0 -9999.0 -9999.0 -9999.0 -9999.0 -9999.0 -9999.0 -9999.0 -9999.0 -9999.0 -9999.0 -9999.0 -9999.0 -9999.0 -9999.0 -9999.0 -9999.0 -9999.0 -9999.0 -9999.0 -9999.0 -9999.0 -9999.0 -9999.0 -9999.0 -9999.0 -9999.0 -9999.0 -9999.0 -9999.0 -9999.0 -9999.0 -9999.0 -9999.0 -9999.0 -9999.0 -9999.0 -9999.0 -9999.0 -9999.0 -9999.0 -9999.0 -9999.0 -9999.0 -9999.0 -9999.0 -9999.0 -9999.0 -9999.0 -9999.0 -9999.0 -9999.0 -9999.0 -9999.0 -9999.0 -9999.0 -9999.0 -9999.0 -9999.0 -9999.0 -9999.0 -9999.0 -9999.0 -9999.0 -9999.0 -9999.0 -9999.0 -9999.0 -9999.0 -9999.0 -9999.0 -9999.0 -9999.0 -9999.0 -9999.0 -9999.0 -9999.0
-9999.0 -9999.0 228.374799 134.444506 37.825875 -59.622576 -157.392799 -255.286697 -353.189847 -451.021427 -548.653088 -645.754233 -742.134244 -838.011970 -933.540905 -1029.218204 -1123.988774 -1216.377743 -1306.499412 -1392.421256 -1469.338203 -1533.057032 -1582.267056 -1618.303564 -1643.772991 -1661.397108 -1673.449859 -1681.631567 -1687.148429 -1690.840637 -1693.292000 -1694.907043 -1695.964031 -1696.652194 -1697.098800 -1697.390412 -1697.593058 -1697.789364 -1698.250203 -1700.269781 -1707.879540 -1704.113441 -1098.175577 -1113.235184 -1096.815084 -1086.381998 -1081.511390 -1080.812380 -1080.739800 -1080.748369 -1080.768808 -1080.790699 -1080.811726 -1080.831191 -1080.849208 -1080.869710 -1080.930598 -1081.342008 -1083.910153 -1089.682020 -1098.183434 -1071.755792 -1680.086497 -1702.370761 -1699.129680 -1698.197882 -1698.036790 -1698.011707 -1698.008412 -1698.008711 -1698.009502 -1698.010220 -1698.010785 -1698.011216 -1698.011546 -1698.011802 -1698.012005 -1698.012168 -1698.012305 -1698.012427 -1698.012546 -1698.012679 -1698.012846 -1698.013079 -1698.013424 -1698.013954 -1698.014788 -1698.016124 -1698.018297 -1698.021893 -1698.027979 -1698.038548 -1698.057450 -1698.092274 -1698.158212 -1698.286169 -1698.540957 -1699.066575 -1700.210288 -1702.892221 -1709.907966 -1732.099212 -9999.0 -9999.0
-9999.0 -9999.0 228.384377 134.446593 37.826413 -59.622419 -157.392749 -255.286680 -353.189841 -451.021424 -548.653087 -645.754232 -742.134244 -838.011970 -933.540905 -1029.218204 -1123.988774 -1216.377743 -1306.499412 -1392.421256 -1469.338203 -1533.057032 -1582.267056 -1618.303564 -1643.772992 -1661.397108 -1673.449859 -1681.631568 -1687.148429 -1690.840637 -1693.292000 -1694.907043 -1695.964031 -1696.652194 -1697.098800 -1697.390412 -1697.593058 -1697.789364 -1698.250203 -1700.269781 -1707.879540 -1704.113441 -1098.175577 -1113.235184 -1096.815084 -1086.381998 -1081.511390 -1080.812380 -1080.739800 -1080.748369 -1080.768808 -1080.790699 -1080.811726 -1080.831191 -1080.849208 -1080.869710 -1080.930598 -1081.342008 -1083.910153 -1089.682020 -1098.183434 -1071.755792 -1680.086497 -1702.370761 -1699.129680 -1698.197882 -1698.036790 -1698.011707 -1698.008412 -1698.008711 -1698.009502 -1698.010220 -1698.010785 -1698.011216 -1698.011546 -1698.011802 -1698.012005 -1698.012168 -1698.012305 -1698.012427 -1698.012546 -1698.012679 -1698.012846 -1698.013079 -1698.013424 -1698.013954 -1698.014788 -1698.016124 -1698.018297 -1698.021893 -1698.027979 -1698.038548 -1698.057450 -1698.092274 -1698.158212 -1698.286169 -1698.540957 -1699.066575 -1700.210288 -1702.892221 -1709.907966 -1732.099212 -9999.0 -9999.0
-9999.0 -9999.0 228.385881 134.447452 37.826754 -59.622295 -157.392705 -255.286664 -353.189836 -451.021422 -548.653086 -645.754232 -742.134244 -838.011970 -933.540905 -1029.218204 -1123.988774 -1216.377743 -1306.499412 -1392.421256 -1469.338203 -1533.057032 -1582.267056 -1618.303564 -1643.772992 -1661.397108 -1673.449859 -1681.631568 -1687.148429 -1690.840637 -1693.292000 -1694.907043 -1695.964031 -1696.652194 -1697.098800 -1697.390412 -1697.593058 -1697.789364 -1698.250203 -1700.269781 -1707.879540 -1704.113441 -1098.175577 -1113.235184 -1096.815084 -1086.381998 -1081.511390 -1080.812380 -1080.739800 -1080.748369 -1080.768808 -1080.790699 -1080.811726 -1080.831191 -1080.849208 -1080.869710 -1080.930598 -1081.342008 -1083.910153 -1089.682020 -1098.183434 -1071.755792 -1680.086497 -1702.370761 -1699.129680 -1698.197882 -1698.036790 -1698.011707 -1698.008412 -1698.008711 -1698.009502 -1698.010220 -1698.010785 -1698.011216 -1698.011546 -1698.011802 -1698.012005 -1698.012168 -1698.012305 -1698.012427 -1698.012546 -1698.012679 -1698.012846 -1698.013079 -1698.013424 -1698.013954 -1698.014788 -1698.016124 -1698.018297 -1698.021893 -1698.027979 -1698.038548 -1698.057450 -1698.092274 -1698.158212 -1698.286169 -1698.540957 -1699.066575 -1700.210288 -1702.892221 -1709.907966 -1732.099212 -9999.0 -9999.0
-9999.0 -9999.0 228.385881 134.447452 37.826754 -59.622295 -157.392705 -255.286664 -353.189836 -451.021422 -548.653086 -645.754232 -742.134244 -838.011970 -933.540905 -1029.218204 -1123.988774 -1216.377743 -1306.499412 -1392.421256 -1469.338203 -1533.057032 -1582.267056 -1618.303564 -1643.772992 -1661.397108 -1673.449859 -1681.631568 -1687.148429 -1690.840637 -1693.292000 -1694.907043 -1695.964031 -1696.652194 -1697.098800 -1697.390412 -1697.593058 -1697.789364 -1698.250203 -1700.269781 -1707.879540 -1704.113441 -1098.175577 -1113.235184 -1096.815084 -1086.381998 -1081.511390 -1080.812380 -1080.739800 -1080.748369 -1080.768808 -1080.790699 -1080.811726 -1080.831191 -1080.849208 -1080.869710 -1080.930598 -1081.342008 -1083.910153 -1089.682020 -1098.183434 -1071.755792 -1680.086497 -1702.370761 -1699.129680 -1698.197882 -1698.036790 -1698.011707 -1698.008412 -1698.008711 -1698.009502 -1698.010220 -1698.010785 -1698.011216 -1698.011546 -1698.011802 -1698.012005 -1698.012168 -1698.012305 -1698.012427 -1698.012546 -1698.012679 -1698.012846 -1698.013079 -1698.013424 -1698.013954 -1698.014788 -1698.016124 -1698.018297 -1698.021893 -1698.027979 -1698.038548 -1698.057450 -1698.092274 -1698.158212 -1698.286169 -1698.540957 -1699.066575 -1700.210288 -1702.892221 -1709.907966 -1732.099212 -9999.0 -9999.0
-9999.0 -9999.0 228.384377 134.446593 37.826413 -59.622419 -157.392749 -255.286680 -353.189841 -451.021424 -548.653087 -645.754232 -742.134244 -838.011970 -933.540905 -1029.218204 -1123.988774 -1216.377743 -1306.499412 -1392.421256 -1469.338203 -1533.057032 -1582.267056 -1618.303564 -1643.772992 -1661.397108 -1673.449859 -1681.631568 -1687.148429 -1690.840637 -1693.292000 -1694.907043 -1695.964031 -1696.652194 -1697.098800 -1697.390412 -1697.593058 -1697.789364 -1698.250203 -1700.269781 -1707.879540 -1704.113441 -1098.175577 -1113.235184 -1096.815084 -1086.381998 -1081.511390 -1080.812380 -1080.739800 -1080.748369 -1080.768808 -1080.790699 -1080.811726 -1080.831191 -1080.849208 -1080.869710 -1080.930598 -1081.342008 -1083.910153 -1089.682020 -1098.183434 -1071.755792 -1680.086497 -1702.370761 -1699.129680 -1698.197882 -1698.036790 -1698.011707 -1698.008412 -1698.008711 -1698.009502 -1698.010220 -1698.010785 -1698.011216 -1698.011546 -1698.011802 -1698.012005 -1698.012168 -1698.012305 -1698.012427 -1698.012546 -1698.012679 -1698.012846 -1698.013079 -1698.013424 -1698.013954 -1698.014788 -1698.016124 -1698.018297 -1698.021893 -1698.027979 -1698.038548 -1698.057450 -1698.092274 -1698.158212 -1698.286169 -1698.540957 -1699.066575 -1700.210288 -1702.892221 -1709.907966 -1732.099212 -9999.0 -9999.0
-9999.0 -9999.0 228.374799 134.444506 37.825875 -59.622576 -157.392799 -255.286697 -353.189847 -451.021427 -548.653088 -645.754233 -742.134244 -838.011970 -933.540905 -1029.218204 -1123.988774 -1216.377743 -1306.499412 -1392.421256 -1469.338203 -1533.057032 -1582.267056 -1618.303564 -1643.772991 -1661.397108 -1673.449859 -1681.631567 -1687.148429 -1690.840637 -1693.292000 -1694.907043 -1695.964031 -1696.652194 -1697.098800 -1697.390412 -1697.593058 -1697.789364 -1698.250203 -1700.269781 -1707.879540 -1704.113441 -1098.175577 -1113.235184 -1096.815084 -1086.381998 -1081.511390 -1080.812380 -1080.739800 -1080.748369 -1080.768808 -1080.790699 -1080.811726 -1080.831191 -1080.849208 -1080.869710 -1080.930598 -1081.342008 -1083.910153 -1089.682020 -1098.183434 -1071.755792 -1680.086497 -1702.370761 -1699.129680 -1698.197882 -1698.036790 -1698.011707 -1698.008412 -1698.008711 -1698.009502 -1698.010220 -1698.010785 -1698.011216 -1698.011546 -1698.011802 -1698.012005 -1698.012168 -1698.012305 -1698.012427 -1698.012546 -1698.012679 -1698.012846 -1698.013079 -1698.013424 -1698.013954 -1698.014788 -1698.016124 -1698.018297 -1698.021893 -1698.027979 -1698.038548 -1698.057450 -1698.092274 -1698.158212 -1698.286169 -1698.540957 -1699.066575 -1700.210288 -1702.892221 -1709.907966 -1732.099212 -9999.0 -9999.0
-9999.0 -9999.0 -9999.0 -9999.0 -9999.0 -9999.0 -9999.0 -9999.0 -9999.0 -9999.0 -9999.0 -9999.0 -9999.0 -9999.0 -9999.0 -9999.0 -9999.0 -9999.0 -9999.0 -9999.0 -9999.0 -9999.0 -9999.0 -9999.0 -9999.0 -9999.0 -9999.0 -9999.0 -9999.0 -9999.0 -9999.0 -9999.0 -9999.0 -9999.0 -9999.0 -9999.0 -9999.0 -9999.0 -9999.0 -9999.0 -9999.0 -9999.0 -9999.0 -9999.0 -9999.0 -9999.0 -9999.0 -9999.0 -9999.0 -9999.0 -9999.0 -9999.0 -9999.0 -9999.0 -9999.0 -9999.0 -9999.0 -9999.0 -9999.0 -9999.0 -9999.0 -9999.0 -9999.0 -9999.0 -9999.0 -9999.0 -9999.0 -9999.0 -9999.0 -9999.0 -9999.0 -9999.0 -9999.0 -9999.0 -9999.0 -9999.0 -9999.0 -9999.0 -9999.0 -9999.0 -9999.0 -9999.0 -9999.0 -9999.0 -9999.0 -9999.0 -9999.0 -9999.0 -9999.0 -9999.0 -9999.0 -9999.0 -9999.0 -9999.0 -9999.0 -9999.0 -9999.0 -9999.0 -9999.0 -9999.0 -9999.0 -9999.0 -9999.0 -9999.0
-9999.0 -9999.0 -9999.0 -9999.0 -9999.0 -9999.0 -9999.0 -9999.0 -9999.0 -9999.0 -9999.0 -9999.0 -9999.0 -9999.0 -9999.0 -9999.0 -9999.0 -9999.0 -9999.0 -9999.0 -9999.0 -9999.0 -9999.0 -9999.0 -9999.0 -9999.0 -9999.0 -9999.0 -9999.0 -9999.0 -9999.0 -9999.0 -9999.0 -9999.0 -9999.0 -9999.0 -9999.0 -9999.0 -9999.0 -9999.0 -9999.0 -9999.0 -9999.0 -9999.0 -9999.0 -9999.0 -9999.0 -9999.0 -9999.0 -9999.0 -9999.0 -9999.0 -9999.0 -9999.0 -9999.0 -9999.0 -9999.0 -9999.0 -9999.0 -9999.0 -9999.0 -9999.0 -9999.0 -9999.0 -9999.0 -9999.0 -9999.0 -9999.0 -9999.0 -9999.0 -9999.0 -9999.0 -9999.0 -9999.0 -9999.0 -9999.0 -9999.0 -9999.0 -9999.0 -9999.0 -9999.0 -9999.0 -9999.0 -9999.0 -9999.0 -9999.0 -9999.0 -9999.0 -9999.0 -9999.0 -9999.0 -9999.0 -9999.0 -9999.0 -9999.0 -9999.0 -9999.0 -9999.0 -9999.0 -9999.0 -9999.0 -9999.0 -9999.0 -9999.0