inst/processing_geotop_simulation/geotop_simulation/out/maps3D/PwL0022N0081.asc
ncols         104
nrows         10
xllcorner     -2.000000
yllcorner     0.000000
cellsize      1.000000
NODATA_value  -9999.0
-9999.0 -9999.0 -9999.0 -9999.0 -9999.0 -9999.0 -9999.0 -9999.0 -9999.0 -9999.0 -9999.0 -9999.0 -9999.0 -9999.0 -9999.0 -9999.0 -9999.0 -9999.0 -9999.0 -9999.0 -9999.0 -9999.0 -9999.0 -9999.0 -9999.0 -9999.0 -9999.0 -9999.0 -9999.0 -9999.0 -9999.0 -9999.0 -9999.0 -9999.0 -9999.0 -9999.0 -9999.0 -9999.0 -9999.0 -9999.0 -9999.0 -9999.0 -9999.0 -9999.0 -9999.0 -9999.0 -9999.0 -9999.0 -9999.0 -9999.0 -9999.0 -9999.0 -9999.0 -9999.0 -9999.0 -9999.0 -9999.0 -9999.0 -9999.0 -9999.0 -9999.0 -9999.0 -9999.0 -9999.0 -9999.0 -9999.0 -9999.0 -9999.0 -9999.0 -9999.0 -9999.0 -9999.0 -9999.0 -9999.0 -9999.0 -9999.0 -9999.0 -9999.0 -9999.0 -9999.0 -9999.0 -9999.0 -9999.0 -9999.0 -9999.0 -9999.0 -9999.0 -9999.0 -9999.0 -9999.0 -9999.0 -9999.0 -9999.0 -9999.0 -9999.0 -9999.0 -9999.0 -9999.0 -9999.0 -9999.0 -9999.0 -9999.0 -9999.0 -9999.0
-9999.0 -9999.0 -9999.0 -9999.0 -9999.0 -9999.0 -9999.0 -9999.0 -9999.0 -9999.0 -9999.0 -9999.0 -9999.0 -9999.0 -9999.0 -9999.0 -9999.0 -9999.0 -9999.0 -9999.0 -9999.0 -9999.0 -9999.0 -9999.0 -9999.0 -9999.0 -9999.0 -9999.0 -9999.0 -9999.0 -9999.0 -9999.0 -9999.0 -9999.0 -9999.0 -9999.0 -9999.0 -9999.0 -9999.0 -9999.0 -9999.0 -9999.0 -9999.0 -9999.0 -9999.0 -9999.0 -9999.0 -9999.0 -9999.0 -9999.0 -9999.0 -9999.0 -9999.0 -9999.0 -9999.0 -9999.0 -9999.0 -9999.0 -9999.0 -9999.0 -9999.0 -9999.0 -9999.0 -9999.0 -9999.0 -9999.0 -9999.0 -9999.0 -9999.0 -9999.0 -9999.0 -9999.0 -9999.0 -9999.0 -9999.0 -9999.0 -9999.0 -9999.0 -9999.0 -9999.0 -9999.0 -9999.0 -9999.0 -9999.0 -9999.0 -9999.0 -9999.0 -9999.0 -9999.0 -9999.0 -9999.0 -9999.0 -9999.0 -9999.0 -9999.0 -9999.0 -9999.0 -9999.0 -9999.0 -9999.0 -9999.0 -9999.0 -9999.0 -9999.0
-9999.0 -9999.0 979.523925 879.471536 779.501470 679.727679 580.230649 481.060462 382.255635 283.867459 185.956006 88.553285 -8.348530 -104.847555 -201.422685 -298.888388 -398.028503 -498.483767 -597.152343 -687.320251 -759.984752 -835.033022 -902.630786 -963.468575 -1018.689290 -997.400991 -981.385891 -970.306688 -963.060393 -958.540713 -955.861857 -954.374428 -953.625816 -953.312885 -953.240537 -953.290847 -953.406820 -953.588265 -953.912871 -955.274561 -965.867936 -1061.236845 -1704.625277 -3503.551728 -3886.019193 -3885.997484 -3875.652345 -3744.893160 -3393.875294 -2991.444080 -2655.934630 -2376.168430 -2217.378259 -2120.763542 -2034.911179 -1948.775850 -1859.415982 -1768.044392 -1677.750259 -1591.194526 -1504.766144 -1251.568498 -1027.270522 -962.299650 -955.089500 -954.290951 -954.172947 -954.152519 -954.150642 -954.152299 -954.154275 -954.155927 -954.157200 -954.158167 -954.158908 -954.159484 -954.159942 -954.160311 -954.160619 -954.160891 -954.161154 -954.161444 -954.161807 -954.162307 -954.163044 -954.164174 -954.165948 -954.168776 -954.173351 -954.180871 -954.193479 -954.215149 -954.253487 -954.323441 -954.454867 -954.708134 -955.208294 -956.231882 -958.471811 -963.909252 -978.412864 -1016.832502 -9999.0 -9999.0
-9999.0 -9999.0 979.523926 879.471536 779.501469 679.727679 580.230649 481.060462 382.255634 283.867459 185.956006 88.553284 -8.348530 -104.847554 -201.422685 -298.888388 -398.028503 -498.483767 -597.152343 -687.320251 -759.984752 -835.033022 -902.630786 -963.468575 -1018.689290 -997.400991 -981.385891 -970.306688 -963.060393 -958.540713 -955.861857 -954.374428 -953.625816 -953.312885 -953.240537 -953.290847 -953.406820 -953.588265 -953.912871 -955.274561 -965.867936 -1061.236845 -1704.625276 -3503.551727 -3886.019193 -3885.997484 -3875.652345 -3744.893160 -3393.875293 -2991.444077 -2655.934626 -2376.168428 -2217.378258 -2120.763541 -2034.911178 -1948.775849 -1859.415981 -1768.044392 -1677.750258 -1591.194526 -1504.766144 -1251.568498 -1027.270522 -962.299650 -955.089500 -954.290951 -954.172947 -954.152519 -954.150642 -954.152299 -954.154275 -954.155927 -954.157200 -954.158167 -954.158908 -954.159484 -954.159942 -954.160311 -954.160619 -954.160891 -954.161154 -954.161444 -954.161807 -954.162307 -954.163044 -954.164174 -954.165948 -954.168776 -954.173351 -954.180871 -954.193479 -954.215148 -954.253487 -954.323441 -954.454867 -954.708134 -955.208294 -956.231882 -958.471811 -963.909252 -978.412864 -1016.832502 -9999.0 -9999.0
-9999.0 -9999.0 979.523925 879.471536 779.501470 679.727679 580.230649 481.060461 382.255634 283.867459 185.956006 88.553284 -8.348530 -104.847554 -201.422685 -298.888388 -398.028503 -498.483767 -597.152343 -687.320251 -759.984752 -835.033022 -902.630786 -963.468575 -1018.689290 -997.400991 -981.385891 -970.306688 -963.060393 -958.540713 -955.861857 -954.374428 -953.625816 -953.312885 -953.240537 -953.290847 -953.406820 -953.588265 -953.912871 -955.274561 -965.867936 -1061.236845 -1704.625276 -3503.551726 -3886.019193 -3885.997484 -3875.652345 -3744.893159 -3393.875293 -2991.444074 -2655.934624 -2376.168428 -2217.378258 -2120.763541 -2034.911178 -1948.775849 -1859.415981 -1768.044391 -1677.750258 -1591.194526 -1504.766144 -1251.568498 -1027.270522 -962.299650 -955.089500 -954.290951 -954.172947 -954.152519 -954.150642 -954.152299 -954.154275 -954.155927 -954.157200 -954.158167 -954.158908 -954.159484 -954.159942 -954.160311 -954.160619 -954.160891 -954.161154 -954.161444 -954.161807 -954.162307 -954.163044 -954.164174 -954.165948 -954.168776 -954.173351 -954.180871 -954.193479 -954.215148 -954.253487 -954.323441 -954.454867 -954.708134 -955.208294 -956.231882 -958.471811 -963.909252 -978.412864 -1016.832502 -9999.0 -9999.0
-9999.0 -9999.0 979.523925 879.471536 779.501470 679.727679 580.230649 481.060461 382.255634 283.867459 185.956006 88.553284 -8.348530 -104.847554 -201.422685 -298.888388 -398.028503 -498.483767 -597.152343 -687.320251 -759.984752 -835.033022 -902.630786 -963.468575 -1018.689290 -997.400991 -981.385891 -970.306688 -963.060393 -958.540713 -955.861857 -954.374428 -953.625816 -953.312885 -953.240537 -953.290847 -953.406820 -953.588265 -953.912871 -955.274561 -965.867936 -1061.236845 -1704.625276 -3503.551726 -3886.019193 -3885.997484 -3875.652345 -3744.893159 -3393.875293 -2991.444075 -2655.934624 -2376.168428 -2217.378258 -2120.763541 -2034.911178 -1948.775849 -1859.415981 -1768.044391 -1677.750258 -1591.194526 -1504.766144 -1251.568498 -1027.270522 -962.299650 -955.089500 -954.290951 -954.172947 -954.152519 -954.150642 -954.152299 -954.154275 -954.155927 -954.157200 -954.158167 -954.158908 -954.159484 -954.159942 -954.160311 -954.160619 -954.160891 -954.161154 -954.161444 -954.161807 -954.162307 -954.163044 -954.164174 -954.165948 -954.168776 -954.173351 -954.180871 -954.193479 -954.215148 -954.253487 -954.323441 -954.454867 -954.708134 -955.208294 -956.231882 -958.471811 -963.909252 -978.412864 -1016.832502 -9999.0 -9999.0
-9999.0 -9999.0 979.523926 879.471536 779.501469 679.727679 580.230649 481.060461 382.255634 283.867459 185.956006 88.553284 -8.348530 -104.847554 -201.422685 -298.888388 -398.028503 -498.483767 -597.152343 -687.320251 -759.984752 -835.033022 -902.630786 -963.468575 -1018.689290 -997.400991 -981.385891 -970.306688 -963.060393 -958.540713 -955.861857 -954.374428 -953.625816 -953.312885 -953.240537 -953.290847 -953.406820 -953.588265 -953.912871 -955.274561 -965.867936 -1061.236845 -1704.625276 -3503.551726 -3886.019193 -3885.997484 -3875.652345 -3744.893159 -3393.875293 -2991.444076 -2655.934626 -2376.168428 -2217.378258 -2120.763541 -2034.911178 -1948.775849 -1859.415982 -1768.044391 -1677.750258 -1591.194526 -1504.766144 -1251.568498 -1027.270522 -962.299650 -955.089500 -954.290951 -954.172947 -954.152519 -954.150642 -954.152299 -954.154275 -954.155927 -954.157200 -954.158167 -954.158908 -954.159484 -954.159942 -954.160311 -954.160619 -954.160891 -954.161154 -954.161444 -954.161807 -954.162307 -954.163044 -954.164174 -954.165948 -954.168776 -954.173351 -954.180871 -954.193479 -954.215148 -954.253487 -954.323441 -954.454867 -954.708134 -955.208294 -956.231882 -958.471811 -963.909252 -978.412864 -1016.832502 -9999.0 -9999.0
-9999.0 -9999.0 979.523925 879.471537 779.501470 679.727679 580.230649 481.060462 382.255635 283.867459 185.956006 88.553285 -8.348530 -104.847555 -201.422685 -298.888388 -398.028503 -498.483767 -597.152343 -687.320251 -759.984752 -835.033022 -902.630786 -963.468575 -1018.689290 -997.400991 -981.385891 -970.306688 -963.060393 -958.540713 -955.861857 -954.374428 -953.625816 -953.312885 -953.240537 -953.290847 -953.406820 -953.588265 -953.912871 -955.274561 -965.867936 -1061.236845 -1704.625277 -3503.551728 -3886.019193 -3885.997484 -3875.652345 -3744.893160 -3393.875294 -2991.444081 -2655.934631 -2376.168430 -2217.378259 -2120.763542 -2034.911179 -1948.775850 -1859.415982 -1768.044392 -1677.750258 -1591.194526 -1504.766144 -1251.568498 -1027.270522 -962.299650 -955.089500 -954.290951 -954.172947 -954.152519 -954.150642 -954.152299 -954.154275 -954.155927 -954.157200 -954.158167 -954.158908 -954.159484 -954.159942 -954.160311 -954.160619 -954.160891 -954.161154 -954.161444 -954.161807 -954.162307 -954.163044 -954.164174 -954.165948 -954.168776 -954.173351 -954.180871 -954.193479 -954.215149 -954.253487 -954.323441 -954.454867 -954.708134 -955.208294 -956.231882 -958.471811 -963.909252 -978.412864 -1016.832502 -9999.0 -9999.0
-9999.0 -9999.0 -9999.0 -9999.0 -9999.0 -9999.0 -9999.0 -9999.0 -9999.0 -9999.0 -9999.0 -9999.0 -9999.0 -9999.0 -9999.0 -9999.0 -9999.0 -9999.0 -9999.0 -9999.0 -9999.0 -9999.0 -9999.0 -9999.0 -9999.0 -9999.0 -9999.0 -9999.0 -9999.0 -9999.0 -9999.0 -9999.0 -9999.0 -9999.0 -9999.0 -9999.0 -9999.0 -9999.0 -9999.0 -9999.0 -9999.0 -9999.0 -9999.0 -9999.0 -9999.0 -9999.0 -9999.0 -9999.0 -9999.0 -9999.0 -9999.0 -9999.0 -9999.0 -9999.0 -9999.0 -9999.0 -9999.0 -9999.0 -9999.0 -9999.0 -9999.0 -9999.0 -9999.0 -9999.0 -9999.0 -9999.0 -9999.0 -9999.0 -9999.0 -9999.0 -9999.0 -9999.0 -9999.0 -9999.0 -9999.0 -9999.0 -9999.0 -9999.0 -9999.0 -9999.0 -9999.0 -9999.0 -9999.0 -9999.0 -9999.0 -9999.0 -9999.0 -9999.0 -9999.0 -9999.0 -9999.0 -9999.0 -9999.0 -9999.0 -9999.0 -9999.0 -9999.0 -9999.0 -9999.0 -9999.0 -9999.0 -9999.0 -9999.0 -9999.0
-9999.0 -9999.0 -9999.0 -9999.0 -9999.0 -9999.0 -9999.0 -9999.0 -9999.0 -9999.0 -9999.0 -9999.0 -9999.0 -9999.0 -9999.0 -9999.0 -9999.0 -9999.0 -9999.0 -9999.0 -9999.0 -9999.0 -9999.0 -9999.0 -9999.0 -9999.0 -9999.0 -9999.0 -9999.0 -9999.0 -9999.0 -9999.0 -9999.0 -9999.0 -9999.0 -9999.0 -9999.0 -9999.0 -9999.0 -9999.0 -9999.0 -9999.0 -9999.0 -9999.0 -9999.0 -9999.0 -9999.0 -9999.0 -9999.0 -9999.0 -9999.0 -9999.0 -9999.0 -9999.0 -9999.0 -9999.0 -9999.0 -9999.0 -9999.0 -9999.0 -9999.0 -9999.0 -9999.0 -9999.0 -9999.0 -9999.0 -9999.0 -9999.0 -9999.0 -9999.0 -9999.0 -9999.0 -9999.0 -9999.0 -9999.0 -9999.0 -9999.0 -9999.0 -9999.0 -9999.0 -9999.0 -9999.0 -9999.0 -9999.0 -9999.0 -9999.0 -9999.0 -9999.0 -9999.0 -9999.0 -9999.0 -9999.0 -9999.0 -9999.0 -9999.0 -9999.0 -9999.0 -9999.0 -9999.0 -9999.0 -9999.0 -9999.0 -9999.0 -9999.0